3.328958257354736050e-01 1.332799954964427824e+00 4.203223568309434086e+03 3.485925250765209203e+05 4.411911124241694779e+04 4.411927236958824506e+04 9.351262541952618523e-01 1.654559277620098874e+04 1.127465971033381502e+05 7.843283965387138596e+04 1.722386066925838822e+05 6.343880332524530240e+04 2.544938370327934099e+05 8.382128093632817967e-01 1.269968435716359867e+00 1.272319897490958418e+00 3.020858991321805515e+05 1.443082867526735645e+05 3.676630582243244862e+04 1.262639654209445794e+00 8.375294056106780127e-01 7.454150468504745497e-01 1.237258767640093904e+00 2.123185032108302985e+05 9.033776920130224607e+04
1.332799954964427824e+00 3.567535768061828594e-01 4.203104139429226962e+03 3.485928884545899346e+05 4.411940699415724521e+04 4.411933356009155978e+04 1.365860158643513955e+00 1.654576849448013672e+04 1.127468725559763698e+05 7.843315027171699330e+04 1.722387738901446573e+05 6.343886508306687028e+04 2.544940620043796953e+05 1.401031195140022501e+00 1.462546011762615006e+00 1.451385925670280796e+00 3.020861144669315545e+05 1.443085629046844551e+05 3.676634973120682844e+04 1.363970002041958951e+00 1.268399055989791524e+00 1.063955680626563982e+00 1.355989374385516477e+00 2.123189440531113360e+05 9.033793041277969314e+04
4.203223568309434086e+03 4.203104139429226962e+03 6.603079854773612169e+03 3.464921059370063595e+05 4.201841856954017567e+04 4.201828685526509071e+04 4.203146030360681834e+03 1.444478217803677398e+04 1.106459955233860674e+05 7.633223704983912467e+04 1.701378653869378031e+05 6.133785035170384072e+04 2.523933724281045434e+05 4.203071838641774775e+03 4.203196804446132774e+03 4.203213760822137374e+03 2.999853223326217849e+05 1.422077933303549944e+05 3.466545592824535561e+04 4.203225508401671505e+03 4.202953681595933631e+03 4.202790210251857388e+03 4.203236393768302150e+03 2.102181955417485442e+05 8.823688346140866634e+04
3.485925250765209203e+05 3.485928884545899346e+05 3.464921059370063012e+05 2.942130927902060648e+04 3.191811190681653679e+05 3.191812175365334260e+05 3.485927107904091827e+05 3.338870288255530759e+05 2.897694820430743857e+05 3.142792331341694226e+05 2.496252495053628809e+05 3.191811002520844340e+05 1.810035228528965963e+05 3.485925441190644633e+05 3.485927394009562558e+05 3.485927443320065504e+05 1.326863374667341413e+05 2.734295943292857264e+05 3.265342160873232060e+05 3.485926820490221726e+05 3.485925415004571551e+05 3.485925139117334038e+05 3.485927002809754922e+05 2.188601191103322781e+05 3.023746129190971842e+05
4.411911124241694779e+04 4.411940699415724521e+04 4.201841856954017567e+04 3.191811190681653679e+05 3.520944326645744082e-01 1.839677517502949286e+03 4.411926279920850357e+04 2.941314484741394699e+04 9.804104029262483527e+04 6.372710048743471270e+04 1.575330258598447253e+05 4.873287674312160379e+04 2.250825152107562753e+05 4.411900503560552170e+04 4.411942022459831060e+04 4.411945456606672815e+04 2.726744735528154997e+05 1.296026980030373961e+05 2.206047128359145063e+04 4.411927460738269292e+04 4.411884291192507953e+04 4.411873352406649792e+04 4.411943483575381106e+04 1.976131636526130897e+05 7.563214410472360032e+04
4.411927236958824506e+04 4.411933356009155978e+04 4.201828685526509071e+04 3.191812175365334260e+05 1.839677517502949286e+03 3.217326940256662510e+03 4.411919987237580790e+04 2.941350246505173345e+04 9.804104075534256117e+04 6.372739029997008038e+04 1.575328180490969389e+05 4.873287715037324233e+04 2.250825768486204033e+05 4.411914852037766104e+04 4.411932194807449559e+04 4.411931649151818419e+04 2.712957518563882913e+05 1.296027165856218635e+05 2.137099110299265885e+04 4.411946799432894477e+04 4.411901717180926789e+04 4.411889555066179310e+04 4.411928531301960174e+04 1.976131988574036222e+05 7.563191147226512840e+04
9.351262541952618523e-01 1.365860158643513955e+00 4.203146030360681834e+03 3.485927107904092409e+05 4.411926279920850357e+04 4.411919987237580790e+04 3.298657397558691362e-01 1.654571586755342287e+04 1.127466754014117323e+05 7.843298773008980788e+04 1.722385043576081516e+05 6.343872594079895498e+04 2.544938542301616690e+05 1.074275894180179991e+00 1.192239875843133179e+00 1.239269012373784618e+00 3.020857799831583980e+05 1.443083665927439579e+05 3.676623388654417795e+04 1.505389734160043069e+00 1.039076128770303642e+00 9.293071153175846977e-01 1.051730391296648026e+00 2.123186920303690422e+05 9.033770346167842217e+04
1.654559277620098874e+04 1.654576849448013672e+04 1.444478217803677398e+04 3.338870288255530759e+05 2.941314484741394699e+04 2.941350246505173345e+04 1.654571586755342287e+04 3.217319602765961008e+03 1.127467923141223437e+05 7.751393953092112497e+04 1.722390023425515392e+05 6.343889339496172033e+04 2.397882803016515973e+05 1.654549722915282473e+04 1.654579042454010050e+04 1.654589502376790188e+04 2.873804742451700731e+05 1.443085443043816485e+05 2.091145572636686848e+04 1.654560282214032850e+04 1.654534408646366865e+04 1.654513192159656683e+04 1.654586305086466018e+04 2.123188939555569668e+05 9.033787958799402986e+04
1.127465971033381502e+05 1.127468725559763698e+05 1.106459955233860674e+05 2.897694820430743857e+05 9.804104029262483527e+04 9.804104075534256117e+04 1.127466754014117323e+05 1.127467923141223437e+05 1.001921784061035942e+04 6.170875839107201318e+04 8.766170830426432076e+04 6.799610611934096960e+04 1.956708479726125079e+05 1.127464070727463986e+05 1.127468791454939783e+05 1.127468151114994253e+05 2.432629318780710746e+05 4.461110143002864061e+04 1.053938010929150914e+05 1.127467941301447863e+05 1.127463150495820155e+05 1.127462769465781457e+05 1.127467811017988279e+05 1.322537028576048324e+05 4.980391627113811410e+04
7.843283965387138596e+04 7.843315027171699330e+04 7.633223704983912467e+04 3.142792331341694226e+05 6.372710048743471270e+04 6.372739029997008038e+04 7.843298773008980788e+04 7.751393953092112497e+04 6.170875839107202046e+04 1.572760764657310938e+04 1.232194718609399133e+05 2.602506164061550226e+04 2.201805408605721314e+05 7.843273065598194080e+04 7.843312332004518248e+04 7.843316635652737750e+04 2.677725557066461770e+05 9.528893397558151628e+04 6.648461620454349031e+04 7.843300043191717123e+04 7.843255920230067568e+04 7.843255712411151035e+04 7.843314704143203562e+04 1.632994223472055746e+05 2.293590812819466737e+04
1.722386066925838822e+05 1.722387738901446573e+05 1.701378653869378031e+05 2.496252495053628809e+05 1.575330258598447253e+05 1.575328180490969680e+05 1.722385043576081516e+05 1.722390023425515392e+05 8.766170830426432076e+04 1.232194718609399133e+05 2.316965020120739791e+04 1.281213086308649799e+05 1.543009407611825445e+05 1.722384515528176271e+05 1.722386252595883270e+05 1.722386231702270452e+05 2.055692586217405915e+05 5.038724346560724371e+04 1.648859378612845903e+05 1.722388829620616161e+05 1.722384323324520374e+05 1.722384078959864564e+05 1.722384827231919044e+05 8.459492747358384077e+04 1.113143846507022827e+05
6.343880332524530240e+04 6.343886508306687028e+04 6.133785035170384072e+04 3.191811002520844340e+05 4.873287674312161107e+04 4.873287715037324233e+04 6.343872594079895498e+04 6.343889339496172033e+04 6.799610611934096960e+04 2.602506164061549498e+04 1.281213086308649799e+05 6.332775625997220232e+03 2.250825069950566685e+05 6.343862252991935384e+04 6.343879669865835604e+04 6.343881265805908333e+04 2.726743831146406010e+05 1.001911785346841789e+05 5.608584866149347363e+04 6.343898138683511206e+04 6.343842688012425060e+04 6.343839344258658821e+04 6.343882584903874522e+04 1.682013805656109471e+05 4.160650488596584182e+04
2.544938370327933808e+05 2.544940620043796953e+05 2.523933724281045725e+05 1.810035228528965963e+05 2.250825152107562753e+05 2.250825768486204033e+05 2.544938542301616690e+05 2.397882803016516555e+05 1.956708479726125661e+05 2.201805408605721314e+05 1.543009407611825445e+05 2.250825069950566685e+05 4.060968994163961179e+04 2.544938261707925121e+05 2.544939053860495915e+05 2.544939816741828108e+05 1.175095952874934446e+05 1.793308142509181635e+05 2.324353188533117354e+05 2.544939954987627862e+05 2.544938338502176339e+05 2.544937432717804040e+05 2.544939454806824797e+05 1.247284274749603064e+05 2.082758263060930767e+05
8.382128093632814636e-01 1.401031195140022501e+00 4.203071838641774775e+03 3.485925441190644051e+05 4.411900503560552170e+04 4.411914852037766104e+04 1.074275894180179991e+00 1.654549722915282473e+04 1.127464070727463986e+05 7.843273065598194080e+04 1.722384515528176271e+05 6.343862252991935384e+04 2.544938261707925121e+05 3.319867418186788210e-01 1.218845391392078259e+00 1.241934101062863949e+00 3.020859222793565714e+05 1.443081053010068135e+05 3.676621181909758889e+04 1.232584146242340584e+00 5.731499407373109589e-01 5.792393116941983999e-01 1.168302492417785832e+00 2.123185409624934546e+05 9.033754650050439523e+04
1.269968435716359867e+00 1.462546011762615006e+00 4.203196804446133683e+03 3.485927394009563141e+05 4.411942022459831060e+04 4.411932194807449559e+04 1.192239875843133179e+00 1.654579042454010050e+04 1.127468791454939783e+05 7.843312332004518248e+04 1.722386252595883270e+05 6.343879669865835604e+04 2.544939053860495915e+05 1.218845391392078259e+00 3.723146393919648522e-01 1.032668041521613400e+00 3.020858814991731197e+05 1.443085391055343207e+05 3.676640174832727644e+04 1.364170745606729795e+00 1.125524030936213560e+00 1.025826008494856278e+00 1.006078400095888892e+00 2.123187197663843399e+05 9.033783752602586173e+04
1.272319897490958418e+00 1.451385925670280796e+00 4.203213760822137374e+03 3.485927443320065504e+05 4.411945456606672815e+04 4.411931649151818419e+04 1.239269012373784618e+00 1.654589502376790188e+04 1.127468151114994253e+05 7.843316635652737750e+04 1.722386231702270452e+05 6.343881265805908333e+04 2.544939816741828108e+05 1.241934101062863949e+00 1.032668041521613400e+00 3.293030468398510657e-01 3.020859718357732054e+05 1.443085512366062321e+05 3.676641228936202970e+04 1.338441020056101882e+00 1.153345630726359872e+00 1.083124300775035298e+00 1.096105513974902523e+00 2.123187225947184488e+05 9.033785716435928771e+04
3.020858991321804933e+05 3.020861144669315545e+05 2.999853223326217849e+05 1.326863374667341704e+05 2.726744735528154997e+05 2.712957518563883496e+05 3.020857799831583980e+05 2.873804742451700731e+05 2.432629318780710746e+05 2.677725557066461770e+05 2.055692586217406206e+05 2.726743831146406010e+05 1.175095952874934446e+05 3.020859222793565132e+05 3.020858814991731197e+05 3.020859718357732054e+05 4.671193043880379992e+04 2.269230194475482276e+05 2.758913689020403544e+05 3.020861439918307588e+05 3.020858958283144748e+05 3.020858972103155684e+05 3.020858797728048521e+05 1.846084170094612346e+05 2.558678440487927874e+05
1.443082867526735645e+05 1.443085629046844551e+05 1.422077933303549944e+05 2.734295943292857264e+05 1.296026980030374107e+05 1.296027165856218780e+05 1.443083665927439579e+05 1.443085443043816485e+05 4.461110143002864061e+04 9.528893397558151628e+04 5.038724346560724371e+04 1.001911785346841789e+05 1.793308142509181343e+05 1.443081053010068135e+05 1.443085391055343207e+05 1.443085512366062321e+05 2.269230194475482858e+05 2.619531579969180530e+04 1.369557012748538691e+05 1.443084358169119514e+05 1.443080888890284114e+05 1.443080420793301018e+05 1.443084334144784953e+05 1.121026416833684489e+05 8.338424295629424159e+04
3.676630582243244862e+04 3.676634973120682844e+04 3.466545592824535561e+04 3.265342160873232060e+05 2.206047128359145063e+04 2.137099110299265885e+04 3.676623388654417795e+04 2.091145572636686848e+04 1.053938010929150914e+05 6.648461620454349031e+04 1.648859378612845903e+05 5.608584866149347363e+04 2.324353188533117354e+05 3.676621181909758889e+04 3.676640174832727644e+04 3.676641228936202970e+04 2.758913689020403544e+05 1.369557012748538691e+05 1.424682163546473748e+04 3.676652068598203914e+04 3.676605569077003020e+04 3.676592848259146558e+04 3.676636807548108482e+04 2.049661433841357939e+05 8.298492507290022331e+04
1.262639654209445794e+00 1.363970002041958951e+00 4.203225508401671505e+03 3.485926820490221726e+05 4.411927460738269292e+04 4.411946799432894477e+04 1.505389734160043069e+00 1.654560282214032850e+04 1.127467941301447863e+05 7.843300043191715667e+04 1.722388829620616161e+05 6.343898138683511206e+04 2.544939954987627862e+05 1.232584146242340584e+00 1.364170745606729795e+00 1.338441020056101882e+00 3.020861439918307588e+05 1.443084358169119514e+05 3.676652068598203914e+04 4.357823854565915367e-01 1.097046418914728427e+00 9.744971017283277082e-01 1.485732757086288380e+00 2.123187804199038947e+05 9.033794598375863279e+04
8.375294056106780127e-01 1.268399055989791524e+00 4.202953681595933631e+03 3.485925415004570968e+05 4.411884291192507953e+04 4.411901717180926789e+04 1.039076128770303642e+00 1.654534408646366865e+04 1.127463150495820155e+05 7.843255920230067568e+04 1.722384323324520374e+05 6.343842688012425060e+04 2.544938338502176339e+05 5.731499407373109589e-01 1.125524030936213560e+00 1.153345630726359872e+00 3.020858958283144166e+05 1.443080888890284114e+05 3.676605569077003020e+04 1.097046418914728427e+00 2.289204592181261488e-01 4.621110204510746056e-01 1.113490115740106701e+00 2.123184421482450853e+05 9.033745938713283977e+04
7.454150468504745497e-01 1.063955680626563982e+00 4.202790210251857388e+03 3.485925139117334038e+05 4.411873352406649792e+04 4.411889555066179310e+04 9.293071153175846977e-01 1.654513192159656683e+04 1.127462769465781312e+05 7.843255712411151035e+04 1.722384078959864564e+05 6.343839344258658821e+04 2.544937432717804040e+05 5.792393116941983999e-01 1.025826008494856278e+00 1.083124300775035298e+00 3.020858972103155684e+05 1.443080420793301018e+05 3.676592848259146558e+04 9.744971017283277082e-01 4.621110204510746056e-01 1.315152867894670008e-01 1.004863370969461212e+00 2.123184589937516139e+05 9.033740661068807822e+04
1.237258767640093904e+00 1.355989374385516477e+00 4.203236393768302150e+03 3.485927002809754922e+05 4.411943483575381106e+04 4.411928531301960174e+04 1.051730391296648026e+00 1.654586305086466018e+04 1.127467811017988279e+05 7.843314704143203562e+04 1.722384827231919044e+05 6.343882584903874522e+04 2.544939454806824797e+05 1.168302492417785832e+00 1.006078400095888892e+00 1.096105513974902523e+00 3.020858797728048521e+05 1.443084334144784953e+05 3.676636807548108482e+04 1.485732757086288380e+00 1.113490115740106701e+00 1.004863370969461212e+00 3.268892403085570386e-01 2.123187556810326932e+05 9.033784004669380374e+04
2.123185032108302694e+05 2.123189440531113360e+05 2.102181955417485442e+05 2.188601191103322490e+05 1.976131636526130897e+05 1.976131988574036222e+05 2.123186920303690422e+05 2.123188939555569668e+05 1.322537028576048324e+05 1.632994223472055746e+05 8.459492747358385532e+04 1.682013805656109471e+05 1.247284274749603064e+05 2.123185409624935128e+05 2.123187197663843399e+05 2.123187225947184488e+05 1.846084170094612055e+05 1.121026416833684489e+05 2.049661433841357939e+05 2.123187804199038947e+05 2.123184421482450853e+05 2.123184589937516139e+05 2.123187556810326932e+05 3.205936765187399214e+04 1.513946989250270999e+05
9.033776920130224607e+04 9.033793041277969314e+04 8.823688346140866634e+04 3.023746129190971842e+05 7.563214410472360032e+04 7.563191147226512840e+04 9.033770346167842217e+04 9.033787958799402986e+04 4.980391627113811410e+04 2.293590812819466737e+04 1.113143846507022827e+05 4.160650488596584182e+04 2.082758263060930767e+05 9.033754650050439523e+04 9.033783752602586173e+04 9.033785716435928771e+04 2.558678440487927583e+05 8.338424295629424159e+04 8.298492507290022331e+04 9.033794598375863279e+04 9.033745938713283977e+04 9.033740661068807822e+04 9.033784004669380374e+04 1.513946989250270999e+05 3.601847107427887295e+03
