1.509507276678723247e+04 9.485568465736569487e+04 2.042460660355755244e+05 2.449969213268088351e+05 1.945687801037743047e+05 1.945689670464777155e+05 1.945690156516171119e+05 1.654931678668032691e+05 1.945686718914769881e+05 1.945690365485426446e+05 1.945687654243329889e+05 1.805503702956177876e+05 1.945689282215501589e+05 1.571857866146746965e+05 1.945687310982129420e+05 1.282989545426896802e+05 1.945688064793335798e+05 1.945686390819898224e+05 2.153482017309605362e+04 6.140742331931030640e+04 1.945685663995211071e+05 1.665744489451250411e+05 1.087929436659965868e+05 1.945688838606513746e+05 2.935894457364357004e+04
9.485568465736569487e+04 2.616228290930533331e+04 2.312449309329932730e+05 2.719958321721035754e+05 1.644429234655625187e+05 1.395209243600039044e+05 1.478282921488114516e+05 1.104449257361453347e+05 1.644427092060905998e+05 1.395210810007834225e+05 1.644428818565244728e+05 1.255022164323602919e+05 1.395208291071430722e+05 9.054316498315019999e+04 1.644427599237106333e+05 4.384543291699099063e+04 1.644428652895371779e+05 1.644427046881416463e+05 8.789627931716600142e+04 1.234668545937473682e+05 1.644425949515372631e+05 1.953855947038424201e+05 1.591405106559416454e+05 1.644428877482855460e+05 7.251929563465311367e+04
2.042460660355755244e+05 2.312449309329932730e+05 4.094758732959028566e+04 9.229036745552759385e+04 3.215870129292421625e+05 3.215872853329108912e+05 3.215872590335540590e+05 2.925117378236915683e+05 3.215869680104498402e+05 3.215872312462056288e+05 3.215871718908813782e+05 3.075686616803511861e+05 3.215874106404334889e+05 2.842042543530793628e+05 3.215869961216104566e+05 2.468210599736188015e+05 3.215872458713511005e+05 3.215870983250628342e+05 2.094381353886601282e+05 1.840910554243136139e+05 3.215869645688462188e+05 8.333929079300843296e+04 1.453608931005308987e+05 3.215873294081302010e+05 2.094381172567260219e+05
2.449969213268088351e+05 2.719958321721035754e+05 9.229036745552759385e+04 2.357498557637407066e+04 3.623378798448452144e+05 3.623381915179690113e+05 3.623380959715856588e+05 3.332625281462481362e+05 3.623378568164654425e+05 3.623381705476111965e+05 3.623380463699158863e+05 3.483195705429498921e+05 3.623382103830977576e+05 3.249551504181944765e+05 3.623378730159613187e+05 2.875718833764690789e+05 3.623381377981867408e+05 3.623379901297742035e+05 2.501890377098960744e+05 2.248418761611306982e+05 3.623378981503777904e+05 1.368458227068535634e+05 1.930909514312642277e+05 3.623382527398939128e+05 2.501888833228941367e+05
1.945687801037743047e+05 1.644429234655625187e+05 3.215870129292421625e+05 3.623378798448452144e+05 2.870846787457543847e-01 5.607605562295075651e+04 4.361499970601898531e+04 9.449786558186207549e+04 8.728334374781095972e-01 6.200268929735204438e+04 1.004148017897090295e+00 7.944058679310927982e+04 6.542197847344099864e+04 1.077240677231547597e+05 8.797791340265839199e-01 1.410379109977636544e+05 1.120975715434984421e+00 9.162000396910366939e-01 1.869172878711913654e+05 2.245103904173767369e+05 7.467421513150722667e-01 2.857279535965371761e+05 2.495055369944875711e+05 1.268487047837390674e+04 1.789066192884027842e+05
1.945689670464777155e+05 1.395209243600039044e+05 3.215872853329108912e+05 3.623381915179690113e+05 5.607605562295075651e+04 3.584070871771927735e-01 1.246208395279434262e+04 4.776882781612250983e+04 5.607581846498151572e+04 8.597983690288452635e+03 5.607622853227202722e+04 3.271148417998668810e+04 1.869282549653112801e+04 6.099522161740317824e+04 5.607589931960379181e+04 1.036548781601678638e+05 5.607615356970880384e+04 5.607619039669851918e+04 1.869174559817319678e+05 2.245106320437125978e+05 5.607571087481764698e+04 2.857281004288826371e+05 2.495058381204893521e+05 4.339245750450177729e+04 1.789067512103118352e+05
1.945690156516171119e+05 1.478282921488114516e+05 3.215872590335540590e+05 3.623380959715856588e+05 4.361499970601898531e+04 1.246208395279434262e+04 1.661509739586347860e+04 6.022991065550982603e+04 4.361472214260274632e+04 2.105910646816050939e+04 4.361515427838443429e+04 4.517269325291554560e+04 3.115400075821159407e+04 7.345623437308365828e+04 4.361480817095319799e+04 1.161158837119118252e+05 4.361511616940356907e+04 4.361510893372868304e+04 1.869174581232055498e+05 2.245105496301131498e+05 4.361462622245092643e+04 2.857281550432568765e+05 2.495058206068174914e+05 3.093135289718322747e+04 1.789067587456346082e+05
1.654931678668032691e+05 1.104449257361453347e+05 2.925117378236915683e+05 3.332625281462481362e+05 9.449786558186207549e+04 4.776882781612250983e+04 6.022991065550982603e+04 1.846415367931719629e+03 9.449760426918526355e+04 3.917217807361093583e+04 9.449772280888985551e+04 1.505829138143537602e+04 2.907724862813026630e+04 2.902092955853740568e+04 9.449771618408089853e+04 7.457905838310364925e+04 9.449778228219758603e+04 9.449764810872892849e+04 1.578416621568787959e+05 1.954348433056663198e+05 9.449750447367921879e+04 2.566522750301636115e+05 2.204303240602863661e+05 8.982489852825272828e+04 1.498308953694966040e+05
1.945686718914769881e+05 1.644427092060905998e+05 3.215869680104498402e+05 3.623378568164654425e+05 8.728334374781095972e-01 5.607581846498151572e+04 4.361472214260274632e+04 9.449760426918526355e+04 2.057927118986913884e-01 6.200246211292826774e+04 1.036105720130582997e+00 7.944038392285397276e+04 6.542169829621030658e+04 1.077238198254101735e+05 5.970955724572608592e-01 1.410376230387111136e+05 1.145644552243378911e+00 8.789112424206084739e-01 1.869171343958403158e+05 2.245102563092305209e+05 3.782033191985183507e-01 2.857278710547785158e+05 2.495054993239204632e+05 1.268470211749310329e+04 1.789064305030055693e+05
1.945690365485426446e+05 1.395210810007834225e+05 3.215872312462056288e+05 3.623381705476111965e+05 6.200268929735204438e+04 8.597983690288452635e+03 2.105910646816050939e+04 3.917217807361093583e+04 6.200246211292826774e+04 8.151447422019182341e+03 6.200283154980868858e+04 2.411464925351594502e+04 1.009591542902321453e+04 6.008769652011120343e+04 6.200254017306064634e+04 1.036548113236294448e+05 6.200282907435562083e+04 6.200276415644243389e+04 1.869174739416360389e+05 2.245106778783944901e+05 6.200230635391907708e+04 2.857283468464366160e+05 2.495058337535581959e+05 5.160792322453320230e+04 1.789067506240592629e+05
1.945687654243329889e+05 1.644428818565244728e+05 3.215871718908813782e+05 3.623380463699158863e+05 1.004148017897090295e+00 5.607622853227202722e+04 4.361515427838443429e+04 9.449772280888985551e+04 1.036105720130582997e+00 6.200283154980868858e+04 2.911917903154221943e-01 7.944076478320569731e+04 6.542200769055006822e+04 1.077239718653471937e+05 1.133601799995521908e+00 1.410380386102369812e+05 8.382914253069020383e-01 9.277925204413789428e-01 1.869172710119668627e+05 2.245103321895683475e+05 9.474565450973422287e-01 2.857278114258676069e+05 2.495057185908120300e+05 1.268476798264478020e+04 1.789065590866921993e+05
1.805503702956177876e+05 1.255022164323603065e+05 3.075686616803511861e+05 3.483195705429498921e+05 7.944058679310927982e+04 3.271148417998668810e+04 4.517269325291554560e+04 1.505829138143537602e+04 7.944038392285397276e+04 2.411464925351594502e+04 7.944076478320569731e+04 1.401911588389346252e+04 1.401992825842798447e+04 4.407826041072332009e+04 7.944045799030234048e+04 8.963617423491699446e+04 7.944080713230985566e+04 7.944068578399714897e+04 1.728987765701431199e+05 2.104920966376390425e+05 7.944024877917779668e+04 2.717095777496104129e+05 2.354872349558534333e+05 7.476783105715029524e+04 1.648881701209170860e+05
1.945689282215501589e+05 1.395208291071430722e+05 3.215874106404334889e+05 3.623382103830977576e+05 6.542197847344099864e+04 1.869282549653112801e+04 3.115400075821159407e+04 2.907724862813026630e+04 6.542169829621030658e+04 1.009591542902321453e+04 6.542200769055006822e+04 1.401992825842798447e+04 3.349924657958934793e-01 5.809695088508861954e+04 6.542177639009077393e+04 1.036549637646632618e+05 6.542198196760442806e+04 6.542193131794011424e+04 1.869173430166777689e+05 2.245105826401750674e+05 6.542159906116385537e+04 2.857281913383318461e+05 2.495060096853297146e+05 6.074902953820621042e+04 1.789067419051445031e+05
1.571857866146746965e+05 9.054316498315019999e+04 2.842042543530793628e+05 3.249551504181944765e+05 1.077240677231547597e+05 6.099522161740317824e+04 7.345623437308365828e+04 2.902092955853740568e+04 1.077238198254101735e+05 6.008769652011120343e+04 1.077239718653471937e+05 4.407826041072333464e+04 5.809695088508861954e+04 8.919706699242999093e+03 1.077239355194474338e+05 4.689351100008334470e+04 1.077239609710114601e+05 1.077238382204132940e+05 1.495342416042898258e+05 1.842664356113232207e+05 1.077237059256274806e+05 2.483451274898416304e+05 2.092619054380153830e+05 1.030510331366799073e+05 1.410056668288029032e+05
1.945687310982129420e+05 1.644427599237106042e+05 3.215869961216104566e+05 3.623378730159613187e+05 8.797791340265839199e-01 5.607589931960379181e+04 4.361480817095319799e+04 9.449771618408089853e+04 5.970955724572609702e-01 6.200254017306064634e+04 1.133601799995521908e+00 7.944045799030234048e+04 6.542177639009077393e+04 1.077239355194474338e+05 2.427635616846660904e-01 1.410377525682083215e+05 1.198394812251217578e+00 8.551030424137919805e-01 1.869171605251456494e+05 2.245102825180880900e+05 5.559941524468796636e-01 2.857279071268052212e+05 2.495054919034552295e+05 1.268477972103485990e+04 1.789064476978118764e+05
1.282989545426896802e+05 4.384543291699099063e+04 2.468210599736188015e+05 2.875718833764690789e+05 1.410379109977636544e+05 1.036548781601678638e+05 1.161158837119118252e+05 7.457905838310364925e+04 1.410376230387111136e+05 1.036548113236294448e+05 1.410380386102369812e+05 8.963617423491699446e+04 1.036549637646632618e+05 4.689351100008334470e+04 1.410377525682083215e+05 3.880137558661213916e+03 1.410380348272853589e+05 1.410379213873450062e+05 1.206474077732882724e+05 1.546986270438415813e+05 1.410375454410609091e+05 2.109620455896582280e+05 1.800800571614571090e+05 1.410380898717024247e+05 1.107186183412863465e+05
1.945688064793335798e+05 1.644428652895371779e+05 3.215872458713511005e+05 3.623381377981867408e+05 1.120975715434984421e+00 5.607615356970880384e+04 4.361511616940356907e+04 9.449778228219758603e+04 1.145644552243378911e+00 6.200282907435562083e+04 8.382914253069020383e-01 7.944080713230985566e+04 6.542198196760442806e+04 1.077239609710114601e+05 1.198394812251217578e+00 1.410380348272853589e+05 3.271110539324256217e-01 1.017039230117674720e+00 1.869172743272325897e+05 2.245104036504736287e+05 9.688657141977419229e-01 2.857278561965659028e+05 2.495057677455771773e+05 1.268466906295370609e+04 1.789065650269937469e+05
1.945686390819898224e+05 1.644427046881416463e+05 3.215870983250628342e+05 3.623379901297742035e+05 9.162000396910366939e-01 5.607619039669851918e+04 4.361510893372868304e+04 9.449764810872892849e+04 8.789112424206085850e-01 6.200276415644243389e+04 9.277925204413789428e-01 7.944068578399714897e+04 6.542193131794011424e+04 1.077238382204132940e+05 8.551030424137919805e-01 1.410379213873450062e+05 1.017039230117674720e+00 3.054175473796646445e-01 1.869171165926658723e+05 2.245102422926361614e+05 8.003341305208886425e-01 2.857278005141710746e+05 2.495056367765068717e+05 1.268471359421706256e+04 1.789064412415066035e+05
2.153482017309605362e+04 8.789627931716598687e+04 2.094381353886601282e+05 2.501890377098960744e+05 1.869172878711913654e+05 1.869174559817319678e+05 1.869174581232055498e+05 1.578416621568787959e+05 1.869171343958403158e+05 1.869174739416360389e+05 1.869172710119668627e+05 1.728987765701431199e+05 1.869173430166777689e+05 1.495342416042898258e+05 1.869171605251456494e+05 1.206474077732882724e+05 1.869172743272325897e+05 1.869171165926658723e+05 4.288584167760730592e-01 7.473515969483788649e+04 1.869170322328890034e+05 1.735788040579752997e+05 1.200001308191547869e+05 1.869172802686386276e+05 1.629003195729822619e+04
6.140742331931030640e+04 1.234668545937473682e+05 1.840910554243135848e+05 2.248418761611306982e+05 2.245103904173766787e+05 2.245106320437125978e+05 2.245105496301131498e+05 1.954348433056663198e+05 2.245102563092305209e+05 2.245106778783944901e+05 2.245103321895683475e+05 2.104920966376390425e+05 2.245105826401750674e+05 1.842664356113232207e+05 2.245102825180880900e+05 1.546986270438415813e+05 2.245104036504736287e+05 2.245102422926361614e+05 7.473515969483788649e+04 2.244456525754984978e+04 2.245102165081222192e+05 1.376378438322792645e+05 5.981212601253563480e+04 2.245104563880219939e+05 8.263461997145217902e+04
1.945685663995211071e+05 1.644425949515372631e+05 3.215869645688462188e+05 3.623378981503777904e+05 7.467421513150722667e-01 5.607571087481764698e+04 4.361462622245092643e+04 9.449750447367921879e+04 3.782033191985183507e-01 6.200230635391907708e+04 9.474565450973422287e-01 7.944024877917779668e+04 6.542159906116385537e+04 1.077237059256274806e+05 5.559941524468796636e-01 1.410375454410609091e+05 9.688657141977419229e-01 8.003341305208886425e-01 1.869170322328890034e+05 2.245102165081222192e+05 1.341076678220830265e-01 2.857278800208152970e+05 2.495054347160693433e+05 1.268460004373417723e+04 1.789063326800762734e+05
1.665744489451250411e+05 1.953855947038424783e+05 8.333929079300843296e+04 1.368458227068535634e+05 2.857279535965371761e+05 2.857281004288826371e+05 2.857281550432568765e+05 2.566522750301636115e+05 2.857278710547785158e+05 2.857283468464366160e+05 2.857278114258676069e+05 2.717095777496104129e+05 2.857281913383318461e+05 2.483451274898416304e+05 2.857279071268052212e+05 2.109620455896582280e+05 2.857278561965659028e+05 2.857278005141710746e+05 1.735788040579752997e+05 1.376378438322792645e+05 2.857278800208152970e+05 2.462835692052285231e+04 9.810117061659587489e+04 2.857280086628414574e+05 1.735788127656859870e+05
1.087929436659965868e+05 1.591405106559416454e+05 1.453608931005308987e+05 1.930909514312642277e+05 2.495055369944875711e+05 2.495058381204893521e+05 2.495058206068174914e+05 2.204303240602863661e+05 2.495054993239204632e+05 2.495058337535581959e+05 2.495057185908120300e+05 2.354872349558534333e+05 2.495060096853297146e+05 2.092619054380153830e+05 2.495054919034552295e+05 1.800800571614570799e+05 2.495057677455771773e+05 2.495056367765068717e+05 1.200001308191547578e+05 5.981212601253563480e+04 2.495054347160693433e+05 9.810117061659587489e+04 3.607410835427732673e+04 2.495058374988576688e+05 1.234333383968107664e+05
1.945688838606513746e+05 1.644428877482855460e+05 3.215873294081302010e+05 3.623382527398939128e+05 1.268487047837390674e+04 4.339245750450177729e+04 3.093135289718322747e+04 8.982489852825272828e+04 1.268470211749310329e+04 5.160792322453320230e+04 1.268476798264478020e+04 7.476783105715029524e+04 6.074902953820621042e+04 1.030510331366799073e+05 1.268477972103485990e+04 1.410380898717024247e+05 1.268466906295370609e+04 1.268471359421706256e+04 1.869172802686386276e+05 2.245104563880219939e+05 1.268460004373417723e+04 2.857280086628414574e+05 2.495058374988576688e+05 6.962001122122872403e+03 1.789066378299260978e+05
2.935894457364357368e+04 7.251929563465309911e+04 2.094381172567260219e+05 2.501888833228941367e+05 1.789066192884027842e+05 1.789067512103118352e+05 1.789067587456346082e+05 1.498308953694966040e+05 1.789064305030055693e+05 1.789067506240592629e+05 1.789065590866921993e+05 1.648881701209170860e+05 1.789067419051445031e+05 1.410056668288029032e+05 1.789064476978118764e+05 1.107186183412863611e+05 1.789065650269937469e+05 1.789064412415066035e+05 1.629003195729822619e+04 8.263461997145219357e+04 1.789063326800762734e+05 1.735788127656859870e+05 1.234333383968107664e+05 1.789066378299260978e+05 8.497266674957725627e+03
