3.026127171264373361e-01 1.132088873618477228e+05 1.320768141476927849e+05 5.743528929458201674e+03 1.149242210052930750e+05 1.653202391954629275e+05 1.168919652156553468e+00 6.793960107050546204e-01 1.132089146176988434e+05 1.821954198729933996e+05 1.132087092288430867e+05 1.886930184318884494e+04 1.698127090275904047e+05 9.224441178052144824e+04 2.965076123897018260e+04 6.648073434254073710e-01 1.320768711551902234e+05 6.081884288025645180e-01 1.132086341730941640e+05 8.741865451840529211e-01 1.132088558328413637e+05 1.269143089281128178e+00 2.473584512513147492e+05 2.641519182770488551e+05 9.275063261669422854e-01
1.132088873618477373e+05 3.490667473715084457e-01 5.660508703487355524e+04 1.074666124848804611e+05 3.945239303920962266e+04 1.087168203061185777e+05 1.132086917279020709e+05 1.132087329639856907e+05 9.434099096940795425e+04 1.255922825961488852e+05 3.527614504878440493e+04 9.434082267611834686e+04 1.132091263167998986e+05 1.257879279274296568e+05 8.895018559875985375e+04 1.132088357076560205e+05 5.660517794941414468e+04 1.132085966538229550e+05 1.886932604519548477e+04 1.132090059030348930e+05 1.132773901158643071e+00 1.132088066361825622e+05 1.907548159473211854e+05 2.075487532399466436e+05 1.132087356652781018e+05
1.320768141476927849e+05 5.660508703487355524e+04 3.220539709719315580e-01 1.320769230607217760e+05 1.715370366221238874e+04 1.271558819853046880e+05 1.320766956715045671e+05 1.320766607384569070e+05 6.644928619251742202e+04 1.414586392353792908e+05 2.133049814151046667e+04 1.320768732827007480e+05 1.320771439426144643e+05 1.069199250083280785e+05 1.266862212008178758e+05 1.320767539034311485e+05 1.295205583163276497e+00 1.320765397019339725e+05 3.773739539989289915e+04 1.320770168856467353e+05 5.660504414645677025e+04 1.320767347306468873e+05 2.096228794591175392e+05 2.264166707975785539e+05 1.320767038746693579e+05
5.743528929458200764e+03 1.074666124848804611e+05 1.320769230607217760e+05 7.989821333351212161e+03 1.149243781291515043e+05 1.653203759714926709e+05 5.743767684859521978e+03 5.743402597322938163e+03 1.132091125646860019e+05 1.821957436732994684e+05 1.124598654091457720e+05 1.312657828973902178e+04 1.698129563582661212e+05 9.224461683979214286e+04 2.390829154285088953e+04 5.743491461934559993e+03 1.320770052331297484e+05 5.743265536458769020e+03 1.074662849813585781e+05 5.743521587537680716e+03 1.074664357554365124e+05 5.743651244634615068e+03 2.473586319720031170e+05 2.641521046901568770e+05 5.743789931322003213e+03
1.149242210052930750e+05 3.945239303920962266e+04 1.715370366221238874e+04 1.149243781291515043e+05 3.118965984449687312e+03 1.275458261974552006e+05 1.149241298789855937e+05 1.149240232994936086e+05 6.644946525865740841e+04 1.441873827501225460e+05 4.177775573659454494e+03 1.149242200933381391e+05 1.320771620389649470e+05 1.069199619537840481e+05 1.095335318334368640e+05 1.149241743837940594e+05 1.715384080001609254e+04 1.149238900633106969e+05 2.058464999345378601e+04 1.149243898754358524e+05 3.945246227944194834e+04 1.149241176961989549e+05 2.096228494452731684e+05 2.264165839180829935e+05 1.149240513012406882e+05
1.653202391954629857e+05 1.087168203061185777e+05 1.271558819853046880e+05 1.653203759714926709e+05 1.275458261974552006e+05 1.493498873220210953e+04 1.653203372760740458e+05 1.653200835673993279e+05 1.224388102766809170e+05 8.450667307965943473e+04 1.275848481094733288e+05 1.653205070645387750e+05 3.021976798534918998e+04 1.308243622399096057e+05 1.599296761397434748e+05 1.653201590497973666e+05 1.271559587020906038e+05 1.653200828496633039e+05 1.275847030555591045e+05 1.653202180568566546e+05 1.087167024373918102e+05 1.653204279982899316e+05 1.530188309605542454e+05 1.365691613927515864e+05 1.653202763668089174e+05
1.168919652156553468e+00 1.132086917279020709e+05 1.320766956715045671e+05 5.743767684859521978e+03 1.149241298789855937e+05 1.653203372760740458e+05 3.197700031793166975e-01 1.103194639872791205e+00 1.132088646217438945e+05 1.821958742052802991e+05 1.132089580415443052e+05 1.886909979748567639e+04 1.698126302349153848e+05 9.224478843466351100e+04 2.965093127117644690e+04 1.191587841220787869e+00 1.320768164068211045e+05 9.895377505043084776e-01 1.132089124667119904e+05 1.190786374314776852e+00 1.132087701613428799e+05 9.536687734850365361e-01 2.473583895404890354e+05 2.641523094343953999e+05 8.998216443723250357e-01
6.793960107050546204e-01 1.132087329639856907e+05 1.320766607384569070e+05 5.743402597322938163e+03 1.149240232994936086e+05 1.653200835673993279e+05 1.103194639872790983e+00 2.055102546158689425e-01 1.132087778583618638e+05 1.821954300199267163e+05 1.132085050880695635e+05 1.886910671724296117e+04 1.698126364812476968e+05 9.224426027014828287e+04 2.965057678624127948e+04 5.868988359114821751e-01 1.320766804798775411e+05 3.511312195351360410e-01 1.132084443490849953e+05 7.460664381170774018e-01 1.132087119270335825e+05 1.210012627851430045e+00 2.473584088388911914e+05 2.641518391443699948e+05 9.277847579672574563e-01
1.132089146176988434e+05 9.434099096940795425e+04 6.644928619251742202e+04 1.132091125646860019e+05 6.644946525865740841e+04 1.224388102766809170e+05 1.132088646217438945e+05 1.132087778583618638e+05 2.828446589455913272e+04 1.444601683178576932e+05 6.762647341244731797e+04 1.132089089808074641e+05 1.320770728479583631e+05 4.047170703436648182e+04 1.078183001108114549e+05 1.132089351317549445e+05 6.644929620192857692e+04 1.132087168026160216e+05 7.547334734558271884e+04 1.132091070207823504e+05 9.434102113271209237e+04 1.132089089341071522e+05 2.096228407715629437e+05 2.199966453270320781e+05 1.132087371763952833e+05
1.821954198729933996e+05 1.255922825961488852e+05 1.414586392353792908e+05 1.821957436732994684e+05 1.441873827501225460e+05 8.450667307965940563e+04 1.821958742052802991e+05 1.821954300199267163e+05 1.444601683178576932e+05 2.624265277946744027e+04 1.444599894770473766e+05 1.821959830728786765e+05 6.271197407794791070e+04 1.633278049382540630e+05 1.768050221154918254e+05 1.821954854315899720e+05 1.414584384781201079e+05 1.821954762234362715e+05 1.444599574518775917e+05 1.821954901567938505e+05 1.255923943142718053e+05 1.821959834633386345e+05 8.070600316663070407e+04 1.609440920861249615e+05 1.821956636127633101e+05
1.132087092288430867e+05 3.527614504878440493e+04 2.133049814151046667e+04 1.124598654091457720e+05 4.177775573659453585e+03 1.275848481094733288e+05 1.132089580415443052e+05 1.132085050880695781e+05 6.762647341244731797e+04 1.444599894770473766e+05 4.280391955953679826e+03 1.107479269051264855e+05 1.320772527685056266e+05 1.069196896353349875e+05 1.053567570904462482e+05 1.132086360052045929e+05 2.133050561659562663e+04 1.132084152091161232e+05 1.640808566793159844e+04 1.132088005690725986e+05 3.527631905233405269e+04 1.132089825199192856e+05 2.096230076648698887e+05 2.264164507337526302e+05 1.132089197570319375e+05
1.886930184318884494e+04 9.434082267611834686e+04 1.320768732827007480e+05 1.312657828973901997e+04 1.149242200933381391e+05 1.653205070645387750e+05 1.886909979748567639e+04 1.886910671724296481e+04 1.132089089808074641e+05 1.821959830728786765e+05 1.107479269051264855e+05 3.036100974949571540e-01 1.698127565035951266e+05 9.224486167288197612e+04 1.078279247206623222e+04 1.886925262510297398e+04 1.320768457986841968e+05 1.886898019394127550e+04 9.434102440730096714e+04 1.886929603454395692e+04 9.434077743773969996e+04 1.886900524269735979e+04 2.473583749477199453e+05 2.641523483235841268e+05 1.886911133941061780e+04
1.698127090275904047e+05 1.132091263167998986e+05 1.320771439426144643e+05 1.698129563582661212e+05 1.320771620389649470e+05 3.021976798534918998e+04 1.698126302349153848e+05 1.698126364812476968e+05 1.320770728479583631e+05 6.271197407794791070e+04 1.320772527685056266e+05 1.698127565035951266e+05 1.542190836575505273e+04 1.486157387079920154e+05 1.644221764398360974e+05 1.698126867892227892e+05 1.320770708744297153e+05 1.698126405389486754e+05 1.320772514012923057e+05 1.698127329163042887e+05 1.132091168913736619e+05 1.698127106259324355e+05 1.311557694729849754e+05 1.539396189146990073e+05 1.698125576749220490e+05
9.224441178052144824e+04 1.257879279274296860e+05 1.069199250083280785e+05 9.224461683979214286e+04 1.069199619537840481e+05 1.308243622399096057e+05 9.224478843466351100e+04 9.224426027014828287e+04 4.047170703436646727e+04 1.633278049382540630e+05 1.069196896353349875e+05 9.224486167288197612e+04 1.486157387079920154e+05 1.071547163092449591e+04 8.685383141726770555e+04 9.224439149097615154e+04 1.069200114919228508e+05 9.224422523613384692e+04 1.069197773699863756e+05 9.224450194082940288e+04 1.257878338421824592e+05 9.224485524444363546e+04 2.284908428780184186e+05 2.224968512806767831e+05 9.224459821375021420e+04
2.965076123897018624e+04 8.895018559875985375e+04 1.266862212008178612e+05 2.390829154285088225e+04 1.095335318334368349e+05 1.599296761397434748e+05 2.965093127117644690e+04 2.965057678624127948e+04 1.078183001108114549e+05 1.768050221154918254e+05 1.053567570904462482e+05 1.078279247206623404e+04 1.644221764398360974e+05 8.685383141726769099e+04 1.694298103405256552e+04 2.965071930476590933e+04 1.266862806886185426e+05 2.965045400623494425e+04 8.894988670377439121e+04 2.965079858273350328e+04 8.895012486536374490e+04 2.965089501917434609e+04 2.419678285175974888e+05 2.587613948787061381e+05 2.965097688839797411e+04
6.648073434254072600e-01 1.132088357076560205e+05 1.320767539034311485e+05 5.743491461934559993e+03 1.149241743837940594e+05 1.653201590497973666e+05 1.191587841220787869e+00 5.868988359114821751e-01 1.132089351317549445e+05 1.821954854315899720e+05 1.132086360052045929e+05 1.886925262510297398e+04 1.698126867892227892e+05 9.224439149097615154e+04 2.965071930476590933e+04 2.366428501013906893e-01 1.320767881409789552e+05 5.030416919342054483e-01 1.132085866880848480e+05 8.669587412219480482e-01 1.132088026450828911e+05 1.211581751159941156e+00 2.473583819937250519e+05 2.641518560227692942e+05 1.053934353726152295e+00
1.320768711551902234e+05 5.660517794941414468e+04 1.295205583163276497e+00 1.320770052331297484e+05 1.715384080001609254e+04 1.271559587020906038e+05 1.320768164068211045e+05 1.320766804798775411e+05 6.644929620192857692e+04 1.414584384781201079e+05 2.133050561659562663e+04 1.320768457986841968e+05 1.320770708744297153e+05 1.069200114919228508e+05 1.266862806886185426e+05 1.320767881409789552e+05 3.452670879670394766e-01 1.320765829873547482e+05 3.773732130897050956e+04 1.320769512534748937e+05 5.660523255993223574e+04 1.320767484044072626e+05 2.096228295128248283e+05 2.264165546814296395e+05 1.320766972767364932e+05
6.081884288025645180e-01 1.132085966538229550e+05 1.320765397019339725e+05 5.743265536458769020e+03 1.149238900633106969e+05 1.653200828496633039e+05 9.895377505043084776e-01 3.511312195351360410e-01 1.132087168026160216e+05 1.821954762234362715e+05 1.132084152091161232e+05 1.886898019394127550e+04 1.698126405389486754e+05 9.224422523613384692e+04 2.965045400623494425e+04 5.030416919342054483e-01 1.320765829873547482e+05 1.072377275569741800e-01 1.132083600881473685e+05 7.283480797592520872e-01 1.132085835428754217e+05 1.035050262277486643e+00 2.473584058188857161e+05 2.641518688339723740e+05 8.836595107727880372e-01
1.132086341730941640e+05 1.886932604519548477e+04 3.773739539989289915e+04 1.074662849813585781e+05 2.058464999345378601e+04 1.275847030555591045e+05 1.132089124667119904e+05 1.132084443490849953e+05 7.547334734558270429e+04 1.444599574518775917e+05 1.640808566793159844e+04 9.434102440730096714e+04 1.320772514012923057e+05 1.069197773699863756e+05 8.894988670377439121e+04 1.132085866880848480e+05 3.773732130897050956e+04 1.132083600881473685e+05 2.343854113243972193e-01 1.132086509553662763e+05 1.886910999117658139e+04 1.132089412770077906e+05 2.096229732681702881e+05 2.264163049838002480e+05 1.132088646342546854e+05
8.741865451840529211e-01 1.132090059030348930e+05 1.320770168856467353e+05 5.743521587537680716e+03 1.149243898754358524e+05 1.653202180568566546e+05 1.190786374314776852e+00 7.460664381170774018e-01 1.132091070207823504e+05 1.821954901567938505e+05 1.132088005690725986e+05 1.886929603454395692e+04 1.698127329163042887e+05 9.224450194082938833e+04 2.965079858273350328e+04 8.669587412219479372e-01 1.320769512534748937e+05 7.283480797592520872e-01 1.132086509553662763e+05 2.575060624395170694e-01 1.132089199713266717e+05 1.297597881766944239e+00 2.473584611622995872e+05 2.641518932495225454e+05 1.048951323184643014e+00
1.132088558328413637e+05 1.132773901158643071e+00 5.660504414645677025e+04 1.074664357554365124e+05 3.945246227944194834e+04 1.087167024373918102e+05 1.132087701613428799e+05 1.132087119270335825e+05 9.434102113271209237e+04 1.255923943142718053e+05 3.527631905233405269e+04 9.434077743773969996e+04 1.132091168913736765e+05 1.257878338421824592e+05 8.895012486536374490e+04 1.132088026450828911e+05 5.660523255993224302e+04 1.132085835428754217e+05 1.886910999117658139e+04 1.132089199713266717e+05 3.481947675415524301e-01 1.132087245724505628e+05 1.907548104665054416e+05 2.075487452830188558e+05 1.132086894105882529e+05
1.269143089281128178e+00 1.132088066361825622e+05 1.320767347306468873e+05 5.743651244634615068e+03 1.149241176961989549e+05 1.653204279982899316e+05 9.536687734850365361e-01 1.210012627851430045e+00 1.132089089341071522e+05 1.821959834633386345e+05 1.132089825199192856e+05 1.886900524269735979e+04 1.698127106259324355e+05 9.224485524444363546e+04 2.965089501917434609e+04 1.211581751159941156e+00 1.320767484044072626e+05 1.035050262277486643e+00 1.132089412770077906e+05 1.297597881766944239e+00 1.132087245724505628e+05 3.391373383944792930e-01 2.473583278426643228e+05 2.641522855852338253e+05 1.116850542717180428e+00
2.473584512513147492e+05 1.907548159473211854e+05 2.096228794591175392e+05 2.473586319720031170e+05 2.096228494452731684e+05 1.530188309605542454e+05 2.473583895404890354e+05 2.473584088388911914e+05 2.096228407715629146e+05 8.070600316663070407e+04 2.096230076648698887e+05 2.473583749477199453e+05 1.311557694729849754e+05 2.284908428780184186e+05 2.419678285175974888e+05 2.473583819937250519e+05 2.096228295128248283e+05 2.473584058188857161e+05 2.096229732681702881e+05 2.473584611622995872e+05 1.907548104665054416e+05 2.473583278426643228e+05 4.288549725544234389e+04 1.280838522411500744e+05 2.473582581413101871e+05
2.641519182770488551e+05 2.075487532399466727e+05 2.264166707975785539e+05 2.641521046901568770e+05 2.264165839180829935e+05 1.365691613927515864e+05 2.641523094343953999e+05 2.641518391443699948e+05 2.199966453270320781e+05 1.609440920861249615e+05 2.264164507337526302e+05 2.641523483235841268e+05 1.539396189146990073e+05 2.224968512806767831e+05 2.587613948787061381e+05 2.641518560227692942e+05 2.264165546814296395e+05 2.641518688339723740e+05 2.264163049838002480e+05 2.641518932495225454e+05 2.075487452830188558e+05 2.641522855852338253e+05 1.280838522411500744e+05 3.353802316894337127e+04 2.641520988127668970e+05
9.275063261669426184e-01 1.132087356652781018e+05 1.320767038746693579e+05 5.743789931322003213e+03 1.149240513012406882e+05 1.653202763668089174e+05 8.998216443723249247e-01 9.277847579672574563e-01 1.132087371763952833e+05 1.821956636127633101e+05 1.132089197570319375e+05 1.886911133941061780e+04 1.698125576749220490e+05 9.224459821375021420e+04 2.965097688839797411e+04 1.053934353726152517e+00 1.320766972767364932e+05 8.836595107727880372e-01 1.132088646342546999e+05 1.048951323184643014e+00 1.132086894105882529e+05 1.116850542717180650e+00 2.473582581413101871e+05 2.641520988127668970e+05 2.942055623202441406e-01
