9.754722788990644040e+04 2.902256255874164635e+05 4.344488125021173037e+05 4.205806068188852514e+05 4.205805382278063335e+05 4.272126545341543970e+05 3.514577883648467832e+05 4.344488268623239710e+05 4.344487453049511532e+05 2.871476316435246845e+05 4.315121260522973025e+05 3.730403857986819930e+05 4.344489331943593570e+05 3.945160173429310671e+05 4.344488607007794199e+05 4.300437276635156013e+05 4.300437938130183611e+05 4.344488796874874388e+05 4.305331609426769428e+05 3.280649997965334333e+05 4.344487920153310988e+05 2.430518705156129145e+05 4.029594207026293734e+05 3.748758214918198646e+05 4.344487262673889054e+05
2.902256255874164635e+05 5.967130732856094255e+04 3.070347822862343164e+05 2.894138344982749550e+05 2.894138162379022106e+05 2.961849284552251338e+05 1.974341089636068209e+05 3.070346987353094737e+05 3.070346204663027893e+05 3.882120284727693070e+05 3.070349071320579387e+05 2.276647481338010402e+05 3.070348381357358303e+05 2.618406798913305975e+05 3.070347425671559176e+05 3.070349212349895970e+05 3.070350427983643604e+05 3.070347735781559604e+05 3.070349782030076021e+05 1.411540740571462084e+05 3.070345990110915736e+05 1.903119823153800680e+05 2.717927174303031643e+05 2.380296673652948521e+05 3.070345060882593389e+05
4.344488125021173619e+05 3.070347822862343164e+05 6.023924446475119598e-01 7.704623576400920865e+04 6.906832626932536368e+04 5.323609677200086298e+04 2.202004877410418994e+05 1.303008450709521426e+00 4.106383705997156540e+03 5.235815631930156378e+05 2.528610918424272677e+04 1.770762843924871413e+05 1.184073240463127513e+04 1.290210576339269901e+05 1.257730255318343371e+00 3.378130103203471663e+04 3.650269203819934773e+04 1.340705928124014346e+00 3.964942606196456472e+04 2.585663959788315115e+05 1.277466052178393152e+00 3.659755736321920995e+05 1.081049791303858801e+05 1.589627152725791384e+05 1.185919952730937421e+00
4.205806068188852514e+05 2.894138344982748968e+05 7.704623576400920865e+04 1.362682867050236018e+04 2.729254097351897872e+04 4.561616795416437526e+04 1.945032012582288007e+05 7.704611725618687342e+04 7.704603027914128324e+04 5.103658894223234383e+05 6.970410218658945814e+04 1.479803003381061426e+05 7.484364829551528965e+04 8.554068083598748490e+04 7.704614096300056553e+04 6.823571039699458925e+04 6.787608440259202325e+04 7.704626344312078436e+04 6.648755769224659889e+04 2.358837552692770550e+05 7.704592418752019876e+04 3.446837213264395832e+05 5.966259887867491489e+04 1.213162251579172298e+05 7.704574261624876817e+04
4.205805382278063335e+05 2.894138162379022106e+05 6.906832626932536368e+04 2.729254097351897872e+04 8.258489055184696554e+03 2.980120946889500192e+04 2.009776917736376927e+05 6.906824426617959398e+04 6.855838869788243028e+04 5.103659043425172567e+05 5.880235254633511795e+04 1.545494554990405741e+05 6.406228608574557438e+04 9.805055177962568996e+04 6.906823326466832077e+04 5.745435818105234648e+04 5.619570889086971874e+04 6.906839032018960279e+04 5.243901721693792206e+04 2.402172729849993484e+05 6.906805202264520631e+04 3.483548160251659574e+05 7.224518225814458856e+04 1.297054330492458685e+05 6.906781631774923881e+04
4.272126545341543970e+05 2.961849284552251338e+05 5.323609677200086298e+04 4.561616795416437526e+04 2.980120946889500192e+04 1.627279760630969940e+04 2.093507110517370456e+05 5.323602406395759317e+04 5.078291719603359525e+04 5.169738116953746649e+05 3.680798445178406109e+04 1.645744462160174735e+05 4.401251424349224544e+04 1.086262222177450749e+05 5.323604009508020681e+04 3.561489911909902003e+04 3.430037026562511164e+04 5.323611494568809576e+04 2.986472216159067466e+04 2.477164641257619660e+05 5.323582437900373043e+04 3.542080527670211159e+05 8.478406669866798620e+04 1.430343337690191693e+05 5.323562748844333692e+04
3.514577883648467250e+05 1.974341089636068500e+05 2.202004877410418994e+05 1.945032012582288007e+05 2.009776917736376927e+05 2.093507110517370456e+05 3.182972864149219095e+04 2.202003920260807208e+05 2.202004434338100255e+05 4.412431822454881039e+05 2.202006440663644462e+05 9.008004588810219138e+04 2.202005775916548155e+05 1.528554543743844260e+05 2.202004401217668783e+05 2.202006521916681086e+05 2.202006559869614139e+05 2.202005028404671757e+05 2.202007182800697919e+05 1.120991574998160213e+05 2.202002315465494175e+05 2.689848717183613917e+05 1.629319846734172024e+05 1.253382406798803859e+05 2.202001874552695372e+05
4.344488268623239710e+05 3.070346987353094737e+05 1.303008450709521426e+00 7.704611725618687342e+04 6.906824426617959398e+04 5.323602406395759317e+04 2.202003920260807208e+05 6.066155218279712935e-01 4.106274373916579862e+03 5.235815769735897193e+05 2.528610447610901974e+04 1.770762058455608494e+05 1.184073734382724979e+04 1.290209070895678597e+05 1.216994348260325598e+00 3.378125554299949727e+04 3.650262313160213671e+04 1.369141762768453674e+00 3.964933449036541424e+04 2.585662761046985106e+05 1.154739754113437655e+00 3.659755031388671487e+05 1.081048669955245423e+05 1.589625654143518186e+05 1.082589453128364410e+00
4.344487453049511532e+05 3.070346204663027893e+05 4.106383705997156540e+03 7.704603027914126869e+04 6.855838869788243028e+04 5.078291719603359525e+04 2.202004434338100255e+05 4.106274373916579862e+03 2.963208500830438879e+03 5.235814923962011817e+05 2.118101640964571561e+04 1.770762812276782643e+05 7.735567973295464981e+03 1.290208329995672830e+05 4.106348567675890081e+03 2.967625033233291470e+04 3.239761996228624048e+04 4.106405035440990105e+03 3.554422305203798896e+04 2.585661890839066473e+05 4.106079148045928378e+03 3.659755510043565882e+05 1.081047364647973882e+05 1.589625341497040936e+05 4.105942573495660326e+03
2.871476316435246845e+05 3.882120284727693070e+05 5.235815631930156378e+05 5.103658894223234383e+05 5.103659043425172567e+05 5.169738116953746649e+05 4.412431822454881039e+05 5.235815769735896029e+05 5.235814923962011817e+05 1.237597232860473014e+05 5.206448425663395901e+05 4.628256353744373773e+05 5.235816860201142263e+05 4.820986979693314643e+05 5.235816232742843567e+05 5.191764514647247270e+05 5.191764976727952017e+05 5.235816315326188342e+05 5.196659373972532339e+05 4.147701464290913427e+05 5.235815436712092487e+05 3.426180821360747796e+05 4.910928303856918938e+05 4.685157229784464580e+05 5.235814966598919709e+05
4.315121260522973025e+05 3.070349071320579387e+05 2.528610918424272677e+04 6.970410218658945814e+04 5.880235254633512523e+04 3.680798445178406109e+04 2.202006440663644462e+05 2.528610447610901974e+04 2.118101640964571561e+04 5.206448425663395901e+05 6.231030143611086714e+03 1.770764563381943153e+05 1.344664174410214218e+04 1.270632057250456419e+05 2.528612908106736722e+04 8.771902391581539632e+03 1.149335581121879295e+04 2.528609087462068419e+04 1.646357479777008484e+04 2.585664645350428182e+05 2.528595657676749033e+04 3.659756988987935474e+05 1.051681352557212376e+05 1.589628217872850364e+05 2.528580096794524798e+04
3.730403857986819930e+05 2.276647481338010402e+05 1.770762843924871413e+05 1.479803003381061135e+05 1.545494554990405741e+05 1.645744462160174735e+05 9.008004588810219138e+04 1.770762058455608203e+05 1.770762812276782643e+05 4.628256353744373773e+05 1.770764563381943153e+05 3.312965408015159483e+04 1.770764288366176188e+05 1.043805455302957998e+05 1.770762413029263262e+05 1.770764180793453997e+05 1.770764535646639415e+05 1.770763513416041969e+05 1.770765178026450449e+05 1.545738907369090593e+05 1.770760008439301164e+05 2.939598261460065842e+05 1.162865391548280168e+05 6.601162741091661155e+04 1.770759495916164014e+05
4.344489331943593570e+05 3.070348381357358303e+05 1.184073240463127513e+04 7.484364829551528965e+04 6.406228608574557438e+04 4.401251424349224544e+04 2.202005775916548446e+05 1.184073734382724979e+04 7.735567973295464071e+03 5.235816860201141681e+05 1.344664174410214218e+04 1.770764288366176188e+05 3.545513974095669710e+03 1.290211034315770958e+05 1.184073639763804931e+04 2.194196869098519164e+04 2.466341778584914573e+04 1.184071226527239196e+04 2.781013942733575459e+04 2.585664639398463187e+05 1.184060167093990458e+04 3.659756436031795456e+05 1.081049840020989941e+05 1.589627885357673804e+05 1.184044363897695439e+04
3.945160173429310671e+05 2.618406798913305975e+05 1.290210576339270046e+05 8.554068083598748490e+04 9.805055177962566086e+04 1.086262222177450749e+05 1.528554543743844260e+05 1.290209070895678597e+05 1.290208329995673121e+05 4.820986979693314643e+05 1.270632057250456419e+05 1.043805455302957998e+05 1.290211034315770958e+05 2.237838752903088607e+04 1.290209870557776158e+05 1.260843028922716185e+05 1.260842622121945024e+05 1.290210798702188331e+05 1.255948058597501367e+05 2.039032135689497518e+05 1.290207503249630536e+05 3.200875533724308480e+05 3.764207792010597768e+04 6.426405173142626154e+04 1.290205776986242417e+05
4.344488607007794199e+05 3.070347425671559176e+05 1.257730255318343371e+00 7.704614096300056553e+04 6.906823326466832077e+04 5.323604009508020681e+04 2.202004401217668783e+05 1.216994348260325598e+00 4.106348567675890081e+03 5.235816232742843567e+05 2.528612908106736722e+04 1.770762413029263262e+05 1.184073639763804931e+04 1.290209870557776158e+05 5.968106724402210128e-01 3.378127750382063823e+04 3.650266578147462133e+04 1.429843985000488038e+00 3.964938434724995750e+04 2.585663430237645516e+05 1.214355413742384870e+00 3.659755588074343395e+05 1.081048917316693696e+05 1.589626459472952993e+05 1.103311870113633075e+00
4.300437276635156013e+05 3.070349212349895970e+05 3.378130103203471663e+04 6.823571039699458925e+04 5.745435818105234648e+04 3.561489911909902003e+04 2.202006521916681086e+05 3.378125554299949727e+04 2.967625033233291470e+04 5.191764514647246688e+05 8.771902391581539632e+03 1.770764180793453997e+05 2.194196869098519164e+04 1.260843028922716330e+05 3.378127750382063823e+04 1.954711410789738693e+03 3.006112088008351748e+03 3.378132605331136438e+04 1.370707513163901967e+04 2.585665233335511875e+05 3.378111605379747198e+04 3.659757331850648625e+05 1.036997331640368648e+05 1.589628767075226933e+05 3.378095846483915375e+04
4.300437938130183611e+05 3.070350427983643604e+05 3.650269203819934773e+04 6.787608440259202325e+04 5.619570889086971874e+04 3.430037026562511164e+04 2.202006559869614139e+05 3.650262313160213671e+04 3.239761996228624776e+04 5.191764976727952017e+05 1.149335581121879295e+04 1.770764535646639415e+05 2.466341778584914573e+04 1.260842622121945024e+05 3.650266578147462133e+04 3.006112088008351748e+03 2.565313749787188044e+03 3.650274431394385465e+04 1.202415989391037510e+04 2.585665695475145476e+05 3.650243505350488704e+04 3.659758164928257465e+05 1.036997493433601048e+05 1.589628532305026019e+05 3.650231116696165554e+04
4.344488796874874388e+05 3.070347735781559604e+05 1.340705928124014346e+00 7.704626344312078436e+04 6.906839032018960279e+04 5.323611494568809576e+04 2.202005028404671757e+05 1.369141762768453674e+00 4.106405035440990105e+03 5.235816315326188342e+05 2.528609087462068419e+04 1.770763513416041969e+05 1.184071226527239196e+04 1.290210798702188185e+05 1.429843985000488038e+00 3.378132605331136438e+04 3.650274431394384737e+04 6.499252240678684567e-01 3.964945060461002140e+04 2.585663704597949982e+05 1.314764284121328730e+00 3.659756023126300424e+05 1.081050409545220609e+05 1.589627410232620314e+05 1.216992343202704774e+00
4.305331609426769428e+05 3.070349782030076021e+05 3.964942606196456472e+04 6.648755769224659889e+04 5.243901721693792206e+04 2.986472216159067466e+04 2.202007182800697919e+05 3.964933449036541424e+04 3.554422305203799624e+04 5.196659373972532339e+05 1.646357479777008484e+04 1.770765178026450449e+05 2.781013942733575459e+04 1.255948058597501367e+05 3.964938434724995750e+04 1.370707513163902149e+04 1.202415989391037510e+04 3.964945060461002868e+04 1.387109439880609671e+03 2.585665056472638389e+05 3.964915129095565499e+04 3.659758567309482023e+05 1.006289936183169630e+05 1.587452562206219009e+05 3.964897006791288732e+04
3.280649997965335497e+05 1.411540740571462084e+05 2.585663959788315115e+05 2.358837552692770550e+05 2.402172729849993484e+05 2.477164641257619951e+05 1.120991574998160213e+05 2.585662761046985106e+05 2.585661890839066473e+05 4.147701464290913427e+05 2.585664645350428182e+05 1.545738907369090593e+05 2.585664639398463187e+05 2.039032135689497518e+05 2.585663430237646098e+05 2.585665233335512166e+05 2.585665695475145767e+05 2.585663704597950273e+05 2.585665056472638389e+05 5.033060155733319698e+04 2.585661398925418616e+05 2.345093180912993557e+05 2.139796370559259958e+05 1.787489946803438943e+05 2.585660633373578312e+05
4.344487920153310988e+05 3.070345990110915736e+05 1.277466052178393152e+00 7.704592418752019876e+04 6.906805202264520631e+04 5.323582437900373043e+04 2.202002315465494175e+05 1.154739754113437655e+00 4.106079148045928378e+03 5.235815436712092487e+05 2.528595657676749033e+04 1.770760008439301164e+05 1.184060167093990458e+04 1.290207503249630827e+05 1.214355413742384870e+00 3.378111605379747198e+04 3.650243505350488704e+04 1.314764284121328730e+00 3.964915129095565499e+04 2.585661398925418325e+05 5.563125270936762901e-01 3.659754627979176003e+05 1.081046611121141177e+05 1.589623575386550510e+05 8.047383391294034016e-01
2.430518705156129145e+05 1.903119823153800680e+05 3.659755736321920995e+05 3.446837213264395832e+05 3.483548160251659574e+05 3.542080527670211159e+05 2.689848717183613917e+05 3.659755031388671487e+05 3.659755510043565882e+05 3.426180821360747796e+05 3.659756988987935474e+05 2.939598261460065842e+05 3.659756436031795456e+05 3.200875533724308480e+05 3.659755588074343395e+05 3.659757331850648625e+05 3.659758164928257465e+05 3.659756023126300424e+05 3.659758567309482023e+05 2.345093180912993266e+05 3.659754627979176003e+05 9.176447294616889849e+04 3.290816237210899708e+05 3.040572367125031888e+05 3.659754701337682782e+05
4.029594207026293734e+05 2.717927174303031643e+05 1.081049791303858801e+05 5.966259887867490761e+04 7.224518225814458856e+04 8.478406669866795710e+04 1.629319846734172024e+05 1.081048669955245423e+05 1.081047364647973882e+05 4.910928303856918938e+05 1.051681352557212376e+05 1.162865391548280022e+05 1.081049840020989941e+05 3.764207792010597768e+04 1.081048917316693696e+05 1.036997331640368648e+05 1.036997493433601194e+05 1.081050409545220609e+05 1.006289936183169921e+05 2.139796370559259958e+05 1.081046611121141177e+05 3.290816237210899708e+05 1.471517704874732772e+04 8.424118363094629603e+04 1.081044692330994440e+05
3.748758214918198646e+05 2.380296673652948521e+05 1.589627152725791384e+05 1.213162251579172298e+05 1.297054330492458685e+05 1.430343337690191693e+05 1.253382406798803859e+05 1.589625654143518186e+05 1.589625341497040936e+05 4.685157229784464580e+05 1.589628217872850364e+05 6.601162741091661155e+04 1.589627885357673804e+05 6.426405173142626154e+04 1.589626459472952993e+05 1.589628767075226933e+05 1.589628532305026019e+05 1.589627410232620605e+05 1.587452562206219009e+05 1.787489946803438943e+05 1.589623575386550801e+05 3.040572367125032470e+05 8.424118363094631059e+04 2.938658913983731691e+04 1.589622520761865890e+05
4.344487262673889054e+05 3.070345060882594553e+05 1.185919952730937421e+00 7.704574261624876817e+04 6.906781631774923881e+04 5.323562748844333692e+04 2.202001874552695372e+05 1.082589453128364410e+00 4.105942573495660326e+03 5.235814966598919709e+05 2.528580096794524798e+04 1.770759495916164014e+05 1.184044363897695439e+04 1.290205776986242417e+05 1.103311870113633075e+00 3.378095846483915375e+04 3.650231116696165554e+04 1.216992343202704996e+00 3.964897006791288732e+04 2.585660633373578021e+05 8.047383391294034016e-01 3.659754701337682782e+05 1.081044692330994440e+05 1.589622520761865890e+05 4.306772608392354096e-01
