1.330146612117550103e+04 6.079865581148266938e+04 2.075203634520590422e+05 4.123706528003460699e+04 5.053607030784180388e+05 8.487442060879676137e+04 6.860493228100045235e+04 4.116381978244715137e+05 1.014156705450047011e+05 1.014158432246695593e+05 1.216612205414241471e+05 1.014157664229927905e+05 1.014154150328146497e+05 1.006639786758248229e+05 1.012010474109865900e+05 1.014156247767090535e+05 1.620368729705127189e+05 1.014157827762288216e+05 2.872239599955407903e+05 1.014158160266964987e+05 1.014155978261301934e+05 8.946142538776493166e+04 1.014158704703948461e+05 1.014157405409798084e+05 4.200988445625818713e+04
6.079865581148266210e+04 5.075831443224453324e+03 2.117093393195373646e+05 7.484265100422895921e+04 5.053607128529509646e+05 4.436268705036120809e+04 2.215876679514110583e+04 4.116381892666434287e+05 8.120476464462194417e+04 8.120497769070342474e+04 1.421052222959596838e+05 8.120489054402569309e+04 8.120458455749736459e+04 6.015229957776030642e+04 6.767103937543781649e+04 8.120477240950810665e+04 1.718950063936019724e+05 8.120493742944569385e+04 2.872239620030936785e+05 8.120497581286831701e+04 8.120471203992002120e+04 1.127838976180251630e+05 8.120499193782213842e+04 8.120490579625780811e+04 3.109694608238307046e+04
2.075203634520590422e+05 2.117093393195373646e+05 4.128603633828163584e+04 2.014162712729345658e+05 4.447382602082118392e+05 2.274987268168263545e+05 2.117093440386168950e+05 3.315184048541077063e+05 2.432879350276298646e+05 2.432881910034533066e+05 1.461005744737300556e+05 2.432880666152227204e+05 2.432877962609681417e+05 2.432882743376594153e+05 2.432882019195402972e+05 2.432881248013240984e+05 9.453200493204544182e+04 2.432881226467882516e+05 1.820702585816941282e+05 2.432882341090416012e+05 2.432878701785492012e+05 1.725003776773761201e+05 2.432882623975591559e+05 2.432879787928464357e+05 2.117093739994979696e+05
4.123706528003460699e+04 7.484265100422895921e+04 2.014162712729345658e+05 3.171043860593597492e+04 5.023531083909897716e+05 9.827553263164803502e+04 8.229907197138635092e+04 4.071268468572172569e+05 1.140647483483953401e+05 1.140649056606708327e+05 1.117873342103070900e+05 1.140648201913840749e+05 1.140645371513101709e+05 1.140649878003429476e+05 1.140650367699547351e+05 1.140648061433379044e+05 1.522466397411976068e+05 1.140648671707711328e+05 2.829633912155038561e+05 1.140649279026512959e+05 1.140647011887708795e+05 7.802585083097513416e+04 1.140649172203350026e+05 1.140648752130782959e+05 6.130865664305770042e+04
5.053607030784180388e+05 5.053607128529509646e+05 4.447382602082118392e+05 5.023531083909897716e+05 1.620329806165737391e+05 5.211501421237556497e+05 5.053606832538068411e+05 3.118516172519914689e+05 5.369394229429853149e+05 5.369394437200432876e+05 4.783432566404069657e+05 5.369393381630617660e+05 5.369392403918863274e+05 5.369395895980058704e+05 5.369395458260162268e+05 5.369395675546143902e+05 4.574981307493469794e+05 5.369393819801437203e+05 3.712213338569290936e+05 5.369394291622594465e+05 5.369393339639527258e+05 4.843079411828363081e+05 5.369394548185248859e+05 5.369393564249915071e+05 5.053607110402408289e+05
8.487442060879676137e+04 4.436268705036120809e+04 2.274987268168263545e+05 9.827553263164803502e+04 5.211501421237557079e+05 1.579033200422316622e+04 2.278944762425302906e+04 4.274276597346168128e+05 4.737019169277694164e+04 4.737038604727527854e+04 1.582528146499949507e+05 4.737021929936802917e+04 4.736992563139992126e+04 1.579120024392482992e+04 2.330997242664049190e+04 4.549052111179735948e+04 1.876844986378535687e+05 4.737031399770719872e+04 3.030134076445001410e+05 4.737041029920258006e+04 4.737011684897244413e+04 1.360922758230123436e+05 4.737032312475962681e+04 4.737025146665534703e+04 6.494722212486771605e+04
6.860493228100045235e+04 2.215876679514110947e+04 2.117093440386168950e+05 8.229907197138636548e+04 5.053606832538068993e+05 2.278944762425303270e+04 6.166806681425983697e+03 4.116381275031877449e+05 6.376696359457111248e+04 6.376717613991686812e+04 1.424632091146653693e+05 6.376700452557724202e+04 6.376674606644017331e+04 3.857911840480344836e+04 4.609788739244275348e+04 6.302851527071858436e+04 1.718949790213564411e+05 6.376713109271482244e+04 2.872239098270727554e+05 6.376716917605869821e+04 6.376688440632044512e+04 1.203026515399006166e+05 6.376712794147165550e+04 6.376707961809039989e+04 4.274339042260184215e+04
4.116381978244715719e+05 4.116381892666434287e+05 3.315184048541077063e+05 4.071268468572172569e+05 3.118516172519914689e+05 4.274276597346168128e+05 4.116381275031877449e+05 1.212474634145256277e+05 4.432168201846579323e+05 4.432169496627002954e+05 3.823651266301447758e+05 4.432167969193735626e+05 4.432166835058083525e+05 4.432169958054522867e+05 4.432170478666464915e+05 4.432169469707449316e+05 3.590106725981781492e+05 4.432168782050748705e+05 2.778642563434976619e+05 4.432169690919196582e+05 4.432167900270228274e+05 3.905855564894304844e+05 4.432169930990830180e+05 4.432167853805245250e+05 4.116381693961280980e+05
1.014156705450047011e+05 8.120476464462194417e+04 2.432879350276298646e+05 1.140647483483953401e+05 5.369394229429853149e+05 4.737019169277694164e+04 6.376696359457111248e+04 4.432168201846579905e+05 7.363647168984273073e-01 2.105425783905895150e+04 1.740419023402150196e+05 1.447618372345473414e+00 1.098215762897386094e+00 3.158068509645066297e+04 2.406184568477721768e+04 2.105418351936227191e+04 2.034736227461170347e+05 1.729476018926840334e+04 3.188025621535303071e+05 2.105432338433000405e+04 1.222716600994648628e+00 1.518815028285972076e+05 2.105433718302797206e+04 1.333654081627568377e+00 9.126299873077703523e+04
1.014158432246695593e+05 8.120497769070342474e+04 2.432881910034533066e+05 1.140649056606708327e+05 5.369394437200432876e+05 4.737038604727527854e+04 6.376717613991686812e+04 4.432169496627002954e+05 2.105425783905895150e+04 8.083543034534682592e-01 1.740421211279588460e+05 2.105428579201253524e+04 2.105392328985713903e+04 3.158085045485535011e+04 2.406195531963264511e+04 1.881311894117362954e+03 2.034737925427816808e+05 3.760995957833133616e+03 3.188027487588512595e+05 1.521964131494928596e+00 2.105421026561707549e+04 1.518816216542451584e+05 1.534613394894149163e+00 2.105423599105865287e+04 9.126323910608819278e+04
1.216612205414241471e+05 1.421052222959597129e+05 1.461005744737300556e+05 1.117873342103070900e+05 4.783432566404069657e+05 1.582528146499949507e+05 1.424632091146653402e+05 3.823651266301447758e+05 1.740419023402150196e+05 1.740421211279588169e+05 2.942134489009469326e+04 1.740420970775585156e+05 1.740416938791030552e+05 1.740422424155241170e+05 1.740422037897151604e+05 1.740421094650185260e+05 8.486134582756373857e+04 1.740420674783526920e+05 2.437534794752644666e+05 1.740421495231608860e+05 1.740418637810184155e+05 6.472023321743764973e+04 1.740421658881526673e+05 1.740420020081607800e+05 1.314357494285798166e+05
1.014157664229927905e+05 8.120489054402569309e+04 2.432880666152227204e+05 1.140648201913840749e+05 5.369393381630618824e+05 4.737021929936802917e+04 6.376700452557724202e+04 4.432167969193736208e+05 1.447618372345473414e+00 2.105428579201253524e+04 1.740420970775585447e+05 7.323432564517587950e-01 1.173357326700183778e+00 3.158076208980219599e+04 2.406192095588673692e+04 2.105428613932878943e+04 2.034737784526382457e+05 1.729476521411096837e+04 3.188025741460791323e+05 2.105434584002286647e+04 1.369190826441539111e+00 1.518816037037837086e+05 2.105434446313853186e+04 1.404983025070675406e+00 9.126307495699803985e+04
1.014154150328146497e+05 8.120458455749736459e+04 2.432877962609681417e+05 1.140645371513101709e+05 5.369392403918863274e+05 4.736992563139992126e+04 6.376674606644017331e+04 4.432166835058083525e+05 1.098215762897386094e+00 2.105392328985713903e+04 1.740416938791030552e+05 1.173357326700183778e+00 5.457947820559972962e-01 3.158041242564896311e+04 2.406158682688451518e+04 2.105397625122868703e+04 2.034734281356396677e+05 1.729447487670476039e+04 3.188023892997274525e+05 2.105399957897247441e+04 1.020140792800346308e+00 1.518812277136581833e+05 2.105399691863602129e+04 1.136654021463313402e+00 9.126278344323733472e+04
1.006639786758248374e+05 6.015229957776030642e+04 2.432882743376594153e+05 1.140649878003429476e+05 5.369395895980058704e+05 1.579120024392482992e+04 3.857911840480344836e+04 4.432169958054523449e+05 3.158068509645066297e+04 3.158085045485535011e+04 1.740422424155241170e+05 3.158076208980219599e+04 3.158041242564896311e+04 8.218869602708169797e-01 7.520511526303057508e+03 2.970098732967368414e+04 2.034738607708973286e+05 3.158080481904689441e+04 3.188028420759352157e+05 3.158083906861565265e+04 3.158058442067921715e+04 1.518817496955024835e+05 3.158085718321650711e+04 3.158072588132674719e+04 8.073681242325971834e+04
1.012010474109865900e+05 6.767103937543781649e+04 2.432882019195402972e+05 1.140650367699547351e+05 5.369395458260162268e+05 2.330997242664049190e+04 4.609788739244275348e+04 4.432170478666465497e+05 2.406184568477721768e+04 2.406195531963264875e+04 1.740422037897151604e+05 2.406192095588673692e+04 2.406158682688451518e+04 7.520511526303057508e+03 4.297249187459063251e+03 2.218206219327100916e+04 2.034739212854210055e+05 2.406191614831099650e+04 3.188028376880812575e+05 2.406192551074920266e+04 2.406176615886689251e+04 1.518816843443100806e+05 2.406196690364760434e+04 2.406188340527579203e+04 8.825559370738503640e+04
1.014156247767090535e+05 8.120477240950810665e+04 2.432881248013240984e+05 1.140648061433379044e+05 5.369395675546143902e+05 4.549052111179735948e+04 6.302851527071858436e+04 4.432169469707449316e+05 2.105418351936227191e+04 1.881311894117363181e+03 1.740421094650185260e+05 2.105428613932878943e+04 2.105397625122868703e+04 2.970098732967368414e+04 2.218206219327101280e+04 3.088795657662946269e+03 2.034738037116324122e+05 4.969442210442567557e+03 3.188027484291646979e+05 1.881129153475824751e+03 2.105416702628332496e+04 1.518815565854588058e+05 1.881461902895560115e+03 2.105423585663034464e+04 9.126300467644611490e+04
1.620368729705127189e+05 1.718950063936019724e+05 9.453200493204545637e+04 1.522466397411976068e+05 4.574981307493469794e+05 1.876844986378535687e+05 1.718949790213564411e+05 3.590106725981781492e+05 2.034736227461170347e+05 2.034737925427816808e+05 8.486134582756373857e+04 2.034737784526382457e+05 2.034734281356396677e+05 2.034738607708973286e+05 2.034739212854210055e+05 2.034738037116324122e+05 4.937179146904341906e+04 2.034738014075958927e+05 2.099319017914985016e+05 2.034738131303742994e+05 2.034735598835194251e+05 1.160027352690821863e+05 2.034738246536987426e+05 2.034737120127222151e+05 1.718949825930032530e+05
1.014157827762288216e+05 8.120493742944569385e+04 2.432881226467882516e+05 1.140648671707711328e+05 5.369393819801437203e+05 4.737031399770719872e+04 6.376713109271482244e+04 4.432168782050749287e+05 1.729476018926840334e+04 3.760995957833133616e+03 1.740420674783526920e+05 1.729476521411096837e+04 1.729447487670476039e+04 3.158080481904689441e+04 2.406191614831099650e+04 4.969442210442567557e+03 2.034738014075958927e+05 4.834298998844434209e+03 3.188026860784716555e+05 3.761052132880508907e+03 1.729472706920874043e+04 1.518815895839114673e+05 3.761094188914045844e+03 1.729478348603526683e+04 9.126317436809818901e+04
2.872239599955407903e+05 2.872239620030936203e+05 1.820702585816941282e+05 2.829633912155038561e+05 3.712213338569292100e+05 3.030134076445001410e+05 2.872239098270727554e+05 2.778642563434976619e+05 3.188025621535303071e+05 3.188027487588512595e+05 2.437534794752644666e+05 3.188025741460791323e+05 3.188023892997274525e+05 3.188028420759352157e+05 3.188028376880812575e+05 3.188027484291646979e+05 2.099319017914985016e+05 3.188026860784716555e+05 9.431301142666963278e+04 3.188027383024951559e+05 3.188025342353382148e+05 2.596551032421090931e+05 3.188028041787146358e+05 3.188025810072753229e+05 2.872239733935775002e+05
1.014158160266964987e+05 8.120497581286831701e+04 2.432882341090416012e+05 1.140649279026512959e+05 5.369394291622594465e+05 4.737041029920258006e+04 6.376716917605869821e+04 4.432169690919196582e+05 2.105432338433000405e+04 1.521964131494928596e+00 1.740421495231608860e+05 2.105434584002286647e+04 2.105399957897247441e+04 3.158083906861565265e+04 2.406192551074920266e+04 1.881129153475824523e+03 2.034738131303742994e+05 3.761052132880507997e+03 3.188027383024951559e+05 8.775247918373330069e-01 2.105426559176121737e+04 1.518816405890872120e+05 1.679926398168302581e+00 2.105429995725136177e+04 9.126320957208247273e+04
1.014155978261301934e+05 8.120471203992002120e+04 2.432878701785492012e+05 1.140647011887708795e+05 5.369393339639526093e+05 4.737011684897244413e+04 6.376688440632044512e+04 4.432167900270228856e+05 1.222716600994648628e+00 2.105421026561707549e+04 1.740418637810184155e+05 1.369190826441539333e+00 1.020140792800346308e+00 3.158058442067921715e+04 2.406176615886688523e+04 2.105416702628332496e+04 2.034735598835194251e+05 1.729472706920874043e+04 3.188025342353382148e+05 2.105426559176121737e+04 7.536870248322358190e-01 1.518814222245686105e+05 2.105427434371414711e+04 1.307807081000984306e+00 9.126294668815813202e+04
8.946142538776493166e+04 1.127838976180251484e+05 1.725003776773761201e+05 7.802585083097513416e+04 4.843079411828363081e+05 1.360922758230123436e+05 1.203026515399006166e+05 3.905855564894304844e+05 1.518815028285972076e+05 1.518816216542451293e+05 6.472023321743765700e+04 1.518816037037837086e+05 1.518812277136581833e+05 1.518817496955024835e+05 1.518816843443100806e+05 1.518815565854588058e+05 1.160027352690821863e+05 1.518815895839114673e+05 2.596551032421090931e+05 1.518816405890872120e+05 1.518814222245686105e+05 2.413091315587838471e+04 1.518816861460685031e+05 1.518815514622780320e+05 9.925013860659590864e+04
1.014158704703948606e+05 8.120499193782213842e+04 2.432882623975591559e+05 1.140649172203350026e+05 5.369394548185250023e+05 4.737032312475962681e+04 6.376712794147165550e+04 4.432169930990830180e+05 2.105433718302797206e+04 1.534613394894149163e+00 1.740421658881526964e+05 2.105434446313853186e+04 2.105399691863602129e+04 3.158085718321650711e+04 2.406196690364760434e+04 1.881461902895560115e+03 2.034738246536987426e+05 3.761094188914045390e+03 3.188028041787146358e+05 1.679926398168303026e+00 2.105427434371414711e+04 1.518816861460685031e+05 8.052829489136926755e-01 2.105431766241759760e+04 9.126321465015567082e+04
1.014157405409798084e+05 8.120490579625780811e+04 2.432879787928464357e+05 1.140648752130783105e+05 5.369393564249916235e+05 4.737025146665534703e+04 6.376707961809039989e+04 4.432167853805245832e+05 1.333654081627568377e+00 2.105423599105865287e+04 1.740420020081607800e+05 1.404983025070675406e+00 1.136654021463313402e+00 3.158072588132674719e+04 2.406188340527579203e+04 2.105423585663034464e+04 2.034737120127222151e+05 1.729478348603526683e+04 3.188025810072753229e+05 2.105429995725136177e+04 1.307807081000984306e+00 1.518815514622780320e+05 2.105431766241759760e+04 7.538912820140635240e-01 9.126308916427443910e+04
4.200988445625818713e+04 3.109694608238305955e+04 2.117093739994979696e+05 6.130865664305770042e+04 5.053607110402408289e+05 6.494722212486772332e+04 4.274339042260184215e+04 4.116381693961280980e+05 9.126299873077703523e+04 9.126323910608817823e+04 1.314357494285798166e+05 9.126307495699803985e+04 9.126278344323733472e+04 8.073681242325971834e+04 8.825559370738503640e+04 9.126300467644611490e+04 1.718949825930032530e+05 9.126317436809818901e+04 2.872239733935775002e+05 9.126320957208247273e+04 9.126294668815813202e+04 9.925013860659590864e+04 9.126321465015567082e+04 9.126308916427443910e+04 5.435533298977075901e+03
