6.160705591314435958e-01 2.349172747388721036e+05 8.171479130595153038e+03 4.060238194567796309e+05 4.735195403276302386e+05 1.368802043062466112e+00 4.472891617943817982e+04 1.610826567767346751e+04 1.267388874307853186e+00 4.903351871502482027e+03 1.270163831684549805e+05 1.960967688119946979e+04 6.660233963838990894e+04 3.371527064216453582e+05 1.393067525283780750e+00 1.213988516215126947e+04 3.052762401186583520e+04 1.517436747630999016e+05 1.987994006167586776e+05 1.171912624550529580e+00 4.903483590042732430e+03 1.051825138641409721e+05 2.794097468953727512e+05 1.715401478490670270e+05 4.903353287957041175e+03
2.349172747388721036e+05 4.614222707743610226e+04 2.349173053798801848e+05 2.913518813350789715e+05 3.634746103307390003e+05 2.349171950664513861e+05 2.195858023435745272e+05 2.349172622345759592e+05 2.349171944314870634e+05 2.349172310569549445e+05 1.710884039126259740e+05 2.349173598515857011e+05 2.150867332457962912e+05 2.103378924102298624e+05 2.349169582808096602e+05 2.349173280388353160e+05 2.275644407356973970e+05 1.573505868203970604e+05 1.005816826989357942e+05 2.349168330041352310e+05 2.349170400738252210e+05 1.828604165675826953e+05 1.278547723020995036e+05 1.286045711151692085e+05 2.349169274923433841e+05
8.171479130595153038e+03 2.349173053798801848e+05 2.179335819564922531e+03 4.060239684083646280e+05 4.735195553796748864e+05 8.171567018330248175e+03 4.182412685862362559e+04 1.284011233415145398e+04 8.171552894033748998e+03 3.269447861070142608e+03 1.270164045047333784e+05 1.634163391946189950e+04 6.660234450809849659e+04 3.371527541550403112e+05 8.171498311908158939e+03 3.969523602841917182e+03 2.725964521063115171e+04 1.517436804055601242e+05 1.987994331471658661e+05 8.171262422788618096e+03 3.269465358535803716e+03 1.051825352236299514e+05 2.794098125890893862e+05 1.715401652364572510e+05 3.269355862730766603e+03
4.060238194567796891e+05 2.913518813350790879e+05 4.060239684083644534e+05 1.032917154857885907e+05 2.481817246383025195e+05 4.060238120186489541e+05 3.907733874603248551e+05 4.060239331562939915e+05 4.060238015678504598e+05 4.060238383838761947e+05 3.537363912486768095e+05 4.060238618737070356e+05 3.864162534561780631e+05 2.170411912330555497e+05 4.060236632746732212e+05 4.060239614958941820e+05 3.986710225731119281e+05 3.465002714637923054e+05 3.243248389510328998e+05 4.060235936474659829e+05 4.060236737823550357e+05 3.570043268357037450e+05 2.707865255721444846e+05 3.398476224276085850e+05 4.060236216358700767e+05
4.735195403276302386e+05 3.634746103307390586e+05 4.735195553796747699e+05 2.481817246383024321e+05 1.213810731943863357e+05 4.735196139339744695e+05 4.582692468855750631e+05 4.735196806278390577e+05 4.735194632984332857e+05 4.735195210842331289e+05 4.212322726715491735e+05 4.735197584026106633e+05 4.539118708692014916e+05 3.033846758571488899e+05 4.735194925261430326e+05 4.735195927414080943e+05 4.661667189112001215e+05 4.139960069514393108e+05 3.918203735573263839e+05 4.735194619337844779e+05 4.735195176243985770e+05 4.245002597433328046e+05 3.350803460279435385e+05 4.073433530597420759e+05 4.735194653112261440e+05
1.368802043062466112e+00 2.349171950664514443e+05 8.171567018330248175e+03 4.060238120186489541e+05 4.735196139339745278e+05 6.323585554288856381e-01 4.472882184757003415e+04 1.610817791386073259e+04 1.402054608572823158e+00 4.903482544710972434e+03 1.270163072699140612e+05 1.960964612614925863e+04 6.660243672541508568e+04 3.371527038634783239e+05 1.318560408636844539e+00 1.213989791755909937e+04 3.052770471892780552e+04 1.517437496248199895e+05 1.987994949340964085e+05 1.113187464820185379e+00 4.903416691413680383e+03 1.051824426772495208e+05 2.794098253353022155e+05 1.715402368683219829e+05 4.903294359802008330e+03
4.472891617943817982e+04 2.195858023435745563e+05 4.182412685862362559e+04 3.907733874603248551e+05 4.582692468855751213e+05 4.472882184757003415e+04 1.007168485872381461e+04 3.406910062940521311e+04 4.472884999827501451e+04 4.472890794658751838e+04 1.031348099431339942e+05 3.056747490169640514e+04 3.173925874142970133e+04 3.219023721348272520e+05 4.472864763255001162e+04 4.027167786334925768e+04 2.183995594738805084e+04 1.286074535247199383e+05 1.812823489542749012e+05 4.472841302387640462e+04 4.472877087821681198e+04 7.674955838311185653e+04 2.641594776192068239e+05 1.552004021089515882e+05 4.472859058284118510e+04
1.610826567767346751e+04 2.349172622345760174e+05 1.284011233415145398e+04 4.060239331562940497e+05 4.735196806278391159e+05 1.610817791386073259e+04 3.406910062940521311e+04 2.001456082415437550e+03 1.610822982980392590e+04 1.610816554747051123e+04 1.256158443100237200e+05 3.502836291258183337e+03 6.029991987341194181e+04 3.371528070628189016e+05 1.610799936925544171e+04 9.338629512298579357e+03 1.932316896534561965e+04 1.505433465340799594e+05 1.987995121338744939e+05 1.610775060167230367e+04 1.610802786157953415e+04 1.037818991204412596e+05 2.794098834414902376e+05 1.715403390978710959e+05 1.610789201596450948e+04
1.267388874307853186e+00 2.349171944314870925e+05 8.171552894033748998e+03 4.060238015678504598e+05 4.735194632984332857e+05 1.402054608572823158e+00 4.472884999827501451e+04 1.610822982980392590e+04 6.130135243096599407e-01 4.903328585930386907e+03 1.270163234446684219e+05 1.960962695486961456e+04 6.660232773299145629e+04 3.371525963147456059e+05 1.256125080907403158e+00 1.213986492469162113e+04 3.052755457846897480e+04 1.517435881013649923e+05 1.987993219728162512e+05 1.089147448043193966e+00 4.903362095912480981e+03 1.051824536327706010e+05 2.794096593624037923e+05 1.715400693029675167e+05 4.903255515526873751e+03
4.903351871502482027e+03 2.349172310569550027e+05 3.269447861070142608e+03 4.060238383838761947e+05 4.735195210842331289e+05 4.903482544710972434e+03 4.472890794658751838e+04 1.610816554747051123e+04 4.903328585930386907e+03 6.297518155023240638e-01 1.270163546477436757e+05 1.960963911805821408e+04 6.660234910724188376e+04 3.371526918246273417e+05 4.903367151213201396e+03 7.237804187744436604e+03 3.052757127037150713e+04 1.517436395067575504e+05 1.987993421204643673e+05 4.903126452180342312e+03 1.297962775418923798e+00 1.051824758061992034e+05 2.794096820539338514e+05 1.715401493208660395e+05 1.225682653274646317e+00
1.270163831684549805e+05 1.710884039126259740e+05 1.270164045047333784e+05 3.537363912486766349e+05 4.212322726715491153e+05 1.270163072699140612e+05 1.031348099431340088e+05 1.256158443100237200e+05 1.270163234446684219e+05 1.270163546477436757e+05 1.962358431935987392e+04 1.221143402075350023e+05 8.429926688992230629e+04 2.830594128477319027e+05 1.270161187180906563e+05 1.270164321814922732e+05 1.147614142420837888e+05 5.317855892916286393e+04 1.255526069147264207e+05 1.270158500481583324e+05 1.270162033666099742e+05 3.387804103011184634e+04 2.196738551890174276e+05 8.391176282557442028e+04 1.270160138264641428e+05
1.960967688119946979e+04 2.349173598515857011e+05 1.634163391946189950e+04 4.060238618737069773e+05 4.735197584026107797e+05 1.960964612614925863e+04 3.056747490169640514e+04 3.502836291258183792e+03 1.960962695486961456e+04 1.960963911805821408e+04 1.221143402075350023e+05 6.464315859674364395e-01 5.679856983675551601e+04 3.371529066093410365e+05 1.960945181923634300e+04 1.284023017880784028e+04 1.582159442818698335e+04 1.475420596331220295e+05 1.987995797832236567e+05 1.960916937756212064e+04 1.960948513325479871e+04 1.002804521225725475e+05 2.794099872298252303e+05 1.715403169120728271e+05 1.960929350877989054e+04
6.660233963838990894e+04 2.150867332457962912e+05 6.660234450809849659e+04 3.864162534561779466e+05 4.539118708692014334e+05 6.660243672541508568e+04 3.173925874142970133e+04 6.029991987341194181e+04 6.660232773299145629e+04 6.660234910724188376e+04 8.429926688992230629e+04 5.679856983675551601e+04 3.094080239804021858e+03 3.175450452655669651e+05 6.660226485710997076e+04 6.660238617146697652e+04 4.588038359700648289e+04 1.087187815371026663e+05 1.699323514266686980e+05 6.660200720891755191e+04 6.660235839955529082e+04 6.199251836498636840e+04 2.598020948109781311e+05 1.421284921322785376e+05 6.660218487710782210e+04
3.371527064216454164e+05 2.103378924102298624e+05 3.371527541550403112e+05 2.170411912330556079e+05 3.033846758571488899e+05 3.371527038634782657e+05 3.219023721348271938e+05 3.371528070628187852e+05 3.371525963147455477e+05 3.371526918246273417e+05 2.830594128477319609e+05 3.371529066093410365e+05 3.175450452655669651e+05 8.673629101296402223e+04 3.371525503650074825e+05 3.371527458722409210e+05 3.297999792529857368e+05 2.753896830972580356e+05 2.465636365475929633e+05 3.371524773130476242e+05 3.371525743172556395e+05 2.877531344536996912e+05 1.764996768375909887e+05 2.639313852934531751e+05 3.371525118690787349e+05
1.393067525283780528e+00 2.349169582808096602e+05 8.171498311908158939e+03 4.060236632746732212e+05 4.735194925261430326e+05 1.318560408636844539e+00 4.472864763255001162e+04 1.610799936925544171e+04 1.256125080907403158e+00 4.903367151213201396e+03 1.270161187180906563e+05 1.960945181923634300e+04 6.660226485710997076e+04 3.371525503650074243e+05 5.917835787594946106e-01 1.213980453979008962e+04 3.052751265513916951e+04 1.517435422009367903e+05 1.987992102098927426e+05 7.971792298707792712e-01 4.903127645277741067e+03 1.051822261694759072e+05 2.794096547287259018e+05 1.715400199041476881e+05 4.903027144795812092e+03
1.213988516215126947e+04 2.349173280388353160e+05 3.969523602841917182e+03 4.060239614958941238e+05 4.735195927414081525e+05 1.213989791755909937e+04 4.027167786334925768e+04 9.338629512298579357e+03 1.213986492469162113e+04 7.237804187744435694e+03 1.270164321814922732e+05 1.284023017880784028e+04 6.660238617146697652e+04 3.371527458722408628e+05 1.213980453979008962e+04 2.801788561972462048e+03 2.515878357611216779e+04 1.517437005596897216e+05 1.987994714076019882e+05 1.213956866669768351e+04 7.237831696661830392e+03 1.049602477075516654e+05 2.794098216697240132e+05 1.715402170562429528e+05 7.237691451306121962e+03
3.052762401186583520e+04 2.275644407356974261e+05 2.725964521063115171e+04 3.986710225731119281e+05 4.661667189112001215e+05 3.052770471892780915e+04 2.183995594738805084e+04 1.932316896534562329e+04 3.052755457846897480e+04 3.052757127037150713e+04 1.147614142420837888e+05 1.582159442818698335e+04 4.588038359700648289e+04 3.297999792529857368e+05 3.052751265513916951e+04 2.515878357611216779e+04 9.298315687084637830e+03 1.401890555746559694e+05 1.914465828833565465e+05 3.052726165583418697e+04 3.052761619046837586e+04 9.059322087893787830e+04 2.720570044958208455e+05 1.641872588728120609e+05 3.052743367969532119e+04
1.517436747630999016e+05 1.573505868203970604e+05 1.517436804055601242e+05 3.465002714637922472e+05 4.139960069514393108e+05 1.517437496248199895e+05 1.286074535247199383e+05 1.505433465340799594e+05 1.517435881013649923e+05 1.517436395067575504e+05 5.317855892916285666e+04 1.475420596331220295e+05 1.087187815371026809e+05 2.753896830972579774e+05 1.517435422009367903e+05 1.517437005596897216e+05 1.401890555746559694e+05 2.033095667795261033e+04 1.054421048156659672e+05 1.517432777624751325e+05 1.517436289999997825e+05 7.366268350714919507e+04 2.091725270578064665e+05 6.387883595935738413e+04 1.517434212234734732e+05
1.987994006167586776e+05 1.005816826989357651e+05 1.987994331471658661e+05 3.243248389510327252e+05 3.918203735573263257e+05 1.987994949340964085e+05 1.812823489542749012e+05 1.987995121338744939e+05 1.987993219728162221e+05 1.987993421204643673e+05 1.255526069147264207e+05 1.987995797832236567e+05 1.699323514266686980e+05 2.465636365475929342e+05 1.987992102098927426e+05 1.987994714076019882e+05 1.914465828833565465e+05 1.054421048156659672e+05 2.455618029447759909e+04 1.987990766233729082e+05 1.987993497659601271e+05 1.394887581520629174e+05 1.700975028123308439e+05 7.460821849776731688e+04 1.987992042460047523e+05
1.171912624550529580e+00 2.349168330041352310e+05 8.171262422788618096e+03 4.060235936474659829e+05 4.735194619337844779e+05 1.113187464820185157e+00 4.472841302387640462e+04 1.610775060167230367e+04 1.089147448043193744e+00 4.903126452180342312e+03 1.270158500481583033e+05 1.960916937756212064e+04 6.660200720891756646e+04 3.371524773130476242e+05 7.971792298707792712e-01 1.213956866669768351e+04 3.052726165583418697e+04 1.517432777624751325e+05 1.987990766233729082e+05 3.746833919000893132e-01 4.902979018457781422e+03 1.051819734367104829e+05 2.794095443297455204e+05 1.715398161650612892e+05 4.902774302624408847e+03
4.903483590042732430e+03 2.349170400738251919e+05 3.269465358535803716e+03 4.060236737823549774e+05 4.735195176243985770e+05 4.903416691413680383e+03 4.472877087821681198e+04 1.610802786157953415e+04 4.903362095912480981e+03 1.297962775418923576e+00 1.270162033666099742e+05 1.960948513325479871e+04 6.660235839955529082e+04 3.371525743172554648e+05 4.903127645277741067e+03 7.237831696661830392e+03 3.052761619046837586e+04 1.517436289999997825e+05 1.987993497659601271e+05 4.902979018457781422e+03 6.058070849339047825e-01 1.051822980402407557e+05 2.794096872554455185e+05 1.715401298115721147e+05 9.967840886380573417e-01
1.051825138641409721e+05 1.828604165675826953e+05 1.051825352236299514e+05 3.570043268357037450e+05 4.245002597433328046e+05 1.051824426772495208e+05 7.674955838311185653e+04 1.037818991204412596e+05 1.051824536327706010e+05 1.051824758061992034e+05 3.387804103011183906e+04 1.002804521225725475e+05 6.199251836498636840e+04 2.877531344536996912e+05 1.051822261694759072e+05 1.049602477075516654e+05 9.059322087893787830e+04 7.366268350714920962e+04 1.394887581520629174e+05 1.051819734367104829e+05 1.051822980402407557e+05 1.108509702555349577e+04 2.293585225708500948e+05 1.005498002709968423e+05 1.051821230052433675e+05
2.794097468953727512e+05 1.278547723020994890e+05 2.794098125890893280e+05 2.707865255721444846e+05 3.350803460279434803e+05 2.794098253353022155e+05 2.641594776192067657e+05 2.794098834414902376e+05 2.794096593624037923e+05 2.794096820539337932e+05 2.196738551890174276e+05 2.794099872298252303e+05 2.598020948109781602e+05 1.764996768375909887e+05 2.794096547287259018e+05 2.794098216697240714e+05 2.720570044958208455e+05 2.091725270578064665e+05 1.700975028123308439e+05 2.794095443297455204e+05 2.794096872554455767e+05 2.293585225708500657e+05 7.081317167287103075e+04 1.908324002820571186e+05 2.794096055168497842e+05
1.715401478490670561e+05 1.286045711151692085e+05 1.715401652364573092e+05 3.398476224276085268e+05 4.073433530597420759e+05 1.715402368683220120e+05 1.552004021089515882e+05 1.715403390978711250e+05 1.715400693029675458e+05 1.715401493208660977e+05 8.391176282557442028e+04 1.715403169120728562e+05 1.421284921322785376e+05 2.639313852934531169e+05 1.715400199041477463e+05 1.715402170562429819e+05 1.641872588728120900e+05 6.387883595935738413e+04 7.460821849776730232e+04 1.715398161650613765e+05 1.715401298115721438e+05 1.005498002709968423e+05 1.908324002820571186e+05 3.607877108629099530e+04 1.715399375105866347e+05
4.903353287957041175e+03 2.349169274923433841e+05 3.269355862730766603e+03 4.060236216358700767e+05 4.735194653112261440e+05 4.903294359802008330e+03 4.472859058284118510e+04 1.610789201596450948e+04 4.903255515526873751e+03 1.225682653274646317e+00 1.270160138264641428e+05 1.960929350877989054e+04 6.660218487710782210e+04 3.371525118690786185e+05 4.903027144795812092e+03 7.237691451306121962e+03 3.052743367969532119e+04 1.517434212234734732e+05 1.987992042460047523e+05 4.902774302624408847e+03 9.967840886380573417e-01 1.051821230052433675e+05 2.794096055168497842e+05 1.715399375105866056e+05 5.108279746851500658e-01
