6.662940816756762752e-01 2.418280692794293573e+05 1.411404687684679748e+00 1.979274943768346566e+05 4.000192111260073580e+04 8.148672433326506871e+04 5.176016686359020241e+04 1.143015611168242503e+04 1.142978523308164404e+04 3.062776650978390535e+03 2.357326488008798333e+04 1.496211267947493262e+00 4.668225686557239969e+05 1.084524037925644661e+05 9.695987646199985466e+04 1.143018573723470399e+04 6.611366109202909865e+04 1.143001241216138988e+04 1.376890918217540602e+05 1.469565910971520680e+04 3.015187602921018843e+05 1.543623690530977477e+00 1.143013435623416262e+04 1.658791022506647278e+05 3.922713486780689564e+05
2.418280692794293573e+05 4.847563513893334311e+04 2.418280951612701174e+05 1.089070137121880252e+05 2.303996098121111281e+05 2.075341079293125658e+05 2.189582640956572723e+05 2.418278668233052886e+05 2.418276971398607711e+05 2.418280160690776538e+05 2.418282848819257633e+05 2.418280840833671100e+05 3.719178472229933250e+05 1.954158550365631818e+05 2.033552524910265056e+05 2.418279017112529546e+05 2.181463931961797352e+05 2.418277970831737039e+05 1.722809784726545331e+05 2.418281745794070011e+05 1.642098031975697959e+05 2.418281421586030046e+05 2.418278434792239277e+05 1.488032478669908596e+05 2.861871736273572897e+05
1.411404687684679748e+00 2.418280951612701174e+05 6.273367547699002511e-01 1.979273741418664285e+05 4.000192292377119156e+04 8.148678950951407023e+04 5.176020611250197544e+04 1.143007295690136016e+04 1.142980176710917112e+04 3.062681971083741246e+03 2.357324781484408959e+04 1.313227936494353543e+00 4.668226389584231656e+05 1.084524093448747590e+05 9.695989404863826348e+04 1.143017255524288339e+04 6.611357634543972381e+04 1.142997014073216633e+04 1.376890062385297206e+05 1.469559604694268455e+04 3.015186898652155651e+05 1.531936059918047599e+00 1.143013054305568767e+04 1.658791893314503250e+05 3.922712346857740195e+05
1.979274943768346566e+05 1.089070137121880252e+05 1.979273741418664285e+05 4.288313969411712606e+04 1.864988964105836058e+05 1.636334608102162601e+05 1.750577103303559707e+05 1.979271482227553788e+05 1.979270391745175584e+05 1.979272931617656141e+05 1.979275087670539215e+05 1.979273322752457752e+05 3.861754334594010725e+05 1.463491300353741972e+05 1.562476742260821920e+05 1.979272824471991044e+05 1.742455477922639693e+05 1.979271083090630418e+05 1.175911927142346976e+05 1.979274646630534262e+05 2.031153435838755104e+05 1.979273325398531742e+05 1.979272481992960675e+05 8.089328386998664064e+04 3.081189260372389690e+05
4.000192111260073580e+04 2.303996098121110990e+05 4.000192292377119156e+04 1.864988964105836058e+05 1.142929547633516813e+04 6.434393256633749115e+04 1.665779477980182128e+04 4.000171200757677434e+04 4.000132135025504977e+04 3.898143489193043933e+04 1.643027297363359685e+04 4.000185984141845984e+04 4.496799288649742957e+05 9.702384999274782604e+04 8.512308193281080457e+04 4.000170611291847308e+04 3.835834294041626708e+04 4.000156020576804440e+04 1.262605320939221274e+05 2.530794560789937532e+04 2.843761057953613927e+05 4.000191403609575354e+04 4.000170903715740133e+04 1.544505976074586797e+05 3.751286272150625009e+05
8.148672433326506871e+04 2.075341079293125658e+05 8.148678950951407023e+04 1.636334608102162601e+05 6.434393256633749115e+04 1.055392492847805079e+04 4.943305558596921037e+04 8.148662395462293352e+04 8.148624484726872470e+04 8.148673592945912969e+04 7.577253897648664133e+04 8.148682580908326781e+04 4.382429241667978349e+05 5.819242260553709639e+04 3.977006300353077677e+04 8.148663119373422523e+04 3.740731060695973429e+04 8.148647030062890553e+04 9.172021172684751218e+04 7.985413673550434760e+04 2.729390827517840080e+05 8.148685794303011789e+04 8.148664326815932873e+04 1.234558277296033484e+05 3.636916460575257079e+05
5.176016686359020241e+04 2.189582640956572432e+05 5.176020611250197544e+04 1.750577103303559416e+05 1.665779477980182128e+04 4.943305558596921037e+04 5.490838615871166439e+03 5.175997249397917767e+04 5.175959277131998533e+04 5.135926953444397077e+04 3.183664705474331640e+04 5.176019293826312060e+04 4.382386409026451875e+05 8.558253625594721234e+04 7.343385368287317397e+04 5.176000489910721808e+04 2.201910193839494968e+04 5.175982762983841531e+04 1.148192577372088272e+05 4.053559480117192288e+04 2.729347732262599166e+05 5.176023258431006980e+04 5.176001856192183186e+04 1.430093492251331045e+05 3.636873925612944295e+05
1.143015611168242503e+04 2.418278668233053468e+05 1.143007295690136016e+04 1.979271482227553788e+05 4.000171200757675979e+04 8.148662395462293352e+04 5.175997249397917767e+04 5.716957402518373366e-01 9.368234311040608553e-01 9.389105566240477856e+03 2.357303965094875821e+04 1.143001558463378387e+04 4.668225163833565894e+05 1.084521849660379667e+05 9.695965703102939005e+04 1.284605787567580037e+00 6.611335129268038145e+04 1.000582919525880188e+00 1.376887410348403209e+05 1.469546572684070270e+04 3.015185561341032735e+05 1.143014187312801914e+04 1.219982588381258282e+00 1.658788726751425711e+05 3.922710789602979203e+05
1.142978523308164404e+04 2.418276971398607711e+05 1.142980176710917112e+04 1.979270391745175584e+05 4.000132135025504977e+04 8.148624484726872470e+04 5.175959277131998533e+04 9.368234311040609663e-01 3.689280535797651583e-01 9.388893702378150920e+03 2.357275566904342486e+04 1.142977573534190560e+04 4.668224271721858531e+05 1.084518998183980730e+05 9.695934513155050809e+04 9.879178356700127894e-01 6.611312160266059800e+04 7.419115774196476387e-01 1.376885775639148778e+05 1.469519772553801886e+04 3.015184740554651944e+05 1.142989272143253038e+04 9.726212385244091818e-01 1.658786466289744421e+05 3.922710860067534377e+05
3.062776650978390535e+03 2.418280160690776538e+05 3.062681971083741246e+03 1.979272931617655850e+05 3.898143489193044661e+04 8.148673592945912969e+04 5.135926953444397077e+04 9.389105566240477856e+03 9.388893702378150920e+03 3.572069357609065264e+03 2.255270206736768887e+04 3.062627706233089611e+03 4.668225359707568423e+05 1.084523971222534892e+05 9.695986862533590465e+04 9.389134267263763832e+03 6.611350782731208892e+04 9.389088007619222481e+03 1.376889261377614166e+05 1.367510411089418994e+04 3.015186322845206014e+05 3.062823856827588315e+03 9.389184807935032950e+03 1.658790541100338451e+05 3.922711618032984552e+05
2.357326488008798333e+04 2.418282848819257633e+05 2.357324781484408959e+04 1.979275087670539215e+05 1.643027297363359685e+04 7.577253897648664133e+04 3.183664705474331640e+04 2.357303965094875821e+04 2.357275566904342486e+04 2.255270206736768887e+04 1.250669646230362332e+03 2.357324391343360912e+04 4.611085264070622507e+05 1.084524495396321145e+05 9.655179961269295018e+04 2.357322290187821272e+04 4.978698495150500094e+04 2.357293482723829584e+04 1.376890823071177001e+05 8.879098561318798602e+03 2.958046077216161066e+05 2.357324663048491493e+04 2.357316986040492702e+04 1.658792198503909749e+05 3.865570813691837247e+05
1.496211267947493262e+00 2.418280840833671100e+05 1.313227936494353543e+00 1.979273322752457752e+05 4.000185984141845984e+04 8.148682580908326781e+04 5.176019293826312060e+04 1.143001558463378387e+04 1.142977573534190560e+04 3.062627706233089611e+03 2.357324391343360912e+04 5.872251434360548084e-01 4.668226088586000842e+05 1.084524068463157164e+05 9.695988228475203505e+04 1.143014317300697985e+04 6.611352388388304098e+04 1.142997476794052636e+04 1.376889617523042543e+05 1.469558641265419647e+04 3.015187331664423109e+05 1.526969592766402650e+00 1.143009692702832581e+04 1.658791473171350372e+05 3.922712410145473550e+05
4.668225686557239969e+05 3.719178472229933250e+05 4.668226389584231656e+05 3.861754334594010725e+05 4.496799288649742957e+05 4.382429241667978349e+05 4.382386409026451875e+05 4.668225163833565894e+05 4.668224271721858531e+05 4.668225359707568423e+05 4.611085264070622507e+05 4.668226088586000842e+05 1.182547150778621726e+05 4.255899286636619363e+05 4.363381105771902949e+05 4.668224712287537986e+05 4.390593386351524387e+05 4.668224857466258691e+05 4.153857849674997269e+05 4.651901204930450185e+05 3.110985180330849835e+05 4.668227260399506777e+05 4.668224254481838434e+05 4.058008915854035877e+05 2.484974354315954843e+05
1.084524037925644661e+05 1.954158550365631818e+05 1.084524093448747590e+05 1.463491300353741390e+05 9.702384999274782604e+04 5.819242260553710366e+04 8.558253625594721234e+04 1.084521849660379667e+05 1.084518998183980730e+05 1.084523971222535038e+05 1.084524495396321145e+05 1.084524068463157164e+05 4.255899286636619363e+05 2.568368541146117059e+04 4.655059565372327779e+04 1.084522548838657240e+05 8.017434140912868315e+04 1.084520376622212498e+05 6.851003311603305337e+04 1.084525218490299885e+05 2.630460549756419496e+05 1.084524506175155693e+05 1.084522068827490730e+05 1.060441075101818424e+05 3.555283256772476598e+05
9.695987646199982555e+04 2.033552524910265056e+05 9.695989404863826348e+04 1.562476742260821629e+05 8.512308193281080457e+04 3.977006300353077677e+04 7.343385368287317397e+04 9.695965703102939005e+04 9.695934513155050809e+04 9.695986862533590465e+04 9.655179961269295018e+04 9.695988228475200594e+04 4.363381105771902949e+05 4.655059565372327779e+04 1.500671298323424344e+04 9.695972393791066133e+04 6.349278670091742970e+04 9.695951339143613586e+04 8.384071332966700720e+04 9.684333630771213211e+04 2.702179677066571894e+05 9.695996590416715480e+04 9.695970188990171300e+04 1.181547887132355099e+05 3.572971290566734970e+05
1.143018573723470399e+04 2.418279017112529546e+05 1.143017255524288339e+04 1.979272824471991044e+05 4.000170611291847308e+04 8.148663119373422523e+04 5.176000489910721808e+04 1.284605787567580037e+00 9.879178356700127894e-01 9.389134267263763832e+03 2.357322290187821272e+04 1.143014317300697985e+04 4.668224712287537986e+05 1.084522548838657094e+05 9.695972393791066133e+04 6.286037947581423202e-01 6.611354448003236030e+04 1.214595045610977087e+00 1.376888676836696977e+05 1.469560710677670431e+04 3.015186384582726751e+05 1.143029976859608178e+04 1.162018213756780716e+00 1.658789360262870032e+05 3.922711557042162167e+05
6.611366109202909865e+04 2.181463931961797352e+05 6.611357634543972381e+04 1.742455477922639693e+05 3.835834294041626708e+04 3.740731060695973429e+04 2.201910193839494968e+04 6.611335129268038145e+04 6.611312160266059800e+04 6.611350782731208892e+04 4.978698495150500094e+04 6.611352388388304098e+04 4.390593386351524387e+05 8.017434140912868315e+04 6.349278670091742970e+04 6.611354448003234575e+04 5.569819572086674270e+03 6.611327746884383669e+04 1.099254804371203209e+05 5.736719049796381296e+04 2.737554035850416403e+05 6.611359685695974622e+04 6.611352939531581069e+04 1.420029967547318956e+05 3.645078469466370298e+05
1.143001241216138988e+04 2.418277970831737039e+05 1.142997014073216633e+04 1.979271083090630418e+05 4.000156020576804440e+04 8.148647030062889098e+04 5.175982762983841531e+04 1.000582919525880188e+00 7.419115774196476387e-01 9.389088007619222481e+03 2.357293482723829584e+04 1.142997476794052636e+04 4.668224857466258691e+05 1.084520376622212498e+05 9.695951339143613586e+04 1.214595045610977087e+00 6.611327746884383669e+04 5.737969365884142414e-01 1.376886613049650041e+05 1.469540511686995342e+04 3.015185229464403237e+05 1.143007135795874456e+04 1.158758962253596758e+00 1.658787792853757564e+05 3.922711077169329510e+05
1.376890918217540311e+05 1.722809784726545331e+05 1.376890062385297206e+05 1.175911927142346976e+05 1.262605320939221274e+05 9.172021172684751218e+04 1.148192577372088272e+05 1.376887410348403209e+05 1.376885775639148778e+05 1.376889261377614166e+05 1.376890823071177001e+05 1.376889617523042543e+05 4.153857849674996105e+05 6.851003311603306793e+04 8.384071332966697810e+04 1.376888676836696977e+05 1.099254804371203209e+05 1.376886613049649750e+05 2.034110994305240092e+04 1.376889919280940085e+05 2.465445310009769164e+05 1.376890666549197340e+05 1.376888505415324762e+05 6.592503949014657701e+04 3.408344494555796264e+05
1.469565910971520680e+04 2.418281745794070011e+05 1.469559604694268455e+04 1.979274646630534262e+05 2.530794560789937532e+04 7.985413673550434760e+04 4.053559480117192288e+04 1.469546572684070270e+04 1.469519772553801886e+04 1.367510411089418994e+04 8.879098561318796783e+03 1.469558641265419647e+04 4.651901204930449021e+05 1.084525218490299885e+05 9.684333630771213211e+04 1.469560710677670431e+04 5.736719049796382023e+04 1.469540511686995342e+04 1.376889919280940085e+05 4.665407190015717788e+03 2.998861529109528055e+05 1.469561509023075814e+04 1.469555537558887954e+04 1.658792612615766120e+05 3.906387414154940634e+05
3.015187602921018843e+05 1.642098031975697377e+05 3.015186898652156233e+05 2.031153435838755104e+05 2.843761057953613927e+05 2.729390827517840080e+05 2.729347732262599166e+05 3.015185561341032735e+05 3.015184740554651944e+05 3.015186322845206014e+05 2.958046077216161066e+05 3.015187331664423109e+05 3.110985180330850417e+05 2.630460549756419496e+05 2.702179677066571894e+05 3.015186384582726751e+05 2.737554035850416403e+05 3.015185229464402655e+05 2.465445310009769164e+05 2.998861529109528055e+05 8.167670765664560895e+04 3.015187952144216397e+05 3.015186316285071662e+05 2.307865090430321579e+05 2.375748006156029005e+05
1.543623690530977477e+00 2.418281421586030046e+05 1.531936059918047599e+00 1.979273325398531742e+05 4.000191403609575354e+04 8.148685794303011789e+04 5.176023258431006980e+04 1.143014187312801914e+04 1.142989272143253038e+04 3.062823856827587861e+03 2.357324663048491493e+04 1.526969592766402650e+00 4.668227260399506195e+05 1.084524506175155693e+05 9.695996590416715480e+04 1.143029976859608178e+04 6.611359685695974622e+04 1.143007135795874456e+04 1.376890666549197340e+05 1.469561509023075814e+04 3.015187952144216397e+05 6.197386501579561502e-01 1.143022842300608863e+04 1.658791629667009111e+05 3.922712213432137505e+05
1.143013435623416262e+04 2.418278434792239277e+05 1.143013054305568767e+04 1.979272481992960384e+05 4.000170903715740133e+04 8.148664326815932873e+04 5.176001856192183186e+04 1.219982588381258282e+00 9.726212385244091818e-01 9.389184807935032950e+03 2.357316986040492702e+04 1.143009692702832581e+04 4.668224254481838434e+05 1.084522068827490730e+05 9.695970188990174211e+04 1.162018213756780716e+00 6.611352939531581069e+04 1.158758962253596536e+00 1.376888505415324762e+05 1.469555537558887772e+04 3.015186316285072244e+05 1.143022842300608863e+04 6.046313427296416965e-01 1.658788885812037624e+05 3.922711213454942917e+05
1.658791022506647278e+05 1.488032478669908596e+05 1.658791893314503250e+05 8.089328386998664064e+04 1.544505976074586506e+05 1.234558277296033484e+05 1.430093492251331045e+05 1.658788726751425711e+05 1.658786466289744421e+05 1.658790541100338451e+05 1.658792198503909749e+05 1.658791473171350372e+05 4.058008915854035877e+05 1.060441075101818424e+05 1.181547887132355099e+05 1.658789360262870032e+05 1.420029967547318665e+05 1.658787792853757564e+05 6.592503949014657701e+04 1.658792612615766120e+05 2.307865090430321579e+05 1.658791629667009111e+05 1.658788885812037915e+05 3.576856237472319481e+04 3.312496503035639180e+05
3.922713486780689564e+05 2.861871736273572897e+05 3.922712346857740195e+05 3.081189260372389108e+05 3.751286272150625009e+05 3.636916460575257079e+05 3.636873925612944295e+05 3.922710789602979785e+05 3.922710860067534377e+05 3.922711618032984552e+05 3.865570813691836083e+05 3.922712410145473550e+05 2.484974354315954843e+05 3.555283256772476598e+05 3.572971290566734970e+05 3.922711557042162167e+05 3.645078469466370298e+05 3.922711077169329510e+05 3.408344494555796264e+05 3.906387414154940634e+05 2.375748006156029296e+05 3.922712213432137505e+05 3.922711213454942917e+05 3.312496503035639180e+05 9.807876393152761739e+04
