7.837573925961066612e-01 1.791444825114145933e+05 8.042311861029037391e+04 1.039161896366633737e+05 1.524441822723666555e+05 1.354317085342934268e+00 1.463704616883060972e+00 1.155855206447474920e+05 3.266700891687843250e+05 1.214516575330390624e+05 9.322206082447683730e+04 9.080073203999396355e+04 1.492231458617685247e+00 8.476218049286049791e+03 1.179239789572376685e+04 2.349962322701633821e+04 5.371364005486638052e+05 4.270169086897122907e+05 4.479589669036621490e+04 3.431142335738991096e+04 4.051135466084372752e+02 1.026611262864194130e+00 5.084919385363044421e+04 2.492796338047724566e+05 5.932384172580332233e+04
1.791444825114145933e+05 4.927615770404955401e+04 1.621958063455065712e+05 1.440744916713570710e+05 9.295853274613933172e+04 1.791445128024434962e+05 1.791446429847260879e+05 1.379675778358969837e+05 2.590202608801921597e+05 1.223125708218676591e+05 1.533681836703848385e+05 1.560704818417536444e+05 1.791445337903545587e+05 1.791447408150161209e+05 1.791447607910431398e+05 1.791447447537621774e+05 4.816667795190536417e+05 3.685096253207320697e+05 1.791448781341540162e+05 1.791448556326370745e+05 1.791446227541356348e+05 1.791443449687293614e+05 1.791448770914190682e+05 1.556135316337453260e+05 1.706703656413507997e+05
8.042311861029037391e+04 1.621958063455065712e+05 5.620629636209064302e+03 7.010057175156098674e+04 1.354953975481783855e+05 8.042317370284248318e+04 8.042327495610085316e+04 9.102666616839240305e+04 3.097213803502742667e+05 1.045028836032786057e+05 5.353848084325955278e+04 2.985379560463190137e+04 8.042329332560376497e+04 8.042338939500546257e+04 7.710722651375485293e+04 6.873429117705991666e+04 5.201875408248695894e+05 4.100680736758079729e+05 5.257833346789884672e+04 6.306280290001571120e+04 8.042328679413138889e+04 8.042286424384987913e+04 4.652497759703711199e+04 2.323308921902895090e+05 2.823087523166607571e+04
1.039161896366633737e+05 1.440744916713570710e+05 7.010057175156098674e+04 1.309692769841994050e+04 1.099972536235600128e+05 1.039163172573731426e+05 1.039163814997704758e+05 6.090279880023837904e+04 3.012467454071136308e+05 7.890376315547822742e+04 3.480434331962877332e+04 5.181079279896728985e+04 1.039163696801761835e+05 1.039165149865171843e+05 1.039165255528096168e+05 1.039165801762997580e+05 5.117129890837427811e+05 4.014301196912804153e+05 9.310294717610957741e+04 1.035091951512618980e+05 1.039164673139789666e+05 1.039159642981766519e+05 8.704973374867737584e+04 2.204838370521406468e+05 7.857513726894686988e+04
1.524441822723666555e+05 9.295853274613934627e+04 1.354953975481783855e+05 1.099972536235599982e+05 3.112921421295446999e+04 1.524442162010323373e+05 1.524443094181124761e+05 1.045204368773982860e+05 2.760799125980687095e+05 9.045152074891337543e+04 1.196543543059623189e+05 1.270237978264486301e+05 1.524442717477779661e+05 1.524444715103418566e+05 1.524445268400266941e+05 1.524445048139923310e+05 4.936929226938179345e+05 3.785963798735390883e+05 1.524445578225660720e+05 1.524445574141812103e+05 1.524444014023350028e+05 1.524440184025602648e+05 1.524445744733112806e+05 1.867022265246353054e+05 1.439700236855012190e+05
1.354317085342934046e+00 1.791445128024434962e+05 8.042317370284248318e+04 1.039163172573731572e+05 1.524442162010323373e+05 8.250122598476355984e-01 1.559039615602790363e+00 1.155856295872547198e+05 3.266701222024297458e+05 1.214517294615954306e+05 9.322211976661579683e+04 9.080078258356740116e+04 1.459563029692059200e+00 8.476286072458360650e+03 1.179243923180899583e+04 2.349966126969677498e+04 5.371364636814190308e+05 4.270169092758686165e+05 4.479593458961524448e+04 3.431146798561418109e+04 4.051553656436302049e+02 1.143604912782405947e+00 5.084926246853249904e+04 2.492796728334437939e+05 5.932388592882811645e+04
1.463704616883061194e+00 1.791446429847260879e+05 8.042327495610085316e+04 1.039163814997704758e+05 1.524443094181124761e+05 1.559039615602790363e+00 8.278472805299051940e-01 1.155857622145135392e+05 3.266702541424409137e+05 1.214518755630569358e+05 9.322224224539217539e+04 9.080089819143022760e+04 1.468016868874518766e+00 8.476351711409095515e+03 1.179254133877177082e+04 2.349974877476628535e+04 5.371364683099823305e+05 4.270169805421993951e+05 4.479601683901644719e+04 3.431152932113873976e+04 4.051900351258897786e+02 1.257155650420377802e+00 5.084931820038742444e+04 2.492798011470205092e+05 5.932396811839039583e+04
1.155855206447474920e+05 1.379675778358969837e+05 9.102666616839240305e+04 6.090279880023836449e+04 1.045204368773983151e+05 1.155856295872547198e+05 1.155857622145135392e+05 2.063106905456339882e+04 3.000361214770606603e+05 5.813096124317208159e+04 7.075440484717517393e+04 7.665762909969899920e+04 1.155857223897621443e+05 1.155858881224312499e+05 1.155858928664568957e+05 1.155859413226803008e+05 5.105016038554677507e+05 4.003829161142930971e+05 1.135105046753188217e+05 1.155859305308589246e+05 1.155858164353563916e+05 1.155853497560088872e+05 1.083220287228034867e+05 2.190130467007737898e+05 9.984742518524384650e+04
3.266700891687842086e+05 2.590202608801921597e+05 3.097213803502742667e+05 3.012467454071136308e+05 2.760799125980687095e+05 3.266701222024297458e+05 3.266702541424409137e+05 3.000361214770606603e+05 8.255773074297860148e+04 2.927350267445790232e+05 3.008936580631473335e+05 3.026591732568761217e+05 3.266701596493967227e+05 3.266702903944204445e+05 3.266702964816737222e+05 3.266703788427553955e+05 3.982173415407791617e+05 2.722554972044285387e+05 3.266704542214953690e+05 3.266703880492954631e+05 3.266702316008759663e+05 3.266700223534157267e+05 3.266705079838154488e+05 1.957521167542994372e+05 3.181959479623327497e+05
1.214516575330390624e+05 1.223125708218676591e+05 1.045028836032785912e+05 7.890376315547822742e+04 9.045152074891337543e+04 1.214517294615954015e+05 1.214518755630569358e+05 5.813096124317208159e+04 2.927350267445790232e+05 1.956006216903288805e+04 8.720061286344677501e+04 9.552732154400706349e+04 1.214517577620013471e+05 1.214519667564498377e+05 1.214520082978317514e+05 1.214520389785576117e+05 5.032014012690657401e+05 3.906316552700329921e+05 1.214520176213983068e+05 1.214520112311041448e+05 1.214518968289113982e+05 1.214514742499624990e+05 1.214520181150050485e+05 2.098394596479398897e+05 1.129774548962929402e+05
9.322206082447686640e+04 1.533681836703848094e+05 5.353848084325956734e+04 3.480434331962878059e+04 1.196543543059623189e+05 9.322211976661579683e+04 9.322224224539218994e+04 7.075440484717517393e+04 3.008936580631473335e+05 8.720061286344677501e+04 7.055327984959584683e+03 3.456358687438204652e+04 9.322223054565250641e+04 9.322238084165542386e+04 9.322236047630931716e+04 9.322240136709387298e+04 5.113598839832347585e+05 4.012403513876152574e+05 8.232646498790961050e+04 9.281101401226510643e+04 9.322231321310609928e+04 9.322186680108282599e+04 7.627326152279124653e+04 2.235032484869942709e+05 6.779861977199497051e+04
9.080073203999393445e+04 1.560704818417536444e+05 2.985379560463190137e+04 5.181079279896728258e+04 1.270237978264486301e+05 9.080078258356738661e+04 9.080089819143021305e+04 7.665762909969899920e+04 3.026591732568761217e+05 9.552732154400706349e+04 3.456358687438205379e+04 1.609077555052475145e+04 9.080087058143242029e+04 9.080101865003020794e+04 9.036845145365281496e+04 8.758960527166310931e+04 5.141342808873972390e+05 4.040147863051798777e+05 7.324736510724142136e+04 8.373192480541215627e+04 9.080094363651580352e+04 9.080047958540213585e+04 6.719417928345875407e+04 2.262776892410458240e+05 5.498670562205537863e+04
1.492231458617685247e+00 1.791445337903545587e+05 8.042329332560375042e+04 1.039163696801761835e+05 1.524442717477779661e+05 1.459563029692059422e+00 1.468016868874518766e+00 1.155857223897621443e+05 3.266701596493967227e+05 1.214517577620013471e+05 9.322223054565249186e+04 9.080087058143242029e+04 8.501347395131656492e-01 8.476345409584024310e+03 1.179252221418455338e+04 2.349969878661668554e+04 5.371364944875407964e+05 4.270169550228930311e+05 4.479599905173052684e+04 3.431151453489420237e+04 4.051374816881116203e+02 1.188222755168977685e+00 5.084932508890369354e+04 2.492797490926538012e+05 5.932395023753877467e+04
8.476218049286049791e+03 1.791447408150161209e+05 8.042338939500547713e+04 1.039165149865171843e+05 1.524444715103418566e+05 8.476286072458360650e+03 8.476351711409095515e+03 1.155858881224312499e+05 3.266702903944204445e+05 1.214519667564498377e+05 9.322238084165542386e+04 9.080101865003020794e+04 8.476345409584024310e+03 9.182767482186103836e-01 3.317776148022441703e+03 1.502515162745352427e+04 5.371365254608381074e+05 4.270170722641368629e+05 4.378722397358811577e+04 2.583700571668805787e+04 8.072570183876903684e+03 8.475971225695671819e+03 5.084944881815193366e+04 2.492798463073791354e+05 5.932407553078322235e+04
1.179239789572377231e+04 1.791447607910431398e+05 7.710722651375485293e+04 1.039165255528096168e+05 1.524445268400267232e+05 1.179243923180899765e+04 1.179254133877177446e+04 1.155858928664568957e+05 3.266702964816737222e+05 1.214520082978317660e+05 9.322236047630934627e+04 9.036845145365281496e+04 1.179252221418455520e+04 3.317776148022442158e+03 4.037991008356585098e+03 1.170890253831326845e+04 5.371366028941830155e+05 4.270170968052998069e+05 4.047099711453318741e+04 2.252075763857411948e+04 1.138880817328333433e+04 1.179211551346657870e+04 4.753325913476360438e+04 2.492799480947399570e+05 5.600790365139468486e+04
2.349962322701633821e+04 1.791447447537621774e+05 6.873429117705991666e+04 1.039165801762997580e+05 1.524445048139923310e+05 2.349966126969677498e+04 2.349974877476628171e+04 1.155859413226803008e+05 3.266703788427553955e+05 1.214520389785576117e+05 9.322240136709387298e+04 8.758960527166309475e+04 2.349969878661668554e+04 1.502515162745352427e+04 1.170890253831326845e+04 8.036186111565561987e+03 5.371366449728583684e+05 4.270171664504700457e+05 2.991171571121998568e+04 1.081345002821440721e+04 2.309605047057816773e+04 2.349934882114317952e+04 3.916034984663929208e+04 2.492799399489893403e+05 4.763497139021846669e+04
5.371364005486638052e+05 4.816667795190536417e+05 5.201875408248695894e+05 5.117129890837427811e+05 4.936929226938179345e+05 5.371364636814190308e+05 5.371364683099823305e+05 5.105016038554677507e+05 3.982173415407791617e+05 5.032014012690657401e+05 5.113598839832347585e+05 5.141342808873972972e+05 5.371364944875407964e+05 5.371365254608381074e+05 5.371366028941830155e+05 5.371366449728583684e+05 1.613727729897689715e+05 3.135652984652163577e+05 5.371366850256457692e+05 5.371366328946924768e+05 5.371365473934516776e+05 5.371363800751417875e+05 5.371367023068035487e+05 4.501984673863987555e+05 5.286620980880975258e+05
4.270169086897122907e+05 3.685096253207320697e+05 4.100680736758079729e+05 4.014301196912802989e+05 3.785963798735390883e+05 4.270169092758686165e+05 4.270169805421993951e+05 4.003829161142930971e+05 2.722554972044285387e+05 3.906316552700329921e+05 4.012403513876153738e+05 4.040147863051798777e+05 4.270169550228930311e+05 4.270170722641368629e+05 4.270170968052998069e+05 4.270171664504700457e+05 3.135652984652163577e+05 1.416249587531783327e+05 4.270171438168439781e+05 4.270171042876670253e+05 4.270169912178589730e+05 4.270168046571255545e+05 4.270171888025078224e+05 3.261975738408010220e+05 4.185426244298376841e+05
4.479589669036620762e+04 1.791448781341540162e+05 5.257833346789884672e+04 9.310294717610957741e+04 1.524445578225660720e+05 4.479593458961523720e+04 4.479601683901645447e+04 1.135105046753188217e+05 3.266704542214953690e+05 1.214520176213983214e+05 8.232646498790961050e+04 7.324736510724142136e+04 4.479599905173053412e+04 4.378722397358811577e+04 4.047099711453318741e+04 2.991171571121998568e+04 5.371366850256457692e+05 4.270171438168439781e+05 9.063716651426042517e+03 2.086949287017937240e+04 4.474796435321602621e+04 4.479560847928387375e+04 1.262101297212173813e+04 2.492800568840185006e+05 2.688520835683044425e+04
3.431142335738991096e+04 1.791448556326370745e+05 6.306280290001573303e+04 1.035091951512618980e+05 1.524445574141812103e+05 3.431146798561418109e+04 3.431152932113873976e+04 1.155859305308589246e+05 3.266703880492954631e+05 1.214520112311041448e+05 9.281101401226510643e+04 8.373192480541215627e+04 3.431151453489420237e+04 2.583700571668805787e+04 2.252075763857411948e+04 1.081345002821440903e+04 5.371366328946924768e+05 4.270171042876670253e+05 2.086949287017937240e+04 7.837926052033465112e+02 3.390791653204085742e+04 3.431114112528919941e+04 3.348887282839872933e+04 2.492800205650846474e+05 4.196355884897532087e+04
4.051135466084373888e+02 1.791446227541356348e+05 8.042328679413138889e+04 1.039164673139789666e+05 1.524444014023349737e+05 4.051553656436303186e+02 4.051900351258897786e+02 1.155858164353563916e+05 3.266702316008759663e+05 1.214518968289113982e+05 9.322231321310609928e+04 9.080094363651580352e+04 4.051374816881118477e+02 8.072570183876903684e+03 1.138880817328333069e+04 2.309605047057816773e+04 5.371365473934516776e+05 4.270169912178589730e+05 4.474796435321602621e+04 3.390791653204086469e+04 7.695756130256463621e+02 4.048363341069715489e+02 5.084934759929506254e+04 2.492798208303252759e+05 5.932398550293227163e+04
1.026611262864194130e+00 1.791443449687293614e+05 8.042286424384986458e+04 1.039159642981766519e+05 1.524440184025602648e+05 1.143604912782405947e+00 1.257155650420377579e+00 1.155853497560088872e+05 3.266700223534157267e+05 1.214514742499624990e+05 9.322186680108282599e+04 9.080047958540215041e+04 1.188222755168977685e+00 8.475971225695671819e+03 1.179211551346657507e+04 2.349934882114317952e+04 5.371363800751417875e+05 4.270168046571255545e+05 4.479560847928387375e+04 3.431114112528919941e+04 4.048363341069714920e+02 5.840551012873574921e-01 5.084894284492840961e+04 2.492795362983668165e+05 5.932356524373307911e+04
5.084919385363044421e+04 1.791448770914190100e+05 4.652497759703711199e+04 8.704973374867737584e+04 1.524445744733112806e+05 5.084926246853248449e+04 5.084931820038742444e+04 1.083220287228034867e+05 3.266705079838154488e+05 1.214520181150050485e+05 7.627326152279124653e+04 6.719417928345875407e+04 5.084932508890369354e+04 5.084944881815193366e+04 4.753325913476360438e+04 3.916034984663929208e+04 5.371367023068035487e+05 4.270171888025077060e+05 1.262101297212174177e+04 3.348887282839872933e+04 5.084934759929506254e+04 5.084894284492840961e+04 9.763279244646749788e-01 2.492800436095615441e+05 1.868757038339967039e+04
2.492796338047723984e+05 1.556135316337453260e+05 2.323308921902895090e+05 2.204838370521406468e+05 1.867022265246353054e+05 2.492796728334437939e+05 2.492798011470205092e+05 2.190130467007737898e+05 1.957521167542994372e+05 2.098394596479398897e+05 2.235032484869942709e+05 2.262776892410458240e+05 2.492797490926538012e+05 2.492798463073791354e+05 2.492799480947400152e+05 2.492799399489893403e+05 4.501984673863987555e+05 3.261975738408010220e+05 2.492800568840185006e+05 2.492800205650846474e+05 2.492798208303252759e+05 2.492795362983668165e+05 2.492800436095615441e+05 6.911821198809184716e+04 2.408054622461884574e+05
5.932384172580332233e+04 1.706703656413507997e+05 2.823087523166607571e+04 7.857513726894686988e+04 1.439700236855012190e+05 5.932388592882811645e+04 5.932396811839039583e+04 9.984742518524389016e+04 3.181959479623327497e+05 1.129774548962929402e+05 6.779861977199497051e+04 5.498670562205537863e+04 5.932395023753877467e+04 5.932407553078322235e+04 5.600790365139467758e+04 4.763497139021846669e+04 5.286620980880975258e+05 4.185426244298376841e+05 2.688520835683044425e+04 4.196355884897532087e+04 5.932398550293227163e+04 5.932356524373308639e+04 1.868757038339967039e+04 2.408054622461884574e+05 1.623843073120236477e+04
