2.865038560978026726e+04 2.853781146431730012e+05 1.279921561914462800e+05 1.058955344972754247e+05 1.129876935687600489e+05 1.129877474893155450e+05 1.129874562890752568e+05 1.058956698031588894e+05 4.101750020271068934e+04 1.129873912625579978e+05 1.129874580454266397e+05 1.082594415499746246e+05 3.225695054558798438e+05 1.129873159208912693e+05 1.058954581412481202e+05 1.129875826226071076e+05 8.993822013187006814e+04 5.278831662583438447e+04 1.129872188255124202e+05 7.279845022290403722e+04 2.433509772319481272e+04 3.440689087557162857e+05 5.900147485731468623e+04 2.561101590605234378e+05 2.070321713369849895e+05
2.853781146431730012e+05 5.202997625372337643e+04 2.022266187358321622e+05 3.314771260133697069e+05 3.314770944759363192e+05 3.314769701264508185e+05 3.314769689690879313e+05 3.314770553161560092e+05 2.570092382001340447e+05 3.314769927727490431e+05 3.314769839764488861e+05 3.314771537888887688e+05 1.424432961408364645e+05 3.314768176675523864e+05 3.314773367298759986e+05 3.314770458959216485e+05 3.208388752931054914e+05 3.102007845111403149e+05 3.314769597613587393e+05 3.102007445580717758e+05 2.995623041428794386e+05 1.480677086062971794e+05 2.503603028760943853e+05 1.281039993946154282e+05 1.511885363075783534e+05
1.279921561914462800e+05 2.022266187358321622e+05 2.745255775503003315e+04 1.960609212103881000e+05 1.960608405593794596e+05 1.960607537824053725e+05 1.960607075406577205e+05 1.960607882451097830e+05 9.406835307727129839e+04 1.960606514119643834e+05 1.960607355291580316e+05 1.960609246385144943e+05 2.358719917700042715e+05 1.960604150328428368e+05 1.960609706090767286e+05 1.960608948404612893e+05 1.854225673013736669e+05 1.700563307286383933e+05 1.960605392082786129e+05 1.742591820261141402e+05 1.487795083138767513e+05 2.662365031700162217e+05 7.431135799594952550e+04 1.533886190913187165e+05 1.030201330065566435e+05
1.058955344972754247e+05 3.314771260133697069e+05 1.960609212103881000e+05 4.342544928222286217e+03 3.495605805565602350e+04 2.431750423207989661e+04 3.495589776548833470e+04 3.040605425558150273e+03 1.382994490638563002e+05 2.697708353313693806e+04 3.495596626059646951e+04 1.013319494750162266e+04 3.686686078571968828e+05 3.495547265047448309e+04 7.600184491843495380e+03 3.495605039838311495e+04 2.887678565684881323e+04 6.296289206649566768e+04 3.495572924837779283e+04 5.133549013311360613e+04 8.510799048183708510e+04 3.901679873117908137e+05 1.436186767988709908e+05 3.058525359372798121e+05 2.597346903386119520e+05
1.129876935687600489e+05 3.314770944759363192e+05 1.960608405593794596e+05 3.495605805565601622e+04 3.660465940295998255e-01 1.063951277954724355e+04 1.251056522370770363e+00 3.191638728043441006e+04 1.382995003003405000e+05 7.979938747784146472e+03 1.195748392389369030e+00 2.482398589082244507e+04 3.686685133464416140e+05 9.971604551280756068e-01 4.255474269611402269e+04 1.070032795769519929e+00 5.851225005627964856e+04 7.446969271059513267e+04 1.091361235049764788e+00 7.446968113565530803e+04 9.574631356685144419e+04 3.901678926635358948e+05 1.436186760960996326e+05 3.058523505826543551e+05 2.597343891257666110e+05
1.129877474893155450e+05 3.314769701264508185e+05 1.960607537824053725e+05 2.431750423207989297e+04 1.063951277954724355e+04 3.328795151956365772e-01 1.063958309815117900e+04 2.127785350711359206e+04 1.382994419617122330e+05 2.660591736799811315e+03 1.063960102419032228e+04 1.418564125647509354e+04 3.686684135896225343e+05 1.063923331916504685e+04 3.191647988138728033e+04 1.063951411455552625e+04 5.319301088672487094e+04 7.446972567724857072e+04 1.063945181876574679e+04 7.446973055509837286e+04 9.574622889646301337e+04 3.901678101275658701e+05 1.436185933673864347e+05 3.058523726603401010e+05 2.597344113642384473e+05
1.129874562890752568e+05 3.314769689690879313e+05 1.960607075406577205e+05 3.495589776548832742e+04 1.251056522370770363e+00 1.063958309815117900e+04 3.028845281326292826e-01 3.191636695986678023e+04 1.382993450844620820e+05 7.979533091855774728e+03 8.292168355660026746e-01 2.482395864357987011e+04 3.686684849164801999e+05 8.957039951064786898e-01 4.255460493504363694e+04 9.917135006899243654e-01 5.851219427319108217e+04 7.446949524644915073e+04 7.861263215156691908e-01 7.446951263646963343e+04 9.574621083127243037e+04 3.901678579127288540e+05 1.436185270595457987e+05 3.058520908640865819e+05 2.597341550394482038e+05
1.058956698031588894e+05 3.314770553161560674e+05 1.960607882451097830e+05 3.040605425558150273e+03 3.191638728043441006e+04 2.127785350711359206e+04 3.191636695986678023e+04 3.186766439603186396e-01 1.382994390348058078e+05 2.393745704239452971e+04 3.191642990613139409e+04 7.093501140560968452e+03 3.686685363974841312e+05 3.191593712236346619e+04 1.063984376063144919e+04 3.191635245269077859e+04 3.191639546949319993e+04 6.383151849579303234e+04 3.191617854080136385e+04 5.437532511794353923e+04 8.510790853935955965e+04 3.901678839678028598e+05 1.436186095509007864e+05 3.058524162628834601e+05 2.597345508375955687e+05
4.101750020271070389e+04 2.570092382001340156e+05 9.406835307727129839e+04 1.382994490638563002e+05 1.382995003003405000e+05 1.382994419617122330e+05 1.382993450844620820e+05 1.382994390348058078e+05 2.605677478233849342e+03 1.382993249672583188e+05 1.382994142634079617e+05 1.382995688487344887e+05 2.942006242712813546e+05 1.382990062350946537e+05 1.382995663511955936e+05 1.382995285060856841e+05 1.223420119434906665e+05 8.923328223644485115e+04 1.382991145461668784e+05 1.052028172690777574e+05 6.535115733536969492e+04 3.156999967465439113e+05 1.975813479467338038e+04 2.248638257019430166e+05 1.731085975173211482e+05
1.129873912625579978e+05 3.314769927727490431e+05 1.960606514119643834e+05 2.697708353313693806e+04 7.979938747784146472e+03 2.660591736799811315e+03 7.979533091855774728e+03 2.393745704239452971e+04 1.382993249672582897e+05 3.989652760669715008e+03 7.979702437273494070e+03 1.684506996827361945e+04 3.686684896213053726e+05 7.979523226809208609e+03 3.457578195667784894e+04 7.979741391551056950e+03 5.452273707493823167e+04 7.446942826347546361e+04 7.979453920520194515e+03 7.446943717337302223e+04 9.574615546239497780e+04 3.901678529908964993e+05 1.436185185422677023e+05 3.058520605932296603e+05 2.597341347546771285e+05
1.129874580454266397e+05 3.314769839764488861e+05 1.960607355291580316e+05 3.495596626059646951e+04 1.195748392389369030e+00 1.063960102419032228e+04 8.292168355660026746e-01 3.191642990613139409e+04 1.382994142634079617e+05 7.979702437273494070e+03 3.116015749921255407e-01 2.482395522423136936e+04 3.686685298486579559e+05 9.389418995468451490e-01 4.255466755069211649e+04 9.846111328903988102e-01 5.851221070406471699e+04 7.446952062107766687e+04 8.470094731714171710e-01 7.446952811589918565e+04 9.574620199549933022e+04 3.901678571432440076e+05 1.436186207274791959e+05 3.058521335908111650e+05 2.597341856104949256e+05
1.082594415499746246e+05 3.314771537888887688e+05 1.960609246385144943e+05 1.013319494750162266e+04 2.482398589082244507e+04 1.418564125647509354e+04 2.482395864357987011e+04 7.093501140560968452e+03 1.382995688487344887e+05 1.684506996827361945e+04 2.482395522423136936e+04 9.456673445637748955e+03 3.686686786638837075e+05 2.482380118949688040e+04 1.773194541711797865e+04 2.482393151240340740e+04 3.900872453025414870e+04 6.737747958438229398e+04 2.482381242554234632e+04 6.107329659966344479e+04 8.865424686384375673e+04 3.901680004499700735e+05 1.436188156363885500e+05 3.058522425567518803e+05 2.597343649443777977e+05
3.225695054558798438e+05 1.424432961408364354e+05 2.358719917700042715e+05 3.686686078571969410e+05 3.686685133464416722e+05 3.686684135896224761e+05 3.686684849164801999e+05 3.686685363974841894e+05 2.942006242712813546e+05 3.686684896213053726e+05 3.686685298486579559e+05 3.686686786638837075e+05 4.847717191580287908e+04 3.686683259252783610e+05 3.686688405648201006e+05 3.686685489688266534e+05 3.580304289167999523e+05 3.473922356991746929e+05 3.686684451216007583e+05 3.473921709295252804e+05 3.367538812568291905e+05 1.250363343783280143e+05 2.866652390616443590e+05 1.715579673770602676e+05 2.089064215314899629e+05
1.129873159208912693e+05 3.314768176675523864e+05 1.960604150328428077e+05 3.495547265047448309e+04 9.971604551280756068e-01 1.063923331916504685e+04 8.957039951064786898e-01 3.191593712236346619e+04 1.382990062350946246e+05 7.979523226809208609e+03 9.389418995468449269e-01 2.482380118949688040e+04 3.686683259252783610e+05 2.016498631583580614e-01 4.255443927933770465e+04 1.036336944238503310e+00 5.851172520257571887e+04 7.446931283325949335e+04 5.615265854583600946e-01 7.446930356500083872e+04 9.574575664859669632e+04 3.901676514144394896e+05 1.436181820198441274e+05 3.058521516374412458e+05 2.597341910690420482e+05
1.058954581412481202e+05 3.314773367298759986e+05 1.960609706090767286e+05 7.600184491843495380e+03 4.255474269611402269e+04 3.191647988138728033e+04 4.255460493504363694e+04 1.063984376063144919e+04 1.382995663511955936e+05 3.457578195667784894e+04 4.255466755069211649e+04 1.773194541711797865e+04 3.686688405648199841e+05 4.255443927933770465e+04 3.656046288305538350e-01 4.255469322484095028e+04 2.127788091004896705e+04 6.079187879258354951e+04 4.255440070374364586e+04 4.373670290379354265e+04 8.510807180951230112e+04 3.901681449955154094e+05 1.436187520496789366e+05 3.058524828961823951e+05 2.597344903532256722e+05
1.129875826226071076e+05 3.314770458959216485e+05 1.960608948404612893e+05 3.495605039838311495e+04 1.070032795769519929e+00 1.063951411455552625e+04 9.917135006899244765e-01 3.191635245269077859e+04 1.382995285060856841e+05 7.979741391551056950e+03 9.846111328903988102e-01 2.482393151240340740e+04 3.686685489688266534e+05 1.036336944238503310e+00 4.255469322484095028e+04 3.372863051286986158e-01 5.851225248133352579e+04 7.446962594602158060e+04 9.728440853986020098e-01 7.446960719478625106e+04 9.574635149855419877e+04 3.901678982636397122e+05 1.436187160612852604e+05 3.058522096195447375e+05 2.597343148961508123e+05
8.993822013187008270e+04 3.208388752931054914e+05 1.854225673013736669e+05 2.887678565684881687e+04 5.851225005627964856e+04 5.319301088672488549e+04 5.851219427319108217e+04 3.191639546949319993e+04 1.223420119434906665e+05 5.452273707493823167e+04 5.851221070406471699e+04 3.900872453025415598e+04 3.580304289167999523e+05 5.851172520257571887e+04 2.127788091004896705e+04 5.851225248133352579e+04 2.127697089720324584e+04 4.173155694279575255e+04 5.851197667998010729e+04 2.245999838715388978e+04 6.915049175794677285e+04 3.795296779561192379e+05 1.289910531154658674e+05 2.952143320794056053e+05 2.490963866880602145e+05
5.278831662583438447e+04 3.102007845111403731e+05 1.700563307286383933e+05 6.296289206649568223e+04 7.446969271059513267e+04 7.446972567724858527e+04 7.446949524644916528e+04 6.383151849579304690e+04 8.923328223644488025e+04 7.446942826347547816e+04 7.446952062107766687e+04 6.737747958438229398e+04 3.473922356991746929e+05 7.446931283325949335e+04 6.079187879258354951e+04 7.446962594602158060e+04 4.173155694279575255e+04 9.513977513524496317e+03 7.446933269117484451e+04 2.148881807822827614e+04 3.052321789714259648e+04 3.688915797133305459e+05 1.037253271440304816e+05 2.845759025210766704e+05 2.384579983919505612e+05
1.129872188255124493e+05 3.314769597613587976e+05 1.960605392082786129e+05 3.495572924837779283e+04 1.091361235049764788e+00 1.063945181876574679e+04 7.861263215156691908e-01 3.191617854080136385e+04 1.382991145461668784e+05 7.979453920520194515e+03 8.470094731714173930e-01 2.482381242554234632e+04 3.686684451216007583e+05 5.615265854583600946e-01 4.255440070374364586e+04 9.728440853986020098e-01 5.851197667998010729e+04 7.446933269117482996e+04 2.200187323166459263e-01 7.446929862209320709e+04 9.574601368237084534e+04 3.901677880664839759e+05 1.436183057633058925e+05 3.058520708740164409e+05 2.597340794986549299e+05
7.279845022290403722e+04 3.102007445580718340e+05 1.742591820261141402e+05 5.133549013311360613e+04 7.446968113565530803e+04 7.446973055509837286e+04 7.446951263646963343e+04 5.437532511794353923e+04 1.052028172690777428e+05 7.446943717337302223e+04 7.446952811589918565e+04 6.107329659966344479e+04 3.473921709295252804e+05 7.446930356500083872e+04 4.373670290379354265e+04 7.446960719478625106e+04 2.245999838715388614e+04 2.148881807822827614e+04 7.446929862209320709e+04 2.101774639111155011e+03 5.201107654506584367e+04 3.688914794258504990e+05 1.131815572155041737e+05 2.845758995991040138e+05 2.384579962753103173e+05
2.433509772319481272e+04 2.995623041428794386e+05 1.487795083138767513e+05 8.510799048183708510e+04 9.574631356685141509e+04 9.574622889646301337e+04 9.574621083127243037e+04 8.510790853935955965e+04 6.535115733536969492e+04 9.574615546239497780e+04 9.574620199549933022e+04 8.865424686384375673e+04 3.367538812568293069e+05 9.574575664859669632e+04 8.510807180951230112e+04 9.574635149855419877e+04 6.915049175794677285e+04 3.052321789714259648e+04 9.574601368237084534e+04 5.201107654506584367e+04 3.391644400028238637e-01 3.582532118877721950e+05 8.244848082543806231e+04 2.739377727913369890e+05 2.278197916030675406e+05
3.440689087557161693e+05 1.480677086062971794e+05 2.662365031700162217e+05 3.901679873117908137e+05 3.901678926635358948e+05 3.901678101275658701e+05 3.901678579127288540e+05 3.901678839678028016e+05 3.156999967465438531e+05 3.901678529908964993e+05 3.901678571432440076e+05 3.901680004499700735e+05 1.250363343783280143e+05 3.901676514144394896e+05 3.901681449955153512e+05 3.901678982636397122e+05 3.795296779561192379e+05 3.688915797133304877e+05 3.901677880664840341e+05 3.688914794258504990e+05 3.582532118877721950e+05 3.887950039187691436e+04 3.103808516249266686e+05 2.138762786038293270e+05 2.336562046570055827e+05
5.900147485731468623e+04 2.503603028760944144e+05 7.431135799594951095e+04 1.436186767988709908e+05 1.436186760960996326e+05 1.436185933673864056e+05 1.436185270595457987e+05 1.436186095509007573e+05 1.975813479467337675e+04 1.436185185422677023e+05 1.436186207274791668e+05 1.436188156363885209e+05 2.866652390616443590e+05 1.436181820198441274e+05 1.436187520496789075e+05 1.436187160612852313e+05 1.289910531154658529e+05 1.037253271440304670e+05 1.436183057633058925e+05 1.131815572155041737e+05 8.244848082543806231e+04 3.103808516249266686e+05 1.595794340159101012e+04 2.129772122755764576e+05 1.560112096753751102e+05
2.561101590605234669e+05 1.281039993946154282e+05 1.533886190913187165e+05 3.058525359372798121e+05 3.058523505826543551e+05 3.058523726603401592e+05 3.058520908640865819e+05 3.058524162628834019e+05 2.248638257019430166e+05 3.058520605932296603e+05 3.058521335908111650e+05 3.058522425567518803e+05 1.715579673770602676e+05 3.058521516374412458e+05 3.058524828961823951e+05 3.058522096195447375e+05 2.952143320794056053e+05 2.845759025210766704e+05 3.058520708740164409e+05 2.845758995991040138e+05 2.739377727913369890e+05 2.138762786038293270e+05 2.129772122755764576e+05 2.476846566882309708e+04 8.124384879840056237e+04
2.070321713369849895e+05 1.511885363075784117e+05 1.030201330065566435e+05 2.597346903386119520e+05 2.597343891257666110e+05 2.597344113642384473e+05 2.597341550394482329e+05 2.597345508375955978e+05 1.731085975173211773e+05 2.597341347546771576e+05 2.597341856104949256e+05 2.597343649443777977e+05 2.089064215314899629e+05 2.597341910690420482e+05 2.597344903532257013e+05 2.597343148961508123e+05 2.490963866880602436e+05 2.384579983919505903e+05 2.597340794986549881e+05 2.384579962753103755e+05 2.278197916030675697e+05 2.336562046570055827e+05 1.560112096753751102e+05 8.124384879840056237e+04 2.993990464484073163e+04
