6.312005478788059918e+03 3.582704564672106644e+05 5.128385566604613996e+04 2.697175346876597032e+05 5.128362661430598382e+04 2.422892424455681612e+04 1.982236062201424502e+05 5.128414935841638362e+04 3.729807387012529944e+04 4.685206289787596907e+05 1.371650312476230320e+05 2.146516360115081188e+05 3.729804906205176667e+04 4.157136547270628216e+04 6.186633015071341069e+05 1.630985359631141182e+05 5.128409281434045261e+04 3.729795392469077342e+04 1.051561583221275796e+05 7.842736999347279198e+04 5.029498021116427117e+04 5.128412120466884517e+04 2.474668678695767085e+04 5.128403567070118152e+04 3.729801612417645083e+04
3.582704564672106644e+05 1.168425101299036032e+05 3.753640883311208454e+05 2.441663020666980010e+05 3.753640427386640804e+05 3.582704684087796486e+05 3.037265981191361207e+05 3.753642395689688856e+05 3.753643697030485491e+05 2.888720265776280430e+05 3.112619796122516855e+05 2.908002751328010927e+05 3.753644159873751341e+05 3.753641363706029952e+05 4.614694652322859038e+05 3.114955586236094241e+05 3.753642510189882596e+05 3.753643141868690145e+05 3.212334247929935809e+05 3.240823727914601914e+05 3.753641107383840717e+05 3.753641953472883324e+05 3.628604852343185339e+05 3.753642006135858246e+05 3.753643989739546087e+05
5.128385566604613996e+04 3.753640883311208454e+05 8.101952587264275030e-01 2.868111633336473606e+05 1.094609862431335623e+00 5.840639869986926351e+04 2.184252631766635750e+05 1.591086573451675479e+00 3.135194381467039420e+04 4.783335421161700506e+05 1.573667562807212817e+05 2.331579907861076936e+05 3.418984966405586601e+04 1.282200166543304476e+04 6.272100150271049934e+05 1.833002252448347281e+05 1.566234061756088813e+00 2.056793951262584233e+04 1.253579040073110518e+05 9.862916031264328922e+04 1.555374252008317853e+03 1.544241297007667990e+00 4.669377978858423739e+04 1.496811689559088165e+00 3.418985081533010816e+04
2.697175346876597032e+05 2.441663020666980883e+05 2.868111633336473606e+05 7.756423705027376127e+04 2.868110541313545546e+05 2.697175882366248989e+05 1.951290761635712697e+05 2.868113793026992353e+05 2.868114908292202745e+05 3.640010160651997430e+05 2.302243131082349864e+05 1.609355439391944092e+05 2.868115515906016226e+05 2.868113128264770494e+05 5.068380671425717883e+05 2.092180816138968803e+05 2.868113300381121226e+05 2.868114355995369842e+05 2.412276300552007160e+05 2.440765247191397648e+05 2.868112206352420617e+05 2.868113542724008439e+05 2.743076144371129340e+05 2.868113388411956257e+05 2.868115714644946274e+05
5.128362661430598382e+04 3.753640427386640804e+05 1.094609862431335623e+00 2.868110541313545546e+05 6.114312115656321822e-01 5.840615977618682518e+04 2.184251036823141621e+05 1.383009383920361213e+00 3.135174454581286045e+04 4.783335194435139420e+05 1.573666202663298754e+05 2.331578920699136506e+05 3.418960495168197667e+04 1.282184092637480717e+04 6.272100075477500213e+05 1.833000913190087304e+05 1.389137170716309155e+00 2.056772103497381977e+04 1.253577018035307556e+05 9.862894558865942236e+04 1.555225497311917934e+03 1.389122147873058433e+00 4.669356101197052340e+04 1.320224736651156583e+00 3.418963592851065187e+04
2.422892424455681612e+04 3.582704684087796486e+05 5.840639869986926351e+04 2.697175882366249571e+05 5.840615977618682518e+04 1.672943845418041747e+04 1.856620472796131216e+05 5.840665823309840198e+04 4.985968002453237568e+04 4.685206374205003958e+05 1.246034796498475334e+05 2.062439208201982547e+05 4.985961639618325717e+04 5.413296779158163554e+04 6.186632631065204041e+05 1.505369875374190742e+05 5.840667064475192456e+04 4.962583558352510590e+04 9.259459188443612948e+04 6.572465561892300320e+04 5.840642746486711258e+04 5.840664509774252656e+04 3.349062081182680413e+04 5.840656060665841505e+04 4.962585197840518958e+04
1.982236062201424502e+05 3.037265981191361207e+05 2.184252631766635750e+05 1.951290761635712697e+05 2.184251036823141330e+05 1.856620472796131216e+05 2.467204842743151312e+04 2.184255112846708216e+05 2.184256362324276706e+05 4.210373241529343650e+05 1.280872878657985420e+05 1.003740071992774028e+05 2.184256136693035660e+05 2.184254533690851822e+05 5.626329125714594265e+05 8.992583864513925801e+04 2.184255217202040949e+05 2.184255234743840701e+05 1.437454338805101870e+05 1.496857310922506731e+05 2.184253652028392535e+05 2.184254417388864385e+05 2.059216780577191093e+05 2.184254503186470829e+05 2.184256718857169326e+05
5.128414935841638362e+04 3.753642395689688856e+05 1.591086573451675479e+00 2.868113793026992353e+05 1.383009383920361213e+00 5.840665823309840198e+04 2.184255112846708216e+05 9.027353611565963609e-01 3.135211046541004907e+04 4.783336572244116687e+05 1.573671060453831451e+05 2.331582480315811990e+05 3.419001514705032605e+04 1.282222956733853061e+04 6.272101285048365826e+05 1.833005430248127377e+05 1.632166862470785240e+00 2.056806179013526707e+04 1.253582193701143988e+05 9.862945115149377671e+04 1.555682837677830094e+03 1.650053050704436419e+00 4.669402393426572962e+04 1.651077748946530921e+00 3.419002648078102357e+04
3.729807387012529944e+04 3.753643697030486073e+05 3.135194381467039420e+04 2.868114908292202745e+05 3.135174454581286045e+04 4.985968002453237568e+04 2.184256362324276706e+05 3.135211046541004907e+04 4.732911127007022515e+03 4.783337637937638210e+05 1.573671510469887871e+05 2.331583159906929068e+05 3.662316405059583758e+03 1.853138551988283143e+04 6.272102230439870618e+05 1.833006032317226636e+05 3.135209766781468352e+04 1.131986785966378739e+04 1.253582981407031475e+05 9.862951469142123824e+04 2.979790075792543212e+04 3.135211163404963736e+04 2.949156408967513562e+04 3.135206082455890646e+04 1.627311333841988926e+04
4.685206289787596907e+05 2.888720265776280430e+05 4.783335421161700506e+05 3.640010160651997430e+05 4.783335194435139420e+05 4.685206374205003376e+05 4.210373241529343650e+05 4.783336572244116687e+05 4.783337637937637628e+05 1.254206988013187802e+05 4.215120863283739309e+05 4.074937588251871057e+05 4.783338289901120588e+05 4.783335689482867019e+05 4.346654603278965224e+05 4.254294456963260891e+05 4.783336586715373560e+05 4.783337371560480096e+05 4.314836499728621566e+05 4.343326128717793035e+05 4.783335955120185390e+05 4.783336116485670209e+05 4.728410207379739732e+05 4.783336099725220120e+05 4.783338158070938662e+05
1.371650312476230320e+05 3.112619796122516855e+05 1.573667562807212817e+05 2.302243131082349864e+05 1.573666202663298754e+05 1.246034796498475334e+05 1.280872878657985420e+05 1.573671060453831451e+05 1.573671510469887871e+05 4.215120863283739309e+05 2.499272555409695997e+04 1.533228879065060464e+05 1.573671809831258142e+05 1.573669388003991044e+05 5.802017444861698896e+05 7.688571367202485271e+04 1.573670462762873212e+05 1.573671149151895952e+05 5.864216403312155308e+04 7.879111995562195079e+04 1.573668570168279985e+05 1.573669932679753401e+05 1.448631683259716083e+05 1.573669467470196250e+05 1.573672053416212148e+05
2.146516360115081188e+05 2.908002751328010927e+05 2.331579907861076936e+05 1.609355439391944092e+05 2.331578920699136506e+05 2.062439208201982547e+05 1.003740071992774028e+05 2.331582480315811990e+05 2.331583159906929068e+05 4.074937588251871057e+05 1.533228879065060464e+05 5.694919162741105538e+04 2.331583702279950958e+05 2.331581714828170370e+05 5.422306331390065607e+05 1.212622547501797380e+05 2.331582387971762801e+05 2.331583060301985533e+05 1.689297687099951145e+05 1.722390799563232285e+05 2.331580931596400042e+05 2.331581932234677370e+05 2.206544333121659292e+05 2.331582328623290232e+05 2.331584165721526660e+05
3.729804906205175939e+04 3.753644159873751341e+05 3.418984966405586601e+04 2.868115515906016226e+05 3.418960495168197667e+04 4.985961639618325717e+04 2.184256136693035660e+05 3.419001514705031877e+04 3.662316405059582848e+03 4.783338289901121170e+05 1.573671809831258142e+05 2.331583702279950958e+05 9.120438695828199105e-01 2.136922828294766805e+04 6.272102340856781229e+05 1.833006489465695631e+05 3.419001812220097781e+04 1.415775280808500429e+04 1.253583195395117218e+05 9.862953786268662952e+04 3.263575641240643017e+04 3.418996858383340441e+04 2.959982552686025883e+04 3.418992671221653291e+04 1.709583239383291948e+04
4.157136547270627489e+04 3.753641363706029952e+05 1.282200166543304294e+04 2.868113128264769912e+05 1.282184092637480535e+04 5.413296779158163554e+04 2.184254533690852113e+05 1.282222956733853061e+04 1.853138551988283143e+04 4.783335689482867019e+05 1.573669388003990753e+05 2.331581714828170370e+05 2.136922828294766805e+04 4.274300193237644635e+03 6.272100576156893512e+05 1.833004119882793748e+05 1.282220599762861275e+04 7.747311789534839590e+03 1.253580909587326314e+05 9.862930706094524066e+04 1.126790486709005563e+04 1.282216111351602194e+04 3.387322992944331054e+04 1.282210786453196670e+04 2.136922448309279207e+04
6.186633015071341069e+05 4.614694652322860202e+05 6.272100150271049934e+05 5.068380671425717883e+05 6.272100075477500213e+05 6.186632631065204041e+05 5.626329125714594265e+05 6.272101285048366990e+05 6.272102230439870618e+05 4.346654603278965224e+05 5.802017444861698896e+05 5.422306331390064443e+05 6.272102340856781229e+05 6.272100576156893512e+05 1.853003531046785356e+05 5.670251260682684369e+05 6.272101154417459620e+05 6.272101479462282732e+05 5.901732081472943537e+05 5.930222146286487114e+05 6.272100459919400746e+05 6.272100582332465565e+05 6.229367712946214015e+05 6.272100640933467075e+05 6.272102069352357648e+05
1.630985359631141182e+05 3.114955586236094241e+05 1.833002252448347281e+05 2.092180816138968803e+05 1.833000913190087595e+05 1.505369875374190742e+05 8.992583864513925801e+04 1.833005430248127377e+05 1.833006032317226636e+05 4.254294456963260891e+05 7.688571367202485271e+04 1.212622547501797526e+05 1.833006489465695631e+05 1.833004119882793748e+05 5.670251260682684369e+05 3.555812252268772863e+04 1.833005438972550619e+05 1.833005604961685312e+05 1.083846676790213824e+05 1.147831193155566289e+05 1.833003566059938166e+05 1.833004316705477249e+05 1.707966467050339561e+05 1.833004137874932203e+05 1.833006225468835037e+05
5.128409281434045261e+04 3.753642510189882014e+05 1.566234061756088813e+00 2.868113300381121226e+05 1.389137170716309155e+00 5.840667064475192456e+04 2.184255217202040949e+05 1.632166862470785018e+00 3.135209766781468352e+04 4.783336586715374724e+05 1.573670462762873212e+05 2.331582387971762801e+05 3.419001812220098509e+04 1.282220599762861457e+04 6.272101154417459620e+05 1.833005438972550619e+05 8.770122479420340289e-01 2.056810102749586804e+04 1.253581967834046227e+05 9.862948931586962135e+04 1.555653425355876834e+03 1.592107425004745114e+00 4.669397741403396503e+04 1.669646807649973974e+00 3.419002086099427834e+04
3.729795392469077342e+04 3.753643141868690145e+05 2.056793951262584233e+04 2.868114355995369842e+05 2.056772103497381977e+04 4.962583558352510590e+04 2.184255234743840701e+05 2.056806179013526707e+04 1.131986785966379102e+04 4.783337371560480096e+05 1.573671149151895952e+05 2.331583060301985533e+05 1.415775280808500975e+04 7.747311789534839590e+03 6.272101479462282732e+05 1.833005604961685312e+05 2.056810102749587168e+04 4.491472420511470773e+03 1.253582238307890657e+05 9.862944751121259469e+04 1.901388913756127295e+04 2.056803375643388063e+04 2.906560416056557006e+04 2.056805110311821772e+04 1.706241593798385293e+04
1.051561583221275796e+05 3.212334247929935809e+05 1.253579040073110518e+05 2.412276300552007160e+05 1.253577018035307556e+05 9.259459188443612948e+04 1.437454338805101870e+05 1.253582193701143988e+05 1.253582981407031475e+05 4.314836499728622148e+05 5.864216403312155308e+04 1.689297687099951145e+05 1.253583195395117218e+05 1.253580909587326314e+05 5.901732081472943537e+05 1.083846676790213824e+05 1.253581967834046227e+05 1.253582238307890511e+05 1.793815495261901742e+04 4.059477361731932615e+04 1.253580127023091627e+05 1.253581409145342332e+05 1.128542581510715390e+05 1.253581056196860300e+05 1.253582939066198451e+05
7.842736999347279198e+04 3.240823727914601914e+05 9.862916031264328922e+04 2.440765247191397648e+05 9.862894558865942236e+04 6.572465561892300320e+04 1.496857310922506731e+05 9.862945115149377671e+04 9.862951469142120914e+04 4.343326128717793035e+05 7.879111995562195079e+04 1.722390799563232285e+05 9.862953786268662952e+04 9.862930706094524066e+04 5.930222146286487114e+05 1.147831193155566143e+05 9.862948931586962135e+04 9.862944751121259469e+04 4.059477361731932615e+04 1.554918859637726564e+04 9.862926186793258239e+04 9.862942894292855635e+04 8.612548177282755205e+04 9.862936843636784761e+04 9.362144553686142899e+04
5.029498021116427117e+04 3.753641107383840135e+05 1.555374252008318081e+03 2.868112206352420617e+05 1.555225497311917934e+03 5.840642746486711258e+04 2.184253652028392826e+05 1.555682837677830094e+03 2.979790075792543212e+04 4.783335955120185972e+05 1.573668570168279985e+05 2.331580931596400042e+05 3.263575641240643017e+04 1.126790486709005745e+04 6.272100459919400746e+05 1.833003566059938166e+05 1.555653425355876834e+03 1.901388913756127295e+04 1.253580127023091627e+05 9.862926186793259694e+04 2.543734020188009254e+03 1.555616693266113316e+03 4.513975900247889513e+04 1.555611403748123621e+03 3.263569224571769519e+04
5.128412120466884517e+04 3.753641953472883324e+05 1.544241297007667768e+00 2.868113542724008439e+05 1.389122147873058433e+00 5.840664509774252656e+04 2.184254417388864385e+05 1.650053050704436419e+00 3.135211163404963736e+04 4.783336116485671373e+05 1.573669932679753110e+05 2.331581932234677370e+05 3.418996858383340441e+04 1.282216111351602194e+04 6.272100582332465565e+05 1.833004316705477249e+05 1.592107425004745114e+00 2.056803375643388063e+04 1.253581409145342332e+05 9.862942894292855635e+04 1.555616693266113316e+03 8.507708993048668233e-01 4.669399986949798767e+04 1.556534036644801056e+00 3.419000186876848602e+04
2.474668678695767085e+04 3.628604852343185339e+05 4.669377978858423739e+04 2.743076144371129340e+05 4.669356101197050884e+04 3.349062081182681140e+04 2.059216780577191093e+05 4.669402393426572962e+04 2.949156408967513198e+04 4.728410207379740896e+05 1.448631683259716083e+05 2.206544333121659292e+05 2.959982552686025883e+04 3.387322992944331054e+04 6.229367712946214015e+05 1.707966467050339561e+05 4.669397741403396503e+04 2.906560416056556642e+04 1.128542581510715390e+05 8.612548177282758115e+04 4.513975900247889513e+04 4.669399986949798767e+04 7.314723521862311827e+03 4.669392943653617840e+04 2.794061665288178483e+04
5.128403567070118152e+04 3.753642006135858246e+05 1.496811689559088165e+00 2.868113388411956257e+05 1.320224736651156583e+00 5.840656060665841505e+04 2.184254503186471411e+05 1.651077748946530921e+00 3.135206082455890282e+04 4.783336099725220120e+05 1.573669467470196250e+05 2.331582328623290232e+05 3.418992671221653291e+04 1.282210786453196852e+04 6.272100640933467075e+05 1.833004137874932203e+05 1.669646807649973974e+00 2.056805110311821772e+04 1.253581056196860300e+05 9.862936843636784761e+04 1.555611403748123621e+03 1.556534036644801056e+00 4.669392943653617840e+04 8.424932516560913465e-01 3.418996661207233410e+04
3.729801612417645083e+04 3.753643989739546087e+05 3.418985081533010816e+04 2.868115714644946274e+05 3.418963592851065187e+04 4.962585197840518958e+04 2.184256718857169326e+05 3.419002648078102357e+04 1.627311333841988926e+04 4.783338158070939244e+05 1.573672053416212148e+05 2.331584165721526660e+05 1.709583239383291948e+04 2.136922448309279207e+04 6.272102069352358812e+05 1.833006225468835037e+05 3.419002086099427834e+04 1.706241593798384929e+04 1.253582939066198451e+05 9.362144553686142899e+04 3.263569224571769519e+04 3.419000186876848602e+04 2.794061665288178483e+04 3.418996661207233410e+04 1.002506122215218170e+03
