1.505386247381999965e+04 3.426507694708199124e+05 1.444517748411812645e+05 1.296408950512097945e+05 1.313383408619393595e+05 1.313386041148507502e+05 1.313384708239287138e+05 1.313384115273239149e+05 1.313385657401404751e+05 1.256086710969936103e+05 4.441155840199954691e+05 1.305343570229645848e+05 9.493440602326234512e+04 1.313386748899241211e+05 1.313387084027702513e+05 1.313382381975210155e+05 1.215762276868987246e+05 6.614159225493775739e+04 2.090686231298780767e+05 5.975851189794025413e+04 5.168717576642488129e+05 1.313383791788073722e+05 1.313383151473959151e+05 2.400580898592677549e+05 8.931824925091383921e+04
3.426507694708199124e+05 1.955370897988895886e+05 3.099491840171711519e+05 3.825295883744904422e+05 3.825294257596019888e+05 3.825294988005432533e+05 3.825295406872360618e+05 3.825295331663073739e+05 3.825295860816378263e+05 3.825296057701067766e+05 3.428823547637123847e+05 3.825296701125614345e+05 3.710089859678411158e+05 3.825294752048419905e+05 3.825295644316605176e+05 3.825292792509686551e+05 3.825297290638047853e+05 3.259051343094984186e+05 2.924624657286282745e+05 3.610243843475074973e+05 4.508291743473826209e+05 3.825293529765133862e+05 3.825293470437981887e+05 2.672509819728880539e+05 3.664007088780037011e+05
1.444517748411812354e+05 3.099491840171711519e+05 2.549302727136743124e+04 1.951430176125605358e+05 1.951427494919764285e+05 1.951429882019045472e+05 1.951428676064620377e+05 1.951428172072569432e+05 1.951430062128661957e+05 1.951430230797008844e+05 4.141618039338220842e+05 1.951429967923936783e+05 1.836222567881546274e+05 1.951429469639784656e+05 1.951429606163476419e+05 1.951424710362122569e+05 1.951430024308337306e+05 1.074079144785773533e+05 1.122479177301454038e+05 1.647241862183613121e+05 4.728051198204076500e+05 1.951426114552411018e+05 1.951426322745331854e+05 2.325999607545348408e+05 1.790138272780014668e+05
1.296408950512097945e+05 3.825295883744904422e+05 1.951430176125605358e+05 6.049422132099032751e+03 7.661465535286460363e+04 7.359049904682638589e+04 7.661471732549238368e+04 7.661467125808738638e+04 7.661473318188401754e+04 2.822744681687939737e+04 4.786778029958615080e+05 2.058738867087391918e+04 6.293402108561852947e+04 4.973289542198279378e+04 4.435658622354497493e+04 7.661435148376772122e+04 3.549899951384746237e+04 1.549367191060976766e+05 2.499975311261434981e+05 9.191302025471247907e+04 5.514340312798127998e+05 7.661451912469047238e+04 7.661455264623273979e+04 2.971160488405778306e+05 6.855040244905681175e+04
1.313383408619393595e+05 3.825294257596019306e+05 1.951427494919764285e+05 7.661465535286460363e+04 9.119553959814766797e-01 1.915497001154650934e+04 1.613060590660538946e+04 1.613054696382126167e+04 1.613068152136214485e+04 8.871144402161707694e+04 4.786775441805125447e+05 5.602885117363712197e+04 1.082966796681866981e+05 4.301249186534426553e+04 4.838878169577141671e+04 1.238781486973673962e+00 9.677590932674595388e+04 1.549364235493664455e+05 2.499971463052167092e+05 1.218185183623871562e+05 5.514337770466950024e+05 1.376365902169608413e+00 1.163546414766609087e+04 2.971157783912131563e+05 1.129050999708034797e+05
1.313386041148507502e+05 3.825294988005432533e+05 1.951429882019045472e+05 7.359049904682635679e+04 1.915497001154650206e+04 4.915273172385668659e+03 1.915501551940920763e+04 1.915494242677418515e+04 1.201566091655837954e+04 8.568736502878434840e+04 4.786776632648239029e+05 5.300481671545827703e+04 1.081079873217551649e+05 2.385907178811449558e+04 4.510029845418751938e+04 1.915469335314457567e+04 9.375202164648193866e+04 1.549367300187580113e+05 2.499975077809873619e+05 1.218187837686598505e+05 5.514338600483534392e+05 1.915488393223249295e+04 1.915486714103640770e+04 2.971159005449647666e+05 1.129053287486743066e+05
1.313384708239287138e+05 3.825295406872360618e+05 1.951428676064620377e+05 7.661471732549238368e+04 1.613060590660538401e+04 1.915501551940920763e+04 8.842475837076673173e-01 1.336153531742626299e+00 7.140730148782557080e+03 8.871155539489905641e+04 4.786775897278392222e+05 5.602893730187754409e+04 1.082968211363243172e+05 4.301250798519879027e+04 4.838893558751508681e+04 1.613041696825447798e+04 9.677602223095692170e+04 1.549364720673561096e+05 2.499972777266291378e+05 1.218186302372740902e+05 5.514338610604756977e+05 1.613066182670761373e+04 4.496500888483710696e+03 2.971159055907414877e+05 1.129052184774306370e+05
1.313384115273239149e+05 3.825295331663073739e+05 1.951428172072569432e+05 7.661467125808738638e+04 1.613054696382126167e+04 1.915494242677418515e+04 1.336153531742626299e+00 9.397936125767843984e-01 7.140682117509287309e+03 8.871153273161580728e+04 4.786775548298177891e+05 5.602894226312410319e+04 1.082968283286084479e+05 4.301247086864891025e+04 4.838895346258353675e+04 1.613039505569456196e+04 9.677606177149350697e+04 1.549364554683090537e+05 2.499971829281600658e+05 1.218185823036562360e+05 5.514338420259897830e+05 1.613067987687915229e+04 4.496460593148333828e+03 2.971157911043892964e+05 1.129051919766679493e+05
1.313385657401405042e+05 3.825295860816378263e+05 1.951430062128661957e+05 7.661473318188401754e+04 1.613068152136214485e+04 1.201566091655837954e+04 7.140730148782556171e+03 7.140682117509287309e+03 7.959318477977557450e+03 8.871159759686073812e+04 4.786776497514603543e+05 5.602890554112881364e+04 1.082968724766128580e+05 3.587340771669269452e+04 4.827185794299955887e+04 1.613050413008334908e+04 9.677611695780177251e+04 1.549366105890513863e+05 2.499973962647317967e+05 1.218186633718598896e+05 5.514338563819633564e+05 1.613067528093134206e+04 9.646109915020459084e+03 2.971159470984605723e+05 1.129053424956188683e+05
1.256086710969936103e+05 3.825296057701067766e+05 1.951430230797009135e+05 2.822744681687939737e+04 8.871144402161707694e+04 8.568736502878434840e+04 8.871155539489905641e+04 8.871153273161580728e+04 8.871159759686072357e+04 8.065600956636247247e+03 4.786778038898655795e+05 4.881337547992799955e+04 5.083721997648949764e+04 6.182977894533069048e+04 4.058879301558771840e+04 8.871114425012978609e+04 2.313760951409486006e+04 1.549368048342425027e+05 2.499975346609644475e+05 8.284042814891802846e+04 5.514340342084596632e+05 8.871130180284638482e+04 8.871134019869558688e+04 2.971160947264163988e+05 5.645361294101332896e+04
4.441155840199954691e+05 3.428823547637125012e+05 4.141618039338221424e+05 4.786778029958614497e+05 4.786775441805125447e+05 4.786776632648239029e+05 4.786775897278392222e+05 4.786775548298177309e+05 4.786776497514603543e+05 4.786778038898655795e+05 1.913578574192489032e+05 4.786777276624494116e+05 4.671571248609113973e+05 4.786776862471748027e+05 4.786777636120436946e+05 4.786774878576385672e+05 4.786777689396534115e+05 4.262583869972364628e+05 4.138756548769605579e+05 4.571723848361727432e+05 3.913055138364063459e+05 4.786776133454392548e+05 4.786775844256180571e+05 3.967927489319090964e+05 4.625487866666594637e+05
1.305343570229645848e+05 3.825296701125613763e+05 1.951429967923936783e+05 2.058738867087391918e+04 5.602885117363712197e+04 5.300481671545827703e+04 5.602893730187754409e+04 5.602894226312410319e+04 5.602890554112881364e+04 4.881337547992799955e+04 4.786777276624494116e+05 8.043146124424536538e+03 8.351964047562507039e+04 2.914727329478583124e+04 2.377085199350468611e+04 5.602868909287689894e+04 5.608469608812803199e+04 1.549365963232783542e+05 2.499973773616456892e+05 1.034259783220547397e+05 5.514339688602058450e+05 5.602885079960364237e+04 5.602884520391938713e+04 2.971160724426446250e+05 8.913616353095481463e+04
9.493440602326234512e+04 3.710089859678411158e+05 1.836222567881546274e+05 6.293402108561852947e+04 1.082966796681866981e+05 1.081079873217551649e+05 1.082968211363243172e+05 1.082968283286084479e+05 1.082968724766128580e+05 5.083721997648949764e+04 4.671571248609113973e+05 8.351964047562507039e+04 1.891212424826854112e+04 9.653623393935627246e+04 9.115979867667170765e+04 1.082965540068420087e+05 3.785703646425037005e+04 1.320751243481648562e+05 2.384767456170320802e+05 4.261158549012980802e+04 5.399132096994820749e+05 1.082966636813318764e+05 1.082967257142195594e+05 2.855953141610376770e+05 1.804560190163665538e+04
1.313386748899241211e+05 3.825294752048419905e+05 1.951429469639784656e+05 4.973289542198279378e+04 4.301249186534426553e+04 2.385907178811449558e+04 4.301250798519879027e+04 4.301247086864891025e+04 3.587340771669269452e+04 6.182977894533069048e+04 4.786776862471748027e+05 2.914727329478582396e+04 9.653623393935627246e+04 7.169408533332482875e+03 2.124264135426465873e+04 4.301215645606325415e+04 6.989446524660877185e+04 1.549367626674408384e+05 2.499975467646142351e+05 1.146504261474422819e+05 5.514338420257209800e+05 4.301240454320434219e+04 4.301237854869563307e+04 2.971158886560193496e+05 1.021525700375624147e+05
1.313387084027702513e+05 3.825295644316605176e+05 1.951429606163476419e+05 4.435658622354497493e+04 4.838878169577141671e+04 4.510029845418751938e+04 4.838893558751508681e+04 4.838895346258353675e+04 4.827185794299953704e+04 4.058879301558771840e+04 4.786777636120436946e+05 2.377085199350468611e+04 9.115979867667170765e+04 2.124264135426465873e+04 5.211248490582391923e+02 4.838853634166549455e+04 6.347773496314591466e+04 1.549367441325487162e+05 2.499975346659146890e+05 1.110661825414038030e+05 5.514339369772251230e+05 4.838870917360203021e+04 4.838867594723028742e+04 2.971159038215343026e+05 9.677620520236538141e+04
1.313382381975210446e+05 3.825292792509686551e+05 1.951424710362122569e+05 7.661435148376772122e+04 1.238781486973674184e+00 1.915469335314457567e+04 1.613041696825447798e+04 1.613039505569456196e+04 1.613050413008334544e+04 8.871114425012978609e+04 4.786774878576385090e+05 5.602868909287689894e+04 1.082965540068420087e+05 4.301215645606325415e+04 4.838853634166549455e+04 6.423213764488943101e-01 9.677576092599701951e+04 1.549362517968357715e+05 2.499970694351015263e+05 1.218183730429992429e+05 5.514337143468582071e+05 1.114231704617172802e+00 1.163520949675834891e+04 2.971155610903244815e+05 1.129048217629686114e+05
1.215762276868987246e+05 3.825297290638047853e+05 1.951430024308337306e+05 3.549899951384746964e+04 9.677590932674595388e+04 9.375202164648193866e+04 9.677602223095692170e+04 9.677606177149350697e+04 9.677611695780177251e+04 2.313760951409486734e+04 4.786777689396534697e+05 5.608469608812803926e+04 3.785703646425037005e+04 6.989446524660877185e+04 6.347773496314592921e+04 9.677576092599701951e+04 3.381989276640562821e+03 1.549367096219040104e+05 2.499975043342758145e+05 7.477579740748996846e+04 5.514339459206634201e+05 9.677589294319904002e+04 9.677595316991225991e+04 2.971160913353875512e+05 4.838908034630972543e+04
6.614159225493775739e+04 3.259051343094984186e+05 1.074079144785773533e+05 1.549367191060976766e+05 1.549364235493664455e+05 1.549367300187580113e+05 1.549364720673561096e+05 1.549364554683090537e+05 1.549366105890513863e+05 1.549368048342425027e+05 4.262583869972364628e+05 1.549365963232783542e+05 1.320751243481648562e+05 1.549367626674408384e+05 1.549367441325487162e+05 1.549362517968357715e+05 1.549367096219040104e+05 3.407053635149918409e+04 1.745422953091844101e+05 1.032443406830472522e+05 4.954865167520366958e+05 1.549364370301353920e+05 1.549363989507513470e+05 2.185931945472318912e+05 1.267108650852642313e+05
2.090686231298780476e+05 2.924624657286282745e+05 1.122479177301454038e+05 2.499975311261434981e+05 2.499971463052167383e+05 2.499975077809873619e+05 2.499972777266291378e+05 2.499971829281600658e+05 2.499973962647318258e+05 2.499975346609643893e+05 4.138756548769605579e+05 2.499973773616457183e+05 2.384767456170320802e+05 2.499975467646142351e+05 2.499975346659146890e+05 2.499970694351015263e+05 2.499975043342758145e+05 1.745422953091843519e+05 7.143444746859940642e+04 2.249735939339038741e+05 4.725190074574754108e+05 2.499971906372172816e+05 2.499971786369512847e+05 2.042027663547428674e+05 2.338683920265780471e+05
5.975851189794026141e+04 3.610243843475074973e+05 1.647241862183613121e+05 9.191302025471247907e+04 1.218185183623871417e+05 1.218187837686598505e+05 1.218186302372740902e+05 1.218185823036562360e+05 1.218186633718598896e+05 8.284042814891802846e+04 4.571723848361727432e+05 1.034259783220547397e+05 4.261158549012981530e+04 1.146504261474422819e+05 1.110661825414038030e+05 1.218183730429992429e+05 7.477579740748996846e+04 1.032443406830472522e+05 2.249735939339038741e+05 2.629058656799198434e+04 5.299286037294227863e+05 1.218185615623467602e+05 1.218184683509906172e+05 2.756106988539714948e+05 4.251773701627969422e+04
5.168717576642488129e+05 4.508291743473826209e+05 4.728051198204076500e+05 5.514340312798127998e+05 5.514337770466950024e+05 5.514338600483534392e+05 5.514338610604756977e+05 5.514338420259897830e+05 5.514338563819633564e+05 5.514340342084596632e+05 3.913055138364063459e+05 5.514339688602058450e+05 5.399132096994820749e+05 5.514338420257209800e+05 5.514339369772251230e+05 5.514337143468582071e+05 5.514339459206634201e+05 4.954865167520366958e+05 4.725190074574754108e+05 5.299286037294227863e+05 2.152993748605236178e+05 5.514338038187165512e+05 5.514337597020991379e+05 4.843771942657484906e+05 5.353050051150284708e+05
1.313383791788073722e+05 3.825293529765133862e+05 1.951426114552411018e+05 7.661451912469047238e+04 1.376365902169608413e+00 1.915488393223249295e+04 1.613066182670761373e+04 1.613067987687915229e+04 1.613067528093133660e+04 8.871130180284638482e+04 4.786776133454392548e+05 5.602885079960364237e+04 1.082966636813318764e+05 4.301240454320434219e+04 4.838870917360203021e+04 1.114231704617173024e+00 9.677589294319904002e+04 1.549364370301354211e+05 2.499971906372172816e+05 1.218185615623467602e+05 5.514338038187165512e+05 8.671175117507662344e-01 1.163538911841207846e+04 2.971157096063504578e+05 1.129050059258126566e+05
1.313383151473959151e+05 3.825293470437981887e+05 1.951426322745331854e+05 7.661455264623273979e+04 1.163546414766608723e+04 1.915486714103640770e+04 4.496500888483710696e+03 4.496460593148332919e+03 9.646109915020459084e+03 8.871134019869558688e+04 4.786775844256180571e+05 5.602884520391938713e+04 1.082967257142195594e+05 4.301237854869564035e+04 4.838867594723028742e+04 1.163520949675834891e+04 9.677595316991225991e+04 1.549363989507513470e+05 2.499971786369512847e+05 1.218184683509906172e+05 5.514337597020990215e+05 1.163538911841207846e+04 6.485370847222031443e+03 2.971156623410290340e+05 1.129050194349738449e+05
2.400580898592677549e+05 2.672509819728880539e+05 2.325999607545348408e+05 2.971160488405778306e+05 2.971157783912132145e+05 2.971159005449647666e+05 2.971159055907414877e+05 2.971157911043893546e+05 2.971159470984605723e+05 2.971160947264163988e+05 3.967927489319090964e+05 2.971160724426446832e+05 2.855953141610376770e+05 2.971158886560193496e+05 2.971159038215343026e+05 2.971155610903244815e+05 2.971160913353875512e+05 2.185931945472318912e+05 2.042027663547428674e+05 2.756106988539714948e+05 4.843771942657483742e+05 2.971157096063505160e+05 2.971156623410290340e+05 7.464911141546838917e+04 2.809870295493936865e+05
8.931824925091383921e+04 3.664007088780037011e+05 1.790138272780014668e+05 6.855040244905681175e+04 1.129050999708034506e+05 1.129053287486743066e+05 1.129052184774306370e+05 1.129051919766679493e+05 1.129053424956188683e+05 5.645361294101332896e+04 4.625487866666594055e+05 8.913616353095481463e+04 1.804560190163665175e+04 1.021525700375624147e+05 9.677620520236538141e+04 1.129048217629686114e+05 4.838908034630972543e+04 1.267108650852642313e+05 2.338683920265780471e+05 4.251773701627969422e+04 5.353050051150283543e+05 1.129050059258126566e+05 1.129050194349738449e+05 2.809870295493936865e+05 1.095019994161704702e+00
