3.154031695556394066e-01 2.273254665711602138e+05 8.190679263673067423e-01 1.149545166960196730e+04 1.341010101800129050e+05 2.726357557037048391e+05 1.902949214575714141e+05 1.494264989691020164e+05 4.008882715044831857e+05 1.477975949915995989e+04 8.648215472837552653e-01 5.015800248809111508e+04 7.967989484024490254e-01 7.664142365210048411e+03 2.298980358058029378e+04 7.909080542805405623e-01 1.188133841822576420e+00 1.628366221256536373e+05 3.808413216233656858e+05 3.448399930371744995e+04 1.039574974859387657e+00 5.747255616589801502e+04 1.173637750203250180e+05 1.208471061631138044e+00 3.292296246684609214e+05
2.273254665711602138e+05 2.873710866053781137e+04 2.273255696100109199e+05 2.273256998736581590e+05 1.277091082287207537e+05 6.029439352274096018e+04 4.841007445622736122e+04 1.107414872235067160e+05 2.317836459372444660e+05 2.273257505353546003e+05 2.273254592472662334e+05 2.024374354182991665e+05 2.273253860219382332e+05 2.273256864140265679e+05 2.273257909601107531e+05 2.273255493903664174e+05 2.273256224622046866e+05 8.439166450840866310e+04 2.110226832010706130e+05 2.158315468014580547e+05 2.273256501960700843e+05 1.991127562934547022e+05 1.444462492095803027e+05 2.273256343069775321e+05 1.400041404621299298e+05
8.190679263673067423e-01 2.273255696100109199e+05 3.431945616894440110e-01 1.149556762031787730e+04 1.341012034461394942e+05 2.726358756204831880e+05 1.902951225519618602e+05 1.494267088516731455e+05 4.008883475055049057e+05 1.477985578105676541e+04 1.014831952295574213e+00 5.015812809027122421e+04 9.207985041688713235e-01 7.664225407057084340e+03 2.298990928097357391e+04 8.590580706202312067e-01 1.158161314003361975e+00 1.628367989517608075e+05 3.808414025516010006e+05 3.448408138407370279e+04 1.058184812600197144e+00 5.747269401499572268e+04 1.173639109424888884e+05 1.193858887811859670e+00 3.292296969250188558e+05
1.149545166960196730e+04 2.273256998736582173e+05 1.149556762031787730e+04 3.271023518552553799e-01 1.341012746298472630e+05 2.726360310658285744e+05 1.902952303058526595e+05 1.494268055266312440e+05 4.008883767264674534e+05 3.285287920493041838e+03 1.149552518031217005e+04 3.994113095027105010e+04 1.149535463887563674e+04 3.832543972248721275e+03 1.149561022268567103e+04 1.149547076867937903e+04 1.149567894221097777e+04 1.628369226359657478e+05 3.808414320792087237e+05 2.298986781440563209e+04 1.149555595286928656e+04 5.747276530708553037e+04 1.173640730173777556e+05 1.149566501660149152e+04 3.292298022941736854e+05
1.341010101800129050e+05 1.277091082287207537e+05 1.341012034461394942e+05 1.341012746298472630e+05 1.021751052821016674e+04 1.730193595753906993e+05 8.557004719366494101e+04 1.696901801438433540e+04 3.127658325814657146e+05 1.308170184185875696e+05 1.341007462649588706e+05 9.834127271560048393e+04 1.341006405186554766e+05 1.341011575218819198e+05 1.226071676992571593e+05 1.341010877886733506e+05 1.341010871336311684e+05 4.702327520119275869e+04 2.927193361735282233e+05 1.111127326163725957e+05 1.341012515234083403e+05 8.812418345642148051e+04 1.673846393657814406e+04 1.341010597665870446e+05 2.368725500705446466e+05
2.726357557037048391e+05 6.029439352274096746e+04 2.726358756204831880e+05 2.726360310658285744e+05 1.730193595753906993e+05 2.327078530709030747e+04 1.027766944337969908e+05 1.560517010322516726e+05 2.078807133114586759e+05 2.726359875357087585e+05 2.726355760127031826e+05 2.496475959119315667e+05 2.726355287655208376e+05 2.726358502237438224e+05 2.726360588956772117e+05 2.726358589453740278e+05 2.726357188708409667e+05 1.353436642560459732e+05 1.864111025864495314e+05 2.611419211541006516e+05 2.726359373732150998e+05 2.496476554141190718e+05 1.897564302717942337e+05 2.726357565072595607e+05 1.058926488179350708e+05
1.902949214575714723e+05 4.841007445622736122e+04 1.902951225519618602e+05 1.902952303058526304e+05 8.557004719366492645e+04 1.027766944337969908e+05 1.135285942426801739e+04 6.860206846486528229e+04 2.501861857193052710e+05 1.902954401111086190e+05 1.902951042443246697e+05 1.625593983761603013e+05 1.902950033090026991e+05 1.902953457722394378e+05 1.902952726591780083e+05 1.902950288238740177e+05 1.902953039429343771e+05 3.854785343315399950e+04 2.301393660754740704e+05 1.788010034401738085e+05 1.902951323982689646e+05 1.507040065373919497e+05 1.023073530687556922e+05 1.902953708380258176e+05 1.742929639816936688e+05
1.494264989691020164e+05 1.107414872235067160e+05 1.494267088516731455e+05 1.494268055266312440e+05 1.696901801438433540e+04 1.560517010322516726e+05 6.860206846486528229e+04 2.815364059554779487e+03 2.957983233520011418e+05 1.466120320656088006e+05 1.494266065058805689e+05 1.153088976894095540e+05 1.494264908690222946e+05 1.494269763146332116e+05 1.395746446153868455e+05 1.494265666626540769e+05 1.494269283074777341e+05 3.005571670003435793e+04 2.757514311715645599e+05 1.280803483074535325e+05 1.494267941120239848e+05 1.050918007204686292e+05 3.370657513889226539e+04 1.494269344742339454e+05 2.199049822051257652e+05
4.008882715044831857e+05 2.317836459372444660e+05 4.008883475055049057e+05 4.008883767264674534e+05 3.127658325814657146e+05 2.078807133114586759e+05 2.501861857193052710e+05 2.957983233520011418e+05 2.955729739646623784e+04 4.008883010999949765e+05 4.008880927540130797e+05 3.778999878701130510e+05 4.008880695082701859e+05 4.008881834997987607e+05 4.008884787352633430e+05 4.008882774329322856e+05 4.008881515265947091e+05 2.801988183204630041e+05 9.973004109470675758e+04 3.893941903878182056e+05 4.008882960598814534e+05 3.779000624085209565e+05 3.204287178429528140e+05 4.008882080525843776e+05 1.454888314998435962e+05
1.477975949915995989e+04 2.273257505353546003e+05 1.477985578105676541e+04 3.285287920493042293e+03 1.308170184185875405e+05 2.726359875357087585e+05 1.902954401111086190e+05 1.466120320656088006e+05 4.008883010999949765e+05 4.691879725403550765e+03 1.477951239626745519e+04 3.665720218964399101e+04 1.477930066086228908e+04 7.116798432043149660e+03 8.211514327302829770e+03 1.477973770280846475e+04 1.477971744113966815e+04 1.628367763879137347e+05 3.808415980335326167e+05 1.970571043918203213e+04 1.477992567821895682e+04 5.418880486009305605e+04 1.140798229765029391e+05 1.477975578349567331e+04 3.292296759606957785e+05
8.648215472837552653e-01 2.273254592472662334e+05 1.014831952295574213e+00 1.149552518031217005e+04 1.341007462649588124e+05 2.726355760127031826e+05 1.902951042443246697e+05 1.494266065058805689e+05 4.008880927540130797e+05 1.477951239626745519e+04 2.729927705888119394e-01 5.015801260115969490e+04 4.147627008681878946e-01 7.663893977856392667e+03 2.298984744800579210e+04 1.022839523307020881e+00 8.975239107015230422e-01 1.628364171307852957e+05 3.808414928477821522e+05 3.448408087948887260e+04 1.179287887471866192e+00 5.747257224166407832e+04 1.173634835153482854e+05 9.250472957017493725e-01 3.292294761615471798e+05
5.015800248809112236e+04 2.024374354182991665e+05 5.015812809027122421e+04 3.994113095027105010e+04 9.834127271560048393e+04 2.496475959119315667e+05 1.625593983761603013e+05 1.153088976894095540e+05 3.778999878701130510e+05 3.665720218964399101e+04 5.015801260115969490e+04 7.590556995867195837e+03 5.015790263855456578e+04 4.334699278017279721e+04 2.844666694841161734e+04 5.015805512603493116e+04 5.015839516453033866e+04 1.361015150579675974e+05 3.578531108398858341e+05 1.695228839844767936e+04 5.015825578597293497e+04 1.753265824563250499e+04 8.160387834798605763e+04 5.015838373248525022e+04 3.062415223280336359e+05
7.967989484024490254e-01 2.273253860219382332e+05 9.207985041688714345e-01 1.149535463887563674e+04 1.341006405186554766e+05 2.726355287655208376e+05 1.902950033090026991e+05 1.494264908690222946e+05 4.008880695082701859e+05 1.477930066086228908e+04 4.147627008681878946e-01 5.015790263855455851e+04 1.419448125597318200e-01 7.663749883478740230e+03 2.298967025026652482e+04 8.723100961887366722e-01 7.829519453046397404e-01 1.628363299527353083e+05 3.808414498176916968e+05 3.448391999931852479e+04 1.050665519500096456e+00 5.747245664123460301e+04 1.173633873967422260e+05 8.171235329353405685e-01 3.292294645494126598e+05
7.664142365210048411e+03 2.273256864140265679e+05 7.664225407057086159e+03 3.832543972248721275e+03 1.341011575218819198e+05 2.726358502237438224e+05 1.902953457722394378e+05 1.494269763146332116e+05 4.008881834997987607e+05 7.116798432043149660e+03 7.663893977856392667e+03 4.334699278017279721e+04 7.663749883478740230e+03 5.108958240684190059e+03 1.532720887370333912e+04 7.664154013808428317e+03 7.663981547154476175e+03 1.628367294521878357e+05 3.808417084565594560e+05 2.682146138684400285e+04 7.664141587137348324e+03 5.747292706108794664e+04 1.173638600825128669e+05 7.664006152935629871e+03 3.292296632642825134e+05
2.298980358058029378e+04 2.273257909601107531e+05 2.298990928097357391e+04 1.149561022268567103e+04 1.226071676992571593e+05 2.726360588956772117e+05 1.902952726591780083e+05 1.395746446153868455e+05 4.008884787352633430e+05 8.211514327302829770e+03 2.298984744800579210e+04 2.844666694841161734e+04 2.298967025026652482e+04 1.532720887370333912e+04 4.274335419907480116e-01 2.298980530575482408e+04 2.299006764546538398e+04 1.628369687219112820e+05 3.808416000065780245e+05 1.149538257133650040e+04 2.299007372620270326e+04 4.597835965472427051e+04 1.058697499991465447e+05 2.299017441448722820e+04 3.292300226058128756e+05
7.909080542805404512e-01 2.273255493903664174e+05 8.590580706202312067e-01 1.149547076867937903e+04 1.341010877886733506e+05 2.726358589453740278e+05 1.902950288238740177e+05 1.494265666626540769e+05 4.008882774329322856e+05 1.477973770280846475e+04 1.022839523307020881e+00 5.015805512603493116e+04 8.723100961887366722e-01 7.664154013808428317e+03 2.298980530575482408e+04 2.914377069754687799e-01 1.149887334543673090e+00 1.628367052142391040e+05 3.808414029483770137e+05 3.448402564372914640e+04 1.083134128584864131e+00 5.747267327205448237e+04 1.173638960725017969e+05 1.258426659617050358e+00 3.292297034297747887e+05
1.188133841822576420e+00 2.273256224622046866e+05 1.158161314003361753e+00 1.149567894221097777e+04 1.341010871336311684e+05 2.726357188708409667e+05 1.902953039429343771e+05 1.494269283074777341e+05 4.008881515265947673e+05 1.477971744113966815e+04 8.975239107015231532e-01 5.015839516453033866e+04 7.829519453046397404e-01 7.663981547154476175e+03 2.299006764546538398e+04 1.149887334543673090e+00 2.983873722685112528e-01 1.628366783211296133e+05 3.808415554130499950e+05 3.448435926381630998e+04 1.184514974602036030e+00 5.747297819576807524e+04 1.173638603745574655e+05 9.740161436100026604e-01 3.292295738216780010e+05
1.628366221256536373e+05 8.439166450840866310e+04 1.628367989517608075e+05 1.628369226359657478e+05 4.702327520119275869e+04 1.353436642560459732e+05 3.854785343315399950e+04 3.005571670003435793e+04 2.801988183204630041e+05 1.628367763879137347e+05 1.628364171307852666e+05 1.361015150579675974e+05 1.628363299527353665e+05 1.628367294521878357e+05 1.628369687219112820e+05 1.628367052142391040e+05 1.628366783211296133e+05 1.928681878965875148e+04 2.601523585491495323e+05 1.513427403607682209e+05 1.628368377274070517e+05 1.215621854626160930e+05 6.376061402176734555e+04 1.628367137163528241e+05 2.043055842709531717e+05
3.808413216233657440e+05 2.110226832010706421e+05 3.808414025516010006e+05 3.808414320792087237e+05 2.927193361735282233e+05 1.864111025864495314e+05 2.301393660754740704e+05 2.757514311715645599e+05 9.973004109470675758e+04 3.808415980335326749e+05 3.808414928477821522e+05 3.578531108398858923e+05 3.808414498176917550e+05 3.808417084565594560e+05 3.808416000065780827e+05 3.808414029483770719e+05 3.808415554130499950e+05 2.601523585491495323e+05 3.221226893164179273e+04 3.693473178953615134e+05 3.808414450497754733e+05 3.578531166738457396e+05 3.003820986422675778e+05 3.808415960375388968e+05 1.244267999521392048e+05
3.448399930371744995e+04 2.158315468014581129e+05 3.448408138407370279e+04 2.298986781440563209e+04 1.111127326163725957e+05 2.611419211541006516e+05 1.788010034401738085e+05 1.280803483074535325e+05 3.893941903878182638e+05 1.970571043918203213e+04 3.448408087948887260e+04 1.695228839844767572e+04 3.448391999931852479e+04 2.682146138684400285e+04 1.149538257133650040e+04 3.448402564372914640e+04 3.448435926381630998e+04 1.513427403607682209e+05 3.693473178953614552e+05 1.149464811320947774e+04 3.448421593060408486e+04 3.448404441619654972e+04 9.437544354669215681e+04 3.448440445245870796e+04 3.177356821293761022e+05
1.039574974859387657e+00 2.273256501960701135e+05 1.058184812600197144e+00 1.149555595286928656e+04 1.341012515234083403e+05 2.726359373732150998e+05 1.902951323982689646e+05 1.494267941120239848e+05 4.008882960598814534e+05 1.477992567821895682e+04 1.179287887471865970e+00 5.015825578597293497e+04 1.050665519500096456e+00 7.664141587137348324e+03 2.299007372620270326e+04 1.083134128584864353e+00 1.184514974602036030e+00 1.628368377274070517e+05 3.808414450497754733e+05 3.448421593060408486e+04 3.141586285356656183e-01 5.747282140084200364e+04 1.173640205617665051e+05 1.172411463898348716e+00 3.292297273595310980e+05
5.747255616589801502e+04 1.991127562934547022e+05 5.747269401499572268e+04 5.747276530708553037e+04 8.812418345642148051e+04 2.496476554141190718e+05 1.507040065373919497e+05 1.050918007204686292e+05 3.779000624085208401e+05 5.418880486009305605e+04 5.747257224166406377e+04 1.753265824563250499e+04 5.747245664123460301e+04 5.747292706108794664e+04 4.597835965472427051e+04 5.747267327205448237e+04 5.747297819576807524e+04 1.215621854626160930e+05 3.578531166738457396e+05 3.448404441619654972e+04 5.747282140084200364e+04 3.895705356951889020e-01 7.138674982759024715e+04 5.747291127886417962e+04 3.062415092019473086e+05
1.173637750203250180e+05 1.444462492095803027e+05 1.173639109424888884e+05 1.173640730173777556e+05 1.673846393657814406e+04 1.897564302717942337e+05 1.023073530687556922e+05 3.370657513889225811e+04 3.204287178429528140e+05 1.140798229765029391e+05 1.173634835153482854e+05 8.160387834798605763e+04 1.173633873967422260e+05 1.173638600825128669e+05 1.058697499991465447e+05 1.173638960725017969e+05 1.173638603745574655e+05 6.376061402176734555e+04 3.003820986422675778e+05 9.437544354669215681e+04 1.173640205617665051e+05 7.138674982759024715e+04 3.821238849339709759e+03 1.173637951396333374e+05 2.478786665365734370e+05
1.208471061631138044e+00 2.273256343069775321e+05 1.193858887811859670e+00 1.149566501660149152e+04 1.341010597665870155e+05 2.726357565072595607e+05 1.902953708380257594e+05 1.494269344742339454e+05 4.008882080525844358e+05 1.477975578349567331e+04 9.250472957017493725e-01 5.015838373248524294e+04 8.171235329353405685e-01 7.664006152935629871e+03 2.299017441448722457e+04 1.258426659617050358e+00 9.740161436100026604e-01 1.628367137163528241e+05 3.808415960375388968e+05 3.448440445245870796e+04 1.172411463898348716e+00 5.747291127886417962e+04 1.173637951396332937e+05 3.652832636215272988e-01 3.292296370821218006e+05
3.292296246684609214e+05 1.400041404621299298e+05 3.292296969250188558e+05 3.292298022941736854e+05 2.368725500705446466e+05 1.058926488179350708e+05 1.742929639816936979e+05 2.199049822051257652e+05 1.454888314998435962e+05 3.292296759606957785e+05 3.292294761615472380e+05 3.062415223280336359e+05 3.292294645494126598e+05 3.292296632642825134e+05 3.292300226058128756e+05 3.292297034297747887e+05 3.292295738216780010e+05 2.043055842709531717e+05 1.244267999521392048e+05 3.177356821293761022e+05 3.292297273595310980e+05 3.062415092019473086e+05 2.478786665365734661e+05 3.292296370821218006e+05 4.858763510539972049e+04
