3.704727675096158691e+03 3.611314756786448561e+04 3.611299809508946782e+04 5.158091295711159473e+05 3.611289209642416245e+04 2.453436629432592308e+05 3.592156718529080972e+05 1.961387755828798108e+05 3.611312473649426829e+04 1.609680261957478069e+05 3.148345117233535348e+04 3.611315240184199502e+04 4.327693410465925990e+04 3.611319588709564414e+04 1.054884008625289425e+05 5.890477421691082418e+04 6.666889717815330368e+04 3.611315721717616543e+04 1.674381081492888188e+04 7.787539784492863691e+04 3.611308760552230524e+04 3.611308636262236541e+04 3.611266535013807879e+04 1.290673226655827457e+05 2.027370225693854445e+04
3.611314756786448561e+04 1.006042489905623061e+00 8.335164953585803232e+03 5.158090358069027425e+05 8.335080114236423469e+03 2.453435945820941415e+05 3.592155456382560660e+05 1.961386485286723764e+05 2.085085728680802731e+03 1.609680242989526596e+05 5.926145027572950494e+04 8.335234930157910640e+03 7.105487692326024990e+04 8.335261544752987902e+03 1.221550355644679948e+05 8.077990343898096762e+04 8.333559650838431844e+04 6.296061704558639576e+03 2.247398325367502548e+04 9.454203257932626002e+04 8.335258368818622330e+03 8.335174319008818202e+03 8.334821193514817423e+03 1.416688078902055568e+05 5.000203829140614835e+04
3.611299809508946782e+04 8.335164953585803232e+03 9.321158672055779304e-01 5.158088711612562183e+05 1.347418426886305642e+00 2.453433444493584975e+05 3.592153566594098811e+05 1.961383543814644800e+05 6.251731993703634544e+03 1.609676914692562714e+05 5.926120226144624758e+04 1.666859575843792481e+04 7.105468368935333274e+04 1.666386118646051351e+00 1.221547339482864336e+05 8.077964527024244308e+04 8.333534776060904551e+04 1.462951374719662090e+04 3.028646232024388155e+04 9.454175151126024139e+04 1.594662491246086278e+00 1.497809246624543622e+00 1.200822109240484936e+00 1.416686248365326610e+05 5.000189398174716189e+04
5.158091295711158891e+05 5.158090358069027425e+05 5.158088711612562183e+05 2.006055828145223204e+05 5.158088252889771829e+05 4.441040177445154404e+05 3.548954679579133517e+05 4.933139463831111789e+05 5.158090378954969347e+05 4.991425526477749227e+05 5.065498409215397551e+05 5.158091070140357479e+05 4.991425385494018556e+05 5.158090010856859153e+05 5.046981278156050830e+05 4.991425408172958996e+05 4.991424573776406469e+05 5.158090659497904126e+05 5.158090849889204837e+05 5.037721488692509593e+05 5.158089982198819052e+05 5.158089179079285241e+05 5.158088069563045283e+05 4.990176229507457465e+05 5.116425078345896909e+05
3.611289209642416245e+04 8.335080114236423469e+03 1.347418426886305642e+00 5.158088252889771247e+05 8.654760712499841580e-01 2.453432616770663299e+05 3.592153104910462862e+05 1.961383222018624947e+05 6.251675319721797678e+03 1.609676495529894019e+05 5.926112144573192199e+04 1.666849631387865884e+04 7.105454918370555970e+04 1.618702493006319632e+00 1.221547151611995068e+05 8.077952048576547531e+04 8.333526334852182481e+04 1.462942925163354994e+04 3.028633349513812573e+04 9.454171490820999315e+04 1.554411730902441002e+00 1.480638507798954340e+00 1.064940842690230483e+00 1.416685421185386658e+05 5.000181614586876822e+04
2.453436629432592308e+05 2.453435945820941997e+05 2.453433444493584975e+05 4.441040177445154404e+05 2.453432616770663299e+05 8.754092053353010851e+04 2.587942575800326886e+05 1.555357094958846283e+05 2.453435024155311112e+05 1.812343406153569231e+05 2.370103195909482602e+05 2.453436364037174790e+05 2.370104250619685627e+05 2.453434851544909761e+05 2.199984697695907671e+05 2.370104606429867272e+05 2.370104591436562769e+05 2.453436142825529387e+05 2.453436702227302885e+05 2.320003294979208149e+05 2.453434060961584619e+05 2.453434188905472693e+05 2.453431440080756729e+05 2.181606089685805491e+05 2.411770350947467959e+05
3.592156718529080972e+05 3.592155456382560660e+05 3.592153566594098811e+05 3.548954679579133517e+05 3.592153104910462862e+05 2.587942575800326886e+05 1.482855992390786414e+05 3.269942476379299187e+05 3.592155357596534886e+05 3.405040412347282982e+05 3.499563680238620145e+05 3.592156485338376369e+05 3.425490387582218973e+05 3.592154542952346965e+05 3.481046173417658429e+05 3.425490533793105860e+05 3.425490299521563575e+05 3.592156096993414685e+05 3.592156407862357446e+05 3.467486235741023556e+05 3.592154396489991923e+05 3.592154470496188151e+05 3.592152250044200919e+05 3.425490898775932146e+05 3.550490153475458501e+05
1.961387755828798108e+05 1.961386485286723764e+05 1.961383543814644800e+05 4.933139463831111789e+05 1.961383222018624947e+05 1.555357094958845992e+05 3.269942476379299187e+05 5.019323032491224149e+04 1.961385775858028501e+05 8.776229078921265318e+04 1.878053827736705425e+05 1.961386970314606442e+05 1.878055114554176107e+05 1.961384851559649687e+05 1.573657133035421721e+05 1.878054865058151190e+05 1.878054437400193710e+05 1.961386977228016476e+05 1.961387387757867400e+05 1.802347055567876960e+05 1.961383831409954873e+05 1.961383729616889905e+05 1.961381651597083255e+05 1.445642668569305388e+05 1.919720969497877813e+05
3.611312473649426829e+04 2.085085728680803186e+03 6.251731993703634544e+03 5.158090378954969347e+05 6.251675319721797678e+03 2.453435024155311112e+05 3.592155357596534886e+05 1.961385775858028501e+05 3.126047573479504535e+03 1.609678778227846778e+05 5.926142747672412224e+04 1.041863166366912264e+04 7.105488944563956466e+04 6.251685549856292710e+03 1.221549817646175361e+05 8.077988850108340557e+04 8.333560085306507244e+04 8.379487495704128378e+03 2.442718641970627868e+04 9.454203593983108294e+04 6.251801222278435489e+03 6.251723120193440081e+03 6.251435787970917772e+03 1.416688237169227214e+05 5.000211086021795199e+04
1.609680261957478069e+05 1.609680242989526596e+05 1.609676914692562714e+05 4.991425526477749227e+05 1.609676495529894019e+05 1.812343406153569231e+05 3.405040412347283564e+05 8.776229078921265318e+04 1.609678778227846778e+05 3.158439391618133595e+04 1.526347307070510578e+05 1.609680245183068619e+05 1.526348112519314745e+05 1.609678474987406516e+05 1.199451419495636073e+05 1.526347319350680918e+05 1.526347591685397783e+05 1.609679427792502393e+05 1.609680522235880780e+05 1.450640352171203995e+05 1.609677443256156985e+05 1.609677165007512085e+05 1.609674641187814414e+05 9.664521363856742391e+04 1.568014631417114870e+05
3.148345117233535348e+04 5.926145027572950494e+04 5.926120226144624758e+04 5.065498409215397551e+05 5.926112144573192199e+04 2.370103195909483475e+05 3.499563680238620145e+05 1.878053827736705425e+05 5.926142747672412224e+04 1.526347307070510578e+05 5.811969521140656070e+03 5.926149496627961344e+04 1.959680519140741671e+04 5.926143486605668295e+04 9.715507805703708436e+04 3.904872456472065824e+04 4.907626114415084885e+04 5.926150407090787485e+04 4.512267654420588224e+04 6.496387955314827559e+04 5.926138414901216311e+04 5.926133880940452218e+04 5.926089805515389889e+04 1.207339667009154509e+05 1.569318897656266017e+04
3.611315240184199502e+04 8.335234930157910640e+03 1.666859575843792481e+04 5.158091070140357479e+05 1.666849631387865884e+04 2.453436364037174790e+05 3.592156485338376369e+05 1.961386970314606442e+05 1.041863166366912264e+04 1.609680245183068619e+05 5.926149496627961344e+04 1.098007534192224854e+00 7.105490089688549051e+04 1.666869018986644733e+04 1.221550814802883397e+05 8.077995651852279843e+04 8.333565481015198748e+04 2.040872243928629132e+03 1.937107643818602446e+04 9.454213169538276270e+04 1.666865195552970908e+04 1.666859169523664968e+04 1.666821118959816158e+04 1.416688758805072866e+05 5.000217101388548326e+04
4.327693410465925990e+04 7.105487692326023534e+04 7.105468368935333274e+04 4.991425385494018556e+05 7.105454918370555970e+04 2.370104250619685627e+05 3.425490387582218973e+05 1.878055114554176107e+05 7.105488944563956466e+04 1.526348112519314745e+05 1.959680519140741671e+04 7.105490089688549051e+04 4.156241496992659449e+03 7.105484378781660052e+04 9.530843133047147421e+04 2.951874380702239068e+04 3.728292570474098466e+04 7.105493719234681339e+04 5.691605323123814742e+04 5.728574378688102297e+04 7.105483265005149588e+04 7.105476963468328177e+04 7.105429973821375461e+04 1.207339713815057185e+05 2.938808819861945813e+04
3.611319588709564414e+04 8.335261544752987902e+03 1.666386118646051351e+00 5.158090010856859153e+05 1.618702493006319632e+00 2.453434851544909761e+05 3.592154542952346965e+05 1.961384851559649687e+05 6.251685549856292710e+03 1.609678474987406516e+05 5.926143486605668295e+04 1.666869018986644733e+04 7.105484378781661508e+04 9.633379648975526344e-01 1.221549393871740467e+05 8.077986777958994207e+04 8.333553778708612663e+04 1.462963926322225780e+04 3.028657955683576074e+04 9.454194502523081610e+04 1.683429582481314801e+00 1.673371084454165603e+00 1.403783071454297149e+00 1.416687534564753005e+05 5.000211111366220575e+04
1.054884008625289425e+05 1.221550355644679803e+05 1.221547339482864336e+05 5.046981278156050830e+05 1.221547151611995068e+05 2.199984697695907671e+05 3.481046173417659011e+05 1.573657133035421721e+05 1.221549817646175361e+05 1.199451419495635928e+05 9.715507805703709892e+04 1.221550814802883106e+05 9.530843133047147421e+04 1.221549393871740467e+05 3.824767758739989222e+04 8.852480056553208851e+04 8.461852778022196435e+04 1.221550770699780260e+05 1.085372065819808777e+05 6.458951160662728216e+04 1.221548484819850710e+05 1.221548085883287858e+05 1.221544859739937092e+05 6.265342525648610172e+04 1.013217763828830211e+05
5.890477421691082418e+04 8.077990343898096762e+04 8.077964527024244308e+04 4.991425408172959578e+05 8.077952048576547531e+04 2.370104606429866981e+05 3.425490533793105860e+05 1.878054865058151190e+05 8.077988850108339102e+04 1.526347319350680918e+05 3.904872456472065824e+04 8.077995651852279843e+04 2.951874380702239068e+04 8.077986777958994207e+04 8.852480056553208851e+04 1.152542235242611605e+04 2.001089328855992062e+04 8.077992667139021796e+04 6.683643744516481820e+04 4.177815168499678839e+04 8.077983683874963026e+04 8.077975025208292936e+04 8.077932818987547944e+04 1.207340676718120812e+05 5.057145986026757600e+04
6.666889717815330368e+04 8.333559650838431844e+04 8.333534776060904551e+04 4.991424573776406469e+05 8.333526334852182481e+04 2.370104591436562769e+05 3.425490299521562993e+05 1.878054437400193419e+05 8.333560085306507244e+04 1.526347591685398074e+05 4.907626114415084885e+04 8.333565481015197292e+04 3.728292570474098466e+04 8.333553778708612663e+04 8.461852778022196435e+04 2.001089328855992426e+04 8.627018848244917535e+03 8.333569949663756415e+04 6.971768059308966622e+04 3.648392696832582442e+04 8.333549842972293845e+04 8.333546992903508362e+04 8.333503776334486611e+04 1.207340004781579482e+05 5.833559384012735245e+04
3.611315721717616543e+04 6.296061704558639576e+03 1.462951374719662090e+04 5.158090659497904126e+05 1.462942925163354994e+04 2.453436142825529096e+05 3.592156096993414685e+05 1.961386977228016476e+05 8.379487495704128378e+03 1.609679427792502393e+05 5.926150407090787485e+04 2.040872243928629132e+03 7.105493719234681339e+04 1.462963926322225780e+04 1.221550770699780260e+05 8.077992667139021796e+04 8.333569949663756415e+04 3.081306153091181841e+03 2.013041169729071044e+04 9.454210517019571853e+04 1.462957377830111727e+04 1.462953910579858166e+04 1.462918117374609574e+04 1.416688882410000369e+05 5.000213375337108300e+04
1.674381081492888552e+04 2.247398325367502548e+04 3.028646232024388155e+04 5.158090849889204837e+05 3.028633349513812573e+04 2.453436702227302885e+05 3.592156407862357446e+05 1.961387387757867400e+05 2.442718641970627868e+04 1.609680522235880780e+05 4.512267654420588224e+04 1.937107643818602446e+04 5.691605323123814014e+04 3.028657955683576074e+04 1.085372065819808777e+05 6.683643744516481820e+04 6.971768059308966622e+04 2.013041169729071044e+04 8.739402360753163521e+03 8.092410635547507263e+04 3.028655343828822879e+04 3.028654140628172536e+04 3.028609927580241856e+04 1.306288386776694242e+05 3.463913178310385410e+04
7.787539784492863691e+04 9.454203257932626002e+04 9.454175151126024139e+04 5.037721488692509593e+05 9.454171490820999315e+04 2.320003294979208149e+05 3.467486235741024138e+05 1.802347055567876960e+05 9.454203593983108294e+04 1.450640352171203995e+05 6.496387955314827559e+04 9.454213169538274815e+04 5.728574378688102297e+04 9.454194502523081610e+04 6.458951160662727489e+04 4.177815168499678111e+04 3.648392696832581714e+04 9.454210517019571853e+04 8.092410635547507263e+04 2.949566644854837796e+04 9.454187900236849964e+04 9.454184985302541463e+04 9.454145534030115232e+04 1.041216559709686117e+05 7.162531385592275183e+04
3.611308760552230524e+04 8.335258368818622330e+03 1.594662491246086278e+00 5.158089982198819052e+05 1.554411730902441002e+00 2.453434060961584910e+05 3.592154396489991923e+05 1.961383831409954873e+05 6.251801222278435489e+03 1.609677443256156985e+05 5.926138414901216311e+04 1.666865195552970908e+04 7.105483265005149588e+04 1.683429582481314801e+00 1.221548484819850710e+05 8.077983683874963026e+04 8.333549842972293845e+04 1.462957377830111727e+04 3.028655343828822879e+04 9.454187900236849964e+04 9.449743420738648814e-01 1.568636999537552867e+00 1.324712874223608727e+00 1.416687019037212303e+05 5.000205343081069441e+04
3.611308636262236541e+04 8.335174319008818202e+03 1.497809246624543622e+00 5.158089179079284659e+05 1.480638507798954340e+00 2.453434188905472693e+05 3.592154470496188151e+05 1.961383729616889614e+05 6.251723120193440081e+03 1.609677165007512085e+05 5.926133880940451490e+04 1.666859169523664968e+04 7.105476963468326721e+04 1.673371084454165603e+00 1.221548085883287858e+05 8.077975025208292936e+04 8.333546992903508362e+04 1.462953910579858166e+04 3.028654140628172536e+04 9.454184985302541463e+04 1.568636999537552867e+00 9.252574920937817193e-01 1.271393568654494599e+00 1.416686345018082357e+05 5.000203417669723422e+04
3.611266535013807879e+04 8.334821193514817423e+03 1.200822109240484936e+00 5.158088069563046447e+05 1.064940842690230483e+00 2.453431440080756729e+05 3.592152250044200919e+05 1.961381651597083255e+05 6.251435787970916863e+03 1.609674641187814123e+05 5.926089805515389889e+04 1.666821118959816158e+04 7.105429973821376916e+04 1.403783071454297149e+00 1.221544859739937092e+05 8.077932818987547944e+04 8.333503776334486611e+04 1.462918117374609574e+04 3.028609927580241856e+04 9.454145534030115232e+04 1.324712874223608949e+00 1.271393568654494821e+00 6.042942544352044587e-01 1.416683262562594609e+05 5.000160948596743401e+04
1.290673226655827457e+05 1.416688078902055568e+05 1.416686248365326610e+05 4.990176229507457465e+05 1.416685421185386658e+05 2.181606089685805782e+05 3.425490898775931564e+05 1.445642668569305388e+05 1.416688237169227214e+05 9.664521363856742391e+04 1.207339667009154800e+05 1.416688758805072575e+05 1.207339713815057185e+05 1.416687534564753005e+05 6.265342525648612354e+04 1.207340676718120812e+05 1.207340004781579482e+05 1.416688882410000369e+05 1.306288386776694242e+05 1.041216559709686117e+05 1.416687019037212303e+05 1.416686345018082357e+05 1.416683262562594609e+05 2.628557954394018452e+04 1.249006872184844833e+05
2.027370225693854445e+04 5.000203829140614835e+04 5.000189398174716189e+04 5.116425078345896909e+05 5.000181614586876822e+04 2.411770350947467959e+05 3.550490153475458501e+05 1.919720969497877813e+05 5.000211086021795927e+04 1.568014631417114870e+05 1.569318897656266017e+04 5.000217101388548326e+04 2.938808819861945813e+04 5.000211111366220575e+04 1.013217763828830211e+05 5.057145986026757600e+04 5.833559384012735245e+04 5.000213375337108300e+04 3.463913178310385410e+04 7.162531385592275183e+04 5.000205343081069441e+04 5.000203417669723422e+04 5.000160948596743401e+04 1.249006872184844833e+05 1.132221361114781394e+04
