1.260545876129945100e+04 1.046234477263324661e+05 2.384082263132861117e+05 5.042206334318457812e+04 2.941327171627581993e+04 7.383151434458790754e+04 1.820868842079598107e+04 2.663801032608288224e+05 2.100980901061363693e+04 2.941333624950188096e+04 1.260641419572807899e+04 2.941342665213328655e+04 2.947695271308220690e+05 2.941338048898506167e+04 2.941343982371537277e+04 1.227842477335648291e+05 2.381089470295579304e+04 1.496241239420536731e+05 2.941295368628983852e+04 2.941348324483837132e+04 2.941336723682998490e+04 1.860330762052426289e+05 4.201858338741027546e+04 2.223553830778358315e+04 2.100983596857899465e+04
1.046234477263324661e+05 2.047030171922355294e+04 1.798933363585562038e+05 7.136004367152499617e+04 1.119761010567364137e+05 4.479927954912278074e+04 1.119763943002097076e+05 2.096577331604172941e+05 1.119760010886573727e+05 1.119762726329573488e+05 9.727054421793356596e+04 1.119763853259265888e+05 2.380469884977978363e+05 1.119763312401247240e+05 1.119763249378239707e+05 3.671975470059578947e+04 1.119759200700073125e+05 7.406385460539195628e+04 1.119758032211870013e+05 1.119762438525969046e+05 1.119764787617006659e+05 1.186733867511943245e+05 7.976360249443161592e+04 9.136187621651167865e+04 1.119762206189405406e+05
2.384082263132861117e+05 1.798933363585562038e+05 2.784418816083969796e+04 2.173998378114895895e+05 2.426095447784401767e+05 1.981922622954404214e+05 2.426098524910161505e+05 7.754238196995022008e+04 2.426095785153954639e+05 2.426096136044391023e+05 2.342065116724373656e+05 2.426096834433905606e+05 1.108697428695857379e+05 2.426097710692479159e+05 2.426098360123430903e+05 1.629501192206077685e+05 2.426095450652533327e+05 1.356736765244810085e+05 2.426094563797104056e+05 2.426098158489757916e+05 2.426098183334188070e+05 1.026248370609346748e+05 2.258032574906476366e+05 2.342065953174821043e+05 2.426095358474632085e+05
5.042206334318457812e+04 7.136004367152498162e+04 2.173998378114895895e+05 1.435619403289710499e+04 6.442731966621406900e+04 2.866298041733235004e+04 5.882529135025427968e+04 2.453719524791031727e+05 5.882496853623312927e+04 6.442755175197383505e+04 4.201859094751478551e+04 6.442758283484861022e+04 2.737611099748310517e+05 6.442766078805472353e+04 6.442757114388234913e+04 1.017758444201432139e+05 6.069231578184166574e+04 1.286156228728259448e+05 6.442707389510859502e+04 6.442755369847179827e+04 6.442772328300903609e+04 1.650248582872024272e+05 1.470740642272314108e+04 3.326498956163807452e+04 5.882524559167369443e+04
2.941327171627581993e+04 1.119761010567363992e+05 2.426095447784401767e+05 6.442731966621406900e+04 3.399936959623339194e-01 8.223446843605118920e+04 1.120592168326047795e+04 2.705815441612886498e+05 8.404223515668458276e+03 1.059124469919671796e+00 4.201834673203845159e+04 1.245911708542624119e+00 2.989708124395903433e+05 1.329580289675907467e+00 1.321626540800027394e+00 1.269856593022415036e+05 5.603090277100465755e+03 1.538254071451608324e+05 7.180129655339452244e-01 1.267649834860878899e+00 1.391992729601594814e+00 1.902344437013448915e+05 5.882510282055829157e+04 4.989646767985395127e+04 8.404401287362903531e+03
7.383151434458790754e+04 4.479927954912278074e+04 1.981922622954404214e+05 2.866298041733235004e+04 8.223446843605118920e+04 1.251974299841330867e+04 8.223471668432014121e+04 2.261642409658639517e+05 8.223431800881453091e+04 8.223469128296611598e+04 6.542798206026997650e+04 8.223467538753227564e+04 2.545536202272192459e+05 8.223480834437751037e+04 8.223478533667705778e+04 7.836635901584730891e+04 8.223423245561013755e+04 1.094079040278609755e+05 8.223413632580808189e+04 8.223468799968867097e+04 8.223469756480214710e+04 1.458170551949270593e+05 4.021776730680579931e+04 5.754981660664887750e+04 8.223458651704799559e+04
1.820868842079598107e+04 1.119763943002097076e+05 2.426098524910161505e+05 5.882529135025427968e+04 1.120592168326047795e+04 8.223471668432014121e+04 3.735213350711744170e+03 2.705819328360219370e+05 2.802388892697471420e+03 1.120615252124627477e+04 3.081396768637841888e+04 1.120614860177370065e+04 2.989711390234432765e+05 1.120617701558284534e+04 1.120609651382085212e+04 1.269858933800993254e+05 5.603508765856464379e+03 1.538257433074699074e+05 1.120565949082830957e+04 1.120613627735624868e+04 1.120610077747099785e+04 1.902347966124761733e+05 5.042192646120650898e+04 3.869205843737294344e+04 2.802549300467301691e+03
2.663801032608288224e+05 2.096577331604173232e+05 7.754238196995023463e+04 2.453719524791031727e+05 2.705815441612886498e+05 2.261642409658639517e+05 2.705819328360219952e+05 3.198174259273293501e+04 2.705814704136386863e+05 2.705815772046240163e+05 2.621784603178970283e+05 2.705816113610611646e+05 8.054664453090656025e+04 2.705817777776906150e+05 2.705817525422191247e+05 1.940181102164675540e+05 2.705814795174160390e+05 1.735613169156012591e+05 2.705814384845618624e+05 2.705817917707054876e+05 2.705817201474704198e+05 1.472684327442889044e+05 2.537752331444910960e+05 2.621786590345553705e+05 2.705815443183852476e+05
2.100980901061363329e+04 1.119760010886573727e+05 2.426095785153954639e+05 5.882496853623312927e+04 8.404223515668458276e+03 8.223431800881453091e+04 2.802388892697471420e+03 2.705814704136386863e+05 2.721997688758109879e-01 8.404542531403601970e+03 3.361486606271844357e+04 8.404671799723388176e+03 2.989707825423728209e+05 8.404764042973911273e+03 8.404750127829840494e+03 1.269855484937790752e+05 2.801749040518312086e+03 1.538252520437616331e+05 8.404091870309895967e+03 8.404648895372942206e+03 8.404788391624631913e+03 1.902344022804237902e+05 5.042163626070418832e+04 4.149302147741326189e+04 9.330104187993494280e-01
2.941333624950188096e+04 1.119762726329573488e+05 2.426096136044391023e+05 6.442755175197383505e+04 1.059124469919671796e+00 8.223469128296611598e+04 1.120615252124627477e+04 2.705815772046240163e+05 8.404542531403601970e+03 3.318510059612059249e-01 4.201838783538701682e+04 1.052614024301616213e+00 2.989709723611178342e+05 1.320343593977434171e+00 1.450196750515940769e+00 1.269857258520081377e+05 5.603371874946617027e+03 1.538255270402195456e+05 9.421512508014957543e-01 1.242434517051136167e+00 1.422032033531132278e+00 1.902344991214672627e+05 5.882518013626403263e+04 4.989665359221297695e+04 8.404424097634129794e+03
1.260641419572807899e+04 9.727054421793356596e+04 2.342065116724373656e+05 4.201859094751479279e+04 4.201834673203846614e+04 6.542798206026997650e+04 3.081396768637842615e+04 2.621784603178970283e+05 3.361486606271844357e+04 4.201838783538701682e+04 3.756526000334423077e-01 4.201847473837834696e+04 2.905679356627390953e+05 4.201848963686265051e+04 4.201847002330987016e+04 1.185826641131644137e+05 3.641592978679986845e+04 1.454224975196574233e+05 4.201803248474636348e+04 4.201852041552730952e+04 4.201843293014056690e+04 1.818314252055367397e+05 3.361502163738467789e+04 1.138102176853927813e+04 3.361491161587172974e+04
2.941342665213328655e+04 1.119763853259265743e+05 2.426096834433905024e+05 6.442758283484861749e+04 1.245911708542624119e+00 8.223467538753227564e+04 1.120614860177370065e+04 2.705816113610611646e+05 8.404671799723388176e+03 1.052614024301616213e+00 4.201847473837834696e+04 3.635027005173015469e-01 2.989711403612794820e+05 1.325501321201375093e+00 1.448309434101810567e+00 1.269857854104987491e+05 5.603446086467472924e+03 1.538255765296537138e+05 9.739807420146310291e-01 1.253250615846923433e+00 1.411987864547199267e+00 1.902345677779924299e+05 5.882519202429172583e+04 4.989666312798130821e+04 8.404648191467296783e+03
2.947695271308220690e+05 2.380469884977978363e+05 1.108697428695857379e+05 2.737611099748310517e+05 2.989708124395903433e+05 2.545536202272192459e+05 2.989711390234432765e+05 8.054664453090656025e+04 2.989707825423728209e+05 2.989709723611178342e+05 2.905679356627390953e+05 2.989711403612794820e+05 2.935885629117781355e+04 2.989711758452718495e+05 2.989710555464250501e+05 2.224075396613630583e+05 2.989708081056606025e+05 2.019506543789416901e+05 2.989708330997645389e+05 2.989710300613885047e+05 2.989712079843143583e+05 1.787572917532626598e+05 2.821647137908472214e+05 2.905678724091786426e+05 2.989709101900049718e+05
2.941338048898506167e+04 1.119763312401247240e+05 2.426097710692479159e+05 6.442766078805472353e+04 1.329580289675907245e+00 8.223480834437751037e+04 1.120617701558284352e+04 2.705817777776905568e+05 8.404764042973911273e+03 1.320343593977434171e+00 4.201848963686265051e+04 1.325501321201375093e+00 2.989711758452718495e+05 4.459790774651031242e-01 1.274649981353664252e+00 1.269858667025270406e+05 5.603568516597895723e+03 1.538257172932591056e+05 1.060189544151072250e+00 1.164229416505681458e+00 1.401730552494310000e+00 1.902345685932019260e+05 5.882529743089254771e+04 4.989672861858324177e+04 8.404821157091573696e+03
2.941343982371537277e+04 1.119763249378239707e+05 2.426098360123430903e+05 6.442757114388234913e+04 1.321626540800027394e+00 8.223478533667705778e+04 1.120609651382085212e+04 2.705817525422191247e+05 8.404750127829840494e+03 1.450196750515940769e+00 4.201847002330987016e+04 1.448309434101810567e+00 2.989710555464250501e+05 1.274649981353664252e+00 3.978147502611844577e-01 1.269859682027272647e+05 5.603502738100738497e+03 1.538256984983468137e+05 1.080404966991471261e+00 1.303323810173062647e+00 1.347435260455994932e+00 1.902347805807418481e+05 5.882540149929468316e+04 4.989671970633491583e+04 8.404922577504537912e+03
1.227842477335648291e+05 3.671975470059578947e+04 1.629501192206077685e+05 1.017758444201432139e+05 1.269856593022415036e+05 7.836635901584730891e+04 1.269858933800993254e+05 1.940181102164675540e+05 1.269855484937790752e+05 1.269857258520081377e+05 1.185826641131644137e+05 1.269857854104987491e+05 2.224075396613630583e+05 1.269858667025270406e+05 1.269859682027272647e+05 8.300084876827148037e+03 1.269854895866433944e+05 4.364819694699475804e+04 1.269853848619019118e+05 1.269859179482588515e+05 1.269858431002154975e+05 9.204544631661848689e+04 1.101790519772132393e+05 1.185825668001951854e+05 1.269856344729224656e+05
2.381089470295579304e+04 1.119759200700073125e+05 2.426095450652533036e+05 6.069231578184166574e+04 5.603090277100465755e+03 8.223423245561013755e+04 5.603508765856465288e+03 2.705814795174160390e+05 2.801749040518312995e+03 5.603371874946617027e+03 3.641592978679986118e+04 5.603446086467472924e+03 2.989708081056606025e+05 5.603568516597895723e+03 5.603502738100738497e+03 1.269854895866433799e+05 3.735111649984367887e+03 1.538252336810391571e+05 5.602783999397378466e+03 5.603461277793288900e+03 5.603526990033605216e+03 1.902343857312652399e+05 5.322269363498788152e+04 4.429400438693677279e+04 2.802119755065788922e+03
1.496241239420536731e+05 7.406385460539195628e+04 1.356736765244810085e+05 1.286156228728259448e+05 1.538254071451608324e+05 1.094079040278609755e+05 1.538257433074699074e+05 1.735613169156012591e+05 1.538252520437616331e+05 1.538255270402195456e+05 1.454224975196574233e+05 1.538255765296537138e+05 2.019506543789416901e+05 1.538257172932591056e+05 1.538256984983468137e+05 4.364819694699475804e+04 1.538252336810391571e+05 1.438507070728414874e+04 1.538252383029058692e+05 1.538255625645655964e+05 1.538258283375305473e+05 5.586852674871415365e+04 1.370190675196164229e+05 1.454224627306945622e+05 1.538254888137318776e+05
2.941295368628983852e+04 1.119758032211870013e+05 2.426094563797104056e+05 6.442707389510859502e+04 7.180129655339452244e-01 8.223413632580808189e+04 1.120565949082830775e+04 2.705814384845618624e+05 8.404091870309895967e+03 9.421512508014957543e-01 4.201803248474636348e+04 9.739807420146310291e-01 2.989708330997645389e+05 1.060189544151072250e+00 1.080404966991471261e+00 1.269853848619019118e+05 5.602783999397379375e+03 1.538252383029058692e+05 1.754223612896517182e-01 1.025620559311084534e+00 1.060791719787883780e+00 1.902343040454669099e+05 5.882480729374106159e+04 4.989619062061962177e+04 8.404283634899762546e+03
2.941348324483837132e+04 1.119762438525969046e+05 2.426098158489757916e+05 6.442755369847178372e+04 1.267649834860878899e+00 8.223468799968867097e+04 1.120613627735624868e+04 2.705817917707054876e+05 8.404648895372942206e+03 1.242434517051136167e+00 4.201852041552730952e+04 1.253250615846923433e+00 2.989710300613885047e+05 1.164229416505681458e+00 1.303323810173062647e+00 1.269859179482588515e+05 5.603461277793288900e+03 1.538255625645655964e+05 1.025620559311084534e+00 3.613813833998479885e-01 1.540151409028980511e+00 1.902346488190179807e+05 5.882534322933447402e+04 4.989663645978227578e+04 8.404782587560284810e+03
2.941336723682998490e+04 1.119764787617006659e+05 2.426098183334188070e+05 6.442772328300903609e+04 1.391992729601594814e+00 8.223469756480214710e+04 1.120610077747099604e+04 2.705817201474704198e+05 8.404788391624631913e+03 1.422032033531132278e+00 4.201843293014055962e+04 1.411987864547199267e+00 2.989712079843143583e+05 1.401730552494310000e+00 1.347435260455994932e+00 1.269858431002154975e+05 5.603526990033605216e+03 1.538258283375305473e+05 1.060791719787883780e+00 1.540151409028980511e+00 3.575756076607268796e-01 1.902347861183627392e+05 5.882523435371528467e+04 4.989677129094925476e+04 8.404862717638770846e+03
1.860330762052426289e+05 1.186733867511943245e+05 1.026248370609346748e+05 1.650248582872024272e+05 1.902344437013448915e+05 1.458170551949270593e+05 1.902347966124761733e+05 1.472684327442889044e+05 1.902344022804237902e+05 1.902344991214672627e+05 1.818314252055367397e+05 1.902345677779924299e+05 1.787572917532627180e+05 1.902345685932019260e+05 1.902347805807418481e+05 9.204544631661844323e+04 1.902343857312652399e+05 5.586852674871413910e+04 1.902343040454669099e+05 1.902346488190179807e+05 1.902347861183627392e+05 2.350278294608569558e+04 1.734280764478371420e+05 1.818315052685590053e+05 1.902344397002409387e+05
4.201858338741029002e+04 7.976360249443161592e+04 2.258032574906476366e+05 1.470740642272314290e+04 5.882510282055829157e+04 4.021776730680579931e+04 5.042192646120650898e+04 2.537752331444910960e+05 5.042163626070418832e+04 5.882518013626403263e+04 3.361502163738467789e+04 5.882519202429171128e+04 2.821647137908472214e+05 5.882529743089254771e+04 5.882540149929469044e+04 1.101790519772132393e+05 5.322269363498788152e+04 1.370190675196164229e+05 5.882480729374106159e+04 5.882534322933447402e+04 5.882523435371528467e+04 1.734280764478371420e+05 4.754953958026198468e-01 2.223545205529441955e+04 5.042169982393407554e+04
2.223553830778358315e+04 9.136187621651167865e+04 2.342065953174821043e+05 3.326498956163806724e+04 4.989646767985395127e+04 5.754981660664887750e+04 3.869205843737294344e+04 2.621786590345553705e+05 4.149302147741326189e+04 4.989665359221297695e+04 1.138102176853928177e+04 4.989666312798130821e+04 2.905678724091786426e+05 4.989672861858324177e+04 4.989671970633491583e+04 1.185825668001951854e+05 4.429400438693677279e+04 1.454224627306945622e+05 4.989619062061962177e+04 4.989663645978227578e+04 4.989677129094925476e+04 1.818315052685590053e+05 2.223545205529441955e+04 5.070144493541206430e+03 4.149322261802015419e+04
2.100983596857899465e+04 1.119762206189405406e+05 2.426095358474632085e+05 5.882524559167370171e+04 8.404401287362903531e+03 8.223458651704799559e+04 2.802549300467302601e+03 2.705815443183851894e+05 9.330104187993495390e-01 8.404424097634129794e+03 3.361491161587172974e+04 8.404648191467296783e+03 2.989709101900049718e+05 8.404821157091573696e+03 8.404922577504537912e+03 1.269856344729224656e+05 2.802119755065788013e+03 1.538254888137318776e+05 8.404283634899762546e+03 8.404782587560284810e+03 8.404862717638770846e+03 1.902344397002409387e+05 5.042169982393409009e+04 4.149322261802015419e+04 3.386988095380577546e-01
