3.945093803814551658e-01 2.542529964320480940e+04 2.542535561206564671e+04 2.542530055664257452e+04 2.542542628455824524e+04 4.721739300180676946e+04 8.051037748649765854e+04 3.672501448070018523e+04 2.542505676400400989e+04 2.542514738683545511e+04 8.476224373571716569e+03 9.828176891060839989e+04 1.451291272551035800e+05 1.452944678419678712e+04 2.542528335352386057e+04 2.534395240519830259e+04 3.335158210902252467e+05 2.542490077885724168e+04 2.004668293446305906e+05 4.238759409722243618e+03 1.256108676342734107e+05 2.700554207013937412e+05 2.542541436086942485e+04 1.461848370924178742e+00 2.542528677824949045e+04
2.542529964320480940e+04 4.174062874294042769e-01 1.395802965487057623e+00 1.318974874098858052e+00 1.414977184801593069e+00 6.295578711169269081e+04 8.898485442508153210e+04 5.367414254945283756e+04 1.241723903456336986e+00 1.343468399857338680e+00 1.695098258409705522e+04 1.067561408790842688e+05 1.536034646189450577e+05 1.089747798877642526e+04 1.219380094319109542e+00 4.229325401611844427e+04 3.419902387846232159e+05 1.171641255218108801e+00 2.089412014794420684e+05 2.118811379605240290e+04 1.340852255804984015e+05 2.785298259028012981e+05 1.273686086547596741e+00 2.542551914221916013e+04 1.307795552307792430e+00
2.542535561206564671e+04 1.395802965487057623e+00 3.719289165570433542e-01 1.393080288122910737e+00 1.406425089896242708e+00 6.295585796908613702e+04 8.898499848697477137e+04 5.367416629259588080e+04 1.256264394154414266e+00 1.389189632626481874e+00 1.695096206833964243e+04 1.067562303998983843e+05 1.536036160333269509e+05 1.089746896627904425e+04 1.392900746189565275e+00 4.229324292367217276e+04 3.419902345729967928e+05 1.130505437224834209e+00 2.089413441355388204e+05 2.118820238693381543e+04 1.340853778010660899e+05 2.785297506849588826e+05 1.350410306490014367e+00 2.542546859453173238e+04 1.372407589689541574e+00
2.542530055664257452e+04 1.318974874098858052e+00 1.393080288122910737e+00 4.343409144813226153e-01 1.481687038225742103e+00 6.295578488242532330e+04 8.898478630143965711e+04 5.367405062575613556e+04 1.195922858664023147e+00 1.327584818405383338e+00 1.695084325489075127e+04 1.067561232252921473e+05 1.536034091233341605e+05 1.089733900679631915e+04 1.300732296744459449e+00 4.229312134629681532e+04 3.419902036041463725e+05 9.919077416784045642e-01 2.089412854647471104e+05 2.118806662218886413e+04 1.340851584144457884e+05 2.785298325445497176e+05 1.373556473957737056e+00 2.542543260910326717e+04 1.378577362642340542e+00
2.542542628455824524e+04 1.414977184801593069e+00 1.406425089896242708e+00 1.481687038225742103e+00 3.472326182563262864e-01 6.295588897819518024e+04 8.898484409737044189e+04 5.367414802816227893e+04 1.306855062627122033e+00 1.382359539429512063e+00 1.695096659183825614e+04 1.067562837804791779e+05 1.536035039888949250e+05 1.089743954319888144e+04 1.403438125499063993e+00 4.229327177152045624e+04 3.419901863709787722e+05 1.203933233344763876e+00 2.089413361307057785e+05 2.118812569828251799e+04 1.340852854424343968e+05 2.785298674473908613e+05 1.453343758775208494e+00 2.542552976248414416e+04 1.423986133165444645e+00
4.721739300180676946e+04 6.295578711169269081e+04 6.295585796908613702e+04 6.295578488242532330e+04 6.295588897819515842e+04 8.302129384891873997e+03 3.948760299154410313e+04 1.049395858079771824e+04 6.295538483055702818e+04 6.295550506235901412e+04 5.569186599777270749e+04 5.954041772212465730e+04 1.148628484794431715e+05 6.088032739354870137e+04 6.295573143943679315e+04 2.187497632487953888e+04 3.032496674947481952e+05 6.295522566419035866e+04 1.702007663011709519e+05 5.145459515996895061e+04 9.534449950515672390e+04 2.397890661249399127e+05 6.295577350890202069e+04 4.721733379420951678e+04 6.295561192939671309e+04
8.051037748649765854e+04 8.898485442508153210e+04 8.898499848697477137e+04 8.898478630143965711e+04 8.898484409737044189e+04 3.948760299154409586e+04 9.691071256667162743e+03 4.997994007709605648e+04 8.898443205461913021e+04 8.898450154211149493e+04 8.898498701458830328e+04 2.005455089146470345e+04 8.088183735905918002e+04 8.898494892219644680e+04 8.898475159263100068e+04 5.897912779213736212e+04 2.720752060053346213e+05 8.898434521238027082e+04 1.390263122074583953e+05 8.474752651970856823e+04 5.585830775115641882e+04 2.086147844954294560e+05 8.898488710195069143e+04 8.051039829528534028e+04 8.898472096882293408e+04
3.672501448070018523e+04 5.367414254945283756e+04 5.367416629259588080e+04 5.367405062575613556e+04 5.367414802816227893e+04 1.049395858079771460e+04 4.997994007709605648e+04 3.766939070179723331e+03 5.367373828172530921e+04 5.367380930340628402e+04 4.519954097385652130e+04 7.003310809162278019e+04 1.253551634699287242e+05 5.125295860546820040e+04 5.367406124022017320e+04 1.138245586175753488e+04 3.137417202949758503e+05 5.367356211542296660e+04 1.806929187769674463e+05 4.096227596123114927e+04 1.058367723856956000e+05 2.502815253495825164e+05 5.367407633801673364e+04 3.672493022029821441e+04 5.367400763639433717e+04
2.542505676400400989e+04 1.241723903456336986e+00 1.256264394154414266e+00 1.195922858664023147e+00 1.306855062627122033e+00 6.295538483055702818e+04 8.898443205461913021e+04 5.367373828172530921e+04 3.062381388251577685e-01 7.558216431738764562e-01 1.695050376288887855e+04 1.067557532847338152e+05 1.536032188247921877e+05 1.089719958192917693e+04 1.091576445667970630e+00 4.229272228561645898e+04 3.419900313266778248e+05 6.163932557122143718e-01 2.089410287475892401e+05 2.118778396863157104e+04 1.340849530835626065e+05 2.785295240481855581e+05 1.140616358924215090e+00 2.542507519341794614e+04 9.311343640492641960e-01
2.542514738683545511e+04 1.343468399857338680e+00 1.389189632626481874e+00 1.327584818405383338e+00 1.382359539429512063e+00 6.295550506235901412e+04 8.898450154211149493e+04 5.367380930340628402e+04 7.558216431738764562e-01 3.471143121645653973e-01 1.695065987463689453e+04 1.067558288917121681e+05 1.536032071807104512e+05 1.089735537495944118e+04 1.177794533774431329e+00 4.229287894088268513e+04 3.419899695404044469e+05 8.215806499066574675e-01 2.089410180081234139e+05 2.118791338670805635e+04 1.340849752165721438e+05 2.785295426208853023e+05 1.297608309375275049e+00 2.542519953363599416e+04 9.317546815359892820e-01
8.476224373571716569e+03 1.695098258409705522e+04 1.695096206833964243e+04 1.695084325489075127e+04 1.695096659183825614e+04 5.569186599777270749e+04 8.898498701458830328e+04 4.519954097385652130e+04 1.695050376288887855e+04 1.695065987463689453e+04 3.885259982429388748e-01 1.067562338645518175e+05 1.536037118741610611e+05 6.054842515225258467e+03 1.695084729813898957e+04 3.381841354362857237e+04 3.419904690490729408e+05 1.695031962228462362e+04 2.089414954163344228e+05 4.238843551884940098e+03 1.340854720459890668e+05 2.785299591896457132e+05 1.695085567660312881e+04 8.476020428690917470e+03 1.695070036545437688e+04
9.828176891060839989e+04 1.067561408790842688e+05 1.067562303998983698e+05 1.067561232252921473e+05 1.067562837804791779e+05 5.954041772212463547e+04 2.005455089146470345e+04 7.003310809162278019e+04 1.067557532847338152e+05 1.067558288917121681e+05 1.067562338645518175e+05 4.078271461701036060e+03 6.861358502941686311e+04 1.067561539390070102e+05 1.067560611843043589e+05 7.815448552737443242e+04 2.657193611603896716e+05 1.067556762330840138e+05 1.326704533666961070e+05 1.025190124369778059e+05 3.822175309731719608e+04 2.022588792507060862e+05 1.067561115434721287e+05 9.828176982859168493e+04 1.067558954159049608e+05
1.451291272551035509e+05 1.536034646189450577e+05 1.536036160333269509e+05 1.536034091233341605e+05 1.536035039888949250e+05 1.148628484794431715e+05 8.088183735905918002e+04 1.253551634699287097e+05 1.536032188247921877e+05 1.536032071807104512e+05 1.536037118741610320e+05 6.861358502941686311e+04 9.123923545740837653e+03 1.536036687027070438e+05 1.536033066383190162e+05 1.334766170841670246e+05 2.307614443629689922e+05 1.536031660500298603e+05 7.643564942520827753e+04 1.493663399199253472e+05 3.519753454376690206e+04 1.662860921918572567e+05 1.536034397382378520e+05 1.451291625104431878e+05 1.536033469152873149e+05
1.452944678419678530e+04 1.089747798877642526e+04 1.089746896627904425e+04 1.089733900679631915e+04 1.089743954319888144e+04 6.088032739354870137e+04 8.898494892219644680e+04 5.125295860546820040e+04 1.089719958192918057e+04 1.089735537495944118e+04 6.054842515225257557e+03 1.067561539390070102e+05 1.536036687027070730e+05 3.459400955898246139e+03 1.089747684274815037e+04 3.987192099983971275e+04 3.419903691945994506e+05 1.089694725742501396e+04 2.089414206597336452e+05 1.029213073244073166e+04 1.340854052935126820e+05 2.785298803358016885e+05 1.089747256809619103e+04 1.452951873235393577e+04 1.089737020003005455e+04
2.542528335352386057e+04 1.219380094319109764e+00 1.392900746189565497e+00 1.300732296744459671e+00 1.403438125499063993e+00 6.295573143943679315e+04 8.898475159263100068e+04 5.367406124022017320e+04 1.091576445667970630e+00 1.177794533774431329e+00 1.695084729813898957e+04 1.067560611843043589e+05 1.536033066383190162e+05 1.089747684274815037e+04 3.777237115193312067e-01 4.229310110135887226e+04 3.419901254270608770e+05 1.057461917097553661e+00 2.089411090000504919e+05 2.118802173400024549e+04 1.340851531479444820e+05 2.785296544862130540e+05 1.156914969597557130e+00 2.542540364891231366e+04 1.031350044395424437e+00
2.534395240519830259e+04 4.229325401611844427e+04 4.229324292367217276e+04 4.229312134629681532e+04 4.229327177152045624e+04 2.187497632487953888e+04 5.897912779213736940e+04 1.138245586175753488e+04 4.229272228561645898e+04 4.229287894088269240e+04 3.381841354362857237e+04 7.815448552737443242e+04 1.334766170841670246e+05 3.987192099983971275e+04 4.229310110135887226e+04 7.984561399128794619e+03 3.218633414048257400e+05 4.229256287529983092e+04 1.888144436303191760e+05 2.958126336343898220e+04 1.139583943171236460e+05 2.584028339571144897e+05 4.229318295686099736e+04 2.534391090960157453e+04 4.229299345601141977e+04
3.335158210902252467e+05 3.419902387846232159e+05 3.419902345729967928e+05 3.419902036041463725e+05 3.419901863709787140e+05 3.032496674947481952e+05 2.720752060053346213e+05 3.137417202949758503e+05 3.419900313266778248e+05 3.419899695404044469e+05 3.419904690490729408e+05 2.657193611603896716e+05 2.307614443629689631e+05 3.419903691945994506e+05 3.419901254270608770e+05 3.218633414048257400e+05 2.882673172439764312e+04 3.419900462043141015e+05 1.796986994190539990e+05 3.377531174668233143e+05 2.411999034366492997e+05 9.807918885346376919e+04 3.419901157138181734e+05 3.335159361052286695e+05 3.419901074424671824e+05
2.542490077885724168e+04 1.171641255218108801e+00 1.130505437224834209e+00 9.919077416784048973e-01 1.203933233344763876e+00 6.295522566419035866e+04 8.898434521238027082e+04 5.367356211542296660e+04 6.163932557122143718e-01 8.215806499066574675e-01 1.695031962228462362e+04 1.067556762330840138e+05 1.536031660500298603e+05 1.089694725742501396e+04 1.057461917097553661e+00 4.229256287529983092e+04 3.419900462043141015e+05 1.656147636228182118e-01 2.089410234080647642e+05 2.118760492664929188e+04 1.340848567784712359e+05 2.785295160365806078e+05 1.064596052662627912e+00 2.542481595553415536e+04 9.345776409736136214e-01
2.004668293446305906e+05 2.089412014794420684e+05 2.089413441355388204e+05 2.089412854647471104e+05 2.089413361307057785e+05 1.702007663011709519e+05 1.390263122074583953e+05 1.806929187769674463e+05 2.089410287475892401e+05 2.089410180081234139e+05 2.089414954163344228e+05 1.326704533666961070e+05 7.643564942520827753e+04 2.089414206597336452e+05 2.089411090000504919e+05 1.888144436303191760e+05 1.796986994190539990e+05 2.089410234080647642e+05 3.602214066689632455e+04 2.047041671457896591e+05 1.027986695489129343e+05 1.077356203103543958e+05 2.089412482308337349e+05 2.004669236133081140e+05 2.089411324175149202e+05
4.238759409722243618e+03 2.118811379605240654e+04 2.118820238693381543e+04 2.118806662218886413e+04 2.118812569828251799e+04 5.145459515996895061e+04 8.474752651970856823e+04 4.096227596123114927e+04 2.118778396863157104e+04 2.118791338670805635e+04 4.238843551884940098e+03 1.025190124369778059e+05 1.493663399199253472e+05 1.029213073244073166e+04 2.118802173400024549e+04 2.958126336343897492e+04 3.377531174668233143e+05 2.118760492664929188e+04 2.047041671457896591e+05 4.237816053636943252e+03 1.298481141015675676e+05 2.742926938246769714e+05 2.118817227689730134e+04 4.238839376210192313e+03 2.118802599762475438e+04
1.256108676342734107e+05 1.340852255804984015e+05 1.340853778010660899e+05 1.340851584144457884e+05 1.340852854424343968e+05 9.534449950515669480e+04 5.585830775115641882e+04 1.058367723856956000e+05 1.340849530835626065e+05 1.340849752165721438e+05 1.340854720459890668e+05 3.822175309731719608e+04 3.519753454376690206e+04 1.340854052935126820e+05 1.340851531479444820e+05 1.139583943171236460e+05 2.411999034366492997e+05 1.340848567784712359e+05 1.027986695489129488e+05 1.298481141015675676e+05 1.770513733666851113e+04 1.777396481705611222e+05 1.340852221948246006e+05 1.256108610622187698e+05 1.340851060179164633e+05
2.700554207013937412e+05 2.785298259028012981e+05 2.785297506849588826e+05 2.785298325445497176e+05 2.785298674473908613e+05 2.397890661249399127e+05 2.086147844954294560e+05 2.502815253495825164e+05 2.785295240481855581e+05 2.785295426208853023e+05 2.785299591896457132e+05 2.022588792507060571e+05 1.662860921918572567e+05 2.785298803358016885e+05 2.785296544862130540e+05 2.584028339571144897e+05 9.807918885346378374e+04 2.785295160365806078e+05 1.077356203103543812e+05 2.742926938246769714e+05 1.777396481705611222e+05 5.364383158963819733e+04 2.785297049278881750e+05 2.700553871649350622e+05 2.785295758820637711e+05
2.542541436086942485e+04 1.273686086547596741e+00 1.350410306490014367e+00 1.373556473957737056e+00 1.453343758775208716e+00 6.295577350890202069e+04 8.898488710195069143e+04 5.367407633801673364e+04 1.140616358924215090e+00 1.297608309375275049e+00 1.695085567660312881e+04 1.067561115434721287e+05 1.536034397382378520e+05 1.089747256809619103e+04 1.156914969597557130e+00 4.229318295686099736e+04 3.419901157138182316e+05 1.064596052662627912e+00 2.089412482308337349e+05 2.118817227689730134e+04 1.340852221948246006e+05 2.785297049278881750e+05 3.390805855766949595e-01 2.542546378218290192e+04 1.159887945158115219e+00
1.461848370924178742e+00 2.542551914221916377e+04 2.542546859453173238e+04 2.542543260910326717e+04 2.542552976248414416e+04 4.721733379420951678e+04 8.051039829528534028e+04 3.672493022029821441e+04 2.542507519341794614e+04 2.542519953363599416e+04 8.476020428690917470e+03 9.828176982859168493e+04 1.451291625104431878e+05 1.452951873235393941e+04 2.542540364891231366e+04 2.534391090960157453e+04 3.335159361052286695e+05 2.542481595553415536e+04 2.004669236133081140e+05 4.238839376210192313e+03 1.256108610622187698e+05 2.700553871649351204e+05 2.542546378218290192e+04 4.491758740319585219e-01 2.542526997916856635e+04
2.542528677824949045e+04 1.307795552307792430e+00 1.372407589689541574e+00 1.378577362642340542e+00 1.423986133165444645e+00 6.295561192939671309e+04 8.898472096882293408e+04 5.367400763639433717e+04 9.311343640492641960e-01 9.317546815359893930e-01 1.695070036545437688e+04 1.067558954159049608e+05 1.536033469152872858e+05 1.089737020003005455e+04 1.031350044395424437e+00 4.229299345601140521e+04 3.419901074424671824e+05 9.345776409736136214e-01 2.089411324175149202e+05 2.118802599762475438e+04 1.340851060179164633e+05 2.785295758820637711e+05 1.159887945158115219e+00 2.542526997916856635e+04 3.492889178471719758e-01
