3.113641844057383423e+04 1.321629402179032622e+05 1.531644338185819215e+05 1.650467039907490835e+05 2.041791091483588680e+05 1.650466806075251079e+05 4.821132991204766440e+05 1.620164803047724417e+05 1.567134554772616248e+05 3.573421995824233745e+05 1.650464952087229176e+05 1.650467250442416698e+05 1.650465757610826986e+05 1.650467402454733383e+05 1.650463246447028941e+05 1.650466368140441773e+05 1.650462662452053628e+05 1.124155242079008603e+05 1.567134835370639630e+05 1.650461420599737030e+05 1.650464119789034594e+05 1.650466467162349727e+05 1.650467417802803684e+05 1.115449438017594366e+05 2.663228189118973678e+05
1.321629402179032622e+05 1.545800100290028968e+04 4.270082179178512160e+04 8.353368234348102123e+04 2.430031883834136243e+05 8.126521332712116418e+04 4.816495523300239001e+05 7.823498493413474353e+04 7.293194462126109283e+04 3.940689800507161999e+05 8.452595403339051700e+04 8.126528010421060026e+04 8.452605077465095383e+04 8.126530569858662784e+04 8.452584166312665911e+04 8.452609665182653407e+04 8.452576111729667173e+04 1.748941744932988076e+05 6.459863803159252711e+04 8.452553128954832209e+04 8.452594460832858749e+04 8.452607076045524445e+04 8.126530387107990100e+04 6.378763212415991438e+04 2.928465642784871743e+05
1.531644338185819215e+05 4.270082179178513616e+04 2.433182206459777808e+04 6.413266941875741759e+04 2.558241615091909771e+05 5.833551724507471954e+04 4.886670491615199717e+05 5.287934101001110685e+04 4.658880580800071039e+04 3.968467010537071619e+05 6.666877733226353303e+04 5.807468094749917509e+04 6.666886146960454062e+04 5.833568889818216121e+04 6.666866870187209861e+04 6.666888578828677419e+04 6.666858154883972020e+04 1.895221532542352215e+05 3.459049377453765192e+04 6.666837399932062544e+04 6.666874160349195881e+04 6.666885937504307367e+04 5.787395763231567980e+04 8.350903448538584053e+04 3.072220078689352958e+05
1.650467039907491126e+05 8.353368234348102123e+04 6.413266941875740304e+04 7.233384003193787976e+03 2.724906716161501827e+05 1.515555442877401038e+04 5.211230421512253233e+05 3.624494819225733227e+04 4.191034254759843316e+04 4.107354057609344018e+05 1.642695413682614162e+04 2.479049078731732152e+04 1.028658455812384636e+04 2.524343569479970756e+04 1.642691871248685493e+04 8.093535311388876835e+03 1.642683153237359511e+04 2.023692443423850636e+05 5.579929821606617043e+04 1.642655092640456860e+04 1.642694933234185737e+04 8.093578989261440256e+03 2.524353557936801735e+04 1.112398398188994761e+05 3.262033342420098488e+05
2.041791091483588971e+05 2.430031883834136243e+05 2.558241615091909771e+05 2.724906716161501827e+05 7.219021477746839810e+04 2.724906394570567063e+05 4.639134037049654871e+05 2.694605180964736501e+05 2.641575054278656607e+05 3.276227530588321388e+05 2.724905061784588033e+05 2.724907255011475645e+05 2.724906200999584398e+05 2.724907441721088253e+05 2.724904084096960141e+05 2.724906828521420830e+05 2.724903644721218734e+05 1.792440648234314867e+05 2.641574829004271887e+05 2.724902352061928832e+05 2.724904622093016515e+05 2.724906800107334857e+05 2.724908009896598523e+05 2.384371009769472585e+05 2.029699673976901395e+05
1.650466806075251079e+05 8.126521332712116418e+04 5.833551724507471954e+04 1.515555442877401038e+04 2.724906394570567063e+05 2.771026746821513825e+03 5.211230847599342233e+05 2.766998488452076708e+04 3.333541135169949848e+04 4.107354336969275028e+05 2.500183770730048127e+04 1.379174227109671665e+04 2.370916314646610772e+04 1.008951637314448999e+04 2.500181204716453431e+04 2.324750110191112981e+04 2.500174528584508516e+04 2.023692408046534692e+05 5.000214455249403545e+04 2.500144144163880264e+04 2.500184195543732130e+04 2.324748285232276612e+04 1.355225974448138550e+04 1.112398077701820876e+05 3.262033268668238888e+05
4.821132991204766440e+05 4.816495523300239583e+05 4.886670491615200881e+05 5.211230421512253233e+05 4.639134037049654871e+05 5.211230847599342233e+05 1.956364100913072762e+05 5.180928726543427329e+05 5.127898611988180201e+05 3.815580151687017060e+05 5.211229524324686499e+05 5.211230701492441585e+05 5.211230167084022542e+05 5.211231197715972667e+05 5.211229268576423055e+05 5.211230217569944216e+05 5.211229154018501868e+05 4.823389651859220467e+05 4.961232318310278933e+05 5.211228145975291263e+05 5.211229556828853674e+05 5.211230564278005622e+05 5.211231417551218183e+05 4.792358099983728607e+05 4.312033183829982881e+05
1.620164803047724417e+05 7.823498493413475808e+04 5.287934101001109957e+04 3.624494819225733227e+04 2.694605180964735919e+05 2.766998488452075617e+04 5.180928726543427329e+05 4.550905342799486789e+03 2.233396846999625996e+04 3.993719228712941404e+05 4.433666615098400507e+04 2.168224231876750491e+04 4.433669964780459122e+04 2.767007890026969108e+04 4.433662869841111387e+04 4.433675076513383101e+04 4.433655931743214023e+04 1.993390760738848476e+05 3.900079353429401817e+04 4.433627912575183291e+04 4.433661516476959514e+04 4.433677703143337567e+04 2.767000252407570588e+04 1.082096374376190506e+05 3.231731655612692703e+05
1.567134554772616248e+05 7.293194462126109283e+04 4.658880580800071039e+04 4.191034254759844771e+04 2.641575054278656607e+05 3.333541135169949121e+04 5.127898611988180201e+05 2.233396846999625996e+04 1.088276313164632692e+00 4.024021917125459295e+05 5.000204253426130163e+04 3.261082787496583842e+04 5.000216505297781987e+04 3.333552275021021342e+04 5.000199613895807124e+04 5.000215714968359680e+04 5.000191240513813682e+04 1.940360042486056627e+05 2.500202296896307962e+04 5.000168118127017806e+04 5.000202517542523128e+04 5.000216801045436296e+04 2.894938962638962403e+04 1.029065969811860268e+05 3.178701716546003590e+05
3.573421995824233745e+05 3.940689800507161999e+05 3.968467010537071619e+05 4.107354057609344018e+05 3.276227530588321388e+05 4.107354336969276192e+05 3.815580151687017060e+05 3.993719228712942568e+05 4.024021917125459295e+05 1.488439313537234848e+05 4.107353098003183259e+05 4.054722982733247336e+05 4.107353793909598608e+05 4.107354981722565135e+05 4.107352254312102450e+05 4.107354061377504258e+05 4.107352156838148949e+05 3.423795295767845237e+05 3.940688955930965603e+05 4.107350963073953753e+05 4.107352719906772836e+05 4.107354053118618904e+05 4.107355165997049771e+05 3.886063084614108666e+05 2.917443416640553623e+05
1.650464952087229467e+05 8.452595403339051700e+04 6.666877733226353303e+04 1.642695413682614162e+04 2.724905061784588033e+05 2.500183770730048127e+04 5.211229524324686499e+05 4.433666615098400507e+04 5.000204253426128707e+04 4.107353098003183259e+05 9.463812539348901431e-01 3.288233095959344064e+04 6.142069436997520825e+03 3.333523434686329711e+04 1.555682240684422846e+00 8.335142224748364242e+03 1.506131805009084168e+00 2.023690428634009440e+05 5.833539928121317644e+04 1.263935456748847441e+00 1.589217903198323345e+00 8.335173091758282681e+03 3.333529995771891117e+04 1.112396555046831927e+05 3.262031819985601469e+05
1.650467250442416698e+05 8.126528010421060026e+04 5.807468094749916781e+04 2.479049078731731788e+04 2.724907255011475645e+05 1.379174227109671665e+04 5.211230701492441585e+05 2.168224231876750491e+04 3.261082787496583842e+04 4.054722982733247336e+05 3.288233095959343336e+04 8.662209079713789833e+03 3.288239212210470578e+04 8.344737958647452615e+03 3.288230562811380514e+04 3.288238258516696078e+04 3.288226874256401788e+04 2.023693312824489549e+05 4.991854102370219334e+04 3.288195002741710778e+04 3.288231898764067591e+04 3.288243341663215688e+04 1.448969921502100806e+04 1.112398427491254988e+05 3.262034043559563579e+05
1.650465757610826986e+05 8.452605077465095383e+04 6.666886146960452606e+04 1.028658455812384636e+04 2.724906200999584398e+05 2.370916314646610772e+04 5.211230167084022542e+05 4.433669964780459122e+04 5.000216505297781259e+04 4.107353793909598608e+05 6.142069436997520825e+03 3.288239212210470578e+04 3.232790440031895741e+03 3.333528433369364939e+04 6.142067804293339577e+03 2.194669853340555164e+03 6.141961474825558071e+03 2.023691485778834322e+05 5.833546092063886317e+04 6.141714650107958732e+03 6.142064084783956787e+03 2.194654240411235605e+03 3.333538390221291775e+04 1.112397182012247795e+05 3.262033116463146871e+05
1.650467402454733092e+05 8.126530569858664239e+04 5.833568889818215393e+04 2.524343569479971120e+04 2.724907441721088253e+05 1.008951637314448635e+04 5.211231197715973249e+05 2.767007890026969108e+04 3.333552275021021342e+04 4.107354981722565135e+05 3.333523434686329711e+04 8.344737958647450796e+03 3.333528433369364939e+04 1.008445816402617989e+00 3.333518782828397525e+04 3.333531485179503943e+04 3.333515671635271428e+04 2.023693064232349279e+05 5.000227899851450638e+04 3.333483726777045376e+04 3.333522146289677767e+04 3.333531381016888190e+04 1.272124272554586423e+04 1.112398917035928462e+05 3.262034286887322087e+05
1.650463246447028941e+05 8.452584166312664456e+04 6.666866870187208406e+04 1.642691871248685493e+04 2.724904084096959559e+05 2.500181204716453431e+04 5.211229268576421891e+05 4.433662869841111387e+04 5.000199613895806397e+04 4.107352254312101286e+05 1.555682240684422846e+00 3.288230562811380514e+04 6.142067804293340487e+03 3.333518782828397525e+04 8.901009408779162468e-01 8.335124393243440863e+03 1.341370425946144973e+00 2.023689103735620738e+05 5.833533080348151270e+04 1.176902571205299841e+00 1.500152257977905634e+00 8.335106800578889306e+03 3.333524663333733042e+04 1.112394618861352792e+05 3.262030712058047648e+05
1.650466368140442064e+05 8.452609665182653407e+04 6.666888578828677419e+04 8.093535311388876835e+03 2.724906828521420830e+05 2.324750110191112981e+04 5.211230217569944216e+05 4.433675076513383101e+04 5.000215714968358952e+04 4.107354061377504258e+05 8.335142224748364242e+03 3.288238258516696078e+04 2.194669853340555619e+03 3.333531485179503943e+04 8.335124393243440863e+03 9.940948406436275198e-01 8.335027149153454957e+03 2.023691903522205830e+05 5.833552054605239391e+04 8.334754296679739127e+03 8.335143881392821640e+03 1.607651061278146720e+00 3.333543292918687075e+04 1.112397538994042261e+05 3.262033139121791464e+05
1.650462662452053628e+05 8.452576111729665718e+04 6.666858154883972020e+04 1.642683153237359511e+04 2.724903644721218734e+05 2.500174528584508516e+04 5.211229154018502450e+05 4.433655931743214023e+04 5.000191240513812227e+04 4.107352156838148949e+05 1.506131805009084168e+00 3.288226874256401788e+04 6.141961474825558071e+03 3.333515671635271428e+04 1.341370425946144973e+00 8.335027149153454957e+03 8.818128971355136958e-01 2.023688458614786505e+05 5.833521750244066061e+04 1.076930710430353599e+00 1.501758315283877820e+00 8.335039173862454845e+03 3.333520595681730629e+04 1.112393964380791731e+05 3.262030518135760794e+05
1.124155242079008749e+05 1.748941744932988076e+05 1.895221532542352215e+05 2.023692443423850636e+05 1.792440648234314867e+05 2.023692408046534692e+05 4.823389651859220467e+05 1.993390760738848476e+05 1.940360042486056627e+05 3.423795295767845237e+05 2.023690428634009440e+05 2.023693312824489549e+05 2.023691485778834322e+05 2.023693064232349279e+05 2.023689103735620447e+05 2.023691903522205830e+05 2.023688458614786505e+05 5.760535589423075726e+04 1.940360497351125814e+05 2.023687546757907548e+05 2.023689793709700753e+05 2.023692120346778247e+05 2.023693494180606212e+05 1.472705997198475525e+05 2.680858573686646996e+05
1.567134835370639921e+05 6.459863803159252711e+04 3.459049377453765192e+04 5.579929821606617043e+04 2.641574829004271887e+05 5.000214455249404273e+04 4.961232318310278933e+05 3.900079353429401817e+04 2.500202296896307962e+04 3.940688955930965603e+05 5.833539928121317644e+04 4.991854102370219334e+04 5.833546092063887045e+04 5.000227899851450638e+04 5.833533080348151998e+04 5.833552054605239391e+04 5.833521750244066789e+04 1.940360497351125814e+05 2.511807407024502936e+03 5.833501443295408535e+04 5.833534549369428714e+04 5.833551658099002816e+04 4.561617777329863020e+04 9.457324166339886142e+04 3.178701551714786328e+05
1.650461420599737030e+05 8.452553128954832209e+04 6.666837399932062544e+04 1.642655092640456496e+04 2.724902352061928832e+05 2.500144144163880628e+04 5.211228145975291263e+05 4.433627912575183291e+04 5.000168118127017806e+04 4.107350963073953753e+05 1.263935456748846997e+00 3.288195002741711505e+04 6.141714650107958732e+03 3.333483726777046104e+04 1.176902571205299619e+00 8.334754296679739127e+03 1.076930710430353599e+00 2.023687546757907548e+05 5.833501443295408535e+04 6.016606165223487013e-01 1.251823727094023342e+00 8.334771995282173521e+03 3.333493153789764619e+04 1.112392374468401686e+05 3.262029570456766523e+05
1.650464119789035176e+05 8.452594460832858749e+04 6.666874160349195881e+04 1.642694933234185737e+04 2.724904622093015932e+05 2.500184195543732858e+04 5.211229556828853674e+05 4.433661516476959514e+04 5.000202517542523128e+04 4.107352719906772836e+05 1.589217903198323345e+00 3.288231898764067591e+04 6.142064084783956787e+03 3.333522146289677767e+04 1.500152257977905190e+00 8.335143881392821640e+03 1.501758315283877820e+00 2.023689793709700753e+05 5.833534549369428714e+04 1.251823727094023786e+00 9.428973949574822599e-01 8.335146055117509604e+03 3.333527420987356891e+04 1.112396206671263790e+05 3.262031505118889036e+05
1.650466467162349727e+05 8.452607076045524445e+04 6.666885937504305912e+04 8.093578989261439347e+03 2.724906800107334857e+05 2.324748285232276612e+04 5.211230564278006204e+05 4.433677703143337567e+04 5.000216801045435568e+04 4.107354053118618904e+05 8.335173091758282681e+03 3.288243341663215688e+04 2.194654240411235605e+03 3.333531381016888190e+04 8.335106800578889306e+03 1.607651061278146942e+00 8.335039173862454845e+03 2.023692120346778247e+05 5.833551658099002816e+04 8.334771995282173521e+03 8.335146055117509604e+03 9.448506475353478651e-01 3.333544813012371742e+04 1.112397514406666160e+05 3.262033651260677143e+05
1.650467417802803684e+05 8.126530387107993010e+04 5.787395763231567253e+04 2.524353557936801735e+04 2.724908009896598523e+05 1.355225974448138732e+04 5.211231417551218183e+05 2.767000252407570588e+04 2.894938962638962403e+04 4.107355165997050353e+05 3.333529995771891117e+04 1.448969921502100806e+04 3.333538390221291775e+04 1.272124272554586423e+04 3.333524663333733770e+04 3.333543292918687075e+04 3.333520595681730629e+04 2.023693494180605921e+05 4.561617777329863020e+04 3.333493153789764619e+04 3.333527420987356891e+04 3.333544813012371742e+04 4.156206172733975109e+03 1.112398986258825898e+05 3.262034580284066033e+05
1.115449438017594366e+05 6.378763212415991438e+04 8.350903448538584053e+04 1.112398398188994615e+05 2.384371009769472003e+05 1.112398077701820876e+05 4.792358099983729189e+05 1.082096374376190506e+05 1.029065969811860268e+05 3.886063084614108666e+05 1.112396555046831927e+05 1.112398427491254988e+05 1.112397182012247795e+05 1.112398917035928462e+05 1.112394618861353083e+05 1.112397538994042407e+05 1.112393964380791731e+05 1.472705997198475525e+05 9.457324166339886142e+04 1.112392374468401686e+05 1.112396206671263790e+05 1.112397514406666160e+05 1.112398986258825898e+05 2.929159048537544004e+04 2.862389071952781524e+05
2.663228189118973678e+05 2.928465642784871743e+05 3.072220078689352958e+05 3.262033342420098488e+05 2.029699673976901686e+05 3.262033268668238888e+05 4.312033183829983464e+05 3.231731655612692703e+05 3.178701716546003008e+05 2.917443416640554206e+05 3.262031819985601469e+05 3.262034043559563579e+05 3.262033116463146871e+05 3.262034286887322087e+05 3.262030712058047648e+05 3.262033139121791464e+05 3.262030518135760212e+05 2.680858573686646996e+05 3.178701551714786328e+05 3.262029570456765941e+05 3.262031505118889036e+05 3.262033651260677143e+05 3.262034580284066033e+05 2.862389071952782106e+05 1.069146068784347881e+05
