8.834243828740855679e+04 3.214287350526007940e+05 2.978069592778115766e+05 3.214286877757217735e+05 3.214288304071702296e+05 3.214288492954251124e+05 2.715338259927078616e+05 3.096179639805592597e+05 3.214289450129405013e+05 2.964946177181864041e+05 3.214288992972892593e+05 3.214289130021185847e+05 3.214286333443019539e+05 3.155235003041520831e+05 2.275423845939562016e+05 2.921827327119984548e+05 3.214288021042878390e+05 2.799853316810988472e+05 3.214286042377454578e+05 3.096179513420734438e+05 3.214285172717856476e+05 1.734879409643423860e+05 3.214285783681005705e+05 2.579884949271068617e+05 2.313952162174796103e+05
3.214287350526007940e+05 6.926675635879301351e-01 4.330907607415853272e+04 1.383760054186072397e+00 1.475512067676066463e+00 5.096778915884200956e+02 1.074762846785738948e+05 2.799840422892676361e+04 1.292015130532981493e+04 4.827722679997202795e+04 3.938689767728997140e+03 8.531964831648097970e+03 1.427202310050798006e+00 2.165538639037549365e+04 1.974727029402447515e+05 5.493265548151572148e+04 1.504205181122695079e+00 8.440304710215791420e+04 1.487630035120891314e+00 3.149800751999781642e+04 1.179629510005459458e+00 2.506110027397375670e+05 1.405131879078164836e+00 1.444997842049518949e+05 4.025453381755937007e+05
2.978069592778115766e+05 4.330907607415853272e+04 8.068457835232114572e-01 4.330900997388707037e+04 4.330908655941644975e+04 4.330905254355107900e+04 8.385432125304335204e+04 2.712349654979711340e+04 3.937210276540106133e+04 7.307593944808263586e+03 4.330909845298859727e+04 4.101252782039727754e+04 4.330894780978989729e+04 3.346650991212821100e+04 1.738509458641915407e+05 1.772693415712044953e+04 4.330905806026422215e+04 5.760961592883218691e+04 4.330885214996839204e+04 1.946320581101128482e+04 4.330851641267494415e+04 2.269892131253165135e+05 4.330868219200844760e+04 1.208779344838850957e+05 3.789235635914729792e+05
3.214286877757217735e+05 1.383760054186072397e+00 4.330900997388707037e+04 7.194675059424827657e-01 1.532683779938211366e+00 5.096865871049068915e+02 1.074762587019825005e+05 2.799836444979285079e+04 1.292010029500477503e+04 4.827718289643406024e+04 3.938742440582856943e+03 8.531928890258914180e+03 1.343930237983198550e+00 2.165536057355194134e+04 1.974726827656309179e+05 5.493263515550500597e+04 1.519599374169676054e+00 8.440301546081123524e+04 1.344789830669137265e+00 3.149795057525905213e+04 1.130191288983599440e+00 2.506109630682175048e+05 1.308595031596883507e+00 1.444997408284851699e+05 4.025452701434953487e+05
3.214288304071702296e+05 1.475512067676066685e+00 4.330908655941644247e+04 1.532683779938211366e+00 6.938539696928995859e-01 5.096711760764907808e+02 1.074763086664435541e+05 2.799838908820876895e+04 1.292017506484795013e+04 4.827726542383786727e+04 3.938729364502117278e+03 8.531993264296670532e+03 1.544315148406176785e+00 2.165537559306741969e+04 1.974727579964525648e+05 5.493270517570865923e+04 1.485749650636921659e+00 8.440312165813402680e+04 1.554631926999111569e+00 3.149803794517620190e+04 1.219893324617173036e+00 2.506110905220828135e+05 1.452058298393235303e+00 1.444998788349463430e+05 4.025454363315587398e+05
3.214288492954251124e+05 5.096778915884200956e+02 4.330905254355107900e+04 5.096865871049068915e+02 5.096711760764907808e+02 8.856881776368931014e+02 1.074763263086168881e+05 2.749036516620669136e+04 1.241204096509888950e+04 4.827723507244844950e+04 3.430565621547577848e+03 8.023804352330676920e+03 5.096748603088672098e+02 2.114739183930533545e+04 1.974728324467229831e+05 5.493278917252337124e+04 5.096039568717772568e+02 8.440319048154272605e+04 5.096028750923266557e+02 3.123579319794386538e+04 5.092564200676618498e+02 2.506111201879904256e+05 5.094729913358043518e+02 1.444999055180569994e+05 4.025454775461929385e+05
2.715338259927078616e+05 1.074762846785738948e+05 8.385432125304335204e+04 1.074762587019825005e+05 1.074763086664435541e+05 1.074763263086168736e+05 1.891573302146653805e+04 9.566534076417064352e+04 1.074763672113135253e+05 7.888618758080611588e+04 1.074764211147079477e+05 1.074763849027835386e+05 1.074760922345098661e+05 1.015709214111306064e+05 1.266720875051738403e+05 7.154898885882379545e+04 1.074762776890873065e+05 3.328301001740777428e+04 1.074760492437553330e+05 9.566538698943940108e+04 1.074758079697927315e+05 1.924445027111639210e+05 1.074758908183062158e+05 6.219249847994912852e+04 3.556452696779222460e+05
3.096179639805592597e+05 2.799840422892676361e+04 2.712349654979710976e+04 2.799836444979285079e+04 2.799838908820876895e+04 2.749036516620669136e+04 9.566534076417061442e+04 2.370170140986731894e+03 1.587589484454944250e+04 3.209176940326715339e+04 2.406140846897259689e+04 1.946815726478530632e+04 2.799834873550954217e+04 9.174373513389104119e+03 1.856618881290795689e+05 3.874729073927772697e+04 2.799844710133453555e+04 6.961508844004715502e+04 2.799822004817867128e+04 8.596171468670710965e+03 2.799783432168906074e+04 2.388002634828682931e+05 2.799808578181697885e+04 1.326889438284920470e+05 3.907345395140455803e+05
3.214289450129405013e+05 1.292015130532981493e+04 3.937210276540106133e+04 1.292010029500477503e+04 1.292017506484795013e+04 1.241204096509888950e+04 1.074763672113135253e+05 1.587589484454944250e+04 1.592473454030939138e+03 4.434032429177284212e+04 8.983005507266569111e+03 4.389668814867666697e+03 1.292008803010318479e+04 8.736898157670997534e+03 1.974729071986548370e+05 5.099582654594787891e+04 1.292014186250134662e+04 8.145043553581871674e+04 1.292001063073052319e+04 2.323237369391648099e+04 1.291961035826425541e+04 2.506111995755076641e+05 1.291984677879328774e+04 1.444999612048513663e+05 4.025455172225802671e+05
2.964946177181864041e+05 4.827722679997202795e+04 7.307593944808261767e+03 4.827718289643406024e+04 4.827726542383786727e+04 4.827723507244844950e+04 7.888618758080611588e+04 3.209176940326715339e+04 4.434032429177284212e+04 4.172163489228069921e+03 4.827732710479288653e+04 4.598073605251652043e+04 4.827713382395432563e+04 3.843476664103592339e+04 1.709717407083539001e+05 1.049399886297934609e+04 4.827723955628875410e+04 5.264148730224377505e+04 4.827704272281825251e+04 2.479675054232455295e+04 4.827671405277265876e+04 2.256769857852277928e+05 4.827685714432415261e+04 1.159097642057695339e+05 3.776113044017425855e+05
3.214288992972892593e+05 3.938689767728997140e+03 4.330909845298858272e+04 3.938742440582856943e+03 3.938729364502117278e+03 3.430565621547576939e+03 1.074764211147079623e+05 2.406140846897259689e+04 8.983005507266569111e+03 4.827732710479288653e+04 7.177510141479508388e-01 4.594765584280597977e+03 3.938707299441647592e+03 1.771832628900821874e+04 1.974728660339991329e+05 5.493278878127568896e+04 3.938771094226050081e+03 8.440316009686801408e+04 3.938662257243792283e+03 2.946599741162173086e+04 3.938267365350742693e+03 2.506111780336302472e+05 3.938544454623585807e+03 1.444999538052724965e+05 4.025454598235511221e+05
3.214289130021185265e+05 8.531964831648097970e+03 4.101252782039727754e+04 8.531928890258914180e+03 8.531993264296670532e+03 8.023804352330676920e+03 1.074763849027835386e+05 1.946815726478530632e+04 4.389668814867666697e+03 4.598073605251652043e+04 4.594765584280597977e+03 3.828428711594243850e+03 8.531929506809054146e+03 1.312510244223779227e+04 1.974729044540766627e+05 5.263624388077111507e+04 8.532010605834022499e+03 8.268077973316540010e+04 8.531873050736263394e+03 2.582971747279398187e+04 8.531461881845767493e+03 2.506111947814459854e+05 8.531726905421484844e+03 1.444999667025480303e+05 4.025454564808192081e+05
3.214286333443019539e+05 1.427202310050798006e+00 4.330894780978989729e+04 1.343930237983198550e+00 1.544315148406176785e+00 5.096748603088673235e+02 1.074760922345098661e+05 2.799834873550954217e+04 1.292008803010318479e+04 4.827713382395432563e+04 3.938707299441647592e+03 8.531929506809054146e+03 6.807894075693622371e-01 2.165534182745313592e+04 1.974726532885557390e+05 5.493256433073987864e+04 1.506684010299819798e+00 8.440292045786860399e+04 1.268306252586523408e+00 3.149791309643568457e+04 1.052122226628582569e+00 2.506109223478533386e+05 1.246449114646614120e+00 1.444996626449479663e+05 4.025452645811630064e+05
3.155235003041521413e+05 2.165538639037549729e+04 3.346650991212821828e+04 2.165536057355194862e+04 2.165537559306742332e+04 2.114739183930533909e+04 1.015709214111305919e+05 9.174373513389104119e+03 8.736898157670997534e+03 3.843476664103593066e+04 1.771832628900821874e+04 1.312510244223779773e+04 2.165534182745313956e+04 5.906341852381679928e+03 1.915674163097268611e+05 4.509022800645112147e+04 2.165541552046894139e+04 7.554492716149000626e+04 2.165526196931481172e+04 1.732682520250109155e+04 2.165485679781650106e+04 2.447057368808721658e+05 2.165511693409374857e+04 1.385944577878318087e+05 3.966400424858318293e+05
2.275423845939562016e+05 1.974727029402447515e+05 1.738509458641915407e+05 1.974726827656309179e+05 1.974727579964525648e+05 1.974728324467229831e+05 1.266720875051738403e+05 1.856618881290795689e+05 1.974729071986548370e+05 1.709717407083539001e+05 1.974728660339991329e+05 1.974729044540766627e+05 1.974726532885557390e+05 1.915674163097268611e+05 5.406033904594740306e+04 1.665393496456650319e+05 1.974727428784624790e+05 1.470835298394739511e+05 1.974725569769282301e+05 1.856619480940042413e+05 1.974723650731528469e+05 1.349287323902085191e+05 1.974724324403892097e+05 1.001920725292501738e+05 3.129123863388879108e+05
2.921827327119984548e+05 5.493265548151572148e+04 1.772693415712044953e+04 5.493263515550500597e+04 5.493270517570866650e+04 5.493278917252336396e+04 7.154898885882379545e+04 3.874729073927772697e+04 5.099582654594787164e+04 1.049399886297934609e+04 5.493278878127568896e+04 5.263624388077111507e+04 5.493256433073987864e+04 4.509022800645112147e+04 1.665393496456650319e+05 9.087194630943229640e+03 5.493273178074029420e+04 4.434129248629695212e+04 5.493247079338999902e+04 3.267237103072594982e+04 5.493219348277988320e+04 2.213650148581706744e+05 5.493233658505985659e+04 1.100619289751731412e+05 3.732992408366296440e+05
3.214288021042878390e+05 1.504205181122695079e+00 4.330905806026421487e+04 1.519599374169676054e+00 1.485749650636921659e+00 5.096039568717772568e+02 1.074762776890873211e+05 2.799844710133453555e+04 1.292014186250134662e+04 4.827723955628875410e+04 3.938771094226050081e+03 8.532010605834022499e+03 1.506684010299819798e+00 2.165541552046893776e+04 1.974727428784624790e+05 5.493273178074029420e+04 7.246560113724157537e-01 8.440309090393708902e+04 1.538501946048417057e+00 3.149802296565843790e+04 1.225848691543924174e+00 2.506110416727512784e+05 1.418030020271583869e+00 1.444998310947192367e+05 4.025453874014106696e+05
2.799853316810987890e+05 8.440304710215791420e+04 5.760961592883218691e+04 8.440301546081123524e+04 8.440312165813402680e+04 8.440319048154272605e+04 3.328301001740776701e+04 6.961508844004715502e+04 8.145043553581871674e+04 5.264148730224377505e+04 8.440316009686801408e+04 8.268077973316540010e+04 8.440292045786860399e+04 7.554492716149000626e+04 1.470835298394739511e+05 4.434129248629695212e+04 8.440309090393711813e+04 1.043635033397877669e+04 8.440279914673561871e+04 6.942067154110826959e+04 8.440259475109938649e+04 2.056624572873278521e+05 8.440270739227812737e+04 8.602845077697407396e+04 3.621913013439709903e+05
3.214286042377454578e+05 1.487630035120891314e+00 4.330885214996839204e+04 1.344789830669137265e+00 1.554631926999111569e+00 5.096028750923267125e+02 1.074760492437553330e+05 2.799822004817867128e+04 1.292001063073052319e+04 4.827704272281825251e+04 3.938662257243792283e+03 8.531873050736263394e+03 1.268306252586523408e+00 2.165526196931480808e+04 1.974725569769282301e+05 5.493247079338999902e+04 1.538501946048417057e+00 8.440279914673561871e+04 6.495718344748399042e-01 3.149780259658968498e+04 9.738289201829035679e-01 2.506108904340800946e+05 1.086129407172760519e+00 1.444995852412367531e+05 4.025452147878610413e+05
3.096179513420734438e+05 3.149800751999781642e+04 1.946320581101128482e+04 3.149795057525905213e+04 3.149803794517620190e+04 3.123579319794386538e+04 9.566538698943940108e+04 8.596171468670710965e+03 2.323237369391648099e+04 2.479675054232455295e+04 2.946599741162173086e+04 2.582971747279398187e+04 3.149791309643568457e+04 1.732682520250108792e+04 1.856619480940042413e+05 3.267237103072594982e+04 3.149802296565843790e+04 6.942067154110826959e+04 3.149780259658968498e+04 4.919130978026730190e+03 3.149746752492840460e+04 2.388002931619744049e+05 3.149765735874643724e+04 1.326889518077202956e+05 3.907345892724113655e+05
3.214285172717856476e+05 1.179629510005459458e+00 4.330851641267494415e+04 1.130191288983599440e+00 1.219893324617172814e+00 5.092564200676618498e+02 1.074758079697927460e+05 2.799783432168906074e+04 1.291961035826425541e+04 4.827671405277265876e+04 3.938267365350742693e+03 8.531461881845767493e+03 1.052122226628582569e+00 2.165485679781649378e+04 1.974723650731528469e+05 5.493219348277988320e+04 1.225848691543924174e+00 8.440259475109935738e+04 9.738289201829033459e-01 3.149746752492840460e+04 4.083186682123609024e-01 2.506107407079343102e+05 8.156104717976472296e-01 1.444993694116367551e+05 4.025451361385985510e+05
1.734879409643423860e+05 2.506110027397375670e+05 2.269892131253165135e+05 2.506109630682175048e+05 2.506110905220828135e+05 2.506111201879904256e+05 1.924445027111639210e+05 2.388002634828682931e+05 2.506111995755076641e+05 2.256769857852277928e+05 2.506111780336302472e+05 2.506111947814459272e+05 2.506109223478533386e+05 2.447057368808721658e+05 1.349287323902085191e+05 2.213650148581706744e+05 2.506110416727512784e+05 2.056624572873278230e+05 2.506108904340800946e+05 2.388002931619744049e+05 2.506107407079343102e+05 6.809605208784877323e+04 2.506108114983295090e+05 1.743972885591796366e+05 2.652476308462111047e+05
3.214285783681005705e+05 1.405131879078164836e+00 4.330868219200844032e+04 1.308595031596883729e+00 1.452058298393235303e+00 5.094729913358043518e+02 1.074758908183062158e+05 2.799808578181697885e+04 1.291984677879328774e+04 4.827685714432415261e+04 3.938544454623585807e+03 8.531726905421484844e+03 1.246449114646614342e+00 2.165511693409374857e+04 1.974724324403892097e+05 5.493233658505985659e+04 1.418030020271584091e+00 8.440270739227812737e+04 1.086129407172760519e+00 3.149765735874643724e+04 8.156104717976472296e-01 2.506108114983295382e+05 5.963356158656141215e-01 1.444994506094143726e+05 4.025452238854671014e+05
2.579884949271068617e+05 1.444997842049518949e+05 1.208779344838850957e+05 1.444997408284851699e+05 1.444998788349463430e+05 1.444999055180569994e+05 6.219249847994913580e+04 1.326889438284921052e+05 1.444999612048513663e+05 1.159097642057695339e+05 1.444999538052724965e+05 1.444999667025480303e+05 1.444996626449479663e+05 1.385944577878318087e+05 1.001920725292501738e+05 1.100619289751731267e+05 1.444998310947192367e+05 8.602845077697407396e+04 1.444995852412367531e+05 1.326889518077202956e+05 1.444993694116367551e+05 1.743972885591796658e+05 1.444994506094143726e+05 2.870565749679792862e+04 3.451445033014014480e+05
2.313952162174796103e+05 4.025453381755937589e+05 3.789235635914729792e+05 4.025452701434953487e+05 4.025454363315587398e+05 4.025454775461929385e+05 3.556452696779222460e+05 3.907345395140455803e+05 4.025455172225802671e+05 3.776113044017425855e+05 4.025454598235511803e+05 4.025454564808192081e+05 4.025452645811630064e+05 3.966400424858318293e+05 3.129123863388879108e+05 3.732992408366295858e+05 4.025453874014106696e+05 3.621913013439709903e+05 4.025452147878610413e+05 3.907345892724113655e+05 4.025451361385985510e+05 2.652476308462110464e+05 4.025452238854671014e+05 3.451445033014014480e+05 1.255595303247412376e+05
