1.599445396121930389e+04 2.013244330052890291e+05 2.182738624299037619e+05 1.928503084475915821e+05 5.139901802135963226e+04 2.182738513976637332e+05 2.182737680324464745e+05 2.182736334548850427e+05 1.456783526366324513e+05 2.182739262132851582e+05 1.900254902232923487e+05 2.182737448781160056e+05 6.808864183749542281e+04 9.996775750484464515e+04 1.627186761709853890e+05 2.182741258678778831e+05 2.182738944258392439e+05 1.831651660568997031e+05 2.182735456902128062e+05 2.182741503729026881e+05 2.182740705343290465e+05 2.097990344930786814e+05 1.737827215387358447e+05 2.013249275686406763e+05 2.182739420808945724e+05
2.013244330052890291e+05 3.489474793553778986e-01 1.695047402484335908e+04 8.476099752449719745e+03 1.709617820023054082e+05 1.695056353764838059e+04 1.695040861080976174e+04 1.695005168599125318e+04 7.259725665879987355e+04 1.695065955059176486e+04 1.130100582504348495e+04 1.695029814487868134e+04 2.298184224320751673e+05 1.353358521705438616e+05 5.555705685160955181e+04 1.695071958349499619e+04 1.695064671188170905e+04 1.937212030409028011e+04 1.694989349118328028e+04 1.695069649216090693e+04 1.695071786647880072e+04 8.475349392171301588e+03 4.402225193489508820e+04 1.272718422443198882e+00 1.695060833851942516e+04
2.182738624299037619e+05 1.695047402484335908e+04 3.967597304354942289e-01 2.542559994467297656e+04 1.879112253408939578e+05 1.235004421952888620e+00 1.206121623084315031e+00 1.285221417282035983e+00 8.954673815528301930e+04 1.588374628085279960e+00 2.825050107250046858e+04 1.234110991632027199e+00 2.467677283548021514e+05 1.522852601838748087e+05 7.250661784450059349e+04 1.719601309975846259e+00 1.493219864029807775e+00 3.632152855389641627e+04 9.921876409704464272e-01 1.792465677452062645e+00 1.639531667108482749e+00 8.475794227084399608e+03 6.097171822981520381e+04 1.695079247215982468e+04 1.387396429820032306e+00
1.928503084475915821e+05 8.476099752449719745e+03 2.542559994467297656e+04 4.097656494611785494e-01 1.624876872065605130e+05 2.542561652558193236e+04 2.542553181073155429e+04 2.542535558997020053e+04 6.412305997084537375e+04 2.542564470514144705e+04 2.826430283086260715e+03 2.542544913256755535e+04 2.213443392093722359e+05 1.268617664364040102e+05 4.708287759850064322e+04 2.542549262060068941e+04 2.542563218947680070e+04 1.089767813875446700e+04 2.542495963351887258e+04 2.542545271661066727e+04 2.542564048783491671e+04 1.695058685036544921e+04 3.554787301087508968e+04 8.476328581836771264e+03 2.542561701023918067e+04
5.139901802135963226e+04 1.709617820023054082e+05 1.879112253408939578e+05 1.624876872065605130e+05 2.068850710244878428e+04 1.879112669555525063e+05 1.879111282387831016e+05 1.879109844387741177e+05 1.094354676733309461e+05 1.879113108976202493e+05 1.596629052729010873e+05 1.879110896998792305e+05 8.370539644779219816e+04 5.875960778822380962e+04 1.304726920672551641e+05 1.879113481562760717e+05 1.879112907792901678e+05 1.528025665176276525e+05 1.879108208091344859e+05 1.879114133378328406e+05 1.879112867685890233e+05 1.794363141747356858e+05 1.416412617684993602e+05 1.709621644497452071e+05 1.879112501738555729e+05
2.182738513976637332e+05 1.695056353764838059e+04 1.235004421952888620e+00 2.542561652558193236e+04 1.879112669555525063e+05 3.636689212818767780e-01 1.407693983500268864e+00 1.346559696430886355e+00 8.954673964589805109e+04 1.521791053602963073e+00 2.825041872175163735e+04 1.354188445590406298e+00 2.467678128095254069e+05 1.522853359700167202e+05 7.250664558672983549e+04 1.771356717898348920e+00 1.440346462633079305e+00 3.632150132156592736e+04 1.043711233542972794e+00 1.817681337536040109e+00 1.694772259248429336e+00 8.475895011389628053e+03 6.097181405653987895e+04 1.695084385234625006e+04 1.451820811992064142e+00
2.182737680324464745e+05 1.695040861080976174e+04 1.206121623084315031e+00 2.542553181073155429e+04 1.879111282387831016e+05 1.407693983500268864e+00 3.826660593149027734e-01 1.123944313710793619e+00 8.954662603070863406e+04 1.592532365462925759e+00 2.825039385324714749e+04 1.042418316464241546e+00 2.467677138235146704e+05 1.522852159026200243e+05 7.250658765529619996e+04 1.701403306479275734e+00 1.572786508769508318e+00 3.632145170130678889e+04 9.276353741889669102e-01 1.663372568479979829e+00 1.697786322475982823e+00 8.475731650258763693e+03 6.097167362721554673e+04 1.695083613592530310e+04 1.409860613287504671e+00
2.182736334548850427e+05 1.695005168599125318e+04 1.285221417282035983e+00 2.542535558997020053e+04 1.879109844387741177e+05 1.346559696430886355e+00 1.123944313710793619e+00 3.343101026338416437e-01 8.954650915821721719e+04 1.512189743505088835e+00 2.825026581671440726e+04 9.664281112183610301e-01 2.467675940552021493e+05 1.522850583692954388e+05 7.250630396130339068e+04 1.580407918859454863e+00 1.479398505284743814e+00 3.632128855756351550e+04 7.373110098403250490e-01 1.566032803120720240e+00 1.540240551968908411e+00 8.475529668633329493e+03 6.097145305566586467e+04 1.695064417236691588e+04 1.399993756047272608e+00
1.456783526366324513e+05 7.259725665879987355e+04 8.954673815528301930e+04 6.412305997084537375e+04 1.094354676733309316e+05 8.954673964589805109e+04 8.954662603070863406e+04 8.954650915821721719e+04 1.562696131527560283e+04 8.954678244118411385e+04 6.129814286083685147e+04 8.954662848998389381e+04 1.741723714352933166e+05 6.475818344964722928e+04 2.349869070626774192e+04 8.954683210835169302e+04 8.954681704528364935e+04 5.414948148208072234e+04 8.954618003994466562e+04 8.954676197580562439e+04 8.954690172389209329e+04 8.107176376455089485e+04 3.503378348232800636e+04 7.259768520401341084e+04 8.954675526242349588e+04
2.182739262132851582e+05 1.695065955059176486e+04 1.588374628085279960e+00 2.542564470514144705e+04 1.879113108976202493e+05 1.521791053602963073e+00 1.592532365462925759e+00 1.512189743505088835e+00 8.954678244118411385e+04 4.264358258279649649e-01 2.825046640103005120e+04 1.515135047136549451e+00 2.467679196414902399e+05 1.522853738680580573e+05 7.250669832849221712e+04 1.809378837898159897e+00 1.423034122738809693e+00 3.632153279529474821e+04 1.097133756665373605e+00 1.706556989219788933e+00 1.589885702720675642e+00 8.475939782821544213e+03 6.097179639323841548e+04 1.695076647934355424e+04 1.571925861882628617e+00
1.900254902232923487e+05 1.130100582504348131e+04 2.825050107250046858e+04 2.826430283086260260e+03 1.596629052729010873e+05 2.825041872175163735e+04 2.825039385324714749e+04 2.825026581671440726e+04 6.129814286083684419e+04 2.825046640103004756e+04 3.766957198290346241e+03 2.825032581761814436e+04 2.185194966439973505e+05 1.240369523720546567e+05 4.425812880869640503e+04 2.825051569010346429e+04 2.825042467389319063e+04 8.072600602974423055e+03 2.824985032843225054e+04 2.825031825658167145e+04 2.825043883557681329e+04 1.977543123202002243e+04 3.272321017672201560e+04 1.130129156857479029e+04 2.825051539245322419e+04
2.182737448781160056e+05 1.695029814487868134e+04 1.234110991632027199e+00 2.542544913256755535e+04 1.879110896998792305e+05 1.354188445590406298e+00 1.042418316464241546e+00 9.664281112183610301e-01 8.954662848998389381e+04 1.515135047136549451e+00 2.825032581761814436e+04 3.902256383853066057e-01 2.467676355777286226e+05 1.522852221598323667e+05 7.250652636250539217e+04 1.628956507160451705e+00 1.493540337276950902e+00 3.632135924658377189e+04 8.735679734123295015e-01 1.682492182446933215e+00 1.620979456576733257e+00 8.475657544398529353e+03 6.097160769932132825e+04 1.695076300865651501e+04 1.427728872413369876e+00
6.808864183749540825e+04 2.298184224320751964e+05 2.467677283548021514e+05 2.213443392093722359e+05 8.370539644779219816e+04 2.467678128095254069e+05 2.467677138235146704e+05 2.467675940552021493e+05 1.741723714352933457e+05 2.467679196414902399e+05 2.185194966439973505e+05 2.467676355777286226e+05 3.143577824236142624e+04 1.284166562599866156e+05 1.912126083042031096e+05 2.467680434346612601e+05 2.467678552690919023e+05 2.116590774517392565e+05 2.467674668458743545e+05 2.467680370920665446e+05 2.467679444759872567e+05 2.382929356444872974e+05 2.022766325469711737e+05 2.298188407015538833e+05 2.467677974198281590e+05
9.996775750484464515e+04 1.353358521705439198e+05 1.522852601838748669e+05 1.268617664364040247e+05 5.875960778822380962e+04 1.522853359700167493e+05 1.522852159026200534e+05 1.522850583692954388e+05 6.475818344964722928e+04 1.522853738680580864e+05 1.240369523720546567e+05 1.522852221598323958e+05 1.284166562599866156e+05 2.296680940898572953e+04 8.825516763371747220e+04 1.522853962067930843e+05 1.522854011324351013e+05 1.171765107030949730e+05 1.522848147614399786e+05 1.522853874031746818e+05 1.522853970058819104e+05 1.438103234882018005e+05 9.979008892409974942e+04 1.353362421969032148e+05 1.522853162633099128e+05
1.627186761709853890e+05 5.555705685160956637e+04 7.250661784450059349e+04 4.708287759850064322e+04 1.304726920672551641e+05 7.250664558672983549e+04 7.250658765529621451e+04 7.250630396130339068e+04 2.349869070626774192e+04 7.250669832849221712e+04 4.425812880869642686e+04 7.250652636250539217e+04 1.912126083042031387e+05 8.825516763371744310e+04 4.185481436628565461e+03 7.250650971252527961e+04 7.250676069377303065e+04 3.618693514248932479e+04 7.250605996857229911e+04 7.250668129305109323e+04 7.250664608467051585e+04 6.403161718390560418e+04 1.153638754182156663e+04 5.555747035996902559e+04 7.250663625260647677e+04
2.182741258678778831e+05 1.695071958349499619e+04 1.719601309975846704e+00 2.542549262060068941e+04 1.879113481562760717e+05 1.771356717898348920e+00 1.701403306479275734e+00 1.580407918859454863e+00 8.954683210835169302e+04 1.809378837898160119e+00 2.825051569010346429e+04 1.628956507160452150e+00 2.467680434346613183e+05 1.522853962067930552e+05 7.250650971252527961e+04 4.580497820633694928e-01 1.758726455967881686e+00 3.632155521393693925e+04 1.095805903078530541e+00 1.669825879373864508e+00 1.636407423209531142e+00 8.475967613168551907e+03 6.097168490915559960e+04 1.695087851954546204e+04 1.680578038870986779e+00
2.182738944258392439e+05 1.695064671188170905e+04 1.493219864029807997e+00 2.542563218947680070e+04 1.879112907792901678e+05 1.440346462633079305e+00 1.572786508769508762e+00 1.479398505284744036e+00 8.954681704528364935e+04 1.423034122738810137e+00 2.825042467389319427e+04 1.493540337276950902e+00 2.467678552690919023e+05 1.522854011324351013e+05 7.250676069377303065e+04 1.758726455967881241e+00 3.955762525142311747e-01 3.632154966812930797e+04 1.090013369861529302e+00 1.762183813076833472e+00 1.561363093473138175e+00 8.475976194889190083e+03 6.097185878394253086e+04 1.695082810467355375e+04 1.440290659743115542e+00
1.831651660568997031e+05 1.937212030409028011e+04 3.632152855389641627e+04 1.089767813875446700e+04 1.528025665176276525e+05 3.632150132156592736e+04 3.632145170130678889e+04 3.632128855756351550e+04 5.414948148208072234e+04 3.632153279529474821e+04 8.072600602974423055e+03 3.632135924658377189e+04 2.116590774517392565e+05 1.171765107030949730e+05 3.618693514248932479e+04 3.632155521393693925e+04 3.632154966812930797e+04 4.151253140484827782e+03 3.632093382474678947e+04 3.632149712171011925e+04 3.632157003410642210e+04 2.784647627144028957e+04 2.465185724026116441e+04 1.937240851999557708e+04 3.632154318017735204e+04
2.182735456902128062e+05 1.694989349118328028e+04 9.921876409704465383e-01 2.542495963351887258e+04 1.879108208091344859e+05 1.043711233542972794e+00 9.276353741889667992e-01 7.373110098403250490e-01 8.954618003994466562e+04 1.097133756665373605e+00 2.824985032843225054e+04 8.735679734123296125e-01 2.467674668458743545e+05 1.522848147614399786e+05 7.250605996857229911e+04 1.095805903078530541e+00 1.090013369861529302e+00 3.632093382474678947e+04 1.513280469555206842e-01 1.130996899878522477e+00 1.103285788017924096e+00 8.475127118027940014e+03 6.097114992914327740e+04 1.695025952940782008e+04 1.028028442948984322e+00
2.182741503729026881e+05 1.695069649216090693e+04 1.792465677452062645e+00 2.542545271661066727e+04 1.879114133378328406e+05 1.817681337536040109e+00 1.663372568479979829e+00 1.566032803120720684e+00 8.954676197580562439e+04 1.706556989219788933e+00 2.825031825658167145e+04 1.682492182446933437e+00 2.467680370920665446e+05 1.522853874031746236e+05 7.250668129305109323e+04 1.669825879373864508e+00 1.762183813076833472e+00 3.632149712171011925e+04 1.130996899878522699e+00 4.304220215487518653e-01 1.729274341363580048e+00 8.475977241568527461e+03 6.097182490900022822e+04 1.695093174766010998e+04 1.809842529133651290e+00
2.182740705343290465e+05 1.695071786647880072e+04 1.639531667108482971e+00 2.542564048783491671e+04 1.879112867685890233e+05 1.694772259248429336e+00 1.697786322475982823e+00 1.540240551968908411e+00 8.954690172389209329e+04 1.589885702720675642e+00 2.825043883557681329e+04 1.620979456576733257e+00 2.467679444759872567e+05 1.522853970058819104e+05 7.250664608467051585e+04 1.636407423209531142e+00 1.561363093473138175e+00 3.632157003410642210e+04 1.103285788017924096e+00 1.729274341363580048e+00 4.938247938228545464e-01 8.475993067880954186e+03 6.097173068608826725e+04 1.695080412629855709e+04 1.693599398088019736e+00
2.097990344930786814e+05 8.475349392171301588e+03 8.475794227084399608e+03 1.695058685036544921e+04 1.794363141747356567e+05 8.475895011389628053e+03 8.475731650258763693e+03 8.475529668633329493e+03 8.107176376455089485e+04 8.475939782821544213e+03 1.977543123202002243e+04 8.475657544398529353e+03 2.382929356444872974e+05 1.438103234882018005e+05 6.403161718390560418e+04 8.475967613168551907e+03 8.475976194889190083e+03 2.784647627144028957e+04 8.475127118027940014e+03 8.475977241568527461e+03 8.475993067880954186e+03 8.474887892079468656e+03 5.249670094557224365e+04 8.475881429405209929e+03 8.475887421214491042e+03
1.737827215387358738e+05 4.402225193489507365e+04 6.097171822981520381e+04 3.554787301087508968e+04 1.416412617684993602e+05 6.097181405653987895e+04 6.097167362721554673e+04 6.097145305566586467e+04 3.503378348232799908e+04 6.097179639323841548e+04 3.272321017672201560e+04 6.097160769932132825e+04 2.022766325469711737e+05 9.979008892409974942e+04 1.153638754182156663e+04 6.097168490915559960e+04 6.097185878394253086e+04 2.465185724026116441e+04 6.097114992914327740e+04 6.097182490900022822e+04 6.097173068608826725e+04 5.249670094557224365e+04 4.067714971771579712e+03 4.402260838843809324e+04 6.097176701281465648e+04
2.013249275686406763e+05 1.272718422443198882e+00 1.695079247215982468e+04 8.476328581836771264e+03 1.709621644497452071e+05 1.695084385234625006e+04 1.695083613592530310e+04 1.695064417236691588e+04 7.259768520401343994e+04 1.695076647934355424e+04 1.130129156857479029e+04 1.695076300865651501e+04 2.298188407015538833e+05 1.353362421969031857e+05 5.555747035996902559e+04 1.695087851954546204e+04 1.695082810467355375e+04 1.937240851999557708e+04 1.695025952940782008e+04 1.695093174766010998e+04 1.695080412629855709e+04 8.475881429405209929e+03 4.402260838843808597e+04 4.807689130753826645e-01 1.695083265460198527e+04
2.182739420808945724e+05 1.695060833851942516e+04 1.387396429820032306e+00 2.542561701023918067e+04 1.879112501738555729e+05 1.451820811992064142e+00 1.409860613287504449e+00 1.399993756047272608e+00 8.954675526242349588e+04 1.571925861882628617e+00 2.825051539245322419e+04 1.427728872413369876e+00 2.467677974198281590e+05 1.522853162633099128e+05 7.250663625260647677e+04 1.680578038870986779e+00 1.440290659743115098e+00 3.632154318017735204e+04 1.028028442948984322e+00 1.809842529133651068e+00 1.693599398088019736e+00 8.475887421214491042e+03 6.097176701281465648e+04 1.695083265460198527e+04 4.452837872405047692e-01
