3.770347943316619785e+04 1.226260480201146711e+05 3.339603900985487853e+05 1.750018114455300674e+05 1.750022762134038203e+05 1.708356044554486580e+05 1.750021946118061605e+05 1.750020450016907998e+05 1.750019968067758891e+05 1.666689815579414135e+05 1.666689438992230862e+05 1.750022583537294413e+05 1.750020796201120247e+05 1.750022320517608314e+05 1.535823849311638915e+05 4.891727910575679271e+05 1.589308810935070796e+05 1.750021377480254741e+05 1.750019032384867314e+05 2.106321962687314663e+05 1.750021659001929511e+05 1.226019815247321239e+05 8.947044547608892026e+04 1.666689682195644127e+05 1.750016741974484758e+05
1.226260480201146711e+05 6.529792864534607361e+04 3.271348249084638082e+05 2.182363356080789235e+05 2.182367854666701169e+05 2.140701020973983104e+05 2.182366836120676307e+05 2.182364703559264890e+05 2.182365115226259513e+05 2.099035064526277711e+05 2.099034495963306981e+05 2.182367449574839266e+05 2.182365464019592328e+05 2.182367239665461530e+05 2.039511465646011929e+05 4.578395132833746611e+05 2.065871519960290461e+05 2.182365873810853518e+05 2.182364267326761328e+05 1.947195924198481662e+05 2.182365701491996879e+05 1.798661941852431337e+05 1.479993061946062371e+05 2.099035270121425274e+05 2.182361944032241299e+05
3.339603900985487853e+05 3.271348249084638082e+05 1.372270594369842729e+05 3.837038031488033012e+05 3.837041246761896764e+05 3.795374444311195984e+05 3.837040604674277129e+05 3.837038832556984853e+05 3.837038635561331175e+05 3.753708480864312733e+05 3.753708039586534724e+05 3.837041173212855938e+05 3.837039387167600216e+05 3.837041066731686587e+05 3.729898996108485153e+05 3.785305838671997772e+05 3.753708373482368188e+05 3.837040031689177267e+05 3.837038439222282614e+05 2.449133426987779967e+05 3.837039736737365602e+05 3.563983295646355837e+05 3.493888403855290380e+05 3.753708712225948693e+05 3.837037124097176129e+05
1.750018114455300674e+05 2.182363356080789235e+05 3.837038031488033012e+05 9.003609851525697927e-01 2.500182324996882744e+04 2.916852710276939979e+04 1.077027766761002567e+03 1.623417549782589564e+00 1.524023904918153649e+00 3.333524546364958951e+04 3.333520862177269009e+04 1.805737589063596533e+04 1.619813644687656762e+00 8.335140789117320310e+03 4.722424366369327618e+04 5.260658293984585907e+05 4.107340841944277054e+04 1.659205894088089606e+00 1.409484092698544133e+00 2.850948413562444621e+05 1.650311425590893499e+00 8.536376362790522398e+04 1.227176742517330276e+05 3.333526541551812261e+04 1.099328042348524548e+00
1.750022762134038203e+05 2.182367854666701169e+05 3.837041246761896764e+05 2.500182324996882744e+04 1.026513318324846935e+00 4.168501230304557794e+03 2.392664883100720908e+04 2.500196203479851101e+04 2.500192233109922381e+04 1.583991016499291618e+04 8.335243769197681104e+03 6.946201071124353803e+03 2.500197715142998277e+04 1.666857528978883056e+04 3.889136364995397889e+04 5.260660670332041336e+05 3.274044591647119523e+04 2.500197993412114738e+04 2.500190098294081690e+04 2.850952045347685926e+05 2.500199591302292902e+04 7.911424701378868485e+04 1.227181092270614172e+05 2.500219119833477453e+04 2.500151519534035106e+04
1.708356044554486289e+05 2.140701020973983104e+05 3.795374444311195984e+05 2.916852710276939979e+04 4.168501230304557794e+03 4.167811740159239889e+03 2.809336213909807702e+04 2.916865005789691349e+04 2.916864482057304122e+04 1.167312964023967288e+04 4.168477125635795346e+03 1.111295367182147311e+04 2.916867757758398511e+04 2.083527221599114273e+04 3.472466586191685928e+04 5.218994040248711826e+05 2.857376585318323851e+04 2.916870798368044416e+04 2.916861293715600186e+04 2.809285606390255271e+05 2.916870422564076944e+04 7.494761628679069690e+04 1.185514978518400021e+05 2.083551034260377855e+04 2.916820357403803791e+04
1.750021946118061314e+05 2.182366836120676599e+05 3.837040604674277129e+05 1.077027766761002567e+03 2.392664883100720908e+04 2.809336213909807702e+04 1.874114540482787106e+03 1.077120994220716966e+03 1.077110043341557002e+03 3.278041487046593829e+04 3.226008230547546918e+04 1.698209889273860972e+04 1.077113665874493108e+03 7.259739524403727955e+03 4.722459208703379409e+04 5.260660243082678644e+05 4.107367050339742855e+04 1.077110019236469952e+03 1.077126396456048724e+03 2.850951013131391956e+05 1.077133240693269272e+03 8.536417549404376769e+04 1.227181113710012869e+05 3.333547573820571415e+04 1.076686304861074404e+03
1.750020450016907998e+05 2.182364703559264890e+05 3.837038832556984853e+05 1.623417549782589786e+00 2.500196203479851101e+04 2.916865005789691349e+04 1.077120994220716739e+03 9.908182262835167897e-01 1.740245696713841994e+00 3.333543443028683396e+04 3.333540309148013330e+04 1.805747017721804514e+04 1.677422985135787359e+00 8.335255143081723872e+03 4.722450095567720564e+04 5.260659069434526609e+05 4.107362948051735293e+04 1.784354767792601049e+00 1.695249930622196199e+00 2.850948969418500783e+05 1.737156451312305450e+00 8.536409455402751337e+04 1.227180083990608546e+05 3.333547667809346603e+04 1.330819354843784108e+00
1.750019968067758891e+05 2.182365115226259513e+05 3.837038635561331175e+05 1.524023904918153649e+00 2.500192233109922381e+04 2.916864482057304122e+04 1.077110043341557002e+03 1.740245696713841994e+00 1.003056080964310981e+00 3.333537515240523499e+04 3.333534921285225573e+04 1.805745711286992082e+04 1.746087462688830749e+00 8.335208278213098311e+03 4.722448401263682899e+04 5.260658573938399786e+05 4.107360314617454424e+04 1.720100887046235538e+00 1.598912923417119769e+00 2.850949511062037200e+05 1.736797644867680512e+00 8.536402036260715977e+04 1.227179172172276740e+05 3.333540427802276827e+04 1.275712920272223050e+00
1.666689815579413553e+05 2.099035064526277129e+05 3.753708480864312733e+05 3.333524546364958951e+04 1.583991016499291800e+04 1.167312964023967288e+04 3.278041487046593829e+04 3.333543443028683396e+04 3.333537515240522771e+04 8.214401594710232530e+03 7.506433735867383803e+03 2.133754653152537139e+04 3.333546069403251022e+04 2.903435228672312223e+04 2.510672220227169237e+04 5.177327559927643160e+05 1.690246918772740901e+04 3.333542049727695121e+04 3.333532212954234274e+04 2.767619300159655977e+05 3.333541647888821899e+04 7.078094350948066858e+04 1.143848941798578890e+05 9.164099162849801360e+03 3.333492186645106267e+04
1.666689438992230571e+05 2.099034495963306981e+05 3.753708039586534724e+05 3.333520862177269737e+04 8.335243769197681104e+03 4.168477125635795346e+03 3.226008230547546918e+04 3.333540309148013330e+04 3.333534921285225573e+04 7.506433735867383803e+03 1.077046647639759103e+00 1.527973716168064675e+04 3.333540632312819071e+04 2.500199405711885629e+04 3.055800468150537927e+04 5.177327769331767340e+05 2.440706127170977925e+04 3.333540586327801429e+04 3.333529728398161387e+04 2.767619036303736502e+05 3.333539233666396467e+04 7.078093646737422387e+04 1.143847555871134537e+05 1.666881091759469928e+04 3.333489621440545307e+04
1.750022583537294413e+05 2.182367449574839266e+05 3.837041173212855356e+05 1.805737589063596533e+04 6.946201071124353803e+03 1.111295367182147311e+04 1.698209889273860972e+04 1.805747017721804514e+04 1.805745711286992082e+04 2.133754653152537139e+04 1.527973716168064675e+04 8.102919418527060770e+03 1.805752492994724525e+04 9.723938193484875228e+03 4.236355249810050736e+04 5.260660498675906565e+05 3.621263257116297609e+04 1.805751731489819940e+04 1.805745159711085580e+04 2.850952016836342518e+05 1.805753180710969536e+04 8.171843030726599682e+04 1.227181379117565957e+05 2.847438678974992945e+04 1.805703335400710421e+04
1.750020796201120247e+05 2.182365464019592328e+05 3.837039387167599634e+05 1.619813644687656762e+00 2.500197715142998277e+04 2.916867757758398511e+04 1.077113665874493108e+03 1.677422985135787359e+00 1.746087462688830749e+00 3.333546069403251022e+04 3.333540632312819071e+04 1.805752492994724525e+04 1.016759490596098159e+00 8.335264968598015912e+03 4.722451090654608561e+04 5.260658891065295320e+05 4.107367393750683550e+04 1.695158943397126805e+00 1.709898216188652897e+00 2.850949799586092704e+05 1.708533540164265618e+00 8.536407730452943360e+04 1.227180115474715858e+05 3.333550484887800121e+04 1.401702312962973318e+00
1.750022320517608314e+05 2.182367239665461530e+05 3.837041066731686587e+05 8.335140789117320310e+03 1.666857528978883056e+04 2.083527221599114273e+04 7.259739524403727046e+03 8.335255143081723872e+03 8.335208278213098311e+03 2.903435228672312223e+04 2.500199405711885629e+04 9.723938193484875228e+03 8.335264968598015912e+03 1.010917287013356258e+00 4.722466860943326901e+04 5.260660240732460516e+05 4.107374669883870956e+04 8.335219718670237853e+03 8.335203677098625121e+03 2.850951538384393207e+05 8.335287662753922632e+03 8.536425664600475284e+04 1.227181561359218322e+05 3.333547328121703322e+04 8.334794978980658925e+03
1.535823849311638915e+05 2.039511465646011929e+05 3.729898996108485153e+05 4.722424366369327618e+04 3.889136364995397889e+04 3.472466586191685928e+04 4.722459208703379409e+04 4.722450095567720564e+04 4.722448401263682899e+04 2.510672220227169964e+04 3.055800468150537927e+04 4.236355249810050736e+04 4.722451090654608561e+04 4.722466860943326901e+04 1.464781844946509591e+04 5.153518676765388809e+05 1.073404644898273909e+04 4.722455489829511498e+04 4.722438119526416995e+04 2.743810894177728333e+05 4.722456894412056863e+04 5.367127767132364534e+04 9.908940432881732704e+04 1.847229209465759777e+04 4.722402954163293907e+04
4.891727910575679271e+05 4.578395132833747193e+05 3.785305838671997772e+05 5.260658293984585907e+05 5.260660670332041336e+05 5.218994040248711826e+05 5.260660243082679808e+05 5.260659069434527773e+05 5.260658573938399786e+05 5.177327559927643160e+05 5.177327769331767340e+05 5.260660498675907729e+05 5.260658891065295320e+05 5.260660240732460516e+05 5.153518676765388809e+05 1.971386742332956637e+05 5.177328029859728995e+05 5.260659725470651174e+05 5.260658378096035449e+05 4.214194485711582238e+05 5.260659746932304697e+05 5.010661132522710832e+05 4.934603211465570494e+05 5.177327627895995975e+05 5.260657665309149306e+05
1.589308810935070796e+05 2.065871519960291043e+05 3.753708373482368188e+05 4.107340841944277054e+04 3.274044591647119523e+04 2.857376585318323851e+04 4.107367050339742127e+04 4.107362948051733838e+04 4.107360314617453696e+04 1.690246918772740537e+04 2.440706127170977925e+04 3.621263257116297609e+04 4.107367393750683550e+04 4.107374669883870229e+04 1.073404644898273909e+04 5.177328029859728995e+05 1.106628364850082335e+03 4.107366604817593179e+04 4.107351722702304687e+04 2.767619834168364177e+05 4.107365627629873052e+04 6.304280044398160680e+04 1.066467901446804754e+05 7.740109291986307653e+03 4.107314665064785368e+04
1.750021377480254741e+05 2.182365873810853809e+05 3.837040031689177267e+05 1.659205894088089606e+00 2.500197993412114738e+04 2.916870798368044416e+04 1.077110019236469952e+03 1.784354767792601271e+00 1.720100887046235982e+00 3.333542049727695121e+04 3.333540586327801429e+04 1.805751731489819940e+04 1.695158943397126805e+00 8.335219718670237853e+03 4.722455489829511498e+04 5.260659725470651174e+05 4.107366604817593179e+04 1.039158169971650336e+00 1.721280364724348200e+00 2.850949894405899104e+05 1.722923572373949552e+00 8.536409966385658481e+04 1.227180143878102535e+05 3.333550615211765398e+04 1.385481236182846132e+00
1.750019032384867314e+05 2.182364267326761328e+05 3.837038439222282614e+05 1.409484092698544133e+00 2.500190098294081690e+04 2.916861293715600186e+04 1.077126396456048724e+03 1.695249930622196421e+00 1.598912923417119769e+00 3.333532212954234274e+04 3.333529728398160660e+04 1.805745159711085580e+04 1.709898216188653119e+00 8.335203677098625121e+03 4.722438119526416995e+04 5.260658378096035449e+05 4.107351722702305415e+04 1.721280364724348200e+00 9.872660028617096240e-01 2.850948814202399808e+05 1.748084870414812420e+00 8.536390725142956944e+04 1.227177796117772377e+05 3.333535100302478531e+04 1.215361574756501417e+00
2.106321962687314081e+05 1.947195924198481662e+05 2.449133426987779967e+05 2.850948413562444621e+05 2.850952045347685926e+05 2.809285606390255271e+05 2.850951013131391956e+05 2.850948969418500201e+05 2.850949511062037200e+05 2.767619300159655977e+05 2.767619036303736502e+05 2.850952016836342518e+05 2.850949799586092704e+05 2.850951538384393207e+05 2.743810894177728333e+05 4.214194485711581656e+05 2.767619834168364177e+05 2.850949894405899104e+05 2.850948814202399808e+05 9.611287356883325265e+04 2.850950340504423948e+05 2.521190896398710320e+05 2.361524812385765545e+05 2.767619369909166708e+05 2.850947368741391110e+05
1.750021659001929511e+05 2.182365701491996879e+05 3.837039736737365602e+05 1.650311425590893499e+00 2.500199591302292902e+04 2.916870422564076944e+04 1.077133240693269272e+03 1.737156451312305228e+00 1.736797644867680512e+00 3.333541647888821899e+04 3.333539233666395739e+04 1.805753180710969536e+04 1.708533540164265618e+00 8.335287662753922632e+03 4.722456894412056863e+04 5.260659746932304697e+05 4.107365627629873779e+04 1.722923572373949552e+00 1.748084870414812420e+00 2.850950340504423948e+05 9.974029877935672861e-01 8.536412684716562217e+04 1.227180241100049025e+05 3.333545079546672059e+04 1.388610246219274424e+00
1.226019815247321239e+05 1.798661941852431337e+05 3.563983295646355837e+05 8.536376362790522398e+04 7.911424701378868485e+04 7.494761628679069690e+04 8.536417549404376769e+04 8.536409455402751337e+04 8.536402036260715977e+04 7.078094350948066858e+04 7.078093646737423842e+04 8.171843030726599682e+04 8.536407730452943360e+04 8.536425664600475284e+04 5.367127767132364534e+04 5.010661132522709668e+05 6.304280044398160680e+04 8.536409966385658481e+04 8.536390725142956944e+04 2.521190896398710320e+05 8.536412684716562217e+04 1.721568520451684890e+04 5.133839364037565247e+04 7.078095713447974413e+04 8.536366899868607288e+04
8.947044547608892026e+04 1.479993061946062371e+05 3.493888403855291544e+05 1.227176742517330131e+05 1.227181092270614172e+05 1.185514978518400167e+05 1.227181113710012869e+05 1.227180083990608546e+05 1.227179172172276885e+05 1.143848941798578890e+05 1.143847555871134537e+05 1.227181379117565957e+05 1.227180115474715858e+05 1.227181561359218322e+05 9.908940432881732704e+04 4.934603211465569912e+05 1.066467901446804754e+05 1.227180143878102535e+05 1.227177796117772377e+05 2.361524812385765545e+05 1.227180241100049025e+05 5.133839364037565247e+04 3.362956793896936142e+04 1.143848907550811127e+05 1.227175902795348229e+05
1.666689682195644127e+05 2.099035270121425274e+05 3.753708712225949275e+05 3.333526541551812261e+04 2.500219119833477453e+04 2.083551034260377855e+04 3.333547573820570688e+04 3.333547667809346603e+04 3.333540427802276827e+04 9.164099162849799541e+03 1.666881091759469928e+04 2.847438678974992581e+04 3.333550484887800121e+04 3.333547328121703322e+04 1.847229209465759777e+04 5.177327627895995975e+05 7.740109291986309472e+03 3.333550615211765398e+04 3.333535100302478531e+04 2.767619369909166708e+05 3.333545079546672059e+04 7.078095713447974413e+04 1.143848907550811273e+05 1.147774945612031194e+00 3.333496989772644883e+04
1.750016741974484758e+05 2.182361944032241299e+05 3.837037124097176129e+05 1.099328042348524548e+00 2.500151519534035106e+04 2.916820357403803791e+04 1.076686304861074404e+03 1.330819354843784108e+00 1.275712920272223050e+00 3.333492186645106267e+04 3.333489621440545307e+04 1.805703335400710421e+04 1.401702312962973318e+00 8.334794978980658925e+03 4.722402954163293907e+04 5.260657665309149306e+05 4.107314665064786095e+04 1.385481236182845910e+00 1.215361574756501417e+00 2.850947368741391110e+05 1.388610246219273980e+00 8.536366899868607288e+04 1.227175902795348229e+05 3.333496989772644883e+04 6.283118037779454879e-01
