9.884245707001368952e-01 9.435984872666842421e+03 4.203715559134412324e+05 1.747780481878846270e+00 1.817831730197297269e+00 1.428097093593817553e+05 9.788627814640798897e+04 1.867857013856271120e+00 6.955545162662642724e+02 1.813629946620289646e+00 1.451588468672807539e+04 1.678202266247897478e+00 2.916292549839176354e+05 1.887007683934207671e+04 1.388545412351474884e+00 9.435922895900126605e+03 1.858003896680977984e+00 1.887012502542442598e+04 3.708026360544674390e+04 9.436003814255747784e+03 6.738767519658363017e+04 1.736727615260743187e+05 2.108199691589340800e+05 1.910218872107256605e+00 9.262659070468382561e+04
9.435984872666840602e+03 1.028643017242154567e+00 4.203715978499076446e+05 9.435888193401426179e+03 9.435934587707264654e+03 1.428097666431507387e+05 9.788644147411646554e+04 9.436018415650883981e+03 8.742195185721835514e+03 9.435925186512826258e+03 8.827585099322555834e+03 9.435819665400309532e+03 2.916293178153255722e+05 1.887009551294822086e+04 9.435476551313184245e+03 9.436001652568849750e+03 9.436016710868330847e+03 1.887024595757807401e+04 3.708036846513783530e+04 7.909810986950304141e+03 6.738780374194875185e+04 1.736728740047737956e+05 2.108200247612038802e+05 9.435978680153742971e+03 9.262678855916540488e+04
4.203715559134412324e+05 4.203715978499076446e+05 1.750098530647296866e+05 4.203713683641563985e+05 4.203714216823569150e+05 3.984294469290662091e+05 3.977875032087006257e+05 4.203715577120684320e+05 4.203715811040906701e+05 4.203714027429356938e+05 4.203716665291350801e+05 4.203713542525377707e+05 2.921172341387272463e+05 4.203717176908692345e+05 4.203712713862220990e+05 4.203716458205552190e+05 4.203714696924352902e+05 4.203717616424617590e+05 4.203716359785782406e+05 4.203716186617973726e+05 4.176763609284542035e+05 3.837107946515160147e+05 3.487353793728634482e+05 4.203715635414468707e+05 4.015038297550940770e+05
1.747780481878846270e+00 9.435888193401426179e+03 4.203713683641563985e+05 9.015379572553451348e-01 1.536952505630447385e+00 1.428094297495629871e+05 9.788605186132036033e+04 1.766425480266604175e+00 6.955543728059545856e+02 1.564670829875735247e+00 1.451575013575391131e+04 1.362814725500016255e+00 2.916290161245597410e+05 1.886994470097833619e+04 1.178506522394006772e+00 9.435850177551430534e+03 1.734177082774372769e+00 1.886999244681476921e+04 3.708009705957847473e+04 9.435881895585511302e+03 6.738746520118429908e+04 1.736725077734239749e+05 2.108196213984825008e+05 1.722240176041641480e+00 9.262636789806727029e+04
1.817831730197297269e+00 9.435934587707264654e+03 4.203714216823569150e+05 1.536952505630447385e+00 9.210878789308832859e-01 1.428095161319394538e+05 9.788615746192455117e+04 1.780165534836896324e+00 6.955961715130681569e+02 1.579430945638093275e+00 1.451575368757893193e+04 1.494335313028538170e+00 2.916289961946922122e+05 1.886994565257155409e+04 1.213325618242369952e+00 9.435906090181848413e+03 1.800559444819297861e+00 1.887002027074604848e+04 3.708015405945832026e+04 9.435871272389511432e+03 6.738752813371007505e+04 1.736725833319525700e+05 2.108197044626015413e+05 1.717103169999972589e+00 9.262648496293935750e+04
1.428097093593817553e+05 1.428097666431507387e+05 3.984294469290662091e+05 1.428094297495629871e+05 1.428095161319394538e+05 3.626083689885035710e+04 9.112615572044225701e+04 1.428096244222708337e+05 1.428096644038498052e+05 1.428095721870369161e+05 1.428097873016069352e+05 1.428092969197043567e+05 2.699681727847741568e+05 1.428098406695504382e+05 1.428091987298622262e+05 1.428097963105867093e+05 1.428096702953326749e+05 1.428099021412291331e+05 1.428098448664447642e+05 1.428097825949729595e+05 1.335831781021171482e+05 1.322960278559056169e+05 1.768610300910656806e+05 1.428095545228588162e+05 1.067892304855017865e+05
9.788627814640798897e+04 9.788644147411646554e+04 3.977875032087006257e+05 9.788605186132036033e+04 9.788615746192455117e+04 9.112615572044225701e+04 3.557216568875606754e+04 9.788630627002670371e+04 9.788632834749294852e+04 9.788621557508093247e+04 9.788649311814467364e+04 9.788593827565513493e+04 2.726799307648925460e+05 9.788650123201460519e+04 9.788576214251705096e+04 9.788644849361466186e+04 9.788629589819439570e+04 9.788651647577637050e+04 9.207788198618784372e+04 9.788642791682339157e+04 7.686438539808995847e+04 1.442027509703229298e+05 1.907876036253494385e+05 9.788624745709569834e+04 4.818658368027306278e+04
1.867857013856270898e+00 9.436018415650883981e+03 4.203715577120684320e+05 1.766425480266604175e+00 1.780165534836896324e+00 1.428096244222708337e+05 9.788630627002667461e+04 9.954584700695272570e-01 6.956477580152283053e+02 1.805892111207122896e+00 1.451585316910015172e+04 1.612256994711358526e+00 2.916291717487818678e+05 1.887003300346803735e+04 1.316441600540666501e+00 9.435914761711364918e+03 1.769253587349531864e+00 1.887009232815340511e+04 3.708022855553688714e+04 9.435936827262084989e+03 6.738756729017550242e+04 1.736727325328004081e+05 2.108198999365120544e+05 1.742171926018786232e+00 9.262655766206890985e+04
6.955545162662642724e+02 8.742195185721835514e+03 4.203715811040906701e+05 6.955543728059546993e+02 6.955961715130682705e+02 1.428096644038498052e+05 9.788632834749294852e+04 6.956477580152284190e+02 1.286419096505894458e+03 6.955995565200365718e+02 1.409761928701703619e+04 6.954257737684192762e+02 2.916292710219446453e+05 1.887007562235802834e+04 6.950818171057020436e+02 9.435861484048813509e+03 6.956192487590634528e+02 1.887022984688172437e+04 3.708029979766019096e+04 9.323667144521252339e+03 6.738774974627254414e+04 1.736727849413228105e+05 2.108200382863207778e+05 6.956181130365603167e+02 9.262667581697749847e+04
1.813629946620289646e+00 9.435925186512826258e+03 4.203714027429356938e+05 1.564670829875735247e+00 1.579430945638093498e+00 1.428095721870369161e+05 9.788621557508093247e+04 1.805892111207122896e+00 6.955995565200363444e+02 9.892511849810087243e-01 1.451577368995438337e+04 1.561351295601443923e+00 2.916291040089798043e+05 1.886997409520625661e+04 1.275440664265176105e+00 9.435902608732914814e+03 1.819622635753262996e+00 1.887003332058796150e+04 3.708018313135680364e+04 9.435955782957158590e+03 6.738758977108604449e+04 1.736725785057684989e+05 2.108197672956227907e+05 1.684464177931123352e+00 9.262649714115900861e+04
1.451588468672807358e+04 8.827585099322554015e+03 4.203716665291350801e+05 1.451575013575391313e+04 1.451575368757893193e+04 1.428097873016069352e+05 9.788649311814467364e+04 1.451585316910015172e+04 1.409761928701703619e+04 1.451577368995438337e+04 1.014982276928473584e+04 1.451565531033480693e+04 2.916293875311237643e+05 1.281891350015394346e+04 1.451531968835900261e+04 1.451592860677188219e+04 1.451589952415507105e+04 1.281906801676144096e+04 3.035600295550902956e+04 1.359567554812419803e+04 6.582468282184777490e+04 1.736729484229458612e+05 2.108200196116337902e+05 1.451578915943806351e+04 9.262675633403523534e+04
1.678202266247897478e+00 9.435819665400309532e+03 4.203713542525377707e+05 1.362814725500016255e+00 1.494335313028538170e+00 1.428092969197043567e+05 9.788593827565513493e+04 1.612256994711358526e+00 6.954257737684192762e+02 1.561351295601443923e+00 1.451565531033480693e+04 8.468095861429846272e-01 2.916289847308460739e+05 1.886985048578633359e+04 1.026714829540404494e+00 9.435746562053343951e+03 1.657857070880598860e+00 1.886988455419975435e+04 3.707999587659224198e+04 9.435744193254222409e+03 6.738731429487993591e+04 1.736724635903777962e+05 2.108196171682004933e+05 1.590930343617533715e+00 9.262621498576825252e+04
2.916292549839176354e+05 2.916293178153255722e+05 2.921172341387272463e+05 2.916290161245597992e+05 2.916289961946922122e+05 2.699681727847741568e+05 2.726799307648924878e+05 2.916291717487818678e+05 2.916292710219447035e+05 2.916291040089798043e+05 2.916293875311237643e+05 2.916289847308460157e+05 1.007281056802001840e+05 2.916294139502631733e+05 2.916288574241438764e+05 2.916293180996340816e+05 2.916292307415487012e+05 2.916294250324597815e+05 2.916294154590874678e+05 2.916292904816540540e+05 2.889340836292302702e+05 2.387610440851874591e+05 2.017785483125887113e+05 2.916291770252088318e+05 2.727615979306550580e+05
1.887007683934207671e+04 1.887009551294822086e+04 4.203717176908691763e+05 1.886994470097833619e+04 1.886994565257155409e+04 1.428098406695504091e+05 9.788650123201460519e+04 1.887003300346803735e+04 1.887007562235802470e+04 1.886997409520625661e+04 1.281891350015394346e+04 1.886985048578633359e+04 2.916294139502631733e+05 1.091034315716575831e+00 1.886948199832621322e+04 1.887015421643526497e+04 1.887010992592023831e+04 9.436056783171767165e+03 2.764621931093709281e+04 1.887007794585689408e+04 6.448492042935489008e+04 1.736729374136138649e+05 2.108200747754119802e+05 1.886997745065910931e+04 9.262677390868833754e+04
1.388545412351474884e+00 9.435476551313184245e+03 4.203712713862220990e+05 1.178506522394006772e+00 1.213325618242369952e+00 1.428091987298622262e+05 9.788576214251705096e+04 1.316441600540666501e+00 6.950818171057019299e+02 1.275440664265176105e+00 1.451531968835900261e+04 1.026714829540404494e+00 2.916288574241439346e+05 1.886948199832621322e+04 5.542194640919159143e-01 9.435417825406291740e+03 1.392650202834920581e+00 1.886953669847785568e+04 3.707968380699763657e+04 9.435412415856346342e+03 6.738709139161022904e+04 1.736723400695679593e+05 2.108195288756334339e+05 1.311286739478660479e+00 9.262606528187217191e+04
9.435922895900124786e+03 9.436001652568849750e+03 4.203716458205552190e+05 9.435850177551430534e+03 9.435906090181848413e+03 1.428097963105867384e+05 9.788644849361466186e+04 9.435914761711364918e+03 9.435861484048811690e+03 9.435902608732914814e+03 1.451592860677188219e+04 9.435746562053343951e+03 2.916293180996340816e+05 1.887015421643526497e+04 9.435417825406291740e+03 1.027884856048479234e+00 9.435928126102433453e+03 1.887021897605951744e+04 3.708042269832207967e+04 1.527971967686554308e+03 6.738783775898006570e+04 1.736728573473826691e+05 2.108200309932823293e+05 9.435927893905518431e+03 9.262670324529144273e+04
1.858003896680977984e+00 9.436016710868330847e+03 4.203714696924352902e+05 1.734177082774372991e+00 1.800559444819297861e+00 1.428096702953326749e+05 9.788629589819439570e+04 1.769253587349532086e+00 6.956192487590634528e+02 1.819622635753262996e+00 1.451589952415507105e+04 1.657857070880598860e+00 2.916292307415487012e+05 1.887010992592023831e+04 1.392650202834920581e+00 9.435928126102433453e+03 9.543898252569679164e-01 1.887010596972043277e+04 3.708027855872712098e+04 9.435934653940736098e+03 6.738768590365741693e+04 1.736727486443618254e+05 2.108199183973881591e+05 1.820352216388031907e+00 9.262654975748115976e+04
1.887012502542441871e+04 1.887024595757807401e+04 4.203717616424617590e+05 1.886999244681476921e+04 1.887002027074604848e+04 1.428099021412291331e+05 9.788651647577637050e+04 1.887009232815340874e+04 1.887022984688172437e+04 1.887003332058796150e+04 1.281906801676144278e+04 1.886988455419975435e+04 2.916294250324597815e+05 9.436056783171767165e+03 1.886953669847785932e+04 1.887021897605951744e+04 1.887010596972043277e+04 1.128576510005436795e+00 2.764626221540150800e+04 1.887019646935237688e+04 6.448488334878144815e+04 1.736729714693934075e+05 2.108199930459159659e+05 1.887003911481670730e+04 9.262671500204129552e+04
3.708026360544674390e+04 3.708036846513783530e+04 4.203716359785781824e+05 3.708009705957848200e+04 3.708015405945832754e+04 1.428098448664447642e+05 9.207788198618784372e+04 3.708022855553688714e+04 3.708029979766019096e+04 3.708018313135680364e+04 3.035600295550902956e+04 3.707999587659224198e+04 2.916294154590875260e+05 2.764621931093708918e+04 3.707968380699763657e+04 3.708042269832207967e+04 3.708027855872712098e+04 2.764626221540151528e+04 1.977361829353034773e+04 3.708030121049423178e+04 5.031727388837739272e+04 1.736729717373832536e+05 2.108202279209839180e+05 3.708019382009594119e+04 8.450508904811380489e+04
9.436003814255745965e+03 7.909810986950304141e+03 4.203716186617973726e+05 9.435881895585511302e+03 9.435871272389511432e+03 1.428097825949729595e+05 9.788642791682339157e+04 9.435936827262084989e+03 9.323667144521250520e+03 9.435955782957158590e+03 1.359567554812419985e+04 9.435744193254222409e+03 2.916292904816540540e+05 1.887007794585689408e+04 9.435412415856346342e+03 1.527971967686554308e+03 9.435934653940736098e+03 1.887019646935237688e+04 3.708030121049423178e+04 2.559487623956608331e+03 6.738773754325760819e+04 1.736729173318689864e+05 2.108200528606833541e+05 9.435931572771469291e+03 9.262667311775192502e+04
6.738767519658361562e+04 6.738780374194875185e+04 4.176763609284542035e+05 6.738746520118428452e+04 6.738752813371007505e+04 1.335831781021171482e+05 7.686438539808995847e+04 6.738756729017550242e+04 6.738774974627254414e+04 6.738758977108602994e+04 6.582468282184778946e+04 6.738731429487993591e+04 2.889340836292302702e+05 6.448492042935489735e+04 6.738709139161022904e+04 6.738783775898006570e+04 6.738768590365743148e+04 6.448488334878143360e+04 5.031727388837737817e+04 6.738773754325759364e+04 1.185836259032028465e+04 1.699728567575059424e+05 2.081247153647924715e+05 6.738754401384331868e+04 6.450779587917929894e+04
1.736727615260743187e+05 1.736728740047737665e+05 3.837107946515160147e+05 1.736725077734239749e+05 1.736725833319525700e+05 1.322960278559056169e+05 1.442027509703229007e+05 1.736727325328004081e+05 1.736727849413227814e+05 1.736725785057684989e+05 1.736729484229458612e+05 1.736724635903777962e+05 2.387610440851874591e+05 1.736729374136138649e+05 1.736723400695679593e+05 1.736728573473826691e+05 1.736727486443618254e+05 1.736729714693934075e+05 1.736729717373832536e+05 1.736729173318689864e+05 1.699728567575059424e+05 6.984622635752287169e+04 1.564703306915845897e+05 1.736726932083971333e+05 1.517164303876179620e+05
2.108199691589340800e+05 2.108200247612038802e+05 3.487353793728633900e+05 2.108196213984825008e+05 2.108197044626015413e+05 1.768610300910656806e+05 1.907876036253494385e+05 2.108198999365120544e+05 2.108200382863207778e+05 2.108197672956227907e+05 2.108200196116337902e+05 2.108196171682005515e+05 2.017785483125887113e+05 2.108200747754119802e+05 2.108195288756334339e+05 2.108200309932823293e+05 2.108199183973881591e+05 2.108199930459159659e+05 2.108202279209839180e+05 2.108200528606833541e+05 2.081247153647924715e+05 1.564703306915845897e+05 8.028657821287392289e+04 2.108198488076488138e+05 1.919522381187946303e+05
1.910218872107256827e+00 9.435978680153742971e+03 4.203715635414467542e+05 1.722240176041641480e+00 1.717103169999972589e+00 1.428095545228588162e+05 9.788624745709566923e+04 1.742171926018786232e+00 6.956181130365603167e+02 1.684464177931123352e+00 1.451578915943806351e+04 1.590930343617533715e+00 2.916291770252088900e+05 1.886997745065910931e+04 1.311286739478660479e+00 9.435927893905518431e+03 1.820352216388031907e+00 1.887003911481670730e+04 3.708019382009593392e+04 9.435931572771469291e+03 6.738754401384331868e+04 1.736726932083971915e+05 2.108198488076488138e+05 9.343825650835420049e-01 9.262652280799637083e+04
9.262659070468382561e+04 9.262678855916540488e+04 4.015038297550940770e+05 9.262636789806727029e+04 9.262648496293935750e+04 1.067892304855017865e+05 4.818658368027306278e+04 9.262655766206890985e+04 9.262667581697749847e+04 9.262649714115900861e+04 9.262675633403523534e+04 9.262621498576825252e+04 2.727615979306549998e+05 9.262677390868833754e+04 9.262606528187217191e+04 9.262670324529144273e+04 9.262654975748115976e+04 9.262671500204129552e+04 8.450508904811380489e+04 9.262667311775192502e+04 6.450779587917928438e+04 1.517164303876179620e+05 1.919522381187946303e+05 9.262652280799637083e+04 3.714975044346315372e+03
