4.623425395370844293e-01 2.644636585093736649e+05 3.521407989913034835e+05 1.087135557145469465e+04 1.462722781750624312e+00 1.064329768423791684e+05 1.048063704707669741e+00 5.124413718337075989e+04 1.517950889064740849e+00 1.985174140599941893e+05 1.417181622869613022e+00 1.540207558199740090e+00 1.519939686392951295e+00 6.411936726386319788e+04 1.555008601449595590e+05 1.359348509851102449e+00 1.362580726424231781e+00 3.113761921364727896e+05 8.866335342303771176e+04 1.690690501531558532e+00 1.250017942865466321e+05 1.230876296067249687e+00 2.415637389901545612e+04 2.346030345265486394e+05 1.720666228028575606e+00
2.644636585093736649e+05 2.777689206303453102e+04 1.445879543630240369e+05 2.590290615685082157e+05 2.644634078014313709e+05 2.318552844934617460e+05 2.644633509497240884e+05 2.427247342659694841e+05 2.644636962988951127e+05 1.363967406951531302e+05 2.644635091237265151e+05 2.644634622754817829e+05 2.644634926347227301e+05 2.427247550308618520e+05 1.914360710441277188e+05 2.644637494240612141e+05 2.644635754644169356e+05 1.015218440581654868e+05 2.391016796624865965e+05 2.644637672052366543e+05 2.264205302253575937e+05 2.644633671575446497e+05 2.523865595495967427e+05 8.694582824129080109e+04 2.644638432508946280e+05
3.521407989913034835e+05 1.445879543630240369e+05 3.218440584762826256e+04 3.467062805392549490e+05 3.521406506547277095e+05 3.195324661025150563e+05 3.521406113672929932e+05 3.304019527020461392e+05 3.521409350439077243e+05 2.414691350899498211e+05 3.521406817500699544e+05 3.521406772439908818e+05 3.521406434473207919e+05 3.304018931477896404e+05 2.796774007943371544e+05 3.521408595451501315e+05 3.521407209325582371e+05 9.393241693356331962e+04 3.267788059811820858e+05 3.521410381132347393e+05 3.140976434874635888e+05 3.521406038037979743e+05 3.400638229754724889e+05 2.077957088672221289e+05 3.521410667836272623e+05
1.087135557145469465e+04 2.590290615685082157e+05 3.467062805392549490e+05 1.087008407566516871e+04 1.087111224141272760e+04 1.009982337469872728e+05 1.087072300988458119e+04 4.037436414500418323e+04 1.087128835952445661e+04 1.930827336950731988e+05 1.087144000957499520e+04 1.087121088341253562e+04 1.087131064929736567e+04 5.374375856301396561e+04 1.500660693832156248e+05 1.087139809137082011e+04 1.087128487478321404e+04 3.059415439807982184e+05 8.322852173685262096e+04 1.087137959041431714e+04 1.195670228365242219e+05 1.087086322773929714e+04 1.328659084461173734e+04 2.291684686522360716e+05 1.087128766553898640e+04
1.462722781750624312e+00 2.644634078014313709e+05 3.521406506547277095e+05 1.087111224141272760e+04 3.721870251797216311e-01 1.064326461361557886e+05 6.934619224677223137e-01 5.124372331542258325e+04 1.479774466055996607e+00 1.985172004192207824e+05 1.315895846176720285e+00 9.597703917315877353e-01 1.165961714626471801e+00 6.411896638525178423e+04 1.555005202226116671e+05 1.455938165642509885e+00 1.325307431094305821e+00 3.113759466549853678e+05 8.866297042457241332e+04 1.508353754663866786e+00 1.250014195862987835e+05 7.188268473240856382e-01 2.415612741267257661e+04 2.346028075755718164e+05 1.521721353802704124e+00
1.064329768423791684e+05 2.318552844934617460e+05 3.195324661025150563e+05 1.009982337469872728e+05 1.064326461361557886e+05 1.258839359849672292e+04 1.064323593210631225e+05 7.382417564837812097e+04 1.064329633523021766e+05 1.520276553396839881e+05 1.064329499478860816e+05 1.064326520763969020e+05 1.064328253452343051e+05 6.486798400037185638e+04 8.488538419817404065e+04 1.064329893917151348e+05 1.064330149238263548e+05 2.787678380732057267e+05 3.188744627376182325e+04 1.064329059299786750e+05 2.788720334308080783e+04 1.064324939141330105e+05 9.314798045613107388e+04 1.924837929426266928e+05 1.064328649895735143e+05
1.048063704707669741e+00 2.644633509497240884e+05 3.521406113672929932e+05 1.087072300988458119e+04 6.934619224677223137e-01 1.064323593210631225e+05 1.450544186887902931e-01 5.124344188015162945e+04 1.137429375567884815e+00 1.985169492137712077e+05 1.000415964074541142e+00 8.619271908512635694e-01 9.570328818363530443e-01 6.411867503436251718e+04 1.555002568889060931e+05 1.087275239687861772e+00 1.069552450658213916e+00 3.113759047054022085e+05 8.866276048559337505e+04 1.114720001022368123e+00 1.250011936384608707e+05 4.642037488461064343e-01 2.415576794878793226e+04 2.346026864046626142e+05 1.126255334408839737e+00
5.124413718337075989e+04 2.427247342659694841e+05 3.304019527020461392e+05 4.037436414500418323e+04 5.124372331542258325e+04 7.382417564837812097e+04 5.124344188015162945e+04 4.436967179186897738e+03 5.124401647982931900e+04 1.690144572691600770e+05 5.124401892917695659e+04 5.124388929793900024e+04 5.124391063265297271e+04 1.386502388041761333e+04 1.289309017454441928e+05 5.124412909812790895e+04 5.124406716618849896e+04 2.896372719175682869e+05 5.272712675971861609e+04 5.124412021830210870e+04 9.239307197064970387e+04 5.124357183648866339e+04 2.708942165791520165e+04 2.095367498881157080e+05 5.124403236818988807e+04
1.517950889064740849e+00 2.644636962988951127e+05 3.521409350439077243e+05 1.087128835952445661e+04 1.479774466055996829e+00 1.064329633523021766e+05 1.137429375567884815e+00 5.124401647982931900e+04 3.266114927753814845e-01 1.985174191303963889e+05 1.619509106298453460e+00 1.678058898512203800e+00 1.656840731108100373e+00 6.411935491937940242e+04 1.555008728969117510e+05 1.557061952774749569e+00 1.603799532382846005e+00 3.113763073869270738e+05 8.866339494248991832e+04 1.733290216132578720e+00 1.250018600852951640e+05 1.256885224047546767e+00 2.415639875394857881e+04 2.346032281494562048e+05 1.639516179539444840e+00
1.985174140599941893e+05 1.363967406951531302e+05 2.414691350899498211e+05 1.930827336950731988e+05 1.985172004192207824e+05 1.520276553396839881e+05 1.985169492137712077e+05 1.690144572691600770e+05 1.985174191303963889e+05 3.558779755174563616e+04 1.985173895088116114e+05 1.985171964636157791e+05 1.985172997167818539e+05 1.613836911135620612e+05 8.688919928828701086e+04 1.985174704232579097e+05 1.985173820894985693e+05 2.002698722220073396e+05 1.540341322347625101e+05 1.985175854231107223e+05 1.379585359109316778e+05 1.985170658823237463e+05 1.864402913524872856e+05 6.712037565563608950e+04 1.985175747594014974e+05
1.417181622869613022e+00 2.644635091237265151e+05 3.521406817500699544e+05 1.087144000957499520e+04 1.315895846176720507e+00 1.064329499478860816e+05 1.000415964074541142e+00 5.124401892917695659e+04 1.619509106298453460e+00 1.985173895088116114e+05 3.135138417055320370e-01 1.288828216367978508e+00 1.092995573700251910e+00 6.411921981753684668e+04 1.555007935126828088e+05 1.491030467578447150e+00 1.273639870197535995e+00 3.113760745110330172e+05 8.866334802403878712e+04 1.629233555973551795e+00 1.250018356294129626e+05 1.212431241208397958e+00 2.415638551731629559e+04 2.346029549538601423e+05 1.716162221174428737e+00
1.540207558199739868e+00 2.644634622754818411e+05 3.521406772439908818e+05 1.087121088341253562e+04 9.597703917315877353e-01 1.064326520763969020e+05 8.619271908512635694e-01 5.124388929793900024e+04 1.678058898512203800e+00 1.985171964636157791e+05 1.288828216367978508e+00 3.746376018252337570e-01 1.079455955226247044e+00 6.411914238006530650e+04 1.555005854030692717e+05 1.541894387646902675e+00 1.497209878462192112e+00 3.113760202644831734e+05 8.866308664663130185e+04 1.628462136511726666e+00 1.250015269804043055e+05 9.891389424919424522e-01 2.415621193828360265e+04 2.346028378566100146e+05 1.648133742001523183e+00
1.519939686392951073e+00 2.644634926347227301e+05 3.521406434473207919e+05 1.087131064929736567e+04 1.165961714626471801e+00 1.064328253452343051e+05 9.570328818363530443e-01 5.124391063265297271e+04 1.656840731108100595e+00 1.985172997167818539e+05 1.092995573700251910e+00 1.079455955226247044e+00 4.257070120938246105e-01 6.411918818965526589e+04 1.555006884858988051e+05 1.582649255893332718e+00 1.364868893283696316e+00 3.113760286528294091e+05 8.866321965675051615e+04 1.660591591083440344e+00 1.250016459429558745e+05 1.095254284734287875e+00 2.415633933133335086e+04 2.346028882607247506e+05 1.716181631422398768e+00
6.411936726386319788e+04 2.427247550308618520e+05 3.304018931477896404e+05 5.374375856301396561e+04 6.411896638525178423e+04 6.486798400037185638e+04 6.411867503436251718e+04 1.386502388041761151e+04 6.411935491937940242e+04 1.613836911135620612e+05 6.411921981753684668e+04 6.411914238006530650e+04 6.411918818965526589e+04 1.231457557284453287e+04 1.238666855614110827e+05 6.411938815597374924e+04 6.411930465121797170e+04 2.896373139810076682e+05 4.090772694910129940e+04 6.411929370272815140e+04 8.831697184611270495e+04 6.411882483814183070e+04 4.095276345365199086e+04 2.046391394403007580e+05 6.411929962158841226e+04
1.555008601449595590e+05 1.914360710441277188e+05 2.796774007943371544e+05 1.500660693832155957e+05 1.555005202226116671e+05 8.488538419817404065e+04 1.555002568889060931e+05 1.289309017454442073e+05 1.555008728969117510e+05 8.688919928828701086e+04 1.555007935126828088e+05 1.555005854030692717e+05 1.555006884858988051e+05 1.238666855614110973e+05 2.177006318520383866e+04 1.555008243593860825e+05 1.555008205143921077e+05 2.389126908602689509e+05 9.926870536506825010e+04 1.555008252647897461e+05 5.699972112831463892e+04 1.555003638604025182e+05 1.428868125508078665e+05 1.421303690026476106e+05 1.555008624198501348e+05
1.359348509851102449e+00 2.644637494240612141e+05 3.521408595451501897e+05 1.087139809137082011e+04 1.455938165642509885e+00 1.064329893917151348e+05 1.087275239687861772e+00 5.124412909812790895e+04 1.557061952774749569e+00 1.985174704232579097e+05 1.491030467578447150e+00 1.541894387646902675e+00 1.582649255893332274e+00 6.411938815597374924e+04 1.555008243593860825e+05 4.868896839315403624e-01 1.487018920308871950e+00 3.113763044549878105e+05 8.866337583734697546e+04 1.538070988056534638e+00 1.250017285820698889e+05 1.288955114268343749e+00 2.415641964599165658e+04 2.346031654325973941e+05 1.771110267877854305e+00
1.362580726424231781e+00 2.644635754644169356e+05 3.521407209325582371e+05 1.087128487478321404e+04 1.325307431094305821e+00 1.064330149238263548e+05 1.069552450658213916e+00 5.124406716618852079e+04 1.603799532382846005e+00 1.985173820894985693e+05 1.273639870197535995e+00 1.497209878462192334e+00 1.364868893283696316e+00 6.411930465121797170e+04 1.555008205143921077e+05 1.487018920308871950e+00 4.273662975790814555e-01 3.113761180010528769e+05 8.866331379204370023e+04 1.749205059401439000e+00 1.250017853620026872e+05 1.183234126104827144e+00 2.415647922990793086e+04 2.346030366044058756e+05 1.719694747362257026e+00
3.113761921364728478e+05 1.015218440581654868e+05 9.393241693356331962e+04 3.059415439807982184e+05 3.113759466549854260e+05 2.787678380732057267e+05 3.113759047054022085e+05 2.896372719175684033e+05 3.113763073869270738e+05 2.002698722220073396e+05 3.113760745110330754e+05 3.113760202644831734e+05 3.113760286528294091e+05 2.896373139810076682e+05 2.389126908602689800e+05 3.113763044549878105e+05 3.113761180010528769e+05 4.541635613901186298e+04 2.860141868028583704e+05 3.113763658388885669e+05 2.733330635287950281e+05 3.113759399998148438e+05 2.992992498532251338e+05 1.670309643376359309e+05 3.113764086460022954e+05
8.866335342303771176e+04 2.391016796624865965e+05 3.267788059811820858e+05 8.322852173685262096e+04 8.866297042457238422e+04 3.188744627376182325e+04 8.866276048559337505e+04 5.272712675971861609e+04 8.866339494248991832e+04 1.540341322347625101e+05 8.866334802403878712e+04 8.866308664663130185e+04 8.866321965675051615e+04 4.090772694910129940e+04 9.926870536506825010e+04 8.866337583734697546e+04 8.866331379204370023e+04 2.860141868028583704e+05 1.762641004731894282e+04 8.866331604703539051e+04 5.977323389414539270e+04 8.866285211191454437e+04 7.537830946123239119e+04 1.977336465286518796e+05 8.866332092479144922e+04
1.690690501531558088e+00 2.644637672052366543e+05 3.521410381132347393e+05 1.087137959041431714e+04 1.508353754663867008e+00 1.064329059299786750e+05 1.114720001022368123e+00 5.124412021830210870e+04 1.733290216132578720e+00 1.985175854231107223e+05 1.629233555973551795e+00 1.628462136511726666e+00 1.660591591083440344e+00 6.411929370272815140e+04 1.555008252647897461e+05 1.538070988056534638e+00 1.749205059401439000e+00 3.113763658388885669e+05 8.866331604703539051e+04 4.021430570458739973e-01 1.250017222258055990e+05 1.335954386491670309e+00 2.415636174238905733e+04 2.346032652274967986e+05 1.626824179562005757e+00
1.250017942865466321e+05 2.264205302253575937e+05 3.140976434874635888e+05 1.195670228365242219e+05 1.250014195862987835e+05 2.788720334308080783e+04 1.250011936384608707e+05 9.239307197064970387e+04 1.250018600852951640e+05 1.379585359109316778e+05 1.250018356294129626e+05 1.250015269804043055e+05 1.250016459429558745e+05 8.831697184611270495e+04 5.699972112831463892e+04 1.250017285820698889e+05 1.250017853620026872e+05 2.733330635287950281e+05 5.977323389414539270e+04 1.250017222258055990e+05 8.152614964171647443e+03 1.250012699380786216e+05 1.117167682997183874e+05 1.870490593367760011e+05 1.250018347668274801e+05
1.230876296067249687e+00 2.644633671575447079e+05 3.521406038037979743e+05 1.087086322773929714e+04 7.188268473240856382e-01 1.064324939141330105e+05 4.642037488461064343e-01 5.124357183648866339e+04 1.256885224047546767e+00 1.985170658823237463e+05 1.212431241208397958e+00 9.891389424919424522e-01 1.095254284734287875e+00 6.411882483814183070e+04 1.555003638604025182e+05 1.288955114268343749e+00 1.183234126104827144e+00 3.113759399998148438e+05 8.866285211191454437e+04 1.335954386491670309e+00 1.250012699380786216e+05 2.767733459572235266e-01 2.415591991391659394e+04 2.346028001539118413e+05 1.309449409185698965e+00
2.415637389901545612e+04 2.523865595495967427e+05 3.400638229754725471e+05 1.328659084461173734e+04 2.415612741267257297e+04 9.314798045613107388e+04 2.415576794878793226e+04 2.708942165791520529e+04 2.415639875394857881e+04 1.864402913524872856e+05 2.415638551731629559e+04 2.415621193828360265e+04 2.415633933133335086e+04 4.095276345365199086e+04 1.428868125508078665e+05 2.415641964599165658e+04 2.415647922990793086e+04 2.992992498532250756e+05 7.537830946123240574e+04 2.415636174238905733e+04 1.117167682997184020e+05 2.415591991391659394e+04 4.294617786527100179e+03 2.225260272960121802e+05 2.415623658037478890e+04
2.346030345265486394e+05 8.694582824129080109e+04 2.077957088672221289e+05 2.291684686522360716e+05 2.346028075755718164e+05 1.924837929426266928e+05 2.346026864046625560e+05 2.095367498881157080e+05 2.346032281494562048e+05 6.712037565563608950e+04 2.346029549538601423e+05 2.346028378566100146e+05 2.346028882607247506e+05 2.046391394403007580e+05 1.421303690026476106e+05 2.346031654325973941e+05 2.346030366044058756e+05 1.670309643376359309e+05 1.977336465286518796e+05 2.346032652274967986e+05 1.870490593367760011e+05 2.346028001539118413e+05 2.225260272960121511e+05 2.261234472924552392e+04 2.346032686448323075e+05
1.720666228028575606e+00 2.644638432508946280e+05 3.521410667836272623e+05 1.087128766553898640e+04 1.521721353802704124e+00 1.064328649895735143e+05 1.126255334408839737e+00 5.124403236818988807e+04 1.639516179539444840e+00 1.985175747594014974e+05 1.716162221174428737e+00 1.648133742001523183e+00 1.716181631422398990e+00 6.411929962158839771e+04 1.555008624198501348e+05 1.771110267877854305e+00 1.719694747362257026e+00 3.113764086460022372e+05 8.866332092479144922e+04 1.626824179562005757e+00 1.250018347668274801e+05 1.309449409185699187e+00 2.415623658037478890e+04 2.346032686448323075e+05 3.819867897735694795e-01
