7.154161229676219147e-01 6.250188383111053554e+04 1.570626783018779893e+00 1.576225885773893776e+00 2.546468223453947212e+04 2.490547604139363102e+05 1.556478873225515924e+00 7.516224139753171767e+04 1.604340077141130916e+00 1.692557201482824514e+00 6.250179104992917564e+04 1.625632056182201302e+00 1.434402173750484399e+00 6.250185035381917987e+04 1.669832740693646178e+00 1.508103268136014696e+00 1.471298040867880852e+00 1.152054416142396898e+00 1.379674985483454464e+00 3.972174694272393826e+05 1.599563870297393109e+00 1.606280142464469041e+00 1.433385893582672654e+00 1.517367652408206702e+00 1.875018416714554187e+05
6.250188383111053554e+04 1.753601348558657680e+00 6.250271491754954332e+04 6.250271736135631363e+04 3.703967937977780093e+04 2.490555586819386517e+05 6.250269713563401456e+04 5.664425620059676294e+04 6.250260788531921571e+04 6.250266337454268796e+04 2.699932732522631440e+00 6.250274409643551189e+04 6.250248429918116017e+04 2.716489839874682399e+00 6.250269197121023899e+04 6.250264855072001956e+04 6.250260280401961791e+04 6.250210263456712710e+04 6.250221803888161230e+04 3.972181379049465177e+05 6.250266348246011330e+04 6.250268318390768400e+04 6.250245591088644869e+04 6.250266198226894630e+04 1.875025349734500051e+05
1.570626783018779893e+00 6.250271491754954332e+04 1.242784137769604502e+00 2.257164411918981983e+00 2.546551913267779310e+04 2.490553035192793759e+05 2.185366084123682384e+00 7.516295071151922457e+04 2.355874090413256905e+00 2.504976622963260624e+00 6.250258441276331723e+04 2.208530538336090476e+00 2.024407172888984530e+00 6.250263091570407414e+04 2.361489275636706520e+00 2.139453890232057454e+00 1.895618986620543511e+00 1.870570611942253603e+00 2.068822846486183309e+00 3.972179983906541020e+05 2.178871411029007277e+00 2.168781600958829880e+00 2.002965978318258067e+00 2.039058204030295141e+00 1.875024123399106611e+05
1.576225885773893776e+00 6.250271736135631363e+04 2.257164411918981983e+00 1.362451596530906972e+00 2.546547431816802055e+04 2.490553321386495663e+05 2.164721717080522634e+00 7.516298769194690976e+04 2.255410242274290766e+00 2.341407082714656696e+00 6.250265952847641165e+04 2.164842712778431544e+00 2.192564604804772443e+00 6.250274434231386840e+04 2.517003730084549140e+00 2.234696606267501995e+00 2.215601696491019013e+00 1.917132359205162340e+00 2.085604757841674761e+00 3.972180316049368121e+05 2.166110972170358195e+00 2.230447725896377964e+00 2.217780189985833150e+00 2.276692987868280671e+00 1.875023441716802772e+05
2.546468223453947576e+04 3.703967937977780093e+04 2.546551913267779310e+04 2.546547431816802782e+04 3.017965339674333518e+04 2.490554385821396136e+05 2.546554399135278072e+04 6.761846566586398694e+04 2.546553900952626645e+04 2.546558716165601072e+04 3.703951851842045289e+04 2.546560949650206749e+04 2.546543313260688228e+04 3.703961599428101181e+04 2.546526633623280213e+04 2.546536783387707692e+04 2.546539386961761920e+04 2.546501532798528569e+04 2.546523960714240820e+04 3.972179289689350990e+05 2.546555584969027404e+04 2.546560217726431802e+04 2.546543768091019956e+04 2.546550922530740718e+04 1.875025180675556476e+05
2.490547604139363102e+05 2.490555586819386517e+05 2.490553035192793759e+05 2.490553321386495954e+05 2.490554385821395554e+05 1.585948262555315159e+05 2.490552922771866433e+05 2.414625334085128561e+05 2.490553504360656370e+05 2.490553971112283471e+05 2.490555250345616078e+05 2.490553288092565199e+05 2.490551766180657432e+05 2.490553247118526779e+05 2.490553674507706601e+05 2.490552014912677696e+05 2.490550983832568745e+05 2.490548518309104256e+05 2.490550708698121016e+05 3.329803480256063049e+05 2.490552339732229593e+05 2.490552959261878277e+05 2.490550286908296985e+05 2.490553102791275887e+05 2.244132560096614470e+05
1.556478873225515924e+00 6.250269713563401456e+04 2.185366084123682384e+00 2.164721717080522190e+00 2.546554399135278436e+04 2.490552922771866433e+05 1.326565320945636506e+00 7.516288525219188887e+04 2.226801084118755547e+00 2.336898295669569414e+00 6.250251436157830176e+04 2.184264886845125986e+00 2.104537475552390013e+00 6.250261723699786671e+04 2.397020080488361238e+00 2.124543854847238844e+00 2.167524451074140934e+00 1.800693467926367308e+00 2.108901687031069727e+00 3.972179835863329354e+05 2.200752274644528939e+00 2.124279754809769383e+00 2.139574181813703291e+00 2.081286342977938020e+00 1.875023104871316173e+05
7.516224139753171767e+04 5.664425620059677021e+04 7.516295071151922457e+04 7.516298769194690976e+04 6.761846566586398694e+04 2.414625334085128561e+05 7.516288525219188887e+04 4.857902140903955296e+04 7.516293711313244421e+04 7.516288485464215046e+04 5.664458249595364032e+04 7.516296253304273705e+04 7.516287997312450898e+04 5.664452377638812322e+04 7.516306062380575167e+04 7.516295911840294139e+04 7.516291447962049278e+04 7.516239181921999261e+04 7.516254365493697696e+04 3.972181845055121230e+05 7.516300752265837218e+04 7.516298531120533880e+04 7.516269087925342319e+04 7.516297650573114515e+04 1.382744182299206732e+05
1.604340077141130916e+00 6.250260788531921571e+04 2.355874090413256905e+00 2.255410242274290766e+00 2.546553900952626645e+04 2.490553504360656370e+05 2.226801084118755547e+00 7.516293711313244421e+04 1.363843804541414739e+00 2.412554583427990895e+00 6.250243999399190216e+04 2.169932651951802960e+00 2.135361574072393687e+00 6.250267005987899756e+04 2.545553458993417451e+00 2.254646538282544022e+00 2.251400710260160309e+00 1.944262842484496767e+00 2.127737998521310736e+00 3.972180400598197011e+05 2.229581152920295573e+00 2.265627543364872487e+00 2.223595943441538658e+00 2.277947826741061998e+00 1.875023808253144671e+05
1.692557201482824514e+00 6.250266337454268796e+04 2.504976622963260624e+00 2.341407082714656696e+00 2.546558716165601072e+04 2.490553971112283471e+05 2.336898295669570302e+00 7.516288485464215046e+04 2.412554583427990895e+00 1.403067451428997803e+00 6.250266111460526008e+04 2.380499627426344578e+00 2.310685166766184739e+00 6.250273241244915698e+04 2.522057502765229664e+00 2.387332297764855671e+00 2.445614546856706983e+00 2.027548455283738615e+00 2.256323382494042740e+00 3.972179427846738254e+05 2.479413531373981794e+00 2.307212350320791749e+00 2.391196334460022666e+00 2.469509563589119772e+00 1.875024119934453920e+05
6.250179104992917564e+04 2.699932732522631440e+00 6.250258441276331723e+04 6.250265952847641165e+04 3.703951851842045289e+04 2.490555250345616078e+05 6.250251436157830176e+04 5.664458249595362577e+04 6.250243999399190216e+04 6.250266111460526008e+04 1.527408087501052725e+00 6.250259340599558345e+04 6.250241790239886177e+04 2.653911823125558733e+00 6.250251485124403553e+04 6.250249737245380675e+04 6.250248401176459447e+04 6.250198799914732808e+04 6.250220503094056767e+04 3.972179831942154560e+05 6.250258225760027563e+04 6.250253275400977145e+04 6.250244037345417746e+04 6.250248971746424650e+04 1.875025486157843843e+05
1.625632056182201302e+00 6.250274409643551189e+04 2.208530538336089588e+00 2.164842712778431544e+00 2.546560949650206749e+04 2.490553288092565199e+05 2.184264886845125986e+00 7.516296253304273705e+04 2.169932651951802960e+00 2.380499627426344134e+00 6.250259340599558345e+04 1.270393557589202027e+00 2.165467366168027485e+00 6.250270840113750455e+04 2.607737939984964726e+00 2.257697212487222771e+00 2.231509894816025685e+00 1.897893229099792300e+00 2.088800053761466824e+00 3.972179034014493227e+05 2.231627959818766271e+00 2.301437224300182827e+00 2.221587905190980816e+00 2.273068673419101682e+00 1.875023948826089909e+05
1.434402173750484399e+00 6.250248429918116017e+04 2.024407172888984530e+00 2.192564604804772888e+00 2.546543313260688228e+04 2.490551766180657432e+05 2.104537475552390013e+00 7.516287997312450898e+04 2.135361574072393687e+00 2.310685166766184739e+00 6.250241790239886177e+04 2.165467366168027930e+00 1.251056556612062165e+00 6.250240941500566987e+04 2.420779275976419065e+00 1.967367263252815412e+00 1.928255082384592312e+00 1.689311512268484972e+00 1.802285022800832248e+00 3.972178568196799606e+05 2.111905184020967052e+00 2.066562724252956507e+00 1.766987193579757198e+00 2.014078918787232553e+00 1.875022741759194760e+05
6.250185035381917987e+04 2.716489839874682399e+00 6.250263091570407414e+04 6.250274434231386840e+04 3.703961599428101181e+04 2.490553247118526779e+05 6.250261723699786671e+04 5.664452377638811595e+04 6.250267005987899756e+04 6.250273241244915698e+04 2.653911823125558733e+00 6.250270840113750455e+04 6.250240941500566987e+04 1.639894182953387070e+00 6.250265544343377405e+04 6.250250808959498681e+04 6.250251090969184588e+04 6.250210381464938109e+04 6.250223727137035166e+04 3.972181129627875634e+05 6.250261937240482803e+04 6.250266569382991293e+04 6.250237956612380367e+04 6.250253509051627043e+04 1.875026045061307086e+05
1.669832740693646178e+00 6.250269197121023899e+04 2.361489275636706520e+00 2.517003730084549140e+00 2.546526633623280213e+04 2.490553674507706601e+05 2.397020080488361682e+00 7.516306062380575167e+04 2.545553458993417451e+00 2.522057502765229664e+00 6.250251485124403553e+04 2.607737939984964726e+00 2.420779275976419065e+00 6.250265544343377405e+04 1.353097524026494858e+00 2.456583228334573210e+00 2.351288751475683281e+00 2.078053999519063222e+00 2.226321981574377329e+00 3.972179989471618901e+05 2.460735089606999271e+00 2.521330762798062342e+00 2.418275081237782675e+00 2.450204604886276893e+00 1.875024940454837342e+05
1.508103268136014696e+00 6.250264855072001956e+04 2.139453890232057010e+00 2.234696606267501995e+00 2.546536783387707328e+04 2.490552014912677987e+05 2.124543854847238844e+00 7.516295911840294139e+04 2.254646538282544022e+00 2.387332297764856115e+00 6.250249737245380675e+04 2.257697212487222771e+00 1.967367263252815412e+00 6.250250808959498681e+04 2.456583228334574098e+00 1.334688653073956788e+00 2.030574974908343044e+00 1.793726952485180437e+00 2.035522416138085600e+00 3.972179564054461080e+05 2.214786994318084901e+00 2.182990048826479068e+00 1.988336743655097827e+00 1.981765354128007584e+00 1.875023359575131908e+05
1.471298040867880852e+00 6.250260280401961791e+04 1.895618986620543067e+00 2.215601696491018568e+00 2.546539386961761556e+04 2.490550983832568454e+05 2.167524451074141378e+00 7.516291447962049278e+04 2.251400710260160309e+00 2.445614546856706539e+00 6.250248401176459447e+04 2.231509894816025241e+00 1.928255082384591867e+00 6.250251090969184588e+04 2.351288751475683281e+00 2.030574974908343044e+00 1.168587593406207992e+00 1.762619740957804160e+00 1.933542497915164748e+00 3.972177550450378913e+05 2.130304189416568406e+00 2.140594938225334420e+00 1.909344048609494138e+00 2.001663455263079872e+00 1.875023352582413936e+05
1.152054416142396898e+00 6.250210263456712710e+04 1.870570611942253603e+00 1.917132359205162340e+00 2.546501532798528569e+04 2.490548518309103674e+05 1.800693467926366864e+00 7.516239181921999261e+04 1.944262842484496767e+00 2.027548455283738615e+00 6.250198799914732808e+04 1.897893229099792300e+00 1.689311512268484972e+00 6.250210381464938109e+04 2.078053999519063222e+00 1.793726952485180437e+00 1.762619740957804160e+00 1.027478598439003354e+00 1.506800064888284885e+00 3.972176000412149006e+05 1.903760673926199187e+00 1.862488887453492614e+00 1.656805720686976180e+00 1.836247469084277384e+00 1.875018674256255035e+05
1.379674985483454464e+00 6.250221803888161230e+04 2.068822846486183753e+00 2.085604757841674317e+00 2.546523960714241184e+04 2.490550708698121016e+05 2.108901687031069727e+00 7.516254365493696241e+04 2.127737998521310736e+00 2.256323382494042740e+00 6.250220503094056767e+04 2.088800053761466824e+00 1.802285022800832248e+00 6.250223727137035166e+04 2.226321981574377329e+00 2.035522416138085600e+00 1.933542497915164526e+00 1.506800064888284885e+00 1.102102304759351004e+00 3.972178169399442850e+05 2.048321119813579116e+00 2.133270967642359572e+00 1.694510210948076745e+00 2.055618949532116879e+00 1.875019730166539084e+05
3.972174694272393826e+05 3.972181379049465759e+05 3.972179983906541020e+05 3.972180316049368121e+05 3.972179289689350990e+05 3.329803480256063049e+05 3.972179835863329936e+05 3.972181845055121230e+05 3.972180400598197011e+05 3.972179427846738254e+05 3.972179831942154560e+05 3.972179034014493227e+05 3.972178568196799606e+05 3.972181129627875634e+05 3.972179989471618901e+05 3.972179564054461080e+05 3.972177550450379495e+05 3.972176000412149006e+05 3.972178169399443432e+05 2.576049241721843719e+05 3.972179934751986293e+05 3.972179746512547717e+05 3.972178171568613616e+05 3.972179818738213507e+05 3.971861795314500923e+05
1.599563870297393109e+00 6.250266348246011330e+04 2.178871411029007277e+00 2.166110972170358195e+00 2.546555584969027404e+04 2.490552339732229593e+05 2.200752274644529383e+00 7.516300752265837218e+04 2.229581152920295573e+00 2.479413531373981794e+00 6.250258225760027563e+04 2.231627959818766715e+00 2.111905184020967496e+00 6.250261937240482803e+04 2.460735089606999271e+00 2.214786994318084901e+00 2.130304189416567962e+00 1.903760673926199187e+00 2.048321119813579116e+00 3.972179934751986293e+05 1.370828016385525983e+00 2.270920195328150815e+00 2.133805750793270395e+00 2.219697341635792132e+00 1.875023856075619697e+05
1.606280142464469707e+00 6.250268318390768400e+04 2.168781600958830325e+00 2.230447725896377964e+00 2.546560217726431802e+04 2.490552959261878277e+05 2.124279754809769383e+00 7.516298531120533880e+04 2.265627543364872931e+00 2.307212350320791305e+00 6.250253275400977145e+04 2.301437224300182383e+00 2.066562724252956507e+00 6.250266569382991293e+04 2.521330762798062342e+00 2.182990048826479068e+00 2.140594938225334420e+00 1.862488887453492614e+00 2.133270967642359572e+00 3.972179746512547717e+05 2.270920195328150815e+00 1.308911374822972595e+00 2.148935316286330721e+00 2.131213038576508456e+00 1.875024246431260253e+05
1.433385893582672654e+00 6.250245591088644869e+04 2.002965978318258067e+00 2.217780189985833150e+00 2.546543768091019956e+04 2.490550286908296694e+05 2.139574181813703291e+00 7.516269087925342319e+04 2.223595943441538658e+00 2.391196334460022666e+00 6.250244037345417746e+04 2.221587905190980372e+00 1.766987193579757198e+00 6.250237956612380367e+04 2.418275081237782675e+00 1.988336743655097827e+00 1.909344048609494138e+00 1.656805720686976180e+00 1.694510210948076745e+00 3.972178171568612452e+05 2.133805750793270839e+00 2.148935316286330721e+00 1.183247943457980567e+00 1.989334562953118279e+00 1.875020874109331053e+05
1.517367652408206702e+00 6.250266198226894630e+04 2.039058204030295141e+00 2.276692987868280671e+00 2.546550922530740718e+04 2.490553102791275887e+05 2.081286342977938020e+00 7.516297650573114515e+04 2.277947826741062443e+00 2.469509563589119772e+00 6.250248971746424650e+04 2.273068673419101682e+00 2.014078918787232553e+00 6.250253509051627043e+04 2.450204604886276893e+00 1.981765354128007584e+00 2.001663455263079872e+00 1.836247469084277606e+00 2.055618949532116435e+00 3.972179818738213507e+05 2.219697341635792132e+00 2.131213038576508456e+00 1.989334562953118279e+00 1.193803141908077459e+00 1.875024276718908804e+05
1.875018416714554478e+05 1.875025349734500051e+05 1.875024123399106611e+05 1.875023441716802772e+05 1.875025180675556476e+05 2.244132560096614470e+05 1.875023104871316173e+05 1.382744182299206732e+05 1.875023808253144671e+05 1.875024119934453920e+05 1.875025486157843843e+05 1.875023948826089909e+05 1.875022741759194760e+05 1.875026045061307086e+05 1.875024940454837633e+05 1.875023359575131908e+05 1.875023352582413936e+05 1.875018674256255035e+05 1.875019730166539084e+05 3.971861795314500923e+05 1.875023856075619697e+05 1.875024246431260544e+05 1.875020874109331053e+05 1.875024276718909387e+05 4.937588445004431560e+04
