4.505006200700381305e+04 2.548282514738996106e+05 5.434793838458642131e+05 5.434792622545356862e+05 5.434793791046112310e+05 3.365626526587861008e+05 9.191583027910871897e+04 3.681547451764575671e+05 5.434793485377016477e+05 5.434793393112291815e+05 5.434792052682455396e+05 1.770842710190507642e+05 5.434790851689436240e+05 4.980247995849602739e+05 5.434791387916241074e+05 5.434791704138998175e+05 1.438638931495844736e+05 6.144141908565582708e+05 4.525701796856505098e+05 5.434792709160719533e+05 5.434792560253853444e+05 5.434792935817579273e+05 4.525703732393122045e+05 4.554375674522788613e+05 4.525702937504764996e+05
2.548282514738996688e+05 6.124608631793678796e+04 3.766247630387938116e+05 3.766247617928077816e+05 3.766250413772272295e+05 4.415597628815544304e+05 2.597417601619160851e+05 1.853527537767347822e+05 3.766248215472235461e+05 3.766247731257400592e+05 3.766247594963177107e+05 1.605556295280457416e+05 3.766245369028337300e+05 3.311704021960946848e+05 3.766244727752038743e+05 3.766247949441862875e+05 3.116897272727274103e+05 6.933072447552448139e+05 2.857157742001588340e+05 3.766247968336012564e+05 3.766246165194765199e+05 3.766246928685932653e+05 2.857157540627074777e+05 5.333597619810516480e+05 2.857155794205794227e+05
5.434793838458642131e+05 3.766247630387938116e+05 8.713780659286138874e-01 1.451480690090158232e+00 1.818196726819692121e+05 5.454558051648525288e+05 5.454555950413224055e+05 3.636378507163332542e+05 1.168846132611514186e+05 1.308039410776325795e+00 9.091044433718521032e+04 4.545466840775806340e+05 1.218950220755285141e+00 2.272743735268824094e+05 9.091061569658225926e+04 1.410058708099106717e+00 5.454557195112108020e+05 7.972031538461538730e+05 2.727289480519481003e+05 9.091048906993627315e+04 9.091066082617035136e+04 9.091059482969861710e+04 2.727289692011181032e+05 6.372556611962793395e+05 3.336208135258603725e+05
5.434792622545355698e+05 3.766247617928077816e+05 1.451480690090158676e+00 8.784527514112085989e-01 1.818197898474124668e+05 5.454557130139190704e+05 5.454556432238618145e+05 3.636377718706317246e+05 1.168849156599859271e+05 1.493566998505051702e+00 9.091081549220011220e+04 4.545468056483740802e+05 1.270428861430566769e+00 2.272742852083294129e+05 9.091070812060259050e+04 1.244706285231302667e+00 5.454556244140239432e+05 7.972032366863907082e+05 2.727288699511191226e+05 9.091075582318975648e+04 9.091074018608992628e+04 9.091082760032654915e+04 2.727291422411318053e+05 6.372557479679768439e+05 3.336209455697488738e+05
5.434793791046112310e+05 3.766250413772272295e+05 1.818196726819692121e+05 1.818197898474124668e+05 8.755460161007582176e-01 5.454557517207300989e+05 5.454556074804783566e+05 3.571445484419519780e+05 6.493647623827266216e+04 1.818197191071248672e+05 1.818196654209852859e+05 4.545467539979398716e+05 1.818195638988407445e+05 4.545597078902473004e+04 1.818199093107801455e+05 1.818197257859612000e+05 5.454557662618613103e+05 7.972031538461536402e+05 9.091059623464189644e+04 1.818197364877286891e+05 1.818199104007721471e+05 1.818198908882912074e+05 9.091086649066522659e+04 6.372556704819608713e+05 2.427117861117019202e+05
3.365626526587861008e+05 4.415597628815544304e+05 5.454558051648525288e+05 5.454557130139190704e+05 5.454557517207300989e+05 9.071590022883068013e+04 3.373635260255185422e+05 3.636377397680036956e+05 5.454557567357261432e+05 5.454557476064281072e+05 5.454556713758916594e+05 3.636377937673352426e+05 5.454555231718440773e+05 5.000011888857829035e+05 5.454555789823197993e+05 5.454555683257790515e+05 2.854153929424380767e+05 4.329843912233306328e+05 4.545465922908189241e+05 5.454556772727323696e+05 5.454556971962251700e+05 5.454557271659283433e+05 4.545467558195978054e+05 2.119371559259807691e+05 3.636377375301949214e+05
9.191583027910871897e+04 2.597417601619160559e+05 5.454555950413224055e+05 5.454556432238618145e+05 5.454556074804783566e+05 3.373635260255185422e+05 5.016431488428932789e+04 3.701312278214683174e+05 5.454555770955040352e+05 5.454556377017219784e+05 5.454554597158582183e+05 1.818195087489865837e+05 5.454554377430556342e+05 5.000012134345572558e+05 5.454555406630620128e+05 5.454555616387802875e+05 1.425673557938764279e+05 6.150937380045491736e+05 4.545465875604311586e+05 5.454554852295549354e+05 5.454556386937219650e+05 5.454555041322314646e+05 4.545466085394521360e+05 4.554374896420935402e+05 4.545465621564139146e+05
3.681547451764574507e+05 1.853527537767347822e+05 3.636378507163332542e+05 3.636377718706317246e+05 3.571445484419519780e+05 3.636377397680036956e+05 3.701312278214683174e+05 4.657593059431924485e+04 3.617824953818091890e+05 3.636378611806254485e+05 3.636377362014506361e+05 2.792222026335719856e+05 3.636375378013100126e+05 3.116899052246935898e+05 3.636375426132370485e+05 3.636378126764902845e+05 4.183686277621576446e+05 6.153851896180742187e+05 2.662352606121256249e+05 3.636378054760421510e+05 3.636376203240811010e+05 3.636376643850905821e+05 2.662351919679414132e+05 4.554377426158014569e+05 1.299442690096008882e+05
5.434793485377017641e+05 3.766248215472235461e+05 1.168846132611514186e+05 1.168849156599859271e+05 6.493647623827266216e+04 5.454557567357262596e+05 5.454555770955040352e+05 3.617824953818093054e+05 3.710664650104718748e+04 1.168847245749238791e+05 1.168842758151833405e+05 4.545466629999031429e+05 1.168844997607454716e+05 1.103912004947794921e+05 1.168846323624639772e+05 1.168848389285776648e+05 5.454557181769015733e+05 7.972031538461538730e+05 1.558457719921589596e+05 1.168845627919089166e+05 1.168846230922127870e+05 1.168846430210378021e+05 1.558456717180328851e+05 6.372556689577959478e+05 3.076465341922459775e+05
5.434793393112291815e+05 3.766247731257400592e+05 1.308039410776325795e+00 1.493566998505051702e+00 1.818197191071248672e+05 5.454557476064281072e+05 5.454556377017219784e+05 3.636378611806254485e+05 1.168847245749238791e+05 8.466120969743774483e-01 9.091053733641508734e+04 4.545467580318233231e+05 1.187059422800313735e+00 2.272743067089549149e+05 9.091067675201206293e+04 1.405263285988264332e+00 5.454556698394712294e+05 7.972031993006992852e+05 2.727289065180103644e+05 9.091062092568886874e+04 9.091073091100862075e+04 9.091074389086672454e+04 2.727290788969029672e+05 6.372557090899072355e+05 3.336209114523265162e+05
5.434792052682455396e+05 3.766247594963177107e+05 9.091044433718521032e+04 9.091081549220011220e+04 1.818196654209852859e+05 5.454556713758916594e+05 5.454554597158582183e+05 3.636377362014506361e+05 1.168842758151833259e+05 9.091053733641508734e+04 7.492845295606515021e-01 4.545465776577803190e+05 9.091030951150890905e+04 2.272743654432290932e+05 1.529036502365112016e+00 9.091070481876686972e+04 5.454555589052542346e+05 7.972031115294961492e+05 2.727288793517918675e+05 1.381650256079237860e+00 1.505656119604043885e+00 1.558718551896316473e+00 2.727288270830659312e+05 6.372555656764619052e+05 3.336206202096876223e+05
1.770842710190507642e+05 1.605556295280457125e+05 4.545466840775806922e+05 4.545468056483741966e+05 4.545467539979398716e+05 3.636377937673352426e+05 1.818195087489866128e+05 2.792222026335719856e+05 4.545466629999030847e+05 4.545467580318233231e+05 4.545465776577803190e+05 3.762351044318215281e+04 4.545466054364838637e+05 4.090922997337416746e+05 4.545466852948812884e+05 4.545467896048662951e+05 2.337677579618417658e+05 6.153851177305601304e+05 3.636376963869464234e+05 4.545466785265774815e+05 4.545468045286948327e+05 4.545466942962149042e+05 3.636376481166912126e+05 4.554376110486506368e+05 3.636375938252008054e+05
5.434790851689436240e+05 3.766245369028337882e+05 1.218950220755285141e+00 1.270428861430566769e+00 1.818195638988407445e+05 5.454555231718440773e+05 5.454554377430556342e+05 3.636375378013100126e+05 1.168844997607454716e+05 1.187059422800313735e+00 9.091030951150890905e+04 4.545466054364838637e+05 5.763762218281573979e-01 2.272740804672408267e+05 9.091022210439029732e+04 1.120980012697276429e+00 5.454554409411008237e+05 7.972031259936646093e+05 2.727286440025474294e+05 9.091027265742217423e+04 9.091027141229050176e+04 9.091039742003506399e+04 2.727288177201841609e+05 6.372555793910097564e+05 3.336206173346122960e+05
4.980247995849602739e+05 3.311704021960948012e+05 2.272743735268824094e+05 2.272742852083294129e+05 4.545597078902473004e+04 5.000011888857829035e+05 5.000012134345573140e+05 3.116899052246935898e+05 1.103912004947794776e+05 2.272743067089549149e+05 2.272743654432290932e+05 4.090922997337416746e+05 2.272740804672408267e+05 4.545554999941212009e+04 2.272744291839640646e+05 2.272742381377193087e+05 5.000011955602539820e+05 7.517487447552450467e+05 4.545591238341629651e+04 2.272744212645889202e+05 2.272744249895428948e+05 2.272745898704403662e+05 4.545630977634314331e+04 5.918012619810517645e+05 1.972572181251865986e+05
5.434791387916241074e+05 3.766244727752038743e+05 9.091061569658225926e+04 9.091070812060259050e+04 1.818199093107801455e+05 5.454555789823197993e+05 5.454555406630621292e+05 3.636375426132370485e+05 1.168846323624639481e+05 9.091067675201206293e+04 1.529036502365112016e+00 4.545466852948812884e+05 9.091022210439029732e+04 2.272744291839640646e+05 7.495441782867323655e-01 9.091056906560818607e+04 5.454555023320373148e+05 7.972031817584126256e+05 2.727289294360038475e+05 1.334857263600653265e+00 1.265666475990637752e+00 1.417540948113369392e+00 2.727289486183401896e+05 6.372556235689248424e+05 3.336206800573925138e+05
5.434791704138998175e+05 3.766247949441862875e+05 1.410058708099106717e+00 1.244706285231302445e+00 1.818197257859612000e+05 5.454555683257790515e+05 5.454555616387802875e+05 3.636378126764902845e+05 1.168848389285776648e+05 1.405263285988264332e+00 9.091070481876686972e+04 4.545467896048662951e+05 1.120980012697276207e+00 2.272742381377193087e+05 9.091056906560818607e+04 9.039039189891265869e-01 5.454554905350587796e+05 7.972031276074353373e+05 2.727288112689040718e+05 9.091063485575668165e+04 9.091063789503506268e+04 9.091072576153356931e+04 2.727290901353181689e+05 6.372556248981863027e+05 3.336209549516239786e+05
1.438638931495844736e+05 3.116897272727274103e+05 5.454557195112108020e+05 5.454556244140239432e+05 5.454557662618613103e+05 2.854153929424380767e+05 1.425673557938763988e+05 4.183686277621576446e+05 5.454557181769015733e+05 5.454556698394712294e+05 5.454555589052542346e+05 2.337677579618417076e+05 5.454554409411008237e+05 5.000011955602539820e+05 5.454555023320373148e+05 5.454554905350587796e+05 9.469142539459616819e+04 5.631457150921848370e+05 4.545465958910665940e+05 5.454555799426197773e+05 5.454556099300292553e+05 5.454556309844002826e+05 4.545467638765529264e+05 4.034895333183006733e+05 4.545466971740246518e+05
6.144141908565582708e+05 6.933072447552448139e+05 7.972031538461539894e+05 7.972032366863907082e+05 7.972031538461536402e+05 4.329843912233306328e+05 6.150937380045491736e+05 6.153851896180743352e+05 7.972031538461538730e+05 7.972031993006992852e+05 7.972031115294961492e+05 6.153851177305601304e+05 7.972031259936644929e+05 7.517487447552450467e+05 7.972031817584127421e+05 7.972031276074353373e+05 5.631457150921848370e+05 1.960826754951630137e+05 7.062942108660570811e+05 7.972031099157254212e+05 7.972032127786745550e+05 7.972031023847948527e+05 7.062941473910704954e+05 4.234867442873598193e+05 6.153850728886500001e+05
4.525701796856504516e+05 2.857157742001588340e+05 2.727289480519481003e+05 2.727288699511191226e+05 9.091059623464189644e+04 4.545465922908189241e+05 4.545465875604311586e+05 2.662352606121256249e+05 1.558457719921589596e+05 2.727289065180103644e+05 2.727288793517918675e+05 3.636376963869464234e+05 2.727286440025474294e+05 4.545591238341629651e+04 2.727289294360038475e+05 2.727288112689040718e+05 4.545465958910665940e+05 7.062942108660570811e+05 7.193087931473807206e-01 2.727289529550716979e+05 2.727289450499333907e+05 2.727291127348704031e+05 1.518977522983158357e+00 5.463466748374260496e+05 1.518026277223062643e+05
5.434792709160719533e+05 3.766247968336012564e+05 9.091048906993627315e+04 9.091075582318975648e+04 1.818197364877286891e+05 5.454556772727323696e+05 5.454554852295549354e+05 3.636378054760421510e+05 1.168845627919089020e+05 9.091062092568886874e+04 1.381650256079237638e+00 4.545466785265774815e+05 9.091027265742217423e+04 2.272744212645889202e+05 1.334857263600653043e+00 9.091063485575668165e+04 5.454555799426197773e+05 7.972031099157254212e+05 2.727289529550716979e+05 8.799305851153125246e-01 1.541270059814053850e+00 1.397286612137890849e+00 2.727289131821130286e+05 6.372555543800659943e+05 3.336206627741854172e+05
5.434792560253852280e+05 3.766246165194765199e+05 9.091066082617035136e+04 9.091074018608992628e+04 1.818199104007721471e+05 5.454556971962251700e+05 5.454556386937219650e+05 3.636376203240811010e+05 1.168846230922127579e+05 9.091073091100862075e+04 1.505656119604043885e+00 4.545468045286948327e+05 9.091027141229050176e+04 2.272744249895429239e+05 1.265666475990637752e+00 9.091063789503506268e+04 5.454556099300292553e+05 7.972032127786744386e+05 2.727289450499333907e+05 1.541270059814054072e+00 8.168310520393998742e-01 1.338422463058448253e+00 2.727289788441665587e+05 6.372557383499422576e+05 3.336206672644441715e+05
5.434792935817579273e+05 3.766246928685932653e+05 9.091059482969861710e+04 9.091082760032654915e+04 1.818198908882912074e+05 5.454557271659283433e+05 5.454555041322314646e+05 3.636376643850905821e+05 1.168846430210377584e+05 9.091074389086672454e+04 1.558718551896316473e+00 4.545466942962149042e+05 9.091039742003506399e+04 2.272745898704403662e+05 1.417540948113369392e+00 9.091072576153356931e+04 5.454556309844002826e+05 7.972031023847948527e+05 2.727291127348704031e+05 1.397286612137890849e+00 1.338422463058448253e+00 8.337991187117297365e-01 2.727289610861422843e+05 6.372555742832396645e+05 3.336206744964015670e+05
4.525703732393121463e+05 2.857157540627074777e+05 2.727289692011181032e+05 2.727291422411318053e+05 9.091086649066522659e+04 4.545467558195978054e+05 4.545466085394521360e+05 2.662351919679414132e+05 1.558456717180328851e+05 2.727290788969029672e+05 2.727288270830659312e+05 3.636376481166911544e+05 2.727288177201841609e+05 4.545630977634314331e+04 2.727289486183401896e+05 2.727290901353181689e+05 4.545467638765529264e+05 7.062941473910704954e+05 1.518977522983158357e+00 2.727289131821130286e+05 2.727289788441665587e+05 2.727289610861422843e+05 9.878266139233568000e-01 5.463466613893356407e+05 1.518023557112021663e+05
4.554375674522788031e+05 5.333597619810516480e+05 6.372556611962793395e+05 6.372557479679768439e+05 6.372556704819608713e+05 2.119371559259807691e+05 4.554374896420935402e+05 4.554377426158014569e+05 6.372556689577958314e+05 6.372557090899072355e+05 6.372555656764619052e+05 4.554376110486506368e+05 6.372555793910097564e+05 5.918012619810517645e+05 6.372556235689248424e+05 6.372556248981863027e+05 4.034895333183006733e+05 4.234867442873598193e+05 5.463466748374260496e+05 6.372555543800659943e+05 6.372557383499421412e+05 6.372555742832396645e+05 5.463466613893356407e+05 1.379664753844497318e+05 4.554375893075712956e+05
4.525702937504764996e+05 2.857155794205794227e+05 3.336208135258603725e+05 3.336209455697488738e+05 2.427117861117019202e+05 3.636377375301949214e+05 4.545465621564139146e+05 1.299442690096009173e+05 3.076465341922459193e+05 3.336209114523266326e+05 3.336206202096876223e+05 3.636375938252008054e+05 3.336206173346122960e+05 1.972572181251865986e+05 3.336206800573925138e+05 3.336209549516239786e+05 4.545466971740246518e+05 6.153850728886498837e+05 1.518026277223062643e+05 3.336206627741854172e+05 3.336206672644441715e+05 3.336206744964015670e+05 1.518023557112021663e+05 4.554375893075712956e+05 4.021228988189838128e+04
