9.309120286061472143e+03 2.359134298134580313e+05 1.052651841449619533e+05 3.674917550078252680e+05 1.471509724797094532e+05 1.052655769738592353e+05 1.008139593889787939e+05 6.317130241871289763e+04 1.052650776653619105e+05 1.052657412687498290e+05 1.052649956337074836e+05 1.052657600384051475e+05 1.052659976970162825e+05 1.052657866991794290e+05 2.897943521947826957e+05 1.052657486921022937e+05 1.052657691726080666e+05 1.052653963669523655e+05 1.052653796979316103e+05 1.052655397951863124e+05 1.052655572067778121e+05 1.052652567478573619e+05 1.052655117746386240e+05 1.052649994003289030e+05 1.052651170832253993e+05
2.359134298134580313e+05 1.057225940481301368e+05 2.368441378533330571e+05 3.332577474813287845e+05 1.928465690678230021e+05 2.368441333110141859e+05 2.368446017792515049e+05 2.368443739550372702e+05 2.368437155847372196e+05 2.368443418059115065e+05 2.368438086229357577e+05 2.368444612988426816e+05 2.368441992464639770e+05 2.368440439259663981e+05 2.555596436276391032e+05 2.368443889869193954e+05 2.368443666922072298e+05 2.368439223887025146e+05 2.368439553649727313e+05 2.368443897361666895e+05 2.368437001125836687e+05 2.368440032318174781e+05 2.368442444964668539e+05 2.368438457293353567e+05 2.368437635074400168e+05
1.052651841449619533e+05 2.368441378533330571e+05 8.284062199209020205e-01 3.684224315172879724e+05 1.508518079687094141e+05 5.263390048316281172e+04 5.263393307782191550e+04 8.956828816135492525e+04 1.468043209227581247e+00 2.201790642216785887e+00 1.249135069132687237e+00 2.043386741999182021e+00 1.651415743305755313e+04 5.263382704603973252e+04 2.907250032029289869e+05 2.235140572888175026e+00 2.234045090228989672e+00 1.749199798444837972e+00 1.579055428269141581e+00 2.352690964429935860e+00 1.737899501676459124e+00 1.738820764300659905e+00 1.789776331458281522e+00 1.519541774124259614e+00 1.575878220576413247e+00
3.674917550078252680e+05 3.332577474813287845e+05 3.684224315172879724e+05 8.337141397577209864e+04 3.684018610972934985e+05 3.684227700346090714e+05 3.684227307287739823e+05 3.684229730036297697e+05 3.684222961311601684e+05 3.684227552352366620e+05 3.684222851836130139e+05 3.684227967332123080e+05 3.684228019509982551e+05 3.684229416659264243e+05 2.981047194014979177e+05 3.684227440859879134e+05 3.684228999720787979e+05 3.684222565899178153e+05 3.684224723404998658e+05 3.684228295888353605e+05 3.684222601013219100e+05 3.684222751174965524e+05 3.684226648801421979e+05 3.684223255618644762e+05 3.684223605824345723e+05
1.471509724797094823e+05 1.928465690678230021e+05 1.508518079687094141e+05 3.684018610972934985e+05 5.752655258260847040e+04 1.508518882310800836e+05 1.508520493844909943e+05 1.489083801920941041e+05 1.508513792787871789e+05 1.508520938382632448e+05 1.508514045755589323e+05 1.508521255922545679e+05 1.508517453548965277e+05 1.508520491434888681e+05 2.907042894000743399e+05 1.508520604197010398e+05 1.508519969329755695e+05 1.508516771533140563e+05 1.508516440286524012e+05 1.508519299767939665e+05 1.508517894839803921e+05 1.508514661083518295e+05 1.508519951213135500e+05 1.508514829815694829e+05 1.508515001671572682e+05
1.052655769738592207e+05 2.368441333110141859e+05 5.263390048316281172e+04 3.684227700346090714e+05 1.508518882310800836e+05 7.917128140316957996e-01 4.540987246262603730e+04 8.956877329394391563e+04 5.263333988414763735e+04 5.263381405663289479e+04 5.263318688286587712e+04 5.263414455880357855e+04 3.612212879214609711e+04 1.889168907650476070e+00 2.907250670203404734e+05 5.263409560682917800e+04 5.263397819559768686e+04 5.263383879533535946e+04 5.263396004566590273e+04 5.263370679097686661e+04 5.263388770659123111e+04 5.263359348861066246e+04 5.263398147713032813e+04 5.263332838691161305e+04 5.263362076479764801e+04
1.008139593889787793e+05 2.368446017792515049e+05 5.263393307782191550e+04 3.684227307287739823e+05 1.508520493844909943e+05 4.540987246262603730e+04 1.246588392604219189e+04 4.416061509208327334e+04 5.263342452267400949e+04 5.263400841227522324e+04 5.263327102911777183e+04 5.263387471447179996e+04 5.036785956435021217e+04 4.541018236224548309e+04 2.907254315345351934e+05 5.263394958062035585e+04 5.263416438010754064e+04 5.263384682844243071e+04 5.263397284785343072e+04 5.263406789377841778e+04 5.263396749679159984e+04 5.263351500791397120e+04 5.263379558004918363e+04 5.263327835951026645e+04 5.263361025815530593e+04
6.317130241871290491e+04 2.368443739550372702e+05 8.956828816135495435e+04 3.684229730036297697e+05 1.489083801920941041e+05 8.956877329394391563e+04 4.416061509208328062e+04 2.203195857390979290e+04 8.956780390388132946e+04 8.956856837754098524e+04 8.956775969788889051e+04 8.956819944531550573e+04 8.956842182945435343e+04 8.956852899157485808e+04 2.907253394709305721e+05 8.956826620658389584e+04 8.956828884344146354e+04 8.956812190214742441e+04 8.956833212180039845e+04 8.956874005644988210e+04 8.956837019571600831e+04 8.956809133664450201e+04 8.956811702557597891e+04 8.956776223533917801e+04 8.956797341940637853e+04
1.052650776653619105e+05 2.368437155847372196e+05 1.468043209227581469e+00 3.684222961311601684e+05 1.508513792787871789e+05 5.263333988414763735e+04 5.263342452267400949e+04 8.956780390388132946e+04 4.487336639983321995e-01 1.616053519857680865e+00 7.195473876177431727e-01 1.570253238923119410e+00 1.651338824110074347e+04 5.263310138644804829e+04 2.907245411516071181e+05 1.596249400045853806e+00 1.615837751366564934e+00 1.289361430584842427e+00 1.479023421224148427e+00 1.662271674722560100e+00 1.391404619174633428e+00 1.275998947353328861e+00 1.583302050683177420e+00 8.916704828837169750e-01 9.956421275873694743e-01
1.052657412687498145e+05 2.368443418059114774e+05 2.201790642216785887e+00 3.684227552352366620e+05 1.508520938382632448e+05 5.263381405663289479e+04 5.263400841227522324e+04 8.956856837754098524e+04 1.616053519857680865e+00 8.838402950741472974e-01 1.337100068579291978e+00 2.226899932987515207e+00 1.651417257873543713e+04 5.263374860098383215e+04 2.907251555944673019e+05 2.217304155937705801e+00 1.907589446690285184e+00 2.142484172104692774e+00 2.099844421848826137e+00 1.912615719190336128e+00 2.132997837546707576e+00 2.001551717154443022e+00 2.131061840490378945e+00 1.767298355564351997e+00 1.914078412922277872e+00
1.052649956337074836e+05 2.368438086229357577e+05 1.249135069132687237e+00 3.684222851836130139e+05 1.508514045755589323e+05 5.263318688286587712e+04 5.263327102911777183e+04 8.956775969788889051e+04 7.195473876177431727e-01 1.337100068579291978e+00 2.497774523239559841e-01 1.258472475867026263e+00 1.651348995267049395e+04 5.263320373931685754e+04 2.907247353245862760e+05 1.426165819627811970e+00 1.278802117059474552e+00 1.201485583276069580e+00 1.169178170136629946e+00 1.437245427465407399e+00 1.149057861358504073e+00 9.684535129162117340e-01 1.233580905227029678e+00 7.551226187450784666e-01 9.960867091550081875e-01
1.052657600384051475e+05 2.368444612988426816e+05 2.043386741999182021e+00 3.684227967332123662e+05 1.508521255922545679e+05 5.263414455880357855e+04 5.263387471447179996e+04 8.956819944531549118e+04 1.570253238923119410e+00 2.226899932987515207e+00 1.258472475867026263e+00 6.209932703517548891e-01 1.651396272184941336e+04 5.263398979308336129e+04 2.907253268046794692e+05 1.952503340430087331e+00 1.961333944636849180e+00 1.962781148615756255e+00 2.022363728533087990e+00 2.441662373794911467e+00 1.988905657210961575e+00 1.850413307424396026e+00 1.799546146824165804e+00 1.690791916178592702e+00 1.826057472685915117e+00
1.052659976970162825e+05 2.368441992464639770e+05 1.651415743305755313e+04 3.684228019509982551e+05 1.508517453548965277e+05 3.612212879214608984e+04 5.036785956435021944e+04 8.956842182945432432e+04 1.651338824110074347e+04 1.651417257873543713e+04 1.651348995267049759e+04 1.651396272184941336e+04 2.266401211885486555e+04 3.612169063455256401e+04 2.907250708072927664e+05 1.651368821630278762e+04 1.651411196832511268e+04 1.651407351150118120e+04 1.651420726691753225e+04 1.651412757265958862e+04 1.651423802663101742e+04 1.651414049766915559e+04 1.651434263652059235e+04 1.651371908290619467e+04 1.651384098431017264e+04
1.052657866991794290e+05 2.368440439259663981e+05 5.263382704603973252e+04 3.684229416659264243e+05 1.508520491434888972e+05 1.889168907650476070e+00 4.541018236224547582e+04 8.956852899157485808e+04 5.263310138644804829e+04 5.263374860098383215e+04 5.263320373931685754e+04 5.263398979308335402e+04 3.612169063455256401e+04 8.431337802623944944e-01 2.907249586345732678e+05 5.263387376544946164e+04 5.263377246578349877e+04 5.263372681128171098e+04 5.263396874189125811e+04 5.263379989895230392e+04 5.263384870960433909e+04 5.263371978452266194e+04 5.263389737250233156e+04 5.263336417453968170e+04 5.263342954605815612e+04
2.897943521947827539e+05 2.555596436276391032e+05 2.907250032029289869e+05 2.981047194014979177e+05 2.907042894000743399e+05 2.907250670203404734e+05 2.907254315345352516e+05 2.907253394709305721e+05 2.907245411516071181e+05 2.907251555944673019e+05 2.907247353245862760e+05 2.907253268046794692e+05 2.907250708072928246e+05 2.907249586345732678e+05 9.189591217865076032e+04 2.907252824495414388e+05 2.907251049391282722e+05 2.907246778550611925e+05 2.907249541742581059e+05 2.907252999278120114e+05 2.907246257597248186e+05 2.907247338847736246e+05 2.907251820413151290e+05 2.907247031968921074e+05 2.907246821851745481e+05
1.052657486921022937e+05 2.368443889869193954e+05 2.235140572888175026e+00 3.684227440859879134e+05 1.508520604197010398e+05 5.263409560682917800e+04 5.263394958062035585e+04 8.956826620658389584e+04 1.596249400045853806e+00 2.217304155937705801e+00 1.426165819627811970e+00 1.952503340430087331e+00 1.651368821630278399e+04 5.263387376544946164e+04 2.907252824495414388e+05 8.584296862647622373e-01 2.191606739962398631e+00 2.273745318128590487e+00 2.336132046901119086e+00 2.212307172486633888e+00 2.261588985191627099e+00 2.213516028239131739e+00 2.309454871108465035e+00 1.900850016557790179e+00 1.961830662289617999e+00
1.052657691726080520e+05 2.368443666922072298e+05 2.234045090228989672e+00 3.684228999720787979e+05 1.508519969329755695e+05 5.263397819559768686e+04 5.263416438010754064e+04 8.956828884344144899e+04 1.615837751366564934e+00 1.907589446690285184e+00 1.278802117059474552e+00 1.961333944636849180e+00 1.651411196832511268e+04 5.263377246578349877e+04 2.907251049391282722e+05 2.191606739962398631e+00 5.981688466683539041e-01 2.073027997064329053e+00 2.061021751642243327e+00 2.114788323809934756e+00 2.071132761444840487e+00 1.944622763397940490e+00 2.029522796677133645e+00 1.753911410525926140e+00 1.861461376423964031e+00
1.052653963669523655e+05 2.368439223887025146e+05 1.749199798444837972e+00 3.684222565899178153e+05 1.508516771533140563e+05 5.263383879533535946e+04 5.263384682844243071e+04 8.956812190214740986e+04 1.289361430584842427e+00 2.142484172104692774e+00 1.201485583276069580e+00 1.962781148615756255e+00 1.651407351150118120e+04 5.263372681128171098e+04 2.907246778550611925e+05 2.273745318128590487e+00 2.073027997064329053e+00 6.327166798300073447e-01 1.468554752401283192e+00 2.361654176428808150e+00 1.470931373487267990e+00 1.418581216996045669e+00 1.954519242610120333e+00 1.436583444629657258e+00 1.509696806635509203e+00
1.052653796979316103e+05 2.368439553649727313e+05 1.579055428269141581e+00 3.684224723404998658e+05 1.508516440286524012e+05 5.263396004566590273e+04 5.263397284785343072e+04 8.956833212180038390e+04 1.479023421224148427e+00 2.099844421848826137e+00 1.169178170136629946e+00 2.022363728533087990e+00 1.651420726691753225e+04 5.263396874189125811e+04 2.907249541742581059e+05 2.336132046901119086e+00 2.061021751642243327e+00 1.468554752401283192e+00 6.287863508195239426e-01 2.266584190444474789e+00 1.523508374495177398e+00 1.535700511363045528e+00 1.885019293500918458e+00 1.482726215012409199e+00 1.610385359095733548e+00
1.052655397951863124e+05 2.368443897361666895e+05 2.352690964429935860e+00 3.684228295888353605e+05 1.508519299767939665e+05 5.263370679097686661e+04 5.263406789377841778e+04 8.956874005644988210e+04 1.662271674722559656e+00 1.912615719190335906e+00 1.437245427465407399e+00 2.441662373794911467e+00 1.651412757265958498e+04 5.263379989895230392e+04 2.907252999278120114e+05 2.212307172486633888e+00 2.114788323809934312e+00 2.361654176428808150e+00 2.266584190444474789e+00 5.999619936154492184e-01 2.343702880477076089e+00 2.151781266046290053e+00 2.277957642494867319e+00 1.862956124263524416e+00 2.060779455852096653e+00
1.052655572067778121e+05 2.368437001125836687e+05 1.737899501676459124e+00 3.684222601013219100e+05 1.508517894839803921e+05 5.263388770659123111e+04 5.263396749679159984e+04 8.956837019571600831e+04 1.391404619174633206e+00 2.132997837546707576e+00 1.149057861358504073e+00 1.988905657210961575e+00 1.651423802663101742e+04 5.263384870960433909e+04 2.907246257597248186e+05 2.261588985191627099e+00 2.071132761444840487e+00 1.470931373487268212e+00 1.523508374495177398e+00 2.343702880477076089e+00 6.086952762291210073e-01 1.568255621097603969e+00 1.904193813406297675e+00 1.568355167188630883e+00 1.625761129765535662e+00
1.052652567478573619e+05 2.368440032318174781e+05 1.738820764300660127e+00 3.684222751174965524e+05 1.508514661083518295e+05 5.263359348861066246e+04 5.263351500791397120e+04 8.956809133664450201e+04 1.275998947353329083e+00 2.001551717154443022e+00 9.684535129162118450e-01 1.850413307424396026e+00 1.651414049766915196e+04 5.263371978452266194e+04 2.907247338847736246e+05 2.213516028239131739e+00 1.944622763397939824e+00 1.418581216996045669e+00 1.535700511363045528e+00 2.151781266046290053e+00 1.568255621097603969e+00 6.116551801879999140e-01 1.796223240940947985e+00 1.275206893819022635e+00 1.421152927076932970e+00
1.052655117746386240e+05 2.368442444964668539e+05 1.789776331458281522e+00 3.684226648801421979e+05 1.508519951213135500e+05 5.263398147713032813e+04 5.263379558004918363e+04 8.956811702557596436e+04 1.583302050683177864e+00 2.131061840490378945e+00 1.233580905227029678e+00 1.799546146824165804e+00 1.651434263652059235e+04 5.263389737250233156e+04 2.907251820413150708e+05 2.309454871108465035e+00 2.029522796677134089e+00 1.954519242610120333e+00 1.885019293500918902e+00 2.277957642494867763e+00 1.904193813406297675e+00 1.796223240940947541e+00 6.673752904189413915e-01 1.605857272508870670e+00 1.783467239577293695e+00
1.052649994003289030e+05 2.368438457293353567e+05 1.519541774124259614e+00 3.684223255618644762e+05 1.508514829815694829e+05 5.263332838691161305e+04 5.263327835951026645e+04 8.956776223533917801e+04 8.916704828837169750e-01 1.767298355564352219e+00 7.551226187450784666e-01 1.690791916178592924e+00 1.651371908290619103e+04 5.263336417453968170e+04 2.907247031968921074e+05 1.900850016557790179e+00 1.753911410525926140e+00 1.436583444629657702e+00 1.482726215012409199e+00 1.862956124263524416e+00 1.568355167188630883e+00 1.275206893819022635e+00 1.605857272508870892e+00 5.511338620033943148e-01 1.145189419181568136e+00
1.052651170832253702e+05 2.368437635074400750e+05 1.575878220576413247e+00 3.684223605824345723e+05 1.508515001671572973e+05 5.263362076479764801e+04 5.263361025815530593e+04 8.956797341940637853e+04 9.956421275873695853e-01 1.914078412922277872e+00 9.960867091550081875e-01 1.826057472685915117e+00 1.651384098431016901e+04 5.263342954605815612e+04 2.907246821851746063e+05 1.961830662289617999e+00 1.861461376423964031e+00 1.509696806635509425e+00 1.610385359095733548e+00 2.060779455852096653e+00 1.625761129765535662e+00 1.421152927076932970e+00 1.783467239577293695e+00 1.145189419181568358e+00 6.400601711958504580e-01
