1.035256116201918194e+05 3.865571400354477228e+05 3.922710728307563113e+05 3.922711407896575402e+05 3.588021603856016300e+05 3.922711744314596872e+05 3.555368176453072228e+05 3.311945922096024733e+05 3.751286595517141395e+05 3.922712373788299737e+05 2.200029023097322497e+05 3.617953292818940245e+05 3.106587980732412543e+05 3.922711500945995795e+05 3.408428209853087319e+05 3.922714172493637889e+05 3.922712404489637702e+05 3.636999787381739588e+05 2.513592408329599421e+05 3.637000519730084343e+05 3.922712789021550561e+05 3.922710266294122557e+05 2.941351353173677344e+05 3.906387065311101614e+05 3.922710626695453539e+05
3.865571400354477228e+05 1.250672329069521766e+03 2.357310952396165158e+04 2.357312221643201337e+04 7.087453624989914533e+04 2.255279714370154397e+04 1.084524688039144967e+05 1.658792002798059839e+05 1.643019824851000158e+04 2.357324611463648762e+04 3.015188642046761233e+05 9.655170746383047663e+04 1.979275389997400634e+05 2.357316072316330246e+04 1.376891430484981975e+05 2.357325196083529227e+04 2.357326273063836561e+04 3.183663038971462811e+04 4.611084447792899446e+05 4.897058906673451565e+04 2.357323621062334496e+04 2.357279655408656254e+04 2.418281670776765677e+05 8.879136675702124194e+03 2.357300762887308520e+04
3.922710728307563113e+05 2.357310952396164794e+04 5.962609238299241277e-01 1.235654287256190420e+00 8.148660184305658913e+04 9.389111372813056732e+03 1.084521584740586841e+05 1.658788199451380060e+05 4.000170355712724995e+04 1.143004707330162091e+04 3.015185845335202175e+05 9.695960686410863127e+04 1.979271983640266117e+05 1.295211703888423216e+00 1.376887168198184809e+05 1.143023870568103484e+04 1.143004999312012114e+04 5.175991758218137693e+04 4.668224493006465491e+05 6.611341285325872013e+04 1.143016998993311245e+04 8.939201566410626132e-01 2.418279085059648496e+05 1.469553266400418761e+04 9.853287102577297230e-01
3.922711407896575402e+05 2.357312221643201337e+04 1.235654287256190420e+00 5.838847133727501637e-01 8.148665710522305744e+04 9.389164747032440573e+03 1.084522076777242619e+05 1.658789417326161929e+05 4.000173414713121747e+04 1.143010213609841230e+04 3.015185520966434269e+05 9.695976077664150216e+04 1.979271842718666594e+05 1.176191340883532721e+00 1.376888631623147230e+05 1.143019615341464305e+04 1.143010882795379257e+04 5.176007081805100461e+04 4.668225214165464859e+05 6.611344093063859327e+04 1.143011976797485477e+04 1.009440750366964235e+00 2.418278543866191758e+05 1.469553721996178137e+04 1.161726738043617813e+00
3.588021603856016300e+05 7.087453624989915988e+04 8.148660184305658913e+04 8.148665710522307199e+04 9.096216185325314655e+03 8.148677152542308613e+04 6.523327779442712199e+04 1.305051057223088283e+05 5.944587346319148492e+04 8.148680723106906225e+04 2.721311909821139416e+05 4.323955387742966559e+04 1.685397545907045424e+05 8.148663538825894648e+04 9.656749206517681887e+04 8.148677058381054667e+04 8.148687479584114044e+04 4.453520303069098009e+04 4.333534879579286790e+05 3.332563822384057858e+04 8.148680745344406751e+04 8.148632093737281684e+04 2.124403988612957182e+05 7.845465904933126876e+04 8.148649501930286351e+04
3.922711744314596872e+05 2.255279714370154397e+04 9.389111372813056732e+03 9.389164747032440573e+03 8.148677152542308613e+04 3.572078652493464233e+03 1.084523842808510817e+05 1.658790095696413191e+05 3.898137739476181014e+04 3.062624920718297744e+03 3.015186854888283415e+05 9.695978898462491634e+04 1.979273533296891255e+05 9.389152464878192404e+03 1.376889321588886669e+05 3.062868568365362080e+03 3.062586735930090526e+03 5.135923733407696272e+04 4.668225002548919874e+05 6.611356712439304101e+04 3.062827031087231262e+03 9.388812411154234724e+03 2.418280228485971456e+05 1.367513766880976618e+04 9.389020495120641499e+03
3.555368176453072228e+05 1.084524688039145112e+05 1.084521584740586550e+05 1.084522076777242619e+05 6.523327779442712199e+04 1.084523842808510817e+05 2.185207266102174253e+04 1.050905770630472543e+05 9.702380894905803143e+04 1.084524142667662381e+05 2.585647172267291462e+05 4.660785567356959655e+04 1.466198899493227073e+05 1.084522094225716428e+05 6.752530457786530314e+04 1.084524183906433900e+05 1.084524451486979815e+05 8.558248331933958980e+04 4.300881748340253253e+05 8.099074073695595143e+04 1.084524152162624814e+05 1.084519718175124872e+05 1.929751890653478331e+05 1.084524389574357338e+05 1.084520591288765136e+05
3.311945922096024733e+05 1.658792002798059839e+05 1.658788199451380060e+05 1.658789417326161929e+05 1.305051057223088283e+05 1.658790095696413482e+05 1.050905770630472543e+05 3.384742181887450715e+04 1.544506785956154636e+05 1.658791244610074791e+05 2.234081977474065206e+05 1.183961823234157637e+05 7.957065956986206584e+04 1.658789966016605322e+05 6.994317026848370733e+04 1.658792683500453131e+05 1.658790835054106719e+05 1.430219750143928395e+05 4.057459456602636492e+05 1.428276206401395611e+05 1.658791838310460153e+05 1.658786656456702622e+05 1.483121649615393544e+05 1.658791903031033871e+05 1.658787293831307034e+05
3.751286595517141395e+05 1.643019824851000521e+04 4.000170355712724995e+04 4.000173414713121747e+04 5.944587346319148492e+04 3.898137739476181014e+04 9.702380894905803143e+04 1.544506785956154636e+05 1.142931239729409936e+04 4.000189567447210720e+04 2.900903320015881327e+05 8.512315547823761881e+04 1.864988989095842408e+05 4.000175582882438175e+04 1.262606150363952474e+05 4.000177524738125794e+04 4.000189144795600441e+04 1.665782186512296539e+04 4.496799820320688887e+05 3.754206068478093948e+04 4.000189108509699872e+04 4.000138826843207062e+04 2.303996073174138728e+05 2.530788255215153185e+04 4.000157919465866144e+04
3.922712373788300320e+05 2.357324611463648762e+04 1.143004707330162091e+04 1.143010213609841230e+04 8.148680723106906225e+04 3.062624920718297744e+03 1.084524142667662381e+05 1.658791244610074791e+05 4.000189567447210720e+04 6.247666495510422191e-01 3.015187489597374224e+05 9.695983724372020515e+04 1.979274127250520105e+05 1.143012683056380956e+04 1.376889804727057344e+05 1.560634308252460745e+00 1.284922366704662977e+00 5.176013227762505267e+04 4.668225614994487842e+05 6.611360601250543550e+04 1.473257407070492242e+00 1.142972285478279991e+04 2.418281332694061566e+05 1.469565768020018731e+04 1.142995037577354560e+04
2.200029023097322497e+05 3.015188642046761233e+05 3.015185845335202175e+05 3.015185520966434269e+05 2.721311909821139416e+05 3.015186854888283415e+05 2.585647172267291753e+05 2.234081977474065206e+05 2.900903320015881327e+05 3.015187489597374224e+05 7.827762176696717506e+04 2.653284816646795371e+05 2.000613029291523271e+05 3.015186159524014802e+05 2.408387343845007999e+05 3.015187833955578390e+05 3.015187483755406574e+05 2.786617039062227122e+05 3.317592139054765576e+05 2.786617982343616895e+05 3.015187407642460894e+05 3.015184588244014885e+05 1.671423663871423050e+05 3.015189308941707714e+05 3.015185230210155714e+05
3.617953292818940245e+05 9.655170746383049118e+04 9.695960686410863127e+04 9.695976077664150216e+04 4.323955387742966559e+04 9.695978898462491634e+04 4.660785567356959655e+04 1.183961823234157491e+05 8.512315547823761881e+04 9.695983724372020515e+04 2.653284816646795371e+05 1.729537628294289971e+04 1.564030509881936305e+05 9.695974500180353061e+04 7.722160622025458724e+04 9.695994040755012247e+04 9.695988393739957246e+04 7.343403917209457722e+04 4.363465704786463757e+05 6.430901364207933511e+04 9.695992667065773276e+04 9.695935526524973102e+04 2.033637846404184238e+05 9.684331226096001046e+04 9.695950803438373259e+04
3.106587980732412543e+05 1.979275389997400634e+05 1.979271983640266117e+05 1.979271842718666594e+05 1.685397545907045424e+05 1.979273533296891255e+05 1.466198899493227073e+05 7.957065956986206584e+04 1.864988989095842408e+05 1.979274127250520396e+05 2.000613029291523271e+05 1.564030509881936596e+05 4.107504854747480567e+04 1.979272349779302313e+05 1.175869053069659421e+05 1.979273085065551859e+05 1.979274096692828753e+05 1.750703305077211407e+05 3.825593720911133569e+05 1.750703707023930328e+05 1.979273715926416044e+05 1.979270436743036844e+05 1.099768096830994327e+05 1.979275062659266987e+05 1.979271181776352169e+05
3.922711500945996377e+05 2.357316072316330246e+04 1.295211703888423216e+00 1.176191340883532721e+00 8.148663538825894648e+04 9.389152464878192404e+03 1.084522094225716428e+05 1.658789966016604740e+05 4.000175582882438175e+04 1.143012683056380956e+04 3.015186159524014802e+05 9.695974500180353061e+04 1.979272349779302021e+05 6.396867645737921437e-01 1.376889115475413564e+05 1.143022881977897305e+04 1.143012821342174902e+04 5.176010625540994079e+04 4.668225232175004785e+05 6.611350377382553415e+04 1.143017606417581374e+04 1.036148087698348208e+00 2.418278803257759719e+05 1.469554859238389145e+04 1.256634667944779737e+00
3.408428209853086155e+05 1.376891430484981975e+05 1.376887168198184809e+05 1.376888631623147230e+05 9.656749206517681887e+04 1.376889321588886669e+05 6.752530457786531770e+04 6.994317026848370733e+04 1.262606150363952474e+05 1.376889804727057344e+05 2.408387343845007999e+05 7.722160622025460179e+04 1.175869053069659276e+05 1.376889115475413564e+05 2.444572312910384062e+04 1.376891486608689302e+05 1.376890293327382533e+05 1.147429947425482824e+05 4.153942134377629845e+05 1.106910322204335680e+05 1.376890900914564263e+05 1.376885352532463730e+05 1.719396154884158750e+05 1.376890184324490838e+05 1.376885958692522836e+05
3.922714172493637307e+05 2.357325196083529227e+04 1.143023870568103484e+04 1.143019615341464305e+04 8.148677058381051756e+04 3.062868568365362080e+03 1.084524183906433900e+05 1.658792683500453131e+05 4.000177524738125794e+04 1.560634308252460745e+00 3.015187833955578390e+05 9.695994040755012247e+04 1.979273085065551859e+05 1.143022881977897305e+04 1.376891486608689302e+05 6.191142255758546042e-01 1.561286340793504035e+00 5.176020721077133931e+04 4.668227109642857104e+05 6.611359983376784658e+04 1.412350870394003532e+00 1.142986483339964252e+04 2.418281025852471357e+05 1.469560754181585435e+04 1.143010240209402218e+04
3.922712404489637702e+05 2.357326273063836561e+04 1.143004999312012114e+04 1.143010882795379257e+04 8.148687479584114044e+04 3.062586735930090526e+03 1.084524451486979815e+05 1.658790835054106719e+05 4.000189144795600441e+04 1.284922366704662977e+00 3.015187483755406574e+05 9.695988393739957246e+04 1.979274096692828753e+05 1.143012821342174902e+04 1.376890293327382533e+05 1.561286340793504035e+00 6.247024265123878317e-01 5.176018954773515725e+04 4.668225768427741132e+05 6.611364907932674396e+04 1.429102384054735886e+00 1.142974184809365033e+04 2.418280790992932452e+05 1.469567092699102977e+04 1.142995095519207825e+04
3.636999787381739588e+05 3.183663038971463175e+04 5.175991758218137693e+04 5.176007081805100461e+04 4.453520303069098009e+04 5.135923733407696272e+04 8.558248331933958980e+04 1.430219750143928395e+05 1.665782186512295812e+04 5.176013227762505267e+04 2.786617039062226540e+05 7.343403917209457722e+04 1.750703305077211407e+05 5.176010625540994079e+04 1.147429947425482533e+05 5.176020721077133931e+04 5.176018954773515725e+04 5.490804443419800009e+03 4.382514496965952567e+05 2.120279077946831603e+04 5.176022944746038411e+04 5.175959871815816587e+04 2.189710388600217120e+05 4.053560398717187491e+04 5.175977668828077731e+04
2.513592408329599421e+05 4.611084447792899446e+05 4.668224493006465491e+05 4.668225214165464859e+05 4.333534879579286790e+05 4.668225002548919874e+05 4.300881748340253253e+05 4.057459456602636492e+05 4.496799820320688887e+05 4.668225614994486677e+05 3.317592139054765576e+05 4.363465704786463757e+05 3.825593720911133569e+05 4.668225232175004785e+05 4.153942134377629845e+05 4.668227109642857104e+05 4.668225768427741132e+05 4.382514496965951985e+05 1.186901717313725094e+05 4.382513987327725044e+05 4.668226553604103392e+05 4.668224003083071439e+05 3.528004343824711978e+05 4.651901075130637619e+05 4.668224417203078629e+05
3.637000519730084343e+05 4.897058906673452293e+04 6.611341285325872013e+04 6.611344093063859327e+04 3.332563822384058585e+04 6.611356712439304101e+04 8.099074073695595143e+04 1.428276206401395611e+05 3.754206068478093948e+04 6.611360601250543550e+04 2.786617982343616895e+05 6.430901364207933511e+04 1.750703707023930328e+05 6.611350377382554871e+04 1.106910322204335680e+05 6.611359983376784658e+04 6.611364907932674396e+04 2.120279077946831603e+04 4.382513987327725627e+05 4.170441400913839971e+03 6.611360629505320685e+04 6.611315112500863324e+04 2.189711664980530913e+05 5.713393652504780766e+04 6.611330541596478724e+04
3.922712789021550561e+05 2.357323621062334496e+04 1.143016998993311245e+04 1.143011976797485477e+04 8.148680745344406751e+04 3.062827031087230807e+03 1.084524152162624814e+05 1.658791838310460153e+05 4.000189108509699872e+04 1.473257407070492242e+00 3.015187407642460894e+05 9.695992667065773276e+04 1.979273715926416044e+05 1.143017606417581374e+04 1.376890900914564263e+05 1.412350870394003755e+00 1.429102384054735886e+00 5.176022944746038411e+04 4.668226553604103392e+05 6.611360629505320685e+04 6.889087055298003248e-01 1.142985831674976725e+04 2.418280631501808530e+05 1.469556966937077596e+04 1.143006842579546174e+04
3.922710266294122557e+05 2.357279655408656254e+04 8.939201566410626132e-01 1.009440750366964235e+00 8.148632093737281684e+04 9.388812411154234724e+03 1.084519718175124872e+05 1.658786656456702622e+05 4.000138826843207062e+04 1.142972285478279991e+04 3.015184588244014885e+05 9.695935526524974557e+04 1.979270436743036844e+05 1.036148087698348208e+00 1.376885352532463730e+05 1.142986483339964252e+04 1.142974184809365033e+04 5.175959871815816587e+04 4.668224003083072021e+05 6.611315112500863324e+04 1.142985831674976725e+04 3.689441314252259740e-01 2.418277445638403005e+05 1.469518500072149436e+04 7.310350484465484300e-01
2.941351353173676762e+05 2.418281670776765677e+05 2.418279085059648496e+05 2.418278543866191758e+05 2.124403988612957182e+05 2.418280228485971456e+05 1.929751890653478331e+05 1.483121649615393544e+05 2.303996073174139310e+05 2.418281332694061566e+05 1.671423663871423341e+05 2.033637846404184238e+05 1.099768096830994327e+05 2.418278803257759719e+05 1.719396154884158750e+05 2.418281025852471357e+05 2.418280790992932452e+05 2.189710388600217120e+05 3.528004343824711978e+05 2.189711664980530913e+05 2.418280631501808530e+05 2.418277445638403005e+05 5.316352234603987745e+04 2.418281421317652857e+05 2.418278260753426293e+05
3.906387065311101614e+05 8.879136675702124194e+03 1.469553266400418761e+04 1.469553721996178137e+04 7.845465904933125421e+04 1.367513766880976618e+04 1.084524389574357338e+05 1.658791903031033871e+05 2.530788255215152822e+04 1.469565768020018731e+04 3.015189308941707714e+05 9.684331226096001046e+04 1.979275062659266696e+05 1.469554859238389145e+04 1.376890184324490838e+05 1.469560754181585435e+04 1.469567092699102977e+04 4.053560398717187491e+04 4.651901075130637619e+05 5.713393652504780766e+04 1.469556966937077596e+04 1.469518500072149436e+04 2.418281421317652275e+05 4.665448019650525566e+03 1.469541624435975609e+04
3.922710626695453539e+05 2.357300762887308520e+04 9.853287102577297230e-01 1.161726738043617591e+00 8.148649501930286351e+04 9.389020495120641499e+03 1.084520591288765136e+05 1.658787293831307034e+05 4.000157919465866144e+04 1.142995037577354560e+04 3.015185230210155714e+05 9.695950803438373259e+04 1.979271181776352169e+05 1.256634667944779737e+00 1.376885958692522836e+05 1.143010240209402218e+04 1.142995095519207825e+04 5.175977668828077731e+04 4.668224417203078629e+05 6.611330541596478724e+04 1.143006842579546174e+04 7.310350484465485410e-01 2.418278260753426875e+05 1.469541624435975609e+04 5.375162319552487800e-01
