1.101999130723762210e+04 7.272886718646372901e+04 7.272902826337776787e+04 2.426245681666737655e+05 6.062259841302441600e+03 7.272856207785978040e+04 9.786385375268384814e+04 6.666856711132962664e+04 6.666850826349857380e+04 7.272929569936622283e+04 7.272892986949578335e+04 6.666815335903731466e+04 7.272904049061433761e+04 6.666821204729714373e+04 7.272917491951237025e+04 7.272898774106257770e+04 7.272861524065153208e+04 7.272888270024732628e+04 2.666684627491493011e+05 6.060858611518797261e+04 7.272914863128369325e+04 3.939548437207281677e+04 7.272934353244578233e+04 6.062173772265447951e+03 6.391394672490885569e+04
7.272886718646372901e+04 5.561331231801980302e-01 1.515761745150346451e+00 3.092907826698676217e+05 6.666845645429719298e+04 9.713912578440767609e-01 1.654942192029533617e+05 1.333350855592466833e+05 1.333348445133726054e+05 1.740965619202226700e+00 1.502352595449944594e+00 1.333348303030303214e+05 1.360798616009156969e+00 1.333350733616669313e+05 1.404264726943545760e+00 1.405624230324038493e+00 1.284947839046199691e+00 1.491945640585239818e+00 3.333347123845406459e+05 1.333352155085859704e+05 1.513734669808879829e+00 3.333481076457746531e+04 1.633172002770373332e+00 6.666830093208547623e+04 1.333348700726688839e+05
7.272902826337776787e+04 1.515761745150346451e+00 7.227447802765193385e-01 3.092910553170262720e+05 6.666859490215443657e+04 1.096790654676093713e+00 1.654946213064738549e+05 1.333351999192770163e+05 1.333351193938401120e+05 1.399242804792095507e+00 1.441987553103399877e+00 1.333349108108108048e+05 1.316659406194870874e+00 1.333352103892222804e+05 1.725317403915918923e+00 1.666288056335611500e+00 1.231292863069794796e+00 1.531810758911003045e+00 3.333349150508583407e+05 1.333355636430837621e+05 1.784948614394489042e+00 3.333496030982592492e+04 1.894084997118682612e+00 6.666841078924795147e+04 1.333352484262250655e+05
2.426245681666737655e+05 3.092907826698676217e+05 3.092910553170262720e+05 1.183103406596039131e+05 2.426247842711828998e+05 3.092906287431523670e+05 1.871189288566017058e+05 2.426248384654766414e+05 2.426243435035663133e+05 3.092912512671134900e+05 3.092911214786734781e+05 2.426246757346478698e+05 3.092909756091638119e+05 2.426247550226804742e+05 3.092909356728519197e+05 3.092910658754162141e+05 3.092909575902000070e+05 3.092910878426590934e+05 2.404546897567381675e+05 2.426244154968198563e+05 3.092913677130980650e+05 2.759577648586732685e+05 3.092909323720835382e+05 2.426245858713444322e+05 2.426240258648590243e+05
6.062259841302440691e+03 6.666845645429719298e+04 6.666859490215443657e+04 2.426247842711828998e+05 5.874988619482691687e-01 6.666815949690798880e+04 9.882775390848131792e+04 6.666821833435822919e+04 6.666868939016724471e+04 6.666828967723659298e+04 6.666822341448922816e+04 6.666830530095074209e+04 6.666859089314703306e+04 6.666817723443187424e+04 6.666824092141086294e+04 6.666802798146870919e+04 6.666762195746936777e+04 6.666846658464097709e+04 2.666681909090909176e+05 6.666885918064259749e+04 6.666824071301241929e+04 3.333494438168494526e+04 6.666837516540632350e+04 1.504002886302134412e+00 6.666898377332129166e+04
7.272856207785978040e+04 9.713912578440767609e-01 1.096790654676093713e+00 3.092906287431523670e+05 6.666815949690800335e+04 3.544667240598360913e-01 1.654939884434596461e+05 1.333347819247530715e+05 1.333346729580108949e+05 1.398092946070240039e+00 1.149093354805620137e+00 1.333345566229816759e+05 1.056187409811347067e+00 1.333347349790806184e+05 1.242009377759981659e+00 1.114898366082410330e+00 8.672004895834107829e-01 1.058719245282819799e+00 3.333345763032421237e+05 1.333350226372287434e+05 1.363113308114144662e+00 3.333441195830702054e+04 1.349764375714589626e+00 6.666800939707431826e+04 1.333346262970932003e+05
9.786385375268384814e+04 1.654942192029533617e+05 1.654946213064738549e+05 1.871189288566017058e+05 9.882775390848128882e+04 1.654939884434596461e+05 5.441205198835376359e+04 9.882762760897922271e+04 9.882765941029488749e+04 1.654943412454127974e+05 1.654946394353613432e+05 9.882797271922188520e+04 1.654944490142301074e+05 9.882773789093160303e+04 1.654937122616881970e+05 1.654938695108464162e+05 1.654938240962216805e+05 1.654945877135798801e+05 2.660834235302103916e+05 8.822112657182772818e+04 1.654942140645669424e+05 1.321611809373416181e+05 1.654937968679493933e+05 9.882775931710998702e+04 9.400663241873666993e+04
6.666856711132962664e+04 1.333350855592466833e+05 1.333351999192770163e+05 2.426248384654766414e+05 6.666821833435822919e+04 1.333347819247530424e+05 9.882762760897922271e+04 9.073853678565565462e-01 6.666885577549684967e+04 1.333349794230181433e+05 1.333351551112579473e+05 6.666851548021535564e+04 1.333351933481268643e+05 1.623318781251473775e+00 1.333347995788152621e+05 1.333346613077941583e+05 1.333344293848316011e+05 1.333351656692091201e+05 2.666681791083916323e+05 6.666884027948566654e+04 1.333348025787443621e+05 1.000018308063020086e+05 1.333349541488126561e+05 6.666845586944639217e+04 4.848721142532894737e+04
6.666850826349857380e+04 1.333348445133726054e+05 1.333351193938401120e+05 2.426243435035663133e+05 6.666868939016724471e+04 1.333346729580108949e+05 9.882765941029488749e+04 6.666885577549684967e+04 7.571344364079096723e-01 1.333354422343178303e+05 1.333351135730828100e+05 1.854088246165383369e+00 1.333349873659212026e+05 6.666887292523430369e+04 1.333349940955241036e+05 1.333349580910461373e+05 1.333349156468817673e+05 1.333351754132231581e+05 2.666682527629233664e+05 6.666855458811316930e+04 1.333352507837871672e+05 1.000016411966902961e+05 1.333350609935890534e+05 6.666859162699220178e+04 4.848655650221914402e+04
7.272929569936622283e+04 1.740965619202226700e+00 1.399242804792095507e+00 3.092912512671134900e+05 6.666828967723659298e+04 1.398092946070240039e+00 1.654943412454127974e+05 1.333349794230181433e+05 1.333354422343178303e+05 4.994668644766190324e-01 1.745370658594016522e+00 1.333352287878787902e+05 1.545647421576074709e+00 1.333349560719904839e+05 1.432057073566115335e+00 1.387306210207630119e+00 9.298985039600095037e-01 1.781853167410874184e+00 3.333346051652893075e+05 1.333352908415684942e+05 1.538792063236688712e+00 3.333523023063038272e+04 1.570642270337887059e+00 6.666843133116883109e+04 1.333354923785535211e+05
7.272892986949578335e+04 1.502352595449944594e+00 1.441987553103399877e+00 3.092911214786734781e+05 6.666822341448922816e+04 1.149093354805620137e+00 1.654946394353613432e+05 1.333351551112579473e+05 1.333351135730828100e+05 1.745370658594016522e+00 6.821545151726129408e-01 1.333347660063253425e+05 1.583634114802946025e+00 1.333351071538372198e+05 1.773727837966384113e+00 1.563923812754452580e+00 1.221575355622432024e+00 1.435237795057333399e+00 3.333350203330093063e+05 1.333356476439491089e+05 1.809105869592524174e+00 3.333475348798590130e+04 1.893847508011469394e+00 6.666841195815193350e+04 1.333353274653571716e+05
6.666815335903731466e+04 1.333348303030303214e+05 1.333349108108108048e+05 2.426246757346478698e+05 6.666830530095074209e+04 1.333345566229816759e+05 9.882797271922185610e+04 6.666851548021535564e+04 1.854088246165383591e+00 1.333352287878787902e+05 1.333347660063253425e+05 5.436665134370023411e-01 1.333349104895105120e+05 6.666857832141642575e+04 1.333350551883282023e+05 1.333348351902081049e+05 1.333346874058198009e+05 1.333349413065077097e+05 2.666685424242424197e+05 6.666922976190476038e+04 1.333350427229677443e+05 1.000014680594958481e+05 1.333352469696969783e+05 6.666832218037691200e+04 4.848697133232440683e+04
7.272904049061433761e+04 1.360798616009156969e+00 1.316659406194870874e+00 3.092909756091638119e+05 6.666859089314703306e+04 1.056187409811347067e+00 1.654944490142301074e+05 1.333351933481268643e+05 1.333349873659212026e+05 1.545647421576074709e+00 1.583634114802946025e+00 1.333349104895105120e+05 7.151241673499898477e-01 1.333351487923105888e+05 1.554730324468338365e+00 1.442396981005259704e+00 1.250839620417096176e+00 1.518397214257604100e+00 3.333348959631277830e+05 1.333353697882542619e+05 1.607424524891029050e+00 3.333490183961196453e+04 1.595186472554693147e+00 6.666845189732142899e+04 1.333349744014962343e+05
6.666821204729714373e+04 1.333350733616669313e+05 1.333352103892222804e+05 2.426247550226804742e+05 6.666817723443187424e+04 1.333347349790806184e+05 9.882773789093160303e+04 1.623318781251473553e+00 6.666887292523430369e+04 1.333349560719904839e+05 1.333351071538372198e+05 6.666857832141642575e+04 1.333351487923105888e+05 5.400041039940729481e-01 1.333347665624049550e+05 1.333345742826205678e+05 1.333343879049827810e+05 1.333351845461293706e+05 2.666680757575757452e+05 6.666888888813281665e+04 1.333347580584132520e+05 1.000017600316845055e+05 1.333349748192082334e+05 6.666839539971214253e+04 4.848730740710616374e+04
7.272917491951237025e+04 1.404264726943545760e+00 1.725317403915918923e+00 3.092909356728518615e+05 6.666824092141086294e+04 1.242009377759981659e+00 1.654937122616881970e+05 1.333347995788152621e+05 1.333349940955241036e+05 1.432057073566115335e+00 1.773727837966384113e+00 1.333350551883282023e+05 1.554730324468338365e+00 1.333347665624049550e+05 5.195068000949590870e-01 9.295823461853185421e-01 9.520544740725174204e-01 1.724020961097486593e+00 3.333342685950413579e+05 1.333347058750527794e+05 1.224454618044377829e+00 3.333506449991226691e+04 1.126691778013848566e+00 6.666829673020158953e+04 1.333349880394543579e+05
7.272898774106257770e+04 1.405624230324038493e+00 1.666288056335611500e+00 3.092910658754161559e+05 6.666802798146870919e+04 1.114898366082410552e+00 1.654938695108464162e+05 1.333346613077941583e+05 1.333349580910461373e+05 1.387306210207630119e+00 1.563923812754452580e+00 1.333348351902081049e+05 1.442396981005259704e+00 1.333345742826205678e+05 9.295823461853182090e-01 4.482732915547280039e-01 8.312401160265989741e-01 1.607442321656681106e+00 3.333344642602495733e+05 1.333349074096725963e+05 1.111903632319940050e+00 3.333486485514516244e+04 1.211831969061503811e+00 6.666822655581623258e+04 1.333350954992624756e+05
7.272861524065153208e+04 1.284947839046199691e+00 1.231292863069795240e+00 3.092909575902000070e+05 6.666762195746936777e+04 8.672004895834107829e-01 1.654938240962216805e+05 1.333344293848316011e+05 1.333349156468817673e+05 9.298985039600095037e-01 1.221575355622432024e+00 1.333346874058198009e+05 1.250839620417096176e+00 1.333343879049827810e+05 9.520544740725174204e-01 8.312401160265989741e-01 3.058690930138301955e-01 1.231079836650380566e+00 3.333343359345200588e+05 1.333348642037986720e+05 1.030752847922324467e+00 3.333459963796982629e+04 1.061224489692643047e+00 6.666775519307961804e+04 1.333350186181922618e+05
7.272888270024732628e+04 1.491945640585239818e+00 1.531810758911003045e+00 3.092910878426590934e+05 6.666846658464097709e+04 1.058719245282819799e+00 1.654945877135798801e+05 1.333351656692091201e+05 1.333351754132231581e+05 1.781853167410874184e+00 1.435237795057333399e+00 1.333349413065077097e+05 1.518397214257604100e+00 1.333351845461293706e+05 1.724020961097486593e+00 1.607442321656680884e+00 1.231079836650380344e+00 5.736111421846994407e-01 3.333350014462810359e+05 1.333356352950451837e+05 1.689961204162625075e+00 3.333452838599207462e+04 1.839850158010903680e+00 6.666841907188066398e+04 1.333352795207227755e+05
2.666684627491493011e+05 3.333347123845406459e+05 3.333349150508583407e+05 2.404546897567381384e+05 2.666681909090909176e+05 3.333345763032421237e+05 2.660834235302103916e+05 2.666681791083916323e+05 2.666682527629233664e+05 3.333346051652893075e+05 3.333350203330093063e+05 2.666685424242424197e+05 3.333348959631277830e+05 2.666680757575757452e+05 3.333342685950413579e+05 3.333344642602495733e+05 3.333343359345200588e+05 3.333350014462810359e+05 8.825490981163883407e+04 2.666678378787878901e+05 3.333347319559229072e+05 3.000017000000001281e+05 3.333342980292434804e+05 2.666682666666666628e+05 2.666680037296037190e+05
6.060858611518795806e+04 1.333352155085859704e+05 1.333355636430837621e+05 2.426244154968198854e+05 6.666885918064259749e+04 1.333350226372287434e+05 8.822112657182772818e+04 6.666884027948566654e+04 6.666855458811316930e+04 1.333352908415684942e+05 1.333356476439491089e+05 6.666922976190476038e+04 1.333353697882542619e+05 6.666888888813281665e+04 1.333347058750527794e+05 1.333349074096725963e+05 1.333348642037986720e+05 1.333356352950451837e+05 2.666678378787878901e+05 8.685471511457223404e-01 1.333351875968999811e+05 1.000022687368906627e+05 1.333348395909736573e+05 6.666894439393155335e+04 3.636556850509096694e+04
7.272914863128369325e+04 1.513734669808879829e+00 1.784948614394489042e+00 3.092913677130980068e+05 6.666824071301241929e+04 1.363113308114144440e+00 1.654942140645669133e+05 1.333348025787443330e+05 1.333352507837871672e+05 1.538792063236688712e+00 1.809105869592523952e+00 1.333350427229677443e+05 1.607424524891029050e+00 1.333347580584132229e+05 1.224454618044377829e+00 1.111903632319940272e+00 1.030752847922324467e+00 1.689961204162625075e+00 3.333347319559229072e+05 1.333351875968999811e+05 6.848354598814565541e-01 3.333500597992822441e+04 1.478471437870520599e+00 6.666838791604230937e+04 1.333354044761922851e+05
3.939548437207282404e+04 3.333481076457747258e+04 3.333496030982593220e+04 2.759577648586732685e+05 3.333494438168495253e+04 3.333441195830702054e+04 1.321611809373416472e+05 1.000018308063020086e+05 1.000016411966903252e+05 3.333523023063039000e+04 3.333475348798591585e+04 1.000014680594958481e+05 3.333490183961197181e+04 1.000017600316845055e+05 3.333506449991227419e+04 3.333486485514516971e+04 3.333459963796983357e+04 3.333452838599208917e+04 3.000017000000001281e+05 1.000022687368906627e+05 3.333500597992822441e+04 3.333394185635610484e+04 3.333516155384480953e+04 3.333496961142338841e+04 1.000018916495885642e+05
7.272934353244578233e+04 1.633172002770373332e+00 1.894084997118682612e+00 3.092909323720835382e+05 6.666837516540632350e+04 1.349764375714589626e+00 1.654937968679493933e+05 1.333349541488126561e+05 1.333350609935890534e+05 1.570642270337887059e+00 1.893847508011469394e+00 1.333352469696969783e+05 1.595186472554693147e+00 1.333349748192082334e+05 1.126691778013848566e+00 1.211831969061503589e+00 1.061224489692643047e+00 1.839850158010903680e+00 3.333342980292434804e+05 1.333348395909736573e+05 1.478471437870520822e+00 3.333516155384480953e+04 5.464860413643440884e-01 6.666840760661578679e+04 1.333350675064486568e+05
6.062173772265447951e+03 6.666830093208547623e+04 6.666841078924795147e+04 2.426245858713444613e+05 1.504002886302134856e+00 6.666800939707431826e+04 9.882775931711000158e+04 6.666845586944639217e+04 6.666859162699220178e+04 6.666843133116883109e+04 6.666841195815193350e+04 6.666832218037691200e+04 6.666845189732142899e+04 6.666839539971214253e+04 6.666829673020158953e+04 6.666822655581623258e+04 6.666775519307961804e+04 6.666841907188066398e+04 2.666682666666666628e+05 6.666894439393155335e+04 6.666838791604230937e+04 3.333496961142338114e+04 6.666840760661578679e+04 7.375437512196169054e-01 6.666878521860761975e+04
6.391394672490885569e+04 1.333348700726688839e+05 1.333352484262250655e+05 2.426240258648589661e+05 6.666898377332127711e+04 1.333346262970932003e+05 9.400663241873669904e+04 4.848721142532896192e+04 4.848655650221913675e+04 1.333354923785535211e+05 1.333353274653571716e+05 4.848697133232439955e+04 1.333349744014962052e+05 4.848730740710616374e+04 1.333349880394543579e+05 1.333350954992624756e+05 1.333350186181922618e+05 1.333352795207227755e+05 2.666680037296037190e+05 3.636556850509096694e+04 1.333354044761922851e+05 1.000018916495885496e+05 1.333350675064486568e+05 6.666878521860761975e+04 4.297590171842459677e+04
