6.598922307470174164e-01 4.545653257695996581e+04 1.734346545505409676e+00 1.598170068582049907e+00 6.307822464440321783e+05 1.099165625283399894e+00 1.804344521535509557e+05 1.753579641371519671e+00 5.515065501395935426e+05 9.091123923365154769e+04 1.855452227430419043e+00 2.727292101302854135e+05 1.320875782827586109e+00 1.843324272079143400e+00 9.091121590098537854e+04 1.653084428887880858e+04 1.767503448035915081e+00 6.060798486334093468e+04 4.545659912965345575e+04 1.478603699292560858e+00 1.482132647616860366e+00 3.500792087671240442e+05 9.091110912687053496e+04 1.825006580707738024e+00 1.724796189548301273e+00
4.545653257695996581e+04 5.855068528341218492e-01 4.545680276644845435e+04 4.545680738334497437e+04 6.307823836580087664e+05 4.545603000211479230e+04 1.783690201486247825e+05 4.545684630005450890e+04 5.515067950583427446e+05 9.091178416021665907e+04 4.545678112385598070e+04 2.727296036705042934e+05 4.545596798464495805e+04 4.545661073378474248e+04 9.091146224388630071e+04 2.892728995680121807e+04 4.545675681261751743e+04 1.515340480831385503e+04 1.325974187298489593e+00 4.545642279138715821e+04 4.545645098385836900e+04 3.500792621201945585e+05 9.091142821573738183e+04 4.545672314999913215e+04 4.545687954077220638e+04
1.734346545505409676e+00 4.545680276644845435e+04 5.743382306678398441e-01 1.697854755134904581e+00 6.307821668636911782e+05 1.182062528159155912e+00 1.804344589034086966e+05 1.429141579527700934e+00 5.515065059431393165e+05 9.091137307296706422e+04 2.098731616972122627e+00 2.727291862881383277e+05 1.475441589674097331e+00 1.746815665277264173e+00 9.091130266354157357e+04 1.653107536036519741e+04 1.975488681279185643e+00 6.060829435281801125e+04 4.545674046158870624e+04 1.525865492416335290e+00 1.580475443645257494e+00 3.500789184267448727e+05 9.091130649751833698e+04 1.796822615878016283e+00 1.744921282887561320e+00
1.598170068582049907e+00 4.545680738334497437e+04 1.697854755134904581e+00 6.541105777067756089e-01 6.307823207521645818e+05 1.256576787670403483e+00 1.804344894897516933e+05 1.716143445405360568e+00 5.515066683848944958e+05 9.091144764997008315e+04 1.864980556257935795e+00 2.727291415921530570e+05 1.572761493889667683e+00 1.705023566039279181e+00 9.091142996670136927e+04 1.653103574305114671e+04 2.056443865534072213e+00 6.060828834886685945e+04 4.545680082714906166e+04 1.548977670042464228e+00 1.623584151239731543e+00 3.500791063230818254e+05 9.091122661305039946e+04 1.983210399525243695e+00 1.707758751576198719e+00
6.307822464440321783e+05 6.307823836580087664e+05 6.307821668636911782e+05 6.307823207521645818e+05 1.197258444804080063e+05 6.307822343937995611e+05 5.529585019331492949e+05 6.307822617571823066e+05 2.970958645616217400e+05 5.853277383015499217e+05 6.307824182127397507e+05 4.944187848555405508e+05 6.307821296985797817e+05 6.307822472943724133e+05 5.853277956788901938e+05 6.307824545819293708e+05 6.307824963538446464e+05 6.156310539731506724e+05 6.307825866960420972e+05 6.307821742135774111e+05 6.307821932482722914e+05 4.235490037192705786e+05 5.853278652017804561e+05 6.307823468485879712e+05 6.307823608727582032e+05
1.099165625283399894e+00 4.545603000211479230e+04 1.182062528159155912e+00 1.256576787670403483e+00 6.307822343937995611e+05 3.015704703992460600e-01 1.804341906373138772e+05 1.296984900440747213e+00 5.515063978899958311e+05 9.091086670534881705e+04 1.332316508473701422e+00 2.727288559342664666e+05 8.067260393334313440e-01 1.298279247745499632e+00 9.091081422149698483e+04 1.653037620729190530e+04 1.236299745977291975e+00 6.060767950837188982e+04 4.545605179393565049e+04 8.969213061876986082e-01 1.013166902058903363e+00 3.500787833975209505e+05 9.091064486455474980e+04 1.349231634836493443e+00 1.243828023410926020e+00
1.804344521535509557e+05 1.783690201486247825e+05 1.804344589034086966e+05 1.804344894897516933e+05 5.529585019331492949e+05 1.804341906373138772e+05 1.012110223043094738e+05 1.804344861878908414e+05 4.736827483190878993e+05 1.163848827076128218e+05 1.804347035967115662e+05 1.363956712515740073e+05 1.804344339156262868e+05 1.804346743752572511e+05 1.163852372391133686e+05 1.796835152706987865e+05 1.804347822620128281e+05 1.632174833716958528e+05 1.783689859503229090e+05 1.804342158644120209e+05 1.804344260168262408e+05 2.461465364649274561e+05 1.163851652088799019e+05 1.804348093685465283e+05 1.804344382595038041e+05
1.753579641371519671e+00 4.545684630005450890e+04 1.429141579527700934e+00 1.716143445405360790e+00 6.307822617571823066e+05 1.296984900440747213e+00 1.804344861878908414e+05 7.266095728416962496e-01 5.515065524243104737e+05 9.091145371706348669e+04 2.186864950126104823e+00 2.727291579334063572e+05 1.534101727577309449e+00 1.800568665474929331e+00 9.091138902080515982e+04 1.653117333566440720e+04 1.996193626082632733e+00 6.060822302387015952e+04 4.545685875744928489e+04 1.524491487398237144e+00 1.688959668543742243e+00 3.500790764496375923e+05 9.091133574129320914e+04 1.779371554822887669e+00 1.831414635791606349e+00
5.515065501395935426e+05 5.515067950583428610e+05 5.515065059431393165e+05 5.515066683848944958e+05 2.970958645616217982e+05 5.515063978899958311e+05 4.736827483190878993e+05 5.515065524243104737e+05 1.186860050358851877e+05 5.060520925958247972e+05 5.515067135962687898e+05 4.151428800031073624e+05 5.515064510838923743e+05 5.515066365795541788e+05 5.060521316567465547e+05 5.515068029267967213e+05 5.515067256041022483e+05 5.363553580946516013e+05 5.515068508875489933e+05 5.515064372336063534e+05 5.515065195859121159e+05 3.467082955005595577e+05 5.060520721013715956e+05 5.515067374175053556e+05 5.515064695697326679e+05
9.091123923365154769e+04 9.091178416021665907e+04 9.091137307296706422e+04 9.091144764997008315e+04 5.853277383015499217e+05 9.091086670534881705e+04 1.163848827076128218e+05 9.091145371706348669e+04 5.060520925958247972e+05 1.102601239900627084e+00 9.091142308600500110e+04 2.272752810100192728e+05 9.091108167305061943e+04 9.091174084110055992e+04 2.370809510538632647e+00 9.091162160684118862e+04 9.091154608576980536e+04 7.576047254114534007e+04 9.091190046819736017e+04 9.091092901613473077e+04 9.091113903958248557e+04 3.046250680040818988e+05 2.022962231751837869e+00 9.091157719939568778e+04 9.091146672705146193e+04
1.855452227430419043e+00 4.545678112385598070e+04 2.098731616972122627e+00 1.864980556257935795e+00 6.307824182127397507e+05 1.332316508473701422e+00 1.804347035967115662e+05 2.186864950126104823e+00 5.515067135962687898e+05 9.091142308600500110e+04 7.300602190614646769e-01 2.727295254858319531e+05 1.615269306875110722e+00 2.036626085349895643e+00 9.091154733610259427e+04 1.653091443410994179e+04 1.783531126767055941e+00 6.060840808590686356e+04 4.545688519483439450e+04 1.711907500068963417e+00 1.823517868664124242e+00 3.500794244353595423e+05 9.091138563833663648e+04 1.907661365212036886e+00 2.043536731966439923e+00
2.727292101302854135e+05 2.727296036705042934e+05 2.727291862881383859e+05 2.727291415921530570e+05 4.944187848555405508e+05 2.727288559342664666e+05 1.363956712515740073e+05 2.727291579334063572e+05 4.151428800031073624e+05 2.272752810100192728e+05 2.727295254858319531e+05 2.414861594045257880e+04 2.727290855306017329e+05 2.727292511019351659e+05 2.272750914030378335e+05 2.727294434313130914e+05 2.727293380725572933e+05 2.575779065266122925e+05 2.727295743559526163e+05 2.727291018470461713e+05 2.727290662857419811e+05 1.636425377327826864e+05 2.272751344608135696e+05 2.727293779330437537e+05 2.727292905899300822e+05
1.320875782827586553e+00 4.545596798464495805e+04 1.475441589674097331e+00 1.572761493889667683e+00 6.307821296985797817e+05 8.067260393334313440e-01 1.804344339156262577e+05 1.534101727577309893e+00 5.515064510838923743e+05 9.091108167305061943e+04 1.615269306875110722e+00 2.727290855306017329e+05 5.516713794718633990e-01 1.547452603718360908e+00 9.091088941757511930e+04 1.653044350157964800e+04 1.582454397850017624e+00 6.060768758897623047e+04 4.545606732809382083e+04 1.096161046027766428e+00 1.173452640734003793e+00 3.500789831667630351e+05 9.091085591391146590e+04 1.551204575894845838e+00 1.615269572283844157e+00
1.843324272079143400e+00 4.545661073378474248e+04 1.746815665277264173e+00 1.705023566039279181e+00 6.307822472943724133e+05 1.298279247745499632e+00 1.804346743752572511e+05 1.800568665474929331e+00 5.515066365795540623e+05 9.091174084110055992e+04 2.036626085349895643e+00 2.727292511019351659e+05 1.547452603718360908e+00 8.783506601535028269e-01 9.091154934695099655e+04 1.653085620707623821e+04 2.039691241057259408e+00 6.060832161151889886e+04 4.545664352406792023e+04 1.694322227859241803e+00 1.655179082957958681e+00 3.500790897765478585e+05 9.091145975919939519e+04 1.809430876925258058e+00 1.645684541910640952e+00
9.091121590098537854e+04 9.091146224388630071e+04 9.091130266354157357e+04 9.091142996670136927e+04 5.853277956788901938e+05 9.091081422149698483e+04 1.163852372391133686e+05 9.091138902080515982e+04 5.060521316567464964e+05 2.370809510538632647e+00 9.091154733610259427e+04 2.272750914030378335e+05 9.091088941757511930e+04 9.091154934695099655e+04 9.446163375339328150e-01 9.091149882672341482e+04 9.091156212906136352e+04 7.575989511147289886e+04 9.091147269672199036e+04 9.091088840047871054e+04 9.091079641193452699e+04 3.046249308016209397e+05 1.874663360769020182e+00 9.091136593646266556e+04 9.091147423528267245e+04
1.653084428887880858e+04 2.892728995680122171e+04 1.653107536036519741e+04 1.653103574305115035e+04 6.307824545819293708e+05 1.653037620729190894e+04 1.796835152706987865e+05 1.653117333566440720e+04 5.515068029267967213e+05 9.091162160684118862e+04 1.653091443410994179e+04 2.727294434313130914e+05 1.653044350157965164e+04 1.653085620707623821e+04 9.091149882672341482e+04 2.103753930425769431e+04 1.653101167384757719e+04 4.407897459744391381e+04 2.892741127429477638e+04 1.653070712064884356e+04 1.653069143387678196e+04 3.500792510255179950e+05 9.091137305345683126e+04 1.653105394189902654e+04 1.653107082515837828e+04
1.767503448035915081e+00 4.545675681261751743e+04 1.975488681279185643e+00 2.056443865534072213e+00 6.307824963538446464e+05 1.236299745977291975e+00 1.804347822620128281e+05 1.996193626082632733e+00 5.515067256041022483e+05 9.091154608576980536e+04 1.783531126767055941e+00 2.727293380725572351e+05 1.582454397850017624e+00 2.039691241057259408e+00 9.091156212906136352e+04 1.653101167384757719e+04 6.035566524160370649e-01 6.060830893358001777e+04 4.545686135970895702e+04 1.810638769467756815e+00 1.843031723384706888e+00 3.500793751098639332e+05 9.091147448302408156e+04 1.890107515411034944e+00 1.939134694275775672e+00
6.060798486334093468e+04 1.515340480831385503e+04 6.060829435281801125e+04 6.060828834886685945e+04 6.156310539731506724e+05 6.060767950837188982e+04 1.632174833716958528e+05 6.060822302387015952e+04 5.363553580946516013e+05 7.576047254114534007e+04 6.060840808590686356e+04 2.575779065266122343e+05 6.060768758897623047e+04 6.060832161151889886e+04 7.575989511147289886e+04 4.407897459744389926e+04 6.060830893358001777e+04 2.020309432953315627e+04 1.515335552000384087e+04 6.060801093520583527e+04 6.060790515513298305e+04 3.349279161665666034e+05 7.575993511635930918e+04 6.060821740254091856e+04 6.060836231129635416e+04
4.545659912965345575e+04 1.325974187298489593e+00 4.545674046158870624e+04 4.545680082714906166e+04 6.307825866960420972e+05 4.545605179393565049e+04 1.783689859503229090e+05 4.545685875744928489e+04 5.515068508875489933e+05 9.091190046819736017e+04 4.545688519483439450e+04 2.727295743559526163e+05 4.545606732809382083e+04 4.545664352406792023e+04 9.091147269672199036e+04 2.892741127429477274e+04 4.545686135970895702e+04 1.515335552000384087e+04 7.681672487185294829e-01 4.545639831916832190e+04 4.545643222023382987e+04 3.500793277588007622e+05 9.091143205306660093e+04 4.545680410278317868e+04 4.545674928763791104e+04
1.478603699292560858e+00 4.545642279138715821e+04 1.525865492416335290e+00 1.548977670042464228e+00 6.307821742135774111e+05 8.969213061876986082e-01 1.804342158644120209e+05 1.524491487398237144e+00 5.515064372336063534e+05 9.091092901613473077e+04 1.711907500068963639e+00 2.727291018470461713e+05 1.096161046027766650e+00 1.694322227859241581e+00 9.091088840047871054e+04 1.653070712064884356e+04 1.810638769467756815e+00 6.060801093520583527e+04 4.545639831916832190e+04 5.663189838809609133e-01 1.230716555253219546e+00 3.500789980794239673e+05 9.091071646312598023e+04 1.636287768869464365e+00 1.679736957470597369e+00
1.482132647616860366e+00 4.545645098385836900e+04 1.580475443645257272e+00 1.623584151239731543e+00 6.307821932482722914e+05 1.013166902058903585e+00 1.804344260168262408e+05 1.688959668543742243e+00 5.515065195859121159e+05 9.091113903958248557e+04 1.823517868664124242e+00 2.727290662857419811e+05 1.173452640734003793e+00 1.655179082957958681e+00 9.091079641193452699e+04 1.653069143387677468e+04 1.843031723384706888e+00 6.060790515513298305e+04 4.545643222023382987e+04 1.230716555253219546e+00 5.315835673662450134e-01 3.500790258640889078e+05 9.091085941758388071e+04 1.699860564596433754e+00 1.753551286292717615e+00
3.500792087671240442e+05 3.500792621201946167e+05 3.500789184267448727e+05 3.500791063230818254e+05 4.235490037192705786e+05 3.500787833975209505e+05 2.461465364649274852e+05 3.500790764496375923e+05 3.467082955005595577e+05 3.046250680040819570e+05 3.500794244353595423e+05 1.636425377327827155e+05 3.500789831667630351e+05 3.500790897765479167e+05 3.046249308016209397e+05 3.500792510255179950e+05 3.500793751098639914e+05 3.349279161665666034e+05 3.500793277588007622e+05 3.500789980794239673e+05 3.500790258640889078e+05 1.513013004381968349e+05 3.046249056076314882e+05 3.500792848325723899e+05 3.500791298270343104e+05
9.091110912687053496e+04 9.091142821573738183e+04 9.091130649751833698e+04 9.091122661305039946e+04 5.853278652017804561e+05 9.091064486455474980e+04 1.163851652088799019e+05 9.091133574129320914e+04 5.060520721013715956e+05 2.022962231751837869e+00 9.091138563833663648e+04 2.272751344608135696e+05 9.091085591391146590e+04 9.091145975919939519e+04 1.874663360769020182e+00 9.091137305345683126e+04 9.091147448302408156e+04 7.575993511635930918e+04 9.091143205306660093e+04 9.091071646312598023e+04 9.091085941758388071e+04 3.046249056076314882e+05 7.660872338068306364e-01 9.091140063369389100e+04 9.091130672990111634e+04
1.825006580707738246e+00 4.545672314999913215e+04 1.796822615878016505e+00 1.983210399525243695e+00 6.307823468485879712e+05 1.349231634836493443e+00 1.804348093685465283e+05 1.779371554822887669e+00 5.515067374175053556e+05 9.091157719939568778e+04 1.907661365212036886e+00 2.727293779330436955e+05 1.551204575894845838e+00 1.809430876925258058e+00 9.091136593646266556e+04 1.653105394189902654e+04 1.890107515411034944e+00 6.060821740254091856e+04 4.545680410278317868e+04 1.636287768869464365e+00 1.699860564596433976e+00 3.500792848325723317e+05 9.091140063369389100e+04 7.116622137675270299e-01 2.034348474084717306e+00
1.724796189548301051e+00 4.545687954077220638e+04 1.744921282887561098e+00 1.707758751576198719e+00 6.307823608727582032e+05 1.243828023410926020e+00 1.804344382595038041e+05 1.831414635791606349e+00 5.515064695697326679e+05 9.091146672705146193e+04 2.043536731966439923e+00 2.727292905899300822e+05 1.615269572283844157e+00 1.645684541910641174e+00 9.091147423528267245e+04 1.653107082515837828e+04 1.939134694275775672e+00 6.060836231129635416e+04 4.545674928763791104e+04 1.679736957470597369e+00 1.753551286292717837e+00 3.500791298270341940e+05 9.091130672990111634e+04 2.034348474084717306e+00 6.293771873758433610e-01
