2.308450138037435681e+04 9.047786028372413421e+04 1.304777491238058719e+05 1.304781180943171785e+05 1.304781173174519645e+05 1.304781729888084083e+05 1.846773218345472997e+05 1.304782931197930884e+05 1.304780436239501287e+05 1.304779254298165179e+05 5.950887475665110396e+05 1.304783016617968678e+05 9.047776793197283405e+04 4.563892524916375987e+05 1.304781369994595734e+05 1.104780156709029980e+05 5.047764863916859758e+04 1.304780885093894904e+05 1.304782559915228485e+05 6.952549035066859506e+04 9.915534586202328501e+04 1.304780838051349274e+05 3.576487685507127317e+05 2.386288474921634188e+05 3.523960900388063601e+04
9.047786028372411965e+04 6.064308287496011918e-01 8.000122262437808968e+04 4.000170675889509585e+04 8.000159444450146111e+04 4.000174387852994550e+04 2.218198585943347134e+05 8.000162448171287542e+04 6.000134436311592435e+04 8.000130656892937259e+04 5.950885042186677456e+05 8.000162785396227264e+04 1.164700876536329588e+00 4.563888889778510784e+05 8.000169739180435135e+04 2.000117660695648010e+04 4.000143789755630132e+04 4.000184818115179223e+04 8.000174700125120580e+04 1.600015732345725992e+05 1.822238132691882784e+05 4.000179829127464473e+04 3.576485126427028445e+05 2.545471354614868760e+05 1.257158289086762961e+05
1.304777491238058865e+05 8.000122262437808968e+04 4.232059507129217191e-01 4.000133010985737928e+04 1.193537383890477255e+00 4.000121067819566815e+04 2.618195278729628189e+05 1.434035413667448244e+00 2.000091708248186114e+04 1.009836750577705056e+00 6.350883543736533029e+05 1.409167747363159418e+00 8.000091286899209081e+04 4.963887834477112629e+05 1.292801895727909045e+00 6.000123567918951449e+04 8.000146804547858483e+04 4.000121702023172838e+04 1.272293653563574933e+00 2.000014810159300396e+05 2.222236177113196172e+05 4.000124230334057938e+04 3.976483563113977434e+05 2.945468758189391228e+05 1.657158617639472359e+05
1.304781180943171785e+05 4.000170675889509585e+04 4.000133010985737928e+04 5.121587531790188219e-01 4.000153397706602846e+04 1.341849484124198355e+00 2.618200559422622900e+05 4.000178685657883034e+04 2.000124142854478487e+04 4.000162466042023880e+04 6.350884908545557410e+05 4.000173046052733116e+04 4.000156015820259199e+04 4.963890026115759392e+05 4.000166618186000414e+04 2.000159727521921741e+04 8.000193903932522517e+04 1.379076622701173038e+00 4.000173443150144158e+04 2.000018182917592349e+05 2.222241044591619866e+05 1.385885235027219275e+00 3.976486157628527726e+05 2.945472930050407886e+05 1.657162021180274314e+05
1.304781173174519645e+05 8.000159444450146111e+04 1.193537383890477255e+00 4.000153397706602846e+04 5.660819949951715335e-01 4.000163939459118410e+04 2.618199462235509418e+05 1.624054310179100069e+00 2.000135162485393084e+04 1.365659866952271262e+00 6.350884022831270704e+05 1.663867046356862778e+00 8.000147973613644717e+04 4.963888975398454349e+05 1.550087285380671309e+00 6.000151372090591030e+04 8.000174849922765861e+04 4.000164381159051845e+04 1.510271051038480250e+00 2.000017416579430283e+05 2.222240263060581055e+05 4.000164898676477605e+04 3.976484958664794685e+05 2.945472552857098053e+05 1.657160351338379551e+05
1.304781729888083792e+05 4.000174387852994550e+04 4.000121067819566815e+04 1.341849484124198355e+00 4.000163939459118410e+04 5.458286181065140630e-01 2.618199231966272346e+05 4.000187083982747572e+04 2.000131402161581354e+04 4.000149276335622562e+04 6.350885037116985768e+05 4.000173301928010187e+04 4.000151505668927712e+04 4.963889766610449296e+05 4.000159742229973199e+04 2.000158195436445021e+04 8.000197282180703769e+04 1.355150109355137911e+00 4.000164639508452819e+04 2.000018652172651491e+05 2.222240385518623225e+05 1.309426351158949897e+00 3.976486150150271715e+05 2.945471787472490105e+05 1.657162713265305501e+05
1.846773218345472997e+05 2.218198585943347134e+05 2.618195278729628189e+05 2.618200559422622900e+05 2.618199462235509418e+05 2.618199231966272346e+05 1.983556115420825881e+04 2.618201452189203119e+05 2.618196066074755217e+05 2.618197844627514714e+05 4.992208125994283473e+05 2.618200762130072399e+05 2.218197141977655701e+05 3.763891841159603791e+05 2.618200749878555071e+05 2.418199199752096029e+05 2.218200969540832448e+05 2.618199647237766476e+05 2.618200311251227104e+05 1.418202815170546237e+05 9.737562139990537253e+04 2.618199750835053273e+05 2.776487855963697075e+05 9.733218023575014377e+04 1.761059977450248552e+05
1.304782931197930884e+05 8.000162448171287542e+04 1.434035413667448244e+00 4.000178685657883034e+04 1.624054310179100069e+00 4.000187083982747572e+04 2.618201452189203119e+05 5.950740758799275554e-01 2.000152500495655113e+04 1.657220240753106255e+00 6.350886308545557549e+05 1.504601612358053009e+00 8.000169915158343792e+04 4.963891533671058714e+05 1.357362407794466153e+00 6.000156018994571787e+04 8.000190203692675277e+04 4.000189726895585045e+04 1.405549060375381742e+00 2.000019626776261139e+05 2.222241388188526325e+05 4.000181762990458810e+04 3.976487911554983584e+05 2.945473883508414146e+05 1.657161942474867683e+05
1.304780436239501287e+05 6.000134436311592435e+04 2.000091708248186114e+04 2.000124142854478487e+04 2.000135162485393084e+04 2.000131402161581354e+04 2.618196066074754926e+05 2.000152500495655113e+04 2.000042725255529149e+04 2.000128219851689573e+04 6.350883508545556106e+05 2.000150443694802743e+04 6.000124569567057188e+04 4.963888129865785595e+05 2.000151754469559819e+04 4.000126954115690023e+04 8.000171590620042116e+04 2.000135828071973083e+04 2.000143845945500289e+04 2.000016364064373483e+05 2.222237611538257042e+05 2.000134059106485074e+04 3.976483967044120072e+05 2.945469753248208435e+05 1.657159205800319905e+05
1.304779254298165179e+05 8.000130656892937259e+04 1.009836750577705056e+00 4.000162466042023880e+04 1.365659866952271262e+00 4.000149276335622562e+04 2.618197844627514714e+05 1.657220240753106255e+00 2.000128219851689573e+04 5.386858000132098701e-01 6.350884668088443577e+05 1.571797977594663109e+00 8.000121598755319428e+04 4.963889613461193512e+05 1.493188277733726643e+00 6.000138364983515203e+04 8.000171632916745148e+04 4.000159607613668777e+04 1.534243379356558634e+00 2.000015433181597618e+05 2.222237999893531669e+05 4.000150213718821760e+04 3.976485117899286561e+05 2.945469878061218187e+05 1.657160227446376521e+05
5.950887475665111560e+05 5.950885042186677456e+05 6.350883543736533029e+05 6.350884908545557410e+05 6.350884022831270704e+05 6.350885037116985768e+05 4.992208125994283473e+05 6.350886308545557549e+05 6.350883508545556106e+05 6.350884668088443577e+05 9.960248508589997073e+04 6.350886308545557549e+05 5.950884725782197202e+05 3.179181714095565840e+05 6.350886537116984837e+05 6.150885108545556432e+05 5.950886927520626923e+05 6.350885708545556990e+05 6.350885508545556804e+05 5.950888338313525310e+05 5.728666408285646467e+05 6.350886108545556199e+05 3.865321032040902064e+05 4.402833997494651121e+05 5.950887557668364607e+05
1.304783016617968678e+05 8.000162785396227264e+04 1.409167747363159418e+00 4.000173046052733116e+04 1.663867046356862778e+00 4.000173301928010187e+04 2.618200762130072399e+05 1.504601612358053009e+00 2.000150443694802743e+04 1.571797977594663331e+00 6.350886308545557549e+05 4.752642577273906710e-01 8.000169746031737304e+04 4.963891570901740342e+05 1.811476741775463806e+00 6.000155466928017267e+04 8.000195630291699490e+04 4.000181249529191700e+04 1.742375047059554927e+00 2.000019736954013933e+05 2.222241606525575335e+05 4.000166444444446097e+04 3.976487999438209226e+05 2.945473805381692364e+05 1.657161191152293177e+05
9.047776793197280494e+04 1.164700876536329588e+00 8.000091286899209081e+04 4.000156015820259199e+04 8.000147973613644717e+04 4.000151505668928439e+04 2.218197141977655701e+05 8.000169915158345248e+04 6.000124569567057188e+04 8.000121598755320883e+04 5.950884725782197202e+05 8.000169746031737304e+04 4.585794245795139501e-01 4.563889217439672793e+05 8.000151213953195838e+04 2.000127676008107301e+04 4.000160033854386711e+04 4.000150457041992195e+04 8.000156626656650042e+04 1.600015000682144600e+05 1.822237151354874077e+05 4.000153301587296301e+04 3.576485001917961054e+05 2.545469809407217545e+05 1.257158559533201478e+05
4.563892524916375987e+05 4.563888889778510784e+05 4.963887834477112629e+05 4.963890026115759392e+05 4.963888975398454349e+05 4.963889766610448132e+05 3.763891841159603791e+05 4.963891533671058714e+05 4.963888129865785595e+05 4.963889613461193512e+05 3.179181714095566422e+05 4.963891570901740342e+05 4.563889217439672793e+05 1.402097225658278621e+05 4.963891696559618576e+05 4.763889910443386179e+05 4.563891646748737548e+05 4.963890721151881735e+05 4.963890478336388478e+05 4.563893582120914361e+05 4.341670939386165701e+05 4.963891248867841205e+05 1.719403060654051951e+05 3.185439540178742609e+05 4.563892811718065641e+05
1.304781369994595734e+05 8.000169739180435135e+04 1.292801895727909267e+00 4.000166618186000414e+04 1.550087285380671309e+00 4.000159742229973199e+04 2.618200749878555071e+05 1.357362407794466153e+00 2.000151754469559819e+04 1.493188277733726643e+00 6.350886537116984837e+05 1.811476741775463806e+00 8.000151213953195838e+04 4.963891696559618576e+05 6.109479295100475049e-01 6.000162927565701102e+04 8.000198666233741096e+04 4.000167779225653794e+04 1.344966392875325489e+00 2.000017896992934693e+05 2.222240859970707388e+05 4.000160279223303223e+04 3.976488102184594027e+05 2.945472998075943324e+05 1.657163039493826800e+05
1.104780156709029980e+05 2.000117660695647282e+04 6.000123567918952176e+04 2.000159727521921741e+04 6.000151372090591030e+04 2.000158195436445021e+04 2.418199199752095737e+05 6.000156018994571787e+04 4.000126954115690023e+04 6.000138364983515203e+04 6.150885108545556432e+05 6.000155466928017267e+04 2.000127676008106937e+04 4.763889910443386179e+05 6.000162927565701102e+04 2.000057844686548196e+04 6.000165444862854929e+04 2.000175832544380683e+04 6.000164139409265044e+04 1.800016142013870995e+05 2.022238182762793440e+05 2.000171052905364922e+04 3.776486011896750424e+05 2.745472369134389446e+05 1.457158866839169350e+05
5.047764863916859758e+04 4.000143789755630132e+04 8.000146804547858483e+04 8.000193903932522517e+04 8.000174849922765861e+04 8.000197282180703769e+04 2.218200969540832157e+05 8.000190203692675277e+04 8.000171590620042116e+04 8.000171632916745148e+04 5.950886927520626923e+05 8.000195630291699490e+04 4.000160033854386711e+04 4.563891646748737548e+05 8.000198666233741096e+04 6.000165444862854929e+04 6.060858320286987011e-01 8.000197405124739453e+04 8.000194211830435961e+04 1.200016059838612418e+05 1.422238724298696907e+05 8.000200643061162555e+04 3.576488262570786756e+05 2.545474797096227121e+05 8.571561880827619461e+04
1.304780885093894904e+05 4.000184818115179223e+04 4.000121702023172838e+04 1.379076622701173038e+00 4.000164381159051845e+04 1.355150109355137911e+00 2.618199647237766476e+05 4.000189726895585045e+04 2.000135828071973083e+04 4.000159607613668777e+04 6.350885708545556990e+05 4.000181249529191700e+04 4.000150457041992195e+04 4.963890721151881735e+05 4.000167779225653794e+04 2.000175832544380683e+04 8.000197405124739453e+04 5.189242602640349311e-01 4.000171761919885466e+04 2.000017914505630615e+05 2.222239336302494339e+05 1.222900035149474984e+00 3.976487095125388005e+05 2.945472280844495399e+05 1.657162059287443117e+05
1.304782559915228485e+05 8.000174700125120580e+04 1.272293653563574933e+00 4.000173443150144158e+04 1.510271051038479806e+00 4.000164639508452819e+04 2.618200311251227104e+05 1.405549060375381742e+00 2.000143845945500289e+04 1.534243379356558634e+00 6.350885508545556804e+05 1.742375047059554927e+00 8.000156626656648587e+04 4.963890478336388478e+05 1.344966392875325489e+00 6.000164139409265044e+04 8.000194211830435961e+04 4.000171761919885466e+04 6.334099186784332147e-01 2.000019261718595226e+05 2.222241067904225492e+05 4.000168786751991865e+04 3.976486861805939698e+05 2.945473494239376741e+05 1.657162570398553798e+05
6.952549035066859506e+04 1.600015732345725992e+05 2.000014810159300396e+05 2.000018182917592349e+05 2.000017416579430283e+05 2.000018652172651491e+05 1.418202815170545946e+05 2.000019626776261139e+05 2.000016364064373483e+05 2.000015433181597618e+05 5.950888338313525310e+05 2.000019736954013933e+05 1.600015000682144600e+05 4.563893582120913779e+05 2.000017896992934693e+05 1.800016142013870995e+05 1.200016059838612418e+05 2.000017914505630615e+05 2.000019261718595226e+05 8.513221709946207083e-01 4.444599437799340376e+04 2.000017975754423824e+05 3.576490207409475115e+05 2.202617028858986450e+05 3.428755394312761200e+04
9.915534586202329956e+04 1.822238132691882784e+05 2.222236177113196172e+05 2.222241044591619866e+05 2.222240263060581055e+05 2.222240385518623225e+05 9.737562139990537253e+04 2.222241388188526325e+05 2.222237611538257042e+05 2.222237999893531669e+05 5.728666408285646467e+05 2.222241606525575335e+05 1.822237151354873786e+05 4.341670939386165701e+05 2.222240859970707388e+05 2.022238182762793731e+05 1.422238724298696907e+05 2.222239336302494339e+05 2.222241067904225783e+05 4.444599437799341104e+04 3.950690620117408253e+04 2.222239908383743314e+05 3.354267898344760179e+05 1.863112602278757258e+05 7.873202024579934368e+04
1.304780838051349274e+05 4.000179829127464473e+04 4.000124230334057938e+04 1.385885235027219275e+00 4.000164898676477605e+04 1.309426351158949897e+00 2.618199750835053273e+05 4.000181762990458810e+04 2.000134059106485074e+04 4.000150213718821760e+04 6.350886108545556199e+05 4.000166444444446097e+04 4.000153301587296301e+04 4.963891248867841205e+05 4.000160279223303223e+04 2.000171052905364922e+04 8.000200643061162555e+04 1.222900035149474762e+00 4.000168786751991865e+04 2.000017975754423824e+05 2.222239908383743314e+05 6.257881627086682164e-01 3.976487595836465480e+05 2.945471503414873732e+05 1.657162383673469012e+05
3.576487685507127899e+05 3.576485126427028445e+05 3.976483563113977434e+05 3.976486157628528308e+05 3.976484958664794685e+05 3.976486150150271715e+05 2.776487855963697075e+05 3.976487911554984748e+05 3.976483967044120072e+05 3.976485117899286561e+05 3.865321032040902064e+05 3.976487999438209808e+05 3.576485001917961054e+05 1.719403060654051951e+05 3.976488102184594027e+05 3.776486011896750424e+05 3.576488262570786756e+05 3.976487095125388005e+05 3.976486861805939698e+05 3.576490207409475115e+05 3.354267898344760179e+05 3.976487595836465480e+05 2.813363128213930759e+04 2.088704315119215171e+05 3.576489253757442348e+05
2.386288474921634188e+05 2.545471354614868760e+05 2.945468758189391228e+05 2.945472930050407886e+05 2.945472552857098053e+05 2.945471787472490105e+05 9.733218023575014377e+04 2.945473883508414146e+05 2.945469753248208435e+05 2.945469878061218187e+05 4.402833997494650539e+05 2.945473805381692364e+05 2.545469809407216962e+05 3.185439540178742609e+05 2.945472998075943324e+05 2.745472369134390028e+05 2.545474797096227121e+05 2.945472280844495399e+05 2.945473494239377324e+05 2.202617028858986450e+05 1.863112602278757258e+05 2.945471503414873732e+05 2.088704315119214880e+05 7.925142088832987065e+04 2.349557876913804503e+05
3.523960900388063601e+04 1.257158289086762961e+05 1.657158617639472941e+05 1.657162021180274605e+05 1.657160351338379551e+05 1.657162713265305501e+05 1.761059977450248552e+05 1.657161942474867683e+05 1.657159205800319905e+05 1.657160227446376521e+05 5.950887557668364607e+05 1.657161191152293177e+05 1.257158559533201478e+05 4.563892811718065641e+05 1.657163039493827091e+05 1.457158866839169350e+05 8.571561880827620917e+04 1.657162059287443117e+05 1.657162570398553798e+05 3.428755394312761200e+04 7.873202024579935824e+04 1.657162383673469012e+05 3.576489253757442348e+05 2.349557876913804503e+05 9.796466258189100699e+03
