9.375197545643759733e-01 9.091065538738615578e+04 1.818197065626681433e+05 2.727288939393939800e+05 1.818197126591357810e+05 1.818199913035682403e+05 6.037307001748251496e+05 1.471874939635434421e+05 1.818198212649821653e+05 3.636380300142596243e+05 1.818197797004859895e+05 1.818197117428026395e+05 2.121228595861207868e+05 5.454555641025641235e+05 2.727288359638014226e+05 3.636381576951554161e+05 4.052805947482638294e+05 2.727291196321155294e+05 9.091083744022239989e+04 5.454558181818177691e+05 1.818199009324009530e+05 1.818197140001259686e+05 5.454558181818182347e+05 1.398618817464584426e+05 1.818196103786429157e+05
9.091065538738615578e+04 9.219099901125552554e-01 1.818199871794871869e+05 2.727288001893939800e+05 1.818198030303030682e+05 1.818198100233100704e+05 6.037308819930071477e+05 1.731617952893281763e+05 1.818197836103291193e+05 3.636382118784403428e+05 1.818196826052735560e+05 1.818199608910902753e+05 2.121228898891511199e+05 5.454557459207461216e+05 2.532484350951894885e+05 3.636380667860645335e+05 4.052805042224969366e+05 2.727289788510101498e+05 1.818199627039627521e+05 5.454557272727269446e+05 1.818197104177873698e+05 1.818196787810715032e+05 5.454557272727274103e+05 9.657176483503033523e+04 1.818195724998550431e+05
1.818197065626681433e+05 1.818199871794871869e+05 9.167537899334041729e-01 2.727288351264121011e+05 1.577352805420192405e+00 1.841522660032276493e+00 6.037304554924243130e+05 1.342007029986329726e+05 9.091095072115387302e+04 3.636380328805809258e+05 9.091083073098685418e+04 9.091081951168490923e+04 3.030318282482740469e+05 5.454554036528376164e+05 3.636377393694224302e+05 3.636378888730683830e+05 4.052805573502500774e+05 2.727290071274879738e+05 1.818199183551491296e+05 5.454558167249412509e+05 1.688308220729906051e+00 9.091066178504782147e+04 5.454557965229216497e+05 2.307710157043808431e+05 1.348826672368852453e+00
2.727288939393939800e+05 2.727288001893939800e+05 2.727288351264121011e+05 8.774998447124902068e-01 2.727287443069751607e+05 2.727288775775507092e+05 6.037308237179488642e+05 2.727288099173553637e+05 2.727289852420307579e+05 2.727291747180559323e+05 2.727286949028050876e+05 2.727289149135635234e+05 2.121226680853139551e+05 5.314697318899050588e+05 3.636376863336281385e+05 2.727289758769735927e+05 3.912946572864733753e+05 1.948208602552705270e+04 1.818199009174586390e+05 5.454559510340082925e+05 2.727289970115355100e+05 2.727286343874309678e+05 5.454558952692607418e+05 2.237777446543843544e+05 2.727286442080613924e+05
1.818197126591358101e+05 1.818198030303031264e+05 1.577352805420192405e+00 2.727287443069751607e+05 8.031627090616084708e-01 1.504196904129947665e+00 6.037305514464169974e+05 1.342006563365038892e+05 9.091054609414930746e+04 3.636378665463950019e+05 9.091043774606149236e+04 9.091056753502906940e+04 3.030318130615385016e+05 5.454555982681849273e+05 3.636377438060177374e+05 3.636376823850465007e+05 4.052802625796908396e+05 2.727288073336920352e+05 1.818196217500448693e+05 5.454554390054385876e+05 1.599347387695403855e+00 9.091031299689316074e+04 5.454554441157134715e+05 2.307707456667262595e+05 1.063696746933361803e+00
1.818199913035682403e+05 1.818198100233100704e+05 1.841522660032276493e+00 2.727288775775507092e+05 1.504196904129947665e+00 7.623237653301623284e-01 6.037305183566433843e+05 1.342009764175218006e+05 9.091068997668997326e+04 3.636381219242917723e+05 9.091054453086595458e+04 9.091073057498058188e+04 3.030319455102863139e+05 5.454555807109558955e+05 3.636378562082172721e+05 3.636376383361879271e+05 4.052803519993980299e+05 2.727289234056541463e+05 1.818198858257127285e+05 5.454555267766417237e+05 1.575781573193252516e+00 9.091038323968045006e+04 5.454555387305002660e+05 2.307708633674015873e+05 1.355387259694621038e+00
6.037307001748251496e+05 6.037308819930071477e+05 6.037304554924243130e+05 6.037308237179488642e+05 6.037305514464169974e+05 6.037305183566433843e+05 2.951099600065087434e+05 6.037307001748252660e+05 6.037306839904220542e+05 6.037305090326340869e+05 6.037304753059442155e+05 6.037305614801865304e+05 6.037307328088574577e+05 4.134702158035212196e+05 6.037306115967367077e+05 6.037307328088579234e+05 4.793255048316133325e+05 6.037306418997669825e+05 6.037307001748252660e+05 3.989535753783707041e+05 6.037307869000658393e+05 6.037304956293705618e+05 4.045968621636299649e+05 6.037306583363218233e+05 6.037305078970176401e+05
1.471874939635434421e+05 1.731617952893281763e+05 1.342007029986329726e+05 2.727288099173553637e+05 1.342006563365038892e+05 1.342009764175218006e+05 6.037307001748252660e+05 5.194882528755005478e+04 4.329176119335200929e+04 3.636380101925819181e+05 4.329171901225637703e+04 4.329144253354863758e+04 3.030318292256983696e+05 5.454555641025641235e+05 3.617825828454468865e+05 3.636381491434188210e+05 4.052805854334936594e+05 2.727290367591720424e+05 1.471876946895424044e+05 5.454558181818177691e+05 1.342008656473395822e+05 4.329162401152648090e+04 5.454558181818182347e+05 2.266481206638237054e+05 1.342005146302353824e+05
1.818198212649821653e+05 1.818197836103291193e+05 9.091095072115387302e+04 2.727289852420307579e+05 9.091054609414930746e+04 9.091068997668997326e+04 6.037306839904220542e+05 4.329176119335200929e+04 9.060267207668381007e-01 3.636378774426114396e+05 1.420812308077870956e+00 1.485380733728911107e+00 3.030320170110617764e+05 5.454557129094196716e+05 3.636379017395044211e+05 3.636377900747789536e+05 4.052801953669486102e+05 2.727290306965761702e+05 1.818197929343384167e+05 5.454553191381263314e+05 9.091076839826842479e+04 1.359692987541647691e+00 5.454553333333333721e+05 2.307708980087508971e+05 9.091028720606474963e+04
3.636380300142596243e+05 3.636382118784403428e+05 3.636380328805809258e+05 2.727291747180558159e+05 3.636378665463950019e+05 3.636381219242917723e+05 6.037305090326340869e+05 3.636380101925819181e+05 3.636378774426114396e+05 4.040511846027660795e+04 3.636379175260865013e+05 3.636377909112017369e+05 3.636380865873632720e+05 5.454557705979918828e+05 2.727290720214803005e+05 1.818198484752143559e+05 3.009406033904324286e+05 2.727289914654110908e+05 2.727288420821602922e+05 5.454555687645681901e+05 3.636381132777478779e+05 3.636378954541466082e+05 5.454554919199390570e+05 3.636379660036932910e+05 3.636377177026428399e+05
1.818197797004859895e+05 1.818196826052735560e+05 9.091083073098685418e+04 2.727286949028050876e+05 9.091043774606149236e+04 9.091054453086595458e+04 6.037304753059442155e+05 4.329171901225637703e+04 1.420812308077871178e+00 3.636379175260865595e+05 8.682646245094108872e-01 1.506689065096626479e+00 3.030317711833619978e+05 5.454554864977438701e+05 3.636377209274698980e+05 3.636376720898517524e+05 4.052803817202451755e+05 2.727287434055843623e+05 1.818198573258521210e+05 5.454555174825170543e+05 9.091079462070534646e+04 1.129020616517392384e+00 5.454555103849143488e+05 2.307706811558680201e+05 9.091018969112799095e+04
1.818197117428026395e+05 1.818199608910902753e+05 9.091081951168490923e+04 2.727289149135635234e+05 9.091056753502906940e+04 9.091073057498058188e+04 6.037305614801865304e+05 4.329144253354863758e+04 1.485380733728911107e+00 3.636377909112017369e+05 1.506689065096626479e+00 8.727593937100578403e-01 3.030319423360319925e+05 5.454555915590820368e+05 3.636378142189961509e+05 3.636378807145602768e+05 4.052803612998537137e+05 2.727289768196062068e+05 1.818197793418702786e+05 5.454555023310019169e+05 9.091089373447067919e+04 1.431500433253497961e+00 5.454554978483056184e+05 2.307709182307588926e+05 9.091028597975122102e+04
2.121228595861208159e+05 2.121228898891511199e+05 3.030318282482740469e+05 2.121226680853139551e+05 3.030318130615385016e+05 3.030319455102863139e+05 6.037307328088574577e+05 3.030318292256983696e+05 3.030320170110617764e+05 3.636380865873632720e+05 3.030317711833619978e+05 3.030319423360319925e+05 4.040506398171773617e+04 5.314696535912001273e+05 2.676782837968700915e+05 3.636378728197588352e+05 3.819152081496691681e+05 1.926422966376639961e+05 3.030320115383352968e+05 5.454559793123533018e+05 3.030320311902305693e+05 3.030317022905091289e+05 5.454559284038606565e+05 1.155526656824515667e+05 3.030317022870015935e+05
5.454555641025641235e+05 5.454557459207461216e+05 5.454554036528376164e+05 5.314697318899051752e+05 5.454555982681849273e+05 5.454555807109558955e+05 4.134702158035212778e+05 5.454555641025642399e+05 5.454557129094197880e+05 5.454557705979918828e+05 5.454554864977438701e+05 5.454555915590820368e+05 5.314696535912001273e+05 2.036370198607326020e+05 5.454555364219115581e+05 5.454560099067599513e+05 4.518740323612641660e+05 5.314699406490946421e+05 5.454559183999762172e+05 3.654351562508229399e+05 5.454558241232594009e+05 5.454555330169295194e+05 3.776241528674316360e+05 5.379249755244756816e+05 5.454555278627623338e+05
2.727288359638014226e+05 2.532484350951894885e+05 3.636377393694224302e+05 3.636376863336280803e+05 3.636377438060177374e+05 3.636378562082172721e+05 6.037306115967367077e+05 3.617825828454468865e+05 3.636379017395044211e+05 2.727290720214803005e+05 3.636377209274698980e+05 3.636378142189961509e+05 2.676782837968700915e+05 5.454555364219115581e+05 5.586577055742574157e+04 2.013005416220050538e+05 3.258323343488163664e+05 3.636380367460361449e+05 3.636380685731834383e+05 5.454559012910162564e+05 3.636379798082187772e+05 3.636376621731566847e+05 5.454558498296575854e+05 2.634526474560665083e+05 3.636376089710274246e+05
3.636381576951554161e+05 3.636380667860645335e+05 3.636378888730683830e+05 2.727289758769735927e+05 3.636376823850465007e+05 3.636376383361879271e+05 6.037307328088579234e+05 3.636381491434188792e+05 3.636377900747789536e+05 1.818198484752143559e+05 3.636376720898517524e+05 3.636378807145602768e+05 3.636378728197588352e+05 5.454560099067599513e+05 2.013005416220050538e+05 8.090191087833593642e-01 3.283574100707418402e+05 2.727287940587918274e+05 2.727285950167870033e+05 5.454554149184144335e+05 3.636377577541873325e+05 3.636376192062544287e+05 5.454553636363637634e+05 3.636378354422861594e+05 3.636375399792836979e+05
4.052805947482639458e+05 4.052805042224969366e+05 4.052805573502501356e+05 3.912946572864733753e+05 4.052802625796908396e+05 4.052803519993980881e+05 4.793255048316134489e+05 4.052805854334936594e+05 4.052801953669486102e+05 3.009406033904324286e+05 4.052803817202451755e+05 4.052803612998537137e+05 3.819152081496692263e+05 4.518740323612641660e+05 3.258323343488163664e+05 3.283574100707418402e+05 1.931936279885767144e+05 3.903670671470645466e+05 4.052804451652611606e+05 4.527723781037938315e+05 4.052803416399987182e+05 4.052803888857534621e+05 4.393946342698436929e+05 3.954821367551122676e+05 4.052801303018092876e+05
2.727291196321155294e+05 2.727289788510101498e+05 2.727290071274879738e+05 1.948208602552705270e+04 2.727288073336920352e+05 2.727289234056541463e+05 6.037306418997669825e+05 2.727290367591720424e+05 2.727290306965761702e+05 2.727289914654110908e+05 2.727287434055843623e+05 2.727289768196062068e+05 1.926422966376639961e+05 5.314699406490947586e+05 3.636380367460361449e+05 2.727287940587918274e+05 3.903670671470646048e+05 3.061313939331067741e+04 1.818197738927739556e+05 5.454557662273618625e+05 2.727290434821589151e+05 2.727286669318096829e+05 5.454557258382643340e+05 2.135734529165148269e+05 2.727286805029630777e+05
9.091083744022244355e+04 1.818199627039627521e+05 1.818199183551491296e+05 1.818199009174586390e+05 1.818196217500448693e+05 1.818198858257127868e+05 6.037307001748252660e+05 1.471876946895424044e+05 1.818197929343384167e+05 2.727288420821602922e+05 1.818198573258521210e+05 1.818197793418702786e+05 3.030320115383352968e+05 5.454559183999762172e+05 3.636380685731834383e+05 2.727285950167870033e+05 4.052804451652612188e+05 1.818197738927739556e+05 7.365862711696906651e-01 5.454554138276249869e+05 1.818198030303030682e+05 1.818197311240276904e+05 5.454553973910706118e+05 2.307708558364710188e+05 1.818195857885169971e+05
5.454558181818177691e+05 5.454557272727269446e+05 5.454558167249412509e+05 5.454559510340082925e+05 5.454554390054385876e+05 5.454555267766417237e+05 3.989535753783707623e+05 5.454558181818177691e+05 5.454553191381263314e+05 5.454555687645681901e+05 5.454555174825170543e+05 5.454555023310019169e+05 5.454559793123533018e+05 3.654351562508229399e+05 5.454559012910162564e+05 5.454554149184144335e+05 4.527723781037937733e+05 5.454557662273618625e+05 5.454554138276249869e+05 1.584616230806854146e+05 5.454554744336855365e+05 5.454555454545448301e+05 3.538972050119077321e+05 5.454556834170098882e+05 5.454553670656263130e+05
1.818199009324009530e+05 1.818197104177873698e+05 1.688308220729906051e+00 2.727289970115355100e+05 1.599347387695403855e+00 1.575781573193252516e+00 6.037307869000658393e+05 1.342008656473396113e+05 9.091076839826842479e+04 3.636381132777478779e+05 9.091079462070534646e+04 9.091089373447067919e+04 3.030320311902305693e+05 5.454558241232592845e+05 3.636379798082188354e+05 3.636377577541873325e+05 4.052803416399987182e+05 2.727290434821589151e+05 1.818198030303030391e+05 5.454554744336855365e+05 7.733733824437302173e-01 9.091061906734885997e+04 5.454554485386409797e+05 2.307708859303087520e+05 1.250074150412689544e+00
1.818197140001259686e+05 1.818196787810715614e+05 9.091066178504782147e+04 2.727286343874310260e+05 9.091031299689316074e+04 9.091038323968045006e+04 6.037304956293705618e+05 4.329162401152648090e+04 1.359692987541647691e+00 3.636378954541466082e+05 1.129020616517392384e+00 1.431500433253497961e+00 3.030317022905091289e+05 5.454555330169296358e+05 3.636376621731566847e+05 3.636376192062543705e+05 4.052803888857534039e+05 2.727286669318096829e+05 1.818197311240277195e+05 5.454555454545448301e+05 9.091061906734885997e+04 6.844072857048969505e-01 5.454555432131969137e+05 2.307706271404042200e+05 9.091006727461080300e+04
5.454558181818182347e+05 5.454557272727274103e+05 5.454557965229216497e+05 5.454558952692607418e+05 5.454554441157134715e+05 5.454555387305002660e+05 4.045968621636299649e+05 5.454558181818183511e+05 5.454553333333333721e+05 5.454554919199390570e+05 5.454555103849143488e+05 5.454554978483055020e+05 5.454559284038606565e+05 3.776241528674316360e+05 5.454558498296575854e+05 5.454553636363637634e+05 4.393946342698436347e+05 5.454557258382643340e+05 5.454553973910706118e+05 3.538972050119077321e+05 5.454554485386409797e+05 5.454555432131970301e+05 1.020056934290032368e+05 5.454556703125933418e+05 5.454553479095691582e+05
1.398618817464584426e+05 9.657176483503034979e+04 2.307710157043808431e+05 2.237777446543843544e+05 2.307707456667262595e+05 2.307708633674016164e+05 6.037306583363219397e+05 2.266481206638237054e+05 2.307708980087509262e+05 3.636379660036933492e+05 2.307706811558680201e+05 2.307709182307588926e+05 1.155526656824515667e+05 5.379249755244756816e+05 2.634526474560665083e+05 3.636378354422861594e+05 3.954821367551122676e+05 2.135734529165148269e+05 2.307708558364710188e+05 5.454556834170098882e+05 2.307708859303087520e+05 2.307706271404042200e+05 5.454556703125933418e+05 9.053799616581645387e+04 2.307706154440901009e+05
1.818196103786429157e+05 1.818195724998550431e+05 1.348826672368852453e+00 2.727286442080613924e+05 1.063696746933361803e+00 1.355387259694621038e+00 6.037305078970176401e+05 1.342005146302353824e+05 9.091028720606474963e+04 3.636377177026428399e+05 9.091018969112799095e+04 9.091028597975122102e+04 3.030317022870015935e+05 5.454555278627623338e+05 3.636376089710274246e+05 3.636375399792836979e+05 4.052801303018092876e+05 2.727286805029630777e+05 1.818195857885169098e+05 5.454553670656263130e+05 1.250074150412689544e+00 9.091006727461080300e+04 5.454553479095691582e+05 2.307706154440901009e+05 5.570864507550303824e-01
