1.120904376438329297e+00 1.972218106783046210e+00 1.954375673326469220e+00 7.692510259885957930e+04 7.692515029039481306e+04 7.692515623359693564e+04 7.211815843551880971e+04 7.692547561762413534e+04 1.414418045021541475e+05 7.692572904074112012e+04 7.692575526432968036e+04 7.692461852176999673e+04 1.538486862633433193e+05 7.692599371891810733e+04 6.250194427814118535e+04 6.369876169313504361e+05 1.960075724322591695e+00 2.057734518263099943e+00 7.692497703657261445e+04 4.242441116087926202e+05 3.002464651540712221e+05 7.692517096238938393e+04 1.900129423631149006e+00 7.692550163054045697e+04 7.692513520746819268e+04
1.972218106783046210e+00 1.269131372434756377e+00 1.986720600857398766e+00 7.692507806586129300e+04 7.692511714834986196e+04 7.692514960856983089e+04 7.211816709349516896e+04 7.692569741662711021e+04 1.414418143313756445e+05 7.692577084039225883e+04 7.692572679393134604e+04 7.692464639398675354e+04 1.538488721674588160e+05 7.692594143966569391e+04 6.250188291065087833e+04 6.369876501975937281e+05 2.050197134434142754e+00 1.924371846424888011e+00 7.692503409447928425e+04 4.242440694329798571e+05 3.002464530936402734e+05 7.692515323297775467e+04 1.848531126647899203e+00 7.692553342665068340e+04 7.692511365686917270e+04
1.954375673326469220e+00 1.986720600857398544e+00 1.134505929354822751e+00 7.692510204111532948e+04 7.692515179275267292e+04 7.692516321858161245e+04 7.211817975803875015e+04 7.692570515414160036e+04 1.414417840334794018e+05 7.692578830002035829e+04 7.692571564065209532e+04 7.692463377653545467e+04 1.538488770848560089e+05 7.692603118371833989e+04 6.250196894326973415e+04 6.369876595898594242e+05 1.935660875903513878e+00 2.004641893263374719e+00 7.692503501086753386e+04 4.242441740857177647e+05 3.002465459793614573e+05 7.692516745553132205e+04 2.009906922324157019e+00 7.692552800430731440e+04 7.692513312503656198e+04
7.692510259885957930e+04 7.692507806586129300e+04 7.692510204111532948e+04 1.157499288931022718e+00 1.994839575514439467e+00 1.799604347697184581e+00 7.692546529026402277e+04 7.692543927735771285e+04 1.414414820898253529e+05 7.692551380519155646e+04 7.692547586525956285e+04 1.332712267010103036e+00 1.538485982887053688e+05 7.692553113388986094e+04 1.442510162910670078e+04 6.369873892926168628e+05 7.692513998418755364e+04 7.692515447158727329e+04 1.799380933455958287e+00 4.242438626869011205e+05 3.002461541081481264e+05 1.773676250938986731e+00 7.692507410155744583e+04 7.692521834181623126e+04 1.738038144936714380e+00
7.692515029039481306e+04 7.692511714834986196e+04 7.692515179275267292e+04 1.994839575514439245e+00 1.195503119966280892e+00 1.889798562048351727e+00 7.692556823569463450e+04 7.692555940874257067e+04 1.414415154197950324e+05 7.692565813256909314e+04 7.692564918351743836e+04 1.511668163822180944e+00 1.538486372092258534e+05 7.692583185335212329e+04 1.442485183640402283e+04 6.369874655690398067e+05 7.692518674547257251e+04 7.692520208345091669e+04 1.739659761504581903e+00 4.242439520130216843e+05 3.002461648970836541e+05 2.048974915436699185e+00 7.692500250568235060e+04 7.692540633584355237e+04 1.987079950375322035e+00
7.692515623359692108e+04 7.692514960856983089e+04 7.692516321858161245e+04 1.799604347697184581e+00 1.889798562048351727e+00 9.782422552977451113e-01 7.692508463379880413e+04 7.692499671431339812e+04 1.414412299615667725e+05 7.692507389622453775e+04 7.692508569990353135e+04 1.231186831306243512e+00 1.538483249504696287e+05 7.692536016684655624e+04 1.442513893880615251e+04 6.369874310466321185e+05 7.692519572955081821e+04 7.692520868479357159e+04 1.493966904293869691e+00 4.242438287069836515e+05 3.002460202689025318e+05 1.934498407995387304e+00 7.692514510372196673e+04 7.692488423911992868e+04 1.882199352342623921e+00
7.211815843551882426e+04 7.211816709349516896e+04 7.211817975803876470e+04 7.692546529026402277e+04 7.692556823569463450e+04 7.692508463379881869e+04 3.545813026033504138e+04 2.404079719233871583e+04 1.414417278497788066e+05 2.404076843576157626e+04 2.404067265619357204e+04 7.692499086832840112e+04 1.538487347804901074e+05 6.009868297951098793e+04 7.602426171460600744e+04 6.369877154089525575e+05 7.211819548088926240e+04 7.211824382072463050e+04 7.692536354554510035e+04 4.050135001713075908e+05 2.810156189878706937e+05 7.692565883604637929e+04 7.211819567176842247e+04 2.404050087574691133e+04 7.692554949393132119e+04
7.692547561762413534e+04 7.692569741662711021e+04 7.692570515414160036e+04 7.692543927735771285e+04 7.692555940874257067e+04 7.692499671431341267e+04 2.404079719233870856e+04 1.339983018707731732e+00 1.414418508789353946e+05 2.092916582663685965e+00 2.138000474311767984e+00 7.692496052769350354e+04 1.538486565482130100e+05 7.692584553765943565e+04 7.692546197408228181e+04 6.369877067855233327e+05 7.692569379782966280e+04 7.692574140384384373e+04 7.692525525203393772e+04 4.242442624877238995e+05 3.002465633570486680e+05 7.692556492736782820e+04 7.692568767988836044e+04 2.015460249844114315e+00 7.692547359604744997e+04
1.414418045021541475e+05 1.414418143313756736e+05 1.414417840334794018e+05 1.414414820898253820e+05 1.414415154197950324e+05 1.414412299615668016e+05 1.414417278497788066e+05 1.414418508789353946e+05 4.110459472957881371e+04 1.414416618412073003e+05 1.414418181318039424e+05 1.414409379354873090e+05 6.079685907115777809e+04 1.318261324307348114e+05 1.414416506573512452e+05 5.600646366033230443e+05 1.414416403389667685e+05 1.414418030879464932e+05 1.414411835982096381e+05 4.242442744308318361e+05 2.721509229475219618e+05 1.414414740757791733e+05 1.414418016225511965e+05 1.414418075695130974e+05 1.414414976921834750e+05
7.692572904074112012e+04 7.692577084039225883e+04 7.692578830002035829e+04 7.692551380519155646e+04 7.692565813256909314e+04 7.692507389622453775e+04 2.404076843576157626e+04 2.092916582663685965e+00 1.414416618412073003e+05 1.249248940542418529e+00 2.082728730355298374e+00 7.692500641512473521e+04 1.538488255207283946e+05 7.692577583456468710e+04 7.692560895342503500e+04 6.369877215699697845e+05 7.692564420366943523e+04 7.692582607120837201e+04 7.692529425434125005e+04 4.242442602574795601e+05 3.002465951975115458e+05 7.692562883257084468e+04 7.692578344034840120e+04 2.083000868813351669e+00 7.692551947645163455e+04
7.692575526432968036e+04 7.692572679393134604e+04 7.692571564065209532e+04 7.692547586525956285e+04 7.692564918351743836e+04 7.692508569990353135e+04 2.404067265619357204e+04 2.138000474311767984e+00 1.414418181318039133e+05 2.082728730355298374e+00 1.375982896995207483e+00 7.692498223756755760e+04 1.538487901009268244e+05 7.692576918991662387e+04 7.692557405459714937e+04 6.369877173557763454e+05 7.692582871436839923e+04 7.692577224833336368e+04 7.692533417321924935e+04 4.242442724318160908e+05 3.002465766529721441e+05 7.692564591525078868e+04 7.692577817195279931e+04 1.931400429099179750e+00 7.692553685521428997e+04
7.692461852176999673e+04 7.692464639398675354e+04 7.692463377653545467e+04 1.332712267010103258e+00 1.511668163822180944e+00 1.231186831306243512e+00 7.692499086832840112e+04 7.692496052769350354e+04 1.414409379354872799e+05 7.692500641512473521e+04 7.692498223756755760e+04 6.811722436747060794e-01 1.538481316747654346e+05 7.692507989508424362e+04 1.442457632127930628e+04 6.369873417219319381e+05 7.692465640172285202e+04 7.692468003750582284e+04 1.183846487228774613e+00 4.242436802646297729e+05 3.002459122573809000e+05 1.416205216062921712e+00 7.692465125412402267e+04 7.692481238581505022e+04 1.406914033353287685e+00
1.538486862633433193e+05 1.538488721674588160e+05 1.538488770848560089e+05 1.538485982887053688e+05 1.538486372092258534e+05 1.538483249504696287e+05 1.538487347804901074e+05 1.538486565482130100e+05 6.079685907115777081e+04 1.538488255207283946e+05 1.538487901009268244e+05 1.538481316747654346e+05 1.805055487260509572e+00 1.442336108876297949e+05 1.538485527745752479e+05 5.600645789502394618e+05 1.538488292493935733e+05 1.538488448499204533e+05 1.538484132771707082e+05 4.242441298895109794e+05 3.002464362062670407e+05 1.538486014202352089e+05 1.538488200429462886e+05 1.538487890710101055e+05 1.538486150647886097e+05
7.692599371891810733e+04 7.692594143966569391e+04 7.692603118371833989e+04 7.692553113388986094e+04 7.692583185335212329e+04 7.692536016684655624e+04 6.009868297951097338e+04 7.692584553765943565e+04 1.318261324307347822e+05 7.692577583456468710e+04 7.692576918991662387e+04 7.692507989508424362e+04 1.442336108876297949e+05 1.682850710927386899e+04 7.692591440972793498e+04 6.273722913065261673e+05 7.692605576428469794e+04 7.692611847477483389e+04 7.692541924038695288e+04 3.569365819917458575e+05 2.329390284683580103e+05 7.692558209985766734e+04 7.692606787770192022e+04 7.692559392452028987e+04 7.692570819798947196e+04
6.250194427814117807e+04 6.250188291065087833e+04 6.250196894326973415e+04 1.442510162910670078e+04 1.442485183640402283e+04 1.442513893880615251e+04 7.602426171460599289e+04 7.692546197408228181e+04 1.414416506573512452e+05 7.692560895342503500e+04 7.692557405459714937e+04 1.442457632127930628e+04 1.538485527745752479e+05 7.692591440972793498e+04 2.343859775212853128e+04 6.369874972578812158e+05 6.250193466638921382e+04 6.250197492630893248e+04 1.442487225407918231e+04 4.242439412075788132e+05 3.002462962294128374e+05 1.442511260175448115e+04 6.250180235761260701e+04 7.692541417637356790e+04 1.442501415404033287e+04
6.369876169313505525e+05 6.369876501975937281e+05 6.369876595898594242e+05 6.369873892926168628e+05 6.369874655690398067e+05 6.369874310466321185e+05 6.369877154089525575e+05 6.369877067855233327e+05 5.600646366033230443e+05 6.369877215699697845e+05 6.369877173557763454e+05 6.369873417219319381e+05 5.600645789502394618e+05 6.273722913065261673e+05 6.369874972578812158e+05 2.482209190423487453e+05 6.369876001155651174e+05 6.369876354646009859e+05 6.369874009161331924e+05 5.103759029064969509e+05 5.983199159400487551e+05 6.369873885034226114e+05 6.369875495307066012e+05 6.369877001538487384e+05 6.369873988156685373e+05
1.960075724322591473e+00 2.050197134434142310e+00 1.935660875903513656e+00 7.692513998418755364e+04 7.692518674547257251e+04 7.692519572955081821e+04 7.211819548088924785e+04 7.692569379782966280e+04 1.414416403389667976e+05 7.692564420366943523e+04 7.692582871436839923e+04 7.692465640172285202e+04 1.538488292493936024e+05 7.692605576428469794e+04 6.250193466638921382e+04 6.369876001155650010e+05 1.196245969543088927e+00 2.119043767890323338e+00 7.692502114000258734e+04 4.242441046673312667e+05 3.002464665024437127e+05 7.692520897070682258e+04 2.032897782235407735e+00 7.692553520285547711e+04 7.692517524374248751e+04
2.057734518263099943e+00 1.924371846424888233e+00 2.004641893263374719e+00 7.692515447158727329e+04 7.692520208345091669e+04 7.692520868479357159e+04 7.211824382072461594e+04 7.692574140384384373e+04 1.414418030879464932e+05 7.692582607120837201e+04 7.692577224833336368e+04 7.692468003750582284e+04 1.538488448499204533e+05 7.692611847477483389e+04 6.250197492630893248e+04 6.369876354646008695e+05 2.119043767890323338e+00 1.186797975162325880e+00 7.692507534748926992e+04 4.242441065397736966e+05 3.002464976174790063e+05 7.692523061208383297e+04 1.952772029535805753e+00 7.692555894735305628e+04 7.692520320324071508e+04
7.692497703657261445e+04 7.692503409447928425e+04 7.692503501086753386e+04 1.799380933455958287e+00 1.739659761504581903e+00 1.493966904293869691e+00 7.692536354554510035e+04 7.692525525203393772e+04 1.414411835982096381e+05 7.692529425434125005e+04 7.692533417321924935e+04 1.183846487228774391e+00 1.538484132771707082e+05 7.692541924038695288e+04 1.442487225407918231e+04 6.369874009161331924e+05 7.692502114000258734e+04 7.692507534748926992e+04 9.894811976130047926e-01 4.242438566856753896e+05 3.002461407907480025e+05 1.777389816744792350e+00 7.692504572926557739e+04 7.692517394092351606e+04 1.747968399909092030e+00
4.242441116087926202e+05 4.242440694329798571e+05 4.242441740857177647e+05 4.242438626869011205e+05 4.242439520130216843e+05 4.242438287069836515e+05 4.050135001713075908e+05 4.242442624877239577e+05 4.242442744308318361e+05 4.242442602574796183e+05 4.242442724318160908e+05 4.242436802646298311e+05 4.242441298895109794e+05 3.569365819917458575e+05 4.242439412075788132e+05 5.103759029064969509e+05 4.242441046673312667e+05 4.242441065397736966e+05 4.242438566856753896e+05 1.809753058291809284e+05 2.954423483585644863e+05 4.242438397384583950e+05 4.242440208776706131e+05 4.242442500613104785e+05 4.242438631214000052e+05
3.002464651540711639e+05 3.002464530936402734e+05 3.002465459793614573e+05 3.002461541081481846e+05 3.002461648970836541e+05 3.002460202689025900e+05 2.810156189878706937e+05 3.002465633570486098e+05 2.721509229475219036e+05 3.002465951975116041e+05 3.002465766529720859e+05 3.002459122573809000e+05 3.002464362062670407e+05 2.329390284683580103e+05 3.002462962294128374e+05 5.983199159400487551e+05 3.002464665024436545e+05 3.002464976174790063e+05 3.002461407907480025e+05 2.954423483585644281e+05 1.595419971915956121e+05 3.002462044266729499e+05 3.002463811006985488e+05 3.002465421968513401e+05 3.002461779569117352e+05
7.692517096238938393e+04 7.692515323297775467e+04 7.692516745553132205e+04 1.773676250938986731e+00 2.048974915436698740e+00 1.934498407995387304e+00 7.692565883604637929e+04 7.692556492736782820e+04 1.414414740757791733e+05 7.692562883257084468e+04 7.692564591525078868e+04 1.416205216062921712e+00 1.538486014202352089e+05 7.692558209985766734e+04 1.442511260175448115e+04 6.369873885034226114e+05 7.692520897070682258e+04 7.692523061208383297e+04 1.777389816744792350e+00 4.242438397384583950e+05 3.002462044266729499e+05 1.204571586653846449e+00 7.692512592841872538e+04 7.692542862790059007e+04 1.752012416911868042e+00
1.900129423631149006e+00 1.848531126647899203e+00 2.009906922324156575e+00 7.692507410155744583e+04 7.692500250568235060e+04 7.692514510372196673e+04 7.211819567176842247e+04 7.692568767988836044e+04 1.414418016225511965e+05 7.692578344034840120e+04 7.692577817195279931e+04 7.692465125412402267e+04 1.538488200429462886e+05 7.692606787770192022e+04 6.250180235761260701e+04 6.369875495307066012e+05 2.032897782235407735e+00 1.952772029535805309e+00 7.692504572926557739e+04 4.242440208776706131e+05 3.002463811006986070e+05 7.692512592841872538e+04 1.219167855742006257e+00 7.692553690324038325e+04 7.692504447808304394e+04
7.692550163054045697e+04 7.692553342665068340e+04 7.692552800430731440e+04 7.692521834181623126e+04 7.692540633584355237e+04 7.692488423911992868e+04 2.404050087574691133e+04 2.015460249844114315e+00 1.414418075695130683e+05 2.083000868813351669e+00 1.931400429099179750e+00 7.692481238581505022e+04 1.538487890710101055e+05 7.692559392452028987e+04 7.692541417637356790e+04 6.369877001538486220e+05 7.692553520285547711e+04 7.692555894735305628e+04 7.692517394092351606e+04 4.242442500613104785e+05 3.002465421968512819e+05 7.692542862790059007e+04 7.692553690324038325e+04 1.116399449727524695e+00 7.692532537733633944e+04
7.692513520746819268e+04 7.692511365686917270e+04 7.692513312503656198e+04 1.738038144936714380e+00 1.987079950375322257e+00 1.882199352342623921e+00 7.692554949393132119e+04 7.692547359604744997e+04 1.414414976921834750e+05 7.692551947645163455e+04 7.692553685521428997e+04 1.406914033353287685e+00 1.538486150647886097e+05 7.692570819798947196e+04 1.442501415404033287e+04 6.369873988156685373e+05 7.692517524374248751e+04 7.692520320324071508e+04 1.747968399909092252e+00 4.242438631214000052e+05 3.002461779569117352e+05 1.752012416911867598e+00 7.692504447808304394e+04 7.692532537733633944e+04 1.203079922594598949e+00
