9.298275577611046174e+03 3.052753772313937588e+04 3.052760659620105434e+04 3.052765906551783701e+04 2.720570387917071930e+05 5.434741671840044728e+04 2.275643890897885722e+05 1.641873283252599649e+05 2.235770499583150377e+04 1.535454787597589166e+04 3.297999205914448830e+05 8.735231437126761011e+04 4.661668026311601861e+05 1.932299473612555084e+04 1.914466001021160919e+05 3.986710425203897757e+05 3.052723873063513383e+04 1.147614234908696963e+05 3.052745244317605102e+04 3.052762206926236831e+04 3.052754576560601345e+04 2.072373680162604796e+04 1.401890849222712277e+05 2.641783179163760360e+04 3.052769937601279526e+04
3.052753772313937588e+04 6.151787408542197522e-01 1.079127188096710377e+00 1.322980122623045540e+00 2.794096479039245169e+05 6.660228039772296324e+04 2.349170618197678414e+05 1.715400290292724967e+05 8.171475554941276641e+03 1.960954302080172056e+04 3.371525077847336070e+05 1.051822191475503350e+05 4.735194310862733400e+05 1.610809956729780424e+04 1.987992647259790101e+05 4.060236343320149463e+05 8.345644416280812994e-01 1.270161732478448830e+05 4.903006028559300830e+03 1.372481942453595227e+00 4.903329704701485753e+03 1.213969717878436495e+04 1.517434580830866180e+05 4.472866528189780365e+04 4.903286227095831237e+03
3.052760659620105434e+04 1.079127188096710377e+00 5.879309410682250769e-01 1.319577867946358785e+00 2.794096707951991120e+05 6.660236325153449434e+04 2.349170981058602920e+05 1.715401036670205358e+05 8.171522409478276131e+03 1.960956547332214905e+04 3.371525186042279820e+05 1.051823102443109237e+05 4.735194672124706558e+05 1.610814173696544822e+04 1.987993422095760761e+05 4.060236666860396508e+05 9.305828702233558403e-01 1.270162613400222035e+05 4.903150422031917515e+03 1.399051281739410291e+00 4.903339823994834660e+03 1.213977641496860451e+04 1.517435097429429588e+05 4.472877547543424589e+04 4.903338179690900688e+03
3.052765906551783701e+04 1.322980122623045540e+00 1.319577867946358785e+00 6.451263886643698875e-01 2.794098521192949265e+05 6.660249447779291950e+04 2.349172967468791467e+05 1.715402511695051799e+05 8.171594030884459244e+03 1.960966989517460024e+04 3.371527006364109111e+05 1.051823968556776090e+05 4.735195746231345693e+05 1.610825474070173732e+04 1.987995262913203042e+05 4.060238141830542590e+05 1.101375913455635125e+00 1.270163299560661544e+05 4.903291415442925427e+03 1.351748839787348055e+00 4.903494773897948107e+03 1.213985360161114295e+04 1.517435946365862619e+05 4.472888583271015523e+04 4.903394573532548748e+03
2.720570387917071930e+05 2.794096479039245169e+05 2.794096707951990538e+05 2.794098521192949847e+05 6.056153479438967770e+04 2.549001279687166098e+05 1.274115187728670280e+05 1.951279311110790586e+05 2.794097431419389904e+05 2.794099582047807053e+05 1.825272875780995237e+05 2.244564509098262643e+05 3.497339008988046553e+05 2.794098821483636857e+05 1.713955700466450944e+05 2.680535781041442533e+05 2.794095227760424605e+05 2.169729265236039355e+05 2.794096041647228412e+05 2.794097419648731011e+05 2.794096690265081124e+05 2.794099470282520051e+05 2.092407016816960240e+05 2.636148386809183867e+05 2.794097946435996564e+05
5.434741671840044728e+04 6.660228039772296324e+04 6.660236325153447979e+04 6.660249447779290495e+04 2.549001279687166098e+05 3.094116036010679181e+03 2.055056199705014296e+05 1.468075381247798796e+05 6.660236379483951896e+04 6.170041478436286707e+04 3.175451409915307886e+05 6.249268695519860921e+04 4.504104669099456514e+05 6.520179415149053239e+04 1.721110236012448440e+05 3.780128695528909448e+05 6.660200255735649262e+04 9.391751842756985570e+04 6.170022280947179388e+04 6.660236282424416277e+04 6.170036280732418527e+04 6.660246899073384702e+04 1.181303800809485547e+05 2.817408486624423313e+04 6.170051872904705669e+04
2.275643890897885431e+05 2.349170618197678414e+05 2.349170981058602338e+05 2.349172967468791467e+05 1.274115187728669698e+05 2.055056199705014296e+05 4.837959254351625714e+04 1.361543696309087682e+05 2.349171612362322339e+05 2.349173633089705836e+05 2.045715418532246549e+05 1.728337458504652604e+05 3.623803966192494263e+05 2.349172870461850252e+05 1.153488489430541376e+05 2.946246170228362316e+05 2.349169396194111614e+05 1.675615916054281115e+05 2.349170062768330099e+05 2.349171720813159191e+05 2.349171056454116188e+05 2.349173894783837022e+05 1.631991892367496039e+05 2.164827765606753237e+05 2.349172103195945965e+05
1.641873283252599649e+05 1.715400290292724967e+05 1.715401036670205358e+05 1.715402511695051799e+05 1.951279311110790586e+05 1.468075381247798796e+05 1.361543696309087973e+05 3.770112076514300134e+04 1.715401803193551023e+05 1.715403156850588275e+05 2.557454707300619339e+05 1.052579037242469058e+05 4.002626648015403771e+05 1.715402818163244228e+05 7.751762914877172443e+04 3.398477147417388042e+05 1.715398281352592167e+05 7.630255948170307965e+04 1.715399300932637416e+05 1.715401424888772308e+05 1.715400990098289913e+05 1.715403124616102432e+05 6.052647606691634428e+04 1.556640634791700577e+05 1.715401911272348079e+05
2.235770499583150377e+04 8.171475554941276641e+03 8.171522409478276131e+03 8.171594030884459244e+03 2.794097431419389904e+05 6.660236379483951896e+04 2.349171612362322630e+05 1.715401803193551023e+05 2.179341995979281819e+03 1.143961631865167510e+04 3.371528085501902387e+05 1.051825045035173534e+05 4.735195843296744279e+05 7.938085847437053417e+03 1.987994055317312886e+05 4.060239032466683420e+05 8.171212085425455371e+03 1.270162963793009694e+05 8.171341288446960789e+03 8.171516817061064103e+03 8.171368647803987187e+03 3.969718190216912262e+03 1.517437880567422253e+05 4.182413388098006544e+04 8.171470785503657680e+03
1.535454787597589529e+04 1.960954302080172056e+04 1.960956547332214905e+04 1.960966989517460024e+04 2.794099582047806471e+05 6.170041478436286707e+04 2.349173633089705545e+05 1.715403156850588275e+05 1.143961631865167510e+04 8.454452568924773459e+02 3.371528690849223640e+05 1.000582354834979487e+05 4.735197211378925713e+05 3.969690495925173309e+03 1.987995341151177126e+05 4.060239416577679804e+05 1.960921625666239925e+04 1.221143901472316647e+05 1.960946078692817537e+04 1.960961584758538811e+04 1.960952252271768884e+04 7.693684915610044300e+03 1.475420492757484026e+05 3.536949537008659536e+04 1.960967633932610988e+04
3.297999205914448830e+05 3.371525077847336070e+05 3.371525186042279820e+05 3.371527006364109693e+05 1.825272875780994655e+05 3.175451409915307886e+05 2.045715418532246549e+05 2.557454707300619048e+05 3.371528085501901805e+05 3.371528690849224804e+05 8.864950958816474304e+04 2.877531119600342936e+05 3.085902035474972217e+05 3.371527781983456225e+05 2.413813563714652846e+05 2.306549197231641156e+05 3.371524246056673001e+05 2.803361241536859889e+05 3.371524847911495017e+05 3.371527315286900266e+05 3.371526919956483180e+05 3.371527630869157147e+05 2.704876240083838929e+05 3.219022735025816364e+05 3.371526392511182930e+05
8.735231437126761011e+04 1.051822191475503496e+05 1.051823102443108946e+05 1.051823968556776090e+05 2.244564509098262351e+05 6.249268695519860921e+04 1.728337458504652604e+05 1.052579037242469058e+05 1.051825045035173534e+05 1.000582354834979487e+05 2.877531119600343518e+05 1.228558992111803127e+04 4.202984828023606096e+05 1.037820554717944906e+05 1.413672300231714034e+05 3.479008459148321417e+05 1.051819615849505208e+05 4.592989689335874573e+04 1.051821278289981128e+05 1.051824927698292740e+05 1.051824425696435064e+05 1.051824813583342038e+05 8.155755902024335228e+04 7.999056163180564181e+04 1.051824018383778457e+05
4.661668026311601861e+05 4.735194310862733400e+05 4.735194672124705976e+05 4.735195746231345111e+05 3.497339008988046553e+05 4.504104669099456514e+05 3.623803966192494263e+05 4.002626648015404353e+05 4.735195843296744279e+05 4.735197211378925713e+05 3.085902035474973381e+05 4.202984828023606096e+05 1.231869566559957311e+05 4.735197169825767050e+05 3.878052040196478483e+05 2.540353479971631896e+05 4.735194060584395775e+05 4.185089182530935504e+05 4.735194541782083688e+05 4.735195525325234048e+05 4.735195459229061962e+05 4.735196310682513285e+05 4.090940617047211272e+05 4.582691811339876149e+05 4.735195222982946434e+05
1.932299473612555084e+04 1.610809956729780606e+04 1.610814173696545186e+04 1.610825474070173732e+04 2.794098821483636857e+05 6.520179415149053239e+04 2.349172870461850252e+05 1.715402818163244228e+05 7.938085847437053417e+03 3.969690495925173309e+03 3.371527781983456807e+05 1.037820554717944906e+05 4.735197169825767050e+05 2.001476537942085315e+03 1.987995310482171481e+05 4.060239081813332741e+05 1.610780297603510371e+04 1.256158477784852294e+05 1.610800700212199627e+04 1.610818080287024168e+04 1.610808576378725411e+04 3.969832821408761902e+03 1.505432704459779488e+05 3.897104051668473403e+04 1.610820328415283620e+04
1.914466001021160919e+05 1.987992647259790101e+05 1.987993422095760179e+05 1.987995262913203042e+05 1.713955700466450944e+05 1.721110236012448440e+05 1.153488489430541376e+05 7.751762914877173898e+04 1.987994055317312595e+05 1.987995341151177417e+05 2.413813563714652846e+05 1.413672300231714034e+05 3.878052040196477901e+05 1.987995310482171481e+05 2.453223807573401791e+04 3.219435732107744552e+05 1.987990917839526956e+05 1.193409205439022335e+05 1.987991607120394765e+05 1.987993889235890820e+05 1.987992863790526171e+05 1.987995501782059437e+05 9.998239448676577013e+04 1.815244506854224892e+05 1.987994592883869773e+05
3.986710425203897175e+05 4.060236343320149463e+05 4.060236666860396508e+05 4.060238141830542008e+05 2.680535781041442533e+05 3.780128695528909448e+05 2.946246170228363480e+05 3.398477147417389206e+05 4.060239032466683420e+05 4.060239416577679804e+05 2.306549197231641447e+05 3.479008459148321999e+05 2.540353479971631896e+05 4.060239081813332741e+05 3.219435732107744552e+05 1.058959039196044760e+05 4.060235863239747123e+05 3.515579373526209965e+05 4.060236481693229871e+05 4.060238854369533947e+05 4.060237825034114067e+05 4.060238658217681805e+05 3.465002092313999310e+05 3.902287391154866200e+05 4.060237641933402047e+05
3.052723873063513747e+04 8.345644416280814104e-01 9.305828702233557292e-01 1.101375913455635125e+00 2.794095227760424605e+05 6.660200255735649262e+04 2.349169396194111905e+05 1.715398281352592167e+05 8.171212085425455371e+03 1.960921625666240288e+04 3.371524246056673583e+05 1.051819615849505353e+05 4.735194060584396357e+05 1.610780297603510371e+04 1.987990917839526956e+05 4.060235863239747705e+05 3.768078086123372028e-01 1.270159342156913626e+05 4.902772373417580638e+03 1.149501461167730332e+00 4.903091057195763824e+03 1.213944489311639700e+04 1.517432316799922555e+05 4.472840641586917627e+04 4.903099368418148515e+03
1.147614234908696963e+05 1.270161732478448976e+05 1.270162613400222035e+05 1.270163299560661544e+05 2.169729265236039355e+05 9.391751842756985570e+04 1.675615916054281115e+05 7.630255948170307965e+04 1.270162963793009840e+05 1.221143901472316938e+05 2.803361241536859307e+05 4.592989689335874573e+04 4.185089182530933758e+05 1.256158477784852294e+05 1.193409205439022335e+05 3.515579373526209383e+05 1.270159342156913626e+05 2.375927992238109800e+04 1.270160895536455355e+05 1.270162852669721033e+05 1.270162470442472259e+05 1.270164383232649707e+05 5.296617370546740858e+04 1.052649698824260122e+05 1.270163588705214352e+05
3.052745244317605466e+04 4.903006028559300830e+03 4.903150422031917515e+03 4.903291415442925427e+03 2.794096041647228412e+05 6.170022280947179388e+04 2.349170062768330099e+05 1.715399300932637707e+05 8.171341288446960789e+03 1.960946078692817900e+04 3.371524847911495017e+05 1.051821278289981128e+05 4.735194541782084852e+05 1.610800700212199627e+04 1.987991607120394765e+05 4.060236481693229871e+05 4.902772373417580638e+03 1.270160895536455355e+05 5.379209729252881766e-01 4.903372709959304302e+03 1.146311355546280275e+00 1.213956060334660469e+04 1.517433837257566338e+05 3.982661520872493566e+04 1.142940390380980276e+00
3.052762206926236831e+04 1.372481942453595449e+00 1.399051281739410291e+00 1.351748839787348055e+00 2.794097419648731011e+05 6.660236282424416277e+04 2.349171720813159191e+05 1.715401424888772308e+05 8.171516817061064103e+03 1.960961584758538811e+04 3.371527315286900848e+05 1.051824927698292740e+05 4.735195525325234630e+05 1.610818080287024168e+04 1.987993889235890820e+05 4.060238854369534529e+05 1.149501461167730554e+00 1.270162852669721033e+05 4.903372709959304302e+03 6.185839360436443668e-01 4.903403195641743878e+03 1.213986579005806016e+04 1.517437320789629885e+05 4.472893376575093862e+04 4.903485235919514707e+03
3.052754576560601345e+04 4.903329704701485753e+03 4.903339823994834660e+03 4.903494773897948107e+03 2.794096690265080542e+05 6.170036280732418527e+04 2.349171056454116188e+05 1.715400990098289913e+05 8.171368647803987187e+03 1.960952252271768884e+04 3.371526919956482016e+05 1.051824425696435064e+05 4.735195459229061962e+05 1.610808576378725229e+04 1.987992863790526462e+05 4.060237825034113484e+05 4.903091057195763824e+03 1.270162470442472259e+05 1.146311355546280275e+00 4.903403195641743878e+03 6.137436089190503319e-01 1.213984766271691296e+04 1.517436775472191221e+05 3.982689673286573088e+04 1.299939852180834077e+00
2.072373680162604796e+04 1.213969717878436495e+04 1.213977641496860087e+04 1.213985360161114295e+04 2.794099470282520051e+05 6.660246899073384702e+04 2.349173894783837022e+05 1.715403124616102432e+05 3.969718190216912262e+03 7.693684915610045209e+03 3.371527630869156565e+05 1.051824813583342038e+05 4.735196310682513285e+05 3.969832821408762356e+03 1.987995501782059437e+05 4.060238658217681805e+05 1.213944489311639700e+04 1.270164383232649707e+05 1.213956060334660106e+04 1.213986579005806016e+04 1.213984766271691296e+04 2.446059748636514541e+03 1.517436774938479648e+05 4.037150637649287819e+04 1.213974370491339323e+04
1.401890849222712277e+05 1.517434580830866180e+05 1.517435097429429588e+05 1.517435946365862619e+05 2.092407016816960240e+05 1.181303800809485547e+05 1.631991892367496039e+05 6.052647606691634428e+04 1.517437880567422253e+05 1.475420492757484026e+05 2.704876240083838929e+05 8.155755902024336683e+04 4.090940617047210108e+05 1.505432704459779488e+05 9.998239448676577013e+04 3.465002092313998146e+05 1.517432316799922555e+05 5.296617370546740858e+04 1.517433837257566338e+05 1.517437320789629885e+05 1.517436775472191221e+05 1.517436774938479648e+05 1.452973727982838500e+04 1.299642415556168853e+05 1.517436102409673331e+05
2.641783179163760360e+04 4.472866528189780365e+04 4.472877547543424589e+04 4.472888583271015523e+04 2.636148386809183867e+05 2.817408486624423313e+04 2.164827765606753237e+05 1.556640634791700577e+05 4.182413388098006544e+04 3.536949537008659536e+04 3.219022735025815782e+05 7.999056163180564181e+04 4.582691811339876149e+05 3.897104051668472675e+04 1.815244506854225183e+05 3.902287391154865618e+05 4.472840641586917627e+04 1.052649698824260122e+05 3.982661520872493566e+04 4.472893376575093862e+04 3.982689673286573088e+04 4.037150637649287819e+04 1.299642415556168853e+05 1.071986626074296692e+04 3.982689758121568593e+04
3.052769937601279526e+04 4.903286227095831237e+03 4.903338179690900688e+03 4.903394573532548748e+03 2.794097946435997146e+05 6.170051872904705669e+04 2.349172103195946547e+05 1.715401911272348079e+05 8.171470785503657680e+03 1.960967633932610988e+04 3.371526392511182930e+05 1.051824018383778457e+05 4.735195222982946434e+05 1.610820328415283257e+04 1.987994592883870064e+05 4.060237641933402047e+05 4.903099368418148515e+03 1.270163588705214352e+05 1.142940390380980276e+00 4.903485235919514707e+03 1.299939852180834077e+00 1.213974370491339323e+04 1.517436102409673331e+05 3.982689758121568593e+04 6.162816743932449937e-01
