2.003968253968257118e-01 1.428584285714285797e+05 1.563492063492063711e+00 1.682539682539682335e+00 7.142979960317458608e+04 1.428585000000000000e+05 4.762034523809528037e+04 1.470238095238095344e+00 1.428583571428571304e+05 1.428583214285714203e+05 1.428584226190476038e+05 1.428581249999998836e+05 1.552813586956520157e+05 2.142873869047619228e+05 1.428580652173912968e+05 1.428588571428571304e+05 1.428584285714285797e+05 7.142976388888886140e+04 7.142978373015871330e+04 1.428584285714285797e+05 1.326542857142856810e+05 1.428584285714285797e+05 7.142957246376811236e+04 2.142870357142857101e+05 1.345570837030464650e+00
1.428584285714285797e+05 2.003968253968254343e-01 1.428583571428571304e+05 1.428583521825396747e+05 1.428583928571428405e+05 1.214285714285714191e+00 1.349218769841268950e+05 1.428580833333333139e+05 1.351190476190476497e+00 1.420634920634920917e+00 1.082556935817805543e+00 6.746031746031745380e-01 1.552808477829535841e+05 2.142872271825396747e+05 1.112836438923395566e+00 1.428584087301587278e+05 1.038832199546485313e+00 1.428584464285714203e+05 1.428583035714285506e+05 1.081632653061224580e+00 2.040944897959181253e+04 8.750000000000001110e-01 1.428585010351966775e+05 2.142870317460317456e+05 1.428585287698412722e+05
1.563492063492063711e+00 1.428583571428571304e+05 1.567460317460316888e-01 1.158730158730158832e+00 7.143021428571427532e+04 1.428582321428571304e+05 4.762025198412702593e+04 1.404761904761905100e+00 1.428585357142857101e+05 1.428584642857142899e+05 1.428582797619047633e+05 1.428578392857141444e+05 1.552810729813663056e+05 2.142872559523809759e+05 1.428582080745341664e+05 1.428586924603174557e+05 1.428582857142857101e+05 7.143030357142855064e+04 7.142998214285713038e+04 1.428582976190476038e+05 1.326544999999999709e+05 1.428582857142857101e+05 7.143021532091096742e+04 2.142874107142857101e+05 1.166999408459035825e+00
1.682539682539682335e+00 1.428583521825396456e+05 1.158730158730158832e+00 2.041446208112875083e-01 7.143040476190474874e+04 1.428583020833333139e+05 4.762018650793654524e+04 1.400793650793651146e+00 1.428584618055555329e+05 1.428583928571428405e+05 1.428582083333333139e+05 1.428579097222220444e+05 1.552808581996202702e+05 2.142870406746031949e+05 1.428582780150103499e+05 1.428584742063491722e+05 1.428582142857142899e+05 7.143026388888886140e+04 7.143022817460315127e+04 1.428582251984126924e+05 1.326544999999999709e+05 1.428583903769840836e+05 7.143030460662524274e+04 2.142871949404761835e+05 1.456681948141575589e+00
7.142979960317458608e+04 1.428583928571428405e+05 7.143021428571427532e+04 7.143040476190474874e+04 3.672822836338905383e-01 1.428584285714285797e+05 1.190491283068783378e+05 7.142981481481481751e+04 1.428582142857142899e+05 1.428582222222222190e+05 1.428582797619047633e+05 1.428581646825395583e+05 8.385254917184246005e+04 1.428586527777777810e+05 1.428580215665976575e+05 7.143012414965985226e+04 1.428584166666666570e+05 8.030538302277440144e-01 1.104641131815044863e+00 1.428584285714285797e+05 1.326540998830849421e+05 1.428583928571428405e+05 1.428582272256728611e+05 1.428584047619047342e+05 7.143012301587300317e+04
1.428585000000000000e+05 1.214285714285714635e+00 1.428582321428571304e+05 1.428583020833333139e+05 1.428584285714285797e+05 1.567460317460317998e-01 1.349219543650792621e+05 1.428581785714285506e+05 1.091269841269841168e+00 1.035714285714285809e+00 9.955357142857145236e-01 6.542658730158729119e-01 1.552807193107313651e+05 2.142868710317460354e+05 9.362275707384402068e-01 1.428585347222221899e+05 1.064342403628117939e+00 1.428584107142857101e+05 1.428582678571428405e+05 1.039399092970521465e+00 2.040955102040813290e+04 1.119047619047619291e+00 1.428585188923395181e+05 2.142868705357142899e+05 1.428584285714285797e+05
4.762034523809528037e+04 1.349218769841268950e+05 4.762025198412702593e+04 4.762018650793654524e+04 1.190491283068783378e+05 1.349219543650792621e+05 4.056467393846502819e+04 4.762057142857147119e+04 1.349218293650792621e+05 1.349217579365078418e+05 1.349220019841269241e+05 1.349215535714283760e+05 1.464629155739589187e+05 2.142870773809524253e+05 1.349214901789672440e+05 1.031764345238095411e+05 1.349220079365078418e+05 1.190489940476190823e+05 1.190489583333333576e+05 1.349220198412697646e+05 1.247177418963173404e+05 1.349220793650792912e+05 3.174732560686533907e+04 2.142873750000000000e+05 4.762001816577296995e+04
1.470238095238095344e+00 1.428580833333333139e+05 1.404761904761905100e+00 1.400793650793651146e+00 7.142981481481481751e+04 1.428581785714285506e+05 4.762057142857148574e+04 3.968253968253967479e-01 1.428583839285714494e+05 1.428583750000000000e+05 1.428579761904762127e+05 1.428578392857141444e+05 1.552810372670805664e+05 2.142872202380952658e+05 1.428582199792960892e+05 1.428584999999999709e+05 1.428580714285714203e+05 7.142982142857143481e+04 7.142979166666667152e+04 1.428581428571428696e+05 1.326540572562358284e+05 1.428581031746031658e+05 7.143009032091098197e+04 2.142871071428571595e+05 1.486727299615498321e+00
1.428583571428571304e+05 1.351190476190476497e+00 1.428585357142857101e+05 1.428584618055555620e+05 1.428582142857142899e+05 1.091269841269841168e+00 1.349218293650792621e+05 1.428583839285714203e+05 3.525132275132275006e-01 9.747023809523810423e-01 1.018849206349206504e+00 8.968253968253967479e-01 1.552807277432710398e+05 2.142868169642857392e+05 8.682712215320910198e-01 1.428584345885092916e+05 1.128991874527588646e+00 1.428581607142857101e+05 1.428581071428571304e+05 1.329081632653061673e+00 2.040928316326528511e+04 1.398809523809523725e+00 1.428583203933747136e+05 2.142869980158730177e+05 1.428583000992063317e+05
1.428583214285714203e+05 1.420634920634920917e+00 1.428584642857142899e+05 1.428583928571428405e+05 1.428582222222222190e+05 1.035714285714285587e+00 1.349217579365078418e+05 1.428583750000000000e+05 9.747023809523809312e-01 1.567460317460318553e-01 1.149801587301587436e+00 8.621031746031746490e-01 1.552808557194615423e+05 2.142865753968253848e+05 7.259101104209799704e-01 1.428586527777777810e+05 1.050736961451247398e+00 1.428582043650793785e+05 1.428580456349206215e+05 1.128684807256236100e+00 2.040928571428569558e+04 1.333333333333333481e+00 1.428583760351966775e+05 2.142867460317460354e+05 1.428582500000000000e+05
1.428584226190476038e+05 1.082556935817805543e+00 1.428582797619047633e+05 1.428582083333333430e+05 1.428582797619047633e+05 9.955357142857145236e-01 1.349220019841269241e+05 1.428579761904761835e+05 1.018849206349206282e+00 1.149801587301587436e+00 2.355803852732019643e-01 6.428571428571430157e-01 1.552804630920498166e+05 2.142869573412698228e+05 1.000701383262819766e+00 1.428581150474840251e+05 7.103914029379868600e-01 1.428582976190476329e+05 1.428582380952381063e+05 9.977324263038550578e-01 2.040950687358273717e+04 1.170138888888889062e+00 1.428584375431331864e+05 2.142867554563492013e+05 1.428584940476190532e+05
1.428581249999998836e+05 6.746031746031745380e-01 1.428578392857141444e+05 1.428579097222221026e+05 1.428581646825395583e+05 6.542658730158729119e-01 1.349215535714283760e+05 1.428578392857141444e+05 8.968253968253967479e-01 8.621031746031746490e-01 6.428571428571430157e-01 6.448412698412697708e-02 1.552805725069009932e+05 2.142869662698411266e+05 5.265269151138713966e-01 1.428581909722221026e+05 6.926020408163264808e-01 1.428581071428570140e+05 1.428580277777776355e+05 7.903911564625849540e-01 2.040904166666663878e+04 7.509920634920634885e-01 1.428582450828156143e+05 2.142868219246030494e+05 1.428580892857141735e+05
1.552813586956520157e+05 1.552808477829535841e+05 1.552810729813663056e+05 1.552808581996202702e+05 8.385254917184246005e+04 1.552807193107313651e+05 1.464629155739589187e+05 1.552810372670805664e+05 1.552807277432710398e+05 1.552808557194615423e+05 1.552804630920498166e+05 1.552805725069009932e+05 4.521561082834882836e+04 7.488042748830631899e+04 1.552807731756532157e+05 6.797922950034594396e+04 1.552806260567631107e+05 8.385251940993769676e+04 8.385265036231865815e+04 1.552806677234297676e+05 1.450770015527948563e+05 1.552807793305726373e+05 1.394081569973293226e+05 7.488054725241566484e+04 1.552812108781916904e+05
2.142873869047619228e+05 2.142872271825396747e+05 2.142872559523809759e+05 2.142870406746031949e+05 1.428586527777777810e+05 2.142868710317460354e+05 2.142870773809523671e+05 2.142872202380952367e+05 2.142868169642857392e+05 2.142865753968253848e+05 2.142869573412698519e+05 2.142869662698411266e+05 7.488042748830630444e+04 2.720458553791879619e-01 2.142867212301587278e+05 1.428587880527210946e+05 2.142870436507936683e+05 1.428586091269841127e+05 1.428585555555555329e+05 2.142870674603174557e+05 2.040829464285714785e+05 2.142871949404761835e+05 2.142872797619047633e+05 1.237103174603173539e+00 2.142869826388889051e+05
1.428580652173912968e+05 1.112836438923395566e+00 1.428582080745341664e+05 1.428582780150103499e+05 1.428580215665976575e+05 9.362275707384402068e-01 1.349214901789672440e+05 1.428582199792960892e+05 8.682712215320910198e-01 7.259101104209799704e-01 1.000701383262819766e+00 5.265269151138713966e-01 1.552807731756532157e+05 2.142867212301587278e+05 2.671805559723013368e-01 1.428584113931647153e+05 1.135134246935489255e+00 1.428580433919944917e+05 1.428578648205659119e+05 1.016797298629596780e+00 2.040899861223629705e+04 1.014104554865424390e+00 1.428580857412908517e+05 2.142867792658730177e+05 1.428579357531055866e+05
1.428588571428571304e+05 1.428584087301587278e+05 1.428586924603174557e+05 1.428584742063492013e+05 7.143012414965985226e+04 1.428585347222221899e+05 1.031764345238095411e+05 1.428584999999999709e+05 1.428584345885092916e+05 1.428586527777777810e+05 1.428581150474840251e+05 1.428581909722221026e+05 6.797922950034594396e+04 1.428587880527210946e+05 1.428584113931647153e+05 3.286981031498018013e-01 1.428582316468253557e+05 7.143030867346939340e+04 7.143022534013605036e+04 1.428582495039682544e+05 1.326547099125364621e+05 1.428583586309523671e+05 7.143013591457376606e+04 1.428582949971655325e+05 1.428588477182539355e+05
1.428584285714285797e+05 1.038832199546485313e+00 1.428582857142857101e+05 1.428582142857142899e+05 1.428584166666666570e+05 1.064342403628117939e+00 1.349220079365078418e+05 1.428580714285714203e+05 1.128991874527589090e+00 1.050736961451247398e+00 7.103914029379868600e-01 6.926020408163264808e-01 1.552806260567631107e+05 2.142870436507936683e+05 1.135134246935489255e+00 1.428582316468253557e+05 3.087949465500485768e-01 1.428583849206349114e+05 1.428583035714285506e+05 8.302154195011337556e-01 2.040951923388400610e+04 1.088435374149660184e+00 1.428585149240855535e+05 2.142867876984126924e+05 1.428585000000000000e+05
7.142976388888886140e+04 1.428584464285714203e+05 7.143030357142855064e+04 7.143026388888886140e+04 8.030538302277440144e-01 1.428584107142857101e+05 1.190489940476190823e+05 7.142982142857143481e+04 1.428581607142857101e+05 1.428582043650793785e+05 1.428582976190476329e+05 1.428581071428570140e+05 8.385251940993769676e+04 1.428586091269841127e+05 1.428580433919944917e+05 7.143030867346939340e+04 1.428583849206349114e+05 2.093253968253974417e-01 1.241071428571428825e+00 1.428584464285714203e+05 1.326539719387755322e+05 1.428584464285714203e+05 1.428583403209109674e+05 1.428585178571428405e+05 7.143013095238093229e+04
7.142978373015871330e+04 1.428583035714285506e+05 7.142998214285713038e+04 7.143022817460315127e+04 1.104641131815044863e+00 1.428582678571428405e+05 1.190489583333333576e+05 7.142979166666667152e+04 1.428581071428571304e+05 1.428580456349206215e+05 1.428582380952381063e+05 1.428580277777776355e+05 8.385265036231865815e+04 1.428585555555555329e+05 1.428578648205659119e+05 7.143022534013605036e+04 1.428583035714285506e+05 1.241071428571428825e+00 1.795634920634920362e-01 1.428582321428571304e+05 1.326538786848072778e+05 1.428581607142857101e+05 1.428584355590062041e+05 1.428585773809523671e+05 7.143005555555554747e+04
1.428584285714285797e+05 1.081632653061224580e+00 1.428582976190476038e+05 1.428582251984126924e+05 1.428584285714285797e+05 1.039399092970521465e+00 1.349220198412697646e+05 1.428581428571428405e+05 1.329081632653061673e+00 1.128684807256236100e+00 9.977324263038550578e-01 7.903911564625849540e-01 1.552806677234297676e+05 2.142870674603174557e+05 1.016797298629596780e+00 1.428582495039682253e+05 8.302154195011337556e-01 1.428584464285714203e+05 1.428582321428571304e+05 1.464609653385166854e-01 2.040952769679297489e+04 9.625850340136055117e-01 1.428585248447204940e+05 2.142868655753968342e+05 1.428585000000000000e+05
1.326542857142856810e+05 2.040944897959181253e+04 1.326544999999999709e+05 1.326544999999999709e+05 1.326540998830849421e+05 2.040955102040813290e+04 1.247177418963173404e+05 1.326540572562357993e+05 2.040928316326528511e+04 2.040928571428569558e+04 2.040950687358273717e+04 2.040904166666663878e+04 1.450770015527948563e+05 2.040829464285714785e+05 2.040899861223629705e+04 1.326547099125364330e+05 2.040951923388400610e+04 1.326539719387755031e+05 1.326538786848072486e+05 2.040952769679297489e+04 3.207016680896408798e+04 2.040952040816324006e+04 1.326543836882578616e+05 2.040830357142857683e+05 1.326541861030126165e+05
1.428584285714285797e+05 8.750000000000001110e-01 1.428582857142857101e+05 1.428583903769841127e+05 1.428583928571428405e+05 1.119047619047619291e+00 1.349220793650792912e+05 1.428581031746031658e+05 1.398809523809523725e+00 1.333333333333333481e+00 1.170138888888889062e+00 7.509920634920634885e-01 1.552807793305726373e+05 2.142871949404761835e+05 1.014104554865424390e+00 1.428583586309523671e+05 1.088435374149660184e+00 1.428584464285714203e+05 1.428581607142857101e+05 9.625850340136055117e-01 2.040952040816324006e+04 3.293650793650795827e-01 1.428584633367839851e+05 2.142870218253968342e+05 1.428584667658730177e+05
7.142957246376811236e+04 1.428585010351966775e+05 7.143021532091096742e+04 7.143030460662525729e+04 1.428582272256728611e+05 1.428585188923395181e+05 3.174732560686533179e+04 7.143009032091096742e+04 1.428583203933747136e+05 1.428583760351966775e+05 1.428584375431331864e+05 1.428582450828156143e+05 1.394081569973293226e+05 2.142872797619047633e+05 1.428580857412908517e+05 7.143013591457376606e+04 1.428585149240855535e+05 1.428583403209109674e+05 1.428584355590062041e+05 1.428585248447204940e+05 1.326543836882578616e+05 1.428584633367839851e+05 4.245994238905393403e-01 2.142869464285714494e+05 7.142985732771368930e+04
2.142870357142857101e+05 2.142870317460317456e+05 2.142874107142857101e+05 2.142871949404761835e+05 1.428584047619047342e+05 2.142868705357142899e+05 2.142873750000000000e+05 2.142871071428571304e+05 2.142869980158730177e+05 2.142867460317460354e+05 2.142867554563492304e+05 2.142868219246030494e+05 7.488054725241565029e+04 1.237103174603173539e+00 2.142867792658730177e+05 1.428582949971655325e+05 2.142867876984126924e+05 1.428585178571428405e+05 1.428585773809523671e+05 2.142868655753968342e+05 2.040830357142857683e+05 2.142870218253968342e+05 2.142869464285714494e+05 2.867063492063492425e-01 2.142873234126984316e+05
1.345570837030464650e+00 1.428585287698412722e+05 1.166999408459035825e+00 1.456681948141575589e+00 7.143012301587300317e+04 1.428584285714285797e+05 4.762001816577296995e+04 1.486727299615498321e+00 1.428583000992063317e+05 1.428582500000000000e+05 1.428584940476190532e+05 1.428580892857141735e+05 1.552812108781916904e+05 2.142869826388889051e+05 1.428579357531055866e+05 1.428588477182539355e+05 1.428585000000000000e+05 7.143013095238093229e+04 7.143005555555554747e+04 1.428585000000000000e+05 1.326541861030126165e+05 1.428584667658730177e+05 7.142985732771368930e+04 2.142873234126984316e+05 3.637522634402577393e-01
