2.532336718312100857e+04 3.603751374034456967e+04 2.777798132274476229e+05 2.777792972401297302e+05 2.777795694109821925e+05 2.222241498595542507e+05 2.777798268842474790e+05 2.777796647716739099e+05 2.777793182139311684e+05 2.777797879666233202e+05 2.777797303501912393e+05 2.777797656615531887e+05 2.777793626756493468e+05 2.777797815809943713e+05 2.777796755498578423e+05 2.685203838885073783e+05 1.433300866372081509e+05 2.777792112754742266e+05 2.777794738781215274e+05 2.777797127348098438e+05 2.777797047949268599e+05 2.777796238484066562e+05 2.777798419821869466e+05 2.777800473119422095e+05 2.777797384930297849e+05
3.603751374034456967e+04 6.993857261468272579e-01 2.777798096058903611e+05 2.777791531728627160e+05 2.777794046970682684e+05 2.222240810486113187e+05 2.777796240058839321e+05 2.777795413563943584e+05 2.777791153649347834e+05 2.777797602836193400e+05 2.777797159159739385e+05 2.777796664373833337e+05 2.777792017084854306e+05 2.777797877357834950e+05 2.777795663214883534e+05 2.685203695437221904e+05 1.686523080986717832e+05 2.777791175944318529e+05 2.777793397884160513e+05 2.777797297620573663e+05 2.777796464267779957e+05 2.777795030675300513e+05 2.777798736507123103e+05 2.777799378985518124e+05 2.777797284758164897e+05
2.777798132274476229e+05 2.777798096058903611e+05 5.656553614882275927e-01 1.453094328721367789e+00 1.900407557356051047e+00 2.222240489446144202e+05 1.981449786861694040e+00 2.021069762649402524e+00 1.706859715107938769e+00 2.070136437479580316e+00 2.019754236782802526e+00 1.946492245648533848e+00 1.773379103632827025e+00 2.070886364074516983e+00 2.007654817620879495e+00 1.146168382515238045e+05 2.433882660343144962e+05 1.204467615546237935e+00 1.857450837909430552e+00 2.016234005043126665e+00 2.085421873624265121e+00 1.951550667897698155e+00 2.141303548448118210e+00 2.323244803075217302e+00 1.823265764530338062e+00
2.777792972401297302e+05 2.777791531728627160e+05 1.453094328721367789e+00 2.699151169312236642e-01 1.265099693315434815e+00 2.222234675988497911e+05 1.503549511263310823e+00 1.391747058608733267e+00 7.698118570805186911e-01 1.470132644586867876e+00 1.499825961091587168e+00 1.457171544081992121e+00 9.751590271056637116e-01 1.441430864894649000e+00 1.417739994798477676e+00 1.146160353295329260e+05 2.433875552372531674e+05 4.885891302404708481e-01 1.055416549867930653e+00 1.471092277920909464e+00 1.406641064382470274e+00 1.335515857286015073e+00 1.577147384120356266e+00 1.611242302517003067e+00 1.479675836912941467e+00
2.777795694109821925e+05 2.777794046970682684e+05 1.900407557356051047e+00 1.265099693315434815e+00 4.270358067837391469e-01 2.222238800162997213e+05 1.958479638696228653e+00 1.741607284737199057e+00 1.390351224960910459e+00 2.172990073577581338e+00 1.929822264842781188e+00 1.862138937315243936e+00 1.474309938032836387e+00 2.052919431030678865e+00 1.304069853855894356e+00 1.146163961951998353e+05 2.433879069923357747e+05 1.112502545389610464e+00 1.328905864679158277e+00 1.903332328927567207e+00 1.640771109068852596e+00 1.208369458441163946e+00 2.081993980693071400e+00 2.172389005465654943e+00 1.885535959801212691e+00
2.222241498595542507e+05 2.222240810486113187e+05 2.222240489446144202e+05 2.222234675988497911e+05 2.222238800162997213e+05 5.447684296964927508e-01 2.222242431463580870e+05 2.222240187448850775e+05 2.222234928961874684e+05 2.222242508018412336e+05 2.222242097207781335e+05 2.222242223979357223e+05 2.222236952875765273e+05 2.222241301726150268e+05 2.222238989483981859e+05 1.076091596989759710e+05 9.261209296565364639e+04 2.222234811610914476e+05 2.222237867274220916e+05 2.222241715589958476e+05 2.222240254439849232e+05 2.222239556230968446e+05 2.222241431885369821e+05 2.222243077633843350e+05 2.222241350975284877e+05
2.777798268842474790e+05 2.777796240058839321e+05 1.981449786861694040e+00 1.503549511263310823e+00 1.958479638696228653e+00 2.222242431463580870e+05 4.972035695382426290e-01 1.840704317851858285e+00 1.730492622985334350e+00 2.331421932314236667e+00 1.855536585332111299e+00 1.625294580041054093e+00 1.685000948131525345e+00 2.132354601013493500e+00 1.978767211306916574e+00 1.146167218327845185e+05 2.433880658763818792e+05 1.148075239699967609e+00 1.745977341855953213e+00 1.720431275911414648e+00 1.961178559965281121e+00 1.993063862483477555e+00 2.153532398251948532e+00 2.399350049252868544e+00 2.097971266545849645e+00
2.777796647716739099e+05 2.777795413563943584e+05 2.021069762649403412e+00 1.391747058608733267e+00 1.741607284737199057e+00 2.222240187448850775e+05 1.840704317851858285e+00 6.457211938627570591e-01 1.496763562785675017e+00 2.266155568477226101e+00 1.877254263698424408e+00 1.757044057122006731e+00 1.627026848863127872e+00 2.232546700701477871e+00 1.652287401049313376e+00 1.146164875617322105e+05 2.433879547028381785e+05 1.178951897098314161e+00 1.627042657400433079e+00 1.847363429851254457e+00 1.627831341852230995e+00 1.591126700560911100e+00 2.258579121407938484e+00 2.133328870360325258e+00 2.027620990023058400e+00
2.777793182139311684e+05 2.777791153649347834e+05 1.706859715107938102e+00 7.698118570805186911e-01 1.390351224960909793e+00 2.222234928961874102e+05 1.730492622985334128e+00 1.496763562785674795e+00 4.881289488860015013e-01 1.650124124744001497e+00 1.662667713319851970e+00 1.582286171624083471e+00 8.789625780017080725e-01 1.686706426766640066e+00 1.513214239935394501e+00 1.146161516957801941e+05 2.433875711720635591e+05 7.882528829576861407e-01 1.043182755627513503e+00 1.631260035000162256e+00 1.552725011268207389e+00 1.351678414662594196e+00 1.652906685672389298e+00 1.745456238818542616e+00 1.753895388682136458e+00
2.777797879666233202e+05 2.777797602836193400e+05 2.070136437479580316e+00 1.470132644586867876e+00 2.172990073577581338e+00 2.222242508018412336e+05 2.331421932314237111e+00 2.266155568477226101e+00 1.650124124744001497e+00 5.696969590560527763e-01 2.247105254923966289e+00 2.184799746067719095e+00 1.788616059484938958e+00 2.331895427086588590e+00 2.290263571089090622e+00 1.146168551384669117e+05 2.433882971638258314e+05 1.452411603565103571e+00 1.920580556061292965e+00 2.198448448448448111e+00 2.135987040016285476e+00 2.286922956474705781e+00 1.789660905798639901e+00 2.283167927623022564e+00 2.270285137347363591e+00
2.777797303501912393e+05 2.777797159159739385e+05 2.019754236782802526e+00 1.499825961091587168e+00 1.929822264842780744e+00 2.222242097207781335e+05 1.855536585332111299e+00 1.877254263698424408e+00 1.662667713319851748e+00 2.247105254923966289e+00 5.215344417151153156e-01 1.986197042522586553e+00 1.633746115843419000e+00 1.860221441747568205e+00 1.770971354265289177e+00 1.146168552083492395e+05 2.433881995038880268e+05 1.135490482171969573e+00 1.762102299738133704e+00 1.715545615877521302e+00 1.886492483042698121e+00 1.929557600313998700e+00 2.160910385393231881e+00 2.287973640910198725e+00 1.895587354042164163e+00
2.777797656615531887e+05 2.777796664373833337e+05 1.946492245648533848e+00 1.457171544081991899e+00 1.862138937315243492e+00 2.222242223979357223e+05 1.625294580041054093e+00 1.757044057122006286e+00 1.582286171624083471e+00 2.184799746067719095e+00 1.986197042522586553e+00 6.688568917504880140e-01 1.675725688737724095e+00 2.199209125407645793e+00 1.906044441365824627e+00 1.146167315201980527e+05 2.433881401205002621e+05 1.162491889522649480e+00 1.668095525262875523e+00 1.663698627863685831e+00 1.830958010557609761e+00 1.787584928891216007e+00 2.185139144715203763e+00 2.320518314610779509e+00 1.902979983525651342e+00
2.777793626756493468e+05 2.777792017084854306e+05 1.773379103632827025e+00 9.751590271056637116e-01 1.474309938032836387e+00 2.222236952875765273e+05 1.685000948131525345e+00 1.627026848863127872e+00 8.789625780017080725e-01 1.788616059484938514e+00 1.633746115843419000e+00 1.675725688737724095e+00 3.738537296592720494e-01 1.826619328165699940e+00 1.592599000043423585e+00 1.146163611166561750e+05 2.433876511276813690e+05 8.980412883214063946e-01 1.177135687932261643e+00 1.660068218556394415e+00 1.679259337462462698e+00 1.449716691302526561e+00 1.751050514968194971e+00 1.784734090777743809e+00 1.777217731001839551e+00
2.777797815809943713e+05 2.777797877357834950e+05 2.070886364074517427e+00 1.441430864894649000e+00 2.052919431030678865e+00 2.222241301726150268e+05 2.132354601013493056e+00 2.232546700701477871e+00 1.686706426766640510e+00 2.331895427086588590e+00 1.860221441747568205e+00 2.199209125407645793e+00 1.826619328165699496e+00 6.184738669087828100e-01 2.010271644940384128e+00 1.146166438570334431e+05 2.433881395634075161e+05 1.250707775009709977e+00 1.898378328875782284e+00 2.031112727621736891e+00 2.150237634947517851e+00 2.182818097638803856e+00 2.042477329465994806e+00 2.146644283073881887e+00 1.821535563305178185e+00
2.777796755498578423e+05 2.777795663214883534e+05 2.007654817620879939e+00 1.417739994798477676e+00 1.304069853855894356e+00 2.222238989483981859e+05 1.978767211306917240e+00 1.652287401049313376e+00 1.513214239935394723e+00 2.290263571089090622e+00 1.770971354265289621e+00 1.906044441365825293e+00 1.592599000043423585e+00 2.010271644940384128e+00 4.708986182114278662e-01 1.146165124169382616e+05 2.433880591583267378e+05 1.114288074235612491e+00 1.587339368065007861e+00 1.978964455526955213e+00 1.522438712883585010e+00 1.471855445499126391e+00 2.163665618978614535e+00 2.241252642322589139e+00 1.978290237927416984e+00
2.685203838885073783e+05 2.685203695437221904e+05 1.146168382515238045e+05 1.146160353295329260e+05 1.146163961951998208e+05 1.076091596989759710e+05 1.146167218327845185e+05 1.146164875617321813e+05 1.146161516957801796e+05 1.146168551384668826e+05 1.146168552083492250e+05 1.146167315201980382e+05 1.146163611166561750e+05 1.146166438570334431e+05 1.146165124169382616e+05 5.277871130076787813e+04 1.858107492247835908e+05 1.146160228707770439e+05 1.146163608258676832e+05 1.146168286385556858e+05 1.146165353205957217e+05 1.146164434212097985e+05 1.146167295291152259e+05 1.146164442243809608e+05 1.146167450058069517e+05
1.433300866372081509e+05 1.686523080986717832e+05 2.433882660343144380e+05 2.433875552372531674e+05 2.433879069923357747e+05 9.261209296565364639e+04 2.433880658763818792e+05 2.433879547028381785e+05 2.433875711720635591e+05 2.433882971638258314e+05 2.433881995038880268e+05 2.433881401205002621e+05 2.433876511276813690e+05 2.433881395634075743e+05 2.433880591583267378e+05 1.858107492247835035e+05 8.568175473057893396e+04 2.433875244015636854e+05 2.433878651043162390e+05 2.433882495770049572e+05 2.433881187654913811e+05 2.433879377181899035e+05 2.433883393801327038e+05 2.433882479510619887e+05 2.433881524739005254e+05
2.777792112754742266e+05 2.777791175944318529e+05 1.204467615546237935e+00 4.885891302404707925e-01 1.112502545389610242e+00 2.222234811610914476e+05 1.148075239699967831e+00 1.178951897098314161e+00 7.882528829576861407e-01 1.452411603565103571e+00 1.135490482171969573e+00 1.162491889522649480e+00 8.980412883214067277e-01 1.250707775009709977e+00 1.114288074235612491e+00 1.146160228707770584e+05 2.433875244015636854e+05 1.818440404648789255e-01 9.717381726841726186e-01 1.162667927073838703e+00 1.141701555828057213e+00 1.145669784850260609e+00 1.393291685289026249e+00 1.549835701997050785e+00 1.196693677386218679e+00
2.777794738781215274e+05 2.777793397884160513e+05 1.857450837909430552e+00 1.055416549867930653e+00 1.328905864679158277e+00 2.222237867274220916e+05 1.745977341855953213e+00 1.627042657400433079e+00 1.043182755627513503e+00 1.920580556061292965e+00 1.762102299738133704e+00 1.668095525262875523e+00 1.177135687932261643e+00 1.898378328875782950e+00 1.587339368065007861e+00 1.146163608258676832e+05 2.433878651043162390e+05 9.717381726841726186e-01 4.489008615579438422e-01 1.772837948513623862e+00 1.583190236858846633e+00 1.395712541545874208e+00 1.865699596295431473e+00 1.973315910564450215e+00 1.855229413311912490e+00
2.777797127348098438e+05 2.777797297620573663e+05 2.016234005043126221e+00 1.471092277920909464e+00 1.903332328927566763e+00 2.222241715589958476e+05 1.720431275911414648e+00 1.847363429851254457e+00 1.631260035000162700e+00 2.198448448448448111e+00 1.715545615877521302e+00 1.663698627863685831e+00 1.660068218556394415e+00 2.031112727621736891e+00 1.978964455526954547e+00 1.146168286385557003e+05 2.433882495770049572e+05 1.162667927073838703e+00 1.772837948513623862e+00 6.123704852335813964e-01 1.888679113313853630e+00 1.889988990367778232e+00 2.109997532678604237e+00 2.280412271403263080e+00 2.050131736255937920e+00
2.777797047949268599e+05 2.777796464267779374e+05 2.085421873624265565e+00 1.406641064382470274e+00 1.640771109068852596e+00 2.222240254439849232e+05 1.961178559965281565e+00 1.627831341852230995e+00 1.552725011268207389e+00 2.135987040016285476e+00 1.886492483042698787e+00 1.830958010557609761e+00 1.679259337462462698e+00 2.150237634947517407e+00 1.522438712883585010e+00 1.146165353205957217e+05 2.433881187654913228e+05 1.141701555828057213e+00 1.583190236858847078e+00 1.888679113313854074e+00 5.857262521853674464e-01 1.651437172668681175e+00 2.133179647139082036e+00 2.133648989047025601e+00 2.048797661795537017e+00
2.777796238484066562e+05 2.777795030675300513e+05 1.951550667897698155e+00 1.335515857286015073e+00 1.208369458441163946e+00 2.222239556230968446e+05 1.993063862483477555e+00 1.591126700560911100e+00 1.351678414662594196e+00 2.286922956474705781e+00 1.929557600313998700e+00 1.787584928891216007e+00 1.449716691302526561e+00 2.182818097638803856e+00 1.471855445499126391e+00 1.146164434212097985e+05 2.433879377181898744e+05 1.145669784850260609e+00 1.395712541545874208e+00 1.889988990367778232e+00 1.651437172668681175e+00 5.711034436671682535e-01 2.234541357320602994e+00 2.166592769319767520e+00 1.948924898518433313e+00
2.777798419821869466e+05 2.777798736507123103e+05 2.141303548448118210e+00 1.577147384120356266e+00 2.081993980693071400e+00 2.222241431885369821e+05 2.153532398251948532e+00 2.258579121407938484e+00 1.652906685672389075e+00 1.789660905798639901e+00 2.160910385393231881e+00 2.185139144715203763e+00 1.751050514968194971e+00 2.042477329465994806e+00 2.163665618978614535e+00 1.146167295291152404e+05 2.433883393801327038e+05 1.393291685289026027e+00 1.865699596295431473e+00 2.109997532678604237e+00 2.133179647139082036e+00 2.234541357320602994e+00 6.178366631122022001e-01 2.233274179207224819e+00 2.405777659340831320e+00
2.777800473119422095e+05 2.777799378985518124e+05 2.323244803075217302e+00 1.611242302517003067e+00 2.172389005465654943e+00 2.222243077633842768e+05 2.399350049252868544e+00 2.133328870360325258e+00 1.745456238818542616e+00 2.283167927623022564e+00 2.287973640910198725e+00 2.320518314610778621e+00 1.784734090777743809e+00 2.146644283073881887e+00 2.241252642322589139e+00 1.146164442243809899e+05 2.433882479510619887e+05 1.549835701997050785e+00 1.973315910564450437e+00 2.280412271403263080e+00 2.133648989047025601e+00 2.166592769319767520e+00 2.233274179207224819e+00 6.830043044737222901e-01 2.261822654931899379e+00
2.777797384930297849e+05 2.777797284758164897e+05 1.823265764530338062e+00 1.479675836912941245e+00 1.885535959801212691e+00 2.222241350975284877e+05 2.097971266545849645e+00 2.027620990023058400e+00 1.753895388682136680e+00 2.270285137347363591e+00 1.895587354042164163e+00 1.902979983525651342e+00 1.777217731001839551e+00 1.821535563305177519e+00 1.978290237927416984e+00 1.146167450058069517e+05 2.433881524739005254e+05 1.196693677386218679e+00 1.855229413311912934e+00 2.050131736255937920e+00 2.048797661795536573e+00 1.948924898518433313e+00 2.405777659340831320e+00 2.261822654931899379e+00 5.423285954045381496e-01
