4.517501554584263067e+04 3.913057974535647081e+05 2.274262671270680730e+05 3.212577270324045676e+05 3.496391928649727488e+05 3.913054890270363539e+05 4.641607394882341032e+05 3.913054803265316878e+05 3.913055193976565497e+05 3.478275621283680666e+05 3.913058025822427589e+05 3.913056690077157691e+05 1.492198924536048435e+05 3.260885389833594672e+05 3.913054429384489777e+05 3.478277391304347548e+05 3.478276157269604155e+05 3.913058310362837510e+05 3.478276470127005596e+05 3.913054312152434140e+05 3.057169584044761723e+05 3.913057648172195768e+05 3.913054553566829418e+05 3.913057171124236193e+05 4.290891934292421211e+05
3.913057974535647081e+05 5.372764176275335313e-01 2.349164232118427753e+05 1.304366828983196319e+05 7.608877780738954607e+04 4.347976335823557747e+04 6.380735831844023196e+05 4.348015917501956574e+04 4.348009473687353602e+04 1.304368531950274046e+05 1.584719773315587554e+00 1.559622492548387473e+00 3.394098935905669932e+05 1.413065235829691228e+05 1.226014236345196462e+00 1.304365442789868393e+05 1.304366302360616392e+05 1.584809444222724961e+00 1.304366245668240736e+05 1.416814091540342213e+00 4.686001922852830612e+05 4.348001590061924799e+04 4.348005962345437001e+04 4.348006485097051336e+04 5.595234715363985160e+05
2.274262671270680730e+05 2.349164232118427753e+05 3.561925432563914364e+04 1.914385209642740083e+05 2.131772842203024484e+05 2.349160393550717854e+05 5.176723061304807197e+05 2.349162360169536259e+05 2.349162692136406549e+05 1.914383131276198837e+05 2.349164290293989470e+05 2.349163504694542498e+05 1.755302272357686597e+05 1.696991269169181760e+05 2.349160094824000553e+05 1.914382725358692114e+05 1.914382805098046956e+05 2.349164055171134532e+05 1.914383251731271739e+05 2.349161633430589573e+05 3.208961559054078534e+05 2.349163735595325998e+05 2.349161266067631077e+05 2.349165050168901798e+05 3.956441016548433690e+05
3.212577270324045676e+05 1.304366828983196319e+05 1.914385209642740083e+05 2.173989531961692774e+04 7.246547387087457173e+04 1.304363005471439828e+05 5.945953198687819531e+05 1.304366769486924459e+05 1.304365766051109968e+05 3.623389741002349911e+04 1.304365297989834944e+05 1.304366763144441793e+05 2.959316550849865889e+05 6.521960985516690562e+04 1.304360778353973001e+05 4.348009119357578311e+04 3.683780569073358492e+04 1.304366996344761428e+05 3.623372142131916917e+04 1.304363269094901771e+05 4.184795838563441066e+05 1.304366066936501447e+05 1.304364207510016131e+05 1.304366479230816767e+05 5.160453979592613177e+05
3.496391928649727488e+05 7.608877780738954607e+04 2.131772842203023902e+05 7.246547387087457173e+04 7.065270155800976499e+04 7.608847276970458915e+04 6.163343312134109437e+05 7.608871521387706161e+04 7.608871156934896135e+04 8.695822001218392688e+04 7.608869554233287636e+04 7.608864925876069174e+04 3.176706912744474248e+05 1.032629712805712188e+05 7.608823922691420012e+04 8.695835726930147212e+04 8.695834916543560394e+04 7.608856250615861791e+04 8.695850119020798593e+04 7.608830277347934316e+04 4.468611927455367404e+05 7.608877081437347806e+04 7.608860656181938248e+04 7.608893107339725248e+04 5.377845932781199226e+05
3.913054890270362957e+05 4.347976335823557747e+04 2.349160393550717854e+05 1.304363005471439683e+05 7.608847276970458915e+04 4.995438134894141236e-01 6.380734629847239703e+05 1.337708230734462100e+00 1.291896280231403127e+00 1.304365068835353013e+05 4.347954543625839869e+04 4.347963657177127607e+04 3.394094033483177773e+05 1.413060649312982569e+05 4.347910388572148076e+04 1.304362534387335472e+05 1.304364157045686152e+05 4.347970413299156644e+04 1.304363303197582281e+05 4.347938388360720273e+04 4.685999406900560716e+05 1.200210225596757940e+00 1.025985693240639041e+00 1.300596164154714129e+00 5.595233562515199883e+05
4.641607394882341032e+05 6.380735831844023196e+05 5.176723061304806615e+05 5.945953198687819531e+05 6.163343312134109437e+05 6.380734629847239703e+05 1.222939616518429102e+05 6.380734768952266313e+05 6.380735327891453635e+05 5.945952474050138844e+05 6.380736227861234220e+05 6.380735089729191968e+05 4.575180789163508452e+05 5.837256215385992546e+05 6.380734052120313281e+05 5.945954099787215237e+05 5.945952745789268520e+05 6.380735205640423810e+05 5.945953325499413768e+05 6.380734629847239703e+05 4.428471184313073172e+05 6.380733828828829573e+05 6.380734936498565366e+05 6.380736509988250909e+05 3.690163980935999425e+05
3.913054803265315131e+05 4.348015917501956574e+04 2.349162360169536259e+05 1.304366769486924459e+05 7.608871521387706161e+04 1.337708230734462100e+00 6.380734768952267477e+05 5.376748780051850973e-01 1.523283222129237391e+00 1.304366806695949053e+05 4.348001849356768071e+04 4.347980243497519405e+04 3.394095711186449043e+05 1.413063655062493926e+05 4.347949811784949270e+04 1.304367131854671607e+05 1.304367103334047861e+05 4.347994396934153337e+04 1.304367739508262166e+05 4.347970053957674099e+04 4.686001976838731207e+05 1.512164860768002050e+00 1.372565835068151108e+00 1.655383488346184206e+00 5.595235311053786427e+05
3.913055193976565497e+05 4.348009473687353602e+04 2.349162692136406549e+05 1.304365766051109822e+05 7.608871156934896135e+04 1.291896280231403127e+00 6.380735327891453635e+05 1.523283222129237391e+00 4.892334943242015455e-01 1.304366743976643047e+05 4.347995181319420954e+04 4.347981338820962992e+04 3.394097466755404021e+05 1.413063397160653840e+05 4.347952638015118282e+04 1.304367576657459285e+05 1.304366826761767734e+05 4.348001093094342650e+04 1.304367579638530442e+05 4.347957358752229629e+04 4.686002750192576204e+05 1.504034403616733240e+00 1.428806030932941562e+00 1.537849173451425244e+00 5.595235230814683018e+05
3.478275621283680666e+05 1.304368531950274046e+05 1.914383131276198837e+05 3.623389741002349911e+04 8.695822001218392688e+04 1.304365068835353013e+05 5.945952474050138844e+05 1.304366806695949053e+05 1.304366743976643047e+05 6.941931664072868990e-01 1.304367018021573604e+05 1.304366713330331258e+05 2.959316685482936446e+05 6.521947141573090630e+04 1.304362373925938155e+05 4.348043579756285180e+04 3.624914565366866100e+03 1.304367046409794275e+05 4.348032723889552290e+04 1.304363348503955203e+05 4.251221283565261983e+05 1.304367912180869171e+05 1.304364740350244392e+05 1.304369698043211974e+05 5.160455259575375821e+05
3.913058025822427589e+05 1.584719773315587554e+00 2.349164290293989470e+05 1.304365297989834653e+05 7.608869554233287636e+04 4.347954543625839869e+04 6.380736227861234220e+05 4.348001849356768071e+04 4.347995181319420954e+04 1.304367018021573604e+05 5.653729472150386126e-01 1.526499670471833436e+00 3.394097390447741491e+05 1.413063146453746303e+05 1.085597701899294609e+00 1.304364465713300597e+05 1.304365475214176986e+05 1.548330960289228564e+00 1.304365202619840711e+05 1.493093759508207441e+00 4.686001973403387237e+05 4.347985824008540658e+04 4.347973436405368557e+04 4.347991361532016890e+04 5.595235192839790834e+05
3.913056690077157691e+05 1.559622492548387473e+00 2.349163504694542498e+05 1.304366763144441647e+05 7.608864925876069174e+04 4.347963657177127607e+04 6.380735089729191968e+05 4.347980243497519405e+04 4.347981338820962992e+04 1.304366713330331258e+05 1.526499670471833436e+00 6.908958785050361984e-01 3.394098389872102998e+05 1.413063736026363913e+05 1.210444660217978585e+00 1.304366053064981970e+05 1.304365791329206259e+05 1.509683506836863698e+00 1.304366385583862284e+05 1.304570977468156423e+00 4.686002917064654757e+05 4.347986014362299466e+04 4.347976521645233152e+04 4.347986605420895648e+04 5.595235219681682065e+05
1.492198924536048435e+05 3.394098935905669350e+05 1.755302272357686306e+05 2.959316550849865889e+05 3.176706912744474830e+05 3.394094033483177773e+05 4.575180789163508452e+05 3.394095711186449043e+05 3.394097466755402857e+05 2.959316685482936446e+05 3.394097390447741491e+05 3.394098389872102998e+05 5.667982831054598500e+04 2.741925357056482462e+05 3.394094070591264754e+05 2.959317442821680452e+05 2.959316736673995620e+05 3.394097948285343009e+05 2.959317229644951876e+05 3.394095869792629383e+05 3.061282768005195539e+05 3.394095975131234736e+05 3.394094508223902085e+05 3.394098098261490231e+05 4.290891210612724535e+05
3.260885389833594672e+05 1.413065235829691228e+05 1.696991269169181760e+05 6.521960985516690562e+04 1.032629712805712188e+05 1.413060649312982569e+05 5.837256215385992546e+05 1.413063655062494508e+05 1.413063397160653840e+05 6.521947141573090630e+04 1.413063146453746303e+05 1.413063736026363913e+05 2.741925357056483044e+05 3.260957190984902263e+04 1.413059920731001184e+05 2.174153962915872035e+04 6.159634907813737664e+04 1.413062844563085819e+05 6.521966580011519545e+04 1.413061270871455781e+05 4.088178885663620313e+05 1.413064894013580924e+05 1.413060678446328384e+05 1.413066555242037866e+05 5.051759542701640166e+05
3.913054429384490359e+05 1.226014236345196240e+00 2.349160094824000553e+05 1.304360778353973292e+05 7.608823922691421467e+04 4.347910388572149532e+04 6.380734052120313281e+05 4.347949811784949998e+04 4.347952638015119010e+04 1.304362373925938155e+05 1.085597701899294831e+00 1.210444660217978585e+00 3.394094070591263589e+05 1.413059920731001184e+05 2.873084454272670785e-01 1.304360730423153727e+05 1.304361527510212327e+05 1.357226213253686531e+00 1.304360234995958017e+05 9.812133936339105800e-01 4.685999680651049712e+05 4.347936625977742369e+04 4.347921054190573341e+04 4.347949509665353980e+04 5.595233228369638091e+05
3.478277391304346966e+05 1.304365442789868393e+05 1.914382725358692114e+05 4.348009119357577583e+04 8.695835726930147212e+04 1.304362534387335472e+05 5.945954099787214072e+05 1.304367131854671607e+05 1.304367576657459285e+05 4.348043579756285180e+04 1.304364465713300597e+05 1.304366053064981970e+05 2.959317442821680452e+05 2.174153962915872035e+04 1.304360730423153727e+05 6.635533285594480413e-01 3.985679669293758343e+04 1.304367233836913656e+05 4.348012356516002183e+04 1.304364498542727815e+05 4.251220495746122324e+05 1.304366058696354012e+05 1.304364799751820246e+05 1.304366685099530732e+05 5.160453085556133883e+05
3.478276157269602991e+05 1.304366302360616392e+05 1.914382805098046956e+05 3.683780569073358492e+04 8.695834916543560394e+04 1.304364157045686152e+05 5.945952745789268520e+05 1.304367103334047861e+05 1.304366826761767734e+05 3.624914565366866100e+03 1.304365475214176986e+05 1.304365791329206259e+05 2.959316736673995620e+05 6.159634907813736936e+04 1.304361527510212181e+05 3.985679669293757615e+04 6.643279303636491932e+03 1.304365491034414008e+05 4.348023441215881758e+04 1.304363697618555161e+05 4.251220547527940362e+05 1.304367901237003680e+05 1.304366173947364150e+05 1.304368861166751449e+05 5.160454755410358193e+05
3.913058310362837510e+05 1.584809444222724961e+00 2.349164055171134532e+05 1.304366996344761283e+05 7.608856250615861791e+04 4.347970413299156644e+04 6.380735205640423810e+05 4.347994396934153337e+04 4.348001093094342650e+04 1.304367046409794275e+05 1.548330960289228564e+00 1.509683506836863698e+00 3.394097948285343009e+05 1.413062844563085819e+05 1.357226213253686531e+00 1.304367233836913656e+05 1.304365491034414008e+05 5.512568308354051094e-01 1.304367500012232631e+05 1.427424470705506376e+00 4.686002656962189940e+05 4.348005039742637018e+04 4.347996911519744026e+04 4.348015355758889200e+04 5.595235874072886072e+05
3.478276470127004432e+05 1.304366245668240736e+05 1.914383251731271739e+05 3.623372142131916189e+04 8.695850119020798593e+04 1.304363303197582281e+05 5.945953325499413768e+05 1.304367739508262166e+05 1.304367579638530442e+05 4.348032723889552290e+04 1.304365202619840711e+05 1.304366385583862284e+05 2.959317229644951876e+05 6.521966580011519545e+04 1.304360234995957580e+05 4.348012356516002183e+04 4.348023441215881758e+04 1.304367500012232631e+05 7.534640184252727746e-01 1.304363657050721231e+05 3.852668265353504103e+05 1.304366903105664533e+05 1.304365430159071548e+05 1.304366862227126112e+05 5.160452491707077133e+05
3.913054312152434140e+05 1.416814091540342213e+00 2.349161633430589573e+05 1.304363269094901771e+05 7.608830277347934316e+04 4.347938388360720273e+04 6.380734629847239703e+05 4.347970053957674099e+04 4.347957358752229629e+04 1.304363348503955203e+05 1.493093759508207441e+00 1.304570977468156423e+00 3.394095869792629383e+05 1.413061270871455781e+05 9.812133936339104689e-01 1.304364498542727815e+05 1.304363697618555161e+05 1.427424470705506376e+00 1.304363657050721231e+05 4.781316991201253197e-01 4.686000878125051386e+05 4.347978529752491886e+04 4.347957160791610659e+04 4.347980938658594096e+04 5.595235630406027194e+05
3.057169584044761723e+05 4.686001922852830030e+05 3.208961559054079698e+05 4.184795838563441066e+05 4.468611927455367404e+05 4.685999406900560716e+05 4.428471184313073172e+05 4.686001976838731207e+05 4.686002750192577369e+05 4.251221283565262565e+05 4.686001973403387819e+05 4.686002917064654757e+05 3.061282768005196704e+05 4.088178885663620313e+05 4.685999680651049712e+05 4.251220495746121742e+05 4.251220547527940944e+05 4.686002656962189940e+05 3.852668265353504103e+05 4.686000878125051386e+05 9.589999106262243004e+04 4.686001149922917248e+05 4.686000647131906007e+05 4.686002139799961587e+05 3.039726233496066998e+05
3.913057648172195768e+05 4.348001590061924799e+04 2.349163735595325998e+05 1.304366066936501447e+05 7.608877081437349261e+04 1.200210225596757940e+00 6.380733828828829573e+05 1.512164860768002050e+00 1.504034403616733240e+00 1.304367912180869171e+05 4.347985824008540658e+04 4.347986014362299466e+04 3.394095975131234736e+05 1.413064894013580924e+05 4.347936625977741642e+04 1.304366058696354012e+05 1.304367901237003680e+05 4.348005039742637018e+04 1.304366903105664533e+05 4.347978529752491886e+04 4.686001149922917830e+05 4.928862680074632685e-01 1.426298479814694931e+00 1.395269261776762804e+00 5.595234031685120426e+05
3.913054553566829418e+05 4.348005962345437001e+04 2.349161266067631077e+05 1.304364207510015985e+05 7.608860656181938248e+04 1.025985693240639041e+00 6.380734936498565366e+05 1.372565835068151108e+00 1.428806030932941562e+00 1.304364740350244392e+05 4.347973436405368557e+04 4.347976521645233152e+04 3.394094508223902085e+05 1.413060678446328093e+05 4.347921054190572613e+04 1.304364799751820246e+05 1.304366173947364150e+05 4.347996911519744026e+04 1.304365430159071548e+05 4.347957160791610659e+04 4.686000647131906007e+05 1.426298479814694931e+00 4.922907263501281050e-01 1.499065333447559656e+00 5.595233582273339853e+05
3.913057171124236193e+05 4.348006485097051336e+04 2.349165050168901798e+05 1.304366479230816476e+05 7.608893107339728158e+04 1.300596164154714129e+00 6.380736509988250909e+05 1.655383488346184651e+00 1.537849173451425244e+00 1.304369698043211974e+05 4.347991361532016890e+04 4.347986605420895648e+04 3.394098098261490231e+05 1.413066555242037866e+05 4.347949509665353253e+04 1.304366685099530732e+05 1.304368861166751449e+05 4.348015355758889200e+04 1.304366862227126112e+05 4.347980938658594096e+04 4.686002139799961587e+05 1.395269261776762804e+00 1.499065333447559656e+00 5.948559785764204744e-01 5.595234128476852784e+05
4.290891934292421211e+05 5.595234715363985160e+05 3.956441016548433690e+05 5.160453979592613177e+05 5.377845932781200390e+05 5.595233562515199883e+05 3.690163980935998261e+05 5.595235311053786427e+05 5.595235230814683018e+05 5.160455259575375821e+05 5.595235192839790834e+05 5.595235219681682065e+05 4.290891210612724535e+05 5.051759542701640166e+05 5.595233228369638091e+05 5.160453085556133883e+05 5.160454755410358193e+05 5.595235874072886072e+05 5.160452491707077133e+05 5.595235630406027194e+05 3.039726233496066998e+05 5.595234031685120426e+05 5.595233582273339853e+05 5.595234128476852784e+05 9.502859584304044256e+04
