3.471565662597673509e+04 3.086864820238735410e+05 5.868663045964905177e+04 3.086868928437679424e+05 3.086868392431474640e+05 3.086865637895023683e+05 3.086864187563478481e+05 3.086866610133905779e+05 3.086869366140443017e+05 3.086869420318113989e+05 3.086870307148052962e+05 1.582294092866556603e+05 3.086866433717481559e+05 3.086869565432444215e+05 3.086866794849992730e+05 3.086869763883295236e+05 3.086869275810940890e+05 3.086869057635425124e+05 3.086865588389977347e+05 2.610675133586747979e+05 3.086865176448467537e+05 3.086865221119148191e+05 3.086864892592109391e+05 3.086869714640137972e+05 3.086866967517107259e+05
3.086864820238735992e+05 5.720739459915332725e-01 2.500012456163706956e+05 1.489234355730568504e+00 1.526098013199972847e+00 1.173978495149094137e+00 9.240176873421031001e-01 1.481811901850745183e+00 1.545111372780903602e+00 1.730309821064524689e+00 1.813799424183696551e+00 1.504590645493142947e+05 1.545020977490218383e+00 1.663970947489842755e+00 1.128925137544335433e+00 1.621496588468394062e+00 1.626006475319647926e+00 1.721383239710729596e+00 1.702598832220829861e+00 4.762063087232667021e+04 1.188586396195895123e+00 9.914993294308865890e-01 1.315299918356538589e+00 1.715777195677619993e+00 1.534040517096457057e+00
5.868663045964906632e+04 2.500012456163706665e+05 5.535293778375999230e-01 2.500017503482499742e+05 2.500012648740114237e+05 2.500014719724014576e+05 2.500012817670828954e+05 2.500012545263683423e+05 2.500013043657194648e+05 2.500015862302612804e+05 2.500016116233084176e+05 9.954384059144453204e+04 2.500016040612465004e+05 2.500015626893143053e+05 2.500014333986027632e+05 2.500015264771967777e+05 2.500014907122188888e+05 2.500016050389947486e+05 2.500017592039483716e+05 2.023824577718993824e+05 2.500011155373794027e+05 2.500010105695653183e+05 2.500010406339822803e+05 2.500018945014766068e+05 2.500017060711926606e+05
3.086868928437679424e+05 1.489234355730568504e+00 2.500017503482500324e+05 5.407759028142223867e-01 1.912580066955403391e+00 1.621799990036034034e+00 1.142916741864580477e+00 1.792820302094256357e+00 1.708356951435215265e+00 1.737518212874151757e+00 2.118120169629122085e+00 1.504594438763228245e+05 1.773590538327530997e+00 1.700876428987987854e+00 1.563137352201465768e+00 1.860815009468538728e+00 1.866617078436697108e+00 1.804836000462351597e+00 1.694576308645049600e+00 4.762103582581901719e+04 1.527455484843478706e+00 1.189854007467403774e+00 1.535531769819986403e+00 1.827800024868896589e+00 1.918913052515509365e+00
3.086868392431474640e+05 1.526098013199972847e+00 2.500012648740114819e+05 1.912580066955403391e+00 4.973796445876419448e-01 1.728550749181465340e+00 1.352822239654364767e+00 1.486949474625531176e+00 1.389846159577027729e+00 1.794085982484153741e+00 1.790526733662150205e+00 1.504594144413327740e+05 1.864624789048855646e+00 1.438399142944597697e+00 1.473250998091327091e+00 1.727219117433590023e+00 1.545387206668194180e+00 1.737380534614572314e+00 1.874276503147179529e+00 4.762092508879387606e+04 1.440203437693160948e+00 1.085659406084020118e+00 1.463028169014084723e+00 1.892848190873743786e+00 1.754059948851028006e+00
3.086865637895023101e+05 1.173978495149094137e+00 2.500014719724014285e+05 1.621799990036034034e+00 1.728550749181465340e+00 4.414669086627754369e-01 1.038885476145525510e+00 1.320183909325690852e+00 1.666872910820487164e+00 1.713939872174314205e+00 1.793228856708325658e+00 1.504592359979595931e+05 1.519539773854394316e+00 1.739038277526136156e+00 1.382917219925669405e+00 1.619047619047619291e+00 1.806779662415812115e+00 1.709339215534070311e+00 1.658545208126274595e+00 4.762081132402249932e+04 1.311397545854027680e+00 1.045551978206058497e+00 1.393020281459641962e+00 1.681198576560832381e+00 1.532648945315083333e+00
3.086864187563478481e+05 9.240176873421031001e-01 2.500012817670829536e+05 1.142916741864580477e+00 1.352822239654364989e+00 1.038885476145525510e+00 2.337096279509583707e-01 1.223753292527319569e+00 1.258089473647784784e+00 1.399472180720497283e+00 1.467168721424994882e+00 1.504587619813958008e+05 1.342813368546939667e+00 1.313446240223410166e+00 1.041771649278504297e+00 1.481561675636325681e+00 1.384266118097883247e+00 1.448151933090261689e+00 1.188101949376059396e+00 4.762032854761295312e+04 9.237523638432504347e-01 6.389094071664478403e-01 9.699155665732582809e-01 1.214782453632749171e+00 1.469808844804054493e+00
3.086866610133905779e+05 1.481811901850745183e+00 2.500012545263683714e+05 1.792820302094256357e+00 1.486949474625531176e+00 1.320183909325690852e+00 1.223753292527319569e+00 4.117740900155407169e-01 1.575757361067815721e+00 1.579610290853100452e+00 1.601937350389889492e+00 1.504593393210079521e+05 1.778194580834671745e+00 1.584171696847753497e+00 1.625326448916395883e+00 1.715124077800134428e+00 1.653595770962649425e+00 1.574911399402744605e+00 1.800097576535537813e+00 4.762094616357625637e+04 1.390432346301784472e+00 9.761127288479144459e-01 1.285462000783994752e+00 1.915527187708087720e+00 1.801499135659025086e+00
3.086869366140443017e+05 1.545111372780903602e+00 2.500013043657194648e+05 1.708356951435215265e+00 1.389846159577027729e+00 1.666872910820487164e+00 1.258089473647784784e+00 1.575757361067815721e+00 4.341268821118824950e-01 1.645823391787740730e+00 1.878472208452273584e+00 1.504594370343861519e+05 1.869070126943950694e+00 1.436109248351514767e+00 1.578135440361899899e+00 1.517956151438976553e+00 1.740204355350144061e+00 1.505632259792058170e+00 2.036672303743676249e+00 4.762114428012781718e+04 1.411673870238304929e+00 9.881106485009572005e-01 1.369140269272298482e+00 1.985860241274848947e+00 1.869040323622500832e+00
3.086869420318114571e+05 1.730309821064524467e+00 2.500015862302612804e+05 1.737518212874151757e+00 1.794085982484153741e+00 1.713939872174314205e+00 1.399472180720497283e+00 1.579610290853099785e+00 1.645823391787740730e+00 5.566117421918583830e-01 1.888369887414803827e+00 1.504595961710697447e+05 1.912878839796890329e+00 1.797279479363236510e+00 1.847449473013887955e+00 1.546202883824454810e+00 1.967361115948344841e+00 1.380864858512332649e+00 2.111455893480172374e+00 4.762125980730599258e+04 1.503375595294587530e+00 9.860008173675157694e-01 1.405058162865620464e+00 1.985152932346910593e+00 1.884331304147589314e+00
3.086870307148052962e+05 1.813799424183696107e+00 2.500016116233084467e+05 2.118120169629122085e+00 1.790526733662150205e+00 1.793228856708325658e+00 1.467168721424994882e+00 1.601937350389889492e+00 1.878472208452273584e+00 1.888369887414803827e+00 5.565916925605428611e-01 1.504594532025465160e+05 1.780570456808732160e+00 1.873441043083899915e+00 2.009102017062449619e+00 1.904666860211932322e+00 1.828385142907574368e+00 1.914868717573319445e+00 2.110187711923921849e+00 4.762138270488710987e+04 1.555565577097932861e+00 1.145623139227859522e+00 1.527972018338513704e+00 1.540348030520443112e+00 2.016568930544717642e+00
1.582294092866556603e+05 1.504590645493142947e+05 9.954384059144453204e+04 1.504594438763228536e+05 1.504594144413328031e+05 1.504592359979596222e+05 1.504587619813957717e+05 1.504593393210079812e+05 1.504594370343861519e+05 1.504595961710697447e+05 1.504594532025465160e+05 6.272614444982982968e+04 1.504596920357741183e+05 1.504596760914763145e+05 1.504592445747545280e+05 1.504598255319825257e+05 1.504595362368770002e+05 1.504597089559000160e+05 1.504594192978258652e+05 1.028402827507089096e+05 1.504590294212118897e+05 1.504590850572054333e+05 1.504590774661781034e+05 1.504593226736445504e+05 1.504594116726156790e+05
3.086866433717481559e+05 1.545020977490218383e+00 2.500016040612465295e+05 1.773590538327531219e+00 1.864624789048855869e+00 1.519539773854394316e+00 1.342813368546939667e+00 1.778194580834671967e+00 1.869070126943950916e+00 1.912878839796890329e+00 1.780570456808732160e+00 1.504596920357741183e+05 7.217819919949078900e-01 1.964876891967694661e+00 1.669995155538286591e+00 1.743530179966916505e+00 2.036461249977469912e+00 2.050166385673376279e+00 2.025682479182727480e+00 4.762106437857939454e+04 1.621099931342015132e+00 1.304619298706451991e+00 1.702577777916851609e+00 1.723938189182706360e+00 1.794578403989167237e+00
3.086869565432444215e+05 1.663970947489842755e+00 2.500015626893143053e+05 1.700876428987987854e+00 1.438399142944597697e+00 1.739038277526136156e+00 1.313446240223410166e+00 1.584171696847753497e+00 1.436109248351514767e+00 1.797279479363236510e+00 1.873441043083899915e+00 1.504596760914763145e+05 1.964876891967694439e+00 5.495374957738254906e-01 1.649219467401285666e+00 1.699434791507628884e+00 1.751761272805909098e+00 1.746150554452962078e+00 2.053629995027295596e+00 4.762115247348434787e+04 1.397351544951118685e+00 1.034285490182992540e+00 1.411108494259216473e+00 1.847382827262819882e+00 2.112223542055546410e+00
3.086866794849992730e+05 1.128925137544335433e+00 2.500014333986027923e+05 1.563137352201465768e+00 1.473250998091327091e+00 1.382917219925669405e+00 1.041771649278504297e+00 1.625326448916395883e+00 1.578135440361899899e+00 1.847449473013887955e+00 2.009102017062449619e+00 1.504592445747545280e+05 1.669995155538286591e+00 1.649219467401286332e+00 4.489795712947321493e-01 1.732453684320296672e+00 1.684048303552592829e+00 1.822333279358571145e+00 1.800606752774342123e+00 4.762091285442500521e+04 1.329427401193931324e+00 1.149587882739114608e+00 1.456110658139067926e+00 1.774847311704352837e+00 1.663654156543430629e+00
3.086869763883295236e+05 1.621496588468394062e+00 2.500015264771967777e+05 1.860815009468538728e+00 1.727219117433590023e+00 1.619047619047619291e+00 1.481561675636325681e+00 1.715124077800134428e+00 1.517956151438976553e+00 1.546202883824454810e+00 1.904666860211932322e+00 1.504598255319824966e+05 1.743530179966916727e+00 1.699434791507628884e+00 1.732453684320296672e+00 3.266525019865072488e-01 1.718407101149482807e+00 1.882627841284941761e+00 2.241652440037783744e+00 4.762138402468917047e+04 1.422240741396784802e+00 1.132425562257566298e+00 1.464003834762477529e+00 2.081716665292314250e+00 2.180339378896887670e+00
3.086869275810940890e+05 1.626006475319647926e+00 2.500014907122188888e+05 1.866617078436697108e+00 1.545387206668194180e+00 1.806779662415812115e+00 1.384266118097883469e+00 1.653595770962649647e+00 1.740204355350144061e+00 1.967361115948344619e+00 1.828385142907574368e+00 1.504595362368770002e+05 2.036461249977469912e+00 1.751761272805909320e+00 1.684048303552592829e+00 1.718407101149482807e+00 5.308059922387243779e-01 1.881972645704440783e+00 1.813175783765006877e+00 4.762129944894686923e+04 1.539143070667476021e+00 1.316182781920164357e+00 1.473258174590206471e+00 1.960943609408492216e+00 2.150269201530261576e+00
3.086869057635425706e+05 1.721383239710729818e+00 2.500016050389947486e+05 1.804836000462351819e+00 1.737380534614572314e+00 1.709339215534070311e+00 1.448151933090261689e+00 1.574911399402744605e+00 1.505632259792058170e+00 1.380864858512332427e+00 1.914868717573320112e+00 1.504597089559000160e+05 2.050166385673376279e+00 1.746150554452962078e+00 1.822333279358571145e+00 1.882627841284941761e+00 1.881972645704440783e+00 4.849871954411834052e-01 2.044202305434790201e+00 4.762121921696454228e+04 1.557588203763991652e+00 1.050710258852874279e+00 1.520244964820830491e+00 2.045309248370559274e+00 1.740463592918106484e+00
3.086865588389977929e+05 1.702598832220830083e+00 2.500017592039484298e+05 1.694576308645049600e+00 1.874276503147179529e+00 1.658545208126274595e+00 1.188101949376059396e+00 1.800097576535537813e+00 2.036672303743676249e+00 2.111455893480172374e+00 2.110187711923921849e+00 1.504594192978258361e+05 2.025682479182727480e+00 2.053629995027295596e+00 1.800606752774342123e+00 2.241652440037783744e+00 1.813175783765006432e+00 2.044202305434790201e+00 5.972752877252273107e-01 4.762083409768287675e+04 1.625599753870460962e+00 1.415715543728881531e+00 1.696183182741355155e+00 1.812579626259519294e+00 1.859439881352897395e+00
2.610675133586747979e+05 4.762063087232667021e+04 2.023824577718993824e+05 4.762103582581901719e+04 4.762092508879387606e+04 4.762081132402251387e+04 4.762032854761294584e+04 4.762094616357626364e+04 4.762114428012781718e+04 4.762125980730599258e+04 4.762138270488711714e+04 1.028402827507089096e+05 4.762106437857940182e+04 4.762115247348434787e+04 4.762091285442500521e+04 4.762138402468917047e+04 4.762129944894687651e+04 4.762121921696454228e+04 4.762083409768287675e+04 4.081702878776459693e+04 4.762077501618280075e+04 4.762051416797585262e+04 4.762080776288566994e+04 4.762115419220026524e+04 4.762074865810503252e+04
3.086865176448467537e+05 1.188586396195895123e+00 2.500011155373794609e+05 1.527455484843478706e+00 1.440203437693160948e+00 1.311397545854027680e+00 9.237523638432504347e-01 1.390432346301784472e+00 1.411673870238304929e+00 1.503375595294587752e+00 1.555565577097933083e+00 1.504590294212118897e+05 1.621099931342015132e+00 1.397351544951118907e+00 1.329427401193931324e+00 1.422240741396784802e+00 1.539143070667476021e+00 1.557588203763992096e+00 1.625599753870460962e+00 4.762077501618280075e+04 3.587192888283825543e-01 8.861884007412506037e-01 1.148496281596567803e+00 1.629746901836959250e+00 1.728745370421541860e+00
3.086865221119147609e+05 9.914993294308868110e-01 2.500010105695653183e+05 1.189854007467403774e+00 1.085659406084020118e+00 1.045551978206058719e+00 6.389094071664478403e-01 9.761127288479144459e-01 9.881106485009572005e-01 9.860008173675157694e-01 1.145623139227859522e+00 1.504590850572054624e+05 1.304619298706452213e+00 1.034285490182992540e+00 1.149587882739114608e+00 1.132425562257566298e+00 1.316182781920164135e+00 1.050710258852874057e+00 1.415715543728881531e+00 4.762051416797585262e+04 8.861884007412506037e-01 1.590989258777064375e-01 7.447525100935612485e-01 1.250405970342552298e+00 1.306338605735827496e+00
3.086864892592109391e+05 1.315299918356538589e+00 2.500010406339822803e+05 1.535531769819986847e+00 1.463028169014084501e+00 1.393020281459641962e+00 9.699155665732580589e-01 1.285462000783994752e+00 1.369140269272298482e+00 1.405058162865620464e+00 1.527972018338513704e+00 1.504590774661781034e+05 1.702577777916851609e+00 1.411108494259216473e+00 1.456110658139067926e+00 1.464003834762477529e+00 1.473258174590206915e+00 1.520244964820830713e+00 1.696183182741355155e+00 4.762080776288566267e+04 1.148496281596567803e+00 7.447525100935615816e-01 4.341932916164552569e-01 1.762167259082876081e+00 1.822532358170804834e+00
3.086869714640137972e+05 1.715777195677619993e+00 2.500018945014766068e+05 1.827800024868896589e+00 1.892848190873743786e+00 1.681198576560832381e+00 1.214782453632749171e+00 1.915527187708087720e+00 1.985860241274848947e+00 1.985152932346910593e+00 1.540348030520442890e+00 1.504593226736445504e+05 1.723938189182706138e+00 1.847382827262819882e+00 1.774847311704352837e+00 2.081716665292314250e+00 1.960943609408492216e+00 2.045309248370559274e+00 1.812579626259519294e+00 4.762115419220026524e+04 1.629746901836959250e+00 1.250405970342552298e+00 1.762167259082876081e+00 5.503304476744498297e-01 1.841113442564870972e+00
3.086866967517107259e+05 1.534040517096457057e+00 2.500017060711926897e+05 1.918913052515509365e+00 1.754059948851028006e+00 1.532648945315083333e+00 1.469808844804054271e+00 1.801499135659025086e+00 1.869040323622500832e+00 1.884331304147589314e+00 2.016568930544717642e+00 1.504594116726156790e+05 1.794578403989167237e+00 2.112223542055546410e+00 1.663654156543430629e+00 2.180339378896887670e+00 2.150269201530261576e+00 1.740463592918106484e+00 1.859439881352897395e+00 4.762074865810503252e+04 1.728745370421541860e+00 1.306338605735827496e+00 1.822532358170804834e+00 1.841113442564871194e+00 3.656086403846435240e-01
