7.056067764396428538e+04 3.145452971052117064e+05 2.663352797575893928e+05 3.145453082493153634e+05 2.868007745746741421e+05 2.898835887074496131e+05 3.000829116505912971e+05 3.145454343135061208e+05 3.145453751722441521e+05 2.146885876857574040e+05 3.104135300079417648e+05 2.511966114229994710e+05 3.145455192167882342e+05 3.145453536286340677e+05 3.145454466359348735e+05 1.861737195926769346e+05 1.642647059054789715e+05 3.133650234204024309e+05 2.967572836057731765e+05 2.519796962177233363e+05 2.380974737614241603e+05 2.730512766340503003e+05 3.145457034986779909e+05 3.145454021068103029e+05 3.145455462746463600e+05
3.145452971052117646e+05 3.673466209857068407e+03 1.279693017678746401e+05 2.755751095815078770e+03 9.052721017963073973e+04 7.803743087457308138e+04 6.129615147517510195e+04 2.755825329466400490e+03 2.755566603747278350e+03 2.124800200187481532e+05 5.096549669309359160e+04 1.475439174743430340e+05 1.686813088888644415e+04 2.755815883501922599e+03 9.643067871607563575e+03 3.838070503187538125e+05 2.607937397957155190e+05 4.650206167537073634e+04 4.593068498733420274e+05 1.583943039498951985e+05 1.798090091358534119e+05 1.073076012390571996e+05 3.876934151310844027e+04 5.707542384920066979e+03 3.074270011371568398e+04
2.663352797575893928e+05 1.279693017678746401e+05 2.300685120632374310e+04 1.261330716744406527e+05 8.072647709652365302e+04 9.482092497781114071e+04 1.117106309849332611e+05 1.261331344957968686e+05 1.261329058039933734e+05 1.497245126785199682e+05 1.220411985369873873e+05 5.678804130539326434e+04 1.316429569573414919e+05 1.261331141668478085e+05 1.316429120673161815e+05 3.355969643216912518e+05 2.092948074638325197e+05 1.220410998365893174e+05 4.110967047882316983e+05 7.347837689484097064e+04 1.062531210915375850e+05 4.766090940576916910e+04 1.259345991559888644e+05 1.316428597550386330e+05 1.279698358975482697e+05
3.145453082493153634e+05 2.755751095815078315e+03 1.261330716744406527e+05 5.759757153168759691e-01 8.777268189614544099e+04 7.528289838748725015e+04 6.405122639588156017e+04 1.260181803731583505e+00 1.036743858118900352e+00 2.124802315572228981e+05 5.372064140082720405e+04 1.475440990537714679e+05 1.962314805977982542e+04 1.110187960644959171e+00 1.239811397189939817e+04 3.838070631491100066e+05 2.607939069613545435e+05 4.925724056424428272e+04 4.593069255509711220e+05 1.583944594529269671e+05 1.798091113217491948e+05 1.045529276759138593e+05 4.152452018415516795e+04 8.462524052261362158e+03 3.349772005959319358e+04
2.868007745746742003e+05 9.052721017963073973e+04 8.072647709652365302e+04 8.777268189614544099e+04 1.435766544048403921e+04 3.492102153225780057e+04 6.282983489620421460e+04 8.777271916047442937e+04 8.777254057232572814e+04 1.753084332367438183e+05 7.498065591894689715e+04 1.126207990050366498e+05 9.376028439750315738e+04 8.777275733810872771e+04 9.603733712097183161e+04 3.560625313941919012e+05 2.317843408629417245e+05 7.586081800528732128e+04 4.315621687189343502e+05 1.250926840757319296e+05 1.402082028197426698e+05 4.416296582220996061e+04 8.019370401121374744e+04 9.603728268976803520e+04 8.482948867746836913e+04
2.898835887074496131e+05 7.803743087457308138e+04 9.482092497781114071e+04 7.528289838748725015e+04 3.492102153225780057e+04 7.036329432307980824e+03 3.182889530908836605e+04 7.528295279767806642e+04 7.528276620247638493e+04 1.907692750358503254e+05 4.694762197337164253e+04 1.256651062481373083e+05 7.986445558306311432e+04 7.528298552867308899e+04 8.354752185394336993e+04 3.591452048847646802e+05 2.361293602473056817e+05 5.394106143820226862e+04 4.346449635926322080e+05 1.366842425656775595e+05 1.580989016315541812e+05 6.762470641612300824e+04 6.268568413603073714e+04 8.354745916936824506e+04 6.820605496769628371e+04
3.000829116505911807e+05 6.129615147517511650e+04 1.117106309849332611e+05 6.405122639588156017e+04 6.282983489620421460e+04 3.182889530908836241e+04 1.411656870320257440e+04 6.405131572926400986e+04 6.405113530448757228e+04 2.021499787291231332e+05 1.531115078912982790e+04 1.372138724110481853e+05 5.210383668695431697e+04 6.405129774625453138e+04 5.578694876264579943e+04 3.693445727776601561e+05 2.463314274770216725e+05 2.377178598274125761e+04 4.448444211340841721e+05 1.480642400133363262e+05 1.694789229547846480e+05 9.009030106709779648e+04 3.492507579807659204e+04 5.578688307278329012e+04 4.044540899069388252e+04
3.145454343135062954e+05 2.755825329466399126e+03 1.261331344957968540e+05 1.260181803731583505e+00 8.777271916047442937e+04 7.528295279767806642e+04 6.405131572926400986e+04 5.646784158387024855e-01 1.151282812427277369e+00 2.124802845131049689e+05 5.372067695662740880e+04 1.475442853916179156e+05 1.962333172395119982e+04 1.176830531329411178e+00 1.239822168389153194e+04 3.838071655313122901e+05 2.607939095458614465e+05 4.925724058622705343e+04 4.593069268538744072e+05 1.583946088234909694e+05 1.798092881635148369e+05 1.045531245069641882e+05 4.152453982752777665e+04 8.462624211420266874e+03 3.349787125085160369e+04
3.145453751722441521e+05 2.755566603747277441e+03 1.261329058039933734e+05 1.036743858118900352e+00 8.777254057232572814e+04 7.528276620247638493e+04 6.405113530448757228e+04 1.151282812427277369e+00 5.087436571208772129e-01 2.124801278437839355e+05 5.372048326114099473e+04 1.475440902480428631e+05 1.962316734535390060e+04 1.208750318133055224e+00 1.239815866992528936e+04 3.838071111226243083e+05 2.607938267608231399e+05 4.925706691226629482e+04 4.593068660713662975e+05 1.583944607742801018e+05 1.798091068913704657e+05 1.045528972286301287e+05 4.152438297612546012e+04 8.462585774535154997e+03 3.349773405046876724e+04
2.146885876857574040e+05 2.124800200187481532e+05 1.497245126785199682e+05 2.124802315572228981e+05 1.753084332367438183e+05 1.907692750358503254e+05 2.021499787291231623e+05 2.124802845131049689e+05 2.124801278437839355e+05 4.150240949277522304e+04 2.124805129350232601e+05 1.354983775998210476e+05 2.124805049161788193e+05 2.124802650948896189e+05 2.124803986655412882e+05 2.961239868461734732e+05 1.295911532824838505e+05 2.124805441107430961e+05 3.673163829626393854e+05 1.272827869282853790e+05 9.342661465873118141e+04 1.629203250188352831e+05 2.124804196263455087e+05 2.124804051837202569e+05 2.124805212150986481e+05
3.104135300079418230e+05 5.096549669309359160e+04 1.220411985369873873e+05 5.372064140082720405e+04 7.498065591894689715e+04 4.694762197337164253e+04 1.531115078912982790e+04 5.372067695662740880e+04 5.372048326114099473e+04 2.124805129350232601e+05 6.606423014750965050e-01 1.475445116483234742e+05 4.177317267547099618e+04 5.372070316185997217e+04 4.545630449368509289e+04 3.796751790782399476e+05 2.566619362343309040e+05 1.061806079705103002e+04 4.551749796410874114e+05 1.583948457027220866e+05 1.798095268693987455e+05 1.004209764158914768e+05 2.459439591812468643e+04 4.545623691085389146e+04 3.011481002263943446e+04
2.511966114229995001e+05 1.475439174743430340e+05 5.678804130539326434e+04 1.475440990537714679e+05 1.126207990050366498e+05 1.256651062481373083e+05 1.372138724110481853e+05 1.475442853916179156e+05 1.475440902480428631e+05 1.354983775998210476e+05 1.475445116483234742e+05 1.610134742972961794e+04 1.475443586442040105e+05 1.475441576983823034e+05 1.475443308104825264e+05 3.218199205580335693e+05 1.913152279423914151e+05 1.475443722925674811e+05 3.973203171471194364e+05 4.361406878639712522e+04 8.757803247927797202e+04 8.829258979207772063e+04 1.475444256842516188e+05 1.475442691524648690e+05 1.475443449682895152e+05
3.145455192167882342e+05 1.686813088888644052e+04 1.316429569573414919e+05 1.962314805977982542e+04 9.376028439750315738e+04 7.986445558306311432e+04 5.210383668695431697e+04 1.962333172395119982e+04 1.962316734535390060e+04 2.124805049161788193e+05 4.177317267547099618e+04 1.475443586442040105e+05 5.047247385164719162e+03 1.962322710506423027e+04 7.226318861900580487e+03 3.838072721527994145e+05 2.607941603533457674e+05 3.428792365486257768e+04 4.593071119992799941e+05 1.583947236928921193e+05 1.798093798025201540e+05 1.128176083624548337e+05 2.190286914828589215e+04 1.116182840027021302e+04 1.387590778302947547e+04
3.145453536286340677e+05 2.755815883501922599e+03 1.261331141668477794e+05 1.110187960644959171e+00 8.777275733810872771e+04 7.528298552867308899e+04 6.405129774625453138e+04 1.176830531329411178e+00 1.208750318133055224e+00 2.124802650948896189e+05 5.372070316185997217e+04 1.475441576983823034e+05 1.962322710506423027e+04 6.100504607613047581e-01 1.239813294589262296e+04 3.838070801779399044e+05 2.607939266125475406e+05 4.925728083640683326e+04 4.593069606354116113e+05 1.583944749290863692e+05 1.798091535277462972e+05 1.045530462990963861e+05 4.152456964889887604e+04 8.462527946940557740e+03 3.349779616749603883e+04
3.145454466359348735e+05 9.643067871607563575e+03 1.316429120673161815e+05 1.239811397189939817e+04 9.603733712097183161e+04 8.354752185394336993e+04 5.578694876264578488e+04 1.239822168389153194e+04 1.239815866992528936e+04 2.124803986655412882e+05 4.545630449368510745e+04 1.475443308104825264e+05 7.226318861900580487e+03 1.239813294589262296e+04 6.483887492993277712e-01 3.838072157536274754e+05 2.607940630445512361e+05 4.050093606013876706e+04 4.593070835441224626e+05 1.583946192331994826e+05 1.798093363212122640e+05 1.128176271634739824e+05 2.912788597306884913e+04 3.936642655994982306e+03 2.110105614941719978e+04
1.861737195926769054e+05 3.838070503187536960e+05 3.355969643216912518e+05 3.838070631491100066e+05 3.560625313941917848e+05 3.591452048847646220e+05 3.693445727776600979e+05 3.838071655313122901e+05 3.838071111226243083e+05 2.961239868461734732e+05 3.796751790782399476e+05 3.218199205580335110e+05 3.838072721527994727e+05 3.838070801779399044e+05 3.838072157536274754e+05 9.987829127418759163e+04 2.572980470458129712e+05 3.826267883115055738e+05 2.319439432412194728e+05 3.218024281935625477e+05 3.122094571379693807e+05 3.423129110108596506e+05 3.838073063568831421e+05 3.838071215208251378e+05 3.838073156185025000e+05
1.642647059054790006e+05 2.607937397957154608e+05 2.092948074638325197e+05 2.607939069613545435e+05 2.317843408629416372e+05 2.361293602473056817e+05 2.463314274770217016e+05 2.607939095458614465e+05 2.607938267608231399e+05 1.295911532824838505e+05 2.566619362343309040e+05 1.913152279423914151e+05 2.607941603533457674e+05 2.607939266125475406e+05 2.607940630445512361e+05 2.572980470458130003e+05 6.159864042540954688e+04 2.596135913650921721e+05 3.259384898541142466e+05 1.910405952379441878e+05 1.756893661394040973e+05 2.185408235950062517e+05 2.607941203628335206e+05 2.607940445524345560e+05 2.607941755694677122e+05
3.133650234204023145e+05 4.650206167537073634e+04 1.220410998365893174e+05 4.925724056424428272e+04 7.586081800528732128e+04 5.394106143820226862e+04 2.377178598274125761e+04 4.925724058622705343e+04 4.925706691226629482e+04 2.124805441107430670e+05 1.061806079705103002e+04 1.475443722925674811e+05 3.428792365486257768e+04 4.925728083640682598e+04 4.050093606013876706e+04 3.826267883115055738e+05 2.596135913650921721e+05 8.023743852623008934e+03 4.581264609947408899e+05 1.583947297891647904e+05 1.798094704071521701e+05 1.004210367575956625e+05 1.397776316265372043e+04 4.096937642241948197e+04 2.114165437117283727e+04
2.967572836057731765e+05 4.593068498733420274e+05 4.110967047882316401e+05 4.593069255509711220e+05 4.315621687189343502e+05 4.346449635926322080e+05 4.448444211340841721e+05 4.593069268538744655e+05 4.593068660713662975e+05 3.673163829626393854e+05 4.551749796410874114e+05 3.973203171471193782e+05 4.593071119992800523e+05 4.593069606354116113e+05 4.593070835441224044e+05 2.319439432412194437e+05 3.259384898541142466e+05 4.581264609947408899e+05 1.009285629118731886e+05 3.973022329669006867e+05 3.896285221759742126e+05 4.178127808808428235e+05 4.593071117457710789e+05 4.593070072510583559e+05 4.593070865991660976e+05
2.519796962177233363e+05 1.583943039498951985e+05 7.347837689484097064e+04 1.583944594529269671e+05 1.250926840757319296e+05 1.366842425656775595e+05 1.480642400133363262e+05 1.583946088234909694e+05 1.583944607742801018e+05 1.272827869282853499e+05 1.583948457027220866e+05 4.361406878639711795e+04 1.583947236928921193e+05 1.583944749290863692e+05 1.583946192331994826e+05 3.218024281935626059e+05 1.910405952379442169e+05 1.583947297891647904e+05 3.973022329669006867e+05 1.759412328156196600e+04 7.666097097743734776e+04 1.004945794957516919e+05 1.583948195791214530e+05 1.583946032661643694e+05 1.583946811403854808e+05
2.380974737614241603e+05 1.798090091358534119e+05 1.062531210915375850e+05 1.798091113217491948e+05 1.402082028197426407e+05 1.580989016315541812e+05 1.694789229547846480e+05 1.798092881635148369e+05 1.798091068913704657e+05 9.342661465873118141e+04 1.798095268693987455e+05 8.757803247927794291e+04 1.798093798025200958e+05 1.798091535277462972e+05 1.798093363212122640e+05 3.122094571379693807e+05 1.756893661394040973e+05 1.798094704071522283e+05 3.896285221759743872e+05 7.666097097743734776e+04 3.406629929265144165e+04 1.216020958655696159e+05 1.798094984305894468e+05 1.798092373866534908e+05 1.798093604685440368e+05
2.730512766340503586e+05 1.073076012390571996e+05 4.766090940576916910e+04 1.045529276759138593e+05 4.416296582220995333e+04 6.762470641612300824e+04 9.009030106709779648e+04 1.045531245069641882e+05 1.045528972286301287e+05 1.629203250188352831e+05 1.004209764158914768e+05 8.829258979207772063e+04 1.128176083624548337e+05 1.045530462990963861e+05 1.128176271634739824e+05 3.423129110108596506e+05 2.185408235950062517e+05 1.004210367575956625e+05 4.178127808808428235e+05 1.004945794957516919e+05 1.216020958655696159e+05 1.486255009460857036e+04 1.043525917344786285e+05 1.128175520873509668e+05 1.073080003555446165e+05
3.145457034986780491e+05 3.876934151310844027e+04 1.259345991559888644e+05 4.152452018415516795e+04 8.019370401121374744e+04 6.268568413603073714e+04 3.492507579807659204e+04 4.152453982752777665e+04 4.152438297612546012e+04 2.124804196263454796e+05 2.459439591812468643e+04 1.475444256842516188e+05 2.190286914828588851e+04 4.152456964889886876e+04 2.912788597306884913e+04 3.838073063568831421e+05 2.607941203628335206e+05 1.397776316265372043e+04 4.593071117457709624e+05 1.583948195791214821e+05 1.798094984305894468e+05 1.043525917344786285e+05 3.823899556866313105e+02 3.306335556663305761e+04 8.028127677357447283e+03
3.145454021068103029e+05 5.707542384920066979e+03 1.316428597550386330e+05 8.462524052261362158e+03 9.603728268976803520e+04 8.354745916936824506e+04 5.578688307278329012e+04 8.462624211420268693e+03 8.462585774535154997e+03 2.124804051837202569e+05 4.545623691085389146e+04 1.475442691524648690e+05 1.116182840027021302e+04 8.462527946940557740e+03 3.936642655994982306e+03 3.838071215208251378e+05 2.607940445524345560e+05 4.096937642241948197e+04 4.593070072510584141e+05 1.583946032661643694e+05 1.798092373866534908e+05 1.128175520873509668e+05 3.306335556663306488e+04 3.754406252180331762e+02 2.503651925329869846e+04
3.145455462746463600e+05 3.074270011371568035e+04 1.279698358975482697e+05 3.349772005959319358e+04 8.482948867746836913e+04 6.820605496769629826e+04 4.044540899069388252e+04 3.349787125085160369e+04 3.349773405046876724e+04 2.124805212150986481e+05 3.011481002263943083e+04 1.475443449682895152e+05 1.387590778302947547e+04 3.349779616749603883e+04 2.110105614941719978e+04 3.838073156185025582e+05 2.607941755694677122e+05 2.114165437117283727e+04 4.593070865991660976e+05 1.583946811403854808e+05 1.798093604685440368e+05 1.073080003555446165e+05 8.028127677357446373e+03 2.503651925329869846e+04 7.591805109724871727e+03
