5.036629653472114296e+04 2.585663559691882692e+05 2.585664294633294339e+05 2.585660853838119656e+05 2.376057711322691757e+05 1.817471010808537540e+05 1.624514068277274491e+05 4.101729358393914299e+05 2.585663638574105280e+05 2.585664962813580642e+05 1.134877908391647361e+05 2.585661741252205102e+05 2.477165185380679031e+05 3.184949564263754874e+05 2.585665210170784558e+05 2.358837509513308469e+05 2.585663170540201827e+05 2.039032000012211793e+05 2.585663459900229936e+05 1.399250149537259422e+05 2.585665097050509939e+05 2.402172834339890105e+05 2.139796651243970264e+05 2.585660884235788253e+05 2.585664354362289887e+05
2.585663559691882692e+05 6.410889699757118532e-01 2.528610148108735666e+04 1.272509540063860189e+00 3.659756418951621163e+05 1.589627597293282452e+05 1.770764229090570007e+05 5.235815669143176638e+05 1.390652067547230031e+00 3.378140563165859930e+04 2.202006116265302990e+05 1.390585530760202859e+00 5.323614325672967971e+04 4.344488928791566286e+05 3.964937961733972043e+04 7.704617991102287488e+04 4.106431898532978266e+03 1.290209944097471307e+05 1.477931739124304977e+00 3.070348099548763130e+05 3.650276176077244600e+04 6.906827980814348848e+04 1.081049127741434058e+05 1.347856864959018131e+00 1.184073557955199249e+04
2.585664294633294339e+05 2.528610148108735666e+04 6.231034015836687104e+03 2.528581545285000539e+04 3.659756844102031318e+05 1.589628004501938703e+05 1.770764981381482503e+05 5.235816556261949008e+05 2.528616488901054618e+04 8.771981836363234834e+03 2.202007066262917651e+05 2.528607782902308827e+04 3.400879338409330376e+04 4.344489706541119958e+05 1.587903545431877501e+04 6.970404492721798306e+04 2.118104839669397188e+04 1.270631906950717384e+05 2.528615302815049290e+04 3.070349011982543743e+05 1.149338711440140287e+04 5.631215936945911380e+04 1.051680769144176011e+05 2.528593625077473553e+04 1.344668956188139782e+04
2.585660853838119656e+05 1.272509540063860189e+00 2.528581545285000539e+04 3.955169952523756582e-01 3.659754632290111040e+05 1.589622086401531124e+05 1.770759071418584499e+05 5.235815202757309889e+05 1.168740701415114325e+00 3.378092702986067889e+04 2.202001335740649083e+05 1.003269194197351499e+00 5.323559286750559841e+04 4.344486846205163747e+05 3.964899319541263685e+04 7.704578700516051322e+04 4.105949111282659942e+03 1.290206146752153290e+05 1.100707421055560076e+00 3.070344884180343361e+05 3.650234035527374363e+04 6.906785245972139819e+04 1.081045140587856004e+05 8.337437483381596737e-01 1.184041971946681770e+04
2.376057711322691757e+05 3.659756418951620581e+05 3.659756844102031318e+05 3.659754632290111040e+05 9.480852141012172797e+04 3.065045844955153880e+05 2.983651080446238047e+05 3.395544610009077005e+05 3.659755906824284466e+05 3.659757935883744503e+05 2.709428618860531133e+05 3.659755107341582188e+05 3.551258124347256962e+05 2.188248638808569522e+05 3.659758506630020565e+05 3.483547411314506317e+05 3.659755475817223778e+05 3.233915257953100372e+05 3.659755524497195147e+05 1.931067079073234927e+05 3.659757903515772778e+05 3.483547087476724409e+05 3.307336383265170734e+05 3.659755244379500509e+05 3.659756443006222253e+05
1.817471010808537540e+05 1.589627597293282452e+05 1.589628004501938703e+05 1.589622086401531124e+05 3.065045844955153880e+05 2.618630815128458926e+04 6.093328526643281657e+04 4.651506574403099366e+05 1.589626798102834437e+05 1.589627731820131303e+05 1.260724101866146957e+05 1.589624922917187214e+05 1.459100266072746599e+05 3.787304202710515237e+05 1.589628607520083315e+05 1.188689222950531257e+05 1.589625563170599635e+05 5.751846653962258279e+04 1.589625779864792421e+05 2.443316377051358868e+05 1.589628607932739542e+05 1.348450207244002959e+05 8.050893424482918635e+04 1.589624101614481770e+05 1.589627577513565484e+05
1.624514068277274491e+05 1.770764229090570007e+05 1.770764981381482503e+05 1.770759071418584499e+05 2.983651080446238047e+05 6.093328526643281657e+04 3.479691952891605615e+04 4.628256179181124899e+05 1.770763161338619830e+05 1.770764493245699268e+05 9.619847224284897675e+04 1.770761897121420479e+05 1.645743684520638199e+05 3.730402582627535448e+05 1.770765448005459912e+05 1.435750650129911955e+05 1.770762453956969548e+05 9.667131234569214575e+04 1.770762637086081959e+05 2.309227211737628095e+05 1.770765035581885313e+05 1.540600228900527873e+05 1.106423061523626966e+05 1.770760817382332170e+05 1.770764307729577704e+05
4.101729358393914299e+05 5.235815669143176638e+05 5.235816556261949008e+05 5.235815202757309889e+05 3.395544610009077587e+05 4.651506574403098202e+05 4.628256179181124899e+05 1.245951169934188947e+05 5.235815924306929228e+05 5.235817418925961247e+05 4.389778183652588632e+05 5.235815069607960759e+05 5.169739089335527387e+05 2.951798989255495835e+05 5.235817118966859416e+05 5.103659247141756350e+05 5.235815621130612562e+05 4.840565691251882236e+05 5.235816194284743397e+05 3.733626435743430047e+05 5.235817221837415127e+05 5.103659179662269307e+05 4.927447967883787351e+05 5.235814620107639348e+05 5.235816998852858087e+05
2.585663638574105571e+05 1.390652067547230253e+00 2.528616488901054618e+04 1.168740701415114325e+00 3.659755906824284466e+05 1.589626798102834437e+05 1.770763161338619830e+05 5.235815924306929228e+05 6.422842029075949144e-01 3.378126895860504737e+04 2.202004932643035718e+05 1.403722254232691702e+00 5.323604746332635114e+04 4.344487965173369739e+05 3.964942648316124541e+04 7.704623130832637253e+04 4.106301461207789544e+03 1.290210394130469649e+05 1.260518525922914357e+00 3.070346878612261498e+05 3.650275009895427502e+04 6.906833259102626471e+04 1.081049458032265975e+05 1.334023570771101674e+00 1.184072852330319802e+04
2.585664962813580642e+05 3.378140563165859930e+04 8.771981836363234834e+03 3.378092702986067889e+04 3.659757935883744503e+05 1.589627731820131303e+05 1.770764493245699268e+05 5.235817418925961247e+05 3.378126895860504010e+04 1.954716015506530539e+03 2.202006328831180581e+05 3.378126481273783429e+04 3.120957102372168447e+04 4.344489346262505278e+05 1.321758206368153878e+04 6.823571702946575533e+04 2.967620599683112960e+04 1.260842909441965312e+05 3.378129036155960057e+04 3.070348529986634967e+05 3.006169653742542323e+03 5.353864561942397995e+04 1.036997161918216298e+05 3.378116872333885112e+04 2.194199341465946418e+04
1.134877908391647361e+05 2.202006116265302990e+05 2.202007066262917651e+05 2.202001335740649083e+05 2.709428618860531133e+05 1.260724101866146957e+05 9.619847224284897675e+04 4.389778183652588050e+05 2.202004932643035718e+05 2.202006328831180581e+05 3.458174397968938138e+04 2.202003990147619916e+05 2.093506062895456271e+05 3.491923762639052584e+05 2.202007297829706222e+05 1.925453380005137296e+05 2.202004337801036017e+05 1.508975903194698913e+05 2.202004361156448140e+05 1.951046988688990823e+05 2.202007199468432518e+05 2.007601388030705566e+05 1.609740638925680832e+05 2.202002905253397475e+05 2.202005783255806600e+05
2.585661741252205102e+05 1.390585530760202859e+00 2.528607782902308463e+04 1.003269194197351499e+00 3.659755107341582188e+05 1.589624922917187214e+05 1.770761897121420479e+05 5.235815069607960759e+05 1.403722254232691702e+00 3.378126481273783429e+04 2.202003990147619916e+05 5.816771664769635475e-01 5.323600138419229916e+04 4.344488018246488646e+05 3.964926186483107449e+04 7.704599167974926240e+04 4.106245332833567772e+03 1.290207606302987988e+05 1.325524340781948140e+00 3.070346543538533151e+05 3.650259226195441443e+04 6.906813260072788398e+04 1.081047269060310064e+05 1.045781923163517924e+00 1.184080060079856412e+04
2.477165185380678740e+05 5.323614325672967971e+04 3.400879338409330376e+04 5.323559286750559841e+04 3.551258124347257544e+05 1.459100266072746308e+05 1.645743684520638199e+05 5.169739089335528552e+05 5.323604746332635114e+04 3.120957102372168447e+04 2.093506062895456271e+05 5.323600138419229916e+04 1.792474201769059437e+04 4.272126482492747600e+05 2.402166296597737892e+04 4.970033466316499107e+04 5.078296549000309460e+04 1.130315753516049590e+05 5.323600838608414051e+04 2.961849495625668787e+05 2.989506131794659450e+04 2.891410438835935565e+04 8.918940615774673643e+04 5.323583026001101825e+04 4.401248467347036785e+04
3.184949564263754874e+05 4.344488928791566286e+05 4.344489706541119958e+05 4.344486846205163747e+05 2.188248638808569522e+05 3.787304202710515237e+05 3.730402582627534866e+05 2.951798989255496417e+05 4.344487965173369739e+05 4.344489346262505278e+05 3.491923762639052002e+05 4.344488018246488646e+05 4.272126482492747600e+05 1.018919506074107048e+05 4.344490830206788960e+05 4.205806494197579450e+05 4.344487633543201955e+05 3.956174196665179334e+05 4.344487835168447345e+05 2.932920000254627666e+05 4.344490576812503277e+05 4.205806241241776734e+05 4.029595140370573499e+05 4.344487809271599399e+05 4.344488443460400449e+05
2.585665210170784558e+05 3.964937961733972043e+04 1.587903545431877319e+04 3.964899319541263685e+04 3.659758506630020565e+05 1.589628607520083315e+05 1.770765448005459912e+05 5.235817118966859416e+05 3.964942648316124541e+04 1.321758206368153878e+04 2.202007297829706222e+05 3.964926186483107449e+04 2.402166296597737164e+04 4.344490830206788960e+05 6.724388069164621839e-01 6.697700673333804298e+04 3.554428867366879422e+04 1.260842315586975456e+05 3.964936864023646922e+04 3.070350172399143921e+05 1.153466613906118801e+04 4.913311889059856912e+04 1.036997120958249870e+05 3.964909581241608976e+04 2.781016530717140995e+04
2.358837509513308178e+05 7.704617991102287488e+04 6.970404492721798306e+04 7.704578700516051322e+04 3.483547411314506317e+05 1.188689222950530966e+05 1.435750650129911955e+05 5.103659247141756350e+05 7.704623130832637253e+04 6.823571702946575533e+04 1.925453380005137296e+05 7.704599167974926240e+04 4.970033466316499107e+04 4.205806494197579450e+05 6.697700673333804298e+04 1.628452633188261643e+04 7.704612510940259381e+04 8.431701186442475591e+04 7.704616640915292373e+04 2.894139233418449876e+05 6.787601237713899172e+04 3.084121010135170582e+04 5.524582028311328759e+04 7.704586006012125290e+04 7.484363690541849064e+04
2.585663170540201827e+05 4.106431898532978266e+03 2.118104839669397188e+04 4.105949111282659942e+03 3.659755475817223778e+05 1.589625563170599635e+05 1.770762453956969548e+05 5.235815621130612562e+05 4.106301461207789544e+03 2.967620599683112960e+04 2.202004337801036017e+05 4.106245332833567772e+03 5.078296549000309460e+04 4.344487633543201955e+05 3.554428867366879422e+04 7.704612510940259381e+04 2.963205439743364877e+03 1.290209604819172237e+05 4.106220045480382396e+03 3.070346690236458089e+05 3.239765608154409711e+04 6.855848866613600694e+04 1.081048674942276411e+05 4.106180806096147535e+03 7.735537832058644199e+03
2.039032000012211793e+05 1.290209944097471453e+05 1.270631906950717384e+05 1.290206146752153290e+05 3.233915257953100372e+05 5.751846653962258279e+04 9.667131234569214575e+04 4.840565691251882236e+05 1.290210394130469795e+05 1.260842909441965312e+05 1.508975903194698913e+05 1.290207606302987988e+05 1.130315753516049590e+05 3.956174196665178752e+05 1.260842315586975310e+05 8.431701186442475591e+04 1.290209604819172237e+05 2.268429929059918868e+04 1.290209750838304608e+05 2.629420586757200072e+05 1.260842907456735702e+05 1.019663732972543366e+05 3.869744592880289565e+04 1.290206702709392412e+05 1.290211526292103663e+05
2.585663459900230228e+05 1.477931739124305199e+00 2.528615302815049290e+04 1.100707421055560076e+00 3.659755524497195147e+05 1.589625779864792421e+05 1.770762637086081959e+05 5.235816194284743397e+05 1.260518525922914135e+00 3.378129036155960057e+04 2.202004361156448140e+05 1.325524340781948140e+00 5.323600838608414051e+04 4.344487835168447345e+05 3.964936864023646922e+04 7.704616640915292373e+04 4.106220045480382396e+03 1.290209750838304608e+05 6.083792698338855720e-01 3.070346759463771596e+05 3.650270900797281502e+04 6.906826987701150938e+04 1.081049091826961085e+05 1.274238247638008970e+00 1.184072524701651855e+04
1.399250149537259422e+05 3.070348099548763130e+05 3.070349011982544325e+05 3.070344884180343361e+05 1.931067079073234927e+05 2.443316377051358868e+05 2.309227211737628095e+05 3.733626435743430047e+05 3.070346878612261498e+05 3.070348529986634967e+05 1.951046988688990823e+05 3.070346543538533733e+05 2.961849495625668787e+05 2.932920000254627666e+05 3.070350172399143921e+05 2.894139233418449876e+05 3.070346690236458089e+05 2.629420586757200072e+05 3.070346759463771596e+05 6.155669900747555221e+04 3.070350176726904465e+05 2.894139203209626139e+05 2.717927881740518496e+05 3.070346205014929874e+05 3.070347714587835362e+05
2.585665097050509939e+05 3.650276176077244600e+04 1.149338711440140287e+04 3.650234035527374363e+04 3.659757903515772778e+05 1.589628607932739542e+05 1.770765035581885313e+05 5.235817221837415127e+05 3.650275009895427502e+04 3.006169653742541868e+03 2.202007199468432518e+05 3.650259226195441443e+04 2.989506131794659450e+04 4.344490576812503277e+05 1.153466613906118801e+04 6.787601237713899172e+04 3.239765608154409347e+04 1.260842907456735702e+05 3.650270900797281502e+04 3.070350176726904465e+05 2.565299128823851333e+03 5.227982286210091843e+04 1.036996854452183761e+05 3.650243777561555180e+04 2.466347678996364630e+04
2.402172834339890105e+05 6.906827980814348848e+04 5.631215936945911380e+04 6.906785245972139819e+04 3.483547087476724409e+05 1.348450207244002959e+05 1.540600228900527873e+05 5.103659179662269307e+05 6.906833259102626471e+04 5.353864561942397995e+04 2.007601388030705566e+05 6.906813260072788398e+04 2.891410438835935565e+04 4.205806241241776734e+05 4.913311889059857640e+04 3.084121010135170582e+04 6.855848866613600694e+04 1.019663732972543512e+05 6.906826987701150938e+04 2.894139203209626139e+05 5.227982286210091843e+04 6.960424421624153183e+03 7.616095763741867268e+04 6.906795880988016143e+04 6.406230950295167713e+04
2.139796651243970264e+05 1.081049127741433913e+05 1.051680769144176302e+05 1.081045140587856004e+05 3.307336383265171316e+05 8.050893424482918635e+04 1.106423061523627111e+05 4.927447967883787351e+05 1.081049458032265975e+05 1.036997161918216298e+05 1.609740638925680832e+05 1.081047269060310064e+05 8.918940615774673643e+04 4.029595140370574081e+05 1.036997120958249725e+05 5.524582028311329486e+04 1.081048674942276411e+05 3.869744592880289565e+04 1.081049091826961085e+05 2.717927881740518496e+05 1.036996854452183761e+05 7.616095763741867268e+04 1.471519378833681549e+04 1.081045748975467141e+05 1.081050140167875652e+05
2.585660884235787962e+05 1.347856864959017908e+00 2.528593625077473553e+04 8.337437483381595626e-01 3.659755244379500509e+05 1.589624101614481770e+05 1.770760817382332170e+05 5.235814620107639348e+05 1.334023570771101674e+00 3.378116872333885112e+04 2.202002905253397475e+05 1.045781923163517479e+00 5.323583026001101825e+04 4.344487809271599399e+05 3.964909581241608976e+04 7.704586006012125290e+04 4.106180806096147535e+03 1.290206702709392557e+05 1.274238247638008303e+00 3.070346205014929874e+05 3.650243777561555180e+04 6.906795880988016143e+04 1.081045748975467141e+05 5.771797120668311631e-01 1.184067515897605699e+04
2.585664354362289887e+05 1.184073557955199249e+04 1.344668956188139782e+04 1.184041971946681770e+04 3.659756443006222253e+05 1.589627577513565484e+05 1.770764307729577704e+05 5.235816998852858087e+05 1.184072852330319802e+04 2.194199341465946418e+04 2.202005783255806600e+05 1.184080060079856412e+04 4.401248467347036785e+04 4.344488443460400449e+05 2.781016530717140995e+04 7.484363690541849064e+04 7.735537832058644199e+03 1.290211526292103663e+05 1.184072524701651855e+04 3.070347714587835362e+05 2.466347678996364630e+04 6.406230950295167713e+04 1.081050140167875506e+05 1.184067515897605699e+04 3.545526481051540941e+03
