4.111516343884503585e+05 6.866266621228819713e+05 6.866265395537783625e+05 6.866263511470340891e+05 6.866265199209795101e+05 8.596565427999369567e+05 6.603110258072493598e+05 6.628169746938830940e+05 7.917120289012405556e+05 6.866265375801845221e+05 6.866265700485217385e+05 5.880580639866179554e+05 6.449599455947058741e+05 6.866266790928898845e+05 6.866264715099390596e+05 6.424539265100050252e+05 6.866266465696584200e+05 6.866265124841205543e+05 5.024046408188110217e+05 6.866266477673673071e+05 6.866265079206173541e+05 6.866265163273699582e+05 6.866266089843597729e+05 6.866265112659161678e+05 6.866264743203384569e+05
6.866266621228819713e+05 1.907712598573119811e+00 2.857167772179869935e+05 2.857161314487255877e+05 2.857168536819234141e+05 9.826840692640690831e+05 3.919884815177319106e+05 2.142878618266634003e+05 9.132655933828075649e+05 2.857167700232539792e+05 2.857168221943107201e+05 2.337347654239458207e+05 2.142881929825330444e+05 2.983347873290696839e+00 2.857164480613097548e+05 4.285738221095911576e+05 8.145620337068768276e+04 2.857165936816540780e+05 5.920355867175377207e+05 2.890405069590483933e+00 2.857166277297198540e+05 2.857167571108413977e+05 1.428596628867211111e+05 2.857166515255094273e+05 2.404202999131257820e+05
6.866265395537783625e+05 2.857167772179869935e+05 1.335698256722035016e+00 1.791712395508936906e+00 2.669040806268210275e+00 9.826840519480517833e+05 4.285735307754976093e+05 9.524066578727700107e+04 9.132656454854668118e+05 2.217792420372094231e+00 2.594399472059137679e+00 3.352381061383705819e+05 1.785739940593503707e+05 2.857167403883577208e+05 2.116882868840496368e+00 4.285736415189722902e+05 2.518822270042718155e+05 2.081566134886600583e+00 5.920355311088754097e+05 2.857167132339844247e+05 2.227029403526270102e+00 2.227080486056030928e+00 2.142882297714255110e+05 2.505702939225723291e+00 4.529855787807625893e+04
6.866263511470340891e+05 2.857161314487255877e+05 1.791712395508936906e+00 8.139409786404523395e-01 2.033809988748818576e+00 9.826840453889543423e+05 4.285731534326413530e+05 9.523981754320269101e+04 9.132655695076928241e+05 1.713620718175430158e+00 1.925468028441021273e+00 3.352376151096573449e+05 1.785733213585915219e+05 2.857161505004722276e+05 1.398796405338218474e+00 4.285732761953771114e+05 2.518815672491832520e+05 1.455510563610148411e+00 5.920352125321293715e+05 2.857161638411019812e+05 1.506063191526652911e+00 1.718415400039573271e+00 2.142875963191088231e+05 1.727429544536287498e+00 4.529795089680264937e+04
6.866265199209795101e+05 2.857168536819234141e+05 2.669040806268210275e+00 2.033809988748818576e+00 1.511012045746354726e+00 9.826840519480516668e+05 4.285735558329587220e+05 9.524067216320155421e+04 9.132656454854668118e+05 2.457204743446099293e+00 3.021099748847138500e+00 3.352382060626203311e+05 1.785741393605156336e+05 2.857169565696539357e+05 2.314402980546446997e+00 4.285736882358783623e+05 2.518823500260880683e+05 2.246013207448311011e+00 5.920355362592925085e+05 2.857168380966149853e+05 2.436569886589930345e+00 2.611299380224459732e+00 2.142883872270411521e+05 2.488655873623016657e+00 4.529874650189686508e+04
8.596565427999369567e+05 9.826840692640690831e+05 9.826840519480517833e+05 9.826840453889542259e+05 9.826840519480516668e+05 3.662415597239396302e+05 9.826840692640687339e+05 9.826840564082380151e+05 8.249225493988001253e+05 9.826840519480516668e+05 9.826840453889542259e+05 9.826840692640690831e+05 9.350650216450213920e+05 9.826840692640690831e+05 9.826840519480516668e+05 9.826840692640690831e+05 9.350650692640693160e+05 9.826840519480517833e+05 9.826840692640689667e+05 9.826840692640687339e+05 9.826840519480516668e+05 9.826840519480516668e+05 9.112555692640689667e+05 9.826840388298571343e+05 9.826840519480516668e+05
6.603110258072493598e+05 3.919884815177319106e+05 4.285735307754976093e+05 4.285731534326414694e+05 4.285735558329588384e+05 9.826840692640687339e+05 3.569482352854609053e+04 3.919879765432357090e+05 8.418371389919599751e+05 4.285735120524060330e+05 4.285735497861337499e+05 3.089686735581037356e+05 3.919882604737346992e+05 3.919884991688101436e+05 4.285733324547973461e+05 2.051862133148144931e+05 3.919882895602097269e+05 4.285734564660903416e+05 4.372811401153373299e+05 3.919886877145890612e+05 4.285734072906336514e+05 4.285734945401060395e+05 3.919881328498107032e+05 4.285734737285484443e+05 4.053726938240182935e+05
6.628169746938830940e+05 2.142878618266634003e+05 9.524066578727700107e+04 9.523981754320269101e+04 9.524067216320155421e+04 9.826840564082381316e+05 3.919879765432357090e+05 3.174723488076536523e+04 9.132655540166774299e+05 9.524065973138670961e+04 9.524050193364910956e+04 2.479366199690432404e+05 9.920831615950947162e+04 2.142878829005961015e+05 9.523994585469803133e+04 4.285733831400565687e+05 1.804530432001647423e+05 9.524037462877723738e+04 5.682259174474044703e+05 2.142880379049907788e+05 9.524032431819537305e+04 9.524055996981031785e+04 1.428590906702407810e+05 9.524034829299530247e+04 4.994359703178048221e+04
7.917120289012405556e+05 9.132655933828075649e+05 9.132656454854668118e+05 9.132655695076928241e+05 9.132656454854668118e+05 8.249225493988001253e+05 8.418371389919599751e+05 9.132655540166774299e+05 3.386374071937308181e+05 9.132656454854668118e+05 9.132656389263692545e+05 8.894561291533143958e+05 9.132655545750372112e+05 9.132656002158980118e+05 9.132656039437073050e+05 8.418371628014841117e+05 9.132655797166267876e+05 9.132656225286255358e+05 9.132656628014839953e+05 9.132655933828072157e+05 9.132656454854668118e+05 9.132656454854668118e+05 9.132655925628365949e+05 9.132656255341815995e+05 9.132655760667901486e+05
6.866265375801845221e+05 2.857167700232539792e+05 2.217792420372094231e+00 1.713620718175430158e+00 2.457204743446099293e+00 9.826840519480516668e+05 4.285735120524060330e+05 9.524065973138670961e+04 9.132656454854668118e+05 1.405386169352243142e+00 2.592901795336427284e+00 3.352380872962312424e+05 1.785740175445464847e+05 2.857167704276499571e+05 2.167320584561454933e+00 4.285736440638662316e+05 2.518822435913052177e+05 2.006472243873259842e+00 5.920355113638583571e+05 2.857166596093158005e+05 2.154038010166323680e+00 2.253537145833054200e+00 2.142883026832549076e+05 2.457999485979799115e+00 4.529870680972337868e+04
6.866265700485217385e+05 2.857168221943107201e+05 2.594399472059137679e+00 1.925468028441021273e+00 3.021099748847138500e+00 9.826840453889542259e+05 4.285735497861337499e+05 9.524050193364910956e+04 9.132656389263692545e+05 2.592901795336427284e+00 1.632347909742722036e+00 3.352380964108058834e+05 1.785739807922509790e+05 2.857167964295957936e+05 2.201327312834553407e+00 4.285736853757638019e+05 2.518823279043601942e+05 2.471712992786400775e+00 5.920355672615452204e+05 2.857166873606162262e+05 2.427454457176172919e+00 2.610366273824428873e+00 2.142884400717184762e+05 2.492966920533243425e+00 4.529864175449098548e+04
5.880580639866179554e+05 2.337347654239458207e+05 3.352381061383705819e+05 3.352376151096573449e+05 3.352382060626203311e+05 9.826840692640690831e+05 3.089686735581037356e+05 2.479366199690432404e+05 8.894561291533143958e+05 3.352380872962312424e+05 3.352380964108058834e+05 1.286126580470307817e+05 2.122226156919215282e+05 2.337348927114354738e+05 3.352378619311414659e+05 3.234707218769884785e+05 2.479809377089155605e+05 3.352380039467701572e+05 5.030633217769506737e+05 2.337346888541699445e+05 3.352379894767983351e+05 3.352379123177930014e+05 2.638099804244478582e+05 3.352380952540460275e+05 2.899418433011937304e+05
6.449599455947058741e+05 2.142881929825331026e+05 1.785739940593503707e+05 1.785733213585915219e+05 1.785741393605156336e+05 9.350650216450213920e+05 3.919882604737345828e+05 9.920831615950947162e+04 9.132655545750373276e+05 1.785740175445465138e+05 1.785739807922509790e+05 2.122226156919215573e+05 6.746172339748093509e+04 2.142883260328956530e+05 1.785734761122550699e+05 4.107165104050089722e+05 1.487074044776547526e+05 1.785737894897063379e+05 5.682260015342847910e+05 2.142885449858956563e+05 1.785737582528341154e+05 1.785739691543521476e+05 9.524043912315712078e+04 1.785737986740023771e+05 1.332774447617497644e+05
6.866266790928898845e+05 2.983347873290697727e+00 2.857167403883577208e+05 2.857161505004722276e+05 2.857169565696539357e+05 9.826840692640690831e+05 3.919884991688101436e+05 2.142878829005961015e+05 9.132656002158978954e+05 2.857167704276500153e+05 2.857167964295957936e+05 2.337348927114354738e+05 2.142883260328956530e+05 1.776979842432715673e+00 2.857164958948435378e+05 4.285738940942627378e+05 8.145619429881018004e+04 2.857166919547415455e+05 5.920356667778618867e+05 3.026974119180580125e+00 2.857166878394535743e+05 2.857167152378243627e+05 1.428596456966032274e+05 2.857168039577017189e+05 2.404202643141991284e+05
6.866264715099390596e+05 2.857164480613097548e+05 2.116882868840496368e+00 1.398796405338218474e+00 2.314402980546446997e+00 9.826840519480516668e+05 4.285733324547973461e+05 9.523994585469803133e+04 9.132656039437073050e+05 2.167320584561454933e+00 2.201327312834552963e+00 3.352378619311414659e+05 1.785734761122550699e+05 2.857164958948435378e+05 1.184122077505458170e+00 4.285734331500568078e+05 2.518819325785170076e+05 1.849033232841590380e+00 5.920353874635612592e+05 2.857164072891508113e+05 1.832121449748157493e+00 2.031102065137742052e+00 2.142879515119264543e+05 1.845399330848366937e+00 4.529799912120968656e+04
6.424539265100049088e+05 4.285738221095911576e+05 4.285736415189722902e+05 4.285732761953771114e+05 4.285736882358783623e+05 9.826840692640691996e+05 2.051862133148144349e+05 4.285733831400565687e+05 8.418371628014841117e+05 4.285736440638662316e+05 4.285736853757638019e+05 3.234707218769884785e+05 4.107165104050089722e+05 4.285738940942627378e+05 4.285734331500568078e+05 7.674942456834894256e+04 4.285737852591999690e+05 4.285735987531808205e+05 4.445849754999493598e+05 4.285739503311035805e+05 4.285736052421856439e+05 4.285735698199989856e+05 4.285736006520295632e+05 4.285736498635610333e+05 4.285733195016585523e+05
6.866266465696584200e+05 8.145620337068766821e+04 2.518822270042718155e+05 2.518815672491832520e+05 2.518823500260880683e+05 9.350650692640693160e+05 3.919882895602097269e+05 1.804530432001647423e+05 9.132655797166267876e+05 2.518822435913052759e+05 2.518823279043601942e+05 2.479809377089155896e+05 1.487074044776547526e+05 8.145619429881016549e+04 2.518819325785170076e+05 4.285737852591999690e+05 6.736282384002061735e+04 2.518820662302032288e+05 5.920356112394458614e+05 8.145637813890125835e+04 2.518820986419697292e+05 2.518822498828597018e+05 6.140533137831804197e+04 2.518822379431417212e+05 2.065855172057989985e+05
6.866265124841205543e+05 2.857165936816540780e+05 2.081566134886600583e+00 1.455510563610149077e+00 2.246013207448311011e+00 9.826840519480516668e+05 4.285734564660903416e+05 9.524037462877723738e+04 9.132656225286255358e+05 2.006472243873259842e+00 2.471712992786400775e+00 3.352380039467701572e+05 1.785737894897063379e+05 2.857166919547415455e+05 1.849033232841590380e+00 4.285735987531808205e+05 2.518820662302032288e+05 1.319584120050693254e+00 5.920355122074955143e+05 2.857166226771656657e+05 1.831003509265403562e+00 2.086803698590462997e+00 2.142880573575554590e+05 2.150895401731631296e+00 4.529842534422155586e+04
5.024046408188110217e+05 5.920355867175377207e+05 5.920355311088754097e+05 5.920352125321293715e+05 5.920355362592927413e+05 9.826840692640689667e+05 4.372811401153373299e+05 5.682259174474045867e+05 9.132656628014839953e+05 5.920355113638585899e+05 5.920355672615452204e+05 5.030633217769506737e+05 5.682260015342847910e+05 5.920356667778618867e+05 5.920353874635616085e+05 4.445849754999493598e+05 5.920356112394458614e+05 5.920355122074955143e+05 2.231551778871111455e+05 5.920357149297063006e+05 5.920354472428049194e+05 5.920354913217937574e+05 5.920355583793804981e+05 5.920355194818009622e+05 5.920353835439718096e+05
6.866266477673673071e+05 2.890405069590483933e+00 2.857167132339844247e+05 2.857161638411019812e+05 2.857168380966149853e+05 9.826840692640687339e+05 3.919886877145890612e+05 2.142880379049908079e+05 9.132655933828069828e+05 2.857166596093158005e+05 2.857166873606162262e+05 2.337346888541699154e+05 2.142885449858956563e+05 3.026974119180581013e+00 2.857164072891508113e+05 4.285739503311035805e+05 8.145637813890127291e+04 2.857166226771656657e+05 5.920357149297063006e+05 1.626059017275012453e+00 2.857165919096617145e+05 2.857166511228985619e+05 1.428599572580617678e+05 2.857166848750659265e+05 2.404203952502772736e+05
6.866265079206172377e+05 2.857166277297198540e+05 2.227029403526270102e+00 1.506063191526653355e+00 2.436569886589929901e+00 9.826840519480516668e+05 4.285734072906335932e+05 9.524032431819537305e+04 9.132656454854668118e+05 2.154038010166323680e+00 2.427454457176173364e+00 3.352379894767983351e+05 1.785737582528340863e+05 2.857166878394535743e+05 1.832121449748157493e+00 4.285736052421856439e+05 2.518820986419697001e+05 1.831003509265403784e+00 5.920354472428048030e+05 2.857165919096617145e+05 1.312009446442012894e+00 2.185593223667360085e+00 2.142881351852706866e+05 2.066840904541928037e+00 4.529836047689236148e+04
6.866265163273699582e+05 2.857167571108413977e+05 2.227080486056030928e+00 1.718415400039573493e+00 2.611299380224459732e+00 9.826840519480516668e+05 4.285734945401060395e+05 9.524055996981031785e+04 9.132656454854668118e+05 2.253537145833054200e+00 2.610366273824428873e+00 3.352379123177930014e+05 1.785739691543521476e+05 2.857167152378243627e+05 2.031102065137742052e+00 4.285735698199989856e+05 2.518822498828597018e+05 2.086803698590462552e+00 5.920354913217937574e+05 2.857166511228985619e+05 2.185593223667360085e+00 1.359166465478832686e+00 2.142883050856236368e+05 2.365377722075371114e+00 4.529865720488725492e+04
6.866266089843597729e+05 1.428596628867211111e+05 2.142882297714255110e+05 2.142875963191088231e+05 2.142883872270411521e+05 9.112555692640691996e+05 3.919881328498107032e+05 1.428590906702407810e+05 9.132655925628367113e+05 2.142883026832549076e+05 2.142884400717184762e+05 2.638099804244478582e+05 9.524043912315712078e+04 1.428596456966032274e+05 2.142879515119264543e+05 4.285736006520295632e+05 6.140533137831802742e+04 2.142880573575554590e+05 5.920355583793803817e+05 1.428599572580617678e+05 2.142881351852707157e+05 2.142883050856236368e+05 1.266198102319334717e+00 2.142883278779058601e+05 1.689915730217780510e+05
6.866265112659161678e+05 2.857166515255094273e+05 2.505702939225723291e+00 1.727429544536287498e+00 2.488655873623016657e+00 9.826840388298567850e+05 4.285734737285484443e+05 9.524034829299528792e+04 9.132656255341813667e+05 2.457999485979799559e+00 2.492966920533242536e+00 3.352380952540460275e+05 1.785737986740023771e+05 2.857168039577017189e+05 1.845399330848366937e+00 4.285736498635610333e+05 2.518822379431416921e+05 2.150895401731631296e+00 5.920355194818009622e+05 2.857166848750658683e+05 2.066840904541927593e+00 2.365377722075371114e+00 2.142883278779058601e+05 1.425873952715221771e+00 4.529849443143190729e+04
6.866264743203384569e+05 2.404202999131257820e+05 4.529855787807625893e+04 4.529795089680264937e+04 4.529874650189687236e+04 9.826840519480517833e+05 4.053726938240182935e+05 4.994359703178048221e+04 9.132655760667902650e+05 4.529870680972338596e+04 4.529864175449099275e+04 2.899418433011937304e+05 1.332774447617497644e+05 2.404202643141991284e+05 4.529799912120969384e+04 4.285733195016585523e+05 2.065855172057989985e+05 4.529842534422155586e+04 5.920353835439718096e+05 2.404203952502772736e+05 4.529836047689236148e+04 4.529865720488726220e+04 1.689915730217780510e+05 4.529849443143190729e+04 3.314473955275997287e+04
