7.909755881121119936e-01 1.665234096534041086e+00 1.710674613809327393e+00 2.447926977678791083e+00 2.237771508591273495e+00 1.731322027699726540e+00 5.647319347954475961e+04 2.408555976887228223e+00 2.000258126745904156e+04 2.618179271163215027e+00 1.768819261203033788e+00 3.328870485873076832e+05 1.774294550311137586e+00 2.247473992449492641e+00 1.681269150281958114e+00 1.805112568242441630e+05 1.749854061328798283e+00 5.830965101985649671e+05 1.701549928114040267e+00 4.000253479603186861e+04 1.923158435925692800e+00 4.479633083989499719e+05 2.016372715605218247e+00 1.344469093808735582e+00 4.000249754991426744e+04
1.665234096534041086e+00 7.838150917698997189e-01 1.735822190998205672e+00 2.331077031120494247e+00 2.290809176784140533e+00 1.612911855541614203e+00 5.647311081510480290e+04 2.255324488880256606e+00 2.000245258213957277e+04 2.462796976546954841e+00 1.767519664406896229e+00 3.328870955314527964e+05 1.528934377222228802e+00 2.173116840435698194e+00 1.758302625095863103e+00 1.805112388235352118e+05 1.548786874456952622e+00 5.830965029892203165e+05 1.594331247140206909e+00 4.000236481212487706e+04 2.105794344584612787e+00 4.479633105873057502e+05 2.161535673427081417e+00 1.272768933346756892e+00 4.000241407036013698e+04
1.710674613809327393e+00 1.735822190998205894e+00 6.522000564344107021e-01 1.918905969648576626e+00 1.862033388872572193e+00 1.357611741115649862e+00 5.647278525044747948e+04 1.933132880899380845e+00 2.000193271029442622e+04 1.999659816670833479e+00 1.457117770085635478e+00 3.328869149333594833e+05 1.624675543935863109e+00 1.838829127767254823e+00 1.228394042955051724e+00 1.805109689804954687e+05 1.671580889985339713e+00 5.830964044628912816e+05 1.132903016364964710e+00 4.000195294015580293e+04 1.711586679491112539e+00 4.479631536363211926e+05 1.816757750345892264e+00 9.662068086835432501e-01 4.000186987899457745e+04
2.447926977678791083e+00 2.331077031120494247e+00 1.918905969648576182e+00 7.768607500595170468e-01 2.031566636074838339e+00 2.150697591136852438e+00 5.647337629518266476e+04 2.220387134848865074e+00 2.000240843981214493e+04 2.402175428803618562e+00 2.191750637680652591e+00 3.328872786570345052e+05 2.271557611420583989e+00 2.215465368455824979e+00 2.059517319720969741e+00 1.805116512645144539e+05 2.369338359570168695e+00 5.830967352703833021e+05 1.681973704445369089e+00 4.000263251128745469e+04 2.316790765588127687e+00 4.479634508167760214e+05 2.377683049894915523e+00 1.518409750201528352e+00 4.000270773176187504e+04
2.237771508591273495e+00 2.290809176784140533e+00 1.862033388872572193e+00 2.031566636074838339e+00 7.081859835032396910e-01 2.162450209960920855e+00 5.647353357666217926e+04 2.401664902543534819e+00 2.000261071623673706e+04 2.429497298735771693e+00 2.101007918412772568e+00 3.328871285816198797e+05 2.271464727336449219e+00 2.170366225937722771e+00 1.997103022248834625e+00 1.805116413661187980e+05 2.336626880561471165e+00 5.830966965027109254e+05 1.674932993617851196e+00 4.000260985069542221e+04 2.275477106791465864e+00 4.479634340563718579e+05 2.188620107575626417e+00 1.511627530493213634e+00 4.000267847679827537e+04
1.731322027699726318e+00 1.612911855541614203e+00 1.357611741115649862e+00 2.150697591136851994e+00 2.162450209960920855e+00 5.944058585627577385e-01 5.647280845798957307e+04 2.084575539713564574e+00 2.000218056787686874e+04 2.189667088223230973e+00 1.580370895682341237e+00 3.328869244195130304e+05 1.628865983136779771e+00 2.022514991429033682e+00 1.267826396308930237e+00 1.805110122827742016e+05 1.739362405236681175e+00 5.830963712997378316e+05 1.291287819239036683e+00 4.000212486222605366e+04 2.020229597351323569e+00 4.479631191629528184e+05 2.102650018249871078e+00 1.202204630354687609e+00 4.000215446252223774e+04
5.647319347954475961e+04 5.647311081510481017e+04 5.647278525044747948e+04 5.647337629518267204e+04 5.647353357666217926e+04 5.647280845798957307e+04 1.937828971216280479e+04 5.647340539084858028e+04 3.647335217784508131e+04 5.647328353359959874e+04 5.647304668609277724e+04 3.319185521859235014e+05 5.647323769161289965e+04 5.647343889489948924e+04 5.647295074078822654e+04 1.640404345107772388e+05 5.647307289864709310e+04 5.830966430780121591e+05 5.647267571561495424e+04 5.647335134109619685e+04 5.647340485545603588e+04 4.479636436222897028e+05 5.647352886883440806e+04 5.647261133834233624e+04 1.647334952908671039e+04
2.408555976887227779e+00 2.255324488880256606e+00 1.933132880899380845e+00 2.220387134848865074e+00 2.401664902543534819e+00 2.084575539713564574e+00 5.647340539084858028e+04 7.912294979050457089e-01 2.000259650070950011e+04 2.391147022169167968e+00 2.258808911962812527e+00 3.328874464487107471e+05 2.183800284139800318e+00 2.169481167836545765e+00 2.088307161599406658e+00 1.805115227708717866e+05 2.357346899899530168e+00 5.830968278302061372e+05 1.715518330752304310e+00 4.000243782701510645e+04 2.374400049502960020e+00 4.479635787574566202e+05 2.272146154285762609e+00 1.576981391724530557e+00 4.000259133381029824e+04
2.000258126745904519e+04 2.000245258213957641e+04 2.000193271029443713e+04 2.000240843981214493e+04 2.000261071623673706e+04 2.000218056787687237e+04 3.647335217784508131e+04 2.000259650070950011e+04 2.000094161242240807e+04 2.000229664054400928e+04 2.000238440613322382e+04 3.328873938683430315e+05 2.000243705912553560e+04 2.000262631974209216e+04 2.000214698373471037e+04 1.805115000488376536e+05 2.000249320739148607e+04 5.830968171136962483e+05 2.000179947355036347e+04 4.000210555356223631e+04 2.000254670073733359e+04 4.479637066143974662e+05 2.000266637645180526e+04 2.000172561396694437e+04 2.000219781992079152e+04
2.618179271163215027e+00 2.462796976546954397e+00 1.999659816670833479e+00 2.402175428803618562e+00 2.429497298735771693e+00 2.189667088223230973e+00 5.647328353359959874e+04 2.391147022169167968e+00 2.000229664054400564e+04 7.660258231090969483e-01 2.340959249117312346e+00 3.328874384127692319e+05 2.406870964156450743e+00 2.566479739904993895e+00 2.155411445969292572e+00 1.805114133955301950e+05 2.471010342753684697e+00 5.830968898984333500e+05 1.621821179872349639e+00 4.000234679322855663e+04 2.437932186371796650e+00 4.479635895159887150e+05 2.549393819172611764e+00 1.735454165988140618e+00 4.000255100040672551e+04
1.768819261203033788e+00 1.767519664406896673e+00 1.457117770085635478e+00 2.191750637680652591e+00 2.101007918412772124e+00 1.580370895682341237e+00 5.647304668609277724e+04 2.258808911962812527e+00 2.000238440613321654e+04 2.340959249117312346e+00 6.479331685453465495e-01 3.328869886794085032e+05 1.713629196414489408e+00 2.018650699918091984e+00 1.558301171025746834e+00 1.805112424588422000e+05 1.810594679242112592e+00 5.830963640143874800e+05 1.504951200854794280e+00 4.000232625097589334e+04 2.004442945995901670e+00 4.479632038576750783e+05 2.031693140533314068e+00 1.208308948034044095e+00 4.000232199423087150e+04
3.328870485873076832e+05 3.328870955314527964e+05 3.328869149333594833e+05 3.328872786570345052e+05 3.328871285816198797e+05 3.328869244195130304e+05 3.319185521859235014e+05 3.328874464487107471e+05 3.328873938683430315e+05 3.328874384127692319e+05 3.328869886794085032e+05 4.772538643249323650e+04 3.328870733354013064e+05 3.328872245811540051e+05 3.328868744503664784e+05 2.438714187160744041e+05 3.328870741292166058e+05 3.494732940744899679e+05 3.328868109687748365e+05 3.128875176335939905e+05 3.328871482489949558e+05 2.030578361039492302e+05 3.328871943493311410e+05 3.328868590781040839e+05 3.328875134080162388e+05
1.774294550311137808e+00 1.528934377222228802e+00 1.624675543935863109e+00 2.271557611420583989e+00 2.271464727336449219e+00 1.628865983136779771e+00 5.647323769161289965e+04 2.183800284139800318e+00 2.000243705912553196e+04 2.406870964156450743e+00 1.713629196414489408e+00 3.328870733354013064e+05 6.993679073378176181e-01 2.150400643968129799e+00 1.746204522012808846e+00 1.805112177244791819e+05 1.601058984832752330e+00 5.830965508463630686e+05 1.601781138268713933e+00 4.000235838994269579e+04 2.098684941873000032e+00 4.479633319423910580e+05 2.056902344165107532e+00 1.241142017947995724e+00 4.000241223541066574e+04
2.247473992449492641e+00 2.173116840435698194e+00 1.838829127767254379e+00 2.215465368455824979e+00 2.170366225937722771e+00 2.022514991429033682e+00 5.647343889489948924e+04 2.169481167836545765e+00 2.000262631974208125e+04 2.566479739904993895e+00 2.018650699918091984e+00 3.328872245811540051e+05 2.150400643968129799e+00 9.276246538926172791e-01 1.861446465992313559e+00 1.805114198189905437e+05 2.314121257960671585e+00 5.830966492473750841e+05 1.738262995138572853e+00 4.000257331796814105e+04 2.105375891429938306e+00 4.479635306186918169e+05 2.063003806102034599e+00 1.488536432000285625e+00 4.000262924731822568e+04
1.681269150281958114e+00 1.758302625095863103e+00 1.228394042955051724e+00 2.059517319720969741e+00 1.997103022248834625e+00 1.267826396308930237e+00 5.647295074078821926e+04 2.088307161599406658e+00 2.000214698373470310e+04 2.155411445969292572e+00 1.558301171025746834e+00 3.328868744503664784e+05 1.746204522012808846e+00 1.861446465992313559e+00 7.219138163599301272e-01 1.805110897884131700e+05 1.776714682570708526e+00 5.830963013151449850e+05 1.326074276460578627e+00 4.000217502342226362e+04 1.827302740818573801e+00 4.479630836182670901e+05 1.912683269611929360e+00 1.176965934108736622e+00 4.000220762115399702e+04
1.805112568242441630e+05 1.805112388235352701e+05 1.805109689804954687e+05 1.805116512645144539e+05 1.805116413661187980e+05 1.805110122827742016e+05 1.640404345107772388e+05 1.805115227708717575e+05 1.805115000488376827e+05 1.805114133955302241e+05 1.805112424588422000e+05 2.438714187160744332e+05 1.805112177244791819e+05 1.805114198189905437e+05 1.805110897884131700e+05 5.635727851446414570e+04 1.805111839782095340e+05 5.164338439043446560e+05 1.805109759028214321e+05 1.405115978338286513e+05 1.805115254712730530e+05 3.665473947216200759e+05 1.805115445288123447e+05 1.805108287695190229e+05 1.805114457201111945e+05
1.749854061328798283e+00 1.548786874456952622e+00 1.671580889985339713e+00 2.369338359570168695e+00 2.336626880561471165e+00 1.739362405236681175e+00 5.647307289864709310e+04 2.357346899899530168e+00 2.000249320739148243e+04 2.471010342753684697e+00 1.810594679242112814e+00 3.328870741292166058e+05 1.601058984832752552e+00 2.314121257960671585e+00 1.776714682570708304e+00 1.805111839782095340e+05 6.041555279693907599e-01 5.830964070679700235e+05 1.621989210507570167e+00 4.000240367201375921e+04 2.035057244069165883e+00 4.479632745669542346e+05 2.185141574812570209e+00 1.263172348524921107e+00 4.000241473720032081e+04
5.830965101985649671e+05 5.830965029892203165e+05 5.830964044628912816e+05 5.830967352703833021e+05 5.830966965027109254e+05 5.830963712997378316e+05 5.830966430780121591e+05 5.830968278302060207e+05 5.830968171136962483e+05 5.830968898984333500e+05 5.830963640143874800e+05 3.494732940744899679e+05 5.830965508463630686e+05 5.830966492473750841e+05 5.830963013151449850e+05 5.164338439043446560e+05 5.830964070679700235e+05 1.044235588974612183e+05 5.830964546489742352e+05 5.830969475468141027e+05 5.830965237124242121e+05 2.706566508582939277e+05 5.830966107969523873e+05 5.830964380866516149e+05 5.830969250676140655e+05
1.701549928114040267e+00 1.594331247140206909e+00 1.132903016364964710e+00 1.681973704445369089e+00 1.674932993617851196e+00 1.291287819239036683e+00 5.647267571561495424e+04 1.715518330752303866e+00 2.000179947355036347e+04 1.621821179872349639e+00 1.504951200854794058e+00 3.328868109687748947e+05 1.601781138268713933e+00 1.738262995138572853e+00 1.326074276460578627e+00 1.805109759028214321e+05 1.621989210507569945e+00 5.830964546489742352e+05 4.859725211879645790e-01 4.000187039790710696e+04 1.623049587333000421e+00 4.479630949359427323e+05 1.608893687523905713e+00 8.061460982277874887e-01 4.000190550847914710e+04
4.000253479603186861e+04 4.000236481212488434e+04 4.000195294015580293e+04 4.000263251128745469e+04 4.000260985069542221e+04 4.000212486222605366e+04 5.647335134109618230e+04 4.000243782701510645e+04 4.000210555356223631e+04 4.000234679322855663e+04 4.000232625097589334e+04 3.128875176335939905e+05 4.000235838994269579e+04 4.000257331796814105e+04 4.000217502342227817e+04 1.405115978338286513e+05 4.000240367201375921e+04 5.830969475468141027e+05 4.000187039790710696e+04 7.984937595464087767e-01 4.000253532202741189e+04 4.479637357202274725e+05 4.000253491204956663e+04 4.000163597414762626e+04 4.000235228174614895e+04
1.923158435925692800e+00 2.105794344584612787e+00 1.711586679491112317e+00 2.316790765588127243e+00 2.275477106791465864e+00 2.020229597351323569e+00 5.647340485545603588e+04 2.374400049502960020e+00 2.000254670073733359e+04 2.437932186371796650e+00 2.004442945995901670e+00 3.328871482489949558e+05 2.098684941873000032e+00 2.105375891429938306e+00 1.827302740818574245e+00 1.805115254712730530e+05 2.035057244069165883e+00 5.830965237124243286e+05 1.623049587333000421e+00 4.000253532202741189e+04 7.305079695613933000e-01 4.479633597197953495e+05 1.983081553703036626e+00 1.357735893892667578e+00 4.000261780982393248e+04
4.479633083989499719e+05 4.479633105873058084e+05 4.479631536363211926e+05 4.479634508167760796e+05 4.479634340563718579e+05 4.479631191629528184e+05 4.479636436222897028e+05 4.479635787574566202e+05 4.479637066143974662e+05 4.479635895159887150e+05 4.479632038576750783e+05 2.030578361039491720e+05 4.479633319423910580e+05 4.479635306186918169e+05 4.479630836182670901e+05 3.665473947216200759e+05 4.479632745669542928e+05 2.706566508582938695e+05 4.479630949359427905e+05 4.479637357202274725e+05 4.479633597197953495e+05 1.102413557327722810e+05 4.479634298256096663e+05 4.479631681625123601e+05 4.479636876344060875e+05
2.016372715605218247e+00 2.161535673427081417e+00 1.816757750345892264e+00 2.377683049894915523e+00 2.188620107575626417e+00 2.102650018249871078e+00 5.647352886883440806e+04 2.272146154285762609e+00 2.000266637645180163e+04 2.549393819172611764e+00 2.031693140533314068e+00 3.328871943493311410e+05 2.056902344165107532e+00 2.063003806102035043e+00 1.912683269611929582e+00 1.805115445288123447e+05 2.185141574812570653e+00 5.830966107969523873e+05 1.608893687523905713e+00 4.000253491204956663e+04 1.983081553703036626e+00 4.479634298256096663e+05 7.289145719489096287e-01 1.390194897200663471e+00 4.000261912211510935e+04
1.344469093808735360e+00 1.272768933346756892e+00 9.662068086835433611e-01 1.518409750201528352e+00 1.511627530493213634e+00 1.202204630354687609e+00 5.647261133834232896e+04 1.576981391724530557e+00 2.000172561396694073e+04 1.735454165988140618e+00 1.208308948034044095e+00 3.328868590781040839e+05 1.241142017947995946e+00 1.488536432000285625e+00 1.176965934108736622e+00 1.805108287695189938e+05 1.263172348524921107e+00 5.830964380866516149e+05 8.061460982277874887e-01 4.000163597414762626e+04 1.357735893892667134e+00 4.479631681625123601e+05 1.390194897200663471e+00 3.136868890639435969e-01 4.000177120866192126e+04
4.000249754991426744e+04 4.000241407036013698e+04 4.000186987899457745e+04 4.000270773176187504e+04 4.000267847679828265e+04 4.000215446252223774e+04 1.647334952908671403e+04 4.000259133381029824e+04 2.000219781992079515e+04 4.000255100040672551e+04 4.000232199423087150e+04 3.328875134080161806e+05 4.000241223541067302e+04 4.000262924731822568e+04 4.000220762115400430e+04 1.805114457201111945e+05 4.000241473720032081e+04 5.830969250676140655e+05 4.000190550847914710e+04 4.000235228174614895e+04 4.000261780982394703e+04 4.479636876344060875e+05 4.000261912211510935e+04 4.000177120866192126e+04 9.397751754245997624e-01
