1.116324444947128569e+00 5.000249394327244954e+04 3.333513566605579399e+04 5.000204258597300213e+04 1.469957352041551868e+00 2.842363166045591934e+05 5.000211621068074601e+04 5.000229448673932347e+04 1.861514056163039665e+00 1.946022419962832206e+00 5.000220141491668619e+04 5.000243910533685994e+04 5.000186395758052095e+04 1.901539398712978945e+00 5.000213439572364587e+04 5.000187359791695781e+04 1.816621985295164610e+00 1.693529290859481844e+05 2.500018363879356766e+05 5.000210681524407846e+04 4.844707212754453067e+05 1.603113192956651334e+00 1.383139333031274232e+00 5.000214073133927741e+04 5.000223554114408762e+04
5.000249394327244954e+04 1.739165328461853566e+00 5.000257952156055399e+04 5.000291883987379697e+04 5.000231305141332268e+04 2.842368456713797059e+05 5.000287393994748709e+04 1.666949073115478677e+04 5.000262196202008636e+04 5.000263793484205962e+04 5.000306508105841203e+04 2.564510056955644490e+00 5.000280034937098389e+04 5.000265968723378319e+04 5.000298226656527549e+04 5.000280144220667717e+04 5.000265266676565807e+04 1.360198965874131827e+05 2.500024771951682051e+05 5.000292154350900819e+04 4.844711913039600477e+05 5.000254779008387413e+04 5.000216021252026258e+04 5.000306533496657357e+04 5.000285830864263698e+04
3.333513566605579399e+04 5.000257952156055399e+04 2.222339818787026161e+04 1.666867487602712572e+04 3.333502105213447794e+04 2.842364660899610608e+05 1.666870061770990287e+04 5.000246572679093515e+04 3.333529308985524403e+04 3.333517839122883015e+04 5.000228390886616398e+04 5.000252133920548658e+04 1.666852679969726523e+04 3.333522653959380841e+04 1.666871605250832363e+04 1.666849666823553707e+04 3.333521280822194967e+04 1.693530600729606231e+05 2.500021357859308191e+05 1.666878159701668119e+04 4.844709310745741823e+05 3.333518778345587634e+04 3.333481322627054760e+04 5.000231149033262773e+04 5.000244501262217091e+04
5.000204258597300213e+04 5.000291883987379697e+04 1.666867487602712572e+04 1.332494202171475184e+00 5.000195358911044605e+04 2.842365289759124862e+05 2.147335305399849403e+00 5.000269182536858716e+04 5.000214885754235002e+04 5.000221413873014535e+04 5.000248153508508403e+04 5.000277393775194651e+04 2.089463597929057670e+00 5.000207735838466033e+04 2.067399142425429659e+00 2.016366498075452540e+00 5.000208039859111886e+04 1.693532491167912085e+05 2.500022608909965493e+05 2.073050416678785091e+00 4.844709398341765045e+05 5.000208789667376550e+04 5.000173561987452558e+04 5.000243077580556564e+04 5.000250478390188800e+04
1.469957352041551868e+00 5.000231305141332268e+04 3.333502105213447794e+04 5.000195358911044605e+04 1.002156304977459556e+00 2.842361860497339512e+05 5.000200802010513871e+04 5.000218416248977155e+04 1.652238925468892505e+00 1.814209499118343949e+00 5.000215180052973301e+04 5.000219052590169304e+04 5.000183276589175512e+04 1.644555006424060162e+00 5.000204834708051931e+04 5.000175657917276840e+04 1.615197623202780486e+00 1.693528293854227231e+05 2.500018014499614364e+05 5.000198122308398160e+04 4.844706208673192305e+05 1.599248329598927487e+00 1.232021203596241898e+00 5.000213580264295160e+04 5.000212743263312586e+04
2.842363166045593098e+05 2.842368456713797059e+05 2.842364660899610608e+05 2.842365289759124862e+05 2.842361860497340094e+05 1.446256889240291785e+05 2.842365556083975243e+05 2.842367457213614834e+05 2.842364107874815236e+05 2.842363725046663894e+05 2.842367692203506595e+05 2.842368047815010650e+05 2.842364762891721912e+05 2.842364271505732904e+05 2.842365204691581312e+05 2.842363797726602643e+05 2.842363854858612176e+05 2.252626115750496101e+05 1.713715455622826412e+05 2.842365282317718957e+05 3.690354863111499581e+05 2.842363023942696163e+05 2.842360951722632162e+05 2.842367397437653271e+05 2.842367525274830405e+05
5.000211621068074601e+04 5.000287393994748709e+04 1.666870061770990287e+04 2.147335305399849403e+00 5.000200802010513871e+04 2.842365556083975243e+05 1.332326981132734955e+00 5.000263878294888855e+04 5.000219606408094842e+04 5.000219872414033307e+04 5.000253898118661891e+04 5.000279074601690081e+04 2.045860846786207166e+00 5.000222175942321337e+04 2.126984111329408567e+00 2.045509791269306543e+00 5.000218520433575031e+04 1.693533461876679212e+05 2.500023531961629924e+05 2.034067290200526568e+00 4.844709267568604555e+05 5.000214536397592019e+04 5.000176663853028003e+04 5.000251060328731546e+04 5.000248426706749160e+04
5.000229448673932347e+04 1.666949073115478313e+04 5.000246572679093515e+04 5.000269182536858716e+04 5.000218416248977155e+04 2.842367457213614834e+05 5.000263878294888855e+04 2.222383570016803787e+04 5.000237500332158379e+04 5.000239962049899623e+04 3.333590703372593271e+04 1.666925050232862486e+04 5.000256839390465029e+04 5.000244027952788019e+04 5.000271347212394176e+04 5.000257807982747909e+04 5.000247523064256529e+04 1.471311383743728511e+05 2.500024794639482570e+05 5.000266359169661882e+04 4.844711046621133573e+05 5.000233187876402371e+04 5.000185080075015139e+04 3.333594897852480790e+04 3.333570312544579792e+04
1.861514056163039887e+00 5.000262196202008636e+04 3.333529308985524403e+04 5.000214885754235002e+04 1.652238925468892505e+00 2.842364107874814654e+05 5.000219606408094842e+04 5.000237500332158379e+04 1.232436041007926475e+00 1.969879827283814722e+00 5.000234194897126872e+04 5.000253484446924267e+04 5.000202257045710576e+04 1.922277135701210504e+00 5.000228085686997656e+04 5.000202435780998348e+04 1.892991288406163264e+00 1.693530615110530052e+05 2.500020714457485592e+05 5.000221281228952284e+04 4.844708245196980424e+05 1.941244455678263092e+00 1.480454061824912015e+00 5.000236129779423936e+04 5.000230442405190843e+04
1.946022419962831984e+00 5.000263793484205962e+04 3.333517839122883015e+04 5.000221413873014535e+04 1.814209499118344171e+00 2.842363725046663894e+05 5.000219872414033307e+04 5.000239962049899623e+04 1.969879827283814722e+00 1.202581694584294647e+00 5.000246539438227046e+04 5.000253509328838845e+04 5.000200656587624690e+04 1.953264179969608438e+00 5.000234597811656568e+04 5.000196800881248055e+04 1.876066257749453126e+00 1.693530928823173163e+05 2.500021383453219605e+05 5.000221244397940609e+04 4.844709370609289035e+05 2.002599728012902869e+00 1.485618388541678714e+00 5.000245977384976140e+04 5.000234705232731358e+04
5.000220141491668619e+04 5.000306508105841203e+04 5.000228390886616398e+04 5.000248153508508403e+04 5.000215180052973301e+04 2.842367692203506012e+05 5.000253898118661891e+04 3.333590703372592543e+04 5.000234194897126872e+04 5.000246539438227046e+04 1.432812258656001037e+00 5.000285525681489526e+04 5.000247130535964970e+04 5.000231886246448266e+04 5.000253475186570722e+04 5.000241137708970928e+04 5.000231077133172948e+04 1.693534229632568895e+05 2.500024663231998857e+05 5.000255208975335700e+04 4.844710376936109969e+05 5.000223875774117187e+04 5.000178021843345050e+04 2.235060012806532992e+00 2.386884539146940210e+00
5.000243910533685994e+04 2.564510056955644490e+00 5.000252133920548658e+04 5.000277393775194651e+04 5.000219052590169304e+04 2.842368047815010068e+05 5.000279074601690081e+04 1.666925050232862486e+04 5.000253484446924267e+04 5.000253509328838845e+04 5.000285525681489526e+04 1.693926459114274863e+00 5.000267956649224652e+04 5.000255494858015300e+04 5.000285820229465025e+04 5.000264237928506191e+04 5.000250761412770225e+04 1.360199815018598747e+05 2.500024578686419700e+05 5.000275482336588902e+04 4.844711264150052448e+05 5.000246658867014776e+04 5.000201306914346060e+04 5.000289194545301143e+04 5.000268388773006882e+04
5.000186395758052095e+04 5.000280034937098389e+04 1.666852679969726523e+04 2.089463597929057670e+00 5.000183276589175512e+04 2.842364762891721330e+05 2.045860846786206722e+00 5.000256839390465029e+04 5.000202257045710576e+04 5.000200656587624690e+04 5.000247130535964970e+04 5.000267956649224652e+04 1.289894192068828049e+00 5.000199756024435192e+04 2.181473697358771169e+00 1.845578790166316541e+00 5.000203865709360252e+04 1.693532057695218537e+05 2.500021841886149195e+05 2.131034546076519653e+00 4.844709331450927421e+05 5.000196396047653252e+04 5.000159955244779121e+04 5.000236001177378057e+04 5.000239797266662208e+04
1.901539398712978945e+00 5.000265968723378319e+04 3.333522653959380841e+04 5.000207735838466033e+04 1.644555006424060162e+00 2.842364271505732904e+05 5.000222175942321337e+04 5.000244027952788019e+04 1.922277135701210504e+00 1.953264179969608438e+00 5.000231886246448266e+04 5.000255494858015300e+04 5.000199756024435192e+04 1.262597689073122975e+00 5.000225284573577665e+04 5.000197791606636019e+04 1.948786132973356899e+00 1.693530354557633400e+05 2.500020793154707062e+05 5.000216359665847995e+04 4.844708539204839617e+05 1.807991780747388422e+00 1.480367783718797625e+00 5.000229390272834280e+04 5.000233324303860718e+04
5.000213439572364587e+04 5.000298226656527549e+04 1.666871605250832363e+04 2.067399142425429659e+00 5.000204834708051931e+04 2.842365204691581312e+05 2.126984111329408567e+00 5.000271347212394176e+04 5.000228085686997656e+04 5.000234597811656568e+04 5.000253475186570722e+04 5.000285820229465025e+04 2.181473697358771169e+00 5.000225284573577665e+04 1.307753746411854268e+00 2.114365949265842648e+00 5.000221727713874861e+04 1.693533842693781480e+05 2.500023373005385802e+05 2.222771138569457960e+00 4.844708408887826954e+05 5.000214894938868383e+04 5.000184859580552438e+04 5.000245889105351671e+04 5.000255841280262393e+04
5.000187359791695781e+04 5.000280144220667717e+04 1.666849666823553343e+04 2.016366498075452540e+00 5.000175657917276840e+04 2.842363797726602643e+05 2.045509791269306543e+00 5.000257807982747909e+04 5.000202435780998348e+04 5.000196800881248055e+04 5.000241137708970928e+04 5.000264237928506191e+04 1.845578790166316985e+00 5.000197791606636019e+04 2.114365949265842648e+00 1.116439782571937656e+00 5.000195959714496712e+04 1.693531625624272856e+05 2.500021384062391298e+05 2.046254405026632472e+00 4.844707795501060318e+05 5.000194252723586396e+04 5.000158970765256527e+04 5.000237785527358938e+04 5.000242941460616566e+04
1.816621985295164610e+00 5.000265266676565807e+04 3.333521280822194967e+04 5.000208039859111886e+04 1.615197623202780264e+00 2.842363854858611594e+05 5.000218520433575031e+04 5.000247523064256529e+04 1.892991288406163264e+00 1.876066257749453126e+00 5.000231077133172948e+04 5.000250761412770225e+04 5.000203865709360252e+04 1.948786132973356899e+00 5.000221727713874861e+04 5.000195959714496712e+04 1.176530541242216010e+00 1.693530435376983369e+05 2.500020425674231956e+05 5.000215181105495867e+04 4.844708221242463333e+05 1.909578638956093810e+00 1.385794545513552745e+00 5.000230294822189171e+04 5.000231830405975052e+04
1.693529290859482135e+05 1.360198965874131827e+05 1.693530600729606231e+05 1.693532491167912085e+05 1.693528293854227231e+05 2.252626115750495810e+05 1.693533461876679212e+05 1.471311383743728511e+05 1.693530615110530052e+05 1.693530928823173163e+05 1.693534229632568895e+05 1.360199815018598165e+05 1.693532057695218245e+05 1.693530354557633400e+05 1.693533842693781480e+05 1.693531625624272856e+05 1.693530435376983369e+05 9.218862739631536533e+04 1.692637793998272391e+05 1.693532605894256558e+05 4.254710506142605445e+05 1.693530197521964146e+05 1.693526756694149808e+05 1.693534268568903790e+05 1.693533872733793978e+05
2.500018363879357348e+05 2.500024771951682051e+05 2.500021357859308191e+05 2.500022608909965493e+05 2.500018014499614656e+05 1.713715455622826994e+05 2.500023531961630215e+05 2.500024794639482570e+05 2.500020714457486174e+05 2.500021383453219605e+05 2.500024663231998857e+05 2.500024578686419700e+05 2.500021841886150069e+05 2.500020793154707353e+05 2.500023373005386093e+05 2.500021384062391880e+05 2.500020425674232538e+05 1.692637793998272973e+05 8.508707739698969817e+04 2.500023003210445167e+05 3.844712323908769758e+05 2.500018936884132272e+05 2.500017823019669158e+05 2.500023798282314092e+05 2.500024693261742359e+05
5.000210681524407846e+04 5.000292154350900819e+04 1.666878159701667755e+04 2.073050416678785091e+00 5.000198122308398160e+04 2.842365282317718957e+05 2.034067290200526568e+00 5.000266359169661882e+04 5.000221281228952284e+04 5.000221244397940609e+04 5.000255208975335700e+04 5.000275482336588902e+04 2.131034546076519653e+00 5.000216359665847995e+04 2.222771138569457516e+00 2.046254405026632472e+00 5.000215181105495867e+04 1.693532605894256558e+05 2.500023003210445167e+05 1.306115353066841012e+00 4.844709734457202139e+05 5.000212584354208957e+04 5.000171527008822886e+04 5.000245056270334317e+04 5.000243579157359636e+04
4.844707212754453067e+05 4.844711913039599895e+05 4.844709310745741823e+05 4.844709398341765045e+05 4.844706208673191722e+05 3.690354863111498416e+05 4.844709267568604555e+05 4.844711046621133573e+05 4.844708245196979842e+05 4.844709370609289035e+05 4.844710376936109387e+05 4.844711264150052448e+05 4.844709331450927421e+05 4.844708539204839617e+05 4.844708408887826954e+05 4.844707795501060318e+05 4.844708221242463333e+05 4.254710506142604281e+05 3.844712323908769758e+05 4.844709734457202139e+05 2.669710451181890094e+05 4.844707837845694157e+05 4.844705921253437991e+05 4.844710443029665621e+05 4.844710031212493195e+05
1.603113192956651334e+00 5.000254779008387413e+04 3.333518778345587634e+04 5.000208789667376550e+04 1.599248329598927487e+00 2.842363023942696163e+05 5.000214536397592019e+04 5.000233187876402371e+04 1.941244455678263092e+00 2.002599728012902869e+00 5.000223875774117187e+04 5.000246658867014776e+04 5.000196396047653252e+04 1.807991780747388422e+00 5.000214894938868383e+04 5.000194252723586396e+04 1.909578638956093810e+00 1.693530197521964146e+05 2.500018936884131981e+05 5.000212584354208957e+04 4.844707837845694157e+05 1.087339330632150158e+00 1.409544496851740103e+00 5.000223376648803242e+04 5.000226464903934539e+04
1.383139333031274232e+00 5.000216021252026258e+04 3.333481322627054760e+04 5.000173561987452558e+04 1.232021203596241676e+00 2.842360951722631580e+05 5.000176663853028003e+04 5.000185080075015139e+04 1.480454061824911793e+00 1.485618388541678492e+00 5.000178021843345050e+04 5.000201306914346060e+04 5.000159955244779121e+04 1.480367783718797625e+00 5.000184859580552438e+04 5.000158970765256527e+04 1.385794545513552745e+00 1.693526756694149808e+05 2.500017823019669158e+05 5.000171527008822886e+04 4.844705921253437991e+05 1.409544496851740103e+00 7.910473927464171107e-01 5.000183335948011518e+04 5.000175590917992668e+04
5.000214073133927741e+04 5.000306533496657357e+04 5.000231149033262773e+04 5.000243077580556564e+04 5.000213580264295160e+04 2.842367397437653271e+05 5.000251060328731546e+04 3.333594897852479335e+04 5.000236129779423936e+04 5.000245977384976140e+04 2.235060012806532992e+00 5.000289194545301143e+04 5.000236001177378057e+04 5.000229390272834280e+04 5.000245889105351671e+04 5.000237785527358938e+04 5.000230294822189171e+04 1.693534268568903790e+05 2.500023798282314092e+05 5.000245056270334317e+04 4.844710443029666203e+05 5.000223376648803242e+04 5.000183335948011518e+04 1.444018161041545234e+00 2.340525070159828136e+00
5.000223554114408762e+04 5.000285830864263698e+04 5.000244501262217091e+04 5.000250478390188800e+04 5.000212743263312586e+04 2.842367525274830405e+05 5.000248426706749160e+04 3.333570312544579065e+04 5.000230442405190843e+04 5.000234705232731358e+04 2.386884539146940210e+00 5.000268388773006882e+04 5.000239797266662208e+04 5.000233324303860718e+04 5.000255841280262393e+04 5.000242941460616566e+04 5.000231830405975052e+04 1.693533872733793978e+05 2.500024693261741777e+05 5.000243579157359636e+04 4.844710031212493195e+05 5.000226464903934539e+04 5.000175590917992668e+04 2.340525070159828136e+00 1.523316061856447634e+00
