2.775462421458592871e+03 2.882147029074802049e+04 2.375958023687701643e+04 1.711378983455738853e+04 3.669540251200717466e+04 8.251918889504401886e+04 6.173815414943912037e+04 3.496794453698185971e+05 1.121472301989308180e+05 3.669528588148081326e+04 3.287256439123061864e+04 4.351418686938462197e+05 3.669553106613289856e+04 3.669534563039034401e+04 3.669550846931085835e+04 7.045543134312813891e+03 3.669538769416556170e+04 2.773066560834462871e+05 3.942339547361367295e+04 3.669489441461845126e+04 3.669520193176173052e+04 1.458237905858592130e+05 1.761527532161262934e+05 2.217073416918812145e+05 1.970053411115472045e+04
2.882147029074802413e+04 1.309401869748145145e+03 9.615322382468471915e+03 2.165538647069062790e+04 1.120205185432162398e+04 9.126235713428541203e+04 7.456851961234209011e+04 3.550479802040131181e+05 1.175158646360618441e+05 1.181268553442414122e+04 7.160838577194009304e+03 4.405103935586250736e+05 1.098392224623502261e+04 1.181270235526331635e+04 1.098393720991292139e+04 3.227064316582591709e+04 1.181279045543787834e+04 2.826751799616214121e+05 5.249490681099778885e+04 1.181233022052369051e+04 1.181257091122714701e+04 1.511923603929467790e+05 1.815212545232583070e+05 2.270758706405113044e+05 1.526490345626311500e+04
2.375958023687701643e+04 9.615322382468470096e+03 2.012376645823513627e+03 1.659355732556619841e+04 2.059770455786502498e+04 9.029822325411187194e+04 7.344371146304043941e+04 3.550480502309071599e+05 1.175158803009949770e+05 2.059758169471341898e+04 1.677476935978554320e+04 4.405103797505780240e+05 2.059768887648618693e+04 2.059765466152613953e+04 2.059770536532488404e+04 2.720882687139182963e+04 2.059768642143583202e+04 2.826752685026394902e+05 5.137009718876567058e+04 2.059723165623959358e+04 2.059751729066266853e+04 1.511924152353793615e+05 1.815213168635366892e+05 2.270759173913069535e+05 6.955426853000024494e+03
1.711378983455738853e+04 2.165538647069062790e+04 1.659355732556619841e+04 3.932357305087113218e+03 2.952943633060476350e+04 8.570116716159733187e+04 6.634482381544163218e+04 3.530795556994139915e+05 1.155473399602072022e+05 2.952929979361605365e+04 2.570654936685385474e+04 4.385419687282608938e+05 2.952949552345361735e+04 2.952930718940778388e+04 2.952949484660001690e+04 2.056310229256035018e+04 2.952938116721445112e+04 2.807067686871794867e+05 4.058028695429076470e+04 2.952894277885038537e+04 2.952920620229858832e+04 1.492238689493557322e+05 1.795528837137846858e+05 2.251075045715249435e+05 1.101190776982198258e+04
3.669540251200718194e+04 1.120205185432162398e+04 2.059770455786502498e+04 2.952943633060476350e+04 1.527533084594431102e+03 9.280289839331569965e+04 7.850546792936274142e+04 3.550478615041910671e+05 1.175157459000538656e+05 2.902439650907119812e+03 4.860587222108535570e+03 4.405102730838988209e+05 1.037477968051193784e+03 2.902427220646226033e+03 1.037550223275437247e+03 4.014468501086254400e+04 2.902343918835653767e+03 2.826750929178757942e+05 5.643192542017697997e+04 2.902137997869586798e+03 2.902369394268375800e+03 1.511922364309672848e+05 1.815211555825593241e+05 2.270757117313024646e+05 2.575642797755448191e+04
8.251918889504404797e+04 9.126235713428541203e+04 9.029822325411187194e+04 8.570116716159733187e+04 9.280289839331569965e+04 1.763339014428585870e+04 4.001363469818761223e+04 3.251189085179917747e+05 5.727720344672985811e+04 9.280263246753656131e+04 9.233409715509647503e+04 4.146387791118152672e+05 9.280288507787455455e+04 9.280272298264170240e+04 9.280292272136488464e+04 8.001378715261313482e+04 9.280280036831651523e+04 2.515431508113219170e+05 5.930954282057268574e+04 9.280235512094885053e+04 9.280251936449813365e+04 1.086787643609202205e+05 1.532531349116138008e+05 1.986872865012970287e+05 8.780402877776678361e+04
6.173815414943911310e+04 7.456851961234209011e+04 7.344371146304043941e+04 6.634482381544161763e+04 7.850546792936274142e+04 4.001363469818761223e+04 2.009358292226199046e+04 3.353631267499924288e+05 7.800519201898945903e+04 7.850523044443658728e+04 7.730725427687134652e+04 4.221378412188351504e+05 7.850546785924215510e+04 7.850529882970267499e+04 7.850550101260142401e+04 5.918059173581539653e+04 7.850537875320629973e+04 2.632090343272543396e+05 3.643884283246895211e+04 7.850493690081017849e+04 7.850510390944375831e+04 1.236929912472811411e+05 1.631486440564747900e+05 2.087033696129982418e+05 7.045866097014844127e+04
3.496794453698185971e+05 3.550479802040131181e+05 3.550480502309071599e+05 3.530795556994139333e+05 3.550478615041910671e+05 3.251189085179917747e+05 3.353631267499924288e+05 1.052639244341372250e+05 3.079259754735187744e+05 3.550477435043143341e+05 3.550479891538982629e+05 2.490594646281402675e+05 3.550479466818663641e+05 3.550477689230107353e+05 3.550479766225909116e+05 3.471740422139284783e+05 3.550478238340858370e+05 1.975058802645370597e+05 3.417607008799269097e+05 3.550476755808550515e+05 3.550477185586363776e+05 3.034473639902957948e+05 2.852767541861252394e+05 2.680006333756223903e+05 3.550480774852006580e+05
1.121472301989308180e+05 1.175158646360618441e+05 1.175158803009949770e+05 1.155473399602072022e+05 1.175157459000538656e+05 5.727720344672986539e+04 7.800519201898945903e+04 3.079259754735187744e+05 2.772433393434586469e+04 1.175154745092532103e+05 1.175158588557641924e+05 3.972667428005618276e+05 1.175157635706212459e+05 1.175155611461255612e+05 1.175157765833700250e+05 1.096418505665670236e+05 1.175156193397011666e+05 2.337866753882044868e+05 9.403190921487647574e+04 1.175152575398776680e+05 1.175153634855051787e+05 7.728544271492134430e+04 1.257233027933671983e+05 1.766435954531061579e+05 1.175158843814418942e+05
3.669528588148082054e+04 1.181268553442414122e+04 2.059758169471341898e+04 2.952929979361605001e+04 2.902439650907119812e+03 9.280263246753653220e+04 7.850523044443658728e+04 3.550477435043143341e+05 1.175154745092532103e+05 6.407906598052139913e-01 7.761498589456109585e+03 4.405101693390974542e+05 3.938590313854831493e+03 1.223859685752387128e+00 3.938604799586443733e+03 4.014446721171783429e+04 1.333287564684037196e+00 2.826749210293794749e+05 5.643169742300725920e+04 9.350211492736407726e-01 1.088629152887668150e+00 1.511919875594329496e+05 1.815208835002115520e+05 2.270755431072665961e+05 2.575626574044633890e+04
3.287256439123061864e+04 7.160838577194011123e+03 1.677476935978554320e+04 2.570654936685385474e+04 4.860587222108534661e+03 9.233409715509650414e+04 7.730725427687134652e+04 3.550479891538982629e+05 1.175158588557641924e+05 7.761498589456109585e+03 3.417641986661974443e+03 4.405103712902310072e+05 3.824522158821829635e+03 7.761560381613576283e+03 3.824394139171180541e+03 3.632178427227675274e+04 7.761586863450107558e+03 2.826751806609939667e+05 5.523372126820525591e+04 7.761155974070270531e+03 7.761457986355479989e+03 1.511923954509651521e+05 1.815212042363318906e+05 2.270758870902043709e+05 2.193345592297333860e+04
4.351418686938462197e+05 4.405103935586250736e+05 4.405103797505780240e+05 4.385419687282608938e+05 4.405102730838988209e+05 4.146387791118152672e+05 4.221378412188351504e+05 2.490594646281402675e+05 3.972667428005618276e+05 4.405101693390973378e+05 4.405103712902310072e+05 1.220008069951778016e+05 4.405102981032286771e+05 4.405102179794201511e+05 4.405103391218825709e+05 4.326365245530641405e+05 4.405101814882424078e+05 3.132317529042726965e+05 4.272231037208000198e+05 4.405100994730631937e+05 4.405101787396023283e+05 3.818453863489817013e+05 3.672407533905853052e+05 3.483155339265592629e+05 4.405104234697202337e+05
3.669553106613290583e+04 1.098392224623502261e+04 2.059768887648618329e+04 2.952949552345361735e+04 1.037477968051193784e+03 9.280288507787454000e+04 7.850546785924215510e+04 3.550479466818663641e+05 1.175157635706212459e+05 3.938590313854831493e+03 3.824522158821830544e+03 4.405102981032286771e+05 7.339199213320629633e-01 3.938602660752410884e+03 1.378215937208034259e+00 4.014468799493373808e+04 3.938593451930380070e+03 2.826751364964109380e+05 5.643193682199269824e+04 3.938262230390662808e+03 3.938496941517600590e+03 1.511923114221501164e+05 1.815212177441344829e+05 2.270757794542628981e+05 2.575644236160419678e+04
3.669534563039035129e+04 1.181270235526331635e+04 2.059765466152613953e+04 2.952930718940779116e+04 2.902427220646226488e+03 9.280272298264170240e+04 7.850529882970267499e+04 3.550477689230107353e+05 1.175155611461255612e+05 1.223859685752387128e+00 7.761560381613576283e+03 4.405102179794201511e+05 3.938602660752410884e+03 6.476472234079739820e-01 3.938624972162373524e+03 4.014453510944244044e+04 1.293165754860419847e+00 2.826749446566725965e+05 5.643176999771568808e+04 1.064414444517404634e+00 1.202584870420606356e+00 1.511920936321741901e+05 1.815210116964857443e+05 2.270756495474422409e+05 2.575635107869363492e+04
3.669550846931085835e+04 1.098393720991292139e+04 2.059770536532488040e+04 2.952949484660001326e+04 1.037550223275437247e+03 9.280292272136488464e+04 7.850550101260142401e+04 3.550479766225909116e+05 1.175157765833700250e+05 3.938604799586443733e+03 3.824394139171180541e+03 4.405103391218825709e+05 1.378215937208034259e+00 3.938624972162373524e+03 6.902656374605236067e-01 4.014472319277316274e+04 3.938630508793397439e+03 2.826751767350832815e+05 5.643196957858693349e+04 3.938270992079446842e+03 3.938544323932292173e+03 1.511923505156491883e+05 1.815212322133739071e+05 2.270758119658454088e+05 2.575645463846976418e+04
7.045543134312813891e+03 3.227064316582591709e+04 2.720882687139183327e+04 2.056310229256034290e+04 4.014468501086254400e+04 8.001378715261313482e+04 5.918059173581539653e+04 3.471740422139284783e+05 1.096418505665670236e+05 4.014446721171783429e+04 3.632178427227676002e+04 4.326365245530641405e+05 4.014468799493373808e+04 4.014453510944244044e+04 4.014472319277316274e+04 1.242786089426815124e+03 4.014463574196046102e+04 2.748012975685495185e+05 3.663473336912577361e+04 4.014413393417199404e+04 4.014437450035609072e+04 1.433183982497476391e+05 1.736473654517548566e+05 2.192020120584392862e+05 2.377498397332886088e+04
3.669538769416556170e+04 1.181279045543787834e+04 2.059768642143583202e+04 2.952938116721445112e+04 2.902343918835654222e+03 9.280280036831650068e+04 7.850537875320629973e+04 3.550478238340858370e+05 1.175156193397011666e+05 1.333287564684037196e+00 7.761586863450107558e+03 4.405101814882424078e+05 3.938593451930380070e+03 1.293165754860419847e+00 3.938630508793397439e+03 4.014463574196046102e+04 6.575829578302047063e-01 2.826749789097153116e+05 5.643185133923788089e+04 1.107372765251655400e+00 1.307044317457938698e+00 1.511921781416324666e+05 1.815210507946688740e+05 2.270756364575432672e+05 2.575640381157138836e+04
2.773066560834462871e+05 2.826751799616214121e+05 2.826752685026394320e+05 2.807067686871794867e+05 2.826750929178757942e+05 2.515431508113219170e+05 2.632090343272543396e+05 1.975058802645370597e+05 2.337866753882044868e+05 2.826749210293794749e+05 2.826751806609939667e+05 3.132317529042726965e+05 2.826751364964109380e+05 2.826749446566725965e+05 2.826751767350832815e+05 2.748012975685495185e+05 2.826749789097153116e+05 8.568478003071811690e+04 2.693878414538668585e+05 2.826748203193995869e+05 2.826748474627410178e+05 2.250129849624157068e+05 1.987104676255076774e+05 1.633544426534669183e+05 2.826753077037878102e+05
3.942339547361365840e+04 5.249490681099778885e+04 5.137009718876566330e+04 4.058028695429076470e+04 5.643192542017697997e+04 5.930954282057268574e+04 3.643884283246895211e+04 3.417607008799269097e+05 9.403190921487647574e+04 5.643169742300725920e+04 5.523372126820525591e+04 4.272231037208000198e+05 5.643193682199269824e+04 5.643176999771568808e+04 5.643196957858693349e+04 3.663473336912577361e+04 5.643185133923788089e+04 2.693878414538668585e+05 9.948827927217920660e+03 5.643139270102691808e+04 5.643156659598671104e+04 1.299171277796141803e+05 1.682340075321623008e+05 2.137886037666062475e+05 4.638590804876022594e+04
3.669489441461845126e+04 1.181233022052369051e+04 2.059723165623959358e+04 2.952894277885038537e+04 2.902137997869586798e+03 9.280235512094886508e+04 7.850493690081017849e+04 3.550476755808550515e+05 1.175152575398776680e+05 9.350211492736407726e-01 7.761155974070270531e+03 4.405100994730631937e+05 3.938262230390662808e+03 1.064414444517404634e+00 3.938270992079446842e+03 4.014413393417199404e+04 1.107372765251655178e+00 2.826748203193995869e+05 5.643139270102692535e+04 3.963019106095002075e-01 8.120773612757437032e-01 1.511918323659462039e+05 1.815207462964447914e+05 2.270753936147023342e+05 2.575593009925258593e+04
3.669520193176171597e+04 1.181257091122714519e+04 2.059751729066266853e+04 2.952920620229858832e+04 2.902369394268375800e+03 9.280251936449813365e+04 7.850510390944375831e+04 3.550477185586363776e+05 1.175153634855051787e+05 1.088629152887668150e+00 7.761457986355479989e+03 4.405101787396023283e+05 3.938496941517600590e+03 1.202584870420606356e+00 3.938544323932292173e+03 4.014437450035609072e+04 1.307044317457938698e+00 2.826748474627410178e+05 5.643156659598671104e+04 8.120773612757437032e-01 5.990763807422637699e-01 1.511918776026941778e+05 1.815208519722181954e+05 2.270755174155306886e+05 2.575622578830101702e+04
1.458237905858592130e+05 1.511923603929467790e+05 1.511924152353793615e+05 1.492238689493557031e+05 1.511922364309672848e+05 1.086787643609202205e+05 1.236929912472811557e+05 3.034473639902957948e+05 7.728544271492134430e+04 1.511919875594329496e+05 1.511923954509651521e+05 3.818453863489817013e+05 1.511923114221501164e+05 1.511920936321741901e+05 1.511923505156491883e+05 1.433183982497476391e+05 1.511921781416324375e+05 2.250129849624157068e+05 1.299171277796141658e+05 1.511918323659462039e+05 1.511918776026941778e+05 2.929670565107265065e+04 8.640720629764063051e+04 1.544423889357566368e+05 1.511924348747015174e+05
1.761527532161262934e+05 1.815212545232583070e+05 1.815213168635366892e+05 1.795528837137847149e+05 1.815211555825593241e+05 1.532531349116138008e+05 1.631486440564747900e+05 2.852767541861252394e+05 1.257233027933671983e+05 1.815208835002115520e+05 1.815212042363319197e+05 3.672407533905853052e+05 1.815212177441344829e+05 1.815210116964857443e+05 1.815212322133739362e+05 1.736473654517548566e+05 1.815210507946689322e+05 1.987104676255076483e+05 1.682340075321623299e+05 1.815207462964447914e+05 1.815208519722181954e+05 8.640720629764063051e+04 4.562166850205879746e+04 1.157232086988946976e+05 1.815212965543094324e+05
2.217073416918812727e+05 2.270758706405113044e+05 2.270759173913069244e+05 2.251075045715249435e+05 2.270757117313024646e+05 1.986872865012969996e+05 2.087033696129982709e+05 2.680006333756223903e+05 1.766435954531061579e+05 2.270755431072665961e+05 2.270758870902043709e+05 3.483155339265592629e+05 2.270757794542628690e+05 2.270756495474422409e+05 2.270758119658454088e+05 2.192020120584392862e+05 2.270756364575432672e+05 1.633544426534669183e+05 2.137886037666062475e+05 2.270753936147022760e+05 2.270755174155307177e+05 1.544423889357566077e+05 1.157232086988946976e+05 5.105742026801453903e+04 2.270759766481262050e+05
1.970053411115472045e+04 1.526490345626311500e+04 6.955426853000025403e+03 1.101190776982198076e+04 2.575642797755447100e+04 8.780402877776678361e+04 7.045866097014844127e+04 3.550480774852006580e+05 1.175158843814419088e+05 2.575626574044633890e+04 2.193345592297333860e+04 4.405104234697202337e+05 2.575644236160419678e+04 2.575635107869363492e+04 2.575645463846976054e+04 2.377498397332886088e+04 2.575640381157138108e+04 2.826753077037878102e+05 4.638590804876022594e+04 2.575593009925258593e+04 2.575622578830101702e+04 1.511924348747015174e+05 1.815212965543094033e+05 2.270759766481262050e+05 4.932950149524785957e+03
