7.573309446190150673e-01 4.000188460395180300e+04 3.775073229684174876e+05 1.820778610558620780e+00 4.000197988745698967e+04 4.000199140174638160e+04 1.867318345434467774e+05 1.689987362292985296e+00 4.000207371555866848e+04 1.818318897703909087e+00 8.000260501387824479e+04 4.000222972987915273e+04 4.000214750371510308e+04 1.257933902783922697e+00 1.764593501046338053e+00 4.000227075436717860e+04 4.000190096244133747e+04 4.000205744734883774e+04 1.632870777106231186e+00 1.666734009040145681e+00 1.732598984403366904e+00 4.666903086159008672e+04 4.000186685274366027e+04 5.797056601970443735e+05 1.556751877561884267e+00
4.000188460395180300e+04 8.181450684809548068e-01 3.775074889259437914e+05 4.000186754471461609e+04 1.796477839330202775e+00 2.149452057926016124e+00 1.867319936699343089e+05 4.000180551279758220e+04 4.000214481423996040e+04 4.000176560733190126e+04 8.000289110780495685e+04 4.000250457101112988e+04 4.000249565546544181e+04 4.000131681035644579e+04 4.000187757112184772e+04 4.000264251906012942e+04 1.751356743087588486e+00 4.000214768872412242e+04 4.000183706168826029e+04 4.000184081998789043e+04 4.000186442835463822e+04 4.666948332555140951e+04 1.833154289547977323e+00 5.797058136753052240e+05 4.000174906103870308e+04
3.775073229684174876e+05 3.775074889259437914e+05 1.564160101157518220e+05 3.775074049152307562e+05 3.775075195987914340e+05 3.775076846471210010e+05 2.490638628710489720e+05 3.775071903868407244e+05 3.775074076794264256e+05 3.775074293793500983e+05 3.375076204078916926e+05 3.775075420278050588e+05 3.775076985582513153e+05 3.775071631095102057e+05 3.775073407417289563e+05 3.775075345271714032e+05 3.775075453539869632e+05 3.775075645697108703e+05 3.775071606465812074e+05 3.775072568677176023e+05 3.775074120940692956e+05 3.375074989499366493e+05 3.775075551210270496e+05 3.075924093362608692e+05 3.775072648955756449e+05
1.820778610558620780e+00 4.000186754471461609e+04 3.775074049152307562e+05 8.006894190362520147e-01 4.000197979957840289e+04 4.000210460081026395e+04 1.867319206629246182e+05 1.773128413855083574e+00 4.000218086941096408e+04 1.808661033142520802e+00 8.000278338462956890e+04 4.000245551010175404e+04 4.000237773405749613e+04 1.338990950704631366e+00 1.652276219311862970e+00 4.000249398549364560e+04 4.000186817704133136e+04 4.000226834865033015e+04 1.721953454194468325e+00 1.644117741603278171e+00 1.744584219708973594e+00 4.666934734565561666e+04 4.000189086912653147e+04 5.797057997037156019e+05 1.706283604018444366e+00
4.000197988745698967e+04 1.796477839330202775e+00 3.775075195987914340e+05 4.000197979957840289e+04 8.212249806034607191e-01 2.133895401328408603e+00 1.867319921631276666e+05 4.000179982870621461e+04 4.000216407362979953e+04 4.000188525079146348e+04 8.000273371241569112e+04 4.000255477701524069e+04 4.000253121964200545e+04 4.000132827691263083e+04 4.000198357142858003e+04 4.000268417141204554e+04 1.838406595624015427e+00 4.000219129211766995e+04 4.000195069291346590e+04 4.000196451345756213e+04 4.000198357142858003e+04 4.666949985783136071e+04 1.851736248803246276e+00 5.797058258092892356e+05 4.000177510778758733e+04
4.000199140174638160e+04 2.149452057926016124e+00 3.775076846471210010e+05 4.000210460081026395e+04 2.133895401328408603e+00 9.095346734954941059e-01 1.867321889898047957e+05 4.000185346731546451e+04 4.000199994049133238e+04 4.000204148066899506e+04 8.000290891505109903e+04 4.000238588146439724e+04 4.000230582750215399e+04 4.000139363095047884e+04 4.000203042303409893e+04 4.000257675446717622e+04 2.153943735523791148e+00 4.000204231488570076e+04 4.000193843236360408e+04 4.000195769049062073e+04 4.000204586027208279e+04 4.666928008168013912e+04 2.206451294768089877e+00 5.797060470293425024e+05 4.000166476077390689e+04
1.867318345434468065e+05 1.867319936699343089e+05 2.490638628710489720e+05 1.867319206629246182e+05 1.867319921631276666e+05 1.867321889898047957e+05 7.955911208409274695e+04 1.867315056255340169e+05 1.867319117731404258e+05 1.867320163113326998e+05 1.100649689731699618e+05 1.867320292976281198e+05 1.867321311771676992e+05 1.867314640664026665e+05 1.867318094558163430e+05 1.867322038194915804e+05 1.867319651261241816e+05 1.867320350212978083e+05 1.867316278131078871e+05 1.867316124863533187e+05 1.867320264283373253e+05 1.406208951892666519e+05 1.867320828061043285e+05 4.708169531458925921e+05 1.867316010076722596e+05
1.689987362292985296e+00 4.000180551279758220e+04 3.775071903868407244e+05 1.773128413855083796e+00 4.000179982870621461e+04 4.000185346731546451e+04 1.867315056255339878e+05 6.851907358105115975e-01 4.000190092129746336e+04 1.766312007156252806e+00 8.000209842769009992e+04 4.000193614004032133e+04 4.000190898900623870e+04 1.060239706634129364e+00 1.680313758786211586e+00 4.000204946666587784e+04 4.000182051456904446e+04 4.000182604428193736e+04 1.398929167976258992e+00 1.666481419998497637e+00 1.763169513256070298e+00 4.666857625553572143e+04 4.000191163817716006e+04 5.797056036231421167e+05 1.297700137095238127e+00
4.000207371555866848e+04 4.000214481423996040e+04 3.775074076794264256e+05 4.000218086941096408e+04 4.000216407362979953e+04 4.000199994049133238e+04 1.867319117731403676e+05 4.000190092129746336e+04 9.717234613489751371e-01 4.000212113293906441e+04 8.000282068208740384e+04 2.328195897174411222e+00 2.181657165672846954e+00 4.000139281947130075e+04 4.000214083191947429e+04 2.425593069069719832e+00 4.000206420634959795e+04 1.984930112467265806e+00 4.000196056586469786e+04 4.000208197899806692e+04 4.000215134552409290e+04 4.666926382031637331e+04 4.000222115826769732e+04 5.797058659113299800e+05 4.000164820593889453e+04
1.818318897703909309e+00 4.000176560733190126e+04 3.775074293793500983e+05 1.808661033142520802e+00 4.000188525079146348e+04 4.000204148066899506e+04 1.867320163113326707e+05 1.766312007156252806e+00 4.000212113293906441e+04 7.343957652250201473e-01 8.000288483258782071e+04 4.000255979664174083e+04 4.000247428571429191e+04 1.306436472577374719e+00 1.902933010882482678e+00 4.000259700849746150e+04 4.000182249331282219e+04 4.000222445189249993e+04 1.825661802749248608e+00 1.906850360126911115e+00 1.881418594306362380e+00 4.666942404777343472e+04 4.000196111172262317e+04 5.797057107273474103e+05 1.800289772295204038e+00
8.000260501387824479e+04 8.000289110780495685e+04 3.375076204078917508e+05 8.000278338462958345e+04 8.000273371241569112e+04 8.000290891505109903e+04 1.100649689731699618e+05 8.000209842769009992e+04 8.000282068208743294e+04 8.000288483258782071e+04 9.831961936157075366e-01 8.000274347288314311e+04 8.000280106140689168e+04 8.000206983331951778e+04 8.000259508748758526e+04 8.000284042105988192e+04 8.000289846701509668e+04 8.000277134982361167e+04 8.000237888622071478e+04 8.000249414139096916e+04 8.000279714917205274e+04 3.333594382323579339e+04 8.000297948656129302e+04 5.397058925457071746e+05 8.000224419479251083e+04
4.000222972987915273e+04 4.000250457101112988e+04 3.775075420278050005e+05 4.000245551010175404e+04 4.000255477701524069e+04 4.000238588146439724e+04 1.867320292976281198e+05 4.000193614004032133e+04 2.328195897174411222e+00 4.000255979664174083e+04 8.000274347288314311e+04 1.036432271099295921e+00 1.971110470120207125e+00 4.000172090169125295e+04 4.000235530224470858e+04 2.187884108115369930e+00 4.000259136381451390e+04 2.153074407472532315e+00 4.000209049694616988e+04 4.000227320345328917e+04 4.000242135638860782e+04 4.666917834314840729e+04 4.000252266165386391e+04 5.797059819548975211e+05 4.000183927836956718e+04
4.000214750371510308e+04 4.000249565546544181e+04 3.775076985582513153e+05 4.000237773405749613e+04 4.000253121964200545e+04 4.000230582750215399e+04 1.867321311771676992e+05 4.000190898900623870e+04 2.181657165672846954e+00 4.000247428571429191e+04 8.000280106140687712e+04 1.971110470120206903e+00 7.761772650433104159e-01 4.000160555395229312e+04 4.000226857928794198e+04 2.214661546260203284e+00 4.000252015822785324e+04 2.075435719401824031e+00 4.000214176155863970e+04 4.000221792711783201e+04 4.000233179325487436e+04 4.666925855311203486e+04 4.000239745237166062e+04 5.797060601970442804e+05 4.000167004189560248e+04
1.257933902783922697e+00 4.000131681035644579e+04 3.775071631095101475e+05 1.338990950704631366e+00 4.000132827691263083e+04 4.000139363095047884e+04 1.867314640664026665e+05 1.060239706634129364e+00 4.000139281947130075e+04 1.306436472577374719e+00 8.000206983331948868e+04 4.000172090169125295e+04 4.000160555395229312e+04 3.838131369657805103e-01 1.167980956029946338e+00 4.000183261219568521e+04 4.000131287524851359e+04 4.000147341845373739e+04 1.149077107217652438e+00 1.224850392530377086e+00 1.283952057011234382e+00 4.666870213587814942e+04 4.000136505883962673e+04 5.797056844658934278e+05 9.378555877827362552e-01
1.764593501046338053e+00 4.000187757112184772e+04 3.775073407417289563e+05 1.652276219311862970e+00 4.000198357142858003e+04 4.000203042303409893e+04 1.867318094558163430e+05 1.680313758786211586e+00 4.000214083191947429e+04 1.902933010882482900e+00 8.000259508748757071e+04 4.000235530224470858e+04 4.000226857928794198e+04 1.167980956029946338e+00 7.057286270697251673e-01 4.000242979991557513e+04 4.000186910636574612e+04 4.000217141950973746e+04 1.702141285027522155e+00 1.663247636851829858e+00 1.706254958918652864e+00 4.666925662204978289e+04 4.000190632911392458e+04 5.797057949530873448e+05 1.609232183119963411e+00
4.000227075436717860e+04 4.000264251906012942e+04 3.775075345271713450e+05 4.000249398549364560e+04 4.000268417141204554e+04 4.000257675446717622e+04 1.867322038194915804e+05 4.000204946666587784e+04 2.425593069069719832e+00 4.000259700849746150e+04 8.000284042105988192e+04 2.187884108115369930e+00 2.214661546260203728e+00 4.000183261219568521e+04 4.000242979991557513e+04 8.207240555703845253e-01 4.000273191420004878e+04 2.421240533551372476e+00 4.000199359873798676e+04 4.000230947800330614e+04 4.000246190089974698e+04 4.666892016047026846e+04 4.000257518218809855e+04 5.797058696707285708e+05 4.000185257109064696e+04
4.000190096244133747e+04 1.751356743087588486e+00 3.775075453539869632e+05 4.000186817704133136e+04 1.838406595624015427e+00 2.153943735523791148e+00 1.867319651261241816e+05 4.000182051456904446e+04 4.000206420634959795e+04 4.000182249331282219e+04 8.000289846701509668e+04 4.000259136381451390e+04 4.000252015822785324e+04 4.000131287524851359e+04 4.000186910636574612e+04 4.000273191420004878e+04 7.216583096179305379e-01 4.000220033877465903e+04 4.000186891426650254e+04 4.000183103656512685e+04 4.000186589845777780e+04 4.666952678756528621e+04 1.768964080960168772e+00 5.797057871535660233e+05 4.000174296001896437e+04
4.000205744734883774e+04 4.000214768872412242e+04 3.775075645697108703e+05 4.000226834865033015e+04 4.000219129211766995e+04 4.000204231488570076e+04 1.867320350212978083e+05 4.000182604428193736e+04 1.984930112467265806e+00 4.000222445189249993e+04 8.000277134982358257e+04 2.153074407472532315e+00 2.075435719401824031e+00 4.000147341845373739e+04 4.000217141950973746e+04 2.421240533551372476e+00 4.000220033877465903e+04 8.294706984058847210e-01 4.000202015994136309e+04 4.000206577901818673e+04 4.000217170442122733e+04 4.666926939820261032e+04 4.000221312957946793e+04 5.797059043541763676e+05 4.000159636547767150e+04
1.632870777106231186e+00 4.000183706168826029e+04 3.775071606465812074e+05 1.721953454194468325e+00 4.000195069291346590e+04 4.000193843236360408e+04 1.867316278131078871e+05 1.398929167976259214e+00 4.000196056586469786e+04 1.825661802749248386e+00 8.000237888622070022e+04 4.000209049694616988e+04 4.000214176155863970e+04 1.149077107217652438e+00 1.702141285027521933e+00 4.000199359873798676e+04 4.000186891426650254e+04 4.000202015994136309e+04 6.735375253637345683e-01 1.626048425535467468e+00 1.769374174758577833e+00 4.666884947331955482e+04 4.000185672461093782e+04 5.797055527824481251e+05 1.456452648119450188e+00
1.666734009040145681e+00 4.000184081998789043e+04 3.775072568677176023e+05 1.644117741603278171e+00 4.000196451345756213e+04 4.000195769049062073e+04 1.867316124863533187e+05 1.666481419998497859e+00 4.000208197899806692e+04 1.906850360126910449e+00 8.000249414139095461e+04 4.000227320345328917e+04 4.000221792711783201e+04 1.224850392530377086e+00 1.663247636851829858e+00 4.000230947800330614e+04 4.000183103656512685e+04 4.000206577901818673e+04 1.626048425535467690e+00 6.856100611645199461e-01 1.728844586220664059e+00 4.666905145676157554e+04 4.000189320928886445e+04 5.797057532129322644e+05 1.504479511397635472e+00
1.732598984403366904e+00 4.000186442835463822e+04 3.775074120940692956e+05 1.744584219708973816e+00 4.000198357142858003e+04 4.000204586027208279e+04 1.867320264283373253e+05 1.763169513256070298e+00 4.000215134552409290e+04 1.881418594306362380e+00 8.000279714917205274e+04 4.000242135638860782e+04 4.000233179325487436e+04 1.283952057011234382e+00 1.706254958918652864e+00 4.000246190089974698e+04 4.000186589845777780e+04 4.000217170442122733e+04 1.769374174758577833e+00 1.728844586220664059e+00 6.595617851126747144e-01 4.666926283436461381e+04 4.000190935368859937e+04 5.797057051155226072e+05 1.641927202490699900e+00
4.666903086159009399e+04 4.666948332555140951e+04 3.375074989499365911e+05 4.666934734565562394e+04 4.666949985783136799e+04 4.666928008168015367e+04 1.406208951892666519e+05 4.666857625553572871e+04 4.666926382031638786e+04 4.666942404777344927e+04 3.333594382323578611e+04 4.666917834314842185e+04 4.666925855311203486e+04 4.666870213587816397e+04 4.666925662204979017e+04 4.666892016047027573e+04 4.666952678756528621e+04 4.666926939820261759e+04 4.666884947331957665e+04 4.666905145676157554e+04 4.666926283436462836e+04 1.111223291112362131e+04 4.666934184859904781e+04 5.397056897574964678e+05 4.666870080235465866e+04
4.000186685274366027e+04 1.833154289547977323e+00 3.775075551210270496e+05 4.000189086912653147e+04 1.851736248803246054e+00 2.206451294768089877e+00 1.867320828061043285e+05 4.000191163817716006e+04 4.000222115826769732e+04 4.000196111172262317e+04 8.000297948656129302e+04 4.000252266165386391e+04 4.000239745237166062e+04 4.000136505883962673e+04 4.000190632911392458e+04 4.000257518218809855e+04 1.768964080960168772e+00 4.000221312957946793e+04 4.000185672461093782e+04 4.000189320928886445e+04 4.000190935368859937e+04 4.666934184859904781e+04 7.623051202384873992e-01 5.797057801970443688e+05 4.000174113309897803e+04
5.797056601970443735e+05 5.797058136753051076e+05 3.075924093362608110e+05 5.797057997037156019e+05 5.797058258092892356e+05 5.797060470293425024e+05 4.708169531458927086e+05 5.797056036231421167e+05 5.797058659113299800e+05 5.797057107273474103e+05 5.397058925457071746e+05 5.797059819548975211e+05 5.797060601970442804e+05 5.797056844658934278e+05 5.797057949530873448e+05 5.797058696707285708e+05 5.797057871535660233e+05 5.797059043541763676e+05 5.797055527824481251e+05 5.797057532129322644e+05 5.797057051155226072e+05 5.397056897574964678e+05 5.797057801970443688e+05 1.114008577118478279e+05 5.797057033854501788e+05
1.556751877561884490e+00 4.000174906103870308e+04 3.775072648955756449e+05 1.706283604018444588e+00 4.000177510778758733e+04 4.000166476077390689e+04 1.867316010076722887e+05 1.297700137095238127e+00 4.000164820593889453e+04 1.800289772295204038e+00 8.000224419479251083e+04 4.000183927836956718e+04 4.000167004189560248e+04 9.378555877827362552e-01 1.609232183119963633e+00 4.000185257109064696e+04 4.000174296001896437e+04 4.000159636547767150e+04 1.456452648119450188e+00 1.504479511397635472e+00 1.641927202490699900e+00 4.666870080235463683e+04 4.000174113309897803e+04 5.797057033854501788e+05 7.359437814601426098e-01
