2.085786039470714781e-01 1.209173214225795379e+00 8.369843170667347065e-01 9.045760605942114489e+04 1.259927095421831567e+00 1.096454532894528544e+00 1.339872179586089507e+00 1.200611036631459960e+00 6.102100527103982985e-01 1.941431039765927791e+00 1.083406263748776022e+00 1.084510868512305271e+00 1.214132426440590162e+00 1.093786739116775930e+00 1.050950536581140238e+00 1.175870524648010562e+00 1.457078157144441777e+00 1.182306059077534055e+00 1.394848710683322057e+00 1.038146504492658329e+00 1.119105724687613046e+00 1.145201109778920090e+00 1.089909236996766451e+00 1.632043015256529506e+00 9.624735582390282485e-01
1.209173214225795157e+00 5.814423009853878499e-01 1.738419598853605974e+00 9.045848232369513426e+04 1.985040538320548276e+00 2.024030492014006199e+00 2.178927006912244835e+00 1.715306043445449236e+00 1.452577089047679681e+00 2.731716152238523154e+00 1.994753893635053732e+00 1.998393314846814484e+00 1.831934839108655400e+00 2.080149833784509017e+00 1.977418948572794433e+00 2.050554930633447182e+00 2.375985259325529952e+00 1.949696238377492286e+00 2.308972175743764232e+00 1.876543209876543106e+00 1.973486716653850115e+00 2.049501721328816028e+00 1.931616630058110129e+00 2.570022351456236809e+00 1.812428248484181159e+00
8.369843170667347065e-01 1.738419598853605974e+00 3.789697233813146826e-01 9.045751526342231955e+04 1.782049210834990793e+00 1.583128735816014210e+00 1.702436915659235828e+00 1.688863248632601399e+00 8.242471343944161033e-01 1.890756079864463368e+00 1.350215680034647203e+00 1.467908420523911683e+00 1.795135420135420379e+00 1.483617824744662084e+00 1.199293682311750597e+00 1.693869714910773094e+00 1.800804997021479226e+00 1.669160164831160031e+00 1.734031966269575342e+00 1.217857967915020545e+00 1.562901007383276752e+00 1.670767968071029452e+00 1.358435244512003592e+00 1.793102045458133453e+00 1.066734985112967493e+00
9.045760605942111579e+04 9.045848232369513426e+04 9.045751526342229045e+04 2.880093727265644702e+04 9.045842160421601147e+04 9.045816689117666101e+04 9.045842022185344831e+04 9.045842777705550543e+04 9.045772451903692854e+04 9.045791633448240464e+04 9.045787697847542586e+04 9.045786307345320529e+04 9.045851045738642279e+04 9.045812554009087035e+04 9.045792012891595368e+04 9.045828083448272082e+04 9.045832140326169610e+04 9.045830204776237952e+04 9.045841490428094403e+04 9.045799282721657073e+04 9.045824839193516527e+04 9.045838743313781742e+04 9.045796502646525914e+04 9.045852959794116032e+04 9.045777961844859237e+04
1.259927095421831567e+00 1.985040538320548276e+00 1.782049210834990793e+00 9.045842160421601147e+04 5.820335793994900753e-01 2.119033616499042427e+00 1.960021521861383453e+00 2.039194914656411228e+00 1.476095051965115701e+00 2.849161579030950353e+00 2.066852880590230868e+00 2.109193876135024404e+00 2.010327892473747990e+00 2.094281064127554437e+00 2.023682371414365466e+00 2.082044369589933108e+00 2.392417334376308879e+00 1.970239191478636798e+00 2.105353979462213143e+00 1.938566814115059600e+00 2.130283454234970897e+00 2.129431778183108470e+00 2.120550922324419663e+00 2.668358262108261769e+00 1.961989560702626312e+00
1.096454532894528322e+00 2.024030492014006199e+00 1.583128735816014432e+00 9.045816689117667556e+04 2.119033616499041983e+00 6.431445695015808317e-01 2.080687220171335117e+00 1.944933554246596863e+00 1.473525194645981529e+00 2.665028023009712310e+00 1.841859106903676935e+00 1.755641988871623704e+00 1.959810938195190033e+00 1.784508423425427592e+00 1.806363064014513187e+00 1.835300073709606128e+00 2.228672061014711936e+00 2.038537588284762059e+00 2.088544895261761347e+00 1.830793543194138895e+00 1.754455373698400988e+00 1.640582037992647013e+00 1.892668459340970166e+00 2.413016783979895941e+00 1.504837985746764417e+00
1.339872179586089507e+00 2.178927006912244835e+00 1.702436915659235828e+00 9.045842022185344831e+04 1.960021521861382787e+00 2.080687220171335117e+00 7.338729145593076986e-01 2.160277164543225936e+00 1.568457819352989668e+00 2.810351455598024017e+00 2.153539189503708595e+00 2.184983125698742423e+00 2.207847784178319284e+00 2.127461951731555168e+00 2.055407879923328185e+00 2.136009321867608612e+00 2.363540765938950017e+00 2.137258484482019494e+00 2.015058556359687447e+00 2.045669873868713573e+00 2.108476893721819678e+00 2.191447419995300905e+00 2.161370233115976092e+00 2.270089289853886694e+00 1.940063338945180016e+00
1.200611036631459738e+00 1.715306043445449236e+00 1.688863248632601399e+00 9.045842777705550543e+04 2.039194914656411228e+00 1.944933554246596641e+00 2.160277164543225936e+00 6.231821627583931100e-01 1.391220382012765766e+00 2.828496512632920457e+00 1.986815555844979375e+00 1.944213775139244316e+00 1.872106856386063223e+00 2.032769402961710714e+00 1.994070218134363914e+00 2.043436367446329172e+00 2.398488524544919454e+00 1.875988576083254200e+00 2.201266142610740051e+00 1.887442990283561439e+00 2.010785512534610575e+00 2.092397102155691524e+00 2.019760916920345650e+00 2.552948278998425913e+00 1.752235056156625337e+00
6.102100527103982985e-01 1.452577089047679904e+00 8.242471343944161033e-01 9.045772451903691399e+04 1.476095051965115701e+00 1.473525194645981529e+00 1.568457819352989668e+00 1.391220382012765766e+00 3.082279494008958731e-01 1.845775853736845384e+00 1.226057377301106088e+00 1.407548177615040030e+00 1.547471961494149451e+00 1.296821015737917415e+00 1.221670520304128038e+00 1.428393465433822840e+00 1.554799652076010785e+00 1.428931657931842070e+00 1.609079924452581078e+00 1.165064674536601341e+00 1.365696704982918064e+00 1.548330802118142113e+00 1.305541752200468641e+00 1.647426386132487819e+00 1.067084118761483014e+00
1.941431039765927125e+00 2.731716152238523154e+00 1.890756079864463368e+00 9.045791633448240464e+04 2.849161579030950353e+00 2.665028023009712754e+00 2.810351455598024017e+00 2.828496512632920457e+00 1.845775853736845384e+00 8.710730759416929203e-01 2.449144777247262095e+00 2.504807235448409219e+00 2.889115695488244651e+00 2.527163402696852579e+00 2.271448974587009229e+00 2.792179673681210339e+00 2.729156509463899649e+00 2.879323639700518189e+00 2.919670740596717717e+00 2.272162107481595861e+00 2.675719460237484970e+00 2.696950920423479836e+00 2.351256935225979561e+00 2.573101303165148845e+00 2.200778542500045898e+00
1.083406263748776022e+00 1.994753893635053732e+00 1.350215680034647203e+00 9.045787697847542586e+04 2.066852880590230868e+00 1.841859106903676935e+00 2.153539189503708595e+00 1.986815555844979375e+00 1.226057377301106088e+00 2.449144777247262095e+00 5.178583748379775864e-01 1.725307050918159835e+00 1.954203027631833622e+00 1.837929346277937359e+00 1.344889739042670174e+00 1.801906845763539655e+00 2.143892977798295796e+00 1.851264843833406948e+00 2.222057856673240739e+00 1.208891456105931406e+00 1.803129015167850957e+00 1.819182260872556745e+00 1.574357544341477899e+00 2.230975845687694914e+00 1.308105995301756863e+00
1.084510868512305271e+00 1.998393314846814484e+00 1.467908420523911683e+00 9.045786307345321984e+04 2.109193876135024404e+00 1.755641988871623926e+00 2.184983125698742867e+00 1.944213775139244760e+00 1.407548177615039808e+00 2.504807235448409219e+00 1.725307050918159835e+00 5.108388251914497413e-01 2.063760915386930961e+00 1.677744320257196442e+00 1.687176201360610861e+00 1.895274224436287902e+00 2.217698779345965043e+00 1.882177987918618234e+00 2.246142406196477648e+00 1.543426594528021445e+00 1.789256689787570798e+00 1.834747853394043338e+00 1.838328410309554961e+00 2.315420986068468689e+00 1.486461806017134846e+00
1.214132426440590162e+00 1.831934839108655400e+00 1.795135420135420379e+00 9.045851045738643734e+04 2.010327892473747990e+00 1.959810938195190033e+00 2.207847784178319284e+00 1.872106856386063223e+00 1.547471961494149451e+00 2.889115695488244651e+00 1.954203027631833622e+00 2.063760915386930961e+00 5.203170457809030980e-01 2.063738052749041429e+00 1.891401180692124706e+00 1.944524522333294314e+00 2.480052415283073852e+00 2.063297158478597737e+00 2.321231886624184337e+00 1.876967814107375565e+00 2.107995011450161105e+00 1.975634573195548249e+00 2.047322542386421418e+00 2.492199158865826103e+00 1.838775494611132544e+00
1.093786739116775930e+00 2.080149833784509017e+00 1.483617824744661640e+00 9.045812554009088490e+04 2.094281064127554437e+00 1.784508423425427592e+00 2.127461951731555168e+00 2.032769402961710714e+00 1.296821015737917415e+00 2.527163402696852579e+00 1.837929346277936693e+00 1.677744320257196442e+00 2.063738052749041429e+00 5.297821266790955219e-01 1.695471256723310782e+00 1.800744357416493191e+00 2.250737077709930034e+00 1.909483424049416955e+00 2.114854260933409336e+00 1.499078243068928007e+00 1.878638336436364131e+00 1.880836281477306304e+00 1.649037862449268310e+00 2.317865404800308227e+00 1.560437241824430332e+00
1.050950536581139794e+00 1.977418948572794433e+00 1.199293682311750375e+00 9.045792012891599734e+04 2.023682371414365466e+00 1.806363064014513187e+00 2.055407879923328185e+00 1.994070218134363914e+00 1.221670520304128038e+00 2.271448974587008784e+00 1.344889739042670174e+00 1.687176201360610861e+00 1.891401180692124706e+00 1.695471256723310782e+00 5.048914203063948891e-01 1.904617796786765460e+00 2.084564720101872659e+00 1.955325059043575786e+00 2.108083182673562650e+00 1.187037744025271957e+00 1.854551244546727595e+00 1.744494668945218097e+00 1.533043312109930723e+00 2.147818608999484180e+00 1.262275582983021893e+00
1.175870524648010784e+00 2.050554930633446293e+00 1.693869714910773094e+00 9.045828083448274992e+04 2.082044369589933108e+00 1.835300073709606128e+00 2.136009321867608612e+00 2.043436367446329172e+00 1.428393465433822840e+00 2.792179673681211227e+00 1.801906845763539877e+00 1.895274224436287902e+00 1.944524522333294314e+00 1.800744357416493191e+00 1.904617796786765460e+00 6.890488058384868220e-01 2.414140334922623587e+00 1.737106713244387368e+00 2.362794888200701493e+00 1.822097154758620219e+00 1.921264024731825781e+00 1.872040255105533735e+00 1.783047965875133256e+00 2.532056742733634458e+00 1.807070806983373856e+00
1.457078157144441777e+00 2.375985259325530397e+00 1.800804997021479226e+00 9.045832140326171066e+04 2.392417334376308879e+00 2.228672061014711936e+00 2.363540765938950017e+00 2.398488524544919454e+00 1.554799652076010785e+00 2.729156509463899649e+00 2.143892977798295796e+00 2.217698779345965043e+00 2.480052415283073852e+00 2.250737077709930034e+00 2.084564720101872659e+00 2.414140334922623587e+00 8.423935823799143519e-01 2.399107447970020512e+00 2.319180466264656015e+00 2.066252361124155890e+00 2.293615434994468849e+00 2.180036758837198274e+00 2.221140008489463469e+00 2.387190999855989482e+00 2.003829617738187352e+00
1.182306059077534055e+00 1.949696238377492286e+00 1.669160164831160031e+00 9.045830204776239407e+04 1.970239191478636798e+00 2.038537588284762059e+00 2.137258484482019494e+00 1.875988576083254200e+00 1.428931657931842070e+00 2.879323639700518189e+00 1.851264843833406948e+00 1.882177987918618234e+00 2.063297158478597737e+00 1.909483424049416955e+00 1.955325059043575786e+00 1.737106713244387368e+00 2.399107447970019624e+00 4.927756981743488529e-01 2.300436564328272482e+00 1.892275474348969810e+00 2.025279241276212172e+00 1.983103534709721005e+00 1.850934332956587935e+00 2.569694296754691631e+00 1.818503389762738731e+00
1.394848710683322057e+00 2.308972175743764677e+00 1.734031966269575342e+00 9.045841490428094403e+04 2.105353979462213143e+00 2.088544895261761347e+00 2.015058556359687447e+00 2.201266142610740051e+00 1.609079924452581078e+00 2.919670740596717717e+00 2.222057856673240739e+00 2.246142406196477648e+00 2.321231886624184337e+00 2.114854260933409336e+00 2.108083182673562650e+00 2.362794888200700605e+00 2.319180466264656015e+00 2.300436564328272482e+00 7.420597284719318010e-01 2.047072466944261482e+00 2.072182898535501305e+00 2.319248217605772044e+00 2.221111312534686189e+00 2.265846071109839155e+00 1.964838299782079245e+00
1.038146504492658329e+00 1.876543209876543106e+00 1.217857967915020545e+00 9.045799282721658528e+04 1.938566814115059600e+00 1.830793543194138451e+00 2.045669873868713573e+00 1.887442990283561439e+00 1.165064674536601785e+00 2.272162107481595861e+00 1.208891456105931184e+00 1.543426594528021445e+00 1.876967814107375565e+00 1.499078243068928007e+00 1.187037744025271957e+00 1.822097154758620219e+00 2.066252361124155890e+00 1.892275474348969366e+00 2.047072466944261482e+00 4.438547840091951469e-01 1.775687116652731268e+00 1.829349559218587551e+00 1.603835226337548381e+00 2.136633428300094284e+00 1.211780318189911387e+00
1.119105724687613046e+00 1.973486716653850115e+00 1.562901007383276752e+00 9.045824839193516527e+04 2.130283454234971341e+00 1.754455373698400988e+00 2.108476893721819678e+00 2.010785512534610575e+00 1.365696704982918064e+00 2.675719460237485858e+00 1.803129015167850735e+00 1.789256689787570798e+00 2.107995011450161105e+00 1.878638336436364131e+00 1.854551244546727595e+00 1.921264024731825337e+00 2.293615434994468849e+00 2.025279241276212172e+00 2.072182898535501305e+00 1.775687116652731268e+00 7.470151919006264851e-01 1.739588752025061247e+00 1.884452330242924356e+00 2.275133189486123975e+00 1.663228600454223383e+00
1.145201109778920090e+00 2.049501721328816028e+00 1.670767968071029452e+00 9.045838743313783198e+04 2.129431778183108470e+00 1.640582037992647013e+00 2.191447419995300905e+00 2.092397102155691968e+00 1.548330802118141891e+00 2.696950920423479836e+00 1.819182260872555856e+00 1.834747853394043338e+00 1.975634573195548249e+00 1.880836281477306304e+00 1.744494668945218097e+00 1.872040255105533069e+00 2.180036758837198274e+00 1.983103534709721005e+00 2.319248217605772044e+00 1.829349559218587551e+00 1.739588752025061247e+00 5.226902102417549933e-01 1.958612132576478482e+00 2.379134516375511321e+00 1.660814378219406917e+00
1.089909236996766229e+00 1.931616630058110129e+00 1.358435244512003370e+00 9.045796502646525914e+04 2.120550922324420107e+00 1.892668459340970166e+00 2.161370233115976536e+00 2.019760916920345650e+00 1.305541752200468419e+00 2.351256935225979561e+00 1.574357544341477899e+00 1.838328410309555627e+00 2.047322542386421418e+00 1.649037862449268310e+00 1.533043312109930723e+00 1.783047965875133700e+00 2.221140008489463469e+00 1.850934332956588380e+00 2.221111312534686189e+00 1.603835226337548381e+00 1.884452330242924356e+00 1.958612132576478482e+00 4.845512436985209281e-01 2.324781080485090357e+00 1.427940617674116730e+00
1.632043015256529506e+00 2.570022351456237253e+00 1.793102045458133453e+00 9.045852959794117487e+04 2.668358262108261769e+00 2.413016783979895941e+00 2.270089289853886694e+00 2.552948278998425913e+00 1.647426386132487819e+00 2.573101303165148845e+00 2.230975845687694914e+00 2.315420986068468689e+00 2.492199158865826103e+00 2.317865404800308227e+00 2.147818608999484180e+00 2.532056742733634458e+00 2.387190999855989482e+00 2.569694296754691631e+00 2.265846071109839155e+00 2.136633428300094284e+00 2.275133189486123975e+00 2.379134516375511321e+00 2.324781080485089912e+00 7.904126197089508254e-01 1.984261654565319111e+00
9.624735582390282485e-01 1.812428248484181603e+00 1.066734985112967493e+00 9.045777961844859237e+04 1.961989560702626312e+00 1.504837985746764417e+00 1.940063338945180016e+00 1.752235056156625337e+00 1.067084118761483014e+00 2.200778542500045898e+00 1.308105995301756863e+00 1.486461806017134846e+00 1.838775494611133210e+00 1.560437241824430332e+00 1.262275582983021893e+00 1.807070806983373856e+00 2.003829617738187352e+00 1.818503389762739175e+00 1.964838299782079245e+00 1.211780318189911387e+00 1.663228600454223605e+00 1.660814378219406917e+00 1.427940617674116730e+00 1.984261654565319111e+00 4.905586947967791600e-01
