9.131214643455461191e+04 2.457106534666956286e+05 2.457106865293595765e+05 2.457106281153208110e+05 2.457105617318878067e+05 2.457100301035636803e+05 2.457106253055802954e+05 2.457101680324419576e+05 1.606339946817619202e+05 2.457106034257112187e+05 2.457106333372292866e+05 2.457106408059464593e+05 2.457105628741869878e+05 2.457100176590278570e+05 1.985711625659490528e+05 2.457106654180947808e+05 2.457106905588174704e+05 1.623772854901819665e+05 2.457105299135155801e+05 2.457106810700047063e+05 1.622313627314129262e+05 1.623772287651401712e+05 2.457106014946253272e+05 2.457103285468347603e+05 2.457103533917872701e+05
2.457106534666956286e+05 5.649299500571132171e-01 2.050865800865801614e+00 1.795747387397855777e+00 1.728936500122740139e+00 1.290277082510637996e+00 1.845150690347318712e+00 1.472685974860060476e+00 1.666687199801757233e+05 1.984565912627896056e+00 1.987015436503546839e+00 1.897404377406147979e+00 1.748502104417593461e+00 1.188464875054520808e+00 6.253226146860075823e+04 1.704266736283331030e+00 2.098765432098765427e+00 1.666686363932291861e+05 2.331927812447293302e+00 1.871173469387755306e+00 3.333350250672965194e+05 1.666685150824648154e+05 1.769248636347172665e+00 1.699425686986530959e+00 1.694773873731026947e+00
2.457106865293595765e+05 2.050865800865801614e+00 8.493125255082561997e-01 2.138913650213874362e+00 1.830559084259916203e+00 1.719637064107613966e+00 2.316513000043336934e+00 1.800153515930471793e+00 1.666687783086223644e+05 2.172612123720585764e+00 2.319719830360054580e+00 2.154956133839555754e+00 1.925045788046058526e+00 1.404910239739477484e+00 6.253208115908456239e+04 2.123028756957328067e+00 2.077705975760185453e+00 1.666687743409863615e+05 2.139919406442486682e+00 2.251703340025175137e+00 3.333350405350942165e+05 1.666686181651434454e+05 2.153756957328386346e+00 1.783248926597482242e+00 2.059794372294372788e+00
2.457106281153208110e+05 1.795747387397855777e+00 2.138913650213874362e+00 6.201206285760791914e-01 1.775941619642234182e+00 1.387208217773360897e+00 1.913052721088435604e+00 1.621178527046511775e+00 1.666687671687229595e+05 1.747381872100892686e+00 1.939142253095741841e+00 1.894148825979409034e+00 1.705310189696232159e+00 1.140188666476596557e+00 6.253225457109886338e+04 1.590060644156831238e+00 1.928571428571428603e+00 1.666687180097975943e+05 2.196723730814640341e+00 1.969778481631089928e+00 3.333350159005222376e+05 1.666685195839087537e+05 1.782561682632674005e+00 1.657672832504531346e+00 1.621921865879298430e+00
2.457105617318878067e+05 1.728936500122740139e+00 1.830559084259916203e+00 1.775941619642234182e+00 5.998983389064957983e-01 1.209309774523557701e+00 1.833249765289382660e+00 1.365482965348309596e+00 1.666683765349960304e+05 1.807121786864815505e+00 1.860168240850059718e+00 1.821341076518168567e+00 1.228318400366628538e+00 9.886106950134031512e-01 6.253205915837440261e+04 1.834005938038601791e+00 1.849885684301269206e+00 1.666683399072302273e+05 2.016293500871423117e+00 1.843687303620454854e+00 3.333349345825182390e+05 1.666684259259254904e+05 1.659668349622730243e+00 1.152534693305612867e+00 1.606012245583052556e+00
2.457100301035636803e+05 1.290277082510637996e+00 1.719637064107613966e+00 1.387208217773360674e+00 1.209309774523557701e+00 4.203215481760850247e-01 1.424096533329498371e+00 8.721391884800737682e-01 1.666680497050179401e+05 1.455943478477513375e+00 1.450094905232108378e+00 1.428219667236700907e+00 1.203485678807132420e+00 7.055703547239594586e-01 6.253175876174376026e+04 1.464072869050003556e+00 1.664514459114734279e+00 1.666680443015260680e+05 1.748271599732638348e+00 1.547825063427191727e+00 3.333346585160153336e+05 1.666679712123761128e+05 1.316099200242929035e+00 1.087481853666568687e+00 1.217345519464480219e+00
2.457106253055802954e+05 1.845150690347318712e+00 2.316513000043336934e+00 1.913052721088435604e+00 1.833249765289382660e+00 1.424096533329498371e+00 6.186668127189842714e-01 1.567210996155995906e+00 1.666686988474036043e+05 1.974294439139738566e+00 1.833878338697738641e+00 2.057919838582377370e+00 1.878802861250102207e+00 1.269360819057368195e+00 6.253221734216273762e+04 1.851720734547633640e+00 2.034277140608309775e+00 1.666686952595082403e+05 2.276388654635407960e+00 1.880351520773599017e+00 3.333350645350532723e+05 1.666685897517328267e+05 1.871066314573422762e+00 1.698132080115750897e+00 1.979166666666667185e+00
2.457101680324419867e+05 1.472685974860060476e+00 1.800153515930472237e+00 1.621178527046511775e+00 1.365482965348309596e+00 8.721391884800738792e-01 1.567210996155995906e+00 5.326162733980577269e-01 1.666681985089146474e+05 1.695856176969244400e+00 1.733683453645279648e+00 1.588710477419111200e+00 1.412578852396590534e+00 8.963179468764986835e-01 6.253189858703783830e+04 1.638866203365895391e+00 1.711262980904463049e+00 1.666682582199546741e+05 1.909699789083521004e+00 1.724314886652549283e+00 3.333346501169789117e+05 1.666681899026533356e+05 1.624328834403324207e+00 1.133706244005621810e+00 1.416116088745386303e+00
1.606339946817619202e+05 1.666687199801757233e+05 1.666687783086223644e+05 1.666687671687229595e+05 1.666683765349960304e+05 1.666680497050179401e+05 1.666686988474036043e+05 1.666681985089146474e+05 4.008635161269403761e+04 1.666686334096094361e+05 1.666687269117799297e+05 1.666686971991037426e+05 1.666685881528882019e+05 1.666680099676684476e+05 1.138367381166949781e+05 1.666686804954546096e+05 1.666687365913915564e+05 6.458554216759363771e+04 1.666687440476190532e+05 1.666687702372124477e+05 2.500018740026403684e+05 8.333531491399179504e+04 1.666686314800273976e+05 1.666683384669014195e+05 1.666684856784617004e+05
2.457106034257112187e+05 1.984565912627896056e+00 2.172612123720585764e+00 1.747381872100892686e+00 1.807121786864815505e+00 1.455943478477513375e+00 1.974294439139738566e+00 1.695856176969244400e+00 1.666686334096094361e+05 6.714825151318487562e-01 1.958957319943014364e+00 1.909369016385698226e+00 1.852048743862698688e+00 1.247635621716665089e+00 6.253234028008546738e+04 1.828659412443683907e+00 2.111050747406514549e+00 1.666686313657407300e+05 2.259091084781020164e+00 2.103874042651168175e+00 3.333350743300519534e+05 1.666685359439295717e+05 1.936271730914588263e+00 1.786817808720710499e+00 1.964564178835406905e+00
2.457106333372292866e+05 1.987015436503547283e+00 2.319719830360054580e+00 1.939142253095741841e+00 1.860168240850059718e+00 1.450094905232108156e+00 1.833878338697738641e+00 1.733683453645279648e+00 1.666687269117799297e+05 1.958957319943014364e+00 6.161454149733293084e-01 1.939079334549922873e+00 1.831168831168831668e+00 1.266126746777652468e+00 6.253226999394016457e+04 2.042961498507076978e+00 2.191471792171873822e+00 1.666687125095889496e+05 2.242351623845130870e+00 1.811821055327548891e+00 3.333350783420139342e+05 1.666686254488382838e+05 1.880318971196474065e+00 1.827191170459230740e+00 1.914502164502164927e+00
2.457106408059464593e+05 1.897404377406147979e+00 2.154956133839554866e+00 1.894148825979409034e+00 1.821341076518168567e+00 1.428219667236700907e+00 2.057919838582377370e+00 1.588710477419111200e+00 1.666686971991037426e+05 1.909369016385698448e+00 1.939079334549922873e+00 7.793487156778339253e-01 1.797094833995489971e+00 1.164745261098082407e+00 6.253226097194677277e+04 1.849232652257321696e+00 2.031409292367084785e+00 1.666686772305326595e+05 2.102896305158886925e+00 1.953565396280350974e+00 3.333350783778607147e+05 1.666686056918274262e+05 1.928896010112361781e+00 1.759710477166492648e+00 1.914285186740287470e+00
2.457105628741869878e+05 1.748502104417593461e+00 1.925045788046058526e+00 1.705310189696232159e+00 1.228318400366628538e+00 1.203485678807132420e+00 1.878802861250102207e+00 1.412578852396590534e+00 1.666685881528882019e+05 1.852048743862698688e+00 1.831168831168831668e+00 1.797094833995489971e+00 5.979730405405555560e-01 9.787035841767796063e-01 6.253193156796674157e+04 1.771435405448527733e+00 1.883361547863712904e+00 1.666683371974967304e+05 2.081597124616605399e+00 1.712154097926082086e+00 3.333348050795905874e+05 1.666682768548406602e+05 1.732264682493186658e+00 1.323405429343827988e+00 1.691243408469852882e+00
2.457100176590278570e+05 1.188464875054520808e+00 1.404910239739477484e+00 1.140188666476596557e+00 9.886106950134031512e-01 7.055703547239594586e-01 1.269360819057368195e+00 8.963179468764986835e-01 1.666680099676684476e+05 1.247635621716665089e+00 1.266126746777652690e+00 1.164745261098082629e+00 9.787035841767796063e-01 2.296423006183641591e-01 6.253144691360760771e+04 1.128543291341955745e+00 1.273198175179736324e+00 1.666679169389830495e+05 1.516840689002515896e+00 1.286036076292471408e+00 3.333344255003351136e+05 1.666678706417980429e+05 1.122965639095813595e+00 9.820527343239927598e-01 1.077917492112407949e+00
1.985711625659490528e+05 6.253226146860075096e+04 6.253208115908456239e+04 6.253225457109885610e+04 6.253205915837440261e+04 6.253175876174375298e+04 6.253221734216272307e+04 6.253189858703783830e+04 1.138367381166949781e+05 6.253234028008546011e+04 6.253226999394014274e+04 6.253226097194675822e+04 6.253193156796674157e+04 6.253144691360760771e+04 6.729585021440508717e+04 6.253212464817009459e+04 6.253230450714186009e+04 1.203722711917528650e+05 6.253216545273515658e+04 6.253239530561536958e+04 2.870385713473482174e+05 1.203721190806727100e+05 6.253223824730418710e+04 6.253203791057239141e+04 6.253221909571939614e+04
2.457106654180947808e+05 1.704266736283331030e+00 2.123028756957328067e+00 1.590060644156831238e+00 1.834005938038601791e+00 1.464072869050003556e+00 1.851720734547633640e+00 1.638866203365895391e+00 1.666686804954546096e+05 1.828659412443683907e+00 2.042961498507076978e+00 1.849232652257321696e+00 1.771435405448527733e+00 1.128543291341955745e+00 6.253212464817010914e+04 6.097606306509557594e-01 2.095959595959596466e+00 1.666686409276384511e+05 2.106880102821661715e+00 1.953907490436729288e+00 3.333350795150068589e+05 1.666684738084899145e+05 1.727484433856187662e+00 1.758105505800477752e+00 1.810344043749527509e+00
2.457106905588174996e+05 2.098765432098765427e+00 2.077705975760185453e+00 1.928571428571428603e+00 1.849885684301269206e+00 1.664514459114734279e+00 2.034277140608309775e+00 1.711262980904463049e+00 1.666687365913915564e+05 2.111050747406514549e+00 2.191471792171873822e+00 2.031409292367084785e+00 1.883361547863712904e+00 1.273198175179736324e+00 6.253230450714186009e+04 2.095959595959596466e+00 9.259607060188579375e-01 1.666687400947459100e+05 2.274066320862413892e+00 2.076090680666057064e+00 3.333350833333333721e+05 1.666686665019681386e+05 1.884070294784580657e+00 1.833382695064685874e+00 1.880723983808399558e+00
1.623772854901819665e+05 1.666686363932291861e+05 1.666687743409863615e+05 1.666687180097975943e+05 1.666683399072302273e+05 1.666680443015260680e+05 1.666686952595082403e+05 1.666682582199546741e+05 6.458554216759363044e+04 1.666686313657407300e+05 1.666687125095889496e+05 1.666686772305326595e+05 1.666683371974967304e+05 1.666679169389830495e+05 1.203722711917528650e+05 1.666686409276384220e+05 1.666687400947459100e+05 3.913047872498317884e+04 1.666689183673469524e+05 1.666686944444444380e+05 2.500014241949817806e+05 3.138729651187992931e+04 1.666685135376206308e+05 1.666682979334963020e+05 1.666684657974300499e+05
2.457105299135155801e+05 2.331927812447293302e+00 2.139919406442486682e+00 2.196723730814640341e+00 2.016293500871423117e+00 1.748271599732638348e+00 2.276388654635408404e+00 1.909699789083521226e+00 1.666687440476190532e+05 2.259091084781020164e+00 2.242351623845130870e+00 2.102896305158886925e+00 2.081597124616605399e+00 1.516840689002515896e+00 6.253216545273515658e+04 2.106880102821662160e+00 2.274066320862413892e+00 1.666689183673469524e+05 7.131600322631318489e-01 2.432597840121802246e+00 3.333351666666666279e+05 1.666683966869688884e+05 2.258798560746613227e+00 1.952675672541744012e+00 2.114665907685388202e+00
2.457106810700047063e+05 1.871173469387755306e+00 2.251703340025175137e+00 1.969778481631089928e+00 1.843687303620455298e+00 1.547825063427191727e+00 1.880351520773599239e+00 1.724314886652549283e+00 1.666687702372124477e+05 2.103874042651168175e+00 1.811821055327548669e+00 1.953565396280351196e+00 1.712154097926082086e+00 1.286036076292471408e+00 6.253239530561537686e+04 1.953907490436729288e+00 2.076090680666057064e+00 1.666686944444444380e+05 2.432597840121802246e+00 7.063756861520885666e-01 3.333350813942353707e+05 1.666686666666661622e+05 2.021683673469387710e+00 1.878401360544218246e+00 1.908206747420797100e+00
1.622313627314129262e+05 3.333350250672965194e+05 3.333350405350942165e+05 3.333350159005222376e+05 3.333349345825182390e+05 3.333346585160153336e+05 3.333350645350532723e+05 3.333346501169789117e+05 2.500018740026403684e+05 3.333350743300519534e+05 3.333350783420139342e+05 3.333350783778607147e+05 3.333348050795905874e+05 3.333344255003351136e+05 2.870385713473482174e+05 3.333350795150068589e+05 3.333350833333333721e+05 2.500014241949817806e+05 3.333351666666666279e+05 3.333350813942353707e+05 3.794960425340955408e+04 2.500018356481476512e+05 3.333349782612367999e+05 3.333348943053508410e+05 3.333350410517939599e+05
1.623772287651401712e+05 1.666685150824648445e+05 1.666686181651434454e+05 1.666685195839087828e+05 1.666684259259254904e+05 1.666679712123761419e+05 1.666685897517328267e+05 1.666681899026533356e+05 8.333531491399180959e+04 1.666685359439295717e+05 1.666686254488382838e+05 1.666686056918274262e+05 1.666682768548406602e+05 1.666678706417980429e+05 1.203721190806727245e+05 1.666684738084899145e+05 1.666686665019681386e+05 3.138729651187992931e+04 1.666683966869689175e+05 1.666686666666661622e+05 2.500018356481476803e+05 6.073401120993031643e-01 1.666684790634138917e+05 1.666683633261618088e+05 1.666683533950612764e+05
2.457106014946253563e+05 1.769248636347172665e+00 2.153756957328386790e+00 1.782561682632674005e+00 1.659668349622730243e+00 1.316099200242929035e+00 1.871066314573422762e+00 1.624328834403324207e+00 1.666686314800273976e+05 1.936271730914588263e+00 1.880318971196474065e+00 1.928896010112361781e+00 1.732264682493186658e+00 1.122965639095813595e+00 6.253223824730419437e+04 1.727484433856187662e+00 1.884070294784580657e+00 1.666685135376206308e+05 2.258798560746613227e+00 2.021683673469388154e+00 3.333349782612367999e+05 1.666684790634138335e+05 5.825377299124698816e-01 1.667870493537144228e+00 1.629085463881024598e+00
2.457103285468347894e+05 1.699425686986531403e+00 1.783248926597482464e+00 1.657672832504531346e+00 1.152534693305612867e+00 1.087481853666568687e+00 1.698132080115750897e+00 1.133706244005621810e+00 1.666683384669014195e+05 1.786817808720710499e+00 1.827191170459230740e+00 1.759710477166492648e+00 1.323405429343827988e+00 9.820527343239927598e-01 6.253203791057239141e+04 1.758105505800477752e+00 1.833382695064685874e+00 1.666682979334963020e+05 1.952675672541744012e+00 1.878401360544217802e+00 3.333348943053508410e+05 1.666683633261617797e+05 1.667870493537144228e+00 6.806142764911466969e-01 1.567171899159381931e+00
2.457103533917872701e+05 1.694773873731026947e+00 2.059794372294372788e+00 1.621921865879298430e+00 1.606012245583052556e+00 1.217345519464480219e+00 1.979166666666667185e+00 1.416116088745386303e+00 1.666684856784617004e+05 1.964564178835406905e+00 1.914502164502164705e+00 1.914285186740287470e+00 1.691243408469852882e+00 1.077917492112407949e+00 6.253221909571940341e+04 1.810344043749527509e+00 1.880723983808399558e+00 1.666684657974300499e+05 2.114665907685388202e+00 1.908206747420797100e+00 3.333350410517939599e+05 1.666683533950612764e+05 1.629085463881024598e+00 1.567171899159381931e+00 6.311720069628612428e-01
