9.748657085715560777e-01 1.954908483858921020e+00 1.997345818544211893e+00 5.882591545378794399e+04 2.019101495693510273e+00 8.582700342013909540e+04 1.952742920518665048e+00 2.151244258582159397e+00 2.300552395063269806e+00 1.597944983809226251e+05 1.842646767363184335e+00 1.574637477971771116e+00 2.008575314336355166e+00 1.964480435171217287e+00 1.952754618502825279e+00 2.037829360047984206e+00 3.208786529896124193e+04 1.718856885360000586e+00 1.717881408634627460e+00 3.370037839601821033e+05 1.883401701850052179e+00 2.321058649940728635e+00 1.221051607217377599e+00 1.942203240178567603e+00 2.047894334652698767e+00
1.954908483858921242e+00 1.088782922293952904e+00 2.007482684278501850e+00 5.882602895694589824e+04 2.096187232552247259e+00 8.582728832608880475e+04 2.192524380415101337e+00 2.216292970455292277e+00 2.384910511554756862e+00 1.597945937172318809e+05 1.973548877005802282e+00 1.791945298599543213e+00 2.209396023801426079e+00 2.119868088310749243e+00 2.151169277945313763e+00 2.220388912617259791e+00 3.208795659196760607e+04 1.887431314892555889e+00 1.821734929067081898e+00 3.370038781042290502e+05 2.028541383497527217e+00 2.175886038542101275e+00 1.387180942506639925e+00 2.076308853029428469e+00 2.190664388476833757e+00
1.997345818544211893e+00 2.007482684278501406e+00 1.119445563428516977e+00 5.882612642909112765e+04 2.060204390557556664e+00 8.582701426787655510e+04 2.118875075412923081e+00 2.218440377652605822e+00 2.474258751081237939e+00 1.597944174655028910e+05 1.872901063197559557e+00 1.717473377159552950e+00 2.255405506916431158e+00 2.047604784068368211e+00 2.108639599334140691e+00 2.307254088822544347e+00 3.208806018034204681e+04 1.815449901174339686e+00 1.889288710323818732e+00 3.370039141611273517e+05 2.068503740468258911e+00 2.323109638399664334e+00 1.344685086893089077e+00 2.080603698533993740e+00 1.998612824611449845e+00
5.882591545378794399e+04 5.882602895694589824e+04 5.882612642909112765e+04 1.429651217338911762e+00 5.882630243854757282e+04 2.700392177616771369e+04 5.882627130602063698e+04 5.882641163234399573e+04 5.882613539132835285e+04 1.312745799874621152e+05 5.882610935289895860e+04 5.882559874692948506e+04 5.882629936539819755e+04 5.882625620158247330e+04 5.882625608819713671e+04 5.882633101510916458e+04 2.674053483687351763e+04 5.882586107068464480e+04 5.882585566083393496e+04 3.370043766724462039e+05 5.882604205152366194e+04 5.882650700104512362e+04 5.882546947106358857e+04 5.882608141107847769e+04 5.882632082051275938e+04
2.019101495693510273e+00 2.096187232552247259e+00 2.060204390557556664e+00 5.882630243854757282e+04 1.163042434070921338e+00 8.582720493660101783e+04 2.173264147501576815e+00 2.431920711435259896e+00 2.613465421694510127e+00 1.597947230132757977e+05 1.977769231878415024e+00 1.856450334526025925e+00 2.404172846740235236e+00 2.004694323097712338e+00 2.175504954773317401e+00 2.370558028905567216e+00 3.208818944536373601e+04 1.993626903519227556e+00 1.980948513575803149e+00 3.370038642980888835e+05 2.186568673706082766e+00 2.408304733181393154e+00 1.445462361357657377e+00 2.237307759397024309e+00 2.083674799479875439e+00
8.582700342013908084e+04 8.582728832608880475e+04 8.582701426787654054e+04 2.700392177616771369e+04 8.582720493660101783e+04 2.921597922333830138e+04 8.582742277461593039e+04 8.582739257320341130e+04 8.582755904904079216e+04 1.042731427297819173e+05 8.582697082192231028e+04 8.582673937405453762e+04 8.582746937503371737e+04 8.582734769280363980e+04 8.582741189791297074e+04 8.582747728591275518e+04 5.374206128457294835e+04 8.582694917761710531e+04 8.582700112763978541e+04 3.321353153965034871e+05 8.582734700777647959e+04 8.582752167275566899e+04 8.582652735767478589e+04 8.582732075800774328e+04 8.582720968975385767e+04
1.952742920518665048e+00 2.192524380415101337e+00 2.118875075412923081e+00 5.882627130602063698e+04 2.173264147501576815e+00 8.582742277461593039e+04 1.146560457457517668e+00 2.413982804547273542e+00 2.600365604586936552e+00 1.597948823678948975e+05 2.106453158009786275e+00 1.947948001657866302e+00 2.271427707246667982e+00 2.136500758955881096e+00 2.031488242291405566e+00 2.275070994870420193e+00 3.208824401531546027e+04 2.009093890584494613e+00 1.935163324863605983e+00 3.370041177260956028e+05 2.191232307779417798e+00 2.616038625604454992e+00 1.469969029105203440e+00 2.179782361835762128e+00 2.215789274122890617e+00
2.151244258582159397e+00 2.216292970455292277e+00 2.218440377652605822e+00 5.882641163234399573e+04 2.431920711435259896e+00 8.582739257320341130e+04 2.413982804547273098e+00 1.265664826195185944e+00 2.672168758310939474e+00 1.597948331174720370e+05 2.225794336712643595e+00 1.958592524875736762e+00 2.196770260873892600e+00 2.403583885023025779e+00 2.436712840746238840e+00 2.149978499589700220e+00 3.208835432479648080e+04 2.129123420830126623e+00 2.088137741062931596e+00 3.370041168345109327e+05 2.345812604590237882e+00 2.543794314758451858e+00 1.604459113289593342e+00 2.363759345987255234e+00 2.315645532763630943e+00
2.300552395063269806e+00 2.384910511554756862e+00 2.474258751081238383e+00 5.882613539132835285e+04 2.613465421694510127e+00 8.582755904904079216e+04 2.600365604586936108e+00 2.672168758310939474e+00 1.275173231458490042e+00 1.597948429424267670e+05 2.512906910526900628e+00 2.129079969901999991e+00 2.659856068711299315e+00 2.618866651673222634e+00 2.543498353533919953e+00 2.610753117968441561e+00 3.208810883999448561e+04 2.272628460029023412e+00 2.110930748456072426e+00 3.370042093224978889e+05 2.371094408173412216e+00 2.663386315562530804e+00 1.759913752801191889e+00 2.343292676637026339e+00 2.678969897115243803e+00
1.597944983809226251e+05 1.597945937172318809e+05 1.597944174655028619e+05 1.312745799874621152e+05 1.597947230132757977e+05 1.042731427297819173e+05 1.597948823678948975e+05 1.597948331174720370e+05 1.597948429424267670e+05 7.449310045377998904e+04 1.597945024510557123e+05 1.597942113205037895e+05 1.597948568583317392e+05 1.597948203877554915e+05 1.597947939532747259e+05 1.597949193044450949e+05 1.442383350272688549e+05 1.597942789073758759e+05 1.597943681844213279e+05 2.815494554314475390e+05 1.597947664993982180e+05 1.597949339167933504e+05 1.597939989390218980e+05 1.597945827888215717e+05 1.597946645202850341e+05
1.842646767363184335e+00 1.973548877005802282e+00 1.872901063197559557e+00 5.882610935289895860e+04 1.977769231878415024e+00 8.582697082192231028e+04 2.106453158009786275e+00 2.225794336712644039e+00 2.512906910526900628e+00 1.597945024510557123e+05 1.212191632295472443e+00 1.715207506763283263e+00 2.181195109668617516e+00 2.030799654340173177e+00 2.102790014462271539e+00 2.185888672889049644e+00 3.208802730928683013e+04 1.867500034092649308e+00 1.851049607227244431e+00 3.370037934861910180e+05 2.089169928717358626e+00 2.309578522926176269e+00 1.305977652116871779e+00 2.081833522597576369e+00 2.012663021121881446e+00
1.574637477971771116e+00 1.791945298599543213e+00 1.717473377159553394e+00 5.882559874692948506e+04 1.856450334526025925e+00 8.582673937405453762e+04 1.947948001657865857e+00 1.958592524875736984e+00 2.129079969901999991e+00 1.597942113205037895e+05 1.715207506763283263e+00 7.946693584471276051e-01 1.945072988707200468e+00 1.893856288275278965e+00 1.924688855046169600e+00 1.960137339899361564e+00 3.208759122655223837e+04 1.561430499952209283e+00 1.581497228531127508e+00 3.370036212355536991e+05 1.858408536748485052e+00 2.030866192647940327e+00 1.077401908728173208e+00 1.762808967802372395e+00 1.856543607222242320e+00
2.008575314336355166e+00 2.209396023801426079e+00 2.255405506916430269e+00 5.882629936539819755e+04 2.404172846740234792e+00 8.582746937503371737e+04 2.271427707246667982e+00 2.196770260873892155e+00 2.659856068711298871e+00 1.597948568583317683e+05 2.181195109668617071e+00 1.945072988707200690e+00 1.233363584247697986e+00 2.356965921118071350e+00 2.302027570667978473e+00 2.139157765178383741e+00 3.208830919090401585e+04 2.101607986945351225e+00 2.015708107667286253e+00 3.370040498935757205e+05 2.273786310126318266e+00 2.631502346130442760e+00 1.560558001719686061e+00 2.217984752393950210e+00 2.343445730419287276e+00
1.964480435171217287e+00 2.119868088310749243e+00 2.047604784068368211e+00 5.882625620158247330e+04 2.004694323097712338e+00 8.582734769280363980e+04 2.136500758955881096e+00 2.403583885023025335e+00 2.618866651673222634e+00 1.597948203877554915e+05 2.030799654340173177e+00 1.893856288275278965e+00 2.356965921118071350e+00 1.160283006196873634e+00 2.195668666188764551e+00 2.306011140595930708e+00 3.208818538818577144e+04 2.002798709168989610e+00 1.912270790542228704e+00 3.370039977793025319e+05 2.161939144183133710e+00 2.438880456914451322e+00 1.434310287092377845e+00 2.177611248751713191e+00 2.146851363224561826e+00
1.952754618502825057e+00 2.151169277945313763e+00 2.108639599334140691e+00 5.882625608819713671e+04 2.175504954773317401e+00 8.582741189791297074e+04 2.031488242291405122e+00 2.436712840746238840e+00 2.543498353533920397e+00 1.597947939532747259e+05 2.102790014462271539e+00 1.924688855046169600e+00 2.302027570667978473e+00 2.195668666188764551e+00 1.066348261626487659e+00 2.359719482042292427e+00 3.208825764659807101e+04 1.993665500080265884e+00 1.947288930913636085e+00 3.370039458255064092e+05 2.111920142501911180e+00 2.606638319115559099e+00 1.508190588945798938e+00 2.151431632580023123e+00 2.221621200490239367e+00
2.037829360047984206e+00 2.220388912617259791e+00 2.307254088822544347e+00 5.882633101510916458e+04 2.370558028905567216e+00 8.582747728591276973e+04 2.275070994870419749e+00 2.149978499589700665e+00 2.610753117968441561e+00 1.597949193044450949e+05 2.185888672889048756e+00 1.960137339899361564e+00 2.139157765178383741e+00 2.306011140595930264e+00 2.359719482042292427e+00 1.185919387558426630e+00 3.208829578916437094e+04 2.090953646375259822e+00 2.055788402181949692e+00 3.370041034994800575e+05 2.277525137728189986e+00 2.540118219332066829e+00 1.543860012262459502e+00 2.217135171812209204e+00 2.324118862632474247e+00
3.208786529896124557e+04 3.208795659196760607e+04 3.208806018034205408e+04 2.674053483687352127e+04 3.208818944536373601e+04 5.374206128457294835e+04 3.208824401531546755e+04 3.208835432479648080e+04 3.208810883999448561e+04 1.442383350272688549e+05 3.208802730928682286e+04 3.208759122655223837e+04 3.208830919090401585e+04 3.208818538818577144e+04 3.208825764659807101e+04 3.208829578916437094e+04 2.917025107685133116e+04 3.208777130190028402e+04 3.208782939718109628e+04 3.370041691058658180e+05 3.208809813462217789e+04 3.208820920365210986e+04 3.208741297871419010e+04 3.208807703224398574e+04 3.208819522067252910e+04
1.718856885360000586e+00 1.887431314892556111e+00 1.815449901174339242e+00 5.882586107068464480e+04 1.993626903519227556e+00 8.582694917761710531e+04 2.009093890584494613e+00 2.129123420830127067e+00 2.272628460029023856e+00 1.597942789073758759e+05 1.867500034092649530e+00 1.561430499952209283e+00 2.101607986945351225e+00 2.002798709168990055e+00 1.993665500080265884e+00 2.090953646375259822e+00 3.208777130190028402e+04 9.916243100784681852e-01 1.711975696998301322e+00 3.370037618414262543e+05 2.004279189134382300e+00 2.244165273226320867e+00 1.225022200042509501e+00 1.968060742469250446e+00 1.974494827943998665e+00
1.717881408634627460e+00 1.821734929067081898e+00 1.889288710323818732e+00 5.882585566083393496e+04 1.980948513575802705e+00 8.582700112763978541e+04 1.935163324863605983e+00 2.088137741062931596e+00 2.110930748456072426e+00 1.597943681844213279e+05 1.851049607227244653e+00 1.581497228531127730e+00 2.015708107667286253e+00 1.912270790542228704e+00 1.947288930913636085e+00 2.055788402181949248e+00 3.208782939718109628e+04 1.711975696998301322e+00 9.515957614947954113e-01 3.370036725108949468e+05 1.910737087052011507e+00 2.242123420529673616e+00 1.176234283100588085e+00 1.818477532021776311e+00 2.027597856497397988e+00
3.370037839601821033e+05 3.370038781042290502e+05 3.370039141611273517e+05 3.370043766724462039e+05 3.370038642980888835e+05 3.321353153965034871e+05 3.370041177260956028e+05 3.370041168345109327e+05 3.370042093224980053e+05 2.815494554314475390e+05 3.370037934861910180e+05 3.370036212355536991e+05 3.370040498935757205e+05 3.370039977793025319e+05 3.370039458255064092e+05 3.370041034994800575e+05 3.370041691058658762e+05 3.370037618414262543e+05 3.370036725108950050e+05 1.306631451831309532e+05 3.370040283325608470e+05 3.370039369524634676e+05 3.370034597797133029e+05 3.370038506841565832e+05 3.370040170148345642e+05
1.883401701850052401e+00 2.028541383497527217e+00 2.068503740468258911e+00 5.882604205152366194e+04 2.186568673706082766e+00 8.582734700777647959e+04 2.191232307779417798e+00 2.345812604590237882e+00 2.371094408173412216e+00 1.597947664993982180e+05 2.089169928717358182e+00 1.858408536748485052e+00 2.273786310126318710e+00 2.161939144183134154e+00 2.111920142501911180e+00 2.277525137728189986e+00 3.208809813462217062e+04 2.004279189134382744e+00 1.910737087052011729e+00 3.370040283325608470e+05 1.276486458767110310e+00 2.436892725749261412e+00 1.439174717761360078e+00 2.004145585012225173e+00 2.260748596704370339e+00
2.321058649940728635e+00 2.175886038542101719e+00 2.323109638399664334e+00 5.882650700104512362e+04 2.408304733181393154e+00 8.582752167275566899e+04 2.616038625604454992e+00 2.543794314758451414e+00 2.663386315562530804e+00 1.597949339167933504e+05 2.309578522926175825e+00 2.030866192647940327e+00 2.631502346130442760e+00 2.438880456914451766e+00 2.606638319115559099e+00 2.540118219332066829e+00 3.208820920365210986e+04 2.244165273226320867e+00 2.242123420529674060e+00 3.370039369524634676e+05 2.436892725749261412e+00 1.281825148889912169e+00 1.705191878188123678e+00 2.524270511427291197e+00 2.510714536436207567e+00
1.221051607217377599e+00 1.387180942506639925e+00 1.344685086893089077e+00 5.882546947106358857e+04 1.445462361357657377e+00 8.582652735767478589e+04 1.469969029105203440e+00 1.604459113289593342e+00 1.759913752801191666e+00 1.597939989390218980e+05 1.305977652116871779e+00 1.077401908728173208e+00 1.560558001719686283e+00 1.434310287092377845e+00 1.508190588945799160e+00 1.543860012262459502e+00 3.208741297871419010e+04 1.225022200042509501e+00 1.176234283100588085e+00 3.370034597797133029e+05 1.439174717761360078e+00 1.705191878188123678e+00 5.694850124707616645e-01 1.460753108368522790e+00 1.484679691894007281e+00
1.942203240178567603e+00 2.076308853029428469e+00 2.080603698533993740e+00 5.882608141107847769e+04 2.237307759397024309e+00 8.582732075800774328e+04 2.179782361835762128e+00 2.363759345987255678e+00 2.343292676637026339e+00 1.597945827888215717e+05 2.081833522597576369e+00 1.762808967802372395e+00 2.217984752393950210e+00 2.177611248751713191e+00 2.151431632580023123e+00 2.217135171812208760e+00 3.208807703224398938e+04 1.968060742469250446e+00 1.818477532021776311e+00 3.370038506841565832e+05 2.004145585012225173e+00 2.524270511427291197e+00 1.460753108368522790e+00 1.053230470462431123e+00 2.183587111700184380e+00
2.047894334652698767e+00 2.190664388476833757e+00 1.998612824611449845e+00 5.882632082051275938e+04 2.083674799479875439e+00 8.582720968975387223e+04 2.215789274122890617e+00 2.315645532763630943e+00 2.678969897115243803e+00 1.597946645202850341e+05 2.012663021121881002e+00 1.856543607222242320e+00 2.343445730419287720e+00 2.146851363224561826e+00 2.221621200490239811e+00 2.324118862632474247e+00 3.208819522067252910e+04 1.974494827943998443e+00 2.027597856497397988e+00 3.370040170148345642e+05 2.260748596704370339e+00 2.510714536436207567e+00 1.484679691894007281e+00 2.183587111700184380e+00 1.131457151108664405e+00
