8.394066159179675024e-01 1.730908692219659262e+00 2.006804940869889364e+00 3.391624326526858495e+05 8.097365039186083595e+04 1.610721250011687866e+00 1.350845899572870046e+00 1.600790667870528594e+00 3.846171293233289616e+05 1.574476999520442622e+00 1.649975742566248682e+00 1.518662460015309357e+00 2.094827085232058739e+00 2.329079274200854125e+05 1.637538121944918768e+00 4.697154218688940164e+05 1.538479534024826426e+05 1.758978848186401267e+00 2.167849771854178107e+05 6.779290880749054486e+05 1.712984604106097430e+00 1.654300884046761011e+00 1.949622166273066615e+00 1.994061118774145935e+00 2.307710889333827363e+05
1.730908692219659262e+00 1.500808415416719832e+00 2.757585399503249768e+00 3.391629079517757636e+05 8.097407359059559531e+04 2.612585809280796756e+00 2.206295778869715285e+00 2.592297975978746560e+00 3.846174942985826638e+05 2.614831861293118287e+00 2.598875182820458818e+00 2.487063585325207882e+00 2.621431253870444067e+00 2.329084575372359832e+05 2.433661701992453796e+00 4.697157198911291198e+05 1.538485858189090213e+05 2.517285033918370551e+00 2.167855743569862098e+05 6.779293411358364392e+05 2.253833144559091117e+00 2.591824177707797716e+00 2.847161581652258189e+00 2.956238253832052632e+00 2.307717384074930742e+05
2.006804940869889364e+00 2.757585399503249768e+00 1.634618656145953031e+00 3.391629007271227892e+05 8.097476230704465706e+04 2.634792784856578418e+00 2.465924218347963492e+00 2.597019812065263888e+00 3.846175480911986670e+05 2.559215541278915484e+00 2.641494686057670904e+00 2.489256243152073722e+00 2.975647667728939183e+00 2.329086770798402431e+05 2.596581212867993038e+00 4.697158087833881145e+05 1.538489213064571959e+05 2.780073330837518064e+00 2.167857775873802311e+05 6.779293297167252749e+05 2.596424591496601764e+00 2.426692380478052247e+00 2.893651526547301067e+00 2.747666047861974992e+00 2.307718352835045080e+05
3.391624326526858495e+05 3.391629079517757636e+05 3.391629007271227892e+05 1.524611456066622050e+05 3.391631386473065941e+05 3.391628773570741178e+05 3.391626465231290204e+05 3.391626938154065865e+05 2.923058294468382373e+05 3.391626985124383937e+05 3.391628570109042339e+05 3.391626446586920647e+05 3.391630184501750045e+05 3.198612084278743714e+05 3.391629038808794576e+05 3.999466467863430153e+05 3.391631759776125546e+05 3.391628979165768833e+05 3.258129067898785579e+05 6.464609157315394841e+05 3.391629450597416726e+05 3.391629385465460946e+05 3.391629219872945105e+05 3.391629391712664510e+05 3.228461434719732497e+05
8.097365039186085050e+04 8.097407359059559531e+04 8.097476230704465706e+04 3.391631386473065941e+05 7.649832167258350819e+04 8.097438361360103590e+04 8.097410028857803263e+04 8.097438392698386451e+04 3.846176785076866508e+05 8.097438293267881090e+04 8.097434495663462440e+04 8.097426354996897862e+04 8.097425601499050390e+04 2.329085427109937591e+05 8.097447140450077131e+04 4.697158043630418251e+05 7.287686176671223075e+04 8.097437315143037995e+04 1.744086616058293148e+05 6.779294935103991302e+05 8.097432514593332598e+04 8.097451491438869562e+04 8.097451853307271085e+04 8.097473609192883305e+04 2.115410378836552845e+05
1.610721250011687866e+00 2.612585809280796756e+00 2.634792784856578418e+00 3.391628773570741178e+05 8.097438361360100680e+04 1.304332261906299584e+00 1.933579789819943606e+00 2.110822255453693064e+00 3.846174408035443630e+05 2.061524331770164586e+00 2.113245641687953036e+00 2.029036707592439370e+00 2.906901869375407621e+00 2.329085928422933212e+05 2.134303928070669265e+00 4.697157044203692931e+05 1.538484558257903554e+05 2.393406896720183141e+00 2.167853302477275429e+05 6.779293276019152254e+05 2.534067390345491777e+00 2.154397756883449588e+00 2.467164327199110829e+00 2.552172892622860179e+00 2.307715812894126284e+05
1.350845899572870046e+00 2.206295778869715729e+00 2.465924218347963492e+00 3.391626465231290204e+05 8.097410028857801808e+04 1.933579789819943606e+00 1.159543577944541548e+00 1.840315768836221277e+00 3.846172955733919516e+05 1.883873628945118117e+00 1.900816847399449783e+00 1.823031319981243348e+00 2.649002899285259893e+00 2.329081706146576325e+05 1.898439629019367469e+00 4.697155440679499297e+05 1.538482170857334277e+05 1.921288497117026539e+00 2.167851331045143888e+05 6.779291859747262206e+05 2.193393077096365218e+00 1.970677650147361959e+00 2.295301326982492007e+00 2.312158231857434298e+00 2.307712416878908116e+05
1.600790667870529038e+00 2.592297975978746560e+00 2.597019812065263888e+00 3.391626938154065865e+05 8.097438392698384996e+04 2.110822255453693064e+00 1.840315768836221277e+00 1.385661628607300466e+00 3.846172305569674354e+05 1.983530995904267735e+00 2.072652753313669827e+00 1.783598812184213234e+00 2.837145237365009010e+00 2.329084642036588339e+05 2.054623168805611577e+00 4.697155441069937660e+05 1.538485443529333570e+05 2.358064476147616162e+00 2.167854345985572145e+05 6.779291644661434693e+05 2.534096910129628011e+00 2.046122803600792572e+00 2.359105833472560754e+00 2.495851620915237046e+00 2.307714930187471327e+05
3.846171293233289616e+05 3.846174942985826638e+05 3.846175480911986670e+05 2.923058294468382373e+05 3.846176785076866508e+05 3.846174408035443630e+05 3.846172955733919516e+05 3.846172305569674354e+05 9.255764947203680640e+04 3.846172160055628628e+05 3.846174569029084523e+05 3.846171991719037760e+05 3.846174949802526389e+05 3.846178661306572030e+05 3.846174920733973850e+05 3.464744603687339113e+05 3.846178264396870509e+05 3.846175190885004122e+05 3.846178150715185329e+05 5.995818726744871819e+05 3.846175084383173962e+05 3.846174882319226163e+05 3.846174299675978255e+05 3.846175664220717154e+05 3.846178239014238352e+05
1.574476999520442622e+00 2.614831861293119175e+00 2.559215541278915484e+00 3.391626985124383937e+05 8.097438293267879635e+04 2.061524331770164586e+00 1.883873628945117895e+00 1.983530995904267735e+00 3.846172160055628628e+05 1.337498566713616333e+00 2.141270064406120888e+00 1.958908501015755865e+00 2.809784551365765104e+00 2.329084151595576550e+05 2.104439320590021367e+00 4.697155927678828593e+05 1.538485754383366730e+05 2.381984726817000020e+00 2.167854192143891705e+05 6.779292071869849460e+05 2.565967958732025878e+00 2.118241015241983494e+00 2.401154195985227169e+00 2.453217446044095418e+00 2.307713868522278790e+05
1.649975742566248904e+00 2.598875182820458818e+00 2.641494686057671348e+00 3.391628570109042339e+05 8.097434495663462440e+04 2.113245641687953036e+00 1.900816847399449783e+00 2.072652753313669827e+00 3.846174569029084523e+05 2.141270064406120888e+00 1.382407806793199967e+00 2.023208816218362127e+00 2.838285392469176660e+00 2.329084183353542467e+05 2.147585294580170778e+00 4.697156674506365671e+05 1.538484124058845628e+05 2.159791761676221888e+00 2.167853323539849371e+05 6.779293290893516969e+05 2.582695372916662624e+00 2.170262031870591191e+00 2.419208289841979553e+00 2.542781176091589934e+00 2.307713810200106527e+05
1.518662460015309357e+00 2.487063585325207882e+00 2.489256243152073722e+00 3.391626446586920647e+05 8.097426354996897862e+04 2.029036707592439370e+00 1.823031319981243348e+00 1.783598812184213234e+00 3.846171991719037760e+05 1.958908501015755865e+00 2.023208816218362571e+00 1.321113152520253298e+00 2.781116660856358447e+00 2.329083441371345834e+05 2.043568464424247111e+00 4.697155007330975495e+05 1.538483762045511103e+05 2.252068403693953780e+00 2.167853154072254838e+05 6.779291208003718639e+05 2.450785680969203018e+00 1.952488053550315517e+00 2.272846543813867193e+00 2.414913469016600089e+00 2.307713877927108842e+05
2.094827085232058739e+00 2.621431253870444067e+00 2.975647667728939627e+00 3.391630184501750045e+05 8.097425601499053300e+04 2.906901869375407621e+00 2.649002899285259449e+00 2.837145237365009010e+00 3.846174949802526389e+05 2.809784551365765104e+00 2.838285392469176660e+00 2.781116660856358447e+00 1.560850460335920564e+00 2.329086191545634647e+05 2.873297287170972769e+00 4.697157957004066557e+05 1.538486223703462165e+05 3.053811750231559152e+00 2.167857460869847273e+05 6.779293798222041223e+05 2.656256833606488676e+00 2.859343201618278929e+00 3.127432914453000201e+00 3.213509884482232959e+00 2.307718230298580893e+05
2.329079274200854125e+05 2.329084575372359832e+05 2.329086770798402431e+05 3.198612084278743714e+05 2.329085427109937591e+05 2.329085928422933212e+05 2.329081706146576325e+05 2.329084642036588339e+05 3.846178661306572030e+05 2.329084151595576550e+05 2.329084183353542467e+05 2.329083441371345834e+05 2.329086191545634647e+05 4.091386492599495250e+04 2.329086422221908870e+05 4.697159039036693866e+05 2.329086184326293005e+05 2.329085169434075942e+05 1.699717119574485114e+05 6.779294827766221715e+05 2.329085906922596623e+05 2.329086491384877590e+05 2.329086952718495741e+05 2.329087343268383120e+05 9.954529157309512084e+04
1.637538121944918990e+00 2.433661701992453796e+00 2.596581212867993038e+00 3.391629038808793412e+05 8.097447140450077131e+04 2.134303928070669265e+00 1.898439629019367469e+00 2.054623168805611577e+00 3.846174920733973850e+05 2.104439320590021367e+00 2.147585294580170778e+00 2.043568464424247111e+00 2.873297287170972769e+00 2.329086422221908870e+05 1.292437572539375301e+00 4.697156921128342510e+05 1.538486677562799887e+05 2.338058449234095892e+00 2.167855368885094940e+05 6.779292535314414417e+05 2.523009527215720471e+00 2.084195522891308716e+00 2.480587974787809458e+00 2.534963879893513905e+00 2.307716165679046244e+05
4.697154218688940746e+05 4.697157198911291198e+05 4.697158087833881145e+05 3.999466467863430735e+05 4.697158043630417087e+05 4.697157044203693513e+05 4.697155440679499297e+05 4.697155441069937660e+05 3.464744603687339695e+05 4.697155927678829175e+05 4.697156674506365671e+05 4.697155007330977242e+05 4.697157957004067721e+05 4.697159039036693866e+05 4.697156921128342510e+05 2.853210241192252724e+05 4.697159388254504884e+05 4.697156668383085052e+05 4.697159066860767780e+05 5.141888286434826441e+05 4.697157555548329256e+05 4.697157482507453533e+05 4.697157311635063961e+05 4.697157926977867028e+05 4.697159109816224081e+05
1.538479534024826426e+05 1.538485858189090213e+05 1.538489213064571959e+05 3.391631759776125546e+05 7.287686176671223075e+04 1.538484558257903554e+05 1.538482170857334277e+05 1.538485443529333570e+05 3.846178264396870509e+05 1.538485754383366730e+05 1.538484124058845628e+05 1.538483762045511103e+05 1.538486223703462165e+05 2.329086184326293005e+05 1.538486677562799887e+05 4.697159388254504884e+05 1.552598200902811421e+00 1.538485095222999225e+05 1.327775558941091585e+05 6.779295225115325302e+05 1.538487376261793543e+05 1.538486761539149447e+05 1.538487959955071565e+05 1.538488482989453769e+05 1.923104054633828928e+05
1.758978848186401489e+00 2.517285033918370551e+00 2.780073330837517620e+00 3.391628979165768833e+05 8.097437315143036540e+04 2.393406896720183141e+00 1.921288497117026539e+00 2.358064476147616162e+00 3.846175190885004122e+05 2.381984726817000020e+00 2.159791761676221888e+00 2.252068403693953780e+00 3.053811750231559152e+00 2.329085169434075942e+05 2.338058449234095892e+00 4.697156668383085052e+05 1.538485095222999225e+05 1.477026069553729393e+00 2.167854466849062010e+05 6.779293550930315396e+05 2.532663005213581453e+00 2.409314573118844560e+00 2.677282990851028277e+00 2.577360466306999331e+00 2.307715834471464041e+05
2.167849771854178107e+05 2.167855743569862098e+05 2.167857775873802311e+05 3.258129067898785579e+05 1.744086616058292857e+05 2.167853302477275429e+05 2.167851331045143888e+05 2.167854345985572145e+05 3.846178150715185329e+05 2.167854192143891996e+05 2.167853323539849662e+05 2.167853154072254838e+05 2.167857460869847273e+05 1.699717119574485114e+05 2.167855368885095522e+05 4.697159066860766616e+05 1.327775558941091585e+05 2.167854466849062010e+05 3.575292280731294159e+04 6.779295349550265819e+05 2.167857119622944447e+05 2.167855864528282837e+05 2.167857379989036417e+05 2.167857087947166001e+05 1.008868047623971070e+05
6.779290880749055650e+05 6.779293411358365556e+05 6.779293297167252749e+05 6.464609157315394841e+05 6.779294935103991302e+05 6.779293276019152254e+05 6.779291859747263370e+05 6.779291644661434693e+05 5.995818726744871819e+05 6.779292071869848296e+05 6.779293290893516969e+05 6.779291208003717475e+05 6.779293798222041223e+05 6.779294827766221715e+05 6.779292535314414417e+05 5.141888286434825277e+05 6.779295225115326466e+05 6.779293550930315396e+05 6.779295349550264655e+05 3.788009918574027251e+05 6.779292693373946240e+05 6.779292789276868571e+05 6.779293773349411786e+05 6.779293390564373694e+05 6.779294750314168632e+05
1.712984604106097430e+00 2.253833144559091117e+00 2.596424591496601764e+00 3.391629450597415562e+05 8.097432514593332598e+04 2.534067390345491777e+00 2.193393077096364774e+00 2.534096910129628011e+00 3.846175084383173962e+05 2.565967958732025878e+00 2.582695372916662624e+00 2.450785680969203018e+00 2.656256833606488676e+00 2.329085906922596623e+05 2.523009527215720915e+00 4.697157555548328673e+05 1.538487376261793543e+05 2.532663005213581453e+00 2.167857119622944156e+05 6.779292693373946240e+05 1.455653316174615464e+00 2.518987129513329037e+00 2.771748531593832610e+00 2.728622402889186116e+00 2.307717692373027385e+05
1.654300884046761011e+00 2.591824177707797716e+00 2.426692380478052247e+00 3.391629385465460946e+05 8.097451491438868106e+04 2.154397756883449588e+00 1.970677650147362181e+00 2.046122803600792572e+00 3.846174882319226163e+05 2.118241015241983494e+00 2.170262031870591191e+00 1.952488053550315739e+00 2.859343201618278929e+00 2.329086491384877590e+05 2.084195522891308716e+00 4.697157482507453533e+05 1.538486761539149447e+05 2.409314573118844560e+00 2.167855864528282837e+05 6.779292789276868571e+05 2.518987129513329037e+00 1.401960940654489063e+00 2.459673811408888078e+00 2.528565321256083465e+00 2.307716413560544024e+05
1.949622166273066615e+00 2.847161581652258189e+00 2.893651526547301067e+00 3.391629219872945105e+05 8.097451853307271085e+04 2.467164327199110829e+00 2.295301326982492007e+00 2.359105833472561642e+00 3.846174299675978255e+05 2.401154195985227613e+00 2.419208289841979109e+00 2.272846543813866749e+00 3.127432914453000201e+00 2.329086952718495741e+05 2.480587974787809458e+00 4.697157311635063961e+05 1.538487959955071565e+05 2.677282990851028721e+00 2.167857379989036126e+05 6.779293773349411786e+05 2.771748531593831721e+00 2.459673811408888078e+00 1.675712340143803880e+00 2.708824729918326124e+00 2.307717745174304000e+05
1.994061118774146157e+00 2.956238253832052187e+00 2.747666047861974992e+00 3.391629391712664510e+05 8.097473609192883305e+04 2.552172892622860179e+00 2.312158231857434298e+00 2.495851620915237046e+00 3.846175664220717154e+05 2.453217446044095862e+00 2.542781176091590378e+00 2.414913469016600089e+00 3.213509884482232959e+00 2.329087343268383120e+05 2.534963879893513905e+00 4.697157926977866446e+05 1.538488482989453769e+05 2.577360466306999331e+00 2.167857087947166001e+05 6.779293390564373694e+05 2.728622402889186116e+00 2.528565321256083465e+00 2.708824729918326124e+00 1.643476281654239868e+00 2.307716769737416180e+05
2.307710889333827363e+05 2.307717384074930742e+05 2.307718352835045080e+05 3.228461434719731915e+05 2.115410378836552263e+05 2.307715812894126284e+05 2.307712416878908116e+05 2.307714930187471327e+05 3.846178239014237188e+05 2.307713868522278790e+05 2.307713810200106527e+05 2.307713877927108842e+05 2.307718230298580893e+05 9.954529157309512084e+04 2.307716165679046244e+05 4.697159109816224081e+05 1.923104054633828928e+05 2.307715834471464041e+05 1.008868047623971215e+05 6.779294750314168632e+05 2.307717692373027385e+05 2.307716413560544024e+05 2.307717745174304000e+05 2.307716769737416180e+05 7.561980876076509594e+04
