7.643970926903839169e-01 1.363656032253466255e+05 1.363650406505799328e+05 1.363656776394739863e+05 1.363656390446817968e+05 1.363657416923313285e+05 1.363650387907644617e+05 1.363657390534493315e+05 1.363652976040552603e+05 1.363656636106657679e+05 1.363657897524603759e+05 1.363657264389338088e+05 1.363656019817037450e+05 1.363660203866153315e+05 1.363656527807735547e+05 1.363656882738778659e+05 6.119819305597338825e+04 1.513893478253006469e+05 2.803364784656686243e+05 3.816758662956787739e+05 1.363652795153050974e+05 1.363657284776469169e+05 1.363654233244512579e+05 1.306838747658723732e+05 2.032632222035793745e+00
1.363656032253466255e+05 4.857615830818768354e-01 1.528038557115281693e+00 1.419328741313410358e+00 9.091114279980794527e+04 1.799728804405751781e+00 1.236132065515723077e+00 1.903473222096029982e+00 1.665088337249508887e+00 6.926608980992953002e+04 1.982589716318251982e+00 2.272931552056491273e+04 4.545663636363640398e+04 1.363657490359084040e+05 4.545662803960366000e+04 1.891304203650144622e+00 1.363655991244194156e+05 1.513889123116100964e+05 2.803359825406938908e+05 3.816753557718300144e+05 1.659930099292152406e+00 1.813471066409558574e+00 1.380801816461136200e+00 1.041687718401903840e+05 1.363654377577230334e+05
1.363650406505799619e+05 1.528038557115281693e+00 5.097046415913736306e-01 1.562990356011382920e+00 9.091047048548045859e+04 1.485436659709571172e+00 6.988559402465389647e-01 1.573570416576369313e+00 1.280834349331682942e+00 6.926554543023306178e+04 1.597438857576507054e+00 2.272880686537584188e+04 4.545608799837315746e+04 1.363655663004575472e+05 4.545613951893996273e+04 1.454903958622588256e+00 1.363651925799796300e+05 1.513887785508545348e+05 2.803359999799025245e+05 3.816754215527493507e+05 1.148539824804883480e+00 1.544443685573880343e+00 1.388804491097963334e+00 1.041680290031031182e+05 1.363650834088888660e+05
1.363656776394739863e+05 1.419328741313410136e+00 1.562990356011382920e+00 6.583113652345307099e-01 9.091101877067654277e+04 1.726093906523916477e+00 1.275969793621061887e+00 1.907185142865300609e+00 1.761125181003725615e+00 6.926605395794667129e+04 1.912086523639477065e+00 2.272923848878384888e+04 4.545666277496457042e+04 1.363656793300611898e+05 4.545666496335108241e+04 1.856098293573094304e+00 1.363656061873820436e+05 1.513890454063516227e+05 2.803360916761160479e+05 3.816755019427622901e+05 1.687988542733229957e+00 1.791611200848388208e+00 1.395949985439398855e+00 1.041687367654166592e+05 1.363654933880999452e+05
1.363656390446817968e+05 9.091114279980794527e+04 9.091047048548045859e+04 9.091101877067654277e+04 6.941652972804823740e-01 9.091107658375364554e+04 9.091036350526609749e+04 9.091096938783826772e+04 9.091086691130050167e+04 6.946267260597707354e+04 9.091109575589007000e+04 9.091097016974972212e+04 9.091096536492976884e+04 1.363662642230108031e+05 9.091101651126651268e+04 9.091107760036535910e+04 1.281014777506585815e+05 1.513894558839539823e+05 2.803366184447184205e+05 3.816760380119695328e+05 9.091082502667143126e+04 9.091109209997704602e+04 9.091107795282371808e+04 1.325925377228593788e+04 1.363657344562003273e+05
1.363657416923313285e+05 1.799728804405751781e+00 1.485436659709571172e+00 1.726093906523916477e+00 9.091107658375364554e+04 5.780922373346180088e-01 1.305319747457114099e+00 1.926530277538968994e+00 1.863239264512200899e+00 6.926611043763914495e+04 1.737954696927542342e+00 2.272930208333323753e+04 4.545657692385125847e+04 1.363657834167549445e+05 4.545650080041489855e+04 1.751923747330329517e+00 1.363657429272468726e+05 1.513891084793953632e+05 2.803363527891658596e+05 3.816758102560944972e+05 1.641314721959337586e+00 1.582203454671471610e+00 1.766161518519096640e+00 1.041686906295647059e+05 1.363656080759668257e+05
1.363650387907644617e+05 1.236132065515722633e+00 6.988559402465391868e-01 1.275969793621061887e+00 9.091036350526609749e+04 1.305319747457113877e+00 2.865764638140119169e-01 1.225224354881285116e+00 1.066207736419463314e+00 6.926543553488046746e+04 1.303509176184054930e+00 2.272850235905342561e+04 4.545586100530555268e+04 1.363653988421083195e+05 4.545588363131854567e+04 1.277077053420933250e+00 1.363651412471545336e+05 1.513887329261926061e+05 2.803359118750370108e+05 3.816754305016215658e+05 9.881522513138147890e-01 1.214852289430132126e+00 1.186726827390183425e+00 1.041679730155788711e+05 1.363649735461954842e+05
1.363657390534493315e+05 1.903473222096029982e+00 1.573570416576369313e+00 1.907185142865300609e+00 9.091096938783826772e+04 1.926530277538968994e+00 1.225224354881285116e+00 6.906853182559263837e-01 1.806719990790296881e+00 6.926605602320954495e+04 1.878408914213681946e+00 2.272902531748545880e+04 4.545649708250837284e+04 1.363659902265803248e+05 4.545663214389779750e+04 1.719618861850799263e+00 1.363658037658940011e+05 1.513892960626304266e+05 2.803363661270288285e+05 3.816759167998483754e+05 1.832756803572918702e+00 1.743620869978226740e+00 1.883859937160803133e+00 1.041687044454638672e+05 1.363656657375489012e+05
1.363652976040552603e+05 1.665088337249508887e+00 1.280834349331682498e+00 1.761125181003725615e+00 9.091086691130050167e+04 1.863239264512200899e+00 1.066207736419463314e+00 1.806719990790296881e+00 5.998239415955226583e-01 6.926595664231588307e+04 1.888256756277081783e+00 2.272915384497591367e+04 4.545637451524173957e+04 1.363655486649789382e+05 4.545641551144016557e+04 1.840024576642450560e+00 1.363654207790093205e+05 1.513886524955464702e+05 2.803359203606721712e+05 3.816754340887088911e+05 1.123624397262967811e+00 1.829972344806166662e+00 1.518893599529701044e+00 1.041684320344870357e+05 1.363653655103851343e+05
1.363656636106657679e+05 6.926608980992953002e+04 6.926554543023306178e+04 6.926605395794668584e+04 6.946267260597707354e+04 6.926611043763914495e+04 6.926543553488048201e+04 6.926605602320955950e+04 6.926595664231589762e+04 3.513698676835218066e+04 6.926602527536418347e+04 4.860494800246292289e+04 2.794383592061766831e+04 1.298726330797865230e+05 2.794384981829787648e+04 6.926613200527397566e+04 1.340683600914340641e+05 1.448959771156897186e+05 2.803366790507790283e+05 3.816759167998483172e+05 6.926589269098023942e+04 6.926607619203958893e+04 6.926595803151224391e+04 8.272027064919250552e+04 1.363656360618752660e+05
1.363657897524603759e+05 1.982589716318251982e+00 1.597438857576507054e+00 1.912086523639477065e+00 9.091109575589007000e+04 1.737954696927542342e+00 1.303509176184054708e+00 1.878408914213681946e+00 1.888256756277081783e+00 6.926602527536418347e+04 6.074123073494490654e-01 2.272923570936629403e+04 4.545649573048411548e+04 1.363661217767597118e+05 4.545650316783913877e+04 1.883372663264717861e+00 1.363658201057688275e+05 1.513893230188628659e+05 2.803364529009067919e+05 3.816759044031541562e+05 1.735256091121329058e+00 1.805372378013415435e+00 1.909434659564514636e+00 1.041687143569933251e+05 1.363656259495297563e+05
1.363657264389338088e+05 2.272931552056491273e+04 2.272880686537584916e+04 2.272923848878385252e+04 9.091097016974972212e+04 2.272930208333324117e+04 2.272850235905342561e+04 2.272902531748545516e+04 2.272915384497591731e+04 4.860494800246291561e+04 2.272923570936630131e+04 2.272802886079495147e+04 2.272913105696350613e+04 1.363661229110975401e+05 2.272916462053140276e+04 2.272924835043533676e+04 1.363657897717843007e+05 1.513893810090264014e+05 2.803364172812984907e+05 3.816758713453028467e+05 2.272912715220376413e+04 2.272924976495773444e+04 2.272923304063351316e+04 1.041686566542399523e+05 1.363654631111542112e+05
1.363656019817038032e+05 4.545663636363640398e+04 4.545608799837315746e+04 4.545666277496457042e+04 9.091096536492976884e+04 4.545657692385125847e+04 4.545586100530555268e+04 4.545649708250837284e+04 4.545637451524173957e+04 2.794383592061766831e+04 4.545649573048411548e+04 2.272913105696350613e+04 7.376791241794344867e-01 1.363661140727513703e+05 2.030711131751014253e+00 4.545656136369045998e+04 1.363658689331001951e+05 1.513893787336394016e+05 2.803365405525073875e+05 3.816759953122446314e+05 4.545626758841021365e+04 4.545659090909094812e+04 4.545658274484470166e+04 1.041686859570074594e+05 1.363656986586641287e+05
1.363660203866153315e+05 1.363657490359084040e+05 1.363655663004575472e+05 1.363656793300611898e+05 1.363662642230108031e+05 1.363657834167549445e+05 1.363653988421083195e+05 1.363659902265803248e+05 1.363655486649789382e+05 1.298726330797865230e+05 1.363661217767597118e+05 1.363661229110975401e+05 1.363661140727513703e+05 9.865308872392039019e-01 1.363661636230898730e+05 1.363658957915013016e+05 1.131465435246050183e+05 1.502513881090428367e+04 2.803360718862896902e+05 3.816754491513108951e+05 1.363654369791291247e+05 1.363659297328751709e+05 1.363656003424870723e+05 1.325783942776182375e+05 1.363659610161058372e+05
1.363656527807735547e+05 4.545662803960366000e+04 4.545613951893996273e+04 4.545666496335108241e+04 9.091101651126651268e+04 4.545650080041489855e+04 4.545588363131854567e+04 4.545663214389779750e+04 4.545641551144016557e+04 2.794384981829788012e+04 4.545650316783913877e+04 2.272916462053140276e+04 2.030711131751014253e+00 1.363661636230898730e+05 6.052450781617543241e-01 4.545655728914397332e+04 1.363658326318936597e+05 1.513893114708256326e+05 2.803365799432737986e+05 3.816760531634847284e+05 4.545627546452467504e+04 4.545659052579369018e+04 4.545658763581032690e+04 1.041686288908101997e+05 1.363657239186900260e+05
1.363656882738778659e+05 1.891304203650144622e+00 1.454903958622588256e+00 1.856098293573094526e+00 9.091107760036535910e+04 1.751923747330329517e+00 1.277077053420933250e+00 1.719618861850799263e+00 1.840024576642450560e+00 6.926613200527397566e+04 1.883372663264717861e+00 2.272924835043533676e+04 4.545656136369045998e+04 1.363658957915013016e+05 4.545655728914397332e+04 7.144283383928203834e-01 1.363657058855916839e+05 1.513891385355744278e+05 2.803364551192221697e+05 3.816758075786305126e+05 1.737652499016135055e+00 1.738781881482930336e+00 1.815168940496740824e+00 1.041686014792267233e+05 1.363656626984126633e+05
6.119819305597341008e+04 1.363655991244194156e+05 1.363651925799796300e+05 1.363656061873820436e+05 1.281014777506585961e+05 1.363657429272468726e+05 1.363651412471545336e+05 1.363658037658940011e+05 1.363654207790093205e+05 1.340683600914340641e+05 1.363658201057688275e+05 1.363657897717843007e+05 1.363658689331001951e+05 1.131465435246050183e+05 1.363658326318936597e+05 1.363657058855916839e+05 6.349477201659503771e+04 1.281700502727746352e+05 2.506237261931990215e+05 3.519630669109460432e+05 1.363653606650303118e+05 1.363657167679570557e+05 1.363652922271369607e+05 1.224195679979953711e+05 6.119838399219730491e+04
1.513893478253006469e+05 1.513889123116100964e+05 1.513887785508545639e+05 1.513890454063516227e+05 1.513894558839539823e+05 1.513891084793953632e+05 1.513887329261926061e+05 1.513892960626304266e+05 1.513886524955464702e+05 1.448959771156897186e+05 1.513893230188628659e+05 1.513893810090264014e+05 1.513893787336394016e+05 1.502513881090428367e+04 1.513893114708256326e+05 1.513891385355744278e+05 1.281700502727746207e+05 2.011666690877215660e+04 2.757524717736082966e+05 3.816753987609638716e+05 1.513885446034869237e+05 1.513892060837061144e+05 1.513888530769844074e+05 1.476016350917415693e+05 1.513893887756769545e+05
2.803364784656686243e+05 2.803359825406938908e+05 2.803359999799025245e+05 2.803360916761160479e+05 2.803366184447184205e+05 2.803363527891658596e+05 2.803359118750370108e+05 2.803363661270288285e+05 2.803359203606721712e+05 2.803366790507790283e+05 2.803364529009067919e+05 2.803364172812984907e+05 2.803365405525073875e+05 2.803360718862896902e+05 2.803365799432737986e+05 2.803364551192221697e+05 2.506237261931990215e+05 2.757524717736082966e+05 1.110796342615205067e+05 2.166828484064647637e+05 2.803359007443800801e+05 2.803363570857663872e+05 2.803360089215635671e+05 2.784426580498463591e+05 2.803365088032989879e+05
3.816758662956787739e+05 3.816753557718300144e+05 3.816754215527493507e+05 3.816755019427622901e+05 3.816760380119695328e+05 3.816758102560944972e+05 3.816754305016215658e+05 3.816759167998483754e+05 3.816754340887088911e+05 3.816759167998483172e+05 3.816759044031541562e+05 3.816758713453028467e+05 3.816759953122446314e+05 3.816754491513108951e+05 3.816760531634847284e+05 3.816758075786305126e+05 3.519630669109460432e+05 3.816753987609638716e+05 2.166828484064647637e+05 9.117128736010596913e+04 3.816754708632092807e+05 3.816758323702830821e+05 3.816753290343834669e+05 3.797820693014266435e+05 3.816759058059302042e+05
1.363652795153050974e+05 1.659930099292152628e+00 1.148539824804883702e+00 1.687988542733229957e+00 9.091082502667143126e+04 1.641314721959337586e+00 9.881522513138147890e-01 1.832756803572918702e+00 1.123624397262967811e+00 6.926589269098022487e+04 1.735256091121329503e+00 2.272912715220377140e+04 4.545626758841021365e+04 1.363654369791291247e+05 4.545627546452467504e+04 1.737652499016135277e+00 1.363653606650303409e+05 1.513885446034869237e+05 2.803359007443800801e+05 3.816754708632092807e+05 6.457829217564676760e-01 1.685115864162951782e+00 1.557582145902307591e+00 1.041684020970465936e+05 1.363652700737683917e+05
1.363657284776469169e+05 1.813471066409558574e+00 1.544443685573880343e+00 1.791611200848388208e+00 9.091109209997704602e+04 1.582203454671471610e+00 1.214852289430132126e+00 1.743620869978226740e+00 1.829972344806166662e+00 6.926607619203958893e+04 1.805372378013414991e+00 2.272924976495773444e+04 4.545659090909094812e+04 1.363659297328751709e+05 4.545659052579369018e+04 1.738781881482930336e+00 1.363657167679570557e+05 1.513892060837061144e+05 2.803363570857663872e+05 3.816758323702831985e+05 1.685115864162951560e+00 6.347770511667996107e-01 1.743962847317825693e+00 1.041686290845868789e+05 1.363656843926275906e+05
1.363654233244512579e+05 1.380801816461136200e+00 1.388804491097963334e+00 1.395949985439398855e+00 9.091107795282371808e+04 1.766161518519096640e+00 1.186726827390183425e+00 1.883859937160802911e+00 1.518893599529701044e+00 6.926595803151224391e+04 1.909434659564514636e+00 2.272923304063351316e+04 4.545658274484470166e+04 1.363656003424870723e+05 4.545658763581032690e+04 1.815168940496741046e+00 1.363652922271369898e+05 1.513888530769844074e+05 2.803360089215635671e+05 3.816753290343834669e+05 1.557582145902307591e+00 1.743962847317825693e+00 7.627316443953922054e-01 1.041686817489369278e+05 1.363653957848337595e+05
1.306838747658723732e+05 1.041687718401903840e+05 1.041680290031031182e+05 1.041687367654166592e+05 1.325925377228593970e+04 1.041686906295647059e+05 1.041679730155788857e+05 1.041687044454638672e+05 1.041684320344870357e+05 8.272027064919247641e+04 1.041687143569933251e+05 1.041686566542399523e+05 1.041686859570074594e+05 1.325783942776182375e+05 1.041686288908101997e+05 1.041686014792267233e+05 1.224195679979953711e+05 1.476016350917415693e+05 2.784426580498463591e+05 3.797820693014266435e+05 1.041684020970465936e+05 1.041686290845868789e+05 1.041686817489369278e+05 2.146516542110616501e+04 1.306838072644201748e+05
2.032632222035793745e+00 1.363654377577230334e+05 1.363650834088888660e+05 1.363654933880999452e+05 1.363657344562003855e+05 1.363656080759668257e+05 1.363649735461954842e+05 1.363656657375489012e+05 1.363653655103851343e+05 1.363656360618752660e+05 1.363656259495297563e+05 1.363654631111542112e+05 1.363656986586641287e+05 1.363659610161058372e+05 1.363657239186900260e+05 1.363656626984127215e+05 6.119838399219730491e+04 1.513893887756769545e+05 2.803365088032989879e+05 3.816759058059302042e+05 1.363652700737683917e+05 1.363656843926275906e+05 1.363653957848337595e+05 1.306838072644201748e+05 6.564058446715123063e-01
