1.722955772185347087e+04 3.199050070751325984e+04 2.539484284740537405e+05 1.064949132665960497e+05 1.064953224346437928e+05 1.779657186043411784e+05 1.569241859155333659e+05 1.428589344087713107e+05 3.199024531893490712e+04 3.040594295535891433e+05 1.064950054223263724e+05 9.463712096936286252e+04 8.918721673551980348e+04 4.630269868418896658e+04 1.139052660502841027e+05 3.199058994128007907e+04 3.199010661670964691e+04 3.199058516219765443e+04 7.013135779819717573e+04 2.645688266445678528e+04 3.199049490216021877e+04 3.199065164480771273e+04 1.380846587558620377e+04 3.199042982851827037e+04 1.064952278670996166e+05
3.199050070751326348e+04 5.115523028297455088e-01 2.565456572238765948e+05 1.090924385803891782e+05 1.090926637743332831e+05 1.805629173383174057e+05 1.595214216461308242e+05 1.454562464778334252e+05 1.089646151427049237e+00 3.066567095046018367e+05 1.090924059660729690e+05 1.090922986472668272e+05 1.090926898981319828e+05 7.070833438660005049e+04 1.228484681821038102e+05 1.432867326111027850e+00 9.548582576497383068e-01 1.353622120177294441e+00 9.091051784235038213e+04 5.535047345785024845e+03 1.372907138660903748e+00 1.352027588718925255e+00 1.818319800331842998e+04 1.183132175932936292e+00 1.090926440346529853e+05
2.539484284740537405e+05 2.565456572238765948e+05 7.506311089854354213e+04 2.383640590083985589e+05 2.383639241160958481e+05 1.569551012023384101e+05 2.020002356019894942e+05 2.020004350853097858e+05 2.565454432374880998e+05 1.629263477950518427e+05 2.383640150285123382e+05 2.383640493314967898e+05 2.201821703879362321e+05 2.565458080288280617e+05 2.201822613181114430e+05 2.565455822162461118e+05 2.565454042485530663e+05 2.565454814402703487e+05 2.474549525867195916e+05 2.565456375312395685e+05 2.565454665060057014e+05 2.565456283056766551e+05 2.565456765095134615e+05 2.565454519192303705e+05 2.383640590150579228e+05
1.064949132665960497e+05 1.090924385803891782e+05 2.383640590083985589e+05 5.668922499990335373e-01 1.724501882630332217e+00 1.623812965396393847e+05 1.413396944020443480e+05 1.272745690083172813e+05 1.090920857843108679e+05 2.884750421932690660e+05 1.503815028534284393e+00 1.185911022568998123e+04 7.272907826410738926e+04 6.422255281432767515e+04 9.658598033985629445e+04 1.090925293282093626e+05 1.090920163860342436e+05 1.090924546843459830e+05 4.545604738942645054e+04 1.090925086110665434e+05 1.090923260423843603e+05 1.090925350253959186e+05 1.090923725405798468e+05 1.090922992505405127e+05 1.669762962587132415e+00
1.064953224346437928e+05 1.090926637743332831e+05 2.383639241160958481e+05 1.724501882630332217e+00 6.052880315086397456e-01 1.623815344282287115e+05 1.413397358489102044e+05 1.272744614262544783e+05 1.090923023773698078e+05 2.884750011210607481e+05 1.605528536212997404e+00 1.185947362221588992e+04 7.272877588558109710e+04 6.422296353068916505e+04 9.658617196835644427e+04 1.090924447107423912e+05 1.090922153689745464e+05 1.090923075289125554e+05 4.545624619899498066e+04 1.090925070939304569e+05 1.090921966450312320e+05 1.090925416139225272e+05 1.090926782364092942e+05 1.090925271828187688e+05 1.379434609110897991e+00
1.779657186043411784e+05 1.805629173383174057e+05 1.569551012023384101e+05 1.623812965396393847e+05 1.623815344282287115e+05 7.880370638004763168e+04 9.821787266267991799e+04 1.030259011133292952e+05 1.805626954302929516e+05 2.136125630151579680e+05 1.623812596056678449e+05 1.623813979250135599e+05 1.380131003891754081e+05 1.805631381802512333e+05 1.283342422885978740e+05 1.805630386154111766e+05 1.805626628684281022e+05 1.805628681515401113e+05 1.714723741525315272e+05 1.805632228480354242e+05 1.805628713316572830e+05 1.805631519788503065e+05 1.805631064593283518e+05 1.805628489611092082e+05 1.623814627343067550e+05
1.569241859155333659e+05 1.595214216461308242e+05 2.020002356019894942e+05 1.413396944020443480e+05 1.413397358489102044e+05 9.821787266267991799e+04 1.904289687191514531e+04 3.182675129556640240e+04 1.595211336275929934e+05 2.521111285291289678e+05 1.413398694749464339e+05 1.413397774689584330e+05 1.231578191230647499e+05 1.595216306814080453e+05 1.082720866058845422e+05 1.595212267664475658e+05 1.595211202993096085e+05 1.595210869830180018e+05 1.504304755347268656e+05 1.595213393513331248e+05 1.595210289542862447e+05 1.595212675193920149e+05 1.595215343097246950e+05 1.595213362668479676e+05 1.413397776045615028e+05
1.428589344087713107e+05 1.454562464778334252e+05 2.020004350853097858e+05 1.272745690083172813e+05 1.272744614262544928e+05 1.030259011133292952e+05 3.182675129556640240e+04 1.014450523390795752e+04 1.454559573690659599e+05 2.521110933256521530e+05 1.272745893081620743e+05 1.272745174286209949e+05 1.090925239908246149e+05 1.454563881209741812e+05 9.330176899370907631e+04 1.454560480894399225e+05 1.454559099562211195e+05 1.454559425812326372e+05 1.363653349743623112e+05 1.454561679339594848e+05 1.454558557955208234e+05 1.454561090015220980e+05 1.454563471928201034e+05 1.454562087907371751e+05 1.272743741313400533e+05
3.199024531893490712e+04 1.089646151427049237e+00 2.565454432374880998e+05 1.090920857843108679e+05 1.090923023773697932e+05 1.805626954302929516e+05 1.595211336275929934e+05 1.454559573690659599e+05 4.230131997372372776e-01 3.066565191721381270e+05 1.090920887165123277e+05 1.090920518415292754e+05 1.090923356480065995e+05 7.070820236457580177e+04 1.228481797700299503e+05 1.246584572653309797e+00 5.650230205181040466e-01 1.120737143478786502e+00 9.091037259154595085e+04 5.534890083301119375e+03 9.407978061844951556e-01 1.296819304821976493e+00 1.818297131537717360e+04 9.414085831015208683e-01 1.090922862582815287e+05
3.040594295535891433e+05 3.066567095046018949e+05 1.629263477950518427e+05 2.884750421932690660e+05 2.884750011210608063e+05 2.136125630151579680e+05 2.521111285291290260e+05 2.521110933256521530e+05 3.066565191721381852e+05 9.104059719995447085e+04 2.884750681986186537e+05 2.884750750073431409e+05 2.702932379968170426e+05 3.066568762699488434e+05 2.702932216639377293e+05 3.066564670823908527e+05 3.066564880505137844e+05 3.066563835887109744e+05 2.975657674450537888e+05 3.066565887562683201e+05 3.066563441957510659e+05 3.066565081607190659e+05 3.066567633067377028e+05 3.066565727292463998e+05 2.884750066296962323e+05
1.064950054223263724e+05 1.090924059660729690e+05 2.383640150285123382e+05 1.503815028534284393e+00 1.605528536212997404e+00 1.623812596056678449e+05 1.413398694749464630e+05 1.272745893081620743e+05 1.090920887165123277e+05 2.884750681986186537e+05 5.395251185400004035e-01 1.185927698740243613e+04 7.272914802209538175e+04 6.422266581789361226e+04 9.658599248021548556e+04 1.090925866051346384e+05 1.090919625223699113e+05 1.090924244989764848e+05 4.545619278348566149e+04 1.090926598804590903e+05 1.090923752006850118e+05 1.090925763883823238e+05 1.090924460771227023e+05 1.090923474342921108e+05 1.490556590805687920e+00
9.463712096936287708e+04 1.090922986472668272e+05 2.383640493314967607e+05 1.185911022568998123e+04 1.185947362221588992e+04 1.623813979250135599e+05 1.413397774689584039e+05 1.272745174286209949e+05 1.090920518415292754e+05 2.884750750073432573e+05 1.185927698740243432e+04 8.249376791430377125e+03 6.705799354045228392e+04 5.236479039886778628e+04 9.658603175021427160e+04 1.090924531537177390e+05 1.090919742406037112e+05 1.090923736551637412e+05 3.359830851520536817e+04 1.054836390486849559e+05 1.090922670697388094e+05 1.090924755668335420e+05 9.723462358857253275e+04 1.090922551082115679e+05 1.185939689522118169e+04
8.918721673551980348e+04 1.090926898981319828e+05 2.201821703879362321e+05 7.272907826410738926e+04 7.272877588558109710e+04 1.380131003891754372e+05 1.231578191230647499e+05 1.090925239908246149e+05 1.090923356480065995e+05 2.702932379968170426e+05 7.272914802209538175e+04 6.705799354045228392e+04 9.074356411412880334e+03 7.657998778833130200e+04 3.733902364486484294e+04 1.090924697749144980e+05 1.090922579912590300e+05 1.090923488698518195e+05 6.403332597032655030e+04 1.064460250495872606e+05 1.090922968497181719e+05 1.090925836238744960e+05 1.003970896364975488e+05 1.090925829380133073e+05 7.272887314671181957e+04
4.630269868418896658e+04 7.070833438660005049e+04 2.565458080288280617e+05 6.422255281432767515e+04 6.422296353068916505e+04 1.805631381802512333e+05 1.595216306814080453e+05 1.454563881209741812e+05 7.070820236457580177e+04 3.066568762699488434e+05 6.422266581789361226e+04 5.236479039886778628e+04 7.657998778833130200e+04 1.245627561543198499e+04 1.100247876099809655e+05 7.070849494157996378e+04 7.070803355982537323e+04 7.070848084056933294e+04 2.785887482353735686e+04 6.517491902011042112e+04 7.070841538532849518e+04 7.070855622243815742e+04 5.252650349277580972e+04 7.070836048234498594e+04 6.422287739653346216e+04
1.139052660502841027e+05 1.228484681821038102e+05 2.201822613181114430e+05 9.658598033985629445e+04 9.658617196835644427e+04 1.283342422885978740e+05 1.082720866058845422e+05 9.330176899370907631e+04 1.228481797700299503e+05 2.702932216639377293e+05 9.658599248021550011e+04 9.658603175021427160e+04 3.733902364486484294e+04 1.100247876099809801e+05 2.272743391759385122e+04 1.228486598022183462e+05 1.228481410869621031e+05 1.228485153030083166e+05 9.658609326106737717e+04 1.228488054439332045e+05 1.228484128661628783e+05 1.228487073627871723e+05 1.228486552558824187e+05 1.228484326313060155e+05 9.658618268737690232e+04
3.199058994128007907e+04 1.432867326111027850e+00 2.565455822162460536e+05 1.090925293282093626e+05 1.090924447107423912e+05 1.805630386154111766e+05 1.595212267664475658e+05 1.454560480894399225e+05 1.246584572653309797e+00 3.066564670823908527e+05 1.090925866051346384e+05 1.090924531537177390e+05 1.090924697749144980e+05 7.070849494157996378e+04 1.228486598022183316e+05 4.977762664399854597e-01 1.088680078022059350e+00 1.038129326906578553e+00 9.091040350214525824e+04 5.534932676587621245e+03 1.121800765302908509e+00 1.204288709930746215e+00 1.818337843411990252e+04 1.313139253021994524e+00 1.090924456957515940e+05
3.199010661670964691e+04 9.548582576497383068e-01 2.565454042485529790e+05 1.090920163860342436e+05 1.090922153689745464e+05 1.805626628684281022e+05 1.595211202993096085e+05 1.454559099562211195e+05 5.650230205181040466e-01 3.066564880505137844e+05 1.090919625223699113e+05 1.090919742406037112e+05 1.090922579912590008e+05 7.070803355982537323e+04 1.228481410869621031e+05 1.088680078022059350e+00 2.710059371261840377e-01 9.550047101580929620e-01 9.091025200581892568e+04 5.534782459855263369e+03 9.264147448036201826e-01 1.182655643304432180e+00 1.818284525096934885e+04 8.307896950495915478e-01 1.090921479557685670e+05
3.199058516219765079e+04 1.353622120177294663e+00 2.565454814402703487e+05 1.090924546843459684e+05 1.090923075289125554e+05 1.805628681515401113e+05 1.595210869830180018e+05 1.454559425812326372e+05 1.120737143478786502e+00 3.066563835887109744e+05 1.090924244989764848e+05 1.090923736551637121e+05 1.090923488698518195e+05 7.070848084056933294e+04 1.228485153030083166e+05 1.038129326906578553e+00 9.550047101580929620e-01 4.805303480643170477e-01 9.091039869035093579e+04 5.534974061944635650e+03 9.751061371761513552e-01 1.267516300842005395e+00 1.818335647130906000e+04 1.133327125056226237e+00 1.090922862609485601e+05
7.013135779819717573e+04 9.091051784235038213e+04 2.474549525867195916e+05 4.545604738942645054e+04 4.545624619899498066e+04 1.714723741525315272e+05 1.504304755347268365e+05 1.363653349743623112e+05 9.091037259154595085e+04 2.975657674450537888e+05 4.545619278348566877e+04 3.359830851520536817e+04 6.403332597032655030e+04 2.785887482353735686e+04 9.658609326106737717e+04 9.091040350214525824e+04 9.091025200581892568e+04 9.091039869035093579e+04 1.818247237803074677e+04 8.537686295492113277e+04 9.091030548096506391e+04 9.091042135530999803e+04 7.272879815058740496e+04 9.091056432684877655e+04 4.545617321937654197e+04
2.645688266445678528e+04 5.535047345785024845e+03 2.565456375312395685e+05 1.090925086110665434e+05 1.090925070939304569e+05 1.805632228480354242e+05 1.595213393513331248e+05 1.454561679339594848e+05 5.534890083301119375e+03 3.066565887562683201e+05 1.090926598804590903e+05 1.054836390486849559e+05 1.064460250495872460e+05 6.517491902011042112e+04 1.228488054439332045e+05 5.534932676587621245e+03 5.534782459855263369e+03 5.534974061944633831e+03 8.537686295492113277e+04 7.699492168585135914e+03 5.534880891170342693e+03 5.534947678028402152e+03 1.264944483140375996e+04 5.535056695300778301e+03 1.090924607911253988e+05
3.199049490216021877e+04 1.372907138660903748e+00 2.565454665060057014e+05 1.090923260423843603e+05 1.090921966450312320e+05 1.805628713316572830e+05 1.595210289542862447e+05 1.454558557955207943e+05 9.407978061844949336e-01 3.066563441957510659e+05 1.090923752006850118e+05 1.090922670697388094e+05 1.090922968497181719e+05 7.070841538532849518e+04 1.228484128661628783e+05 1.121800765302908509e+00 9.264147448036201826e-01 9.751061371761515773e-01 9.091030548096506391e+04 5.534880891170342693e+03 4.450019280965045732e-01 1.207349125145744440e+00 1.818326723218402913e+04 1.182827596984801222e+00 1.090922427259622782e+05
3.199065164480771273e+04 1.352027588718925255e+00 2.565456283056766260e+05 1.090925350253959186e+05 1.090925416139225272e+05 1.805631519788502774e+05 1.595212675193920149e+05 1.454561090015220689e+05 1.296819304821976715e+00 3.066565081607190077e+05 1.090925763883823238e+05 1.090924755668335420e+05 1.090925836238744960e+05 7.070855622243815742e+04 1.228487073627871723e+05 1.204288709930746215e+00 1.182655643304432180e+00 1.267516300842005395e+00 9.091042135530999803e+04 5.534947678028402152e+03 1.207349125145744440e+00 5.374372705544673279e-01 1.818340251960260866e+04 1.411960035149571802e+00 1.090924508394049044e+05
1.380846587558620377e+04 1.818319800331842998e+04 2.565456765095134615e+05 1.090923725405798468e+05 1.090926782364092942e+05 1.805631064593283518e+05 1.595215343097246950e+05 1.454563471928201034e+05 1.818297131537717723e+04 3.066567633067377028e+05 1.090924460771227023e+05 9.723462358857253275e+04 1.003970896364975488e+05 5.252650349277580972e+04 1.228486552558824187e+05 1.818337843411990252e+04 1.818284525096934885e+04 1.818335647130906364e+04 7.272879815058740496e+04 1.264944483140375814e+04 1.818326723218402913e+04 1.818340251960260866e+04 5.449429314466879282e-01 1.818318212266013506e+04 1.090926372663196817e+05
3.199042982851827401e+04 1.183132175932936292e+00 2.565454519192303705e+05 1.090922992505404982e+05 1.090925271828187688e+05 1.805628489611092082e+05 1.595213362668479676e+05 1.454562087907371751e+05 9.414085831015209793e-01 3.066565727292463998e+05 1.090923474342921108e+05 1.090922551082115679e+05 1.090925829380132927e+05 7.070836048234498594e+04 1.228484326313060155e+05 1.313139253021994524e+00 8.307896950495913257e-01 1.133327125056226015e+00 9.091056432684877655e+04 5.535056695300778301e+03 1.182827596984801222e+00 1.411960035149571802e+00 1.818318212266013506e+04 5.322323821241657926e-01 1.090925585782045964e+05
1.064952278670996166e+05 1.090926440346529853e+05 2.383640590150579228e+05 1.669762962587132415e+00 1.379434609110897991e+00 1.623814627343067550e+05 1.413397776045615028e+05 1.272743741313400533e+05 1.090922862582815287e+05 2.884750066296962323e+05 1.490556590805687920e+00 1.185939689522118169e+04 7.272887314671181957e+04 6.422287739653346216e+04 9.658618268737688777e+04 1.090924456957515940e+05 1.090921479557685670e+05 1.090922862609485601e+05 4.545617321937653469e+04 1.090924607911253988e+05 1.090922427259622782e+05 1.090924508394049044e+05 1.090926372663196817e+05 1.090925585782045964e+05 5.109198712354875438e-01
