1.208975980475173419e+05 2.597399580607645912e+05 3.921097407486833981e+05 3.404749196305164369e+05 3.921097593050051946e+05 3.559654720204605255e+05 3.559653998451179359e+05 3.424830987497667084e+05 3.921098928418566938e+05 2.836762966539523914e+05 3.921097556582294055e+05 3.921098168178287451e+05 2.774383246260395972e+05 3.559654088142578839e+05 3.921099922457975335e+05 2.179585690653417842e+05 3.740376848151717568e+05 3.921098406757728662e+05 3.921097000142922625e+05 3.921099637345203082e+05 3.921096587600330822e+05 3.921096925809410168e+05 3.064339547328830231e+05 3.921099607152904500e+05 3.198209370479338104e+05
2.597399580607645912e+05 1.236366185180218017e+05 4.781636740665686666e+05 4.187836569912785199e+05 4.781636430625790381e+05 4.420194071994418046e+05 4.420194127752488130e+05 4.362821231370240566e+05 4.781637712706757011e+05 3.697302091639299178e+05 4.781636674879825441e+05 4.781638940538371680e+05 3.657140533737914520e+05 4.420194196314953733e+05 4.781639616486082086e+05 3.289039264474085649e+05 4.600917363667415339e+05 4.781638388505448238e+05 4.781637241608102922e+05 4.781638227250311757e+05 4.781635808546591434e+05 4.781636048536690651e+05 3.924880112720637699e+05 4.781639277986802044e+05 4.058747564222084475e+05
3.921097407486833981e+05 4.781636740665686084e+05 6.359200428636657687e-01 1.167863363705286465e+05 1.141732827977663067e+00 7.229083704926526116e+04 8.036103176472030464e+04 9.599748822101781843e+04 2.409781817371159195e+04 2.048209143569247390e+05 1.091222434768618577e+00 2.409801301519679328e+04 2.167149058573021030e+05 7.229091723239843850e+04 3.614629960095181741e+04 2.966515339171100059e+05 5.421862174861754465e+04 2.409792752751018270e+04 1.979482156860501709e+04 2.409802484316386108e+04 9.092904903559851926e-01 1.079563265379948289e+00 1.938494793249977811e+05 2.754034107690360543e+04 1.577755728292841522e+05
3.404749196305164369e+05 4.187836569912785199e+05 1.167863363705286465e+05 3.129289612103719628e+04 1.167863480231255817e+05 7.031471490525020636e+04 5.826664226397800667e+04 5.094760599733596609e+04 1.167865153115167923e+05 1.465563309108053800e+05 1.167862546524844947e+05 1.167863884669523977e+05 1.619045890657784184e+05 7.031482531378914427e+04 1.064594772912368207e+05 2.439513023182647303e+05 8.838726673475193093e+04 1.167864274513831042e+05 1.167863722176534939e+05 1.167864866917825857e+05 1.167860606080356811e+05 1.167862057634260273e+05 1.216926085732741922e+05 1.138360177298586641e+05 8.167354642916284502e+04
3.921097593050051946e+05 4.781636430625790381e+05 1.141732827977663067e+00 1.167863480231255817e+05 6.044731600554058559e-01 7.229086796483228682e+04 8.036104090522041952e+04 9.599747764853415720e+04 2.409782538724374899e+04 2.048209574075112469e+05 1.204878703670836160e+00 2.409804486350696970e+04 2.167149298065404000e+05 7.229092572642909363e+04 3.614636876242152357e+04 2.966515273128203698e+05 5.421868639306077966e+04 2.409791098788270756e+04 1.979485413418701137e+04 2.409803959958376436e+04 1.000533930389680748e+00 1.135724207622263338e+00 1.938495201590238430e+05 2.754038707753002382e+04 1.577756537212655530e+05
3.559654720204605255e+05 4.420194071994418046e+05 7.229083704926526116e+04 7.031471490525020636e+04 7.229086796483228682e+04 7.071598434223200780e-01 2.012002037000347627e+04 4.694409720798445778e+04 7.229104185030089866e+04 1.686764558594564442e+05 7.229074368935747771e+04 7.229098763583945401e+04 1.805706518214968382e+05 1.603532251529599773e+00 4.819456896217929170e+04 2.605072279674338351e+05 2.409809587649641981e+04 7.229098613106565608e+04 7.229098934713003109e+04 7.229094385406827496e+04 7.229047207070019795e+04 7.229069621903357620e+04 1.577051258958783001e+05 5.680030573411297519e+04 1.216310478443374450e+05
3.559653998451179359e+05 4.420194127752488130e+05 8.036103176472030464e+04 5.826664226397800667e+04 8.036104090522041952e+04 2.012002037000347627e+04 5.329947153910160523e+03 2.888139706183494127e+04 8.036112464779055153e+04 1.686767673581653507e+05 8.036089307061088039e+04 8.036106450627419690e+04 1.805706194706103415e+05 2.011993684436395779e+04 6.831298635638158885e+04 2.605073044229485386e+05 4.421641642944324849e+04 8.036099349814653397e+04 8.036108540085807908e+04 8.036103731756198977e+04 8.036066570281420718e+04 8.036085968073229014e+04 1.456568234771972056e+05 7.691874997766839806e+04 1.095829345027761592e+05
3.424830987497667084e+05 4.362821231370240566e+05 9.599748822101781843e+04 5.094760599733596609e+04 9.599747764853412809e+04 4.694409720798445051e+04 2.888139706183493399e+04 2.079444175943169103e+04 9.599759937783601345e+04 1.646119118015896529e+05 9.599735662962320202e+04 9.599772616167184606e+04 1.765546866999416670e+05 4.694420930846161355e+04 8.394953999440220650e+04 2.564913320356283220e+05 6.544693350082162215e+04 9.599760061840317212e+04 9.599766616554786742e+04 9.599766402288025711e+04 9.599714788796394714e+04 9.599735590735609003e+04 1.416407687760041154e+05 9.255536898147931788e+04 1.055402670686130732e+05
3.921098928418566938e+05 4.781637712706757011e+05 2.409781817371159195e+04 1.167865153115167777e+05 2.409782538724374899e+04 7.229104185030089866e+04 8.036112464779055153e+04 9.599759937783598434e+04 6.841842417831666134e-01 2.048210869082183926e+05 2.409777010742168932e+04 1.595852218967279024e+00 2.167150829188485222e+05 7.229102532351667469e+04 3.614641668663551536e+04 2.966516839680809644e+05 5.421871179710714932e+04 1.406943959978940173e+00 6.455802079493732890e+03 1.662620728654466973e+00 2.409751650501359836e+04 2.409770347905045492e+04 1.938496089545405121e+05 2.754038874736275466e+04 1.577757035965163959e+05
2.836762966539523914e+05 3.697302091639299178e+05 2.048209143569247681e+05 1.465563309108053800e+05 2.048209574075112469e+05 1.686764558594564442e+05 1.686767673581653798e+05 1.646119118015896529e+05 2.048210869082183926e+05 2.022819114115662524e+04 2.048208299154967535e+05 2.048211607486459543e+05 6.294889966863267910e+04 1.686766542345165217e+05 2.048211998065722291e+05 1.747728964878250554e+05 1.867490250571844517e+05 2.048211218484889832e+05 2.048209890297251695e+05 2.048211564565713925e+05 2.048206746243980015e+05 2.048208050055448257e+05 5.752211057886685740e+04 2.048211799877676240e+05 9.864595565264341712e+04
3.921097556582293473e+05 4.781636674879825441e+05 1.091222434768618355e+00 1.167862546524844947e+05 1.204878703670836160e+00 7.229074368935747771e+04 8.036089307061088039e+04 9.599735662962320202e+04 2.409777010742168932e+04 2.048208299154967535e+05 6.036688476050392493e-01 2.409794486450665136e+04 2.167148651799092477e+05 7.229079852596818819e+04 3.614622694293867244e+04 2.966514854627753375e+05 5.421850155086015729e+04 2.409785012255455513e+04 1.979484518918240428e+04 2.409793717603861296e+04 8.098518589528874712e-01 9.547247333611581510e-01 1.938493247666165698e+05 2.754026124495015392e+04 1.577754297624460014e+05
3.921098168178287451e+05 4.781638940538371680e+05 2.409801301519679328e+04 1.167863884669523977e+05 2.409804486350696970e+04 7.229098763583945401e+04 8.036106450627419690e+04 9.599772616167184606e+04 1.595852218967279024e+00 2.048211607486459543e+05 2.409794486450665136e+04 6.628676609749574178e-01 2.167151266919648042e+05 7.229092848101658456e+04 3.614626840415690822e+04 2.966516872415299295e+05 5.421857322347272566e+04 1.381036120041188475e+00 6.456040583715838693e+03 1.420300632711951616e+00 2.409766440627057091e+04 2.409783630522472595e+04 1.938496609396769200e+05 2.754024726390746946e+04 1.577757718218014634e+05
2.774383246260395972e+05 3.657140533737913938e+05 2.167149058573021030e+05 1.619045890657784184e+05 2.167149298065404000e+05 1.805706518214968382e+05 1.805706194706103415e+05 1.765546866999416670e+05 2.167150829188485222e+05 6.294889966863270092e+04 2.167148651799092768e+05 2.167151266919648042e+05 3.861728170364643302e+04 1.805705878730967815e+05 2.167151644614024844e+05 1.605176112136201700e+05 1.986428110216630157e+05 2.167150291824658925e+05 2.167149058312250418e+05 2.167150656553264998e+05 2.167147017154815840e+05 2.167148070911855903e+05 9.508808685996917484e+04 2.167152296661486616e+05 1.200110075743595517e+05
3.559654088142578839e+05 4.420194196314953733e+05 7.229091723239843850e+04 7.031482531378914427e+04 7.229092572642909363e+04 1.603532251529599773e+00 2.011993684436395779e+04 4.694420930846161355e+04 7.229102532351667469e+04 1.686766542345165217e+05 7.229079852596818819e+04 7.229092848101658456e+04 1.805705878730967815e+05 6.864568803733297475e-01 4.819447631655716395e+04 2.605071755414649087e+05 2.409795770994825943e+04 7.229091879193675413e+04 7.229096387941660942e+04 7.229091698908228136e+04 7.229051622520825185e+04 7.229076805926417001e+04 1.577050383995187003e+05 5.680038412738870102e+04 1.216312459724979417e+05
3.921099922457975335e+05 4.781639616486082086e+05 3.614629960095181741e+04 1.064594772912368062e+05 3.614636876242152357e+04 4.819456896217929170e+04 6.831298635638157430e+04 8.394953999440220650e+04 3.614641668663551536e+04 2.048211998065722291e+05 3.614622694293867244e+04 3.614626840415690822e+04 2.167151644614024553e+05 4.819447631655716395e+04 6.580831637642885479e-01 2.966517719244160689e+05 2.409801054793634103e+04 3.614634288006958377e+04 3.399492053666507854e+04 3.614627046817199152e+04 3.614597211681775661e+04 3.614618104168395075e+04 1.938497066796156869e+05 8.607465605144483561e+03 1.577759160562440520e+05
2.179585690653417550e+05 3.289039264474085649e+05 2.966515339171100059e+05 2.439513023182647303e+05 2.966515273128203698e+05 2.605072279674338351e+05 2.605073044229485677e+05 2.564913320356283803e+05 2.966516839680809644e+05 1.747728964878250554e+05 2.966514854627753375e+05 2.966516872415299295e+05 1.605176112136201700e+05 2.605071755414649379e+05 2.966517719244160689e+05 7.346613008707373228e+04 2.785795135619740468e+05 2.966517043453890947e+05 2.966516237790306332e+05 2.966517956411361229e+05 2.966513925246275612e+05 2.966514835592147429e+05 1.933018672070394969e+05 2.966517690724378335e+05 2.164125756017922831e+05
3.740376848151717568e+05 4.600917363667415339e+05 5.421862174861754465e+04 8.838726673475193093e+04 5.421868639306077966e+04 2.409809587649641981e+04 4.421641642944324849e+04 6.544693350082162215e+04 5.421871179710714932e+04 1.867490250571844517e+05 5.421850155086015729e+04 5.421857322347272566e+04 1.986428110216630157e+05 2.409795770994825943e+04 2.409801054793634103e+04 2.785795135619740468e+05 2.409708892908761845e+04 5.421856386399066832e+04 5.314290394268729142e+04 5.421859313375157944e+04 5.421821490833179269e+04 5.421846253109435929e+04 1.757774044748484157e+05 3.270399568003546301e+04 1.397035326392666611e+05
3.921098406757728662e+05 4.781638388505448238e+05 2.409792752751018270e+04 1.167864274513831042e+05 2.409791098788270756e+04 7.229098613106565608e+04 8.036099349814653397e+04 9.599760061840317212e+04 1.406943959978940173e+00 2.048211218484889832e+05 2.409785012255455513e+04 1.381036120041188475e+00 2.167150291824658925e+05 7.229091879193675413e+04 3.614634288006958377e+04 2.966517043453890947e+05 5.421856386399066832e+04 6.563758201006891779e-01 6.455874145519838748e+03 1.366005182684109531e+00 2.409758292856782282e+04 2.409778341424140672e+04 1.938495229993156681e+05 2.754039675368290773e+04 1.577757887596139626e+05
3.921097000142921461e+05 4.781637241608102922e+05 1.979482156860501709e+04 1.167863722176534939e+05 1.979485413418701137e+04 7.229098934713003109e+04 8.036108540085807908e+04 9.599766616554786742e+04 6.455802079493732890e+03 2.048209890297251695e+05 1.979484518918240428e+04 6.456040583715838693e+03 2.167149058312250418e+05 7.229096387941660942e+04 3.399492053666508582e+04 2.966516237790306332e+05 5.314290394268729142e+04 6.455874145519838748e+03 7.530750639686103568e+03 6.456051144536973879e+03 1.979459153180870635e+04 1.979480775890025325e+04 1.938495375989137392e+05 2.538902762190391149e+04 1.577757729435716756e+05
3.921099637345202500e+05 4.781638227250311757e+05 2.409802484316386108e+04 1.167864866917825857e+05 2.409803959958376436e+04 7.229094385406827496e+04 8.036103731756198977e+04 9.599766402288025711e+04 1.662620728654466973e+00 2.048211564565713925e+05 2.409793717603861296e+04 1.420300632711951394e+00 2.167150656553264998e+05 7.229091698908228136e+04 3.614627046817199152e+04 2.966517956411361811e+05 5.421859313375157944e+04 1.366005182684109531e+00 6.456051144536972970e+03 6.571778232381428886e-01 2.409765416720859866e+04 2.409788244616807424e+04 1.938496130990842648e+05 2.754032343877802123e+04 1.577758087194263644e+05
3.921096587600330822e+05 4.781635808546591434e+05 9.092904903559851926e-01 1.167860606080356811e+05 1.000533930389680748e+00 7.229047207070019795e+04 8.036066570281420718e+04 9.599714788796394714e+04 2.409751650501359836e+04 2.048206746243980015e+05 8.098518589528874712e-01 2.409766440627057091e+04 2.167147017154815840e+05 7.229051622520825185e+04 3.614597211681775661e+04 2.966513925246275612e+05 5.421821490833179269e+04 2.409758292856782282e+04 1.979459153180870635e+04 2.409765416720859866e+04 3.715370597652553619e-01 7.255677951777879109e-01 1.938492525946534879e+05 2.753996124301185773e+04 1.577752730069261743e+05
3.921096925809410168e+05 4.781636048536690651e+05 1.079563265379948289e+00 1.167862057634260273e+05 1.135724207622263560e+00 7.229069621903357620e+04 8.036085968073229014e+04 9.599735590735609003e+04 2.409770347905045492e+04 2.048208050055447675e+05 9.547247333611583731e-01 2.409783630522472595e+04 2.167148070911855903e+05 7.229076805926417001e+04 3.614618104168395075e+04 2.966514835592146846e+05 5.421846253109436657e+04 2.409778341424140672e+04 1.979480775890025325e+04 2.409788244616807424e+04 7.255677951777879109e-01 5.880136301218751305e-01 1.938493033051275124e+05 2.754018626203899112e+04 1.577754261913216906e+05
3.064339547328830231e+05 3.924880112720637699e+05 1.938494793249977520e+05 1.216926085732741922e+05 1.938495201590238430e+05 1.577051258958783001e+05 1.456568234771972056e+05 1.416407687760041154e+05 1.938496089545405121e+05 5.752211057886685740e+04 1.938493247666165989e+05 1.938496609396769200e+05 9.508808685996917484e+04 1.577050383995187003e+05 1.938497066796156869e+05 1.933018672070394969e+05 1.757774044748484157e+05 1.938495229993156681e+05 1.938495375989137392e+05 1.938496130990842648e+05 1.938492525946534879e+05 1.938493033051275124e+05 3.275653595598119864e+04 1.938496735396047879e+05 6.974419591111117916e+04
3.921099607152904500e+05 4.781639277986802044e+05 2.754034107690360543e+04 1.138360177298586495e+05 2.754038707753002382e+04 5.680030573411297519e+04 7.691874997766839806e+04 9.255536898147931788e+04 2.754038874736275102e+04 2.048211799877675658e+05 2.754026124495015392e+04 2.754024726390746946e+04 2.167152296661486616e+05 5.680038412738870102e+04 8.607465605144483561e+03 2.966517690724378335e+05 3.270399568003546301e+04 2.754039675368290773e+04 2.538902762190390422e+04 2.754032343877802123e+04 2.753996124301185773e+04 2.754018626203899112e+04 1.938496735396047879e+05 4.918264641009709521e+03 1.577757907476455439e+05
3.198209370479338104e+05 4.058747564222084475e+05 1.577755728292841522e+05 8.167354642916287412e+04 1.577756537212655530e+05 1.216310478443374304e+05 1.095829345027761592e+05 1.055402670686130732e+05 1.577757035965163959e+05 9.864595565264341712e+04 1.577754297624460014e+05 1.577757718218014634e+05 1.200110075743595517e+05 1.216312459724979417e+05 1.577759160562440520e+05 2.164125756017922831e+05 1.397035326392666611e+05 1.577757887596139626e+05 1.577757729435716756e+05 1.577758087194263644e+05 1.577752730069261743e+05 1.577754261913216906e+05 6.974419591111117916e+04 1.577757907476455439e+05 2.631121866905612478e+04
