4.170112335537093713e+03 3.931382620385528571e+04 5.405567743772463291e+04 5.405587005825553206e+04 7.138668884417996742e+04 5.301334224339160573e+04 5.405537639294545079e+04 9.132051628133912163e+04 3.931379395561917772e+04 5.116313377303192101e+04 3.465626513183820643e+05 2.815967496615288546e+05 5.405556795384275028e+04 3.673977029655338993e+04 5.405585255928515107e+04 1.965788808810688788e+05 1.216955019799669935e+04 1.262032373815702886e+04 5.405580460424357443e+04 1.495060451639666862e+05 1.072821351279061491e+05 3.030474206411612977e+04 2.387487993795869115e+05 4.498718650919323554e+05 4.381842877750827029e+04
3.931382620385528571e+04 5.673464661262358488e-01 2.702849287389046367e+04 2.702868032322512590e+04 1.016897491880925954e+05 1.863370491001553819e+04 2.702826694332602347e+04 1.216235963922089722e+05 1.201888716427938153e+00 8.146633022381857154e+04 3.569060229532289086e+05 2.996145936595676467e+05 2.702847422843945969e+04 2.575509487829748196e+03 2.702871015220105255e+04 2.160858838786751730e+05 4.504686774589934794e+04 2.669519689718623340e+04 2.702856666722373484e+04 1.708000197992398753e+05 1.353329334147660993e+05 9.010676012221865676e+03 2.567666420164925221e+05 4.588806586504335864e+05 4.505823554871196393e+03
5.405567743772463291e+04 2.702849287389046367e+04 5.442585502416740217e-01 1.526888316823212133e+00 1.016894613127497869e+05 8.395921342936884685e+03 9.796426754166501771e-01 1.216233071234305535e+05 2.702841839458261893e+04 8.146605292059444764e+04 3.569059419513408793e+05 2.996143552426059614e+05 1.003913658061397207e+00 2.960263314398626608e+04 1.476495513562369188e+00 2.160856415078773571e+05 5.405566661858453153e+04 4.921756618766333850e+04 1.240347197314092709e+00 1.707996736826894921e+05 1.353326304296548478e+05 3.603768926757137524e+04 2.567664092827699205e+05 4.588805677326216246e+05 2.252396195045183777e+04
5.405587005825553206e+04 2.702868032322512590e+04 1.526888316823211911e+00 5.804510424229983867e-01 1.016898552797129960e+05 8.396238010491879322e+03 1.226208976514365778e+00 1.216235305745712540e+05 2.702875091977010015e+04 8.146636351752463088e+04 3.569062627600227133e+05 2.996145843416416319e+05 1.387415852143672579e+00 2.960280924228302683e+04 1.518315845277492304e+00 2.160859326602233341e+05 5.405585273332524957e+04 4.921757877412197558e+04 1.466103091661570712e+00 1.708001138378632022e+05 1.353329963584605721e+05 3.603791349580934184e+04 2.567667564954116824e+05 4.588806946408831864e+05 2.252405058392776482e+04
7.138668884417996742e+04 1.016897491880925954e+05 1.016894613127497869e+05 1.016898552797129960e+05 1.225072830413595148e+04 1.016896314412450447e+05 1.016892593538027577e+05 2.524773721712768020e+04 1.016897339886438422e+05 2.022494449292361242e+04 3.135296055690599605e+05 2.485637889680968365e+05 1.016894373571315955e+05 1.016897710913596238e+05 1.016898388252213917e+05 1.553481486490043462e+05 5.921858835923094739e+04 8.400548996284355235e+04 1.016897156113948586e+05 9.613915434261085466e+04 5.391527538905107940e+04 1.016898346961034549e+05 2.026307045768538665e+05 4.168388109943012241e+05 1.016898318039592123e+05
5.301334224339160573e+04 1.863370491001553819e+04 8.395921342936884685e+03 8.396238010491879322e+03 1.016896314412450592e+05 6.059234228668590731e+03 8.395690911277753912e+03 1.216233451134574716e+05 1.863359643467187198e+04 8.146617686624792987e+04 3.569060625767442980e+05 2.996143353336976725e+05 8.395882046060161883e+03 2.120783421492476919e+04 8.396274103353780447e+03 2.160856278002907056e+05 5.405574700578983175e+04 4.420108851297623187e+04 8.395992728576777154e+03 1.707998184333576937e+05 1.353327713598750997e+05 2.764290687591147071e+04 2.567665129391637747e+05 4.588805124092764454e+05 1.412900100510995435e+04
5.405537639294545079e+04 2.702826694332602347e+04 9.796426754166501771e-01 1.226208976514366000e+00 1.016892593538027577e+05 8.395690911277753912e+03 3.321221613824386631e-01 1.216229703837725683e+05 2.702820562684910692e+04 8.146577947266426054e+04 3.569059364180592820e+05 2.996142332413640688e+05 7.032825755411433732e-01 2.960234380445789066e+04 1.185649316970175837e+00 2.160854115917965246e+05 5.405537719842307706e+04 4.921717084811124369e+04 1.057134362415405038e+00 1.707995663498219219e+05 1.353323991756066098e+05 3.603736302266643179e+04 2.567663762456467375e+05 4.588804255015324452e+05 2.252367234965824537e+04
9.132051628133912163e+04 1.216235963922089722e+05 1.216233071234305535e+05 1.216235305745712540e+05 2.524773721712768020e+04 1.216233451134574716e+05 1.216229703837725683e+05 1.116499438337769789e+04 1.216235325472504774e+05 4.161721794669160590e+04 2.970132530248236144e+05 2.320472553303252498e+05 1.216230546833785338e+05 1.216236203056244121e+05 1.216235986935116962e+05 1.311297957766570325e+05 8.007172178297744540e+04 1.039391288372433773e+05 1.216233767635068361e+05 7.491847628785145935e+04 3.106699581896014206e+04 1.216236980640131078e+05 1.836773952796857047e+05 4.003222679661151487e+05 1.216235071189146547e+05
3.931379395561917772e+04 1.201888716427937931e+00 2.702841839458261893e+04 2.702875091977010015e+04 1.016897339886438422e+05 1.863359643467187198e+04 2.702820562684910692e+04 1.216235325472504774e+05 5.144624712284279200e-01 8.146627125497788074e+04 3.569059724049227079e+05 2.996145201421031961e+05 2.702840878973681902e+04 2.575518010993572261e+03 2.702867867607744120e+04 2.160858231144824240e+05 4.504682514794336021e+04 2.669513952424159288e+04 2.702844787612252549e+04 1.707998987212140346e+05 1.353328672077525116e+05 9.010606362492417247e+03 2.567665754402230377e+05 4.588806119493143051e+05 4.505762958033579707e+03
5.116313377303192101e+04 8.146633022381857154e+04 8.146605292059444764e+04 8.146636351752461633e+04 2.022494449292361242e+04 8.146617686624792987e+04 8.146577947266426054e+04 4.161721794669160590e+04 8.146627125497788074e+04 7.347053265724514404e+02 3.195356541316682706e+05 2.545697394334601995e+05 8.146598209567798767e+04 8.146634216192342865e+04 8.146634203529657680e+04 1.669459082369147509e+05 3.899492597783761448e+04 6.378202837555995939e+04 8.146626277062403096e+04 1.077369704997735098e+05 6.551313004044628906e+04 8.146640738768960000e+04 2.117218204371460888e+05 4.228448770854847971e+05 8.146636759049480315e+04
3.465626513183820643e+05 3.569060229532289086e+05 3.569059419513408793e+05 3.569062627600227133e+05 3.135296055690599605e+05 3.569060625767442980e+05 3.569059364180592820e+05 2.970132530248236144e+05 3.569059724049227079e+05 3.195356541316682706e+05 3.785927491995524178e+04 1.624743974316851818e+05 3.569059814821577165e+05 3.569062656506297644e+05 3.569062096088250400e+05 2.463444852882758714e+05 3.465626179571452085e+05 3.511166154555485700e+05 3.569061114912897465e+05 2.636817610686745611e+05 2.880042142987939878e+05 3.569062642568073352e+05 2.044850467823253421e+05 2.203567281518027303e+05 3.569060983998133452e+05
2.815967496615288546e+05 2.996145936595676467e+05 2.996143552426059614e+05 2.996145843416416319e+05 2.485637889680968365e+05 2.996143353336976143e+05 2.996142332413640106e+05 2.320472553303252207e+05 2.996145201421031961e+05 2.545697394334601704e+05 1.624743974316851818e+05 6.033320564791759534e+04 2.996142727957224706e+05 2.996147056993988808e+05 2.996146011386819300e+05 1.584681773733555165e+05 2.815967781426628935e+05 2.864348429517810582e+05 2.996143907303143060e+05 1.867692036192806263e+05 2.180293111143393617e+05 2.996146929270549444e+05 1.294020834403342742e+05 2.508038306192391319e+05 2.996144925653235987e+05
5.405556795384275028e+04 2.702847422843945969e+04 1.003913658061397207e+00 1.387415852143672579e+00 1.016894373571315955e+05 8.395882046060161883e+03 7.032825755411435953e-01 1.216230546833785338e+05 2.702840878973681902e+04 8.146598209567798767e+04 3.569059814821577165e+05 2.996142727957224706e+05 4.860372412082131777e-01 2.960256617911992726e+04 1.378165641657212337e+00 2.160854595588330412e+05 5.405558434410530754e+04 4.921733022590718610e+04 1.108668805148260494e+00 1.707995924506906304e+05 1.353324323466554342e+05 3.603759896477411530e+04 2.567664149000143807e+05 4.588804667427010136e+05 2.252382188123049491e+04
3.673977029655338993e+04 2.575509487829748650e+03 2.960263314398626608e+04 2.960280924228302683e+04 1.016897710913596238e+05 2.120783421492476919e+04 2.960234380445789066e+04 1.216236203056244121e+05 2.575518010993572261e+03 8.146634216192342865e+04 3.569062656506297644e+05 2.996147056993988808e+05 2.960256617911992726e+04 3.677816257609703371e+03 2.960280157287315160e+04 2.160859466668560926e+05 4.431137527216502349e+04 2.412101136708836930e+04 2.960277833292007927e+04 1.708000879268517310e+05 1.353330079620830074e+05 6.436416898035760823e+03 2.567667747306821984e+05 4.588807910156947910e+05 7.080212856135332004e+03
5.405585255928515107e+04 2.702871015220105255e+04 1.476495513562369188e+00 1.518315845277492082e+00 1.016898388252213917e+05 8.396274103353780447e+03 1.185649316970175837e+00 1.216235986935116962e+05 2.702867867607744120e+04 8.146634203529657680e+04 3.569062096088250400e+05 2.996146011386819300e+05 1.378165641657212337e+00 2.960280157287315160e+04 5.967453552954118390e-01 2.160859028602582403e+05 5.405582154697573424e+04 4.921766910385750089e+04 1.486198954906345016e+00 1.708000841813144507e+05 1.353329635547668731e+05 3.603780065170769376e+04 2.567667962707149272e+05 4.588806954063232988e+05 2.252413637720397310e+04
1.965788808810688788e+05 2.160858838786751730e+05 2.160856415078773571e+05 2.160859326602233341e+05 1.553481486490043462e+05 2.160856278002907056e+05 2.160854115917965246e+05 1.311297957766570325e+05 2.160858231144824240e+05 1.669459082369147509e+05 2.463444852882758714e+05 1.584681773733555165e+05 2.160854595588330412e+05 2.160859466668560926e+05 2.160859028602582403e+05 2.389129187063055360e+04 1.939729674030039751e+05 2.029061527423720399e+05 2.160856647204288165e+05 8.141050173408762203e+04 1.099839499806500244e+05 2.160860172937965835e+05 7.380923532001682906e+04 3.406444496144386358e+05 2.160858095910213888e+05
1.216955019799669935e+04 4.504686774589934794e+04 5.405566661858453153e+04 5.405585273332524957e+04 5.921858835923094739e+04 5.405574700578983175e+04 5.405537719842307706e+04 8.007172178297744540e+04 4.504682514794336021e+04 3.899492597783762176e+04 3.465626179571452085e+05 2.815967781426628935e+05 5.405558434410530754e+04 4.431137527216502349e+04 5.405582154697573424e+04 1.939729674030039751e+05 3.677748903158727444e+03 2.478837289919795148e+04 5.405583798319101334e+04 1.437730128594461712e+05 1.015491844906651095e+05 4.247284116540900868e+04 2.387488644434926973e+05 4.498718834839613992e+05 4.955137779406740447e+04
1.262032373815702886e+04 2.669519689718623340e+04 4.921756618766333850e+04 4.921757877412197558e+04 8.400548996284353780e+04 4.420108851297623187e+04 4.921717084811124369e+04 1.039391288372433773e+05 2.669513952424159288e+04 6.378202837555995939e+04 3.511166154555485700e+05 2.864348429517810582e+05 4.921733022590718610e+04 2.412101136708836930e+04 4.921766910385750089e+04 2.029061527423720399e+05 2.478837289919795148e+04 9.652235893037668575e+03 4.921758214675054478e+04 1.576203183826854511e+05 1.187747424747611221e+05 1.768594668239799648e+04 2.435870653338138945e+05 4.543762996531801764e+05 3.119959930848785734e+04
5.405580460424357443e+04 2.702856666722373484e+04 1.240347197314092709e+00 1.466103091661570712e+00 1.016897156113948731e+05 8.395992728576777154e+03 1.057134362415405038e+00 1.216233767635068361e+05 2.702844787612252549e+04 8.146626277062403096e+04 3.569061114912898629e+05 2.996143907303143060e+05 1.108668805148260272e+00 2.960277833292007927e+04 1.486198954906345016e+00 2.160856647204288165e+05 5.405583798319101334e+04 4.921758214675054478e+04 5.595039206693969147e-01 1.707998680511051789e+05 1.353327770136150648e+05 3.603779140445707890e+04 2.567665477643400664e+05 4.588805692512001260e+05 2.252393373137821254e+04
1.495060451639666862e+05 1.708000197992398753e+05 1.707996736826894921e+05 1.708001138378632022e+05 9.613915434261085466e+04 1.707998184333576937e+05 1.707995663498219219e+05 7.491847628785145935e+04 1.707998987212140346e+05 1.077369704997735098e+05 2.636817610686745611e+05 1.867692036192806263e+05 1.707995924506906304e+05 1.708000879268517310e+05 1.708000841813144507e+05 8.141050173408762203e+04 1.437730128594461712e+05 1.576203183826854511e+05 1.707998680511051789e+05 1.380072409091957525e+04 4.614899205407460977e+04 1.708000860485293088e+05 1.357751841957309807e+05 3.737477654318934074e+05 1.707999961218053068e+05
1.072821351279061491e+05 1.353329334147660993e+05 1.353326304296548478e+05 1.353329963584605721e+05 5.391527538905107940e+04 1.353327713598750997e+05 1.353323991756066098e+05 3.106699581896014206e+04 1.353328672077525116e+05 6.551313004044628906e+04 2.880042142987939296e+05 2.180293111143393908e+05 1.353324323466554342e+05 1.353330079620830074e+05 1.353329635547668731e+05 1.099839499806500244e+05 1.015491844906651095e+05 1.187747424747611221e+05 1.353327770136150648e+05 4.614899205407460977e+04 1.897117175057166605e+04 1.353329381763910642e+05 1.666585506647519069e+05 3.935655622497171280e+05 1.353329367055344919e+05
3.030474206411612977e+04 9.010676012221865676e+03 3.603768926757137524e+04 3.603791349580934184e+04 1.016898346961034549e+05 2.764290687591147071e+04 3.603736302266643179e+04 1.216236980640131078e+05 9.010606362492417247e+03 8.146640738768960000e+04 3.569062642568073352e+05 2.996146929270549444e+05 3.603759896477411530e+04 6.436416898035760823e+03 3.603780065170769376e+04 2.160860172937965835e+05 4.247284116540900868e+04 1.768594668239799648e+04 3.603779140445707890e+04 1.708000860485293379e+05 1.353329381763910642e+05 5.647555245219074704e-01 2.567668028530644660e+05 4.588808353848387487e+05 1.351526113923581397e+04
2.387487993795869115e+05 2.567666420164925221e+05 2.567664092827699205e+05 2.567667564954116824e+05 2.026307045768538665e+05 2.567665129391637747e+05 2.567663762456467375e+05 1.836773952796857047e+05 2.567665754402230377e+05 2.117218204371460888e+05 2.044850467823253421e+05 1.294020834403342742e+05 2.567664149000143807e+05 2.567667747306822857e+05 2.567667962707148981e+05 7.380923532001682906e+04 2.387488644434926973e+05 2.435870653338138945e+05 2.567665477643400664e+05 1.357751841957309807e+05 1.666585506647519069e+05 2.567668028530644660e+05 3.378371721218646417e+04 3.186676157899813261e+05 2.567666775130469468e+05
4.498718650919323554e+05 4.588806586504335864e+05 4.588805677326216246e+05 4.588806946408831864e+05 4.168388109943012241e+05 4.588805124092764454e+05 4.588804255015324452e+05 4.003222679661151487e+05 4.588806119493143051e+05 4.228448770854847971e+05 2.203567281518027303e+05 2.508038306192391028e+05 4.588804667427010136e+05 4.588807910156947910e+05 4.588806954063232988e+05 3.406444496144386358e+05 4.498718834839613992e+05 4.543762996531801764e+05 4.588805692512001260e+05 3.737477654318934074e+05 3.935655622497171280e+05 4.588808353848387487e+05 3.186676157899813261e+05 9.354041774961260671e+04 4.588806179741855594e+05
4.381842877750827029e+04 4.505823554871196393e+03 2.252396195045183777e+04 2.252405058392776482e+04 1.016898318039592123e+05 1.412900100510995435e+04 2.252367234965824537e+04 1.216235071189146547e+05 4.505762958033580617e+03 8.146636759049480315e+04 3.569060983998133452e+05 2.996144925653235987e+05 2.252382188123049491e+04 7.080212856135332004e+03 2.252413637720397310e+04 2.160858095910213888e+05 4.955137779406740447e+04 3.119959930848785734e+04 2.252393373137821254e+04 1.707999961218053068e+05 1.353329367055345210e+05 1.351526113923581397e+04 2.567666775130469468e+05 4.588806179741855594e+05 4.505074909263664267e+03
