5.683775301329717644e-01 7.892314948621738586e+04 8.088000324579822653e-01 8.750160432244194089e+04 1.406406242251577896e+04 1.570539085605269669e+00 1.411907845132184924e+00 5.893021442195361305e+04 1.461141540075825196e+00 4.378243197302719345e+05 2.871218996637383243e+05 1.125016830587125442e+05 9.107306217233453935e+04 1.096983783044456207e+00 1.755259561867560260e+05 2.445335943648312241e+05 3.822283734995741543e+04 1.282181141687956406e+05 3.572969725588328401e+03 1.294836888715704237e+00 1.501517034566254294e+00 1.388095859253485775e+00 3.125163996190869511e+04 3.762790825640661060e+05 9.749149362326424706e-01
7.892314948621738586e+04 6.307686896469293060e+03 7.892288928727670282e+04 4.516861212130561034e+04 6.642333388377648953e+04 7.892350087019948114e+04 7.892344493208508356e+04 4.497622137954926438e+04 7.892346247547508392e+04 4.128247383347373689e+05 2.621223644717269926e+05 7.446375825290390640e+04 4.637869649429990386e+04 7.892324681520104059e+04 1.505264063911687990e+05 2.195340314030373411e+05 5.389566360434435774e+04 1.026231715511763177e+05 7.535198006616736529e+04 7.892342614171991590e+04 7.892341390050691552e+04 7.892339919378919876e+04 6.017332662674851599e+04 3.512795440928784665e+05 7.892302568792925740e+04
8.088000324579822653e-01 7.892288928727670282e+04 2.947406971667294595e-01 8.750133828330157849e+04 1.406370630812056515e+04 1.221234829329903793e+00 1.139188188895129850e+00 5.892992173334232939e+04 1.145318684149414512e+00 4.378242747670962708e+05 2.871217798486954416e+05 1.125014608429566288e+05 9.107282494678687362e+04 9.355818482773975431e-01 1.755257962569188094e+05 2.445335209184343112e+05 3.822254637454872136e+04 1.282178507592189853e+05 3.572640111918116872e+03 1.003987839439096863e+00 1.178730805265313375e+00 1.106733207840001842e+00 3.125127100745740972e+04 3.762790486028770683e+05 6.771122461916783131e-01
8.750160432244194089e+04 4.516861212130561034e+04 8.750133828330157849e+04 2.583324231463349406e+03 8.660893725575454300e+04 8.750195584755468008e+04 8.750185079916438553e+04 6.516187135668825067e+04 8.750190782206675794e+04 4.128246870251088403e+05 2.621223774486132897e+05 6.167911975552955846e+04 2.619297658574388697e+04 8.750170749575985246e+04 1.389192006690544949e+05 2.145595488486641552e+05 7.408118527022071066e+04 9.101599875698781398e+04 8.724675534614938078e+04 8.750178711010559346e+04 8.750185167393115989e+04 8.750177802244307532e+04 8.035902674953709356e+04 3.512795124464189284e+05 8.750140321494075761e+04
1.406406242251577896e+04 6.642333388377648953e+04 1.406370630812056515e+04 8.660893725575455755e+04 2.735023821365422464e+03 1.406424467676675886e+04 1.406433718092905656e+04 4.486790249331577797e+04 1.406431590204357417e+04 4.378245675105988048e+05 2.871222074689101428e+05 1.125020660539267847e+05 9.107333632323623169e+04 1.406417241616363390e+04 1.755263687029482971e+05 2.445339407468125282e+05 2.552768092419523964e+04 1.282183817542811012e+05 1.049270417388701753e+04 1.406428426105346807e+04 1.406436729064722567e+04 1.406434667032600191e+04 1.875154300223336759e+04 3.762794298967333161e+05 1.406392633976202887e+04
1.570539085605269669e+00 7.892350087019948114e+04 1.221234829329903793e+00 8.750195584755466552e+04 1.406424467676675886e+04 6.257367945022020983e-01 1.552127041132601359e+00 5.893046684505349549e+04 1.601984563302752074e+00 4.378245418539272505e+05 2.871220231793819694e+05 1.125019996706217498e+05 9.107348565617109125e+04 1.589244710142140526e+00 1.755262530683930672e+05 2.445338053498769004e+05 3.822307976556913491e+04 1.282183002273620368e+05 3.573178698810002061e+03 1.596076089742718196e+00 1.615155503699924111e+00 1.634007289808412589e+00 3.125180785345474578e+04 3.762793035705484217e+05 1.447395097740027836e+00
1.411907845132184258e+00 7.892344493208508356e+04 1.139188188895130072e+00 8.750185079916438553e+04 1.406433718092905656e+04 1.552127041132601137e+00 5.727269503083706192e-01 5.893048622060813796e+04 1.537402548013125481e+00 4.378244611893430119e+05 2.871220231634841184e+05 1.125020418811297714e+05 9.107339321329185623e+04 1.445238528943818546e+00 1.755262433027494117e+05 2.445338127534330997e+05 3.822307844531250157e+04 1.282183734936427500e+05 3.573117186909438715e+03 1.569178054114515053e+00 1.610835646379096486e+00 1.551851363664481287e+00 3.125192997268719773e+04 3.762792211469561444e+05 1.373209033837223148e+00
5.893021442195361305e+04 4.497622137954924256e+04 5.892992173334232939e+04 6.516187135668824340e+04 4.486790249331577797e+04 5.893046684505349549e+04 5.893048622060813068e+04 6.027227814945184946e+03 5.893043629814451560e+04 4.253247623441093019e+05 2.746222266041759285e+05 9.107333987916742626e+04 6.949683657182163734e+04 5.893033909013708762e+04 1.630263391624960350e+05 2.320340031410640222e+05 3.233990785223941202e+04 1.152932131929169263e+05 5.535892836654100392e+04 5.893033926534666534e+04 5.893033228906858858e+04 5.893035686114678538e+04 4.018023696068904974e+04 3.637794983220780268e+05 5.893008529429732880e+04
1.461141540075824974e+00 7.892346247547508392e+04 1.145318684149414512e+00 8.750190782206675794e+04 1.406431590204357417e+04 1.601984563302752074e+00 1.537402548013125703e+00 5.893043629814451560e+04 5.951742660363178450e-01 4.378244955002485076e+05 2.871219927177986829e+05 1.125018374433403078e+05 9.107342193050832429e+04 1.434291813207758670e+00 1.755261397799643455e+05 2.445337295644487021e+05 3.822301121138913732e+04 1.282182739006138145e+05 3.573146974557309477e+03 1.383570262101869286e+00 1.446149150443220011e+00 1.436208053118261940e+00 3.125177187944193065e+04 3.762792372126258560e+05 1.385756162149480719e+00
4.378243197302719345e+05 4.128247383347373689e+05 4.378242747670962708e+05 4.128246870251088403e+05 4.378245675105988048e+05 4.378245418539272505e+05 4.378244611893430119e+05 4.253247623441093019e+05 4.378244955002485076e+05 9.377965481862473825e+04 2.847738256020477857e+05 3.877046866743700230e+05 4.092533167888490716e+05 4.378243714045452070e+05 3.554484286780079710e+05 3.128621206900331308e+05 4.253246672419654788e+05 3.808616634800454485e+05 4.378245951778645394e+05 4.378243797051023575e+05 4.378245760334961233e+05 4.378244011569188442e+05 4.315747635097510065e+05 2.007689059766898863e+05 4.378243035841782112e+05
2.871218996637383243e+05 2.621223644717269926e+05 2.871217798486954416e+05 2.621223774486132897e+05 2.871222074689101428e+05 2.871220231793819694e+05 2.871220231634841184e+05 2.746222266041759285e+05 2.871219927177986829e+05 2.847738256020477857e+05 6.300969060002213519e+04 2.370020735720305820e+05 2.585510225930407178e+05 2.871219097621937981e+05 1.902818256162544130e+05 1.291838907486643002e+05 2.746221989963038941e+05 2.227896843986105232e+05 2.871221615356366965e+05 2.871218373487639474e+05 2.871220341966859996e+05 2.871219304738718201e+05 2.808721879883228103e+05 1.963095439337734133e+05 2.871218428729372099e+05
1.125016830587125587e+05 7.446375825290390640e+04 1.125014608429566288e+05 6.167911975552955846e+04 1.125020660539267847e+05 1.125019996706217498e+05 1.125020418811297714e+05 9.107333987916744081e+04 1.125018374433403078e+05 3.877046866743700230e+05 2.370020735720305820e+05 1.557203650257596018e+04 5.181524425604502903e+04 1.125017225794298283e+05 1.118486478988678864e+05 1.890567136497411411e+05 1.000019210766002216e+05 5.109343066377341165e+04 1.125019055556391831e+05 1.125017605968608696e+05 1.125018461433319608e+05 1.125017910508908826e+05 1.062519723469778837e+05 3.261594563599998946e+05 1.125014962952837523e+05
9.107306217233453935e+04 4.637869649429990386e+04 9.107282494678687362e+04 2.619297658574388697e+04 9.107333632323623169e+04 9.107348565617109125e+04 9.107339321329185623e+04 6.949683657182163734e+04 9.107342193050832429e+04 4.092533167888490716e+05 2.585510225930407178e+05 5.181524425604504358e+04 2.180363121307028268e+04 9.107317513781819434e+04 1.344549110192072694e+05 2.106054835033469426e+05 7.835141270597862604e+04 8.655165697958374221e+04 9.107334180813742569e+04 9.107321943336985714e+04 9.107335106906393776e+04 9.107327087372390088e+04 8.482333694796834607e+04 3.477081069019791321e+05 9.107287792002504284e+04
1.096983783044456207e+00 7.892324681520104059e+04 9.355818482773978761e-01 8.750170749575985246e+04 1.406417241616363390e+04 1.589244710142140304e+00 1.445238528943818546e+00 5.893033909013709490e+04 1.434291813207758670e+00 4.378243714045452070e+05 2.871219097621937981e+05 1.125017225794298283e+05 9.107317513781820890e+04 5.623511677154576782e-01 1.755259829278072284e+05 2.445336706390333711e+05 3.822292430844567571e+04 1.282181531553599925e+05 3.573033664220062747e+03 1.290556250757545431e+00 1.471704029251943435e+00 1.378183084123540292e+00 3.125173255121295369e+04 3.762791020726997522e+05 1.101374681987854931e+00
1.755259561867560260e+05 1.505264063911687990e+05 1.755257962569188094e+05 1.389192006690544949e+05 1.755263687029482971e+05 1.755262530683930672e+05 1.755262433027494117e+05 1.630263391624960350e+05 1.755261397799643455e+05 3.554484286780079710e+05 1.902818256162544130e+05 1.118486478988678864e+05 1.344549110192072694e+05 1.755259829278072284e+05 4.451348726047022501e+04 1.231716738531608571e+05 1.630262653374260117e+05 8.416102990030820365e+04 1.755261546788711858e+05 1.755260505319896038e+05 1.755261895201828447e+05 1.755261500799812493e+05 1.692763205629164586e+05 2.977916775406250381e+05 1.755258419068625954e+05
2.445335943648312241e+05 2.195340314030373411e+05 2.445335209184343403e+05 2.145595488486641261e+05 2.445339407468125282e+05 2.445338053498769004e+05 2.445338127534330997e+05 2.320340031410640222e+05 2.445337295644487021e+05 3.128621206900331308e+05 1.291838907486642856e+05 1.890567136497411702e+05 2.106054835033469426e+05 2.445336706390333711e+05 1.231716738531608862e+05 4.003281452608302789e+04 2.320339549776053173e+05 1.698474866610227618e+05 2.445339722126396373e+05 2.445336246759207570e+05 2.445338258289826044e+05 2.445337030242070905e+05 2.382840260591083788e+05 2.694595841560168774e+05 2.445335687120352522e+05
3.822283734995741543e+04 5.389566360434434318e+04 3.822254637454872136e+04 7.408118527022069611e+04 2.552768092419523964e+04 3.822307976556913491e+04 3.822307844531250157e+04 3.233990785223941202e+04 3.822301121138913732e+04 4.253246672419654788e+05 2.746221989963038941e+05 1.000019210766002216e+05 7.835141270597862604e+04 3.822292430844567571e+04 1.630262653374260117e+05 2.320339549776053173e+05 4.094115291528372381e+03 1.157183336510305526e+05 3.465151097681045212e+04 3.822293561939382926e+04 3.822297600907396554e+04 3.822297314965887927e+04 8.535262413956190358e+03 3.637794665315538878e+05 3.822268832115716214e+04
1.282181141687956406e+05 1.026231715511763177e+05 1.282178507592189853e+05 9.101599875698781398e+04 1.282183817542811012e+05 1.282183002273620368e+05 1.282183734936427500e+05 1.152932131929169263e+05 1.282182739006138145e+05 3.808616634800454485e+05 2.227896843986105232e+05 5.109343066377341165e+04 8.655165697958374221e+04 1.282181531553600216e+05 8.416102990030820365e+04 1.698474866610227618e+05 1.157183336510305526e+05 1.924277961140021944e+04 1.282184364777150186e+05 1.282180963514068426e+05 1.282183092096984183e+05 1.282181861963097472e+05 1.219684117191720434e+05 3.193166026004348532e+05 1.282179226889770507e+05
3.572969725588329311e+03 7.535198006616736529e+04 3.572640111918116872e+03 8.724675534614938078e+04 1.049270417388701753e+04 3.573178698810002970e+03 3.573117186909439170e+03 5.535892836654100392e+04 3.573146974557309477e+03 4.378245951778644812e+05 2.871221615356367547e+05 1.125019055556391831e+05 9.107334180813742569e+04 3.573033664220063201e+03 1.755261546788711858e+05 2.445339722126396373e+05 3.465151097681045212e+04 1.282184364777150186e+05 5.102784772343276927e+03 3.573180290505135417e+03 3.573247427497700301e+03 3.573244747850895692e+03 2.768034908405739770e+04 3.762793732193238102e+05 3.572843756917075552e+03
1.294836888715704237e+00 7.892342614171991590e+04 1.003987839439096863e+00 8.750178711010559346e+04 1.406428426105346807e+04 1.596076089742717752e+00 1.569178054114515053e+00 5.893033926534666534e+04 1.383570262101869064e+00 4.378243797051023575e+05 2.871218373487639474e+05 1.125017605968608696e+05 9.107321943336985714e+04 1.290556250757545431e+00 1.755260505319896038e+05 2.445336246759207570e+05 3.822293561939382926e+04 1.282180963514068280e+05 3.573180290505134508e+03 5.388221725331023837e-01 1.444424439133246807e+00 1.262540359227665832e+00 3.125170957300374721e+04 3.762791352105620317e+05 1.202513832449538134e+00
1.501517034566254294e+00 7.892341390050691552e+04 1.178730805265313375e+00 8.750185167393114534e+04 1.406436729064722567e+04 1.615155503699923889e+00 1.610835646379096264e+00 5.893033228906858858e+04 1.446149150443220011e+00 4.378245760334961233e+05 2.871220341966859996e+05 1.125018461433319608e+05 9.107335106906393776e+04 1.471704029251942991e+00 1.755261895201828447e+05 2.445338258289826044e+05 3.822297600907396554e+04 1.282183092096984183e+05 3.573247427497699846e+03 1.444424439133246807e+00 5.178818480223245091e-01 1.391970669381691783e+00 3.125177696516174547e+04 3.762792782624120591e+05 1.415238405009946909e+00
1.388095859253485997e+00 7.892339919378919876e+04 1.106733207840001842e+00 8.750177802244307532e+04 1.406434667032600191e+04 1.634007289808412589e+00 1.551851363664481287e+00 5.893035686114678538e+04 1.436208053118261940e+00 4.378244011569188442e+05 2.871219304738718201e+05 1.125017910508908826e+05 9.107327087372390088e+04 1.378183084123540292e+00 1.755261500799812493e+05 2.445337030242070905e+05 3.822297314965887927e+04 1.282181861963097472e+05 3.573244747850894782e+03 1.262540359227665832e+00 1.391970669381691783e+00 5.538836485068223681e-01 3.125176520102094582e+04 3.762791574479433475e+05 1.317433386851514898e+00
3.125163996190869511e+04 6.017332662674851599e+04 3.125127100745740972e+04 8.035902674953709356e+04 1.875154300223336759e+04 3.125180785345474578e+04 3.125192997268719773e+04 4.018023696068905701e+04 3.125177187944193065e+04 4.315747635097510065e+05 2.808721879883228103e+05 1.062519723469778837e+05 8.482333694796834607e+04 3.125173255121295369e+04 1.692763205629164877e+05 2.382840260591083788e+05 8.535262413956190358e+03 1.219684117191720434e+05 2.768034908405739770e+04 3.125170957300374721e+04 3.125177696516174547e+04 3.125176520102094582e+04 6.250650116330886704e+03 3.700295031941361958e+05 3.125152385634369784e+04
3.762790825640661060e+05 3.512795440928784665e+05 3.762790486028770683e+05 3.512795124464189284e+05 3.762794298967333161e+05 3.762793035705484217e+05 3.762792211469561444e+05 3.637794983220780268e+05 3.762792372126258560e+05 2.007689059766898863e+05 1.963095439337734133e+05 3.261594563599998946e+05 3.477081069019791321e+05 3.762791020726998686e+05 2.977916775406250381e+05 2.694595841560168774e+05 3.637794665315538878e+05 3.193166026004348532e+05 3.762793732193238102e+05 3.762791352105620317e+05 3.762792782624120591e+05 3.762791574479433475e+05 3.700295031941361958e+05 5.643490984002709592e+04 3.762790563534062239e+05
9.749149362326424706e-01 7.892302568792925740e+04 6.771122461916783131e-01 8.750140321494074306e+04 1.406392633976202887e+04 1.447395097740027836e+00 1.373209033837223148e+00 5.893008529429732880e+04 1.385756162149480053e+00 4.378243035841782112e+05 2.871218428729372099e+05 1.125014962952837523e+05 9.107287792002504284e+04 1.101374681987855153e+00 1.755258419068626536e+05 2.445335687120352522e+05 3.822268832115716214e+04 1.282179226889770507e+05 3.572843756917076007e+03 1.202513832449538134e+00 1.415238405009946909e+00 1.317433386851514898e+00 3.125152385634369784e+04 3.762790563534062239e+05 4.529763211527791933e-01
