3.225527286113588077e-01 1.615025811341680128e+04 8.695794569249523920e+04 8.913196769146612496e+04 6.545856434403033441e-01 3.478383894807159231e+04 3.936061853025748132e+04 2.269214213599189243e+05 1.015944052470045156e+00 2.974323812774908147e+05 1.080287794633102427e+00 1.083711101118039588e+00 1.087415286130572589e+00 1.739251276236983904e+04 3.705508438108204864e+05 7.991858848495318671e+04 8.696846139065959505e+03 2.608818908800875215e+04 1.010476319431199663e+05 8.740253931083407091e-01 1.351848104639180237e+05 1.793450613370834326e+05 5.296580977738535876e+04 1.739241533137173974e+04 1.449401229398027317e+04
1.615025811341680128e+04 4.969594444579262927e+03 8.695847954567565466e+04 8.913246615556572215e+04 1.615046104767599900e+04 2.360408407923382401e+04 2.995561879612581833e+04 2.269218314738237241e+05 1.615065187935468748e+04 2.974327788637991762e+05 1.615072831812887671e+04 1.615074045241237945e+04 1.615074714340143692e+04 3.728402442528731171e+03 3.705511277361084358e+05 7.412207107096281834e+04 1.242393620574437409e+04 1.490854129990813090e+04 1.010481858841854410e+05 1.615057954767757292e+04 1.351853120870878920e+05 1.793454481994392700e+05 4.427071631944639375e+04 6.212653380986187585e+03 6.626827366422239720e+03
8.695794569249523920e+04 8.695847954567565466e+04 4.047421383000195419e+03 5.379427309557698209e+03 8.695809795859234873e+04 6.956707447717188916e+04 6.956706889227726788e+04 1.921394083210637327e+05 8.695824827170504432e+04 2.626503117836750462e+05 8.695837942676735111e+04 8.695832633678453567e+04 8.695840167986426968e+04 8.695849010413173528e+04 3.325650828312744270e+05 2.239395550816122341e+04 8.695848520641891810e+04 7.826279172944808670e+04 2.212632007841608720e+04 8.695825352104904596e+04 7.787865476088119613e+04 1.371095690395466809e+05 6.008097583262050466e+04 8.695851497804906103e+04 8.695852582400351821e+04
8.913196769146612496e+04 8.913246615556572215e+04 5.379427309557699118e+03 3.261609725484020601e+03 8.913211502866994124e+04 7.174104562936219736e+04 7.174107372662023408e+04 1.921393525231431704e+05 8.913217899908901018e+04 2.626504445855634403e+05 8.913237484664403019e+04 8.913222617890186666e+04 8.913238100075224065e+04 8.913256680600193795e+04 3.357686246324909152e+05 2.743469675620276394e+04 8.913251224255567649e+04 8.043683520945576311e+04 1.674836392833645004e+04 8.913213647280550504e+04 7.688497760188153188e+04 1.352073569936382992e+05 6.225492418213981728e+04 8.913245470070237934e+04 8.913247837958710443e+04
6.545856434403033441e-01 1.615046104767599900e+04 8.695809795859234873e+04 8.913211502866994124e+04 4.875213725312141366e-01 3.478407950054215326e+04 3.936077790421070677e+04 2.269215079266453686e+05 1.207794013045485393e+00 2.974324308615623158e+05 1.278655488292186559e+00 1.294882182035485441e+00 1.309009157583121086e+00 1.739268590265228340e+04 3.705508501886887825e+05 7.991872063235696987e+04 8.697042983694847862e+03 2.608838196907376550e+04 1.010477709322253941e+05 1.014113486817981302e+00 1.351849331281328341e+05 1.793451875035747362e+05 5.296595803636743949e+04 1.739259917763779231e+04 1.449422494752228522e+04
3.478383894807159231e+04 2.360408407923382401e+04 6.956707447717188916e+04 7.174104562936219736e+04 3.478407950054215326e+04 5.691716587470233568e-01 1.078953835437589987e+04 2.095305327283504303e+05 3.478416612498649192e+04 2.800413851428846247e+05 3.478428899533409276e+04 3.478424909105613187e+04 3.478429611495282734e+04 2.608879495290998238e+04 3.531598472028364195e+05 5.673062170330322988e+04 3.478428791483703390e+04 8.697228316727452693e+03 8.365685575803366373e+04 3.478416192156093166e+04 1.177939640504803392e+05 1.619541063048702490e+05 2.687935191775799103e+04 1.739299632551618924e+04 2.898729757420339229e+04
3.936061853025748132e+04 2.995561879612581833e+04 6.956706889227726788e+04 7.174107372662023408e+04 3.936077790421070677e+04 1.078953835437589987e+04 7.885687869199476154e+03 2.095305865414477303e+05 3.936090757411163941e+04 2.754649564470699988e+05 3.936104712778988323e+04 3.936101434531141422e+04 3.936108418135267857e+04 3.066537984645036340e+04 3.531598897266512504e+05 5.358689383266383811e+04 3.936115069093542115e+04 1.948529682092752773e+04 8.365691492273539188e+04 3.936092533036079112e+04 1.115829853858046408e+05 1.592923813981040439e+05 1.609116510324489172e+04 2.818101463555004011e+04 3.356396979656480835e+04
2.269214213599189243e+05 2.269218314738237532e+05 1.921394083210637327e+05 1.921393525231431704e+05 2.269215079266453395e+05 2.095305327283504303e+05 2.095305865414477303e+05 2.980001315987845010e+04 2.269214309698066209e+05 1.384338570787054487e+05 2.269215463756722165e+05 2.269215122191274422e+05 2.269216069943332695e+05 2.269218797409736435e+05 2.255576075895799731e+05 1.979364861460164830e+05 2.269219037750630814e+05 2.182262872611892235e+05 1.881906051798667177e+05 2.269215185390586848e+05 1.521406691382897261e+05 8.389311330486845691e+04 2.008350278572075476e+05 2.269217589628327987e+05 2.269219103457763849e+05
1.015944052470045156e+00 1.615065187935468748e+04 8.695824827170504432e+04 8.913217899908901018e+04 1.207794013045485393e+00 3.478416612498649192e+04 3.936090757411163941e+04 2.269214309698066209e+05 5.435396287722813469e-01 2.974324845749839442e+05 1.251587842900214076e+00 1.150229700775432518e+00 1.366034467486749282e+00 1.739300847991363116e+04 3.705508872466932517e+05 7.991888328585834824e+04 8.697344433761714754e+03 2.608862576503386663e+04 1.010479024653339875e+05 1.117768553283854605e+00 1.351850134816054779e+05 1.793451038883853180e+05 5.296615661497351539e+04 1.739283630999577508e+04 1.449444592008251311e+04
2.974323812774908147e+05 2.974327788637991762e+05 2.626503117836750462e+05 2.626504445855634985e+05 2.974324308615623158e+05 2.800413851428846247e+05 2.754649564470699988e+05 1.384338570787054487e+05 2.974324845749839442e+05 5.370755392353722709e+04 2.974324828255009488e+05 2.974325544156194082e+05 2.974326167482285528e+05 2.974328701006404590e+05 1.374307206172564183e+05 2.675321172083387501e+05 2.974327469733981416e+05 2.887370939709256054e+05 2.569951049181690614e+05 2.974324842524135020e+05 2.326564050530639652e+05 2.007983591560744098e+05 2.626503043263008585e+05 2.974327093079030165e+05 2.974328765207386459e+05
1.080287794633102427e+00 1.615072831812887671e+04 8.695837942676735111e+04 8.913237484664403019e+04 1.278655488292186559e+00 3.478428899533409276e+04 3.936104712778988323e+04 2.269215463756722456e+05 1.251587842900214076e+00 2.974324828255009488e+05 5.402354975517731361e-01 1.313262877537233031e+00 1.295677176240269679e+00 1.739304521781712174e+04 3.705510090024027741e+05 7.991903590425531729e+04 8.697377749000337644e+03 2.608860064045116815e+04 1.010479617868139903e+05 1.289956399180145930e+00 1.351851346214128134e+05 1.793452785186907859e+05 5.296628643141079374e+04 1.739287443510830417e+04 1.449448821086932912e+04
1.083711101118039588e+00 1.615074045241237945e+04 8.695832633678453567e+04 8.913222617890186666e+04 1.294882182035485441e+00 3.478424909105613187e+04 3.936101434531141422e+04 2.269215122191274713e+05 1.150229700775432518e+00 2.974325544156194082e+05 1.313262877537232809e+00 5.499491698029098652e-01 1.333024680072238510e+00 1.739310660878424460e+04 3.705509194840816781e+05 7.991899901491944911e+04 8.697350128845631843e+03 2.608862442842284145e+04 1.010480032267096103e+05 1.296921029989381413e+00 1.351851358070749266e+05 1.793452508806107508e+05 5.296626586297195172e+04 1.739285109046148864e+04 1.449452191132936969e+04
1.087415286130572589e+00 1.615074714340143692e+04 8.695840167986426968e+04 8.913238100075224065e+04 1.309009157583121086e+00 3.478429611495282734e+04 3.936108418135267857e+04 2.269216069943332986e+05 1.366034467486749282e+00 2.974326167482285528e+05 1.295677176240269679e+00 1.333024680072238510e+00 5.662769968135862309e-01 1.739304492116852634e+04 3.705510638719653361e+05 7.991903210660388868e+04 8.697379429848993823e+03 2.608858462530270481e+04 1.010480453137908335e+05 1.315554813302494797e+00 1.351851862934422970e+05 1.793453080293749226e+05 5.296628495090314391e+04 1.739280185170701952e+04 1.449457087116613911e+04
1.739251276236983904e+04 3.728402442528730262e+03 8.695849010413173528e+04 8.913256680600193795e+04 1.739268590265228340e+04 2.608879495290998238e+04 3.066537984645036340e+04 2.269218797409736726e+05 1.739300847991363116e+04 2.974328701006404590e+05 1.739304521781712174e+04 1.739310660878424460e+04 1.739304492116852634e+04 6.172406376251522442e-01 3.705511814992429572e+05 7.412209354350085778e+04 8.697231159436445523e+03 1.739304745949252901e+04 1.010481939471986116e+05 1.739290986454588347e+04 1.351854500010547345e+05 1.793456373224129493e+05 4.427070137018593960e+04 8.697301305190923813e+03 2.900108788393762552e+03
3.705508438108203700e+05 3.705511277361084358e+05 3.325650828312744270e+05 3.357686246324909152e+05 3.705508501886887825e+05 3.531598472028364195e+05 3.531598897266512504e+05 2.255576075895800022e+05 3.705508872466932517e+05 1.374307206172564183e+05 3.705510090024027741e+05 3.705509194840816781e+05 3.705510638719653361e+05 3.705511814992429572e+05 6.380878191734300344e+04 3.337854725158645306e+05 3.705511970002197777e+05 3.618555717526751687e+05 3.326630885076311533e+05 3.705509151395132649e+05 3.089814632974877022e+05 2.815560930930384784e+05 3.444642721581943333e+05 3.705511483068768284e+05 3.705511702983939904e+05
7.991858848495318671e+04 7.412207107096281834e+04 2.239395550816122341e+04 2.743469675620276757e+04 7.991872063235696987e+04 5.673062170330322988e+04 5.358689383266383084e+04 1.979364861460164830e+05 7.991888328585834824e+04 2.675321172083387501e+05 7.991903590425531729e+04 7.991899901491944911e+04 7.991903210660388868e+04 7.412209354350085778e+04 3.337854725158644724e+05 1.593416706371260079e+04 7.991913357944636664e+04 6.542635203295018437e+04 4.096082811648646020e+04 7.991887958779912151e+04 7.950508564805518836e+04 1.418418924597679288e+05 4.260217470158141805e+04 7.412204507827035559e+04 7.605446385373717931e+04
8.696846139065959505e+03 1.242393620574437409e+04 8.695848520641891810e+04 8.913251224255567649e+04 8.697042983694847862e+03 3.478428791483703390e+04 3.936115069093542115e+04 2.269219037750630814e+05 8.697344433761714754e+03 2.974327469733981416e+05 8.697377749000337644e+03 8.697350128845631843e+03 8.697379429848993823e+03 8.697231159436445523e+03 3.705511970002197777e+05 7.991913357944636664e+04 6.015123253530956227e-01 2.608863011328089851e+04 1.010482345553504274e+05 8.697253672136121168e+03 1.351853657103289443e+05 1.793455851347807620e+05 5.296640875952441274e+04 1.739284518173326069e+04 5.798723598735380619e+03
2.608818908800875215e+04 1.490854129990813090e+04 7.826279172944808670e+04 8.043683520945576311e+04 2.608838196907376550e+04 8.697228316727452693e+03 1.948529682092752773e+04 2.182262872611892235e+05 2.608862576503386663e+04 2.887370939709255472e+05 2.608860064045116815e+04 2.608862442842284145e+04 2.608858462530270481e+04 1.739304745949252901e+04 3.618555717526751687e+05 6.542635203295018437e+04 2.608863011328089851e+04 8.696273840855181334e+03 9.235253435122675728e+04 2.608853316039822312e+04 1.264896671769276145e+05 1.706499050908420759e+05 3.557502833907190507e+04 8.697288672669772495e+03 2.029158811358781168e+04
1.010476319431199663e+05 1.010481858841854410e+05 2.212632007841608356e+04 1.674836392833645004e+04 1.010477709322253941e+05 8.365685575803366373e+04 8.365691492273539188e+04 1.881906051798667177e+05 1.010479024653339875e+05 2.569951049181690614e+05 1.010479617868139903e+05 1.010480032267096103e+05 1.010480453137908335e+05 1.010481939471986116e+05 3.326630885076311533e+05 4.096082811648646020e+04 1.010482345553504274e+05 9.235253435122675728e+04 1.166002368034340543e+04 1.010478010900662048e+05 6.013810924780735513e+04 1.241068428246060794e+05 7.417066524311152170e+04 1.010480955398587539e+05 1.010482606341412611e+05
8.740253931083407091e-01 1.615057954767757474e+04 8.695825352104904596e+04 8.913213647280550504e+04 1.014113486817981302e+00 3.478416192156093166e+04 3.936092533036079112e+04 2.269215185390586848e+05 1.117768553283854605e+00 2.974324842524135020e+05 1.289956399180145930e+00 1.296921029989381413e+00 1.315554813302494797e+00 1.739290986454588347e+04 3.705509151395132649e+05 7.991887958779912151e+04 8.697253672136121168e+03 2.608853316039822312e+04 1.010478010900662048e+05 5.522774532463565755e-01 1.351849571435818798e+05 1.793451363511832606e+05 5.296612796308117686e+04 1.739275236662606039e+04 1.449434888684434554e+04
1.351848104639180237e+05 1.351853120870878920e+05 7.787865476088119613e+04 7.688497760188153188e+04 1.351849331281328341e+05 1.177939640504803392e+05 1.115829853858046408e+05 1.521406691382897261e+05 1.351850134816055070e+05 2.326564050530639361e+05 1.351851346214128134e+05 1.351851358070749266e+05 1.351851862934422970e+05 1.351854500010547345e+05 3.089814632974877022e+05 7.950508564805518836e+04 1.351853657103289443e+05 1.264896671769276145e+05 6.013810924780735513e+04 1.351849571435818798e+05 2.552968721884690603e+04 7.721728165306830488e+04 1.000434593187118589e+05 1.351852952388580015e+05 1.351853992396343674e+05
1.793450613370834326e+05 1.793454481994392700e+05 1.371095690395466809e+05 1.352073569936382992e+05 1.793451875035747362e+05 1.619541063048702490e+05 1.592923813981040439e+05 8.389311330486845691e+04 1.793451038883853180e+05 2.007983591560744098e+05 1.793452785186907859e+05 1.793452508806107508e+05 1.793453080293749226e+05 1.793456373224129493e+05 2.815560930930384784e+05 1.418418924597679288e+05 1.793455851347807620e+05 1.706499050908420759e+05 1.241068428246060794e+05 1.793451363511832606e+05 7.721728165306830488e+04 2.671062949666588611e+04 1.495319515598371800e+05 1.793454493054445193e+05 1.793456306761407468e+05
5.296580977738535876e+04 4.427071631944640103e+04 6.008097583262050466e+04 6.225492418213981728e+04 5.296595803636744677e+04 2.687935191775799103e+04 1.609116510324489354e+04 2.008350278572075476e+05 5.296615661497351539e+04 2.626503043263008585e+05 5.296628643141080101e+04 5.296626586297195172e+04 5.296628495090315846e+04 4.427070137018593960e+04 3.444642721581942751e+05 4.260217470158142532e+04 5.296640875952442002e+04 3.557502833907190507e+04 7.417066524311153626e+04 5.296612796308117686e+04 1.000434593187118589e+05 1.495319515598371800e+05 1.437908083722207948e+03 4.427066275192092871e+04 4.716929791577256401e+04
1.739241533137173974e+04 6.212653380986187585e+03 8.695851497804906103e+04 8.913245470070237934e+04 1.739259917763779231e+04 1.739299632551618924e+04 2.818101463555004011e+04 2.269217589628327987e+05 1.739283630999577508e+04 2.974327093079030165e+05 1.739287443510830417e+04 1.739285109046148864e+04 1.739280185170701952e+04 8.697301305190923813e+03 3.705511483068768284e+05 7.412204507827034104e+04 1.739284518173326069e+04 8.697288672669772495e+03 1.010480955398587394e+05 1.739275236662606039e+04 1.351852952388580015e+05 1.793454493054445193e+05 4.427066275192092144e+04 5.993040789650749822e-01 1.159593737162086290e+04
1.449401229398027317e+04 6.626827366422239720e+03 8.695852582400351821e+04 8.913247837958710443e+04 1.449422494752228522e+04 2.898729757420339229e+04 3.356396979656480835e+04 2.269219103457764431e+05 1.449444592008251311e+04 2.974328765207386459e+05 1.449448821086932912e+04 1.449452191132936969e+04 1.449457087116613911e+04 2.900108788393762552e+03 3.705511702983939904e+05 7.605446385373717931e+04 5.798723598735380619e+03 2.029158811358781168e+04 1.010482606341412611e+05 1.449434888684434554e+04 1.351853992396343674e+05 1.793456306761407468e+05 4.716929791577256401e+04 1.159593737162086290e+04 3.865306576489979307e+03
