3.618312715996283805e+04 1.816670370850964100e+05 2.892390493307728902e+05 5.103306519593205885e+05 4.206386377404244849e+05 2.063847887503637758e+05 2.063847359924440680e+05 2.063850693528905103e+05 2.063850018205654342e+05 1.694851118631043646e+05 1.907859119044654944e+05 2.166569589287815616e+05 2.063849019619993924e+05 1.216462663568193093e+05 2.063849308571262227e+05 2.063850579825987224e+05 2.063850288192431617e+05 2.063850623301695741e+05 1.965329054533357557e+05 1.437821767605718633e+05 2.063849850825051835e+05 8.610382682273250248e+04 2.035701998434410489e+05 3.648265959123810171e+05 1.019275414238415542e+05
1.816670370850964100e+05 2.011695089242745235e+04 3.497817900647658971e+05 5.579496192652935861e+05 4.682576107617819798e+05 7.933607623050949769e+04 7.933595512834937836e+04 7.252485838955950749e+04 7.933626079253382341e+04 5.124958764922237606e+04 3.168695052378963373e+04 2.903570476058092318e+05 7.933609825278694916e+04 1.000070004973211180e+05 7.933621118959112209e+04 7.933633136918304081e+04 6.911915254717768403e+04 7.933626202355192800e+04 4.537464465875596943e+04 2.399060207019984373e+05 7.933617986641543393e+04 2.185581401882750215e+05 5.434083236361324816e+04 4.134620908355963766e+05 1.300216316539126856e+05
2.892390493307728902e+05 3.497817900647658971e+05 6.994321866593394952e+04 4.145218024988117395e+05 3.088883299965652986e+05 3.612758117648740299e+05 3.612759048673296929e+05 3.612760765795733314e+05 3.612760553754828870e+05 3.497818163516044733e+05 3.555291308574742870e+05 1.725091151102673612e+05 3.612759994387379847e+05 3.152992736379692797e+05 3.612760308122440474e+05 3.612760684417718439e+05 3.612760516991392942e+05 3.612760236156675383e+05 3.612761943702877034e+05 2.476661371160038980e+05 3.612760525226318859e+05 2.588458348254550947e+05 3.612762042872793972e+05 2.441425682309283584e+05 3.054244205232459935e+05
5.103306519593205885e+05 5.579496192652935861e+05 4.145218024988116813e+05 1.486086282237370906e+05 3.188475696886318619e+05 5.694436795369728934e+05 5.694435929216333898e+05 5.694437493113889359e+05 5.694437379654058022e+05 5.579495649252559524e+05 5.636965860654173885e+05 4.399923604266133625e+05 5.694436668328907108e+05 5.234668244891752838e+05 5.694436634800011525e+05 5.694436373454746790e+05 5.694438127433191985e+05 5.694437248283280060e+05 5.694437898574200226e+05 4.890639210760852438e+05 5.694436716330416966e+05 4.990415840801702579e+05 5.694437561153909191e+05 3.537231830568783334e+05 5.196354847973338910e+05
4.206386377404244849e+05 4.682576107617819798e+05 3.088883299965653569e+05 3.188475696886319201e+05 1.229949072803119343e+05 4.797518070845410693e+05 4.797516930471397936e+05 4.797518255007979460e+05 4.797518813544186996e+05 4.682576266391883255e+05 4.740048882982874638e+05 3.358339200207018293e+05 4.797517954180514207e+05 4.337750853344448842e+05 4.797517902420368046e+05 4.797518009709870676e+05 4.797519428411848494e+05 4.797519035035599372e+05 4.797519953396885539e+05 4.044009774981493829e+05 4.797517776559758349e+05 4.107865858696587384e+05 4.797520389915580163e+05 2.488553687092217733e+05 4.297999980826794053e+05
2.063847887503638049e+05 7.933607623050949769e+04 3.612758117648740299e+05 5.694436795369728934e+05 4.797518070845410693e+05 5.899258057930257815e-01 1.149521573820295089e+04 7.664270033413184137e+03 1.192551158966422609e+00 1.019812755387754296e+05 6.008525020943233540e+04 3.018509586098718573e+05 1.149543773878262800e+04 1.458348014923190931e+05 1.149550071096285319e+04 1.200824470492641849e+00 1.696918755122876246e+04 1.149557695551129291e+04 4.597862632177709747e+04 2.519674799706221092e+05 1.149560321163870685e+04 2.313291553682608355e+05 3.776834918720222049e+04 4.249559709089733660e+05 1.646559028355933260e+05
2.063847359924440680e+05 7.933595512834936380e+04 3.612759048673296347e+05 5.694435929216333898e+05 4.797516930471397936e+05 1.149521573820295089e+04 4.847991584532494458e-01 1.915842629478739764e+04 1.149555271038816136e+04 1.019811668674499961e+05 6.008500778985385841e+04 3.018508629141839920e+05 9.066917555542138851e-01 1.458347403425686061e+05 1.003104770119496170e+00 1.149545777791765977e+04 2.846343159610833027e+04 1.131580203385940786e+00 4.597853150189806183e+04 2.519675018535255513e+05 1.047348833209649888e+00 2.313290055769457831e+05 3.776824547867893125e+04 4.249560453722602688e+05 1.646557154125969682e+05
2.063850693528905103e+05 7.252485838955950749e+04 3.612760765795733314e+05 5.694437493113889359e+05 4.797518255007979460e+05 7.664270033413184137e+03 1.915842629478739764e+04 5.109284783970860190e+03 7.664370031940658919e+03 1.019814706239472434e+05 5.242254920291560120e+04 3.018511271953447722e+05 1.915863044457135038e+04 1.458351329817982623e+05 1.915870311830817809e+04 7.664250622146692876e+03 9.306367699939675731e+03 1.915870660289969965e+04 3.831596704919509648e+04 2.519678850764816452e+05 1.915869313571257953e+04 2.313294420002765546e+05 3.010581684110981223e+04 4.249563274158780696e+05 1.646560751673878112e+05
2.063850018205654342e+05 7.933626079253382341e+04 3.612760553754828288e+05 5.694437379654058022e+05 4.797518813544186996e+05 1.192551158966422609e+00 1.149555271038816136e+04 7.664370031940658919e+03 6.644752967647949982e-01 1.019814903824616777e+05 6.008550611262762686e+04 3.018511979558004532e+05 1.149579769283121277e+04 1.458350371590735449e+05 1.149581089259571854e+04 1.291837388688666266e+00 1.696932431883546815e+04 1.149580903998268695e+04 4.597876926528473268e+04 2.519677653202338843e+05 1.149581506130239904e+04 2.313294120467716421e+05 3.776855112270261452e+04 4.249561602797945961e+05 1.646561589229900856e+05
1.694851118631043937e+05 5.124958764922237606e+04 3.497818163516044733e+05 5.579495649252559524e+05 4.682576266391883255e+05 1.019812755387754296e+05 1.019811668674499961e+05 1.019814706239472434e+05 1.019814903824616777e+05 2.562609690176253025e+03 6.488639776660238567e+04 2.903570431821671082e+05 1.019813341720995959e+05 8.178180514870394836e+04 1.019814152923381771e+05 1.019815264741283900e+05 1.019814802320615272e+05 1.019814797627097578e+05 7.899291400545266515e+04 2.353650788961673679e+05 1.019813883943279361e+05 2.083411329608478409e+05 8.720313948469878233e+04 4.134621035411885823e+05 1.071849041085606586e+05
1.907859119044654944e+05 3.168695052378963010e+04 3.555291308574742288e+05 5.636965860654173885e+05 4.740048882982874638e+05 6.008525020943233540e+04 6.008500778985385841e+04 5.242254920291560120e+04 6.008550611262762686e+04 6.488639776660238567e+04 1.030765772229501454e+04 2.961041370798841817e+05 6.008517847423519561e+04 1.285936875036588171e+05 6.008527797172123246e+04 6.008537996345324063e+04 4.859123202436144493e+04 6.008538337285215675e+04 2.450766798928606295e+04 2.462206008091495023e+05 6.008525690495558956e+04 2.255822033587837359e+05 3.381269288796844194e+04 4.192091433130187215e+05 1.474147923540108313e+05
2.166569589287815616e+05 2.903570476058092318e+05 1.725091151102673612e+05 4.399923604266133625e+05 3.358339200207018293e+05 3.018509586098717991e+05 3.018508629141839920e+05 3.018511271953447722e+05 3.018511979558004532e+05 2.903570431821671082e+05 2.961041370798841817e+05 6.481398778230409516e+04 3.018509637136766687e+05 2.558743410213291936e+05 3.018509963728945586e+05 3.018511147773661651e+05 3.018512282682170626e+05 3.018510853230216890e+05 3.018513450904033380e+05 1.479393651443623821e+05 3.018510279846173944e+05 1.737849837924068561e+05 3.018513352444849443e+05 2.755639179646178382e+05 2.452179441707207006e+05
2.063849019619993633e+05 7.933609825278693461e+04 3.612759994387379847e+05 5.694436668328907108e+05 4.797517954180514207e+05 1.149543773878262800e+04 9.066917555542138851e-01 1.915863044457135038e+04 1.149579769283121277e+04 1.019813341720995959e+05 6.008517847423519561e+04 3.018509637136766687e+05 6.367052257530929626e-01 1.458348788340991305e+05 1.161745274626112323e+00 1.149568064589397363e+04 2.846361632904897124e+04 1.339652665614497140e+00 4.597867230827208550e+04 2.519675710647030210e+05 1.209043468646655350e+00 2.313291082937736355e+05 3.776844763034368225e+04 4.249561273819553317e+05 1.646558704278167861e+05
1.216462663568193093e+05 1.000070004973211180e+05 3.152992736379693379e+05 5.234668244891752838e+05 4.337750853344448842e+05 1.458348014923190931e+05 1.458347403425686061e+05 1.458351329817982332e+05 1.458350371590735158e+05 8.178180514870396291e+04 1.285936875036588171e+05 2.558743410213291936e+05 1.458348788340991305e+05 1.650321550990893593e+04 1.458349631991519709e+05 1.458350667847541336e+05 1.458350497077973268e+05 1.458350618357553903e+05 1.343407397851128189e+05 1.893879063919408072e+05 1.458350383056917926e+05 1.623638945957353280e+05 1.425508952399635746e+05 3.789792342982332921e+05 4.668062391199844569e+04
2.063849308571262227e+05 7.933621118959112209e+04 3.612760308122439892e+05 5.694436634800011525e+05 4.797517902420368046e+05 1.149550071096285319e+04 1.003104770119496170e+00 1.915870311830817809e+04 1.149581089259571854e+04 1.019814152923381771e+05 6.008527797172123246e+04 3.018509963728945586e+05 1.161745274626112323e+00 1.458349631991520000e+05 6.301929434123421103e-01 1.149571253660727234e+04 2.846369466909881885e+04 1.407807721292402281e+00 4.597879136337273667e+04 2.519676496650100453e+05 1.274180292135147718e+00 2.313291553807620949e+05 3.776852882251110714e+04 4.249561743510803208e+05 1.646558994993724336e+05
2.063850579825987224e+05 7.933633136918304081e+04 3.612760684417718439e+05 5.694436373454746790e+05 4.797518009709870676e+05 1.200824470492641849e+00 1.149545777791765977e+04 7.664250622146692876e+03 1.291837388688666266e+00 1.019815264741283900e+05 6.008537996345324063e+04 3.018511147773661651e+05 1.149568064589397363e+04 1.458350667847541336e+05 1.149571253660727234e+04 6.763042676977862877e-01 1.696936842079097187e+04 1.149574654684609595e+04 4.597885474504929152e+04 2.519677866145110165e+05 1.149568593700526435e+04 2.313293628112379811e+05 3.776862395652300620e+04 4.249562267939923913e+05 1.646560932513592124e+05
2.063850288192431617e+05 6.911915254717768403e+04 3.612760516991393524e+05 5.694438127433191985e+05 4.797519428411848494e+05 1.696918755122875882e+04 2.846343159610833027e+04 9.306367699939675731e+03 1.696932431883546815e+04 1.019814802320615272e+05 4.859123202436144493e+04 3.018512282682171208e+05 2.846361632904897124e+04 1.458350497077973268e+05 2.846369466909881885e+04 1.696936842079097187e+04 5.734864892834187231e+03 2.846369039659426198e+04 2.953229029674164849e+04 2.519678182105034648e+05 2.846366447611424155e+04 2.313294663572008430e+05 2.080064720723377104e+04 4.249562243781026336e+05 1.646561675722507352e+05
2.063850623301695741e+05 7.933626202355192800e+04 3.612760236156675383e+05 5.694437248283280060e+05 4.797519035035599372e+05 1.149557695551129291e+04 1.131580203385941008e+00 1.915870660289969965e+04 1.149580903998268695e+04 1.019814797627097578e+05 6.008538337285215675e+04 3.018510853230216890e+05 1.339652665614497140e+00 1.458350618357553903e+05 1.407807721292402281e+00 1.149574654684609595e+04 2.846369039659426198e+04 6.943634552190873777e-01 4.597881799234305799e+04 2.519676624363010924e+05 1.338679224465809003e+00 2.313293207700211788e+05 3.776858023166623025e+04 4.249561797857287456e+05 1.646561367527992115e+05
1.965329054533357557e+05 4.537464465875595488e+04 3.612761943702877034e+05 5.694437898574200226e+05 4.797519953396885539e+05 4.597862632177709747e+04 4.597853150189806183e+04 3.831596704919509648e+04 4.597876926528473996e+04 7.899291400545266515e+04 2.450766798928606295e+04 3.018513450904033380e+05 4.597867230827208550e+04 1.343407397851128189e+05 4.597879136337273667e+04 4.597885474504929152e+04 2.953229029674164849e+04 4.597881799234305799e+04 1.981614588312639853e+03 2.519677406094784092e+05 4.597871609707284370e+04 2.313293968671949697e+05 9.306361040436382609e+03 4.249562177907158621e+05 1.531619986108742596e+05
1.437821767605718342e+05 2.399060207019984373e+05 2.476661371160038980e+05 4.890639210760852438e+05 4.044009774981493829e+05 2.519674799706221092e+05 2.519675018535255513e+05 2.519678850764816452e+05 2.519677653202338843e+05 2.353650788961673679e+05 2.462206008091494441e+05 1.479393651443623821e+05 2.519675710647030210e+05 1.893879063919408654e+05 2.519676496650100453e+05 2.519677866145110165e+05 2.519678182105034648e+05 2.519676624363010924e+05 2.519677406094784092e+05 3.385644562535583827e+04 2.519676635678184393e+05 9.781584748657536693e+04 2.519677554378618952e+05 3.264337551507412572e+05 1.787319727241768560e+05
2.063849850825051835e+05 7.933617986641543393e+04 3.612760525226318277e+05 5.694436716330416966e+05 4.797517776559758349e+05 1.149560321163870685e+04 1.047348833209649666e+00 1.915869313571257590e+04 1.149581506130239904e+04 1.019813883943279361e+05 6.008525690495558956e+04 3.018510279846173944e+05 1.209043468646655350e+00 1.458350383056917926e+05 1.274180292135147718e+00 1.149568593700526435e+04 2.846366447611424155e+04 1.338679224465809003e+00 4.597871609707284370e+04 2.519676635678184393e+05 7.232571239085739956e-01 2.313292360331333766e+05 3.776854117184663482e+04 4.249562259093611501e+05 1.646560379002109112e+05
8.610382682273250248e+04 2.185581401882750215e+05 2.588458348254550365e+05 4.990415840801702579e+05 4.107865858696586802e+05 2.313291553682608355e+05 2.313290055769457831e+05 2.313294420002765546e+05 2.313294120467716421e+05 2.083411329608478409e+05 2.255822033587837359e+05 1.737849837924068561e+05 2.313291082937736646e+05 1.623638945957353280e+05 2.313291553807620949e+05 2.313293628112379811e+05 2.313294663572008430e+05 2.313293207700211788e+05 2.313293968671949697e+05 9.781584748657536693e+04 2.313292360331334057e+05 4.813731860986408719e+04 2.313294057107880944e+05 3.435412365412211511e+05 1.513128045086552156e+05
2.035701998434410489e+05 5.434083236361324816e+04 3.612762042872793972e+05 5.694437561153909191e+05 4.797520389915580163e+05 3.776834918720221322e+04 3.776824547867893125e+04 3.010581684110981223e+04 3.776855112270261452e+04 8.720313948469879688e+04 3.381269288796844194e+04 3.018513352444849443e+05 3.776844763034368225e+04 1.425508952399635746e+05 3.776852882251110714e+04 3.776862395652300620e+04 2.080064720723377104e+04 3.776858023166623025e+04 9.306361040436380790e+03 2.519677554378618952e+05 3.776854117184663482e+04 2.313294057107880944e+05 4.692201590894326728e+03 4.249561622218556004e+05 1.613721526839229336e+05
3.648265959123810171e+05 4.134620908355963766e+05 2.441425682309283584e+05 3.537231830568783334e+05 2.488553687092217733e+05 4.249559709089733660e+05 4.249560453722602688e+05 4.249563274158780696e+05 4.249561602797946543e+05 4.134621035411885823e+05 4.192091433130187215e+05 2.755639179646178382e+05 4.249561273819553317e+05 3.789792342982332921e+05 4.249561743510803208e+05 4.249562267939923913e+05 4.249562243781026336e+05 4.249561797857287456e+05 4.249562177907158621e+05 3.264337551507411990e+05 4.249562259093610919e+05 3.435412365412211511e+05 4.249561622218556004e+05 1.028066783105350914e+05 3.750762418270872440e+05
1.019275414238415542e+05 1.300216316539126419e+05 3.054244205232460517e+05 5.196354847973338910e+05 4.297999980826794053e+05 1.646559028355932969e+05 1.646557154125969100e+05 1.646560751673878112e+05 1.646561589229900856e+05 1.071849041085606586e+05 1.474147923540108313e+05 2.452179441707207006e+05 1.646558704278167861e+05 4.668062391199844569e+04 1.646558994993724336e+05 1.646560932513592124e+05 1.646561675722507061e+05 1.646561367527992115e+05 1.531619986108742014e+05 1.787319727241768851e+05 1.646560379002109112e+05 1.513128045086552156e+05 1.613721526839229045e+05 3.750762418270872440e+05 2.542332108463187251e+04
