2.303786217187179136e+04 1.262605266141832981e+05 6.738024468243878800e+04 1.376890081349318207e+05 1.148319231068617810e+05 1.107503128779690014e+05 1.376890219680756563e+05 1.376886641339576454e+05 4.096800304280414130e+05 2.408387754646055691e+05 1.376889190006460994e+05 1.376887591696532909e+05 1.376889958779913723e+05 1.722893836090037948e+05 3.329858303689525346e+05 9.744295217477683036e+04 1.172698753806317982e+05 8.968599402634933358e+04 1.376887904895337124e+05 1.376885256694873678e+05 7.154661779264427605e+04 1.376891150569136080e+05 1.376889667634367070e+05 1.376890226687285467e+05 1.376891077963619027e+05
1.262605266141832981e+05 1.142927408972264311e+04 9.212593388157688605e+04 4.000188490015905700e+04 1.665784130953248678e+04 3.754194816041141894e+04 4.000195298649103643e+04 4.000152179181927931e+04 4.553941915929525858e+05 2.900903760132957832e+05 4.000174795831656229e+04 4.000178754369184026e+04 4.000194506686376553e+04 2.303996196796871955e+05 3.808428536371022929e+05 5.862962728998730017e+04 1.864988966947563749e+05 7.940895274308402441e+04 4.000163779605768650e+04 4.000137786468795821e+04 1.544506654836169910e+05 1.643012991617142688e+04 3.898133697176239366e+04 4.000192673398229090e+04 2.530787829578783203e+04
6.738024468243878800e+04 9.212593388157688605e+04 2.517571257203984715e+04 1.084524009763188369e+05 8.068461542811804975e+04 7.609278638961531396e+04 1.084524546816190996e+05 1.084520428342313389e+05 4.292718224311273661e+05 2.634626214474670123e+05 1.084523183662884258e+05 1.084521825435458595e+05 1.084523889424665249e+05 2.003221690601567389e+05 3.547204348249163595e+05 6.115168079710638995e+04 1.515178748469759885e+05 4.771575858757694368e+04 1.084521609106112155e+05 1.084519018085348071e+05 1.103665830733865878e+05 1.035544970986344706e+05 1.084523968753320660e+05 1.084524426900675171e+05 1.070530890496823122e+05
1.376890081349318207e+05 4.000188490015905700e+04 1.084524009763188369e+05 6.463075373719682215e-01 5.176021415623321809e+04 6.611365824239632639e+04 1.474484805444131075e+00 1.142998481221425754e+04 4.668226253902484896e+05 3.015187045808071271e+05 1.143013105681086199e+04 1.143005256010998164e+04 1.297816622452183877e+00 2.418280463073390129e+05 3.922712322040259023e+05 8.148679243140309700e+04 1.979274195626955188e+05 9.695987789439756307e+04 1.143007849492729110e+04 1.142971547320195532e+04 1.658790486354256864e+05 2.357319364160612167e+04 3.062695427907854537e+03 1.426297967737883310e+00 1.469562636069388282e+04
1.148319231068617373e+05 1.665784130953248678e+04 8.068461542811807885e+04 5.176021415623321809e+04 5.490796925083785027e+03 2.120259209935671242e+04 5.176022637302132352e+04 5.175978725318985380e+04 4.439655770567824366e+05 2.786617269616312115e+05 5.176003479235331179e+04 5.176005239267997968e+04 5.176024350624712679e+04 2.189710583177811641e+05 3.694143656241511926e+05 4.371884052770637209e+04 1.750702763731486921e+05 6.771964805861770583e+04 5.175992937286613596e+04 5.175965877309461212e+04 1.429333437509264331e+05 3.183651653889771478e+04 5.135923208346906904e+04 5.176014102271305455e+04 4.053558118273550645e+04
1.107503128779690014e+05 3.754194816041141894e+04 7.609278638961531396e+04 6.611365824239632639e+04 2.120259209935671242e+04 4.170445685634772417e+03 6.611370763391612854e+04 6.611324258131273382e+04 4.439656258773101727e+05 2.786618254771540524e+05 6.611351493381919863e+04 6.611349623569400865e+04 6.611366518763000204e+04 2.189710568643374427e+05 3.694143034284794703e+05 3.250934468284531249e+04 1.750703398894526763e+05 5.859474477417526214e+04 6.611337451012487873e+04 6.611314286986207298e+04 1.427685287660350441e+05 4.897064222758128017e+04 6.611351985922231688e+04 6.611364932897205290e+04 5.713398848426042969e+04
1.376890219680756563e+05 4.000195298649102187e+04 1.084524546816190996e+05 1.474484805444131075e+00 5.176022637302132352e+04 6.611370763391612854e+04 6.302000667997038619e-01 1.143010886437749650e+04 4.668227067821819801e+05 3.015187769949715002e+05 1.143028122586987229e+04 1.143017039139688131e+04 1.501289969903320642e+00 2.418281598905437859e+05 3.922713510500548873e+05 8.148676119067744003e+04 1.979274660965832882e+05 9.695986381908801559e+04 1.143020858049047820e+04 1.142980941854747107e+04 1.658791507655295427e+05 2.357327065518482050e+04 3.062862081272999603e+03 1.428138901638422942e+00 1.469561767935459102e+04
1.376886641339576454e+05 4.000152179181927204e+04 1.084520428342313389e+05 1.142998481221425754e+04 5.175978725318985380e+04 6.611324258131273382e+04 1.143010886437749650e+04 5.499038358648419278e-01 4.668224333828305826e+05 3.015185467183716246e+05 1.189042933079101916e+00 1.174177793666067338e+00 1.143000656598727437e+04 2.418277601616725733e+05 3.922710622330009937e+05 8.148648547209650860e+04 1.979270660255897674e+05 9.695955382119386923e+04 9.700911615935950971e-01 8.047239277344780950e-01 1.658787913392100018e+05 2.357297745275119451e+04 9.389032422275831777e+03 1.143003248956220523e+04 1.469536925735741715e+04
4.096800304280414130e+05 4.553941915929525858e+05 4.292718224311273661e+05 4.668226253902484896e+05 4.439655770567824366e+05 4.439656258773101727e+05 4.668227067821819801e+05 4.668224333828305826e+05 1.157881916119751550e+05 3.141439837450474733e+05 4.668224759311053785e+05 4.668225187067856314e+05 4.668226470232744468e+05 3.621632341807747143e+05 2.505065692345618445e+05 4.382513829146974604e+05 3.772990450310591259e+05 4.363466790803879267e+05 4.668224569255255628e+05 4.668224584403509507e+05 4.001562224078895524e+05 4.668227709971823497e+05 4.668225312721989467e+05 4.668226583409199375e+05 4.668227099392312812e+05
2.408387754646055691e+05 2.900903760132957832e+05 2.634626214474669541e+05 3.015187045808071271e+05 2.786617269616312115e+05 2.786618254771540524e+05 3.015187769949715002e+05 3.015185467183716246e+05 3.141439837450474733e+05 7.730082129564117349e+04 3.015185781523153419e+05 3.015185596718417364e+05 3.015187370543900761e+05 1.635339226994726632e+05 2.286627503549942630e+05 2.729474460164654884e+05 1.993984731238640961e+05 2.710427637076013489e+05 3.015186194916131208e+05 3.015184207650591852e+05 2.261830717342059070e+05 3.015188507725194213e+05 3.015187341939941980e+05 3.015187962607761147e+05 3.015189159961550031e+05
1.376889190006460994e+05 4.000174795831656229e+04 1.084523183662884258e+05 1.143013105681086199e+04 5.176003479235331179e+04 6.611351493381919863e+04 1.143028122586987229e+04 1.189042933079102138e+00 4.668224759311053203e+05 3.015185781523153419e+05 6.121024067798476187e-01 1.241731157700099120e+00 1.143014866952039301e+04 2.418278475303164159e+05 3.922711112196166068e+05 8.148674852565529000e+04 1.979272288073523960e+05 9.695978766197401274e+04 1.189883895368359701e+00 1.043369211039807842e+00 1.658790115964537545e+05 2.357321179155323989e+04 9.389103983450868327e+03 1.143017409892896649e+04 1.469553526277966375e+04
1.376887591696532909e+05 4.000178754369184026e+04 1.084521825435458595e+05 1.143005256010998164e+04 5.176005239267997968e+04 6.611349623569400865e+04 1.143017039139688131e+04 1.174177793666067338e+00 4.668225187067856896e+05 3.015185596718417364e+05 1.241731157700099120e+00 5.664579770747357745e-01 1.143009307367628389e+04 2.418279678234058956e+05 3.922711460163941374e+05 8.148662609780499770e+04 1.979272627203133306e+05 9.695969642641805694e+04 1.238315803671222293e+00 9.466686057796172005e-01 1.658788871207141492e+05 2.357313183907302664e+04 9.389177605765327826e+03 1.143013595747396175e+04 1.469555968950540591e+04
1.376889958779913723e+05 4.000194506686376553e+04 1.084523889424665249e+05 1.297816622452183877e+00 5.176024350624712679e+04 6.611366518762998749e+04 1.501289969903320864e+00 1.143000656598727437e+04 4.668226470232744468e+05 3.015187370543900761e+05 1.143014866952039301e+04 1.143009307367628389e+04 6.095433208770250078e-01 2.418280884191533551e+05 3.922712742301599355e+05 8.148672734685163596e+04 1.979274202170880162e+05 9.695984859528204834e+04 1.143009521394825060e+04 1.142974441280606698e+04 1.658791202154950588e+05 2.357326840979965345e+04 3.062708404591651743e+03 1.416480160691487189e+00 1.469567355045645672e+04
1.722893836090038239e+05 2.303996196796872246e+05 2.003221690601567389e+05 2.418280463073390129e+05 2.189710583177811932e+05 2.189710568643374718e+05 2.418281598905438441e+05 2.418277601616725733e+05 3.621632341807747143e+05 1.635339226994726632e+05 2.418278475303164450e+05 2.418279678234058956e+05 2.418280884191533551e+05 5.140309218804547709e+04 2.722643500775226858e+05 2.132568897529955721e+05 1.140013101526136161e+05 2.090780416129474179e+05 2.418278281301048701e+05 2.418277569805681414e+05 1.479371251046527468e+05 2.418282791026670311e+05 2.418279342507966503e+05 2.418280983879538253e+05 2.418281360375306103e+05
3.329858303689525346e+05 3.808428536371022929e+05 3.547204348249163013e+05 3.922712322040258441e+05 3.694143656241511926e+05 3.694143034284794703e+05 3.922713510500548873e+05 3.922710622330008773e+05 2.505065692345618445e+05 2.286627503549943212e+05 3.922711112196165486e+05 3.922711460163940792e+05 3.922712742301598773e+05 2.722643500775226858e+05 1.094939077722675283e+05 3.637000926678063697e+05 3.036294891334455460e+05 3.617953646794571541e+05 3.922710650094298180e+05 3.922710893291753600e+05 3.256047788506549550e+05 3.922714822379812249e+05 3.922711360769076273e+05 3.922713343375617405e+05 3.922713725432711653e+05
9.744295217477683036e+04 5.862962728998731473e+04 6.115168079710638995e+04 8.148679243140309700e+04 4.371884052770637209e+04 3.250934468284531249e+04 8.148676119067745458e+04 8.148648547209653771e+04 4.382513829146974604e+05 2.729474460164654884e+05 8.148674852565530455e+04 8.148662609780499770e+04 8.148672734685163596e+04 2.132568897529955138e+05 3.637000926678063697e+05 7.696823931474011260e+03 1.693561654241888318e+05 3.977017775809064187e+04 8.148660191132911132e+04 8.148628532412371715e+04 1.298336359603868623e+05 7.005815574468701379e+04 8.148674009244282206e+04 8.148682331279548816e+04 7.822146595158620039e+04
1.172698753806317982e+05 1.864988966947563749e+05 1.515178748469759885e+05 1.979274195626954897e+05 1.750702763731486921e+05 1.750703398894526763e+05 1.979274660965832882e+05 1.979270660255897674e+05 3.772990450310591841e+05 1.993984731238640961e+05 1.979272288073523960e+05 1.979272627203133306e+05 1.979274202170880162e+05 1.140013101526136161e+05 3.036294891334455460e+05 1.693561654241888318e+05 4.141516584389739728e+04 1.621173184977650235e+05 1.979271497454124037e+05 1.979270296005610726e+05 7.704676333035617427e+04 1.979275591193050204e+05 1.979273202175709011e+05 1.979274562158441986e+05 1.979275242214595783e+05
8.968599402634933358e+04 7.940895274308400985e+04 4.771575858757694368e+04 9.695987789439756307e+04 6.771964805861770583e+04 5.859474477417526214e+04 9.695986381908801559e+04 9.695955382119386923e+04 4.363466790803879267e+05 2.710427637076013489e+05 9.695978766197401274e+04 9.695969642641805694e+04 9.695984859528201923e+04 2.090780416129473888e+05 3.617953646794571541e+05 3.977017775809064187e+04 1.621173184977650235e+05 1.372395751739829939e+04 9.695967414251410810e+04 9.695938075368484715e+04 1.192115884298961464e+05 9.083744622580229770e+04 9.695986201883094327e+04 9.695978473994151864e+04 9.521063007246417692e+04
1.376887904895337415e+05 4.000163779605768650e+04 1.084521609106112155e+05 1.143007849492729110e+04 5.175992937286613596e+04 6.611337451012487873e+04 1.143020858049047820e+04 9.700911615935950971e-01 4.668224569255255628e+05 3.015186194916131208e+05 1.189883895368359923e+00 1.238315803671222293e+00 1.143009521394825060e+04 2.418278281301048701e+05 3.922710650094298180e+05 8.148660191132911132e+04 1.979271497454124037e+05 9.695967414251410810e+04 6.053634124355049551e-01 9.294364668768571036e-01 1.658788910586092679e+05 2.357309714045368310e+04 9.389124303742315533e+03 1.143013932087292960e+04 1.469547163370691487e+04
1.376885256694873970e+05 4.000137786468794366e+04 1.084519018085348071e+05 1.142971547320195532e+04 5.175965877309461212e+04 6.611314286986207298e+04 1.142980941854747107e+04 8.047239277344780950e-01 4.668224584403509507e+05 3.015184207650591852e+05 1.043369211039807842e+00 9.466686057796172005e-01 1.142974441280606698e+04 2.418277569805681414e+05 3.922710893291753600e+05 8.148628532412370259e+04 1.979270296005610726e+05 9.695938075368486170e+04 9.294364668768571036e-01 3.790463838911524164e-01 1.658786489179651835e+05 2.357272840431309305e+04 9.388905694856270202e+03 1.142981287781827450e+04 1.469520407766866265e+04
7.154661779264427605e+04 1.544506654836169910e+05 1.103665830733865878e+05 1.658790486354256864e+05 1.429333437509264331e+05 1.427685287660350441e+05 1.658791507655295427e+05 1.658787913392099726e+05 4.001562224078895524e+05 2.261830717342059070e+05 1.658790115964538127e+05 1.658788871207141492e+05 1.658791202154950588e+05 1.479371251046527468e+05 3.256047788506549550e+05 1.298336359603868332e+05 7.704676333035617427e+04 1.192115884298961464e+05 1.658788910586092679e+05 1.658786489179651835e+05 3.827539065631019184e+04 1.658792277051704878e+05 1.658790946511970833e+05 1.658791514657768712e+05 1.658791828480423137e+05
1.376891150569136080e+05 1.643012991617142688e+04 1.035544970986344706e+05 2.357319364160612167e+04 3.183651653889771478e+04 4.897064222758128017e+04 2.357327065518482050e+04 2.357297745275119451e+04 4.668227709971823497e+05 3.015188507725194213e+05 2.357321179155323989e+04 2.357313183907302664e+04 2.357326840979965345e+04 2.418282791026670311e+05 3.922714822379812249e+05 7.005815574468701379e+04 1.979275591193050204e+05 9.083744622580229770e+04 2.357309714045368310e+04 2.357272840431308941e+04 1.658792277051704878e+05 1.250716871288412904e+03 2.255278812801774620e+04 2.357331725787903997e+04 8.879135836856530659e+03
1.376889667634367070e+05 3.898133697176239366e+04 1.084523968753320660e+05 3.062695427907854992e+03 5.135923208346906904e+04 6.611351985922233143e+04 3.062862081273000058e+03 9.389032422275833596e+03 4.668225312721989467e+05 3.015187341939941980e+05 9.389103983450870146e+03 9.389177605765327826e+03 3.062708404591652652e+03 2.418279342507966503e+05 3.922711360769076273e+05 8.148674009244282206e+04 1.979273202175709011e+05 9.695986201883094327e+04 9.389124303742315533e+03 9.388905694856270202e+03 1.658790946511970833e+05 2.255278812801774620e+04 3.572069765438918239e+03 3.062757809907580850e+03 1.367505869831474774e+04
1.376890226687285467e+05 4.000192673398228362e+04 1.084524426900675171e+05 1.426297967737882866e+00 5.176014102271305455e+04 6.611364932897205290e+04 1.428138901638422942e+00 1.143003248956220523e+04 4.668226583409199375e+05 3.015187962607761147e+05 1.143017409892896649e+04 1.143013595747396175e+04 1.416480160691487189e+00 2.418280983879538253e+05 3.922713343375617987e+05 8.148682331279548816e+04 1.979274562158441986e+05 9.695978473994151864e+04 1.143013932087292960e+04 1.142981287781827450e+04 1.658791514657768712e+05 2.357331725787903997e+04 3.062757809907580850e+03 6.978653626406530197e-01 1.469561018246892127e+04
1.376891077963619027e+05 2.530787829578782839e+04 1.070530890496823122e+05 1.469562636069388464e+04 4.053558118273550645e+04 5.713398848426043696e+04 1.469561767935459284e+04 1.469536925735742079e+04 4.668227099392312812e+05 3.015189159961550031e+05 1.469553526277966739e+04 1.469555968950540773e+04 1.469567355045645854e+04 2.418281360375306103e+05 3.922713725432712818e+05 7.822146595158620039e+04 1.979275242214595783e+05 9.521063007246417692e+04 1.469547163370691851e+04 1.469520407766866265e+04 1.658791828480423137e+05 8.879135836856530659e+03 1.367505869831474774e+04 1.469561018246892309e+04 4.665450151419483518e+03
