6.777404373057541731e-01 7.833516628862365906e+04 1.992435504775945155e+05 1.791187438568770594e+05 1.345192231705806485e+00 3.380595187824611785e+05 1.739744696679042318e+04 1.427693394720014775e+00 5.500183548258990049e+04 1.454440043117806614e+00 4.181924064575754455e+05 5.912360921512552304e+05 4.000180195228061348e+04 1.400017449533520266e+05 4.000173117722230381e+04 1.149703096004310646e+05 1.626071110170168588e+00 3.668151374279392621e+04 1.100593769151414936e+00 5.100329967441176414e+05 2.502670453761618410e+05 1.262870771875134190e+00 7.000188748463100637e+04 2.770902606985538150e+05 1.438712918108054462e+00
7.833516628862365906e+04 1.582303458223590678e+04 1.609103699618045939e+05 1.407855669421893836e+05 7.833506897926951933e+04 3.180597428112926427e+05 7.166853769166156417e+04 7.833514069395042316e+04 5.370895324424301361e+04 7.833530020759084437e+04 3.981926063309703604e+05 5.712362982483600499e+05 6.833531261890112364e+04 9.500178087789604615e+04 6.833521329697468900e+04 5.394591607145324087e+04 7.833537652920446999e+04 6.833524959253268025e+04 7.833470395487180213e+04 4.900332432674078736e+05 2.174893334284445154e+05 7.833488782814313890e+04 4.587266069254237664e+04 2.501459596422488103e+05 7.833527968336333288e+04
1.992435504775945155e+05 1.609103699618045939e+05 2.859129850479056404e+04 5.770700069355640153e+04 1.992435074422178732e+05 2.725968378876048955e+05 1.992436206596791162e+05 1.992435101728917507e+05 1.892437833782210946e+05 1.992436865321189980e+05 3.556927934509865590e+05 5.287364672712758183e+05 1.992437794130659604e+05 1.165921451935613732e+05 1.992436637191231421e+05 1.282450706844129600e+05 1.992437170616752701e+05 1.992437098283651867e+05 1.992431856475574023e+05 4.475332924719538423e+05 1.244686836026720703e+05 1.992433397221977357e+05 1.781326409205931996e+05 1.822334622680819593e+05 1.992435804103516275e+05
1.791187438568770594e+05 1.407855669421893836e+05 5.770700069355640153e+04 2.705364627188312807e+04 1.791187067756135657e+05 2.768526184184327722e+05 1.791188140268226271e+05 1.791187256167102023e+05 1.691190524421905284e+05 1.791189375277322833e+05 3.581927022444016184e+05 5.312364362980995793e+05 1.791190288731298642e+05 8.540160724861056951e+04 1.791188966256937128e+05 1.063518453878361179e+05 1.791189452216102509e+05 1.791189862677650817e+05 1.791183843015557213e+05 4.475333363893454662e+05 1.443456515078770462e+05 1.791185633970910858e+05 1.580078282671209308e+05 1.932283792666917725e+05 1.791187787932043429e+05
1.345192231705806485e+00 7.833506897926951933e+04 1.992435074422178732e+05 1.791187067756135657e+05 7.165831149434661596e-01 3.380594791545941262e+05 1.739736139307101985e+04 1.397689445110140261e+00 5.500177342149136530e+04 1.480785179411612695e+00 4.181923077038293704e+05 5.912360856722384924e+05 4.000173672511564655e+04 1.400017105132919969e+05 4.000164959785874817e+04 1.149702574349494244e+05 1.622029854071574517e+00 3.668144057129279099e+04 1.061159289977412490e+00 5.100329858625449706e+05 2.502670303972531110e+05 1.245423080479415967e+00 7.000183436653694662e+04 2.770902291682817158e+05 1.507387319409123183e+00
3.380595187824611785e+05 3.180597428112926427e+05 2.725968378876048955e+05 2.768526184184327722e+05 3.380594791545941262e+05 7.011116353777823679e+04 3.380595979623451130e+05 3.380593257161790971e+05 3.280596765781263821e+05 3.380594893489317619e+05 2.452239868530917447e+05 4.316218245765899774e+05 3.380596510712798336e+05 2.893096847418558900e+05 3.380597137804573285e+05 3.059763507880690740e+05 3.380594586796800722e+05 3.380595595083644148e+05 3.380592706134044565e+05 3.539578629479492665e+05 2.446774223564933345e+05 3.380593987065621186e+05 3.180597175016721594e+05 1.964190120699391118e+05 3.380595056058580521e+05
1.739744696679042318e+04 7.166853769166156417e+04 1.992436206596791453e+05 1.791188140268226271e+05 1.739736139307101985e+04 3.380595979623451130e+05 1.414361320412885289e+04 1.739743462702245597e+04 4.135590266631227860e+04 1.739746005686833087e+04 4.181924980711133103e+05 5.912361882398566231e+05 2.604330438591243364e+04 1.355574217303708137e+05 2.323077278886209024e+04 1.083036819833447662e+05 1.739742489028395721e+04 1.991044549731106963e+04 1.739702383401251791e+04 5.100331066570784897e+05 2.502671543943474826e+05 1.739725232751922522e+04 5.740920727732553496e+04 2.770902723670356208e+05 1.739741858018039420e+04
1.427693394720014775e+00 7.833514069395042316e+04 1.992435101728917507e+05 1.791187256167102023e+05 1.397689445110140261e+00 3.380593257161790971e+05 1.739743462702245597e+04 6.617027093388181402e-01 5.500170469591020810e+04 1.405437377294452839e+00 4.181924132320305798e+05 5.912359959218335571e+05 4.000164869939142227e+04 1.400017397287655622e+05 4.000168646931691183e+04 1.149701872718891827e+05 1.457475478434053340e+00 3.668136283695283055e+04 1.051557049874670247e+00 5.100329172710627317e+05 2.502669036154803180e+05 1.198249817554806640e+00 7.000172054027910053e+04 2.770900430268222117e+05 1.503271388370307049e+00
5.500183548258990777e+04 5.370895324424301361e+04 1.892437833782210946e+05 1.691190524421905284e+05 5.500177342149136530e+04 3.280596765781263821e+05 4.135590266631227860e+04 5.500170469591020810e+04 2.353908899066440426e+04 5.500183210483977746e+04 4.073593372037797817e+05 5.812361845748907654e+05 2.868521872338414687e+04 1.233352547228096373e+05 3.500167685773749690e+04 9.219258646909779054e+04 5.500189882147250319e+04 3.487486059518677939e+04 5.500141005746932206e+04 5.000331251569933956e+05 2.402671552894707711e+05 5.500161007883427374e+04 3.522424121838941210e+04 2.670903854425636237e+05 5.500194507913912093e+04
1.454440043117806836e+00 7.833530020759084437e+04 1.992436865321189980e+05 1.791189375277322833e+05 1.480785179411612695e+00 3.380594893489317619e+05 1.739746005686833087e+04 1.405437377294452839e+00 5.500183210483977018e+04 7.023662791002255323e-01 4.181925123805219773e+05 5.912360039626540383e+05 4.000179741549929895e+04 1.400019087311137991e+05 4.000183893647434161e+04 1.149703520624746889e+05 1.426342307837224155e+00 3.668142513827128278e+04 1.227188538572476117e+00 5.100329499029416475e+05 2.502670471305721148e+05 1.406195220308436911e+00 7.000188032459760143e+04 2.770901615544892265e+05 1.503311572901678828e+00
4.181924064575754455e+05 3.981926063309703604e+05 3.556927934509865590e+05 3.581927022444016184e+05 4.181923077038293704e+05 2.452239868530917447e+05 4.181924980711133103e+05 4.181924132320306380e+05 4.073593372037797817e+05 4.181925123805219773e+05 1.229341411739272735e+05 4.016194802225947496e+05 4.181927065721599502e+05 3.777760613486631191e+05 4.181926129645433393e+05 3.881927228869971586e+05 4.181925176073634066e+05 4.181925699956923490e+05 4.181922603323147050e+05 3.060485264156330377e+05 3.259780340261587990e+05 4.181923686664212728e+05 3.881927493011312326e+05 2.994636315843671327e+05 4.181924115443400224e+05
5.912360921512552304e+05 5.712362982483600499e+05 5.287364672712758183e+05 5.312364362980995793e+05 5.912360856722384924e+05 4.316218245765899774e+05 5.912361882398566231e+05 5.912359959218335571e+05 5.812361845748907654e+05 5.912360039626540383e+05 4.016194802225947496e+05 1.502954552673103462e+05 5.912362498985514976e+05 5.508196780560289044e+05 5.912363150616888888e+05 5.612362539356508059e+05 5.912361304379858775e+05 5.912361446165553061e+05 5.912360779328044737e+05 3.835811123864563997e+05 4.920196858259986038e+05 5.912360814425993012e+05 5.712362414393500658e+05 4.725255206453751889e+05 5.912361601768938126e+05
4.000180195228061348e+04 6.833531261890112364e+04 1.992437794130659022e+05 1.791190288731298642e+05 4.000173672511564655e+04 3.380596510712798336e+05 2.604330438591243001e+04 4.000164869939142227e+04 2.868521872338414687e+04 4.000179741549929895e+04 4.181927065721598919e+05 5.912362498985514976e+05 7.451241041290931344e-01 1.333352949248832592e+05 2.000163880932772736e+04 1.049704163365063141e+05 4.000182009268676484e+04 1.903889483175353598e+04 4.000140722955697129e+04 5.100331018100805813e+05 2.502671262635550811e+05 4.000160395656071341e+04 5.111284645989031560e+04 2.770903857225756510e+05 4.000185982658622379e+04
1.400017449533520266e+05 9.500178087789606070e+04 1.165921451935613732e+05 8.540160724861056951e+04 1.400017105132919969e+05 2.893096847418557736e+05 1.355574217303708137e+05 1.400017397287655331e+05 1.233352547228096373e+05 1.400019087311137991e+05 3.777760613486630609e+05 5.508196780560289044e+05 1.333352949248832592e+05 2.599706797345997984e+04 1.333352686624616035e+05 5.183409454879993427e+04 1.400019512946974428e+05 1.333352528240280517e+05 1.400013576289292541e+05 4.696166335633867420e+05 1.754061064634626673e+05 1.400015654781738413e+05 1.122241572719814139e+05 2.200071321354685642e+05 1.400018240245582710e+05
4.000173117722230381e+04 6.833521329697468900e+04 1.992436637191231421e+05 1.791188966256937128e+05 4.000164959785874817e+04 3.380597137804573285e+05 2.323077278886209024e+04 4.000168646931691183e+04 3.500167685773749690e+04 4.000183893647434161e+04 4.181926129645432811e+05 5.912363150616888888e+05 2.000163880932772736e+04 1.333352686624616035e+05 7.575642206677052348e-01 1.049704588616613473e+05 4.000185616132299037e+04 4.284467882371298401e+03 4.000129275263360614e+04 5.100331826015847037e+05 2.502671460984348087e+05 4.000149272557534277e+04 5.111299136125558289e+04 2.770904367181385169e+05 4.000180571099650842e+04
1.149703096004310646e+05 5.394591607145324087e+04 1.282450706844129600e+05 1.063518453878361179e+05 1.149702574349494244e+05 3.059763507880690740e+05 1.083036819833447662e+05 1.149701872718891827e+05 9.219258646909779054e+04 1.149703520624747034e+05 3.881927228869971586e+05 5.612362539356508059e+05 1.049704163365063141e+05 5.183409454879993427e+04 1.049704588616613473e+05 2.223851300215092851e+04 1.149704532210801262e+05 1.049704352029482543e+05 1.149699018560082186e+05 4.800332122826971463e+05 1.858227063718808058e+05 1.149700690563469980e+05 8.385915583084100217e+04 2.304236735370316601e+05 1.149704234799715196e+05
1.626071110170168588e+00 7.833537652920446999e+04 1.992437170616752701e+05 1.791189452216102509e+05 1.622029854071574517e+00 3.380594586796800722e+05 1.739742489028395721e+04 1.457475478434053340e+00 5.500189882147250319e+04 1.426342307837224377e+00 4.181925176073634066e+05 5.912361304379858775e+05 4.000182009268676484e+04 1.400019512946974428e+05 4.000185616132299037e+04 1.149704532210801262e+05 6.990609704702313021e-01 3.668148084499698598e+04 1.259284752547121355e+00 5.100329620936322026e+05 2.502670935595632182e+05 1.507546656158670784e+00 7.000188672273294651e+04 2.770902021542179864e+05 1.530197360217120384e+00
3.668151374279392621e+04 6.833524959253268025e+04 1.992437098283651867e+05 1.791189862677650817e+05 3.668144057129279099e+04 3.380595595083644148e+05 1.991044549731106599e+04 3.668136283695283055e+04 3.487486059518677212e+04 3.668142513827128278e+04 4.181925699956923490e+05 5.912361446165553061e+05 1.903889483175353962e+04 1.333352528240280517e+05 4.284467882371299311e+03 1.049704352029482543e+05 3.668148084499699326e+04 5.537157723378314586e+03 3.668107982644384174e+04 5.100330330878481036e+05 2.502670983462618315e+05 3.668128327947454090e+04 5.111294882802161010e+04 2.770902443454253371e+05 3.668156128154693579e+04
1.100593769151414936e+00 7.833470395487180213e+04 1.992431856475574023e+05 1.791183843015557213e+05 1.061159289977412490e+00 3.380592706134044565e+05 1.739702383401251791e+04 1.051557049874670247e+00 5.500141005746930750e+04 1.227188538572476117e+00 4.181922603323148214e+05 5.912360779328044737e+05 4.000140722955697129e+04 1.400013576289292541e+05 4.000129275263360614e+04 1.149699018560082186e+05 1.259284752547121355e+00 3.668107982644384174e+04 4.209672366982453728e-01 5.100329147244219203e+05 2.502667526600883575e+05 8.038984447962446156e-01 7.000144274535123259e+04 2.770899481895083445e+05 1.186523305803985240e+00
5.100329967441176414e+05 4.900332432674078736e+05 4.475332924719538423e+05 4.475333363893454080e+05 5.100329858625449706e+05 3.539578629479492665e+05 5.100331066570784897e+05 5.100329172710626735e+05 5.000331251569933956e+05 5.100329499029416475e+05 3.060485264156330959e+05 3.835811123864563997e+05 5.100331018100805813e+05 4.696166335633867420e+05 5.100331826015847037e+05 4.800332122826972045e+05 5.100329620936322026e+05 5.100330330878481618e+05 5.100329147244219203e+05 1.351886569232689508e+05 4.176916566100311466e+05 5.100329693171005929e+05 4.900331539283366292e+05 3.812742821867115563e+05 5.100330167141545680e+05
2.502670453761618410e+05 2.174893334284445737e+05 1.244686836026720703e+05 1.443456515078770462e+05 2.502670303972531110e+05 2.446774223564933345e+05 2.502671543943474826e+05 2.502669036154803471e+05 2.402671552894707711e+05 2.502670471305721148e+05 3.259780340261587990e+05 4.920196858259986038e+05 2.502671262635550811e+05 1.754061064634626673e+05 2.502671460984348087e+05 1.858227063718808058e+05 2.502670935595632182e+05 2.502670983462618315e+05 2.502667526600883575e+05 4.176916566100311466e+05 4.797888764298637398e+04 2.502669011512659781e+05 2.297733112587800133e+05 1.362643523975501012e+05 2.502671130209114635e+05
1.262870771875133968e+00 7.833488782814315346e+04 1.992433397221977357e+05 1.791185633970910858e+05 1.245423080479415967e+00 3.380593987065620604e+05 1.739725232751922522e+04 1.198249817554806640e+00 5.500161007883427374e+04 1.406195220308436911e+00 4.181923686664212728e+05 5.912360814425993012e+05 4.000160395656072797e+04 1.400015654781738413e+05 4.000149272557535005e+04 1.149700690563470271e+05 1.507546656158670784e+00 3.668128327947454090e+04 8.038984447962446156e-01 5.100329693171005929e+05 2.502669011512659781e+05 6.607710134708538741e-01 7.000159670618599921e+04 2.770900983250573627e+05 1.368373625446694719e+00
7.000188748463100637e+04 4.587266069254238391e+04 1.781326409205931996e+05 1.580078282671209308e+05 7.000183436653694662e+04 3.180597175016721594e+05 5.740920727732552768e+04 7.000172054027910053e+04 3.522424121838941210e+04 7.000188032459760143e+04 3.881927493011312326e+05 5.712362414393500658e+05 5.111284645989031560e+04 1.122241572719814285e+05 5.111299136125558289e+04 8.385915583084100217e+04 7.000188672273294651e+04 5.111294882802161010e+04 7.000144274535123259e+04 4.900331539283366292e+05 2.297733112587800133e+05 7.000159670618599921e+04 4.731956639750433169e+03 2.570903795718067267e+05 7.000197007807559567e+04
2.770902606985538150e+05 2.501459596422488394e+05 1.822334622680819884e+05 1.932283792666917725e+05 2.770902291682817740e+05 1.964190120699391409e+05 2.770902723670356791e+05 2.770900430268222699e+05 2.670903854425636819e+05 2.770901615544892848e+05 2.994636315843670745e+05 4.725255206453751889e+05 2.770903857225757092e+05 2.200071321354685642e+05 2.770904367181385751e+05 2.304236735370316601e+05 2.770902021542179864e+05 2.770902443454253953e+05 2.770899481895084027e+05 3.812742821867114981e+05 1.362643523975501012e+05 2.770900983250574209e+05 2.570903795718067267e+05 5.853515976776626485e+04 2.770902529424700770e+05
1.438712918108054462e+00 7.833527968336333288e+04 1.992435804103516275e+05 1.791187787932043429e+05 1.507387319409123183e+00 3.380595056058580521e+05 1.739741858018038693e+04 1.503271388370307049e+00 5.500194507913912821e+04 1.503311572901678828e+00 4.181924115443399642e+05 5.912361601768938126e+05 4.000185982658622379e+04 1.400018240245582710e+05 4.000180571099650842e+04 1.149704234799714905e+05 1.530197360217120384e+00 3.668156128154693579e+04 1.186523305803985240e+00 5.100330167141545098e+05 2.502671130209114635e+05 1.368373625446694719e+00 7.000197007807559567e+04 2.770902529424700770e+05 7.427068405681798158e-01
