7.502847946801633225e+04 3.005373051522540627e+05 3.529180909942578292e+05 2.809604946438013576e+05 3.624415446505767759e+05 3.529180066509917378e+05 2.466664022692199796e+05 3.529179119505487033e+05 3.116483774039241252e+05 2.162366626128254284e+05 3.576798155647776439e+05 3.148230536802307470e+05 1.693743275171396963e+05 3.529178332488940214e+05 3.433943503140456160e+05 3.529180283118723892e+05 3.529178041150518693e+05 2.751403591338599799e+05 3.518599823533914750e+05 3.624415624949127669e+05 3.529179341155182919e+05 3.052992431122640846e+05 3.576796556586169172e+05 3.529180864012879319e+05 3.624419346739578759e+05
3.005373051522540627e+05 1.137633629914029916e+04 9.682737438250941341e+04 2.349710548484650644e+04 8.730307379006012343e+04 9.682724578191102773e+04 1.066246216618303151e+05 9.682725370475239470e+04 2.698602731457811387e+04 1.700320348965888261e+05 8.254148014961897570e+04 3.767956953032650199e+04 2.449092667575077794e+05 9.682716887868366030e+04 6.825596772492519813e+04 9.682729331693370477e+04 9.682717555213587184e+04 5.233728154775439907e+04 7.672147903303925705e+04 8.730331015975595801e+04 9.682730588380103291e+04 1.927593060844814318e+04 9.206499076309886004e+04 9.682742397270395304e+04 8.730366380580280384e+04
3.529180909942577709e+05 9.682737438250941341e+04 6.133667623427683235e-01 1.203228415650542302e+05 9.525053854070329180e+03 1.604429967007834135e+00 1.768437772481020074e+05 1.557814749792899134e+00 7.936702614510286367e+04 2.259215672764285409e+05 1.428741412148257587e+04 6.867358021076320438e+04 2.972901356477980735e+05 1.607476805258486463e+00 3.537602768312256376e+04 1.659777012458439227e+00 1.655074019210188041e+00 1.491626170303245890e+05 2.010764286030197036e+04 9.525420059992300594e+03 1.586851918690872498e+00 8.571618689795679529e+04 4.763245675220068733e+03 1.714673410674575793e+00 9.525356406225999308e+03
2.809604946438013576e+05 2.349710548484650644e+04 1.203228415650542302e+05 6.075693465240055957e+03 1.107983706916529336e+05 1.203227127883788198e+05 8.486153338730976975e+04 1.203227343469962943e+05 5.048144452390577499e+04 1.504552792976554483e+05 1.060369434522644588e+05 6.117496719865096384e+04 2.253326292714643059e+05 1.203225981382788013e+05 9.175128515545339906e+04 1.203227843449230568e+05 1.203224572749590880e+05 2.884160489345667156e+04 1.002168773598710977e+05 1.107985711540006450e+05 1.203227861701319052e+05 4.277180146936832898e+04 1.155604422711622756e+05 1.203227459901742695e+05 1.107990040231661405e+05
3.624415446505767759e+05 8.730307379006012343e+04 9.525053854070329180e+03 1.107983706916529336e+05 2.907142141660252754e-01 9.525029747019401839e+03 1.863669105038562266e+05 9.524898303713887799e+03 6.984252376429893775e+04 2.354449679983600508e+05 4.763100142074384166e+03 5.914909359729175048e+04 3.068135726673388272e+05 9.524845574221226343e+03 2.585154606558845262e+04 9.525037534683195190e+03 9.524726040953773918e+03 1.396381743080774904e+05 1.058317637774113609e+04 8.038406749077886548e-01 9.524976718010218974e+03 7.619189580334766652e+04 4.762569643955069296e+03 9.524915328131864953e+03 1.119225291159198665e+00
3.529180066509917961e+05 9.682724578191102773e+04 1.604429967007834135e+00 1.203227127883788198e+05 9.525029747019401839e+03 5.886382000763816791e-01 1.768436291621600394e+05 1.444467892268046283e+00 7.936702598860549915e+04 2.259215032041132508e+05 1.428723411752762149e+04 6.867359633652665070e+04 2.972899985627377755e+05 1.491284349025538303e+00 3.537599583322131366e+04 1.519920109137252062e+00 1.539169367168948144e+00 1.491625157301230065e+05 2.010762698809969515e+04 9.525288976122685199e+03 1.445498385295702626e+00 8.571616170732077444e+04 4.763215197299904503e+03 1.609862877299890416e+00 9.525559879482998440e+03
2.466664022692200087e+05 1.066246216618303151e+05 1.768437772481020074e+05 8.486153338730976975e+04 1.863669105038562266e+05 1.768436291621600394e+05 3.955656408091336925e+04 1.768435120578829665e+05 1.260501212667358195e+05 9.513329468747084320e+04 1.816053669917505467e+05 1.367434621033965086e+05 1.887462365270683658e+05 1.768433692384897149e+05 1.673199131469613349e+05 1.768436064260177081e+05 1.768432560575910029e+05 6.888884071031282656e+04 1.757854916297377786e+05 1.863669970973006275e+05 1.768436524333529233e+05 1.191179136199822678e+05 1.816051513371520559e+05 1.768435985249100777e+05 1.863674796400202613e+05
3.529179119505487033e+05 9.682725370475239470e+04 1.557814749792899134e+00 1.203227343469962943e+05 9.524898303713887799e+03 1.444467892268046283e+00 1.768435120578829665e+05 5.063898584110197998e-01 7.936689788983539620e+04 2.259213480574385321e+05 1.428710577234593438e+04 6.867347009609093948e+04 2.972898825370699051e+05 1.243328363638438017e+00 3.537600240270671929e+04 1.548295284373082170e+00 1.411271283144499122e+00 1.491624686612099758e+05 2.010764164695136787e+04 9.525165486087755198e+03 1.368858184076703122e+00 8.571611587484861957e+04 4.763056603092923069e+03 1.610269497273835837e+00 9.525437532078491131e+03
3.116483774039241252e+05 2.698602731457811024e+04 7.936702614510286367e+04 5.048144452390577499e+04 6.984252376429893775e+04 7.936702598860549915e+04 1.260501212667358195e+05 7.936689788983539620e+04 4.233420405952106194e+03 1.811430746984797588e+05 6.508111928017079481e+04 1.069489831121669886e+04 2.560205054857743380e+05 7.936690406228473876e+04 4.399255736575001356e+04 7.936704789738373074e+04 7.936674132620792079e+04 7.932134059321439418e+04 5.926081796582706738e+04 6.984281057305102877e+04 7.936694364365523506e+04 7.711411654984257439e+03 7.460469706608925480e+04 7.936692355489819602e+04 6.984310953853339015e+04
2.162366626128254284e+05 1.700320348965888261e+05 2.259215672764285409e+05 1.504552792976554483e+05 2.354449679983600508e+05 2.259215032041132508e+05 9.513329468747084320e+04 2.259213480574385321e+05 1.811430746984797588e+05 4.781166088842362660e+04 2.306831934757047566e+05 1.870877592194422032e+05 1.494550639783779916e+05 2.259212274264044827e+05 2.163978443876194069e+05 2.259214768588338047e+05 2.259212809961108142e+05 1.369427814625312458e+05 2.248634432364113454e+05 2.354450091315650789e+05 2.259213945786318800e+05 1.747937610287214920e+05 2.306829904915275401e+05 2.259216553182606585e+05 2.354454544389511284e+05
3.576798155647777021e+05 8.254148014961897570e+04 1.428741412148257587e+04 1.060369434522644588e+05 4.763100142074384166e+03 1.428723411752762149e+04 1.816053669917505467e+05 1.428710577234593438e+04 6.508111928017079481e+04 2.306831934757047566e+05 4.762537442101084707e+03 5.438768299619728350e+04 3.020517843036209815e+05 1.428706048308280151e+04 2.109013575306883649e+04 1.428730947259915047e+04 1.428722397542786348e+04 1.348766576316266437e+05 5.821717684969818947e+03 4.763308632175220737e+03 1.428713101471035770e+04 7.143028775940601190e+04 9.525033205963276487e+03 1.428742796577429544e+04 4.763754746634415824e+03
3.148230536802307470e+05 3.767956953032650199e+04 6.867358021076320438e+04 6.117496719865096384e+04 5.914909359729175048e+04 6.867359633652665070e+04 1.367434621033965086e+05 6.867347009609093948e+04 1.069489831121669886e+04 1.870877592194421741e+05 5.438768299619728350e+04 3.166442141300297862e+03 2.591950103505743027e+05 6.867347922384789854e+04 3.329897014186596061e+04 6.867357633759450982e+04 6.867330090370270773e+04 9.001464432563816081e+04 4.856737186797441245e+04 5.914938715507121378e+04 6.867357308831538830e+04 1.840493105040174123e+04 6.391126821389021643e+04 6.867341563684187713e+04 5.914960861469625524e+04
1.693743275171396963e+05 2.449092667575077794e+05 2.972901356477980735e+05 2.253326292714643059e+05 3.068135726673388272e+05 2.972899985627377755e+05 1.887462365270683658e+05 2.972898825370699051e+05 2.560205054857743380e+05 1.494550639783779916e+05 3.020517843036209815e+05 2.591950103505743027e+05 6.504293864679404942e+04 2.972898289729215903e+05 2.877664825361310504e+05 2.972899938261708594e+05 2.972898239389291848e+05 2.189207067720147024e+05 2.962320188659520354e+05 3.068135722025043215e+05 2.972898908975072554e+05 2.496711873346884386e+05 3.020515710867320304e+05 2.972900782526029507e+05 3.068138999417148298e+05
3.529178332488940796e+05 9.682716887868368940e+04 1.607476805258486463e+00 1.203225981382788013e+05 9.524845574221226343e+03 1.491284349025538303e+00 1.768433692384897149e+05 1.243328363638438017e+00 7.936690406228473876e+04 2.259212274264044827e+05 1.428706048308280151e+04 6.867347922384789854e+04 2.972898289729215903e+05 5.281975848874271851e-01 3.537595349804661237e+04 1.567642929911478022e+00 1.212050186886906689e+00 1.491623135285714525e+05 2.010754619100901618e+04 9.525041269325742178e+03 1.401611529127854805e+00 8.571606614174797141e+04 4.762987035227882188e+03 1.644792880652127476e+00 9.525485922392806970e+03
3.433943503140456160e+05 6.825596772492519813e+04 3.537602768312256376e+04 9.175128515545339906e+04 2.585154606558845262e+04 3.537599583322131366e+04 1.673199131469613349e+05 3.537600240270671929e+04 4.399255736575001356e+04 2.163978443876194069e+05 2.109013575306883649e+04 3.329897014186596789e+04 2.877664825361310504e+05 3.537595349804660509e+04 3.887895094476181384e+03 3.537600162467307382e+04 3.537579192318679270e+04 1.205911763604870212e+05 1.526966909211401617e+04 2.585188113464809430e+04 3.537604346082251868e+04 5.131387691918468772e+04 3.061372752605089772e+04 3.537592697322231106e+04 2.585211046860662100e+04
3.529180283118723892e+05 9.682729331693370477e+04 1.659777012458439227e+00 1.203227843449230568e+05 9.525037534683195190e+03 1.519920109137252062e+00 1.768436064260177081e+05 1.548295284373082170e+00 7.936704789738373074e+04 2.259214768588338047e+05 1.428730947259915047e+04 6.867357633759450982e+04 2.972899938261708594e+05 1.567642929911478022e+00 3.537600162467307382e+04 6.234476738522481964e-01 1.566886316372072541e+00 1.491624970019765897e+05 2.010769251764389264e+04 9.525317788152553476e+03 1.546575182365083290e+00 8.571623022275844414e+04 4.763181159833628953e+03 1.517456258856737517e+00 9.525473444411583841e+03
3.529178041150518693e+05 9.682717555213587184e+04 1.655074019210188041e+00 1.203224572749590880e+05 9.524726040953773918e+03 1.539169367168947922e+00 1.768432560575910029e+05 1.411271283144498900e+00 7.936674132620792079e+04 2.259212809961108142e+05 1.428722397542786348e+04 6.867330090370270773e+04 2.972898239389291848e+05 1.212050186886906467e+00 3.537579192318679270e+04 1.566886316372072985e+00 5.146124305906311092e-01 1.491621657662842481e+05 2.010741346635456648e+04 9.524772361923900462e+03 1.537295441572578136e+00 8.571606508166124695e+04 4.763027144783118274e+03 1.530234861564739868e+00 9.525347732997448475e+03
2.751403591338599799e+05 5.233728154775439907e+04 1.491626170303245890e+05 2.884160489345667520e+04 1.396381743080774904e+05 1.491625157301230065e+05 6.888884071031282656e+04 1.491624686612099758e+05 7.932134059321439418e+04 1.369427814625312458e+05 1.348766576316266437e+05 9.001464432563816081e+04 2.189207067720147024e+05 1.491623135285714525e+05 1.205911763604870212e+05 1.491624970019765897e+05 1.491621657662842481e+05 9.697129340150824646e+03 1.290566603515189781e+05 1.396382683888009342e+05 1.491625708866052737e+05 7.161170059755351394e+04 1.444001860133328883e+05 1.491624940175069205e+05 1.396387587504694529e+05
3.518599823533914168e+05 7.672147903303927160e+04 2.010764286030197036e+04 1.002168773598710977e+05 1.058317637774113609e+04 2.010762698809969515e+04 1.757854916297377786e+05 2.010764164695136787e+04 5.926081796582706738e+04 2.248634432364113454e+05 5.821717684969818038e+03 4.856737186797441245e+04 2.962320188659520354e+05 2.010754619100901618e+04 1.526966909211401799e+04 2.010769251764389264e+04 2.010741346635456648e+04 1.290566603515189781e+05 1.881841933894405884e+03 1.058353169369891475e+04 2.010769590652645638e+04 6.561024143576697679e+04 1.534537686909051263e+04 2.010748826117034332e+04 1.058371225843021784e+04
3.624415624949127669e+05 8.730331015975595801e+04 9.525420059992300594e+03 1.107985711540006741e+05 8.038406749077888769e-01 9.525288976122685199e+03 1.863669970973006275e+05 9.525165486087755198e+03 6.984281057305102877e+04 2.354450091315650789e+05 4.763308632175220737e+03 5.914938715507121378e+04 3.068135722025042633e+05 9.525041269325742178e+03 2.585188113464809430e+04 9.525317788152553476e+03 9.524772361923900462e+03 1.396382683888009342e+05 1.058353169369891475e+04 5.084150177915969238e-01 9.525296723722898605e+03 7.619216031833390298e+04 4.762856564954696296e+03 9.525269799025989414e+03 1.510058581264072108e+00
3.529179341155182919e+05 9.682730588380103291e+04 1.586851918690872276e+00 1.203227861701319052e+05 9.524976718010218974e+03 1.445498385295703070e+00 1.768436524333529233e+05 1.368858184076703122e+00 7.936694364365523506e+04 2.259213945786318800e+05 1.428713101471035770e+04 6.867357308831538830e+04 2.972898908975072554e+05 1.401611529127854805e+00 3.537604346082251868e+04 1.546575182365083290e+00 1.537295441572578136e+00 1.491625708866052737e+05 2.010769590652645638e+04 9.525296723722898605e+03 6.218979873701051542e-01 8.571613469876309682e+04 4.763126019975049530e+03 1.726702712379890370e+00 9.525445447000751301e+03
3.052992431122640846e+05 1.927593060844813954e+04 8.571618689795679529e+04 4.277180146936832898e+04 7.619189580334766652e+04 8.571616170732077444e+04 1.191179136199822824e+05 8.571611587484861957e+04 7.711411654984257439e+03 1.747937610287214920e+05 7.143028775940601190e+04 1.840493105040174123e+04 2.496711873346884386e+05 8.571606614174797141e+04 5.131387691918468772e+04 8.571623022275844414e+04 8.571606508166124695e+04 7.161170059755351394e+04 6.561024143576697679e+04 7.619216031833390298e+04 8.571613469876309682e+04 2.332991548286741363e+03 8.095384798792222864e+04 8.571627169835404493e+04 7.619250066199638241e+04
3.576796556586169172e+05 9.206499076309886004e+04 4.763245675220067824e+03 1.155604422711622756e+05 4.762569643955069296e+03 4.763215197299903593e+03 1.816051513371520559e+05 4.763056603092922160e+03 7.460469706608925480e+04 2.306829904915275401e+05 9.525033205963276487e+03 6.391126821389020915e+04 3.020515710867320304e+05 4.762987035227881279e+03 3.061372752605089772e+04 4.763181159833628044e+03 4.763027144783117365e+03 1.444001860133328883e+05 1.534537686909051263e+04 4.762856564954696296e+03 4.763126019975048621e+03 8.095384798792222864e+04 4.762343153434164378e+03 4.763300384271183248e+03 4.763303555938477075e+03
3.529180864012879319e+05 9.682742397270395304e+04 1.714673410674575793e+00 1.203227459901742695e+05 9.524915328131864953e+03 1.609862877299890416e+00 1.768435985249100195e+05 1.610269497273835837e+00 7.936692355489819602e+04 2.259216553182606585e+05 1.428742796577429544e+04 6.867341563684187713e+04 2.972900782526029507e+05 1.644792880652127476e+00 3.537592697322231106e+04 1.517456258856737517e+00 1.530234861564739424e+00 1.491624940175069205e+05 2.010748826117034332e+04 9.525269799025989414e+03 1.726702712379890370e+00 8.571627169835404493e+04 4.763300384271183248e+03 5.862304862972583797e-01 9.525368356779954411e+03
3.624419346739578759e+05 8.730366380580280384e+04 9.525356406225999308e+03 1.107990040231661405e+05 1.119225291159198665e+00 9.525559879482998440e+03 1.863674796400202613e+05 9.525437532078491131e+03 6.984310953853339015e+04 2.354454544389511284e+05 4.763754746634415824e+03 5.914960861469625524e+04 3.068138999417148298e+05 9.525485922392806970e+03 2.585211046860662100e+04 9.525473444411583841e+03 9.525347732997448475e+03 1.396387587504694529e+05 1.058371225843021784e+04 1.510058581264072108e+00 9.525445447000751301e+03 7.619250066199638241e+04 4.763303555938477075e+03 9.525368356779954411e+03 5.838769149562608174e-01
