1.108510497479566038e+04 1.051820601001226169e+05 1.051824366927754018e+05 1.049600978931259451e+05 7.006504545229872747e+04 1.051823588977568434e+05 1.051822171674134588e+05 1.051824824916279322e+05 1.051824718952502444e+05 1.051821983343856264e+05 1.037819309395224846e+05 7.411239991265797289e+04 2.293585225450877042e+05 3.589561158188864647e+04 1.848657591655592842e+05 1.077860899461159861e+05 1.002805228145583242e+05 2.877532100732125109e+05 4.245002090114202583e+05 9.059328225413983455e+04 3.570043638959253440e+05 1.051824017789907666e+05 5.218840285106613010e+04 1.051825027633313439e+05 1.442682974204253114e+05
1.051820601001226460e+05 3.891925279950285144e-01 4.903218285502843173e+03 1.213953730974058453e+04 4.472847767738103721e+04 1.041747874916568506e+00 9.271924352188681828e-01 8.171171101993533739e+03 1.058246653974573626e+00 4.902778727915677337e+03 1.610779846365441517e+04 1.517432197810775542e+05 2.794094490646026679e+05 1.270158613695684326e+05 2.349169180257746484e+05 1.715397545970671927e+05 1.960922130318936979e+04 3.371524301623896463e+05 4.735194121444749180e+05 3.052717154542583012e+04 4.060236849450407899e+05 4.902984420201500143e+03 6.660201098013868614e+04 1.085365340279411450e+00 1.987991004808202852e+05
1.051824366927754018e+05 4.903218285502843173e+03 6.369686017501640096e-01 7.237808100354570342e+03 4.472885610579814238e+04 4.903459521740147466e+03 4.903374879059501836e+03 3.269464515642433980e+03 4.903532356950794565e+03 1.273737501107468306e+00 1.610816876891237916e+04 1.517437630751250254e+05 2.794098468959290767e+05 1.270163890323376399e+05 2.349172061619719898e+05 1.715402298379802087e+05 1.960963933761318549e+04 3.371527664395697066e+05 4.735195638958955533e+05 3.052771854066094602e+04 4.060238006929958356e+05 1.343377168248097053e+00 6.660238590676808963e+04 4.903489417285387390e+03 1.987994426315205055e+05
1.049600978931259597e+05 1.213953730974058453e+04 7.237808100354570342e+03 2.801746608678173743e+03 4.027155607855856215e+04 1.213980394439553311e+04 1.213972607031566804e+04 3.969644188817379927e+03 1.213988858550965415e+04 7.237724865155984844e+03 9.338646041605119535e+03 1.517437819565469399e+05 2.794099700439434382e+05 1.270163921379708627e+05 2.349172173357106512e+05 1.715403565808623389e+05 1.284015343053976176e+04 3.371528950858964236e+05 4.735196484067216516e+05 2.515885545402508797e+04 4.060238344927721191e+05 7.237860493716091696e+03 6.660238695086346706e+04 1.213992202270715279e+04 1.987994488583492348e+05
7.006504545229872747e+04 4.472847767738103721e+04 4.472885610579814238e+04 4.027155607855856215e+04 1.007163871927156106e+04 4.472876261712919222e+04 4.472865802020185220e+04 4.182404167276743829e+04 4.472890038961866958e+04 4.472867342405197996e+04 3.897094494156462315e+04 1.254070096343661135e+05 2.641594421997730387e+05 9.645048860241127841e+04 2.196668672245367197e+05 1.552004051731762011e+05 3.546944239495297370e+04 3.219023474245760590e+05 4.582691659629578935e+05 2.674202426404639846e+04 3.907734789039003663e+05 4.472887041170596785e+04 3.173912771050320225e+04 4.472892893113270111e+04 1.830648587665694649e+05
1.051823588977568434e+05 1.041747874916568506e+00 4.903459521740147466e+03 1.213980394439553311e+04 4.472876261712918495e+04 6.161373045465435849e-01 1.155533776714983141e+00 8.171566536277795421e+03 1.279536868143091644e+00 4.903251516719335996e+03 1.610803115103729942e+04 1.517436637425075169e+05 2.794097154345338931e+05 1.270163106954911636e+05 2.349170899605390441e+05 1.715401783818613039e+05 1.960948693172199273e+04 3.371526482296698377e+05 4.735194878377748537e+05 3.052761967482426189e+04 4.060236964294925565e+05 4.903346072806165466e+03 6.660230798206252803e+04 1.428550920269522129e+00 1.987993092371313833e+05
1.051822171674134734e+05 9.271924352188685159e-01 4.903374879059501836e+03 1.213972607031566804e+04 4.472865802020184492e+04 1.155533776714983141e+00 5.675564551597435115e-01 8.171497278144805932e+03 1.307690583036432486e+00 4.903102072691696776e+03 1.610799737817697678e+04 1.517435323077614885e+05 2.794096094581540092e+05 1.270161953279728332e+05 2.349169626038797433e+05 1.715399949545882992e+05 1.960943239819471637e+04 3.371525673330607242e+05 4.735194642526048119e+05 3.052752546854664251e+04 4.060236570344503853e+05 4.903238774328208819e+03 6.660220026441926893e+04 1.340412149575608058e+00 1.987991514427013171e+05
1.051824824916279322e+05 8.171171101993533739e+03 3.269464515642433980e+03 3.969644188817379927e+03 4.182404167276743829e+04 8.171566536277795421e+03 8.171497278144805932e+03 2.179361764789654444e+03 8.171495001984615556e+03 3.269306833413110326e+03 1.284019551512889848e+04 1.517436330013185216e+05 2.794098327004662133e+05 1.270163246162243740e+05 2.349172792862769275e+05 1.715402046025155869e+05 1.634164010926508672e+04 3.371527650548553793e+05 4.735196221306024236e+05 2.725965352993643319e+04 4.060239301818658714e+05 3.269396967111021240e+03 6.660249560084131372e+04 8.171490075058884941e+03 1.987995327877195668e+05
1.051824718952502444e+05 1.058246653974573626e+00 4.903532356950794565e+03 1.213988858550965233e+04 4.472890038961866958e+04 1.279536868143091644e+00 1.307690583036432486e+00 8.171495001984615556e+03 6.079546691027878369e-01 4.903215305630898001e+03 1.610817882816544079e+04 1.517436474842720781e+05 2.794097082298533060e+05 1.270162895729078155e+05 2.349171964269727177e+05 1.715401359584309394e+05 1.960961868272908760e+04 3.371526363871087087e+05 4.735195538866277784e+05 3.052756889624770702e+04 4.060238311474040383e+05 4.903316246070243324e+03 6.660244604310969589e+04 1.284263067236429467e+00 1.987993992739032838e+05
1.051821983343856264e+05 4.902778727915677337e+03 1.273737501107468306e+00 7.237724865155984844e+03 4.472867342405197996e+04 4.903251516719335996e+03 4.903102072691696776e+03 3.269306833413110326e+03 4.903215305630898001e+03 5.033819736402197487e-01 1.610803230891836029e+04 1.517433650899700297e+05 2.794095372373878490e+05 1.270160110206833051e+05 2.349170113561770704e+05 1.715398520253381866e+05 1.960946362273941486e+04 3.371524714820783120e+05 4.735194307219044422e+05 3.052737406444317821e+04 4.060236856386172585e+05 1.028418721292732263e+00 6.660218054872428183e+04 4.903247846515553647e+03 1.987991738058553310e+05
1.037819309395224846e+05 1.610779846365441517e+04 1.610816876891237916e+04 9.338646041605119535e+03 3.897094494156463043e+04 1.610803115103729942e+04 1.610799737817697678e+04 1.284019551512889848e+04 1.610817882816544079e+04 1.610803230891836029e+04 2.001487451647168882e+03 1.505432898219990311e+05 2.794099007591980044e+05 1.256158965423702466e+05 2.349173378543282161e+05 1.666383801766463730e+05 3.502782860454289676e+03 3.371528622583854594e+05 4.735196613345080987e+05 1.932308697200028837e+04 4.060239101595216198e+05 1.610816467069324972e+04 6.520181126368117839e+04 1.610818291108410631e+04 1.938975352004214947e+05
7.411239991265797289e+04 1.517432197810775542e+05 1.517437630751250254e+05 1.517437819565469399e+05 1.254070096343661135e+05 1.517436637425075169e+05 1.517435323077614885e+05 1.517436330013185216e+05 1.517436474842720781e+05 1.517433650899700297e+05 1.505432898219990311e+05 1.875041683851830021e+04 2.091724682093082520e+05 5.060144245049533492e+04 1.554464736787330767e+05 6.756698257699122769e+04 1.475420283425704984e+05 2.753895608012928278e+05 4.139959954240674851e+05 1.401891406664951937e+05 3.465004087417018600e+05 1.517435492132231593e+05 1.084961103051862156e+05 1.517436596638367046e+05 1.107392568279517291e+05
2.293585225450876751e+05 2.794094490646026679e+05 2.794098468959290767e+05 2.794099700439434964e+05 2.641594421997729805e+05 2.794097154345338349e+05 2.794096094581540092e+05 2.794098327004662715e+05 2.794097082298533060e+05 2.794095372373878490e+05 2.794099007591980044e+05 2.091724682093082811e+05 7.017639465960452799e+04 2.196431427347799181e+05 1.229243089227016608e+05 1.907009332589861879e+05 2.794099336421742919e+05 1.746197633715667471e+05 3.411895006078910083e+05 2.720569774110779981e+05 2.712154849728851696e+05 2.794096239981020917e+05 2.598022499469263712e+05 2.794097111391376820e+05 1.711687638082494377e+05
3.589561158188865375e+04 1.270158613695684326e+05 1.270163890323376399e+05 1.270163921379708918e+05 9.645048860241127841e+04 1.270163106954911636e+05 1.270161953279728332e+05 1.270163246162243740e+05 1.270162895729078155e+05 1.270160110206833051e+05 1.256158965423702466e+05 5.060144245049533492e+04 2.196431427347799181e+05 2.128450800576083930e+04 1.730938018681903486e+05 9.274146879652504867e+04 1.221144990715999738e+05 2.830287129230033606e+05 4.212015855203993269e+05 1.147613739532663458e+05 3.537059212033790536e+05 1.270162024349188578e+05 7.449527007545463857e+04 1.270163234576903487e+05 1.304044554033841996e+05
1.848657591655592842e+05 2.349169180257746775e+05 2.349172061619719898e+05 2.349172173357106512e+05 2.196668672245367197e+05 2.349170899605390150e+05 2.349169626038797433e+05 2.349172792862769275e+05 2.349171964269727177e+05 2.349170113561770413e+05 2.349173378543281869e+05 1.554464736787330767e+05 1.229243089227016608e+05 1.730938018681902904e+05 4.612093332930681936e+04 1.289712459399546933e+05 2.349173364483349433e+05 2.112703727903969993e+05 3.636772079744470539e+05 2.275644316971909138e+05 2.952876222215672024e+05 2.349171566384342150e+05 2.153095031175191980e+05 2.349172656513729016e+05 9.768542911386655760e+04
1.077860899461159861e+05 1.715397545970671927e+05 1.715402298379802087e+05 1.715403565808623389e+05 1.552004051731762011e+05 1.715401783818613039e+05 1.715399949545882992e+05 1.715402046025155869e+05 1.715401359584309394e+05 1.715398520253381866e+05 1.666383801766463730e+05 6.756698257699122769e+04 1.907009332589861879e+05 9.274146879652504867e+04 1.289712459399546933e+05 3.590534093063393084e+04 1.666383655510075914e+05 2.638611277866225573e+05 4.071812466118217562e+05 1.592853696830553235e+05 3.396856561128895846e+05 1.715400616132993891e+05 1.421285135643451358e+05 1.715401447393836861e+05 6.976487330417994235e+04
1.002805228145583242e+05 1.960922130318936615e+04 1.960963933761318549e+04 1.284015343053976176e+04 3.546944239495297370e+04 1.960948693172199273e+04 1.960943239819471637e+04 1.634164010926508672e+04 1.960961868272908760e+04 1.960946362273941486e+04 3.502782860454289676e+03 1.475420283425704984e+05 2.794099336421742919e+05 1.221144990715999738e+05 2.349173364483349433e+05 1.666383655510075914e+05 6.587543660965972103e-01 3.371528451212634100e+05 4.735196773725349340e+05 1.582161919558963200e+04 4.060239717450806056e+05 1.960961002192101296e+04 6.170046168927199324e+04 1.960968038892338882e+04 1.938976048147995316e+05
2.877532100732124527e+05 3.371524301623895881e+05 3.371527664395695901e+05 3.371528950858964236e+05 3.219023474245761172e+05 3.371526482296697213e+05 3.371525673330607242e+05 3.371527650548553793e+05 3.371526363871087087e+05 3.371524714820783120e+05 3.371528622583854012e+05 2.753895608012928278e+05 1.746197633715667471e+05 2.830287129230033606e+05 2.112703727903969993e+05 2.638611277866225573e+05 3.371528451212632935e+05 8.599063463847109233e+04 3.053148487121177604e+05 3.297999368961370201e+05 2.169454594342336350e+05 3.371525488781970344e+05 3.175451263142136158e+05 3.371526763584483997e+05 2.465231879567503347e+05
4.245002090114203165e+05 4.735194121444746852e+05 4.735195638958953787e+05 4.735196484067215933e+05 4.582691659629578935e+05 4.735194878377747373e+05 4.735194642526046955e+05 4.735196221306023072e+05 4.735195538866277202e+05 4.735194307219044422e+05 4.735196613345080405e+05 4.139959954240674851e+05 3.411895006078910083e+05 4.212015855203993269e+05 3.636772079744470539e+05 4.071812466118216398e+05 4.735196773725348758e+05 3.053148487121177604e+05 1.189684290392270486e+05 4.661667938823890290e+05 2.425857613723724498e+05 4.735194636118756025e+05 4.539119166855780641e+05 4.735195808482574066e+05 3.917799686407709960e+05
9.059328225413983455e+04 3.052717154542583012e+04 3.052771854066094602e+04 2.515885545402508433e+04 2.674202426404639846e+04 3.052761967482426553e+04 3.052752546854664251e+04 2.725965352993643319e+04 3.052756889624771065e+04 3.052737406444317821e+04 1.932308697200028837e+04 1.401891406664951937e+05 2.720569774110779399e+05 1.147613739532663458e+05 2.275644316971909429e+05 1.592853696830553235e+05 1.582161919558963382e+04 3.297999368961370201e+05 4.661667938823889126e+05 9.298280708528975083e+03 3.986710066815660102e+05 3.052753952995951113e+04 5.078235541435691994e+04 3.052757229494668718e+04 1.865445876043439202e+05
3.570043638959253440e+05 4.060236849450407899e+05 4.060238006929958356e+05 4.060238344927721191e+05 3.907734789039003081e+05 4.060236964294925565e+05 4.060236570344503853e+05 4.060239301818659878e+05 4.060238311474040383e+05 4.060236856386172585e+05 4.060239101595215616e+05 3.465004087417019182e+05 2.712154849728851696e+05 3.537059212033791118e+05 2.952876222215672024e+05 3.396856561128895264e+05 4.060239717450805474e+05 2.169454594342336350e+05 2.425857613723724498e+05 3.986710066815660102e+05 1.048518083385858481e+05 4.060237584291531239e+05 3.864160758394951699e+05 4.060238264236102696e+05 3.242840636207608622e+05
1.051824017789907666e+05 4.902984420201500143e+03 1.343377168248097053e+00 7.237860493716091696e+03 4.472887041170596058e+04 4.903346072806165466e+03 4.903238774328208819e+03 3.269396967111021240e+03 4.903316246070243324e+03 1.028418721292732041e+00 1.610816467069324972e+04 1.517435492132231593e+05 2.794096239981021499e+05 1.270162024349188578e+05 2.349171566384342150e+05 1.715400616132993891e+05 1.960961002192101296e+04 3.371525488781972090e+05 4.735194636118757771e+05 3.052753952995951113e+04 4.060237584291532985e+05 6.373052304855528760e-01 6.660237586847841158e+04 4.903350566491159952e+03 1.987993782550230972e+05
5.218840285106613737e+04 6.660201098013868614e+04 6.660238590676808963e+04 6.660238695086346706e+04 3.173912771050319498e+04 6.660230798206252803e+04 6.660220026441926893e+04 6.660249560084131372e+04 6.660244604310969589e+04 6.660218054872428183e+04 6.520181126368117839e+04 1.084961103051862156e+05 2.598022499469263712e+05 7.449527007545462402e+04 2.153095031175191980e+05 1.421285135643451358e+05 6.170046168927199324e+04 3.175451263142137323e+05 4.539119166855781805e+05 5.078235541435691994e+04 3.864160758394951699e+05 6.660237586847841158e+04 3.094071697469889386e+03 6.660247405808551412e+04 1.748342967894106405e+05
1.051825027633313439e+05 1.085365340279411450e+00 4.903489417285387390e+03 1.213992202270715279e+04 4.472892893113270111e+04 1.428550920269522129e+00 1.340412149575608058e+00 8.171490075058884941e+03 1.284263067236429467e+00 4.903247846515553647e+03 1.610818291108410813e+04 1.517436596638367046e+05 2.794097111391376820e+05 1.270163234576903487e+05 2.349172656513728725e+05 1.715401447393836861e+05 1.960968038892338882e+04 3.371526763584483997e+05 4.735195808482574066e+05 3.052757229494668718e+04 4.060238264236102696e+05 4.903350566491159952e+03 6.660247405808551412e+04 6.369268819867394127e-01 1.987994696485905442e+05
1.442682974204253114e+05 1.987991004808203143e+05 1.987994426315205346e+05 1.987994488583492639e+05 1.830648587665694649e+05 1.987993092371314415e+05 1.987991514427013462e+05 1.987995327877195959e+05 1.987993992739033129e+05 1.987991738058553601e+05 1.938975352004214656e+05 1.107392568279517291e+05 1.711687638082494377e+05 1.304044554033841705e+05 9.768542911386652850e+04 6.976487330417994235e+04 1.938976048147995607e+05 2.465231879567503347e+05 3.917799686407709960e+05 1.865445876043439202e+05 3.242840636207608622e+05 1.987993782550231263e+05 1.748342967894106405e+05 1.987994696485905733e+05 2.443899708772841404e+04
