6.572567086860993113e-01 1.153471286629869064e+04 3.524394064964434074e+04 5.235817622087285854e+05 3.818099313067315234e+04 1.081049653140502196e+05 3.070350235124911997e+05 7.138227917384487228e+04 3.524409240418428817e+04 2.340488917164915620e+04 1.589628409579065337e+05 1.321758748102130085e+04 1.770765454262800049e+05 1.290210893773618154e+05 5.353844760783355741e+04 3.113896974810299434e+04 2.585665956465400523e+05 2.202007592821219587e+05 1.441060568715845511e+04 3.964931235193854809e+04 4.344490952146423515e+05 3.659757791276492062e+05 2.842689723556581157e+04 3.964901635187451029e+04 3.964920859688807104e+04
1.153471286629869064e+04 2.565295931297664538e+03 3.209730988277620781e+04 5.235817114556866582e+05 3.503434361073305627e+04 1.081050465407861484e+05 3.070349070640578284e+05 7.228137807571716257e+04 3.209734988405532931e+04 2.025816141544400307e+04 1.589627678920859762e+05 3.006039831623705140e+03 1.770764290024364018e+05 1.290211099489210319e+05 5.668518704501913453e+04 2.799237589723757628e+04 2.585665385940166889e+05 2.202006691040594014e+05 1.002499948356044661e+04 3.650272918921969540e+04 4.344490035648288322e+05 3.659758900046135532e+05 3.430035679225766944e+04 3.650242381635311904e+04 3.650248378396053158e+04
3.524394064964434074e+04 3.209730988277620781e+04 5.825145754427412115e-01 5.235815735836148961e+05 2.938258062006831551e+03 1.081047923057857697e+05 3.070347048741718172e+05 7.704604848799522733e+04 1.221506273394398212e+00 1.184066833455534288e+04 1.589625847003622039e+05 2.937595230392707526e+04 1.770762501212104980e+05 1.290208602183975163e+05 6.906812188741292630e+04 4.106073133064876856e+03 2.585663028295835538e+05 2.202004507276896329e+05 2.234914302314848828e+04 4.406506028465185409e+03 4.344488166747133364e+05 3.659754944600096205e+05 5.323591459046274394e+04 4.406309691188771467e+03 4.406514145169166113e+03
5.235817622087285854e+05 5.235817114556866582e+05 5.235815735836148961e+05 1.258165173799354816e+05 5.235816006671388750e+05 4.927448558288678178e+05 3.860554832212419133e+05 5.087140022042254568e+05 5.235815516344538191e+05 5.235816171339499997e+05 4.685157524942032178e+05 5.235816678480596165e+05 4.624584571411479847e+05 4.845767375623179832e+05 5.103659449022252811e+05 5.235815701838360983e+05 4.146013127466959995e+05 4.345725265285660280e+05 5.235817091584465234e+05 5.235816007922584540e+05 2.830321941015629563e+05 3.358985814374517649e+05 5.169739075143381488e+05 5.235815315056102118e+05 5.235814599685916910e+05
3.818099313067315234e+04 3.503434361073305627e+04 2.938258062006831551e+03 5.235816006671388750e+05 1.958589470261118777e+03 1.051680592477386090e+05 3.070347596221833955e+05 7.410927798569067090e+04 2.938336007549299666e+03 1.477759635385075308e+04 1.589626803238072607e+05 3.231296023869694181e+04 1.770763939791250741e+05 1.270630959710887546e+05 6.613141937132287421e+04 7.043290604646194879e+03 2.585663518942094524e+05 2.202005345231312676e+05 2.528618020364217227e+04 1.469756416198237957e+03 4.344488603614481981e+05 3.659756108007606235e+05 5.029923810952268104e+04 1.469641434748343272e+03 1.469724470021418256e+03
1.081049653140502196e+05 1.081050465407861630e+05 1.081047923057857697e+05 4.927448558288678760e+05 1.051680592477386090e+05 1.265018981333378542e+04 2.717927468974216608e+05 5.782710864745946310e+04 1.081049862613387668e+05 1.081050144946873042e+05 8.081867679254873656e+04 1.081050480745711684e+05 1.106422749882453500e+05 3.787148081614146940e+04 7.616092146803505602e+04 1.081047971302980150e+05 2.139797161929483118e+05 1.609740558415751730e+05 1.081049646443167730e+05 1.036995199317796505e+05 4.029595323731306707e+05 3.307335864253767068e+05 8.918934497910719074e+04 1.036991486478115112e+05 1.036993747983395442e+05
3.070350235124911997e+05 3.070349070640578284e+05 3.070347048741718754e+05 3.860554832212419133e+05 3.070347596221834538e+05 2.717927468974216608e+05 5.837138535137342842e+04 2.894139503531412920e+05 3.070346896872298094e+05 3.070347992289002286e+05 2.443316643695036182e+05 3.070348612460770528e+05 2.309227103052603197e+05 2.629419947025827132e+05 2.894138928701062105e+05 3.070346712021069834e+05 1.346451529877674184e+05 1.942935872671607358e+05 3.070348849989734590e+05 3.070347305863270885e+05 2.939299410340969916e+05 1.890522781263594225e+05 2.961849811173268245e+05 3.070345733563975664e+05 3.070345570862861932e+05
7.138227917384487228e+04 7.228137807571716257e+04 7.704604848799522733e+04 5.087140022042255150e+05 7.410927798569067090e+04 5.782710864745946310e+04 2.894139503531412920e+05 1.814299468940750739e+04 7.704626350044614810e+04 7.484363842460737214e+04 1.188689028819532832e+05 7.264101959638304834e+04 1.435750426273053163e+05 8.400725306351020117e+04 2.863853624192173083e+04 7.704606646774428373e+04 2.358837999762207619e+05 1.925453172666609753e+05 7.264091529076297593e+04 7.264079482302494580e+04 4.205806256832372746e+05 3.480793835044907173e+05 4.970022768915309280e+04 7.264044657762188581e+04 7.264065076568165387e+04
3.524409240418428817e+04 3.209734988405532931e+04 1.221506273394398434e+00 5.235815516344538773e+05 2.938336007549299666e+03 1.081049862613387377e+05 3.070346896872297511e+05 7.704626350044614810e+04 5.902693547109419958e-01 1.184057733337798163e+04 1.589626439763968228e+05 2.937593775330188146e+04 1.770762925964765309e+05 1.290210606236318708e+05 6.906834679967247939e+04 4.106159569239023767e+03 2.585662955227117927e+05 2.202004825270346191e+05 2.234922959780378369e+04 4.406696728895792148e+03 4.344487694977202336e+05 3.659756199243166484e+05 5.323609850542605272e+04 4.406559212903958723e+03 4.406631216932878488e+03
2.340488917164915620e+04 2.025816141544400307e+04 1.184066833455534288e+04 5.235816171339499997e+05 1.477759635385075308e+04 1.081050144946873042e+05 3.070347992289001704e+05 7.484363842460737214e+04 1.184057733337798163e+04 3.545507207392825876e+03 1.589627509940347809e+05 1.753669022361308089e+04 1.770764346134954831e+05 1.290211395285604958e+05 6.406232469270088041e+04 7.735646111990877216e+03 2.585663851126153895e+05 2.202006201507901424e+05 1.050987702020168581e+04 1.624607565624981362e+04 4.344488430656474084e+05 3.659757017131329631e+05 4.401249669942109904e+04 1.624584296494612863e+04 1.624596161297090293e+04
1.589628409579065337e+05 1.589627678920859762e+05 1.589625847003622039e+05 4.685157524942032760e+05 1.589626803238072607e+05 8.081867679254875111e+04 2.443316643695035891e+05 1.188689028819532832e+05 1.589626439763968228e+05 1.589627509940347809e+05 2.551328234465967398e+04 1.589627719110293256e+05 5.957322460455897817e+04 5.775560487503970944e+04 1.348450267467168742e+05 1.589626056313403824e+05 1.802812560413025203e+05 1.270358844301771023e+05 1.589628396514631750e+05 1.589626509924308048e+05 3.773537728264527977e+05 3.065045876935262349e+05 1.459100811244645738e+05 1.589622889643988165e+05 1.589623625936387398e+05
1.321758748102130085e+04 3.006039831623705595e+03 2.937595230392707526e+04 5.235816678480596165e+05 3.231296023869694181e+04 1.081050480745711684e+05 3.070348612460770528e+05 7.264101959638304834e+04 2.937593775330188146e+04 1.753669022361308089e+04 1.589627719110293256e+05 1.954717630181278309e+03 1.770764199679724406e+05 1.290211471673628548e+05 5.794389526709116035e+04 2.527098894687813663e+04 2.585663856333522999e+05 2.202005689223771042e+05 7.303515936032259560e+03 3.378137699510139646e+04 4.344489450746399234e+05 3.659757885887418524e+05 3.561487230230118439e+04 3.378106813844817952e+04 3.378114962689919776e+04
1.770765454262800049e+05 1.770764290024364018e+05 1.770762501212104980e+05 4.624584571411481011e+05 1.770763939791250741e+05 1.106422749882453500e+05 2.309227103052603197e+05 1.435750426273053163e+05 1.770762925964765309e+05 1.770764346134954831e+05 5.957322460455898545e+04 1.770764199679724406e+05 3.799939993631061952e+04 9.556998951440700330e+04 1.540600027099476138e+05 1.770762713528298773e+05 1.605553984038865892e+05 9.845457843224222597e+04 1.770765029892394668e+05 1.770763227290258219e+05 3.723061009637819370e+05 2.983651854664555867e+05 1.645744561006424774e+05 1.770760090071518207e+05 1.770760126808187633e+05
1.290210893773618154e+05 1.290211099489210319e+05 1.290208602183975308e+05 4.845767375623179832e+05 1.270630959710887546e+05 3.787148081614146940e+04 2.629419947025827132e+05 8.400725306351023028e+04 1.290210606236318708e+05 1.290211395285604958e+05 5.775560487503970216e+04 1.290211471673628548e+05 9.556998951440700330e+04 2.526554248019387160e+04 1.019663688820526149e+05 1.290208772154381004e+05 2.039033283360286150e+05 1.508975973001475213e+05 1.290210701677967154e+05 1.260840424921055965e+05 3.945160374591201544e+05 3.233914947013081401e+05 1.130315111621971300e+05 1.260836861617978720e+05 1.260839004778968665e+05
5.353844760783355741e+04 5.668518704501913453e+04 6.906812188741292630e+04 5.103659449022252811e+05 6.613141937132287421e+04 7.616092146803505602e+04 2.894138928701061523e+05 2.863853624192173811e+04 6.906834679967247939e+04 6.406232469270088041e+04 1.348450267467168742e+05 5.794389526709116035e+04 1.540600027099476138e+05 1.019663688820526149e+05 6.960429296936162245e+03 6.855843816439934017e+04 2.402173281906363554e+05 2.007601045280520048e+05 5.924907786124850099e+04 6.466288003605144331e+04 4.205806479373823968e+05 3.483547414528149529e+05 3.111668305538391724e+04 6.466254763676596485e+04 6.466276470815258654e+04
3.113896974810299434e+04 2.799237589723757628e+04 4.106073133064876856e+03 5.235815701838360983e+05 7.043290604646194879e+03 1.081047971302980150e+05 3.070346712021069834e+05 7.704606646774428373e+04 4.106159569239023767e+03 7.735646111990878126e+03 1.589626056313404115e+05 2.527098894687813663e+04 1.770762713528298773e+05 1.290208772154381004e+05 6.855843816439934017e+04 2.963215237431749301e+03 2.585662723530112999e+05 2.202004410064027470e+05 1.824416830394041244e+04 8.511564318244301830e+03 4.344487977525554597e+05 3.659755098319619428e+05 5.078293798008284648e+04 8.511308111200167332e+03 8.511499828227124453e+03
2.585665956465400814e+05 2.585665385940166889e+05 2.585663028295835538e+05 4.146013127466959995e+05 2.585663518942094815e+05 2.139797161929482827e+05 1.346451529877674184e+05 2.358837999762207619e+05 2.585662955227117927e+05 2.585663851126153895e+05 1.802812560413025203e+05 2.585663856333522999e+05 1.605553984038865892e+05 2.039033283360286150e+05 2.402173281906363554e+05 2.585662723530112708e+05 5.147144032875473204e+04 1.197617669323226874e+05 2.585664405269262788e+05 2.585663191145968158e+05 3.207778349050022662e+05 2.320064802908019919e+05 2.477164942893649859e+05 2.585660917175473587e+05 2.585660863969032653e+05
2.202007592821220169e+05 2.202006691040594305e+05 2.202004507276896329e+05 4.345725265285659698e+05 2.202005345231312676e+05 1.609740558415751730e+05 1.942935872671607358e+05 1.925453172666609753e+05 2.202004825270346191e+05 2.202006201507901424e+05 1.270358844301770732e+05 2.202005689223771042e+05 9.845457843224222597e+04 1.508975973001475213e+05 2.007601045280520339e+05 2.202004410064027470e+05 1.197617669323226874e+05 3.283045166945858364e+04 2.202006947901404637e+05 2.202004946576059738e+05 3.491924149047672399e+05 2.685674175179771846e+05 2.093506583850758907e+05 2.202002290249032376e+05 2.202002254127765773e+05
1.441060568715845511e+04 1.002499948356044661e+04 2.234914302314848828e+04 5.235817091584465234e+05 2.528618020364217227e+04 1.081049646443167730e+05 3.070348849989734590e+05 7.264091529076297593e+04 2.234922959780378369e+04 1.050987702020168581e+04 1.589628396514631750e+05 7.303515936032259560e+03 1.770765029892394668e+05 1.290210701677967154e+05 5.924907786124850099e+04 1.824416830394041244e+04 2.585664405269262788e+05 2.202006947901404637e+05 4.273114379730756809e+03 2.675452997788450375e+04 4.344489712283576955e+05 3.659756937791029923e+05 3.694558816202414891e+04 2.675426193689762295e+04 2.675447991735880714e+04
3.964931235193854809e+04 3.650272918921969540e+04 4.406506028465185409e+03 5.235816007922585122e+05 1.469756416198237275e+03 1.036995199317796505e+05 3.070347305863270303e+05 7.264079482302494580e+04 4.406696728895792148e+03 1.624607565624981362e+04 1.589626509924308048e+05 3.378137699510139646e+04 1.770763227290258219e+05 1.260840424921055965e+05 6.466288003605144331e+04 8.511564318244301830e+03 2.585663191145967867e+05 2.202004946576059738e+05 2.675452997788450375e+04 5.872689778626596357e-01 4.344488430614753161e+05 3.659755375526156276e+05 4.883069892436784721e+04 1.080549498518734497e+00 1.246773984470849417e+00
4.344490952146423515e+05 4.344490035648288322e+05 4.344488166747133364e+05 2.830321941015629563e+05 4.344488603614481981e+05 4.029595323731306707e+05 2.939299410340969916e+05 4.205806256832372746e+05 4.344487694977202336e+05 4.344488430656474666e+05 3.773537728264527977e+05 4.344489450746399234e+05 3.723061009637819370e+05 3.945160374591201544e+05 4.205806479373823968e+05 4.344487977525554597e+05 3.207778349050022662e+05 3.491924149047671235e+05 4.344489712283576955e+05 4.344488430614753743e+05 9.635547613912247471e+04 2.368002707969376643e+05 4.272126865751516889e+05 4.344487650480603334e+05 4.344487268234105431e+05
3.659757791276492062e+05 3.659758900046135532e+05 3.659754944600095623e+05 3.358985814374517649e+05 3.659756108007606235e+05 3.307335864253767068e+05 1.890522781263594516e+05 3.480793835044907173e+05 3.659756199243166484e+05 3.659757017131329631e+05 3.065045876935262349e+05 3.659757885887418524e+05 2.983651854664555285e+05 3.233914947013081983e+05 3.483547414528148947e+05 3.659755098319619428e+05 2.320064802908019919e+05 2.685674175179771846e+05 3.659756937791029923e+05 3.659755375526156276e+05 2.368002707969376643e+05 9.499612980883376440e+04 3.529231538181484211e+05 3.659754337060187827e+05 3.659755507708967780e+05
2.842689723556581157e+04 3.430035679225766944e+04 5.323591459046274394e+04 5.169739075143381488e+05 5.029923810952268104e+04 8.918934497910719074e+04 2.961849811173268245e+05 4.970022768915309280e+04 5.323609850542605272e+04 4.401249669942110631e+04 1.459100811244645738e+05 3.561487230230118439e+04 1.645744561006424774e+05 1.130315111621971300e+05 3.111668305538391724e+04 5.078293798008284648e+04 2.477164942893650150e+05 2.093506583850758907e+05 3.694558816202414891e+04 4.883069892436784721e+04 4.272126865751516889e+05 3.529231538181484211e+05 1.792479898572824095e+04 4.883036399225122295e+04 4.883058552870681888e+04
3.964901635187451029e+04 3.650242381635311904e+04 4.406309691188771467e+03 5.235815315056102118e+05 1.469641434748342817e+03 1.036991486478114966e+05 3.070345733563975664e+05 7.264044657762188581e+04 4.406559212903958723e+03 1.624584296494612863e+04 1.589622889643988165e+05 3.378106813844817952e+04 1.770760090071518207e+05 1.260836861617978429e+05 6.466254763676596485e+04 8.511308111200167332e+03 2.585660917175473587e+05 2.202002290249032376e+05 2.675426193689762295e+04 1.080549498518734497e+00 4.344487650480603334e+05 3.659754337060187827e+05 4.883036399225122295e+04 4.481926736421753543e-01 8.865247969185319210e-01
3.964920859688807104e+04 3.650248378396053158e+04 4.406514145169166113e+03 5.235814599685916910e+05 1.469724470021417574e+03 1.036993747983395442e+05 3.070345570862861350e+05 7.264065076568165387e+04 4.406631216932878488e+03 1.624596161297090293e+04 1.589623625936387689e+05 3.378114962689919776e+04 1.770760126808187633e+05 1.260839004778968665e+05 6.466276470815258654e+04 8.511499828227124453e+03 2.585660863969032653e+05 2.202002254127766064e+05 2.675447991735880714e+04 1.246773984470849417e+00 4.344487268234106596e+05 3.659755507708967780e+05 4.883058552870681888e+04 8.865247969185319210e-01 5.833229262643847557e-01
