7.367781846884627894e-01 1.000014328078837716e+05 1.363653615387743630e+05 3.226130464895152254e+05 1.000015891571063548e+05 2.189206479126007471e+05 2.459174948730321557e+04 4.501483751109349396e+04 5.412631046079009539e+05 2.692309442429821938e+05 6.018967613958349830e+04 1.000012533647441451e+05 1.000017001293568173e+05 9.913145896725576313e+04 6.000932228684531583e+04 1.000015377273266058e+05 1.000015509944984515e+05 2.471527326803646574e+05 1.516051076776635891e+05 1.686440449497613008e+04 3.911274587742220028e+05 1.993163602903471910e+05 1.000014135078608815e+05 9.189895349116108264e+04 4.599372775679720799e+05
1.000014328078837862e+05 6.282856924567951085e-01 1.818196808890236134e+05 3.226127790122783626e+05 4.342258078149221205e+02 2.189204229645070736e+05 1.136379708378071227e+05 7.317016858042294916e+04 5.412628591018699808e+05 2.692306787268077605e+05 5.248112354945549305e+04 8.602609699459603521e-01 9.092402770788306952e+03 1.610403565634408151e+05 1.418273389447270019e+05 1.112758294686527982e+00 1.111427646628079913e+00 2.471525134016775410e+05 1.878802173030391277e+05 9.018205306243120867e+04 3.911272273206530954e+05 2.071082633695584373e+05 1.003819206444118040e+00 1.719525958759735295e+04 4.599370167571864440e+05
1.363653615387743339e+05 1.818196808890236134e+05 1.119512260993156087e+04 2.589767345323131303e+05 1.818198300851726090e+05 1.371025058493065007e+05 1.227287958241778542e+05 1.541057542281020724e+05 4.776265974349471508e+05 2.055947967145886796e+05 1.636379130912259279e+05 1.818195169182120007e+05 1.818198765522200265e+05 6.538315253349486011e+04 1.017782697164022247e+05 1.818197754772125045e+05 1.818197412327716884e+05 1.669020227147346013e+05 4.497331284021177999e+04 1.428587142180629307e+05 3.274911232106578536e+05 1.130322152361412736e+05 1.818196600615649368e+05 1.818197921515899943e+05 3.963009789694926585e+05
3.226130464895152254e+05 3.226127790122783626e+05 2.589767345323131303e+05 6.582383540034882026e+04 3.226128458876639488e+05 2.134540317822416837e+05 3.089768165239841910e+05 3.226131422457218869e+05 3.505616458730334416e+05 1.520514131715199328e+05 3.226130615374338231e+05 3.226126930810040212e+05 3.226130075089269667e+05 2.797559815291312989e+05 2.943303850599417929e+05 3.226128093146331958e+05 3.226128718551220372e+05 1.875383533300230629e+05 2.464742381451473047e+05 3.226131128961707000e+05 2.066138368729356152e+05 2.170137349643068737e+05 3.226127714567781077e+05 3.226130783726259833e+05 2.922492880108350655e+05
1.000015891571063548e+05 4.342258078149221774e+02 1.818198300851726090e+05 3.226128458876639488e+05 8.252337287758123239e+02 2.189205812915588613e+05 1.136381341832059406e+05 7.273730434993101517e+04 5.412628599810954183e+05 2.692307786913276068e+05 5.204822411386503518e+04 4.339769705220530227e+02 8.659218710828296025e+03 1.610404631919820386e+05 1.418274530224897026e+05 4.342549418923017015e+02 4.341887267235176182e+02 2.471526054983359936e+05 1.878803967839546676e+05 9.013059607978524582e+04 3.911272500176425092e+05 2.071084111393099301e+05 4.341905867532404386e+02 1.676224143162808105e+04 4.599370536313388147e+05
2.189206479126007471e+05 2.189204229645070736e+05 1.371025058493065007e+05 2.134540317822416837e+05 2.189205812915588613e+05 1.183209704108062397e+04 2.052841782949801127e+05 2.189205628933131520e+05 4.321247190949004143e+05 1.540086768237630604e+05 2.189206125821092864e+05 2.189202697307236085e+05 2.189205614037154301e+05 1.729287666360798175e+05 1.906377160770441405e+05 2.189204189643195132e+05 2.189205207134445955e+05 9.926586483347322792e+04 1.225436473521635198e+05 2.189205854586380883e+05 2.728980933814928867e+05 7.926563204040301207e+04 2.189203595612387289e+05 2.189205347431314876e+05 3.417081773707905668e+05
2.459174948730321557e+04 1.136379708378071082e+05 1.227287958241778542e+05 3.089768165239841910e+05 1.136381341832059406e+05 2.052841782949801127e+05 2.196459553590812357e+04 5.865120379822749965e+04 5.276266351464424515e+05 2.555947704426541750e+05 7.382605024696793407e+04 1.136377667740612087e+05 1.136381193706750782e+05 8.149086256152784335e+04 3.583907290173223737e+04 1.136380829092793283e+05 1.136380910517551092e+05 2.335163162787166948e+05 1.379688416954281565e+05 3.671139555463973375e+04 3.774910408615546767e+05 1.856797927611121268e+05 1.136379351641130634e+05 1.055352821643877833e+05 4.463010433774234261e+05
4.501483751109348668e+04 7.317016858042294916e+04 1.541057542281020724e+05 3.226131422457218869e+05 7.273730434993101517e+04 2.189205628933131229e+05 5.865120379822749965e+04 8.404351205546369101e+02 5.412629763940266566e+05 2.692310154974787147e+05 2.069029256225240897e+04 7.316989387579211325e+04 6.407921188826090656e+04 1.170937526254336408e+05 8.684068229178489128e+04 7.317021534583078756e+04 7.317025471056217793e+04 2.471526631990323658e+05 1.692616555706183717e+05 2.815169833460750669e+04 3.911272567164443899e+05 2.071084023140760546e+05 7.317007711014911183e+04 5.597634841179718933e+04 4.599373020301427459e+05
5.412631046079009539e+05 5.412628591018699808e+05 4.776265974349471508e+05 3.505616458730334416e+05 5.412628599810954183e+05 4.321247190949004143e+05 5.276266351464424515e+05 5.412629763940266566e+05 1.246685978658006643e+05 3.876669592435804661e+05 5.412629244883989450e+05 5.412628502408909844e+05 5.412629322602455504e+05 4.984059342782415915e+05 5.129801868579526199e+05 5.412628689258791273e+05 5.412628446026910096e+05 4.132945320192051586e+05 4.651241992147042765e+05 5.412629344545288477e+05 3.557546047866643639e+05 4.399567662987418007e+05 5.412628695050646784e+05 5.412628742602149723e+05 3.065126735628359602e+05
2.692309442429822520e+05 2.692306787268077605e+05 2.055947967145887087e+05 1.520514131715199619e+05 2.692307786913276068e+05 1.540086768237630895e+05 2.555947704426542041e+05 2.692310154974787147e+05 3.876669592435804661e+05 5.467264017919918115e+04 2.692309772702032933e+05 2.692305863480347325e+05 2.692308808757289662e+05 2.263739102381688426e+05 2.409483646004248003e+05 2.692307034226281685e+05 2.692307724978732294e+05 1.175613330157237942e+05 1.911982812360969256e+05 2.692310731408550055e+05 2.196752310575263691e+05 1.639265695885464374e+05 2.692306658462682972e+05 2.692309662901673582e+05 3.148968034594958881e+05
6.018967613958349830e+04 5.248112354945549305e+04 1.636379130912259279e+05 3.226130615374338231e+05 5.204822411386503518e+04 2.189206125821092864e+05 7.382605024696793407e+04 2.069029256225240897e+04 5.412629244883989450e+05 2.692309772702032933e+05 2.074149251753897261e+04 5.248088974217735085e+04 4.339020985792253487e+04 1.303228756231797015e+05 1.020154655825354857e+05 5.248121551427555096e+04 5.248121453347615170e+04 2.471525872277062444e+05 1.757593181592930923e+05 4.694240590092651837e+04 3.911272808768395917e+05 2.071083830736836244e+05 5.248105370193031558e+04 3.528722045277055440e+04 4.599373094839483383e+05
1.000012533647441451e+05 8.602609699459603521e-01 1.818195169182120007e+05 3.226126930810040212e+05 4.339769705220529659e+02 2.189202697307236085e+05 1.136377667740612087e+05 7.316989387579211325e+04 5.412628502408909844e+05 2.692305863480347325e+05 5.248088974217735085e+04 4.220086076473444359e-01 9.092090790069143623e+03 1.610401799345770560e+05 1.418270955877871311e+05 9.145623025091961233e-01 1.003450223502685645e+00 2.471523534066824650e+05 1.878799952970603772e+05 9.018185639161776635e+04 3.911271279338090681e+05 2.071080860073033837e+05 7.442356122802586960e-01 1.719494426649397064e+04 4.599369813571097329e+05
1.000017001293568319e+05 9.092402770788308771e+03 1.818198765522200265e+05 3.226130075089269667e+05 8.659218710828296025e+03 2.189205614037154883e+05 1.136381193706750928e+05 6.407921188826090656e+04 5.412629322602455504e+05 2.692308808757289662e+05 4.339020985792253487e+04 9.092090790069145442e+03 7.340481809282228820e-01 1.610405888208404649e+05 1.418274747191388160e+05 9.092411797810302232e+03 9.092425918130304126e+03 2.471525915869769524e+05 1.878804359414257051e+05 8.909991421527398052e+04 3.911272375567903509e+05 2.071083804528134351e+05 9.092313974509494074e+03 8.104095999023808872e+03 4.599371819405363640e+05
9.913145896725573402e+04 1.610403565634407860e+05 6.538315253349486011e+04 2.797559815291312989e+05 1.610404631919820386e+05 1.729287666360797593e+05 8.149086256152784335e+04 1.170937526254336408e+05 4.984059342782415915e+05 2.263739102381687844e+05 1.303228756231797015e+05 1.610401799345770560e+05 1.610405888208404358e+05 1.222063371432210806e+04 4.870099892850960896e+04 1.610404262771547656e+05 1.610404227065684099e+05 2.017014116625393217e+05 9.698647537256736541e+04 1.057062050647089782e+05 3.482703240063351113e+05 1.502310761358721065e+05 1.610403170007968147e+05 1.560311760219410935e+05 4.170801070617325604e+05
6.000932228684531583e+04 1.418273389447269728e+05 1.017782697164022102e+05 2.943303850599417347e+05 1.418274530224897026e+05 1.906377160770441405e+05 3.583907290173223737e+04 8.684068229178489128e+04 5.129801868579526199e+05 2.409483646004248003e+05 1.020154655825354857e+05 1.418270955877871020e+05 1.418274747191387578e+05 4.870099892850960896e+04 7.824823987031166325e+03 1.418273955391373020e+05 1.418274125047279522e+05 2.188698613378886366e+05 1.233221916704819596e+05 6.982861156216749805e+04 3.628445376882657292e+05 1.710333392779181304e+05 1.418272642006901733e+05 1.337245404018087720e+05 4.316546026906798361e+05
1.000015377273266058e+05 1.112758294686527982e+00 1.818197754772125045e+05 3.226128093146331958e+05 4.342549418923015310e+02 2.189204189643195132e+05 1.136380829092793283e+05 7.317021534583078756e+04 5.412628689258791273e+05 2.692307034226281685e+05 5.248121551427555096e+04 9.145623025091961233e-01 9.092411797810300413e+03 1.610404262771547656e+05 1.418273955391373020e+05 6.341787173487414275e-01 1.100449248899805443e+00 2.471524664450428681e+05 1.878802789836664160e+05 9.018216148719310877e+04 3.911272103895230684e+05 2.071083002011340868e+05 1.083029949396662861e+00 1.719527388864217937e+04 4.599370458315773867e+05
1.000015509944984515e+05 1.111427646628079913e+00 1.818197412327716884e+05 3.226128718551220372e+05 4.341887267235176182e+02 2.189205207134445664e+05 1.136380910517551092e+05 7.317025471056217793e+04 5.412628446026910096e+05 2.692307724978732294e+05 5.248121453347615170e+04 1.003450223502685645e+00 9.092425918130300488e+03 1.610404227065684099e+05 1.418274125047279522e+05 1.100449248899805443e+00 6.264656903760744688e-01 2.471525673353237798e+05 1.878803004175042151e+05 9.018217485159155331e+04 3.911272380344108678e+05 2.071083729033981799e+05 1.148972430609705331e+00 1.719531476886191012e+04 4.599370040008836659e+05
2.471527326803646574e+05 2.471525134016775701e+05 1.669020227147346013e+05 1.875383533300230920e+05 2.471526054983359936e+05 9.926586483347322792e+04 2.335163162787167239e+05 2.471526631990323658e+05 4.132945320192052168e+05 1.175613330157237942e+05 2.471525872277062444e+05 2.471523534066824650e+05 2.471525915869769524e+05 2.017014116625393217e+05 2.188698613378886366e+05 2.471524664450428681e+05 2.471525673353237798e+05 4.037392056311086344e+04 1.520435310196976934e+05 2.471525618611586688e+05 2.582464506903210422e+05 1.201831485681711492e+05 2.471524581280419952e+05 2.471525759420064278e+05 3.342971444650129415e+05
1.516051076776635891e+05 1.878802173030391277e+05 4.497331284021177999e+04 2.464742381451473339e+05 1.878803967839546385e+05 1.225436473521635198e+05 1.379688416954281565e+05 1.692616555706183717e+05 4.651241992147042765e+05 1.911982812360969256e+05 1.757593181592930923e+05 1.878799952970604063e+05 1.878804359414256760e+05 9.698647537256737996e+04 1.233221916704819887e+05 1.878802789836664742e+05 1.878803004175042151e+05 1.520435310196976934e+05 3.965951640910691640e+04 1.580987532243573805e+05 3.149885575466548908e+05 8.929196580606821226e+04 1.878801265279745567e+05 1.878804899798200349e+05 3.837984489024272189e+05
1.686440449497613008e+04 9.018205306243119412e+04 1.428587142180629307e+05 3.226131128961707582e+05 9.013059607978524582e+04 2.189205854586380883e+05 3.671139555463973375e+04 2.815169833460750669e+04 5.412629344545288477e+05 2.692310731408550055e+05 4.694240590092651109e+04 9.018185639161776635e+04 8.909991421527396597e+04 1.057062050647089491e+05 6.982861156216749805e+04 9.018216148719310877e+04 9.018217485159155331e+04 2.471525618611586688e+05 1.580987532243573805e+05 1.394080424757200308e+04 3.911273619005639339e+05 2.048820221892323461e+05 9.018202875312753895e+04 8.099707328688856796e+04 4.599373627651708084e+05
3.911274587742220028e+05 3.911272273206530954e+05 3.274911232106578536e+05 2.066138368729356444e+05 3.911272500176425092e+05 2.728980933814928867e+05 3.774910408615546767e+05 3.911272567164443899e+05 3.557546047866643639e+05 2.196752310575263691e+05 3.911272808768395917e+05 3.911271279338090681e+05 3.911272375567903509e+05 3.482703240063351113e+05 3.628445376882657292e+05 3.911272103895230684e+05 3.911272380344108678e+05 2.582464506903210713e+05 3.149885575466548908e+05 3.911273619005639339e+05 9.000228899313723377e+04 2.885216178233516403e+05 3.911271725014818367e+05 3.911272650109768147e+05 2.275058331000654434e+05
1.993163602903471910e+05 2.071082633695584373e+05 1.130322152361412736e+05 2.170137349643068737e+05 2.071084111393099301e+05 7.926563204040301207e+04 1.856797927611121268e+05 2.071084023140760546e+05 4.399567662987418007e+05 1.639265695885464374e+05 2.071083830736836244e+05 2.071080860073033837e+05 2.071083804528133769e+05 1.502310761358721065e+05 1.710333392779181595e+05 2.071083002011340868e+05 2.071083729033981799e+05 1.201831485681711638e+05 8.929196580606821226e+04 2.048820221892323461e+05 2.885216178233516403e+05 3.011486458649971610e+04 2.071081900188773288e+05 2.071083741010570084e+05 3.547090206474987208e+05
1.000014135078608961e+05 1.003819206444118040e+00 1.818196600615649368e+05 3.226127714567779913e+05 4.341905867532404955e+02 2.189203595612387580e+05 1.136379351641130779e+05 7.317007711014911183e+04 5.412628695050646784e+05 2.692306658462682972e+05 5.248105370193031558e+04 7.442356122802586960e-01 9.092313974509494074e+03 1.610403170007968438e+05 1.418272642006902315e+05 1.083029949396663083e+00 1.148972430609705331e+00 2.471524581280420243e+05 1.878801265279745567e+05 9.018202875312756805e+04 3.911271725014818367e+05 2.071081900188773288e+05 5.613470599726168020e-01 1.719514902124587752e+04 4.599370405853210832e+05
9.189895349116108264e+04 1.719525958759735295e+04 1.818197921515899943e+05 3.226130783726260415e+05 1.676224143162808105e+04 2.189205347431314294e+05 1.055352821643877833e+05 5.597634841179718933e+04 5.412628742602149723e+05 2.692309662901673582e+05 3.528722045277055440e+04 1.719494426649397064e+04 8.104095999023808872e+03 1.560311760219410935e+05 1.337245404018087720e+05 1.719527388864217937e+04 1.719531476886191012e+04 2.471525759420064278e+05 1.878804899798199767e+05 8.099707328688856796e+04 3.911272650109768147e+05 2.071083741010569793e+05 1.719514902124587752e+04 8.876778572749872183e+03 4.599372533513244125e+05
4.599372775679720799e+05 4.599370167571864440e+05 3.963009789694926585e+05 2.922492880108350655e+05 4.599370536313388147e+05 3.417081773707905668e+05 4.463010433774234261e+05 4.599373020301427459e+05 3.065126735628360184e+05 3.148968034594958881e+05 4.599373094839483383e+05 4.599369813571097329e+05 4.599371819405364222e+05 4.170801070617325604e+05 4.316546026906798361e+05 4.599370458315773867e+05 4.599370040008836659e+05 3.342971444650128833e+05 3.837984489024272189e+05 4.599373627651708084e+05 2.275058331000654434e+05 3.547090206474987208e+05 4.599370405853210832e+05 4.599372533513244707e+05 1.266158074180554249e+05
