1.953258417773763722e+04 1.221652099732348725e+05 1.221649023224645498e+05 9.117351430876912491e+04 1.221651766106031864e+05 3.795686672768143035e+04 7.671064222827143385e+04 1.221649809184899204e+05 4.300788087603185559e+05 2.094168854804433358e+05 1.221649992484375543e+05 1.221652716191471409e+05 3.267547531704874127e+05 1.221649927535050228e+05 1.221646893878770497e+05 1.695958745095024933e+05 1.056362605914064043e+05 1.221652560664835182e+05 2.511683671397802536e+05 7.236104303295057616e+04 7.231326555811474100e+04 1.221651000761375326e+05 4.355173705255088862e+04 1.249321163433823094e+05 1.086599136054171686e+05
1.221652099732348725e+05 6.728642463970973949e+03 1.175337299034742136e+04 6.060792059910847456e+04 1.175360104195911117e+04 1.065217893597048387e+05 7.713687256702777813e+04 1.175346231644372347e+04 4.725815878125921008e+05 2.519196862523857562e+05 1.175366970366259011e+04 4.778468471166532254e+03 3.692576143735134974e+05 1.175363748594486606e+04 1.175328161704639751e+04 2.120986101930436271e+05 3.305961394269017910e+04 1.175347362609104857e+04 2.936711537770384457e+05 8.148679454749351135e+04 1.568887706206434232e+05 1.175360137631333237e+04 9.939581104732715175e+04 1.864114004965066561e+05 2.220200120804260951e+04
1.221649023224645498e+05 1.175337299034742136e+04 6.356887769860899429e-01 6.611734786498910398e+04 1.370188425590132431e+00 1.101945188642581488e+05 8.264631699205344194e+04 1.086610116356838240e+00 4.725814263103396515e+05 2.519194642047077068e+05 1.258599995104156433e+00 1.653041461653902297e+04 3.692573753508764785e+05 1.283968833546613508e+00 8.638525534849581522e-01 2.120983938862607174e+05 3.856901388640949153e+04 1.393037166900381374e+00 2.936709050413971418e+05 8.699609319202812912e+04 1.568884976224324782e+05 1.384004413681626966e+00 1.049051017256540945e+05 1.864110774394243781e+05 3.003576263675774680e+04
9.117351430876912491e+04 6.060792059910847456e+04 6.611734786498910398e+04 2.090704755473164187e+04 6.611764455282055133e+04 7.162730369787200470e+04 2.426742461323365205e+04 6.611742390694684582e+04 4.643171911253859289e+05 2.436552818188199017e+05 6.611749741572282801e+04 5.785310240832770796e+04 3.609931424195869477e+05 6.611749192434606084e+04 6.611711997526504274e+04 2.038343464916451776e+05 3.388010702167487761e+04 6.611770335817179875e+04 2.854068154480184312e+05 2.861733857066895143e+04 1.289963860870896606e+05 6.611755460587787093e+04 6.133832292619882355e+04 1.656495159821432899e+05 4.313355262024889089e+04
1.221651766106031864e+05 1.175360104195911117e+04 1.370188425590132431e+00 6.611764455282055133e+04 6.942682503266153216e-01 1.101949096192302532e+05 8.264667834490565292e+04 1.433806316776869316e+00 4.725815918416948407e+05 2.519196208875803568e+05 1.480631719264306145e+00 1.653070336408576622e+04 3.692574997384213493e+05 1.496703355851507267e+00 1.258968934858320843e+00 2.120986059938322869e+05 3.856938444709115720e+04 1.472374446989429764e+00 2.936710510106455768e+05 8.699643562030668545e+04 1.568887026293677627e+05 1.487174213306312609e+00 1.049054826408403023e+05 1.864112962771030143e+05 3.003604523318632710e+04
3.795686672768143035e+04 1.065217893597048242e+05 1.101945188642581488e+05 7.162730369787199015e+04 1.101949096192302532e+05 1.590161137588981910e+04 5.509823013010298746e+04 1.101946370595132030e+05 4.422786911440691329e+05 2.216167474570705672e+05 1.101946540094503871e+05 1.046851741308671044e+05 3.389546530698615825e+05 1.101946478162654967e+05 1.101943212252390076e+05 1.817958866909474018e+05 8.815621422807237832e+04 1.101948902796359034e+05 2.633681866806970793e+05 5.074851543796000624e+04 9.486922512996887963e+04 1.101948135854635766e+05 2.018945694666296913e+04 1.436110289639170514e+05 9.117990263402316486e+04
7.671064222827143385e+04 7.713687256702777813e+04 8.264631699205344194e+04 2.426742461323365205e+04 8.264667834490565292e+04 5.509823013010298746e+04 7.880991357994034940e-01 8.264639146680003614e+04 4.560527829060345539e+05 2.353907906882216630e+05 8.264645353053373401e+04 7.438213272161468922e+04 3.527287526880657533e+05 8.264648641523950209e+04 8.264604150401277002e+04 1.955698491099172970e+05 5.234341092667829798e+04 8.264662496985025064e+04 2.771423627569704549e+05 1.261583652541494484e+04 1.176327396237010107e+05 8.264656778135252534e+04 4.705408403296132747e+04 1.573851229891835246e+05 6.087668249286597711e+04
1.221649809184899204e+05 1.175346231644372347e+04 1.086610116356838240e+00 6.611742390694684582e+04 1.433806316776869094e+00 1.101946370595132030e+05 8.264639146680003614e+04 6.728352861243156458e-01 4.725814456166141899e+05 2.519195298712728254e+05 1.268333863394847327e+00 1.653056248212981154e+04 3.692573394179358729e+05 1.280116233122220892e+00 9.527799494487914078e-01 2.120984088930931175e+05 3.856913970978090947e+04 1.440644413778829014e+00 2.936709380588408676e+05 8.699621077568607870e+04 1.568885448710313940e+05 1.503511186249990139e+00 1.049051958652780304e+05 1.864111479220967740e+05 3.003590149282257335e+04
4.300788087603185559e+05 4.725815878125921008e+05 4.725814263103396515e+05 4.643171911253859289e+05 4.725815918416948407e+05 4.422786911440691329e+05 4.560527829060345539e+05 4.725814456166141899e+05 1.520305813209261105e+05 3.691205354519460816e+05 4.725814378744151909e+05 4.725816492474112310e+05 2.624308993565730052e+05 4.725814140994260088e+05 4.725813681836203323e+05 3.898132889952959958e+05 4.725816609269614564e+05 4.725816062255165889e+05 3.147328777618212043e+05 4.560527622680823551e+05 4.209289547302488354e+05 4.725814964377916185e+05 4.477883657880012179e+05 4.101391634810391697e+05 4.725816932175537222e+05
2.094168854804433358e+05 2.519196862523857562e+05 2.519194642047077068e+05 2.436552818188199017e+05 2.519196208875803568e+05 2.216167474570705672e+05 2.353907906882216630e+05 2.519195298712728254e+05 3.691205354519460816e+05 5.708549788560588058e+04 2.519194932156476716e+05 2.519197874534562870e+05 2.587459260204187885e+05 2.519194977395628812e+05 2.519193101002007606e+05 1.051376091260034300e+05 2.519198940050772217e+05 2.519196524529977178e+05 1.344227107251657872e+05 2.353909315811842680e+05 1.788438685521744192e+05 2.519195819118106738e+05 2.271265450929411163e+05 1.520162575308368541e+05 2.519198141889068647e+05
1.221649992484375543e+05 1.175366970366259011e+04 1.258599995104156877e+00 6.611749741572282801e+04 1.480631719264306367e+00 1.101946540094503871e+05 8.264645353053373401e+04 1.268333863394847327e+00 4.725814378744151327e+05 2.519194932156476716e+05 6.665961348662898800e-01 1.653069879155277522e+04 3.692573715679233428e+05 1.195280210793970177e+00 1.052953129302758528e+00 2.120985118023693212e+05 3.856934388979810319e+04 1.572166573979172144e+00 2.936709901929697371e+05 8.699624674099574622e+04 1.568886613341324264e+05 1.327438255762370956e+00 1.049053624168353999e+05 1.864112079479464155e+05 3.003606831834927289e+04
1.221652716191471409e+05 4.778468471166532254e+03 1.653041461653902297e+04 5.785310240832770796e+04 1.653070336408576622e+04 1.046851741308671044e+05 7.438213272161467467e+04 1.653056248212981154e+04 4.725816492474112310e+05 2.519197874534562870e+05 1.653069879155277522e+04 7.124635946886113125e-01 3.692575902253314853e+05 1.653073529315369160e+04 1.653031541487011054e+04 2.120987450880113465e+05 3.030463098629484739e+04 1.653058473272849369e+04 2.936711010858813534e+05 7.873190601724946464e+04 1.568888826034826343e+05 1.653074409422222743e+04 9.664090218888521485e+04 1.864114673428903625e+05 1.869417189135172157e+04
3.267547531704874127e+05 3.692576143735134974e+05 3.692573753508764785e+05 3.609931424195868894e+05 3.692574997384213493e+05 3.389546530698615825e+05 3.527287526880657533e+05 3.692573394179358729e+05 2.624308993565730052e+05 2.587459260204187594e+05 3.692573715679233428e+05 3.692575902253315435e+05 1.096814290361783205e+05 3.692573418948585168e+05 3.692572465195237892e+05 2.836192744804569520e+05 3.692575861949231476e+05 3.692575614218998235e+05 2.042288951243856282e+05 3.527286994100738084e+05 3.176048887001092080e+05 3.692573843347540242e+05 3.444643014418536332e+05 3.068151471894267015e+05 3.692576087250935961e+05
1.221649927535050228e+05 1.175363748594486606e+04 1.283968833546613508e+00 6.611749192434606084e+04 1.496703355851507267e+00 1.101946478162654967e+05 8.264648641523950209e+04 1.280116233122220892e+00 4.725814140994259506e+05 2.519194977395628812e+05 1.195280210793970177e+00 1.653073529315369160e+04 3.692573418948585168e+05 6.748050541692590665e-01 1.069899351080222383e+00 2.120985718420997437e+05 3.856933016071138991e+04 1.619772823819748631e+00 2.936709875745397876e+05 8.699624813978731981e+04 1.568886624054556887e+05 1.367462149751428768e+00 1.049053613876587333e+05 1.864112401578661520e+05 3.003605100215502534e+04
1.221646893878770497e+05 1.175328161704639751e+04 8.638525534849582632e-01 6.611711997526504274e+04 1.258968934858320843e+00 1.101943212252390076e+05 8.264604150401277002e+04 9.527799494487914078e-01 4.725813681836203323e+05 2.519193101002007606e+05 1.052953129302758528e+00 1.653031541487011054e+04 3.692572465195237310e+05 1.069899351080222383e+00 4.458540404365590737e-01 2.120983396060219966e+05 3.856893371140888485e+04 1.294303790465829440e+00 2.936708066844748100e+05 8.699587184376227378e+04 1.568884112128034176e+05 1.187199468326717966e+00 1.049049970699125261e+05 1.864110395256091433e+05 3.003568985905392037e+04
1.695958745095024933e+05 2.120986101930436271e+05 2.120983938862607174e+05 2.038343464916451776e+05 2.120986059938322869e+05 1.817958866909474018e+05 1.955698491099172970e+05 2.120984088930931175e+05 3.898132889952959958e+05 1.051376091260034300e+05 2.120985118023693212e+05 2.120987450880113465e+05 2.836192744804569520e+05 2.120985718420997437e+05 2.120983396060219966e+05 3.570996418232344149e+04 2.120987908148124989e+05 2.120985988440792717e+05 1.801444159877751954e+05 1.955699087413517700e+05 1.278332994134020410e+05 2.120986122658163949e+05 1.873054067889195285e+05 8.653598842058867740e+04 2.120986870845902886e+05
1.056362605914064043e+05 3.305961394269017910e+04 3.856901388640949153e+04 3.388010702167487761e+04 3.856938444709115720e+04 8.815621422807237832e+04 5.234341092667829798e+04 3.856913970978090947e+04 4.725816609269615728e+05 2.519198940050772217e+05 3.856934388979810319e+04 3.030463098629484739e+04 3.692575861949231476e+05 3.856933016071138991e+04 3.856893371140888485e+04 2.120987908148124989e+05 7.346927394806151824e+03 3.856934171278465510e+04 2.936712202617608127e+05 5.669326145730331336e+04 1.403599570904360153e+05 3.856941757614075323e+04 8.011183393056287605e+04 1.739139957888436329e+05 1.161188686079482977e+04
1.221652560664835182e+05 1.175347362609104857e+04 1.393037166900381152e+00 6.611770335817179875e+04 1.472374446989429764e+00 1.101948902796359034e+05 8.264662496985025064e+04 1.440644413778829014e+00 4.725816062255165889e+05 2.519196524529977178e+05 1.572166573979172144e+00 1.653058473272849369e+04 3.692575614218998235e+05 1.619772823819748631e+00 1.294303790465829218e+00 2.120985988440792717e+05 3.856934171278465510e+04 7.528874552161135547e-01 2.936710834219690296e+05 8.699645995800176752e+04 1.568887928198842856e+05 1.595310692500397032e+00 1.049054503579812590e+05 1.864114104528394528e+05 3.003606006710286965e+04
2.511683671397802536e+05 2.936711537770384457e+05 2.936709050413972000e+05 2.854068154480184312e+05 2.936710510106455768e+05 2.633681866806970793e+05 2.771423627569704549e+05 2.936709380588408676e+05 3.147328777618212043e+05 1.344227107251657872e+05 2.936709901929697953e+05 2.936711010858813534e+05 2.042288951243856282e+05 2.936709875745397876e+05 2.936708066844748100e+05 1.801444159877751954e+05 2.936712202617608127e+05 2.936710834219690296e+05 8.692777962097981072e+04 2.771423497455325560e+05 2.349309494376147923e+05 2.936710365754010854e+05 2.688778734659744659e+05 2.183120058166607050e+05 2.936712445399891003e+05
7.236104303295056161e+04 8.148679454749351135e+04 8.699609319202812912e+04 2.861733857066895871e+04 8.699643562030668545e+04 5.074851543795999896e+04 1.261583652541494484e+04 8.699621077568607870e+04 4.560527622680823551e+05 2.353909315811842680e+05 8.699624674099576077e+04 7.873190601724946464e+04 3.527286994100738084e+05 8.699624813978731981e+04 8.699587184376227378e+04 1.955699087413517700e+05 5.669326145730331336e+04 8.699645995800176752e+04 2.771423497455324978e+05 4.121644854048489833e+03 1.158013568055377546e+05 8.699631682973269199e+04 4.270426429633334919e+04 1.573851508126872941e+05 6.522649680009786971e+04
7.231326555811474100e+04 1.568887706206434232e+05 1.568884976224324491e+05 1.289963860870896606e+05 1.568887026293677627e+05 9.486922512996887963e+04 1.176327396237010107e+05 1.568885448710313940e+05 4.209289547302488354e+05 1.788438685521744774e+05 1.568886613341324264e+05 1.568888826034826343e+05 3.176048887001092080e+05 1.568886624054556887e+05 1.568884112128034176e+05 1.278332994134020555e+05 1.403599570904360153e+05 1.568887928198842856e+05 2.349309494376148505e+05 1.158013568055377546e+05 4.800054698872573499e+04 1.568887947822965216e+05 1.003788310162628622e+05 7.086535045611819078e+04 1.433834540214163717e+05
1.221651000761375326e+05 1.175360137631333237e+04 1.384004413681626966e+00 6.611755460587787093e+04 1.487174213306312609e+00 1.101948135854635766e+05 8.264656778135252534e+04 1.503511186249990583e+00 4.725814964377917931e+05 2.519195819118106738e+05 1.327438255762370956e+00 1.653074409422222743e+04 3.692573843347540242e+05 1.367462149751428768e+00 1.187199468326717966e+00 2.120986122658163949e+05 3.856941757614075323e+04 1.595310692500397032e+00 2.936710365754010272e+05 8.699631682973269199e+04 1.568887947822964925e+05 7.020649461136166947e-01 1.049055161639039288e+05 1.864113145266010542e+05 3.003608143341232062e+04
4.355173705255088862e+04 9.939581104732715175e+04 1.049051017256540945e+05 6.133832292619882355e+04 1.049054826408403023e+05 2.018945694666296913e+04 4.705408403296132747e+04 1.049051958652780304e+05 4.477883657880012179e+05 2.271265450929411163e+05 1.049053624168353999e+05 9.664090218888520030e+04 3.444643014418536332e+05 1.049053613876587333e+05 1.049049970699125261e+05 1.873054067889195285e+05 8.011183393056287605e+04 1.049054503579812590e+05 2.688778734659745242e+05 4.270426429633334919e+04 1.003788310162628622e+05 1.049055161639039288e+05 7.555848500112316287e+03 1.491207198814339063e+05 8.313559808084450196e+04
1.249321163433823094e+05 1.864114004965066561e+05 1.864110774394243781e+05 1.656495159821432899e+05 1.864112962771030143e+05 1.436110289639170805e+05 1.573851229891835246e+05 1.864111479220967740e+05 4.101391634810391115e+05 1.520162575308368541e+05 1.864112079479464155e+05 1.864114673428903625e+05 3.068151471894267015e+05 1.864112401578661520e+05 1.864110395256091433e+05 8.653598842058869195e+04 1.739139957888436329e+05 1.864114104528394528e+05 2.183120058166607050e+05 1.573851508126872941e+05 7.086535045611819078e+04 1.864113145266010542e+05 1.491207198814339063e+05 2.866174599472078262e+04 1.754625346962877375e+05
1.086599136054171686e+05 2.220200120804260951e+04 3.003576263675774680e+04 4.313355262024890544e+04 3.003604523318633073e+04 9.117990263402316486e+04 6.087668249286597711e+04 3.003590149282257335e+04 4.725816932175538386e+05 2.519198141889068647e+05 3.003606831834927652e+04 1.869417189135172885e+04 3.692576087250935961e+05 3.003605100215502534e+04 3.003568985905392037e+04 2.120986870845902886e+05 1.161188686079483159e+04 3.003606006710286965e+04 2.936712445399891003e+05 6.522649680009786971e+04 1.433834540214163717e+05 3.003608143341232062e+04 8.313559808084453107e+04 1.754625346962877375e+05 7.698398585919251673e+03
