3.415043603771670860e+03 1.237314759005776141e+05 2.551241944402836089e+05 6.837413427645127740e+03 4.116220455456523632e+04 5.330950180976939009e+03 8.073116069076176791e+04 6.431379884290252085e+04 2.604351639453112875e+04 4.799341589746258251e+03 9.426171390885028813e+04 4.120103779014323954e+05 8.570857765332290001e+03 2.026494943901642982e+05 3.016022536546154697e+03 4.799384889699690575e+03 6.837212871829626238e+03 1.632347187451908248e+05 1.123498379195025700e+04 7.664698614722651837e+04 3.220879888057774515e+05 6.837379417603575348e+03 1.410609482746204012e+05 5.512347518120839959e+04 1.926360706995604414e+04
1.237314759005776432e+05 3.631341115004248422e+04 2.142056156895695894e+05 1.237312367626277555e+05 1.105480342723885260e+05 1.237311752595035214e+05 8.595643103352296748e+04 1.015646441108466533e+05 1.159190112769423431e+05 1.237313506784978817e+05 6.581304792869686207e+04 3.780751164195521851e+05 1.237315610703620041e+05 1.468724944246275118e+05 1.237314821357825422e+05 1.237312588916524837e+05 1.237310157512131555e+05 1.004533916977648478e+05 1.237316006356434518e+05 9.299343665465511731e+04 2.898616808676435612e+05 1.237314077891143970e+05 6.334739777993088501e+04 1.051768632257348509e+05 1.173481721466030722e+05
2.551241944402835798e+05 2.142056156895695894e+05 6.841403932235696993e+04 2.551240199804289732e+05 2.512181177534429589e+05 2.551239795640980010e+05 2.394994820705822494e+05 2.473120106538727705e+05 2.551244068361139216e+05 2.551240487577751337e+05 2.253088804438475927e+05 2.873219241598195513e+05 2.551242888069023029e+05 1.393768401330121560e+05 2.551243064739649999e+05 2.551240537774636468e+05 2.551238938989461458e+05 1.822854231391637877e+05 2.551243132918149931e+05 2.434057071068188525e+05 1.758284469413309416e+05 2.551241216687660199e+05 2.053867991682662978e+05 2.473119288354435703e+05 2.551243321111509867e+05
6.837413427645127740e+03 1.237312367626277555e+05 2.551240199804289732e+05 6.162477899422706962e-01 4.116203305314270256e+04 2.888253221671440315e+03 8.073089025417367520e+04 6.431357850240021799e+04 2.604338732060136317e+04 3.907572263297470272e+03 9.426142335394934344e+04 4.120101669054929516e+05 1.336874710810520992e+04 2.026493043982280069e+05 7.814063153286564557e+03 3.907494309996563516e+03 8.892467427594364926e-01 1.632344697263393609e+05 1.562667195597239697e+04 7.664669189434712462e+04 3.220878428095449926e+05 1.277265683329707802e+00 1.410606892628221831e+05 5.512327389694071462e+04 2.201004721490024531e+04
4.116220455456523632e+04 1.105480342723885260e+05 2.512181177534429880e+05 4.116203305314270256e+04 1.144558718719625176e+04 4.116195296581098955e+04 6.250202151323468570e+04 3.177967385380562700e+04 1.811229851289339786e+04 4.116217031150595722e+04 7.961333061147098488e+04 4.081042728290270898e+05 3.855799706162916846e+04 1.987434365657637827e+05 4.116221177166765847e+04 4.116208475070239365e+04 4.116175904719536629e+04 1.593286964921214094e+05 3.640672857773538271e+04 5.463406945984714548e+04 3.181818918637449970e+05 4.116220299431453896e+04 1.312478009823454777e+05 2.071441600684717559e+04 2.614824671999982456e+04
5.330950180976939009e+03 1.237311752595035068e+05 2.551239795640980010e+05 2.888253221671440315e+03 4.116195296581098955e+04 1.506937817059900908e+03 8.073081207209595595e+04 6.431349383948717150e+04 2.604330668010243971e+04 1.020217843172184871e+03 9.426137081073605805e+04 4.120101686288673081e+05 1.336866070494532505e+04 2.026492828884064220e+05 7.813979539682247378e+03 1.020152169797823944e+03 2.888057815317401491e+03 1.632344560858283367e+05 1.562660005592473317e+04 7.664661370137128688e+04 3.220877979180482216e+05 2.888552159781651426e+03 1.410606580422393454e+05 5.512322590295198461e+04 2.200995840973018494e+04
8.073116069076175336e+04 8.595643103352295293e+04 2.394994820705821912e+05 8.073089025417367520e+04 6.250202151323467115e+04 8.073081207209595595e+04 1.493448003319673808e+04 4.346938418096182431e+04 7.031452337016411184e+04 8.073106552540663688e+04 3.887079232040930947e+04 3.924793569333337364e+05 7.899513391575157584e+04 1.870246990571474307e+05 8.073121933630609419e+04 8.073101348384517769e+04 8.073063466770513332e+04 1.476099387670676224e+05 7.812705605873922468e+04 2.320617604564749126e+04 3.025569921482456266e+05 8.073104890135263850e+04 1.195291006939012150e+05 5.311825615427084267e+04 7.174362628943812160e+04
6.431379884290252085e+04 1.015646441108466533e+05 2.473120106538727705e+05 6.431357850240021799e+04 3.177967385380562700e+04 6.431349383948717150e+04 4.346938418096181704e+04 4.305141767503423580e+03 4.608456580845299322e+04 6.431371470907422918e+04 6.532325734708978416e+04 4.002919130588403204e+05 6.170962217212816904e+04 1.948372361975330859e+05 6.431381517494143191e+04 6.431364698260083969e+04 6.431330285828391789e+04 1.554225140304860834e+05 6.040750683632753498e+04 3.061838258715292977e+04 3.103694869798487634e+05 6.431373551049404341e+04 1.273415470658190025e+05 1.464630524950853032e+04 5.378001241729401227e+04
2.604351639453112875e+04 1.159190112769423431e+05 2.551244068361139216e+05 2.604338732060136317e+04 1.811229851289339786e+04 2.604330668010243971e+04 7.031452337016411184e+04 4.608456580845299322e+04 3.472955575514022712e+03 2.604349190142572479e+04 8.644924062475838582e+04 4.120104476158845355e+05 2.343934658174063588e+04 2.026497072391640104e+05 2.604350071464553912e+04 2.604340770895995956e+04 2.604309067463269093e+04 1.632348985820636735e+05 2.128805885551579195e+04 6.248671529283124983e+04 3.220881418876051903e+05 2.604353671586581186e+04 1.351539748234424915e+05 3.672435936086746369e+04 9.151495547658796568e+03
4.799341589746258251e+03 1.237313506784978526e+05 2.551240487577751337e+05 3.907572263297470272e+03 4.116217031150595722e+04 1.020217843172185098e+03 8.073106552540663688e+04 6.431371470907422918e+04 2.604349190142572479e+04 6.404148865413612501e-01 9.426158353049938160e+04 4.120102565523253870e+05 1.336880987160709992e+04 2.026493572794894862e+05 7.814111303305855472e+03 1.165711950607666303e+00 3.907397947235959236e+03 1.632345908001921489e+05 1.562675367611282854e+04 7.664687503644806566e+04 3.220878850223121699e+05 3.907634419730038189e+03 1.410608111697081767e+05 5.512344322833196929e+04 2.201014154229588530e+04
9.426171390885028813e+04 6.581304792869686207e+04 2.253088804438475927e+05 9.426142335394934344e+04 7.961333061147098488e+04 9.426137081073607260e+04 3.887079232040930947e+04 6.532325734708977689e+04 8.644924062475838582e+04 9.426158353049938160e+04 2.337763089143614707e+04 3.857209128867153195e+05 9.426176594583033875e+04 1.714994568695456546e+05 9.426174578324425966e+04 9.426153607502783416e+04 9.426117670519600506e+04 1.351324665486862941e+05 9.426181538195624307e+04 4.967941447084695392e+04 2.938455352158086025e+05 9.426162293290265370e+04 1.044775849866229546e+05 7.258453710167286044e+04 8.787838478634382773e+04
4.120103779014323954e+05 3.780751164195521851e+05 2.873219241598195513e+05 4.120101669054929516e+05 4.081042728290270898e+05 4.120101686288673081e+05 3.924793569333337946e+05 4.002919130588403204e+05 4.120104476158845355e+05 4.120102565523253870e+05 3.857209128867153195e+05 1.220336167104350316e+05 4.120104501058259630e+05 3.402583128909973893e+05 4.120104043571418151e+05 4.120102440593946958e+05 4.120101519341422827e+05 3.501424856440748554e+05 4.120104648749486660e+05 3.963856368597859400e+05 2.410164108480846917e+05 4.120103075769482530e+05 3.656781576889996068e+05 4.037640573382742004e+05 4.120104547046791995e+05
8.570857765332290001e+03 1.237315610703620041e+05 2.551242888069022738e+05 1.336874710810520992e+04 3.855799706162916846e+04 1.336866070494532505e+04 7.899513391575157584e+04 6.170962217212816904e+04 2.343934658174063588e+04 1.336880987160710174e+04 9.426176594583033875e+04 4.120104501058259630e+05 3.180712151013994117e+03 2.026495670079662523e+05 5.556108054927038211e+03 1.336879140435853333e+04 1.336849736032345027e+04 1.632348473212666286e+05 3.108538451702258499e+03 7.404280622842482990e+04 3.220880601517571486e+05 1.336884925628086967e+04 1.410609869736675755e+05 5.251931711232296948e+04 1.464530682456770955e+04
2.026494943901643273e+05 1.468724944246274827e+05 1.393768401330121851e+05 2.026493043982280069e+05 1.987434365657637827e+05 2.026492828884063929e+05 1.870246990571474307e+05 1.948372361975330859e+05 2.026497072391640104e+05 2.026493572794894862e+05 1.714994568695456546e+05 3.402583128909973893e+05 2.026495670079662814e+05 4.817505466612360760e+04 2.026495336355346662e+05 2.026492891991190845e+05 2.026491826626352558e+05 1.047228046694410441e+05 2.026496016746819951e+05 1.909310372104163398e+05 2.424006356270296383e+05 2.026494593757222174e+05 1.367445529401422536e+05 1.948371813542245363e+05 2.026497084537261399e+05
3.016022536546154697e+03 1.237314821357825422e+05 2.551243064739649999e+05 7.814063153286564557e+03 4.116221177166765119e+04 7.813979539682247378e+03 8.073121933630609419e+04 6.431381517494143191e+04 2.604350071464553912e+04 7.814111303305855472e+03 9.426174578324425966e+04 4.120104043571418151e+05 5.556108054927038211e+03 2.026495336355346662e+05 6.743902290833485580e-01 7.814088950121894413e+03 7.813817898154845352e+03 1.632347681047157093e+05 8.663344628465356436e+03 7.664704451245891687e+04 3.220880816242787987e+05 7.814099942656246640e+03 1.410608933540963044e+05 5.512345692794763454e+04 1.834808000697569150e+04
4.799384889699690575e+03 1.237312588916524692e+05 2.551240537774636468e+05 3.907494309996563516e+03 4.116208475070239365e+04 1.020152169797824172e+03 8.073101348384517769e+04 6.431364698260083969e+04 2.604340770895995956e+04 1.165711950607666303e+00 9.426153607502783416e+04 4.120102440593946958e+05 1.336879140435853515e+04 2.026492891991190845e+05 7.814088950121894413e+03 6.014281283867102257e-01 3.907341674435533150e+03 1.632345470644263551e+05 1.562670460724285476e+04 7.664683226148382528e+04 3.220878130291994312e+05 3.907661735998759013e+03 1.410607158263592864e+05 5.512333466567128198e+04 2.201014462102557081e+04
6.837212871829625328e+03 1.237310157512131409e+05 2.551238938989461167e+05 8.892467427594364926e-01 4.116175904719536629e+04 2.888057815317401491e+03 8.073063466770513332e+04 6.431330285828391789e+04 2.604309067463269093e+04 3.907397947235958782e+03 9.426117670519600506e+04 4.120101519341422827e+05 1.336849736032345027e+04 2.026491826626352558e+05 7.813817898154844443e+03 3.907341674435532695e+03 4.185612055745547844e-01 1.632343482747029047e+05 1.562639094966245466e+04 7.664643643685252755e+04 3.220877727789430064e+05 1.137225902049806781e+00 1.410605007348441868e+05 5.512301748066251457e+04 2.200974265150235442e+04
1.632347187451908248e+05 1.004533916977648332e+05 1.822854231391637877e+05 1.632344697263393609e+05 1.593286964921214094e+05 1.632344560858283076e+05 1.476099387670676224e+05 1.554225140304860834e+05 1.632348985820636735e+05 1.632345908001921489e+05 1.351324665486862941e+05 3.501424856440748554e+05 1.632348473212665995e+05 1.047228046694410586e+05 1.632347681047157093e+05 1.632345470644263551e+05 1.632343482747029047e+05 3.357311658744607121e+04 1.632349094123833929e+05 1.515162131920155371e+05 2.681091685194245074e+05 1.632346160499759426e+05 6.579898260156910692e+04 1.554224567890602339e+05 1.632349064556356170e+05
1.123498379195025700e+04 1.237316006356434518e+05 2.551243132918149931e+05 1.562667195597239697e+04 3.640672857773538271e+04 1.562660005592473317e+04 7.812705605873922468e+04 6.040750683632752043e+04 2.128805885551578467e+04 1.562675367611282854e+04 9.426181538195624307e+04 4.120104648749486660e+05 3.108538451702258499e+03 2.026496016746819951e+05 8.663344628465356436e+03 1.562670460724285476e+04 1.562639094966245466e+04 1.632349094123833929e+05 1.329886737834299993e+03 7.274071821010687563e+04 3.220881051382505684e+05 1.562679640270144409e+04 1.410610209771071677e+05 5.118024003446059214e+04 1.213796002659900114e+04
7.664698614722651837e+04 9.299343665465511731e+04 2.434057071068188525e+05 7.664669189434712462e+04 5.463406945984714548e+04 7.664661370137128688e+04 2.320617604564748763e+04 3.061838258715292977e+04 6.248671529283124983e+04 7.664687503644806566e+04 4.967941447084695392e+04 3.963856368597859400e+05 7.404280622842482990e+04 1.909310372104163398e+05 7.664704451245893142e+04 7.664683226148382528e+04 7.664643643685252755e+04 1.515162131920155371e+05 7.274071821010687563e+04 7.493455654934489758e+03 3.064632902815141133e+05 7.664686424194485880e+04 1.234353250778247602e+05 4.054518526229212875e+04 6.620470687850758259e+04
3.220879888057774515e+05 2.898616808676435612e+05 1.758284469413309416e+05 3.220878428095450508e+05 3.181818918637449970e+05 3.220877979180482216e+05 3.025569921482456266e+05 3.103694869798487634e+05 3.220881418876052485e+05 3.220878850223121699e+05 2.938455352158086025e+05 2.410164108480846917e+05 3.220880601517571486e+05 2.424006356270296674e+05 3.220880816242789151e+05 3.220878130291995476e+05 3.220877727789430646e+05 2.681091685194245074e+05 3.220881051382505684e+05 3.064632902815141715e+05 8.997913353104169073e+04 3.220879409141638898e+05 2.825918046750726062e+05 3.138416453746444895e+05 3.220881549506731099e+05
6.837379417603575348e+03 1.237314077891143825e+05 2.551241216687660199e+05 1.277265683329707802e+00 4.116220299431453896e+04 2.888552159781650971e+03 8.073104890135263850e+04 6.431373551049404341e+04 2.604353671586581186e+04 3.907634419730038189e+03 9.426162293290265370e+04 4.120103075769482530e+05 1.336884925628086967e+04 2.026494593757222174e+05 7.814099942656246640e+03 3.907661735998759013e+03 1.137225902049806781e+00 1.632346160499759426e+05 1.562679640270144409e+04 7.664686424194485880e+04 3.220879409141637734e+05 6.465230814644735702e-01 1.410608773960355320e+05 5.512341327766812901e+04 2.201018426662619095e+04
1.410609482746204012e+05 6.334739777993088501e+04 2.053867991682662978e+05 1.410606892628221831e+05 1.312478009823454777e+05 1.410606580422393454e+05 1.195291006939012150e+05 1.273415470658190025e+05 1.351539748234424915e+05 1.410608111697081767e+05 1.044775849866229546e+05 3.656781576889996068e+05 1.410609869736675755e+05 1.367445529401422828e+05 1.410608933540963044e+05 1.410607158263592864e+05 1.410605007348441868e+05 6.579898260156910692e+04 1.410610209771071677e+05 1.234353250778247602e+05 2.825918046750726062e+05 1.410608773960355320e+05 2.285051943779584326e+04 1.273415572125058388e+05 1.358860093265873438e+05
5.512347518120840687e+04 1.051768632257348509e+05 2.473119288354435994e+05 5.512327389694071462e+04 2.071441600684717559e+04 5.512322590295199916e+04 5.311825615427084267e+04 1.464630524950852669e+04 3.672435936086746369e+04 5.512344322833198385e+04 7.258453710167287500e+04 4.037640573382742004e+05 5.251931711232297675e+04 1.948371813542245363e+05 5.512345692794763454e+04 5.512333466567128926e+04 5.512301748066251457e+04 1.554224567890602339e+05 5.118024003446059214e+04 4.054518526229213603e+04 3.138416453746444895e+05 5.512341327766812901e+04 1.273415572125058388e+05 3.049512029202701797e+03 4.441980740492211044e+04
1.926360706995604414e+04 1.173481721466030867e+05 2.551243321111509867e+05 2.201004721490024531e+04 2.614824671999982456e+04 2.200995840973018494e+04 7.174362628943812160e+04 5.378001241729401227e+04 9.151495547658798387e+03 2.201014154229588166e+04 8.787838478634384228e+04 4.120104547046792577e+05 1.464530682456770955e+04 2.026497084537261399e+05 1.834808000697569150e+04 2.201014462102557081e+04 2.200974265150235442e+04 1.632349064556356170e+05 1.213796002659900478e+04 6.620470687850758259e+04 3.220881549506731099e+05 2.201018426662619095e+04 1.358860093265873438e+05 4.441980740492211044e+04 4.096834746687255574e+03
