7.132411779448417644e-01 8.476362012421961481e+03 8.476319731624294946e+03 1.746310892602402909e+00 8.476120935391836611e+03 1.789265799489686469e+04 8.476251678677310338e+03 1.271364683676170898e+04 1.329855300153745338e+05 3.390043205458260491e+04 1.635694438870265222e+00 8.476400980557047660e+03 5.380500004852726124e+04 1.742802286713688531e+00 3.337064537445632595e+04 8.476385714686290157e+03 1.930304223446552933e+05 8.098149246287283313e+04 3.672527184636278980e+04 7.627336069486386259e+04 8.475849794937941624e+03 1.013345994236957340e+05 2.595334243129367242e+05 3.414600363551492337e+05 2.650089295923742156e+03
8.476362012421961481e+03 6.127466247585042769e-01 1.273205815915734229e+00 8.476240777114815501e+03 1.266501206403539026e+00 1.789261420362062927e+04 1.302121565228995026e+00 1.271370042745198407e+04 1.329851937128464924e+05 3.390014000682572805e+04 8.476318657330897622e+03 8.476165357471734751e+03 5.380479733674510499e+04 8.476270857058811089e+03 3.337047951295921666e+04 1.319464479845711580e+00 1.930301909126258688e+05 8.098112356308347080e+04 3.672511728122325439e+04 7.627303117784987262e+04 1.122472219489334622e+00 1.013342571653485211e+05 2.595331551889088005e+05 3.414597970392900170e+05 6.357415378277806667e+03
8.476319731624294946e+03 1.273205815915734229e+00 5.946720024122958970e-01 8.476237526648139465e+03 1.180552082098462519e+00 1.789258538991050227e+04 1.124712709868358473e+00 1.271368596490208984e+04 1.329851220497665927e+05 3.390010780850698211e+04 8.476307356333074495e+03 8.476240607835945411e+03 5.380472520113019709e+04 8.476287808905124621e+03 3.337040584866515564e+04 1.410150584717781319e+00 1.930301213257356721e+05 8.098109517115684866e+04 3.672498341041734238e+04 7.627296351034172403e+04 1.033634060609708305e+00 1.013341802358667628e+05 2.595331092408353288e+05 3.414597117745555588e+05 6.357425678100054029e+03
1.746310892602402909e+00 8.476240777114815501e+03 8.476237526648139465e+03 6.769199346334313638e-01 8.476043545773771257e+03 1.789269525744275234e+04 8.476156152239698713e+03 1.271375018544875275e+04 1.329854240920584416e+05 3.390035443568976189e+04 1.704579007777128119e+00 8.476153608168680876e+03 5.380500479598133097e+04 1.557357612708994088e+00 3.337062718313174992e+04 8.476245537961720402e+03 1.930304247329593054e+05 8.098142381661577383e+04 3.672529455915395374e+04 7.627326275826415804e+04 8.475795901709896498e+03 1.013345076604336500e+05 2.595333903613075672e+05 3.414599414747252013e+05 2.649908964037605074e+03
8.476120935391836611e+03 1.266501206403538582e+00 1.180552082098462519e+00 8.476043545773771257e+03 4.729752002683974554e-01 1.789231867227032490e+04 8.975831980265658316e-01 1.271338776126175435e+04 1.329849733323467663e+05 3.389987519289425836e+04 8.476111221314915383e+03 8.475991825397915818e+03 5.380447491922402696e+04 8.476084804890560918e+03 3.337020147026203631e+04 1.316301200177516284e+00 1.930299819468277565e+05 8.098090359020949109e+04 3.672476326326628623e+04 7.627275850814780279e+04 6.950433991727442695e-01 1.013340143465555302e+05 2.595329909864470537e+05 3.414596740795164951e+05 6.357301276108045386e+03
1.789265799489686469e+04 1.789261420362062927e+04 1.789258538991049863e+04 1.789269525744275234e+04 1.789231867227032490e+04 1.674664065214853963e+03 1.789247829565027496e+04 5.180578039921591881e+03 1.329856764881107083e+05 2.766209177191380877e+04 1.789268924879602855e+04 9.417944032206578413e+03 5.286348633542312746e+04 1.789275829770990458e+04 1.901072156568653372e+04 1.789264051528813798e+04 1.930305596621939912e+05 8.056300541810361028e+04 3.578363287255234900e+04 7.533169244934107701e+04 1.789211672527917108e+04 1.013345910850817454e+05 2.595334941037095559e+05 3.414600813991982723e+05 1.736299581293548545e+04
8.476251678677310338e+03 1.302121565228995026e+00 1.124712709868358473e+00 8.476156152239698713e+03 8.975831980265658316e-01 1.789247829565027496e+04 5.500137635192409169e-01 1.271355647685616350e+04 1.329850072781213385e+05 3.390001191264358204e+04 8.476214333596841243e+03 8.476144855569320498e+03 5.380459540025166643e+04 8.476148326868968070e+03 3.337033910424051282e+04 1.393042781519750362e+00 1.930300657992418564e+05 8.098100857910700142e+04 3.672490240711941442e+04 7.627287868856448040e+04 8.851253543295124482e-01 1.013340847254714026e+05 2.595330710558719875e+05 3.414596709127330687e+05 6.357423944429734547e+03
1.271364683676170898e+04 1.271370042745198407e+04 1.271368596490208984e+04 1.271375018544875275e+04 1.271338776126175435e+04 5.180578039921591881e+03 1.271355647685616350e+04 4.238058472952252487e+03 1.329855566847491136e+05 2.860367184221975913e+04 1.271377411848823976e+04 4.238943303241807371e+03 5.380509051419138268e+04 1.271374806000444005e+04 2.242417741728792680e+04 1.271369359739031461e+04 1.930305162028202030e+05 8.098155963864192017e+04 3.672529760684492794e+04 7.627336053537724365e+04 1.271318946427395531e+04 1.013346839985735714e+05 2.595334475046501320e+05 3.414600423863368924e+05 1.218404189983848664e+04
1.329855300153745338e+05 1.329851937128465215e+05 1.329851220497665927e+05 1.329854240920584416e+05 1.329849733323467372e+05 1.329856764881107083e+05 1.329850072781213385e+05 1.329855566847491136e+05 3.079860152947360984e+04 1.329856552999155829e+05 1.329855275400554528e+05 1.329854158172968018e+05 1.203093977290286857e+05 1.329854176837102277e+05 1.329856596010986832e+05 1.329852334830130858e+05 1.217792161218162946e+05 8.948411717612577195e+04 1.301607823235214164e+05 1.057079996117136616e+05 1.329849213369599893e+05 4.871981787170906318e+04 1.913168394814131898e+05 2.847530823768704431e+05 1.329853665426981170e+05
3.390043205458260491e+04 3.390014000682572805e+04 3.390010780850698211e+04 3.390035443568976189e+04 3.389987519289425836e+04 2.766209177191381605e+04 3.390001191264358204e+04 2.860367184221976277e+04 1.329856552999155829e+05 3.973203294587885011e+03 3.390039907546775066e+04 2.860359711630184393e+04 3.685577811710137030e+04 3.390034326967123343e+04 8.652804334466532964e+03 3.390022881022070214e+04 1.902499525081967586e+05 7.721497934400704980e+04 1.487654038045372727e+04 6.144275402690120973e+04 3.389968585046377120e+04 1.013346690540853742e+05 2.595335910933364939e+05 3.382821862692938303e+05 3.356921430085827888e+04
1.635694438870265222e+00 8.476318657330899441e+03 8.476307356333076314e+03 1.704579007777128119e+00 8.476111221314919021e+03 1.789268924879602855e+04 8.476214333596843062e+03 1.271377411848824158e+04 1.329855275400554528e+05 3.390039907546775794e+04 6.649141142178226493e-01 8.476421454124190859e+03 5.380500729840488930e+04 1.615521719809503987e+00 3.337068064138630871e+04 8.476386757746249714e+03 1.930304374180712912e+05 8.098142594798046048e+04 3.672524522100595641e+04 7.627333737882212154e+04 8.475874982380506481e+03 1.013346088889177627e+05 2.595334132817692880e+05 3.414599658738776343e+05 2.650062753271355632e+03
8.476400980557047660e+03 8.476165357471734751e+03 8.476240607835945411e+03 8.476153608168680876e+03 8.475991825397915818e+03 9.417944032206578413e+03 8.476144855569320498e+03 4.238943303241807371e+03 1.329854158172968018e+05 2.860359711630184393e+04 8.476421454124187221e+03 6.543287956651931969e-01 5.380492709521520010e+04 8.476295381166199149e+03 2.489594699543663592e+04 8.476181575503240310e+03 1.930304091267164040e+05 8.098131537085729360e+04 3.672524022614381829e+04 7.627314010561894975e+04 8.475787550666635070e+03 1.013344937000223581e+05 2.595334033932588354e+05 3.414599914226901019e+05 7.946433271536416214e+03
5.380500004852726124e+04 5.380479733674510499e+04 5.380472520113019709e+04 5.380500479598133097e+04 5.380447491922402696e+04 5.286348633542312018e+04 5.380459540025166643e+04 5.380509051419138268e+04 1.203093977290287003e+05 3.685577811710137030e+04 5.380500729840488930e+04 5.380492709521520010e+04 1.829217159138536954e+04 5.380504458983965742e+04 3.738547122941674024e+04 5.380483990893892769e+04 1.831694740370135696e+05 4.927552263312667492e+04 2.979341934566927739e+04 2.988534950585962360e+04 5.380432060173131322e+04 8.865832807532772131e+04 2.498483489654372388e+05 3.317749189413709100e+05 5.380491051087679807e+04
1.742802286713688975e+00 8.476270857058811089e+03 8.476287808905124621e+03 1.557357612708994088e+00 8.476084804890560918e+03 1.789275829770990458e+04 8.476148326868968070e+03 1.271374806000444005e+04 1.329854176837102277e+05 3.390034326967123343e+04 1.615521719809503987e+00 8.476295381166199149e+03 5.380504458983965742e+04 7.162221260572602111e-01 3.337061603630982427e+04 8.476284997890274099e+03 1.930304392364205851e+05 8.098140445182153780e+04 3.672531949661671388e+04 7.627330774062204000e+04 8.475833256651614647e+03 1.013345575807064452e+05 2.595333652796898677e+05 3.414599841721573030e+05 2.650014368546911101e+03
3.337064537445632595e+04 3.337047951295921666e+04 3.337040584866515564e+04 3.337062718313174992e+04 3.337020147026203631e+04 1.901072156568653372e+04 3.337033910424051282e+04 2.242417741728792680e+04 1.329856596010986832e+05 8.652804334466534783e+03 3.337068064138630871e+04 2.489594699543663592e+04 3.738547122941674024e+04 3.337061603630982427e+04 5.113431999294466550e+03 3.337047435133020917e+04 1.930306243830229505e+05 7.721498609578002652e+04 1.942294732079426103e+04 6.183994153846646077e+04 3.336998190866966615e+04 1.013346862256792665e+05 2.595335464069297304e+05 3.414601876242794096e+05 3.284089964257014799e+04
8.476385714686288338e+03 1.319464479845711580e+00 1.410150584717781319e+00 8.476245537961718583e+03 1.316301200177516284e+00 1.789264051528813798e+04 1.393042781519750362e+00 1.271369359739031279e+04 1.329852334830130858e+05 3.390022881022070214e+04 8.476386757746247895e+03 8.476181575503238491e+03 5.380483990893892769e+04 8.476284997890274099e+03 3.337047435133020917e+04 6.047290986216425912e-01 1.930303082525629725e+05 8.098121178466730635e+04 3.672513599831995816e+04 7.627309397636543144e+04 1.147972510883152886e+00 1.013343081762693619e+05 2.595331991830070328e+05 3.414598537043607794e+05 6.357325197936399491e+03
1.930304223446552933e+05 1.930301909126258688e+05 1.930301213257357012e+05 1.930304247329593054e+05 1.930299819468277565e+05 1.930305596621939912e+05 1.930300657992418564e+05 1.930305162028202030e+05 1.217792161218162946e+05 1.902499525081967586e+05 1.930304374180712912e+05 1.930304091267164331e+05 1.831694740370135696e+05 1.930304392364205851e+05 1.930306243830229505e+05 1.930303082525629725e+05 2.778653909425218444e+04 1.660934849880260299e+05 1.837174478352834703e+05 1.755829779983135522e+05 1.930299582539445546e+05 1.522481352024896187e+05 1.173027687184502283e+05 2.309885421673535311e+05 1.930303188335736049e+05
8.098149246287283313e+04 8.098112356308347080e+04 8.098109517115684866e+04 8.098142381661577383e+04 8.098090359020949109e+04 8.056300541810361028e+04 8.098100857910700142e+04 8.098155963864192017e+04 8.948411717612578650e+04 7.721497934400704980e+04 8.098142594798044593e+04 8.098131537085729360e+04 4.927552263312666037e+04 8.098140445182153780e+04 7.721498609578004107e+04 8.098121178466730635e+04 1.660934849880260008e+05 1.049669297781947535e+04 7.333078376835385279e+04 2.337619389527132444e+04 8.098076895474120101e+04 5.677351615574055904e+04 2.331682513044219231e+05 3.150949405028638430e+05 8.098132971829293820e+04
3.672527184636278980e+04 3.672511728122325439e+04 3.672498341041734238e+04 3.672529455915395374e+04 3.672476326326628623e+04 3.578363287255234900e+04 3.672490240711941442e+04 3.672529760684493522e+04 1.301607823235214164e+05 1.487654038045372727e+04 3.672524522100595641e+04 3.672524022614381829e+04 2.979341934566927739e+04 3.672531949661671388e+04 1.942294732079426103e+04 3.672513599831995816e+04 1.837174478352834703e+05 7.333078376835385279e+04 8.799047181075009576e+03 5.755849530720740586e+04 3.672459703684747365e+04 9.850974098385551770e+04 2.567087185875116556e+05 3.312200563374464400e+05 3.672521014163761720e+04
7.627336069486386259e+04 7.627303117784987262e+04 7.627296351034172403e+04 7.627326275826415804e+04 7.627275850814780279e+04 7.533169244934107701e+04 7.627287868856448040e+04 7.627336053537725820e+04 1.057079996117136616e+05 6.144275402690120973e+04 7.627333737882212154e+04 7.627314010561894975e+04 2.988534950585962360e+04 7.627330774062204000e+04 6.183994153846646805e+04 7.627309397636543144e+04 1.755829779983135231e+05 2.337619389527132444e+04 5.755849530720742769e+04 6.356744944783149549e+03 7.627259380426323332e+04 7.379216023409277841e+04 2.425844712824816816e+05 3.245110768529621419e+05 7.627318652397289407e+04
8.475849794937941624e+03 1.122472219489334622e+00 1.033634060609708305e+00 8.475795901709896498e+03 6.950433991727443805e-01 1.789211672527917108e+04 8.851253543295124482e-01 1.271318946427395531e+04 1.329849213369599893e+05 3.389968585046377120e+04 8.475874982380504662e+03 8.475787550666635070e+03 5.380432060173131322e+04 8.475833256651614647e+03 3.336998190866965888e+04 1.147972510883152886e+00 1.930299582539444964e+05 8.098076895474120101e+04 3.672459703684747365e+04 7.627259380426323332e+04 3.382336635821294180e-01 1.013339327488137205e+05 2.595329764533542912e+05 3.414596358442237834e+05 6.357092145550459463e+03
1.013345994236957340e+05 1.013342571653485356e+05 1.013341802358667774e+05 1.013345076604336791e+05 1.013340143465555302e+05 1.013345910850817454e+05 1.013340847254714172e+05 1.013346839985735714e+05 4.871981787170906318e+04 1.013346690540853742e+05 1.013346088889177627e+05 1.013344937000223581e+05 8.865832807532770676e+04 1.013345575807064452e+05 1.013346862256792811e+05 1.013343081762693764e+05 1.522481352024896187e+05 5.677351615574055904e+04 9.850974098385551770e+04 7.379216023409277841e+04 1.013339327488137205e+05 1.066252471728780620e+04 2.125381907117209630e+05 2.859901441538844374e+05 1.013344155379115837e+05
2.595334243129367242e+05 2.595331551889088005e+05 2.595331092408353288e+05 2.595333903613075963e+05 2.595329909864470537e+05 2.595334941037095559e+05 2.595330710558719875e+05 2.595334475046501902e+05 1.913168394814131898e+05 2.595335910933364939e+05 2.595334132817692880e+05 2.595334033932588354e+05 2.498483489654372388e+05 2.595333652796898677e+05 2.595335464069297595e+05 2.595331991830070328e+05 1.173027687184502283e+05 2.331682513044219231e+05 2.567087185875116556e+05 2.425844712824816816e+05 2.595329764533542912e+05 2.125381907117209630e+05 6.261326281899814785e+04 2.008523728787239233e+05 2.595332967047270795e+05
3.414600363551492337e+05 3.414597970392900170e+05 3.414597117745555588e+05 3.414599414747252013e+05 3.414596740795164951e+05 3.414600813991982723e+05 3.414596709127330687e+05 3.414600423863368924e+05 2.847530823768704431e+05 3.382821862692938303e+05 3.414599658738776343e+05 3.414599914226901019e+05 3.317749189413709100e+05 3.414599841721573030e+05 3.414601876242794096e+05 3.414598537043607794e+05 2.309885421673535311e+05 3.150949405028638430e+05 3.312200563374464400e+05 3.245110768529621419e+05 3.414596358442237834e+05 2.859901441538844374e+05 2.008523728787239233e+05 7.760268167195371643e+04 3.414599031119542196e+05
2.650089295923741702e+03 6.357415378277807577e+03 6.357425678100054029e+03 2.649908964037604619e+03 6.357301276108045386e+03 1.736299581293548545e+04 6.357423944429735457e+03 1.218404189983848664e+04 1.329853665426981170e+05 3.356921430085827888e+04 2.650062753271355177e+03 7.946433271536417124e+03 5.380491051087679807e+04 2.650014368546911101e+03 3.284089964257014799e+04 6.357325197936401310e+03 1.930303188335736049e+05 8.098132971829293820e+04 3.672521014163761720e+04 7.627318652397289407e+04 6.357092145550459463e+03 1.013344155379115691e+05 2.595332967047270504e+05 3.414599031119542196e+05 3.906963550216625663e+03
