6.321257952341788888e-01 1.815209075331257191e+05 3.550477455097803613e+05 7.850521819748068810e+04 1.191160267852918286e+00 2.270755448551391310e+05 7.761529809377246238e+03 4.405101750795338303e+05 1.511919845166715968e+05 1.181265702890928333e+04 3.669528334430453106e+04 2.952927850684284567e+04 4.014447308946113480e+04 3.938582489013010218e+03 1.175154420022969571e+05 3.938601055261284728e+03 1.050607631125826114e+00 5.643170733572458266e+04 9.229519049325713986e-01 2.902443649053302124e+03 2.059760550787796819e+04 2.826748913217526278e+05 9.280262620110971329e+04 2.575628078404157714e+04 1.381641235554759817e+00
1.815209075331257191e+05 4.654988848129171674e+04 2.883547165339463972e+05 1.631486797192178783e+05 1.815209985370097565e+05 1.249767344637291390e+05 1.815212686193549889e+05 3.680542449793275446e+05 8.022340413192886626e+04 1.815213165828201163e+05 1.761527256016360479e+05 1.795529046953801007e+05 1.736473537857714400e+05 1.815212160942325136e+05 1.155382427568133135e+05 1.815212261334298819e+05 1.815208468641508662e+05 1.642969249610369443e+05 1.815207764728069014e+05 1.815211026374684880e+05 1.815212912613271619e+05 2.088800795633920934e+05 1.493160921759852208e+05 1.815213676351837057e+05 1.815210701371078612e+05
3.550477455097803613e+05 2.883547165339463972e+05 1.083288193575300975e+05 3.247503360361343366e+05 3.550477697952497401e+05 2.644638615129337413e+05 3.550479090138690663e+05 2.604425053170265164e+05 3.037030998988482752e+05 3.550479963808711618e+05 3.496794969991539838e+05 3.530795803872320103e+05 3.464106919467992266e+05 3.550478956989474245e+05 3.085821136095811380e+05 3.550479296581745148e+05 3.550477258196747280e+05 3.372893143407363677e+05 3.550476672753816820e+05 3.550479021992385387e+05 3.550480089690016466e+05 2.041519488589439716e+05 3.194194905455597909e+05 3.550480620176005177e+05 3.550478025939862127e+05
7.850521819748068810e+04 1.631486797192178783e+05 3.247503360361343366e+05 1.971727459611340237e+04 7.850529897170934419e+04 2.087033525348507392e+05 7.730726027091933065e+04 4.142638208008761867e+05 1.315512130214218050e+05 7.456846525272364670e+04 6.411675372913668980e+04 6.866301085055433214e+04 5.909858860403824656e+04 7.850545106992518413e+04 8.821818556178708968e+04 7.850552234116326144e+04 7.850509248051630857e+04 3.948719355457633355e+04 7.850490691689965024e+04 7.850541506541184208e+04 7.344370902375555306e+04 2.551163117454435269e+05 4.110202001147812553e+04 7.059192275912576588e+04 7.850539627334776742e+04
1.191160267852918286e+00 1.815209985370097565e+05 3.550477697952497401e+05 7.850529897170934419e+04 6.497331082904981292e-01 2.270755997799128818e+05 7.761542622023092008e+03 4.405102100934380433e+05 1.511920682670878887e+05 1.181269161943776817e+04 3.669535873968774831e+04 2.952931375810720419e+04 4.014455802318014321e+04 3.938632289036890597e+03 1.175155521466226637e+05 3.938622836935873238e+03 1.179234613821186439e+00 5.643174692829059495e+04 1.038532588865293427e+00 2.902473365700630893e+03 2.059763728123664987e+04 2.826749609325808706e+05 9.280273858821552130e+04 2.575634191916206328e+04 1.322646281368207388e+00
2.270755448551391310e+05 1.249767344637291390e+05 2.644638615129336831e+05 2.087033525348507392e+05 2.270755997799128818e+05 5.307052911896230944e+04 2.270758613334815018e+05 3.579001956891706213e+05 1.463028832650498371e+05 2.270758575282980455e+05 2.217073213189698290e+05 2.251074885717420548e+05 2.192020268683769391e+05 2.270758424749049009e+05 1.685727668145939533e+05 2.270758375330450071e+05 2.270754951893525140e+05 2.098515439449445112e+05 2.270754345998930221e+05 2.270757518168313545e+05 2.270759600315548596e+05 1.700037072272632213e+05 1.948707998099004908e+05 2.270759564745223615e+05 2.270756850060929428e+05
7.761529809377248057e+03 1.815212686193549889e+05 3.550479090138691245e+05 7.730726027091933065e+04 7.761542622023092008e+03 2.270758613334815018e+05 3.417638095341986627e+03 4.405103241489777574e+05 1.511923623158114206e+05 7.160854255692418519e+03 3.287260771446455328e+04 2.570654068778806686e+04 3.632175238895563962e+04 3.824448938988636655e+03 1.175158766479837941e+05 3.824504208093283069e+03 7.761460890463478790e+03 5.523378536872402037e+04 7.761185060122106734e+03 4.860568830057814012e+03 1.677474998108455839e+04 2.826751460550404154e+05 9.233408408789488021e+04 2.193351197964943276e+04 7.761555784114359085e+03
4.405101750795337721e+05 3.680542449793274864e+05 2.604425053170265164e+05 4.142638208008761867e+05 4.405102100934379851e+05 3.579001956891706213e+05 4.405103241489776410e+05 1.207200987531821593e+05 3.799219687511965749e+05 4.405103434472125373e+05 4.351417946275486611e+05 4.385419817811955581e+05 4.305643981461594230e+05 4.405103601841165219e+05 3.957389850048103835e+05 4.405103390273703844e+05 4.405101564228220377e+05 4.218356499544866965e+05 4.405101073409087840e+05 4.405103090401829686e+05 4.405104212776611676e+05 3.154529863575019408e+05 4.107017759861038066e+05 4.405104675004110322e+05 4.405102327072683838e+05
1.511919845166715677e+05 8.022340413192886626e+04 3.037030998988483334e+05 1.315512130214218050e+05 1.511920682670878887e+05 1.463028832650498371e+05 1.511923623158114206e+05 3.799219687511965749e+05 2.910049585960093827e+04 1.511923157923575491e+05 1.458238032847499126e+05 1.492238906356142252e+05 1.433184333414721186e+05 1.511923121158953290e+05 7.324652371762461553e+04 1.511923485402801598e+05 1.511919037155481928e+05 1.338383167735789611e+05 1.511918175026026438e+05 1.511922244636901305e+05 1.511924237789107137e+05 2.261257842291066190e+05 1.160173780115299451e+05 1.511877497764059517e+05 1.511921728867676575e+05
1.181265702890928333e+04 1.815213165828201163e+05 3.550479963808711618e+05 7.456846525272364670e+04 1.181269161943776453e+04 2.270758575282980455e+05 7.160854255692418519e+03 4.405103434472126537e+05 1.511923157923575782e+05 1.309388789012326470e+03 2.882146322986932864e+04 2.165535323061407325e+04 3.227061395247266046e+04 1.098393398777102630e+04 1.175158523234277673e+05 1.098394397014131209e+04 1.181257916866600681e+04 5.249492312643703917e+04 1.181232207259720963e+04 1.120203955452008086e+04 9.615352764209577799e+03 2.826752284222705057e+05 9.126238592893480381e+04 1.526487786745442281e+04 1.181278019379181387e+04
3.669528334430453106e+04 1.761527256016360479e+05 3.496794969991539838e+05 6.411675372913667525e+04 3.669535873968774831e+04 2.217073213189698290e+05 3.287260771446455328e+04 4.351417946275486611e+05 1.458238032847499126e+05 2.882146322986932500e+04 2.150350770476222351e+03 1.076233397479996165e+04 1.315094993655384860e+04 3.669548925350460922e+04 1.121471940779454599e+05 3.669546703695168981e+04 3.669518277479504468e+04 3.942338728402861307e+04 3.669493622645228606e+04 3.669546373072941788e+04 2.375957481580083913e+04 2.773066506328631658e+05 8.251912122458028898e+04 1.819318303917965386e+04 3.669538774744841066e+04
2.952927850684284567e+04 1.795529046953801007e+05 3.530795803872320103e+05 6.866301085055433214e+04 2.952931375810720419e+04 2.251074885717420548e+05 2.570654068778807414e+04 4.385419817811956163e+05 1.492238906356142252e+05 2.165535323061407325e+04 1.076233397479996529e+04 2.594468760540823041e+03 2.031708747953690181e+04 2.952948778264064094e+04 1.155473477777584048e+05 2.952947499313139269e+04 2.952919019145272250e+04 4.658941795679459756e+04 2.952892378033742716e+04 2.952944597457609780e+04 1.659358207047866017e+04 2.807068115581102902e+05 8.591926010031173064e+04 1.040188174335872463e+04 2.952938843549825469e+04
4.014447308946113480e+04 1.736473537857714109e+05 3.464106919467992266e+05 5.909858860403824656e+04 4.014455802318014321e+04 2.192020268683769391e+05 3.632175238895563962e+04 4.305643981461594813e+05 1.433184333414721186e+05 3.227061395247266046e+04 1.315094993655384860e+04 2.031708747953689817e+04 3.667201826445903407e+03 4.014470005736244639e+04 1.088784660433756653e+05 4.014468590883976867e+04 4.014439039024616795e+04 3.218040340338688475e+04 4.014414366602813971e+04 4.014463771495748369e+04 2.720877831510218311e+04 2.748012669084222871e+05 8.001376454422454117e+04 2.362657366346465278e+04 4.014459825177829043e+04
3.938582489013010218e+03 1.815212160942325136e+05 3.550478956989474245e+05 7.850545106992518413e+04 3.938632289036890597e+03 2.270758424749049009e+05 3.824448938988636655e+03 4.405103601841165219e+05 1.511923121158953581e+05 1.098393398777102630e+04 3.669548925350460922e+04 2.952948778264063367e+04 4.014470005736244639e+04 7.153067004674440454e-01 1.175157689569310023e+05 1.415343172535312721e+00 3.938508000055204320e+03 5.643198254264528805e+04 3.938270597463364084e+03 1.037509847197562067e+03 2.059770360327181697e+04 2.826751235046510701e+05 9.280291189318695979e+04 2.575641689242453504e+04 3.938569780488114702e+03
1.175154420022969571e+05 1.155382427568133135e+05 3.085821136095811380e+05 8.821818556178708968e+04 1.175155521466226783e+05 1.685727668145939533e+05 1.175158766479837941e+05 3.957389850048103835e+05 7.324652371762461553e+04 1.175158523234277818e+05 1.121471940779454599e+05 1.155473477777583757e+05 1.088784660433756653e+05 1.175157689569310023e+05 3.013612524234859666e+04 1.175157546237303177e+05 1.175153570956579206e+05 9.729395573834709649e+04 1.175152231199694652e+05 1.175156853329422011e+05 1.175158445483375253e+05 2.334913841914151562e+05 6.565523645954781387e+04 1.174763073282167315e+05 1.175156291244788299e+05
3.938601055261284728e+03 1.815212261334298819e+05 3.550479296581745148e+05 7.850552234116326144e+04 3.938622836935873238e+03 2.270758375330450071e+05 3.824504208093283069e+03 4.405103390273704426e+05 1.511923485402801598e+05 1.098394397014131209e+04 3.669546703695168981e+04 2.952947499313139269e+04 4.014468590883976867e+04 1.415343172535312721e+00 1.175157546237303177e+05 6.934528817504406195e-01 3.938533241366186758e+03 5.643199831287453708e+04 3.938290561702542618e+03 1.037542310666961157e+03 2.059770369511351601e+04 2.826751131486468366e+05 9.280291602497358690e+04 2.575645083906613218e+04 3.938575959927543408e+03
1.050607631125826336e+00 1.815208468641508662e+05 3.550477258196747862e+05 7.850509248051630857e+04 1.179234613821186661e+00 2.270754951893525140e+05 7.761460890463478790e+03 4.405101564228221541e+05 1.511919037155481928e+05 1.181257916866600681e+04 3.669518277479504468e+04 2.952919019145272250e+04 4.014439039024616795e+04 3.938508000055204320e+03 1.175153570956579206e+05 3.938533241366186758e+03 5.866106742518084616e-01 5.643156397925069905e+04 8.176257529635506671e-01 2.902378119025910564e+03 2.059753765779842433e+04 2.826748898133023758e+05 9.280252468007932475e+04 2.575618871206767290e+04 1.330480618793165037e+00
5.643170733572458266e+04 1.642969249610369443e+05 3.372893143407363677e+05 3.948719355457633355e+04 5.643174692829059495e+04 2.098515439449445112e+05 5.523378536872402037e+04 4.218356499544866965e+05 1.338383167735789611e+05 5.249492312643703917e+04 3.942338728402861307e+04 4.658941795679460483e+04 3.218040340338688839e+04 5.643198254264529533e+04 9.729395573834709649e+04 5.643199831287453708e+04 5.643156397925069905e+04 1.178100206976011759e+04 5.643136745354566665e+04 5.643190798610888305e+04 5.137013774385485158e+04 2.654508832419037353e+05 6.522826067816274008e+04 4.851841632796564954e+04 5.643185685985291639e+04
9.229519049325713986e-01 1.815207764728069014e+05 3.550476672753816820e+05 7.850490691689965024e+04 1.038532588865293649e+00 2.270754345998930221e+05 7.761185060122106734e+03 4.405101073409087840e+05 1.511918175026026438e+05 1.181232207259721145e+04 3.669493622645229334e+04 2.952892378033742716e+04 4.014414366602813971e+04 3.938270597463364084e+03 1.175152231199694506e+05 3.938290561702542618e+03 8.176257529635504451e-01 5.643136745354566665e+04 4.045886348119733800e-01 2.902168400611002198e+03 2.059726424369954839e+04 2.826748393801345374e+05 9.280236649765228503e+04 2.575593803861314154e+04 1.146096230545286865e+00
2.902443649053302124e+03 1.815211026374684589e+05 3.550479021992385969e+05 7.850541506541184208e+04 2.902473365700630893e+03 2.270757518168313545e+05 4.860568830057814012e+03 4.405103090401830268e+05 1.511922244636901305e+05 1.120203955452008086e+04 3.669546373072941788e+04 2.952944597457609052e+04 4.014463771495748369e+04 1.037509847197562067e+03 1.175156853329422011e+05 1.037542310666960930e+03 2.902378119025910109e+03 5.643190798610888305e+04 2.902168400611002198e+03 1.527538603041385841e+03 2.059768044071816985e+04 2.826750497408568626e+05 9.280284824890704476e+04 2.575643332704998102e+04 2.902333534851330569e+03
2.059760550787796819e+04 1.815212912613271619e+05 3.550480089690016466e+05 7.344370902375555306e+04 2.059763728123665715e+04 2.270759600315548596e+05 1.677474998108455839e+04 4.405104212776612258e+05 1.511924237789107428e+05 9.615352764209577799e+03 2.375957481580083913e+04 1.659358207047866017e+04 2.720877831510218311e+04 2.059770360327182061e+04 1.175158445483375253e+05 2.059770369511351237e+04 2.059753765779842433e+04 5.137013774385485158e+04 2.059726424369954111e+04 2.059768044071816985e+04 2.012363065315763379e+03 2.826752181516076671e+05 9.029823629790832638e+04 6.955478256653240351e+03 2.059766725479028537e+04
2.826748913217526278e+05 2.088800795633921225e+05 2.041519488589439716e+05 2.551163117454435560e+05 2.826749609325808706e+05 1.700037072272632213e+05 2.826751460550404154e+05 3.154529863575019408e+05 2.261257842291066190e+05 2.826752284222704475e+05 2.773066506328631658e+05 2.807068115581102902e+05 2.748012669084222871e+05 2.826751235046510701e+05 2.334913841914151853e+05 2.826751131486468366e+05 2.826748898133023758e+05 2.654508832419037353e+05 2.826748393801345374e+05 2.826750497408569208e+05 2.826752181516076671e+05 7.580406634691337240e+04 2.469499874741517706e+05 2.826752777400862542e+05 2.826749879836645559e+05
9.280262620110971329e+04 1.493160921759852499e+05 3.194194905455597909e+05 4.110202001147813280e+04 9.280273858821552130e+04 1.948707998099004908e+05 9.233408408789488021e+04 4.107017759861038066e+05 1.160173780115299451e+05 9.126238592893478926e+04 8.251912122458030353e+04 8.591926010031173064e+04 8.001376454422455572e+04 9.280291189318695979e+04 6.565523645954781387e+04 9.280291602497360145e+04 9.280252468007932475e+04 6.522826067816274008e+04 9.280236649765229959e+04 9.280284824890703021e+04 9.029823629790832638e+04 2.469499874741517706e+05 1.663044719044130034e+04 8.784827757938197465e+04 9.280280800083972281e+04
2.575628078404157714e+04 1.815213676351837057e+05 3.550480620176005177e+05 7.059192275912576588e+04 2.575634191916206328e+04 2.270759564745223615e+05 2.193351197964943276e+04 4.405104675004111486e+05 1.511877497764059517e+05 1.526487786745442463e+04 1.819318303917965750e+04 1.040188174335872463e+04 2.362657366346465278e+04 2.575641689242453504e+04 1.174763073282167315e+05 2.575645083906613218e+04 2.575618871206767290e+04 4.851841632796564954e+04 2.575593803861314154e+04 2.575643332704998102e+04 6.955478256653240351e+03 2.826752777400862542e+05 8.784827757938197465e+04 4.932944721764808492e+03 2.575641236902982928e+04
1.381641235554759817e+00 1.815210701371078612e+05 3.550478025939862127e+05 7.850539627334776742e+04 1.322646281368207388e+00 2.270756850060929428e+05 7.761555784114359085e+03 4.405102327072684420e+05 1.511921728867676575e+05 1.181278019379181569e+04 3.669538774744841066e+04 2.952938843549825106e+04 4.014459825177829043e+04 3.938569780488114702e+03 1.175156291244788299e+05 3.938575959927543408e+03 1.330480618793165037e+00 5.643185685985291639e+04 1.146096230545286865e+00 2.902333534851331478e+03 2.059766725479028537e+04 2.826749879836645559e+05 9.280280800083972281e+04 2.575641236902982564e+04 6.670829932877857527e-01
