6.796553918008263473e-01 2.521209684953672695e+04 8.862435080434942165e+02 8.404928506085560002e+03 8.405087142962758662e+03 2.213010800695308262e+03 4.595816704464604118e+04 2.521215627995300747e+04 2.521216421124586486e+04 8.405085525310643789e+03 2.173510389457429410e+05 8.405043209945972194e+03 8.404627880065583668e+03 8.405175496136800575e+03 6.773291761285535176e+04 8.508633378301058838e+04 1.949899005299984128e+04 1.380582424285650486e+05 3.210215897601217730e+05 8.405151731302197732e+03 8.405139106644137428e+03 2.941394737923386856e+04 8.404974389221393722e+03 2.521202674846540685e+04 8.405113439317865414e+03
2.521209684953672695e+04 8.207898233934443066e-01 2.521211947722404511e+04 2.521164018929831218e+04 2.521200329348001469e+04 2.521209171530265667e+04 3.755463889852059219e+04 1.680866450639219329e+04 1.425089486990071964e+04 2.521189365575885313e+04 2.089478923916208732e+05 2.521182144933262680e+04 2.521135892327059992e+04 2.521199656276507449e+04 5.932954423200304882e+04 7.668300378390452533e+04 8.810701751225871703e+03 1.296550851411886397e+05 3.126183996374885319e+05 2.521199714404116094e+04 2.521196214425153084e+04 2.101051717634300803e+04 2.521175416183111520e+04 1.722675259766161426e+00 2.521198089429172251e+04
8.862435080434942165e+02 2.521211947722404511e+04 1.583662887382692361e+03 8.404908719051773005e+03 8.405122797746686047e+03 2.864843253846579046e+03 4.530635637306341232e+04 2.521223074695597825e+04 2.521215248545978829e+04 8.405105410243160804e+03 2.173510959271101165e+05 8.405079667841968330e+03 8.404632428190250721e+03 7.520407250004871457e+03 6.773292347145208623e+04 8.508634177369289682e+04 1.917306343131553876e+04 1.380583215802333143e+05 3.210216295886433218e+05 8.405207594051746128e+03 8.358672345088274596e+03 2.908808026935007001e+04 8.405010347659910622e+03 2.521196545097183116e+04 8.405126832787284002e+03
8.404928506085560002e+03 2.521164018929831218e+04 8.404908719051773005e+03 5.263365112176201510e-01 8.404765321688275435e+03 6.193467161934489013e+03 4.595749100513676240e+04 2.521166731606981557e+04 2.521162924881559593e+04 1.287935417549995964e+00 2.173507048622836010e+05 1.204739234016258376e+00 7.742167971198019583e-01 8.404940324432005582e+03 6.773231513396692753e+04 8.508578973369322193e+04 1.949865611185953458e+04 1.380578446800596430e+05 3.210212960348074557e+05 8.404779645030810570e+03 8.404818977642935351e+03 2.941337465282446647e+04 9.746445700228005826e-01 2.521165357985645460e+04 8.404746644562324946e+03
8.405087142962758662e+03 2.521200329348001105e+04 8.405122797746686047e+03 8.404765321688275435e+03 7.181746291860331421e-01 8.405034013301852610e+03 4.595795381470948632e+04 2.521215173970834076e+04 2.521208951150140274e+04 8.404862268652193961e+03 2.173509798623812676e+05 8.404914161436854556e+03 8.404545975368349900e+03 8.405148668938909395e+03 6.773274900894114398e+04 8.508612724197366333e+04 1.949900390595452700e+04 1.380581833959617652e+05 3.210215255167319556e+05 1.478095675596813319e+00 4.438208706299684536e+02 2.941387292417528442e+04 8.404916069861585129e+03 2.521203292080796018e+04 1.382148703566058012e+00
2.213010800695308262e+03 2.521209171530265667e+04 2.864843253846579046e+03 6.193467161934489013e+03 8.405034013301852610e+03 3.259687521090213068e+03 4.595814278206488962e+04 2.521216559684534514e+04 2.521217343287021868e+04 6.193616756729505141e+03 2.173510647685022268e+05 6.193606377150071239e+03 6.193182497690354467e+03 8.405185305512044579e+03 6.773289742987761565e+04 8.508622721926348459e+04 1.949904357798990168e+04 1.380581957016685046e+05 3.210215348836546182e+05 8.405052118884779702e+03 8.404967461818881930e+03 2.941398204595481366e+04 6.193580464204096643e+03 2.521198276955975234e+04 8.405079904931882993e+03
4.595816704464604118e+04 3.755463889852059219e+04 4.530635637306341232e+04 4.595749100513676240e+04 4.595795381470948632e+04 4.595814278206488962e+04 7.445003899331487446e+03 3.755467243885935022e+04 3.755462413949473557e+04 4.595781474805640755e+04 2.089479291990895290e+05 4.595776203093865479e+04 4.595740700634958921e+04 3.976621507973248663e+04 2.943018290367666123e+04 6.157100836569128296e+04 4.062112321249111119e+04 1.288403666483377019e+05 3.126184150028630975e+05 4.595795841985906736e+04 4.563214923189216643e+04 2.814854516060826791e+04 4.595759501913697750e+04 3.755478656825527287e+04 4.595793457487181877e+04
2.521215627995300747e+04 1.680866450639219329e+04 2.521223074695597825e+04 2.521166731606981557e+04 2.521215173970834076e+04 2.521216559684534514e+04 3.755467243885935022e+04 4.194487786395397961e+03 5.609281223384608893e+03 2.521201637424981891e+04 2.049289166869265609e+05 2.521195400309998877e+04 2.521147399556588425e+04 2.521219433476577615e+04 5.932956996346690721e+04 7.668308174133524881e+04 2.215632992224111513e+04 1.296551369751211751e+05 3.082340791430925601e+05 2.521213403334976829e+04 2.521215067765222193e+04 1.284350541948243517e+04 2.521184061321943227e+04 1.680867697934292664e+04 2.521209768924646414e+04
2.521216421124586486e+04 1.425089486990071964e+04 2.521215248545978829e+04 2.521162924881559593e+04 2.521208951150140274e+04 2.521217343287021868e+04 3.755462413949473557e+04 5.609281223384608893e+03 3.559066495884757842e+03 2.521195702701087794e+04 2.031020482620701659e+05 2.521192219357518843e+04 2.521141178583553847e+04 2.521211789813518408e+04 5.932949458787035110e+04 7.668298877667421766e+04 1.970985133773341295e+04 1.296551004169138323e+05 3.126184773847080069e+05 2.521210247661045287e+04 2.521206296816937174e+04 1.570303423513445887e+04 2.521177579756993873e+04 1.425113192515145238e+04 2.521208263036422068e+04
8.405085525310643789e+03 2.521189365575885313e+04 8.405105410243160804e+03 1.287935417549995964e+00 8.404862268652193961e+03 6.193616756729506051e+03 4.595781474805640755e+04 2.521201637424981891e+04 2.521195702701087794e+04 6.753207788609499884e-01 2.173508745696745464e+05 1.304790012697049528e+00 1.097820308443425485e+00 8.405104370240318531e+03 6.773263149684260134e+04 8.508606056132139929e+04 1.949890551059400968e+04 1.380579976780330180e+05 3.210214520516927005e+05 8.404919123556288469e+03 8.404903071315740817e+03 2.941376185434405488e+04 1.354012695407308176e+00 2.521193603422021988e+04 8.404768354942361839e+03
2.173510389457429410e+05 2.089478923916208732e+05 2.173510959271101165e+05 2.173507048622836010e+05 2.173509798623812676e+05 2.173510647685022268e+05 2.089479291990895290e+05 2.049289166869265609e+05 2.031020482620701368e+05 2.173508745696745464e+05 6.453226736079258990e+04 2.173508415865841380e+05 2.173506554760754516e+05 2.173511731575883459e+05 1.919041994191652047e+05 1.749654221309050918e+05 2.142954243668131239e+05 1.132050009590000118e+05 1.734388089801573660e+05 2.173510190399248677e+05 2.173510415750022803e+05 2.089478923562417331e+05 2.173507410860689124e+05 2.089478191484105191e+05 2.173509506030245102e+05
8.405043209945972194e+03 2.521182144933262680e+04 8.405079667841968330e+03 1.204739234016258376e+00 8.404914161436854556e+03 6.193606377150071239e+03 4.595776203093865479e+04 2.521195400309998877e+04 2.521192219357518843e+04 1.304790012697049528e+00 2.173508415865841380e+05 6.313540683812666199e-01 1.045527580553649694e+00 8.405102170783875408e+03 6.773255594124451454e+04 8.508595903362556419e+04 1.949886554835028073e+04 1.380579838479721802e+05 3.210214319392951438e+05 8.404910412598843322e+03 8.404934060941852294e+03 2.941367887804365091e+04 1.224920117454330271e+00 2.521184078451566165e+04 8.404842977535414320e+03
8.404627880065583668e+03 2.521135892327060355e+04 8.404632428190250721e+03 7.742167971198019583e-01 8.404545975368349900e+03 6.193182497690354467e+03 4.595740700634958921e+04 2.521147399556588425e+04 2.521141178583553847e+04 1.097820308443425485e+00 2.173506554760754807e+05 1.045527580553649694e+00 3.340971509610748957e-01 8.404628291906254162e+03 6.773230224759569683e+04 8.508574214373523137e+04 1.949838367866181579e+04 1.380577925039398542e+05 3.210212120665267576e+05 8.404534100373244655e+03 8.404538786100625657e+03 2.941328936917547981e+04 8.902001312238119191e-01 2.521139108426948951e+04 8.404508512249309206e+03
8.405175496136800575e+03 2.521199656276507449e+04 7.520407250004872367e+03 8.404940324432005582e+03 8.405148668938909395e+03 8.405185305512044579e+03 3.976621507973248663e+04 2.521219433476577615e+04 2.521211789813518408e+04 8.405104370240318531e+03 2.173511731575883459e+05 8.405102170783875408e+03 8.404628291906254162e+03 7.924857815028296670e-01 6.773287806638030452e+04 8.508639112750056665e+04 1.640289351733163130e+04 1.380583829185029317e+05 3.210216961841066950e+05 8.405223210589138034e+03 7.962940619299028185e+03 2.631798135476160678e+04 8.405031621734944565e+03 2.521190906219770477e+04 8.405135927259378150e+03
6.773291761285535176e+04 5.932954423200304882e+04 6.773292347145208623e+04 6.773231513396692753e+04 6.773274900894114398e+04 6.773289742987761565e+04 2.943018290367665759e+04 5.932956996346690721e+04 5.932949458787035110e+04 6.773263149684260134e+04 1.919041994191652047e+05 6.773255594124451454e+04 6.773230224759569683e+04 6.773287806638030452e+04 1.272920579188790543e+04 3.270065361399852554e+04 6.467721709205451771e+04 1.077871213242239464e+05 2.967085040950123803e+05 6.773278942580305738e+04 6.773286561231335509e+04 5.271310286655202071e+04 6.773245015024219174e+04 5.932949028642955091e+04 6.773269896488344239e+04
8.508633378301057382e+04 7.668300378390452533e+04 8.508634177369289682e+04 8.508578973369322193e+04 8.508612724197366333e+04 8.508622721926348459e+04 6.157100836569128296e+04 7.668308174133523426e+04 7.668298877667421766e+04 8.508606056132141384e+04 1.749654221309050918e+05 8.508595903362556419e+04 8.508574214373523137e+04 8.508639112750056665e+04 3.270065361399853282e+04 8.666881664114422165e+03 8.203070144811495265e+04 7.823943738348525949e+04 2.863578386378564755e+05 8.508624779555875284e+04 8.508623369235072460e+04 7.431961688077423605e+04 8.508585118373660953e+04 7.668305893638878479e+04 8.508614161592374148e+04
1.949899005299984128e+04 8.810701751225871703e+03 1.917306343131553876e+04 1.949865611185953458e+04 1.949900390595452700e+04 1.949904357798990168e+04 4.062112321249111119e+04 2.215632992224111513e+04 1.970985133773341295e+04 1.949890551059400968e+04 2.142954243668131239e+05 1.949886554835028073e+04 1.949838367866181579e+04 1.640289351733163130e+04 6.467721709205452498e+04 8.203070144811495265e+04 8.499478272398069748e+03 1.350026036360881699e+05 3.179659088654496591e+05 1.949905295467597898e+04 1.933609314976619862e+04 2.521753501140604203e+04 1.949875736736737963e+04 8.810581772939103757e+03 1.949899712473355976e+04
1.380582424285650486e+05 1.296550851411886397e+05 1.380583215802333143e+05 1.380578446800596430e+05 1.380581833959617652e+05 1.380581957016685046e+05 1.288403666483377019e+05 1.296551369751211751e+05 1.296551004169138323e+05 1.380579976780330180e+05 1.132050009590000118e+05 1.380579838479721802e+05 1.380577925039398251e+05 1.380583829185029317e+05 1.077871213242239464e+05 7.823943738348525949e+04 1.350026036360881990e+05 3.421115526431938633e+04 2.449315093078841746e+05 1.380581731814677187e+05 1.380581851307035249e+05 1.296551483165651880e+05 1.380578324039261206e+05 1.296550743534601934e+05 1.380581724770653236e+05
3.210215897601217730e+05 3.126183996374885319e+05 3.210216295886433218e+05 3.210212960348074557e+05 3.210215255167319556e+05 3.210215348836546182e+05 3.126184150028630975e+05 3.082340791430925601e+05 3.126184773847080069e+05 3.210214520516927005e+05 1.734388089801573660e+05 3.210214319392951438e+05 3.210212120665267576e+05 3.210216961841066950e+05 2.967085040950123803e+05 2.863578386378564173e+05 3.179659088654496591e+05 2.449315093078842037e+05 7.326484829250545590e+04 3.210215248263609828e+05 3.210215581207406358e+05 3.071379835978692863e+05 3.210213073955027503e+05 3.126183488584503066e+05 3.210214276757047628e+05
8.405151731302197732e+03 2.521199714404116094e+04 8.405207594051746128e+03 8.404779645030810570e+03 1.478095675596812875e+00 8.405052118884779702e+03 4.595795841985906736e+04 2.521213403334976829e+04 2.521210247661045287e+04 8.404919123556288469e+03 2.173510190399248677e+05 8.404910412598843322e+03 8.404534100373244655e+03 8.405223210589138034e+03 6.773278942580304283e+04 8.508624779555875284e+04 1.949905295467597898e+04 1.380581731814677187e+05 3.210215248263610993e+05 6.358204235140461069e-01 4.438011959585311956e+02 2.941388853983685840e+04 8.404891029759630328e+03 2.521202709896835586e+04 1.472032932531900595e+00
8.405139106644137428e+03 2.521196214425153084e+04 8.358672345088276415e+03 8.404818977642935351e+03 4.438208706299684536e+02 8.404967461818881930e+03 4.563214923189215915e+04 2.521215067765222193e+04 2.521206296816937174e+04 8.404903071315740817e+03 2.173510415750022803e+05 8.404934060941852294e+03 8.404538786100625657e+03 7.962940619299028185e+03 6.773286561231335509e+04 8.508623369235072460e+04 1.933609314976619862e+04 1.380581851307035249e+05 3.210215581207406358e+05 4.438011959585311956e+02 8.387482749177189589e+02 2.925100825697595792e+04 8.404935855307925522e+03 2.521205143851572211e+04 4.438956526243266012e+02
2.941394737923386856e+04 2.101051717634300803e+04 2.908808026935007001e+04 2.941337465282446647e+04 2.941387292417528442e+04 2.941398204595481366e+04 2.814854516060826791e+04 1.284350541948243335e+04 1.570303423513445887e+04 2.941376185434405124e+04 2.089478923562417331e+05 2.941367887804365091e+04 2.941328936917547981e+04 2.631798135476160678e+04 5.271310286655204254e+04 7.431961688077423605e+04 2.521753501140604203e+04 1.296551483165651880e+05 3.071379835978692863e+05 2.941388853983685840e+04 2.925100825697595792e+04 1.402650765977106857e+04 2.941355264220337631e+04 2.101045412497023790e+04 2.941378119144809534e+04
8.404974389221393722e+03 2.521175416183111520e+04 8.405010347659910622e+03 9.746445700228005826e-01 8.404916069861585129e+03 6.193580464204098462e+03 4.595759501913697750e+04 2.521184061321943227e+04 2.521177579756993873e+04 1.354012695407308176e+00 2.173507410860689124e+05 1.224920117454330271e+00 8.902001312238119191e-01 8.405031621734944565e+03 6.773245015024219174e+04 8.508585118373660953e+04 1.949875736736737963e+04 1.380578324039261206e+05 3.210213073955027503e+05 8.404891029759630328e+03 8.404935855307925522e+03 2.941355264220337631e+04 5.874386625533376538e-01 2.521180867501429020e+04 8.404852606883250701e+03
2.521202674846540685e+04 1.722675259766161426e+00 2.521196545097183116e+04 2.521165357985645460e+04 2.521203292080796018e+04 2.521198276955975234e+04 3.755478656825527287e+04 1.680867697934292664e+04 1.425113192515145238e+04 2.521193603422021988e+04 2.089478191484105191e+05 2.521184078451566165e+04 2.521139108426948951e+04 2.521190906219770477e+04 5.932949028642955091e+04 7.668305893638878479e+04 8.810581772939103757e+03 1.296550743534601934e+05 3.126183488584503066e+05 2.521202709896835586e+04 2.521205143851572211e+04 2.101045412497023790e+04 2.521180867501429020e+04 7.067637721134359952e-01 2.521200672724742617e+04
8.405113439317865414e+03 2.521198089429172251e+04 8.405126832787284002e+03 8.404746644562324946e+03 1.382148703566057790e+00 8.405079904931882993e+03 4.595793457487181877e+04 2.521209768924646414e+04 2.521208263036422068e+04 8.404768354942361839e+03 2.173509506030245102e+05 8.404842977535414320e+03 8.404508512249309206e+03 8.405135927259378150e+03 6.773269896488345694e+04 8.508614161592374148e+04 1.949899712473355976e+04 1.380581724770653236e+05 3.210214276757047628e+05 1.472032932531900595e+00 4.438956526243266012e+02 2.941378119144809534e+04 8.404852606883250701e+03 2.521200672724742617e+04 6.604329677947378130e-01
