8.748891483863457324e+03 8.044307890437261085e+04 1.455125399315504474e+05 2.560804079174434082e+04 2.641243985750220236e+04 1.086259908516555297e+05 2.641260049489507583e+04 3.537164025233546272e+04 2.172013834850709827e+04 2.641203290692244627e+04 1.422540427137217557e+04 2.641272374162917549e+04 2.677291806050076848e+05 1.955129959551297652e+05 2.641267323803739419e+04 5.954707764652404148e+04 2.641234599154427633e+04 2.641219133164719096e+04 2.641265815128910617e+04 2.641273752582618545e+04 1.142410631344874491e+04 2.641250307200257521e+04 2.641272179752586817e+04 2.641266292008026358e+04 2.641252774582625352e+04
8.044307890437261085e+04 4.608723888078702657e+03 9.675539684883381415e+04 9.243904538458008028e+04 9.243879099996418518e+04 3.585900395609626139e+04 9.243899968714341230e+04 5.129434942735159711e+04 9.243917796398312203e+04 9.243843111126008444e+04 9.243918102824593370e+04 9.243912115071754670e+04 2.507221975798796338e+05 1.735141492837893020e+05 9.243918331064877566e+04 2.711894756688036796e+04 9.243863869219532353e+04 9.243858083642374550e+04 9.243917216525781259e+04 9.243910024340666132e+04 8.963808111467992421e+04 9.243883074869989650e+04 9.243909033370341058e+04 9.243896532066087821e+04 9.243892900615178223e+04
1.455125399315504474e+05 9.675539684883381415e+04 3.509627754548662051e+04 1.551160652651774290e+05 1.551158558164341666e+05 7.473102099772772635e+04 1.551159952156376094e+05 1.285026780220015644e+05 1.551163480784699495e+05 1.551156124936210108e+05 1.551163808466612536e+05 1.551162387843231554e+05 1.978715935278527613e+05 9.447651411278717569e+04 1.551162697159160452e+05 1.095932868551724387e+05 1.551158231393360184e+05 1.551157237783746677e+05 1.551162561567141674e+05 1.551161006288818025e+05 1.523152425698733714e+05 1.551159405415092187e+05 1.551161868940782442e+05 1.551160223423874995e+05 1.551159561089152121e+05
2.560804079174434082e+04 9.243904538458006573e+04 1.551160652651774290e+05 1.889503632392489180e+03 1.085882851674769427e+03 1.182296722513025452e+05 1.085857089034690716e+03 4.959528150095407182e+04 1.642376413444057107e+04 1.085487622161870377e+03 1.572426787652837083e+04 1.680850916963657073e+04 2.773327130180250388e+05 2.051165927031314932e+05 1.680857590953833278e+04 7.377049646438838681e+04 1.085833777195419998e+03 1.085744150954881434e+03 1.680856938693173652e+04 8.404945855841242519e+03 1.852537873078988196e+04 1.085914490166801670e+03 1.330707092047512742e+04 1.085904992034767247e+03 1.085908874652064924e+03
2.641243985750220236e+04 9.243879099996415607e+04 1.551158558164341375e+05 1.085882851674769427e+03 6.289495067594331745e-01 1.182294797405154677e+05 1.502807528550156091e+00 4.959512024203086185e+04 1.680851317011450010e+04 9.852650537973698386e-01 1.680856359913524284e+04 1.680843461075894083e+04 2.773325542643723311e+05 2.051163227185911965e+05 1.680845354983823927e+04 7.377031275237268710e+04 1.170089020213976871e+00 1.168439824229515978e+00 1.680848943602620056e+04 8.404991547391155109e+03 1.960966533001345670e+04 1.283737540093017104e+00 1.330698934616569386e+04 1.575644649048666190e+00 1.381088852895422603e+00
1.086259908516555297e+05 3.585900395609626139e+04 7.473102099772772635e+04 1.182296722513025452e+05 1.182294797405154677e+05 1.840795235600609521e+04 1.182296407982933015e+05 8.544330826475138019e+04 1.182299426395057089e+05 1.182291915905535134e+05 1.182298608661438193e+05 1.182298370416813559e+05 2.314465438836255635e+05 1.583538328290298523e+05 1.182298158369204029e+05 6.126804962689192325e+04 1.182293596982913732e+05 1.182292627498568618e+05 1.182298470918029634e+05 1.182297741946067108e+05 1.154287196201197803e+05 1.182295464971584734e+05 1.182298090880240925e+05 1.182296719027807412e+05 1.182295452260650345e+05
2.641260049489507583e+04 9.243899968714341230e+04 1.551159952156376094e+05 1.085857089034690716e+03 1.502807528550156091e+00 1.182296407982933015e+05 6.893896570487301201e-01 4.959533422808855539e+04 1.680868085959725067e+04 1.161365479728119432e+00 1.680871834922725975e+04 1.680853904753676397e+04 2.773326445386045962e+05 2.051165467665928300e+05 1.680854767250843361e+04 7.377047706843576452e+04 1.473817953753911558e+00 1.444251941298152042e+00 1.680861365238917642e+04 8.404990589459270268e+03 1.960987893112857637e+04 1.441641210829246011e+00 1.330708728139004597e+04 1.354387105408625169e+00 1.492152888250603437e+00
3.537164025233546272e+04 5.129434942735159711e+04 1.285026780220015644e+05 4.959528150095407182e+04 4.959512024203086185e+04 8.544330826475138019e+04 4.959533422808855539e+04 3.398190458230171316e+03 4.959536156287589256e+04 4.959477699780378316e+04 4.959538282541916851e+04 4.959549057132267626e+04 2.605262481190379767e+05 1.859848120995106001e+05 4.959544174656778341e+04 2.417704100892757197e+04 4.959498630364247219e+04 4.959484218395864445e+04 4.959545996445829951e+04 4.959540200207953603e+04 4.679422445131807763e+04 4.959520083110483392e+04 4.959542050537305477e+04 4.959532435115776752e+04 4.959524507221358363e+04
2.172013834850709827e+04 9.243917796398312203e+04 1.551163480784699495e+05 1.642376413444057107e+04 1.680851317011450010e+04 1.182299426395057089e+05 1.680868085959725067e+04 4.959536156287589256e+04 7.933238003493544966e+03 1.680807344415557964e+04 1.032510431500565937e+04 6.485142005779885039e+03 2.773328570581246167e+05 2.051167386162424227e+05 6.485169527952355566e+03 7.377061507040806464e+04 1.680838208004052285e+04 1.680826073052163702e+04 6.485082339806964228e+03 1.138716572046424699e+04 1.312650908134224665e+04 1.680858963033969485e+04 8.527652440575107903e+03 1.680870438100643514e+04 1.680860207948866446e+04
2.641203290692244627e+04 9.243843111126008444e+04 1.551156124936210108e+05 1.085487622161870377e+03 9.852650537973698386e-01 1.182291915905535134e+05 1.161365479728119432e+00 4.959477699780378316e+04 1.680807344415557964e+04 3.333961074611246911e-01 1.680811635873127670e+04 1.680798471518075166e+04 2.773323147108420380e+05 2.051161383979732054e+05 1.680800219919796291e+04 7.376997034662266378e+04 8.976024792077629266e-01 7.364508100625265508e-01 1.680802482631715247e+04 8.404560606317814745e+03 1.960929259914726208e+04 1.079524733416610482e+00 1.330654201328527233e+04 1.181151041456923956e+00 1.158964130573197249e+00
1.422540427137217557e+04 9.243918102824591915e+04 1.551163808466612536e+05 1.572426787652837083e+04 1.680856359913524284e+04 1.182298608661438193e+05 1.680871834922725975e+04 4.959538282541916851e+04 1.032510431500565937e+04 1.680811635873127670e+04 7.352955959925475682e-01 1.680871883262515257e+04 2.773329290229658363e+05 2.051168067214125767e+05 1.680870546156726050e+04 7.377056598756936728e+04 1.680839604566122944e+04 1.680830140270662378e+04 1.680864948842445301e+04 1.680865941151282459e+04 2.802970626537362023e+03 1.680858471551696857e+04 1.680875901024571067e+04 1.680876627404406827e+04 1.680866704450068573e+04
2.641272374162917549e+04 9.243912115071753215e+04 1.551162387843231554e+05 1.680850916963656346e+04 1.680843461075894083e+04 1.182298370416813559e+05 1.680853904753676397e+04 4.959549057132267626e+04 6.485142005779885039e+03 1.680798471518075166e+04 1.680871883262515257e+04 7.128550534000570593e-01 2.773328074443793157e+05 2.051166601814850001e+05 1.665018079014791486e+00 7.377066085292636126e+04 1.680834346155377352e+04 1.680824384685496625e+04 1.693868444737256507e+00 8.405137857694086051e+03 1.960997438864174546e+04 1.680848396390289054e+04 3.502984250746184898e+03 1.680855218043302375e+04 1.680850013108842541e+04
2.677291806050076848e+05 2.507221975798796338e+05 1.978715935278527613e+05 2.773327130180250388e+05 2.773325542643723311e+05 2.314465438836255635e+05 2.773326445386045962e+05 2.605262481190379767e+05 2.773328570581246167e+05 2.773323147108420380e+05 2.773329290229658363e+05 2.773328074443793157e+05 6.711622139907715609e+04 1.530300858036436548e+05 2.773328227480541682e+05 2.558577651828101953e+05 2.773324689198204433e+05 2.773324334172453964e+05 2.773329443016899168e+05 2.773327410757301259e+05 2.745318075844172854e+05 2.773325605367270182e+05 2.773327583870684612e+05 2.773326666564547922e+05 2.773326069847940234e+05
1.955129959551297652e+05 1.735141492837893020e+05 9.447651411278717569e+04 2.051165927031314932e+05 2.051163227185911965e+05 1.583538328290298232e+05 2.051165467665928300e+05 1.859848120995106001e+05 2.051167386162424227e+05 2.051161383979732345e+05 2.051168067214125767e+05 2.051166601814850001e+05 1.530300858036436548e+05 3.513288660872334731e+04 2.051167442372112419e+05 1.772491151921111450e+05 2.051162698584527243e+05 2.051162455774949922e+05 2.051167572480874951e+05 2.051166236641083087e+05 2.023156486717122607e+05 2.051164004976146098e+05 2.051165989856363158e+05 2.051165261102799559e+05 2.051164329304461426e+05
2.641267323803739419e+04 9.243918331064877566e+04 1.551162697159160452e+05 1.680857590953833278e+04 1.680845354983823927e+04 1.182298158369204029e+05 1.680854767250843361e+04 4.959544174656778341e+04 6.485169527952355566e+03 1.680800219919796291e+04 1.680870546156726050e+04 1.665018079014791486e+00 2.773328227480541682e+05 2.051167442372112419e+05 7.633506941395007406e-01 7.377063926601609273e+04 1.680836364744889579e+04 1.680825948548449014e+04 1.742678392817579303e+00 8.405168240971986961e+03 1.960989824585181850e+04 1.680849439274166798e+04 3.503098311063486562e+03 1.680859282777607950e+04 1.680851907854855381e+04
5.954707764652404148e+04 2.711894756688036796e+04 1.095932868551724387e+05 7.377049646438838681e+04 7.377031275237268710e+04 6.126804962689192325e+04 7.377047706843576452e+04 2.417704100892757197e+04 7.377061507040806464e+04 7.376997034662266378e+04 7.377056598756936728e+04 7.377066085292637581e+04 2.558577651828102244e+05 1.772491151921111450e+05 7.377063926601609273e+04 1.543022919368913790e+04 7.377013881398226658e+04 7.377007602480133937e+04 7.377062091879705258e+04 7.377052670292057155e+04 7.096941842463573266e+04 7.377035427301529853e+04 7.377060185980850656e+04 7.377047430202840769e+04 7.377043396544785355e+04
2.641234599154427633e+04 9.243863869219532353e+04 1.551158231393360184e+05 1.085833777195419998e+03 1.170089020213976871e+00 1.182293596982913587e+05 1.473817953753911558e+00 4.959498630364247219e+04 1.680838208004052285e+04 8.976024792077629266e-01 1.680839604566122944e+04 1.680834346155377352e+04 2.773324689198204433e+05 2.051162698584527243e+05 1.680836364744889579e+04 7.377013881398226658e+04 5.941644597692387064e-01 9.998123409482198021e-01 1.680839583057574055e+04 8.404923965279444019e+03 1.960960483708791071e+04 1.305763196928936276e+00 1.330693066027123496e+04 1.517708534231628104e+00 1.431133495484437246e+00
2.641219133164719096e+04 9.243858083642376005e+04 1.551157237783746677e+05 1.085744150954881661e+03 1.168439824229515978e+00 1.182292627498568618e+05 1.444251941298152264e+00 4.959484218395864445e+04 1.680826073052163702e+04 7.364508100625266618e-01 1.680830140270662741e+04 1.680824384685496989e+04 2.773324334172453964e+05 2.051162455774949922e+05 1.680825948548449014e+04 7.377007602480133937e+04 9.998123409482196911e-01 5.326284549997634121e-01 1.680822049938859345e+04 8.404842698181500964e+03 1.960945652662714929e+04 1.302120508535872023e+00 1.330681669801546741e+04 1.442429323524469398e+00 1.340913682570446186e+00
2.641265815128910617e+04 9.243917216525779804e+04 1.551162561567141674e+05 1.680856938693173652e+04 1.680848943602620056e+04 1.182298470918029634e+05 1.680861365238917642e+04 4.959545996445829951e+04 6.485082339806966047e+03 1.680802482631715247e+04 1.680864948842445301e+04 1.693868444737256507e+00 2.773329443016899168e+05 2.051167572480874951e+05 1.742678392817579303e+00 7.377062091879703803e+04 1.680839583057574055e+04 1.680822049938859345e+04 7.399235923164719786e-01 8.405223425851705542e+03 1.960984102362066551e+04 1.680856285296979331e+04 3.503190734418206830e+03 1.680865661359666046e+04 1.680855294864149619e+04
2.641273752582618545e+04 9.243910024340664677e+04 1.551161006288818025e+05 8.404945855841242519e+03 8.404991547391156928e+03 1.182297741946067108e+05 8.404990589459272087e+03 4.959540200207955058e+04 1.138716572046424699e+04 8.404560606317814745e+03 1.680865941151282823e+04 8.405137857694086051e+03 2.773327410757301259e+05 2.051166236641083087e+05 8.405168240971986961e+03 7.377052670292057155e+04 8.404923965279445838e+03 8.404842698181504602e+03 8.405223425851705542e+03 7.031681001554954680e-01 1.960994992804654612e+04 8.405014179791176502e+03 4.903540812419561917e+03 8.404975718909810894e+03 8.405010365660098614e+03
1.142410631344874491e+04 8.963808111467990966e+04 1.523152425698733714e+05 1.852537873078988196e+04 1.960966533001345670e+04 1.154287196201197512e+05 1.960987893112857273e+04 4.679422445131807763e+04 1.312650908134224301e+04 1.960929259914725844e+04 2.802970626537361568e+03 1.960997438864174546e+04 2.745318075844172854e+05 2.023156486717122316e+05 1.960989824585181850e+04 7.096941842463573266e+04 1.960960483708791071e+04 1.960945652662714929e+04 1.960984102362066551e+04 1.960994992804654612e+04 3.735626347742442704e+03 1.960975958006771543e+04 1.960995695140576572e+04 1.960993551705537539e+04 1.960977129409665577e+04
2.641250307200257521e+04 9.243883074869988195e+04 1.551159405415092187e+05 1.085914490166801670e+03 1.283737540093017104e+00 1.182295464971584734e+05 1.441641210829246011e+00 4.959520083110483392e+04 1.680858963033969485e+04 1.079524733416610482e+00 1.680858471551696857e+04 1.680848396390289054e+04 2.773325605367270182e+05 2.051164004976146098e+05 1.680849439274166798e+04 7.377035427301529853e+04 1.305763196928936276e+00 1.302120508535872245e+00 1.680856285296979331e+04 8.405014179791172864e+03 1.960975958006771543e+04 6.623300126825349965e-01 1.330702431396189968e+04 1.502030840853373128e+00 1.289490482765154988e+00
2.641272179752586817e+04 9.243909033370339603e+04 1.551161868940782442e+05 1.330707092047512560e+04 1.330698934616569568e+04 1.182298090880240925e+05 1.330708728139004961e+04 4.959542050537305477e+04 8.527652440575107903e+03 1.330654201328527051e+04 1.680875901024571067e+04 3.502984250746184898e+03 2.773327583870684612e+05 2.051165989856363158e+05 3.503098311063486562e+03 7.377060185980850656e+04 1.330693066027123496e+04 1.330681669801546377e+04 3.503190734418207285e+03 4.903540812419561917e+03 1.960995695140576572e+04 1.330702431396190150e+04 4.085738116632719084e+03 1.330709366795919414e+04 1.330703646040882450e+04
2.641266292008026358e+04 9.243896532066086365e+04 1.551160223423875286e+05 1.085904992034767247e+03 1.575644649048666190e+00 1.182296719027807412e+05 1.354387105408625169e+00 4.959532435115776752e+04 1.680870438100643150e+04 1.181151041456923956e+00 1.680876627404406827e+04 1.680855218043302375e+04 2.773326666564547922e+05 2.051165261102799559e+05 1.680859282777607950e+04 7.377047430202840769e+04 1.517708534231628104e+00 1.442429323524469398e+00 1.680865661359666046e+04 8.404975718909809075e+03 1.960993551705537539e+04 1.502030840853373128e+00 1.330709366795919414e+04 6.740996629421499575e-01 1.489096324226398593e+00
2.641252774582625352e+04 9.243892900615175313e+04 1.551159561089152121e+05 1.085908874652064696e+03 1.381088852895422381e+00 1.182295452260650345e+05 1.492152888250603437e+00 4.959524507221358363e+04 1.680860207948866446e+04 1.158964130573197249e+00 1.680866704450068573e+04 1.680850013108842541e+04 2.773326069847940234e+05 2.051164329304461426e+05 1.680851907854855381e+04 7.377043396544785355e+04 1.431133495484437246e+00 1.340913682570446186e+00 1.680855294864149619e+04 8.405010365660096795e+03 1.960977129409665577e+04 1.289490482765154988e+00 1.330703646040882450e+04 1.489096324226398371e+00 6.722747662379048306e-01
