1.043633316816752267e+04 5.760963561521317752e+04 4.434134963495491684e+04 6.961504988105651864e+04 8.602844560073672619e+04 5.264149972362368135e+04 8.268077638036382268e+04 8.440304293568016146e+04 8.440316841381278937e+04 8.440323538403156272e+04 8.440305025087897957e+04 8.440299040417693323e+04 3.621913430575966486e+05 8.440294836864098033e+04 8.145041409165596997e+04 8.440282896754173271e+04 2.056624389723885106e+05 8.440259436006456963e+04 8.440310861223007669e+04 2.799853008325868286e+05 7.554494501496995508e+04 8.440269559612302692e+04 3.328294565777638491e+04 6.942066404305833566e+04 1.470835512109374686e+05
5.760963561521317752e+04 7.860449666063203944e-01 1.772690393751832744e+04 2.712353370841123979e+04 1.208779435191874218e+05 7.307574432178678762e+03 4.101249971155413368e+04 4.330901659383889637e+04 4.330908819576571113e+04 4.330909182207434060e+04 4.330909087270119926e+04 4.330900740027709980e+04 3.789235494523943053e+05 4.330894461005496851e+04 3.937205738440903224e+04 4.330885372914096661e+04 2.269893113933340646e+05 4.330849957549077953e+04 4.330910309719197539e+04 2.978069530753440922e+05 3.346650092770776973e+04 4.330866594313430687e+04 8.385435590152656368e+04 1.946320295192392223e+04 1.738509426325519162e+05
4.434134963495491684e+04 1.772690393751832744e+04 9.087213285150424781e+03 3.874729688615939813e+04 1.100618780936854746e+05 1.049404794301408037e+04 5.263622917133614101e+04 5.493265171266170364e+04 5.493278789255489392e+04 5.493278632672913227e+04 5.493272346426914737e+04 5.493263689914422866e+04 3.732992711632146384e+05 5.493255289451686258e+04 5.099578496289377654e+04 5.493245739227550075e+04 2.213649937712685787e+05 5.493218828894233593e+04 5.493274440399568266e+04 2.921827008910918375e+05 4.509027336929844751e+04 5.493233395930451661e+04 7.154900138109151158e+04 3.267233962247265299e+04 1.665393518219203979e+05
6.961504988105651864e+04 2.712353370841123979e+04 3.874729688615939813e+04 2.370133814527442610e+03 1.326889310338075447e+05 3.209177662760610474e+04 1.946819884246514630e+04 2.799837643218904486e+04 2.749038034649323890e+04 2.406141547633688970e+04 2.799841015178452653e+04 2.799835517872433775e+04 3.907346078091001255e+05 2.799835008318399559e+04 1.587585349430492533e+04 2.799824418740270266e+04 2.388002342637368129e+05 2.799786522558124125e+04 2.799840486352626613e+04 3.096179356871410855e+05 9.174425780932293492e+03 2.799807522976434848e+04 9.566534303515414649e+04 8.596148513888310845e+03 1.856618946200592036e+05
8.602844560073672619e+04 1.208779435191874072e+05 1.100618780936854600e+05 1.326889310338075447e+05 2.749593475546320042e+04 1.159098519060103135e+05 1.444999449247520533e+05 1.444998137205098174e+05 1.444998980307785678e+05 1.444999264322695381e+05 1.444998799252202152e+05 1.444997311734899995e+05 3.451444460301096551e+05 1.444996440204206738e+05 1.444999749442698085e+05 1.444995881491110194e+05 1.712809776868264307e+05 1.444993330651031865e+05 1.444998595421435602e+05 2.610865529086270835e+05 1.385944012966492737e+05 1.444994450438332278e+05 6.224712020724314789e+04 1.326889450914390618e+05 1.013655749378318724e+05
5.264149972362368135e+04 7.307574432178676943e+03 1.049404794301408037e+04 3.209177662760610474e+04 1.159098519060102990e+05 4.172212889186350367e+03 4.598070120815798145e+04 4.827719363530263945e+04 4.827726624359912967e+04 4.827729243365994625e+04 4.827726154280750052e+04 4.827716112734116177e+04 3.776112049025505548e+05 4.827712977987273916e+04 4.434032125552132493e+04 4.827703063957306586e+04 2.256769416645563033e+05 4.827669253726839088e+04 4.827725221052094275e+04 2.964946801803356502e+05 3.843468472956204641e+04 4.827687246381984005e+04 7.888613865837422782e+04 2.479684873658428842e+04 1.709717778284299129e+05
8.268077638036382268e+04 4.101249971155413368e+04 5.263622917133614101e+04 1.946819884246514630e+04 1.444999449247520533e+05 4.598070120815798145e+04 3.828443022455706341e+03 8.531992277462348284e+03 8.023856306194245008e+03 4.594735033362520880e+03 8.531966911668790999e+03 8.531972712416007198e+03 4.025454563218535041e+05 8.531918867436133951e+03 4.389761708262933098e+03 8.531856898395333701e+03 2.506111985709901201e+05 8.531470894030166164e+03 8.531987766144593479e+03 3.214289230576803675e+05 1.312509759808500348e+04 8.531728093923948109e+03 1.074763632703274779e+05 2.582970365101559582e+04 1.974728579295298259e+05
8.440304293568016146e+04 4.330901659383889637e+04 5.493265171266170364e+04 2.799837643218904486e+04 1.444998137205098174e+05 4.827719363530263945e+04 8.531992277462348284e+03 6.956282532876445490e-01 5.096335608434470146e+02 3.938741812429246238e+03 1.469222590841816833e+00 1.356382006204304602e+00 4.025453663020707318e+05 1.428480760379797765e+00 1.292009417733530427e+04 1.489903558671431760e+00 2.506109955106412526e+05 1.199462380437624764e+00 1.563585994985708716e+00 3.214287127022472559e+05 2.165540919501420285e+04 1.370894447605024657e+00 1.074762752550993027e+05 3.149797270256870252e+04 1.974727272390339640e+05
8.440316841381278937e+04 4.330908819576571113e+04 5.493278789255489392e+04 2.749038034649324982e+04 1.444998980307785387e+05 4.827726624359912967e+04 8.023856306194245008e+03 5.096335608434470146e+02 8.856694125836863805e+02 3.430576567192549646e+03 5.096295571834449447e+02 5.096592900485545670e+02 4.025454814238016843e+05 5.096505584652281300e+02 1.241204513614817915e+04 5.096174475214659765e+02 2.506110884931706823e+05 5.092622068881013320e+02 5.096298006290192575e+02 3.214288289440996014e+05 2.114738195840737899e+04 5.095155248251136868e+02 1.074763730703531910e+05 3.123585169867858349e+04 1.974728063251549029e+05
8.440323538403156272e+04 4.330909182207433332e+04 5.493278632672913227e+04 2.406141547633688970e+04 1.444999264322695381e+05 4.827729243365994625e+04 4.594735033362520880e+03 3.938741812429246238e+03 3.430576567192549192e+03 7.025293528296036039e-01 3.938756314954287518e+03 3.938748288970404701e+03 4.025454411613245029e+05 3.938718908138002007e+03 8.983059465354417625e+03 3.938654128221035080e+03 2.506111657025117020e+05 3.938246666692728468e+03 3.938743020210677514e+03 3.214289224696873571e+05 1.771831218256234934e+04 3.938531381905717353e+03 1.074763973173379345e+05 2.946599683566764361e+04 1.974728661849501368e+05
8.440305025087897957e+04 4.330909087270119926e+04 5.493272346426914737e+04 2.799841015178452653e+04 1.444998799252202152e+05 4.827726154280750052e+04 8.531966911668790999e+03 1.469222590841816833e+00 5.096295571834449447e+02 3.938756314954287518e+03 7.294261492845213191e-01 1.464604842357532410e+00 4.025454065783364349e+05 1.572403805701401813e+00 1.292013071768479858e+04 1.547467901101534871e+00 2.506110679075671360e+05 1.244797656164901234e+00 1.457313013780730193e+00 3.214287970022243098e+05 2.165545203218899042e+04 1.440159780293787328e+00 1.074762377029538620e+05 3.149800533890040606e+04 1.974727687304411083e+05
8.440299040417693323e+04 4.330900740027709980e+04 5.493263689914422866e+04 2.799835517872433775e+04 1.444997311734899413e+05 4.827716112734116177e+04 8.531972712416007198e+03 1.356382006204304602e+00 5.096592900485545670e+02 3.938748288970404701e+03 1.464604842357532410e+00 7.178893248188306098e-01 4.025453273732188973e+05 1.384358675519558046e+00 1.292008473835044970e+04 1.374614665310693873e+00 2.506109575271782232e+05 1.120848171507844437e+00 1.544697512363939262e+00 3.214286767670154222e+05 2.165536911715794486e+04 1.312285249967930501e+00 1.074762070943943399e+05 3.149792122355890024e+04 1.974726908161559841e+05
3.621913430575966486e+05 3.789235494523942471e+05 3.732992711632146384e+05 3.907346078091001255e+05 3.451444460301096551e+05 3.776112049025505548e+05 4.025454563218533876e+05 4.025453663020707318e+05 4.025454814238017425e+05 4.025454411613245611e+05 4.025454065783364931e+05 4.025453273732188973e+05 1.265179344744015398e+05 4.025452446802369668e+05 4.025455593291102559e+05 4.025452282986657810e+05 2.652075591198671027e+05 4.025451349303928437e+05 4.025453964099841542e+05 2.276842714855971572e+05 3.966400259179891436e+05 4.025451964741792763e+05 3.556452408664280083e+05 3.907345675066735712e+05 3.157050396187892766e+05
8.440294836864098033e+04 4.330894461005496851e+04 5.493255289451686258e+04 2.799835008318399559e+04 1.444996440204206447e+05 4.827712977987273916e+04 8.531918867436133951e+03 1.428480760379797765e+00 5.096505584652281300e+02 3.938718908138002007e+03 1.572403805701401813e+00 1.384358675519558046e+00 4.025452446802369668e+05 6.703622495260797010e-01 1.292008416429513636e+04 1.251795252462201802e+00 2.506109247651234036e+05 1.068371752062325264e+00 1.579036531629426365e+00 3.214286259299706435e+05 2.165535058696848137e+04 1.222172690921075278e+00 1.074761545708882622e+05 3.149789269887417322e+04 1.974726404294325621e+05
8.145041409165596997e+04 3.937205738440903224e+04 5.099578496289377654e+04 1.587585349430492533e+04 1.444999749442698376e+05 4.434032125552133220e+04 4.389761708262933098e+03 1.292009417733530427e+04 1.241204513614817915e+04 8.983059465354417625e+03 1.292013071768479858e+04 1.292008473835044970e+04 4.025455593291102559e+05 1.292008416429513636e+04 1.592453077243945472e+03 1.292003196101019967e+04 2.506112284312273259e+05 1.291961929046350451e+04 1.292014037116582222e+04 3.214288968809266808e+05 8.736903675296964138e+03 1.291989197469227111e+04 1.074764235788674268e+05 2.323238352974291047e+04 1.974728638447730918e+05
8.440282896754173271e+04 4.330885372914096661e+04 5.493245739227550075e+04 2.799824418740270266e+04 1.444995881491110194e+05 4.827703063957306586e+04 8.531856898395333701e+03 1.489903558671431760e+00 5.096174475214659765e+02 3.938654128221035080e+03 1.547467901101535093e+00 1.374614665310693651e+00 4.025452282986657810e+05 1.251795252462201802e+00 1.292003196101019967e+04 6.601652164534999034e-01 2.506108791565253632e+05 9.600312539463713435e-01 1.537874647516894733e+00 3.214286384951433283e+05 2.165525879807412275e+04 1.057742673737470440e+00 1.074760420194748731e+05 3.149780762725801833e+04 1.974725657497050124e+05
2.056624389723885106e+05 2.269893113933340646e+05 2.213649937712685787e+05 2.388002342637368129e+05 1.712809776868264598e+05 2.256769416645563033e+05 2.506111985709901201e+05 2.506109955106412235e+05 2.506110884931706823e+05 2.506111657025117020e+05 2.506110679075671069e+05 2.506109575271781941e+05 2.652075591198670445e+05 2.506109247651234036e+05 2.506112284312272677e+05 2.506108791565253632e+05 7.299514399472653167e+04 2.506107343719268974e+05 2.506110575632888067e+05 1.746127378263623395e+05 2.447056938137876568e+05 2.506108325778088183e+05 1.920628410267817089e+05 2.388003100920793368e+05 1.324429604905510496e+05
8.440259436006456963e+04 4.330849957549077953e+04 5.493218828894233593e+04 2.799786522558124125e+04 1.444993330651031865e+05 4.827669253726839088e+04 8.531470894030166164e+03 1.199462380437624764e+00 5.092622068881014457e+02 3.938246666692728468e+03 1.244797656164901234e+00 1.120848171507844215e+00 4.025451349303928437e+05 1.068371752062325264e+00 1.291961929046350451e+04 9.600312539463713435e-01 2.506107343719269265e+05 3.982607915519760233e-01 1.242573308534920207e+00 3.214285194688620395e+05 2.165484656515107781e+04 7.854232964260964289e-01 1.074758078161572776e+05 3.149744453281702590e+04 1.974723325167705189e+05
8.440310861223007669e+04 4.330910309719197539e+04 5.493274440399568266e+04 2.799840486352626613e+04 1.444998595421435602e+05 4.827725221052094275e+04 8.531987766144593479e+03 1.563585994985708716e+00 5.096298006290192575e+02 3.938743020210677514e+03 1.457313013780730193e+00 1.544697512363939262e+00 4.025453964099841542e+05 1.579036531629426587e+00 1.292014037116582222e+04 1.537874647516894733e+00 2.506110575632888067e+05 1.242573308534920429e+00 7.214646200573753276e-01 3.214287867147615179e+05 2.165546614786971259e+04 1.460382244229893045e+00 1.074762746727361373e+05 3.149803864371392046e+04 1.974727328604935319e+05
2.799853008325868286e+05 2.978069530753440922e+05 2.921827008910918375e+05 3.096179356871410855e+05 2.610865529086270253e+05 2.964946801803356502e+05 3.214289230576803675e+05 3.214287127022472559e+05 3.214288289440996014e+05 3.214289224696873571e+05 3.214287970022242516e+05 3.214286767670153640e+05 2.276842714855971280e+05 3.214286259299706435e+05 3.214288968809266808e+05 3.214286384951433283e+05 1.746127378263623395e+05 3.214285194688619813e+05 3.214287867147615179e+05 8.609392342888131680e+04 3.155234863163851551e+05 3.214285763158501941e+05 2.715337818533030222e+05 3.096180028368164203e+05 2.292791202993533225e+05
7.554494501496995508e+04 3.346650092770776973e+04 4.509027336929844751e+04 9.174425780932293492e+03 1.385944012966492446e+05 3.843468472956204641e+04 1.312509759808499985e+04 2.165540919501420285e+04 2.114738195840737899e+04 1.771831218256234934e+04 2.165545203218899042e+04 2.165536911715794486e+04 3.966400259179892018e+05 2.165535058696848137e+04 8.736903675296964138e+03 2.165525879807412275e+04 2.447056938137876568e+05 2.165484656515107781e+04 2.165546614786971259e+04 3.155234863163851551e+05 5.906352023144288069e+03 2.165510358454905872e+04 1.015709403521478962e+05 1.732678434542765171e+04 1.915674244851162657e+05
8.440269559612302692e+04 4.330866594313430687e+04 5.493233395930451661e+04 2.799807522976434848e+04 1.444994450438332278e+05 4.827687246381984005e+04 8.531728093923948109e+03 1.370894447605024657e+00 5.095155248251136868e+02 3.938531381905717353e+03 1.440159780293787328e+00 1.312285249967930501e+00 4.025451964741792763e+05 1.222172690921075278e+00 1.291989197469227111e+04 1.057742673737470440e+00 2.506108325778088765e+05 7.854232964260964289e-01 1.460382244229893045e+00 3.214285763158501941e+05 2.165510358454905872e+04 5.935099362327550532e-01 1.074759176876797865e+05 3.149766474272903724e+04 1.974724714988631604e+05
3.328294565777638491e+04 8.385435590152656368e+04 7.154900138109149702e+04 9.566534303515414649e+04 6.224712020724314061e+04 7.888613865837422782e+04 1.074763632703274779e+05 1.074762752550993027e+05 1.074763730703532055e+05 1.074763973173379200e+05 1.074762377029538620e+05 1.074762070943943691e+05 3.556452408664280083e+05 1.074761545708882622e+05 1.074764235788674268e+05 1.074760420194748876e+05 1.920628410267817089e+05 1.074758078161572776e+05 1.074762746727361373e+05 2.715337818533030222e+05 1.015709403521479253e+05 1.074759176876798010e+05 1.891576208290164141e+04 9.566538001054084452e+04 1.269992227924054459e+05
6.942066404305833566e+04 1.946320295192392223e+04 3.267233962247266390e+04 8.596148513888310845e+03 1.326889450914390618e+05 2.479684873658428842e+04 2.582970365101559582e+04 3.149797270256870252e+04 3.123585169867858349e+04 2.946599683566764361e+04 3.149800533890040606e+04 3.149792122355890024e+04 3.907345675066735712e+05 3.149789269887417322e+04 2.323238352974291047e+04 3.149780762725801833e+04 2.388003100920793368e+05 3.149744453281702590e+04 3.149803864371392046e+04 3.096180028368164203e+05 1.732678434542765171e+04 3.149766474272903724e+04 9.566538001054084452e+04 4.919167279970663003e+03 1.856619533904435229e+05
1.470835512109374686e+05 1.738509426325519162e+05 1.665393518219203979e+05 1.856618946200592036e+05 1.013655749378318724e+05 1.709717778284299129e+05 1.974728579295298259e+05 1.974727272390339640e+05 1.974728063251549320e+05 1.974728661849501368e+05 1.974727687304411083e+05 1.974726908161559550e+05 3.157050396187892766e+05 1.974726404294325621e+05 1.974728638447730918e+05 1.974725657497050124e+05 1.324429604905510205e+05 1.974723325167705189e+05 1.974727328604935319e+05 2.292791202993532934e+05 1.915674244851162657e+05 1.974724714988631604e+05 1.269992227924054459e+05 1.856619533904435229e+05 5.051608036734927009e+04
