4.085735369049042220e+03 4.903778240098639799e+03 4.903748565335457897e+03 4.903712174075119037e+03 2.871341707266300364e+04 9.326915327729238197e+04 4.903713859309067630e+03 4.903538759116775509e+03 4.903646884023775783e+03 3.187069128767694347e+05 3.503065845845411786e+03 4.903776178728558079e+03 2.528465165901297878e+05 4.903694557772863845e+03 1.218762064808645518e+05 3.982515917705178144e+05 5.232317432688068948e+04 1.610821495743448759e+04 4.492012802204136824e+04 4.978481775542357937e+05 1.728280216205013567e+05 4.903714739969612310e+03 2.871342630143041242e+04 3.711696469475497724e+04 4.903291086800547419e+03
4.903778240098639799e+03 7.598105308111114953e-01 1.561834074649836701e+00 1.646507805453426343e+00 3.361540252751829394e+04 9.694552431867767882e+04 1.616405330634279824e+00 1.468991572919749355e+00 1.587444870391158114e+00 3.187068581861180719e+05 8.405247545859241654e+03 1.630785366261978897e+00 2.528464198090436112e+05 1.606873224985797766e+00 1.218761066681482625e+05 3.982515262939808890e+05 5.722507333928962908e+04 2.101029684128734152e+04 4.982207932049045485e+04 4.978481301686170045e+05 1.728280332032587612e+05 1.579265839537420169e+00 3.361544583193368453e+04 4.201885482846754167e+04 1.287005642945971973e+00
4.903748565335457897e+03 1.561834074649836701e+00 7.586589393837523954e-01 1.764099142420301192e+00 3.361541147223349981e+04 9.694549866366125934e+04 1.700223024356287693e+00 1.424887120930031337e+00 1.559081763660999043e+00 3.187068380981775117e+05 8.405203765398811811e+03 1.516333405506535392e+00 2.528464335338326055e+05 1.632169436958716080e+00 1.218760572629942326e+05 3.982514250175887137e+05 5.722505545599657489e+04 2.101029342083081792e+04 4.982200029721716419e+04 4.978480825209257309e+05 1.728279763746825047e+05 1.549416078522282803e+00 3.361541981713590212e+04 4.201878524094197201e+04 1.213229552865741079e+00
4.903712174075119037e+03 1.646507805453426343e+00 1.764099142420300970e+00 7.814406094779836609e-01 3.361543140455080720e+04 9.694556523665657733e+04 1.723294470525882804e+00 1.518682011335772408e+00 1.650055637849597634e+00 3.187068873553897720e+05 8.405302546256327332e+03 1.695728494144230991e+00 2.528464693332558963e+05 1.621603918226027341e+00 1.218761871038125828e+05 3.982516006045386312e+05 5.722514771862151974e+04 2.101026189715782675e+04 4.982213177133309364e+04 4.978481272970194696e+05 1.728280189503034926e+05 1.641749727765189792e+00 3.361545354146937461e+04 4.201887054730083764e+04 1.308101255501358473e+00
2.871341707266300364e+04 3.361540252751829394e+04 3.361541147223349981e+04 3.361543140455080720e+04 7.920752653678385657e-01 6.543300099505158141e+04 3.361544239851932798e+04 3.361503587743948447e+04 3.361526539752368262e+04 2.934969603740661987e+05 2.521198735205661796e+04 3.361538969956431538e+04 2.276364535986228730e+05 3.361543418291165290e+04 9.666606295655395661e+04 3.730415687558964128e+05 2.361170209123549284e+04 1.260686779093081350e+04 1.620843049647636508e+04 4.726382881258252892e+05 1.476179429964881565e+05 3.361534843276386528e+04 1.573798357436308581e+00 8.405148473968383769e+03 3.361482992822679080e+04
9.326915327729238197e+04 9.694552431867767882e+04 9.694549866366125934e+04 9.694556523665657733e+04 6.543300099505158141e+04 1.799571551154795452e+04 9.694563631502632052e+04 9.694515038716644631e+04 9.694528671793002286e+04 2.661861429894636967e+05 9.064307977260724874e+04 9.694538886588405876e+04 1.948859296398007136e+05 9.694549780758479028e+04 3.903236450105372933e+04 3.457308055653334013e+05 4.319524165379843180e+04 7.803800945176012465e+04 4.922657284955233627e+04 4.453272000152684632e+05 1.070772398149449000e+05 9.694537019027888891e+04 6.543303702423369396e+04 5.702958166244495806e+04 9.694503973478182161e+04
4.903713859309067630e+03 1.616405330634279602e+00 1.700223024356287471e+00 1.723294470525882582e+00 3.361544239851932798e+04 9.694563631502632052e+04 7.638815923798188967e-01 1.506423333802894060e+00 1.697885195865908914e+00 3.187069719301299774e+05 8.405105007175565333e+03 1.761850886443464326e+00 2.528465430303968606e+05 1.777299813296207898e+00 1.218761519662245119e+05 3.982515721780265449e+05 5.722515276876001735e+04 2.101026615786640832e+04 4.982205528436872555e+04 4.978482328451186768e+05 1.728280538901971013e+05 1.759688833683169529e+00 3.361546002790969214e+04 4.201888628697082459e+04 1.278074140966691141e+00
4.903538759116776419e+03 1.468991572919749578e+00 1.424887120930031337e+00 1.518682011335772408e+00 3.361503587743948447e+04 9.694515038716644631e+04 1.506423333802894060e+00 6.389903810860786404e-01 1.159472709489687059e+00 3.187066634777926956e+05 8.404917427062455317e+03 1.328846761463730264e+00 2.528461989405809145e+05 1.482012893271811960e+00 1.218757243985495734e+05 3.982512806655086461e+05 5.722472285026292229e+04 2.101000638683177021e+04 4.982166165146815911e+04 4.978479785663924995e+05 1.728276156088574789e+05 1.307344485358877373e+00 3.361504716466065292e+04 4.201845768835612398e+04 7.996679447096709525e-01
4.903646884023774874e+03 1.587444870391158114e+00 1.559081763660999043e+00 1.650055637849597634e+00 3.361526539752368262e+04 9.694528671793002286e+04 1.697885195865908914e+00 1.159472709489687281e+00 7.272435501334368890e-01 3.187067024992466322e+05 8.405126899434038933e+03 1.455085360921016813e+00 2.528462843533972336e+05 1.607194822026775105e+00 1.218758822539307293e+05 3.982513203538503149e+05 5.722491016291226697e+04 2.101016828919851105e+04 4.982190205897740088e+04 4.978479102689595893e+05 1.728277606976630050e+05 1.342320312747072864e+00 3.361529122779887257e+04 4.201870422487843462e+04 1.071971544206796301e+00
3.187069128767694347e+05 3.187068581861180719e+05 3.187068380981775117e+05 3.187068873553897720e+05 2.934969603740661987e+05 2.661861429894636967e+05 3.187069719301299774e+05 3.187066634777926956e+05 3.187067024992466322e+05 6.993958335434422770e+04 3.187070222842723597e+05 3.187067668088277569e+05 1.757914458041498729e+05 3.187068539558509947e+05 2.568242924093629117e+05 2.025289905965392827e+05 2.826926923338081688e+05 3.061018892002151115e+05 2.850936836180999526e+05 3.138814647247467074e+05 2.383180960990245512e+05 3.187067203948231763e+05 2.934969825189344119e+05 2.850936211224994622e+05 3.187065787183206412e+05
3.503065845845411786e+03 8.405247545859241654e+03 8.405203765398811811e+03 8.405302546256327332e+03 2.521198735205661796e+04 9.064307977260724874e+04 8.405105007175565333e+03 8.404917427062455317e+03 8.405126899434038933e+03 3.187070222842723597e+05 8.004651211327149518e-01 8.405179019673689254e+03 2.528465900545532058e+05 8.405286979046009947e+03 1.218761548684625013e+05 3.982516273339336039e+05 4.882175884412152664e+04 1.260675875883430854e+04 4.141862675347107142e+04 4.978482780284337350e+05 1.728280843980399368e+05 8.405201037082422772e+03 2.521201637913782179e+04 3.361541102471463819e+04 8.404646159798387089e+03
4.903776178728558079e+03 1.630785366261978897e+00 1.516333405506535392e+00 1.695728494144230991e+00 3.361538969956431538e+04 9.694538886588405876e+04 1.761850886443464326e+00 1.328846761463730264e+00 1.455085360921016813e+00 3.187067668088277569e+05 8.405179019673689254e+03 7.510695162387160950e-01 2.528463897884555045e+05 1.650537993009521420e+00 1.218759951632734446e+05 3.982513780188928358e+05 5.722500703313571285e+04 2.101028460501392328e+04 4.982198450151638099e+04 4.978480362762281438e+05 1.728278860384362342e+05 1.390962331575497535e+00 3.361539981048399932e+04 4.201880426261447428e+04 1.156326171397446867e+00
2.528465165901297878e+05 2.528464198090436403e+05 2.528464335338326637e+05 2.528464693332559254e+05 2.276364535986228730e+05 1.948859296398006845e+05 2.528465430303968606e+05 2.528461989405809145e+05 2.528462843533972627e+05 1.757914458041498729e+05 2.528465900545532349e+05 2.528463897884555627e+05 8.534508169460255885e+04 2.528464700953786087e+05 1.762292394540612877e+05 2.618980614866461838e+05 2.132308004128612520e+05 2.402414840256693424e+05 2.158890415287704964e+05 3.594069435858665383e+05 1.428593937196059560e+05 2.528462923044765193e+05 2.276364951718288357e+05 2.192331497585925972e+05 2.528460963404462382e+05
4.903694557772862936e+03 1.606873224985797766e+00 1.632169436958716080e+00 1.621603918226027341e+00 3.361543418291165290e+04 9.694549780758479028e+04 1.777299813296207898e+00 1.482012893271812404e+00 1.607194822026775105e+00 3.187068539558509947e+05 8.405286979046009947e+03 1.650537993009521420e+00 2.528464700953785505e+05 7.204547750475390755e-01 1.218760959368277836e+05 3.982515375622455031e+05 5.722507454536807199e+04 2.101020907779764821e+04 4.982205271318109590e+04 4.978481590413267259e+05 1.728279596354240784e+05 1.608958344418422337e+00 3.361545580244777375e+04 4.201886556563706836e+04 1.260350230657284465e+00
1.218762064808645518e+05 1.218761066681482625e+05 1.218760572629942326e+05 1.218761871038125828e+05 9.666606295655395661e+04 3.903236450105372933e+04 1.218761519662245119e+05 1.218757243985495879e+05 1.218758822539307293e+05 2.568242924093629117e+05 1.218761548684625013e+05 1.218759951632734446e+05 1.762292394540612877e+05 1.218760959368277836e+05 2.263224941311002476e+04 3.356704792351973592e+05 7.625792265479576599e+04 1.092711312737402768e+05 8.045959229290671647e+04 4.360235984530341229e+05 8.284744383157546690e+04 1.218759642199714872e+05 9.666607628046230820e+04 8.826265905346143700e+04 1.218755809818796115e+05
3.982515917705178144e+05 3.982515262939808890e+05 3.982514250175887137e+05 3.982516006045386312e+05 3.730415687558964128e+05 3.457308055653334013e+05 3.982515721780265449e+05 3.982512806655086461e+05 3.982513203538503731e+05 2.025289905965392245e+05 3.982516273339336039e+05 3.982513780188928358e+05 2.618980614866461547e+05 3.982515375622455031e+05 3.356704792351973592e+05 1.243344855660493777e+05 3.622373304789955728e+05 3.856466232576707262e+05 3.646382209152180585e+05 2.912640277630231576e+05 3.178627788808245678e+05 3.982513588237486547e+05 3.730415786440677475e+05 3.646382889561672928e+05 3.982512428523065173e+05
5.232317432688068948e+04 5.722507333928962908e+04 5.722505545599657489e+04 5.722514771862151974e+04 2.361170209123549284e+04 4.319524165379842452e+04 5.722515276876001735e+04 5.722472285026292229e+04 5.722491016291226697e+04 2.826926923338081688e+05 4.882175884412153391e+04 5.722500703313571285e+04 2.132308004128612520e+05 5.722507454536807199e+04 7.625792265479578055e+04 3.622373304789955728e+05 1.013837534393763781e+04 3.621670884803892841e+04 7.404892637880374423e+03 4.618338812527962145e+05 1.281245938274623913e+05 5.722494606527778524e+04 2.361165515994406815e+04 1.520819166157913605e+04 5.722456395562175021e+04
1.610821495743448759e+04 2.101029684128734516e+04 2.101029342083082520e+04 2.101026189715782675e+04 1.260686779093081350e+04 7.803800945176012465e+04 2.101026615786641196e+04 2.101000638683177385e+04 2.101016828919851469e+04 3.061018892002151115e+05 1.260675875883430854e+04 2.101028460501393056e+04 2.402414840256692842e+05 2.101020907779765184e+04 1.092711312737402768e+05 3.856466232576707262e+05 3.621670884803892841e+04 1.260587048730117567e+04 2.881365001836321971e+04 4.852431909146576072e+05 1.602230394704470527e+05 2.101020656187560962e+04 1.260690271754218702e+04 2.101035313760173085e+04 2.100974465999188033e+04
4.492012802204136824e+04 4.982207932049045485e+04 4.982200029721716419e+04 4.982213177133309364e+04 1.620843049647636508e+04 4.922657284955232899e+04 4.982205528436872555e+04 4.982166165146815911e+04 4.982190205897740088e+04 2.850936836180999526e+05 4.141862675347107142e+04 4.982198450151638099e+04 2.158890415287704673e+05 4.982205271318109590e+04 8.045959229290671647e+04 3.646382209152180585e+05 7.404892637880374423e+03 2.881365001836321971e+04 1.115595400477669273e+03 4.642349605569044943e+05 1.314114745756789343e+05 4.982196881380025297e+04 1.620845626980947236e+04 7.805023088662279406e+03 4.982146804623989738e+04
4.978481775542357937e+05 4.978481301686170045e+05 4.978480825209256727e+05 4.978481272970194696e+05 4.726382881258252892e+05 4.453272000152684632e+05 4.978482328451186768e+05 4.978479785663924995e+05 4.978479102689595311e+05 3.138814647247467074e+05 4.978482780284336768e+05 4.978480362762281438e+05 3.594069435858665383e+05 4.978481590413267259e+05 4.360235984530341229e+05 2.912640277630231576e+05 4.618338812527961563e+05 4.852431909146576072e+05 4.642349605569044943e+05 1.666000460639206867e+05 4.110567620319533744e+05 4.978479129003058188e+05 4.726382685175681254e+05 4.642348985450522741e+05 4.978479479397038231e+05
1.728280216205013858e+05 1.728280332032587612e+05 1.728279763746825047e+05 1.728280189503034926e+05 1.476179429964881856e+05 1.070772398149449000e+05 1.728280538901971304e+05 1.728276156088574789e+05 1.728277606976630050e+05 2.383180960990245512e+05 1.728280843980399368e+05 1.728278860384362342e+05 1.428593937196059851e+05 1.728279596354240784e+05 8.284744383157545235e+04 3.178627788808245678e+05 1.281245938274624059e+05 1.602230394704470236e+05 1.314114745756789343e+05 4.110567620319533744e+05 4.151825367981505406e+04 1.728278089159629017e+05 1.476180197701521101e+05 1.392145997259174183e+05 1.728275217371760518e+05
4.903714739969613220e+03 1.579265839537420169e+00 1.549416078522282803e+00 1.641749727765189792e+00 3.361534843276387983e+04 9.694537019027888891e+04 1.759688833683169751e+00 1.307344485358877373e+00 1.342320312747072864e+00 3.187067203948231763e+05 8.405201037082422772e+03 1.390962331575497535e+00 2.528462923044764611e+05 1.608958344418422337e+00 1.218759642199714872e+05 3.982513588237486547e+05 5.722494606527779251e+04 2.101020656187560962e+04 4.982196881380026025e+04 4.978479129003058188e+05 1.728278089159629017e+05 7.130645507870220223e-01 3.361540245256818162e+04 4.201880913153479923e+04 1.153111527831402805e+00
2.871342630143041242e+04 3.361544583193368453e+04 3.361541981713590212e+04 3.361545354146937461e+04 1.573798357436308804e+00 6.543303702423369396e+04 3.361546002790969214e+04 3.361504716466065292e+04 3.361529122779887257e+04 2.934969825189344119e+05 2.521201637913782179e+04 3.361539981048399932e+04 2.276364951718288357e+05 3.361545580244777375e+04 9.666607628046230820e+04 3.730415786440677475e+05 2.361165515994406815e+04 1.260690271754218702e+04 1.620845626980947236e+04 4.726382685175681836e+05 1.476180197701521101e+05 3.361540245256817434e+04 8.343791925609361781e-01 8.405267119712285421e+03 3.361483029997932317e+04
3.711696469475497724e+04 4.201885482846754167e+04 4.201878524094197201e+04 4.201887054730083764e+04 8.405148473968383769e+03 5.702958166244495806e+04 4.201888628697082459e+04 4.201845768835612398e+04 4.201870422487843462e+04 2.850936211224994622e+05 3.361541102471463819e+04 4.201880426261447428e+04 2.192331497585925972e+05 4.201886556563706836e+04 8.826265905346143700e+04 3.646382889561672928e+05 1.520819166157913605e+04 2.101035313760173085e+04 7.805023088662280315e+03 4.642348985450522741e+05 1.392145997259174183e+05 4.201880913153478468e+04 8.405267119712285421e+03 8.488614192749638354e-01 4.201825981172441971e+04
4.903291086800547419e+03 1.287005642945971973e+00 1.213229552865741079e+00 1.308101255501358473e+00 3.361482992822679080e+04 9.694503973478182161e+04 1.278074140966691141e+00 7.996679447096709525e-01 1.071971544206796301e+00 3.187065787183206412e+05 8.404646159798387089e+03 1.156326171397446867e+00 2.528460963404462382e+05 1.260350230657284465e+00 1.218755809818796115e+05 3.982512428523065173e+05 5.722456395562175021e+04 2.100974465999187305e+04 4.982146804623990465e+04 4.978479479397038231e+05 1.728275217371760518e+05 1.153111527831402805e+00 3.361483029997932317e+04 4.201825981172441971e+04 4.412941703443994945e-01
