8.472285928936566052e+04 3.386190953347781906e+05 3.594520548089457443e+05 2.302168748822779744e+05 3.594518135048595141e+05 3.594522998230903177e+05 3.594521272877182928e+05 1.607745421988617163e+05 3.594522516391185927e+05 3.594523221507657436e+05 3.594522598959749448e+05 3.475474876875792979e+05 3.168386918474577833e+05 3.559800581298890174e+05 3.594519165262859897e+05 3.594522514344850788e+05 3.594519602986155078e+05 3.594523837705530459e+05 3.594520122437260579e+05 3.328320678366425564e+05 3.594522608614561032e+05 3.594522659569029347e+05 3.594519324098365614e+05 3.594521606442485354e+05 2.859680585904172622e+05
3.386190953347781906e+05 3.099938034059010079e+03 7.291863081097716349e+04 1.545646706939228461e+05 7.291815215772161901e+04 6.884038955228423583e+04 7.291872258761536796e+04 2.368871534479076217e+05 7.291883342853109934e+04 7.291881179311647429e+04 7.291880166124392417e+04 3.107506114507533857e+04 5.232360602810393175e+04 5.192755293211248500e+04 7.291829464780524722e+04 7.291877781785777188e+04 7.291848745506556588e+04 7.291891790662302810e+04 7.291858312972006388e+04 1.492044215938361594e+04 7.291886091635673074e+04 7.291885601244487043e+04 7.291848349093412980e+04 7.291876814147844561e+04 9.952816006076014310e+04
3.594520548089457443e+05 7.291863081097716349e+04 6.957171899582248464e-01 1.753975696814018593e+05 1.170240746313402802e+00 2.474152032957682604e+04 1.571205253764311971e+00 2.577201619825422531e+05 1.793650868077023786e+00 1.602747970721575257e+04 1.798839735887217905e+00 6.399009211880779185e+04 1.059659781681124296e+05 4.340479395428061980e+04 1.399117019218846236e+00 1.705636309924554839e+00 1.507893949448253723e+00 2.083522706871021728e+04 1.429922670696647691e+00 8.073499769002155517e+04 5.210210997833285546e+03 1.820359140349420368e+00 1.576192402432653461e+00 1.627373766394252685e+00 1.310783064248943410e+05
2.302168748822779744e+05 1.545646706939228461e+05 1.753975696814018593e+05 3.784961167196850874e+04 1.753972677760328515e+05 1.753978673905562027e+05 1.753976255960083799e+05 1.199095943741218507e+05 1.753978731594640412e+05 1.753978211350867641e+05 1.753976736193700635e+05 1.611783618003512674e+05 1.275259581926824903e+05 1.711541404723025626e+05 1.753973610299650754e+05 1.753977501339117589e+05 1.753973479743449134e+05 1.753977959311392042e+05 1.753974481783386727e+05 1.487776573096913635e+05 1.753978540597757092e+05 1.753978231274215505e+05 1.753974277133454452e+05 1.753976988052931265e+05 9.483479378802920110e+04
3.594518135048595141e+05 7.291815215772161901e+04 1.170240746313402802e+00 1.753972677760328515e+05 3.219249814235076168e-01 2.474098649353621295e+04 1.225365383328810065e+00 2.577199051743493183e+05 1.280905801613895001e+00 1.602697254441315454e+04 1.255941775485260425e+00 6.398949757129697537e+04 1.059654840502094303e+05 4.340416622665128671e+04 7.267203999550360116e-01 1.220715068058482622e+00 9.470443997499928823e-01 2.083471822775213877e+04 1.106336506263576158e+00 8.073440365607409331e+04 5.209644081399826973e+03 1.273007578463761336e+00 1.017362969236984993e+00 1.262600906939495005e+00 1.310780137977204577e+05
3.594522998230903177e+05 6.884038955228423583e+04 2.474152032957682968e+04 1.753978673905562027e+05 2.474098649353621295e+04 6.605318981746961072e+03 2.474158810661595999e+04 2.577205220671766729e+05 2.474167489092864344e+04 9.662909258216157468e+03 2.474167974018525274e+04 5.593180677281371754e+04 1.020600444394974766e+05 2.813467276853348449e+04 2.474121013304464941e+04 2.474165516929595833e+04 2.474135963166824877e+04 4.855089684668378140e+03 2.474142513360086377e+04 7.682895873813262733e+04 2.000681834895782595e+04 2.474161364125298860e+04 2.474141037490205417e+04 2.474159628144645831e+04 1.276607441455278604e+05
3.594521272877182928e+05 7.291872258761536796e+04 1.571205253764311971e+00 1.753976255960083799e+05 1.225365383328810287e+00 2.474158810661595635e+04 6.547410849968630098e-01 2.577202699166832899e+05 1.803676854885884362e+00 1.602759173441332678e+04 1.759136902892615817e+00 6.399008959864112694e+04 1.059660096834007854e+05 4.340477109666263277e+04 1.433858681250407940e+00 1.701977365969455258e+00 1.602697081951535374e+00 2.083528587628759124e+04 1.614077840748184833e+00 8.073498000581441738e+04 5.210239949273892307e+03 1.722545542165600851e+00 1.673583649131170414e+00 1.650677242236548103e+00 1.310784129686697852e+05
1.607745421988617163e+05 2.368871534479076217e+05 2.577201619825422531e+05 1.199095943741218507e+05 2.577199051743493183e+05 2.577205220671766729e+05 2.577202699166832899e+05 4.902543788179779222e+04 2.577204424849996285e+05 2.577204468088359863e+05 2.577203814912506205e+05 2.458157397319113370e+05 2.151069027717041899e+05 2.542483641030369035e+05 2.577200073581767792e+05 2.577203400932593213e+05 2.577200264884352509e+05 2.577204523719516874e+05 2.577200692429238115e+05 2.311002292703090352e+05 2.577204619398183422e+05 2.577204208596049866e+05 2.577200652153475967e+05 2.577202927317273861e+05 1.894444723225272028e+05
3.594522516391185927e+05 7.291883342853109934e+04 1.793650868077024008e+00 1.753978731594640412e+05 1.280905801613895001e+00 2.474167489092864707e+04 1.803676854885884362e+00 2.577204424849996285e+05 7.366570566976216039e-01 1.602757027344392009e+04 1.893539504826523112e+00 6.399020740928813757e+04 1.059661128720327542e+05 4.340476873721258744e+04 1.505160415500464755e+00 1.858414927984981535e+00 1.670388616635207324e+00 2.083528946352873754e+04 1.802776783170366937e+00 8.073506619641673751e+04 5.210079346750197146e+03 1.825695556278451592e+00 1.744158982408666736e+00 1.821919652796294864e+00 1.310786203701847408e+05
3.594523221507657436e+05 7.291881179311647429e+04 1.602747970721575257e+04 1.753978211350867641e+05 1.602697254441315454e+04 9.662909258216157468e+03 1.602759173441332678e+04 2.577204468088359863e+05 1.602757027344391827e+04 5.178303597274083586e+03 1.602754103828775442e+04 6.226445209782366874e+04 1.059662103973603080e+05 3.779597008504060796e+04 1.602723346675769062e+04 1.602754579399614886e+04 1.602731418065842263e+04 4.809513114513935761e+03 1.602744675130703217e+04 8.073506356409634463e+04 1.081901138377631287e+04 1.602754928829952769e+04 1.602738854755928514e+04 1.602754860778481452e+04 1.310786354854379606e+05
3.594522598959749448e+05 7.291880166124392417e+04 1.798839735887217905e+00 1.753976736193700635e+05 1.255941775485260425e+00 2.474167974018525274e+04 1.759136902892615817e+00 2.577203814912506205e+05 1.893539504826523112e+00 1.602754103828775624e+04 6.726004880589493418e-01 6.399016403752913902e+04 1.059660967470071337e+05 4.340481166945073346e+04 1.471578553170291626e+00 1.665107606418233521e+00 1.634036921384302010e+00 2.083527905004075728e+04 1.709816772537600338e+00 8.073505612806361751e+04 5.210252579776870334e+03 1.714873188432901374e+00 1.717924178444047545e+00 1.772254629371305956e+00 1.310785728131974465e+05
3.475474876875792979e+05 3.107506114507533857e+04 6.399009211880779185e+04 1.611783618003512674e+05 6.398949757129697537e+04 5.593180677281371754e+04 6.399008959864112694e+04 2.458157397319113661e+05 6.399020740928813757e+04 6.226445209782366874e+04 6.399016403752912447e+04 6.989602763138599585e+03 7.411834680727109662e+04 2.779863911455879133e+04 6.398968901516188635e+04 6.399022735493497748e+04 6.398986471361885924e+04 6.078506841525636992e+04 6.398999156592205691e+04 4.599375615493334772e+04 6.399025707376520586e+04 6.399015435291298490e+04 6.398987414723798429e+04 6.399020438978954917e+04 9.853332256664935267e+04
3.168386918474577833e+05 5.232360602810393175e+04 1.059659781681124587e+05 1.275259581926824903e+05 1.059654840502094303e+05 1.020600444394974766e+05 1.059660096834007854e+05 2.151069027717041899e+05 1.059661128720327542e+05 1.059662103973603080e+05 1.059660967470071337e+05 7.411834680727109662e+04 2.068549867802742665e+04 9.130564559794683009e+04 1.059656280424579454e+05 1.059660139456853649e+05 1.059657430782565498e+05 1.059662123012002994e+05 1.059658401267558511e+05 3.843794458337339893e+04 1.059661502194635541e+05 1.059661375730369182e+05 1.059658203011167352e+05 1.059660512904266943e+05 6.507428401312366623e+04
3.559800581298890174e+05 5.192755293211248500e+04 4.340479395428061980e+04 1.711541404723025626e+05 4.340416622665128671e+04 2.813467276853348085e+04 4.340477109666263277e+04 2.542483641030369035e+05 4.340476873721258744e+04 3.779597008504060796e+04 4.340481166945072619e+04 2.779863911455879133e+04 9.130564559794683009e+04 1.446834908846995859e+04 4.340434306526651926e+04 4.340487801497778128e+04 4.340448347537875088e+04 3.298823426848782401e+04 4.340465782597490033e+04 6.424203805100714089e+04 4.340483605970218196e+04 4.340476288505436969e+04 4.340450642690729728e+04 4.340483295978607930e+04 1.150196427076765103e+05
3.594519165262859897e+05 7.291829464780526177e+04 1.399117019218846236e+00 1.753973610299650463e+05 7.267203999550360116e-01 2.474121013304465305e+04 1.433858681250407718e+00 2.577200073581767792e+05 1.505160415500464755e+00 1.602723346675769062e+04 1.471578553170291626e+00 6.398968901516188635e+04 1.059656280424579454e+05 4.340434306526651926e+04 5.354927113163969743e-01 1.470750713457658065e+00 1.050515190941165633e+00 2.083495906376734638e+04 1.308801580987418500e+00 8.073456083638450946e+04 5.209915754020497843e+03 1.506798897990737407e+00 1.194642921910980871e+00 1.448129940717452158e+00 1.310781421851071063e+05
3.594522514344850788e+05 7.291877781785777188e+04 1.705636309924554839e+00 1.753977501339117589e+05 1.220715068058482622e+00 2.474165516929595469e+04 1.701977365969455258e+00 2.577203400932593213e+05 1.858414927984981535e+00 1.602754579399614886e+04 1.665107606418233743e+00 6.399022735493497748e+04 1.059660139456853649e+05 4.340487801497778128e+04 1.470750713457658065e+00 7.433738343695246442e-01 1.636898694838036183e+00 2.083526291807896632e+04 1.696933576858178805e+00 8.073496566714120854e+04 5.210222516312258449e+03 1.692329430247677013e+00 1.732746475186308643e+00 1.620524351390741913e+00 1.310785365744646697e+05
3.594519602986155660e+05 7.291848745506556588e+04 1.507893949448253723e+00 1.753973479743448843e+05 9.470443997499929933e-01 2.474135963166824877e+04 1.602697081951535374e+00 2.577200264884352509e+05 1.670388616635207324e+00 1.602731418065842263e+04 1.634036921384302010e+00 6.398986471361885924e+04 1.059657430782565498e+05 4.340448347537874361e+04 1.050515190941165633e+00 1.636898694838036183e+00 6.208099493567944549e-01 2.083499707987227885e+04 1.370932176836968663e+00 8.073472928896271333e+04 5.209995489395814730e+03 1.692307567210572739e+00 1.212758825946648411e+00 1.580832745906524783e+00 1.310781743769594468e+05
3.594523837705530459e+05 7.291891790662302810e+04 2.083522706871021728e+04 1.753977959311392042e+05 2.083471822775213877e+04 4.855089684668378140e+03 2.083528587628759124e+04 2.577204523719516874e+05 2.083528946352873390e+04 4.809513114513935761e+03 2.083527905004075728e+04 6.078506841525636992e+04 1.059662123012002994e+05 3.298823426848782401e+04 2.083495906376734638e+04 2.083526291807896632e+04 2.083499707987227885e+04 7.659411820194623743e-01 2.083514299810116063e+04 8.073514693697368784e+04 1.562693633557541034e+04 2.083530466252397309e+04 2.083511573699039582e+04 2.083530739523576631e+04 1.310787146897563944e+05
3.594520122437260579e+05 7.291858312972006388e+04 1.429922670696647691e+00 1.753974481783386727e+05 1.106336506263576158e+00 2.474142513360086377e+04 1.614077840748184833e+00 2.577200692429238115e+05 1.802776783170366937e+00 1.602744675130703217e+04 1.709816772537600338e+00 6.398999156592205691e+04 1.059658401267558365e+05 4.340465782597490033e+04 1.308801580987418500e+00 1.696933576858178805e+00 1.370932176836968663e+00 2.083514299810116063e+04 7.156111464851606652e-01 8.073486362153558002e+04 5.210124881548226767e+03 1.776847609228833225e+00 1.372113274525699866e+00 1.684875838905537604e+00 1.310782793085811718e+05
3.328320678366425564e+05 1.492044215938361594e+04 8.073499769002155517e+04 1.487776573096913635e+05 8.073440365607409331e+04 7.682895873813262733e+04 8.073498000581441738e+04 2.311002292703090352e+05 8.073506619641673751e+04 8.073506356409634463e+04 8.073505612806361751e+04 4.599375615493334772e+04 3.843794458337339893e+04 6.424203805100714089e+04 8.073456083638450946e+04 8.073496566714120854e+04 8.073472928896271333e+04 8.073514693697368784e+04 8.073486362153558002e+04 1.362107243577626832e+04 8.073510552940084017e+04 8.073505733634645003e+04 8.073476726595076616e+04 8.073491259912986425e+04 9.287157111662800889e+04
3.594522608614561032e+05 7.291886091635673074e+04 5.210210997833285546e+03 1.753978540597757092e+05 5.209644081399826973e+03 2.000681834895782595e+04 5.210239949273894126e+03 2.577204619398183422e+05 5.210079346750197146e+03 1.081901138377631287e+04 5.210252579776872153e+03 6.399025707376520586e+04 1.059661502194635395e+05 4.340483605970218923e+04 5.209915754020498753e+03 5.210222516312259359e+03 5.209995489395815639e+03 1.562693633557541034e+04 5.210124881548228586e+03 8.073510552940084017e+04 5.209048446155092279e+03 5.210212403789761083e+03 5.210124250267923344e+03 5.210282263284914734e+03 1.310786684016554500e+05
3.594522659569029347e+05 7.291885601244487043e+04 1.820359140349420368e+00 1.753978231274215505e+05 1.273007578463761336e+00 2.474161364125298496e+04 1.722545542165600851e+00 2.577204208596049866e+05 1.825695556278451592e+00 1.602754928829952769e+04 1.714873188432901374e+00 6.399015435291297763e+04 1.059661375730369182e+05 4.340476288505436969e+04 1.506798897990737407e+00 1.692329430247677013e+00 1.692307567210572739e+00 2.083530466252397309e+04 1.776847609228833225e+00 8.073505733634645003e+04 5.210212403789760174e+03 7.275897365618434476e-01 1.768423226064437914e+00 1.808843285233253662e+00 1.310786300780416350e+05
3.594519324098365614e+05 7.291848349093412980e+04 1.576192402432653461e+00 1.753974277133454452e+05 1.017362969236984993e+00 2.474141037490206145e+04 1.673583649131170414e+00 2.577200652153476258e+05 1.744158982408666736e+00 1.602738854755929060e+04 1.717924178444047545e+00 6.398987414723798429e+04 1.059658203011167352e+05 4.340450642690729728e+04 1.194642921910980871e+00 1.732746475186308643e+00 1.212758825946648411e+00 2.083511573699039582e+04 1.372113274525699866e+00 8.073476726595076616e+04 5.210124250267924253e+03 1.768423226064437470e+00 6.326304151288913991e-01 1.679428594326905166e+00 1.310781744053816947e+05
3.594521606442485354e+05 7.291876814147846017e+04 1.627373766394252685e+00 1.753976988052930974e+05 1.262600906939495227e+00 2.474159628144646194e+04 1.650677242236548103e+00 2.577202927317273861e+05 1.821919652796295086e+00 1.602754860778481452e+04 1.772254629371306178e+00 6.399020438978954917e+04 1.059660512904266798e+05 4.340483295978607930e+04 1.448129940717452380e+00 1.620524351390741913e+00 1.580832745906525227e+00 2.083530739523576995e+04 1.684875838905537604e+00 8.073491259912986425e+04 5.210282263284912915e+03 1.808843285233253662e+00 1.679428594326905166e+00 6.209361757605104115e-01 1.310785200011885609e+05
2.859680585904172622e+05 9.952816006076014310e+04 1.310783064248943410e+05 9.483479378802920110e+04 1.310780137977204577e+05 1.276607441455278458e+05 1.310784129686697852e+05 1.894444723225272028e+05 1.310786203701847408e+05 1.310786354854379606e+05 1.310785728131974465e+05 9.853332256664935267e+04 6.507428401312366623e+04 1.150196427076765103e+05 1.310781421851071063e+05 1.310785365744646697e+05 1.310781743769594468e+05 1.310787146897563944e+05 1.310782793085811718e+05 9.287157111662800889e+04 1.310786684016554500e+05 1.310786300780416350e+05 1.310781744053816656e+05 1.310785200011885609e+05 2.448888803026215828e+04
