5.770745835910932042e-01 1.055140347203983531e+00 1.669312837452453387e+05 3.045248940510611865e+05 1.774072229758546382e+04 1.211414089968401822e+05 1.254625233455297417e+00 2.392769379145230341e+05 9.435600731764196098e+03 1.497927160178645911e+00 1.448645978036416038e+00 4.718546924685270824e+03 1.452715208572032957e+00 1.402188717730398659e+00 2.037735537521408405e+05 1.315966440856634057e+00 4.718538003724782357e+03 3.483592343933604525e+02 1.026139970504415542e+05 7.988145199430645152e+04 3.726023493449213856e+04 3.948070624664055649e+05 5.701645418653488014e+04 7.839834247468780992e-01 3.167284081624380633e+04
1.055140347203983309e+00 6.792904959190783076e-01 1.669314008360812732e+05 3.045249246544346097e+05 1.774084375017067941e+04 1.211415128460151464e+05 1.258856698343512104e+00 2.392769677553426882e+05 9.435728579786355112e+03 1.640114097321318853e+00 1.574707959837068350e+00 4.718712049446095079e+03 1.569586975345139468e+00 1.500961815070277927e+00 2.037735728221000172e+05 1.389923978995271314e+00 4.718691713531977257e+03 3.485268507230819068e+02 1.026141444336006825e+05 7.988158396327025548e+04 3.726037078374278644e+04 3.948070986098021385e+05 5.701660176877513004e+04 9.588659550604663462e-01 3.167294560376988375e+04
1.669312837452453387e+05 1.669314008360812732e+05 3.676505737683164625e+04 2.357743139886778081e+05 1.616906551300490100e+05 8.725141041565040359e+04 1.669314574987326050e+05 1.702871167451705842e+05 1.645733144898416067e+05 1.669316239820975170e+05 1.669316389710275398e+05 1.669317335764899326e+05 1.669315772242713429e+05 1.669315539802442072e+05 1.088084553303611756e+05 1.669315083183761453e+05 1.669317629526901001e+05 1.669316991600718175e+05 1.195569444184986642e+05 1.440097210834680591e+05 1.557289905064905761e+05 3.372406764708491974e+05 1.507061468912643322e+05 1.669311598352755536e+05 1.574978115884226281e+05
3.045248940510611865e+05 3.045249246544346097e+05 2.357743139886778081e+05 8.141965230233992042e+04 2.992841761744581163e+05 2.612614905983277713e+05 3.045249213730071788e+05 1.656101723270099901e+05 3.021667967353970162e+05 3.045251744232226629e+05 3.045251223630900495e+05 3.045252538507943973e+05 3.045251120280202595e+05 3.045250646844388684e+05 2.210679887759447156e+05 3.045249950509230257e+05 3.045252523920607055e+05 3.045252731359218014e+05 2.785820463976424071e+05 2.890267505913647474e+05 2.950913400648602983e+05 2.262493348235349404e+05 2.935190096851240378e+05 3.045247879872806952e+05 2.950913288569845026e+05
1.774072229758546382e+04 1.774084375017067578e+04 1.616906551300489809e+05 2.992841761744581163e+05 6.467366711348624449e+03 1.156678373032825039e+05 1.774088081080658230e+04 2.340362939374209382e+05 1.017971974801314900e+04 1.774107375162304743e+04 1.774103779418164777e+04 1.774100572659515456e+04 1.774102673467224304e+04 1.774104056456305261e+04 1.985329689174776431e+05 1.774095678887538816e+04 1.728097075082895026e+04 1.753189556739295585e+04 9.684930364016040403e+04 7.411676531757957127e+04 2.466722791343056451e+04 3.870264523491520667e+05 5.047004159090349276e+04 1.774043950858065728e+04 1.732874819877927075e+04
1.211414089968401822e+05 1.211415128460151755e+05 8.725141041565040359e+04 2.612614905983278004e+05 1.156678373032825184e+05 3.034289352572806820e+04 1.211415972221729608e+05 1.959619939988401893e+05 1.187834177751923562e+05 1.211417541471458244e+05 1.211418297640951059e+05 1.211418744285971770e+05 1.211418099746474181e+05 1.211417744221749599e+05 1.468412903910880268e+05 1.211416689029215486e+05 1.211419426916690863e+05 1.211418540063858673e+05 5.224511095401041530e+04 8.459112854383522063e+04 1.078426336515135044e+05 3.517829665040981490e+05 9.771541518856583571e+04 1.211412651025889063e+05 1.096114620473653049e+05
1.254625233455297417e+00 1.258856698343512104e+00 1.669314574987326050e+05 3.045249213730071788e+05 1.774088081080658230e+04 1.211415972221729608e+05 6.775265709503890399e-01 2.392769969338256051e+05 9.435746745837785056e+03 1.705833707589285542e+00 1.700806475014750241e+00 4.718779941173804218e+03 1.657023593201889744e+00 1.552685163199005958e+00 2.037736628999031673e+05 1.353075415814396720e+00 4.718770407099833392e+03 3.486067063424975458e+02 1.026142652471061156e+05 7.988170888891101640e+04 3.726041700969869271e+04 3.948071237546141492e+05 5.701665337153810106e+04 1.044893654577325748e+00 3.167299426833222969e+04
2.392769379145230341e+05 2.392769677553426591e+05 1.702871167451705842e+05 1.656101723270099901e+05 2.340362939374209382e+05 1.959619939988401311e+05 2.392769969338256051e+05 6.792060624132453813e+04 2.369188349313372164e+05 2.392772667104052089e+05 2.392772206471500685e+05 2.392773697552944941e+05 2.392772013900711318e+05 2.392771339715980284e+05 1.292031115057493589e+05 2.392770511710057617e+05 2.392773465820502315e+05 2.392772719796775200e+05 2.121548691302196530e+05 2.225995423449946102e+05 2.298434455105348607e+05 2.712746718886932940e+05 2.282711985070040100e+05 2.392768421263801283e+05 2.298434421184470993e+05
9.435600731764194279e+03 9.435728579786355112e+03 1.645733144898416067e+05 3.021667967353970744e+05 1.017971974801314900e+04 1.187834177751923417e+05 9.435746745837785056e+03 2.369188349313372164e+05 4.717775330417584883e+03 9.435932835908546622e+03 9.435886929036854781e+03 9.435839814390225001e+03 9.435915273899929161e+03 9.435890450597136805e+03 2.014155204965728044e+05 9.435849037608935760e+03 8.672734208458487046e+03 9.088944650670327974e+03 1.002560265836013423e+05 7.752340736865358485e+04 3.275797831487286749e+04 3.924489740701864357e+05 5.465831469837646728e+04 9.435290807912680975e+03 2.695608445423332523e+04
1.497927160178645911e+00 1.640114097321319075e+00 1.669316239820975461e+05 3.045251744232226629e+05 1.774107375162304743e+04 1.211417541471458244e+05 1.705833707589285542e+00 2.392772667104052089e+05 9.435932835908548441e+03 7.456471474466012106e-01 1.657338983691817758e+00 4.718846925552853463e+03 1.628291703957334358e+00 1.650191445683631297e+00 2.037739043411544990e+05 1.709676950798883155e+00 4.718825925172102870e+03 3.485631468278144780e+02 1.026144541943008953e+05 7.988188189610066183e+04 3.726060138090004330e+04 3.948072959246429382e+05 5.701686749461106228e+04 1.253277334155650236e+00 3.167313923654067185e+04
1.448645978036416038e+00 1.574707959837068350e+00 1.669316389710275689e+05 3.045251223630900495e+05 1.774103779418164777e+04 1.211418297640950914e+05 1.700806475014750241e+00 2.392772206471500685e+05 9.435886929036854781e+03 1.657338983691817758e+00 6.735986770928533707e-01 4.718814062800458487e+03 1.541979069042154427e+00 1.584648836937481153e+00 2.037738836212367751e+05 1.651290370195278134e+00 4.718855066308760797e+03 3.485290817680192390e+02 1.026144160736295016e+05 7.988189260847424157e+04 3.726060597389889881e+04 3.948072454247195856e+05 5.701685288953804411e+04 1.258964123093077259e+00 3.167316731892713506e+04
4.718546924685270824e+03 4.718712049446095079e+03 1.669317335764899908e+05 3.045252538507943391e+05 1.774100572659515456e+04 1.211418744285971770e+05 4.718779941173803309e+03 2.392773697552945232e+05 9.435839814390225001e+03 4.718846925552852554e+03 4.718814062800458487e+03 7.454504744145393769e-01 4.718845421871646067e+03 4.718856896437430805e+03 2.037740071039801405e+05 4.718821730653347913e+03 7.647254987289932160e+02 4.718739044441937040e+03 1.026144809579321882e+05 7.988194256414174743e+04 3.726063741008419311e+04 3.948074113451987505e+05 5.701692663744590391e+04 4.718287399623324745e+03 3.167322753535618904e+04
1.452715208572032957e+00 1.569586975345139468e+00 1.669315772242713429e+05 3.045251120280202595e+05 1.774102673467224668e+04 1.211418099746473890e+05 1.657023593201889744e+00 2.392772013900711318e+05 9.435915273899929161e+03 1.628291703957334358e+00 1.541979069042154871e+00 4.718845421871646977e+03 7.455665495307575164e-01 1.504369040108043842e+00 2.037738256985109474e+05 1.583540947932433385e+00 4.718848026271140043e+03 3.486081410010921786e+02 1.026143817804261926e+05 7.988182635016394488e+04 3.726059889037789253e+04 3.948071950539552490e+05 5.701682290200172429e+04 1.204717698187514285e+00 3.167313531416064143e+04
1.402188717730398659e+00 1.500961815070277927e+00 1.669315539802442072e+05 3.045250646844388684e+05 1.774104056456305261e+04 1.211417744221749454e+05 1.552685163199005958e+00 2.392771339715980284e+05 9.435890450597136805e+03 1.650191445683631297e+00 1.584648836937481153e+00 4.718856896437430805e+03 1.504369040108043620e+00 6.829558796920950359e-01 2.037737528992390144e+05 1.402766320910396880e+00 4.718838987274491956e+03 3.485767582827932642e+02 1.026143990042069781e+05 7.988183480128739029e+04 3.726056999621199066e+04 3.948071897854233393e+05 5.701683617531484924e+04 1.192819004918831860e+00 3.167312317347977660e+04
2.037735537521408696e+05 2.037735728221000172e+05 1.088084553303611756e+05 2.210679887759446865e+05 1.985329689174776431e+05 1.468412903910879977e+05 2.037736628999031673e+05 1.292031115057493589e+05 2.014155204965728626e+05 2.037739043411544990e+05 2.037738836212367751e+05 2.037740071039801405e+05 2.037738256985108892e+05 2.037737528992390144e+05 4.803374982921418996e+04 2.037736905380695825e+05 2.037739401751761325e+05 2.037738948534629890e+05 1.685046569681966503e+05 1.815008079321938567e+05 1.927923040157456708e+05 3.193391891855422291e+05 1.886404913182020537e+05 2.037734532497605542e+05 1.943400651447208074e+05
1.315966440856634057e+00 1.389923978995271314e+00 1.669315083183761744e+05 3.045249950509230257e+05 1.774095678887538816e+04 1.211416689029215340e+05 1.353075415814396498e+00 2.392770511710057617e+05 9.435849037608935760e+03 1.709676950798883155e+00 1.651290370195278134e+00 4.718821730653347913e+03 1.583540947932433385e+00 1.402766320910396880e+00 2.037736905380695825e+05 7.204866697281789856e-01 4.718796599494760812e+03 3.486486004135263670e+02 1.026142787365152617e+05 7.988175154195277719e+04 3.726045831072321016e+04 3.948071398069898132e+05 5.701673584031621431e+04 1.137786954637915793e+00 3.167301857655593631e+04
4.718538003724782357e+03 4.718691713531977257e+03 1.669317629526901001e+05 3.045252523920607055e+05 1.728097075082895390e+04 1.211419426916690863e+05 4.718770407099832482e+03 2.392773465820502606e+05 8.672734208458488865e+03 4.718825925172101961e+03 4.718855066308760797e+03 7.647254987289932160e+02 4.718848026271139133e+03 4.718838987274491956e+03 2.037739401751761325e+05 4.718796599494760812e+03 1.280004827656798852e+03 4.662624786628503898e+03 1.026145186824655539e+05 7.988194728866052174e+04 3.726060860990234505e+04 3.948074167787754559e+05 5.701687858183223580e+04 4.718310129040183710e+03 3.167314443188904261e+04
3.483592343933604525e+02 3.485268507230819068e+02 1.669316991600718175e+05 3.045252731359218596e+05 1.753189556739295585e+04 1.211418540063858673e+05 3.486067063424975458e+02 2.392772719796775200e+05 9.088944650670329793e+03 3.485631468278144212e+02 3.485290817680191253e+02 4.718739044441937040e+03 3.486081410010921786e+02 3.485767582827933211e+02 2.037738948534629890e+05 3.486486004135262533e+02 4.662624786628503898e+03 6.434169776625428767e+02 1.026144426824568218e+05 7.988189748750034778e+04 3.726064647670184786e+04 3.948073734786891146e+05 5.701690966899261548e+04 3.481236411468557321e+02 3.167316346677691399e+04
1.026139970504415542e+05 1.026141444336006680e+05 1.195569444184986642e+05 2.785820463976424071e+05 9.684930364016040403e+04 5.224511095401041530e+04 1.026142652471061156e+05 2.121548691302196530e+05 1.002560265836013423e+05 1.026144541943008953e+05 1.026144160736295016e+05 1.026144809579321882e+05 1.026143817804262071e+05 1.026143990042069781e+05 1.685046569681966503e+05 1.026142787365152617e+05 1.026145186824655539e+05 1.026144426824568218e+05 1.226573301041516243e+04 5.347684910979850974e+04 8.661678714588760340e+04 3.650047500771766063e+05 6.999546555142656143e+04 1.026138921716071782e+05 8.846357791635858302e+04
7.988145199430645152e+04 7.988158396327025548e+04 1.440097210834680300e+05 2.890267505913647474e+05 7.411676531757957127e+04 8.459112854383522063e+04 7.988170888891101640e+04 2.225995423449946102e+05 7.752340736865358485e+04 7.988188189610066183e+04 7.988189260847425612e+04 7.988194256414174743e+04 7.988182635016394488e+04 7.988183480128739029e+04 1.815008079321938567e+05 7.988175154195277719e+04 7.988194728866052174e+04 7.988189748750034778e+04 5.347684910979850974e+04 1.235768092819060621e+04 5.737219676834302663e+04 3.793088810619478463e+05 3.149427183230946684e+04 7.988130022182792891e+04 6.284293884757747583e+04
3.726023493449213856e+04 3.726037078374277917e+04 1.557289905064906052e+05 2.950913400648602983e+05 2.466722791343055724e+04 1.078426336515135044e+05 3.726041700969868543e+04 2.298434455105348898e+05 3.275797831487286749e+04 3.726060138090003602e+04 3.726060597389889881e+04 3.726063741008419311e+04 3.726059889037789253e+04 3.726056999621199066e+04 1.927923040157456708e+05 3.726045831072321016e+04 3.726060860990234505e+04 3.726064647670184786e+04 8.661678714588760340e+04 5.737219676834302663e+04 6.803465767230271922e+03 3.806565227629040019e+05 3.120663180162619756e+04 3.725996823504050553e+04 9.612804930713391514e+03
3.948070624664055649e+05 3.948070986098021385e+05 3.372406764708491974e+05 2.262493348235350277e+05 3.870264523491520667e+05 3.517829665040981490e+05 3.948071237546141492e+05 2.712746718886932940e+05 3.924489740701863193e+05 3.948072959246429382e+05 3.948072454247195856e+05 3.948074113451986923e+05 3.948071950539552490e+05 3.948071897854233393e+05 3.193391891855422291e+05 3.948071398069898132e+05 3.948074167787754559e+05 3.948073734786891146e+05 3.650047500771766063e+05 3.793088810619478463e+05 3.806565227629040019e+05 1.155299306053436740e+05 3.823497701764981612e+05 3.948070230270600878e+05 3.806565447988792439e+05
5.701645418653488014e+04 5.701660176877511549e+04 1.507061468912643322e+05 2.935190096851240378e+05 5.047004159090349276e+04 9.771541518856583571e+04 5.701665337153809378e+04 2.282711985070040100e+05 5.465831469837646728e+04 5.701686749461105501e+04 5.701685288953805139e+04 5.701692663744590391e+04 5.701682290200172429e+04 5.701683617531484924e+04 1.886404913182020537e+05 5.701673584031621431e+04 5.701687858183223580e+04 5.701690966899262276e+04 6.999546555142656143e+04 3.149427183230946684e+04 3.120663180162619392e+04 3.823497701764981612e+05 1.536411390209055025e+04 5.701623295148772741e+04 3.804509245562399883e+04
7.839834247468783213e-01 9.588659550604663462e-01 1.669311598352755536e+05 3.045247879872806370e+05 1.774043950858066091e+04 1.211412651025888772e+05 1.044893654577325748e+00 2.392768421263801283e+05 9.435290807912680975e+03 1.253277334155650236e+00 1.258964123093077259e+00 4.718287399623324745e+03 1.204717698187514285e+00 1.192819004918831860e+00 2.037734532497605542e+05 1.137786954637915793e+00 4.718310129040183710e+03 3.481236411468557321e+02 1.026138921716071782e+05 7.988130022182792891e+04 3.725996823504050553e+04 3.948070230270600878e+05 5.701623295148772741e+04 3.813420337489183964e-01 3.167253301575151636e+04
3.167284081624380633e+04 3.167294560376988375e+04 1.574978115884226281e+05 2.950913288569845026e+05 1.732874819877927075e+04 1.096114620473653049e+05 3.167299426833222242e+04 2.298434421184471576e+05 2.695608445423332887e+04 3.167313923654066457e+04 3.167316731892713506e+04 3.167322753535618904e+04 3.167313531416064143e+04 3.167312317347977660e+04 1.943400651447208074e+05 3.167301857655593631e+04 3.167314443188904261e+04 3.167316346677691399e+04 8.846357791635858302e+04 6.284293884757747583e+04 9.612804930713393333e+03 3.806565447988791857e+05 3.804509245562399883e+04 3.167253301575151636e+04 3.884658959845075515e+03
