7.493488652233564196e-01 3.413543761833409662e+05 7.765362641603694647e+04 4.161659274223860702e+05 1.403762566816304170e+05 2.925429254980597179e+05 1.642541083659019518e+00 1.058025585543496418e+05 1.470775494347487802e+04 1.333310769919740402e+00 1.338308478949906455e+00 2.687181466646586778e+05 1.388912690565797803e+00 1.540735158251926418e+00 4.622041347474442591e+04 1.140895393842199512e+00 9.805810783030341554e+03 1.659946684776064649e+05 5.415698694227988744e+04 9.805818052161113883e+03 7.227572649678309062e+02 2.277321346120718808e+05 1.394901969360704763e+00 2.178842743183018683e+04 1.698747786748207478e+00
3.413543761833409662e+05 9.576509344325201528e+04 3.217469421101875487e+05 2.510960756746718253e+05 3.070410923829088570e+05 1.792633998790646147e+05 3.413544708223724738e+05 3.203463830326075549e+05 3.364527039773483993e+05 3.413543002361556282e+05 3.413544120669091353e+05 2.236472116316726024e+05 3.413543886601303238e+05 3.413544299844664638e+05 3.217468816305429791e+05 3.413542358120975550e+05 3.413547137606750475e+05 2.814420000191499130e+05 3.217469361481464584e+05 3.413546889400268556e+05 3.413546555269831442e+05 2.542428697353901516e+05 3.413542989640377345e+05 3.304614690074396203e+05 3.413545050527232233e+05
7.765362641603694647e+04 3.217469421101875487e+05 1.256157623304513436e+04 3.965584513072554255e+05 1.023917310013204988e+05 2.729354689986286685e+05 7.765370464855957835e+04 4.393073247827604064e+04 7.275171006057680643e+04 7.765332508310144476e+04 7.765357439217422507e+04 2.491107024085615412e+05 7.765369536431381130e+04 7.765369755444547627e+04 4.123902156562687742e+04 7.765313008687667025e+04 7.765375798832095461e+04 1.410798082388580660e+05 3.229322629736189992e+04 7.765372033476251818e+04 7.765370303612470161e+04 2.081245538523239666e+05 7.765345914661834831e+04 6.567093886540054518e+04 7.765361021413916023e+04
4.161659274223860702e+05 2.510960756746717962e+05 3.965584513072555419e+05 1.300203358519006579e+05 3.818525718750618398e+05 2.755659833442773670e+05 4.161659825947858044e+05 3.951578590972866514e+05 4.112642821980913286e+05 4.161658299721804797e+05 4.161659624968611752e+05 3.176958098530176794e+05 4.161659465063728858e+05 4.161659115856895805e+05 3.965583309468654916e+05 4.161657794595683226e+05 4.161661652324504103e+05 3.464024584193152841e+05 3.965583991102175205e+05 4.161661676458432921e+05 4.161661250795442611e+05 3.265859240923665930e+05 4.161658763688585605e+05 4.052729889229607070e+05 4.161660109196166159e+05
1.403762566816304170e+05 3.070410923829087988e+05 1.023917310013205133e+05 3.818525718750618398e+05 1.285293868927294352e+04 2.582296215915766661e+05 1.403763621904276952e+05 8.799914253270367044e+04 1.354743504512996878e+05 1.403759364170573535e+05 1.403761737006221956e+05 2.285015574583924317e+05 1.403763455897212552e+05 1.403763373281009262e+05 1.109645567434567201e+05 1.403757832190872577e+05 1.403764186476449540e+05 7.344221622016122274e+04 1.109646569121234061e+05 1.403763113491744152e+05 1.403762988574776682e+05 1.650891175708148803e+05 1.403760857107760967e+05 1.283938043604580453e+05 1.403763553055642697e+05
2.925429254980597179e+05 1.792633998790646147e+05 2.729354689986286685e+05 2.755659833442773670e+05 2.582296215915766661e+05 8.462680732549574168e+04 2.925429714616300189e+05 2.715349750109412125e+05 2.876412411013121600e+05 2.925428230104038958e+05 2.925429660066054785e+05 1.417266741886051896e+05 2.925429394418184529e+05 2.925429822118355660e+05 2.729353662374283304e+05 2.925427042666622438e+05 2.925431619021939696e+05 2.325456955500979384e+05 2.729353345163750346e+05 2.925432032664701692e+05 2.925430934630359407e+05 1.952241746708306309e+05 2.925428400596088613e+05 2.816499616537677939e+05 2.925431222215938615e+05
1.642541083659019518e+00 3.413544708223724738e+05 7.765370464855957835e+04 4.161659825947858626e+05 1.403763621904276952e+05 2.925429714616300189e+05 7.600870790918216047e-01 1.058027156006285659e+05 1.470783805172838584e+04 1.508063161898219873e+00 1.694451388015679516e+00 2.687182509025249747e+05 1.586425407144819166e+00 1.536096838311376001e+00 4.622049793204319576e+04 1.212171780988687608e+00 9.805816634126402278e+03 1.659947329355817637e+05 5.415705995758342760e+04 9.805818070929224632e+03 7.226182257298930836e+02 2.277322753258133016e+05 1.602545570579458234e+00 2.178852737031509241e+04 1.576540153087846674e+00
1.058025585543496418e+05 3.203463830326075549e+05 4.393073247827604064e+04 3.951578590972867096e+05 8.799914253270367044e+04 2.715349750109412125e+05 1.058027156006285659e+05 2.328285535166547561e+04 1.009007524884345912e+05 1.058022752285279421e+05 1.058025265997999231e+05 2.471098543505716079e+05 1.058026445580326690e+05 1.058026888384368649e+05 7.038841504867863841e+04 1.058021369635127921e+05 1.058027549994757574e+05 1.251963724658794235e+05 6.272057989121417631e+04 1.058027044131490693e+05 1.058027311828017555e+05 2.026071259995222499e+05 1.058024319751279982e+05 9.382002783935559273e+04 1.058026619230651704e+05
1.470775494347487802e+04 3.364527039773483993e+05 7.275171006057680643e+04 4.112642821980914450e+05 1.354743504512996878e+05 2.876412411013121600e+05 1.470783805172838584e+04 1.009007524884345912e+05 4.902776833794096092e+03 1.470749044384397712e+04 1.470774612583867747e+04 2.638164714629167574e+05 1.470780307677092605e+04 1.470783072405608982e+04 4.131849331009806338e+04 1.470724501733191391e+04 1.470769779210689921e+04 1.610928649797535036e+05 4.925511177935561864e+04 1.312182210199805013e+04 1.398678165868639189e+04 2.228303201071503281e+05 1.470763880879155840e+04 1.097510215685913863e+04 1.470777302927237361e+04
1.333310769919740402e+00 3.413543002361556282e+05 7.765332508310144476e+04 4.161658299721804797e+05 1.403759364170573535e+05 2.925428230104038958e+05 1.508063161898219873e+00 1.058022752285279421e+05 1.470749044384397530e+04 6.178073154974186298e-01 1.287565071305238895e+00 2.687180013794439146e+05 1.409288901900188185e+00 1.475889490248339264e+00 4.622014604492462968e+04 7.946876606628374695e-01 9.805543421399894214e+03 1.659943969058838265e+05 5.415673528480996174e+04 9.805515502938220379e+03 7.224600567487627814e+02 2.277319126937461260e+05 1.087518691998760056e+00 2.178810974124751374e+04 1.499473494236434057e+00
1.338308478949906455e+00 3.413544120669091353e+05 7.765357439217422507e+04 4.161659624968611752e+05 1.403761737006221956e+05 2.925429660066054785e+05 1.694451388015679516e+00 1.058025265997999231e+05 1.470774612583867747e+04 1.287565071305238895e+00 7.102914134016478087e-01 2.687181527837610338e+05 1.466861616635721122e+00 1.683844388256988012e+00 4.622037489450447902e+04 1.087436013150134828e+00 9.805813701708346343e+03 1.659945987961684004e+05 5.415695876048204082e+04 9.805788330354882419e+03 7.226842299797768874e+02 2.277320862711295777e+05 1.242757219042051053e+00 2.178835288152986323e+04 1.735008469341594584e+00
2.687181466646586778e+05 2.236472116316725733e+05 2.491107024085615412e+05 3.176958098530176794e+05 2.285015574583924317e+05 1.417266741886051896e+05 2.687182509025249747e+05 2.471098543505716079e+05 2.638164714629167574e+05 2.687180013794439146e+05 2.687181527837610920e+05 6.440454034916562523e+04 2.687182103069332079e+05 2.687182262989362935e+05 2.491105225659658317e+05 2.687178824601038941e+05 2.687183780400877004e+05 1.986516674560326501e+05 2.491106194805292762e+05 2.687183578207727405e+05 2.687183437921448494e+05 1.493859016207341920e+05 2.687180306199298357e+05 2.578252146329031675e+05 2.687183269351421623e+05
1.388912690565797803e+00 3.413543886601303238e+05 7.765369536431381130e+04 4.161659465063728858e+05 1.403763455897212552e+05 2.925429394418184529e+05 1.586425407144819166e+00 1.058026445580326690e+05 1.470780307677092605e+04 1.409288901900188185e+00 1.466861616635721122e+00 2.687182103069332079e+05 6.943828897776269660e-01 1.496188177242142592e+00 4.622048279413296405e+04 1.225381174120372396e+00 9.805845745526037717e+03 1.659947180559878470e+05 5.415706722056095896e+04 9.805858339717977287e+03 7.227397707971975933e+02 2.277321918581898790e+05 1.508588927539907365e+00 2.178849601445332519e+04 1.678906202140940884e+00
1.540735158251926418e+00 3.413544299844664638e+05 7.765369755444547627e+04 4.161659115856895805e+05 1.403763373281009262e+05 2.925429822118355660e+05 1.536096838311376001e+00 1.058026888384368649e+05 1.470783072405608800e+04 1.475889490248339264e+00 1.683844388256988012e+00 2.687182262989362935e+05 1.496188177242142592e+00 7.714014182793087482e-01 4.622048242765212490e+04 1.207513148771858003e+00 9.805789408154460034e+03 1.659947524465614988e+05 5.415706557408731896e+04 9.805853010491649911e+03 7.226852239630744634e+02 2.277322363816744764e+05 1.572772663152733452e+00 2.178852111935396169e+04 1.666675903706829942e+00
4.622041347474442591e+04 3.217468816305429209e+05 4.123902156562687742e+04 3.965583309468654916e+05 1.109645567434567201e+05 2.729353662374283304e+05 4.622049793204319576e+04 7.038841504867865297e+04 4.131849331009806338e+04 4.622014604492462968e+04 4.622037489450447902e+04 2.491105225659658317e+05 4.622048279413296405e+04 4.622048242765212490e+04 4.002311697379571342e+03 4.621987033229376539e+04 4.622056454673552798e+04 1.420296471150356228e+05 1.673286513411823398e+04 4.622047007450136152e+04 4.622049793363871868e+04 2.081245513339132885e+05 4.622032009356631897e+04 3.423770766720367828e+04 4.622054467336302332e+04
1.140895393842199512e+00 3.413542358120975550e+05 7.765313008687667025e+04 4.161657794595683226e+05 1.403757832190872577e+05 2.925427042666621855e+05 1.212171780988687608e+00 1.058021369635127921e+05 1.470724501733191573e+04 7.946876606628374695e-01 1.087436013150134828e+00 2.687178824601038941e+05 1.225381174120372396e+00 1.207513148771858003e+00 4.621987033229376539e+04 3.982325912651661359e-01 9.805250441676087576e+03 1.659942526649809442e+05 5.415644734666385193e+04 9.805234211133494682e+03 7.221738249351574268e+02 2.277318647654359520e+05 9.652166936990163038e-01 2.178790519121654870e+04 1.285984049544059760e+00
9.805810783030341554e+03 3.413547137606750475e+05 7.765375798832095461e+04 4.161661652324504685e+05 1.403764186476449540e+05 2.925431619021939696e+05 9.805816634126402278e+03 1.058027549994757574e+05 1.470769779210689921e+04 9.805543421399894214e+03 9.805813701708346343e+03 2.687183780400877004e+05 9.805845745526037717e+03 9.805789408154460034e+03 4.622056454673552798e+04 9.805250441676087576e+03 7.373988393708353906e-01 1.659948914534779906e+05 5.415709972874968662e+04 1.587609414054554691e+03 9.805787753727874588e+03 2.277324156053730112e+05 9.805715541862933605e+03 2.178850559386200985e+04 9.805820084802953716e+03
1.659946684776064067e+05 2.814420000191499130e+05 1.410798082388580660e+05 3.464024584193152841e+05 7.344221622016123729e+04 2.325456955500979384e+05 1.659947329355817637e+05 1.251963724658794090e+05 1.610928649797535036e+05 1.659943969058838265e+05 1.659945987961684004e+05 1.986516674560326501e+05 1.659947180559878470e+05 1.659947524465614988e+05 1.420296471150356228e+05 1.659942526649809442e+05 1.659948914534779906e+05 3.837141634589268506e+04 1.420169926189713005e+05 1.659948415681856277e+05 1.659947983415090130e+05 1.236293057839451067e+05 1.659945261783796595e+05 1.546174545136554516e+05 1.659948221057686023e+05
5.415698694227988744e+04 3.217469361481464584e+05 3.229322629736189992e+04 3.965583991102174623e+05 1.109646569121233770e+05 2.729353345163750346e+05 5.415705995758342760e+04 6.272057989121417631e+04 4.925511177935561864e+04 5.415673528480996174e+04 5.415695876048204082e+04 2.491106194805292762e+05 5.415706722056095896e+04 5.415706557408731896e+04 1.673286513411823398e+04 5.415644734666385193e+04 5.415709972874968662e+04 1.420169926189713005e+05 9.526494457028065881e+03 5.415711509758882312e+04 5.415702869063081744e+04 2.081246135160913982e+05 5.415688383954602614e+04 3.942651919897743937e+04 5.415707798166569410e+04
9.805818052161115702e+03 3.413546889400268556e+05 7.765372033476251818e+04 4.161661676458432339e+05 1.403763113491744152e+05 2.925432032664701692e+05 9.805818070929224632e+03 1.058027044131490693e+05 1.312182210199805013e+04 9.805515502938222198e+03 9.805788330354882419e+03 2.687183578207727405e+05 9.805858339717977287e+03 9.805853010491649911e+03 4.622047007450134697e+04 9.805234211133494682e+03 1.587609414054554463e+03 1.659948415681856277e+05 5.415711509758882312e+04 2.659581149567230113e+03 9.689153599206641957e+03 2.277324370068286953e+05 9.805695019234790379e+03 2.083222001137972620e+04 9.805904485617709724e+03
7.227572649678306789e+02 3.413546555269830860e+05 7.765370303612470161e+04 4.161661250795442611e+05 1.403762988574776682e+05 2.925430934630359407e+05 7.226182257298933109e+02 1.058027311828017555e+05 1.398678165868639371e+04 7.224600567487630087e+02 7.226842299797768874e+02 2.687183437921448494e+05 7.227397707971975933e+02 7.226852239630744634e+02 4.622049793363871868e+04 7.221738249351574268e+02 9.805787753727870950e+03 1.659947983415089839e+05 5.415702869063081744e+04 9.689153599206641957e+03 1.336471678276365765e+03 2.277323131555064465e+05 7.225994027950878262e+02 2.135380136753786428e+04 7.226757956832761920e+02
2.277321346120718808e+05 2.542428697353901516e+05 2.081245538523239666e+05 3.265859240923665930e+05 1.650891175708148803e+05 1.952241746708306600e+05 2.277322753258133016e+05 2.026071259995222499e+05 2.228303201071503281e+05 2.277319126937461260e+05 2.277320862711295777e+05 1.493859016207341629e+05 2.277321918581898790e+05 2.277322363816744764e+05 2.081245513339132885e+05 2.277318647654359229e+05 2.277324156053730112e+05 1.236293057839451067e+05 2.081246135160913982e+05 2.277324370068286953e+05 2.277323131555064465e+05 5.567575497121296939e+04 2.277320174624031351e+05 2.168391150941987289e+05 2.277322601655061881e+05
1.394901969360704763e+00 3.413542989640377345e+05 7.765345914661834831e+04 4.161658763688586187e+05 1.403760857107760967e+05 2.925428400596088031e+05 1.602545570579458234e+00 1.058024319751279982e+05 1.470763880879155840e+04 1.087518691998760278e+00 1.242757219042051053e+00 2.687180306199298357e+05 1.508588927539907365e+00 1.572772663152733230e+00 4.622032009356631897e+04 9.652166936990163038e-01 9.805715541862933605e+03 1.659945261783796595e+05 5.415688383954602614e+04 9.805695019234790379e+03 7.225994027950878262e+02 2.277320174624031351e+05 6.963512599493683064e-01 2.178825992193735510e+04 1.627495376951633155e+00
2.178842743183018683e+04 3.304614690074396203e+05 6.567093886540054518e+04 4.052729889229608234e+05 1.283938043604580453e+05 2.816499616537677939e+05 2.178852737031509241e+04 9.382002783935559273e+04 1.097510215685913863e+04 2.178810974124751010e+04 2.178835288152986323e+04 2.578252146329031675e+05 2.178849601445332155e+04 2.178852111935396169e+04 3.423770766720367101e+04 2.178790519121654506e+04 2.178850559386200985e+04 1.546174545136554516e+05 3.942651919897744665e+04 2.083222001137972620e+04 2.135380136753786428e+04 2.168391150941987289e+05 2.178825992193735510e+04 8.568123790573576116e+03 2.178851682502396216e+04
1.698747786748207478e+00 3.413545050527232233e+05 7.765361021413914568e+04 4.161660109196166159e+05 1.403763553055642697e+05 2.925431222215938615e+05 1.576540153087846674e+00 1.058026619230651704e+05 1.470777302927237361e+04 1.499473494236433835e+00 1.735008469341594584e+00 2.687183269351421623e+05 1.678906202140940884e+00 1.666675903706829942e+00 4.622054467336301605e+04 1.285984049544059760e+00 9.805820084802953716e+03 1.659948221057686023e+05 5.415707798166569410e+04 9.805904485617709724e+03 7.226757956832761920e+02 2.277322601655061881e+05 1.627495376951633155e+00 2.178851682502396216e+04 7.580485110355715817e-01
