5.246370414613766479e+04 4.768096689637351665e+05 4.378487965722916415e+05 4.768096908161955653e+05 4.768096057143107173e+05 4.768096337311184616e+05 2.994844388706291211e+05 4.768097710399205098e+05 4.768097151493824786e+05 4.508357939374726266e+05 4.768097767712942441e+05 4.768096565502469311e+05 4.768097144332220778e+05 4.335197794831909123e+05 4.768095688922203844e+05 4.638229556410338264e+05 4.174406039600793156e+05 2.170682422676441201e+05 4.508358661001747241e+05 4.768096660140285967e+05 3.729138366488539614e+05 3.512687770440034801e+05 2.875655378268961213e+05 4.768099444471622119e+05 2.546972423712876334e+05
4.768096689637351665e+05 3.296883667923485861e-01 8.199782243194922921e+04 8.904690114783835320e-01 8.349930234305911654e+03 5.360339921744373681e-01 2.689442966580715729e+05 1.669892154002626921e+04 1.298826400754756469e+04 6.493643709912428312e+04 1.298815660316443609e+04 8.319011697397298288e-01 1.298812548749578491e+04 9.523944411782096722e+04 7.793463990168604250e-01 5.194927251864058053e+04 1.113187029218870302e+05 4.263067180324653746e+05 6.493630385888455930e+04 1.298829211390452292e+04 1.700693260025481286e+05 2.161690488518780330e+05 2.987024734282980207e+05 2.759869218462360368e+04 3.457079611717724474e+05
4.378487965722916415e+05 8.199782243194922921e+04 5.592677395360086848e+03 8.199815310596901691e+04 8.199817394046024128e+04 8.199774193139198178e+04 2.299835053802460898e+05 7.828759747534943745e+04 8.199815627703418431e+04 2.680283873350634167e+04 8.199821373565222893e+04 8.199803183172160061e+04 8.199821407513790473e+04 3.828946672895918164e+04 8.199781948639957409e+04 5.602414398787949176e+04 5.715168456977970345e+04 3.873459876327421516e+05 3.515205951057081984e+04 8.199794101584382588e+04 1.305493886086099665e+05 1.772083459837339469e+05 2.597419293586013955e+05 6.901124999483104330e+04 3.067473535634022555e+05
4.768096908161955653e+05 8.904690114783837540e-01 8.199815310596901691e+04 3.242897769766949212e-01 8.349897142826026538e+03 7.669439604207184402e-01 2.689443557699386147e+05 1.669906564172060462e+04 1.298834270943972842e+04 6.493675095255765336e+04 1.298835200388911289e+04 8.744081580849367707e-01 1.298822790058306964e+04 9.523970765903644497e+04 9.871404180927029204e-01 5.194950606309595605e+04 1.113188651384312980e+05 4.263067479689964675e+05 6.493655586049067642e+04 1.298849057245400763e+04 1.700694336286363832e+05 2.161691880284569925e+05 2.987025023871056037e+05 2.759884291880310411e+04 3.457079724940026645e+05
4.768096057143107173e+05 8.349930234305913473e+03 8.199817394046022673e+04 8.349897142826026538e+03 8.117302645052874141e+03 8.349753022872722795e+03 2.689443670727442368e+05 1.437973945388164975e+04 6.958492982147103248e+03 6.493676250850543875e+04 6.958737803672195696e+03 8.349987119733601503e+03 6.958620359550081957e+03 9.523975168017754913e+04 8.349907754172973000e+03 4.963049464966431697e+04 1.113189638878123224e+05 4.263067315819011419e+05 6.402567348534673511e+04 6.958676520274982067e+03 1.700696402074895159e+05 2.161694450424383394e+05 2.987027110552589293e+05 2.527987684742142665e+04 3.457080535430954187e+05
4.768096337311184616e+05 5.360339921744373681e-01 8.199774193139196723e+04 7.669439604207184402e-01 8.349753022872722795e+03 1.965117324889890660e-01 2.689442124263854930e+05 1.669878355305443620e+04 1.298805932401868085e+04 6.493632534323941945e+04 1.298801108739315350e+04 7.484992407676414050e-01 1.298792796119701416e+04 9.523942219671870407e+04 7.126942964435777350e-01 5.194917174384623650e+04 1.113185610794396925e+05 4.263067190739273210e+05 6.493618886338713492e+04 1.298815053369444286e+04 1.700692029557258356e+05 2.161690156749663583e+05 2.987024358600171399e+05 2.759849781073748818e+04 3.457079068352763425e+05
2.994844388706291211e+05 2.689442966580715729e+05 2.299835053802460898e+05 2.689443557699386147e+05 2.689443670727442368e+05 2.689442124263854930e+05 4.205891870891718281e+04 2.689445933111481136e+05 2.689443984149525641e+05 2.381004532575756020e+05 2.689445267969853012e+05 2.689443727221837034e+05 2.689445165296280757e+05 2.256545330945709138e+05 2.689441905345858540e+05 2.559574868388473114e+05 2.077201050179187150e+05 2.660499276787603740e+05 2.429706325257864955e+05 2.689443585743193398e+05 1.469872277883373317e+05 9.927706455848141923e+04 8.087566906713513890e+04 2.689445393963605165e+05 1.568775360010863515e+05
4.768097710399205098e+05 1.669892154002626921e+04 7.828759747534943745e+04 1.669906564172060462e+04 1.437973945388164975e+04 1.669878355305443620e+04 2.689445933111481136e+05 5.301331051157048023e+03 1.669892783112789039e+04 6.122602787020208052e+04 1.669916652345613329e+04 1.669910671096119404e+04 1.669919794588427612e+04 9.152921221083526325e+04 1.669895294320594985e+04 3.525207274675794906e+04 1.081384280741293915e+05 4.263068938004269148e+05 5.612397554716938612e+04 1.669905192225734208e+04 1.700696454722642084e+05 2.161694456910194713e+05 2.987029646259697038e+05 1.090129525480622215e+04 3.457083465697763604e+05
4.768097151493824786e+05 1.298826400754756469e+04 8.199815627703418431e+04 1.298834270943972842e+04 6.958492982147102339e+03 1.298805932401868085e+04 2.689443984149525641e+05 1.669892783112789039e+04 3.752130285642653607e-01 6.493673988980570721e+04 1.251092988804983541e+00 1.298837031857960028e+04 1.110045472950683454e+00 9.523973368871788261e+04 1.298824820457211717e+04 5.194964640523049457e+04 1.113189056060470466e+05 4.263068156148685375e+05 6.493681872214427131e+04 1.307975348219291067e+00 1.700695948731969693e+05 2.161694758449842047e+05 2.987027962546203053e+05 2.759904790683093961e+04 3.457081984251948888e+05
4.508357939374726266e+05 6.493643709912428312e+04 2.680283873350633803e+04 6.493675095255765336e+04 6.493676250850543147e+04 6.493632534323941945e+04 2.381004532575756020e+05 6.122602787020208052e+04 6.493673988980570721e+04 8.117321704030488945e+03 6.493680516636961693e+04 6.493659019014084333e+04 6.493686068504882860e+04 5.291587136219046806e+04 6.493641375506157055e+04 3.896280175357432745e+04 7.421288085202898947e+04 4.003329343838703353e+05 1.727871010572048908e+04 6.493676208287121699e+04 1.440955619887099892e+05 1.901953714691609784e+05 2.727289706683217664e+05 5.194984978257687908e+04 3.197344189204887371e+05
4.768097767712942441e+05 1.298815660316443609e+04 8.199821373565222893e+04 1.298835200388911289e+04 6.958737803672194786e+03 1.298801108739315350e+04 2.689445267969853012e+05 1.669916652345613329e+04 1.251092988804983541e+00 6.493680516636961693e+04 4.411575107004291341e-01 1.298833316573447155e+04 9.872011677430785337e-01 9.523970305825938703e+04 1.298837151457976870e+04 5.194964713538692740e+04 1.113190114111771400e+05 4.263068042090816307e+05 6.493669753101016249e+04 1.336182838827010499e+00 1.700696165875956358e+05 2.161693994032492919e+05 2.987026986566403648e+05 2.759899705638016167e+04 3.457081944789406843e+05
4.768096565502469311e+05 8.319011697397299399e-01 8.199803183172160061e+04 8.744081580849367707e-01 8.349987119733597865e+03 7.484992407676415160e-01 2.689443727221837034e+05 1.669910671096119404e+04 1.298837031857960028e+04 6.493659019014084333e+04 1.298833316573447155e+04 3.642039210596711984e-01 1.298819820912490286e+04 9.523967640284023946e+04 9.055941379402737690e-01 5.194952396546336968e+04 1.113188401079160540e+05 4.263067179261948331e+05 6.493650999724150461e+04 1.298849286721674980e+04 1.700694370666777540e+05 2.161691723003038205e+05 2.987025287207246874e+05 2.759889637188908091e+04 3.457079695027666749e+05
4.768097144332220778e+05 1.298812548749578491e+04 8.199821407513790473e+04 1.298822790058306964e+04 6.958620359550081048e+03 1.298792796119701416e+04 2.689445165296280757e+05 1.669919794588427612e+04 1.110045472950683454e+00 6.493686068504882860e+04 9.872011677430785337e-01 1.298819820912490286e+04 4.081711232807275769e-01 9.523983770527056186e+04 1.298831720602853966e+04 5.194965310536041943e+04 1.113190025098666956e+05 4.263068536644245032e+05 6.493673230854039139e+04 1.323163283597745377e+00 1.700696124835908704e+05 2.161693474937634601e+05 2.987026853957854910e+05 2.759897585870627154e+04 3.457081249059682013e+05
4.335197794831909123e+05 9.523944411782096722e+04 3.828946672895918164e+04 9.523970765903644497e+04 9.523975168017754913e+04 9.523942219671870407e+04 2.256545330945709138e+05 9.152921221083527780e+04 9.523973368871788261e+04 5.291587136219046806e+04 9.523970305825937248e+04 9.523967640284023946e+04 9.523983770527054730e+04 1.236543685327648382e+04 9.523944082979370432e+04 6.926585316935523588e+04 3.032649697496372755e+04 3.830167760533519322e+05 5.328038358741848060e+04 9.523972125857688661e+04 1.249970075511219329e+05 1.728795233173320885e+05 2.554129037353474414e+05 8.225284142865403555e+04 3.024183429386809585e+05
4.768095688922203844e+05 7.793463990168604250e-01 8.199781948639955954e+04 9.871404180927029204e-01 8.349907754172973000e+03 7.126942964435777350e-01 2.689441905345858540e+05 1.669895294320594985e+04 1.298824820457211717e+04 6.493641375506157055e+04 1.298837151457976870e+04 9.055941379402737690e-01 1.298831720602853966e+04 9.523944082979373343e+04 3.771612401381288504e-01 5.194950593241394381e+04 1.113186213746133435e+05 4.263066113756280974e+05 6.493646405421529198e+04 1.298830968723096703e+04 1.700693238173912978e+05 2.161691612052369455e+05 2.987025983880113345e+05 2.759887798238383402e+04 3.457080493580703042e+05
4.638229556410338264e+05 5.194927251864058053e+04 5.602414398787949176e+04 5.194950606309595605e+04 4.963049464966431697e+04 5.194917174384623650e+04 2.559574868388472823e+05 3.525207274675794906e+04 5.194964640523050184e+04 3.896280175357432745e+04 5.194964713538692740e+04 5.194952396546336968e+04 5.194965310536042671e+04 6.926585316935523588e+04 5.194950593241395109e+04 1.298739006430417976e+04 8.720044265402379096e+04 4.133200363282488543e+05 2.412019558209942988e+04 5.194968530087093677e+04 1.570826497085068841e+05 2.031824678376672091e+05 2.857156929340175702e+05 2.435191101293841348e+04 3.327210637415429810e+05
4.174406039600793156e+05 1.113187029218870302e+05 5.715168456977971073e+04 1.113188651384312980e+05 1.113189638878123224e+05 1.113185610794396925e+05 2.077201050179187150e+05 1.081384280741294351e+05 1.113189056060470466e+05 7.421288085202900402e+04 1.113190114111771400e+05 1.113188401079160540e+05 1.113190025098666956e+05 3.032649697496372755e+04 1.113186213746133435e+05 8.720044265402379096e+04 1.908340667205133650e+04 3.669377207586173899e+05 7.421316634110160521e+04 1.113189442302059470e+05 1.052070708384491591e+05 1.537523607732194068e+05 2.374784826961604413e+05 1.001873449089275964e+05 2.851906929573582602e+05
2.170682422676441493e+05 4.263067180324653746e+05 3.873459876327421516e+05 4.263067479689965257e+05 4.263067315819011419e+05 4.263067190739272628e+05 2.660499276787604322e+05 4.263068938004269148e+05 4.263068156148685375e+05 4.003329343838703353e+05 4.263068042090815725e+05 4.263067179261948331e+05 4.263068536644245032e+05 3.830167760533519322e+05 4.263066113756280974e+05 4.133200363282489125e+05 3.669377207586173899e+05 6.771799722665226727e+04 4.003329716608207673e+05 4.263068933245565277e+05 3.137528865258801379e+05 2.877789120930053759e+05 2.366654523675400706e+05 4.263070454158295179e+05 1.860234418906840438e+05
4.508358661001747241e+05 6.493630385888455930e+04 3.515205951057081984e+04 6.493655586049067642e+04 6.402567348534672783e+04 6.493618886338713492e+04 2.429706325257864955e+05 5.612397554716938612e+04 6.493681872214427131e+04 1.727871010572048908e+04 6.493669753101016249e+04 6.493650999724150461e+04 6.493673230854039139e+04 5.328038358741848060e+04 6.493646405421529198e+04 2.412019558209942988e+04 7.421316634110160521e+04 4.003329716608207673e+05 1.106595372510663947e+04 6.493665945316672878e+04 1.440956048200576915e+05 1.901952859456605511e+05 2.727289504699956160e+05 4.563005342004975682e+04 3.197342750798469060e+05
4.768096660140285967e+05 1.298829211390452292e+04 8.199794101584382588e+04 1.298849057245400763e+04 6.958676520274982067e+03 1.298815053369444286e+04 2.689443585743193398e+05 1.669905192225734208e+04 1.307975348219291067e+00 6.493676208287121699e+04 1.336182838827010499e+00 1.298849286721674980e+04 1.323163283597745377e+00 9.523972125857688661e+04 1.298830968723096703e+04 5.194968530087093677e+04 1.113189442302059470e+05 4.263068933245565277e+05 6.493665945316672878e+04 4.086169048177273888e-01 1.700697394624378940e+05 2.161694374268508109e+05 2.987028471763394191e+05 2.759904928961029509e+04 3.457082114410662907e+05
3.729138366488539614e+05 1.700693260025481286e+05 1.305493886086099665e+05 1.700694336286363832e+05 1.700696402074895159e+05 1.700692029557258356e+05 1.469872277883373317e+05 1.700696454722642375e+05 1.700695948731969693e+05 1.440955619887099892e+05 1.700696165875956358e+05 1.700694370666777540e+05 1.700696124835908704e+05 1.249970075511219329e+05 1.700693238173912978e+05 1.570826497085068841e+05 1.052070708384491882e+05 3.137528865258801379e+05 1.440956048200576915e+05 1.700697394624378940e+05 1.520924406530681699e+04 6.550905288091242255e+04 1.818198508115508012e+05 1.700695904601805669e+05 2.247539727055534895e+05
3.512687770440034801e+05 2.161690488518780621e+05 1.772083459837339469e+05 2.161691880284569925e+05 2.161694450424383394e+05 2.161690156749663583e+05 9.927706455848141923e+04 2.161694456910194713e+05 2.161694758449842047e+05 1.901953714691610076e+05 2.161693994032492919e+05 2.161691723003038205e+05 2.161693474937634601e+05 1.728795233173320885e+05 2.161691612052369746e+05 2.031824678376672091e+05 1.537523607732194068e+05 2.877789120930053759e+05 1.901952859456605511e+05 2.161694374268508109e+05 6.550905288091242255e+04 2.575627701993794471e+04 1.454822737960797967e+05 2.161693728616443987e+05 1.998792552092426049e+05
2.875655378268961213e+05 2.987024734282980207e+05 2.597419293586013955e+05 2.987025023871056037e+05 2.987027110552589293e+05 2.987024358600171399e+05 8.087566906713513890e+04 2.987029646259697038e+05 2.987027962546203053e+05 2.727289706683217664e+05 2.987026986566403648e+05 2.987025287207246874e+05 2.987026853957854910e+05 2.554129037353474414e+05 2.987025983880113345e+05 2.857156929340175702e+05 2.374784826961604413e+05 2.366654523675400415e+05 2.727289504699956160e+05 2.987028471763394191e+05 1.818198508115508012e+05 1.454822737960797967e+05 1.322178614827049205e+04 2.987026410810904927e+05 1.258566080268262303e+05
4.768099444471622119e+05 2.759869218462360368e+04 6.901124999483104330e+04 2.759884291880310411e+04 2.527987684742142665e+04 2.759849781073748818e+04 2.689445393963605165e+05 1.090129525480622397e+04 2.759904790683093961e+04 5.194984978257687908e+04 2.759899705638016167e+04 2.759889637188908091e+04 2.759897585870627154e+04 8.225284142865403555e+04 2.759887798238383402e+04 2.435191101293840984e+04 1.001873449089276255e+05 4.263070454158295179e+05 4.563005342004976410e+04 2.759904928961029509e+04 1.700695904601805669e+05 2.161693728616443987e+05 2.987026410810904927e+05 2.841341225498309086e+03 3.457081818400540506e+05
2.546972423712876334e+05 3.457079611717724474e+05 3.067473535634022555e+05 3.457079724940027227e+05 3.457080535430954187e+05 3.457079068352763425e+05 1.568775360010863515e+05 3.457083465697763604e+05 3.457081984251948888e+05 3.197344189204887371e+05 3.457081944789406843e+05 3.457079695027666749e+05 3.457081249059682013e+05 3.024183429386809585e+05 3.457080493580703042e+05 3.327210637415429810e+05 2.851906929573582602e+05 1.860234418906840438e+05 3.197342750798469060e+05 3.457082114410662907e+05 2.247539727055534895e+05 1.998792552092426049e+05 1.258566080268262303e+05 3.457081818400540506e+05 7.789909827199485153e+04
