6.563114885139057151e+03 1.921845530972455454e+05 1.087761135914414626e+04 4.447169075889360392e+05 1.700726601212245805e+04 2.564306100535119913e+04 3.358855158162246225e+05 1.686222808370058920e+04 2.564263445531122488e+04 1.487461907773206767e+05 5.164795440226978099e+04 2.564300600326893255e+04 2.537119124667725118e+05 1.856797906982608038e+04 8.899128316511285084e+04 2.564295072985049046e+04 6.279934363537736499e+04 2.564286562662611686e+04 1.709574992024325911e+04 2.408866958806289040e+04 2.564307437019561621e+04 1.152780064575016731e+05 2.920439563856019959e+04 5.748105912992228987e+05 1.709598065507920546e+04
1.921845530972455454e+05 5.783341061116503988e+04 1.921845161331364943e+05 3.965046090729378629e+05 1.921844554466620903e+05 1.921843711531562731e+05 2.651097794263779651e+05 1.921844602222139947e+05 1.921839602620567894e+05 9.336754630793201795e+04 1.640829147868973960e+05 1.921842961239834549e+05 1.349526490187471500e+05 1.907718431427893520e+05 1.455021592163811729e+05 1.921843090548207692e+05 1.587779577865450701e+05 1.921841126220685255e+05 1.921842631030099583e+05 1.921840443329535774e+05 1.921842978040864691e+05 1.255528704977879970e+05 1.853318484379306028e+05 5.279039945050235838e+05 1.921844931712413381e+05
1.087761135914414626e+04 1.921845161331364943e+05 8.424506864982170828e-01 4.447168562862867257e+05 1.655862147870373519e+04 2.564303006671755793e+04 3.358854465382301132e+05 1.709593942923341092e+04 2.564264423115971658e+04 1.487461207036302076e+05 5.164794958373344707e+04 2.564300795965057114e+04 2.537118646511030092e+05 2.020405139511517336e+04 8.899130680134956492e+04 2.564291788498023016e+04 6.513646527720506128e+04 2.564285767609907634e+04 1.709573678741486947e+04 2.408863132770959419e+04 2.564298885246699501e+04 1.152779643964021670e+05 2.920449955465224048e+04 5.748105474061251152e+05 1.709581454696421133e+04
4.447169075889360392e+05 3.965046090729378629e+05 4.447168562862867257e+05 1.115140428794521722e+05 4.447168355659439694e+05 4.447167144002453424e+05 2.851863840552692418e+05 4.447168104942605132e+05 4.447165381698594429e+05 4.125013350901503582e+05 4.276228604754091939e+05 4.447166780475698761e+05 3.483878478195093339e+05 4.447168916122766677e+05 4.233494935367572471e+05 4.447166550319278613e+05 4.276229168504271656e+05 4.447165820981002762e+05 4.447166272087689140e+05 4.447165686136686709e+05 4.447166914108654601e+05 4.190759597113899654e+05 4.447169255494920653e+05 3.603931659760072944e+05 4.447168711414440768e+05
1.700726601212245805e+04 1.921844554466620903e+05 1.655862147870373519e+04 4.447168355659440858e+05 4.768873878192642223e+03 2.280503624011026477e+04 3.358854033958662185e+05 1.131985044842956995e+04 2.280473278790368204e+04 1.487461226993594319e+05 5.164800905970792519e+04 2.280503975981219628e+04 2.537117901001670689e+05 2.015705298084091191e+04 8.899124429127736948e+04 2.280501244455310734e+04 6.513641124451677751e+04 2.280494792167918786e+04 1.425789139185962813e+04 2.125076385213371395e+04 2.280509809465788567e+04 1.152779470290815079e+05 2.907877094749686512e+04 5.748105072560205590e+05 3.662349746848935411e+03
2.564306100535119913e+04 1.921843711531562731e+05 2.564303006671755793e+04 4.447167144002453424e+05 2.280503624011026477e+04 8.130939559183397725e-01 3.358853167369950097e+05 1.202098718523108982e+04 1.389082335158425163e+00 1.487459862781219708e+05 5.164793395159421925e+04 1.640773447041099287e+00 2.537116578547545942e+05 2.564315268381210990e+04 8.899116988278251665e+04 1.709995307459146296e+00 6.513631949644722044e+04 1.626091298162473553e+00 8.548732461488525587e+03 1.555586149144281308e+03 1.631603399066628768e+00 1.152778749075573287e+05 2.920440319968366020e+04 5.748104813832185464e+05 2.564296940360314693e+04
3.358855158162246225e+05 2.651097794263779651e+05 3.358854465382301132e+05 2.851863840552692418e+05 3.358854033958662185e+05 3.358853167369950097e+05 1.271405594716551568e+05 3.358853852524028043e+05 3.358850505118485307e+05 2.923358876820374280e+05 3.187914427328755846e+05 3.358852639146869187e+05 2.132610902856748726e+05 3.358854937723811017e+05 3.145180237506657140e+05 3.358852342238239944e+05 3.187914820224654977e+05 3.358851103809524793e+05 3.358851672135436675e+05 3.358850352636299212e+05 3.358852917556995526e+05 3.054923894760394469e+05 3.358855331694652559e+05 4.084936061282434384e+05 3.358854384199859924e+05
1.686222808370058556e+04 1.921844602222139947e+05 1.709593942923341092e+04 4.447168104942605132e+05 1.131985044842956995e+04 1.202098718523109164e+04 3.358853852524028043e+05 4.491388197530269281e+03 1.202075305073783602e+04 1.487460904546576494e+05 5.164796577569363581e+04 1.202102787242195882e+04 2.537117754976902506e+05 1.997031248812397462e+04 8.899122024711269478e+04 1.202103957695760619e+04 6.480249388502335933e+04 1.202097263807206218e+04 3.473789186337205138e+03 1.046677182440226534e+04 1.202107865575242613e+04 1.152779524915636721e+05 2.920436622537778749e+04 5.748104915604648413e+05 1.415789681377198394e+04
2.564263445531122488e+04 1.921839602620568185e+05 2.564264423115971658e+04 4.447165381698594429e+05 2.280473278790368204e+04 1.389082335158425163e+00 3.358850505118485307e+05 1.202075305073783602e+04 5.790341386437728444e-01 1.487455127891459560e+05 5.164732930969025620e+04 1.332636078192471540e+00 2.537113370087819640e+05 2.564265946613226697e+04 8.899055178090684058e+04 1.300227659375096323e+00 6.513571982573233981e+04 1.117726424139306118e+00 8.548324498048585156e+03 1.555090754166662236e+03 1.380975325389600883e+00 1.152773014188254019e+05 2.920382072599756066e+04 5.748102970898757922e+05 2.564258716210911007e+04
1.487461907773206767e+05 9.336754630793201795e+04 1.487461207036301785e+05 4.125013350901504164e+05 1.487461226993594610e+05 1.487459862781219708e+05 2.923358876820374280e+05 1.487460904546576494e+05 1.487455127891459560e+05 2.522869226269752471e+04 1.145579846342938836e+05 1.487459142478105496e+05 1.896755838487959409e+05 1.456381846334360889e+05 9.210497091706475476e+04 1.487458635852031584e+05 1.092530228971408651e+05 1.487457000174520945e+05 1.487458654940049746e+05 1.487456512893251784e+05 1.487459188932354446e+05 6.551704596201476670e+04 1.366379068995813141e+05 5.425950314575745724e+05 1.487461411917814985e+05
5.164795440226978099e+04 1.640829147868973960e+05 5.164794958373344707e+04 4.276228604754091939e+05 5.164800905970793974e+04 5.164793395159421925e+04 3.187914427328755846e+05 5.164796577569363581e+04 5.164732930969025620e+04 1.145579846342938690e+05 6.007807464319923383e+03 5.164787127779301954e+04 2.366178445530866738e+05 4.853985140580245206e+04 5.299933526825326408e+04 5.164784163197332236e+04 2.713787905398061048e+04 5.164763951113336952e+04 5.164773804117818509e+04 5.164751856257041800e+04 5.164788391333626350e+04 8.108980288065875357e+04 3.939847034371310292e+04 5.577165999083978822e+05 5.164801136359495285e+04
2.564300600326893255e+04 1.921842961239834549e+05 2.564300795965057114e+04 4.447166780475698761e+05 2.280503975981219628e+04 1.640773447041099287e+00 3.358852639146869187e+05 1.202102787242195882e+04 1.332636078192471540e+00 1.487459142478105496e+05 5.164787127779301954e+04 8.064594193793916954e-01 2.537116684662723274e+05 2.564309481159803909e+04 8.899105563227079983e+04 1.548857593166804714e+00 6.513626294517060160e+04 1.559538317158227994e+00 8.548641194496787648e+03 1.555536502581893956e+03 1.610460088171713933e+00 1.152777593194100045e+05 2.920433284849903794e+04 5.748103872039050329e+05 2.564296988989565216e+04
2.537119124667725118e+05 1.349526490187471791e+05 2.537118646511030092e+05 3.483878478195092757e+05 2.537117901001670689e+05 2.537116578547546233e+05 2.132610902856748726e+05 2.537117754976902506e+05 2.537113370087819640e+05 1.896755838487959409e+05 2.366178445530866738e+05 2.537116684662723274e+05 5.823518136920011602e+04 2.537118703755528841e+05 2.265970434627547802e+05 2.537116483208043792e+05 2.336909728312998777e+05 2.537114577945406782e+05 2.537116046113438788e+05 2.537113845402493607e+05 2.537116314015877724e+05 2.123571428118519543e+05 2.537118957446221029e+05 4.955718322610869654e+05 2.537118699864443624e+05
1.856797906982607674e+04 1.907718431427893520e+05 2.020405139511517336e+04 4.447168916122766677e+05 2.015705298084091191e+04 2.564315268381211717e+04 3.358854937723811017e+05 1.997031248812397462e+04 2.564265946613226697e+04 1.456381846334360889e+05 4.853985140580245206e+04 2.564309481159803909e+04 2.537118703755528550e+05 1.051872611226282970e+04 8.588325590664066840e+04 2.564300100146973273e+04 5.969130023221423471e+04 2.564294629407923276e+04 2.020383398292120546e+04 2.465377199848797318e+04 2.564304841114936789e+04 1.121699843327487761e+05 2.066780365084284495e+04 5.748106258545680903e+05 2.020408924151708561e+04
8.899128316511285084e+04 1.455021592163811729e+05 8.899130680134956492e+04 4.233494935367573053e+05 8.899124429127736948e+04 8.899116988278253120e+04 3.145180237506657140e+05 8.899122024711270933e+04 8.899055178090684058e+04 9.210497091706474021e+04 5.299933526825326408e+04 8.899105563227079983e+04 2.265970434627547511e+05 8.588325590664066840e+04 2.797115797751057107e+04 8.899102866954541241e+04 4.398353765116506111e+04 8.899077808144302981e+04 8.899090728350498830e+04 8.899075529767143598e+04 8.899111707831062085e+04 4.727426531752094161e+04 7.688289417532327934e+04 5.534430821694101905e+05 8.899125780808697164e+04
2.564295072985049046e+04 1.921843090548207692e+05 2.564291788498023016e+04 4.447166550319278613e+05 2.280501244455310734e+04 1.709995307459146296e+00 3.358852342238239944e+05 1.202103957695760619e+04 1.300227659375096323e+00 1.487458635852031584e+05 5.164784163197332236e+04 1.548857593166804714e+00 2.537116483208043501e+05 2.564300100146973273e+04 8.899102866954541241e+04 7.801822740301794790e-01 6.513620181929472164e+04 1.460440611201775818e+00 8.548519723576981050e+03 1.555460842422697851e+03 1.686178009427034885e+00 1.152777079259364982e+05 2.920430949021480046e+04 5.748103981383675709e+05 2.564293621051907030e+04
6.279934363537736499e+04 1.587779577865450701e+05 6.513646527720506128e+04 4.276229168504271656e+05 6.513641124451677751e+04 6.513631949644724227e+04 3.187914820224654977e+05 6.480249388502335933e+04 6.513571982573233981e+04 1.092530228971408651e+05 2.713787905398061048e+04 6.513626294517060160e+04 2.336909728312998777e+05 5.969130023221423471e+04 4.398353765116506111e+04 6.513620181929472164e+04 1.425501725911297581e+04 6.513597861463308800e+04 6.513612780791597470e+04 6.513593088702998648e+04 6.513630018613091670e+04 7.578478109770274023e+04 5.302798266592989239e+04 5.577166066118985182e+05 6.513638812303594750e+04
2.564286562662611686e+04 1.921841126220685255e+05 2.564285767609907998e+04 4.447165820981002762e+05 2.280494792167918058e+04 1.626091298162473553e+00 3.358851103809524211e+05 1.202097263807206218e+04 1.117726424139306118e+00 1.487457000174520945e+05 5.164763951113336952e+04 1.559538317158227771e+00 2.537114577945406490e+05 2.564294629407923276e+04 8.899077808144301525e+04 1.460440611201775818e+00 6.513597861463308800e+04 7.781666417863857266e-01 8.548480993587818375e+03 1.555301710824836846e+03 1.566262213408443849e+00 1.152775064154670108e+05 2.920415526961131764e+04 5.748103403030850459e+05 2.564282280422958502e+04
1.709574992024325911e+04 1.921842631030099583e+05 1.709573678741486947e+04 4.447166272087689140e+05 1.425789139185962813e+04 8.548732461488525587e+03 3.358851672135436675e+05 3.473789186337204683e+03 8.548324498048585156e+03 1.487458654940049746e+05 5.164773804117818509e+04 8.548641194496787648e+03 2.537116046113438788e+05 2.020383398292120546e+04 8.899090728350498830e+04 8.548519723576981050e+03 6.513612780791597470e+04 8.548480993587818375e+03 7.462266357883602375e-01 6.994285821196488541e+03 8.548710724071774166e+03 1.152776670839913859e+05 2.920419785815953583e+04 5.748103593573924154e+05 1.709576631988074223e+04
2.408866958806289040e+04 1.921840443329535774e+05 2.408863132770959419e+04 4.447165686136686709e+05 2.125076385213371395e+04 1.555586149144281308e+03 3.358850352636299212e+05 1.046677182440226534e+04 1.555090754166662236e+03 1.487456512893251784e+05 5.164751856257041800e+04 1.555536502581893956e+03 2.537113845402493316e+05 2.465377199848797318e+04 8.899075529767143598e+04 1.555460842422697851e+03 6.513593088702998648e+04 1.555301710824837073e+03 6.994285821196488541e+03 2.543607881210978121e+03 1.555510683692663861e+03 1.152774576384566753e+05 2.920403949065660709e+04 5.748103423334809486e+05 2.408860468636047517e+04
2.564307437019561621e+04 1.921842978040864691e+05 2.564298885246699501e+04 4.447166914108654601e+05 2.280509809465788567e+04 1.631603399066628768e+00 3.358852917556995526e+05 1.202107865575242613e+04 1.380975325389600883e+00 1.487459188932354155e+05 5.164788391333626350e+04 1.610460088171714155e+00 2.537116314015877433e+05 2.564304841114936789e+04 8.899111707831062085e+04 1.686178009427034885e+00 6.513630018613091670e+04 1.566262213408443404e+00 8.548710724071774166e+03 1.555510683692663861e+03 8.350778374936392856e-01 1.152777675122160726e+05 2.920441020927914360e+04 5.748104739557272987e+05 2.564296884610886627e+04
1.152780064575016731e+05 1.255528704977879970e+05 1.152779643964021670e+05 4.190759597113899654e+05 1.152779470290815370e+05 1.152778749075573287e+05 3.054923894760394469e+05 1.152779524915637012e+05 1.152773014188253728e+05 6.551704596201476670e+04 8.108980288065875357e+04 1.152777593194100045e+05 2.123571428118519543e+05 1.121699843327487761e+05 4.727426531752094161e+04 1.152777079259364982e+05 7.578478109770274023e+04 1.152775064154670108e+05 1.152776670839913859e+05 1.152774576384566753e+05 1.152777675122160726e+05 2.920919394588659634e+04 1.031696430060301209e+05 5.491696417259401642e+05 1.152779102006916073e+05
2.920439563856019959e+04 1.853318484379306319e+05 2.920449955465224048e+04 4.447169255494920653e+05 2.907877094749686512e+04 2.920440319968366748e+04 3.358855331694652559e+05 2.920436622537778749e+04 2.920382072599756066e+04 1.366379068995813141e+05 3.939847034371310292e+04 2.920433284849903794e+04 2.537118957446221029e+05 2.066780365084284495e+04 7.688289417532327934e+04 2.920430949021480046e+04 5.302798266592990694e+04 2.920415526961132127e+04 2.920419785815953583e+04 2.920403949065660709e+04 2.920441020927914360e+04 1.031696430060301209e+05 8.367847109901287695e+03 5.748106144312259275e+05 2.920436146836885018e+04
5.748105912992228987e+05 5.279039945050235838e+05 5.748105474061251152e+05 3.603931659760072944e+05 5.748105072560205590e+05 5.748104813832185464e+05 4.084936061282434384e+05 5.748104915604648413e+05 5.748102970898757922e+05 5.425950314575744560e+05 5.577165999083979987e+05 5.748103872039050329e+05 4.955718322610869072e+05 5.748106258545680903e+05 5.534430821694101905e+05 5.748103981383675709e+05 5.577166066118985182e+05 5.748103403030850459e+05 5.748103593573924154e+05 5.748103423334809486e+05 5.748104739557271823e+05 5.491696417259401642e+05 5.748106144312258111e+05 1.636164339561806119e+05 5.748105866368135903e+05
1.709598065507920546e+04 1.921844931712413672e+05 1.709581454696421133e+04 4.447168711414440768e+05 3.662349746848933592e+03 2.564296940360315057e+04 3.358854384199859924e+05 1.415789681377198576e+04 2.564258716210911007e+04 1.487461411917814985e+05 5.164801136359493103e+04 2.564296988989565216e+04 2.537118699864443624e+05 2.020408924151708561e+04 8.899125780808697164e+04 2.564293621051907030e+04 6.513638812303594750e+04 2.564282280422958138e+04 1.709576631988074223e+04 2.408860468636047517e+04 2.564296884610885900e+04 1.152779102006916073e+05 2.920436146836885018e+04 5.748105866368135903e+05 9.133752755770470078e-01
