1.679592708114807101e+04 2.410522143039288640e+05 2.410520913444514736e+05 2.304275426453222462e+05 9.133631220175398630e+04 2.553751668323721678e+05 1.739923930853500206e+05 9.354671376175730256e+04 2.267667030560929852e+05 2.410519362821180548e+05 2.410521976871798106e+05 2.410522732059631380e+05 7.049570772789220791e+04 1.098903959223654674e+05 2.410521089625613531e+05 2.410521614945997717e+05 2.410521290549179248e+05 2.410521947484065313e+05 2.410524280993637221e+05 1.961545175346587203e+05 1.453374690851374180e+05 2.410523204158574517e+05 1.762595020114821673e+05 2.114226267944064166e+05 2.410523520621354401e+05
2.410522143039288640e+05 3.020144805571568503e-01 9.134389823537563124e-01 3.792117488662570249e+05 2.119060259706656507e+05 4.034266354133942514e+05 1.818194231398234842e+05 2.815720955108423368e+05 1.095252632645047561e+05 8.645609464058753302e-01 1.033184942660340333e+00 9.523949402884532174e+04 2.297762894818927743e+05 2.095251585278678394e+05 8.395638372222657964e-01 1.159267754786436289e+00 8.239563804871731234e-01 6.713041821963353141e+04 8.495234697601231164e+04 1.546737673236064438e+05 2.024956724693722499e+05 1.292631804502399973e+04 3.373437325987145887e+05 1.341945566777014174e+05 4.819277423646122770e+04
2.410520913444514736e+05 9.134389823537563124e-01 2.671856790308962948e-01 3.792117566529662581e+05 2.119057809004046430e+05 4.034266488557981211e+05 1.818192274345741025e+05 2.815720167969494942e+05 1.095250454951462743e+05 6.262484407893670335e-01 1.138025360411183629e+00 9.523931999807291140e+04 2.297761536622299463e+05 2.095249004309042357e+05 7.106981008266115563e-01 1.145132490580221596e+00 6.150173645790592003e-01 6.713024293263330765e+04 8.495212670040587545e+04 1.546735775484754704e+05 2.024954451530271908e+05 1.292624398684637345e+04 3.373436972824883414e+05 1.341943281251032895e+05 4.819265469741005654e+04
2.304275426453222462e+05 3.792117488662570249e+05 3.792117566529662581e+05 4.804694364599089022e+04 2.554026549893654301e+05 1.248449753539785888e+05 3.125454893108453834e+05 1.901144268614043540e+05 3.649263827744899900e+05 3.792117297867593588e+05 3.792117375013630954e+05 3.792119726468528388e+05 2.514377951746183971e+05 2.635659328938377439e+05 3.792117540774199879e+05 3.792118909075640258e+05 3.792117221795074292e+05 3.792119166587588261e+05 3.792120630286918604e+05 3.343141420596208773e+05 2.966725403827481787e+05 3.792119748164857156e+05 1.261673196363696479e+05 3.495823791356738657e+05 3.792119438554458902e+05
9.133631220175398630e+04 2.119060259706656507e+05 2.119057809004046430e+05 2.554026549893654301e+05 6.925804413858613771e+03 2.796176315902353963e+05 1.348498347060286615e+05 1.474839191379034310e+05 1.976205406559299445e+05 2.119058867743008304e+05 2.119061838787033339e+05 2.119061465813239920e+05 5.808809658541992394e+04 5.506034748418303207e+04 2.119059184989586647e+05 2.119061320844135189e+05 2.119058658345645526e+05 2.119062204776163562e+05 2.119061815612006467e+05 1.670083289446257113e+05 1.010759026574033633e+05 2.119060543630217726e+05 2.135345808167147625e+05 1.822765420883643092e+05 2.119061528397057846e+05
2.553751668323721678e+05 4.034266354133942514e+05 4.034266488557981211e+05 1.248449753539785888e+05 2.796176315902353963e+05 4.218818924593576230e+04 3.367602478068750352e+05 2.104642636114453198e+05 3.891412379893115140e+05 4.034267011410963605e+05 4.034267949062812258e+05 4.034270510381672648e+05 2.762161803639322752e+05 2.877807560585646424e+05 4.034266647410000442e+05 4.034268936127949855e+05 4.034266213088239310e+05 4.034269863556277123e+05 4.034268763316181721e+05 3.585290483063032734e+05 3.208874778112858767e+05 4.034268069338590722e+05 1.680748100054000388e+05 3.737975268318182207e+05 4.034268156273363857e+05
1.739923930853500206e+05 1.818194231398235133e+05 1.818192274345741316e+05 3.125454893108453834e+05 1.348498347060286615e+05 3.367602478068751516e+05 1.102897015231576188e+04 2.149058118392016040e+05 1.103909404698701401e+05 1.818192468877524370e+05 1.818195940764855186e+05 1.246768579017127486e+05 1.527200747826748411e+05 1.141880304776508274e+05 1.818194170931148692e+05 1.818196021100970102e+05 1.818192848229429219e+05 1.432621499391096877e+05 1.314794387924279144e+05 5.251784511034422758e+04 5.513224552729001152e+04 1.818195415322529152e+05 2.706774651016706484e+05 8.911643764280949836e+04 1.564227692355861363e+05
9.354671376175728801e+04 2.815720955108423368e+05 2.815720167969494942e+05 1.901144268614042958e+05 1.474839191379034310e+05 2.104642636114453198e+05 2.149058118392016040e+05 5.659535092251069000e+04 2.672867710065245628e+05 2.815720983433196088e+05 2.815722809295491898e+05 2.815724397017969750e+05 1.251808227242778084e+05 1.611160188364536443e+05 2.815719970355655532e+05 2.815722748044742621e+05 2.815720092201745720e+05 2.815722630298093427e+05 2.815722997000954347e+05 2.366745580871780403e+05 1.952320115592944494e+05 2.815721866818411509e+05 1.383032390000796004e+05 2.519428141294256202e+05 2.815722405091470573e+05
2.267667030560929852e+05 1.095252632645047561e+05 1.095250454951462743e+05 3.649263827744899900e+05 1.976205406559299445e+05 3.891412379893115722e+05 1.103909404698701401e+05 2.672867710065245628e+05 1.824823527225560974e+04 1.095248134870656650e+05 1.095252046519565192e+05 2.100044211827528125e+04 2.154905249473130971e+05 1.870760729186054668e+05 1.095251837918314413e+05 1.095251566292333737e+05 1.095250699778547714e+05 6.144379399787256261e+04 3.993314608318106912e+04 7.076785394474903296e+04 1.438579867333387374e+05 1.047633235157101881e+05 3.230584619419712108e+05 2.792107431292170804e+04 7.460467479272925993e+04
2.410519362821180548e+05 8.645609464058753302e-01 6.262484407893670335e-01 3.792117297867594170e+05 2.119058867743008304e+05 4.034267011410964187e+05 1.818192468877524370e+05 2.815720983433196088e+05 1.095248134870656650e+05 1.757300829452009827e-01 8.081467536643339722e-01 9.523903278822997527e+04 2.297759642035417492e+05 2.095247690612339065e+05 8.265194022878921132e-01 8.767838847623855569e-01 6.943983526769124115e-01 6.713002168398753565e+04 8.495212623353005620e+04 1.546733437074236281e+05 2.024952931391784223e+05 1.292625177802750659e+04 3.373437788326942245e+05 1.341941045350597997e+05 4.819261936784163117e+04
2.410521976871798106e+05 1.033184942660340333e+00 1.138025360411183629e+00 3.792117375013630954e+05 2.119061838787033339e+05 4.034267949062811676e+05 1.818195940764855186e+05 2.815722809295491898e+05 1.095252046519565192e+05 8.081467536643339722e-01 3.082334853345603531e-01 9.523936592962387658e+04 2.297762041266812303e+05 2.095250792797598406e+05 1.167902911847900960e+00 9.227491358723394210e-01 1.111993619095135832e+00 6.713028536782396259e+04 8.495249413135752548e+04 1.546736885347107309e+05 2.024955729625192471e+05 1.292644108209506339e+04 3.373438944921240909e+05 1.341944592507521738e+05 4.819286812255660334e+04
2.410522732059631380e+05 9.523949402884532174e+04 9.523931999807291140e+04 3.792119726468528388e+05 2.119061465813239920e+05 4.034270510381672648e+05 1.246768579017127486e+05 2.815724397017969750e+05 2.100044211827528125e+04 9.523903278822996072e+04 9.523936592962387658e+04 2.815011869471388817e-01 2.297762975998609327e+05 2.013618750682371610e+05 9.523943711222660204e+04 9.523944275714358082e+04 9.523930028148107522e+04 4.715795422323588718e+04 2.333612726059849592e+04 8.505378738079156028e+04 1.581437408289474261e+05 9.047765057820931543e+04 3.373441025365926325e+05 4.848011831774007442e+04 6.031885960998867813e+04
7.049570772789220791e+04 2.297762894818927743e+05 2.297761536622299463e+05 2.514377951746183971e+05 5.808809658541992394e+04 2.762161803639322752e+05 1.527200747826748411e+05 1.251808227242778084e+05 2.154905249473130971e+05 2.297759642035417492e+05 2.297762041266812303e+05 2.297762975998609327e+05 2.130780110918852370e+04 7.626707596838903555e+04 2.297762212861664884e+05 2.297763202839648584e+05 2.297761523235443165e+05 2.297764583080461307e+05 2.297764148164195940e+05 1.848783080709764909e+05 1.174354133579238405e+05 2.297764376144219132e+05 2.018840325371330837e+05 2.001467997555091861e+05 2.297764355590433697e+05
1.098903959223654383e+05 2.095251585278678394e+05 2.095249004309042357e+05 2.635659328938376857e+05 5.506034748418303934e+04 2.877807560585646424e+05 1.141880304776508274e+05 1.611160188364536443e+05 1.870760729186054668e+05 2.095247690612338774e+05 2.095250792797598406e+05 2.013618750682371610e+05 7.626707596838903555e+04 1.600400364000637273e+04 2.095250710022519343e+05 2.095250750341551029e+05 2.095249698952202452e+05 2.095251945883682929e+05 2.071928577573814255e+05 1.501052673573560023e+05 7.126294982595302281e+04 2.095252635875940905e+05 2.216981488300046476e+05 1.717323531034190964e+05 2.095251791389063001e+05
2.410521089625613531e+05 8.395638372222657964e-01 7.106981008266115563e-01 3.792117540774200461e+05 2.119059184989586647e+05 4.034266647410001606e+05 1.818194170931148692e+05 2.815719970355655532e+05 1.095251837918314413e+05 8.265194022878921132e-01 1.167902911847900960e+00 9.523943711222661659e+04 2.297762212861664884e+05 2.095250710022519343e+05 3.229970304425492933e-01 1.140395403489465664e+00 7.606323696158739933e-01 6.713039042153563059e+04 8.495223942137893755e+04 1.546737420760826499e+05 2.024956040554569336e+05 1.292638188380599240e+04 3.373436728246156126e+05 1.341944695663205348e+05 4.819281908271570137e+04
2.410521614945997717e+05 1.159267754786436289e+00 1.145132490580221596e+00 3.792118909075640840e+05 2.119061320844135189e+05 4.034268936127949855e+05 1.818196021100970102e+05 2.815722748044742621e+05 1.095251566292333737e+05 8.767838847623855569e-01 9.227491358723394210e-01 9.523944275714358082e+04 2.297763202839648584e+05 2.095250750341551029e+05 1.140395403489465664e+00 3.192162187992852451e-01 1.201416520713917802e+00 6.713025378216635727e+04 8.495248670703828975e+04 1.546737876146385388e+05 2.024956070654182404e+05 1.292637917421087877e+04 3.373439320177033078e+05 1.341944710719997238e+05 4.819299185093375854e+04
2.410521290549179248e+05 8.239563804871731234e-01 6.150173645790592003e-01 3.792117221795074292e+05 2.119058658345645526e+05 4.034266213088239310e+05 1.818192848229428928e+05 2.815720092201745720e+05 1.095250699778547860e+05 6.943983526769124115e-01 1.111993619095135832e+00 9.523930028148107522e+04 2.297761523235443165e+05 2.095249698952202452e+05 7.606323696158739933e-01 1.201416520713917802e+00 3.019883864155717412e-01 6.713026736726039962e+04 8.495215511660909397e+04 1.546736319075799547e+05 2.024955442063765659e+05 1.292631202503979148e+04 3.373437085768317338e+05 1.341943905444538977e+05 4.819267323178196966e+04
2.410521947484065313e+05 6.713041821963353141e+04 6.713024293263330765e+04 3.792119166587588843e+05 2.119062204776163562e+05 4.034269863556277123e+05 1.432621499391096877e+05 2.815722630298093427e+05 6.144379399787255534e+04 6.713002168398753565e+04 6.713028536782396259e+04 4.715795422323588718e+04 2.297764583080461307e+05 2.095251945883682929e+05 6.713039042153563059e+04 6.713025378216635727e+04 6.713026736726039962e+04 8.800785395017703650e+02 2.382312502984061575e+04 1.065925202856243268e+05 1.766410664013485657e+05 5.420508995461700397e+04 3.373439989108206937e+05 8.611309295495225524e+04 1.893856188518214913e+04
2.410524280993637221e+05 8.495234697601231164e+04 8.495212670040587545e+04 3.792120630286919186e+05 2.119061815612006467e+05 4.034268763316181721e+05 1.314794387924279144e+05 2.815722997000954347e+05 3.993314608318106912e+04 8.495212623353005620e+04 8.495249413135752548e+04 2.333612726059849592e+04 2.297764148164195940e+05 2.071928577573814255e+05 8.495223942137893755e+04 8.495248670703828975e+04 8.495215511660909397e+04 2.382312502984061575e+04 1.649394191965716163e+04 9.388517924374400172e+04 1.649465220357846702e+05 7.435944907958347176e+04 3.373439671909366152e+05 6.557007688485980907e+04 4.077184351348909695e+04
1.961545175346587203e+05 1.546737673236064438e+05 1.546735775484754704e+05 3.343141420596208773e+05 1.670083289446257113e+05 3.585290483063032734e+05 5.251784511034422758e+04 2.366745580871780403e+05 7.076785394474904751e+04 1.546733437074236281e+05 1.546736885347107309e+05 8.505378738079156028e+04 1.848783080709764909e+05 1.501052673573560023e+05 1.546737420760826499e+05 1.546737876146385388e+05 1.546736319075799547e+05 1.065925202856243268e+05 9.388517924374400172e+04 1.297683327504501904e+04 1.014304341899412393e+05 1.499119544536710891e+05 2.924462301762608113e+05 4.547397959655834711e+04 1.197532436110554117e+05
1.453374690851373889e+05 2.024956724693722499e+05 2.024954451530271908e+05 2.966725403827481787e+05 1.010759026574033633e+05 3.208874778112858767e+05 5.513224552729001152e+04 1.952320115592944494e+05 1.438579867333387374e+05 2.024952931391784223e+05 2.024955729625192471e+05 1.581437408289474261e+05 1.174354133579238260e+05 7.126294982595302281e+04 2.024956040554569336e+05 2.024956070654182404e+05 2.024955442063765659e+05 1.766410664013485657e+05 1.649465220357846702e+05 1.014304341899412393e+05 3.181917849283329633e+04 2.024957568796193518e+05 2.548045582060302550e+05 1.285139793475317856e+05 1.855645298305285396e+05
2.410523204158574517e+05 1.292631804502399973e+04 1.292624398684637345e+04 3.792119748164857738e+05 2.119060543630217726e+05 4.034268069338591304e+05 1.818195415322529152e+05 2.815721866818411509e+05 1.047633235157101881e+05 1.292625177802750659e+04 1.292644108209506339e+04 9.047765057820931543e+04 2.297764376144219132e+05 2.095252635875940905e+05 1.292638188380599240e+04 1.292637917421087877e+04 1.292631202503979148e+04 5.420508995461701124e+04 7.435944907958347176e+04 1.499119544536710891e+05 2.024957568796193518e+05 7.094598728177998964e+03 3.373438699268818018e+05 1.294326810125448246e+05 3.526739724649055279e+04
1.762595020114821673e+05 3.373437325987145887e+05 3.373436972824883414e+05 1.261673196363696334e+05 2.135345808167147625e+05 1.680748100054000388e+05 2.706774651016706484e+05 1.383032390000796586e+05 3.230584619419712108e+05 3.373437788326941663e+05 3.373438944921240909e+05 3.373441025365926325e+05 2.018840325371330837e+05 2.216981488300046476e+05 3.373436728246156126e+05 3.373439320177033078e+05 3.373437085768317338e+05 3.373439989108206937e+05 3.373439671909366152e+05 2.924462301762608113e+05 2.548045582060302550e+05 3.373438699268818018e+05 4.049575911911960429e+04 3.077143845085754292e+05 3.373438958902757149e+05
2.114226267944064166e+05 1.341945566777014174e+05 1.341943281251032895e+05 3.495823791356738657e+05 1.822765420883643383e+05 3.737975268318182207e+05 8.911643764280949836e+04 2.519428141294256493e+05 2.792107431292170804e+04 1.341941045350597997e+05 1.341944592507521738e+05 4.848011831774007442e+04 2.001467997555091861e+05 1.717323531034190964e+05 1.341944695663205348e+05 1.341944710719997238e+05 1.341943905444538977e+05 8.611309295495225524e+04 6.557007688485980907e+04 4.547397959655834711e+04 1.285139793475317856e+05 1.294326810125448246e+05 3.077143845085754292e+05 3.437257612573676397e+03 9.927396246699003677e+04
2.410523520621354401e+05 4.819277423646122770e+04 4.819265469741005654e+04 3.792119438554458902e+05 2.119061528397057555e+05 4.034268156273363857e+05 1.564227692355861072e+05 2.815722405091469991e+05 7.460467479272925993e+04 4.819261936784163117e+04 4.819286812255660334e+04 6.031885960998867813e+04 2.297764355590433406e+05 2.095251791389063001e+05 4.819281908271570137e+04 4.819299185093375854e+04 4.819267323178196966e+04 1.893856188518214549e+04 4.077184351348909695e+04 1.197532436110554117e+05 1.855645298305285105e+05 3.526739724649055279e+04 3.373438958902757149e+05 9.927396246699003677e+04 2.147721659710383756e+04
