1.523091195366398642e+04 8.663238189528114162e+04 7.966071365123888245e+04 2.341166105917665118e+05 3.785519076820274349e+05 8.663248445302658365e+04 3.277452319453031523e+05 1.393455451802692260e+05 2.260526484396397427e+04 1.520488186172158748e+05 8.663214182496753347e+04 8.663210016928674304e+04 1.673037190953966347e+05 7.617504064682828903e+04 8.663236404578383372e+04 1.014139900657911057e+05 4.268647328216035385e+04 8.663253399587565218e+04 3.985562358783597010e+05 6.417008173276620801e+04 8.966675042272725841e+04 2.767875031337969122e+05 7.281350222430779831e+04 8.663227440714841941e+04 8.663254236130030768e+04
8.663238189528114162e+04 3.485998046818812313e-01 7.844466045924254104e+03 2.713551399345178506e+05 4.138458300128670526e+05 1.295302011938998632e+00 3.630388292299726163e+05 1.860306199809783138e+05 9.411903682315925835e+04 1.911777108596570615e+05 6.000392545359326535e-01 8.893118566912514567e-01 2.074562904861383140e+05 1.736820106389493594e+04 9.949092771762954035e-01 1.497800432723739359e+05 6.149857583871691168e+04 1.073004125810409493e+00 4.338499974264228367e+05 3.529548389473503630e+04 1.411776788194710680e+05 3.120814951328659081e+05 2.689217034943725594e+04 9.362557524354039318e-01 9.849774118356779962e-01
7.966071365123886790e+04 7.844466045924254104e+03 5.229158505463085021e+03 2.713553231469172752e+05 4.138458942734648590e+05 7.844335888123343466e+03 3.630391372942252783e+05 1.860308571147889597e+05 9.411909589221875649e+04 1.911780138437185960e+05 7.844187602153253465e+03 7.844266492162209943e+03 2.074566703144219937e+05 9.524969718660984654e+03 7.844390303800203583e+03 1.497800452507270966e+05 5.365567163290411554e+04 7.844522878690415382e+03 4.338503025035014143e+05 2.745235828858459718e+04 1.411779118153953168e+05 3.120816205003004870e+05 1.904883205414819531e+04 7.844389616465532526e+03 7.844567102370828252e+03
2.341166105917665118e+05 2.713551399345178506e+05 2.713553231469172752e+05 3.802972839282341010e+04 2.279728431822627026e+05 2.713552159369495348e+05 1.574754267833770136e+05 1.637925580134967749e+05 2.307135743142967112e+05 1.466882490856817167e+05 2.713550717040787567e+05 2.713550076759327203e+05 1.113632655817779014e+05 2.713554397223977721e+05 2.713551439520404092e+05 1.811592589486596698e+05 2.537083734095981636e+05 2.713552950517580612e+05 2.487082887047712575e+05 2.713554211030864972e+05 1.890026400178960175e+05 9.389409641398757230e+04 2.713553241720829392e+05 2.713550463019893505e+05 2.713552411135594593e+05
3.785519076820275513e+05 4.138458300128670526e+05 4.138458942734648590e+05 2.279728431822627026e+05 6.349917618278617010e+04 4.138458456588619156e+05 1.548086291577419033e+05 3.062832373393832240e+05 3.785518360230694525e+05 2.932579249449050403e+05 4.138458097798183444e+05 4.138457097263606265e+05 2.713624344727000571e+05 4.138460109681408503e+05 4.138457404697071179e+05 3.236499624703226727e+05 3.961990211225426174e+05 4.138460079391080653e+05 1.588526475730874809e+05 4.138459935803231201e+05 3.314933129907023977e+05 2.115102637038819375e+05 4.138459359681407805e+05 4.138457458159411326e+05 4.138459635231790598e+05
8.663248445302658365e+04 1.295302011938998632e+00 7.844335888123343466e+03 2.713552159369494766e+05 4.138458456588619156e+05 3.592582218061377564e-01 3.630390945817920729e+05 1.860309662596606067e+05 9.411906267524253053e+04 1.911781149998018518e+05 1.080533791516010478e+00 1.022640617707442745e+00 2.074566374454105389e+05 1.736838068931531598e+04 1.112940002387800664e+00 1.497800937587163353e+05 6.149890992438046669e+04 1.171518973606965108e+00 4.338503113105033408e+05 3.529562525543702941e+04 1.411780144938447920e+05 3.120815637270627194e+05 2.689214214776436711e+04 1.199804899540116487e+00 1.135298881135713867e+00
3.277452319453031523e+05 3.630388292299726163e+05 3.630391372942253365e+05 1.574754267833770136e+05 1.548086291577419033e+05 3.630390945817920729e+05 6.208646632629092346e+04 2.554761514333632949e+05 3.277451595098570688e+05 2.424509491368779272e+05 3.630387835168523598e+05 3.630389656225455110e+05 2.205553883662576845e+05 3.630390999546207022e+05 3.630390333864517161e+05 2.726227915860644425e+05 3.453919868257223279e+05 3.630389749112986610e+05 1.883616410697129613e+05 3.630392107943999581e+05 2.806861779498905526e+05 1.412989540296339255e+05 3.630392788854067912e+05 3.630390146682034829e+05 3.630389152090185671e+05
1.393455451802692260e+05 1.860306199809783138e+05 1.860308571147889597e+05 1.637925580134967458e+05 3.062832373393831658e+05 1.860309662596606067e+05 2.554761514333632949e+05 1.568150778758853994e+04 1.288881899626785453e+05 3.890857847705516178e+04 1.860304309529047750e+05 1.860306370897051238e+05 9.425129791777025093e+04 1.860307574314475933e+05 1.860309024207222101e+05 5.555195149871897593e+04 1.582996594535628974e+05 1.860308150019816530e+05 3.262873748917463818e+05 1.759468183106426150e+05 6.815846193536142528e+04 2.045189276636955037e+05 1.831498098811887321e+05 1.860308341048014991e+05 1.860307937706582015e+05
2.260526484396397427e+04 9.411903682315925835e+04 9.411909589221875649e+04 2.307135743142967112e+05 3.785518360230694525e+05 9.411906267524253053e+04 3.277451595098570106e+05 1.288881899626785598e+05 3.326578369686033487e-01 1.371675422832767945e+05 9.411876956770480319e+04 9.411872707191598602e+04 1.551691912079413596e+05 9.411928741969697876e+04 9.411899812736519380e+04 9.095638849660975393e+04 6.470726286184815399e+04 9.411917144370212918e+04 3.985562703261636780e+05 8.235428455215382564e+04 8.235440690864896169e+04 2.767875486533145304e+05 9.075765439277575933e+04 9.411891727273905417e+04 9.411919136030993832e+04
1.520488186172158748e+05 1.911777108596570615e+05 1.911780138437185960e+05 1.466882490856817167e+05 2.932579249449050403e+05 1.911781149998018518e+05 2.424509491368779272e+05 3.890857847705516178e+04 1.371675422832767945e+05 2.568599792154282113e+04 1.911775599541026750e+05 1.911777451449950167e+05 6.495342232807673281e+04 1.911778186319928791e+05 1.911780056297968549e+05 8.418406377415504539e+04 1.735309346773966972e+05 1.911779608542979986e+05 3.132620964904614957e+05 1.911780002000424138e+05 9.224739216887422663e+04 1.914936621219491935e+05 1.911780208029141068e+05 1.911779345958209306e+05 1.911779030394023575e+05
8.663214182496753347e+04 6.000392545359326535e-01 7.844187602153253465e+03 2.713550717040787567e+05 4.138458097798183444e+05 1.080533791516010478e+00 3.630387835168523598e+05 1.860304309529047750e+05 9.411876956770480319e+04 1.911775599541026750e+05 2.014325355089461589e-01 6.266026793666514827e-01 2.074561873146010039e+05 1.736792852524769842e+04 8.964608164148667457e-01 1.497797980770257127e+05 6.149831878819494887e+04 8.410921422890873522e-01 4.338499911576980958e+05 3.529519337654853734e+04 1.411774475475216168e+05 3.120813984098503133e+05 2.689185375238340930e+04 8.439630963473593317e-01 8.209910482774003260e-01
8.663210016928674304e+04 8.893118566912514567e-01 7.844266492162209943e+03 2.713550076759327203e+05 4.138457097263606265e+05 1.022640617707442967e+00 3.630389656225455110e+05 1.860306370897051238e+05 9.411872707191598602e+04 1.911777451449950167e+05 6.266026793666515937e-01 3.026954020804888956e-01 2.074563826160920144e+05 1.736821110227480676e+04 9.008349388495338061e-01 1.497797166452651145e+05 6.149859131166232692e+04 1.154848604329652417e+00 4.338501466470757732e+05 3.529536479635315482e+04 1.411776881618927582e+05 3.120813273916577455e+05 2.689188210537808482e+04 8.128564604790281534e-01 1.066865690834063018e+00
1.673037190953966347e+05 2.074562904861383140e+05 2.074566703144219937e+05 1.113632655817779305e+05 2.713624344727000571e+05 2.074566374454105389e+05 2.205553883662576845e+05 9.425129791777025093e+04 1.551691912079413596e+05 6.495342232807673281e+04 2.074561873146010039e+05 2.074563826160920144e+05 2.411440480617464709e+04 2.074565931301819801e+05 2.074566225516079576e+05 1.120319836435963807e+05 1.898094887760540296e+05 2.074565250027414295e+05 2.913666952413587715e+05 2.074566274790244643e+05 1.198750246759040456e+05 1.695120280772764236e+05 2.074567611039682815e+05 2.074565452821840590e+05 2.074564242517622188e+05
7.617504064682828903e+04 1.736820106389493594e+04 9.524969718660984654e+03 2.713554397223977721e+05 4.138460109681408503e+05 1.736838068931531598e+04 3.630390999546207022e+05 1.860307574314475933e+05 9.411928741969699331e+04 1.911778186319928791e+05 1.736792852524769842e+04 1.736821110227481040e+04 2.074565931301819801e+05 5.869343599428220841e+03 1.736836029310761660e+04 1.497802982112826430e+05 4.973404472476053343e+04 1.736831689226355229e+04 4.338501410539216013e+05 1.846201758230770065e+04 1.411778464724045480e+05 3.120817015759830247e+05 9.525060058611461500e+03 1.736842735288671975e+04 1.736831165075496756e+04
8.663236404578383372e+04 9.949092771762956255e-01 7.844390303800203583e+03 2.713551439520403510e+05 4.138457404697071179e+05 1.112940002387800664e+00 3.630390333864517161e+05 1.860309024207222101e+05 9.411899812736519380e+04 1.911780056297968549e+05 8.964608164148667457e-01 9.008349388495338061e-01 2.074566225516079576e+05 1.736836029310761660e+04 3.305113294453149719e-01 1.497800448424421484e+05 6.149885387735086260e+04 1.230800510629265876e+00 4.338502285422335844e+05 3.529551758754580806e+04 1.411779486937403854e+05 3.120814277381455759e+05 2.689206608748918006e+04 9.459229182856551121e-01 1.137435863930694291e+00
1.014139900657911057e+05 1.497800432723739359e+05 1.497800452507270966e+05 1.811592589486596407e+05 3.236499624703226727e+05 1.497800937587163353e+05 2.726227915860644425e+05 5.555195149871897593e+04 9.095638849660975393e+04 8.418406377415505995e+04 1.497797980770257127e+05 1.497797166452651145e+05 1.120319836435963807e+05 1.497802982112826430e+05 1.497800448424421484e+05 1.190251449780150870e+04 1.203683092052959983e+05 1.497802055087216431e+05 3.436544903971017338e+05 1.380154529165195418e+05 2.490085306184396904e+04 2.218120794097170874e+05 1.464187560846491251e+05 1.497799275067225972e+05 1.497801971999222005e+05
4.268647328216036112e+04 6.149857583871691895e+04 5.365567163290411554e+04 2.537083734095981636e+05 3.961990211225426174e+05 6.149890992438046669e+04 3.453919868257223279e+05 1.582996594535628974e+05 6.470726286184815399e+04 1.735309346773966972e+05 6.149831878819494887e+04 6.149859131166232692e+04 1.898094887760540296e+05 4.973404472476052615e+04 6.149885387735086260e+04 1.203683092052959983e+05 2.231456554271374262e+04 6.149872858650905982e+04 4.162032900302226190e+05 3.684871029266538972e+04 9.838543654751256690e+04 2.944346729074385366e+05 4.637284552043754229e+04 6.149880977052536036e+04 6.149874966796894296e+04
8.663253399587565218e+04 1.073004125810409493e+00 7.844522878690412654e+03 2.713552950517580612e+05 4.138460079391080653e+05 1.171518973606965108e+00 3.630389749112986610e+05 1.860308150019816530e+05 9.411917144370212918e+04 1.911779608542979986e+05 8.410921422890874632e-01 1.154848604329652417e+00 2.074565250027414295e+05 1.736831689226355229e+04 1.230800510629265876e+00 1.497802055087216431e+05 6.149872858650905982e+04 4.024928382272399685e-01 4.338501544929525699e+05 3.529557727148233971e+04 1.411778896890063479e+05 3.120816124968572403e+05 2.689220775856598993e+04 1.262890380222843278e+00 1.032394408106356964e+00
3.985562358783597010e+05 4.338499974264228367e+05 4.338503025035014143e+05 2.487082887047712575e+05 1.588526475730874809e+05 4.338503113105033408e+05 1.883616410697129613e+05 3.262873748917463818e+05 3.985562703261636780e+05 3.132620964904614957e+05 4.338499911576980958e+05 4.338501466470757732e+05 2.913666952413587715e+05 4.338501410539216013e+05 4.338502285422335844e+05 3.436544903971017338e+05 4.162032900302226190e+05 4.338501544929525699e+05 5.663322866601507849e+04 4.338502184640522464e+05 3.514974594100139802e+05 2.375826309471481363e+05 4.338502514705883223e+05 4.338501950211232761e+05 4.338501295216419385e+05
6.417008173276620073e+04 3.529548389473503630e+04 2.745235828858459718e+04 2.713554211030864972e+05 4.138459935803231201e+05 3.529562525543702941e+04 3.630392107943999581e+05 1.759468183106426150e+05 8.235428455215382564e+04 1.911780002000424138e+05 3.529519337654853734e+04 3.529536479635315482e+04 2.074566274790244643e+05 1.846201758230770065e+04 3.529551758754580806e+04 1.380154529165195418e+05 3.684871029266538972e+04 3.529557727148233971e+04 4.338502184640522464e+05 2.027965534409926477e+03 1.288797355987180053e+05 3.120817142021577456e+05 9.524968519977550386e+03 3.529556799670914916e+04 3.529562308720689180e+04
8.966675042272725841e+04 1.411776788194710389e+05 1.411779118153953168e+05 1.890026400178960175e+05 3.314933129907023977e+05 1.411780144938447920e+05 2.806861779498905526e+05 6.815846193536142528e+04 8.235440690864896169e+04 9.224739216887422663e+04 1.411774475475216168e+05 1.411776881618927582e+05 1.198750246759040456e+05 1.411778464724045189e+05 1.411779486937403854e+05 2.490085306184397632e+04 9.838543654751256690e+04 1.411778896890063479e+05 3.514974594100139802e+05 1.288797355987180053e+05 7.814057872513564689e+03 2.297289189223290014e+05 1.378166198642326344e+05 1.411778902560894494e+05 1.411778333563915221e+05
2.767875031337969122e+05 3.120814951328659081e+05 3.120816205003004870e+05 9.389409641398757230e+04 2.115102637038819375e+05 3.120815637270627194e+05 1.412989540296339255e+05 2.045189276636955328e+05 2.767875486533145304e+05 1.914936621219492226e+05 3.120813984098503133e+05 3.120813273916577455e+05 1.695120280772764236e+05 3.120817015759829665e+05 3.120814277381455759e+05 2.218120794097171456e+05 2.944346729074385366e+05 3.120816124968572403e+05 2.375826309471481363e+05 3.120817142021577456e+05 2.297289189223290014e+05 3.685161986617200455e+04 3.120816708666481427e+05 3.120813534301653272e+05 3.120815361693340819e+05
7.281350222430779831e+04 2.689217034943725594e+04 1.904883205414819531e+04 2.713553241720829392e+05 4.138459359681407805e+05 2.689214214776436711e+04 3.630392788854067912e+05 1.831498098811887321e+05 9.075765439277575933e+04 1.911780208029141068e+05 2.689185375238340930e+04 2.689188210537808482e+04 2.074567611039682815e+05 9.525060058611461500e+03 2.689206608748918006e+04 1.464187560846491251e+05 4.637284552043754229e+04 2.689220775856598993e+04 4.338502514705883223e+05 9.524968519977548567e+03 1.378166198642326344e+05 3.120816708666481427e+05 4.802273469692343497e+03 2.689208865051957036e+04 2.689224626922533571e+04
8.663227440714841941e+04 9.362557524354039318e-01 7.844389616465532526e+03 2.713550463019893505e+05 4.138457458159411326e+05 1.199804899540116487e+00 3.630390146682034829e+05 1.860308341048014991e+05 9.411891727273905417e+04 1.911779345958209306e+05 8.439630963473593317e-01 8.128564604790281534e-01 2.074565452821840590e+05 1.736842735288671975e+04 9.459229182856551121e-01 1.497799275067225972e+05 6.149880977052536036e+04 1.262890380222843278e+00 4.338501950211232761e+05 3.529556799670914916e+04 1.411778902560894494e+05 3.120813534301653272e+05 2.689208865051957036e+04 3.109358553565239602e-01 1.097568252987675796e+00
8.663254236130030768e+04 9.849774118356779962e-01 7.844567102370828252e+03 2.713552411135594593e+05 4.138459635231790598e+05 1.135298881135713644e+00 3.630389152090185671e+05 1.860307937706582015e+05 9.411919136030993832e+04 1.911779030394023575e+05 8.209910482774003260e-01 1.066865690834062796e+00 2.074564242517622188e+05 1.736831165075496756e+04 1.137435863930694291e+00 1.497801971999222005e+05 6.149874966796894296e+04 1.032394408106356742e+00 4.338501295216419385e+05 3.529562308720689180e+04 1.411778333563915221e+05 3.120815361693340819e+05 2.689224626922533571e+04 1.097568252987675796e+00 3.251750195940236732e-01
