5.334182670921077118e-01 1.159552662553971095e+04 2.399563611771157957e+04 3.333474191648587293e+04 3.980832945696965908e+02 3.750154825689949212e+04 5.833485535488385358e+04 2.128918161090120266e+05 1.232523738321034124e+00 8.984947494157680194e+04 8.334664624835138966e+03 1.094483615484109995e+00 3.333483693493477040e+04 5.000150268151458295e+04 4.899370766978545580e+05 2.724904014100115164e+05 7.162855270820432634e+04 3.333479570031145704e+04 1.654263523211809515e+05 9.374721721237234684e-01 3.665047213990376913e+05 1.223395504155072413e+05 1.006773322832999547e+05 1.203716760941913488e+00 4.592283603043336188e+04
1.159552662553971459e+04 3.970656454281422157e+03 1.240169020173477838e+04 2.174090927059295063e+04 1.119903550682500099e+04 3.424114113973109488e+04 5.833541372747354035e+04 2.128922109647911275e+05 1.159597447619915511e+04 8.985007707961279084e+04 3.262484839157984879e+03 1.159592747161240368e+04 3.007439671895288484e+04 4.957667727540912892e+04 4.899373747873252141e+05 2.724907175735382480e+05 7.162916601824299141e+04 2.908222118323456743e+04 1.654268084895075590e+05 1.159581683681155846e+04 3.665050298141262610e+05 1.223400659941798658e+05 1.006778689668462903e+05 1.159599593718518190e+04 4.266246646740908909e+04
2.399563611771157957e+04 1.240169020173477838e+04 8.091429898396996578e+03 9.340742235612397053e+03 2.359914781918886729e+04 2.184102814388366460e+04 5.416881694847741164e+04 2.170589286543399794e+05 2.399605276742540809e+04 8.568343935165878793e+04 1.566268436322799062e+04 2.399597800250931687e+04 1.767439194656984546e+04 4.267745770106546843e+04 4.941040254786344012e+05 2.766574523087855196e+05 6.746250843853020342e+04 1.668222088919177259e+04 1.612601560743064911e+05 2.399590763262101973e+04 3.706716918947955710e+05 1.181734005885715305e+05 9.651127379025740083e+04 2.399605065608683435e+04 3.026240699870099706e+04
3.333474191648587293e+04 2.174090927059295063e+04 9.340742235612397053e+03 9.005741820202231018e-01 3.293828909857154213e+04 1.250193518291272812e+04 5.000215501114893414e+04 2.212256395446895622e+05 3.333517033532170171e+04 8.151683562244733912e+04 2.500181762873576736e+04 3.333510280967378640e+04 8.335250557457349714e+03 3.512195826337971812e+04 4.982706948848658358e+05 2.808241916196268867e+05 6.329589224495519738e+04 7.343032046858960712e+03 1.570935189920478442e+05 3.333500897564202751e+04 3.748383896169969812e+05 1.140067880336700910e+05 9.234461704074701993e+04 3.333514607762084052e+04 2.092327983709283581e+04
3.980832945696967613e+02 1.119903550682500099e+04 2.359914781918886729e+04 3.293828909857154213e+04 7.567145612798976799e+02 3.750197684974793083e+04 5.833532746884628432e+04 2.128920709751479735e+05 3.983943673934396088e+02 8.985000342680873291e+04 7.938062185080355448e+03 3.983835306994696452e+02 3.333521287773284712e+04 5.000193834472403250e+04 4.899372106965091662e+05 2.724906202956662746e+05 7.162909098238960723e+04 3.328794307924281748e+04 1.654267019217849593e+05 3.983050978607085995e+02 3.665049024478912470e+05 1.223399144022730325e+05 1.006777965989126533e+05 3.984473456229457611e+02 4.592327808435708721e+04
3.750154825689949212e+04 3.424114113973110216e+04 2.184102814388366460e+04 1.250193518291272812e+04 3.750197684974793083e+04 8.334368090525989828e+03 4.583543562337505864e+04 2.170590241308441909e+05 3.750199336433404824e+04 7.735010375156278315e+04 3.750202076431924797e+04 3.750191116123896791e+04 8.335247193149689338e+03 2.728461325118448440e+04 4.941041167258118512e+05 2.766576067226138548e+05 5.912919314105770900e+04 8.831251699748137980e+03 1.529269433261396771e+05 3.750175910523092170e+04 3.706718110205935081e+05 1.098401926482293929e+05 8.817802694492503360e+04 3.750198652769420005e+04 1.258976750628589798e+04
5.833485535488385358e+04 5.833541372747354035e+04 5.416881694847741892e+04 5.000215501114893414e+04 5.833532746884628432e+04 4.583543562337505864e+04 1.989853530227014062e+03 2.045590546162471001e+05 5.833535726241033262e+04 5.325585219494647754e+04 5.833544444879936054e+04 5.833519034720485070e+04 5.000214296472434944e+04 2.940213832439252292e+04 4.816040982595533133e+05 2.641576224222800229e+05 2.159387192881254668e+04 5.000213514567482343e+04 1.404270270960352791e+05 5.833508224369319942e+04 3.581718245589308790e+05 9.044367997993763129e+04 6.734467494367578183e+04 5.833528799791353958e+04 4.107937561705955159e+04
2.128918161090120266e+05 2.128922109647911275e+05 2.170589286543399794e+05 2.212256395446895622e+05 2.128920709751479735e+05 2.170590241308441909e+05 2.045590546162471001e+05 5.846504581126802805e+04 2.128920374971477140e+05 2.004774192632849736e+05 2.128921270868470892e+05 2.128919587192207982e+05 2.212257290483082470e+05 2.128924376265652827e+05 4.025710913799411501e+05 1.631120207406455011e+05 2.012427507857288583e+05 2.212256704173924518e+05 1.226207679613417276e+05 2.128919064431612205e+05 2.826116524691748782e+05 1.826397256400101178e+05 1.974161833197586820e+05 2.128919928580432897e+05 2.128924042542460666e+05
1.232523738321034124e+00 1.159597447619915511e+04 2.399605276742540809e+04 3.333517033532170171e+04 3.983943673934396088e+02 3.750199336433404824e+04 5.833535726241033990e+04 2.128920374971477722e+05 8.472459773262935867e-01 8.984990523753891466e+04 8.335055807468012063e+03 1.485708256493428525e+00 3.333527946874320332e+04 5.000195620500040241e+04 4.899371978746011737e+05 2.724906168651289190e+05 7.162900860827065480e+04 3.333523155552601384e+04 1.654266297258037375e+05 1.450932648664019275e+00 3.665049002777912538e+05 1.223398169378716411e+05 1.006776800563345751e+05 1.437900594416402500e+00 4.592327177697500883e+04
8.984947494157681649e+04 8.985007707961279084e+04 8.568343935165878793e+04 8.151683562244732457e+04 8.985000342680873291e+04 7.735010375156278315e+04 5.325585219494647754e+04 2.004774192632849736e+05 8.984990523753891466e+04 1.794200980533134134e+04 8.985002742849818605e+04 8.984978483489043720e+04 8.151681827948811406e+04 6.747430358412908390e+04 4.816042253630026826e+05 2.641576211980691878e+05 3.965195091184363264e+04 8.151677934949805785e+04 1.275951123319330800e+05 8.984966433841665275e+04 3.581718497835174203e+05 6.971862980128213530e+04 2.946201475479535657e+04 8.984989585884568805e+04 7.318346009167004377e+04
8.334664624835140785e+03 3.262484839157983970e+03 1.566268436322799062e+04 2.500181762873576736e+04 7.938062185080355448e+03 3.750202076431924797e+04 5.833544444879936054e+04 2.128921270868470892e+05 8.335055807468012063e+03 8.985002742849817150e+04 8.753214758715659460e-01 8.335021932595142061e+03 3.333530200286141189e+04 5.000203502131896676e+04 4.899373042545698700e+05 2.724906459212119807e+05 7.162914813146181405e+04 3.234312109867280742e+04 1.654267287855230679e+05 8.334925379157202769e+03 3.665049338553036796e+05 1.223400099873667787e+05 1.006778461678284802e+05 8.335068294329053970e+03 4.592332475253618759e+04
1.094483615484109773e+00 1.159592747161240368e+04 2.399597800250931687e+04 3.333510280967378640e+04 3.983835306994695316e+02 3.750191116123896791e+04 5.833519034720485070e+04 2.128919587192207982e+05 1.485708256493428525e+00 8.984978483489042264e+04 8.335021932595142061e+03 7.887788585995546553e-01 3.333523322344938060e+04 5.000185459459936828e+04 4.899371763359907782e+05 2.724904919008050347e+05 7.162888696019521740e+04 3.333513030828431511e+04 1.654265258921681670e+05 1.293744731600315889e+00 3.665048437063218444e+05 1.223397584877126937e+05 1.006776236699483852e+05 1.429978300664112467e+00 4.592319569181054248e+04
3.333483693493477040e+04 3.007439671895288484e+04 1.767439194656984546e+04 8.335250557457349714e+03 3.333521287773284712e+04 8.335247193149689338e+03 5.000214296472434944e+04 2.212257290483082470e+05 3.333527946874319605e+04 8.151681827948811406e+04 3.333530200286141189e+04 3.333523322344938060e+04 9.196641411122304932e-01 3.512193407831490913e+04 4.982707484720511129e+05 2.808242504238279653e+05 6.329593584123443725e+04 9.937706034988584634e+02 1.570936339390876528e+05 3.333505641139255022e+04 3.748384658483037492e+05 1.140068345555258420e+05 9.234465303883886372e+04 3.333525100672499684e+04 2.092331480459263912e+04
5.000150268151458295e+04 4.957667727540912892e+04 4.267745770106548298e+04 3.512195826337971812e+04 5.000193834472403250e+04 2.728461325118448440e+04 2.940213832439252292e+04 2.128924376265652827e+05 5.000195620500039513e+04 6.747430358412908390e+04 5.000203502131896676e+04 5.000185459459936828e+04 3.512193407831490913e+04 7.404646166794380406e+03 4.899374236298487522e+05 2.724909578168028966e+05 4.418111605922821764e+04 3.512196984533013165e+04 1.487603759651800792e+05 5.000170815666977433e+04 3.665051724822594551e+05 1.032954528615477611e+05 8.113777725850397837e+04 5.000189518565279286e+04 1.519256807415569529e+04
4.899370766978545580e+05 4.899373747873252141e+05 4.941040254786344012e+05 4.982706948848658358e+05 4.899372106965091662e+05 4.941041167258118512e+05 4.816040982595533133e+05 4.025710913799411501e+05 4.899371978746011737e+05 4.816042253630026826e+05 4.899373042545698700e+05 4.899371763359907782e+05 4.982707484720511129e+05 4.899374236298487522e+05 1.417902937825997651e+05 3.806118933908942854e+05 4.816041008730438189e+05 4.982707621212264639e+05 4.414485615007947199e+05 4.899371086479036603e+05 2.991340147880340810e+05 4.683347989624107722e+05 4.816041388718080125e+05 4.899371571433320642e+05 4.899374392227976350e+05
2.724904014100115746e+05 2.724907175735382480e+05 2.766574523087855778e+05 2.808241916196268867e+05 2.724906202956662746e+05 2.766576067226138548e+05 2.641576224222800229e+05 1.631120207406455302e+05 2.724906168651289190e+05 2.641576211980691878e+05 2.724906459212119807e+05 2.724904919008050929e+05 2.808242504238279653e+05 2.724909578168028966e+05 3.806118933908942854e+05 7.120194496899643855e+04 2.641575989936237456e+05 2.808242153148438665e+05 2.260216704383543693e+05 2.724905093354160199e+05 2.049194110819531779e+05 2.445934432736479503e+05 2.641575810095684719e+05 2.724905342347110272e+05 2.724909485807713354e+05
7.162855270820431178e+04 7.162916601824297686e+04 6.746250843853018887e+04 6.329589224495519738e+04 7.162909098238959268e+04 5.912919314105770172e+04 2.159387192881254305e+04 2.012427507857288583e+05 7.162900860827064025e+04 3.965195091184363991e+04 7.162914813146179949e+04 7.162888696019521740e+04 6.329593584123443725e+04 4.418111605922821764e+04 4.816041008730438189e+05 2.641575989936236874e+05 1.724421181574726506e+04 6.329589361550102331e+04 1.309528132949890278e+05 7.162880947267869487e+04 3.581717975681197713e+05 7.938766681093651277e+04 5.613432254136449774e+04 7.162899017387619824e+04 5.496243613625818398e+04
3.333479570031145704e+04 2.908222118323456743e+04 1.668222088919177259e+04 7.343032046858960712e+03 3.328794307924281020e+04 8.831251699748137980e+03 5.000213514567481616e+04 2.212256704173924518e+05 3.333523155552601384e+04 8.151677934949805785e+04 3.234312109867280378e+04 3.333513030828431511e+04 9.937706034988585770e+02 3.512196984533013892e+04 4.982707621212264639e+05 2.808242153148438665e+05 6.329589361550103786e+04 1.748905016000216392e+03 1.570935740331107518e+05 3.333505021408609900e+04 3.748384404106988222e+05 1.140068200993132632e+05 9.234462218483195466e+04 3.333520583965252445e+04 2.092326774661429226e+04
1.654263523211809515e+05 1.654268084895075590e+05 1.612601560743064911e+05 1.570935189920478151e+05 1.654267019217849593e+05 1.529269433261396771e+05 1.404270270960352791e+05 1.226207679613417276e+05 1.654266297258037375e+05 1.275951123319330654e+05 1.654267287855230679e+05 1.654265258921681670e+05 1.570936339390876528e+05 1.487603759651800501e+05 4.414485615007947199e+05 2.260216704383543693e+05 1.309528132949890278e+05 1.570935740331107518e+05 4.282967205734650634e+04 1.654264875591233431e+05 3.300380528272982338e+05 9.326087463143453351e+04 1.183254610617932049e+05 1.654265694282325567e+05 1.487603176324354135e+05
9.374721721237234684e-01 1.159581683681155846e+04 2.399590763262101973e+04 3.333500897564202751e+04 3.983050978607084858e+02 3.750175910523092170e+04 5.833508224369318486e+04 2.128919064431612205e+05 1.450932648664019275e+00 8.984966433841665275e+04 8.334925379157202769e+03 1.293744731600315889e+00 3.333505641139255022e+04 5.000170815666977433e+04 4.899371086479036603e+05 2.724905093354160199e+05 7.162880947267869487e+04 3.333505021408609900e+04 1.654264875591234013e+05 7.411039882872068052e-01 3.665048101465613581e+05 1.223397562367943610e+05 1.006775385060048866e+05 1.427988219813482118e+00 4.592306177671994374e+04
3.665047213990376913e+05 3.665050298141262610e+05 3.706716918947955710e+05 3.748383896169969812e+05 3.665049024478912470e+05 3.706718110205935081e+05 3.581718245589308790e+05 2.826116524691748200e+05 3.665049002777912538e+05 3.581718497835174203e+05 3.665049338553036796e+05 3.665048437063218444e+05 3.748384658483037492e+05 3.665051724822594551e+05 2.991340147880340810e+05 2.049194110819531779e+05 3.581717975681197713e+05 3.748384404106988222e+05 3.300380528272982338e+05 3.665048101465613581e+05 1.282607138709292049e+05 3.422858673177640303e+05 3.581719136092465487e+05 3.665048426104476093e+05 3.665051368472777540e+05
1.223395504155072413e+05 1.223400659941798804e+05 1.181734005885715305e+05 1.140067880336701055e+05 1.223399144022730325e+05 1.098401926482293638e+05 9.044367997993763129e+04 1.826397256400101178e+05 1.223398169378716702e+05 6.971862980128213530e+04 1.223400099873667787e+05 1.223397584877126792e+05 1.140068345555258420e+05 1.032954528615477611e+05 4.683347989624107722e+05 2.445934432736479503e+05 7.938766681093652733e+04 1.140068200993132632e+05 9.326087463143453351e+04 1.223397562367943610e+05 3.422858673177640303e+05 3.621826534071400238e+04 5.735160452116430679e+04 1.223398441046131775e+05 1.056735468092956289e+05
1.006773322832999547e+05 1.006778689668462903e+05 9.651127379025741538e+04 9.234461704074703448e+04 1.006777965989126678e+05 8.817802694492503360e+04 6.734467494367579638e+04 1.974161833197586529e+05 1.006776800563345896e+05 2.946201475479535657e+04 1.006778461678284802e+05 1.006776236699483998e+05 9.234465303883889283e+04 8.113777725850397837e+04 4.816041388718080125e+05 2.641575810095684137e+05 5.613432254136451957e+04 9.234462218483195466e+04 1.183254610617932049e+05 1.006775385060048866e+05 3.581719136092465487e+05 5.735160452116429951e+04 7.866028196505705637e+03 1.006776871491867496e+05 8.401132446348159283e+04
1.203716760941913488e+00 1.159599593718518190e+04 2.399605065608683435e+04 3.333514607762084052e+04 3.984473456229456474e+02 3.750198652769420005e+04 5.833528799791353958e+04 2.128919928580433188e+05 1.437900594416402500e+00 8.984989585884568805e+04 8.335068294329053970e+03 1.429978300664112467e+00 3.333525100672499684e+04 5.000189518565279286e+04 4.899371571433320642e+05 2.724905342347109690e+05 7.162899017387621279e+04 3.333520583965252445e+04 1.654265694282325567e+05 1.427988219813482118e+00 3.665048426104475511e+05 1.223398441046131775e+05 1.006776871491867205e+05 7.538550763757316808e-01 4.592324840224298532e+04
4.592283603043336188e+04 4.266246646740908909e+04 3.026240699870099343e+04 2.092327983709283581e+04 4.592327808435708721e+04 1.258976750628589798e+04 4.107937561705954431e+04 2.128924042542460666e+05 4.592327177697500883e+04 7.318346009167004377e+04 4.592332475253617304e+04 4.592319569181053521e+04 2.092331480459263912e+04 1.519256807415569710e+04 4.899374392227976350e+05 2.724909485807713354e+05 5.496243613625818398e+04 2.092326774661428863e+04 1.487603176324354135e+05 4.592306177671993646e+04 3.665051368472776958e+05 1.056735468092956289e+05 8.401132446348159283e+04 4.592324840224298532e+04 4.165737986803658714e+03
