3.545513895234193569e+03 2.202006552164017630e+05 1.184070136940455450e+04 2.585664004427552281e+05 1.344665876993249731e+04 1.184059552046456702e+04 1.290210668489446398e+05 1.184076579003980260e+04 2.466343405653093578e+04 7.735525872296265334e+03 1.770764515652367845e+05 2.781010442319827780e+04 1.081050140646543296e+05 3.659756876279470162e+05 3.070348556258194149e+05 1.184046466388400040e+04 7.484358400930011703e+04 4.344489255638894392e+05 1.589627037770435854e+05 4.401249485929714865e+04 1.184078862204425604e+04 5.235816586039527901e+05 6.406223576564817631e+04 1.184080209287730759e+04 2.194204529097507475e+04
2.202006552164017630e+05 3.507910680341447733e+04 2.202005655090219225e+05 1.141812654248624458e+05 2.202006598923082929e+05 2.202003083668120671e+05 1.504214638371650944e+05 2.202004999454636127e+05 2.202007061337292544e+05 2.202004972176524461e+05 9.784955101030178776e+04 2.202007619311901508e+05 1.646450879590864934e+05 2.639415916369116749e+05 1.942662143171686330e+05 2.202001419009913516e+05 1.920634952329304942e+05 3.490103900402446161e+05 1.289223071616196976e+05 2.093506044528602797e+05 2.202004232449494011e+05 4.387451817862309399e+05 2.007601393680952315e+05 2.202003134535088029e+05 2.202006150361719483e+05
1.184070136940455450e+04 2.202005655090219225e+05 6.225148628670452711e-01 2.585663048876498942e+05 2.528609991912434634e+04 1.360717227269718110e+00 1.290209993385600101e+05 1.408841349762444128e+00 3.650272856207033328e+04 4.106363179197774116e+03 1.770764240831630595e+05 3.964937441997858696e+04 1.081050288073422271e+05 3.659756148089784547e+05 3.070347753853601753e+05 1.253779523616644465e+00 7.704619214320754691e+04 4.344489019083413878e+05 1.589626875854214595e+05 5.323617659501713933e+04 1.454523770565830931e+00 5.235816501387925236e+05 6.906830620846638340e+04 1.423651066512515273e+00 3.378141436098499980e+04
2.585664004427552281e+05 1.141812654248624749e+05 2.585663048876499233e+05 4.960102284680207958e+04 2.585664255965521443e+05 2.585660833852052747e+05 2.039032377389470057e+05 2.585663596072541259e+05 2.585665174404708087e+05 2.585662361465262366e+05 1.524619207839408773e+05 2.585664846592709364e+05 2.139797041954989836e+05 2.337565682236277789e+05 1.390063102208362543e+05 2.585660849283981952e+05 2.358837545272280404e+05 3.279328847809510189e+05 1.809032057882338413e+05 2.477165287339493225e+05 2.585663533119349449e+05 4.162577290066612768e+05 2.402172791545416403e+05 2.585662415801177849e+05 2.585664889591693645e+05
1.344665876993249731e+04 2.202006598923082929e+05 2.528609991912434634e+04 2.585664255965521443e+05 6.231019959441360697e+03 2.528594594863336533e+04 1.270631904839346535e+05 2.528615165937593338e+04 1.149338824950186790e+04 2.118099937407220204e+04 1.770765003745166468e+05 1.587898844188153817e+04 1.051681817778579571e+05 3.659757188002251205e+05 3.070348616090063006e+05 2.528582490593702096e+04 6.970405615421303082e+04 4.344489574180345517e+05 1.589627658210723312e+05 3.400881312638672534e+04 2.528615852412380627e+04 5.235817374662727816e+05 5.631221308377256355e+04 2.528614502006666225e+04 8.771940913057373109e+03
1.184059552046456702e+04 2.202003083668120671e+05 1.360717227269717888e+00 2.585660833852052747e+05 2.528594594863336533e+04 5.725470931835955346e-01 1.290206920709731203e+05 1.351885284563931533e+00 3.650245899740324239e+04 4.106109435236378886e+03 1.770760622448739596e+05 3.964911589554433885e+04 1.081046522181608598e+05 3.659755060632109526e+05 3.070346338557032868e+05 8.420006012598302281e-01 7.704586347245018987e+04 4.344487723825324210e+05 1.589623297875772405e+05 5.323583385958098370e+04 1.272903446229447733e+00 5.235815304278169642e+05 6.906796379569181590e+04 1.120834298311955912e+00 3.378116923422505351e+04
1.290210668489446398e+05 1.504214638371650944e+05 1.290209993385600246e+05 2.039032377389470057e+05 1.270631904839346535e+05 1.290206920709731494e+05 2.356765773371859177e+04 1.290210515506875527e+05 1.260842545185236231e+05 1.290208954877533688e+05 1.031702193650972476e+05 1.260842727436806308e+05 3.738210569483444124e+04 3.233914654223073157e+05 2.629420783080706024e+05 1.290205796777810610e+05 8.065357694595704379e+04 3.912120909829199663e+05 6.360628853939752298e+04 1.130315726172791619e+05 1.290209434717607655e+05 4.809974177087834687e+05 1.014157208400199597e+05 1.290208405503182148e+05 1.260843061339770793e+05
1.184076579003980260e+04 2.202004999454636127e+05 1.408841349762444128e+00 2.585663596072541259e+05 2.528615165937593338e+04 1.351885284563931533e+00 1.290210515506875527e+05 6.232780508869686376e-01 3.650276071109918121e+04 4.106353874027263373e+03 1.770763303935975127e+05 3.964943318604194792e+04 1.081049287819773454e+05 3.659755907742931158e+05 3.070347316199017223e+05 1.144290761241978815e+00 7.704625938290327031e+04 4.344487814405842219e+05 1.589626930659103673e+05 5.323605437998904381e+04 1.267120081767274753e+00 5.235815307530377759e+05 6.906832692023184791e+04 1.350022270728265639e+00 3.378130740990236518e+04
2.466343405653093578e+04 2.202007061337292544e+05 3.650272856207033328e+04 2.585665174404707795e+05 1.149338824950186790e+04 3.650245899740324239e+04 1.260842545185236231e+05 3.650276071109918121e+04 2.565322017156217044e+03 3.239757711044728785e+04 1.770765250807577686e+05 1.153467308704562674e+04 1.036997738951415813e+05 3.659758160409352276e+05 3.070350111592334579e+05 3.650235232365543197e+04 6.787604758192837471e+04 4.344490913670065929e+05 1.589628090767969261e+05 2.989497593800554750e+04 3.650270328603296366e+04 5.235817870942856534e+05 5.227982602030916314e+04 3.650264899839582358e+04 3.006089567513357906e+03
7.735525872296265334e+03 2.202004972176524752e+05 4.106363179197774116e+03 2.585662361465262366e+05 2.118099937407220204e+04 4.106109435236378886e+03 1.290208954877533688e+05 4.106353874027263373e+03 3.239757711044729149e+04 2.963217076555614767e+03 1.770763218005339149e+05 3.554424106593892066e+04 1.081048544555046537e+05 3.659755460747480975e+05 3.070347176269565243e+05 4.106002152191430469e+03 7.704608130872502807e+04 4.344488319239256089e+05 1.589625685189037758e+05 5.078301472341728368e+04 4.106302255552362112e+03 5.235815481022088788e+05 6.855844046169360809e+04 4.106237215626384568e+03 2.967629929885321690e+04
1.770764515652367845e+05 9.784955101030178776e+04 1.770764240831630595e+05 1.524619207839408773e+05 1.770765003745166468e+05 1.770760622448739305e+05 1.031702193650972476e+05 1.770763303935975127e+05 1.770765250807577686e+05 1.770763218005339149e+05 3.365580638627593726e+04 1.770765516454566678e+05 1.162864888030649163e+05 2.939598616867819801e+05 2.274811228595334687e+05 1.770759239249952661e+05 1.430932107186290086e+05 3.730402509796660743e+05 6.659835689197342435e+04 1.645743967031896464e+05 1.770762433115267486e+05 4.628256060904289479e+05 1.540600147295903298e+05 1.770761252799008216e+05 1.770764432784650708e+05
2.781010442319827780e+04 2.202007619311900926e+05 3.964937441997858696e+04 2.585664846592709364e+05 1.587898844188153998e+04 3.964911589554433885e+04 1.260842727436806308e+05 3.964943318604194792e+04 1.153467308704562856e+04 3.554424106593892066e+04 1.770765516454566678e+05 6.453150621519304631e-01 1.036997433140680805e+05 3.659758442361159832e+05 3.070349894550948520e+05 3.964900297889144713e+04 6.697697109936299967e+04 4.344490907225100673e+05 1.589627919748425775e+05 2.402170829397912530e+04 3.964933708479933557e+04 5.235817812422391726e+05 4.913318034958869976e+04 3.964932493223297206e+04 1.321756893303757352e+04
1.081050140646543296e+05 1.646450879590864934e+05 1.081050288073422271e+05 2.139797041954989836e+05 1.051681817778579571e+05 1.081046522181608598e+05 3.738210569483444124e+04 1.081049287819773745e+05 1.036997738951415959e+05 1.081048544555046537e+05 1.162864888030649163e+05 1.036997433140680805e+05 1.180893068373337155e+04 3.276743735937005840e+05 2.717927219930520514e+05 1.081044377177971037e+05 5.648104867025059502e+04 3.985541383914754260e+05 8.247066658244658902e+04 9.056601750752158114e+04 1.081048296097294224e+05 4.883394896045175847e+05 7.836367498912267911e+04 1.081047497262682155e+05 1.036996996576116653e+05
3.659756876279470162e+05 2.639415916369116167e+05 3.659756148089784547e+05 2.337565682236277789e+05 3.659757188002251205e+05 3.659755060632109526e+05 3.233914654223073740e+05 3.659755907742931158e+05 3.659758160409352276e+05 3.659755460747480392e+05 2.939598616867819801e+05 3.659758442361159832e+05 3.276743735937005840e+05 9.502306154771221918e+04 1.942459945232162136e+05 3.659754531477590790e+05 3.468251645662547671e+05 2.343012111177851621e+05 3.065045778012310620e+05 3.551258192118548322e+05 3.659755716048337054e+05 3.425688364156901953e+05 3.483547409361767932e+05 3.659755282498506713e+05 3.659757570179133327e+05
3.070348556258194731e+05 1.942662143171686330e+05 3.070347753853601753e+05 1.390063102208362543e+05 3.070348616090063006e+05 3.070346338557032868e+05 2.629420783080706606e+05 3.070347316199017223e+05 3.070350111592334579e+05 3.070347176269565825e+05 2.274811228595334687e+05 3.070349894550949102e+05 2.717927219930520514e+05 1.942459945232162136e+05 5.860972385812682478e+04 3.070344793269156362e+05 2.894138980149301933e+05 2.892876049187341705e+05 2.443316973073364061e+05 2.942576267178316484e+05 3.070346693601393490e+05 3.870236070226667216e+05 2.886911687503649155e+05 3.070345757721888949e+05 3.070348619712972431e+05
1.184046466388400040e+04 2.202001419009914098e+05 1.253779523616644465e+00 2.585660849283981952e+05 2.528582490593702096e+04 8.420006012598302281e-01 1.290205796777810610e+05 1.144290761241979038e+00 3.650235232365543197e+04 4.106002152191430469e+03 1.770759239249952661e+05 3.964900297889144713e+04 1.081044377177970746e+05 3.659754531477590790e+05 3.070344793269156362e+05 3.923707816752083355e-01 7.704577114675041230e+04 4.344487018567187479e+05 1.589622681492028933e+05 5.323558468852932128e+04 1.082665927310080045e+00 5.235814683799330378e+05 6.906785151341637538e+04 9.626630501079461721e-01 3.378092005787979724e+04
7.484358400930011703e+04 1.920634952329304942e+05 7.704619214320754691e+04 2.358837545272280404e+05 6.970405615421303082e+04 7.704586347245018987e+04 8.065357694595704379e+04 7.704625938290327031e+04 6.787604758192837471e+04 7.704608130872502807e+04 1.430932107186290086e+05 6.697697109936301422e+04 5.648104867025059502e+04 3.468251645662547671e+05 2.894138980149301933e+05 7.704577114675041230e+04 1.742028977242275505e+04 4.205806183034330024e+05 1.188688260624417453e+05 5.204064261460740818e+04 7.704615387040932546e+04 5.103659876429362339e+05 3.228666248424021978e+04 7.704607480900196242e+04 6.823572955594984523e+04
4.344489255638894392e+05 3.490103900402446161e+05 4.344489019083413878e+05 3.279328847809510189e+05 4.344489574180345517e+05 4.344487723825324210e+05 3.912120909829199663e+05 4.344487814405842219e+05 4.344490913670065929e+05 4.344488319239256089e+05 3.730402509796660161e+05 4.344490907225100673e+05 3.985541383914753678e+05 2.343012111177851621e+05 2.892876049187341705e+05 4.344487018567187479e+05 4.205806183034330024e+05 9.992388331580813974e+04 3.743252018426428549e+05 4.272126527749528177e+05 4.344488020067535690e+05 2.896358627578095766e+05 4.205806336049151723e+05 4.344487467859696480e+05 4.344489458817216801e+05
1.589627037770435854e+05 1.289223071616196976e+05 1.589626875854214595e+05 1.809032057882338413e+05 1.589627658210723312e+05 1.589623297875772405e+05 6.360628853939753026e+04 1.589626930659103673e+05 1.589628090767969261e+05 1.589625685189037758e+05 6.659835689197343891e+04 1.589627919748425775e+05 8.247066658244658902e+04 3.065045778012310620e+05 2.443316973073363770e+05 1.589622681492028933e+05 1.188688260624417453e+05 3.743252018426428549e+05 2.458405729320480896e+04 1.439828016772488481e+05 1.589626618056805455e+05 4.607377409440772608e+05 1.314721401854560827e+05 1.589625072938165686e+05 1.589628623449692386e+05
4.401249485929714865e+04 2.093506044528602797e+05 5.323617659501713933e+04 2.477165287339493225e+05 3.400881312638672534e+04 5.323583385958098370e+04 1.130315726172791619e+05 5.323605437998904381e+04 2.989497593800554750e+04 5.078301472341728368e+04 1.645743967031896464e+05 2.402170829397912894e+04 9.056601750752158114e+04 3.551258192118548322e+05 2.942576267178316484e+05 5.323558468852932128e+04 5.204064261460740818e+04 4.272126527749528177e+05 1.439828016772488481e+05 1.792475383629208955e+04 5.323599773980518512e+04 5.150465125200368348e+05 3.097906142079701021e+04 5.323592774260836450e+04 3.120954030024518215e+04
1.184078862204425604e+04 2.202004232449494593e+05 1.454523770565830931e+00 2.585663533119349449e+05 2.528615852412380627e+04 1.272903446229447733e+00 1.290209434717607510e+05 1.267120081767274753e+00 3.650270328603296366e+04 4.106302255552361203e+03 1.770762433115267486e+05 3.964933708479933557e+04 1.081048296097294224e+05 3.659755716048337054e+05 3.070346693601392908e+05 1.082665927310080045e+00 7.704615387040932546e+04 4.344488020067535690e+05 1.589626618056805164e+05 5.323599773980518512e+04 6.113879388977930818e-01 5.235815447259133216e+05 6.906825697764428332e+04 1.226534467013120189e+00 3.378127915793684224e+04
5.235816586039527901e+05 4.387451817862309981e+05 5.235816501387925236e+05 4.162577290066613350e+05 5.235817374662727816e+05 5.235815304278169642e+05 4.809974177087834687e+05 5.235815307530377759e+05 5.235817870942856534e+05 5.235815481022088788e+05 4.628256060904289479e+05 5.235817812422391726e+05 4.883394896045175847e+05 3.425688364156902535e+05 3.870236070226667216e+05 5.235814683799330378e+05 5.103659876429362339e+05 2.896358627578095766e+05 4.607377409440772608e+05 5.150465125200368348e+05 5.235815447259133216e+05 1.247891095111809700e+05 5.069931282569808536e+05 5.235815110022885492e+05 5.235816719984140946e+05
6.406223576564819086e+04 2.007601393680952315e+05 6.906830620846638340e+04 2.402172791545416403e+05 5.631221308377256355e+04 6.906796379569183046e+04 1.014157208400199597e+05 6.906832692023184791e+04 5.227982602030916314e+04 6.855844046169360809e+04 1.540600147295903298e+05 4.913318034958869248e+04 7.836367498912267911e+04 3.483547409361767932e+05 2.886911687503649155e+05 6.906785151341637538e+04 3.228666248424021978e+04 4.205806336049151723e+05 1.314721401854560827e+05 3.097906142079700658e+04 6.906825697764428332e+04 5.069931282569808536e+05 9.266308323896932052e+03 6.906820321146208153e+04 5.353860884292686387e+04
1.184080209287730759e+04 2.202003134535088029e+05 1.423651066512515273e+00 2.585662415801177849e+05 2.528614502006666225e+04 1.120834298311955912e+00 1.290208405503182003e+05 1.350022270728265639e+00 3.650264899839582358e+04 4.106237215626383659e+03 1.770761252799008216e+05 3.964932493223297206e+04 1.081047497262682155e+05 3.659755282498506713e+05 3.070345757721888367e+05 9.626630501079461721e-01 7.704607480900197697e+04 4.344487467859696480e+05 1.589625072938165686e+05 5.323592774260836450e+04 1.226534467013120189e+00 5.235815110022885492e+05 6.906820321146208153e+04 5.863061790831988196e-01 3.378124315187263710e+04
2.194204529097508203e+04 2.202006150361719483e+05 3.378141436098499980e+04 2.585664889591693936e+05 8.771940913057373109e+03 3.378116923422505351e+04 1.260843061339770793e+05 3.378130740990236518e+04 3.006089567513358816e+03 2.967629929885321690e+04 1.770764432784650999e+05 1.321756893303757533e+04 1.036996996576116653e+05 3.659757570179133327e+05 3.070348619712971849e+05 3.378092005787979724e+04 6.823572955594984523e+04 4.344489458817216801e+05 1.589628623449692386e+05 3.120954030024518579e+04 3.378127915793684224e+04 5.235816719984140946e+05 5.353860884292686387e+04 3.378124315187263710e+04 1.954772672636514926e+03
