5.648224516966100506e-01 4.925722194500647311e+04 8.354727630266894994e+04 1.135871581732156483e+04 1.128174033785181382e+05 1.798091000952759059e+05 4.593069550359634450e+05 3.145453631525032688e+05 9.603709141318965703e+04 6.405120486060169787e+04 1.136452900621971240e+00 9.694781169617135985e-01 2.607938040317634004e+05 2.124801466383961088e+05 4.133722559872082456e+03 3.838071243095285608e+05 1.583944876188673079e+05 3.074296440512898698e+04 1.316426338522279693e+05 1.029636798092599337e+00 5.372062545438001689e+04 1.980769748809302371e+02 1.173114093962129401e+00 1.475441668583955907e+05 4.152450719665426004e+04
4.925722194500647311e+04 8.023772777186262829e+03 4.550789053589407558e+04 4.255233298966764414e+04 9.097597246872136020e+04 1.798094808790514653e+05 4.593071782149796491e+05 3.145456447310846415e+05 6.641576688506557548e+04 2.377173057133343536e+04 4.925722915725957137e+04 4.925690959994946024e+04 2.607942833997006819e+05 2.124805497873087297e+05 4.876537350771600177e+04 3.838073900775118382e+05 1.583946941563709697e+05 2.389641854770847567e+04 1.153508941153148771e+05 4.925707962860292901e+04 1.061807212965131112e+04 4.923391700013752416e+04 4.925733275790616608e+04 1.465323600804660528e+05 1.397771377003614361e+04
8.354727630266894994e+04 4.550789053589407558e+04 6.011680194066962031e+03 7.986440346938403673e+04 6.403841407957481715e+04 1.586892178274335747e+05 4.381869719674413209e+05 2.934253982219619211e+05 3.124360097329656128e+04 2.297412612338883628e+04 8.354742232752134441e+04 8.354714900644573208e+04 2.396739670445230440e+05 1.913602547385496728e+05 8.354751601732023119e+04 3.626871483112446731e+05 1.372744229839837353e+05 6.269633263897162396e+04 9.127894572692317888e+04 8.354727552280950476e+04 3.809294157370882021e+04 8.354740029889548896e+04 8.354742436078547325e+04 1.228822204104692210e+05 5.442133732926553057e+04
1.135871581732156483e+04 4.255233298966764414e+04 7.986440346938403673e+04 5.047245770295308830e+03 1.128176492828906194e+05 1.798093454592463386e+05 4.593070922594189760e+05 3.145455559413295705e+05 9.376026681085165183e+04 6.036826370552154549e+04 1.135881278883542109e+04 1.135849814436150155e+04 2.607940794102771324e+05 2.124804147593431699e+05 7.226413890652468581e+03 3.838073262180658057e+05 1.583947487467424653e+05 1.938559142354972573e+04 1.316428856414513430e+05 1.135869080530595784e+04 5.003768982374589541e+04 1.116186618515544251e+04 1.135878867072827779e+04 1.475443988470633340e+05 3.016727906216506381e+04
1.128174033785181382e+05 9.097597246872136020e+04 6.403841407957481715e+04 1.128176492828906194e+05 1.060591201565035408e+04 1.280442629944053624e+05 4.179849212434749934e+05 2.732234087794679217e+05 4.936017301882123138e+04 7.769367574509575206e+04 1.128175279946240480e+05 1.128172788446388295e+05 2.194718833513378340e+05 1.682926163648965885e+05 1.128176782199354784e+05 3.424850907711549080e+05 1.080660940853346547e+05 1.017984446519537596e+05 4.240281513322905812e+04 1.128173572882117151e+05 8.802425035328204103e+04 1.128175164229713409e+05 1.128175165913286619e+05 8.480988344553603383e+04 9.608810507346372469e+04
1.798091000952759059e+05 1.798094808790515235e+05 1.586892178274335747e+05 1.798093454592463386e+05 1.280442629944053333e+05 3.924426049326404609e+04 3.855290408985199174e+05 2.352044477621142578e+05 1.494792070037041849e+05 1.694788634848870279e+05 1.798092364079242107e+05 1.798090241122319712e+05 1.683459295761294779e+05 9.810615683393423387e+04 1.798093906718549551e+05 3.081075522358496673e+05 7.209263601043743256e+04 1.798094533154534001e+05 1.078981924460695882e+05 1.798090985290403187e+05 1.798094994819230342e+05 1.798092696963170310e+05 1.798092076313128637e+05 8.278020454665296711e+04 1.798094492466468364e+05
4.593069550359633868e+05 4.593071782149796491e+05 4.381869719674413209e+05 4.593070922594189760e+05 4.179849212434750516e+05 3.855290408985199174e+05 1.016210348353148293e+05 2.907795997091949685e+05 4.315621695573038887e+05 4.489766454372077133e+05 4.593068811413031654e+05 4.593068312561293715e+05 3.283961943936703610e+05 3.655506356165410252e+05 4.593070250108932960e+05 2.323640459060425928e+05 3.931734890934220748e+05 4.593071124908018974e+05 4.109257763929417124e+05 4.593068579786389018e+05 4.593071221196996630e+05 4.593070041087350110e+05 4.593069548833112931e+05 3.967334943856834434e+05 4.593071087462000432e+05
3.145453631525032688e+05 3.145456447310846415e+05 2.934253982219619211e+05 3.145455559413296287e+05 2.732234087794679217e+05 2.352044477621142578e+05 2.907795997091949102e+05 7.032382699556306761e+04 2.868007835091833258e+05 3.042151343688423513e+05 3.145453401737000095e+05 3.145452730681173271e+05 1.669042236830962647e+05 2.050901307411475573e+05 3.145454778649584041e+05 1.926823129756670969e+05 2.475139945040133607e+05 3.145455496645072126e+05 2.661642454158694018e+05 3.145453022020939388e+05 3.145456868430161849e+05 3.145454159549259348e+05 3.145454443622855470e+05 2.519719665803719836e+05 3.145456174265133450e+05
9.603709141318965703e+04 6.641576688506556093e+04 3.124360097329656492e+04 9.376026681085165183e+04 4.936017301882123138e+04 1.494792070037042140e+05 4.315621695573038887e+05 2.868007835091833840e+05 1.232658216249582256e+04 5.043313985754457826e+04 9.603717474821882206e+04 9.603693397455234663e+04 2.330492815566323115e+05 1.847356359552023932e+05 9.603733064821751032e+04 3.560624361139229150e+05 1.256316582411900454e+05 7.931991683029336855e+04 7.433345644341317529e+04 9.603706136247218819e+04 6.258397403495633625e+04 9.603721139599937305e+04 9.603717074456514092e+04 1.084804956301871571e+05 7.192924428779806476e+04
6.405120486060169787e+04 2.377173057133343536e+04 2.297412612338883628e+04 6.036826370552154549e+04 7.769367574509575206e+04 1.694788634848870279e+05 4.489766454372077133e+05 3.042151343688423513e+05 5.043313985754457826e+04 1.411654472581444861e+04 6.405130623567551083e+04 6.405102108716253133e+04 2.504636912052222469e+05 2.021499495184099942e+05 6.405142768160289415e+04 3.734768903038337594e+05 1.480641387696908787e+05 4.320019948345957528e+04 1.020686718267200049e+05 6.405117193680660421e+04 1.531123803441647942e+04 6.405133588564206730e+04 6.405130124912569590e+04 1.336719104462126270e+05 3.492518820900678838e+04
1.136452900621971240e+00 4.925722915725957137e+04 8.354742232752134441e+04 1.135881278883542109e+04 1.128175279946240480e+05 1.798092364079241815e+05 4.593068811413031071e+05 3.145453401736999513e+05 9.603717474821882206e+04 6.405130623567551083e+04 5.846132696172161580e-01 9.887084439839387562e-01 2.607939351419090817e+05 2.124802658429577423e+05 4.133705529048786957e+03 3.838070849454608397e+05 1.583945353847771767e+05 3.074294458111836502e+04 1.316427641697326326e+05 1.107036142759149744e+00 5.372062162023437122e+04 1.981648235913120004e+02 1.169639555212822257e+00 1.475441891242281708e+05 4.152452078168690787e+04
9.694781169617135985e-01 4.925690959994946024e+04 8.354714900644574664e+04 1.135849814436150155e+04 1.128172788446388295e+05 1.798090241122320585e+05 4.593068312561293133e+05 3.145452730681173271e+05 9.603693397455234663e+04 6.405102108716253133e+04 9.887084439839387562e-01 3.912356316479321805e-01 2.607938287779231905e+05 2.124801177895636647e+05 4.133417603605099430e+03 3.838070089048434747e+05 1.583943060200173641e+05 3.074265450455761675e+04 1.316425210283739725e+05 7.649627130407711251e-01 5.372035059939626808e+04 1.979184805814022923e+02 1.096826081985539769e+00 1.475439139234784525e+05 4.152419677989725460e+04
2.607938040317634004e+05 2.607942833997006819e+05 2.396739670445231313e+05 2.607940794102772197e+05 2.194718833513378340e+05 1.683459295761294779e+05 3.283961943936703610e+05 1.669042236830962647e+05 2.330492815566322242e+05 2.504636912052222760e+05 2.607939351419091399e+05 2.607938287779231905e+05 5.979756715971865196e+04 1.266270640946416243e+05 2.607940841943626001e+05 2.535000406648427306e+05 1.842569519333711942e+05 2.607942001429400989e+05 2.091191256954155688e+05 2.607938776134013897e+05 2.607942287170102354e+05 2.607939591487293073e+05 2.607939355258342985e+05 1.941584268456910213e+05 2.607941801180736220e+05
2.124801466383961670e+05 2.124805497873087879e+05 1.913602547385496728e+05 2.124804147593431699e+05 1.682926163648965885e+05 9.810615683393423387e+04 3.655506356165410834e+05 2.050901307411474991e+05 1.847356359552023932e+05 2.021499495184099942e+05 2.124802658429577423e+05 2.124801177895636647e+05 1.266270640946416534e+05 4.149440798301652831e+04 2.124804376345483761e+05 2.893696060948934755e+05 1.233534490812125587e+05 2.124805065785277111e+05 1.518504797345643165e+05 2.124801864116886281e+05 2.124806022803565720e+05 2.124803186110720562e+05 2.124802701869555167e+05 1.383222970304131741e+05 2.124805419934945821e+05
4.133722559872082456e+03 4.876537350771600177e+04 8.354751601732023119e+04 7.226413890652468581e+03 1.128176782199354784e+05 1.798093906718549551e+05 4.593070250108932960e+05 3.145454778649584041e+05 9.603733064821751032e+04 6.405142768160289415e+04 4.133705529048786957e+03 4.133417603605100339e+03 2.607940841943626001e+05 2.124804376345483761e+05 6.514490783472585145e-01 3.838071899192430428e+05 1.583946758144212363e+05 2.661068472733718590e+04 1.316429185598937911e+05 4.133606131897571686e+03 5.372068630410633341e+04 3.936681508997255150e+03 4.133720449957938399e+03 1.475443032778887136e+05 3.739227662682485243e+04
3.838071243095285608e+05 3.838073900775118382e+05 3.626871483112446731e+05 3.838073262180658057e+05 3.424850907711548498e+05 3.081075522358496091e+05 2.323640459060426219e+05 1.926823129756670969e+05 3.560624361139228567e+05 3.734768903038337594e+05 3.838070849454608397e+05 3.838070089048434747e+05 2.535000406648426724e+05 2.893696060948934173e+05 3.838071899192429846e+05 9.931281869479702436e+04 3.176918822236108826e+05 3.838073000640798709e+05 3.354259597845296375e+05 3.838070424920914811e+05 3.838073363045630977e+05 3.838071788240065216e+05 3.838071680580496322e+05 3.212334438004089752e+05 3.838072647567423992e+05
1.583944876188673079e+05 1.583946941563709697e+05 1.372744229839837353e+05 1.583947487467424653e+05 1.080660940853346547e+05 7.209263601043743256e+04 3.931734890934220748e+05 2.475139945040133607e+05 1.256316582411900454e+05 1.480641387696908787e+05 1.583945353847771767e+05 1.583943060200173350e+05 1.842569519333711942e+05 1.233534490812125587e+05 1.583946758144212072e+05 3.176918822236109991e+05 1.485304176148492115e+04 1.583947310956648435e+05 8.680725748225238931e+04 1.583943926398818439e+05 1.583947929201554798e+05 1.583946505239715334e+05 1.583945695188596437e+05 5.231407954835039709e+04 1.583947755703513976e+05
3.074296440512898698e+04 2.389641854770847567e+04 6.269633263897162396e+04 1.938559142354972573e+04 1.017984446519537596e+05 1.798094533154534001e+05 4.593071124908018974e+05 3.145455496645071544e+05 7.931991683029338310e+04 4.320019948345957528e+04 3.074294458111836502e+04 3.074265450455761675e+04 2.607942001429400407e+05 2.124805065785277693e+05 2.661068472733718954e+04 3.838073000640798709e+05 1.583947310956648726e+05 1.126487781788637039e+04 1.242967565430439281e+05 3.074282196516787371e+04 3.286954822570530814e+04 3.054623834676672050e+04 3.074306164203963635e+04 1.475442837127286475e+05 1.078290839402126585e+04
1.316426338522279693e+05 1.153508941153148771e+05 9.127894572692317888e+04 1.316428856414513430e+05 4.240281513322905812e+04 1.078981924460695882e+05 4.109257763929417124e+05 2.661642454158693436e+05 7.433345644341318985e+04 1.020686718267200049e+05 1.316427641697326326e+05 1.316425210283739725e+05 2.091191256954154815e+05 1.518504797345643165e+05 1.316429185598937911e+05 3.354259597845296375e+05 8.680725748225240386e+04 1.242967565430439281e+05 2.494108337899225080e+04 1.316425839962496830e+05 1.123993957514186332e+05 1.316428051145616337e+05 1.316427332490053377e+05 6.308274497981459717e+04 1.204250258424372005e+05
1.029636798092599559e+00 4.925707962860292901e+04 8.354727552280950476e+04 1.135869080530595784e+04 1.128173572882117151e+05 1.798090985290403187e+05 4.593068579786387854e+05 3.145453022020939388e+05 9.603706136247220275e+04 6.405117193680660421e+04 1.107036142759149966e+00 7.649627130407711251e-01 2.607938776134013315e+05 2.124801864116886281e+05 4.133606131897571686e+03 3.838070424920914811e+05 1.583943926398818439e+05 3.074282196516787371e+04 1.316425839962496830e+05 5.064163240448108505e-01 5.372049979364211322e+04 1.980936475727184813e+02 1.217501734713161365e+00 1.475439913490722247e+05 4.152436673339751724e+04
5.372062545438001689e+04 1.061807212965131112e+04 3.809294157370882021e+04 5.003768982374589541e+04 8.802425035328204103e+04 1.798094994819230342e+05 4.593071221196996048e+05 3.145456868430161849e+05 6.258397403495635808e+04 1.531123803441647942e+04 5.372062162023437122e+04 5.372035059939626808e+04 2.607942287170101772e+05 2.124806022803565720e+05 5.372068630410633341e+04 3.838073363045630977e+05 1.583947929201554798e+05 3.286954822570531542e+04 1.123993957514186332e+05 5.372049979364211322e+04 6.605671303513869219e-01 5.372071478785329964e+04 5.372073849851819250e+04 1.440024890109218250e+05 2.459439577247067791e+04
1.980769748809302371e+02 4.923391700013752416e+04 8.354740029889548896e+04 1.116186618515544251e+04 1.128175164229713409e+05 1.798092696963170310e+05 4.593070041087350692e+05 3.145454159549258766e+05 9.603721139599937305e+04 6.405133588564206730e+04 1.981648235913120857e+02 1.979184805814022923e+02 2.607939591487292200e+05 2.124803186110720562e+05 3.936681508997255150e+03 3.838071788240065798e+05 1.583946505239715334e+05 3.054623834676672050e+04 1.316428051145616337e+05 1.980936475727185098e+02 5.372071478785329964e+04 3.754250355577601113e+02 1.980548148345514505e+02 1.475443230550997832e+05 4.132776347198308940e+04
1.173114093962129401e+00 4.925733275790617336e+04 8.354742436078547325e+04 1.135878867072827779e+04 1.128175165913286619e+05 1.798092076313128637e+05 4.593069548833112931e+05 3.145454443622854888e+05 9.603717074456514092e+04 6.405130124912569590e+04 1.169639555212822479e+00 1.096826081985539769e+00 2.607939355258342985e+05 2.124802701869555167e+05 4.133720449957937490e+03 3.838071680580496322e+05 1.583945695188596437e+05 3.074306164203964363e+04 1.316427332490053377e+05 1.217501734713161143e+00 5.372073849851819250e+04 1.980548148345513937e+02 5.980495754095876970e-01 1.475442455124622211e+05 4.152462758996910270e+04
1.475441668583955907e+05 1.465323600804660528e+05 1.228822204104692210e+05 1.475443988470633340e+05 8.480988344553603383e+04 8.278020454665299621e+04 3.967334943856834434e+05 2.519719665803719836e+05 1.084804956301871571e+05 1.336719104462126270e+05 1.475441891242281708e+05 1.475439139234784525e+05 1.941584268456910213e+05 1.383222970304131741e+05 1.475443032778887136e+05 3.212334438004089752e+05 5.231407954835038254e+04 1.475442837127286475e+05 6.308274497981458990e+04 1.475439913490722247e+05 1.440024890109218250e+05 1.475443230550997832e+05 1.475442455124622211e+05 1.913729187152130180e+04 1.475444046384533867e+05
4.152450719665426004e+04 1.397771377003614725e+04 5.442133732926553057e+04 3.016727906216506381e+04 9.608810507346372469e+04 1.798094492466468364e+05 4.593071087461999850e+05 3.145456174265133450e+05 7.192924428779807931e+04 3.492518820900678838e+04 4.152452078168690787e+04 4.152419677989725460e+04 2.607941801180736220e+05 2.124805419934946112e+05 3.739227662682485243e+04 3.838072647567422828e+05 1.583947755703513976e+05 1.078290839402126949e+04 1.204250258424372005e+05 4.152436673339751724e+04 2.459439577247067791e+04 4.132776347198308940e+04 4.152462758996910270e+04 1.475444046384533867e+05 3.823671594946905543e+02
