5.009080351255208370e+04 3.806157077946133213e+05 2.180500357952301856e+05 3.806156517000711174e+05 3.167861918205834227e+05 3.806157182982343365e+05 3.806156082322092843e+05 2.086428223785476002e+05 3.806156942842940334e+05 3.806157991092517623e+05 3.806156913233875530e+05 3.380628090066218865e+05 2.635949265486591612e+05 3.544142082772768917e+05 2.986125190164948581e+05 3.806157117969625979e+05 1.585525374444167537e+05 3.806158441205585259e+05 3.806159526704372838e+05 3.380628383269504993e+05 3.806156969914680813e+05 1.383109016787986038e+05 3.806156832073801197e+05 1.609710022614363697e+05 2.581492223600640427e+05
3.806157077946133213e+05 2.689602708253026608e-01 4.553886618109149276e+05 1.021997254104995756e+00 1.435846906247021398e+05 1.063939525106846850e+04 2.127770208276830454e+04 2.827892993377510575e+05 3.900835097639857122e+04 4.559401749980667955e+04 1.063902724828202736e+04 9.574582222449804249e+04 2.234052782067150110e+05 7.141570539929237566e+04 1.808521855226153275e+05 3.546768615446053900e+03 3.107336000690651708e+05 4.255442433314860682e+04 5.319278425156645972e+04 1.001784893719758256e+05 7.432925500213358738e-01 3.470506780914129340e+05 2.659673133601716108e+04 4.105107460105622304e+05 2.282848594492546399e+05
2.180500357952301856e+05 4.553886618109149276e+05 6.184684404230785003e+04 4.553886115400338313e+05 4.021973821100721252e+05 4.553887932282091351e+05 4.553886139722641092e+05 3.013760797681607655e+05 4.553887715477619204e+05 4.553888227129088482e+05 4.553886912726600422e+05 4.234739871120018652e+05 3.490059933237063815e+05 4.394314140249656048e+05 3.840237094685973134e+05 4.553887059206208796e+05 2.608567329605223204e+05 4.553888069108917844e+05 4.553887837058166624e+05 4.234739785196464509e+05 4.553886914772238233e+05 2.426126182508848433e+05 4.553887501611905755e+05 1.725410771839291556e+05 3.436869639658639207e+05
3.806156517000711174e+05 1.021997254104995534e+00 4.553886115400338313e+05 3.841339707792277292e-01 1.435849329443117022e+05 1.063964917640745080e+04 2.127774018343558419e+04 2.827896427555698901e+05 3.900838833076916490e+04 4.559425671014498948e+04 1.063953978524232298e+04 9.574606934948169510e+04 2.234057133802829485e+05 7.141594475962976867e+04 1.808524284128704167e+05 3.547244978105371501e+03 3.107339185138728353e+05 4.255458232211230643e+04 5.319304415635095211e+04 1.001786826598851476e+05 1.060647426339418331e+00 3.470509222947880044e+05 2.659711292078883343e+04 4.105109331115660025e+05 2.282852781626989308e+05
3.167861918205834809e+05 1.435846906247021398e+05 4.021973821100721252e+05 1.435849329443117022e+05 6.889713438032200429e+03 1.542233940741457627e+05 1.542232096768292831e+05 1.823169573297642346e+05 1.542233848632401205e+05 1.542233443575586716e+05 1.542231207208751002e+05 8.921139428518639761e+04 9.595682491011837556e+04 1.120641274842602579e+05 4.081481603469516267e+04 1.471309754506285826e+05 2.380390289811741095e+05 1.542233318122150376e+05 1.542233074949288566e+05 6.329079934813349246e+04 1.435849124209547590e+05 2.832213357974005048e+05 1.542232712017813465e+05 3.557437179624551791e+05 1.137477789151145844e+05
3.806157182982343365e+05 1.063939525106846850e+04 4.553887932282091351e+05 1.063964917640745080e+04 1.542233940741457627e+05 3.543133286916727021e-01 1.063932833756456421e+04 2.827895032344264328e+05 2.837005756661977648e+04 3.495604704984174168e+04 8.856180537756168647e-01 1.063846446491165261e+05 2.234056279734375712e+05 8.205445032230127254e+04 1.879447988907748950e+05 7.093264141049683531e+03 3.107337867923157173e+05 3.191632345861728754e+04 4.255489577132804698e+04 1.108172932680695958e+05 1.063950275812575092e+04 3.470507876212192350e+05 1.595854006665204906e+04 4.105108121024737484e+05 2.282851222686712572e+05
3.806156082322092843e+05 2.127770208276830454e+04 4.553886139722641092e+05 2.127774018343558419e+04 1.542232096768292831e+05 1.063932833756456421e+04 3.310050656709145889e-01 2.827896229574258905e+05 1.773167716818900226e+04 2.431754394568426505e+04 1.063936094496887017e+04 1.063844402748853754e+05 2.234056893968431395e+05 8.205430680897741695e+04 1.879445790144311031e+05 1.773157559083032902e+04 3.107338007412592997e+05 2.127792352210118770e+04 3.191633804595603942e+04 1.108170766191838047e+05 2.127779805387601664e+04 3.470508624618406175e+05 5.320099450029481886e+03 4.105108292620303691e+05 2.282852054637657711e+05
2.086428223785476002e+05 2.827892993377510575e+05 3.013760797681607655e+05 2.827896427555698901e+05 1.823169573297642346e+05 2.827895032344264328e+05 2.827896229574258905e+05 2.947468589132617490e+04 2.827897024957456160e+05 2.827897103909677826e+05 2.827893029195282725e+05 2.397112967301300087e+05 1.275084900116773497e+05 2.565880979553799552e+05 1.641431488790304866e+05 2.827893633974845870e+05 1.188300376087008917e+05 2.827896743054449325e+05 2.827898362217649701e+05 2.310758285544459068e+05 2.827894478914059000e+05 1.689753004844380193e+05 2.827894777882868075e+05 2.549220919590357807e+05 1.035394862500327290e+05
3.806156942842940916e+05 3.900835097639857122e+04 4.553887715477619204e+05 3.900838833076916490e+04 1.542233848632401205e+05 2.837005756661977648e+04 1.773167716818900226e+04 2.827897024957456160e+05 4.728603978591478153e+03 6.586919286509019003e+03 2.837005287843406768e+04 8.944204397741652792e+04 2.234057435516314290e+05 6.432375040437676944e+04 1.879446802159963117e+05 3.546232268314636895e+04 3.107339261105646729e+05 3.547342935339988799e+03 1.418583010625464703e+04 1.001789303415920585e+05 3.900852464646106091e+04 3.470510273835840053e+05 1.241261169129376503e+04 4.105110090226041502e+05 2.282852948777455895e+05
3.806157991092517623e+05 4.559401749980667955e+04 4.553888227129088482e+05 4.559425671014498948e+04 1.542233443575586716e+05 3.495604704984174168e+04 2.431754394568426505e+04 2.827897103909677826e+05 6.586919286509019003e+03 4.342541181530620634e+03 3.495578795999047725e+04 8.325042334537622810e+04 2.234056862318751519e+05 5.773804769185771875e+04 1.879447745255761838e+05 4.204807295632416208e+04 3.107340014465558343e+05 3.040749252910620726e+03 7.600047705190493616e+03 9.931040396643184067e+04 4.559421846176773397e+04 3.470510458309759852e+05 1.899845740743724309e+04 4.105111151703824871e+05 2.282852784746670513e+05
3.806156913233875530e+05 1.063902724828202736e+04 4.553886912726600422e+05 1.063953978524232298e+04 1.542231207208751002e+05 8.856180537756168647e-01 1.063936094496887017e+04 2.827893029195282725e+05 2.837005287843407496e+04 3.495578795999047725e+04 3.257187274715650505e-01 1.063843779674232937e+05 2.234053822659683647e+05 8.205417506706806307e+04 1.879445279621064255e+05 7.092873577169735654e+03 3.107335641234627692e+05 3.191622505385622571e+04 4.255464740534425800e+04 1.108169834797933581e+05 1.063922358618477665e+04 3.470506489382509608e+05 1.595836941844694229e+04 4.105107422559989500e+05 2.282848930816366919e+05
3.380628090066218865e+05 9.574582222449804249e+04 4.234739871120018652e+05 9.574606934948169510e+04 8.921139428518639761e+04 1.063846446491165261e+05 1.063844402748853754e+05 2.397112967301300087e+05 8.944204397741652792e+04 8.325042334537622810e+04 1.063843779674232937e+05 2.101768611000632063e+03 1.690322843263508112e+05 2.817291625520714661e+04 1.264787776855117554e+05 9.929218530860892497e+04 2.681808654197579599e+05 8.629005982666308410e+04 7.565138657090984634e+04 2.592157486605579834e+04 9.574610180760420917e+04 3.044979696900596027e+05 1.010654159818161133e+05 3.770203178005431546e+05 1.765714377084380249e+05
2.635949265486591612e+05 2.234052782067150110e+05 3.490059933237063815e+05 2.234057133802829485e+05 9.595682491011837556e+04 2.234056279734375712e+05 2.234056893968431395e+05 1.275084900116773497e+05 2.234057435516314290e+05 2.234056862318751519e+05 2.234053822659683647e+05 1.690322843263508112e+05 4.157479897386798257e+03 1.918848876736720267e+05 6.362179225265891000e+04 2.234054494312664610e+05 1.828428312525300717e+05 2.234057878001729550e+05 2.234057454350272601e+05 1.486301687233397970e+05 2.234054788952936942e+05 2.293785894529279904e+05 2.234055248523729970e+05 3.025520550521720434e+05 3.856375079860589176e+04
3.544142082772768917e+05 7.141570539929237566e+04 4.394314140249656048e+05 7.141594475962976867e+04 1.120641274842602870e+05 8.205445032230127254e+04 8.205430680897743150e+04 2.565880979553799843e+05 6.432375040437676944e+04 5.773804769185773330e+04 8.205417506706806307e+04 2.817291625520715388e+04 1.918848876736720267e+05 2.868481034549117248e+04 1.493316201480760647e+05 7.496203416964395728e+04 2.845323070828768541e+05 6.077776803008989373e+04 5.013909134678976989e+04 5.187718831153163774e+04 7.141589420691400301e+04 3.208494685806191410e+05 7.673522268015587179e+04 3.930360376325398101e+05 1.980941978881303221e+05
2.986125190164949745e+05 1.808521855226153857e+05 3.840237094685973134e+05 1.808524284128703875e+05 4.081481603469516267e+04 1.879447988907748950e+05 1.879445790144311031e+05 1.641431488790304866e+05 1.879446802159963117e+05 1.879447745255761838e+05 1.879445279621064255e+05 1.264787776855117554e+05 6.362179225265889545e+04 1.493316201480760647e+05 3.409472683209534443e+04 1.832164055253111583e+05 2.198651677251477086e+05 1.879447863210700161e+05 1.879446243229427491e+05 1.020360848551907256e+05 1.808524145841094723e+05 2.650476327914306894e+05 1.879447069292138622e+05 3.375699888923728722e+05 9.071277574116656615e+04
3.806157117969625979e+05 3.546768615446053900e+03 4.553887059206208796e+05 3.547244978105371501e+03 1.471309754506285826e+05 7.093264141049683531e+03 1.773157559083032902e+04 2.827893633974845870e+05 3.546232268314636895e+04 4.204807295632416208e+04 7.092873577169735654e+03 9.929218530860892497e+04 2.234054494312664610e+05 7.496203416964394273e+04 1.832164055253111583e+05 4.728437532408148400e+03 3.107335730907673715e+05 3.900839997685155686e+04 4.964684060786757618e+04 1.037248082939647138e+05 3.546929883454641640e+03 3.470506887415738311e+05 2.305060776356225688e+04 4.105107181940203882e+05 2.282849269324930792e+05
1.585525374444167828e+05 3.107336000690651708e+05 2.608567329605223204e+05 3.107339185138728353e+05 2.380390289811741386e+05 3.107337867923156591e+05 3.107338007412592415e+05 1.188300376087008917e+05 3.107339261105646729e+05 3.107340014465558343e+05 3.107335641234627692e+05 2.681808654197579599e+05 1.828428312525300717e+05 2.845323070828768541e+05 2.198651677251477086e+05 3.107335730907673715e+05 2.544747193117362258e+04 3.107339017882064800e+05 3.107340179420188651e+05 2.644869734275576193e+05 3.107336825219079619e+05 1.154904904710129777e+05 3.107336801028996706e+05 2.144025781835115922e+05 1.682280851329512661e+05
3.806158441205585259e+05 4.255442433314860682e+04 4.553888069108917844e+05 4.255458232211230643e+04 1.542233318122150376e+05 3.191632345861728754e+04 2.127792352210118770e+04 2.827896743054449325e+05 3.547342935339988799e+03 3.040749252910620726e+03 3.191622505385622571e+04 8.629005982666308410e+04 2.234057878001729550e+05 6.077776803008987918e+04 1.879447863210700161e+05 3.900839997685155686e+04 3.107339017882064800e+05 4.215167228595830262e-01 1.063967773206686979e+04 1.001789087857019331e+05 4.255460510005905962e+04 3.470509356234473526e+05 1.595880679726022936e+04 4.105109818887494039e+05 2.282852590419030748e+05
3.806159526704372838e+05 5.319278425156645972e+04 4.553887837058167206e+05 5.319304415635095211e+04 1.542233074949288566e+05 4.255489577132804698e+04 3.191633804595603942e+04 2.827898362217649701e+05 1.418583010625464703e+04 7.600047705190493616e+03 4.255464740534425800e+04 7.565138657090984634e+04 2.234057454350272601e+05 5.013909134678976989e+04 1.879446243229427491e+05 4.964684060786757618e+04 3.107340179420188651e+05 1.063967773206686979e+04 3.857437660904101673e-01 9.713933559103751031e+04 5.319300987573844031e+04 3.470511543243252672e+05 2.659729334014549386e+04 4.105111391018620343e+05 2.282853166300820012e+05
3.380628383269504993e+05 1.001784893719758256e+05 4.234739785196464509e+05 1.001786826598851476e+05 6.329079934813349246e+04 1.108172932680695958e+05 1.108170766191838047e+05 2.310758285544459068e+05 1.001789303415920585e+05 9.931040396643184067e+04 1.108169834797933581e+05 2.592157486605579834e+04 1.486301687233397970e+05 5.187718831153163774e+04 1.020360848551907256e+05 1.037248082939647138e+05 2.644869734275576193e+05 1.001789087857019331e+05 9.713933559103751031e+04 1.468541841765983918e+04 1.001787293848034460e+05 3.044979295858572004e+05 1.054980240762605827e+05 3.770202674597223522e+05 1.626825660476244229e+05
3.806156969914680813e+05 7.432925500213358738e-01 4.553886914772238233e+05 1.060647426339418331e+00 1.435849124209547590e+05 1.063950275812575092e+04 2.127779805387601664e+04 2.827894478914059000e+05 3.900852464646106091e+04 4.559421846176773397e+04 1.063922358618477665e+04 9.574610180760420917e+04 2.234054788952936942e+05 7.141589420691400301e+04 1.808524145841095306e+05 3.546929883454641640e+03 3.107336825219079619e+05 4.255460510005905962e+04 5.319300987573844031e+04 1.001787293848034460e+05 3.925635780283273646e-01 3.470507007199334912e+05 2.659682405636575641e+04 4.105107729885314475e+05 2.282850305041425163e+05
1.383109016787986038e+05 3.470506780914129340e+05 2.426126182508849015e+05 3.470509222947880044e+05 2.832213357974005048e+05 3.470507876212192350e+05 3.470508624618406175e+05 1.689753004844380484e+05 3.470510273835838889e+05 3.470510458309759852e+05 3.470506489382509608e+05 3.044979696900596609e+05 2.293785894529280195e+05 3.208494685806191410e+05 2.650476327914306894e+05 3.470506887415738311e+05 1.154904904710129777e+05 3.470509356234473526e+05 3.470511543243252672e+05 3.044979295858572004e+05 3.470507007199334912e+05 3.880385250950684713e+04 3.470506818987932056e+05 1.954340777421834355e+05 2.179352143752575503e+05
3.806156832073801197e+05 2.659673133601716108e+04 4.553887501611905755e+05 2.659711292078882980e+04 1.542232712017813465e+05 1.595854006665204906e+04 5.320099450029480977e+03 2.827894777882868075e+05 1.241261169129376503e+04 1.899845740743724309e+04 1.595836941844694229e+04 1.010654159818161133e+05 2.234055248523729970e+05 7.673522268015587179e+04 1.879447069292138913e+05 2.305060776356225688e+04 3.107336801028996706e+05 1.595880679726022936e+04 2.659729334014549386e+04 1.054980240762605827e+05 2.659682405636575277e+04 3.470506818987932056e+05 5.319482503573403847e+03 4.105108226149288239e+05 2.282850476078508073e+05
1.609710022614363697e+05 4.105107460105622304e+05 1.725410771839291556e+05 4.105109331115660025e+05 3.557437179624551791e+05 4.105108121024737484e+05 4.105108292620303691e+05 2.549220919590357807e+05 4.105110090226041502e+05 4.105111151703824871e+05 4.105107422559988918e+05 3.770203178005431546e+05 3.025520550521720434e+05 3.930360376325398101e+05 3.375699888923728722e+05 4.105107181940204464e+05 2.144025781835115922e+05 4.105109818887494039e+05 4.105111391018620343e+05 3.770202674597224104e+05 4.105107729885314475e+05 1.954340777421834937e+05 4.105108226149288239e+05 5.795200426067217631e+04 2.972329211207332555e+05
2.581492223600640718e+05 2.282848594492546399e+05 3.436869639658640372e+05 2.282852781626989308e+05 1.137477789151145989e+05 2.282851222686712572e+05 2.282852054637657711e+05 1.035394862500327145e+05 2.282852948777455895e+05 2.282852784746670513e+05 2.282848930816366919e+05 1.765714377084380540e+05 3.856375079860589176e+04 1.980941978881303221e+05 9.071277574116656615e+04 2.282849269324931374e+05 1.682280851329512952e+05 2.282852590419030748e+05 2.282853166300820012e+05 1.626825660476244520e+05 2.282850305041425163e+05 2.179352143752575794e+05 2.282850476078508073e+05 2.972329211207331973e+05 1.931686153166654913e+04
