8.483229291594037713e-01 1.162968201310302175e+04 1.162964747432333752e+04 3.488563250162515033e+04 3.467655299956512754e+05 1.162964095449992419e+04 1.321661044138123797e+00 1.693816833320326287e+00 1.201572924575423676e+05 1.678070928647225291e+00 1.495200515259825988e+04 8.877320521462224133e+04 7.755800207034402410e+04 1.046533216861596593e+05 1.162969361952029067e+04 9.776264941175022977e+04 4.718452153404246928e+04 1.595879547892626427e+00 1.128133312325844308e+05 4.418512408317085938e+05 1.691854609374702850e+05 2.438642359203677333e+05 6.644723976681026397e+04 1.162950276338710319e+04 2.325777135994223136e+04
1.162968201310302175e+04 8.127746107392959107e-01 1.668895928305459631e+00 3.488573321911250969e+04 3.467653959252880304e+05 1.602384707055123814e+00 1.162926321179396291e+04 1.162958135807370672e+04 1.201572039544379804e+05 1.162964306850879620e+04 1.495209028586934801e+04 8.877319157507133787e+04 7.755798045405310404e+04 1.046532783682466688e+05 1.565951465849057200e+00 9.776260902987606823e+04 4.718454426505506126e+04 1.162954055092891758e+04 1.128132063708089845e+05 4.418511507352896733e+05 1.691853569840624405e+05 2.438642065309802420e+05 6.644723364873100945e+04 1.481497864189711189e+00 2.325777235498405571e+04
1.162964747432333752e+04 1.668895928305459186e+00 7.840578261869075583e-01 3.488571102820740634e+04 3.467654616445567226e+05 1.576341225133290225e+00 1.162923286146988721e+04 1.162961311075331832e+04 1.201571732576646318e+05 1.162970723690202431e+04 1.495204779913469974e+04 8.877305966892326251e+04 7.755792174142377917e+04 1.046531069250825967e+05 1.584462182242261763e+00 9.776257148778250848e+04 4.718450476924316899e+04 1.162955051911432383e+04 1.128131626113076927e+05 4.418512070341970539e+05 1.691852750089112378e+05 2.438641662246008927e+05 6.644712820144828584e+04 1.389856956181934944e+00 2.325771387669230535e+04
3.488563250162515033e+04 3.488573321911250969e+04 3.488571102820740634e+04 1.162881700314151567e+04 3.351377835143870325e+05 3.488559072143905360e+04 3.488519400203898840e+04 3.488570000310748583e+04 1.085294958042037179e+05 3.488568125647099805e+04 1.993542494433013781e+04 7.631467905677742965e+04 5.430200648214700050e+04 9.302546582758294244e+04 3.488565355574419664e+04 8.613472113349723804e+04 1.230063139091550147e+04 3.488554817006134544e+04 1.011854921556222253e+05 4.302234708405823330e+05 1.575576646018585598e+05 2.322364695670404180e+05 3.156331931334721230e+04 3.488540172071947018e+04 1.162982372415348436e+04
3.467655299956512754e+05 3.467653959252880304e+05 3.467654616445567226e+05 3.351377835143870325e+05 9.715613295557389210e+04 3.467653588761981227e+05 3.467652420170927071e+05 3.467654649275666452e+05 3.225036096630973043e+05 3.467655464026452973e+05 3.467656781084156246e+05 3.235100075724186026e+05 3.118820022286512540e+05 3.235100033869645558e+05 3.467653548054405837e+05 3.235099936777522089e+05 3.235099134080084623e+05 3.467653299972459790e+05 3.233856876450577402e+05 2.752805159911717055e+05 2.967383433163775480e+05 2.273479717894747155e+05 3.235099585214439430e+05 3.467652739314535866e+05 3.467657020908181439e+05
1.162964095449992419e+04 1.602384707055123814e+00 1.576341225133290225e+00 3.488559072143903904e+04 3.467653588761981227e+05 7.369511280761276151e-01 1.162908106299997780e+04 1.162960852213367798e+04 1.201570706693884567e+05 1.162964504540636335e+04 1.495199658169573013e+04 8.877303581791721808e+04 7.755785467082087416e+04 1.046530411677316879e+05 1.453491176849869726e+00 9.776244030605687294e+04 4.718437026682833675e+04 1.162936157946220010e+04 1.128130634721453680e+05 4.418510897174177808e+05 1.691852143745505891e+05 2.438640662878912699e+05 6.644712183948645543e+04 1.247976545935878256e+00 2.325769370188735775e+04
1.321661044138123575e+00 1.162926321179396291e+04 1.162923286146988721e+04 3.488519400203898840e+04 3.467652420170927071e+05 1.162908106299997780e+04 5.215769403813920180e-01 1.331937930660795910e+00 1.201567957527200488e+05 1.338585184875370038e+00 1.495155284507710530e+04 8.877266855356052110e+04 7.755748781258275267e+04 1.046527929877792776e+05 1.162918350822597677e+04 9.776206802804709878e+04 4.718395345942147833e+04 1.051459499866048475e+00 1.128127665256442706e+05 4.418509879728685482e+05 1.691849938451938215e+05 2.438639094746563933e+05 6.644670359423501941e+04 1.162891181788557878e+04 2.325723762497322605e+04
1.693816833320326287e+00 1.162958135807370672e+04 1.162961311075331832e+04 3.488570000310748583e+04 3.467654649275666452e+05 1.162960852213367798e+04 1.331937930660795910e+00 7.454750443842002028e-01 1.201572355398018699e+05 1.810593197342835969e+00 1.495203459390774879e+04 8.877309880245941167e+04 7.755798788282937312e+04 1.046532184937489510e+05 1.162965808174820631e+04 9.776254481112300709e+04 4.718455583597646182e+04 1.653280131091188876e+00 1.128132117140966147e+05 4.418512420809025061e+05 1.691853880833086732e+05 2.438641990211811499e+05 6.644718292891125020e+04 1.162942248904315056e+04 2.325775577288344721e+04
1.201572924575423676e+05 1.201572039544379659e+05 1.201571732576646318e+05 1.085294958042037179e+05 3.225036096630973043e+05 1.201570706693884567e+05 1.201567957527200488e+05 1.201572355398018699e+05 2.851726700962231553e+04 1.201572753034437628e+05 1.201573466849607648e+05 7.445919492689879553e+04 9.688443527961002837e+04 6.200054745083099988e+04 1.201571298559937713e+05 6.889135572783673706e+04 9.687570208340330282e+04 1.201569802673527447e+05 4.251324353960678127e+04 4.175893253723693197e+05 1.222479328769333515e+05 2.106275312008024193e+05 9.688441137699940009e+04 1.201568504596144194e+05 1.201574114642651548e+05
1.678070928647225291e+00 1.162964306850879620e+04 1.162970723690202431e+04 3.488568125647099077e+04 3.467655464026452973e+05 1.162964504540636335e+04 1.338585184875370260e+00 1.810593197342835969e+00 1.201572753034437628e+05 8.067035527140643536e-01 1.495203023550069702e+04 8.877319266843354853e+04 7.755800342699751491e+04 1.046533322057675105e+05 1.162964835729052356e+04 9.776269234700375819e+04 4.718449513923700579e+04 1.635132264449844497e+00 1.128133266750755429e+05 4.418513106477349065e+05 1.691854624175021017e+05 2.438642592943189375e+05 6.644721888669414329e+04 1.162949545458123794e+04 2.325770822965014304e+04
1.495200515259826170e+04 1.495209028586934983e+04 1.495204779913470520e+04 1.993542494433013781e+04 3.467656781084156246e+05 1.495199658169573195e+04 1.495155284507710712e+04 1.495203459390775060e+04 1.201573466849607648e+05 1.495203023550069884e+04 4.746959938695194069e+03 8.853577220519774710e+04 7.423572060927552229e+04 1.046533262711037823e+05 1.495203112826774486e+04 9.776253927553015819e+04 3.223419524643101613e+04 1.495188081350398352e+04 1.128133289613658999e+05 4.418514038542864146e+05 1.691854955096847843e+05 2.438643622828250227e+05 5.149691995326077449e+04 1.495174336867671627e+04 8.307356671934778205e+03
8.877320521462224133e+04 8.877319157507132331e+04 8.877305966892326251e+04 7.631467905677741510e+04 3.235100075724186026e+05 8.877303581791721808e+04 8.877266855356052110e+04 8.877309880245941167e+04 7.445919492689879553e+04 8.877319266843354853e+04 8.853577220519774710e+04 1.315842329485451410e+04 4.723688200886782579e+04 4.730464392386990949e+04 8.877306546586155309e+04 3.831648110827888740e+04 6.466081361622388795e+04 8.877293454111287429e+04 6.645435991726622160e+04 4.185956960366237909e+05 1.412214868379415711e+05 2.206080207018823712e+05 5.636375351078998210e+04 8.877275758825686353e+04 8.794245077744311129e+04
7.755800207034402410e+04 7.755798045405310404e+04 7.755792174142377917e+04 5.430200648214700777e+04 3.118820022286512540e+05 7.755785467082087416e+04 7.755748781258275267e+04 7.755798788282937312e+04 9.688443527961002837e+04 7.755800342699751491e+04 7.423572060927552229e+04 4.723688200886782579e+04 6.004260072064254928e+03 6.975233794029585260e+04 7.755793197572726058e+04 6.286161218594753882e+04 4.264827108433944522e+04 7.755783766591947642e+04 8.898663661118612799e+04 4.069677305390897673e+05 1.342331434515969595e+05 2.089807936185723520e+05 3.435125645957499364e+04 7.755768724792714056e+04 6.593008415210751991e+04
1.046533216861596447e+05 1.046532783682466688e+05 1.046531069250825967e+05 9.302546582758294244e+04 3.235100033869645558e+05 1.046530411677316733e+05 1.046527929877792776e+05 1.046532184937489510e+05 6.200054745083099988e+04 1.046533322057675105e+05 1.046533262711037823e+05 4.730464392386990949e+04 6.975233794029585260e+04 1.906513632084445271e+04 1.046532187739941146e+05 4.070052797075839771e+04 8.137161296392804070e+04 1.046530285283346020e+05 5.365815494946557010e+04 4.185956893217161414e+05 1.374323171182495425e+05 2.206086189544953522e+05 7.307466984028085426e+04 1.046528022559599194e+05 1.046533524418539018e+05
1.162969361952029067e+04 1.565951465849056756e+00 1.584462182242261763e+00 3.488565355574419664e+04 3.467653548054405837e+05 1.453491176849869726e+00 1.162918350822597677e+04 1.162965808174820631e+04 1.201571298559937713e+05 1.162964835729052356e+04 1.495203112826773940e+04 8.877306546586155309e+04 7.755793197572726058e+04 1.046532187739941146e+05 7.716039656712375683e-01 9.776250400133008952e+04 4.718440141789237532e+04 1.162940384748210090e+04 1.128131178656646225e+05 4.418510363284902996e+05 1.691853145470790623e+05 2.438641341112232767e+05 6.644716393771086587e+04 1.363605284677231744e+00 2.325772296582407216e+04
9.776264941175022977e+04 9.776260902987606823e+04 9.776257148778250848e+04 8.613472113349723804e+04 3.235099936777522089e+05 9.776244030605687294e+04 9.776206802804709878e+04 9.776254481112300709e+04 6.889135572783673706e+04 9.776269234700375819e+04 9.776253927553015819e+04 3.831648110827888740e+04 6.286161218594753882e+04 4.070052797075839771e+04 9.776250400133008952e+04 2.255461163793499509e+04 7.448094735791107814e+04 9.776231896209887054e+04 6.061778204228453978e+04 4.185956520396470441e+05 1.394739844676780631e+05 2.206087801014766446e+05 6.618401334724221670e+04 9.776225513953335758e+04 9.776264982177673664e+04
4.718452153404246928e+04 4.718454426505506126e+04 4.718450476924316899e+04 1.230063139091550147e+04 3.235099134080084623e+05 4.718437026682833675e+04 4.718395345942147833e+04 4.718455583597646182e+04 9.687570208340330282e+04 4.718449513923700579e+04 3.223419524643101613e+04 6.466081361622387340e+04 4.264827108433944522e+04 8.137161296392804070e+04 4.718440141789237532e+04 7.448094735791107814e+04 1.265112748361927288e+03 4.718435418448042765e+04 8.953168762384190632e+04 4.185956099791392335e+05 1.458265517657549353e+05 2.206086159688142070e+05 1.990948087386904444e+04 4.718416969723792863e+04 2.392858686107618632e+04
1.595879547892626427e+00 1.162954055092891758e+04 1.162955051911432383e+04 3.488554817006133817e+04 3.467653299972459790e+05 1.162936157946220010e+04 1.051459499866048475e+00 1.653280131091188876e+00 1.201569802673527447e+05 1.635132264449844497e+00 1.495188081350397988e+04 8.877293454111287429e+04 7.755783766591947642e+04 1.046530285283346020e+05 1.162940384748210090e+04 9.776231896209887054e+04 4.718435418448042765e+04 7.348177345334602206e-01 1.128129352804314694e+05 4.418510678914187592e+05 1.691852013324335858e+05 2.438640945701492892e+05 6.644704829549702117e+04 1.162915952157206084e+04 2.325760042434808929e+04
1.128133312325844308e+05 1.128132063708089845e+05 1.128131626113076927e+05 1.011854921556222253e+05 3.233856876450577402e+05 1.128130634721453680e+05 1.128127665256442706e+05 1.128132117140966293e+05 4.251324353960678127e+04 1.128133266750755429e+05 1.128133289613658999e+05 6.645435991726622160e+04 8.898663661118612799e+04 5.365815494946557010e+04 1.128131178656646225e+05 6.061778204228456161e+04 8.953168762384193542e+04 1.128129352804314694e+05 2.644419997543985664e+04 4.184714613990162034e+05 1.258042816016732104e+05 2.136290610529918922e+05 8.914475800288573373e+04 1.128127512843253644e+05 1.128133679648495745e+05
4.418512408317085938e+05 4.418511507352896733e+05 4.418512070341970539e+05 4.302234708405823330e+05 2.752805159911717055e+05 4.418510897174176644e+05 4.418509879728684900e+05 4.418512420809025061e+05 4.175893253723693197e+05 4.418513106477350229e+05 4.418514038542864728e+05 4.185956960366237327e+05 4.069677305390897673e+05 4.185956893217161414e+05 4.418510363284902996e+05 4.185956520396470441e+05 4.185956099791392335e+05 4.418510678914188175e+05 4.184714613990162034e+05 1.551020087491073064e+05 3.715020095732482732e+05 3.458420888254445745e+05 4.185956987578656408e+05 4.418510648291188409e+05 4.418514630113694002e+05
1.691854609374702850e+05 1.691853569840624405e+05 1.691852750089112378e+05 1.575576646018585598e+05 2.967383433163775480e+05 1.691852143745505891e+05 1.691849938451938215e+05 1.691853880833086732e+05 1.222479328769333224e+05 1.691854624175021017e+05 1.691854955096847843e+05 1.412214868379415711e+05 1.342331434515969595e+05 1.374323171182495134e+05 1.691853145470790623e+05 1.394739844676780340e+05 1.458265517657549353e+05 1.691852013324335858e+05 1.258042816016732104e+05 3.715020095732482732e+05 6.444127263397142087e+04 1.632992922935136885e+05 1.458609549538554566e+05 1.691850365139293135e+05 1.691855455775134324e+05
2.438642359203677333e+05 2.438642065309802420e+05 2.438641662246008927e+05 2.322364695670404180e+05 2.273479717894747155e+05 2.438640662878912699e+05 2.438639094746563933e+05 2.438641990211811499e+05 2.106275312008023902e+05 2.438642592943189666e+05 2.438643622828250227e+05 2.206080207018823712e+05 2.089807936185723520e+05 2.206086189544953522e+05 2.438641341112233058e+05 2.206087801014766446e+05 2.206086159688142070e+05 2.438640945701492892e+05 2.136290610529918922e+05 3.458420888254445745e+05 1.632992922935136885e+05 8.131733371765303309e+04 2.206086815729552472e+05 2.438639227247318777e+05 2.438644244493092701e+05
6.644723976681026397e+04 6.644723364873100945e+04 6.644712820144828584e+04 3.156331931334721958e+04 3.235099585214439430e+05 6.644712183948645543e+04 6.644670359423501941e+04 6.644718292891125020e+04 9.688441137699940009e+04 6.644721888669414329e+04 5.149691995326077449e+04 5.636375351078998938e+04 3.435125645957499364e+04 7.307466984028086881e+04 6.644716393771086587e+04 6.618401334724224580e+04 1.990948087386904444e+04 6.644704829549702117e+04 8.914475800288573373e+04 4.185956987578656408e+05 1.458609549538554566e+05 2.206086815729552472e+05 5.607003963598692280e+03 6.644686311136030417e+04 4.319119000556936953e+04
1.162950276338710319e+04 1.481497864189711189e+00 1.389856956181934944e+00 3.488540172071946290e+04 3.467652739314535866e+05 1.247976545935878256e+00 1.162891181788557878e+04 1.162942248904315056e+04 1.201568504596144194e+05 1.162949545458123794e+04 1.495174336867671263e+04 8.877275758825686353e+04 7.755768724792714056e+04 1.046528022559599340e+05 1.363605284677231744e+00 9.776225513953335758e+04 4.718416969723792863e+04 1.162915952157206084e+04 1.128127512843253498e+05 4.418510648291188409e+05 1.691850365139293426e+05 2.438639227247318777e+05 6.644686311136030417e+04 6.537574542738299188e-01 2.325744566499229040e+04
2.325777135994223136e+04 2.325777235498405571e+04 2.325771387669230535e+04 1.162982372415348254e+04 3.467657020908181439e+05 2.325769370188735775e+04 2.325723762497322605e+04 2.325775577288344721e+04 1.201574114642651548e+05 2.325770822965014304e+04 8.307356671934778205e+03 8.794245077744311129e+04 6.593008415210751991e+04 1.046533524418539018e+05 2.325772296582407216e+04 9.776264982177673664e+04 2.392858686107618632e+04 2.325760042434808929e+04 1.128133679648495745e+05 4.418514630113694584e+05 1.691855455775134324e+05 2.438644244493092701e+05 4.319119000556936953e+04 2.325744566499229040e+04 8.073182464033246131e-01
