4.665429927214527197e+03 8.879147556752039236e+03 4.216826306551275047e+04 4.651900900815749192e+05 1.469564906600988434e+04 1.469513806289489730e+04 2.418281498264732945e+05 3.906387203864392359e+05 1.469561655850120405e+04 1.469546141021540097e+04 1.469560769965776308e+04 1.469559722911790413e+04 5.713396544314554922e+04 1.469560665082982086e+04 1.376890749435992911e+05 9.544392350837404956e+04 1.658792505776019243e+05 1.469558313452703442e+04 2.694056474204333426e+04 2.998861098380255280e+05 1.367515198986321593e+04 1.979275443072768685e+05 7.822145372194927768e+04 1.084524634995155648e+05 1.469536709988369148e+04
8.879147556752039236e+03 1.250668162050689034e+03 3.755098147993682505e+04 4.611083720972925657e+05 2.357327673423860688e+04 2.357274250467658567e+04 2.418282163609736890e+05 3.865571942615469452e+05 2.357321418759272638e+04 2.357306098737379216e+04 2.357331903419433729e+04 2.357323116723280327e+04 4.897060392138526367e+04 2.357321553982770638e+04 1.376890434296377352e+05 9.165379388385002676e+04 1.658791708429228747e+05 2.357319609992901314e+04 2.214457063923114401e+04 2.958046077232300886e+05 2.255281219562654223e+04 1.979275476897941844e+05 7.005814276473106293e+04 1.084525561828775972e+05 2.357296145400360547e+04
4.216826306551275047e+04 3.755098147993682505e+04 5.490772648789372397e+03 4.439656933481665328e+05 5.176014824994724768e+04 5.175965645018204668e+04 2.132059449188213912e+05 3.694142592985966476e+05 5.176000278540795989e+04 5.175999245478127705e+04 5.176010631251197628e+04 5.176024484305945225e+04 2.691708822038974540e+04 5.175998742781712645e+04 1.091048847312577273e+05 7.261752689975645626e+04 1.372950148878355103e+05 5.176021012866328965e+04 1.665786063594952793e+04 2.786617646341551444e+05 5.135921409160264739e+04 1.693433559991405345e+05 4.943323330790824548e+04 7.986812075087119592e+04 5.175985574652437208e+04
4.651900900815749192e+05 4.611083720972925657e+05 4.439656933481665328e+05 1.175987555787093443e+05 4.668226652233477798e+05 4.668224112870551180e+05 3.687173604226071620e+05 2.538762696977337473e+05 4.668225612984508625e+05 4.668224680980559788e+05 4.668227268775125267e+05 4.668226159447156824e+05 4.382513528119663242e+05 4.668224918986973935e+05 4.153942336390180280e+05 4.191017811780850170e+05 4.058704509604613413e+05 4.668225122884344892e+05 4.553942471327612875e+05 3.225881909337181132e+05 4.668225430594387581e+05 3.866103267893615412e+05 4.268228090138316620e+05 4.300881845283922739e+05 4.668224348528782721e+05
1.469564906600988070e+04 2.357327673423860688e+04 5.176014824994724768e+04 4.668226652233477798e+05 6.438751422177176886e-01 1.142979589956139716e+04 2.418281162392365222e+05 3.922712534526842646e+05 1.143008225696763657e+04 1.143011577090358696e+04 1.533168505465106524e+00 1.425263768948826781e+00 6.611361453859845642e+04 1.143006878721527937e+04 1.376890122300042713e+05 9.695981286928216286e+04 1.658791278060476470e+05 1.363291093663865583e+00 4.000183235463937308e+04 3.015188047061390826e+05 3.062680505377552436e+03 1.979273590420582041e+05 8.148681592326788814e+04 1.084523572727507999e+05 1.143000811170415363e+04
1.469513806289489730e+04 2.357274250467658567e+04 5.175965645018204668e+04 4.668224112870551762e+05 1.142979589956139716e+04 3.736583886368758378e-01 2.418276855163654545e+05 3.922710806240284583e+05 1.044250652447618055e+00 8.821061233832668824e-01 1.142987821044285556e+04 1.142978803019439692e+04 6.611307050545452512e+04 9.848908896433532512e-01 1.376885581410667801e+05 9.695941059140391008e+04 1.658787070547311159e+05 1.142970850661070654e+04 4.000138116281967814e+04 3.015184227638780139e+05 9.388881201180640346e+03 1.979270441902707971e+05 8.148627531282792916e+04 1.084519596273099014e+05 7.419597746533498350e-01
2.418281498264732945e+05 2.418282163609736890e+05 2.132059449188213912e+05 3.687173604226071620e+05 2.418281162392365513e+05 2.418276855163654254e+05 5.627528325929128914e+04 2.852220823854258051e+05 2.418279562853144016e+05 2.418278446051402716e+05 2.418281212781174108e+05 2.418280518422394525e+05 2.189372829437230830e+05 2.418279096373541979e+05 1.665413369061528938e+05 2.080529398613661760e+05 1.414520347014701983e+05 2.418280286591951735e+05 2.246854238346871571e+05 1.712450305774580047e+05 2.418280216733327252e+05 1.178821797869716538e+05 2.132229873341379862e+05 1.891513907004257198e+05 2.418277685194442747e+05
3.906387203864392359e+05 3.865571942615469452e+05 3.694142592985966476e+05 2.538762696977337473e+05 3.922712534526842646e+05 3.922710806240284583e+05 2.852220823854258051e+05 9.989176892276373110e+04 3.922711046376022859e+05 3.922711392220558482e+05 3.922712485432924004e+05 3.922713142165858299e+05 3.637001363390438491e+05 3.922710786939702230e+05 3.408429720342340879e+05 3.511830142714139074e+05 3.313191566819566069e+05 3.922712721822446911e+05 3.808428657960888813e+05 2.302783202143172675e+05 3.922710791949672857e+05 3.160029178588715731e+05 3.522715812456330750e+05 3.555367861105084303e+05 3.922711293549141265e+05
1.469561655850120405e+04 2.357321418759272638e+04 5.176000278540795989e+04 4.668225612984508625e+05 1.143008225696763657e+04 1.044250652447618055e+00 2.418279562853144016e+05 3.922711046376022859e+05 6.240147591453654163e-01 1.301214953252550988e+00 1.143024809317538165e+04 1.143023935153693674e+04 6.611353804795733595e+04 1.168891860112880154e+00 1.376888549332788680e+05 9.695973647072119638e+04 1.658789568506809301e+05 1.143011911813164079e+04 4.000173801177414134e+04 3.015186259322839323e+05 9.389081655577032507e+03 1.979272342041613301e+05 8.148673171968793031e+04 1.084522341294085491e+05 1.226248625957211402e+00
1.469546141021540097e+04 2.357306098737379216e+04 5.175999245478127705e+04 4.668224680980559788e+05 1.143011577090358696e+04 8.821061233832668824e-01 2.418278446051403298e+05 3.922711392220557318e+05 1.301214953252550988e+00 5.914308469355660236e-01 1.143019242186636802e+04 1.143007356696035095e+04 6.611335584640884190e+04 1.210050073283853500e+00 1.376887599804536148e+05 9.695963251279623364e+04 1.658788854901184968e+05 1.143002276887586049e+04 4.000169981522708258e+04 3.015185562346142251e+05 9.389125202452760277e+03 1.979271933871197107e+05 8.148653061965174857e+04 1.084521634708092461e+05 9.770560707849038629e-01
1.469560769965775944e+04 2.357331903419433729e+04 5.176010631251197628e+04 4.668227268775125267e+05 1.533168505465106524e+00 1.142987821044285556e+04 2.418281212781174108e+05 3.922712485432924586e+05 1.143024809317538165e+04 1.143019242186636802e+04 6.409554395248026060e-01 1.544487427279541247e+00 6.611369927620810631e+04 1.143020289339622468e+04 1.376890442589615413e+05 9.695989089577636332e+04 1.658792221670641738e+05 1.581489777370024052e+00 4.000179910543409642e+04 3.015187878032014123e+05 3.062798551947617398e+03 1.979274738001983205e+05 8.148684962025284767e+04 1.084524025366668793e+05 1.143010318969633408e+04
1.469559722911790413e+04 2.357323116723280327e+04 5.176024484305945225e+04 4.668226159447156824e+05 1.425263768948826781e+00 1.142978803019439692e+04 2.418280518422394525e+05 3.922713142165858299e+05 1.143023935153693674e+04 1.143007356696035095e+04 1.544487427279541247e+00 6.533578835562052767e-01 6.611359072690582252e+04 1.143019416508135510e+04 1.376890661610938550e+05 9.695993250985088525e+04 1.658791760205091559e+05 1.398760166637649904e+00 4.000191855397978361e+04 3.015187347493992420e+05 3.062774877637447389e+03 1.979274181134801474e+05 8.148673773605118913e+04 1.084525024166096700e+05 1.142999924866916081e+04
5.713396544314555649e+04 4.897060392138526367e+04 2.691708822038974540e+04 4.382513528119663242e+05 6.611361453859845642e+04 6.611307050545452512e+04 2.189372829437230830e+05 3.637001363390438491e+05 6.611353804795733595e+04 6.611335584640885645e+04 6.611369927620810631e+04 6.611359072690582252e+04 4.170464560729952609e+03 6.611350668907391082e+04 1.107417448161126522e+05 5.941110869238004670e+04 1.428191840848415159e+05 6.611356370952838915e+04 4.325634595956470730e+04 2.729475796304669348e+05 6.611355865230936615e+04 1.750618926420474600e+05 3.250926071260737081e+04 8.099070949265707168e+04 6.611325362811068771e+04
1.469560665082982086e+04 2.357321553982770274e+04 5.175998742781712645e+04 4.668224918986973935e+05 1.143006878721527937e+04 9.848908896433531401e-01 2.418279096373541979e+05 3.922710786939702230e+05 1.168891860112880154e+00 1.210050073283853500e+00 1.143020289339622468e+04 1.143019416508135510e+04 6.611350668907391082e+04 5.782004925074644142e-01 1.376888289191125077e+05 9.695967308940055955e+04 1.658789068641073536e+05 1.143011051071612746e+04 4.000172607433053781e+04 3.015186007995003602e+05 9.389140386390805361e+03 1.979272177833659225e+05 8.148668756352385390e+04 1.084522077765964787e+05 1.132725867571158895e+00
1.376890749435992911e+05 1.376890434296377352e+05 1.091048847312577564e+05 4.153942336390180280e+05 1.376890122300042422e+05 1.376885581410667801e+05 1.665413369061528938e+05 3.408429720342340879e+05 1.376888549332788680e+05 1.376887599804536148e+05 1.376890442589615122e+05 1.376890661610938550e+05 1.107417448161126813e+05 1.376888289191125077e+05 2.034557400607004092e+04 9.457569775308477983e+04 6.542925358000308916e+04 1.376890290628860530e+05 1.205461700288393331e+05 2.465530455887900898e+05 1.376889800254666479e+05 1.118560853191700880e+05 1.031487540747988533e+05 6.891255275663078646e+04 1.376886639509174856e+05
9.544392350837404956e+04 9.165379388385002676e+04 7.261752689975645626e+04 4.191017811780850170e+05 9.695981286928216286e+04 9.695941059140391008e+04 2.080529398613661469e+05 3.511830142714139074e+05 9.695973647072119638e+04 9.695963251279623364e+04 9.695989089577636332e+04 9.695993250985088525e+04 5.941110869238004670e+04 9.695967308940055955e+04 9.457569775308477983e+04 1.997760193069816160e+04 1.290000202421635331e+05 9.695990234953703475e+04 8.430671045476458676e+04 2.596142193981676246e+05 9.695979228712995246e+04 1.612750466642087558e+05 3.915795751057574671e+04 5.687022141993630066e+04 9.695957487874277285e+04
1.658792505776019243e+05 1.658791708429229038e+05 1.372950148878355103e+05 4.058704509604613995e+05 1.658791278060476470e+05 1.658787070547311159e+05 1.414520347014701983e+05 3.313191566819566069e+05 1.658789568506809301e+05 1.658788854901184968e+05 1.658792221670641738e+05 1.658791760205091850e+05 1.428191840848415159e+05 1.658789068641073536e+05 6.542925358000308916e+04 1.290000202421635331e+05 3.877257835921642982e+04 1.658791484111741302e+05 1.487363360513533989e+05 2.306518815719570266e+05 1.658790339681979967e+05 7.285450541479581443e+04 1.370271664804724569e+05 1.050865332840571355e+05 1.658787945479587070e+05
1.469558313452703442e+04 2.357319609992901314e+04 5.176021012866328965e+04 4.668225122884344892e+05 1.363291093663865805e+00 1.142970850661070654e+04 2.418280286591951735e+05 3.922712721822446911e+05 1.143011911813164079e+04 1.143002276887586049e+04 1.581489777370024052e+00 1.398760166637649904e+00 6.611356370952838915e+04 1.143011051071612746e+04 1.376890290628860530e+05 9.695990234953703475e+04 1.658791484111741302e+05 5.963367370932647349e-01 4.000191532072341215e+04 3.015187003438732354e+05 3.062691534078647237e+03 1.979273900705817796e+05 8.148677353626405238e+04 1.084524392913203192e+05 1.142993602831125099e+04
2.694056474204333426e+04 2.214457063923114401e+04 1.665786063594952793e+04 4.553942471327613457e+05 4.000183235463937308e+04 4.000138116281967814e+04 2.246854238346871571e+05 3.808428657960888813e+05 4.000173801177414134e+04 4.000169981522708258e+04 4.000179910543409642e+04 4.000191855397978361e+04 4.325634595956470730e+04 4.000172607433053781e+04 1.205461700288393331e+05 8.430671045476458676e+04 1.487363360513533989e+05 4.000191532072341215e+04 1.142929060028287313e+04 2.900903639130311785e+05 3.898138301711505483e+04 1.807845777106721071e+05 6.434387731695918046e+04 9.130950048688595416e+04 4.000158502049741219e+04
2.998861098380255280e+05 2.958046077232300886e+05 2.786617646341551444e+05 3.225881909337181132e+05 3.015188047061390826e+05 3.015184227638780721e+05 1.712450305774580047e+05 2.302783202143172675e+05 3.015186259322839323e+05 3.015185562346142833e+05 3.015187878032014123e+05 3.015187347493992420e+05 2.729475796304669348e+05 3.015186007995003602e+05 2.465530455887900898e+05 2.596142193981676246e+05 2.306518815719570266e+05 3.015187003438732354e+05 2.900903639130311785e+05 7.404615453238789632e+04 3.015186633939822786e+05 2.122501134192791069e+05 2.615189825114737614e+05 2.618300186920606648e+05 3.015185191342369653e+05
1.367515198986321593e+04 2.255281219562654223e+04 5.135921409160264739e+04 4.668225430594387581e+05 3.062680505377552436e+03 9.388881201180642165e+03 2.418280216733327543e+05 3.922710791949672857e+05 9.389081655577034326e+03 9.389125202452760277e+03 3.062798551947617398e+03 3.062774877637447389e+03 6.611355865230936615e+04 9.389140386390805361e+03 1.376889800254666479e+05 9.695979228712995246e+04 1.658790339681979676e+05 3.062691534078647692e+03 3.898138301711505483e+04 3.015186633939822786e+05 3.572076135370678912e+03 1.979273184766206832e+05 8.148674717960633279e+04 1.084523279096684855e+05 9.389097289880008248e+03
1.979275443072768685e+05 1.979275476897941844e+05 1.693433559991405345e+05 3.866103267893615412e+05 1.979273590420582041e+05 1.979270441902707971e+05 1.178821797869716538e+05 3.160029178588715731e+05 1.979272342041613301e+05 1.979271933871197107e+05 1.979274738001983205e+05 1.979274181134801474e+05 1.750618926420474600e+05 1.979272177833659225e+05 1.118560853191700880e+05 1.612750466642087558e+05 7.285450541479581443e+04 1.979273900705817796e+05 1.807845777106721071e+05 2.122501134192791069e+05 1.979273184766206832e+05 3.881605705038131418e+04 1.693476295462724520e+05 1.376318453950381081e+05 1.979271427276020695e+05
7.822145372194927768e+04 7.005814276473106293e+04 4.943323330790824548e+04 4.268228090138316620e+05 8.148681592326788814e+04 8.148627531282792916e+04 2.132229873341379862e+05 3.522715812456330750e+05 8.148673171968793031e+04 8.148653061965174857e+04 8.148684962025287678e+04 8.148673773605118913e+04 3.250926071260737444e+04 8.148668756352385390e+04 1.031487540747988533e+05 3.915795751057574671e+04 1.370271664804724278e+05 8.148677353626405238e+04 6.434387731695917319e+04 2.615189825114737614e+05 8.148674717960633279e+04 1.693476295462724520e+05 7.696880309856945132e+03 7.176405801355239237e+04 8.148647425483519328e+04
1.084524634995155648e+05 1.084525561828775972e+05 7.986812075087119592e+04 4.300881845283922739e+05 1.084523572727507999e+05 1.084519596273099014e+05 1.891513907004257198e+05 3.555367861105084303e+05 1.084522341294085491e+05 1.084521634708092461e+05 1.084524025366668793e+05 1.084525024166096700e+05 8.099070949265707168e+04 1.084522077765964787e+05 6.891255275663078646e+04 5.687022141993630794e+04 1.050865332840571355e+05 1.084524392913203192e+05 9.130950048688595416e+04 2.618300186920606648e+05 1.084523279096684855e+05 1.376318453950381081e+05 7.176405801355239237e+04 2.465089231635187389e+04 1.084520723394247034e+05
1.469536709988368966e+04 2.357296145400360547e+04 5.175985574652437208e+04 4.668224348528782721e+05 1.143000811170415363e+04 7.419597746533499460e-01 2.418277685194442747e+05 3.922711293549141847e+05 1.226248625957211402e+00 9.770560707849038629e-01 1.143010318969633408e+04 1.142999924866916081e+04 6.611325362811067316e+04 1.132725867571158895e+00 1.376886639509174856e+05 9.695957487874277285e+04 1.658787945479586779e+05 1.142993602831125099e+04 4.000158502049741219e+04 3.015185191342370235e+05 9.389097289880008248e+03 1.979271427276020404e+05 8.148647425483519328e+04 1.084520723394247034e+05 5.445573034639435983e-01
