1.727211131336056860e+04 2.331671250354888616e+05 2.728435903300932841e+04 4.409486429611213680e+04 1.232508219220174506e+05 1.008420415627771436e+05 1.232510134393255576e+05 5.405229781868110877e+04 1.116455067289727449e+05 1.232508721615851391e+05 1.176485355474324606e+05 1.232506618186124688e+05 1.039164269584232534e+05 3.121336804177984013e+05 1.923820291888469656e+05 1.232510178126013780e+05 1.600300008698794700e+05 6.722850859886629041e+04 2.711762572345225490e+05 8.403548494540258253e+04 1.232509933649327868e+05 1.232505085847003211e+05 1.232509567731263669e+05 1.195158977138344781e+05 2.167537861609077954e+05
2.331671250354888616e+05 5.125624338307304424e+04 2.415702952372548752e+05 2.137848748182023992e+05 2.667801103024393087e+05 2.667803855377702857e+05 2.667801698092008010e+05 2.499736211160339008e+05 1.897516988670517749e+05 2.667801459300413844e+05 2.667799862803472206e+05 2.667799538218261441e+05 2.667802856445696671e+05 1.609512352009185997e+05 1.428262703506009711e+05 2.667801219978237641e+05 1.728533892147375445e+05 2.499737869806257368e+05 1.087250986084318283e+05 2.583770170519041421e+05 2.667803047723093187e+05 2.667799836413399316e+05 2.667802056719613029e+05 2.667799987496343674e+05 1.154966848468737298e+05
2.728435903300932841e+04 2.415702952372548752e+05 8.047950211923990537e+03 6.104071482837082294e+04 1.176485489791437867e+05 8.718657569884843542e+04 1.176486957638710010e+05 3.548796173058739805e+04 1.239880922144372307e+05 1.176486718652316049e+05 1.092450480528173066e+05 1.176482928789492580e+05 9.518475059599676752e+04 3.205369485270587611e+05 2.007855230106888630e+05 1.176486785667902586e+05 1.684332077662393276e+05 5.357305847456086485e+04 2.795796140295393998e+05 7.037967681643103424e+04 1.176487579597717704e+05 1.176482904826901067e+05 1.176487743432432035e+05 1.120460981653919152e+05 2.251573334851175896e+05
4.409486429611213680e+04 2.137848748182023992e+05 6.104071482837081567e+04 2.333477037285782353e+04 1.440237658505427244e+05 1.272173649200430955e+05 1.440240064356908551e+05 8.550465266262824298e+04 7.697944284656678792e+04 1.440238538637754682e+05 1.440238133506562444e+05 1.440236769334161363e+05 1.302917797800473927e+05 2.929260648766005179e+05 1.702084985157139599e+05 1.440240061418213008e+05 1.294529618078667554e+05 9.780556730535354291e+04 2.519685689125040954e+05 1.125114594412793231e+05 1.440240199152112182e+05 1.440234875937075703e+05 1.440239649454501050e+05 1.440237312820173393e+05 1.945802738878861419e+05
1.232508219220174506e+05 2.667801103024393087e+05 1.176485489791438013e+05 1.440237658505427244e+05 3.547260486326438422e-01 4.481941772577254596e+04 6.303668117580349644e+03 1.047394791845389263e+05 1.873124004804795550e+05 9.195280019029221652e-01 8.404361753829631198e+03 9.391109622951567815e-01 3.894390918839001097e+04 3.457466877744973754e+05 2.259953754367054207e+05 8.404717573489777351e+03 2.063505652979712468e+05 9.243844216795505781e+04 3.047892883198042400e+05 7.143011955959694751e+04 1.680817494814387101e+04 8.135807722935726183e-01 1.475197106824384900e+04 5.603239248449044680e+03 2.503670147720502864e+05
1.008420415627771436e+05 2.667803855377702857e+05 8.718657569884843542e+04 1.272173649200430955e+05 4.481941772577254596e+04 3.735232076248185876e+03 4.481943791663199227e+04 6.832490647866312065e+04 1.705060730880134215e+05 4.481945827401304996e+04 3.641595750163817866e+04 4.481926067677895480e+04 1.688389182345815425e+04 3.457468505394679960e+05 2.259956265511900710e+05 4.481955135715766664e+04 1.936433535757822392e+05 5.602380755825444066e+04 3.047895353866432561e+05 3.304860651102328848e+04 4.481937642682318256e+04 4.481907124456536258e+04 4.481950800653165061e+04 3.921705998193530104e+04 2.503672406048970297e+05
1.232510134393255576e+05 2.667801698092007427e+05 1.176486957638710010e+05 1.440240064356908551e+05 6.303668117580349644e+03 4.481943791663198499e+04 3.151738675416229853e+03 1.047394503543633764e+05 1.873125486827761342e+05 6.303620774541987885e+03 1.470710516614251719e+04 6.303677773041026740e+03 3.303535075351863634e+04 3.457468485265416093e+05 2.259954770193796430e+05 2.101955927575068017e+03 2.063506789666771365e+05 9.243849105255573522e+04 3.047894287740472937e+05 7.143008202524863009e+04 1.050565257609546097e+04 6.303539595405361069e+03 8.449330550838199997e+03 1.190596101399663348e+04 2.503672193323609245e+05
5.405229781868110877e+04 2.499736211160339008e+05 3.548796173058739078e+04 8.550465266262824298e+04 1.047394791845389263e+05 6.832490647866312065e+04 1.047394503543633764e+05 1.345996694435255085e+04 1.396259516779360711e+05 1.047395060819857026e+05 9.633592809838049288e+04 1.047391398461391946e+05 8.207862029986227571e+04 3.289402547001208295e+05 2.091889105254961760e+05 1.047395722131505609e+05 1.768365385870874452e+05 2.367074235592558398e+04 2.879829259748660261e+05 4.154758706140331196e+04 1.047396282531118777e+05 1.047391331941734679e+05 1.047396065827856946e+05 9.913694555286965624e+04 2.335607785648812714e+05
1.116455067289727449e+05 1.897516988670517749e+05 1.239880922144372307e+05 7.697944284656678792e+04 1.873124004804795550e+05 1.705060730880134215e+05 1.873125486827761342e+05 1.396259516779360711e+05 4.003135137917541579e+04 1.873124713410851546e+05 1.873124169580738817e+05 1.873123631387503410e+05 1.735804439329026791e+05 2.764194624228695175e+05 1.167326902893419465e+05 1.873125984325136233e+05 6.261211440059197048e+04 1.473968175691638608e+05 2.354618998211595172e+05 1.589514994028683868e+05 1.873126291260197759e+05 1.873121885115255427e+05 1.873125055305791611e+05 1.873123793166190153e+05 1.509113726826924249e+05
1.232508721615851391e+05 2.667801459300413844e+05 1.176486718652316049e+05 1.440238538637754682e+05 9.195280019029221652e-01 4.481945827401304996e+04 6.303620774541987885e+03 1.047395060819857026e+05 1.873124713410851546e+05 2.784476187949599946e-01 8.404502547604804931e+03 1.070169891673337537e+00 3.894395429837826669e+04 3.457468062347576488e+05 2.259953712690246757e+05 8.404693662007277453e+03 2.063506015405812359e+05 9.243846356830507284e+04 3.047893489445165033e+05 7.143020048675754515e+04 1.680811930506883436e+04 9.220990081894517854e-01 1.475193577460563756e+04 5.603395008569620586e+03 2.503671102163727337e+05
1.176485355474324606e+05 2.667799862803472206e+05 1.092450480528173066e+05 1.440238133506562444e+05 8.404361753829631198e+03 3.641595750163817866e+04 1.470710516614251719e+04 9.633592809838049288e+04 1.873124169580738817e+05 8.404502547604804931e+03 3.338614185100449716e-01 8.404256508630798635e+03 3.054040345125005842e+04 3.457465835732974811e+05 2.259952082913935010e+05 1.680808758603443130e+04 2.063504598348455911e+05 8.403501308382386924e+04 3.047892761594376643e+05 6.302655270394843683e+04 2.521154979604765686e+04 8.404212585460329137e+03 2.315539582823447927e+04 2.801780638759972135e+03 2.503670713172095129e+05
1.232506618186124688e+05 2.667799538218261441e+05 1.176482928789492580e+05 1.440236769334161363e+05 9.391109622951567815e-01 4.481926067677895480e+04 6.303677773041026740e+03 1.047391398461391946e+05 1.873123631387503410e+05 1.070169891673337537e+00 8.404256508630798635e+03 3.399714034194871726e-01 3.894364950385453267e+04 3.457465205915441038e+05 2.259951912009214575e+05 8.404567863482681787e+03 2.063504292297970387e+05 9.243829755115431908e+04 3.047892779265625868e+05 7.142982181792805204e+04 1.680804786178427094e+04 5.257749701483058757e-01 1.475187514890250532e+04 5.602915897085068536e+03 2.503669892928577319e+05
1.039164269584232534e+05 2.667802856445696671e+05 9.518475059599678207e+04 1.302917797800473927e+05 3.894390918839001097e+04 1.688389182345815789e+04 3.303535075351863634e+04 8.207862029986227571e+04 1.735804439329026791e+05 3.894395429837826669e+04 3.054040345125005842e+04 3.894364950385453267e+04 8.812176215962499555e+03 3.457468171767683234e+05 2.259955349030035140e+05 3.106566306003426507e+04 1.952179343421507801e+05 6.977770490719941154e+04 3.047895658852061606e+05 4.753472837824322050e+04 2.793686753790716466e+04 3.894360311388640548e+04 2.870239165673974276e+04 3.334148292626763578e+04 2.503673691428555758e+05
3.121336804177984013e+05 1.609512352009185997e+05 3.205369485270587611e+05 2.929260648766005179e+05 3.457466877744973754e+05 3.457468505394679960e+05 3.457468485265416093e+05 3.289402547001208295e+05 2.764194624228695175e+05 3.457468062347576488e+05 3.457465835732974811e+05 3.457465205915440456e+05 3.457468171767683234e+05 5.639899116776215669e+04 2.463117452991791361e+05 3.457468579783146270e+05 2.654482947768319282e+05 3.289403122462962056e+05 1.178910573928520462e+05 3.373435179054028704e+05 3.457468827351648360e+05 3.457466064213114441e+05 3.457469557778338203e+05 3.457465417340371059e+05 2.220960773537502100e+05
1.923820291888469656e+05 1.428262703506009711e+05 2.007855230106888630e+05 1.702084985157139599e+05 2.259953754367054207e+05 2.259956265511900710e+05 2.259954770193796430e+05 2.091889105254961760e+05 1.167326902893419465e+05 2.259953712690246757e+05 2.259952082913935010e+05 2.259951912009214575e+05 2.259955349030035140e+05 2.463117452991791361e+05 1.928791891003467390e+04 2.259953999017494207e+05 7.076763802012462111e+04 2.091888270858997130e+05 2.077690990186015551e+05 2.175922758036788728e+05 2.259956092870743305e+05 2.259951816894022631e+05 2.259956151330541761e+05 2.259951792957751604e+05 6.660897407156022382e+04
1.232510178126013780e+05 2.667801219978237641e+05 1.176486785667902586e+05 1.440240061418213008e+05 8.404717573489777351e+03 4.481955135715766664e+04 2.101955927575067562e+03 1.047395722131505754e+05 1.873125984325136233e+05 8.404693662007277453e+03 1.680808758603443130e+04 8.404567863482681787e+03 3.106566306003426507e+04 3.457468579783146270e+05 2.259953999017494207e+05 3.624787258648348165e-01 2.063506552976382955e+05 9.243860673888769816e+04 3.047895457596789347e+05 7.143013169947126880e+04 8.404819782910806680e+03 8.404499383752539870e+03 6.348393407016952551e+03 1.400689802638620677e+04 2.503673170028946188e+05
1.600300008698794700e+05 1.728533892147375445e+05 1.684332077662393276e+05 1.294529618078667554e+05 2.063505652979712468e+05 1.936433535757822392e+05 2.063506789666771365e+05 1.768365385870874452e+05 6.261211440059198503e+04 2.063506015405812359e+05 2.063504598348456202e+05 2.063504292297970387e+05 1.952179343421507801e+05 2.654482947768319282e+05 7.076763802012463566e+04 2.063506552976382955e+05 1.333285867454230902e+04 1.768366000883485540e+05 2.244910037753335200e+05 1.852399432941794512e+05 2.063508721850977454e+05 2.063504065774064220e+05 2.063507607682090020e+05 2.063504435446489078e+05 1.144804944494192314e+05
6.722850859886629041e+04 2.499737869806257368e+05 5.357305847456086485e+04 9.780556730535354291e+04 9.243844216795505781e+04 5.602380755825444066e+04 9.243849105255573522e+04 2.367074235592558398e+04 1.473968175691638608e+05 9.243846356830507284e+04 8.403501308382386924e+04 9.243829755115431908e+04 6.977770490719939698e+04 3.289403122462962056e+05 2.091888270858997130e+05 9.243860673888769816e+04 1.768366000883485540e+05 3.338538941100598345e-01 2.879829702263551881e+05 2.941303016073967592e+04 9.243844891857389302e+04 9.243809465716045815e+04 9.243858496749414189e+04 8.683609032563075016e+04 2.335605382898614043e+05
2.711762572345225490e+05 1.087250986084318283e+05 2.795796140295393998e+05 2.519685689125040954e+05 3.047892883198042400e+05 3.047895353866432561e+05 3.047894287740473519e+05 2.879829259748660261e+05 2.354618998211595172e+05 3.047893489445165033e+05 3.047892761594376643e+05 3.047892779265625868e+05 3.047895658852061606e+05 1.178910573928520316e+05 2.077690990186015842e+05 3.047895457596789347e+05 2.244910037753335200e+05 2.879829702263551881e+05 3.499354260771259578e+04 2.963862447649445967e+05 3.047894656836513896e+05 3.047891864254464163e+05 3.047894112295151572e+05 3.047892475734609179e+05 1.908343078043662827e+05
8.403548494540258253e+04 2.583770170519041421e+05 7.037967681643103424e+04 1.125114594412793231e+05 7.143011955959694751e+04 3.304860651102328848e+04 7.143008202524863009e+04 4.154758706140330469e+04 1.589514994028683868e+05 7.143020048675754515e+04 6.302655270394843683e+04 7.142982181792805204e+04 4.753472837824322050e+04 3.373435179054028704e+05 2.175922758036788728e+05 7.143013169947126880e+04 1.852399432941794512e+05 2.941303016073967592e+04 2.963862447649445967e+05 2.402169267901240528e+04 7.143013910039712209e+04 7.142975087909073045e+04 7.143017086656163156e+04 6.582761198678197979e+04 2.419640359446941293e+05
1.232509933649327868e+05 2.667803047723093187e+05 1.176487579597717704e+05 1.440240199152112182e+05 1.680817494814387101e+04 4.481937642682318256e+04 1.050565257609546097e+04 1.047396282531118777e+05 1.873126291260197759e+05 1.680811930506883436e+04 2.521154979604765686e+04 1.680804786178427094e+04 2.793686753790716466e+04 3.457468827351648360e+05 2.259956092870743305e+05 8.404819782910806680e+03 2.063508721850977454e+05 9.243844891857389302e+04 3.047894656836513896e+05 7.143013910039712209e+04 3.770418676244446377e-01 1.680782011649242850e+04 2.057311364713861167e+03 2.241038403466058298e+04 2.503671806778226455e+05
1.232505085847003211e+05 2.667799836413399316e+05 1.176482904826901213e+05 1.440234875937075703e+05 8.135807722935726183e-01 4.481907124456536985e+04 6.303539595405361979e+03 1.047391331941734679e+05 1.873121885115255427e+05 9.220990081894517854e-01 8.404212585460329137e+03 5.257749701483059868e-01 3.894360311388641276e+04 3.457466064213114441e+05 2.259951816894022631e+05 8.404499383752541689e+03 2.063504065774064220e+05 9.243809465716045815e+04 3.047891864254463580e+05 7.142975087909073045e+04 1.680782011649243213e+04 1.856469623599175667e-01 1.475165605027536549e+04 5.602932419321396992e+03 2.503668939429695019e+05
1.232509567731263669e+05 2.667802056719613029e+05 1.176487743432432035e+05 1.440239649454501050e+05 1.475197106824384900e+04 4.481950800653165061e+04 8.449330550838201816e+03 1.047396065827856946e+05 1.873125055305791611e+05 1.475193577460563756e+04 2.315539582823447927e+04 1.475187514890250532e+04 2.870239165673974276e+04 3.457469557778338203e+05 2.259956151330541761e+05 6.348393407016952551e+03 2.063507607682090020e+05 9.243858496749414189e+04 3.047894112295151572e+05 7.143017086656163156e+04 2.057311364713861167e+03 1.475165605027536549e+04 3.106558564040909459e+03 2.035417944095220082e+04 2.503672879002489208e+05
1.195158977138344781e+05 2.667799987496343674e+05 1.120460981653919152e+05 1.440237312820173393e+05 5.603239248449044680e+03 3.921705998193530104e+04 1.190596101399663348e+04 9.913694555286965624e+04 1.873123793166190153e+05 5.603395008569620586e+03 2.801780638759972135e+03 5.602915897085068536e+03 3.334148292626762850e+04 3.457465417340371059e+05 2.259951792957751604e+05 1.400689802638620677e+04 2.063504435446488787e+05 8.683609032563075016e+04 3.047892475734609179e+05 6.582761198678197979e+04 2.241038403466058298e+04 5.602932419321396992e+03 2.035417944095220082e+04 3.735166607024319546e+03 2.503669997616125911e+05
2.167537861609078245e+05 1.154966848468737153e+05 2.251573334851175896e+05 1.945802738878861419e+05 2.503670147720502864e+05 2.503672406048970297e+05 2.503672193323609245e+05 2.335607785648812714e+05 1.509113726826924249e+05 2.503671102163727337e+05 2.503670713172095129e+05 2.503669892928577319e+05 2.503673691428555758e+05 2.220960773537502100e+05 6.660897407156022382e+04 2.503673170028946188e+05 1.144804944494192459e+05 2.335605382898614043e+05 1.908343078043662827e+05 2.419640359446941293e+05 2.503671806778226455e+05 2.503668939429695019e+05 2.503672879002489208e+05 2.503669997616125911e+05 2.695066496717332484e+04
