6.758013236239887034e-01 6.563364598681966527e+03 3.275839858326032845e+04 1.815210981826232455e+05 1.199556075033000980e+03 4.405102486160179833e+05 1.666069881714024086e+04 4.014461927350288170e+04 3.550478222279010224e+05 7.875746487845391130e+03 3.938105289101019480e+03 9.280281014265309204e+04 7.875627274208134622e+03 2.270756530916920747e+05 2.559238166505162371e+04 3.938298224766311250e+03 1.343248973381647948e+00 6.839323983239715744e+03 2.826749849348858697e+05 5.643180548588913371e+04 7.850536912788814516e+04 2.181937565468997127e+04 1.511921406997876475e+05 1.175156428376181575e+05 7.875579248984216974e+03
6.563364598681966527e+03 1.750554706516131318e+03 3.013378294877005465e+04 1.815212629850345838e+05 7.761423705696493926e+03 4.405103171873103129e+05 1.403589638154071872e+04 3.751997517683415208e+04 3.550479677540784469e+05 4.422086194478956713e+03 1.049994282478755122e+04 9.280293483886611648e+04 6.563276413051737109e+03 2.270759113296772703e+05 2.296775516871597574e+04 1.050032035256055678e+04 6.563306174572713644e+03 7.599386830403675049e+03 2.826751586518862168e+05 5.643198615396226523e+04 7.850547063535501366e+04 1.919472162579405631e+04 1.511923575194712321e+05 1.175158104718315153e+05 6.563262550890411148e+03
3.275839858326033209e+04 3.013378294877005465e+04 2.150326654649960346e+03 1.761527009932942165e+05 3.395639121117843024e+04 4.351418445999616524e+05 2.230911302505850472e+04 1.708798569461045554e+04 3.496794896728600725e+05 2.571323555007088362e+04 3.669494392528814933e+04 8.405968556896013615e+04 3.669555238078604452e+04 2.217073926429124549e+05 1.504172168347991465e+04 3.669528174471179227e+04 3.275831612305795716e+04 3.669546754232095554e+04 2.773066787193180644e+05 4.336034824469895102e+04 6.805373945509454643e+04 1.847246256089687813e+04 1.458237774323507911e+05 1.121471863278215023e+05 3.669547728639916750e+04
1.815210981826232455e+05 1.815212629850346129e+05 1.761527009932941874e+05 4.476865146320440545e+04 1.815208115131086961e+05 3.683860215997088817e+05 1.815213449566916388e+05 1.736473606183980010e+05 2.805363201734164613e+05 1.815212689665456128e+05 1.815207762481512036e+05 1.485990433393365238e+05 1.815212497908046062e+05 1.241821588712687517e+05 1.795528505260852107e+05 1.815209291404578544e+05 1.815209875416580180e+05 1.815211540543475130e+05 1.981084292601779453e+05 1.678760977964414924e+05 1.581180741372924240e+05 1.815213038902350818e+05 9.535987669435265707e+04 1.234214275341273024e+05 1.815212376185405592e+05
1.199556075033000980e+03 7.761423705696493926e+03 3.395639121117843752e+04 1.815208115131086961e+05 1.667683996232754680e+03 4.405101472099167295e+05 1.785872661560940105e+04 3.894615339402644895e+04 3.550477139818468131e+05 9.073824222844168617e+03 2.739621481186941310e+03 9.233364719412034901e+04 6.677318740496353712e+03 2.270755368097496103e+05 2.679043477419943520e+04 2.739854963076211789e+03 1.199421264656644325e+03 5.641159628275599061e+03 2.826748553442350822e+05 5.523339007705073163e+04 7.730691928619878308e+04 2.301743141936699976e+04 1.511918993170454341e+05 1.175153911191769439e+05 6.677301521475189475e+03
4.405102486160179833e+05 4.405103171873103129e+05 4.351418445999616524e+05 3.683860215997088817e+05 4.405101472099167295e+05 1.222904315288770158e+05 4.405103965264465660e+05 4.326364832503456855e+05 2.582536540914092620e+05 4.405103651070881751e+05 4.405101056858337251e+05 4.107017824595626444e+05 4.405103706645453349e+05 3.440484897646109457e+05 4.385419754311877768e+05 4.405101642616169411e+05 4.405102284131708439e+05 4.405103042711894377e+05 3.072772293025791878e+05 4.272231249498433899e+05 4.218097396291960031e+05 4.405104689248452196e+05 3.864787259051821893e+05 3.964908797352329129e+05 4.405103533028116799e+05
1.666069881714024086e+04 1.403589638154071872e+04 2.230911302505850108e+04 1.815213449566916388e+05 1.785872661560940469e+04 4.405103965264465660e+05 3.844560748185641387e+03 3.045874835832564349e+04 3.550479909148810548e+05 1.157840726055205960e+04 2.059724242799605418e+04 9.183879968692823604e+04 2.059767845913724886e+04 2.270759628396386688e+05 1.410696668952977780e+04 2.059763204499868880e+04 1.666064035833259550e+04 2.059773121712419015e+04 2.826752107735593454e+05 5.530715763865780900e+04 7.738067256722788443e+04 7.784318184618406121e+03 1.511923725483182061e+05 1.175158507019760873e+05 2.059771755998302615e+04
4.014461927350288170e+04 3.751997517683415936e+04 1.708798569461045918e+04 1.736473606183980010e+05 3.894615339402644895e+04 4.326364832503456855e+05 3.045874835832563986e+04 3.667211091009654865e+03 3.471741103895771084e+05 3.473532704766209645e+04 3.620713318860877189e+04 7.979562116830101877e+04 3.620773210734892928e+04 2.192019863755186670e+05 2.611899677679070737e+04 3.620747445601975051e+04 4.014451354082927719e+04 3.620769641730036528e+04 2.748013133163741441e+05 3.087163684520815514e+04 5.702646401699388662e+04 2.785804691986855687e+04 1.433184287629636819e+05 1.096417868720617553e+05 3.620773667140527687e+04
3.550478222279010224e+05 3.550479677540784469e+05 3.496794896728600725e+05 2.805363201734164613e+05 3.550477139818468131e+05 2.582536540914092620e+05 3.550479909148810548e+05 3.471741103895771084e+05 1.058423196342391893e+05 3.550479984071677900e+05 3.550476850340052624e+05 3.291764214925031411e+05 3.550478993045396055e+05 2.557011579251670628e+05 3.530795996887287474e+05 3.550477304814952076e+05 3.550477725258141872e+05 3.550478639385893475e+05 1.986132276586550579e+05 3.417607088848756975e+05 3.356912228376269341e+05 3.550480960897292243e+05 3.037031258904066635e+05 3.094445240980872768e+05 3.550479685177189531e+05
7.875746487845391130e+03 4.422086194478956713e+03 2.571323555007088362e+04 1.815212689665456128e+05 9.073824222844168617e+03 4.405103651070881751e+05 1.157840726055205960e+04 3.473532704766209645e+04 3.550479984071677900e+05 1.309387287399864363e+03 1.181228054631874147e+04 9.280296969306313258e+04 1.098393543349811989e+04 2.270758149647236569e+05 2.165540088792912138e+04 1.181266802470034781e+04 7.875718254202271055e+03 1.120203400001908267e+04 2.826751913639078266e+05 5.643194415989253321e+04 7.850551048539564363e+04 1.788228833048737215e+04 1.511923307121785474e+05 1.175158322465997771e+05 1.098392165036506231e+04
3.938105289101019480e+03 1.049994282478755122e+04 3.669494392528814205e+04 1.815207762481512327e+05 2.739621481186941310e+03 4.405101056858337251e+05 2.059724242799605418e+04 3.620713318860877189e+04 3.550476850340052624e+05 1.181228054631874147e+04 3.913404247444285389e-01 9.126178613614781352e+04 3.938283566678337593e+03 2.270754267160968739e+05 2.952892131615154358e+04 9.344130707405554626e-01 3.938061445773901596e+03 2.902154406660093628e+03 2.826748200298309093e+05 5.249437275798101473e+04 7.456791750926421082e+04 2.575593213174591801e+04 1.511918214998636104e+05 1.175152681453028636e+05 3.938256261182842991e+03
9.280281014265309204e+04 9.280293483886611648e+04 8.405968556896013615e+04 1.485990433393365529e+05 9.233364719412033446e+04 4.107017824595626444e+05 9.183879968692820694e+04 7.979562116830101877e+04 3.291764214925031411e+05 9.280296969306313258e+04 9.126178613614781352e+04 1.726128215734128753e+04 9.126234611549903639e+04 1.974346670736527303e+05 8.745991999038466020e+04 9.126207436210107699e+04 9.280272113027205341e+04 9.126229607010917971e+04 2.523093409588008362e+05 5.970376826638403145e+04 4.282089634316209413e+04 8.938886967736350198e+04 1.058331687229958188e+05 6.226917331372641638e+04 9.126232293841039063e+04
7.875627274208134622e+03 6.563276413051737109e+03 3.669555238078604452e+04 1.815212497908045771e+05 6.677318740496353712e+03 4.405103706645453349e+05 2.059767845913724159e+04 3.620773210734892200e+04 3.550478993045396055e+05 1.098393543349811989e+04 3.938283566678337593e+03 9.126234611549903639e+04 6.836612622918841753e-01 2.270758173061414855e+05 2.952947088567237370e+04 3.938577598882939128e+03 7.875620989053875746e+03 1.037486067074020639e+03 2.826751524219685234e+05 5.249498088314838969e+04 7.456845971523980552e+04 2.575645366263348114e+04 1.511923317679779429e+05 1.175157773707852757e+05 1.403429851148956908e+00
2.270756530916920747e+05 2.270759113296773285e+05 2.217073926429124258e+05 1.241821588712687517e+05 2.270755368097496103e+05 3.440484897646109457e+05 2.270759628396386397e+05 2.192019863755186670e+05 2.557011579251670628e+05 2.270758149647236569e+05 2.270754267160968448e+05 1.974346670736526721e+05 2.270758173061414855e+05 5.170561819793170434e+04 2.251074890038751473e+05 2.270755234237491677e+05 2.270756373677795345e+05 2.270757507104570686e+05 1.739138888642048987e+05 2.134306895201316220e+05 2.047663225290589617e+05 2.270759396670220885e+05 1.568745975035079755e+05 1.766592820903364336e+05 2.270758093819293717e+05
2.559238166505162371e+04 2.296775516871598302e+04 1.504172168347991465e+04 1.795528505260852107e+05 2.679043477419944247e+04 4.385419754311877768e+05 1.410696668952977780e+04 2.611899677679070737e+04 3.530795996887287474e+05 2.165540088792912138e+04 2.952892131615154358e+04 8.745991999038466020e+04 2.952947088567237370e+04 2.251074890038751764e+05 1.969313949174231084e+03 2.952928426859244792e+04 2.559233375568965494e+04 2.952939421487021900e+04 2.807068182848831057e+05 5.052637766330736486e+04 7.259998881213326240e+04 7.369319762631116646e+03 1.492239010360614921e+05 1.155473770563169674e+05 2.952947204261146180e+04
3.938298224766309886e+03 1.050032035256055497e+04 3.669528174471179227e+04 1.815209291404578544e+05 2.739854963076211789e+03 4.405101642616168829e+05 2.059763204499868880e+04 3.620747445601975051e+04 3.550477304814952076e+05 1.181266802470034781e+04 9.344130707405554626e-01 9.126207436210107699e+04 3.938577598882939128e+03 2.270755234237491677e+05 2.952928426859244792e+04 6.304706331358087557e-01 3.938241721930017320e+03 2.902440400519009017e+03 2.826748802900799783e+05 5.249468138196487416e+04 7.456818645202141488e+04 2.575628494848971968e+04 1.511920142786379729e+05 1.175154584004325880e+05 3.938572036294490317e+03
1.343248973381647948e+00 6.563306174572713644e+03 3.275831612305794988e+04 1.815209875416580180e+05 1.199421264656644553e+03 4.405102284131708439e+05 1.666064035833259550e+04 4.014451354082928447e+04 3.550477725258141872e+05 7.875718254202271055e+03 3.938061445773901596e+03 9.280272113027205341e+04 7.875620989053875746e+03 2.270756373677795345e+05 2.559233375568965494e+04 3.938241721930018684e+03 6.588058096218594173e-01 6.839412858289158976e+03 2.826749660456898855e+05 5.643176396512075007e+04 7.850530864260789531e+04 2.181935175345917378e+04 1.511920844958618691e+05 1.175155549939243065e+05 7.875606431706170952e+03
6.839323983239715744e+03 7.599386830403675958e+03 3.669546754232095554e+04 1.815211540543475130e+05 5.641159628275599061e+03 4.405103042711894377e+05 2.059773121712419015e+04 3.620769641730036528e+04 3.550478639385893475e+05 1.120203400001908267e+04 2.902154406660093628e+03 9.126229607010917971e+04 1.037486067074020639e+03 2.270757507104570686e+05 2.952939421487021900e+04 2.902440400519009017e+03 6.839412858289158066e+03 1.527515605830315963e+03 2.826750863096467219e+05 5.249490459974601254e+04 7.456846305102725455e+04 2.575642313852797452e+04 1.511922760829986655e+05 1.175157479110120912e+05 1.037500558885339387e+03
2.826749849348858697e+05 2.826751586518862168e+05 2.773066787193180644e+05 1.981084292601779744e+05 2.826748553442350822e+05 3.072772293025791878e+05 2.826752107735593454e+05 2.748013133163741441e+05 1.986132276586550870e+05 2.826751913639078266e+05 2.826748200298308511e+05 2.523093409588008362e+05 2.826751524219685234e+05 1.739138888642048987e+05 2.807068182848831057e+05 2.826748802900799783e+05 2.826749660456898855e+05 2.826750863096467219e+05 7.928804282908256573e+04 2.693878906442535226e+05 2.643026278141930234e+05 2.826752534331150237e+05 2.248330090023110970e+05 2.333933891662200913e+05 2.826751491416263743e+05
5.643180548588913371e+04 5.643198615396226523e+04 4.336034824469895102e+04 1.678760977964415215e+05 5.523339007705073163e+04 4.272231249498433899e+05 5.530715763865780173e+04 3.087163684520815150e+04 3.417607088848756975e+05 5.643194415989253321e+04 5.249437275798101473e+04 5.970376826638404600e+04 5.249498088314838969e+04 2.134306895201316220e+05 5.052637766330736486e+04 5.249468138196487416e+04 5.643176396512074280e+04 5.249490459974601254e+04 2.693878906442535226e+05 9.948837455749739092e+03 3.406023650622599234e+04 5.245542000212564744e+04 1.300310634259795770e+05 9.423956569480175676e+04 5.249491080458078068e+04
7.850536912788814516e+04 7.850547063535499910e+04 6.805373945509454643e+04 1.581180741372924531e+05 7.730691928619878308e+04 4.218097396291960031e+05 7.738067256722788443e+04 5.702646401699388662e+04 3.356912228376269341e+05 7.850551048539562908e+04 7.456791750926421082e+04 4.282089634316209413e+04 7.456845971523980552e+04 2.047663225290589326e+05 7.259998881213326240e+04 7.456818645202142943e+04 7.850530864260789531e+04 7.456846305102725455e+04 2.643026278141930234e+05 3.406023650622599234e+04 1.996029932212980202e+04 7.452895599537360249e+04 1.236333306733526406e+05 8.296771683676718385e+04 7.456847396631359879e+04
2.181937565468997127e+04 1.919472162579405995e+04 1.847246256089687813e+04 1.815213038902350818e+05 2.301743141936699976e+04 4.405104689248452196e+05 7.784318184618406121e+03 2.785804691986855687e+04 3.550480960897292243e+05 1.788228833048737215e+04 2.575593213174592165e+04 8.938886967736350198e+04 2.575645366263348842e+04 2.270759396670221176e+05 7.369319762631117555e+03 2.575628494848972332e+04 2.181935175345917378e+04 2.575642313852797452e+04 2.826752534331150237e+05 5.245542000212564744e+04 7.452895599537360249e+04 3.945512541908645289e+03 1.511924159176336834e+05 1.174716939625766681e+05 2.575644046724787040e+04
1.511921406997876475e+05 1.511923575194712321e+05 1.458237774323507911e+05 9.535987669435265707e+04 1.511918993170454341e+05 3.864787259051821893e+05 1.511923725483181770e+05 1.433184287629636819e+05 3.037031258904066635e+05 1.511923307121785474e+05 1.511918214998636104e+05 1.058331687229958188e+05 1.511923317679779429e+05 1.568745975035079755e+05 1.492239010360614921e+05 1.511920142786379729e+05 1.511920844958618691e+05 1.511922760829986655e+05 2.248330090023110970e+05 1.300310634259795770e+05 1.236333306733526115e+05 1.511924159176336834e+05 2.653363644347499212e+04 6.676347370044604759e+04 1.511923022212575306e+05
1.175156428376181575e+05 1.175158104718315153e+05 1.121471863278215023e+05 1.234214275341273024e+05 1.175153911191769439e+05 3.964908797352329129e+05 1.175158507019760873e+05 1.096417868720617553e+05 3.094445240980872768e+05 1.175158322465997771e+05 1.175152681453028636e+05 6.226917331372641638e+04 1.175157773707852757e+05 1.766592820903364045e+05 1.155473770563169674e+05 1.175154584004325880e+05 1.175155549939243065e+05 1.175157479110120912e+05 2.333933891662200913e+05 9.423956569480175676e+04 8.296771683676716930e+04 1.174716939625766681e+05 6.676347370044604759e+04 3.003014953445589344e+04 1.175157591602411849e+05
7.875579248984216065e+03 6.563262550890411148e+03 3.669547728639916750e+04 1.815212376185405592e+05 6.677301521475189475e+03 4.405103533028116799e+05 2.059771755998302615e+04 3.620773667140527687e+04 3.550479685177189531e+05 1.098392165036506049e+04 3.938256261182842991e+03 9.126232293841039063e+04 1.403429851148956908e+00 2.270758093819293717e+05 2.952947204261145816e+04 3.938572036294490317e+03 7.875606431706169133e+03 1.037500558885339387e+03 2.826751491416263161e+05 5.249491080458078068e+04 7.456847396631359879e+04 2.575644046724786676e+04 1.511923022212575015e+05 1.175157591602411849e+05 7.142830623909706134e-01
