8.455225133988172956e+02 1.933555441562494671e+05 5.393082238697614957e+04 8.029746169496687799e+03 3.586048796543071512e+04 4.077852362671099836e+05 4.472049744402012266e+02 2.722471541263422696e+05 1.487929145751119358e+05 4.237446018100492802e+04 1.138031988369483588e+05 4.661184382032628491e+04 5.932372312138677808e+04 2.387351457228187064e+05 3.026584155805073351e+03 8.029627203617297710e+03 3.238202618546353769e+05 3.620771152144866064e+05 7.619148286362164072e+04 8.029614318242591253e+03 4.472694505998655927e+02 9.322209192130719020e+04 8.029840269333041761e+03 8.029791257738481363e+03 1.685679253570738365e+04
1.933555441562494671e+05 2.629985001034060042e+04 1.817992966050774849e+05 1.933551977727998164e+05 1.933556512371607532e+05 3.145652302499890793e+05 1.933555502618399623e+05 1.378811078299016226e+05 7.097752527577642468e+04 1.933556022315717128e+05 1.273521888633035414e+05 1.891182947321069951e+05 1.764065333879423270e+05 8.876779898376308847e+04 1.933555347559637739e+05 1.933554130674626795e+05 2.058287430854597478e+05 2.688570209013553686e+05 1.647538761014196207e+05 1.933550672312433599e+05 1.933555523390483577e+05 1.538075530077931471e+05 1.933552979516087798e+05 1.933552600270426774e+05 1.933555256068391027e+05
5.393082238697614957e+04 1.817992966050774849e+05 3.922503522783860717e+03 5.393041228412976488e+04 3.456042429496471595e+04 3.962293056499479571e+05 5.393090882123688789e+04 2.606910777793914604e+05 1.372367130154140759e+05 2.716880362745189632e+04 9.166686628103903786e+04 1.505795304917146677e+04 1.832921047928527332e+04 2.271790633982986619e+05 5.135157955299851164e+04 5.393070531251329521e+04 3.122643501717284089e+05 3.505211034410769353e+05 4.768594974956614169e+04 5.393026284714319627e+04 5.393088107231042522e+04 6.471657174286524241e+04 5.393068948199611623e+04 5.393053750234875042e+04 4.545632471458119107e+04
8.029746169496687799e+03 1.933551977727998456e+05 5.393041228412977944e+04 3.497501871171114773e-01 3.586031841097644792e+04 4.077851198612546432e+05 8.475916159646574670e+03 2.722468909419081174e+05 1.487926228599627502e+05 4.237413265312310978e+04 1.138028039777592494e+05 4.661149049035887583e+04 5.932333629410823050e+04 2.387348843830627447e+05 1.105511665870872275e+04 1.060019051158692660e+00 3.238201119985065307e+05 3.620769379685893073e+05 7.619103113640956872e+04 5.445796860949597695e-01 8.475922333056119896e+03 9.322164553194417385e+04 1.003010495533375179e+00 7.235607743925963620e-01 1.516638274886186628e+04
3.586048796543071512e+04 1.933556512371607532e+05 3.456042429496471595e+04 3.586031841097644792e+04 4.330467232609562416e+03 4.077854142576773302e+05 3.586056405347531108e+04 2.722473104179194197e+05 1.487930129817191628e+05 1.037930846888044107e+04 1.084117478674913000e+05 2.724130661325832989e+04 3.995329322354650503e+04 2.387352596849562833e+05 3.328133670433470252e+04 3.586054562505718059e+04 3.238204834029485355e+05 3.620772523283712217e+05 6.529558330161793128e+04 3.586013131032901583e+04 3.586053641951844475e+04 8.232627402773685753e+04 3.586052020940172952e+04 3.586044494652731373e+04 2.069535166855986608e+04
4.077852362671099836e+05 3.145652302499890793e+05 3.962293056499479571e+05 4.077851198612546432e+05 4.077854142576773302e+05 4.774729237539110909e+04 4.077852755970808794e+05 2.697979819743707194e+05 3.265709411578599247e+05 4.077855221676177462e+05 3.448315290715604206e+05 4.035481755673422595e+05 3.908363873711332562e+05 2.852730332688324852e+05 4.077852829640007694e+05 4.077851984396265470e+05 1.939061535558539035e+05 1.207572575206542242e+05 3.791837449887400726e+05 4.077850391300906776e+05 4.077852492915312178e+05 3.654126451457864023e+05 4.077851446116256411e+05 4.077851596345104044e+05 4.077852874584181700e+05
4.472049744402012266e+02 1.933555502618399623e+05 5.393090882123688789e+04 8.475916159646574670e+03 3.586056405347531108e+04 4.077852755970808794e+05 3.230722056019941224e-01 2.722472551809754223e+05 1.487930194910053106e+05 4.237456672462356801e+04 1.138032310666803969e+05 4.661181615358626004e+04 5.932386781942218659e+04 2.387351922200269764e+05 2.580565161159352556e+03 8.475999454378657902e+03 3.238203925106381648e+05 3.620770485452864086e+05 7.619150309223413933e+04 8.475632233626402012e+03 1.044829581018880571e+00 9.322208496776546235e+04 8.475946067870594561e+03 8.475960237180875993e+03 1.695064531072720274e+04
2.722471541263422696e+05 1.378811078299015935e+05 2.606910777793914604e+05 2.722468909419081174e+05 2.722473104179194197e+05 2.697979819743707194e+05 2.722472551809754223e+05 2.896390350589198351e+04 1.769267707205785846e+05 2.722473285267128958e+05 2.210841668270473892e+05 2.680100957715697587e+05 2.552981931267787586e+05 7.875213164756582410e+04 2.722472535449973657e+05 2.722470814982456504e+05 1.318870935971880099e+05 2.164771040750624670e+05 2.521203456469614757e+05 2.722469003471601754e+05 2.722472136419700691e+05 2.411739301898897684e+05 2.722471305565859657e+05 2.722469481224612682e+05 2.722472843728942680e+05
1.487929145751119358e+05 7.097752527577642468e+04 1.372367130154140468e+05 1.487926228599627502e+05 1.487930129817191628e+05 3.265709411578599247e+05 1.487930194910053106e+05 1.769267707205785846e+05 2.535997157516095467e+04 1.486978484148654097e+05 7.069470403130387422e+04 1.445558360706382082e+05 1.318439473506832728e+05 1.379095922818147519e+05 1.487931023555782158e+05 1.487928840552343754e+05 2.327803384311584232e+05 2.808628041800307110e+05 1.184638281208913686e+05 1.487925481189686107e+05 1.487929926780703536e+05 1.042857567948894139e+05 1.487928150327068288e+05 1.487926661982771766e+05 1.487930910330731422e+05
4.237446018100492802e+04 1.933556022315717128e+05 2.716880362745189632e+04 4.237413265312310978e+04 1.037930846888044289e+04 4.077855221676177462e+05 4.237456672462356801e+04 2.722473285267128958e+05 1.486978484148653806e+05 6.152922721912359521e+03 1.031380210055168864e+05 1.802343222595637417e+04 3.326616433767642593e+04 2.387352760239328200e+05 3.979518836989463307e+04 4.237436618403076864e+04 3.238205180258885375e+05 3.620773436030211160e+05 5.915724249622904608e+04 4.237398929118742672e+04 4.237455005343761877e+04 7.618791216228659323e+04 4.237442117892253009e+04 4.237425788360898150e+04 2.826574694204913612e+04
1.138031988369483588e+05 1.273521888633035414e+05 9.166686628103902331e+04 1.138028039777592494e+05 1.084117478674913000e+05 3.448315290715604206e+05 1.138032310666803969e+05 2.210841668270473892e+05 7.069470403130387422e+04 1.031380210055169009e+05 1.648862972772099238e+04 9.898579539495946665e+04 8.580441075117309811e+04 1.875720751121127396e+05 1.127939156309309765e+05 1.138031083112911729e+05 2.735543863621298224e+05 2.991233765355468495e+05 5.975015222217995324e+04 1.138026314204830851e+05 1.138032617128881102e+05 4.271946443321905826e+04 1.138029634697633883e+05 1.138029021333321143e+05 1.104870964935480151e+05
4.661184382032628491e+04 1.891182947321069951e+05 1.505795304917146859e+04 4.661149049035887583e+04 2.724130661325833353e+04 4.035481755673422595e+05 4.661181615358627459e+04 2.680100957715697587e+05 1.445558360706382082e+05 1.802343222595637417e+04 9.898579539495946665e+04 6.800957362525077770e+03 2.491137122729427938e+04 2.344980511819009262e+05 4.403251459783738392e+04 4.661174514905999240e+04 3.195832171194860712e+05 3.578399827189645148e+05 5.500482658816807088e+04 4.661125184311001067e+04 4.661188753682521929e+04 7.203569963394681690e+04 4.661162999764382403e+04 4.661160953655335470e+04 3.813723212711154338e+04
5.932372312138677808e+04 1.764065333879423270e+05 1.832921047928527332e+04 5.932333629410822323e+04 3.995329322354651231e+04 3.908363873711332562e+05 5.932386781942218659e+04 2.552981931267787586e+05 1.318439473506832728e+05 3.326616433767643321e+04 8.580441075117309811e+04 2.491137122729427574e+04 4.225934794962242449e+03 2.217860919704783882e+05 5.674457585976592964e+04 5.932363873475656146e+04 3.068713026985305478e+05 3.451282410595528199e+05 3.783250445086647960e+04 5.932322233447698818e+04 5.932380946262611542e+04 5.486343370023847092e+04 5.932361555934617354e+04 5.932344216649777081e+04 5.084927693114709109e+04
2.387351457228187064e+05 8.876779898376308847e+04 2.271790633982986619e+05 2.387348843830627447e+05 2.387352596849562833e+05 2.852730332688324852e+05 2.387351922200269764e+05 7.875213164756583865e+04 1.379095922818147519e+05 2.387352760239328200e+05 1.875720751121127396e+05 2.344980511819009262e+05 2.217860919704783882e+05 4.444041582846000529e+04 2.387352255330336629e+05 2.387350941544589004e+05 1.650528726212733018e+05 2.390202578212482331e+05 2.186082056615802285e+05 2.387348370364146540e+05 2.387352162060392438e+05 2.076618928376119875e+05 2.387350818911115639e+05 2.387349308002306789e+05 2.387352817108573217e+05
3.026584155805073351e+03 1.933555347559637739e+05 5.135157955299851164e+04 1.105511665870872275e+04 3.328133670433470252e+04 4.077852829640007694e+05 2.580565161159352556e+03 2.722472535449973657e+05 1.487931023555782158e+05 3.979518836989463307e+04 1.127939156309309765e+05 4.403251459783738392e+04 5.674457585976593691e+04 2.387352255330336629e+05 3.588905992049219094e+03 1.105514676333637908e+04 3.238203220191830769e+05 3.620771544265419361e+05 7.361225765920328558e+04 1.105483760453737159e+04 2.580516049677519732e+03 9.064292788655731420e+04 1.105513906491111084e+04 1.105518533466863846e+04 1.437127975961946140e+04
8.029627203617297710e+03 1.933554130674626504e+05 5.393070531251329521e+04 1.060019051158692660e+00 3.586054562505718059e+04 4.077851984396265470e+05 8.475999454378657902e+03 2.722470814982456504e+05 1.487928840552343754e+05 4.237436618403076864e+04 1.138031083112911729e+05 4.661174514905998512e+04 5.932363873475656146e+04 2.387350941544589004e+05 1.105514676333637908e+04 3.784271145975279804e-01 3.238202355989950011e+05 3.620770256170912762e+05 7.619134680726665829e+04 9.742997882960229283e-01 8.476024094214890283e+03 9.322192109885851096e+04 1.044304207048477817e+00 1.041013024297136491e+00 1.516652708110220738e+04
3.238202618546353769e+05 2.058287430854597769e+05 3.122643501717284089e+05 3.238201119985065307e+05 3.238204834029485355e+05 1.939061535558539035e+05 3.238203925106381648e+05 1.318870935971880099e+05 2.327803384311584232e+05 3.238205180258885375e+05 2.735543863621298224e+05 3.195832171194860130e+05 3.068713026985305478e+05 1.650528726212733018e+05 3.238203220191830769e+05 3.238202355989950011e+05 5.431928882576636533e+04 1.498452610177818860e+05 3.036932837088214583e+05 3.238200252227215096e+05 3.238203253031058703e+05 2.927470811939727282e+05 3.238201852762982016e+05 3.238201496355447453e+05 3.238203810081865522e+05
3.620771152144866064e+05 2.688570209013553686e+05 3.505211034410769353e+05 3.620769379685893073e+05 3.620772523283712217e+05 1.207572575206542242e+05 3.620770485452864086e+05 2.164771040750624670e+05 2.808628041800307110e+05 3.620773436030211160e+05 2.991233765355468495e+05 3.578399827189645148e+05 3.451282410595528199e+05 2.390202578212482331e+05 3.620771544265419361e+05 3.620770256170912762e+05 1.498452610177818860e+05 4.539276669866190787e+04 3.334756055655571399e+05 3.620768301959653036e+05 3.620771055564366980e+05 3.197043533260646509e+05 3.620769564880209509e+05 3.620769558242837666e+05 3.620770222816658206e+05
7.619148286362165527e+04 1.647538761014196498e+05 4.768594974956614897e+04 7.619103113640956872e+04 6.529558330161793856e+04 3.791837449887400726e+05 7.619150309223413933e+04 2.521203456469614757e+05 1.184638281208913686e+05 5.915724249622904608e+04 5.975015222217995324e+04 5.500482658816807088e+04 3.783250445086647960e+04 2.186082056615802576e+05 7.361225765920328558e+04 7.619134680726667284e+04 3.036932837088214583e+05 3.334756055655571399e+05 1.053772760962053326e+04 7.619084393792061019e+04 7.619146942085499177e+04 2.521736024089178682e+04 7.619115323121023539e+04 7.619117718385873013e+04 6.771689664310465741e+04
8.029614318242590343e+03 1.933550672312433599e+05 5.393026284714319627e+04 5.445796860949597695e-01 3.586013131032901583e+04 4.077850391300906776e+05 8.475632233626402012e+03 2.722469003471601754e+05 1.487925481189686107e+05 4.237398929118742672e+04 1.138026314204830851e+05 4.661125184311001067e+04 5.932322233447698818e+04 2.387348370364146540e+05 1.105483760453737159e+04 9.742997882960229283e-01 3.238200252227215096e+05 3.620768301959653036e+05 7.619084393792061019e+04 1.604425135960415583e-01 8.475639973108778577e+03 9.322151925126428250e+04 8.032213096685225651e-01 7.238001960175978189e-01 1.516609366365586720e+04
4.472694505998655927e+02 1.933555523390483577e+05 5.393088107231043250e+04 8.475922333056119896e+03 3.586053641951844475e+04 4.077852492915312178e+05 1.044829581018880571e+00 2.722472136419700691e+05 1.487929926780703536e+05 4.237455005343761877e+04 1.138032617128881102e+05 4.661188753682521929e+04 5.932380946262612269e+04 2.387352162060392438e+05 2.580516049677519732e+03 8.476024094214890283e+03 3.238203253031058703e+05 3.620771055564366980e+05 7.619146942085499177e+04 8.475639973108778577e+03 4.032176680162516402e-01 9.322212828629105934e+04 8.475950322713923015e+03 8.476001441437449103e+03 1.695070211666160321e+04
9.322209192130719020e+04 1.538075530077931471e+05 6.471657174286524969e+04 9.322164553194415930e+04 8.232627402773687209e+04 3.654126451457864023e+05 9.322208496776546235e+04 2.411739301898897684e+05 1.042857567948894139e+05 7.618791216228662233e+04 4.271946443321907282e+04 7.203569963394681690e+04 5.486343370023847820e+04 2.076618928376119875e+05 9.064292788655731420e+04 9.322192109885851096e+04 2.927470811939726700e+05 3.197043533260646509e+05 2.521736024089178682e+04 9.322151925126428250e+04 9.322212828629105934e+04 1.385313667294759034e+04 9.322188791748466610e+04 9.322173375900011160e+04 8.474748742627909814e+04
8.029840269333041761e+03 1.933552979516087798e+05 5.393068948199611623e+04 1.003010495533375179e+00 3.586052020940172952e+04 4.077851446116256411e+05 8.475946067870594561e+03 2.722471305565859657e+05 1.487928150327068288e+05 4.237442117892253009e+04 1.138029634697633883e+05 4.661162999764382403e+04 5.932361555934618809e+04 2.387350818911115930e+05 1.105513906491111084e+04 1.044304207048477817e+00 3.238201852762982016e+05 3.620769564880209509e+05 7.619115323121023539e+04 8.032213096685225651e-01 8.475950322713923015e+03 9.322188791748468066e+04 3.579773763840060075e-01 9.694739732577072333e-01 1.516647425709176241e+04
8.029791257738481363e+03 1.933552600270426774e+05 5.393053750234875042e+04 7.235607743925963620e-01 3.586044494652730646e+04 4.077851596345104044e+05 8.475960237180875993e+03 2.722469481224612682e+05 1.487926661982771766e+05 4.237425788360898150e+04 1.138029021333321143e+05 4.661160953655334743e+04 5.932344216649777081e+04 2.387349308002306789e+05 1.105518533466863846e+04 1.041013024297136491e+00 3.238201496355447453e+05 3.620769558242837666e+05 7.619117718385873013e+04 7.238001960175978189e-01 8.476001441437449103e+03 9.322173375900011160e+04 9.694739732577072333e-01 3.264757864832987799e-01 1.516649016992850375e+04
1.685679253570738365e+04 1.933555256068391027e+05 4.545632471458119107e+04 1.516638274886186628e+04 2.069535166855986608e+04 4.077852874584181700e+05 1.695064531072720274e+04 2.722472843728942680e+05 1.487930910330731422e+05 2.826574694204913612e+04 1.104870964935480151e+05 3.813723212711154338e+04 5.084927693114709109e+04 2.387352817108573217e+05 1.437127975961946140e+04 1.516652708110220738e+04 3.238203810081865522e+05 3.620770222816658206e+05 6.771689664310465741e+04 1.516609366365586720e+04 1.695070211666160321e+04 8.474748742627909814e+04 1.516647425709176241e+04 1.516649016992850557e+04 2.817415958980281630e+03
