1.270557050803523998e+04 7.989044514913462626e+04 1.960969215618050366e+05 7.989078746974594833e+04 7.989041722711568582e+04 1.369159725561222585e+05 6.128594366492801782e+04 6.322409166337140050e+04 4.279393865991550410e+04 7.989060155568679329e+04 7.989064657385903411e+04 7.989074715829141496e+04 4.314247628271139110e+05 7.989009034266395611e+04 7.989013380879910255e+04 7.989023475343133032e+04 7.989071382993923908e+04 7.989053159873659024e+04 7.989073899420342059e+04 7.086297002803684154e+04 7.989088007731309335e+04 7.989049040795156907e+04 3.119141707159638754e+05 7.036684325769754651e+04 7.989082560291430855e+04
7.989044514913462626e+04 1.006965509720131102e+00 2.132388139633092214e+05 8.335408683619923977e+03 1.639981806866120273e+00 1.558241698058524053e+05 9.946328308233313146e+04 2.500216232417169886e+04 5.242827935954773420e+04 1.753176697302121001e+00 5.557382360655113189e+03 8.335321779072039135e+03 4.564245543235774967e+05 1.315396537406278821e+00 1.572497110955787480e+00 1.675418886446490951e+00 8.335308564111792293e+03 1.755327050510623543e+00 8.335299909696008399e+03 2.777999823164669215e+04 1.666878544652773053e+04 1.713622204355238043e+00 3.285804242581821163e+05 3.452608200480195956e+04 1.630645852980702693e+04
1.960969215618050366e+05 2.132388139633092214e+05 9.787996463666905765e+04 2.132390360513094638e+05 2.132387073931064515e+05 1.410476973697979702e+05 1.926190063947203162e+05 2.049057718548219418e+05 1.922266267012785829e+05 2.132389352930596506e+05 2.132389684854682419e+05 2.132390309181827761e+05 4.141131259140337352e+05 2.132385602427701233e+05 2.132386011543822533e+05 2.132386076053692959e+05 2.132390582104180939e+05 2.132388938009559934e+05 2.132389886274987075e+05 1.948363887800190714e+05 2.132391328834901215e+05 2.132388587343972758e+05 2.628951042382925516e+05 1.967709816034395189e+05 2.132390774346974213e+05
7.989078746974594833e+04 8.335408683619923977e+03 2.132390360513094347e+05 1.085663192391677967e+00 8.335316928670106790e+03 1.558245019325578760e+05 9.946362921321320755e+04 2.500227018038600727e+04 5.242858749528012413e+04 8.335461751953729618e+03 2.779783479043963325e+03 1.855888171134788101e+00 4.564246543670919491e+05 8.334857969009955923e+03 8.335207111290519606e+03 8.335284064208441123e+03 1.926899376804112274e+00 8.335426829713851475e+03 1.971157657096844762e+00 2.778014677206907800e+04 8.335423442302946569e+03 8.335418396650517025e+03 3.285806439998412970e+05 3.452626625557309308e+04 7.972979003363247102e+03
7.989041722711568582e+04 1.639981806866120273e+00 2.132387073931064515e+05 8.335316928670106790e+03 9.701900160280975127e-01 1.558240690245461010e+05 9.946317975050202222e+04 2.500210060738493485e+04 5.242826551668807224e+04 1.751797972050378016e+00 5.557354708224916067e+03 8.335250688112004354e+03 4.564244787763862987e+05 1.268705252229514802e+00 1.478413897346119388e+00 1.530164055368376630e+00 8.335225522715558327e+03 1.719981078315793166e+00 8.335204970078511906e+03 2.777993435504352601e+04 1.666873006301164060e+04 1.683732972631484248e+00 3.285803894171231659e+05 3.452604254007702548e+04 1.630637468170318607e+04
1.369159725561222585e+05 1.558241698058524053e+05 1.410476973697979702e+05 1.558245019325579051e+05 1.558240690245461010e+05 5.558228258896779153e+04 1.242009670714464301e+05 1.474911782531945501e+05 1.343703120950398443e+05 1.558243005091106461e+05 1.558243680926043016e+05 1.558244606155181245e+05 4.326235810969010927e+05 1.558238888285459543e+05 1.558239915939289494e+05 1.558240210197364504e+05 1.558244755240447703e+05 1.558243099179119454e+05 1.558243976060913701e+05 1.391578560036791023e+05 1.558246009683459415e+05 1.558242630574163923e+05 2.917256827588711167e+05 1.463007600325107342e+05 1.558245697793487343e+05
6.128594366492801782e+04 9.946328308233316056e+04 1.926190063947203162e+05 9.946362921321320755e+04 9.946317975050202222e+04 1.242009670714464301e+05 3.005425065626386640e+04 8.279694587499625050e+04 7.634290882334759226e+04 9.946339564982525189e+04 9.946346522115638072e+04 9.946359525986212248e+04 4.394767026948881685e+05 9.946294850198763015e+04 9.946300114173856855e+04 9.946309189475810854e+04 9.946357609331807180e+04 9.946339247963235539e+04 9.946356397132026905e+04 9.113025813566541183e+04 9.946371019347009133e+04 9.946332682454025780e+04 3.019447085758859757e+05 8.993973741675786732e+04 9.946365822263924929e+04
6.322409166337140050e+04 2.500216232417169886e+04 2.049057718548219127e+05 2.500227018038600727e+04 2.500210060738493485e+04 1.474911782531945501e+05 8.279694587499625050e+04 1.256862107903268244e+00 4.131738616027458920e+04 2.500226333015854107e+04 2.500225455715761564e+04 2.500229165822993673e+04 4.480913845669863513e+05 2.500164798329049518e+04 2.500190027759047007e+04 2.500202240596582851e+04 2.500227966932195341e+04 2.500223453837308625e+04 2.500226826236783381e+04 1.691033412590018270e+04 1.666882982366963915e+04 2.500217883795079615e+04 3.202473863475195249e+05 2.619283778021299804e+04 1.703120542898295025e+04
4.279393865991550410e+04 5.242827935954773420e+04 1.922266267012785829e+05 5.242858749528012413e+04 5.242826551668807224e+04 1.343703120950398443e+05 7.634290882334759226e+04 4.131738616027458920e+04 1.831442525220099924e+04 5.242841004090396746e+04 5.242848241999062884e+04 5.242857905654488422e+04 4.355310638847999508e+05 5.242783739173758659e+04 5.242794063982161606e+04 5.242809326770520420e+04 5.242854498092880385e+04 5.242832475353007612e+04 5.242856101418923936e+04 3.785036633872515085e+04 5.242864439294460317e+04 5.242829419483232778e+04 3.076870505161076435e+05 3.614117917795902758e+04 5.242863455557529232e+04
7.989060155568679329e+04 1.753176697302121001e+00 2.132389352930596215e+05 8.335461751953729618e+03 1.751797972050378016e+00 1.558243005091106752e+05 9.946339564982523734e+04 2.500226333015854107e+04 5.242841004090396746e+04 1.000436931844524091e+00 5.557338016520480778e+03 8.335375914925331017e+03 4.564245360752561828e+05 1.394033579293518788e+00 1.669038372861303854e+00 1.744212801808017632e+00 8.335325176165526500e+03 1.787611034333276283e+00 8.335288572189740080e+03 2.778009437289138077e+04 1.666886678108472188e+04 1.838641437831620706e+00 3.285805043967433739e+05 3.452621338704231312e+04 1.630649895870548789e+04
7.989064657385903411e+04 5.557382360655112279e+03 2.132389684854682419e+05 2.779783479043964235e+03 5.557354708224917886e+03 1.558243680926043016e+05 9.946346522115638072e+04 2.500225455715761564e+04 5.242848241999062884e+04 5.557338016520480778e+03 3.704760078553404128e+03 2.779728835448345762e+03 4.564245333886839799e+05 5.556964102372125126e+03 5.557258149571792273e+03 5.557345552002518161e+03 2.779667559790671021e+03 5.557448221235521487e+03 2.779622457699503684e+03 2.778010796728148489e+04 1.111327465934206339e+04 5.557389367984909768e+03 3.285805186725342064e+05 3.452622159346774424e+04 1.075093436562947863e+04
7.989074715829140041e+04 8.335321779072039135e+03 2.132390309181827470e+05 1.855888171134787878e+00 8.335250688112004354e+03 1.558244606155181245e+05 9.946359525986212248e+04 2.500229165822993673e+04 5.242857905654488422e+04 8.335375914925331017e+03 2.779728835448345762e+03 1.074881608443650327e+00 4.564246195687815198e+05 8.334834207995825636e+03 8.335179892522481168e+03 8.335245798073045080e+03 1.872427959903123273e+00 8.335344311873266633e+03 1.861797246671682782e+00 2.778015291318435629e+04 8.335505113943147080e+03 8.335365011663319819e+03 3.285806228013838409e+05 3.452627242453351937e+04 7.973053099833403394e+03
4.314247628271138528e+05 4.564245543235774385e+05 4.141131259140336770e+05 4.564246543670918909e+05 4.564244787763862405e+05 4.326235810969010927e+05 4.394767026948881685e+05 4.480913845669862349e+05 4.355310638847998925e+05 4.564245360752561246e+05 4.564245333886839217e+05 4.564246195687814616e+05 1.770195760068414675e+05 4.564243345547537901e+05 4.564243967708566342e+05 4.564244107329769176e+05 4.564246355784180341e+05 4.564245305752063869e+05 4.564245901913138223e+05 4.480914241149921436e+05 4.564247246974223526e+05 4.564245156040752190e+05 3.312164414962541778e+05 4.385676487556184293e+05 4.564246495102618355e+05
7.989009034266395611e+04 1.315396537406278599e+00 2.132385602427700942e+05 8.334857969009955923e+03 1.268705252229514802e+00 1.558238888285459834e+05 9.946294850198763015e+04 2.500164798329049518e+04 5.242783739173758659e+04 1.394033579293518343e+00 5.556964102372126035e+03 8.334834207995825636e+03 4.564243345547538484e+05 5.826951583555817216e-01 1.089695851294058881e+00 1.199219207034318391e+00 8.334818758004081246e+03 1.358140595073756618e+00 8.334812082425693006e+03 2.777945115882308892e+04 1.666824959784716702e+04 1.357223646501298786e+00 3.285801997858654941e+05 3.452554171175906231e+04 1.630592512314051964e+04
7.989013380879910255e+04 1.572497110955787480e+00 2.132386011543822242e+05 8.335207111290519606e+03 1.478413897346119388e+00 1.558239915939289494e+05 9.946300114173856855e+04 2.500190027759047007e+04 5.242794063982161606e+04 1.669038372861303854e+00 5.557258149571792273e+03 8.335179892522481168e+03 4.564243967708566925e+05 1.089695851294059326e+00 8.380656048140588954e-01 1.343541049481280725e+00 8.335143285961945367e+03 1.595336747553891765e+00 8.335119252284421236e+03 2.777967587188983089e+04 1.666862963559115815e+04 1.576252140900091359e+00 3.285803010379415937e+05 3.452575554669990379e+04 1.630625111649654536e+04
7.989023475343131577e+04 1.675418886446490951e+00 2.132386076053692668e+05 8.335284064208441123e+03 1.530164055368376630e+00 1.558240210197364504e+05 9.946309189475810854e+04 2.500202240596582851e+04 5.242809326770520420e+04 1.744212801808017632e+00 5.557345552002517252e+03 8.335245798073045080e+03 4.564244107329769759e+05 1.199219207034318613e+00 1.343541049481280725e+00 8.871620500616317351e-01 8.335191735632828568e+03 1.719387222141640414e+00 8.335188159936231386e+03 2.777984585808284464e+04 1.666870016850153479e+04 1.668054377616196460e+00 3.285803042188721593e+05 3.452590554707603587e+04 1.630634278796322360e+04
7.989071382993923908e+04 8.335308564111792293e+03 2.132390582104180939e+05 1.926899376804112274e+00 8.335225522715558327e+03 1.558244755240447703e+05 9.946357609331807180e+04 2.500227966932195341e+04 5.242854498092880385e+04 8.335325176165526500e+03 2.779667559790671021e+03 1.872427959903123273e+00 4.564246355784180923e+05 8.334818758004081246e+03 8.335143285961945367e+03 8.335191735632828568e+03 1.049340168826025321e+00 8.335314256154846589e+03 1.864528128721546274e+00 2.778014809029574099e+04 8.335479341074944386e+03 8.335342330111798219e+03 3.285805908685231698e+05 3.452627490086241596e+04 7.973086130282248632e+03
7.989053159873660479e+04 1.755327050510623099e+00 2.132388938009559643e+05 8.335426829713851475e+03 1.719981078315793388e+00 1.558243099179119454e+05 9.946339247963235539e+04 2.500223453837308625e+04 5.242832475353007612e+04 1.787611034333276283e+00 5.557448221235521487e+03 8.335344311873266633e+03 4.564245305752065033e+05 1.358140595073756396e+00 1.595336747553891765e+00 1.719387222141640414e+00 8.335314256154846589e+03 1.020410774950591959e+00 8.335319869779294095e+03 2.778004096189234406e+04 1.666883143384309369e+04 1.704014881100133660e+00 3.285804783431511023e+05 3.452610363990904443e+04 1.630650029857438676e+04
7.989073899420342059e+04 8.335299909696008399e+03 2.132389886274987075e+05 1.971157657096844762e+00 8.335204970078511906e+03 1.558243976060913701e+05 9.946356397132025450e+04 2.500226826236783018e+04 5.242856101418923936e+04 8.335288572189740080e+03 2.779622457699503684e+03 1.861797246671683004e+00 4.564245901913139387e+05 8.334812082425693006e+03 8.335119252284421236e+03 8.335188159936231386e+03 1.864528128721546718e+00 8.335319869779294095e+03 1.036291452665962343e+00 2.778013484144768518e+04 8.335473233486509343e+03 8.335334033774943236e+03 3.285805519363061176e+05 3.452626300132774486e+04 7.973103589711291534e+03
7.086297002803684154e+04 2.777999823164669215e+04 1.948363887800190423e+05 2.778014677206908163e+04 2.777993435504352237e+04 1.391578560036791023e+05 9.113025813566541183e+04 1.691033412590018270e+04 3.785036633872515085e+04 2.778009437289138805e+04 2.778010796728148489e+04 2.778015291318435629e+04 4.480914241149921436e+05 2.777945115882309256e+04 2.777967587188983089e+04 2.777984585808284464e+04 2.778014809029574099e+04 2.778004096189234406e+04 2.778013484144768881e+04 7.580832600208963413e+03 2.524390739210440370e+04 2.777999313268604237e+04 3.202474463642929913e+05 1.831223036916341880e+04 2.535418383978848578e+04
7.989088007731309335e+04 1.666878544652773053e+04 2.132391328834900924e+05 8.335423442302946569e+03 1.666873006301163696e+04 1.558246009683459124e+05 9.946371019347009133e+04 1.666882982366963915e+04 5.242864439294460317e+04 1.666886678108472188e+04 1.111327465934205975e+04 8.335505113943147080e+03 4.564247246974224690e+05 1.666824959784716702e+04 1.666862963559115815e+04 1.666870016850153479e+04 8.335479341074944386e+03 1.666883143384309369e+04 8.335473233486509343e+03 2.524390739210440370e+04 1.100111698582308728e+00 1.666880723717539877e+04 3.285807061535235844e+05 3.452629653525882895e+04 3.642683348272670969e+02
7.989049040795156907e+04 1.713622204355238043e+00 2.132388587343972758e+05 8.335418396650517025e+03 1.683732972631484248e+00 1.558242630574163923e+05 9.946332682454025780e+04 2.500217883795079615e+04 5.242829419483232778e+04 1.838641437831620706e+00 5.557389367984909768e+03 8.335365011663319819e+03 4.564245156040752772e+05 1.357223646501298786e+00 1.576252140900091803e+00 1.668054377616196460e+00 8.335342330111798219e+03 1.704014881100133660e+00 8.335334033774943236e+03 2.777999313268604237e+04 1.666880723717539877e+04 9.716382381208730212e-01 3.285804883803190314e+05 3.452606181260653102e+04 1.630646290524423603e+04
3.119141707159638754e+05 3.285804242581821745e+05 2.628951042382925516e+05 3.285806439998412970e+05 3.285803894171231659e+05 2.917256827588711167e+05 3.019447085758859757e+05 3.202473863475194667e+05 3.076870505161076435e+05 3.285805043967433739e+05 3.285805186725342064e+05 3.285806228013838409e+05 3.312164414962542360e+05 3.285801997858654941e+05 3.285803010379415937e+05 3.285803042188722175e+05 3.285805908685231698e+05 3.285804783431511605e+05 3.285805519363061176e+05 3.202474463642929913e+05 3.285807061535235262e+05 3.285804883803190314e+05 1.487105127399717167e+05 3.107236667024518829e+05 3.285806964981573401e+05
7.036684325769754651e+04 3.452608200480195956e+04 1.967709816034395189e+05 3.452626625557309308e+04 3.452604254007701820e+04 1.463007600325107342e+05 8.993973741675786732e+04 2.619283778021299804e+04 3.614117917795902758e+04 3.452621338704231312e+04 3.452622159346774424e+04 3.452627242453351937e+04 4.385676487556183711e+05 3.452554171175906231e+04 3.452575554669990379e+04 3.452590554707603587e+04 3.452627490086241596e+04 3.452610363990904443e+04 3.452626300132775214e+04 1.831223036916341880e+04 3.452629653525882895e+04 3.452606181260653102e+04 3.107236667024518829e+05 2.042108905657039259e+03 3.452627492026922118e+04
7.989082560291432310e+04 1.630645852980702693e+04 2.132390774346974213e+05 7.972979003363247102e+03 1.630637468170318607e+04 1.558245697793487343e+05 9.946365822263923474e+04 1.703120542898295025e+04 5.242863455557529232e+04 1.630649895870548789e+04 1.075093436562947863e+04 7.973053099833403394e+03 4.564246495102618937e+05 1.630592512314051964e+04 1.630625111649654900e+04 1.630634278796322360e+04 7.973086130282248632e+03 1.630650029857438676e+04 7.973103589711291534e+03 2.535418383978848578e+04 3.642683348272670969e+02 1.630646290524423603e+04 3.285806964981573401e+05 3.452627492026921391e+04 6.942551469542805762e+02
