4.542229364163051650e+04 2.389107056380803988e+05 2.389108190720285638e+05 1.266281167333364137e+05 2.389110692269240972e+05 2.389105832882565737e+05 1.606180539884443861e+05 2.389108351634809223e+05 2.389109463406428695e+05 9.708906402639180305e+04 2.389109601705418900e+05 2.389109801942725608e+05 1.988154300623305899e+05 2.389107331788550364e+05 2.261992066844957008e+05 2.389109396891572105e+05 9.608970488726452459e+04 2.389110916085944627e+05 2.134872457918743894e+05 1.492485883812786778e+05 1.892742959625230869e+05 2.134873868106235459e+05 2.098920963167486188e+05 2.389110350529053540e+05 2.050128687105017598e+05
2.389107056380803988e+05 3.689219571900018702e-01 1.009917464873584247e+00 1.520808245667163574e+05 1.280393133002791339e+00 5.446203625406849103e-01 3.205636304138965788e+05 1.062050354886429737e+00 1.159549260307099150e+00 2.837750195822950336e+05 1.307076936401601275e+00 1.283842066371720936e+00 4.459386151440628601e+04 8.274941664759953852e-01 1.271315938325206844e+04 1.221128819491214657e+00 1.742919692883365497e+05 1.307788629233100686e+00 2.542504314685515055e+04 1.223561835071223177e+05 5.891997627667221968e+04 2.542507279819521136e+04 3.633263641595980152e+05 1.312297127149269604e+00 3.389970953415465920e+04
2.389108190720285638e+05 1.009917464873584247e+00 4.326715463764423952e-01 1.520810642412577290e+05 1.572064685835555142e+00 8.765025736078215779e-01 3.205636589008182636e+05 1.109703289161414252e+00 1.261933125133166689e+00 2.837751080841857474e+05 1.507270896229478963e+00 1.624325124656312402e+00 4.459422672516836610e+04 9.141805270130591854e-01 1.271339085597909798e+04 1.379884218354475056e+00 1.742920734732196725e+05 1.613454258491551885e+00 2.542515850397321628e+04 1.223563917994153599e+05 5.892028847824307741e+04 2.542544573965282325e+04 3.633263250989543740e+05 1.637654898015572069e+00 3.390006171999665094e+04
1.266281167333364137e+05 1.520808245667163574e+05 1.520810642412577290e+05 1.551146782876474936e+04 1.520813138677065726e+05 1.520807634694506705e+05 2.348196946799166326e+05 1.520811102742679068e+05 1.520811081872070499e+05 1.856453320206551871e+05 1.520812996304570988e+05 1.520812973827703390e+05 1.074887404590062215e+05 1.520809338702610694e+05 1.393693945372140151e+05 1.520811864321517351e+05 5.133605126869062951e+04 1.520812781865634897e+05 1.266575157926224056e+05 3.758948840735274280e+04 9.639117487967459601e+04 1.266575114624915004e+05 2.840290738936587586e+05 1.520812313231648586e+05 1.181827637445736327e+05
2.389110692269240972e+05 1.280393133002791339e+00 1.572064685835555142e+00 1.520813138677065726e+05 4.635990507766718505e-01 1.109256033716427670e+00 3.205639967608268489e+05 1.561335471732006042e+00 1.563024221726894591e+00 2.837752725252337987e+05 1.493347126615376830e+00 1.418392947266522874e+00 4.459434980861603981e+04 1.492706396730467011e+00 1.271345036949290625e+04 1.501527185190160818e+00 1.742923657060856931e+05 1.634736625726223913e+00 2.542535811029494653e+04 1.223566404995044577e+05 5.892051587793065119e+04 2.542558560453268728e+04 3.633266232791154180e+05 1.632136327825529420e+00 3.390021325135158986e+04
2.389105832882565737e+05 5.446203625406850213e-01 8.765025736078215779e-01 1.520807634694506705e+05 1.109256033716427670e+00 1.870140743118881566e-01 3.205635763124722289e+05 9.891148818088474348e-01 1.025369433109110995e+00 2.837749844307567691e+05 1.056204421925425629e+00 1.108399105319768596e+00 4.459374558691320271e+04 7.617337163202356765e-01 1.271298801110044042e+04 1.020431940250721592e+00 1.742918531553966168e+05 1.108183348777262767e+00 2.542480937625105798e+04 1.223560904458204168e+05 5.891989265429377701e+04 2.542492368733553303e+04 3.633262537021167227e+05 1.129549966975259112e+00 3.389958471471439407e+04
1.606180539884443861e+05 3.205636304138965788e+05 3.205636589008182636e+05 2.348196946799166035e+05 3.205639967608268489e+05 3.205635763124722289e+05 5.271206089392161812e+04 3.205637277249440667e+05 3.205638170237927116e+05 1.071052871165083197e+05 3.205638547348360880e+05 3.205639537497636047e+05 2.838409872931360733e+05 3.205636633851642837e+05 3.078521137051472906e+05 3.205638763528910349e+05 2.159827443696186238e+05 3.205640400933787460e+05 2.951402211900375551e+05 2.483038613153532788e+05 2.745592397574845236e+05 2.951403251543168444e+05 1.179767595363142755e+05 3.205639983681741869e+05 2.866657788084216299e+05
2.389108351634809223e+05 1.062050354886429737e+00 1.109703289161414252e+00 1.520811102742679068e+05 1.561335471732006042e+00 9.891148818088474348e-01 3.205637277249440667e+05 4.090826154851353591e-01 1.136373560754879053e+00 2.837751299513861886e+05 1.478780931798908238e+00 1.610554919177993094e+00 4.459420549071350979e+04 1.157353144799474931e+00 1.271340656027954719e+04 1.308476722446084040e+00 1.742922156378122745e+05 1.708533163188070469e+00 2.542520756757391064e+04 1.223565248895910481e+05 5.892036063612112775e+04 2.542548335950949331e+04 3.633264400162282982e+05 1.697220874840450255e+00 3.390007301135885791e+04
2.389109463406428695e+05 1.159549260307099150e+00 1.261933125133166689e+00 1.520811081872070499e+05 1.563024221726894591e+00 1.025369433109110995e+00 3.205638170237927116e+05 1.136373560754878831e+00 3.991211034305994776e-01 2.837751793072302826e+05 1.472743232666158031e+00 1.600557953316911863e+00 4.459418741390939977e+04 1.340687001127935263e+00 1.271343975775317085e+04 1.292013656021225421e+00 1.742922923873454856e+05 1.732357344156843615e+00 2.542518727043774925e+04 1.223565230307149905e+05 5.892032868602094823e+04 2.542553338667218850e+04 3.633264993089591735e+05 1.652431893424667564e+00 3.390010715434286976e+04
9.708906402639180305e+04 2.837750195822950336e+05 2.837751080841858056e+05 1.856453320206551871e+05 2.837752725252337987e+05 2.837749844307567691e+05 1.071052871165083197e+05 2.837751299513861886e+05 2.837751793072302244e+05 4.319449022399140085e+04 2.837752917418657453e+05 2.837753054246800020e+05 2.470523938099305960e+05 2.837750826373292948e+05 2.710634675961291068e+05 2.837752237644683919e+05 1.628112403112279426e+05 2.837753905197907588e+05 2.583515399080749776e+05 2.039702034670487046e+05 2.377707328426624008e+05 2.583518098323168524e+05 1.631575173015612527e+05 2.837754824695724528e+05 2.498772054926863639e+05
2.389109601705418900e+05 1.307076936401601275e+00 1.507270896229478963e+00 1.520812996304570988e+05 1.493347126615376830e+00 1.056204421925425629e+00 3.205638547348360880e+05 1.478780931798908238e+00 1.472743232666158031e+00 2.837752917418657453e+05 4.721035992137649906e-01 1.546694375536832755e+00 4.459435120622994873e+04 1.413929114931521180e+00 1.271338063254687586e+04 1.386507585163670120e+00 1.742923942149221257e+05 1.714717456270927753e+00 2.542520439103974059e+04 1.223566038533951360e+05 5.892049489148544671e+04 2.542555646492763481e+04 3.633265818012859090e+05 1.698504363372112635e+00 3.390021226717103127e+04
2.389109801942725608e+05 1.283842066371721380e+00 1.624325124656312402e+00 1.520812973827703390e+05 1.418392947266522874e+00 1.108399105319768596e+00 3.205639537497636047e+05 1.610554919177993094e+00 1.600557953316911863e+00 2.837753054246800020e+05 1.546694375536832755e+00 4.830924854968100535e-01 4.459433658863253368e+04 1.503738191735716434e+00 1.271354984581202916e+04 1.608390287796495288e+00 1.742924509257793543e+05 1.544708719458667057e+00 2.542543471340406541e+04 1.223566108361029619e+05 5.892044479041139130e+04 2.542557945286392351e+04 3.633267257376205525e+05 1.688024408746059635e+00 3.390020696259797114e+04
1.988154300623305899e+05 4.459386151440627145e+04 4.459422672516836610e+04 1.074887404590062506e+05 4.459434980861603981e+04 4.459374558691320271e+04 2.838409872931360733e+05 4.459420549071350979e+04 4.459418741390939977e+04 2.470523938099305669e+05 4.459435120622994873e+04 4.459433658863253368e+04 4.891221225536463862e+03 4.459410938277246169e+04 3.188244003213399992e+04 4.459434889130320516e+04 1.296999848114039778e+05 4.459434255069786741e+04 1.917049959679976018e+04 7.776417210804914066e+04 1.432762046661727254e+04 1.917033907602355976e+04 3.266036303257178515e+05 4.459432782295990182e+04 1.069564347426151835e+04
2.389107331788550364e+05 8.274941664759953852e-01 9.141805270130591854e-01 1.520809338702610694e+05 1.492706396730467011e+00 7.617337163202356765e-01 3.205636633851642837e+05 1.157353144799474931e+00 1.340687001127935263e+00 2.837750826373292948e+05 1.413929114931521180e+00 1.503738191735716434e+00 4.459410938277246896e+04 3.907669652845431330e-01 1.271334089113298432e+04 1.369342504399312599e+00 1.742920073067592748e+05 1.531018969304082322e+00 2.542511279193281734e+04 1.223563052451198164e+05 5.892019185117198504e+04 2.542527839373076495e+04 3.633263162826282205e+05 1.528414181041079178e+00 3.389991449957758596e+04
2.261992066844957008e+05 1.271315938325207026e+04 1.271339085597909798e+04 1.393693945372140151e+05 1.271345036949290625e+04 1.271298801110044042e+04 3.078521137051472906e+05 1.271340656027954719e+04 1.271343975775317085e+04 2.710634675961291068e+05 1.271338063254687586e+04 1.271354984581202916e+04 3.188244003213399992e+04 1.271334089113298432e+04 1.271234482371503873e+04 1.271346012971822347e+04 1.615805290350455325e+05 1.271353132957072921e+04 1.271326796765343897e+04 1.096447704640694574e+05 4.620859650380044332e+04 1.271359909898678779e+04 3.506147045886034612e+05 1.271360073642328462e+04 2.118820179642592120e+04
2.389109396891572105e+05 1.221128819491214657e+00 1.379884218354475056e+00 1.520811864321517351e+05 1.501527185190160818e+00 1.020431940250721592e+00 3.205638763528910349e+05 1.308476722446083818e+00 1.292013656021225421e+00 2.837752237644683919e+05 1.386507585163670120e+00 1.608390287796495288e+00 4.459434889130320516e+04 1.369342504399312821e+00 1.271346012971822347e+04 4.269636285827109745e-01 1.742923295805332600e+05 1.660659892415644157e+00 2.542512746527626587e+04 1.223566041161747562e+05 5.892043616859822214e+04 2.542551829424968309e+04 3.633265668041665922e+05 1.747970436168337027e+00 3.390013423403188790e+04
9.608970488726452459e+04 1.742919692883365497e+05 1.742920734732197016e+05 5.133605126869062951e+04 1.742923657060856931e+05 1.742918531553966168e+05 2.159827443696186238e+05 1.742922156378122745e+05 1.742922923873454856e+05 1.628112403112279426e+05 1.742923942149221257e+05 1.742924509257793543e+05 1.296999848114039778e+05 1.742920073067592748e+05 1.615805290350455325e+05 1.742923295805332600e+05 2.663730826923728819e+04 1.742924761213511520e+05 1.488685818569250405e+05 7.703848267201714043e+04 1.195246883413190808e+05 1.488687068251492165e+05 2.651919611680565868e+05 1.742923707519777527e+05 1.403941536873991427e+05
2.389110916085944627e+05 1.307788629233100242e+00 1.613454258491551885e+00 1.520812781865634897e+05 1.634736625726223913e+00 1.108183348777262767e+00 3.205640400933787460e+05 1.708533163188070469e+00 1.732357344156843615e+00 2.837753905197907588e+05 1.714717456270927753e+00 1.544708719458667057e+00 4.459434255069786741e+04 1.531018969304082322e+00 1.271353132957072921e+04 1.660659892415644157e+00 1.742924761213510938e+05 5.073998768324505804e-01 2.542545429068069279e+04 1.223566054198615602e+05 5.892043845039298321e+04 2.542533727250584343e+04 3.633267516677175299e+05 1.645610265044893827e+00 3.390014226101734675e+04
2.134872457918743603e+05 2.542504314685515055e+04 2.542515850397321628e+04 1.266575157926224056e+05 2.542535811029494653e+04 2.542480937625105798e+04 2.951402211900375551e+05 2.542520756757391064e+04 2.542518727043774925e+04 2.583515399080749776e+05 2.542520439103974059e+04 2.542543471340406541e+04 1.917049959679976018e+04 2.542511279193281734e+04 1.271326796765343897e+04 2.542512746527626587e+04 1.488685818569250405e+05 2.542545429068069279e+04 4.970251898552092151e-01 9.693288308933255030e+04 3.349665882624169899e+04 1.625561159934935995e+00 3.379028263398019481e+05 2.542555953964524815e+04 8.476415718547208598e+03
1.492485883812786487e+05 1.223561835071223177e+05 1.223563917994153599e+05 3.758948840735274280e+04 1.223566404995044577e+05 1.223560904458204168e+05 2.483038613153532788e+05 1.223565248895910481e+05 1.223565230307149905e+05 2.039702034670487046e+05 1.223566038533951651e+05 1.223566108361029619e+05 7.776417210804914066e+04 1.223563052451198164e+05 1.096447704640694574e+05 1.223566041161747562e+05 7.703848267201712588e+04 1.223566054198615893e+05 9.693288308933256485e+04 1.839596262918138746e+04 6.482144180177598173e+04 9.693297355507101747e+04 2.934116638080607518e+05 1.223566584459624137e+05 8.845829619700269541e+04
1.892742959625230578e+05 5.891997627667221968e+04 5.892028847824307741e+04 9.639117487967461057e+04 5.892051587793065119e+04 5.891989265429377701e+04 2.745592397574845236e+05 5.892036063612112775e+04 5.892032868602094823e+04 2.377707328426624008e+05 5.892049489148544671e+04 5.892044479041139130e+04 1.432762046661727254e+04 5.892019185117198504e+04 4.620859650380044332e+04 5.892043616859822214e+04 1.195246883413190808e+05 5.892043845039298321e+04 3.349665882624169899e+04 6.482144180177598173e+04 1.229925677372041719e+04 3.349665459937408741e+04 3.173219687790622120e+05 5.892047877971950220e+04 2.502200468110737347e+04
2.134873868106235459e+05 2.542507279819521136e+04 2.542544573965282325e+04 1.266575114624915004e+05 2.542558560453268728e+04 2.542492368733553303e+04 2.951403251543168444e+05 2.542548335950949331e+04 2.542553338667218850e+04 2.583518098323168524e+05 2.542555646492763481e+04 2.542557945286392351e+04 1.917033907602355976e+04 2.542527839373076495e+04 1.271359909898678779e+04 2.542551829424968309e+04 1.488687068251492165e+05 2.542533727250584343e+04 1.625561159934935995e+00 9.693297355507101747e+04 3.349665459937408741e+04 4.585837824495350712e-01 3.379030044589418685e+05 2.542544003831647933e+04 8.476129152780407821e+03
2.098920963167486188e+05 3.633263641595980152e+05 3.633263250989543740e+05 2.840290738936587586e+05 3.633266232791154180e+05 3.633262537021167227e+05 1.179767595363142755e+05 3.633264400162282982e+05 3.633264993089591735e+05 1.631575173015612527e+05 3.633265818012859090e+05 3.633267257376205525e+05 3.266036303257178515e+05 3.633263162826282205e+05 3.506147045886034612e+05 3.633265668041665922e+05 2.651919611680565868e+05 3.633267516677175299e+05 3.379028263398019481e+05 2.934116638080607518e+05 3.173219687790622120e+05 3.379030044589418685e+05 5.069712218079197919e+04 3.633266828166760970e+05 3.294284749692460173e+05
2.389110350529053540e+05 1.312297127149269604e+00 1.637654898015572069e+00 1.520812313231648586e+05 1.632136327825529420e+00 1.129549966975259112e+00 3.205639983681741869e+05 1.697220874840449811e+00 1.652431893424667564e+00 2.837754824695724528e+05 1.698504363372112635e+00 1.688024408746059635e+00 4.459432782295990182e+04 1.528414181041079178e+00 1.271360073642328462e+04 1.747970436168337027e+00 1.742923707519777527e+05 1.645610265044893827e+00 2.542555953964524815e+04 1.223566584459623846e+05 5.892047877971950220e+04 2.542544003831647933e+04 3.633266828166760970e+05 4.289945426890810487e-01 3.390007609486360889e+04
2.050128687105017598e+05 3.389970953415465920e+04 3.390006171999665094e+04 1.181827637445736618e+05 3.390021325135158986e+04 3.389958471471439407e+04 2.866657788084216299e+05 3.390007301135885791e+04 3.390010715434286976e+04 2.498772054926863639e+05 3.390021226717103127e+04 3.390020696259797114e+04 1.069564347426152017e+04 3.389991449957758596e+04 2.118820179642592120e+04 3.390013423403188790e+04 1.403941536873991427e+05 3.390014226101734675e+04 8.476415718547208598e+03 8.845829619700269541e+04 2.502200468110737347e+04 8.476129152780407821e+03 3.294284749692460173e+05 3.390007609486360889e+04 4.882237916595190685e-01
