7.927322160854325921e+04 1.908287073264855135e+05 1.495568369010275637e+05 3.368741497445870191e+05 1.908290759259356710e+05 1.908284665670190298e+05 1.908287438076720864e+05 1.904633352398300485e+05 1.908285993929929391e+05 1.908289729802463262e+05 1.908290129554281593e+05 1.808705374439516745e+05 1.908289106292893994e+05 1.908285853658917185e+05 1.908288785290138330e+05 1.908288902718134050e+05 1.908284062474025704e+05 1.908287533962554589e+05 1.674451470669980627e+05 1.908288746621488535e+05 1.908286093760206422e+05 1.908290145734697871e+05 1.908290493893880630e+05 1.908283105889334111e+05 1.908288457290699589e+05
1.908287073264855135e+05 9.604211164705784842e-01 1.330546900160984078e+05 4.114498604024198721e+05 2.500229624000042895e+04 1.778770046180974340e+00 1.731934954705539154e+00 2.831188673773888149e+05 1.790933133923274134e+00 2.500226483360298516e+04 2.500219495742874278e+04 4.446969866283908777e+04 2.500206889258986848e+04 1.738401037776041269e+00 2.500204598908661137e+04 1.805750737701150501e+04 1.674974208908929230e+00 1.077099579374629002e+03 9.166894602744231815e+04 2.500202621754464053e+04 1.718670352121286049e+00 2.500214498295081285e+04 2.500236638515649247e+04 1.363122556693157295e+00 8.335248371824582136e+03
1.495568369010275346e+05 1.330546900160984078e+05 5.004552605694529484e+04 3.845224353255523602e+05 1.330549963888203201e+05 1.330544307583551563e+05 1.330546603265012091e+05 2.656373304224365274e+05 1.330546098039707576e+05 1.330549649146244337e+05 1.330549940298209549e+05 1.109427761107703118e+05 1.330548901692274958e+05 1.330545608572194760e+05 1.330548944242211874e+05 1.330548561457653705e+05 1.330542950079498696e+05 1.330547316084408667e+05 8.199117562237467791e+04 1.330548705511633598e+05 1.330546601064199349e+05 1.330549511570736067e+05 1.312319847022320027e+05 1.330541971312118112e+05 1.330548005471249926e+05
3.368741497445870191e+05 4.114498604024198721e+05 3.845224353255523019e+05 1.804353316015465534e+05 4.114500117634404451e+05 4.114496937455236912e+05 4.114497939812483964e+05 3.243217135387586313e+05 4.114497745259999647e+05 4.114500725521680433e+05 4.114500436756059062e+05 4.068203983682842809e+05 4.114500514433239587e+05 4.114497098491240758e+05 4.114500067376086954e+05 4.114499287819197052e+05 4.114496714007014525e+05 4.114499205292187398e+05 4.024222770031508408e+05 4.114499556228247238e+05 4.114497810204021516e+05 4.114500379461760167e+05 4.114500980306790443e+05 4.114495912937874673e+05 4.114499183383860509e+05
1.908290759259356710e+05 2.500229624000042895e+04 1.330549963888203201e+05 4.114500117634404451e+05 1.202602195431804910e+00 2.500202870966495175e+04 2.500222954234120698e+04 2.831190259529756149e+05 2.500211479007619710e+04 2.204068188659319194e+00 2.082502745324631199e+00 4.446979705537775590e+04 1.666905004319956424e+04 2.500207497742151463e+04 1.666907540394205716e+04 2.014125884517222221e+04 2.500189085452780273e+04 2.500232290879182256e+04 9.166920969741650333e+04 1.666899690728489077e+04 2.500218092362871903e+04 1.374553536188326507e+04 1.875231483467087673e+04 2.500168239723722945e+04 2.500232764580140429e+04
1.908284665670190298e+05 1.778770046180974340e+00 1.330544307583551563e+05 4.114496937455235748e+05 2.500202870966495175e+04 8.864220414990405805e-01 1.726411860946686083e+00 2.831185976038258523e+05 1.548249190698406164e+00 2.500201704087099279e+04 2.500200847615551902e+04 4.446938402651230717e+04 2.500191906534757072e+04 1.531774370227341198e+00 2.500189813214189417e+04 1.805738348537166894e+04 1.325922640789512386e+00 1.077029293260709210e+03 9.166870488905630191e+04 2.500184812191289166e+04 1.674155419389684374e+00 2.500195606081218284e+04 2.500206428694324859e+04 1.177425238650670281e+00 8.335126398593747581e+03
1.908287438076720864e+05 1.731934954705539154e+00 1.330546603265012091e+05 4.114497939812483964e+05 2.500222954234120698e+04 1.726411860946686083e+00 9.862963628557162021e-01 2.831187866892471793e+05 1.717258437490301493e+00 2.500223153524858571e+04 2.500216972649564923e+04 4.446964558132464299e+04 2.500203103959502914e+04 1.679508817805584142e+00 2.500201750654816715e+04 1.805751064057164695e+04 1.603982101208038413e+00 1.077124936127972887e+03 9.166895803682428959e+04 2.500200495995390156e+04 1.727436175014701369e+00 2.500210055293281039e+04 2.500235851997596546e+04 1.350082603875373488e+00 8.335272789349652157e+03
1.904633352398300485e+05 2.831188673773888149e+05 2.656373304224365274e+05 3.243217135387586313e+05 2.831190259529756149e+05 2.831185976038258523e+05 2.831187866892471793e+05 9.854032991489708365e+04 2.831187098805884016e+05 2.831190965764226275e+05 2.831190287347248523e+05 2.784894871510299272e+05 2.831190600845368463e+05 2.831186620898882393e+05 2.831190030662805657e+05 2.831189354600932566e+05 2.831185583226218005e+05 2.831188886332904804e+05 2.740913360354234464e+05 2.831189720472834888e+05 2.831187627254162217e+05 2.831190634061992168e+05 2.831190721094161854e+05 2.831184974628636846e+05 2.831189445238970802e+05
1.908285993929929682e+05 1.790933133923274134e+00 1.330546098039707867e+05 4.114497745259999647e+05 2.500211479007619710e+04 1.548249190698405942e+00 1.717258437490301937e+00 2.831187098805884016e+05 9.865744778941749615e-01 2.500209358977640295e+04 2.500208342395675936e+04 4.446956940975040925e+04 2.500202271787511927e+04 1.579497480433992962e+00 2.500193272215127581e+04 1.805742140405791361e+04 1.511532442139967625e+00 1.077137623766259367e+03 9.166885796356246283e+04 2.500193988265076405e+04 1.628883055462559737e+00 2.500205590982643116e+04 2.500223797940330041e+04 1.296882763410191153e+00 8.335197291805552595e+03
1.908289729802463262e+05 2.500226483360298516e+04 1.330549649146244046e+05 4.114500725521679851e+05 2.204068188659318750e+00 2.500201704087099279e+04 2.500223153524858571e+04 2.831190965764226275e+05 2.500209358977640295e+04 1.120674318714620421e+00 2.064815640507997596e+00 4.446975542992573901e+04 1.666896122008281964e+04 2.500211598420598239e+04 1.666898269643762978e+04 2.014120872523941944e+04 2.500189592482305670e+04 2.500226241227785067e+04 9.166921299864123284e+04 1.666892605534915856e+04 2.500215091279491025e+04 1.374545715636854948e+04 1.875237930692364898e+04 2.500165374382122536e+04 2.500227902594153056e+04
1.908290129554281593e+05 2.500219495742874278e+04 1.330549940298209549e+05 4.114500436756059062e+05 2.082502745324631199e+00 2.500200847615551902e+04 2.500216972649564923e+04 2.831190287347248523e+05 2.500208342395675936e+04 2.064815640507997596e+00 1.123703407413448652e+00 4.446984108333897893e+04 1.666895266760461163e+04 2.500207129619015905e+04 1.666893718501527110e+04 2.014115278316429612e+04 2.500188271966432148e+04 2.500221483343458385e+04 9.166921206016741053e+04 1.666888130333463778e+04 2.500211959452431620e+04 1.374540404780348217e+04 1.875243005973382969e+04 2.500163326152132504e+04 2.500224507002751488e+04
1.808705374439516745e+05 4.446969866283908777e+04 1.109427761107703263e+05 4.068203983682842809e+05 4.446979705537775590e+04 4.446938402651230717e+04 4.446964558132464299e+04 2.784894871510299272e+05 4.446956940975040925e+04 4.446975542992573901e+04 4.446984108333897893e+04 2.249239274915463102e+04 4.446982844161410321e+04 4.446950514273922454e+04 4.446982547133431217e+04 4.446978362739309523e+04 4.446930601819729782e+04 4.339432560759428452e+04 5.781946485177235445e+04 4.446982790936915262e+04 4.446967979800346802e+04 4.203925412026241247e+04 2.571961215908164013e+04 4.446912532571698830e+04 4.339447669336686522e+04
1.908289106292893994e+05 2.500206889258986848e+04 1.330548901692274958e+05 4.114500514433239587e+05 1.666905004319956424e+04 2.500191906534757072e+04 2.500203103959502914e+04 2.831190600845368463e+05 2.500202271787511927e+04 1.666896122008281964e+04 1.666895266760461163e+04 4.446982844161410321e+04 1.038936598564197178e+00 2.500196265000797575e+04 1.887115374894606123e+00 6.946371955472194713e+03 2.500181702333112844e+04 2.500209623480817027e+04 9.166913808603397047e+04 1.909553579234249510e+00 2.500201791944447177e+04 5.355984217307672225e+03 1.875255282222911774e+04 2.500149063385255067e+04 1.774391700145759751e+04
1.908285853658917476e+05 1.738401037776041269e+00 1.330545608572194760e+05 4.114497098491240758e+05 2.500207497742151463e+04 1.531774370227341198e+00 1.679508817805584142e+00 2.831186620898882393e+05 1.579497480433992962e+00 2.500211598420598239e+04 2.500207129619015905e+04 4.446950514273922454e+04 2.500196265000797575e+04 9.432406484483810694e-01 2.500194086151777447e+04 1.805737737618284154e+04 1.458361054065847595e+00 1.077080334090002225e+03 9.166875057013035985e+04 2.500190360342641725e+04 1.669647912755634289e+00 2.500201192899328453e+04 2.500216109026138292e+04 1.217206722261602980e+00 8.335164451253800507e+03
1.908288785290138330e+05 2.500204598908661137e+04 1.330548944242211874e+05 4.114500067376086954e+05 1.666907540394205716e+04 2.500189813214189417e+04 2.500201750654816715e+04 2.831190030662805657e+05 2.500193272215127581e+04 1.666898269643762978e+04 1.666893718501527110e+04 4.446982547133431945e+04 1.887115374894606346e+00 2.500194086151777447e+04 1.040491330824171889e+00 6.946348759573709685e+03 2.500178381135171003e+04 2.500211819356518754e+04 9.166911688574885193e+04 1.836056930535088227e+00 2.500199604867047674e+04 5.356019390561288674e+03 1.875250153830174895e+04 2.500148871758691894e+04 1.774387868613636965e+04
1.908288902718134632e+05 1.805750737701150501e+04 1.330548561457653996e+05 4.114499287819197052e+05 2.014125884517222221e+04 1.805738348537166894e+04 1.805751064057164695e+04 2.831189354600932566e+05 1.805742140405791361e+04 2.014120872523941944e+04 2.014115278316429612e+04 4.446978362739309523e+04 6.946371955472195623e+03 1.805737737618284154e+04 6.946348759573711504e+03 8.102895732853241498e+03 1.805727390292972632e+04 1.805750829757404426e+04 9.166909034468822938e+04 6.946253537833352311e+03 1.805748364007698183e+04 1.085375164954959473e+04 2.135666409930512236e+04 1.805698683922254349e+04 1.079922149430422724e+04
1.908284062474025704e+05 1.674974208908929230e+00 1.330542950079498696e+05 4.114496714007014525e+05 2.500189085452780637e+04 1.325922640789512386e+00 1.603982101208038413e+00 2.831185583226218005e+05 1.511532442139967625e+00 2.500189592482306034e+04 2.500188271966432512e+04 4.446930601819731237e+04 2.500181702333113572e+04 1.458361054065847595e+00 2.500178381135171367e+04 1.805727390292972632e+04 8.056894047680891457e-01 1.076964131837175501e+03 9.166858593450908666e+04 2.500177796567323821e+04 1.598996431689413411e+00 2.500183417841188566e+04 2.500194695895418772e+04 1.019176577365493053e+00 8.335052241592704377e+03
1.908287533962554589e+05 1.077099579374629002e+03 1.330547316084408667e+05 4.114499205292187398e+05 2.500232290879182619e+04 1.077029293260708982e+03 1.077124936127972887e+03 2.831188886332904221e+05 1.077137623766259367e+03 2.500226241227785067e+04 2.500221483343458385e+04 4.339432560759428452e+04 2.500209623480817027e+04 1.077080334090002225e+03 2.500211819356518754e+04 1.805750829757404426e+04 1.076964131837175501e+03 1.874097805753427792e+03 9.149549671827167913e+04 2.500206067915531457e+04 1.077164452011360254e+03 2.500214169237124952e+04 2.392698872133330224e+04 1.076674795773482401e+03 8.196423613625454891e+03
1.674451470669980918e+05 9.166894602744231815e+04 8.199117562237467791e+04 4.024222770031508408e+05 9.166920969741651788e+04 9.166870488905631646e+04 9.166895803682430414e+04 2.740913360354234464e+05 9.166885796356246283e+04 9.166921299864124740e+04 9.166921206016743963e+04 5.781946485177235445e+04 9.166913808603397047e+04 9.166875057013035985e+04 9.166911688574885193e+04 9.166909034468822938e+04 9.166858593450908666e+04 9.149549671827170823e+04 1.966489821754366130e+04 9.166910036839047098e+04 9.166895632187945012e+04 8.964370585962520272e+04 8.129718946037566639e+04 9.166841701396806457e+04 9.149564469900926633e+04
1.908288746621488535e+05 2.500202621754464053e+04 1.330548705511633598e+05 4.114499556228247238e+05 1.666899690728489077e+04 2.500184812191289166e+04 2.500200495995390156e+04 2.831189720472834306e+05 2.500193988265076405e+04 1.666892605534915856e+04 1.666888130333463778e+04 4.446982790936915262e+04 1.909553579234249510e+00 2.500190360342641725e+04 1.836056930535088227e+00 6.946253537833352311e+03 2.500177796567323821e+04 2.500206067915530730e+04 9.166910036839047098e+04 1.018193980365216689e+00 2.500193664854715462e+04 5.355997560362287913e+03 1.875250900049674965e+04 2.500144573233025949e+04 1.774385575394831540e+04
1.908286093760206422e+05 1.718670352121286049e+00 1.330546601064199349e+05 4.114497810204021516e+05 2.500218092362872267e+04 1.674155419389684374e+00 1.727436175014701369e+00 2.831187627254162217e+05 1.628883055462559737e+00 2.500215091279491389e+04 2.500211959452431620e+04 4.446967979800346802e+04 2.500201791944447541e+04 1.669647912755634511e+00 2.500199604867047674e+04 1.805748364007698910e+04 1.598996431689412967e+00 1.077164452011360254e+03 9.166895632187945012e+04 2.500193664854715462e+04 9.775424515960082772e-01 2.500206020882581288e+04 2.500230564949603286e+04 1.320334863518671353e+00 8.335220226357309002e+03
1.908290145734697871e+05 2.500214498295081285e+04 1.330549511570736067e+05 4.114500379461759585e+05 1.374553536188326325e+04 2.500195606081218284e+04 2.500210055293281039e+04 2.831190634061992168e+05 2.500205590982643116e+04 1.374545715636854766e+04 1.374540404780348035e+04 4.203925412026241247e+04 5.355984217307672225e+03 2.500201192899328453e+04 5.356019390561288674e+03 1.085375164954959473e+04 2.500183417841188202e+04 2.500214169237124952e+04 8.964370585962520272e+04 5.355997560362287004e+03 2.500206020882580924e+04 7.573287961851110595e+03 1.632183980621076080e+04 2.500155407014978118e+04 1.938298149842521525e+04
1.908290493893880630e+05 2.500236638515649247e+04 1.312319847022320027e+05 4.114500980306790443e+05 1.875231483467087673e+04 2.500206428694324859e+04 2.500235851997596546e+04 2.831190721094161854e+05 2.500223797940330041e+04 1.875237930692364898e+04 1.875243005973382969e+04 2.571961215908164013e+04 1.875255282222911774e+04 2.500216109026138292e+04 1.875250153830174895e+04 2.135666409930512236e+04 2.500194695895418045e+04 2.392698872133329860e+04 8.129718946037566639e+04 1.875250900049674965e+04 2.500230564949603286e+04 1.632183980621076262e+04 3.126261238781235988e+03 2.500177241175080053e+04 2.392717378811007075e+04
1.908283105889334111e+05 1.363122556693157295e+00 1.330541971312117821e+05 4.114495912937875255e+05 2.500168239723722945e+04 1.177425238650670281e+00 1.350082603875373488e+00 2.831184974628636846e+05 1.296882763410191375e+00 2.500165374382122536e+04 2.500163326152132504e+04 4.446912532571698830e+04 2.500149063385255067e+04 1.217206722261602980e+00 2.500148871758691894e+04 1.805698683922254349e+04 1.019176577365493053e+00 1.076674795773482629e+03 9.166841701396806457e+04 2.500144573233025949e+04 1.320334863518671353e+00 2.500155407014978118e+04 2.500177241175080053e+04 5.745814477233678330e-01 8.334747460402717479e+03
1.908288457290699880e+05 8.335248371824582136e+03 1.330548005471249926e+05 4.114499183383860509e+05 2.500232764580140429e+04 8.335126398593747581e+03 8.335272789349652157e+03 2.831189445238970802e+05 8.335197291805552595e+03 2.500227902594153056e+04 2.500224507002751488e+04 4.339447669336686522e+04 1.774391700145759751e+04 8.335164451253800507e+03 1.774387868613636965e+04 1.079922149430422724e+04 8.335052241592704377e+03 8.196423613625454891e+03 9.149564469900926633e+04 1.774385575394831540e+04 8.335220226357305364e+03 1.938298149842521525e+04 2.392717378811007802e+04 8.334747460402717479e+03 1.874070860837208329e+03
