4.619433495804654011e-01 1.010275343733085720e+04 9.807747243148456619e+04 1.903481322706095525e+05 1.436479616872178955e+00 1.584967505990097836e+00 3.046274772692644619e+05 1.515329778720403920e+04 5.772190960869695118e+04 1.285369123994469565e+00 1.666683944174739299e+05 1.434951987281979813e+00 3.383737992032073089e+05 2.788751872424612520e+04 1.494099466824637679e+00 7.443192845684802705e+02 1.143663037716559305e+00 1.010273719034678470e+04 2.349858949389076442e+05 1.306534620031069935e+05 3.804778476180028520e+05 6.968685036585391208e+04 2.672575123581584776e+05 1.246987765818595939e+00 1.379356547161970870e+00
1.010275343733085720e+04 4.071446922072927133e-01 9.807755309670060524e+04 1.903481235054660065e+05 1.010277114109014474e+04 1.010261245082425557e+04 3.046276815364012145e+05 1.515322356216071785e+04 5.772193258711126691e+04 1.010275309879360429e+04 1.666683039246936096e+05 1.010253551708808664e+04 3.383739409037263831e+05 2.788747252434791881e+04 1.010267299592058589e+04 1.010267211006058642e+04 1.010220583226865892e+04 1.635434983557738633e+03 2.349860182018920896e+05 1.306534648420024459e+05 3.804780640740296803e+05 6.968684405841692933e+04 2.672575092805169988e+05 1.010235945690296467e+04 1.010273380822079343e+04
9.807747243148456619e+04 9.807755309670060524e+04 1.404550404086657909e+04 1.511969277922273031e+05 9.807749782945269544e+04 9.807732123404745653e+04 2.810587553657022654e+05 9.302700762713598670e+04 5.045836526012500690e+04 9.807762405933492118e+04 1.140646688104053464e+05 9.807721563862453331e+04 3.148051224221755401e+05 8.029276651627256069e+04 9.807737301410890359e+04 9.807744492708664620e+04 9.807693664480758889e+04 9.807748527617160289e+04 2.013160262569171900e+05 5.166630711899468588e+04 3.569090913563730428e+05 3.673263647477203631e+04 2.348503356433875451e+05 9.807711418250005227e+04 9.807753202094415610e+04
1.903481322706095525e+05 1.903481235054660065e+05 1.511969277922273322e+05 3.037395879581412373e+04 1.903480589617852238e+05 1.903478258673060918e+05 2.220858262442814885e+05 1.852976231303166714e+05 1.656566824257091212e+05 1.903481292525671888e+05 6.300660750039015693e+04 1.903477994301102881e+05 2.564437755304547318e+05 1.786259487820976356e+05 1.903479154005681921e+05 1.903480366498914955e+05 1.903475327045804588e+05 1.903481558982124552e+05 9.734670074549484707e+04 1.215008300919900503e+05 2.985478534783601644e+05 1.618687704176620173e+05 1.600598751807966037e+05 1.903476749372812337e+05 1.903481072611106792e+05
1.436479616872178955e+00 1.010277114109014474e+04 9.807749782945269544e+04 1.903480589617852238e+05 3.813701968481003624e-01 1.379238073236587425e+00 3.046274204056145973e+05 1.515329227450879989e+04 5.772181071001793316e+04 1.507745464116231560e+00 1.666683122503610794e+05 1.392593626192118350e+00 3.383736857980167842e+05 2.788744780306403118e+04 1.272357421586950865e+00 7.443069775560863945e+02 1.019552649157555502e+00 1.010277203356256177e+04 2.349859145792245108e+05 1.306535274680426664e+05 3.804778781810893561e+05 6.968676186589471763e+04 2.672572887933108723e+05 1.220117805070214168e+00 1.113877065739762084e+00
1.584967505990097836e+00 1.010261245082425557e+04 9.807732123404747108e+04 1.903478258673060918e+05 1.379238073236587203e+00 3.915917547264147758e-01 3.046273544763953541e+05 1.515318393953202394e+04 5.772166341836914944e+04 1.629482533550306922e+00 1.666681873551210447e+05 9.820917334654390984e-01 3.383735845609489479e+05 2.788731510089671792e+04 1.008358754108559907e+00 7.442975819433291917e+02 8.519289434823819063e-01 1.010261184440871148e+04 2.349857943981131830e+05 1.306532847244077566e+05 3.804777946639545844e+05 6.968661938663589535e+04 2.672572083403331926e+05 1.040619588632901715e+00 1.534656588330030713e+00
3.046274772692644619e+05 3.046276815364012145e+05 2.810587553657022654e+05 2.220858262442814885e+05 3.046274204056145973e+05 3.046273544763953541e+05 4.128348726498163160e+04 2.995770521596500766e+05 2.844256901084942510e+05 3.046275362455211580e+05 2.490723184333755344e+05 3.046273482176034013e+05 1.132673412468561874e+05 2.934043381987118046e+05 3.046273676120201126e+05 3.046275717390862992e+05 3.046272345496835187e+05 3.046277337404040736e+05 1.789522702748409356e+05 2.714388460377277806e+05 1.607220656593771128e+05 2.844256956138749956e+05 1.247278641354314168e+05 3.046273261580762919e+05 3.046275305925043067e+05
1.515329778720403920e+04 1.515322356216071785e+04 9.302700762713598670e+04 1.852976231303166714e+05 1.515329227450879989e+04 1.515318393953202394e+04 2.995770521596500766e+05 5.050977522226105066e+03 5.267126137009094964e+04 1.515327676055566917e+04 1.616178835935256793e+05 1.515311746536832470e+04 3.333234633779231808e+05 1.674647379042117973e+04 1.515323574669480877e+04 1.441036801946999003e+04 1.515276823180743850e+04 1.351903984113203660e+04 2.299355509688491584e+05 1.256030213491781033e+05 3.754275731826848350e+05 6.463627959681447828e+04 2.622070595883581555e+05 1.515292983917932543e+04 1.515323821409694392e+04
5.772190960869695118e+04 5.772193258711126691e+04 5.045836526012500690e+04 1.656566824257091212e+05 5.772181071001793316e+04 5.772166341836914944e+04 2.844256901084942510e+05 5.267126137009094964e+04 8.317484049483779017e+03 5.772194808635346999e+04 1.363654152546366095e+05 5.772166729332890100e+04 3.181720021427790634e+05 3.710581657018599071e+04 5.772171855068912555e+04 5.772173513283846114e+04 5.772122099722505664e+04 5.772188253043418808e+04 2.147841047043081198e+05 9.105810884227503266e+04 3.602761534937685938e+05 1.966451775600390101e+04 2.470555509236646758e+05 5.772152291452404461e+04 5.772187087353921379e+04
1.285369123994469565e+00 1.010275309879360429e+04 9.807762405933492118e+04 1.903481292525671888e+05 1.507745464116231560e+00 1.629482533550306922e+00 3.046275362455211580e+05 1.515327676055566917e+04 5.772194808635346999e+04 4.747636323475151743e-01 1.666684145806475135e+05 1.448840244087193030e+00 3.383738206224825699e+05 2.788757240574403477e+04 1.577242640712205990e+00 7.443483671966253041e+02 1.166273696235079926e+00 1.010270594007990076e+04 2.349858760546735721e+05 1.306535004163935082e+05 3.804778974711769260e+05 6.968678973391304316e+04 2.672573973943648161e+05 1.278790464877479938e+00 1.400107897016966030e+00
1.666683944174739299e+05 1.666683039246936096e+05 1.140646688104053610e+05 6.300660750039013510e+04 1.666683122503610794e+05 1.666681873551210447e+05 2.490723184333755344e+05 1.616178835935256793e+05 1.363654152546366095e+05 1.666684145806475135e+05 9.265622339455016117e+03 1.666680472817444825e+05 2.828184973853441770e+05 1.543227059359575505e+05 1.666682484299451753e+05 1.666684003501833940e+05 1.666678718493411434e+05 1.666683981509283767e+05 1.383047862258642854e+05 8.437021497801876103e+04 3.249226981868057046e+05 1.325773344315537543e+05 1.969806942637384927e+05 1.666679019902993750e+05 1.666682930636507808e+05
1.434951987281979813e+00 1.010253551708808845e+04 9.807721563862453331e+04 1.903477994301102881e+05 1.392593626192117906e+00 9.820917334654390984e-01 3.046273482176034013e+05 1.515311746536832652e+04 5.772166729332891555e+04 1.448840244087193030e+00 1.666680472817444825e+05 4.464008956047580412e-01 3.383736252566105686e+05 2.788734237460299846e+04 1.186592542820419816e+00 7.442419164823597839e+02 7.729784474193589494e-01 1.010253701109603753e+04 2.349856363406304736e+05 1.306531550297730573e+05 3.804777328254214372e+05 6.968653961908844940e+04 2.672572315034397179e+05 7.761449297085172283e-01 1.390803747435808146e+00
3.383737992032073089e+05 3.383739409037263831e+05 3.148051224221755401e+05 2.564437755304547318e+05 3.383736857980167842e+05 3.383735845609489479e+05 1.132673412468561874e+05 3.333234633779231808e+05 3.181720021427790634e+05 3.383738206224825699e+05 2.828184973853441770e+05 3.383736252566105686e+05 3.702898312382168660e+04 3.271506476352962782e+05 3.383736142078748671e+05 3.383738548058159067e+05 3.383735468781547970e+05 3.383740354970394983e+05 2.252203161894349032e+05 3.051849962796700420e+05 1.164061574540255097e+05 3.181720451514869346e+05 1.855106123225768679e+05 3.383736390726264799e+05 3.383737748594287550e+05
2.788751872424612520e+04 2.788747252434791881e+04 8.029276651627256069e+04 1.786259487820976356e+05 2.788744780306403118e+04 2.788731510089671792e+04 2.934043381987118046e+05 1.674647379042117609e+04 3.710581657018599071e+04 2.788757240574403477e+04 1.543227059359575505e+05 2.788734237460299846e+04 3.271506476352962782e+05 1.384805528494308237e+04 2.788736651075820555e+04 2.743965892500031987e+04 2.788689462795167856e+04 2.690225518000009470e+04 2.237627388233243546e+05 1.166343329978668771e+05 3.692547692379432265e+05 5.190196376918663736e+04 2.560342350468264485e+05 2.788714863650613552e+04 2.788751063918026557e+04
1.494099466824637679e+00 1.010267299592058589e+04 9.807737301410890359e+04 1.903479154005681921e+05 1.272357421586950865e+00 1.008358754108559907e+00 3.046273676120201126e+05 1.515323574669480877e+04 5.772171855068912555e+04 1.577242640712205990e+00 1.666682484299451753e+05 1.186592542820419816e+00 3.383736142078748671e+05 2.788736651075820555e+04 4.810953494998632118e-01 7.443691759052014731e+02 9.360120552058058818e-01 1.010270989229895713e+04 2.349858396625459136e+05 1.306533232236465847e+05 3.804778226447410998e+05 6.968666828985355096e+04 2.672572637539785355e+05 1.135711891466045342e+00 1.485816224375061667e+00
7.443192845684802705e+02 1.010267211006058824e+04 9.807744492708664620e+04 1.903480366498914955e+05 7.443069775560863945e+02 7.442975819433291917e+02 3.046275717390862992e+05 1.441036801946999003e+04 5.772173513283846114e+04 7.443483671966253041e+02 1.666684003501833649e+05 7.442419164823597839e+02 3.383738548058159067e+05 2.743965892500032351e+04 7.443691759052013595e+02 1.376761597382519994e+03 7.438382322208286723e+02 9.982447326135008552e+03 2.349859726732039999e+05 1.306535525227115286e+05 3.804780378482738743e+05 6.968687641954424907e+04 2.672574510941006592e+05 7.440748089089231598e+02 7.443222018356851777e+02
1.143663037716559083e+00 1.010220583226865892e+04 9.807693664480758889e+04 1.903475327045804588e+05 1.019552649157555502e+00 8.519289434823819063e-01 3.046272345496835187e+05 1.515276823180743850e+04 5.772122099722505664e+04 1.166273696235079926e+00 1.666678718493411434e+05 7.729784474193589494e-01 3.383735468781547970e+05 2.788689462795167856e+04 9.360120552058059928e-01 7.438382322208285586e+02 1.895535899886995890e-01 1.010219450975117252e+04 2.349855583551545278e+05 1.306529631518238166e+05 3.804777231535851606e+05 6.968619051484373631e+04 2.672570988110472099e+05 5.566697189288142278e-01 1.114501014312938576e+00
1.010273719034678470e+04 1.635434983557738406e+03 9.807748527617160289e+04 1.903481558982124552e+05 1.010277203356256359e+04 1.010261184440871148e+04 3.046277337404040736e+05 1.351903984113203660e+04 5.772188253043418808e+04 1.010270594007990076e+04 1.666683981509283767e+05 1.010253701109603571e+04 3.383740354970394983e+05 2.690225518000009470e+04 1.010270989229895713e+04 9.982447326135008552e+03 1.010219450975117252e+04 2.739830218584513204e+03 2.349860167538844689e+05 1.306534309206008038e+05 3.804780094549912028e+05 6.968678151311611873e+04 2.672575406353853759e+05 1.010233175111103992e+04 1.010274700346814279e+04
2.349858949389076442e+05 2.349860182018920896e+05 2.013160262569171900e+05 9.734670074549486162e+04 2.349859145792245108e+05 2.349857943981131830e+05 1.789522702748409356e+05 2.299355509688491584e+05 2.147841047043081198e+05 2.349858760546735721e+05 1.383047862258642854e+05 2.349856363406304736e+05 2.252203161894349032e+05 2.237627388233243546e+05 2.349858396625459136e+05 2.349859726732039999e+05 2.349855583551545278e+05 2.349860167538844689e+05 4.095275729800847330e+04 1.804613813169802306e+05 2.673242953582311748e+05 2.109960647489326366e+05 1.020975873936359567e+05 2.349855467246555781e+05 2.349858945426061400e+05
1.306534620031069935e+05 1.306534648420024459e+05 5.166630711899468588e+04 1.215008300919900357e+05 1.306535274680426664e+05 1.306532847244077566e+05 2.714388460377277806e+05 1.256030213491781033e+05 9.105810884227503266e+04 1.306535004163935082e+05 8.437021497801876103e+04 1.306531550297730573e+05 3.051849962796700420e+05 1.166343329978668771e+05 1.306533232236465701e+05 1.306535525227115286e+05 1.306529631518238166e+05 1.306534309206008038e+05 1.804613813169802597e+05 2.589659336450703631e+04 3.472891368679135339e+05 8.026141726733838732e+04 2.235360259844392422e+05 1.306530694757272577e+05 1.306534614966464433e+05
3.804778476180028520e+05 3.804780640740296803e+05 3.569090913563730428e+05 2.985478534783601644e+05 3.804778781810893561e+05 3.804777946639545844e+05 1.607220656593771128e+05 3.754275731826848350e+05 3.602761534937685938e+05 3.804778974711769260e+05 3.249226981868057046e+05 3.804777328254214372e+05 1.164061574540255097e+05 3.692547692379432265e+05 3.804778226447410998e+05 3.804780378482738743e+05 3.804777231535851606e+05 3.804780094549912028e+05 2.673242953582311748e+05 3.472891368679135339e+05 5.066502505400971859e+04 3.602761324664513231e+05 2.289537598322322883e+05 3.804777546547329985e+05 3.804779020874865237e+05
6.968685036585391208e+04 6.968684405841692933e+04 3.673263647477203631e+04 1.618687704176620173e+05 6.968676186589471763e+04 6.968661938663589535e+04 2.844256956138749956e+05 6.463627959681447828e+04 1.966451775600389738e+04 6.968678973391304316e+04 1.325773344315537543e+05 6.968653961908844940e+04 3.181720451514869346e+05 5.190196376918663736e+04 6.968666828985355096e+04 6.968687641954424907e+04 6.968619051484373631e+04 6.968678151311610418e+04 2.109960647489326366e+05 8.026141726733838732e+04 3.602761324664513231e+05 1.289818724626913900e+04 2.437412775048280600e+05 6.968640886653914640e+04 6.968682582767421263e+04
2.672575123581584776e+05 2.672575092805169988e+05 2.348503356433875451e+05 1.600598751807966037e+05 2.672572887933108723e+05 2.672572083403331926e+05 1.247278641354314459e+05 2.622070595883581555e+05 2.470555509236646758e+05 2.672573973943648161e+05 1.969806942637384927e+05 2.672572315034397179e+05 1.855106123225768679e+05 2.560342350468264485e+05 2.672572637539785355e+05 2.672574510941006592e+05 2.672570988110472099e+05 2.672575406353853759e+05 1.020975873936359567e+05 2.235360259844392422e+05 2.289537598322322883e+05 2.437412775048280600e+05 3.992192493300120987e+04 2.672572138611671980e+05 2.672574365506583708e+05
1.246987765818595939e+00 1.010235945690296467e+04 9.807711418250005227e+04 1.903476749372812337e+05 1.220117805070214168e+00 1.040619588632901715e+00 3.046273261580762919e+05 1.515292983917932543e+04 5.772152291452404461e+04 1.278790464877479938e+00 1.666679019902993750e+05 7.761449297085171173e-01 3.383736390726264799e+05 2.788714863650613552e+04 1.135711891466045342e+00 7.440748089089231598e+02 5.566697189288142278e-01 1.010233175111103992e+04 2.349855467246555781e+05 1.306530694757272577e+05 3.804777546547329985e+05 6.968640886653914640e+04 2.672572138611671980e+05 3.605007494497209919e-01 1.216909948689259613e+00
1.379356547161971092e+00 1.010273380822079707e+04 9.807753202094415610e+04 1.903481072611106792e+05 1.113877065739762307e+00 1.534656588330030713e+00 3.046275305925043067e+05 1.515323821409694756e+04 5.772187087353921379e+04 1.400107897016966030e+00 1.666682930636507808e+05 1.390803747435808368e+00 3.383737748594287550e+05 2.788751063918026557e+04 1.485816224375061667e+00 7.443222018356850640e+02 1.114501014312938798e+00 1.010274700346814461e+04 2.349858945426061400e+05 1.306534614966464433e+05 3.804779020874865819e+05 6.968682582767421263e+04 2.672574365506583708e+05 1.216909948689259835e+00 4.701808486413144306e-01
