9.984364224630024598e-01 3.968588804621159215e+05 1.024022683951852232e+05 1.668630848248322436e+05 1.010317873965858416e+04 1.817247059949026244e+00 1.904850846820351329e+00 1.892988222346427163e+00 5.896538568363945524e+04 1.010323547217650412e+04 1.698029005308278272e+00 2.632353942827931605e+05 1.907215893228814574e+00 4.867093617571405048e+04 1.865227952782313237e+00 1.857905144855426016e+00 1.367102660202703264e+05 1.969199685245029308e+00 2.401888801990458524e+04 1.385985309098334062e+00 4.040640997976769722e+04 5.052643653870242815e+03 1.010319910468468515e+04 1.983173754515447307e+00 1.853920692353922872e+00
3.968588804621159215e+05 1.647828280396992050e+05 3.812484359894187073e+05 3.598782874096123269e+05 3.968590261560414219e+05 3.968586531032322091e+05 3.968587837135844748e+05 3.968586923071205965e+05 3.833910903099052957e+05 3.968590237670729402e+05 3.968586082341903239e+05 2.925612326167012798e+05 3.968587557967056637e+05 3.867580737331078853e+05 3.968587108327383758e+05 3.968589295120858005e+05 3.714916366495616385e+05 3.968589345953415032e+05 3.968590570748335449e+05 3.968585253778977203e+05 3.968590590324944933e+05 3.968589913758681505e+05 3.968590599629719509e+05 3.968589573770689894e+05 3.968588212940139347e+05
1.024022683951852086e+05 3.812484359894187073e+05 2.710590000261219029e+04 1.510357848035373609e+05 1.024024428381813923e+05 1.024019360171270237e+05 1.024022191340782447e+05 1.024021300236098032e+05 7.248606897119335190e+04 1.024024353708004055e+05 1.024017756653792894e+05 2.504476888866443187e+05 1.024021383649311319e+05 9.038132287155851373e+04 1.024020407409056206e+05 1.024023055532837752e+05 1.056670206428204983e+05 1.024023354313543823e+05 9.903554222657314676e+04 1.024016848085200618e+05 9.230143644915262121e+04 1.024024131302941532e+05 1.024024090946028882e+05 1.024023429181700340e+05 1.024022563795089955e+05
1.668630848248322436e+05 3.598782874096123269e+05 1.510357848035373609e+05 6.782597058755958278e+04 1.668632437325539649e+05 1.668627019743142882e+05 1.668630225659435964e+05 1.668628764739694598e+05 1.612516573152931232e+05 1.668632836512144713e+05 1.668626840950508195e+05 1.816534218235091539e+05 1.668629614515851426e+05 1.668633520666391123e+05 1.668628146648233233e+05 1.668630889109362033e+05 1.138682469243154628e+05 1.668632060442330840e+05 1.668633416710296588e+05 1.668626142381166574e+05 1.668633469337498536e+05 1.668632057080864033e+05 1.668632410332923464e+05 1.668632037969049125e+05 1.668630641891866107e+05
1.010317873965858416e+04 3.968590261560414801e+05 1.024024428381813777e+05 1.668632437325539649e+05 1.085541511491181499e+00 1.010294880235371420e+04 1.010312099514885085e+04 1.010307524101822855e+04 5.896552137463500549e+04 2.174145010002567879e+00 1.010284925308314632e+04 2.632355443051485927e+05 1.010309369096872797e+04 4.867105227777740947e+04 1.010301841260411857e+04 1.010317934997817247e+04 1.367104279319183552e+05 1.010318543914564725e+04 2.401884531151719057e+04 1.010252410497902565e+04 4.040642361129554774e+04 5.970839309176433744e+03 2.028822253510729201e+00 1.010319695841475550e+04 1.010313647975028107e+04
1.817247059949026466e+00 3.968586531032322091e+05 1.024019360171270237e+05 1.668627019743142882e+05 1.010294880235371784e+04 8.988425668225316079e-01 1.775975133223766100e+00 1.671415203118157944e+00 5.896501057730235334e+04 1.010303710229934950e+04 1.356431295974833695e+00 2.632351098674608511e+05 1.692019615201309390e+00 4.867059218766356935e+04 1.464273975146626272e+00 1.871407445780601586e+00 1.367099035875824338e+05 1.902714548617336687e+00 2.401860344321136290e+04 1.148277460442517883e+00 4.040610028769194469e+04 5.052428629200020623e+03 1.010295797688073981e+04 1.892405387420121876e+00 1.789275510845421024e+00
1.904850846820351329e+00 3.968587837135844748e+05 1.024022191340782010e+05 1.668630225659435673e+05 1.010312099514885267e+04 1.775975133223766100e+00 9.698943032240576745e-01 1.771088875329984047e+00 5.896532873086391191e+04 1.010319208520388020e+04 1.654931195635323649e+00 2.632352800786973094e+05 1.779153797855462571e+00 4.867090250298933825e+04 1.819389182663763371e+00 1.984125934414702863e+00 1.367101597259177361e+05 1.980086639151838801e+00 2.401878764263935955e+04 1.319529681777460661e+00 4.040634829112387524e+04 5.052552615737872657e+03 1.010316458610124027e+04 1.994486860538607909e+00 1.758774061555854917e+00
1.892988222346427163e+00 3.968586923071205965e+05 1.024021300236097741e+05 1.668628764739694016e+05 1.010307524101822855e+04 1.671415203118157944e+00 1.771088875329984047e+00 9.383399103326747204e-01 5.896519407341792248e+04 1.010309645586242368e+04 1.574399371174346474e+00 2.632352225049274857e+05 1.602795368719770019e+00 4.867077972949365358e+04 1.640530014248428259e+00 1.946671900288653001e+00 1.367100360075018834e+05 1.960737971767006593e+00 2.401874498416198549e+04 1.270499197929793933e+00 4.040625368609890575e+04 5.052535570969462242e+03 1.010308438760671197e+04 1.998401194984450235e+00 1.840447741456201713e+00
5.896538568363945524e+04 3.833910903099052957e+05 7.248606897119335190e+04 1.612516573152931232e+05 5.896552137463500549e+04 5.896501057730234606e+04 5.896532873086391191e+04 5.896519407341792248e+04 2.338653713983023772e+04 5.896550435549748363e+04 5.896491627374778182e+04 2.576239302806699998e+05 5.896523652351707278e+04 2.754843667186821767e+04 5.896507177042822150e+04 5.896542909632922238e+04 1.274462788085667707e+05 5.896541213132796838e+04 5.569203564010574337e+04 5.896472391433070152e+04 5.167029723984036536e+04 5.896543357550297515e+04 5.896552611716154206e+04 5.896546264931191399e+04 5.896534702440154069e+04
1.010323547217650412e+04 3.968590237670729402e+05 1.024024353708003910e+05 1.668632836512144713e+05 2.174145010002568323e+00 1.010303710229934768e+04 1.010319208520387838e+04 1.010309645586242368e+04 5.896550435549747635e+04 1.143693040352683266e+00 1.010288112605868992e+04 2.632356052054549218e+05 1.010317153819178020e+04 4.867092694925074466e+04 1.010306511139872964e+04 1.010327119418043731e+04 1.367104091988547298e+05 1.010329434736826806e+04 2.401877243928838652e+04 1.010259853753163043e+04 4.040637955896578933e+04 5.970993849348008553e+03 2.097260180953711473e+00 1.010329422962042372e+04 1.010323910039089969e+04
1.698029005308278716e+00 3.968586082341903239e+05 1.024017756653792749e+05 1.668626840950507903e+05 1.010284925308314632e+04 1.356431295974833695e+00 1.654931195635323649e+00 1.574399371174346474e+00 5.896491627374778909e+04 1.010288112605868992e+04 7.759317175519454546e-01 2.632350516122744302e+05 1.590252759369648938e+00 4.867044982214504853e+04 1.446465388680134190e+00 1.702102069325156730e+00 1.367098284480764705e+05 1.736007141349391159e+00 2.401846123081351107e+04 9.960659337792071577e-01 4.040595406499283126e+04 5.052327311358133556e+03 1.010284613301859463e+04 1.754662280042586842e+00 1.664684648288047741e+00
2.632353942827931605e+05 2.925612326167012216e+05 2.504476888866443187e+05 1.816534218235091539e+05 2.632355443051485927e+05 2.632351098674608511e+05 2.632352800786973094e+05 2.632352225049274857e+05 2.576239302806700289e+05 2.632356052054549218e+05 2.632350516122744302e+05 1.159818757663463475e+05 2.632353021710994071e+05 2.632356701620524982e+05 2.632351631352991681e+05 2.632354838896098663e+05 2.283724060892508714e+05 2.632354357545876410e+05 2.632356215835998883e+05 2.632349419539351366e+05 2.632356276734202984e+05 2.632355152500668773e+05 2.632355767886633403e+05 2.632355197027955437e+05 2.632353337797326967e+05
1.907215893228814574e+00 3.968587557967056637e+05 1.024021383649311319e+05 1.668629614515851426e+05 1.010309369096872797e+04 1.692019615201309390e+00 1.779153797855462793e+00 1.602795368719770019e+00 5.896523652351707278e+04 1.010317153819178020e+04 1.590252759369648716e+00 2.632353021710994071e+05 9.419464106704457107e-01 4.867083450993151200e+04 1.728850916680872984e+00 1.916236623663858385e+00 1.367101249144970207e+05 1.967858214314232246e+00 2.401880936526587902e+04 1.315301421704885287e+00 4.040628659950909059e+04 5.052544906525307852e+03 1.010312712295510937e+04 1.968858465891335729e+00 1.841915016638779212e+00
4.867093617571405048e+04 3.867580737331078853e+05 9.038132287155851373e+04 1.668633520666391123e+05 4.867105227777740947e+04 4.867059218766358390e+04 4.867090250298933825e+04 4.867077972949365358e+04 2.754843667186821767e+04 4.867092694925074466e+04 4.867044982214504853e+04 2.632356701620524400e+05 4.867083450993151200e+04 1.063415066430168554e+04 4.867065120530036802e+04 4.867097789090238075e+04 1.349573943170885323e+05 4.867098035859862284e+04 3.983521187171654310e+04 4.867024960921400634e+04 3.655196471452707920e+04 4.850403563419981947e+04 4.867102951447957457e+04 4.867096096276904427e+04 4.867094118546880782e+04
1.865227952782313237e+00 3.968587108327383175e+05 1.024020407409055915e+05 1.668628146648232650e+05 1.010301841260411857e+04 1.464273975146626272e+00 1.819389182663763371e+00 1.640530014248428259e+00 5.896507177042822877e+04 1.010306511139872964e+04 1.446465388680134190e+00 2.632351631352991681e+05 1.728850916680872984e+00 4.867065120530036074e+04 9.436675818673107008e-01 1.921707877416923838e+00 1.367099805834691506e+05 1.956485400434803790e+00 2.401865057656022691e+04 1.216167981539104437e+00 4.040615695926365152e+04 5.052483960113341709e+03 1.010302407236948056e+04 1.964375325618583634e+00 1.837389867789222642e+00
1.857905144855426016e+00 3.968589295120858005e+05 1.024023055532837607e+05 1.668630889109362033e+05 1.010317934997817247e+04 1.871407445780601586e+00 1.984125934414702863e+00 1.946671900288653001e+00 5.896542909632922965e+04 1.010327119418043731e+04 1.702102069325156730e+00 2.632354838896098663e+05 1.916236623663858385e+00 4.867097789090236620e+04 1.921707877416923393e+00 1.012386195943077549e+00 1.367103162368122430e+05 1.915559688361063495e+00 2.401882853649028402e+04 1.422737187944500103e+00 4.040645920420409675e+04 5.052597761259265098e+03 1.010313179516106175e+04 2.001763264375818085e+00 1.946770158676411677e+00
1.367102660202703264e+05 3.714916366495616967e+05 1.056670206428205129e+05 1.138682469243154628e+05 1.367104279319183552e+05 1.367099035875824338e+05 1.367101597259177361e+05 1.367100360075018834e+05 1.274462788085667707e+05 1.367104091988547298e+05 1.367098284480764705e+05 2.283724060892508714e+05 1.367101249144970207e+05 1.349573943170885323e+05 1.367099805834691506e+05 1.367103162368122430e+05 5.999028809786807687e+04 1.367103444947103853e+05 1.359622721544498927e+05 1.367097219291414367e+05 1.344658051675682364e+05 1.367103657104354643e+05 1.367104435843467363e+05 1.367103685716506152e+05 1.367101929376877961e+05
1.969199685245029308e+00 3.968589345953415032e+05 1.024023354313543823e+05 1.668632060442330840e+05 1.010318543914564725e+04 1.902714548617336687e+00 1.980086639151838801e+00 1.960737971767006593e+00 5.896541213132796838e+04 1.010329434736826806e+04 1.736007141349391159e+00 2.632354357545876410e+05 1.967858214314232246e+00 4.867098035859862284e+04 1.956485400434803790e+00 1.915559688361063495e+00 1.367103444947103853e+05 1.045657250809493899e+00 2.401885903583497566e+04 1.423004186647031322e+00 4.040640780070551409e+04 5.052576269730404420e+03 1.010322062787912546e+04 1.954336544131610953e+00 1.957397486357043803e+00
2.401888801990458524e+04 3.968590570748335449e+05 9.903554222657316132e+04 1.668633416710296588e+05 2.401884531151719420e+04 2.401860344321136290e+04 2.401878764263935591e+04 2.401874498416198549e+04 5.569203564010574337e+04 2.401877243928838288e+04 2.401846123081351834e+04 2.632356215835998883e+05 2.401880936526587902e+04 3.983521187171654310e+04 2.401865057656022691e+04 2.401882853649028402e+04 1.359622721544498927e+05 2.401885903583497566e+04 1.455191288766466641e+04 2.401816343944941764e+04 2.160928992486798597e+04 2.310052186119562975e+04 2.401879541964096643e+04 2.401889674358135380e+04 2.401884026810484283e+04
1.385985309098333840e+00 3.968585253778977203e+05 1.024016848085200763e+05 1.668626142381166574e+05 1.010252410497902565e+04 1.148277460442517883e+00 1.319529681777461105e+00 1.270499197929793933e+00 5.896472391433070152e+04 1.010259853753163043e+04 9.960659337792070467e-01 2.632349419539351366e+05 1.315301421704885287e+00 4.867024960921400634e+04 1.216167981539104437e+00 1.422737187944500103e+00 1.367097219291414367e+05 1.423004186647031100e+00 2.401816343944941764e+04 5.399627365992059058e-01 4.040570519215086824e+04 5.051983958427431389e+03 1.010253458416243848e+04 1.429533752147548187e+00 1.383893104956519737e+00
4.040640997976769722e+04 3.968590590324944933e+05 9.230143644915262121e+04 1.668633469337498536e+05 4.040642361129554774e+04 4.040610028769193013e+04 4.040634829112387524e+04 4.040625368609890575e+04 5.167029723984036536e+04 4.040637955896578933e+04 4.040595406499283126e+04 2.632356276734202984e+05 4.040628659950909059e+04 3.655196471452707920e+04 4.040615695926365152e+04 4.040645920420409675e+04 1.344658051675682364e+05 4.040640780070551409e+04 2.160928992486798234e+04 4.040570519215086824e+04 9.722331494220170498e+02 3.948808975410804123e+04 4.040642806492985983e+04 4.040645047629831970e+04 4.040637375119698845e+04
5.052643653870242815e+03 3.968589913758681505e+05 1.024024131302941532e+05 1.668632057080864033e+05 5.970839309176433744e+03 5.052428629200020623e+03 5.052552615737872657e+03 5.052535570969463151e+03 5.896543357550298970e+04 5.970993849348008553e+03 5.052327311358134466e+03 2.632355152500668773e+05 5.052544906525307852e+03 4.850403563419981947e+04 5.052483960113343528e+03 5.052597761259265098e+03 1.367103657104354643e+05 5.052576269730404420e+03 2.310052186119562975e+04 5.051983958427431389e+03 3.948808975410804123e+04 5.802927859296147290e+03 5.970894487728858621e+03 5.052530373644076462e+03 5.052601978439330196e+03
1.010319910468468515e+04 3.968590599629719509e+05 1.024024090946028882e+05 1.668632410332923464e+05 2.028822253510729201e+00 1.010295797688073799e+04 1.010316458610123846e+04 1.010308438760671197e+04 5.896552611716152023e+04 2.097260180953711028e+00 1.010284613301859463e+04 2.632355767886632821e+05 1.010312712295510937e+04 4.867102951447957457e+04 1.010302407236948056e+04 1.010313179516106175e+04 1.367104435843467363e+05 1.010322062787912546e+04 2.401879541964096643e+04 1.010253458416243848e+04 4.040642806492985983e+04 5.970894487728858621e+03 1.070728190147258507e+00 1.010323235758897135e+04 1.010318667420174097e+04
1.983173754515447751e+00 3.968589573770689894e+05 1.024023429181700340e+05 1.668632037969048833e+05 1.010319695841475550e+04 1.892405387420121432e+00 1.994486860538607909e+00 1.998401194984450679e+00 5.896546264931190672e+04 1.010329422962042372e+04 1.754662280042586842e+00 2.632355197027955437e+05 1.968858465891335285e+00 4.867096096276904427e+04 1.964375325618583190e+00 2.001763264375818085e+00 1.367103685716506152e+05 1.954336544131611175e+00 2.401889674358135380e+04 1.429533752147548187e+00 4.040645047629831970e+04 5.052530373644076462e+03 1.010323235758897135e+04 1.020442809029799891e+00 2.022781762580418530e+00
1.853920692353922872e+00 3.968588212940139347e+05 1.024022563795089955e+05 1.668630641891866107e+05 1.010313647975028107e+04 1.789275510845421246e+00 1.758774061555854917e+00 1.840447741456202158e+00 5.896534702440153342e+04 1.010323910039089969e+04 1.664684648288047741e+00 2.632353337797326967e+05 1.841915016638779212e+00 4.867094118546880782e+04 1.837389867789222420e+00 1.946770158676411677e+00 1.367101929376877961e+05 1.957397486357043803e+00 2.401884026810485011e+04 1.383893104956519959e+00 4.040637375119698845e+04 5.052601978439329287e+03 1.010318667420174097e+04 2.022781762580418530e+00 9.752800032292072707e-01
