1.756536325375129236e+05 6.569335983544444898e+05 6.113255950527952518e+05 5.581741678556812694e+05 6.180825056831447873e+05 6.180823634331605863e+05 5.702652574096906465e+05 6.721362610403574072e+05 6.721362927505119005e+05 6.451093045869925991e+05 6.203346722641516244e+05 6.721363090457491344e+05 6.721363602925427258e+05 6.169563198356069624e+05 6.721362656881844159e+05 4.757838429307162296e+05 6.721362685170727782e+05 6.721362579398611560e+05 6.721362318569737254e+05 6.721362986582978629e+05 4.412793690732727409e+05 6.544937717455157544e+05 6.721362438085851027e+05 5.264618320162626915e+05 6.721362640195665881e+05
6.569335983544444898e+05 1.456992325441492903e+04 2.336561539319889271e+05 3.731473345131087117e+05 2.121977150421915285e+05 1.092603345381032996e+05 3.081919200521717430e+05 5.395032195313417469e+04 5.405582004064040666e+04 8.108299426181368472e+04 7.939388523371469637e+04 2.702879599465020146e+04 5.405590785318851704e+04 1.711731905299450445e+05 5.405591762783367449e+04 7.108296423227493651e+05 5.405584670683959848e+04 5.405567486212989752e+04 5.405535853047293494e+04 4.729894914648793929e+04 5.874657774824775988e+05 5.331669316446181620e+04 5.405570284071312199e+04 4.556059587421664619e+05 5.405566764712851000e+04
6.113255950527952518e+05 2.336561539319889271e+05 7.074938565917305823e+04 3.022016050518440898e+05 9.348552236610949330e+04 1.589799603272171807e+05 2.224511291237548285e+05 2.152861107376204454e+05 2.355560789561318816e+05 2.085295672482853697e+05 2.085295215302501165e+05 2.355564709759853140e+05 2.203536175071600592e+05 1.518713105136177910e+05 2.152860378118591325e+05 6.550864612668147311e+05 2.355561057954589196e+05 2.355563637083829381e+05 2.355559272305116756e+05 2.203537606961746060e+05 5.198983787473255652e+05 2.220429833463327959e+05 2.355562771086373250e+05 3.880386708393525332e+05 2.355562224528515944e+05
5.581741678556812694e+05 3.731473345131087117e+05 3.022016050518439733e+05 7.170190204672822438e+04 3.190932849173232098e+05 3.190933970730873407e+05 2.107946832409209746e+05 3.731473714260141714e+05 3.731470319229967427e+05 3.461203312746739830e+05 3.461203794745298219e+05 3.731472615435261978e+05 3.731472098734563915e+05 3.179672174102891586e+05 3.731472689830872696e+05 6.111314501743194414e+05 3.731470844964414136e+05 3.731471334069965524e+05 3.731469550613905303e+05 3.731473070327732712e+05 4.584039037645661156e+05 3.596337704943391727e+05 3.731470219068585429e+05 2.520444325530687347e+05 3.731470382317311014e+05
6.180825056831447873e+05 2.121977150421915285e+05 9.348552236610949330e+04 3.190932849173232098e+05 2.020633099021483213e+04 1.575073999434518046e+05 2.275646608398492390e+05 1.851705826820943621e+05 2.121971281417296850e+05 1.851707922351400193e+05 1.851705535616503912e+05 2.121976328618602711e+05 1.919271649933164590e+05 1.139131307281643822e+05 1.851704675839144329e+05 6.669106312697830144e+05 2.121972332307827601e+05 2.121975305113850045e+05 2.121970940921601141e+05 1.919274346991480852e+05 5.334119563171896152e+05 1.986840383071891265e+05 2.121974094564059051e+05 4.015519632608856191e+05 2.121972970422910003e+05
6.180823634331604699e+05 1.092603345381032996e+05 1.589799603272172099e+05 3.190933970730873407e+05 1.575073999434518046e+05 2.203131575822884315e+03 2.541378527171465103e+05 1.362871933389027254e+05 1.362869638447129983e+05 8.223315138692806067e+04 8.223309179990319535e+04 1.092603472854610300e+05 1.362870989839195390e+05 9.400937434781166667e+04 1.362871358822855400e+05 6.669106885270036291e+05 1.362868390059848898e+05 1.362872341250069439e+05 1.362866761105751211e+05 1.295305830142459745e+05 5.334118118385355920e+05 9.574649402035097592e+04 1.362871933676693006e+05 4.015520750970796798e+05 1.362870895917364105e+05
5.702652574096906465e+05 3.081919200521717430e+05 2.224511291237548285e+05 2.107946832409209746e+05 2.275646608398492390e+05 2.541378527171465103e+05 7.425356214928207919e+04 3.081919191391689819e+05 3.081916146190589061e+05 2.811648885948490351e+05 2.811649791358200018e+05 3.081918273041610373e+05 3.081918487211900065e+05 2.530119976508966938e+05 3.081918356324706692e+05 6.187096689280035207e+05 3.081916677316588466e+05 3.081917309079534025e+05 3.081914812168940553e+05 3.081918821286115563e+05 4.720812722454823670e+05 2.946784790799999028e+05 3.081916737511020037e+05 3.086327029089447460e+05 3.081916002392648370e+05
6.721362610403574072e+05 5.395032195313417469e+04 2.152861107376203872e+05 3.731473714260141714e+05 1.851705826820943621e+05 1.362871933389027254e+05 3.081919191391689819e+05 1.420047873327863272e+04 3.800839357379737339e+04 1.081100582209671993e+05 1.064208532905425091e+05 4.476520215727962204e+04 1.773789087629126152e+04 1.441460613953994471e+05 1.098116062874476847e+04 7.209647212187617552e+05 3.800809334774820309e+04 3.800851872675287450e+04 3.800794823497882317e+04 2.449496876856882227e+04 5.874657955837188056e+05 8.034394217774018762e+04 3.800847919617670414e+04 4.556059602540304186e+05 3.800841968500555959e+04
6.721362927505117841e+05 5.405582004064040666e+04 2.355560789561318816e+05 3.731470319229967427e+05 2.121971281417296850e+05 1.362869638447129983e+05 3.081916146190589643e+05 3.800839357379737339e+04 6.365045996563210018e-01 1.081099048540065560e+05 1.081098232406283059e+05 5.405574097418321617e+04 2.027174516703355403e+04 1.711728594262727420e+05 2.702858324415432435e+04 7.209646430429200409e+05 1.302528884560632205e+00 1.432567160869553824e+00 1.035625387975670941e+00 5.405572017148079613e+04 5.874656758329154691e+05 8.108272037892135268e+04 1.437267799551575909e+00 4.556057010145729873e+05 1.336369059424915573e+00
6.451093045869925991e+05 8.108299426181368472e+04 2.085295672482853697e+05 3.461203312746739830e+05 1.851707922351400193e+05 8.223315138692806067e+04 2.811648885948490351e+05 1.081100582209671993e+05 1.081099048540065560e+05 7.170671960878894913e-01 5.405568338913228217e+04 8.108313523548458761e+04 1.081100180282498623e+05 1.238759189759729343e+05 1.081099864617164858e+05 6.939377584052276798e+05 1.081099007937639544e+05 1.081099366039670567e+05 1.081094898840332462e+05 1.013533165510037798e+05 5.604387690316676162e+05 4.335773218121194805e+04 1.081099357198957732e+05 4.285789845774504938e+05 1.081098727322489285e+05
6.203346722641516244e+05 7.939388523371469637e+04 2.085295215302501165e+05 3.461203794745298801e+05 1.851705535616503912e+05 8.223309179990319535e+04 2.811649791358200018e+05 1.064208532905425091e+05 1.081098232406283059e+05 5.405568338913228217e+04 7.745933155451484309e-01 8.108312464611091127e+04 1.081099005610999739e+05 1.441461171323020535e+05 1.081098860162303608e+05 6.939376526661794633e+05 1.081097682511747116e+05 1.081100365832452808e+05 1.081094321002787619e+05 1.013533797472546576e+05 5.604388807200475130e+05 5.124034760668792296e+04 1.081099571009886859e+05 4.285790131057995604e+05 1.081099027630496275e+05
6.721363090457491344e+05 2.702879599465020146e+04 2.355564709759853140e+05 3.731472615435261978e+05 2.121976328618602711e+05 1.092603472854610300e+05 3.081918273041610373e+05 4.476520215727962204e+04 5.405574097418321617e+04 8.108313523548458761e+04 8.108312464611091127e+04 7.224699244813781451e-01 5.405572556162751425e+04 1.711732567733411852e+05 5.405581751728380914e+04 7.209647105717511149e+05 5.405554836506587890e+04 5.405574793369097461e+04 5.405540743803453370e+04 2.027175458756390435e+04 5.874657304427756462e+05 5.405591726648053009e+04 5.405570035014907626e+04 4.556058275324418209e+05 5.405567682138838427e+04
6.721363602925426094e+05 5.405590785318851704e+04 2.203536175071600592e+05 3.731472098734563915e+05 1.919271649933164881e+05 1.362870989839195390e+05 3.081918487211900647e+05 1.773789087629126152e+04 2.027174516703355766e+04 1.081100180282498623e+05 1.081099005610999739e+05 5.405572556162751425e+04 1.013577879043859866e+04 1.509027704544213484e+05 6.758184360504201322e+03 7.209646821807197994e+05 2.027138536058058889e+04 2.027196584229689688e+04 2.027145065586413330e+04 3.885306323683702794e+04 5.874657280239885440e+05 8.108287090476888989e+04 2.027184474445629530e+04 4.556058340069118422e+05 2.027180976330963676e+04
6.169563198356069624e+05 1.711731905299450445e+05 1.518713105136177910e+05 3.179672174102891586e+05 1.139131307281643822e+05 9.400937434781166667e+04 2.530119976508967520e+05 1.441460613953994471e+05 1.711728594262727420e+05 1.238759189759729343e+05 1.441461171323020535e+05 1.711732567733411852e+05 1.509027704544213484e+05 3.798436025819621864e+04 1.441460869194446423e+05 6.657846082076585153e+05 1.711728373898394348e+05 1.711730780768804252e+05 1.711725628484806512e+05 1.509029576846204582e+05 5.204614534032791271e+05 1.509027427798058779e+05 1.711730765846197610e+05 4.004259109044444049e+05 1.711729548112810589e+05
6.721362656881844159e+05 5.405591762783367449e+04 2.152860378118591907e+05 3.731472689830872696e+05 1.851704675839144329e+05 1.362871358822855400e+05 3.081918356324706692e+05 1.098116062874476847e+04 2.702858324415432435e+04 1.081099864617164858e+05 1.081098860162303608e+05 5.405581751728380914e+04 6.758184360504201322e+03 1.441460869194446423e+05 6.222708570959317731e-01 7.209645935104205273e+05 2.702830961711194323e+04 2.702879820080187710e+04 2.702820299433136097e+04 3.378560368538387411e+04 5.874658119078959571e+05 8.108281040086440044e+04 2.702867619509618453e+04 4.556058286123118014e+05 2.702868208746569144e+04
4.757838429307162296e+05 7.108296423227493651e+05 6.550864612668147311e+05 6.111314501743195578e+05 6.669106312697830144e+05 6.669106885270036291e+05 6.187096689280035207e+05 7.209647212187617552e+05 7.209646430429200409e+05 6.939377584052276798e+05 6.939376526661794633e+05 7.209647105717511149e+05 7.209646821807199158e+05 6.657846082076583989e+05 7.209645935104205273e+05 1.655731644615521946e+05 7.209646272579747019e+05 7.209647134720549220e+05 7.209646226778276032e+05 7.209647537740442203e+05 4.938758534201057628e+05 7.074511774409543723e+05 7.209646461141729960e+05 5.725337825170386350e+05 7.209646479658270255e+05
6.721362685170727782e+05 5.405584670683959848e+04 2.355561057954588905e+05 3.731470844964414136e+05 2.121972332307827601e+05 1.362868390059848898e+05 3.081916677316588466e+05 3.800809334774820309e+04 1.302528884560632205e+00 1.081099007937639544e+05 1.081097682511747116e+05 5.405554836506587890e+04 2.027138536058058889e+04 1.711728373898394348e+05 2.702830961711194323e+04 7.209646272579747019e+05 5.582791676786751367e-01 1.638511475007996765e+00 9.754044597071396261e-01 5.405560497628260782e+04 5.874656400477074785e+05 8.108270761994381610e+04 1.458069885784070152e+00 4.556057437711610692e+05 1.384363179959113621e+00
6.721362579398611560e+05 5.405567486212989752e+04 2.355563637083829381e+05 3.731471334069965524e+05 2.121975305113850045e+05 1.362872341250069439e+05 3.081917309079534025e+05 3.800851872675287450e+04 1.432567160869553824e+00 1.081099366039670567e+05 1.081100365832452808e+05 5.405574793369097461e+04 2.027196584229688960e+04 1.711730780768804252e+05 2.702879820080187710e+04 7.209647134720549220e+05 1.638511475007996765e+00 6.352773406020365554e-01 1.225155308824921407e+00 5.405577226449776936e+04 5.874657375779565191e+05 8.108291998393939866e+04 1.515350216649635540e+00 4.556057731693652458e+05 1.486239673623990232e+00
6.721362318569737254e+05 5.405535853047294222e+04 2.355559272305116756e+05 3.731469550613905303e+05 2.121970940921601432e+05 1.362866761105751211e+05 3.081914812168940553e+05 3.800794823497883044e+04 1.035625387975670941e+00 1.081094898840332899e+05 1.081094321002787619e+05 5.405540743803454825e+04 2.027145065586413693e+04 1.711725628484806512e+05 2.702820299433136461e+04 7.209646226778276032e+05 9.754044597071396261e-01 1.225155308824921407e+00 4.146030404725500884e-01 5.405544817777184653e+04 5.874656294656477403e+05 8.108236553530061792e+04 1.188780998963853586e+00 4.556056629161901656e+05 1.090583379753597093e+00
6.721362986582978629e+05 4.729894914648793929e+04 2.203537606961746351e+05 3.731473070327732712e+05 1.919274346991480852e+05 1.295305830142459745e+05 3.081918821286115563e+05 2.449496876856882227e+04 5.405572017148078885e+04 1.013533165510037798e+05 1.013533797472546576e+05 2.027175458756390435e+04 3.885306323683702794e+04 1.509029576846204582e+05 3.378560368538387411e+04 7.209647537740442203e+05 5.405560497628260055e+04 5.405577226449776208e+04 5.405544817777184653e+04 1.013587734821030244e+04 5.874657181818104582e+05 7.432624789687593875e+04 5.405571155718329828e+04 4.556059115734338411e+05 5.405567209869789804e+04
4.412793690732726827e+05 5.874657774824774824e+05 5.198983787473255652e+05 4.584039037645661156e+05 5.334119563171896152e+05 5.334118118385355920e+05 4.720812722454823670e+05 5.874657955837188056e+05 5.874656758329154691e+05 5.604387690316674998e+05 5.604388807200476294e+05 5.874657304427756462e+05 5.874657280239885440e+05 5.204614534032789525e+05 5.874658119078959571e+05 4.938758534201056464e+05 5.874656400477074785e+05 5.874657375779565191e+05 5.874656294656478567e+05 5.874657181818104582e+05 1.490625396000818291e+05 5.739524100637724623e+05 5.874656745278898161e+05 4.449314032799134147e+05 5.874655849685803987e+05
6.544937717455157544e+05 5.331669316446181620e+04 2.220429833463327959e+05 3.596337704943391727e+05 1.986840383071891265e+05 9.574649402035097592e+04 2.946784790799999028e+05 8.034394217774018762e+04 8.108272037892135268e+04 4.335773218121194805e+04 5.124034760668793024e+04 5.405591726648053009e+04 8.108287090476888989e+04 1.509027427798058779e+05 8.108281040086440044e+04 7.074511774409543723e+05 8.108270761994381610e+04 8.108291998393939866e+04 8.108236553530060337e+04 7.432624789687593875e+04 5.739524100637724623e+05 4.333316282288576622e+04 8.108287221318634693e+04 4.420924922429248691e+05 8.108280681215858203e+04
6.721362438085851027e+05 5.405570284071312199e+04 2.355562771086373250e+05 3.731470219068584847e+05 2.121974094564059051e+05 1.362871933676693006e+05 3.081916737511020037e+05 3.800847919617670414e+04 1.437267799551575909e+00 1.081099357198957732e+05 1.081099571009886859e+05 5.405570035014907626e+04 2.027184474445629166e+04 1.711730765846197610e+05 2.702867619509618453e+04 7.209646461141729960e+05 1.458069885784070152e+00 1.515350216649636650e+00 1.188780998963854030e+00 5.405571155718330556e+04 5.874656745278898161e+05 8.108287221318634693e+04 7.116023057017087927e-01 4.556057137201909791e+05 1.338007461874326509e+00
5.264618320162626915e+05 4.556059587421664619e+05 3.880386708393525332e+05 2.520444325530688220e+05 4.015519632608856191e+05 4.015520750970796798e+05 3.086327029089447460e+05 4.556059602540304186e+05 4.556057010145729873e+05 4.285789845774506102e+05 4.285790131057995604e+05 4.556058275324418209e+05 4.556058340069118422e+05 4.004259109044444631e+05 4.556058286123118014e+05 5.725337825170386350e+05 4.556057437711610692e+05 4.556057731693652458e+05 4.556056629161901656e+05 4.556059115734338411e+05 4.449314032799133565e+05 4.420924922429248691e+05 4.556057137201909791e+05 8.395436851897917222e+04 4.556056863869525841e+05
6.721362640195667045e+05 5.405566764712851000e+04 2.355562224528515944e+05 3.731470382317311014e+05 2.121972970422910003e+05 1.362870895917364105e+05 3.081916002392648370e+05 3.800841968500555959e+04 1.336369059424915573e+00 1.081098727322489285e+05 1.081099027630496275e+05 5.405567682138838427e+04 2.027180976330963676e+04 1.711729548112810880e+05 2.702868208746569144e+04 7.209646479658270255e+05 1.384363179959113177e+00 1.486239673623990232e+00 1.090583379753597093e+00 5.405567209869790531e+04 5.874655849685803987e+05 8.108280681215858203e+04 1.338007461874326509e+00 4.556056863869525841e+05 6.970653994283810828e-01
