8.181474468221797691e-01 4.786623943504954696e+03 2.631784474456352837e+04 2.631844111574573253e+04 1.688862221096426947e+05 2.631785796281692819e+04 2.151974966890588981e+00 4.527127673045779811e+05 2.631749879321154731e+04 1.987880207177173286e+00 3.067722847303433809e+05 1.945744252553966325e+00 8.060949193324100634e+04 2.631813200877729832e+04 2.631792817447526613e+04 2.631769200091264429e+04 2.631780474257097740e+04 1.426634365965069984e+00 2.631815650523134536e+04 2.631783885344568262e+04 2.026844295477070901e+00 2.631790454599280929e+04 2.344533344361084455e+05 2.631783628411692553e+04 2.631791330935044971e+04
4.786623943504954696e+03 7.830243717307234874e+03 2.631754929041933428e+04 2.153335470758673182e+04 1.688859051285123278e+05 2.153300856539265078e+04 4.786639619291148847e+03 4.527125984684076393e+05 2.153249937487810530e+04 4.786586551224255345e+03 3.067720431236243458e+05 4.786513670404770892e+03 7.843436525783521938e+04 2.153313502250527745e+04 2.631772373698444062e+04 2.631727892588687610e+04 2.544740929842288097e+04 4.785933657940907324e+03 2.153316962999831594e+04 2.631765592728500997e+04 4.786725183609041778e+03 2.631767521874328304e+04 2.344530390685513266e+05 2.153276171127272028e+04 2.631760205974697965e+04
2.631784474456352837e+04 2.631754929041933428e+04 8.601620876391669057e-01 2.631823194691052777e+04 1.688859930460969626e+05 2.631785636205958508e+04 2.631807338965315284e+04 4.527127144845937146e+05 2.631738198732229648e+04 2.631794906466658722e+04 3.067721560528773698e+05 2.631763348060335920e+04 8.060925861819161219e+04 2.631811531368481883e+04 1.892836110745981903e+00 1.568713266187369282e+00 4.786457734248539055e+03 2.631722490668630417e+04 2.631809928841649162e+04 1.875132710255895008e+00 2.631804140252788420e+04 2.000125691549238915e+00 2.344531559952541138e+05 2.631737591285545568e+04 1.762222348782220394e+00
2.631844111574573253e+04 2.153335470758673182e+04 2.631823194691052777e+04 1.185036518356203050e+00 1.688861816756655753e+05 2.404616733028342335e+00 2.631845921794635069e+04 4.527129021772115375e+05 1.720164503274577594e+00 2.631833361716338186e+04 3.067723948179947911e+05 2.631834430548784076e+04 6.864744669797738607e+04 2.322374125969897563e+00 2.631821190150235634e+04 2.631788943968288368e+04 2.153332858275701801e+04 2.631771637556388305e+04 2.326333108343368039e+00 2.631816681849722227e+04 2.631839645393727551e+04 2.631835276561322826e+04 2.344533773623341986e+05 2.138894237726762348e+00 2.631824497135800993e+04
1.688862221096427238e+05 1.688859051285123860e+05 1.688859930460970209e+05 1.688861816756655753e+05 1.974209455699154569e+04 1.688861460153213702e+05 1.688862233193466673e+05 3.850437140847836272e+05 1.688854844395178079e+05 1.688861963445172878e+05 2.391032284441372321e+05 1.688860829007450666e+05 1.002407155483593087e+05 1.688862118696864636e+05 1.688860454730073106e+05 1.688857012940398708e+05 1.688858445689425280e+05 1.688855996501611371e+05 1.688862683163422043e+05 1.688860822158692754e+05 1.688862389619063761e+05 1.688862209471889073e+05 1.191102875795266737e+05 1.688859420805336267e+05 1.688860300549573440e+05
2.631785796281692819e+04 2.153300856539265078e+04 2.631785636205958508e+04 2.404616733028342335e+00 1.688861460153213702e+05 1.063190461721400970e+00 2.631802046485832398e+04 4.527128540714261471e+05 1.570995140450566208e+00 2.631789358155243463e+04 3.067724061087376904e+05 2.631788278884767351e+04 6.864766893203163636e+04 2.034504241004511549e+00 2.631786310563419465e+04 2.631764492076278839e+04 2.153301904937201834e+04 2.631733960135033340e+04 2.239034661004883020e+00 2.631780267325608656e+04 2.631796788525921511e+04 2.631782764488796238e+04 2.344532543794592784e+05 1.923993512896984948e+00 2.631784964130680237e+04
2.151974966890588981e+00 4.786639619291148847e+03 2.631807338965315284e+04 2.631845921794635069e+04 1.688862233193466673e+05 2.631802046485832398e+04 1.031537202623749039e+00 4.527127711345527205e+05 2.631760657700282172e+04 2.134199216276889022e+00 3.067723930338484934e+05 2.119929868217011570e+00 8.060947984805548913e+04 2.631808727172097497e+04 2.631805024146451615e+04 2.631773410673080434e+04 2.631792443009839917e+04 1.534012522354854413e+00 2.631829078463167389e+04 2.631806488188881121e+04 2.129025450136877939e+00 2.631814192703282606e+04 2.344534030161716219e+05 2.631798446531886293e+04 2.631800586774178009e+04
4.527127673045779811e+05 4.527125984684076393e+05 4.527127144845936564e+05 4.527129021772114211e+05 3.850437140847836272e+05 4.527128540714261471e+05 4.527127711345527205e+05 1.505493898592818587e+05 4.527124039371940307e+05 4.527127940547474427e+05 2.448640673253385175e+05 4.527126542841293267e+05 4.339727286748324987e+05 4.527128309972591815e+05 4.527127923039830639e+05 4.527124497777016368e+05 4.527126089139176765e+05 4.527123995120702893e+05 4.527128997823049431e+05 4.527128516621583258e+05 4.527127197119949851e+05 4.527128520740223466e+05 3.159268983381979633e+05 4.527126826429393259e+05 4.527127749824246275e+05
2.631749879321154731e+04 2.153249937487810166e+04 2.631738198732229648e+04 1.720164503274577594e+00 1.688854844395178079e+05 1.570995140450566208e+00 2.631760657700282172e+04 4.527124039371940889e+05 5.854851158746693374e-01 2.631751167971639734e+04 3.067718259019300458e+05 2.631742213045023163e+04 6.864700576482500765e+04 1.554271082263287473e+00 2.631743025563257470e+04 2.631695758836971072e+04 2.153243421935731749e+04 2.631680741641778150e+04 1.623667383038468470e+00 2.631742644652167291e+04 2.631754983649124188e+04 2.631751319899412192e+04 2.344527322661493090e+05 1.381891753854504357e+00 2.631741280852307682e+04
1.987880207177173286e+00 4.786586551224253526e+03 2.631794906466658722e+04 2.631833361716338186e+04 1.688861963445172878e+05 2.631789358155243463e+04 2.134199216276889022e+00 4.527127940547474427e+05 2.631751167971639734e+04 8.463182917803205862e-01 3.067724010831800406e+05 1.986243219191231590e+00 8.060950733907228278e+04 2.631799141330355997e+04 2.631797471957281959e+04 2.631765872097838655e+04 2.631778906592655767e+04 1.461063353747802385e+00 2.631830435722940456e+04 2.631785923048835684e+04 2.100742578074931810e+00 2.631779055865423288e+04 2.344532981991837441e+05 2.631787347055331702e+04 2.631782278584592859e+04
3.067722847303434974e+05 3.067720431236243458e+05 3.067721560528774280e+05 3.067723948179948493e+05 2.391032284441373195e+05 3.067724061087376904e+05 3.067723930338484934e+05 2.448640673253385175e+05 3.067718259019299876e+05 3.067724010831800988e+05 8.171337599305514595e+04 3.067723473856887431e+05 2.880324807012848323e+05 3.067724135890997131e+05 3.067723456651872839e+05 3.067719318460144568e+05 3.067720481958640739e+05 3.067718507275930024e+05 3.067723822881295928e+05 3.067723868385671522e+05 3.067723334294956876e+05 3.067723997951830388e+05 1.800926911494818341e+05 3.067721012780933524e+05 3.067722465512499330e+05
1.945744252553966325e+00 4.786513670404770892e+03 2.631763348060335920e+04 2.631834430548784076e+04 1.688860829007450666e+05 2.631788278884767351e+04 2.119929868217011570e+00 4.527126542841291521e+05 2.631742213045023163e+04 1.986243219191231590e+00 3.067723473856886849e+05 9.324357587785675472e-01 8.060931198572370340e+04 2.631809975071790177e+04 2.631775803855561389e+04 2.631750398647261682e+04 2.631768898541577801e+04 1.347419704962381948e+00 2.631816804148207666e+04 2.631769616934319856e+04 2.100196429031707002e+00 2.631789774416206637e+04 2.344532874860450393e+05 2.631772775368986186e+04 2.631767371880848805e+04
8.060949193324100634e+04 7.843436525783521938e+04 8.060925861819161219e+04 6.864744669797737151e+04 1.002407155483593233e+05 6.864766893203163636e+04 8.060947984805547458e+04 4.339727286748324987e+05 6.864700576482499309e+04 8.060950733907228278e+04 2.880324807012847741e+05 8.060931198572370340e+04 3.805050206347065978e+04 6.864774177804034844e+04 8.060934886156352877e+04 8.060903768517056596e+04 7.843432130250174669e+04 8.060886797318894241e+04 6.864783728048791818e+04 8.060939970641335822e+04 8.060952361767769617e+04 8.060952582217293093e+04 1.928258769793855026e+05 6.864740182993437338e+04 8.060935262374693411e+04
2.631813200877729832e+04 2.153313502250527745e+04 2.631811531368481883e+04 2.322374125969898007e+00 1.688862118696864636e+05 2.034504241004511549e+00 2.631808727172097497e+04 4.527128309972591815e+05 1.554271082263287473e+00 2.631799141330355997e+04 3.067724135890997131e+05 2.631809975071790177e+04 6.864774177804034844e+04 1.026519585657885703e+00 2.631816145091406725e+04 2.631774747189324626e+04 2.153313147912726708e+04 2.631751549241902467e+04 2.041481981721812833e+00 2.631809299734751767e+04 2.631818457392769415e+04 2.631817770999301865e+04 2.344533491425036336e+05 2.031149318665334658e+00 2.631807414719011285e+04
2.631792817447526613e+04 2.631772373698444062e+04 1.892836110745981903e+00 2.631821190150235634e+04 1.688860454730073106e+05 2.631786310563419465e+04 2.631805024146451615e+04 4.527127923039830639e+05 2.631743025563257470e+04 2.631797471957281959e+04 3.067723456651872257e+05 2.631775803855561389e+04 8.060934886156352877e+04 2.631816145091406725e+04 9.827621984462898697e-01 1.648462314716144794e+00 4.786571936333489248e+03 2.631730067883244919e+04 2.631819010697764315e+04 1.794491008770547902e+00 2.631802384999920832e+04 1.888848286435254265e+00 2.344532662852234498e+05 2.631775511234711666e+04 1.936795666943617489e+00
2.631769200091264429e+04 2.631727892588687610e+04 1.568713266187369282e+00 2.631788943968288368e+04 1.688857012940398708e+05 2.631764492076278839e+04 2.631773410673080434e+04 4.527124497777016368e+05 2.631695758836971072e+04 2.631765872097838655e+04 3.067719318460144568e+05 2.631750398647261682e+04 8.060903768517056596e+04 2.631774747189324626e+04 1.648462314716144794e+00 7.653447922167425643e-01 4.786059949556118227e+03 2.631695777247805381e+04 2.631780024273027084e+04 1.640425134730821854e+00 2.631770129133766750e+04 1.823402039022590904e+00 2.344528611708816607e+05 2.631741466586617389e+04 1.591588358850522189e+00
2.631780474257097740e+04 2.544740929842288097e+04 4.786457734248539055e+03 2.153332858275701801e+04 1.688858445689425280e+05 2.153301904937201834e+04 2.631792443009839917e+04 4.527126089139176765e+05 2.153243421935732476e+04 2.631778906592655767e+04 3.067720481958640157e+05 2.631768898541577801e+04 7.843432130250174669e+04 2.153313147912726708e+04 4.786571936333489248e+03 4.786059949556118227e+03 7.830340374512437847e+03 2.631716013908397508e+04 2.153316885017866298e+04 4.786529671165352738e+03 2.631791990430605802e+04 4.786598265574361903e+03 2.344530358684043167e+05 2.153277831353166039e+04 4.786509916754292135e+03
1.426634365965069984e+00 4.785933657940907324e+03 2.631722490668630417e+04 2.631771637556388305e+04 1.688855996501611080e+05 2.631733960135033340e+04 1.534012522354854413e+00 4.527123995120702893e+05 2.631680741641778150e+04 1.461063353747802385e+00 3.067718507275929442e+05 1.347419704962382170e+00 8.060886797318894241e+04 2.631751549241902467e+04 2.631730067883244919e+04 2.631695777247805381e+04 2.631716013908397508e+04 5.394467342165639723e-01 2.631757412846257648e+04 2.631722328340716194e+04 1.466958739782499022e+00 2.631731896879748092e+04 2.344527689696309099e+05 2.631723182509191975e+04 2.631722728581949923e+04
2.631815650523134536e+04 2.153316962999831594e+04 2.631809928841649162e+04 2.326333108343368039e+00 1.688862683163422043e+05 2.239034661004883464e+00 2.631829078463167389e+04 4.527128997823049431e+05 1.623667383038468470e+00 2.631830435722940456e+04 3.067723822881295346e+05 2.631816804148207666e+04 6.864783728048791818e+04 2.041481981721812833e+00 2.631819010697764315e+04 2.631780024273027084e+04 2.153316885017866298e+04 2.631757412846257648e+04 9.564344583838753078e-01 2.631816397586074891e+04 2.631823023510874918e+04 2.631822259528013819e+04 2.344534192085010582e+05 2.067820637483663848e+00 2.631821975224174093e+04
2.631783885344568262e+04 2.631765592728500997e+04 1.875132710255895008e+00 2.631816681849722227e+04 1.688860822158692754e+05 2.631780267325608656e+04 2.631806488188881121e+04 4.527128516621583258e+05 2.631742644652167291e+04 2.631785923048835684e+04 3.067723868385670939e+05 2.631769616934319856e+04 8.060939970641335822e+04 2.631809299734751767e+04 1.794491008770547902e+00 1.640425134730821188e+00 4.786529671165352738e+03 2.631722328340716194e+04 2.631816397586074891e+04 8.468098185442081149e-01 2.631790349568608872e+04 1.938474669121089899e+00 2.344533271944679145e+05 2.631773828580781992e+04 1.800655429572536326e+00
2.026844295477071345e+00 4.786725183609041778e+03 2.631804140252788420e+04 2.631839645393727551e+04 1.688862389619063761e+05 2.631796788525921511e+04 2.129025450136877939e+00 4.527127197119949851e+05 2.631754983649124188e+04 2.100742578074931810e+00 3.067723334294956876e+05 2.100196429031707446e+00 8.060952361767769617e+04 2.631818457392769415e+04 2.631802384999920832e+04 2.631770129133766750e+04 2.631791990430605802e+04 1.466958739782499022e+00 2.631823023510874918e+04 2.631790349568608872e+04 9.105117914443651150e-01 2.631793327898865391e+04 2.344533273365274654e+05 2.631797369074728704e+04 2.631793745275951369e+04
2.631790454599280929e+04 2.631767521874328304e+04 2.000125691549238915e+00 2.631835276561322826e+04 1.688862209471889073e+05 2.631782764488796238e+04 2.631814192703282606e+04 4.527128520740223466e+05 2.631751319899412192e+04 2.631779055865423288e+04 3.067723997951829224e+05 2.631789774416206637e+04 8.060952582217293093e+04 2.631817770999301865e+04 1.888848286435254265e+00 1.823402039022590904e+00 4.786598265574360994e+03 2.631731896879748092e+04 2.631822259528013819e+04 1.938474669121089677e+00 2.631793327898865391e+04 8.577027893232452849e-01 2.344532481361255341e+05 2.631786834904252464e+04 2.020765823340353151e+00
2.344533344361085037e+05 2.344530390685513266e+05 2.344531559952540847e+05 2.344533773623341694e+05 1.191102875795266737e+05 2.344532543794592493e+05 2.344534030161716219e+05 3.159268983381979051e+05 2.344527322661493090e+05 2.344532981991837441e+05 1.800926911494818341e+05 2.344532874860449811e+05 1.928258769793855026e+05 2.344533491425036627e+05 2.344532662852234498e+05 2.344528611708816607e+05 2.344530358684043167e+05 2.344527689696309099e+05 2.344534192085010582e+05 2.344533271944678854e+05 2.344533273365274654e+05 2.344532481361255341e+05 7.500323867018197780e+04 2.344531342915479618e+05 2.344531417071362957e+05
2.631783628411692553e+04 2.153276171127271300e+04 2.631737591285545568e+04 2.138894237726762348e+00 1.688859420805336267e+05 1.923993512896985392e+00 2.631798446531886293e+04 4.527126826429393259e+05 1.381891753854504357e+00 2.631787347055331702e+04 3.067721012780932942e+05 2.631772775368986186e+04 6.864740182993438793e+04 2.031149318665334658e+00 2.631775511234711666e+04 2.631741466586617389e+04 2.153277831353165675e+04 2.631723182509191975e+04 2.067820637483663848e+00 2.631773828580781992e+04 2.631797369074728704e+04 2.631786834904252464e+04 2.344531342915479618e+05 8.829330784556417289e-01 2.631762317623537456e+04
2.631791330935044971e+04 2.631760205974697965e+04 1.762222348782220394e+00 2.631824497135800993e+04 1.688860300549573440e+05 2.631784964130680237e+04 2.631800586774178009e+04 4.527127749824246275e+05 2.631741280852307682e+04 2.631782278584592859e+04 3.067722465512499330e+05 2.631767371880848805e+04 8.060935262374693411e+04 2.631807414719011285e+04 1.936795666943617489e+00 1.591588358850522189e+00 4.786509916754292135e+03 2.631722728581949923e+04 2.631821975224174093e+04 1.800655429572536326e+00 2.631793745275951369e+04 2.020765823340353151e+00 2.344531417071362957e+05 2.631762317623537456e+04 8.142646353588226527e-01
