3.144579654475452844e+04 1.884279724341765104e+05 1.861424410674737592e+05 1.772674780627393338e+05 1.688724959209320950e+05 1.884275465774235199e+05 1.884279637512642366e+05 1.884277718554172898e+05 1.884277693014755787e+05 1.884276777324080467e+05 1.608725254436895193e+05 1.884280780764204974e+05 1.537848442109632888e+05 1.631581701825393829e+05 1.616947803778154193e+05 1.608725830593484570e+05 1.884281245781902107e+05 1.884278481358987628e+05 1.333125491920940403e+05 8.309751710967885447e+04 2.509526253310423635e+05 3.775118974146256805e+05 1.884281283965469920e+05 1.223547444013106578e+05 3.343043097318116925e+05
1.884279724341765104e+05 2.438127784998100196e+03 4.570315257234414457e+04 7.561258500695240218e+04 9.050153005300946825e+04 9.501176540808908612e+03 9.501620190948320669e+03 9.501487336667885756e+03 9.501468264816834562e+03 9.501383379133314520e+03 1.025018065085098642e+05 5.960446639070279161e+03 1.244230167537602101e+05 1.096222213214306394e+05 2.621417672575922043e+05 1.127292004190922889e+05 1.426961542384967106e+04 9.501592447643082778e+03 1.331447086115751008e+05 1.564048447346003086e+05 3.149857790568480268e+05 4.335117088451861637e+05 3.037045624198287260e+04 2.340946116527995036e+05 3.903041464272405137e+05
1.861424410674737592e+05 4.570315257234414457e+04 1.250301963191875257e+04 3.738653092452249257e+04 5.280018679871768109e+04 4.720283595419982157e+04 4.720301218805691315e+04 4.720284885109299648e+04 4.720311297059943172e+04 4.720304528239893261e+04 6.480007795076313050e+04 4.720303714918415790e+04 1.130143377736922557e+05 8.725680135414286633e+04 2.601828372996122635e+05 9.468831838765200519e+04 3.143480879052397358e+04 4.720296478665904579e+04 1.307867932288785814e+05 1.541193179876189970e+05 3.149857867276921752e+05 4.335118208509528195e+05 1.533402098839302380e+04 2.318090045064834412e+05 3.903042008921133820e+05
1.772674780627393338e+05 7.561258500695240218e+04 3.738653092452249984e+04 5.561291280606591499e+03 1.541488760955011276e+04 7.711228478557652852e+04 7.711274223237432307e+04 7.711256628344002820e+04 7.711258868370321579e+04 7.711248399366707599e+04 3.403279324525572883e+04 7.711273373987784726e+04 9.447854498332647199e+04 6.306140656103082438e+04 2.552848063394413039e+05 7.098037609060609248e+04 6.134466386463698291e+04 7.711268960048470763e+04 1.183343206003400119e+05 1.412937299628519104e+05 3.149859051679962431e+05 4.335118848174551968e+05 5.259675235602638713e+04 2.260946629181934404e+05 3.903043691862792475e+05
1.688724959209320950e+05 9.050153005300946825e+04 5.280018679871768109e+04 1.541488760955011276e+04 1.200077277943814261e+04 9.200121539949555881e+04 9.200163489957264392e+04 9.200148462385708990e+04 9.200151951420039404e+04 9.200141180288893520e+04 1.908353076726345171e+04 9.200167067206544743e+04 8.108964248844346730e+04 4.817240884763182112e+04 2.472847606896366924e+05 5.609142882118487614e+04 7.623354482895071851e+04 9.200160073318761715e+04 1.074454442537051800e+05 1.324048240919250238e+05 3.069859557206343161e+05 4.255119012451365124e+05 6.800163744426383346e+04 2.180946986620403768e+05 3.823043232657728367e+05
1.884275465774235199e+05 9.501176540808908612e+03 4.720283595419982157e+04 7.711228478557652852e+04 9.200121539949555881e+04 4.414515533479301257e-01 8.001183933217103913e+03 8.000966806448472198e+03 9.723612758455653093e-01 8.424058165584185076e-01 1.040013779711135576e+05 5.771718924672033609e+03 1.244225652915269311e+05 1.097155621290926501e+05 2.621414995985740388e+05 1.127287458622890408e+05 2.376943237299116663e+04 8.001122728733761505e+03 1.331442666633803165e+05 1.564043954219783482e+05 3.149855431890566251e+05 4.335115769910013769e+05 3.200135347524685494e+04 2.340942369502751390e+05 3.903040444828299806e+05
1.884279637512642366e+05 9.501620190948320669e+03 4.720301218805689859e+04 7.711274223237432307e+04 9.200163489957264392e+04 8.001183933217103913e+03 6.170585651430400276e-01 1.094954832206266548e+00 8.001355139688158488e+03 8.001409207322577458e+03 1.040015834428571252e+05 5.771843737376912031e+03 1.244227697048387927e+05 1.097160182506445854e+05 2.621418393747447699e+05 1.127289572359079029e+05 2.376961770224366046e+04 1.207831009878574724e+00 1.331447217398351349e+05 1.564048669017126085e+05 3.149855653531665448e+05 4.335117092165831127e+05 3.200154735288119991e+04 2.340946520200233790e+05 3.903040412928865990e+05
1.884277718554172898e+05 9.501487336667885756e+03 4.720284885109299648e+04 7.711256628344002820e+04 9.200148462385708990e+04 8.000966806448472198e+03 1.094954832206266548e+00 5.642548915158410727e-01 8.001270489852329774e+03 8.001159523126878412e+03 1.040013901481986541e+05 5.771762072567828909e+03 1.244225695694036694e+05 1.097158187002059276e+05 2.621416601928950986e+05 1.127287697799139714e+05 2.376944029149845665e+04 9.755548550465537039e-01 1.331445256701042235e+05 1.564046828298954351e+05 3.149854288985053427e+05 4.335116317087376374e+05 3.200137408574976871e+04 2.340944316859598039e+05 3.903039246971646789e+05
1.884277693014755787e+05 9.501468264816836381e+03 4.720311297059943172e+04 7.711258868370321579e+04 9.200151951420039404e+04 9.723612758455651983e-01 8.001355139688160307e+03 8.001270489852331593e+03 6.480619104801839114e-01 1.153540963065947222e+00 1.040016943645642459e+05 5.771952720607820083e+03 1.244229113277885772e+05 1.097158975804659131e+05 2.621416278265979199e+05 1.127290817696815502e+05 2.376964988047435327e+04 8.001339102461748553e+03 1.331445898982697399e+05 1.564047306445321592e+05 3.149856454258215381e+05 4.335117098861960694e+05 3.200161581500041211e+04 2.340944506782528479e+05 3.903041424257630715e+05
1.884276777324080467e+05 9.501383379133314520e+03 4.720304528239893261e+04 7.711248399366707599e+04 9.200141180288894975e+04 8.424058165584185076e-01 8.001409207322577458e+03 8.001159523126878412e+03 1.153540963065947222e+00 6.308420395190602603e-01 1.040015814490311604e+05 5.771930837198510744e+03 1.244227586150357238e+05 1.097157805964360887e+05 2.621415530203505768e+05 1.127289675742585096e+05 2.376961558573779621e+04 8.001331516503674720e+03 1.331444448620513722e+05 1.564045973734248546e+05 3.149856031501543475e+05 4.335116439735941822e+05 3.200157283312096479e+04 2.340943551943730854e+05 3.903041087259644992e+05
1.608725254436895484e+05 1.025018065085098642e+05 6.480007795076313050e+04 3.403279324525572883e+04 1.908353076726345171e+04 1.040013779711135576e+05 1.040015834428571252e+05 1.040013901481986541e+05 1.040016943645642459e+05 1.040015814490311604e+05 1.626059483036003940e+03 1.040016192836763948e+05 6.908952161912784504e+04 3.373434122325347562e+04 2.392848858160545060e+05 4.409130156256555347e+04 8.823349587544544192e+04 1.040015251981638285e+05 9.744552827696665190e+04 1.244049207630397577e+05 2.989857502987922635e+05 4.175119908728682785e+05 8.000157520140137058e+04 2.100948540218942217e+05 3.743043203711226233e+05
1.884280780764204974e+05 5.960446639070279161e+03 4.720303714918415790e+04 7.711273373987784726e+04 9.200167067206544743e+04 5.771718924672033609e+03 5.771843737376912031e+03 5.771762072567829819e+03 5.771952720607820083e+03 5.771930837198512563e+03 1.040016192836763948e+05 5.190728246158811089e+03 1.244227549638791825e+05 1.097160843146493280e+05 2.621418952292910253e+05 1.127289974475136987e+05 2.022856090232917995e+04 5.771830422940347489e+03 1.331447577744485752e+05 1.564049247880798357e+05 3.149856576040314394e+05 4.335117921029211138e+05 3.194347676247350682e+04 2.340946724050279590e+05 3.903041468746814644e+05
1.537848442109632888e+05 1.244230167537602101e+05 1.130143377736922557e+05 9.447854498332647199e+04 8.108964248844346730e+04 1.244225652915269311e+05 1.244227697048387927e+05 1.244225695694036694e+05 1.244229113277885481e+05 1.244227586150357238e+05 6.908952161912783049e+04 1.244227549638791825e+05 1.304041222014120831e+04 4.091875740588167537e+04 2.343325378590383625e+05 3.026063670749633457e+04 1.208672966072657728e+05 1.244226842271961214e+05 4.255193777282388328e+04 1.014850049377659161e+05 2.803192629397217534e+05 3.988452534118457697e+05 1.190896005142624927e+05 2.056829314774771628e+05 3.556376346803228953e+05
1.631581701825393829e+05 1.096222213214306103e+05 8.725680135414286633e+04 6.306140656103080983e+04 4.817240884763182112e+04 1.097155621290926501e+05 1.097160182506445854e+05 1.097158187002059422e+05 1.097158975804658839e+05 1.097157805964360887e+05 3.373434122325347562e+04 1.097160843146493280e+05 4.091875740588167537e+04 9.630180433061037547e+03 2.392848047388433188e+05 1.291051182487219194e+04 1.035651404250189080e+05 1.097159356202977651e+05 6.927454344391205814e+04 1.177384805447231920e+05 2.852716637311457307e+05 4.037976305374020012e+05 1.001726097741152626e+05 2.123803446854554932e+05 3.605901921955108992e+05
1.616947803778153902e+05 2.621417672575922043e+05 2.601828372996122635e+05 2.552848063394413039e+05 2.472847606896366924e+05 2.621414995985740388e+05 2.621418393747447699e+05 2.621416601928951568e+05 2.621416278265979199e+05 2.621415530203505768e+05 2.392848858160545060e+05 2.621418952292910253e+05 2.343325378590383916e+05 2.392848047388432897e+05 5.604446439947455656e+04 2.369992864343172987e+05 2.621419301957395219e+05 2.621417244569503528e+05 2.227134417020797846e+05 1.959793029895266809e+05 2.290950183487834001e+05 3.512025102000183542e+05 2.621419649977123481e+05 1.243355932512996951e+05 3.208254732563119614e+05
1.608725830593484570e+05 1.127292004190922889e+05 9.468831838765200519e+04 7.098037609060609248e+04 5.609142882118487614e+04 1.127287458622890408e+05 1.127289572359079029e+05 1.127287697799139714e+05 1.127290817696815502e+05 1.127289675742585096e+05 4.409130156256555347e+04 1.127289974475136987e+05 3.026063670749632729e+04 1.291051182487219558e+04 2.369992864343172987e+05 9.134374637107694070e+03 1.073956245781588077e+05 1.127288680475119327e+05 6.462067926196671760e+04 1.144465317139375547e+05 2.829858179433436599e+05 4.015119448179515894e+05 1.047289921906342643e+05 2.100948547755570908e+05 3.583043555750270025e+05
1.884281245781902107e+05 1.426961542384967106e+04 3.143480879052397722e+04 6.134466386463698291e+04 7.623354482895070396e+04 2.376943237299116663e+04 2.376961770224366046e+04 2.376944029149845665e+04 2.376964988047434963e+04 2.376961558573779621e+04 8.823349587544544192e+04 2.022856090232917995e+04 1.208672966072657728e+05 1.035651404250189080e+05 2.621419301957395219e+05 1.073956245781588077e+05 6.943745914297578565e+03 2.376960742814862533e+04 1.331448146511440864e+05 1.564049616920889239e+05 3.149856824447109830e+05 4.335117789236365352e+05 1.610201468756088798e+04 2.340947767911445117e+05 3.903041333806121838e+05
1.884278481358987628e+05 9.501592447643082778e+03 4.720296478665904579e+04 7.711268960048470763e+04 9.200160073318761715e+04 8.001122728733761505e+03 1.207831009878574724e+00 9.755548550465537039e-01 8.001339102461746734e+03 8.001331516503674720e+03 1.040015251981638285e+05 5.771830422940347489e+03 1.244226842271961214e+05 1.097159356202977651e+05 2.621417244569503528e+05 1.127288680475119327e+05 2.376960742814862533e+04 5.986000587564074271e-01 1.331446290642021340e+05 1.564047679178344260e+05 3.149854778498580563e+05 4.335116646517700865e+05 3.200150199436422190e+04 2.340944933466658695e+05 3.903039771755090915e+05
1.333125491920940403e+05 1.331447086115751008e+05 1.307867932288785669e+05 1.183343206003400119e+05 1.074454442537051800e+05 1.331442666633803165e+05 1.331447217398351349e+05 1.331445256701042235e+05 1.331445898982697108e+05 1.331444448620513722e+05 9.744552827696666645e+04 1.331447577744485752e+05 4.255193777282386873e+04 6.927454344391207269e+04 2.227134417020798137e+05 6.462067926196671760e+04 1.331448146511440864e+05 1.331446290642021340e+05 1.387641868213864473e+04 7.734996108970347268e+04 2.727003023937135586e+05 3.912262751538133016e+05 1.331447976959193475e+05 1.966511430036133970e+05 3.480187901545430650e+05
8.309751710967883992e+04 1.564048447346003086e+05 1.541193179876189970e+05 1.412937299628519104e+05 1.324048240919250238e+05 1.564043954219783482e+05 1.564048669017126085e+05 1.564046828298954351e+05 1.564047306445321592e+05 1.564045973734248546e+05 1.244049207630397577e+05 1.564049247880798357e+05 1.014850049377659161e+05 1.177384805447231920e+05 1.959793029895266809e+05 1.144465317139375547e+05 1.564049616920889239e+05 1.564047679178344260e+05 7.734996108970348723e+04 2.871292549497901928e+04 2.583070105382296315e+05 3.835120250014356570e+05 1.564049982806773914e+05 1.574339407333563140e+05 3.323045773298058193e+05
2.509526253310423635e+05 3.149857790568480268e+05 3.149857867276921752e+05 3.149859051679961849e+05 3.069859557206343161e+05 3.149855431890566251e+05 3.149855653531665448e+05 3.149854288985053427e+05 3.149856454258215381e+05 3.149856031501543475e+05 2.989857502987922635e+05 3.149856576040314394e+05 2.803192629397217534e+05 2.852716637311457307e+05 2.290950183487834001e+05 2.829858179433436599e+05 3.149856824447109830e+05 3.149854778498580563e+05 2.727003023937135586e+05 2.583070105382296315e+05 1.375855721139269590e+05 3.072823019285654300e+05 3.149857084175318596e+05 2.256179872320006252e+05 2.413496323952667299e+05
3.775118974146256805e+05 4.335117088451861637e+05 4.335118208509528195e+05 4.335118848174551968e+05 4.255119012451365124e+05 4.335115769910013769e+05 4.335117092165831709e+05 4.335116317087376374e+05 4.335117098861960112e+05 4.335116439735941822e+05 4.175119908728682785e+05 4.335117921029211138e+05 3.988452534118457697e+05 4.037976305374020012e+05 3.512025102000183542e+05 4.015119448179515894e+05 4.335117789236365352e+05 4.335116646517700865e+05 3.912262751538133016e+05 3.835120250014356570e+05 3.072823019285654300e+05 1.391511679159511987e+05 4.335118784710009350e+05 3.592130846484414069e+05 2.769297966248425073e+05
1.884281283965469920e+05 3.037045624198287260e+04 1.533402098839302380e+04 5.259675235602638713e+04 6.800163744426383346e+04 3.200135347524685494e+04 3.200154735288119991e+04 3.200137408574976871e+04 3.200161581500041211e+04 3.200157283312096479e+04 8.000157520140137058e+04 3.194347676247351046e+04 1.190896005142624927e+05 1.001726097741152771e+05 2.621419649977122899e+05 1.047289921906342497e+05 1.610201468756088980e+04 3.200150199436422190e+04 1.331447976959193475e+05 1.564049982806773914e+05 3.149857084175318596e+05 4.335118784710008767e+05 2.586912470852316233e+02 2.340948058528261899e+05 3.903041631801739568e+05
1.223547444013106724e+05 2.340946116527995036e+05 2.318090045064834703e+05 2.260946629181934404e+05 2.180946986620404059e+05 2.340942369502751681e+05 2.340946520200233790e+05 2.340944316859598039e+05 2.340944506782528479e+05 2.340943551943730854e+05 2.100948540218942217e+05 2.340946724050279590e+05 2.056829314774771628e+05 2.123803446854554932e+05 1.243355932512997388e+05 2.100948547755570908e+05 2.340947767911445699e+05 2.340944933466658986e+05 1.966511430036133970e+05 1.574339407333563431e+05 2.256179872320006543e+05 3.592130846484414651e+05 2.340948058528262191e+05 5.448669107956778316e+04 3.216087873150918167e+05
3.343043097318116925e+05 3.903041464272405137e+05 3.903042008921134984e+05 3.903043691862792475e+05 3.823043232657729532e+05 3.903040444828299806e+05 3.903040412928865990e+05 3.903039246971646789e+05 3.903041424257630715e+05 3.903041087259644992e+05 3.743043203711226233e+05 3.903041468746814644e+05 3.556376346803230117e+05 3.605901921955108992e+05 3.208254732563119614e+05 3.583043555750270025e+05 3.903041333806121838e+05 3.903039771755092079e+05 3.480187901545430650e+05 3.323045773298058193e+05 2.413496323952667299e+05 2.769297966248425073e+05 3.903041631801740150e+05 3.216087873150918167e+05 1.315493288032159326e+05
