1.148906649526642676e+00 3.198514111707062111e+05 1.222423728973639663e+05 1.315809860422251513e+05 1.315812974897082895e+05 8.082957099643132824e+04 2.225767488695253269e+05 1.315812868563194352e+05 1.315807944757718360e+05 1.315808425210935529e+05 1.052655533963897615e+05 1.315805724011350248e+05 1.315813466053199954e+05 1.315812046107728384e+05 2.190482508869105368e+04 1.315808332119951374e+05 6.983133788754277339e+04 1.315812332045982766e+05 1.315811533222288126e+05 7.894985011233300611e+04 1.315812006535950350e+05 1.315810356337710109e+05 1.315813509438153123e+05 1.315812429041248979e+05 7.894982758186661522e+04
3.198514111707062111e+05 1.164234144777057663e+05 2.577740287845274142e+05 3.724824188508832012e+05 3.724826752009231132e+05 3.461670536957734730e+05 1.974822804571110173e+05 3.724827346944760648e+05 3.724823241769881570e+05 3.724824143888304825e+05 3.461669969164042268e+05 3.724822800051583908e+05 3.724828396299242158e+05 3.724825911479065544e+05 3.048139582412992022e+05 3.724825070321375388e+05 3.461671262687777635e+05 3.724825653580865473e+05 3.724826281447656802e+05 3.461671684336561593e+05 3.724828279231642373e+05 3.724825941832807730e+05 3.724828594188272255e+05 3.724827770400719601e+05 3.461671687479077373e+05
1.222423728973639663e+05 2.577740287845274142e+05 4.797995182219445996e+04 1.845687409100494406e+05 1.845688807586250769e+05 1.582534105737812351e+05 1.450897164323665784e+05 1.845690340260559169e+05 1.845685481012275850e+05 1.845686324003908376e+05 1.582532982694765378e+05 1.845684203782518161e+05 1.845691224276140856e+05 1.845687803241694928e+05 1.015333833639280783e+05 1.845686495615848398e+05 1.432751189368026098e+05 1.845689849889597390e+05 1.845688478885187069e+05 1.582533645124908362e+05 1.845690713188860973e+05 1.845687293209391937e+05 1.845691733328272530e+05 1.845689629117613658e+05 1.582534314781364810e+05
1.315809860422251513e+05 3.724824188508832012e+05 1.845687409100494115e+05 8.941743532279400331e-01 1.826251297571769294e+00 5.075402772536630800e+04 2.752076999892055173e+05 1.983620149456721826e+00 1.509973558739675203e+00 1.613290082341877651e+00 2.631790846275641525e+04 1.217589855151898437e+00 1.985482424696045856e+00 1.716955645114716766e+00 1.384460848187930824e+05 1.623938511220203162e+00 8.587469775276405562e+04 1.863120116188015762e+00 1.756648950802345288e+00 7.894951984288435779e+04 1.980572439795234896e+00 1.621237763398853504e+00 2.073584153218906323e+00 2.015354018332430552e+00 6.944659567436941143e+04
1.315812974897082895e+05 3.724826752009231132e+05 1.845688807586250769e+05 1.826251297571769294e+00 9.814298708974019680e-01 5.075407669506083766e+04 2.752079333825740614e+05 1.994908885419013567e+00 1.624386044822392572e+00 1.700320163318723266e+00 2.631794997988507021e+04 1.294491592227283050e+00 1.991903939232311016e+00 1.799792349274517589e+00 1.384462641548567917e+05 1.869235415022707736e+00 8.587495305894550984e+04 1.941495761177517432e+00 1.907360884119156497e+00 7.894963535869441694e+04 1.955433639051100014e+00 1.852447722146189246e+00 2.075224636874688944e+00 1.939657627484944635e+00 6.944671056910073094e+04
8.082957099643132824e+04 3.461670536957734730e+05 1.582534105737812351e+05 5.075402772536630800e+04 5.075407669506083766e+04 3.491908185479717758e+03 2.488923983760084666e+05 5.075416181601710559e+04 5.075360056654186337e+04 5.075376306584787380e+04 2.443809611622953526e+04 5.075339678843453294e+04 5.075404265984254016e+04 5.075403452496646059e+04 1.016581345487902290e+05 5.075396961223417748e+04 3.512325265372225113e+04 5.075417781708676193e+04 5.075399323174378515e+04 2.819783544876857195e+04 5.075411475381853234e+04 5.075407209424665052e+04 5.075402851878217916e+04 5.075403058122660877e+04 1.869462999568449231e+04
2.225767488695253269e+05 1.974822804571110173e+05 1.450897164323666075e+05 2.752076999892055173e+05 2.752079333825740614e+05 2.488923983760084666e+05 9.464211296331006452e+04 2.752080235229957034e+05 2.752075909705520608e+05 2.752076688447328052e+05 2.488922726383020636e+05 2.752074837326986017e+05 2.752080970573649975e+05 2.752078301203299779e+05 2.075392531724252913e+05 2.752077757425222662e+05 2.412982999296049238e+05 2.752078418831497547e+05 2.752078436845252872e+05 2.488924863777825958e+05 2.752080798607944162e+05 2.752078374554297188e+05 2.752081441347646760e+05 2.752080525200346601e+05 2.488925186773926544e+05
1.315812868563194352e+05 3.724827346944760648e+05 1.845690340260559169e+05 1.983620149456721604e+00 1.994908885419013567e+00 5.075416181601710559e+04 2.752080235229957034e+05 9.222378297676416814e-01 1.636162324928746470e+00 1.843338635801534231e+00 2.631803033989276810e+04 1.334972460952534190e+00 1.929942923448752401e+00 2.086974682118043489e+00 1.384463092587235151e+05 1.892013910676327404e+00 8.587498496638657525e+04 1.923622976868547330e+00 1.937119305717842410e+00 7.894972449959772348e+04 1.919535678217736185e+00 2.053639740317189322e+00 1.951410522757336841e+00 2.018338881499043502e+00 6.944663305556707201e+04
1.315807944757718360e+05 3.724823241769881570e+05 1.845685481012275850e+05 1.509973558739675203e+00 1.624386044822392572e+00 5.075360056654187065e+04 2.752075909705520608e+05 1.636162324928746470e+00 6.573602108649579945e-01 1.183266856524264776e+00 2.631744880854587245e+04 8.656250692372589040e-01 1.657688633524250665e+00 1.508608887942080035e+00 1.384458322075427568e+05 1.364036133231802284e+00 8.587446368103439454e+04 1.602663656433304551e+00 1.582349288980943847e+00 7.894919517867140530e+04 1.670091095621464294e+00 1.541348367817980458e+00 1.655273179027319630e+00 1.648851130417421151e+00 6.944617737801688781e+04
1.315808425210935529e+05 3.724824143888304825e+05 1.845686324003908376e+05 1.613290082341877651e+00 1.700320163318723266e+00 5.075376306584788108e+04 2.752076688447328052e+05 1.843338635801534009e+00 1.183266856524264776e+00 8.216827239531681037e-01 2.631766511692716813e+04 1.017513809920041368e+00 1.797998027502252461e+00 1.655270071967146928e+00 1.384458912736910279e+05 1.394699322226611082e+00 8.587460306979973393e+04 1.848313371698753427e+00 1.724845096317948023e+00 7.894933812868756650e+04 1.810523714553450292e+00 1.610452146933519568e+00 1.814005480849405050e+00 1.785176213696245240e+00 6.944636456448659010e+04
1.052655533963897615e+05 3.461669969164042268e+05 1.582532982694765378e+05 2.631790846275641525e+04 2.631794997988507021e+04 2.443809611622953889e+04 2.488922726383020636e+05 2.631803033989276810e+04 2.631744880854587245e+04 2.631766511692716813e+04 9.115472490930556226e-01 2.631727868079601103e+04 2.631792859016345392e+04 2.631793157791243357e+04 1.121306280560973391e+05 2.631779726501900223e+04 5.955927366497003095e+04 2.631796159104127219e+04 2.631789160583793637e+04 5.263386710390804365e+04 2.631798191111131382e+04 2.631794849943203008e+04 2.631790520494717566e+04 2.631788314979190181e+04 4.313089622444814449e+04
1.315805724011350248e+05 3.724822800051582744e+05 1.845684203782518161e+05 1.217589855151898437e+00 1.294491592227283050e+00 5.075339678843454021e+04 2.752074837326985435e+05 1.334972460952534190e+00 8.656250692372589040e-01 1.017513809920041368e+00 2.631727868079601103e+04 4.266789625536580588e-01 1.357319764688030173e+00 1.285427874173217688e+00 1.384456516022105643e+05 1.163280995902421289e+00 8.587421903027028020e+04 1.327768501148343550e+00 1.295348812478746892e+00 7.894893999677737884e+04 1.316045201991663527e+00 1.249311373553335658e+00 1.394421154937136365e+00 1.344439844753321012e+00 6.944593687252198288e+04
1.315813466053200245e+05 3.724828396299242158e+05 1.845691224276140856e+05 1.985482424696045856e+00 1.991903939232311016e+00 5.075404265984254016e+04 2.752080970573649975e+05 1.929942923448752401e+00 1.657688633524250665e+00 1.797998027502252238e+00 2.631792859016345392e+04 1.357319764688030617e+00 9.028992177920754925e-01 2.082310339476393324e+00 1.384464070264616748e+05 2.010375889333106070e+00 8.587506016458210070e+04 2.122133737676629384e+00 2.107936553754402809e+00 7.894976838115675491e+04 1.900873278558304014e+00 2.041534585484893860e+00 1.850297185441550196e+00 2.112312277122359028e+00 6.944667343669365800e+04
1.315812046107728384e+05 3.724825911479064962e+05 1.845687803241694928e+05 1.716955645114716322e+00 1.799792349274517589e+00 5.075403452496646059e+04 2.752078301203299197e+05 2.086974682118043489e+00 1.508608887942080035e+00 1.655270071967146706e+00 2.631793157791243357e+04 1.285427874173217688e+00 2.082310339476393324e+00 8.886809766250000076e-01 1.384461462649476889e+05 1.708462562510764782e+00 8.587486758793177432e+04 1.937875275489399751e+00 1.794651115020364562e+00 7.894956702276712167e+04 1.992503397980599278e+00 1.634988014497174458e+00 2.086008144116119567e+00 1.936706590886096757e+00 6.944664620434261451e+04
2.190482508869105368e+04 3.048139582412991440e+05 1.015333833639280783e+05 1.384460848187930824e+05 1.384462641548567917e+05 1.016581345487902145e+05 2.075392531724252913e+05 1.384463092587235151e+05 1.384458322075427568e+05 1.384458912736910279e+05 1.121306280560973391e+05 1.384456516022105643e+05 1.384464070264616748e+05 1.384461462649476889e+05 2.303884672185686213e+04 1.384458457922532980e+05 9.173422551730678242e+04 1.384463345232348074e+05 1.384461798358355591e+05 1.008523694121774315e+05 1.384463005674708984e+05 1.384459979431335523e+05 1.384464132205860806e+05 1.384462243956495658e+05 1.008524510421377927e+05
1.315808332119951374e+05 3.724825070321375388e+05 1.845686495615848398e+05 1.623938511220203162e+00 1.869235415022707736e+00 5.075396961223417748e+04 2.752077757425222662e+05 1.892013910676327404e+00 1.364036133231802284e+00 1.394699322226611082e+00 2.631779726501900223e+04 1.163280995902421289e+00 2.010375889333106070e+00 1.708462562510764782e+00 1.384458457922532980e+05 7.536285338141307522e-01 8.587451760038592329e+04 1.831115872179713833e+00 1.696961215791649158e+00 7.894931830687970796e+04 1.910070544224038214e+00 1.615115649362051320e+00 1.938649564582784146e+00 1.845729809835138902e+00 6.944643698573586880e+04
6.983133788754277339e+04 3.461671262687777635e+05 1.432751189368026098e+05 8.587469775276405562e+04 8.587495305894550984e+04 3.512325265372225113e+04 2.412982999296049238e+05 8.587498496638657525e+04 8.587446368103439454e+04 8.587460306979973393e+04 5.955927366497003095e+04 8.587421903027028020e+04 8.587506016458210070e+04 8.587486758793177432e+04 9.173422551730678242e+04 8.587451760038592329e+04 2.527332073006767678e+04 8.587483256528776838e+04 8.587485473380009353e+04 2.154723596724976596e+04 8.587491554288529733e+04 8.587476607187617628e+04 8.587508843174432695e+04 8.587493274031906913e+04 2.577107236528109206e+04
1.315812332045982766e+05 3.724825653580865473e+05 1.845689849889597390e+05 1.863120116188015762e+00 1.941495761177517432e+00 5.075417781708676921e+04 2.752078418831496965e+05 1.923622976868546885e+00 1.602663656433304551e+00 1.848313371698753649e+00 2.631796159104127219e+04 1.327768501148343550e+00 2.122133737676629384e+00 1.937875275489399751e+00 1.384463345232348074e+05 1.831115872179713833e+00 8.587483256528776838e+04 8.326400841540050335e-01 1.820164715222181151e+00 7.894968387690572126e+04 2.001343476235781349e+00 1.896556338290156907e+00 2.183598656481382516e+00 1.994711247039727020e+00 6.944674625874472258e+04
1.315811533222288126e+05 3.724826281447656802e+05 1.845688478885187069e+05 1.756648950802345288e+00 1.907360884119156497e+00 5.075399323174379970e+04 2.752078436845252872e+05 1.937119305717842410e+00 1.582349288980943847e+00 1.724845096317948023e+00 2.631789160583793637e+04 1.295348812478746892e+00 2.107936553754402809e+00 1.794651115020364562e+00 1.384461798358355591e+05 1.696961215791649158e+00 8.587485473380009353e+04 1.820164715222181151e+00 8.911573165089727855e-01 7.894965673423012777e+04 2.018781187083302342e+00 1.785644133573740300e+00 2.048762565520401147e+00 1.997333993464845969e+00 6.944667887077071646e+04
7.894985011233300611e+04 3.461671684336561593e+05 1.582533645124908362e+05 7.894951984288437234e+04 7.894963535869441694e+04 2.819783544876857195e+04 2.488924863777825958e+05 7.894972449959772348e+04 7.894919517867140530e+04 7.894933812868756650e+04 5.263386710390804365e+04 7.894893999677739339e+04 7.894976838115675491e+04 7.894956702276712167e+04 1.008523694121774606e+05 7.894931830687970796e+04 2.154723596724976233e+04 7.894968387690572126e+04 7.894965673423012777e+04 1.217225150281708634e+00 7.894968177779184771e+04 7.894946316178880807e+04 7.894976173666046816e+04 7.894963362459088967e+04 9.504970929698136388e+03
1.315812006535950350e+05 3.724828279231642373e+05 1.845690713188860973e+05 1.980572439795234896e+00 1.955433639051100014e+00 5.075411475381853234e+04 2.752080798607944162e+05 1.919535678217736185e+00 1.670091095621464738e+00 1.810523714553450292e+00 2.631798191111131382e+04 1.316045201991663527e+00 1.900873278558304236e+00 1.992503397980599278e+00 1.384463005674708984e+05 1.910070544224038214e+00 8.587491554288529733e+04 2.001343476235781349e+00 2.018781187083302342e+00 7.894968177779184771e+04 9.965958459792525481e-01 1.973207643845029446e+00 1.941652129635304869e+00 1.966633193682552516e+00 6.944673036968382075e+04
1.315810356337710109e+05 3.724825941832807730e+05 1.845687293209391937e+05 1.621237763398853504e+00 1.852447722146189246e+00 5.075407209424665052e+04 2.752078374554297188e+05 2.053639740317189766e+00 1.541348367817980458e+00 1.610452146933519568e+00 2.631794849943203008e+04 1.249311373553335658e+00 2.041534585484893860e+00 1.634988014497174236e+00 1.384459979431335523e+05 1.615115649362051320e+00 8.587476607187617628e+04 1.896556338290156907e+00 1.785644133573740522e+00 7.894946316178880807e+04 1.973207643845029446e+00 8.789408386873532875e-01 2.105264312307343122e+00 1.972748535404904358e+00 6.944656533870619023e+04
1.315813509438153123e+05 3.724828594188272255e+05 1.845691733328272530e+05 2.073584153218906323e+00 2.075224636874688944e+00 5.075402851878217916e+04 2.752081441347646760e+05 1.951410522757336841e+00 1.655273179027319630e+00 1.814005480849405494e+00 2.631790520494717566e+04 1.394421154937136365e+00 1.850297185441550196e+00 2.086008144116119567e+00 1.384464132205860806e+05 1.938649564582784146e+00 8.587508843174432695e+04 2.183598656481382516e+00 2.048762565520401147e+00 7.894976173666046816e+04 1.941652129635304869e+00 2.105264312307343122e+00 1.017170673904419953e+00 2.023766755897200564e+00 6.944665208102347970e+04
1.315812429041248979e+05 3.724827770400719601e+05 1.845689629117613658e+05 2.015354018332430552e+00 1.939657627484944635e+00 5.075403058122660877e+04 2.752080525200346601e+05 2.018338881499043502e+00 1.648851130417420929e+00 1.785176213696245684e+00 2.631788314979190181e+04 1.344439844753321012e+00 2.112312277122359472e+00 1.936706590886096757e+00 1.384462243956495658e+05 1.845729809835139124e+00 8.587493274031906913e+04 1.994711247039727020e+00 1.997333993464845969e+00 7.894963362459088967e+04 1.966633193682552294e+00 1.972748535404904358e+00 2.023766755897200564e+00 9.745467195364077018e-01 6.944667198257843847e+04
7.894982758186661522e+04 3.461671687479077373e+05 1.582534314781364810e+05 6.944659567436941143e+04 6.944671056910073094e+04 1.869462999568449595e+04 2.488925186773926252e+05 6.944663305556707201e+04 6.944617737801688781e+04 6.944636456448659010e+04 4.313089622444814449e+04 6.944593687252198288e+04 6.944667343669365800e+04 6.944664620434261451e+04 1.008524510421377927e+05 6.944643698573586880e+04 2.577107236528109934e+04 6.944674625874472258e+04 6.944667887077071646e+04 9.504970929698136388e+03 6.944673036968382075e+04 6.944656533870619023e+04 6.944665208102347970e+04 6.944667198257843847e+04 1.214374247698012914e+04
