8.131618362463339800e-01 1.666685333339512872e+05 4.285898555256785767e+04 1.000021954670489940e+05 3.333498758381490916e+04 5.256420867732249899e+05 4.177861029450506903e+05 3.333502817750492250e+04 8.333536540746754326e+04 3.333484621049774432e+04 1.717870706978281925e+00 3.333493460838202009e+04 1.468658169673760394e+00 2.666684975925880135e+05 2.955398014754588949e+05 1.283035627376032606e+00 1.714304933424248011e+05 1.327865850557181111e+05 6.666865001293265959e+04 2.000020096204080328e+05 2.560022729224819923e+05 3.333474739153594419e+04 1.000021263773226237e+05 1.400976556945124685e+00 3.500016374009681749e+05
1.666685333339512872e+05 1.707830136744999618e+04 1.659884496912088944e+05 1.309543324298735242e+05 1.666685919355176156e+05 4.923090673637934378e+05 3.844531792737410287e+05 1.666686440789998742e+05 1.476210336793483002e+05 1.666685313215479837e+05 1.666686439128154307e+05 1.666684581595956115e+05 1.666682407271349221e+05 2.023831684300025809e+05 2.489413164380926755e+05 1.666681113273196388e+05 3.999737923564192170e+04 7.052318189124818309e+04 1.642877143825710227e+05 9.444374215030312189e+04 1.583834209811999754e+05 1.666682251676354790e+05 1.309541586867697624e+05 1.666683799290129682e+05 3.166685268402200309e+05
4.285898555256785767e+04 1.659884496912088944e+05 1.360616312731132348e+04 5.714475173071950121e+04 4.285893333539475134e+04 5.256421743205947569e+05 4.177863781467745430e+05 4.285878640013722179e+04 4.047798654027994780e+04 4.285900343915796111e+04 4.285896841705490078e+04 4.285876234490350907e+04 4.285881497211612441e+04 2.666686478687538765e+05 2.955400482593128108e+05 4.285850247770937131e+04 1.714305136500301887e+05 1.232627471690393722e+05 2.381104266056283450e+04 2.000018861694161315e+05 2.560023935602319252e+05 4.285852791740655812e+04 5.714473438716802048e+04 4.285883889853493019e+04 3.500018658663747483e+05
1.000021954670489940e+05 1.309543324298735242e+05 5.714475173071950121e+04 7.894853428808539242e-01 1.000021056562657759e+05 4.923089261691007414e+05 3.844531087925762404e+05 1.000020546653155470e+05 1.666851694157888778e+04 1.000020888509008219e+05 1.000021659638298734e+05 1.000019943590770854e+05 1.000018662712591904e+05 2.333353585575759935e+05 2.622066604363168590e+05 1.000015487296212959e+05 1.380972601199844794e+05 6.611978881818147784e+04 3.333527298096515733e+04 1.666687048442559026e+05 2.226692274436510343e+05 1.000016864446992258e+05 1.727381075142985445e+00 1.000019960463510361e+05 3.166684573991854559e+05
3.333498758381490916e+04 1.666685919355176156e+05 4.285893333539475134e+04 1.000021056562657759e+05 7.394010287775102386e-01 5.256419422127571888e+05 4.177861008735861978e+05 1.638508538619038113e+00 8.333531044081071741e+04 1.428814403794344212e+00 3.333512764596156194e+04 1.486823583456052589e+00 3.333480600057115953e+04 2.666683715151296929e+05 2.955396421840030816e+05 3.333461709807992884e+04 1.714304348756279505e+05 1.327866594932538574e+05 6.666855047828238457e+04 2.000019243188959372e+05 2.560022880663737888e+05 1.237059453347905347e+00 1.000020459077663254e+05 3.333481934622899280e+04 3.500015556616017129e+05
5.256420867732249899e+05 4.923090673637934378e+05 5.256421743205947569e+05 4.923089261691007414e+05 5.256419422127571888e+05 1.246988408840491466e+05 3.439713017910915660e+05 5.256420480348197743e+05 5.089756318165188422e+05 5.256419846875545336e+05 5.256422331913849339e+05 5.256419847063228954e+05 5.256419631069506286e+05 4.249456630750968470e+05 4.064748509140608367e+05 5.256419698287915671e+05 4.875471640786675271e+05 4.923089537181891501e+05 5.256422747527837055e+05 4.589756190486224368e+05 4.586196494035748183e+05 5.256418833215562627e+05 4.923089300907980069e+05 5.256420272385783028e+05 3.699309484191850061e+05
4.177861029450506903e+05 3.844531792737411452e+05 4.177863781467745430e+05 3.844531087925762404e+05 4.177861008735861978e+05 3.439713017910914496e+05 1.087884760049809411e+05 4.177862077214295859e+05 4.011196824688375345e+05 4.177861073028662358e+05 4.177861901520601823e+05 4.177860819534964976e+05 4.177860428770909784e+05 3.170899839808208053e+05 2.986188410729130846e+05 4.177860088283186196e+05 3.796911523010555538e+05 3.844530832238873118e+05 4.177863359881366487e+05 3.511197344286467996e+05 3.507637530786841526e+05 4.177859603025796241e+05 3.844531901557116653e+05 4.177860608449522406e+05 2.402411662916170608e+05
3.333502817750492250e+04 1.666686440789998742e+05 4.285878640013722179e+04 1.000020546653155470e+05 1.638508538619038113e+00 5.256420480348197743e+05 4.177862077214295859e+05 8.148396355477919295e-01 8.333530807356131845e+04 1.556366401177257996e+00 3.333512386373509798e+04 1.573482967553729406e+00 3.333488819869658619e+04 2.666684855517585529e+05 2.955399882441702066e+05 3.333470380739156826e+04 1.714306224844593671e+05 1.327866206053864444e+05 6.666856818241567817e+04 2.000019758668002032e+05 2.560023642385795829e+05 1.341375152455479558e+00 1.000020679299475887e+05 3.333500478268756706e+04 3.500017004008813528e+05
8.333536540746754326e+04 1.476210336793483293e+05 4.047798654027994780e+04 1.666851694157888778e+04 8.333531044081071741e+04 5.089756318165189005e+05 4.011196824688374763e+05 8.333530807356131845e+04 1.666751336074108622e+04 8.333539809189493826e+04 8.333543297696305672e+04 8.333517467934255546e+04 8.333517300153772521e+04 2.500021054060229217e+05 2.788734581198972883e+05 8.333479095122244325e+04 1.547639653686463425e+05 8.278654097267593897e+04 1.666840976837317794e+04 1.833353566435529792e+05 2.393357905198496301e+05 8.333492373363714432e+04 1.666840391908416495e+04 8.333521493339347944e+04 3.333351667946729576e+05
3.333484621049774432e+04 1.666685313215479837e+05 4.285900343915796111e+04 1.000020888509008219e+05 1.428814403794344212e+00 5.256419846875545336e+05 4.177861073028662358e+05 1.556366401177257552e+00 8.333539809189493826e+04 7.027207615097080806e-01 3.333517767551915313e+04 1.537509033040881823e+00 3.333479095084583241e+04 2.666685443251543329e+05 2.955397694758727448e+05 3.333458362305349874e+04 1.714305414888310188e+05 1.327866425686795556e+05 6.666866196414327715e+04 2.000020129183397512e+05 2.560023258749366505e+05 1.374562614064497534e+00 1.000020811560880538e+05 3.333484650583336042e+04 3.500015649365967838e+05
1.717870706978281925e+00 1.666686439128154307e+05 4.285896841705490078e+04 1.000021659638298734e+05 3.333512764596156194e+04 5.256422331913849339e+05 4.177861901520601241e+05 3.333512386373509798e+04 8.333543297696305672e+04 3.333517767551915313e+04 7.087121165941806522e-01 3.333516509772197605e+04 1.552839512340419059e+00 2.666684657331702183e+05 2.955399958965639817e+05 1.269506850372596141e+00 1.714304929954157269e+05 1.327864078308077005e+05 6.666864156883386022e+04 2.000020465533409151e+05 2.560024601329069701e+05 3.333481110688544868e+04 1.000021725384114980e+05 1.619341564198697903e+00 3.500016619075228227e+05
3.333493460838202009e+04 1.666684581595956115e+05 4.285876234490350907e+04 1.000019943590770854e+05 1.486823583456052589e+00 5.256419847063228954e+05 4.177860819534964976e+05 1.573482967553729628e+00 8.333517467934255546e+04 1.537509033040881823e+00 3.333516509772197605e+04 6.702849727589177409e-01 3.333469801010438096e+04 2.666683324563276256e+05 2.955396191217697924e+05 3.333441481445620593e+04 1.714304170006893110e+05 1.327864983233840903e+05 6.666839168126008008e+04 2.000017671008342877e+05 2.560020989871041675e+05 1.141419927109064814e+00 1.000019672035662807e+05 3.333474462869921263e+04 3.500015564282953274e+05
1.468658169673760394e+00 1.666682407271349221e+05 4.285881497211612441e+04 1.000018662712591904e+05 3.333480600057115953e+04 5.256419631069506286e+05 4.177860428770909784e+05 3.333488819869658619e+04 8.333517300153772521e+04 3.333479095084583241e+04 1.552839512340419059e+00 3.333469801010438096e+04 6.578433555250134956e-01 2.666682345845735399e+05 2.955396370448945672e+05 9.822334606271293511e-01 1.714301768461541797e+05 1.327862346344488033e+05 6.666836852245131740e+04 2.000016791888975131e+05 2.560019921875203727e+05 3.333437610037771083e+04 1.000018175770519883e+05 1.224943167919726905e+00 3.500014743338219705e+05
2.666684975925879553e+05 2.023831684300025809e+05 2.666686478687538765e+05 2.333353585575759935e+05 2.666683715151296929e+05 4.249456630750968470e+05 3.170899839808206889e+05 2.666684855517586111e+05 2.500021054060229217e+05 2.666685443251543329e+05 2.666684657331702183e+05 2.666683324563276256e+05 2.666682345845735981e+05 2.428938733971729380e+04 1.454702911327689944e+05 2.666682017641894636e+05 1.952401950622531876e+05 2.333354333375528804e+05 2.666688190679320833e+05 1.638493244992465188e+05 1.070441979925898049e+05 2.666681880958781112e+05 2.333353681267585198e+05 2.666683075676519657e+05 2.398853661189816485e+05
2.955398014754588949e+05 2.489413164380926755e+05 2.955400482593128108e+05 2.622066604363168590e+05 2.955396421840030816e+05 4.064748509140608367e+05 2.986188410729130846e+05 2.955399882441702066e+05 2.788734581198972883e+05 2.955397694758727448e+05 2.955399958965639817e+05 2.955396191217697924e+05 2.955396370448946254e+05 1.454702911327689944e+05 7.115363645662799536e+04 2.955395373744870303e+05 2.431591101374075224e+05 2.622067432777730282e+05 2.955400330397163052e+05 2.145879132999916328e+05 1.803919276037146337e+05 2.955396571236645104e+05 2.622067170761551824e+05 2.955397228095616447e+05 1.935617920582403021e+05
1.283035627376032606e+00 1.666681113273196388e+05 4.285850247770937131e+04 1.000015487296212959e+05 3.333461709807992884e+04 5.256419698287915671e+05 4.177860088283186196e+05 3.333470380739156826e+04 8.333479095122244325e+04 3.333458362305349874e+04 1.269506850372596363e+00 3.333441481445620593e+04 9.822334606271294621e-01 2.666682017641894636e+05 2.955395373744870303e+05 4.169118532183157533e-01 1.714301105552979861e+05 1.327860328244316333e+05 6.666810253837086202e+04 2.000014988936860755e+05 2.560019626015328104e+05 3.333423103689852724e+04 1.000015160250573535e+05 1.047809956694724542e+00 3.500014000867406721e+05
1.714304933424248011e+05 3.999737923564192170e+04 1.714305136500301887e+05 1.380972601199844794e+05 1.714304348756279505e+05 4.875471640786675271e+05 3.796911523010554956e+05 1.714306224844593671e+05 1.547639653686463425e+05 1.714305414888310188e+05 1.714304929954157269e+05 1.714304170006893110e+05 1.714301768461541797e+05 1.952401950622531876e+05 2.431591101374075224e+05 1.714301105552979861e+05 1.172415091491434032e+04 9.430654271365921886e+04 1.714305481030853698e+05 8.991716648753423942e+04 1.512406691499041626e+05 1.714300553844340320e+05 1.380972433579290519e+05 1.714302937072006753e+05 3.119067232651080703e+05
1.327865850557181111e+05 7.052318189124818309e+04 1.232627471690393722e+05 6.611978881818147784e+04 1.327866594932538574e+05 4.923089537181892665e+05 3.844530832238872536e+05 1.327866206053864444e+05 8.278654097267593897e+04 1.327866425686795556e+05 1.327864078308077005e+05 1.327864983233840903e+05 1.327862346344487742e+05 2.333354333375529095e+05 2.622067432777730282e+05 1.327860328244316333e+05 9.430654271365921886e+04 2.909845025893701313e+04 9.945327080228371779e+04 1.319000983066888584e+05 1.893358269605516398e+05 1.327862695795509499e+05 6.611986893500697624e+04 1.327864017224791751e+05 3.166684651074141730e+05
6.666865001293265959e+04 1.642877143825710227e+05 2.381104266056283450e+04 3.333527298096515733e+04 6.666855047828238457e+04 5.256422747527837055e+05 4.177863359881365323e+05 6.666856818241567817e+04 1.666840976837317794e+04 6.666866196414327715e+04 6.666864156883386022e+04 6.666839168126008008e+04 6.666836852245131740e+04 2.666688190679321415e+05 2.955400330397163052e+05 6.666810253837086202e+04 1.714305481030854280e+05 9.945327080228371779e+04 8.055163357503180022e-01 2.000020577370195242e+05 2.560024319526664040e+05 6.666816631220925774e+04 3.333518969775555888e+04 6.666847922490004566e+04 3.500017572753926506e+05
2.000020096204080328e+05 9.444374215030312189e+04 2.000018861694161315e+05 1.666687048442559026e+05 2.000019243188959372e+05 4.589756190486224368e+05 3.511197344286467414e+05 2.000019758668002032e+05 1.833353566435529792e+05 2.000020129183397512e+05 2.000020465533409151e+05 2.000017671008342877e+05 2.000016791888975131e+05 1.638493244992465188e+05 2.145879132999916328e+05 2.000014988936860755e+05 8.991716648753423942e+04 1.319000983066888584e+05 2.000020577370194951e+05 2.384407666484135916e+04 9.182240035570277541e+04 2.000015352502283931e+05 1.666687271562997776e+05 2.000016828423000989e+05 2.833353146303115645e+05
2.560022729224820214e+05 1.583834209812000045e+05 2.560023935602319252e+05 2.226692274436510343e+05 2.560022880663737888e+05 4.586196494035748765e+05 3.507637530786840944e+05 2.560023642385795829e+05 2.393357905198496301e+05 2.560023258749366214e+05 2.560024601329069701e+05 2.560020989871041675e+05 2.560019921875203727e+05 1.070441979925898195e+05 1.803919276037146337e+05 2.560019626015328104e+05 1.512406691499041626e+05 1.893358269605516398e+05 2.560024319526664040e+05 9.182240035570277541e+04 3.047190359066873498e+04 2.560019369249593874e+05 2.226691106750791369e+05 2.560019712427128979e+05 2.737638833433637046e+05
3.333474739153594419e+04 1.666682251676354790e+05 4.285852791740655812e+04 1.000016864446992258e+05 1.237059453347905569e+00 5.256418833215563791e+05 4.177859603025796241e+05 1.341375152455479558e+00 8.333492373363714432e+04 1.374562614064497534e+00 3.333481110688544868e+04 1.141419927109064814e+00 3.333437610037771083e+04 2.666681880958781112e+05 2.955396571236645104e+05 3.333423103689852724e+04 1.714300553844340320e+05 1.327862695795509499e+05 6.666816631220925774e+04 2.000015352502284222e+05 2.560019369249593874e+05 4.997701563437021433e-01 1.000016968715509283e+05 3.333446439947588806e+04 3.500014890307698515e+05
1.000021263773226237e+05 1.309541586867697770e+05 5.714473438716802048e+04 1.727381075142985667e+00 1.000020459077663254e+05 4.923089300907979487e+05 3.844531901557116653e+05 1.000020679299475887e+05 1.666840391908416495e+04 1.000020811560880538e+05 1.000021725384114980e+05 1.000019672035662807e+05 1.000018175770519883e+05 2.333353681267585489e+05 2.622067170761551824e+05 1.000015160250573535e+05 1.380972433579290519e+05 6.611986893500697624e+04 3.333518969775555888e+04 1.666687271562997776e+05 2.226691106750791369e+05 1.000016968715509283e+05 7.783032700982167595e-01 1.000019926939499710e+05 3.166685445144576370e+05
1.400976556945124685e+00 1.666683799290129682e+05 4.285883889853493019e+04 1.000019960463510361e+05 3.333481934622899280e+04 5.256420272385781864e+05 4.177860608449522406e+05 3.333500478268756706e+04 8.333521493339347944e+04 3.333484650583336042e+04 1.619341564198697903e+00 3.333474462869921263e+04 1.224943167919726905e+00 2.666683075676519657e+05 2.955397228095616447e+05 1.047809956694724320e+00 1.714302937072006753e+05 1.327864017224791751e+05 6.666847922490004566e+04 2.000016828423000989e+05 2.560019712427128979e+05 3.333446439947588806e+04 1.000019926939499710e+05 6.516066703699995299e-01 3.500015810779000167e+05
3.500016374009681749e+05 3.166685268402200309e+05 3.500018658663747483e+05 3.166684573991854559e+05 3.500015556616017129e+05 3.699309484191850061e+05 2.402411662916170317e+05 3.500017004008813528e+05 3.333351667946729576e+05 3.500015649365967838e+05 3.500016619075228227e+05 3.500015564282953274e+05 3.500014743338219123e+05 2.398853661189816194e+05 1.935617920582403021e+05 3.500014000867407303e+05 3.119067232651080703e+05 3.166684651074141730e+05 3.500017572753926506e+05 2.833353146303115645e+05 2.737638833433637046e+05 3.500014890307697351e+05 3.166685445144576370e+05 3.500015810779000167e+05 9.886742766569167725e+04
