9.252180746126847932e-01 2.494606868990031362e+05 1.455241243952059631e+04 1.785074037797786506e+00 1.751967219157937850e+00 3.571644254638371058e+04 3.571657814475162741e+04 2.043828257702214213e+00 1.997023311543808965e+00 3.571660151285209577e+04 1.885761514959531038e+00 1.808915417305852813e+00 2.052923396054102234e+00 1.230808266034176146e+00 2.014049179545947421e+00 1.735686857236510949e+00 1.877366559418979231e+00 3.592759795273020864e+05 2.042502558607274032e+00 1.483452199862662635e+00 2.008279994904432542e+00 6.335909909041619539e+04 1.894520446380516088e+00 1.716268005945015175e+05 1.575872539632989566e+00
2.494606868990031362e+05 9.131978100336960051e+04 2.494608437796523503e+05 2.494607241627313197e+05 2.494605204058287782e+05 2.494609737352137454e+05 2.494610263413558423e+05 2.494608617959523399e+05 2.494609601864056604e+05 2.494610510207603220e+05 2.494606820755237131e+05 2.494608556531182548e+05 2.494608746745002863e+05 2.494602886178359622e+05 2.494609245642435271e+05 2.494605559303480550e+05 2.494607887937342457e+05 2.154989421939971799e+05 2.494608407825642498e+05 2.494604056474166573e+05 2.494608994877861987e+05 2.247138412463338173e+05 2.494608479184680036e+05 1.701507637320279609e+05 2.494605697976149386e+05
1.455241243952059631e+04 2.494608437796523503e+05 1.724587912439244974e+04 1.455247816245304057e+04 1.455238094663145057e+04 2.116619444851381195e+04 2.116616616717666693e+04 1.455265247321913557e+04 1.455242766709876014e+04 2.116636982971946782e+04 1.455244471386764053e+04 1.455254301702351222e+04 1.455253857050576880e+04 1.455178469122599381e+04 1.455257904880191381e+04 1.455227536335600598e+04 1.455252444798656870e+04 3.592760389867701451e+05 1.455257067221407488e+04 1.455198812025794905e+04 1.455259040471981643e+04 5.904813356691091758e+04 1.455253112818002046e+04 1.716270161830359430e+05 1.455231861490274605e+04
1.785074037797786950e+00 2.494607241627314070e+05 1.455247816245304057e+04 9.168515764720032157e-01 1.791352133604204866e+00 3.571649390854650846e+04 3.571656021355164557e+04 2.082127691463465879e+00 2.021290299158438053e+00 3.571664732062999974e+04 1.887765263542813043e+00 1.890372122259857512e+00 2.032916931301358421e+00 1.249386952936006878e+00 2.071882063313513989e+00 1.802540019875791044e+00 1.751503278229312288e+00 3.592760520628595841e+05 2.095261687329720068e+00 1.534638808363153473e+00 1.972371420807556897e+00 6.335925085817150102e+04 1.991816022035148626e+00 1.716268325981421513e+05 1.739087837190344876e+00
1.751967219157937627e+00 2.494605204058287782e+05 1.455238094663145057e+04 1.791352133604204866e+00 8.825038566368906823e-01 3.571642720798508526e+04 3.571632168264639768e+04 1.889916635482530527e+00 2.034276173027259382e+00 3.571635338525658881e+04 1.657638939089454366e+00 1.739569023218015653e+00 1.851746920605018332e+00 1.198448397427079426e+00 1.930338406358174552e+00 1.410788138824784932e+00 1.724758495779027623e+00 3.592757737710549263e+05 2.020088667548614936e+00 1.415795722798292022e+00 1.872516534402433708e+00 6.335905616290119360e+04 1.938682941454346942e+00 1.716264538927222893e+05 1.542447859307709335e+00
3.571644254638371058e+04 2.494609737352136872e+05 2.116619444851381195e+04 3.571649390854650846e+04 3.571642720798508526e+04 1.185993086479817826e+00 2.217986231249578832e+00 3.571650522533379990e+04 3.571655875346918765e+04 2.421100556800509729e+00 3.571650664660380426e+04 3.571660052105360228e+04 3.571657297652486159e+04 3.571576724399976956e+04 3.571660511246245005e+04 3.571629324243366864e+04 3.571658244483254384e+04 3.592762037872935180e+05 3.571651804875960806e+04 3.571598211845936748e+04 3.571668484434471611e+04 5.277730214123655605e+04 3.571657887525941624e+04 1.716270551944191393e+05 3.571640961133207020e+04
3.571657814475162741e+04 2.494610263413558423e+05 2.116616616717666693e+04 3.571656021355164557e+04 3.571632168264639768e+04 2.217986231249578832e+00 1.195865428454300661e+00 3.571667633944055706e+04 3.571663323251114343e+04 2.229383872389248733e+00 3.571646680874409503e+04 3.571657775747646519e+04 3.571656925622025301e+04 3.571590880011476838e+04 3.571662606149717612e+04 3.571619897448890697e+04 3.571655576196096081e+04 3.592761674882994848e+05 3.571678213727010007e+04 3.571601094986644603e+04 3.571673061695968499e+04 5.277745722179545555e+04 3.571669917743287806e+04 1.716269688348148775e+05 3.571647230958125874e+04
2.043828257702214213e+00 2.494608617959523399e+05 1.455265247321913375e+04 2.082127691463465879e+00 1.889916635482530527e+00 3.571650522533379990e+04 3.571667633944055706e+04 9.055106471481275676e-01 2.177636334954419883e+00 3.571663863542861509e+04 1.947963292791261347e+00 2.006751942676982203e+00 2.027112734781245429e+00 1.427108020115588571e+00 1.972194613907514382e+00 1.814708342673589714e+00 2.000836378603764842e+00 3.592760637327935547e+05 2.138824206037509779e+00 1.745327790168266002e+00 1.940423669696418107e+00 6.335931241346018214e+04 2.107179244232489701e+00 1.716268678224667965e+05 1.940172096638194787e+00
1.997023311543808521e+00 2.494609601864056604e+05 1.455242766709876014e+04 2.021290299158438053e+00 2.034276173027259382e+00 3.571655875346918765e+04 3.571663323251114343e+04 2.177636334954420327e+00 8.769211830011131026e-01 3.571678015326009336e+04 2.145831579495184105e+00 2.147171374555171042e+00 2.120240379077319659e+00 1.385407537848043047e+00 2.089488636110477415e+00 1.887696866000708074e+00 2.128554740524891908e+00 3.592761885619198438e+05 2.182929287822108044e+00 1.644898099828839388e+00 2.043318956914895068e+00 6.335927676177059766e+04 2.087390725916842271e+00 1.716270895439111046e+05 2.033953139333128046e+00
3.571660151285209577e+04 2.494610510207603220e+05 2.116636982971946782e+04 3.571664732062999974e+04 3.571635338525658881e+04 2.421100556800509729e+00 2.229383872389248289e+00 3.571663863542861509e+04 3.571678015326009336e+04 1.181366796776587957e+00 3.571648271314000885e+04 3.571662633638396073e+04 3.571666991190581030e+04 3.571599754442302219e+04 3.571665587009120645e+04 3.571620189550119539e+04 3.571662145020015305e+04 3.592759565335296793e+05 3.571684222861901799e+04 3.571615836839341500e+04 3.571668409764777607e+04 5.277727949072256160e+04 3.571671120018653164e+04 1.716269902704122651e+05 3.571648010985650035e+04
1.885761514959531038e+00 2.494606820755237131e+05 1.455244471386764053e+04 1.887765263542813265e+00 1.657638939089454366e+00 3.571650664660380426e+04 3.571646680874409503e+04 1.947963292791261347e+00 2.145831579495184105e+00 3.571648271314000885e+04 8.373066855182411672e-01 1.860543045758146885e+00 1.867662175211829423e+00 1.318368859763743517e+00 1.988740874563332151e+00 1.634844233816935999e+00 1.733012248418030365e+00 3.592759305783521850e+05 2.134360807447841069e+00 1.554959014486910096e+00 2.003023397138864237e+00 6.335923332234309783e+04 2.018767102074317421e+00 1.716266653411804291e+05 1.796828207054146143e+00
1.808915417305853035e+00 2.494608556531182548e+05 1.455254301702351222e+04 1.890372122259857512e+00 1.739569023218015653e+00 3.571660052105360228e+04 3.571657775747646519e+04 2.006751942676982203e+00 2.147171374555171486e+00 3.571662633638396073e+04 1.860543045758146885e+00 8.288903058986041295e-01 1.903030587470200041e+00 1.328249015243298636e+00 1.990361388141179244e+00 1.704871885110382568e+00 1.777782714805893782e+00 3.592759956355369068e+05 2.142755884175431280e+00 1.590564239677649594e+00 2.012327694272399548e+00 6.335927928442856501e+04 2.024137987524265547e+00 1.716267133422443294e+05 1.832580326766629186e+00
2.052923396054102234e+00 2.494608746745003446e+05 1.455253857050576880e+04 2.032916931301358421e+00 1.851746920605018332e+00 3.571657297652486159e+04 3.571656925622025301e+04 2.027112734781245429e+00 2.120240379077319659e+00 3.571666991190581030e+04 1.867662175211829423e+00 1.903030587470200041e+00 9.214389276532297668e-01 1.458142895323315091e+00 1.977275061124605937e+00 1.817886654440060257e+00 1.886360235601316493e+00 3.592759208181312424e+05 2.290954262179174084e+00 1.667421034217043241e+00 2.154916407926769306e+00 6.335934322330015129e+04 2.149467062393899397e+00 1.716268635084584239e+05 1.968461654393790727e+00
1.230808266034176146e+00 2.494602886178359622e+05 1.455178469122599381e+04 1.249386952936007100e+00 1.198448397427079426e+00 3.571576724399976956e+04 3.571590880011476838e+04 1.427108020115588571e+00 1.385407537848043047e+00 3.571599754442302219e+04 1.318368859763743517e+00 1.328249015243298636e+00 1.458142895323315313e+00 4.636830194728047139e-01 1.411679260838045513e+00 1.136906768734470052e+00 1.358588051338461167e+00 3.592756527897464111e+05 1.416788766489624596e+00 8.626021246740914750e-01 1.440060266501176134e+00 6.335857310920232703e+04 1.371022260204220800e+00 1.716263495681367931e+05 1.164718551627092147e+00
2.014049179545947421e+00 2.494609245642435853e+05 1.455257904880191381e+04 2.071882063313513989e+00 1.930338406358174552e+00 3.571660511246245005e+04 3.571662606149717612e+04 1.972194613907514160e+00 2.089488636110477415e+00 3.571665587009120645e+04 1.988740874563332595e+00 1.990361388141179244e+00 1.977275061124605937e+00 1.411679260838045513e+00 9.586873911194122577e-01 1.824314824301271232e+00 1.969048816291478543e+00 3.592760679642600007e+05 2.229744893230593217e+00 1.690337622201890211e+00 2.039849136912446959e+00 6.335939120344522235e+04 2.019418256305212100e+00 1.716268720852622937e+05 1.979472566941771428e+00
1.735686857236510949e+00 2.494605559303479968e+05 1.455227536335600598e+04 1.802540019875791044e+00 1.410788138824784932e+00 3.571629324243366864e+04 3.571619897448890697e+04 1.814708342673589714e+00 1.887696866000708074e+00 3.571620189550119539e+04 1.634844233816935999e+00 1.704871885110382568e+00 1.817886654440060257e+00 1.136906768734470052e+00 1.824314824301271232e+00 7.742067214625598659e-01 1.706767441357779580e+00 3.592757598991984269e+05 1.957246844767360106e+00 1.212433507075628247e+00 1.816789288755351617e+00 6.335880661631203839e+04 1.906864330564336241e+00 1.716263417437284661e+05 1.578417673174046021e+00
1.877366559418979231e+00 2.494607887937342457e+05 1.455252444798656870e+04 1.751503278229312288e+00 1.724758495779027623e+00 3.571658244483254384e+04 3.571655576196096081e+04 2.000836378603764842e+00 2.128554740524891908e+00 3.571662145020015305e+04 1.733012248418030365e+00 1.777782714805893560e+00 1.886360235601316493e+00 1.358588051338461167e+00 1.969048816291478543e+00 1.706767441357779580e+00 9.377254651202716618e-01 3.592759834810369066e+05 2.205007467103804686e+00 1.562950385661232344e+00 1.989499919301061626e+00 6.335932715835900308e+04 2.076571105075663670e+00 1.716267892757699301e+05 1.807678623426829612e+00
3.592759795273020864e+05 2.154989421939971799e+05 3.592760389867700869e+05 3.592760520628595841e+05 3.592757737710549263e+05 3.592762037872935762e+05 3.592761674882994848e+05 3.592760637327935547e+05 3.592761885619198438e+05 3.592759565335296793e+05 3.592759305783521850e+05 3.592759956355369068e+05 3.592759208181313006e+05 3.592756527897464111e+05 3.592760679642598843e+05 3.592757598991984269e+05 3.592759834810369066e+05 1.619896802455728466e+05 3.592761599201668287e+05 3.592757156067803153e+05 3.592760637238233467e+05 3.388679626094751875e+05 3.592761474146310356e+05 2.947943649218005012e+05 3.592758199458616436e+05
2.042502558607274032e+00 2.494608407825642498e+05 1.455257067221407488e+04 2.095261687329720068e+00 2.020088667548614936e+00 3.571651804875960806e+04 3.571678213727010007e+04 2.138824206037509335e+00 2.182929287822108044e+00 3.571684222861901799e+04 2.134360807447841069e+00 2.142755884175431280e+00 2.290954262179174084e+00 1.416788766489624374e+00 2.229744893230593661e+00 1.957246844767360106e+00 2.205007467103804686e+00 3.592761599201668287e+05 1.017362092251781647e+00 1.769641466313983891e+00 2.019846874827283312e+00 6.335940204018488294e+04 2.112476541969398713e+00 1.716269585628240311e+05 1.991185890402618064e+00
1.483452199862662635e+00 2.494604056474166573e+05 1.455198812025794905e+04 1.534638808363153251e+00 1.415795722798292022e+00 3.571598211845936748e+04 3.571601094986644603e+04 1.745327790168266002e+00 1.644898099828839166e+00 3.571615836839341500e+04 1.554959014486910096e+00 1.590564239677649594e+00 1.667421034217043241e+00 8.626021246740914750e-01 1.690337622201889989e+00 1.212433507075628247e+00 1.562950385661232344e+00 3.592757156067803153e+05 1.769641466313983891e+00 7.190631300496885814e-01 1.735359495910478334e+00 6.335869212455660454e+04 1.715721095162795029e+00 1.716264465225029271e+05 1.387085886484395125e+00
2.008279994904432542e+00 2.494608994877861987e+05 1.455259040471981643e+04 1.972371420807556897e+00 1.872516534402433708e+00 3.571668484434471611e+04 3.571673061695968499e+04 1.940423669696418107e+00 2.043318956914895512e+00 3.571668409764777607e+04 2.003023397138864237e+00 2.012327694272399548e+00 2.154916407926769306e+00 1.440060266501176134e+00 2.039849136912447403e+00 1.816789288755351617e+00 1.989499919301061626e+00 3.592760637238233467e+05 2.019846874827283312e+00 1.735359495910478334e+00 8.948236253511769878e-01 6.335934057754131209e+04 2.114021397454614704e+00 1.716268722919583961e+05 1.960097577469932961e+00
6.335909909041619539e+04 2.247138412463338464e+05 5.904813356691092486e+04 6.335925085817150102e+04 6.335905616290119360e+04 5.277730214123655605e+04 5.277745722179547738e+04 6.335931241346018942e+04 6.335927676177061221e+04 5.277727949072256160e+04 6.335923332234309783e+04 6.335927928442857228e+04 6.335934322330015129e+04 6.335857310920232703e+04 6.335939120344522235e+04 6.335880661631204566e+04 6.335932715835900308e+04 3.388679626094752457e+05 6.335940204018488294e+04 6.335869212455660454e+04 6.335934057754131936e+04 4.525246464305609697e+04 6.335926854754821397e+04 1.230883605044771102e+05 6.335910094576293341e+04
1.894520446380516088e+00 2.494608479184680036e+05 1.455253112818002046e+04 1.991816022035148626e+00 1.938682941454346942e+00 3.571657887525941624e+04 3.571669917743287806e+04 2.107179244232489701e+00 2.087390725916842271e+00 3.571671120018653164e+04 2.018767102074317421e+00 2.024137987524265103e+00 2.149467062393899397e+00 1.371022260204220578e+00 2.019418256305212100e+00 1.906864330564336241e+00 2.076571105075663226e+00 3.592761474146310356e+05 2.112476541969398713e+00 1.715721095162795029e+00 2.114021397454614704e+00 6.335926854754821397e+04 1.041460833846703515e+00 1.716269148955244746e+05 1.948405855037871559e+00
1.716268005945015175e+05 1.701507637320279609e+05 1.716270161830359430e+05 1.716268325981421513e+05 1.716264538927222893e+05 1.716270551944191393e+05 1.716269688348148775e+05 1.716268678224667965e+05 1.716270895439111046e+05 1.716269902704122651e+05 1.716266653411804582e+05 1.716267133422443294e+05 1.716268635084584239e+05 1.716263495681367931e+05 1.716268720852622937e+05 1.716263417437284661e+05 1.716267892757699301e+05 2.947943649218005594e+05 1.716269585628240311e+05 1.716264465225029271e+05 1.716268722919584252e+05 1.230883605044771102e+05 1.716269148955245037e+05 5.580602961178959958e+04 1.716266506395730539e+05
1.575872539632989566e+00 2.494605697976149386e+05 1.455231861490274605e+04 1.739087837190344876e+00 1.542447859307709779e+00 3.571640961133207020e+04 3.571647230958125874e+04 1.940172096638194787e+00 2.033953139333128046e+00 3.571648010985650035e+04 1.796828207054146143e+00 1.832580326766629186e+00 1.968461654393790727e+00 1.164718551627092147e+00 1.979472566941771428e+00 1.578417673174046021e+00 1.807678623426829612e+00 3.592758199458617019e+05 1.991185890402618064e+00 1.387085886484395125e+00 1.960097577469932961e+00 6.335910094576293341e+04 1.948405855037871559e+00 1.716266506395730539e+05 8.965625194553735744e-01
