1.845164997348965699e+04 3.157753380927580874e+05 2.452731226407891663e+05 1.583946892876486236e+05 1.583947183388166013e+05 1.583945028926627710e+05 3.913098521793375257e+05 1.480642275767520186e+05 1.372744595091287920e+05 1.583944734964058734e+05 1.583943248427258804e+05 1.583948306560280325e+05 1.292248896733445727e+05 1.071929312788372481e+05 1.583944170447174984e+05 7.743552727214182960e+04 1.583946301826214185e+05 1.255604084079884633e+05 1.583947923415365512e+05 1.583946136674354493e+05 8.406820581026765285e+04 1.801768578111433308e+05 1.583947633313923434e+05 5.128556400871500955e+04 1.583946601794285525e+05
3.157753380927581456e+05 1.050426546271818806e+05 1.900796611954069231e+05 3.838073213339200011e+05 3.838071988250855356e+05 3.838071449105356005e+05 2.291827635069228127e+05 3.734768299406590522e+05 3.626872240798029234e+05 3.838070677405423485e+05 3.838070036618110025e+05 3.838073569456572877e+05 3.560624491078001447e+05 3.421094953339225031e+05 3.838071103545186925e+05 3.092528461315768654e+05 3.838071085375940893e+05 2.910570725261287880e+05 3.838073162672424805e+05 3.838072033752850257e+05 3.314647092056452530e+05 2.612823525983680156e+05 3.838072600968581391e+05 3.169258212756009889e+05 3.838073317704348010e+05
2.452731226407891663e+05 1.900796611954069231e+05 6.997351606968691340e+04 3.145455677322670235e+05 3.145455156713651959e+05 3.145453228044559364e+05 3.035560213080820977e+05 3.042151193127192091e+05 2.934253776630376815e+05 3.145453826779029914e+05 3.145452986353085726e+05 3.145456688526489888e+05 2.868006773240083712e+05 2.732234401482166140e+05 3.145453060686014360e+05 2.319792111109800462e+05 3.145454209246816463e+05 2.063943401942660566e+05 3.145457407089288463e+05 3.145454136491121026e+05 2.663352472171460977e+05 1.612472018725821981e+05 3.145455887876616325e+05 2.517963419982238556e+05 3.145456364759505959e+05
1.583946892876486236e+05 3.838073213339199428e+05 3.145455677322670817e+05 1.328883354996343405e+04 2.661076298128188864e+04 3.074297362394029187e+04 4.593071290687774890e+05 4.142928624944175681e+04 6.092538835424377612e+04 3.074294654720027029e+04 3.074268399536104334e+04 2.448683177527254156e+04 7.881381973841998843e+04 1.017983158276276081e+05 3.074282940045508803e+04 1.798094301637740864e+05 3.074303549701804513e+04 2.124804941569850198e+05 3.050828372955257146e+04 3.054616656236425115e+04 1.242967472807511804e+05 2.607941240904234000e+05 2.140955264996188635e+04 1.475443227437924070e+05 1.255380054576974362e+04
1.583947183388166013e+05 3.838071988250855356e+05 3.145455156713651377e+05 2.661076298128188864e+04 6.434591445275515964e-01 4.133753119230356788e+03 4.593070458673466346e+05 6.405134022849254688e+04 8.354754093776934315e+04 4.133637561340911816e+03 4.133395103471229959e+03 4.876536880599765573e+04 9.603735647831848473e+04 1.128176753216030484e+05 4.133686483508096899e+03 1.798093330785689177e+05 4.133671319400623361e+03 2.124803770579347620e+05 5.372073007419845817e+04 3.936718824088277415e+03 1.316428579947204562e+05 2.607940535411336168e+05 7.226359782402346355e+03 1.475444070269527729e+05 3.739233045004100859e+04
1.583945028926627710e+05 3.838071449105356005e+05 3.145453228044559364e+05 3.074297362394028460e+04 4.133753119230355878e+03 5.868155744846265121e-01 4.593069370390326367e+05 6.405132573924586177e+04 8.354737036535657535e+04 1.178652499853091395e+00 1.004038968060140258e+00 4.925727697594880738e+04 9.603714737788829370e+04 1.128174965978883702e+05 1.131730263340148701e+00 1.798091985588398820e+05 1.221438701844118624e+00 2.124802785701083194e+05 5.372070144028178765e+04 1.980711675419579194e+02 1.316427700541972299e+05 2.607938688642551715e+05 1.135882797147464953e+04 1.475441533874119632e+05 4.152449769371740695e+04
3.913098521793375257e+05 2.291827635069228127e+05 3.035560213080821559e+05 4.593071290687774890e+05 4.593070458673466346e+05 4.593069370390327531e+05 9.955558256369037554e+04 4.489765721399972681e+05 4.381868922459679306e+05 4.593069153270832030e+05 4.593068725254376768e+05 4.593071378269986017e+05 4.315621950303965714e+05 4.176092144257925102e+05 4.593068672506378498e+05 3.851199985959745827e+05 4.593069327178000822e+05 3.660500394134336966e+05 4.593072256657879334e+05 4.593070066383599187e+05 4.069644529142929241e+05 3.312849788614276913e+05 4.593070955335074686e+05 3.924252837043377222e+05 4.593071303324060864e+05
1.480642275767520186e+05 3.734768299406590522e+05 3.042151193127192091e+05 4.142928624944175681e+04 6.405134022849254688e+04 6.405132573924586177e+04 4.489765721399973845e+05 1.411655838396025683e+04 2.297417542809163933e+04 6.405122339575136721e+04 6.405093305869969481e+04 2.495230545385588994e+04 5.043316795772487967e+04 7.769370323665328033e+04 6.405118019486720004e+04 1.694788605787261913e+05 6.405130968435288378e+04 2.021499719054262678e+05 1.944336822378279248e+04 6.405138886875448952e+04 1.020686297149153106e+05 2.504636703875814856e+05 5.682636450819775200e+04 1.336719106530942954e+05 3.492518584339697554e+04
1.372744595091287920e+05 3.626872240798029816e+05 2.934253776630376815e+05 6.092538835424377612e+04 8.354754093776934315e+04 8.354737036535657535e+04 4.381868922459680471e+05 2.297417542809163933e+04 6.011669688157488963e+03 8.354738178962560778e+04 8.354711926370748552e+04 4.668849122998458915e+04 3.124357423882104922e+04 6.403836955224366102e+04 8.354722778022394050e+04 1.586892884413322317e+05 8.354748411244948511e+04 1.913603503595089715e+05 4.222512262319969159e+04 8.354742183481581742e+04 9.127901688992448908e+04 2.396739277663851099e+05 7.632252102029758680e+04 1.228822047413945402e+05 5.442124878145413822e+04
1.583944734964058734e+05 3.838070677405423485e+05 3.145453826779030496e+05 3.074294654720027029e+04 4.133637561340911816e+03 1.178652499853091395e+00 4.593069153270831448e+05 6.405122339575136721e+04 8.354738178962560778e+04 5.622718267226232136e-01 8.743812243967212794e-01 4.925718366798381612e+04 9.603719267398359079e+04 1.128174824988298933e+05 1.057984580199367253e+00 1.798091009834448923e+05 1.210660209725480829e+00 2.124801505565199477e+05 5.372058853768997506e+04 1.981606208378530312e+02 1.316426516473944648e+05 2.607938802288814913e+05 1.135869651546755631e+04 1.475441555913899501e+05 4.152447263476539956e+04
1.583943248427258804e+05 3.838070036618110025e+05 3.145452986353085726e+05 3.074268399536103607e+04 4.133395103471229049e+03 1.004038968060140258e+00 4.593068725254376186e+05 6.405093305869969481e+04 8.354711926370748552e+04 8.743812243967212794e-01 3.866691208891083753e-01 4.925689031045592128e+04 9.603689283743547276e+04 1.128172316438859707e+05 8.409799135512331381e-01 1.798089667828569654e+05 1.001823473490388583e+00 2.124800647147467535e+05 5.372031218279149471e+04 1.978863018291711455e+02 1.316424021985874861e+05 2.607938124062499264e+05 1.135842857743369859e+04 1.475439582917773805e+05 4.152422473703596916e+04
1.583948306560280325e+05 3.838073569456572877e+05 3.145456688526489888e+05 2.448683177527254156e+04 4.876536880599765573e+04 4.925727697594880738e+04 4.593071378269986017e+05 2.495230545385588994e+04 4.668849122998458915e+04 4.925718366798381612e+04 4.925689031045592128e+04 6.337147807151687630e+03 6.675300740716219298e+04 9.097587511635383999e+04 4.925714466165093472e+04 1.798094309073122567e+05 4.925725281890352198e+04 2.124805446573664376e+05 7.666507084677408784e+03 4.923388043638278032e+04 1.153508076104255451e+05 2.607942377680085774e+05 4.508220487044050242e+04 1.465324854030048591e+05 1.279714054731602846e+04
1.292248896733445727e+05 3.560624491078000865e+05 2.868006773240084876e+05 7.881381973841998843e+04 9.603735647831848473e+04 9.603714737788829370e+04 4.315621950303965714e+05 5.043316795772487967e+04 3.124357423882104922e+04 9.603719267398359079e+04 9.603689283743547276e+04 6.675300740716219298e+04 1.232655374395747276e+04 4.326284803896010999e+04 9.603702547384149511e+04 1.472921079641455144e+05 9.603727463672687009e+04 1.823923278053758550e+05 6.376466400511496613e+04 9.603722726729830902e+04 7.777490007569699083e+04 2.330492267225719988e+05 9.274835324595580460e+04 1.120736987038600491e+05 7.192921065368996642e+04
1.071929312788372481e+05 3.421094953339224448e+05 2.732234401482166140e+05 1.017983158276276081e+05 1.128176753216030484e+05 1.128174965978883702e+05 4.176092144257925102e+05 7.769370323665328033e+04 6.403836955224366102e+04 1.128174824988298788e+05 1.128172316438859707e+05 9.097587511635383999e+04 4.326284803896010999e+04 1.208143446464936824e+04 1.128173098726847093e+05 1.278809848771238612e+05 1.128175969143184630e+05 1.691663973097236012e+05 8.802434370975619822e+04 1.128175792751149420e+05 4.504620045216586732e+04 2.194719401848758571e+05 1.128177162732486613e+05 8.770222027449987945e+04 9.608805684622417903e+04
1.583944170447174984e+05 3.838071103545187507e+05 3.145453060686014360e+05 3.074282940045508803e+04 4.133686483508096899e+03 1.131730263340148701e+00 4.593068672506379080e+05 6.405118019486720004e+04 8.354722778022394050e+04 1.057984580199367253e+00 8.409799135512331381e-01 4.925714466165093472e+04 9.603702547384149511e+04 1.128173098726847093e+05 5.302098644809166705e-01 1.798091673847283237e+05 1.238264145366285707e+00 2.124802094202456356e+05 5.372056586627881916e+04 1.980861447697700157e+02 1.316426229568802810e+05 2.607938257327642641e+05 1.135871944737831291e+04 1.475440492224665359e+05 4.152436049900107173e+04
7.743552727214182960e+04 3.092528461315768072e+05 2.319792111109800462e+05 1.798094301637740864e+05 1.798093330785689177e+05 1.798091985588398820e+05 3.851199985959745827e+05 1.694788605787261913e+05 1.586892884413322608e+05 1.798091009834448923e+05 1.798089667828569654e+05 1.798094309073122567e+05 1.472921079641455144e+05 1.278809848771238612e+05 1.798091673847283237e+05 3.526742028409710474e+04 1.798092081185249554e+05 8.612659059344603156e+04 1.798094057163443649e+05 1.798092871911533293e+05 1.157508836545041413e+05 1.661603238087380305e+05 1.798094076939955121e+05 9.256612554469499446e+04 1.798094212885809247e+05
1.583946301826214185e+05 3.838071085375940893e+05 3.145454209246816463e+05 3.074303549701804513e+04 4.133671319400623361e+03 1.221438701844118624e+00 4.593069327178000240e+05 6.405130968435288378e+04 8.354748411244948511e+04 1.210660209725480829e+00 1.001823473490388583e+00 4.925725281890352198e+04 9.603727463672687009e+04 1.128175969143184630e+05 1.238264145366285707e+00 1.798092081185249554e+05 5.853142322195092895e-01 2.124802588203555206e+05 5.372070423589110578e+04 1.981189606317602170e+02 1.316427739035914710e+05 2.607939534476601984e+05 1.135878540276385320e+04 1.475442705932048848e+05 4.152458755598247080e+04
1.255604084079884633e+05 2.910570725261287880e+05 2.063943401942660857e+05 2.124804941569850198e+05 2.124803770579347620e+05 2.124802785701083194e+05 3.660500394134337548e+05 2.021499719054262678e+05 1.913603503595089715e+05 2.124801505565198895e+05 2.124800647147467535e+05 2.124805446573664376e+05 1.823923278053758550e+05 1.691663973097236012e+05 2.124802094202456356e+05 8.612659059344603156e+04 2.124802588203555206e+05 3.788550753139021253e+04 2.124805079325579572e+05 2.124803804755878518e+05 1.565959837058346311e+05 1.314546878741625696e+05 2.124804426905032306e+05 1.401091925580715761e+05 2.124804788133522088e+05
1.583947923415365512e+05 3.838073162672424805e+05 3.145457407089288463e+05 3.050828372955257146e+04 5.372073007419845817e+04 5.372070144028178765e+04 4.593072256657879334e+05 1.944336822378279248e+04 4.222512262319969159e+04 5.372058853768997506e+04 5.372031218279149471e+04 7.666507084677408784e+03 6.376466400511495885e+04 8.802434370975619822e+04 5.372056586627881916e+04 1.798094057163443649e+05 5.372070423589111306e+04 2.124805079325579572e+05 6.179425739785919802e-01 5.372075103979436244e+04 1.123993245906506927e+05 2.607943256920130516e+05 5.003761512319734902e+04 1.440024676167876751e+05 2.046223405262237429e+04
1.583946136674354493e+05 3.838072033752850257e+05 3.145454136491119862e+05 3.054616656236425115e+04 3.936718824088277415e+03 1.980711675419580047e+02 4.593070066383599187e+05 6.405138886875448952e+04 8.354742183481581742e+04 1.981606208378530880e+02 1.978863018291711739e+02 4.923388043638278032e+04 9.603722726729830902e+04 1.128175792751149420e+05 1.980861447697700726e+02 1.798092871911533293e+05 1.981189606317602170e+02 2.124803804755878518e+05 5.372075103979436244e+04 3.754424754613493178e+02 1.316428861761204898e+05 2.607939964488818659e+05 1.116192734517289318e+04 1.475442694894411543e+05 4.132768473823445674e+04
8.406820581026765285e+04 3.314647092056453112e+05 2.663352472171460977e+05 1.242967472807511804e+05 1.316428579947204562e+05 1.316427700541972299e+05 4.069644529142929241e+05 1.020686297149153106e+05 9.127901688992448908e+04 1.316426516473944648e+05 1.316424021985874861e+05 1.153508076104255451e+05 7.777490007569699083e+04 4.504620045216586732e+04 1.316426229568802810e+05 1.157508836545041413e+05 1.316427739035914710e+05 1.565959837058346311e+05 1.123993245906506927e+05 1.316428861761204898e+05 2.547918369465160504e+04 2.092948609560549085e+05 1.316428909060404112e+05 5.417663309314916114e+04 1.204249957343119895e+05
1.801768578111433308e+05 2.612823525983679574e+05 1.612472018725821690e+05 2.607941240904234000e+05 2.607940535411336168e+05 2.607938688642551715e+05 3.312849788614275749e+05 2.504636703875814856e+05 2.396739277663851099e+05 2.607938802288814913e+05 2.607938124062499264e+05 2.607942377680085774e+05 2.330492267225719115e+05 2.194719401848758571e+05 2.607938257327642932e+05 1.661603238087380305e+05 2.607939534476601984e+05 1.314546878741625405e+05 2.607943256920130516e+05 2.607939964488818659e+05 2.092948609560549085e+05 5.738101332035026280e+04 2.607941531771157170e+05 1.928232915278273867e+05 2.607941624162894150e+05
1.583947633313923434e+05 3.838072600968581391e+05 3.145455887876616325e+05 2.140955264996188635e+04 7.226359782402347264e+03 1.135882797147464953e+04 4.593070955335074686e+05 5.682636450819775200e+04 7.632252102029758680e+04 1.135869651546755631e+04 1.135842857743369859e+04 4.508220487044050242e+04 9.274835324595580460e+04 1.128177162732486613e+05 1.135871944737831291e+04 1.798094076939955121e+05 1.135878540276385320e+04 2.124804426905032306e+05 5.003761512319734175e+04 1.116192734517289318e+04 1.316428909060404112e+05 2.607941531771157170e+05 5.047229036233018633e+03 1.475444328089371847e+05 3.370917757505609188e+04
5.128556400871500227e+04 3.169258212756009889e+05 2.517963419982238556e+05 1.475443227437924070e+05 1.475444070269527729e+05 1.475441533874119632e+05 3.924252837043378386e+05 1.336719106530942954e+05 1.228822047413945547e+05 1.475441555913899501e+05 1.475439582917773805e+05 1.465324854030048591e+05 1.120736987038600637e+05 8.770222027449987945e+04 1.475440492224665359e+05 9.256612554469499446e+04 1.475442705932048848e+05 1.401091925580715761e+05 1.440024676167876460e+05 1.475442694894411543e+05 5.417663309314916114e+04 1.928232915278273867e+05 1.475444328089371847e+05 2.113993356154064531e+04 1.475443175630445185e+05
1.583946601794285525e+05 3.838073317704348010e+05 3.145456364759505959e+05 1.255380054576974726e+04 3.739233045004100859e+04 4.152449769371740695e+04 4.593071303324060864e+05 3.492518584339698282e+04 5.442124878145414550e+04 4.152447263476539956e+04 4.152422473703596916e+04 1.279714054731602846e+04 7.192921065368996642e+04 9.608805684622417903e+04 4.152436049900107173e+04 1.798094212885809247e+05 4.152458755598247080e+04 2.124804788133522088e+05 2.046223405262237429e+04 4.132768473823445674e+04 1.204249957343119750e+05 2.607941624162894150e+05 3.370917757505609188e+04 1.475443175630445185e+05 3.823614831598341652e+02
