4.775306075099534064e+04 2.349171628127938311e+05 1.227693080405634100e+05 2.349170496625399683e+05 2.275644247271789063e+05 1.527765944776204997e+05 2.132290215229932801e+05 2.349169351564584940e+05 1.848657968951920921e+05 2.349170189919030818e+05 2.153096491852025792e+05 2.349171742240038875e+05 1.685749076660514984e+05 1.263047659600567131e+05 2.196669124714857899e+05 2.349172676212143851e+05 2.997925691124201985e+05 2.349172623324628512e+05 9.665453387653995014e+04 2.349173540614276717e+05 2.349168394338331418e+05 2.349171477470693062e+05 2.349171841657110490e+05 2.349172964377350290e+05 3.666226729627926252e+05
2.349171628127938311e+05 6.309229787323046290e-01 2.794097406717117410e+05 4.903230726422211774e+03 3.052761328294972554e+04 1.517436030885058863e+05 3.371525910237596836e+05 1.137870370635666983e+00 1.051824582823901001e+05 4.903343129356613645e+03 6.660234750002829242e+04 4.903484613618372350e+03 1.270162663056217280e+05 1.715401881738649099e+05 4.472877501185726578e+04 7.237810158564456287e+03 4.060237105846915510e+05 3.269525784966361698e+03 1.987993474489200744e+05 1.960950550575115994e+04 4.903094277321179106e+03 1.320861402102983417e+00 4.903471249662933587e+03 1.610809529905642012e+04 4.735194599751306814e+05
1.227693080405634391e+05 2.794097406717117410e+05 6.913629051948901906e+04 2.794096288521149545e+05 2.720569915178142255e+05 2.049708896795359906e+05 1.791891534608674992e+05 2.794095225785438670e+05 2.293583708883557701e+05 2.794096168707369361e+05 2.598022843586510862e+05 2.794097168468972668e+05 2.147412512083014881e+05 1.908792086398834654e+05 2.641594686838231864e+05 2.794098554224920808e+05 2.776082968684043735e+05 2.794098332221274613e+05 1.709660556377035100e+05 2.794099533937114757e+05 2.794094629015276441e+05 2.794096892348908004e+05 2.794097325024766615e+05 2.794099032841078588e+05 3.405505638932461152e+05
2.349170496625399392e+05 4.903230726422211774e+03 2.794096288521149545e+05 5.986117436009655846e-01 3.052754387905587282e+04 1.517434205808599072e+05 3.371524869249298936e+05 4.903112891508007124e+03 1.051823014416819497e+05 1.142627426295931947e+00 6.660216772031060827e+04 1.404904526556115973e+00 1.270160908652838552e+05 1.715400018907720223e+05 4.472867109265707404e+04 1.213971598895531679e+04 4.060236670726432931e+05 8.171467138018560945e+03 1.987991942447475740e+05 1.960943276112092281e+04 9.007653904855598137e-01 4.903392376490038259e+03 1.382913525362088558e+00 1.610797472609134820e+04 4.735194206549702212e+05
2.275644247271789063e+05 3.052761328294972554e+04 2.720569915178142255e+05 3.052754387905587282e+04 9.298273295473221879e+03 1.443908341439761862e+05 3.297999302142441156e+05 3.052737158114356862e+04 9.292750637142686173e+04 3.052749960363684659e+04 4.588035937067480700e+04 3.052762652004328993e+04 1.196633836643258837e+05 1.641872746706882317e+05 1.950572642010845811e+04 2.562576064525926631e+04 3.944693717701264541e+05 2.725960602137945898e+04 1.914466608980239253e+05 1.535476586953295555e+04 3.052717849879905407e+04 3.052759417682134153e+04 3.052757684560894631e+04 1.932312192870128274e+04 4.612648333561216132e+05
1.527765944776204997e+05 1.517436030885058863e+05 2.049708896795359906e+05 1.517434205808599072e+05 1.443908341439761862e+05 1.699417408549498941e+04 2.711879364660258871e+05 1.517434494621435588e+05 7.764154197378290701e+04 1.517436070378312143e+05 1.175995688234996924e+05 1.517437440592849744e+05 5.216253113947656675e+04 5.607086349669413903e+04 1.345106975793475576e+05 1.517436706482270674e+05 3.465003185861561215e+05 1.517437642623167194e+05 1.014632257120962458e+05 1.517436731189811544e+05 1.517432776392908127e+05 1.517437095224899822e+05 1.517437209710661555e+05 1.517436764557421266e+05 4.146962638238783693e+05
2.132290215229933092e+05 3.371525910237596836e+05 1.791891534608674992e+05 3.371524869249300100e+05 3.297999302142442903e+05 2.711879364660259453e+05 9.294131927601899952e+04 3.371525578525125165e+05 2.877532162607723731e+05 3.371525944307266618e+05 3.175449565405635512e+05 3.371527794249667204e+05 2.780654730439748964e+05 2.640071167888023192e+05 3.219022517151242355e+05 3.371528036852887599e+05 2.165026903555051249e+05 3.371528353319768212e+05 2.463205517601620231e+05 3.371528230023771757e+05 3.371525054904147983e+05 3.371527270575246657e+05 3.371527818043633015e+05 3.371528281591624836e+05 3.015004689835776226e+05
2.349169351564585231e+05 1.137870370635666983e+00 2.794095225785439252e+05 4.903112891508007124e+03 3.052737158114357226e+04 1.517434494621435588e+05 3.371525578525124583e+05 5.386730695950744385e-01 1.051821275825427583e+05 4.903109335990720865e+03 6.660220035853396985e+04 4.903289686082291155e+03 1.270160900502199947e+05 1.715398634990335559e+05 4.472865775591738930e+04 7.237739044365509471e+03 4.060237087361691520e+05 3.269320585216783911e+03 1.987991669142869941e+05 1.960944307526846751e+04 4.902781823875835471e+03 1.169455710008216798e+00 4.903264357559703058e+03 1.610799528632612964e+04 4.735194684161187033e+05
1.848657968951920629e+05 1.051824582823901001e+05 2.293583708883557410e+05 1.051823014416819497e+05 9.292750637142686173e+04 7.764154197378290701e+04 2.877532162607723731e+05 1.051821275825427583e+05 1.108508524473570105e+04 1.051822841590055177e+05 5.475631069549753738e+04 1.051824276718759065e+05 3.878020157467114041e+04 1.054517478547789215e+05 7.474481266077776672e+04 1.051824716210312035e+05 3.528028009532278520e+05 1.051823916817587451e+05 1.394886875124252692e+05 1.002805389967301162e+05 1.051819646182048309e+05 1.051824134955719201e+05 1.051824169656914310e+05 1.037819723036353826e+05 4.195982245122318272e+05
2.349170189919030818e+05 4.903343129356613645e+03 2.794096168707369361e+05 1.142627426295932169e+00 3.052749960363684659e+04 1.517436070378312143e+05 3.371525944307265454e+05 4.903109335990720865e+03 1.051822841590055323e+05 6.074264526517122453e-01 6.660232564121765608e+04 1.339125042075740124e+00 1.270162652342622459e+05 1.715400227414905094e+05 4.472882798243089928e+04 1.213982720702412007e+04 4.060237418349785730e+05 8.171451242050226028e+03 1.987992732153285469e+05 1.960956356068179957e+04 9.366180419668888035e-01 4.903340039638617782e+03 1.328543136721936690e+00 1.610813025501507218e+04 4.735194946628767066e+05
2.153096491852025792e+05 6.660234750002830697e+04 2.598022843586510862e+05 6.660216772031060827e+04 4.588035937067480700e+04 1.175995688234997215e+05 3.175449565405635512e+05 6.660220035853396985e+04 5.475631069549752283e+04 6.660232564121765608e+04 3.094085629812669140e+03 6.660246402709819085e+04 8.429911104718194110e+04 1.421284974224160251e+05 3.407341589305623347e+04 6.660245716615868150e+04 3.822144404601202696e+05 6.660243041185960465e+04 1.748344471968738071e+05 5.679843722428680485e+04 6.660198644210489874e+04 6.660247903714013228e+04 6.660243592759230523e+04 6.029991220588957367e+04 4.490098816436397028e+05
2.349171742240038875e+05 4.903484613618372350e+03 2.794097168468972668e+05 1.404904526556115973e+00 3.052762652004328993e+04 1.517437440592849744e+05 3.371527794249667204e+05 4.903289686082291155e+03 1.051824276718759211e+05 1.339125042075740124e+00 6.660246402709819085e+04 6.220937724038163585e-01 1.270163672135013039e+05 1.715401741469152912e+05 4.472896271166897350e+04 1.213986376101102906e+04 4.060238514133536373e+05 8.171517152476440060e+03 1.987994641989458469e+05 1.960969035437456841e+04 1.138221360689154027e+00 4.903429553499231588e+03 1.255830179648215195e+00 1.610819666457788298e+04 4.735196127844001749e+05
1.685749076660514984e+05 1.270162663056217280e+05 2.147412512083014881e+05 1.270160908652838552e+05 1.196633836643258837e+05 5.216253113947656675e+04 2.780654730439747800e+05 1.270160900502199947e+05 3.878020157467114041e+04 1.270162652342622314e+05 8.429911104718195566e+04 1.270163672135013039e+05 1.963379771774106848e+04 8.391139549664218794e+04 1.062543008939989377e+05 1.270163915192023269e+05 3.530360763514876598e+05 1.270164015933651244e+05 1.206505884529193863e+05 1.270163630728192365e+05 1.270159202798690385e+05 1.270163745753295661e+05 1.270163564847755042e+05 1.270163748697295669e+05 4.212321212802932132e+05
1.263047659600566985e+05 1.715401881738649099e+05 1.908792086398834363e+05 1.715400018907720223e+05 1.641872746706882317e+05 5.607086349669413903e+04 2.640071167888022610e+05 1.715398634990335559e+05 1.054517478547789215e+05 1.715400227414905094e+05 1.421284974224160251e+05 1.715401741469152912e+05 8.391139549664220249e+04 3.667127736849796202e+04 1.552003577582766011e+05 1.715403492138509464e+05 3.440493252784434007e+05 1.715401565056988620e+05 6.986827207055786857e+04 1.715403579069380066e+05 1.715397381158721983e+05 1.715401640458973416e+05 1.715401297227440227e+05 1.715403545351239736e+05 4.122452834780199919e+05
2.196669124714857317e+05 4.472877501185726578e+04 2.641594686838231864e+05 4.472867109265707404e+04 1.950572642010845811e+04 1.345106975793475576e+05 3.219022517151241773e+05 4.472865775591738930e+04 7.474481266077778128e+04 4.472882798243089928e+04 3.407341589305624802e+04 4.472896271166897350e+04 1.062543008939989377e+05 1.552003577582766011e+05 1.051629963418873012e+04 4.037163240640026925e+04 3.865717074652435840e+05 4.182403748627272580e+04 1.830648391258267511e+05 3.024525356122464655e+04 4.472848375439805386e+04 4.472891134007792425e+04 4.472893305611708638e+04 3.406907775049262273e+04 4.533671439341509249e+05
2.349172676212143851e+05 7.237810158564456287e+03 2.794098554224920226e+05 1.213971598895531679e+04 2.562576064525926631e+04 1.517436706482270674e+05 3.371528036852885853e+05 7.237739044365509471e+03 1.051824716210312035e+05 1.213982720702412007e+04 6.660245716615868150e+04 1.213986376101102906e+04 1.270163915192023269e+05 1.715403492138509464e+05 4.037163240640026925e+04 2.446074078995278342e+03 4.060238734814071213e+05 3.969744346134848001e+03 1.987994745624316856e+05 1.259554573941025410e+04 1.213955288483546792e+04 7.237950885394827310e+03 1.213990475359058291e+04 8.871606606704914157e+03 4.735196086123378482e+05
2.997925691124201985e+05 4.060237105846914346e+05 2.776082968684043735e+05 4.060236670726432931e+05 3.944693717701264541e+05 3.465003185861561215e+05 2.165026903555050667e+05 4.060237087361691520e+05 3.528028009532277938e+05 4.060237418349785730e+05 3.822144404601202696e+05 4.060238514133535209e+05 3.530360763514876598e+05 3.440493252784434007e+05 3.865717074652436422e+05 4.060238734814071213e+05 9.571084130821250437e+04 4.060239094443672220e+05 3.282834334669178934e+05 4.018222789354704437e+05 4.060236800616647815e+05 4.060238155984205077e+05 4.060238559721744386e+05 4.048234210367061896e+05 2.557873157176943787e+05
2.349172623324628512e+05 3.269525784966361698e+03 2.794098332221274031e+05 8.171467138018560945e+03 2.725960602137945898e+04 1.517437642623167194e+05 3.371528353319767630e+05 3.269320585216783911e+03 1.051823916817587451e+05 8.171451242050226028e+03 6.660243041185960465e+04 8.171517152476440060e+03 1.270164015933651244e+05 1.715401565056988620e+05 4.182403748627272580e+04 3.969744346134849366e+03 4.060239094443672802e+05 2.179360628600627479e+03 1.987994516418598650e+05 1.634162058704091760e+04 8.171139293177790023e+03 3.269400115228091636e+03 8.171488909348754532e+03 1.284020816456525063e+04 4.735196285256402916e+05
9.665453387653993559e+04 1.987993474489200744e+05 1.709660556377034518e+05 1.987991942447475740e+05 1.914466608980239253e+05 1.014632257120962458e+05 2.463205517601619358e+05 1.987991669142869941e+05 1.394886875124252692e+05 1.987992732153285469e+05 1.748344471968738071e+05 1.987994641989458469e+05 1.206505884529193718e+05 6.986827207055786857e+04 1.830648391258267511e+05 1.987994745624316856e+05 3.282834334669179516e+05 1.987994516418598650e+05 2.617668831009658243e+04 1.987994914932087413e+05 1.987990591376189550e+05 1.987993931115050509e+05 1.987994576812740706e+05 1.987995304452425044e+05 3.964793341818308108e+05
2.349173540614276717e+05 1.960950550575115994e+04 2.794099533937114757e+05 1.960943276112092281e+04 1.535476586953295555e+04 1.517436731189811544e+05 3.371528230023771175e+05 1.960944307526846751e+04 1.002805389967301307e+05 1.960956356068179957e+04 5.679843722428680485e+04 1.960969035437456841e+04 1.270163630728192511e+05 1.715403579069380066e+05 3.024525356122464655e+04 1.259554573941025410e+04 4.018222789354705601e+05 1.634162058704091760e+04 1.987994914932087413e+05 8.454572460162008838e+02 1.960923055005305287e+04 1.960969758732809350e+04 1.960965766199776408e+04 3.969663643576892355e+03 4.686177488993743900e+05
2.349168394338331418e+05 4.903094277321179106e+03 2.794094629015276441e+05 9.007653904855595917e-01 3.052717849879905407e+04 1.517432776392908418e+05 3.371525054904148565e+05 4.902781823875835471e+03 1.051819646182048600e+05 9.366180419668888035e-01 6.660198644210489874e+04 1.138221360689153583e+00 1.270159202798690385e+05 1.715397381158721983e+05 4.472848375439806114e+04 1.213955288483546792e+04 4.060236800616648397e+05 8.171139293177790023e+03 1.987990591376189550e+05 1.960923055005304923e+04 3.698806308610056437e-01 4.903047180938820020e+03 1.085376185612257238e+00 1.610781624609526079e+04 4.735194485687238630e+05
2.349171477470693644e+05 1.320861402102983417e+00 2.794096892348908586e+05 4.903392376490038259e+03 3.052759417682134153e+04 1.517437095224899822e+05 3.371527270575246657e+05 1.169455710008216798e+00 1.051824134955719346e+05 4.903340039638617782e+03 6.660247903714013228e+04 4.903429553499231588e+03 1.270163745753295952e+05 1.715401640458973416e+05 4.472891134007792425e+04 7.237950885394827310e+03 4.060238155984205659e+05 3.269400115228091636e+03 1.987993931115050509e+05 1.960969758732808987e+04 4.903047180938820020e+03 6.154944112010862778e-01 4.903365635871904487e+03 1.610825480431913456e+04 4.735195734880892560e+05
2.349171841657110781e+05 4.903471249662933587e+03 2.794097325024766033e+05 1.382913525362088558e+00 3.052757684560894631e+04 1.517437209710661555e+05 3.371527818043632433e+05 4.903264357559703058e+03 1.051824169656914310e+05 1.328543136721936690e+00 6.660243592759230523e+04 1.255830179648214973e+00 1.270163564847755042e+05 1.715401297227440227e+05 4.472893305611708638e+04 1.213990475359058109e+04 4.060238559721744386e+05 8.171488909348754532e+03 1.987994576812740997e+05 1.960965766199776408e+04 1.085376185612257238e+00 4.903365635871904487e+03 6.507861988906603612e-01 1.610820876327005135e+04 4.735196540840306552e+05
2.349172964377350290e+05 1.610809529905642012e+04 2.794099032841078588e+05 1.610797472609135002e+04 1.932312192870128638e+04 1.517436764557421266e+05 3.371528281591624836e+05 1.610799528632612964e+04 1.037819723036353971e+05 1.610813025501507218e+04 6.029991220588956639e+04 1.610819666457788298e+04 1.270163748697295669e+05 1.715403545351239736e+05 3.406907775049262273e+04 8.871606606704914157e+03 4.048234210367063060e+05 1.284020816456525245e+04 1.987995304452425044e+05 3.969663643576891900e+03 1.610781624609526079e+04 1.610825480431913456e+04 1.610820876327005135e+04 2.001490756132507613e+03 4.721191139503469458e+05
3.666226729627925088e+05 4.735194599751306232e+05 3.405505638932461152e+05 4.735194206549701048e+05 4.612648333561217296e+05 4.146962638238783693e+05 3.015004689835775644e+05 4.735194684161187033e+05 4.195982245122318855e+05 4.735194946628767066e+05 4.490098816436397028e+05 4.735196127844001749e+05 4.212321212802932714e+05 4.122452834780199919e+05 4.533671439341509249e+05 4.735196086123378482e+05 2.557873157176943787e+05 4.735196285256402916e+05 3.964793341818306944e+05 4.686177488993742736e+05 4.735194485687238630e+05 4.735195734880891396e+05 4.735196540840306552e+05 4.721191139503469458e+05 1.226908550162976026e+05
