1.128546617433357096e+04 1.111129132570440997e+05 1.111130295294212847e+05 1.041681057612456789e+05 2.250790953885011550e+05 1.481500505350711464e+05 3.153774686946761212e+05 1.041682894502659037e+05 1.111128423503282247e+05 1.069978388221173082e+05 1.106791204697676585e+05 1.111129429209105583e+05 3.009399001499620499e+04 1.421761781133304175e+05 6.945921570611642892e+03 6.945929398315867729e+03 6.945522860566839881e+03 6.945776331437213230e+03 1.041683558107676363e+05 6.945946177993728270e+03 6.946017758905071787e+03 4.067609218998148572e+04 3.009393600156447428e+04 4.178094037723130896e+05 6.945954963796718403e+03
1.111129132570440997e+05 7.883814927693929553e-01 1.687010134826923524e+00 3.703880084133176570e+04 2.250792135876015236e+05 1.481501077360541967e+05 3.153775034815484541e+05 3.703859759010544803e+04 1.636691083679337799e+00 9.876747686217087903e+04 4.332194376734683465e+04 1.821729000608497184e+00 1.111128610247373435e+05 1.421764387145946966e+05 1.111125371623413521e+05 1.111129347944544716e+05 1.111125300448503986e+05 1.111128709315792075e+05 3.703876335201155598e+04 1.111128657126709004e+05 1.111128509645343729e+05 1.111130231084787229e+05 1.111129819037886045e+05 4.178096529547336395e+05 1.111126459493492439e+05
1.111130295294213138e+05 1.687010134826923524e+00 7.378369262822235264e-01 3.703905198241522885e+04 2.250792493970479409e+05 1.481502263074850489e+05 3.153777007565905224e+05 3.703889514876984322e+04 1.547263287950152666e+00 9.876739503504315508e+04 4.332188985996212432e+04 1.801832781475811274e+00 1.111130289557380747e+05 1.421764154309077712e+05 1.111126557192283508e+05 1.111129862522133626e+05 1.111126262517537398e+05 1.111130189752982988e+05 3.703916662704323244e+04 1.111130100460342655e+05 1.111128645086696197e+05 1.111132465573617956e+05 1.111130761078984651e+05 4.178097026212450583e+05 1.111127641533106944e+05
1.041681057612457080e+05 3.703880084133176570e+04 3.703905198241522885e+04 7.758799736147558024e-01 2.250793624714057660e+05 1.481502988636133960e+05 3.153776159546428826e+05 1.506479464547264779e+00 3.703889020110793354e+04 9.876735856598065584e+04 6.647036569069627149e+04 3.703897646219968738e+04 7.407570401137977024e+04 1.421764061625039903e+05 1.111125557017599203e+05 1.111126232591445150e+05 1.111122687822551525e+05 1.111126313705754146e+05 1.645711518537355200e+00 1.111125703530176834e+05 1.111127243405176996e+05 7.407551226735554519e+04 7.407563357402214024e+04 4.178095619893383700e+05 1.111126604823597881e+05
2.250790953885011550e+05 2.250792135876015236e+05 2.250792493970479409e+05 2.250793624714057951e+05 1.002616445607825153e+05 1.662839190813076857e+05 1.810768241326789721e+05 2.250791387437247613e+05 2.250793774152806145e+05 1.834700455836161564e+05 1.887035033643324859e+05 2.250790671558371105e+05 2.250789726909610617e+05 1.798118340824799379e+05 2.250787135489359789e+05 2.250790842140971217e+05 2.250787981871656957e+05 2.250789867901928665e+05 2.250791645048717328e+05 2.250790167111263436e+05 2.250788958888101624e+05 2.144972077709055156e+05 2.250791463321993069e+05 2.898699950590226799e+05 2.250787817429086717e+05
1.481500505350711755e+05 1.481501077360541967e+05 1.481502263074850489e+05 1.481502988636133960e+05 1.662839190813076857e+05 1.728622475758026121e+04 2.783404203186877421e+05 1.481501304252597329e+05 1.481503252669328940e+05 5.350018602639694291e+04 1.117745632599687087e+05 1.481501275995599863e+05 1.481500157438888855e+05 2.551588870405767375e+04 1.481497222899082408e+05 1.481500922504132614e+05 1.481497314084285463e+05 1.481500695557687432e+05 1.481501772142694099e+05 1.481500079596473661e+05 1.481499832499476033e+05 1.375682946994568338e+05 1.481501568547826610e+05 3.807726145504984888e+05 1.481498089928138361e+05
3.153774686946761794e+05 3.153775034815484541e+05 3.153777007565905806e+05 3.153776159546428826e+05 1.810768241326789721e+05 2.783404203186877421e+05 8.713641763708728831e+04 3.153774363154137391e+05 3.153778100968706422e+05 2.783407205929573392e+05 2.790018376663932577e+05 3.153775309279831126e+05 3.153773136472257320e+05 2.783406476961041917e+05 3.153770837551013101e+05 3.153773372665708303e+05 3.153772056780597195e+05 3.153773693557539955e+05 3.153773945253421552e+05 3.153772327931766049e+05 3.153772745485674823e+05 3.047954832337975386e+05 3.153774907260446344e+05 2.087001989262073184e+05 3.153772043990395614e+05
1.041682894502659474e+05 3.703859759010544803e+04 3.703889514876984322e+04 1.506479464547265001e+00 2.250791387437247322e+05 1.481501304252597329e+05 3.153774363154137391e+05 6.821891028807228752e-01 3.703893415677678422e+04 9.876747484487155452e+04 6.647017005647980841e+04 3.703869988696963264e+04 7.407562945632373157e+04 1.421763472453432332e+05 1.111124150396601763e+05 1.111127788611395808e+05 1.111123929366501834e+05 1.111127453314259474e+05 1.529805483645550135e+00 1.111127170042162470e+05 1.111126377018201165e+05 7.407567854937014636e+04 7.407576982313589542e+04 4.178096861262357561e+05 1.111125551367059961e+05
1.111128423503282684e+05 1.636691083679337799e+00 1.547263287950152888e+00 3.703889020110793354e+04 2.250793774152805563e+05 1.481503252669328940e+05 3.153778100968706422e+05 3.703893415677678422e+04 7.998539052312100273e-01 9.876726258632235113e+04 4.332205685459701635e+04 1.699921918459376791e+00 1.111130930429090076e+05 1.421763622024356737e+05 1.111127656826088787e+05 1.111128580866616394e+05 1.111124953269196412e+05 1.111128984972587641e+05 3.703920124249739456e+04 1.111128835712160944e+05 1.111129480282273144e+05 1.111130722058316460e+05 1.111129782096490671e+05 4.178095801387168467e+05 1.111128615118500020e+05
1.069978388221173373e+05 9.876747686217087903e+04 9.876739503504315508e+04 9.876735856598065584e+04 1.834700455836161564e+05 5.350018602639692836e+04 2.783407205929573392e+05 9.876747484487155452e+04 9.876726258632235113e+04 2.103421950703602488e+04 6.239176557310724456e+04 9.876758465103826893e+04 1.069980664713847800e+05 4.752603962119993957e+04 1.069976219043610326e+05 1.069976842796500132e+05 1.069973268957248220e+05 1.069977118099897489e+05 9.876760164463629189e+04 1.069976616838102636e+05 1.069978279255045345e+05 9.641598707696708152e+04 1.069978396895946207e+05 3.807726235110673006e+05 1.069977787318134651e+05
1.106791204697676585e+05 4.332194376734683465e+04 4.332188985996212432e+04 6.647036569069627149e+04 1.887035033643324859e+05 1.117745632599687087e+05 2.790018376663932577e+05 6.647017005647982296e+04 4.332205685459701635e+04 6.239176557310724456e+04 2.730026759939477051e+04 4.332194158135053294e+04 1.087982802852038876e+05 1.058007071928442165e+05 1.111126676238285727e+05 1.111130177773887408e+05 1.111127201320458698e+05 1.111130208792891062e+05 6.647014268442154571e+04 1.111130713292981673e+05 1.111129809211047395e+05 9.972811865396749636e+04 1.087983756894433900e+05 3.814342398557240376e+05 1.111127846011605725e+05
1.111129429209106020e+05 1.821729000608497184e+00 1.801832781475811274e+00 3.703897646219968738e+04 2.250790671558371105e+05 1.481501275995599863e+05 3.153775309279831126e+05 3.703869988696963264e+04 1.699921918459376791e+00 9.876758465103828348e+04 4.332194158135053294e+04 7.642898383445854149e-01 1.111129344150989346e+05 1.421763380519809725e+05 1.111126052549589367e+05 1.111129541201930260e+05 1.111125223309807479e+05 1.111129283413980302e+05 3.703905083677361108e+04 1.111129251883820543e+05 1.111129300159565464e+05 1.111131127708170679e+05 1.111130143967870536e+05 4.178096139161068713e+05 1.111127742557497259e+05
3.009399001499620499e+04 1.111128610247373435e+05 1.111130289557380747e+05 7.407570401137977024e+04 2.250789726909610617e+05 1.481500157438888855e+05 3.153773136472257320e+05 7.407562945632373157e+04 1.111130930429090076e+05 1.069980664713847800e+05 1.087982802852038876e+05 1.111129344150989346e+05 7.145105403964741031e-01 1.421763433758696192e+05 3.703828858423275233e+04 3.703867731246856420e+04 3.703819443768803467e+04 3.703860376491279749e+04 7.407567007470667886e+04 3.703865191377728479e+04 3.703859592595052527e+04 1.058368255863927334e+04 1.428439932844302929e+00 4.178095166884571081e+05 3.703851325927713333e+04
1.421761781133304175e+05 1.421764387145946966e+05 1.421764154309077712e+05 1.421764061625039903e+05 1.798118340824799379e+05 2.551588870405766647e+04 2.783406476961041917e+05 1.421763472453432332e+05 1.421763622024356737e+05 4.752603962119993957e+04 1.058007071928442165e+05 1.421763380519809725e+05 1.421763433758696192e+05 1.002144133967529160e+04 1.421759772793398588e+05 1.421761535872891836e+05 1.421758300021690375e+05 1.421760407502204180e+05 1.421764458508750831e+05 1.421761554607853759e+05 1.421762457491412351e+05 1.315942491674721532e+05 1.421762529209377826e+05 3.807725418900300865e+05 1.421761006879375200e+05
6.945921570611643801e+03 1.111125371623413521e+05 1.111126557192283508e+05 1.111125557017599203e+05 2.250787135489359498e+05 1.481497222899082408e+05 3.153770837551013101e+05 1.111124150396601763e+05 1.111127656826088787e+05 1.069976219043610326e+05 1.111126676238285727e+05 1.111126052549589367e+05 3.703828858423275233e+04 1.421759772793398006e+05 5.349166489329603147e-01 1.359032925231486777e+00 8.193919415312727050e-01 1.245764628546843111e+00 1.111124603361919872e+05 1.338958996838075288e+00 1.280672814816790739e+00 4.762056511719198170e+04 3.703849675139844476e+04 4.178093807823357056e+05 9.587126076870567948e-01
6.945929398315867729e+03 1.111129347944544716e+05 1.111129862522133626e+05 1.111126232591445150e+05 2.250790842140971217e+05 1.481500922504132614e+05 3.153773372665708303e+05 1.111127788611395808e+05 1.111128580866616394e+05 1.069976842796500132e+05 1.111130177773887408e+05 1.111129541201930260e+05 3.703867731246856420e+04 1.421761535872891836e+05 1.359032925231486777e+00 6.153099384392651805e-01 1.015883762815545266e+00 1.401331410819706136e+00 1.111128273027005198e+05 1.233045276604540996e+00 1.497927241866476633e+00 4.762068939886378939e+04 3.703859315080434317e+04 4.178092749516753829e+05 1.494886445776266282e+00
6.945522860566839881e+03 1.111125300448503986e+05 1.111126262517537398e+05 1.111122687822551525e+05 2.250787981871657539e+05 1.481497314084285463e+05 3.153772056780597195e+05 1.111123929366501834e+05 1.111124953269196412e+05 1.069973268957248220e+05 1.111127201320458698e+05 1.111125223309807479e+05 3.703819443768803467e+04 1.421758300021690375e+05 8.193919415312727050e-01 1.015883762815545266e+00 3.884766897045549006e-01 1.026150087258590471e+00 1.111124313490167697e+05 1.010147969923697930e+00 1.198487988567990881e+00 4.762024461534106376e+04 3.703807285269856220e+04 4.178092222535029287e+05 1.073133908147631876e+00
6.945776331437213230e+03 1.111128709315792075e+05 1.111130189752982988e+05 1.111126313705754146e+05 2.250789867901928665e+05 1.481500695557687432e+05 3.153773693557539955e+05 1.111127453314259474e+05 1.111128984972587641e+05 1.069977118099897489e+05 1.111130208792891062e+05 1.111129283413980302e+05 3.703860376491279749e+04 1.421760407502204180e+05 1.245764628546843111e+00 1.401331410819706136e+00 1.026150087258590693e+00 6.558795035825772946e-01 1.111127525894096761e+05 1.436915837614282099e+00 1.522559435021171748e+00 4.762065438107820228e+04 3.703856299757325178e+04 4.178093556758787017e+05 1.323727491010461499e+00
1.041683558107676363e+05 3.703876335201155598e+04 3.703916662704323244e+04 1.645711518537355200e+00 2.250791645048717037e+05 1.481501772142694099e+05 3.153773945253421552e+05 1.529805483645550135e+00 3.703920124249739456e+04 9.876760164463629189e+04 6.647014268442154571e+04 3.703905083677361108e+04 7.407567007470666431e+04 1.421764458508750831e+05 1.111124603361919872e+05 1.111128273027005198e+05 1.111124313490167551e+05 1.111127525894096761e+05 6.787246786809937316e-01 1.111127565991511219e+05 1.111127196829462773e+05 7.407577035803537001e+04 7.407584977629959758e+04 4.178097470485472004e+05 1.111125783910962782e+05
6.945946177993728270e+03 1.111128657126709004e+05 1.111130100460342655e+05 1.111125703530176834e+05 2.250790167111263436e+05 1.481500079596473661e+05 3.153772327931766049e+05 1.111127170042162470e+05 1.111128835712160944e+05 1.069976616838102636e+05 1.111130713292981673e+05 1.111129251883820543e+05 3.703865191377728479e+04 1.421761554607853759e+05 1.338958996838075288e+00 1.233045276604540996e+00 1.010147969923697930e+00 1.436915837614282099e+00 1.111127565991511219e+05 6.266792132354237488e-01 1.426707404051196004e+00 4.762063886523716792e+04 3.703851742742408533e+04 4.178092010730896727e+05 1.534557146611309930e+00
6.946017758905071787e+03 1.111128509645343729e+05 1.111128645086696197e+05 1.111127243405176996e+05 2.250788958888101624e+05 1.481499832499476033e+05 3.153772745485674823e+05 1.111126377018201165e+05 1.111129480282273144e+05 1.069978279255045345e+05 1.111129809211047395e+05 1.111129300159565464e+05 3.703859592595052527e+04 1.421762457491411769e+05 1.280672814816790739e+00 1.497927241866476633e+00 1.198487988567990881e+00 1.522559435021171748e+00 1.111127196829462773e+05 1.426707404051196004e+00 6.542471197539971861e-01 4.762076279448930291e+04 3.703867346366013226e+04 4.178094440511855646e+05 1.364171043800408878e+00
4.067609218998148572e+04 1.111130231084787229e+05 1.111132465573617956e+05 7.407551226735554519e+04 2.144972077709055156e+05 1.375682946994568338e+05 3.047954832337975386e+05 7.407567854937014636e+04 1.111130722058316460e+05 9.641598707696708152e+04 9.972811865396749636e+04 1.111131127708170679e+05 1.058368255863927516e+04 1.315942491674721532e+05 4.762056511719198170e+04 4.762068939886378939e+04 4.762024461534106376e+04 4.762065438107820228e+04 7.407577035803538456e+04 4.762063886523716792e+04 4.762076279448930291e+04 1.511790835600375067e+04 1.058351116735457617e+04 4.072275474046434392e+05 4.762074637187088229e+04
3.009393600156447064e+04 1.111129819037886045e+05 1.111130761078984651e+05 7.407563357402214024e+04 2.250791463321993069e+05 1.481501568547826610e+05 3.153774907260446344e+05 7.407576982313589542e+04 1.111129782096490671e+05 1.069978396895946207e+05 1.087983756894434191e+05 1.111130143967870536e+05 1.428439932844302929e+00 1.421762529209377826e+05 3.703849675139844476e+04 3.703859315080434317e+04 3.703807285269856220e+04 3.703856299757325178e+04 7.407584977629961213e+04 3.703851742742408533e+04 3.703867346366013226e+04 1.058351116735457254e+04 6.712914134409460054e-01 4.178094064152331557e+05 3.703870202105483622e+04
4.178094037723130896e+05 4.178096529547336977e+05 4.178097026212451747e+05 4.178095619893384282e+05 2.898699950590226799e+05 3.807726145504984306e+05 2.087001989262073184e+05 4.178096861262358143e+05 4.178095801387168467e+05 3.807726235110673006e+05 3.814342398557240376e+05 4.178096139161069295e+05 4.178095166884571081e+05 3.807725418900300865e+05 4.178093807823357638e+05 4.178092749516753829e+05 4.178092222535028704e+05 4.178093556758787017e+05 4.178097470485472004e+05 4.178092010730896727e+05 4.178094440511855646e+05 4.072275474046434392e+05 4.178094064152332139e+05 1.195139405888590845e+05 4.178094452765269089e+05
6.945954963796717493e+03 1.111126459493492439e+05 1.111127641533106798e+05 1.111126604823597881e+05 2.250787817429085844e+05 1.481498089928138070e+05 3.153772043990395614e+05 1.111125551367059961e+05 1.111128615118500020e+05 1.069977787318134651e+05 1.111127846011606016e+05 1.111127742557496967e+05 3.703851325927713333e+04 1.421761006879375200e+05 9.587126076870564617e-01 1.494886445776266282e+00 1.073133908147631876e+00 1.323727491010461499e+00 1.111125783910962782e+05 1.534557146611310152e+00 1.364171043800408878e+00 4.762074637187088229e+04 3.703870202105483622e+04 4.178094452765269089e+05 7.063299521322070618e-01
