8.415044433262854895e-01 4.598704872214856441e+05 3.419029020337407565e+04 1.153870558377281704e+05 9.042083146171315457e+04 6.410485736157018255e+04 1.025665389151333802e+05 1.882667219555194116e+00 1.999234244457182896e+00 1.854545568993694715e+00 7.692550857401918620e+04 1.794894330794793495e+05 7.265381469634234672e+05 1.846090406653300153e+00 1.960858693944172559e+00 2.046654879576953689e+00 1.626229019537234672e+04 1.900475140262161440e+05 1.025664475706970406e+05 1.830541786390344150e+00 1.415050109320054927e+00 3.282378649023489561e+05 6.149949136282976251e+05 1.459843940356513776e+05 1.701866003343421196e+00
4.598704872214856441e+05 1.458540516617649409e+05 4.598704810235532932e+05 4.598707132879738929e+05 4.598706829180733766e+05 4.598705611305811908e+05 4.544015416191009572e+05 4.598705035873517627e+05 4.598704967483982327e+05 4.598703774755446939e+05 4.598705660429504351e+05 4.598708473097945680e+05 5.457004093292688485e+05 4.598703913471954293e+05 4.598703865943890996e+05 4.598704675763875130e+05 4.598704603760048049e+05 4.498031022682898911e+05 4.504239584535211325e+05 4.598703369057333330e+05 4.598702748194577289e+05 3.415731147919458454e+05 3.557729651924713398e+05 4.598708535243746010e+05 4.598703197177073453e+05
3.419029020337407565e+04 4.598704810235532932e+05 1.139686635827259306e+04 8.974601083434949396e+04 5.623231777901161695e+04 2.991628264772412876e+04 7.692534392491643666e+04 3.419033300786235486e+04 3.419033423036777094e+04 3.419007567147822556e+04 4.273697973980562529e+04 1.663562562937354960e+05 7.265382107134206453e+05 3.419013331416794244e+04 3.419032368491667148e+04 3.419030279158391204e+04 1.792944701074995828e+04 1.900477288750252628e+05 7.692551613574648218e+04 3.418991328468071151e+04 3.418953593606577488e+04 3.282380754067814560e+05 6.149949411232945276e+05 1.203434467199075007e+05 3.418970733661451959e+04
1.153870558377281704e+05 4.598707132879738929e+05 8.974601083434949396e+04 2.564228650901829315e+04 6.343032768558424868e+04 8.333595705583457311e+04 5.758226782465599535e+04 1.153871092654559034e+05 1.153871586433995835e+05 1.153870730920830683e+05 7.692571339804402669e+04 1.022540144119280885e+05 7.265384730576575967e+05 1.153869382848379319e+05 1.153870963356141729e+05 1.153872148641584354e+05 9.912686050693484140e+04 1.772274489499867195e+05 7.692572741455663345e+04 1.153867918769248354e+05 1.153864830891032034e+05 3.218278179134259699e+05 6.149951286662162747e+05 4.983053491271813982e+04 1.153867069753634423e+05
9.042083146171315457e+04 4.598706829180733766e+05 5.623231777901161695e+04 6.343032768558424868e+04 1.278604701295483574e+04 2.631790540376505669e+04 4.560214921173053881e+04 9.042085695201934141e+04 9.042086469909129664e+04 9.042075440681609325e+04 1.349700816414214933e+04 1.528611811348123301e+05 7.265383331706939498e+05 9.042069912768683571e+04 9.042079292275982152e+04 9.042085248982992198e+04 7.416032234993074962e+04 1.900479381865178293e+05 5.128460952437944798e+04 9.042047762872635212e+04 9.042008528520999243e+04 3.282381307950983755e+05 6.149950451168596046e+05 1.068483855159684317e+05 9.042029787401916110e+04
6.410485736157018982e+04 4.598705611305811908e+05 2.991628264772413240e+04 8.333595705583457311e+04 2.631790540376505669e+04 1.282149675614107400e+04 6.410499260220611177e+04 6.410488703624205664e+04 6.410490438997589808e+04 6.410469712508202792e+04 1.282227793276263765e+04 1.663564161085862725e+05 7.265382955049263546e+05 6.410473942806637933e+04 6.410486193226092291e+04 6.410486480240176024e+04 4.784438388141870382e+04 1.900477955408804701e+05 6.410509899151310674e+04 6.410452958084345300e+04 6.410416036425298807e+04 3.282380828684977605e+05 6.149949115411969833e+05 1.203437090558504424e+05 6.410434485412766662e+04
1.025665389151333802e+05 4.544015416191009572e+05 7.692534392491643666e+04 5.758226782465599535e+04 4.560214921173053881e+04 6.410499260220611177e+04 2.389814542913598052e+04 1.025665762181510800e+05 1.025666099485099840e+05 1.025664790757942828e+05 5.128433755320899218e+04 1.470131499012169952e+05 7.265383966181724099e+05 1.025663779657726263e+05 1.025665622894317494e+05 1.025666414055463392e+05 8.630606113795754209e+04 1.581090546081158100e+05 1.934547505581946461e+04 1.025661861608576291e+05 1.025658569028783822e+05 3.019973126704560127e+05 6.149951156041783979e+05 1.010004030179430119e+05 1.025660685138864937e+05
1.882667219555194338e+00 4.598705035873518209e+05 3.419033300786235486e+04 1.153871092654558888e+05 9.042085695201931230e+04 6.410488703624204936e+04 1.025665762181510800e+05 1.053597585464569386e+00 1.737579752597681937e+00 1.861860168596569665e+00 7.692550924142228905e+04 1.794895198788823618e+05 7.265381346764758928e+05 1.806442088338465313e+00 1.863237447384556988e+00 1.966177009871889370e+00 1.626235218509518563e+04 1.900477192915221676e+05 1.025664489057319006e+05 1.857311252320990702e+00 1.446878424530934515e+00 3.282379492916502641e+05 6.149948976489177439e+05 1.459844591756440059e+05 1.783760300557115874e+00
1.999234244457182896e+00 4.598704967483982327e+05 3.419033423036777094e+04 1.153871586433995835e+05 9.042086469909129664e+04 6.410490438997589081e+04 1.025666099485099840e+05 1.737579752597682381e+00 9.078388810736655046e-01 1.985418661943556540e+00 7.692551594156119972e+04 1.794895132850501686e+05 7.265381930889303330e+05 1.878732562374161530e+00 1.988270237234983417e+00 2.117454484327517150e+00 1.626241678880610198e+04 1.900476698614641500e+05 1.025665712518404180e+05 1.894611044911507447e+00 1.527312918567548250e+00 3.282379430942278123e+05 6.149949227160040755e+05 1.459844886540543230e+05 1.830875434838053595e+00
1.854545568993694715e+00 4.598703774755447521e+05 3.419007567147822556e+04 1.153870730920830683e+05 9.042075440681609325e+04 6.410469712508202792e+04 1.025664790757942828e+05 1.861860168596569665e+00 1.985418661943556540e+00 9.275748321730271639e-01 7.692538207306811819e+04 1.794894167519331095e+05 7.265380998485108139e+05 1.704994130593187274e+00 1.893621809128692934e+00 1.992245800737060923e+00 1.626218461524908889e+04 1.900475825488391856e+05 1.025665014617146953e+05 1.728533581716826362e+00 1.428989278130017748e+00 3.282378572798147798e+05 6.149947868372877128e+05 1.459843676198829198e+05 1.620241206087325692e+00
7.692550857401918620e+04 4.598705660429504351e+05 4.273697973980562529e+04 7.692571339804402669e+04 1.349700816414214933e+04 1.282227793276263583e+04 5.128433755320899218e+04 7.692550924142228905e+04 7.692551594156119972e+04 7.692538207306811819e+04 9.356655210172871717e-01 1.663564779627741082e+05 7.265383398351065116e+05 7.692537733642355306e+04 7.692549758156815369e+04 7.692554639638910885e+04 6.066501088894924033e+04 1.900479338694350445e+05 5.128447955817179900e+04 7.692515704915380047e+04 7.692475367990091036e+04 3.282381194338693749e+05 6.149949468484427780e+05 1.203436786093129340e+05 7.692493929567407758e+04
1.794894330794793495e+05 4.598708473097945680e+05 1.663562562937354960e+05 1.022540144119280885e+05 1.528611811348123301e+05 1.663564161085862725e+05 1.470131499012169952e+05 1.794895198788823618e+05 1.794895132850501686e+05 1.794894167519331677e+05 1.663564779627741082e+05 2.524088288647256559e+04 7.008974420158916619e+05 1.794893258134889766e+05 1.794894773302784306e+05 1.794895588430027419e+05 1.711609976269504696e+05 1.709376774891357054e+05 1.663565408785238687e+05 1.794891966220733884e+05 1.794889867447536380e+05 3.239672709127189009e+05 6.149951795063355239e+05 6.352309775418745994e+04 1.794890871766513446e+05
7.265381469634237001e+05 5.457004093292688485e+05 7.265382107134206453e+05 7.265384730576575967e+05 7.265383331706939498e+05 7.265382955049263546e+05 7.265383966181724099e+05 7.265381346764758928e+05 7.265381930889304494e+05 7.265380998485108139e+05 7.265383398351065116e+05 7.008974420158916619e+05 1.974814528779201210e+05 7.265381176551983226e+05 7.265381630853915121e+05 7.265381390361243393e+05 7.265381732614784269e+05 7.008972598925773054e+05 7.265384539998334367e+05 7.265381383768669330e+05 7.265381144707597559e+05 6.620539111123194452e+05 4.834928870738936821e+05 7.137179451173857087e+05 7.265381422396771377e+05
1.846090406653299931e+00 4.598703913471954293e+05 3.419013331416794244e+04 1.153869382848379319e+05 9.042069912768682116e+04 6.410473942806637206e+04 1.025663779657726263e+05 1.806442088338465313e+00 1.878732562374161530e+00 1.704994130593187274e+00 7.692537733642355306e+04 1.794893258134889475e+05 7.265381176551983226e+05 8.816406072968254737e-01 1.824404184953371644e+00 2.000481514664594229e+00 1.626219228686134920e+04 1.900475264821655583e+05 1.025663525394970638e+05 1.551695493017879901e+00 1.293001605260024389e+00 3.282377561672718730e+05 6.149948282632672926e+05 1.459842255973318825e+05 1.512903903284467999e+00
1.960858693944172559e+00 4.598703865943891578e+05 3.419032368491667148e+04 1.153870963356141729e+05 9.042079292275982152e+04 6.410486193226091564e+04 1.025665622894317494e+05 1.863237447384556988e+00 1.988270237234983195e+00 1.893621809128693156e+00 7.692549758156815369e+04 1.794894773302784306e+05 7.265381630853915121e+05 1.824404184953372088e+00 8.677245467925210898e-01 2.066094469129648115e+00 1.626232709636338041e+04 1.900475982412109443e+05 1.025664843695168965e+05 1.843902613848467542e+00 1.426617033420742864e+00 3.282377470166328130e+05 6.149949000786275137e+05 1.459844116909501317e+05 1.739164491916203925e+00
2.046654879576953689e+00 4.598704675763875130e+05 3.419030279158391204e+04 1.153872148641584354e+05 9.042085248982990743e+04 6.410486480240175297e+04 1.025666414055463392e+05 1.966177009871888925e+00 2.117454484327517150e+00 1.992245800737060701e+00 7.692554639638910885e+04 1.794895588430027419e+05 7.265381390361243393e+05 2.000481514664594229e+00 2.066094469129648115e+00 1.043657981129761048e+00 1.626237168317988289e+04 1.900478095107965346e+05 1.025666566667375737e+05 1.942421212428304900e+00 1.529054683194111197e+00 3.282379715822826256e+05 6.149948686237796210e+05 1.459845000466565543e+05 1.796225787432423893e+00
1.626229019537234672e+04 4.598704603760048631e+05 1.792944701074996192e+04 9.912686050693484140e+04 7.416032234993074962e+04 4.784438388141871110e+04 8.630606113795754209e+04 1.626235218509519109e+04 1.626241678880610380e+04 1.626218461524908889e+04 6.066501088894924760e+04 1.711609976269504696e+05 7.265381732614784269e+05 1.626219228686134920e+04 1.626232709636338041e+04 1.626237168317988653e+04 1.189857624521978687e+04 1.900476857869033120e+05 8.630633057543828909e+04 1.626203678701269382e+04 1.626165200510320574e+04 3.282379711628679070e+05 6.149949160515316762e+05 1.297242295967092359e+05 1.626188131594592232e+04
1.900475140262161440e+05 4.498031022682898911e+05 1.900477288750252628e+05 1.772274489499867195e+05 1.900479381865178293e+05 1.900477955408804701e+05 1.581090546081158100e+05 1.900477192915221967e+05 1.900476698614641500e+05 1.900475825488391856e+05 1.900479338694350445e+05 1.709376774891357054e+05 7.008972598925773054e+05 1.900475264821655874e+05 1.900475982412109443e+05 1.900478095107965346e+05 1.900476857869033120e+05 3.248839405494190214e+04 1.387658736361480551e+05 1.900474444140238629e+05 1.900472259819847532e+05 2.348342048218207492e+05 6.149951116945919348e+05 1.765307212145174562e+05 1.900474046385564143e+05
1.025664475706970406e+05 4.504239584535211325e+05 7.692551613574648218e+04 7.692572741455663345e+04 5.128460952437944798e+04 6.410509899151310674e+04 1.934547505581946825e+04 1.025664489057319006e+05 1.025665712518404180e+05 1.025665014617146953e+05 5.128447955817179900e+04 1.663565408785238687e+05 7.265384539998332039e+05 1.025663525394970784e+05 1.025664843695168965e+05 1.025666566667375737e+05 8.630633057543828909e+04 1.387658736361480551e+05 1.042611743777707378e+00 1.025661742989520135e+05 1.025658805102452461e+05 2.855030870301903924e+05 6.149951244857399724e+05 1.203436697534095874e+05 1.025660751663981064e+05
1.830541786390344150e+00 4.598703369057332748e+05 3.418991328468071151e+04 1.153867918769248354e+05 9.042047762872635212e+04 6.410452958084344573e+04 1.025661861608576291e+05 1.857311252320990702e+00 1.894611044911507447e+00 1.728533581716826362e+00 7.692515704915380047e+04 1.794891966220733884e+05 7.265381383768671658e+05 1.551695493017879901e+00 1.843902613848467542e+00 1.942421212428305122e+00 1.626203678701269382e+04 1.900474444140238629e+05 1.025661742989520135e+05 8.206298044371230782e-01 1.195800259688859057e+00 3.282377548521327553e+05 6.149947814167626202e+05 1.459841579717205022e+05 1.275826377108949972e+00
1.415050109320054927e+00 4.598702748194576707e+05 3.418953593606577488e+04 1.153864830891032034e+05 9.042008528520999243e+04 6.410416036425298807e+04 1.025658569028783822e+05 1.446878424530934515e+00 1.527312918567548250e+00 1.428989278130017748e+00 7.692475367990091036e+04 1.794889867447536380e+05 7.265381144707596395e+05 1.293001605260024389e+00 1.426617033420743086e+00 1.529054683194111419e+00 1.626165200510320574e+04 1.900472259819847532e+05 1.025658805102452461e+05 1.195800259688859057e+00 5.205419461353851807e-01 3.282375672399283503e+05 6.149947894032890908e+05 1.459838755822584790e+05 1.073483006728728650e+00
3.282378649023489561e+05 3.415731147919458454e+05 3.282380754067814560e+05 3.218278179134259699e+05 3.282381307950983755e+05 3.282380828684977605e+05 3.019973126704560127e+05 3.282379492916502641e+05 3.282379430942278123e+05 3.282378572798147798e+05 3.282381194338693749e+05 3.239672709127189009e+05 6.620539111123194452e+05 3.282377561672718148e+05 3.282377470166328130e+05 3.282379715822826256e+05 3.282379711628679070e+05 2.348342048218207492e+05 2.855030870301903924e+05 3.282377548521326971e+05 3.282375672399283503e+05 1.534176191713653971e+05 5.282329843063792214e+05 3.218278851030901424e+05 3.282377105036847643e+05
6.149949136282976251e+05 3.557729651924712816e+05 6.149949411232945276e+05 6.149951286662161583e+05 6.149950451168596046e+05 6.149949115411968669e+05 6.149951156041782815e+05 6.149948976489177439e+05 6.149949227160040755e+05 6.149947868372877128e+05 6.149949468484427780e+05 6.149951795063354075e+05 4.834928870738936821e+05 6.149948282632672926e+05 6.149949000786273973e+05 6.149948686237796210e+05 6.149949160515315598e+05 6.149951116945919348e+05 6.149951244857399724e+05 6.149947814167626202e+05 6.149947894032890908e+05 5.282329843063792214e+05 2.120004486325112812e+05 6.149951942323729163e+05 6.149947617241141852e+05
1.459843940356513776e+05 4.598708535243746592e+05 1.203434467199074861e+05 4.983053491271813982e+04 1.068483855159684608e+05 1.203437090558504424e+05 1.010004030179429974e+05 1.459844591756440059e+05 1.459844886540543230e+05 1.459843676198829198e+05 1.203436786093129340e+05 6.352309775418745267e+04 7.137179451173858251e+05 1.459842255973318825e+05 1.459844116909501317e+05 1.459845000466565543e+05 1.297242295967092359e+05 1.765307212145174562e+05 1.203436697534095874e+05 1.459841579717205022e+05 1.459838755822584790e+05 3.218278851030901424e+05 6.149951942323729163e+05 3.509283029703517968e+04 1.459840186908694159e+05
1.701866003343421418e+00 4.598703197177072871e+05 3.418970733661451959e+04 1.153867069753634423e+05 9.042029787401916110e+04 6.410434485412766662e+04 1.025660685138864937e+05 1.783760300557115652e+00 1.830875434838053595e+00 1.620241206087325692e+00 7.692493929567407758e+04 1.794890871766513446e+05 7.265381422396771377e+05 1.512903903284467999e+00 1.739164491916203925e+00 1.796225787432423893e+00 1.626188131594592051e+04 1.900474046385564143e+05 1.025660751663981064e+05 1.275826377108949972e+00 1.073483006728728650e+00 3.282377105036847643e+05 6.149947617241140688e+05 1.459840186908694159e+05 7.858018436331160039e-01
