9.303641360311385444e-01 1.856207333435177187e+00 1.870147547608769445e+00 3.156483909500036971e+05 2.237249354420665970e+00 1.727964261348965191e+00 1.111294403415760753e+05 2.029040522412796310e+00 1.390359773975175184e+00 1.978107217124193795e+00 1.895908743557270348e+00 2.181829487904940024e+00 1.799109125320309249e+05 2.960803699439452612e+04 2.631841550827600076e+04 2.162730861109144254e+00 1.657985673768510804e+00 2.038600618507170115e+00 2.441793611526805741e+00 2.029551210736257438e+00 2.282445166842352879e+00 2.170776120568621348e+00 1.462238981996030816e+04 2.448026404315387872e+00 1.945498093839375331e+00
1.856207333435177187e+00 8.348216375910475495e-01 1.790919941886560451e+00 3.156480630754306330e+05 2.088476893553421476e+00 1.398329310013916915e+00 1.111289454900706914e+05 1.726836126585401088e+00 1.187449366396903461e+00 1.759711064405762748e+00 1.495334651995359643e+00 1.972302709835440204e+00 1.799105149311108107e+05 2.960757455876127642e+04 2.631798206789034157e+04 2.030469216147449796e+00 1.382372579833038628e+00 1.750880098420226627e+00 2.151575404062129326e+00 1.944289291678288789e+00 2.120976702343491116e+00 1.995747945975972604e+00 1.462202252130380293e+04 2.107882070255850504e+00 1.814096851743665750e+00
1.870147547608769445e+00 1.790919941886560451e+00 1.062517445711877340e+00 3.156483808943364420e+05 2.298310601241077666e+00 1.727724058692341025e+00 1.111294632916832052e+05 1.945613435506593047e+00 1.378874943640556960e+00 1.970128758329424912e+00 1.891758023881512596e+00 2.100819815213236019e+00 1.799108584343072434e+05 2.960804855433799457e+04 2.631846453996058699e+04 2.157210657097869522e+00 1.690247896809893069e+00 1.992363494797285028e+00 2.433743126335457418e+00 2.105408679114905812e+00 2.299060918073871917e+00 2.092860886159249922e+00 1.462240719556779550e+04 2.489660382035602471e+00 1.881047645385492517e+00
3.156483909500036389e+05 3.156480630754306330e+05 3.156483808943363838e+05 1.301639785995941929e+05 3.156484937777537270e+05 3.156479385852516862e+05 2.630168043603495462e+05 3.156482258737989469e+05 3.156479630574519979e+05 3.156482697439315380e+05 3.156480912871363107e+05 3.156484511131868348e+05 2.201728144365349435e+05 2.860431970367401373e+05 2.893328319001452182e+05 3.156485335230598575e+05 3.156479334976293030e+05 3.156480801088878070e+05 3.156484561582808965e+05 3.156483506993246265e+05 3.156485592589303269e+05 3.156483302702274523e+05 3.010288371052947477e+05 3.156484300730501418e+05 3.156482828789912746e+05
2.237249354420665970e+00 2.088476893553421476e+00 2.298310601241077666e+00 3.156484937777537853e+05 1.135659783129894018e+00 2.018353303707717927e+00 1.111296450056107133e+05 2.230895939576135412e+00 1.526021617574074840e+00 2.177402198843252368e+00 2.186944245748323468e+00 2.208720403751090799e+00 1.799110762339695648e+05 2.960830416171372417e+04 2.631862736182356821e+04 2.037345136159269376e+00 1.793527359638994234e+00 2.123612189624617841e+00 2.539384698404997920e+00 2.262429710160774654e+00 2.327219310081930281e+00 2.282278400249974748e+00 1.462244842958601657e+04 2.527256710652781013e+00 2.230292757266638670e+00
1.727964261348965191e+00 1.398329310013916915e+00 1.727724058692341025e+00 3.156479385852516862e+05 2.018353303707717927e+00 7.393926055732522595e-01 1.111289541271454655e+05 1.682050975478355026e+00 1.092500358013813733e+00 1.704293443475231928e+00 1.514361109655365745e+00 1.914736715649714593e+00 1.799103331724060699e+05 2.960751139526785846e+04 2.631794429153755118e+04 1.926421714137073860e+00 1.192156730920405971e+00 1.688560261188658096e+00 2.026616101802741987e+00 1.840677960222544485e+00 1.973677836451777523e+00 1.896377732509949787e+00 1.462197844600940698e+04 1.937321201072740529e+00 1.740320729528806343e+00
1.111294403415760462e+05 1.111289454900706914e+05 1.111294632916831906e+05 2.630168043603495462e+05 1.111296450056107133e+05 1.111289541271454655e+05 3.234800794480746845e+04 1.111292382958169765e+05 1.111287730104343354e+05 1.111293859239456360e+05 1.111290162878254196e+05 1.111295038054873876e+05 1.148911872447836649e+05 8.152396028802347428e+04 8.481362232811455033e+04 1.111296225351507164e+05 1.111288669346651732e+05 1.111291938558015536e+05 1.111295529541628057e+05 1.111294982065918302e+05 1.111296840860434604e+05 1.111294499225488689e+05 9.650967162734737212e+04 1.111295580466623942e+05 1.111294123334287433e+05
2.029040522412796310e+00 1.726836126585401088e+00 1.945613435506592603e+00 3.156482258737990051e+05 2.230895939576135412e+00 1.682050975478355026e+00 1.111292382958169910e+05 1.041799111578773473e+00 1.297944599604620830e+00 1.789696452774572233e+00 1.803822972485043197e+00 2.156473316988546163e+00 1.799106489588389231e+05 2.960782589067031586e+04 2.631821270370427010e+04 2.140885176133743517e+00 1.552694303272931009e+00 1.719159633464171000e+00 2.248525592495664860e+00 2.108093477174879826e+00 2.249251396733860542e+00 2.133214336202648109e+00 1.462224672465872209e+04 2.257365956301092602e+00 1.858413894279476120e+00
1.390359773975175184e+00 1.187449366396903461e+00 1.378874943640556960e+00 3.156479630574519979e+05 1.526021617574074840e+00 1.092500358013813733e+00 1.111287730104343500e+05 1.297944599604620830e+00 4.867908315281431753e-01 1.328273851921151216e+00 1.222095929346344034e+00 1.448535901237188339e+00 1.799102815158491430e+05 2.960729525979623941e+04 2.631767277602672402e+04 1.445017763496502017e+00 9.120246019259742321e-01 1.287888921779780649e+00 1.631521837184169765e+00 1.420146415082375935e+00 1.513632658119904217e+00 1.452231982503799923e+00 1.462157213408314419e+04 1.627069502675973611e+00 1.378890202227812445e+00
1.978107217124193795e+00 1.759711064405762970e+00 1.970128758329424912e+00 3.156482697439315380e+05 2.177402198843252368e+00 1.704293443475231928e+00 1.111293859239456506e+05 1.789696452774572233e+00 1.328273851921151216e+00 9.056506733150613275e-01 1.825497230994686415e+00 2.123869095141396102e+00 1.799108402927304269e+05 2.960795921118718252e+04 2.631825915588683347e+04 2.154898176940615251e+00 1.573044030225589696e+00 1.891894884875251481e+00 2.395666846926415516e+00 2.062816841917719302e+00 2.308440564349251378e+00 2.100738457495157530e+00 1.462223882521204905e+04 2.390697761384916298e+00 1.809859687457129329e+00
1.895908743557270348e+00 1.495334651995359643e+00 1.891758023881512596e+00 3.156480912871363107e+05 2.186944245748323468e+00 1.514361109655365745e+00 1.111290162878254341e+05 1.803822972485043197e+00 1.222095929346344034e+00 1.825497230994686415e+00 9.294427395732773878e-01 2.017350450396655059e+00 1.799104524713415885e+05 2.960761227483631228e+04 2.631809283547499217e+04 2.096620915202338065e+00 1.460921939995261987e+00 1.692873654139191109e+00 2.176912640558422929e+00 1.989796496443614338e+00 2.140650544995577498e+00 2.036816842536289585e+00 1.462213475549587383e+04 2.106497980942428683e+00 1.865598199372121346e+00
2.181829487904940024e+00 1.972302709835440204e+00 2.100819815213236019e+00 3.156484511131868348e+05 2.208720403751090799e+00 1.914736715649714593e+00 1.111295038054874021e+05 2.156473316988546607e+00 1.448535901237188339e+00 2.123869095141396102e+00 2.017350450396655059e+00 1.062335142185019565e+00 1.799109333385604841e+05 2.960813669235043562e+04 2.631857279404302608e+04 2.052802580483610750e+00 1.749502596300984036e+00 2.077270122488805271e+00 2.575818470933262105e+00 2.002878932718895832e+00 2.361912583885974914e+00 2.013535547904981904e+00 1.462254288706328043e+04 2.570678068349542489e+00 2.166147551472999311e+00
1.799109125320308667e+05 1.799105149311108107e+05 1.799108584343072143e+05 2.201728144365349435e+05 1.799110762339695939e+05 1.799103331724060699e+05 1.148911872447836504e+05 1.799106489588388649e+05 1.799102815158491430e+05 1.799108402927303978e+05 1.799104524713415885e+05 1.799109333385604841e+05 8.750737260229002277e+04 1.503056377863302769e+05 1.535952841709749773e+05 1.799110264311878709e+05 1.799103861822435574e+05 1.799105121498576773e+05 1.799109486120655783e+05 1.799108697917493118e+05 1.799110654383938527e+05 1.799108491694605036e+05 1.652912738221774052e+05 1.799109514875693712e+05 1.799106534443771234e+05
2.960803699439452612e+04 2.960757455876127642e+04 2.960804855433799457e+04 2.860431970367400791e+05 2.960830416171373145e+04 2.960751139526785482e+04 8.152396028802344517e+04 2.960782589067031586e+04 2.960729525979623941e+04 2.960795921118718252e+04 2.960761227483631228e+04 2.960813669235043562e+04 1.503056377863302769e+05 5.757985797691688276e+03 3.292065479940110436e+03 2.960824431023409124e+04 2.960740581298234974e+04 2.960777357444196605e+04 2.960815630822346066e+04 2.960810312992103354e+04 2.960830592651033658e+04 2.960807807377845529e+04 1.498813196373616483e+04 2.960811173940767912e+04 2.960803349407074347e+04
2.631841550827600076e+04 2.631798206789034157e+04 2.631846453996058699e+04 2.893328319001452182e+05 2.631862736182357185e+04 2.631794429153755118e+04 8.481362232811455033e+04 2.631821270370427010e+04 2.631767277602672402e+04 2.631825915588683347e+04 2.631809283547499217e+04 2.631857279404302608e+04 1.535952841709749773e+05 3.292065479940110890e+03 1.469751899295767217e+00 2.631863066461115886e+04 2.631776547534072597e+04 2.631818985871356927e+04 2.631851852217370470e+04 2.631849911413149312e+04 2.631864913245219577e+04 2.631851489339298132e+04 1.169830804705905211e+04 2.631856416409144003e+04 2.631837588987543131e+04
2.162730861109144698e+00 2.030469216147449796e+00 2.157210657097869522e+00 3.156485335230598575e+05 2.037345136159269376e+00 1.926421714137074526e+00 1.111296225351507164e+05 2.140885176133743517e+00 1.445017763496502017e+00 2.154898176940615251e+00 2.096620915202338509e+00 2.052802580483610750e+00 1.799110264311878709e+05 2.960824431023409124e+04 2.631863066461115886e+04 1.146172679962636831e+00 1.740394137122704077e+00 2.006968672030565060e+00 2.557809089771835520e+00 2.161610975502222143e+00 2.247261520355788189e+00 2.127442580296054597e+00 1.462253134640699864e+04 2.496953507323423249e+00 2.159286754407276909e+00
1.657985673768510804e+00 1.382372579833038850e+00 1.690247896809893069e+00 3.156479334976293030e+05 1.793527359638994234e+00 1.192156730920405971e+00 1.111288669346651732e+05 1.552694303272931009e+00 9.120246019259742321e-01 1.573044030225589696e+00 1.460921939995261987e+00 1.749502596300984036e+00 1.799103861822435865e+05 2.960740581298234974e+04 2.631776547534072597e+04 1.740394137122704299e+00 6.955254352638388093e-01 1.502252701025130088e+00 1.890430318772796880e+00 1.750395373344799221e+00 1.788719414848072065e+00 1.792351406492589838e+00 1.462171026456411892e+04 1.890452312068523710e+00 1.646047350734991088e+00
2.038600618507170559e+00 1.750880098420226627e+00 1.992363494797285028e+00 3.156480801088878070e+05 2.123612189624617841e+00 1.688560261188658096e+00 1.111291938558015972e+05 1.719159633464170334e+00 1.287888921779780649e+00 1.891894884875251481e+00 1.692873654139191109e+00 2.077270122488805271e+00 1.799105121498576773e+05 2.960777357444196969e+04 2.631818985871356927e+04 2.006968672030565060e+00 1.502252701025130088e+00 9.098615929083414544e-01 2.259679740184133312e+00 2.086381814984851868e+00 2.190671747164670169e+00 2.085525586038083024e+00 1.462222251652850900e+04 2.203934985613887232e+00 1.890268961219147892e+00
2.441793611526805741e+00 2.151575404062129770e+00 2.433743126335457418e+00 3.156484561582808965e+05 2.539384698404997920e+00 2.026616101802741987e+00 1.111295529541628348e+05 2.248525592495664860e+00 1.631521837184169765e+00 2.395666846926415960e+00 2.176912640558423373e+00 2.575818470933262105e+00 1.799109486120655783e+05 2.960815630822346066e+04 2.631851852217370470e+04 2.557809089771835520e+00 1.890430318772796880e+00 2.259679740184133312e+00 1.111306967458463468e+00 2.512537174032946297e+00 2.368139882592762646e+00 2.526671015158160394e+00 1.462232072403527673e+04 2.079698000612351994e+00 2.388676767838817216e+00
2.029551210736256994e+00 1.944289291678288789e+00 2.105408679114905812e+00 3.156483506993246265e+05 2.262429710160774654e+00 1.840677960222544263e+00 1.111294982065918302e+05 2.108093477174879826e+00 1.420146415082375935e+00 2.062816841917719302e+00 1.989796496443614338e+00 2.002878932718895832e+00 1.799108697917493118e+05 2.960810312992103354e+04 2.631849911413149312e+04 2.161610975502222143e+00 1.750395373344799221e+00 2.086381814984851868e+00 2.512537174032946297e+00 1.134100761977254512e+00 2.363291746408310967e+00 2.016869064275641943e+00 1.462247598295042917e+04 2.481899010079368750e+00 2.062542939581697876e+00
2.282445166842352879e+00 2.120976702343491116e+00 2.299060918073871473e+00 3.156485592589303851e+05 2.327219310081930281e+00 1.973677836451777523e+00 1.111296840860434313e+05 2.249251396733860542e+00 1.513632658119904217e+00 2.308440564349250934e+00 2.140650544995577498e+00 2.361912583885974914e+00 1.799110654383938527e+05 2.960830592651033658e+04 2.631864913245219577e+04 2.247261520355788189e+00 1.788719414848072065e+00 2.190671747164670169e+00 2.368139882592762646e+00 2.363291746408310967e+00 1.120595283206704762e+00 2.365517017148955237e+00 1.462248510059577166e+04 2.265544052015325605e+00 2.293505511778523687e+00
2.170776120568621348e+00 1.995747945975972604e+00 2.092860886159249922e+00 3.156483302702274523e+05 2.282278400249974748e+00 1.896377732509950231e+00 1.111294499225488689e+05 2.133214336202648109e+00 1.452231982503799701e+00 2.100738457495157530e+00 2.036816842536289585e+00 2.013535547904981904e+00 1.799108491694605036e+05 2.960807807377845529e+04 2.631851489339298132e+04 2.127442580296054597e+00 1.792351406492589838e+00 2.085525586038083024e+00 2.526671015158160394e+00 2.016869064275641499e+00 2.365517017148955237e+00 1.110934367611511098e+00 1.462253964038732374e+04 2.526900493011319249e+00 2.156961148340878598e+00
1.462238981996030998e+04 1.462202252130380839e+04 1.462240719556779732e+04 3.010288371052947477e+05 1.462244842958601839e+04 1.462197844600940880e+04 9.650967162734738667e+04 1.462224672465872573e+04 1.462157213408314783e+04 1.462223882521205087e+04 1.462213475549587929e+04 1.462254288706328407e+04 1.652912738221774052e+05 1.498813196373616665e+04 1.169830804705905393e+04 1.462253134640700227e+04 1.462171026456412073e+04 1.462222251652851082e+04 1.462232072403527854e+04 1.462247598295043099e+04 1.462248510059577529e+04 1.462253964038732556e+04 1.299665686538142654e+04 1.462244525722321123e+04 1.462228650926241426e+04
2.448026404315387872e+00 2.107882070255850504e+00 2.489660382035602471e+00 3.156484300730501418e+05 2.527256710652780125e+00 1.937321201072740529e+00 1.111295580466623942e+05 2.257365956301092602e+00 1.627069502675974055e+00 2.390697761384916298e+00 2.106497980942428683e+00 2.570678068349542489e+00 1.799109514875694003e+05 2.960811173940767912e+04 2.631856416409144003e+04 2.496953507323423249e+00 1.890452312068523710e+00 2.203934985613886788e+00 2.079698000612352438e+00 2.481899010079368750e+00 2.265544052015326049e+00 2.526900493011319249e+00 1.462244525722320941e+04 1.103582473043130285e+00 2.391410114411765431e+00
1.945498093839375331e+00 1.814096851743665306e+00 1.881047645385492295e+00 3.156482828789912746e+05 2.230292757266638670e+00 1.740320729528806343e+00 1.111294123334287433e+05 1.858413894279476120e+00 1.378890202227812445e+00 1.809859687457129329e+00 1.865598199372121568e+00 2.166147551472999311e+00 1.799106534443771234e+05 2.960803349407074347e+04 2.631837588987543131e+04 2.159286754407277353e+00 1.646047350734991088e+00 1.890268961219147892e+00 2.388676767838817216e+00 2.062542939581697876e+00 2.293505511778524131e+00 2.156961148340878154e+00 1.462228650926241426e+04 2.391410114411765875e+00 9.651139008181428558e-01
