8.515980275055317072e-01 1.794892247569206229e+05 1.298563072622051173e+00 5.128428459418218699e+04 1.677170905970805759e+00 5.016934063322768634e+04 1.541427046412939150e+00 2.820532203401976731e+05 7.692550934380841500e+04 1.659464093073397262e+00 5.983141771290951147e+04 1.956870765198553741e+00 5.169700098552565323e+05 1.821748844616612351e+00 2.564311118500045268e+04 3.675971405420437222e+05 1.874267689108633395e+00 6.961271723844415974e+05 1.234384711812777241e+05 1.886667594330073472e+00 1.770855165372756890e+00 2.123904417866281001e+05 5.128422591954629752e+04 2.564309021864825627e+04 2.564312115983918920e+04
1.794892247569206229e+05 1.935513186562474220e+04 1.794890023064734414e+05 1.794896527613872313e+05 1.794891227654301911e+05 1.794896725644442195e+05 1.794890595503008808e+05 2.544615239802159485e+05 1.282074420646802755e+05 1.794894062777676445e+05 1.709425775875629915e+05 1.794895760291443730e+05 5.169703152758686338e+05 1.794895057727817330e+05 1.794896608135694696e+05 3.675975813446338288e+05 1.794895467558339296e+05 6.961274347155395662e+05 1.015382012638235901e+05 1.794894654558359762e+05 1.794894250599424704e+05 1.473209735978459066e+05 1.794896418856732780e+05 1.538483652958232269e+05 1.538484614165516978e+05
1.298563072622051173e+00 1.794890023064734414e+05 5.244183394656459773e-01 5.128378841558101703e+04 1.246601359863068970e+00 5.016879399958402792e+04 1.096832904673110898e+00 2.820529776069832151e+05 7.692500502520293230e+04 1.377048564717839430e+00 5.983091392433882720e+04 1.499792421274934950e+00 5.169699410758238519e+05 1.388029623009409574e+00 2.564251768307235398e+04 3.675970350622907281e+05 1.380376103189829173e+00 6.961272237089123810e+05 1.234381357399532135e+05 1.374482651811676392e+00 1.434554706440211325e+00 2.123902474134539661e+05 5.128369740658052615e+04 2.564255187380925054e+04 2.564255257857726974e+04
5.128428459418218699e+04 1.794896527613872313e+05 5.128378841558101703e+04 1.259968817658647211e+00 5.128417073382210219e+04 1.117003433944223843e+03 5.128403011637400050e+04 2.820535844709360972e+05 7.692574611192716111e+04 5.128428991073057841e+04 2.638668449956136101e+04 5.128446376337837864e+04 5.169702977269761031e+05 5.128440917112457100e+04 2.564326049044020328e+04 3.675975250764585799e+05 5.128438975150480110e+04 6.961274519364029402e+05 1.234387981271429016e+05 5.128442926829630596e+04 5.128432097508985316e+04 2.123909068376419018e+05 2.156186015629032671e+00 5.128450596182267327e+04 5.128442423990518000e+04
1.677170905970805759e+00 1.794891227654301911e+05 1.246601359863068970e+00 5.128417073382210219e+04 8.630788832791709275e-01 5.016927826516283676e+04 1.448490275630436530e+00 2.820530501140936976e+05 7.692527568705115118e+04 1.729439695097506169e+00 5.983120666131090547e+04 1.932642949243586816e+00 5.169699478600844159e+05 1.888142145534041028e+00 2.564295631211381260e+04 3.675971047812177567e+05 1.886822056944786219e+00 6.961271533160057152e+05 1.234383814495866827e+05 1.877799045972509795e+00 1.750040277801848454e+00 2.123903042784328863e+05 5.128417374227630353e+04 2.564308357257201715e+04 2.564304743727104869e+04
5.016934063322768634e+04 1.794896725644442195e+05 5.016879399958402792e+04 1.117003433944223843e+03 5.016927826516283676e+04 2.133884937089238520e+03 5.016920976027891447e+04 2.820535904922050540e+05 7.692585056555387564e+04 5.016933379406209133e+04 2.672609271941805491e+04 5.016948197506586439e+04 5.169702230618333560e+05 5.016943530195568746e+04 2.452810391630306185e+04 3.675973985236349399e+05 5.016941951596548461e+04 6.961273596102074953e+05 1.234388713017353148e+05 5.016943228477580124e+04 5.016942216361007740e+04 2.123909129121420265e+05 1.117034814008730564e+03 5.016951804356676439e+04 5.016949689802840294e+04
1.541427046412939150e+00 1.794890595503008808e+05 1.096832904673111120e+00 5.128403011637399322e+04 1.448490275630436530e+00 5.016920976027891447e+04 8.264784783092866682e-01 2.820531132058749790e+05 7.692512321273892303e+04 1.598791384702387353e+00 5.983101371992132772e+04 1.847839411261230413e+00 5.169699922263780027e+05 1.812527993250470537e+00 2.564292945204320131e+04 3.675970671997509198e+05 1.729367436366272104e+00 6.961272517802221701e+05 1.234382469316321367e+05 1.744716656442596658e+00 1.631117667645384017e+00 2.123903041896740906e+05 5.128405804468167480e+04 2.564287883238341237e+04 2.564286452002259830e+04
2.820532203401976731e+05 2.544615239802159485e+05 2.820529776069832151e+05 2.820535844709360972e+05 2.820530501140938140e+05 2.820535904922051122e+05 2.820531132058749790e+05 7.222553402354072023e+04 2.820535289117378998e+05 2.820532905936717871e+05 2.820536168646023725e+05 2.820535001415762235e+05 4.518481388140984345e+05 2.820534596541647916e+05 2.820535133628532640e+05 2.482743168810717179e+05 2.820533768081495655e+05 6.183706227908290457e+05 2.804509739266922115e+05 2.820534422839740873e+05 2.820532653278999496e+05 2.233096278886583168e+05 2.820535822503775707e+05 2.820534529142944957e+05 2.820534204177074134e+05
7.692550934380841500e+04 1.282074420646802755e+05 7.692500502520291775e+04 7.692574611192716111e+04 7.692527568705115118e+04 7.692585056555387564e+04 7.692512321273892303e+04 2.820535289117378416e+05 1.307672215564930740e+00 7.692559222249475715e+04 6.391919733476034162e+04 7.692573695686685096e+04 5.169703483701498481e+05 7.692571403280469531e+04 7.692576525233383290e+04 3.675976074496110668e+05 7.692567405191311263e+04 6.961274770270301960e+05 4.651537020685154130e+04 7.692559924866749498e+04 7.692555599406239344e+04 1.910233448184982990e+05 7.692570803552662255e+04 5.128447988781373715e+04 5.128450698843129794e+04
1.659464093073397262e+00 1.794894062777676445e+05 1.377048564717839874e+00 5.128428991073057841e+04 1.729439695097506391e+00 5.016933379406209133e+04 1.598791384702386909e+00 2.820532905936717871e+05 7.692559222249477170e+04 1.025474114054889085e+00 5.983148774612016132e+04 1.909255453831160576e+00 5.169700395481397863e+05 1.878774329058371828e+00 2.564307691067693668e+04 3.675971981483966811e+05 1.854848860130589916e+00 6.961272611607612344e+05 1.234386048499042081e+05 1.941443303728164871e+00 1.755219610825156540e+00 2.123905906931241043e+05 5.128431822536962136e+04 2.564321249536391042e+04 2.564319371725197561e+04
5.983141771290951147e+04 1.709425775875629624e+05 5.983091392433882720e+04 2.638668449956136101e+04 5.983120666131090547e+04 2.672609271941805491e+04 5.983101371992132772e+04 2.820536168646023725e+05 6.391919733476034162e+04 5.983148774612016132e+04 2.690792429692689620e+04 5.983165232086073229e+04 5.169702642928595305e+05 5.983162511202041787e+04 3.419053078656883736e+04 3.675975190397434635e+05 5.983154715805066371e+04 6.827494766584604513e+05 1.104323216148511419e+05 5.983157753305369260e+04 5.983145436236783280e+04 1.965436347853086481e+05 2.638673042923405956e+04 5.983155743324517243e+04 5.983152903680503368e+04
1.956870765198553741e+00 1.794895760291443730e+05 1.499792421274934950e+00 5.128446376337837864e+04 1.932642949243586816e+00 5.016948197506586439e+04 1.847839411261230413e+00 2.820535001415762235e+05 7.692573695686685096e+04 1.909255453831160798e+00 5.983165232086073229e+04 9.753300790548000698e-01 5.169701129782710341e+05 1.972084954641657006e+00 2.564317344684234558e+04 3.675973891218108474e+05 2.093150931654280900e+00 6.961272862569231074e+05 1.234387855936137930e+05 1.934498752273021926e+00 2.014272371842374731e+00 2.123907953017891268e+05 5.128446139357545326e+04 2.564318231835732149e+04 2.564326406834013324e+04
5.169700098552565323e+05 5.169703152758685173e+05 5.169699410758239101e+05 5.169702977269760449e+05 5.169699478600844159e+05 5.169702230618333560e+05 5.169699922263779445e+05 4.518481388140984927e+05 5.169703483701498481e+05 5.169700395481397281e+05 5.169702642928595305e+05 5.169701129782710341e+05 2.137343147224098502e+05 5.169701234628958046e+05 5.169701304290308617e+05 3.400441395314828842e+05 5.169701443766916636e+05 4.524276797942378907e+05 5.169702942263250588e+05 5.169701533945832634e+05 5.169701180693931528e+05 4.780891102815395570e+05 5.169702163616428152e+05 5.169701570918045472e+05 5.169701682090652757e+05
1.821748844616612573e+00 1.794895057727817330e+05 1.388029623009409574e+00 5.128440917112457100e+04 1.888142145534041250e+00 5.016943530195568746e+04 1.812527993250470537e+00 2.820534596541648498e+05 7.692571403280470986e+04 1.878774329058371828e+00 5.983162511202041787e+04 1.972084954641657006e+00 5.169701234628958046e+05 9.129428152843099831e-01 2.564314112948907859e+04 3.675973294410008821e+05 1.852712378007391969e+00 6.961273295398136834e+05 1.234387592994521692e+05 1.817507658964198747e+00 2.044884297645713112e+00 2.123907331601256446e+05 5.128438040489811829e+04 2.564316506103859865e+04 2.564317743027326651e+04
2.564311118500045268e+04 1.794896608135694696e+05 2.564251768307235398e+04 2.564326049044020328e+04 2.564295631211381260e+04 2.452810391630306185e+04 2.564292945204320131e+04 2.820535133628532058e+05 7.692576525233384746e+04 2.564307691067693668e+04 3.419053078656883736e+04 2.564317344684234558e+04 5.169701304290308617e+05 2.564314112948907859e+04 8.808599772656053872e-01 3.675974128283380996e+05 2.564313075662358096e+04 6.961273705877476605e+05 1.234388008066464536e+05 2.564314623714493064e+04 2.564315112928732196e+04 2.123908540617095132e+05 2.564322104937232871e+04 2.564318226067665455e+04 2.564311459407569782e+04
3.675971405420437222e+05 3.675975813446338288e+05 3.675970350622907281e+05 3.675975250764586381e+05 3.675971047812177567e+05 3.675973985236349399e+05 3.675970671997509780e+05 2.482743168810717179e+05 3.675976074496110668e+05 3.675971981483966811e+05 3.675975190397435217e+05 3.675973891218108474e+05 3.400441395314828842e+05 3.675973294410008239e+05 3.675974128283380996e+05 1.394183447852494719e+05 3.675972903389892308e+05 6.019887469565881183e+05 3.675976042979965569e+05 3.675973550984947942e+05 3.675971856736297486e+05 3.262444849473230424e+05 3.675974315485674888e+05 3.675974175641551265e+05 3.675973536461222684e+05
1.874267689108633617e+00 1.794895467558339296e+05 1.380376103189829173e+00 5.128438975150480110e+04 1.886822056944786219e+00 5.016941951596548461e+04 1.729367436366272104e+00 2.820533768081495655e+05 7.692567405191311263e+04 1.854848860130590138e+00 5.983154715805066371e+04 2.093150931654280900e+00 5.169701443766916636e+05 1.852712378007391969e+00 2.564313075662358096e+04 3.675972903389892308e+05 8.551480414365311145e-01 6.961272284015374025e+05 1.234387379763906065e+05 1.899601633712042936e+00 1.889315614179633451e+00 2.123907449513303873e+05 5.128432608421065379e+04 2.564324728834626512e+04 2.564318585069263281e+04
6.961271723844415974e+05 6.961274347155395662e+05 6.961272237089123810e+05 6.961274519364028238e+05 6.961271533160057152e+05 6.961273596102074953e+05 6.961272517802221701e+05 6.183706227908290457e+05 6.961274770270301960e+05 6.961272611607612344e+05 6.827494766584604513e+05 6.961272862569231074e+05 4.524276797942378907e+05 6.961273295398136834e+05 6.961273705877476605e+05 6.019887469565880019e+05 6.961272284015374025e+05 1.822208214656600903e+05 6.961274711773479357e+05 6.961273552430752898e+05 6.961272476291666972e+05 6.424394554677719716e+05 6.961273435737629188e+05 6.961273762837835820e+05 6.961273203208463965e+05
1.234384711812777241e+05 1.015382012638235901e+05 1.234381357399532135e+05 1.234387981271429016e+05 1.234383814495866827e+05 1.234388713017353148e+05 1.234382469316321512e+05 2.804509739266922115e+05 4.651537020685154130e+04 1.234386048499042081e+05 1.104323216148511419e+05 1.234387855936138076e+05 5.169702942263249424e+05 1.234387592994521692e+05 1.234388008066464536e+05 3.675976042979965569e+05 1.234387379763906065e+05 6.961274711773479357e+05 3.275010659038145968e+04 1.234386445077003445e+05 1.234386160622713505e+05 1.831218291948374826e+05 1.234388142039621744e+05 9.779751298285045777e+04 9.779758819918509107e+04
1.886667594330073472e+00 1.794894654558359762e+05 1.374482651811676392e+00 5.128442926829630596e+04 1.877799045972509795e+00 5.016943228477579396e+04 1.744716656442597325e+00 2.820534422839740291e+05 7.692559924866750953e+04 1.941443303728164871e+00 5.983157753305369260e+04 1.934498752273021926e+00 5.169701533945830888e+05 1.817507658964198747e+00 2.564314623714493064e+04 3.675973550984947942e+05 1.899601633712042936e+00 6.961273552430752898e+05 1.234386445077003300e+05 9.541902040345819902e-01 1.972932091752358064e+00 2.123907266318394104e+05 5.128441166220470768e+04 2.564319198542353115e+04 2.564318567501029975e+04
1.770855165372756890e+00 1.794894250599424704e+05 1.434554706440211325e+00 5.128432097508985316e+04 1.750040277801848454e+00 5.016942216361007740e+04 1.631117667645384017e+00 2.820532653278999496e+05 7.692555599406239344e+04 1.755219610825156540e+00 5.983145436236783280e+04 2.014272371842374731e+00 5.169701180693931528e+05 2.044884297645713112e+00 2.564315112928732196e+04 3.675971856736297486e+05 1.889315614179633451e+00 6.961272476291666972e+05 1.234386160622713505e+05 1.972932091752358286e+00 9.267377297797141367e-01 2.123906613759686588e+05 5.128432386023310391e+04 2.564327405489494413e+04 2.564317627538317174e+04
2.123904417866281001e+05 1.473209735978459066e+05 2.123902474134539953e+05 2.123909068376418436e+05 2.123903042784329155e+05 2.123909129121420556e+05 2.123903041896740906e+05 2.233096278886582877e+05 1.910233448184982990e+05 2.123905906931241043e+05 1.965436347853086481e+05 2.123907953017890686e+05 4.780891102815395570e+05 2.123907331601256737e+05 2.123908540617095423e+05 3.262444849473230424e+05 2.123907449513304164e+05 6.424394554677720880e+05 1.831218291948374826e+05 2.123907266318394395e+05 2.123906613759686879e+05 9.137180412964928837e+04 2.123908670211826102e+05 2.123906927604643861e+05 2.123907705479269207e+05
5.128422591954629752e+04 1.794896418856732780e+05 5.128369740658052615e+04 2.156186015629032671e+00 5.128417374227628898e+04 1.117034814008730564e+03 5.128405804468167480e+04 2.820535822503775707e+05 7.692570803552662255e+04 5.128431822536962136e+04 2.638673042923405956e+04 5.128446139357544598e+04 5.169702163616428152e+05 5.128438040489811829e+04 2.564322104937232507e+04 3.675974315485674888e+05 5.128432608421064651e+04 6.961273435737629188e+05 1.234388142039621744e+05 5.128441166220470768e+04 5.128432386023310391e+04 2.123908670211825811e+05 1.108350136365260807e+00 5.128443146492902451e+04 5.128446425231576723e+04
2.564309021864825627e+04 1.538483652958232269e+05 2.564255187380925054e+04 5.128450596182267327e+04 2.564308357257201715e+04 5.016951804356676439e+04 2.564287883238341237e+04 2.820534529142944957e+05 5.128447988781374443e+04 2.564321249536391042e+04 5.983155743324517243e+04 2.564318231835732149e+04 5.169701570918046054e+05 2.564316506103859865e+04 2.564318226067665455e+04 3.675974175641550682e+05 2.564324728834626512e+04 6.961273762837835820e+05 9.779751298285045777e+04 2.564319198542353115e+04 2.564327405489494413e+04 2.123906927604643570e+05 5.128443146492902451e+04 9.300107319508844617e-01 1.896003224184148905e+00
2.564312115983918920e+04 1.538484614165516978e+05 2.564255257857726974e+04 5.128442423990518000e+04 2.564304743727104869e+04 5.016949689802840294e+04 2.564286452002259830e+04 2.820534204177074134e+05 5.128450698843129794e+04 2.564319371725197561e+04 5.983152903680503368e+04 2.564326406834013324e+04 5.169701682090652175e+05 2.564317743027326651e+04 2.564311459407569782e+04 3.675973536461222684e+05 2.564318585069263281e+04 6.961273203208463965e+05 9.779758819918509107e+04 2.564318567501029975e+04 2.564317627538317174e+04 2.123907705479268916e+05 5.128446425231576723e+04 1.896003224184148905e+00 1.034489646901523452e+00
