8.199870837914607913e-01 1.133565639834920313e+00 1.387577835979454976e+05 2.631751387841276664e+04 2.631760827364414945e+04 2.631749483666506057e+04 2.631764290854647334e+04 1.635971020732917225e+00 2.631765515613468961e+04 3.566187121067316039e+05 1.652122531571112773e+00 8.913398091932862008e+04 1.369888038952969511e+00 1.679366474698759770e+00 2.631789367139784736e+04 2.052015240650898195e+05 2.631781607109757169e+04 2.631776270666331402e+04 1.754546319268692605e+04 1.560376817998688326e+00 1.212663738088567866e+00 2.631769495261612246e+04 2.631779695261830784e+04 2.631782301913306947e+04 2.631788473512929704e+04
1.133565639834920091e+00 5.112165498653078455e-01 1.387578031452181749e+05 2.631721404888726829e+04 2.631722309988163397e+04 2.631717154405362817e+04 2.631724356623024141e+04 1.251976247688190158e+00 2.631729977242444875e+04 3.566186526333700167e+05 1.328285664133177946e+00 8.913383833465953649e+04 1.223354940105425781e+00 1.280629352973269075e+00 2.631771653682383112e+04 2.052014690094413818e+05 2.631738059654142853e+04 2.631737389051659920e+04 1.754515791979427377e+04 1.264815994709037605e+00 9.763070317233100148e-01 2.631727021622579559e+04 2.631740563247024693e+04 2.631746518716675564e+04 2.631758835094805909e+04
1.387577835979455267e+05 1.387578031452182040e+05 5.528694842520613020e+04 1.387583280366410618e+05 1.387583464708684187e+05 1.387582221256265475e+05 1.387584244889096299e+05 1.387581211105426482e+05 1.387584227796823834e+05 2.968105486252980772e+05 1.387581572428201616e+05 9.626292335856876161e+04 1.387579198134090693e+05 1.387581941959144606e+05 1.387585519595279766e+05 1.385886343765020429e+05 1.387586861562342674e+05 1.387586323077759589e+05 1.387581805660253158e+05 1.387580407864020090e+05 1.387578159562274232e+05 1.387584738102438860e+05 1.387586480515439471e+05 1.387586926463682903e+05 1.387586732042196963e+05
2.631751387841276664e+04 2.631721404888726829e+04 1.387583280366410618e+05 1.036920180707693984e+00 1.960300559060172532e+00 1.731180596794417825e+00 1.965618777953357377e+00 2.631770683191118223e+04 1.997298227589217046e+00 3.566190035874533933e+05 2.631774505220768697e+04 8.913446837211656384e+04 2.631761625570459728e+04 2.631777085438625363e+04 2.631837770947665558e+04 2.052019028613321425e+05 2.631813747561080163e+04 2.631805068589598523e+04 8.773834345894061698e+03 2.631776424934843817e+04 2.631744596648349761e+04 2.039397689941917502e+00 2.631805431924003642e+04 2.631819733053661912e+04 2.631830051483935677e+04
2.631760827364414945e+04 2.631722309988163397e+04 1.387583464708683896e+05 1.960300559060172532e+00 1.054111396263398559e+00 1.902391306470357923e+00 1.840497841310376748e+00 2.631776450643605131e+04 1.946139376104729424e+00 3.566190308997802786e+05 2.631780970364348832e+04 8.913448344009269204e+04 2.631771828228863887e+04 2.631784967814781703e+04 2.631842245207653468e+04 2.052019716081887309e+05 2.631813261873604279e+04 2.631806919234021552e+04 8.773933078585270778e+03 2.631778095788398423e+04 2.631753605411828903e+04 2.027524489112699335e+00 2.631812482357102635e+04 2.631825366740617028e+04 2.631837377916616970e+04
2.631749483666506057e+04 2.631717154405362817e+04 1.387582221256265184e+05 1.731180596794417825e+00 1.902391306470357923e+00 1.044450678581160030e+00 1.926766206358099920e+00 2.631767464127339554e+04 2.081548115358692552e+00 3.566190093417618191e+05 2.631770228540048993e+04 8.913434187418890360e+04 2.631760325782918153e+04 2.631768161869619144e+04 2.631833499887262587e+04 2.052018909872864315e+05 2.631811930114063944e+04 2.631807845437587457e+04 8.773753784823802562e+03 2.631769252141282414e+04 2.631739602289748291e+04 1.899820856293743310e+00 2.631807679419379929e+04 2.631816608441814242e+04 2.631827287596021415e+04
2.631764290854647334e+04 2.631724356623024141e+04 1.387584244889096008e+05 1.965618777953357377e+00 1.840497841310376748e+00 1.926766206358099920e+00 1.007441796654073629e+00 2.631785722265729419e+04 1.967901180447539256e+00 3.566191067347567878e+05 2.631790642142874640e+04 8.913450228766673536e+04 2.631770204173053571e+04 2.631785923951266886e+04 2.631843768411464043e+04 2.052020297606718668e+05 2.631821246964662350e+04 2.631803722702935920e+04 8.773924004790405888e+03 2.631783180918229118e+04 2.631757094592016801e+04 1.912564504911958618e+00 2.631819907040471298e+04 2.631830396654851211e+04 2.631835680086859065e+04
1.635971020732917225e+00 1.251976247688190602e+00 1.387581211105426191e+05 2.631770683191118223e+04 2.631776450643605131e+04 2.631767464127339554e+04 2.631785722265729419e+04 8.430705232902495627e-01 2.631791231260429413e+04 3.566189193591385847e+05 1.734399545917774788e+00 8.913425310698567773e+04 1.667048722883337941e+00 1.704811590399437637e+00 2.631826482817116630e+04 2.052018091996098810e+05 2.631802869343666680e+04 2.631796177776220429e+04 1.754561602412788125e+04 1.650662022411081953e+00 1.485310682861257225e+00 2.631789646257384084e+04 2.631794744742685361e+04 2.631804083774314495e+04 2.631810333343953607e+04
2.631765515613468961e+04 2.631729977242444875e+04 1.387584227796823543e+05 1.997298227589216379e+00 1.946139376104728980e+00 2.081548115358692552e+00 1.967901180447539256e+00 2.631791231260429413e+04 1.012422036273272097e+00 3.566191372755285120e+05 2.631793737581067398e+04 8.913454104981839191e+04 2.631773517039812941e+04 2.631796499925158787e+04 2.631852018165071058e+04 2.052020690966466209e+05 2.631820947754082226e+04 2.631804353638540124e+04 8.773965924890297174e+03 2.631788688397132864e+04 2.631760338977991341e+04 1.988151447712949160e+00 2.631808321151528071e+04 2.631829108528632787e+04 2.631840852276656005e+04
3.566187121067316039e+05 3.566186526333700167e+05 2.968105486252980190e+05 3.566190035874533933e+05 3.566190308997802786e+05 3.566190093417618191e+05 3.566191067347567878e+05 3.566189193591385265e+05 3.566191372755285120e+05 1.467696206554508244e+05 3.566188807133457158e+05 3.255801078912690282e+05 3.566188498170261737e+05 3.566189270188729861e+05 3.566193625161791570e+05 2.402471404196734948e+05 3.566193157065021805e+05 3.566192551005909336e+05 3.566189830070756143e+05 3.566189227462037234e+05 3.566186689420785406e+05 3.566191459740556311e+05 3.566192853210003232e+05 3.566193271139234421e+05 3.566193355625362019e+05
1.652122531571112996e+00 1.328285664133177946e+00 1.387581572428201325e+05 2.631774505220768697e+04 2.631780970364348832e+04 2.631770228540048993e+04 2.631790642142874640e+04 1.734399545917774788e+00 2.631793737581067398e+04 3.566188807133457158e+05 8.905964958477003979e-01 8.913423966084988206e+04 1.634233715061366610e+00 1.827469049989082217e+00 2.631824306811156930e+04 2.052018034903068037e+05 2.631800860609101073e+04 2.631797754126587097e+04 1.754569510693909979e+04 1.676568808183978687e+00 1.411582034950719100e+00 2.631794400151270384e+04 2.631795296390293515e+04 2.631803106201437913e+04 2.631811623209494064e+04
8.913398091932862008e+04 8.913383833465953649e+04 9.626292335856871796e+04 8.913446837211659295e+04 8.913448344009266293e+04 8.913434187418890360e+04 8.913450228766672080e+04 8.913425310698567773e+04 8.913454104981839191e+04 3.255801078912690282e+05 8.913423966084988206e+04 4.845681168533593882e+04 8.913405715936022170e+04 8.913427594216952275e+04 7.159054825308038562e+04 1.741630073181185289e+05 8.913467913809453603e+04 8.913463625390523521e+04 8.913429939601494698e+04 8.913414992663005251e+04 8.913386573677843262e+04 8.913454306997914682e+04 8.913469794591142272e+04 7.743872374063835014e+04 7.159063686666269496e+04
1.369888038952969511e+00 1.223354940105426003e+00 1.387579198134090402e+05 2.631761625570459728e+04 2.631771828228863887e+04 2.631760325782918153e+04 2.631770204173053571e+04 1.667048722883338163e+00 2.631773517039812941e+04 3.566188498170261737e+05 1.634233715061366610e+00 8.913405715936022170e+04 8.710216651816254929e-01 1.728554075378256227e+00 2.631798556848292719e+04 2.052016482845252904e+05 2.631789092680566682e+04 2.631781604420315125e+04 1.754559094529827416e+04 1.580144017079938790e+00 1.311820883681550587e+00 2.631773520948653095e+04 2.631784054315902540e+04 2.631788159707073646e+04 2.631800280134144850e+04
1.679366474698759548e+00 1.280629352973269075e+00 1.387581941959144315e+05 2.631777085438625363e+04 2.631784967814781703e+04 2.631768161869619144e+04 2.631785923951266886e+04 1.704811590399437637e+00 2.631796499925158787e+04 3.566189270188729861e+05 1.827469049989082439e+00 8.913427594216952275e+04 1.728554075378256227e+00 9.469686932216482278e-01 2.631822444195873686e+04 2.052017240949972766e+05 2.631800749987325253e+04 2.631804945569437768e+04 1.754554856878662031e+04 1.766671576150067313e+00 1.546592251258342543e+00 2.631789662144500835e+04 2.631804793597219032e+04 2.631798015118656986e+04 2.631810948467208436e+04
2.631789367139784736e+04 2.631771653682383112e+04 1.387585519595279475e+05 2.631837770947665558e+04 2.631842245207653468e+04 2.631833499887262587e+04 2.631843768411464043e+04 2.631826482817116630e+04 2.631852018165071058e+04 3.566193625161790987e+05 2.631824306811156930e+04 7.159054825308038562e+04 2.631798556848292719e+04 2.631822444195873686e+04 1.441392454491817299e+00 2.052022052732724405e+05 2.631842855117083309e+04 2.631854847883542607e+04 2.631826272543055529e+04 2.631806676241149034e+04 2.631777029902967115e+04 2.631848601218255499e+04 2.631858816954332360e+04 8.774510251869587592e+03 2.199957221009912978e+00
2.052015240650898486e+05 2.052014690094414109e+05 1.385886343765020429e+05 2.052019028613321716e+05 2.052019716081887309e+05 2.052018909872864606e+05 2.052020297606718959e+05 2.052018091996099392e+05 2.052020690966466500e+05 2.402471404196735239e+05 2.052018034903068037e+05 1.741630073181185580e+05 2.052016482845252904e+05 2.052017240949972766e+05 2.052022052732724987e+05 1.018334494715251494e+05 2.052022955102024716e+05 2.052022320327872585e+05 2.052018170625961793e+05 2.052017540716596995e+05 2.052015303407680185e+05 2.052020631054654950e+05 2.052022419352169964e+05 2.052022875013128214e+05 2.052022808733891870e+05
2.631781607109757169e+04 2.631738059654142853e+04 1.387586861562342383e+05 2.631813747561080163e+04 2.631813261873604279e+04 2.631811930114063944e+04 2.631821246964662350e+04 2.631802869343666680e+04 2.631820947754082226e+04 3.566193157065021805e+05 2.631800860609101073e+04 8.913467913809453603e+04 2.631789092680566682e+04 2.631800749987325253e+04 2.631842855117083309e+04 2.052022955102024716e+05 1.166563190661467297e+00 2.245277306490557567e+00 2.631801263451591876e+04 2.631792190429608308e+04 2.631764501410846788e+04 2.631816827170408214e+04 2.232305596991940533e+00 1.754607757443007722e+04 2.631822357289905631e+04
2.631776270666331402e+04 2.631737389051659920e+04 1.387586323077759298e+05 2.631805068589598523e+04 2.631806919234021552e+04 2.631807845437587457e+04 2.631803722702935920e+04 2.631796177776220429e+04 2.631804353638540124e+04 3.566192551005909336e+05 2.631797754126587097e+04 8.913463625390523521e+04 2.631781604420315125e+04 2.631804945569437768e+04 2.631854847883542607e+04 2.052022320327872585e+05 2.245277306490557567e+00 1.119105092645473754e+00 2.631795474319322966e+04 2.631790662809775313e+04 2.631764356203583156e+04 2.631807630408097612e+04 2.071598143859517904e+00 1.754621273104070860e+04 2.631841982154060315e+04
1.754546319268692605e+04 1.754515791979427377e+04 1.387581805660252867e+05 8.773834345894063517e+03 8.773933078585270778e+03 8.773753784823802562e+03 8.773924004790405888e+03 1.754561602412788125e+04 8.773965924890298993e+03 3.566189830070756143e+05 1.754569510693909979e+04 8.913429939601496153e+04 1.754559094529827416e+04 1.754554856878662031e+04 2.631826272543055529e+04 2.052018170625961211e+05 2.631801263451591876e+04 2.631795474319322966e+04 1.169682024815693330e+04 1.754567341289288015e+04 1.754540423699600433e+04 8.773985660554770220e+03 2.631796973585288288e+04 2.631808338212017770e+04 2.631816523475580834e+04
1.560376817998688326e+00 1.264815994709037605e+00 1.387580407864019799e+05 2.631776424934843817e+04 2.631778095788398423e+04 2.631769252141282414e+04 2.631783180918229118e+04 1.650662022411081953e+00 2.631788688397132864e+04 3.566189227462037234e+05 1.676568808183978687e+00 8.913414992663005251e+04 1.580144017079938790e+00 1.766671576150067313e+00 2.631806676241149034e+04 2.052017540716596413e+05 2.631792190429608308e+04 2.631790662809775313e+04 1.754567341289288015e+04 9.430430284904751659e-01 1.439297789298321195e+00 2.631786517630146409e+04 2.631796402237375514e+04 2.631796022746904418e+04 2.631801832563144853e+04
1.212663738088567866e+00 9.763070317233100148e-01 1.387578159562273941e+05 2.631744596648349761e+04 2.631753605411828903e+04 2.631739602289748291e+04 2.631757094592016801e+04 1.485310682861257225e+00 2.631760338977991341e+04 3.566186689420785406e+05 1.411582034950719100e+00 8.913386573677846172e+04 1.311820883681550587e+00 1.546592251258342543e+00 2.631777029902967115e+04 2.052015303407679894e+05 2.631764501410846788e+04 2.631764356203583156e+04 1.754540423699600433e+04 1.439297789298321195e+00 7.033740453480140653e-01 2.631760254699330471e+04 2.631762352133823151e+04 2.631763922639609518e+04 2.631770688410859657e+04
2.631769495261612246e+04 2.631727021622579559e+04 1.387584738102438278e+05 2.039397689941917058e+00 2.027524489112699335e+00 1.899820856293743310e+00 1.912564504911958618e+00 2.631789646257384084e+04 1.988151447712948938e+00 3.566191459740556311e+05 2.631794400151270384e+04 8.913454306997914682e+04 2.631773520948653095e+04 2.631789662144500835e+04 2.631848601218255499e+04 2.052020631054654077e+05 2.631816827170408214e+04 2.631807630408097612e+04 8.773985660554770220e+03 2.631786517630146409e+04 2.631760254699330471e+04 9.504585391757458535e-01 2.631811989242575146e+04 2.631825386191810321e+04 2.631839781234616748e+04
2.631779695261830784e+04 2.631740563247024693e+04 1.387586480515439762e+05 2.631805431924003642e+04 2.631812482357102635e+04 2.631807679419379929e+04 2.631819907040471298e+04 2.631794744742685361e+04 2.631808321151528071e+04 3.566192853210003232e+05 2.631795296390293515e+04 8.913469794591145182e+04 2.631784054315902540e+04 2.631804793597219032e+04 2.631858816954332360e+04 2.052022419352169672e+05 2.232305596991940533e+00 2.071598143859517904e+00 2.631796973585288288e+04 2.631796402237375514e+04 2.631762352133823151e+04 2.631811989242575146e+04 1.123140154843740746e+00 1.754608510942041903e+04 2.631836338203681225e+04
2.631782301913306947e+04 2.631746518716675564e+04 1.387586926463682903e+05 2.631819733053661912e+04 2.631825366740617028e+04 2.631816608441814242e+04 2.631830396654851211e+04 2.631804083774314495e+04 2.631829108528632787e+04 3.566193271139234421e+05 2.631803106201437913e+04 7.743872374063835014e+04 2.631788159707073646e+04 2.631798015118656986e+04 8.774510251869587592e+03 2.052022875013128214e+05 1.754607757443008450e+04 1.754621273104071224e+04 2.631808338212017770e+04 2.631796022746904418e+04 2.631763922639609518e+04 2.631825386191810321e+04 1.754608510942042267e+04 1.169714846890101944e+04 8.774281875123746431e+03
2.631788473512929704e+04 2.631758835094805909e+04 1.387586732042196672e+05 2.631830051483935677e+04 2.631837377916616970e+04 2.631827287596021415e+04 2.631835680086859065e+04 2.631810333343953607e+04 2.631840852276656005e+04 3.566193355625362019e+05 2.631811623209494064e+04 7.159063686666268040e+04 2.631800280134144850e+04 2.631810948467208436e+04 2.199957221009912978e+00 2.052022808733891870e+05 2.631822357289905631e+04 2.631841982154060315e+04 2.631816523475580834e+04 2.631801832563144853e+04 2.631770688410859657e+04 2.631839781234616748e+04 2.631836338203681225e+04 8.774281875123748250e+03 1.302728705093343375e+00
