4.869328634480324399e+04 2.217073244892607036e+05 2.270755984159559302e+05 2.270759331325883395e+05 2.251074637521644472e+05 1.774977364318691543e+05 2.270757472419453552e+05 2.270755631325388676e+05 2.270758282422625052e+05 2.270757989302810456e+05 2.270756419919733598e+05 2.270759669197670009e+05 1.589475482880507188e+05 1.677676540935672820e+05 2.270758549516152125e+05 2.270754375408392225e+05 2.270758947882149951e+05 2.270755219520190149e+05 1.988078355650324665e+05 2.137885598943437799e+05 2.192019957782224810e+05 1.219203121870306641e+05 2.087033366700668703e+05 2.576835720209110586e+05 3.449066002220158116e+05
2.217073244892607036e+05 2.775472379922480286e+03 3.669533713091593381e+04 1.970060541947375168e+04 1.504172418298656885e+04 1.121472632857790304e+05 3.669540999308854225e+04 3.669527466095224372e+04 3.669545782657087693e+04 3.669549500562794128e+04 3.669541056452661724e+04 2.375955217989768789e+04 1.458237812050437788e+05 2.773066675757265184e+05 3.287255097136271797e+04 3.669493784058233723e+04 2.882139143078013512e+04 3.669520446358103072e+04 8.251919760819477960e+04 3.942338199529831763e+04 9.117671168114549801e+03 1.761527544603921415e+05 6.173811712191089464e+04 3.496794672609836562e+05 4.351418464142053272e+05
2.270755984159559302e+05 3.669533713091592654e+04 6.392219772556240187e-01 2.575635533065343043e+04 2.952932707504139034e+04 1.175155848428609170e+05 2.902411047162304385e+03 1.253676656432807013e+00 3.938620430291523917e+03 3.938608362876315368e+03 1.285998757873660470e+00 2.059767922330085275e+04 1.511921129747582600e+05 2.826749400380931329e+05 7.761522008847950929e+03 1.050487854118322462e+00 1.181269339308849158e+04 1.201409931293121236e+00 9.280275073670601705e+04 5.643173751759575680e+04 4.014453605066511227e+04 1.815210110024020541e+05 7.850532279122289037e+04 3.550477635104938527e+05 4.405102212306430447e+05
2.270759331325883395e+05 1.970060541947375168e+04 2.575635533065343043e+04 4.932922606140372409e+03 1.068470764768396657e+04 1.175158351240379998e+05 2.575644666719537054e+04 2.575627790292752616e+04 2.575646012816317307e+04 2.575647678841168454e+04 2.575641271733066242e+04 6.955468443034404117e+03 1.511923842706778087e+05 2.826752943390822620e+05 2.193350379401368264e+04 2.575591701618420848e+04 1.526493226436921032e+04 2.575619849598768269e+04 8.784826699526928132e+04 4.634172453692396812e+04 2.410216565447544417e+04 1.815212780398522445e+05 7.045862071194284363e+04 3.550480744709053542e+05 4.405104606324638007e+05
2.251074637521644472e+05 1.504172418298656885e+04 2.952932707504140126e+04 1.068470764768396657e+04 1.969291118455319065e+03 1.155473785332922998e+05 2.952944883626412047e+04 2.952928944387998854e+04 2.952950298891928105e+04 2.952945904205227998e+04 2.952936545492840742e+04 1.659354467294968708e+04 1.492238879445490311e+05 2.807067524736711639e+05 2.570652688116779609e+04 2.952893533382794340e+04 2.165538923217638512e+04 2.952921596697414861e+04 8.591930966084389365e+04 4.265241453081064537e+04 2.056309620894079853e+04 1.795528909354393254e+05 6.841697579359415977e+04 3.530795762498482945e+05 4.385419832729711197e+05
1.774977364318691543e+05 1.121472632857790304e+05 1.175155848428609170e+05 1.175158351240379998e+05 1.155473785332922998e+05 2.810811007137382330e+04 1.175157359349772305e+05 1.175154536864892143e+05 1.175157363376406283e+05 1.175157818589412345e+05 1.175156284364352614e+05 1.175158308222726191e+05 7.005193993506161496e+04 2.337733624278065108e+05 1.175158428542010515e+05 1.175152275954106735e+05 1.175158563528536033e+05 1.175153805263940158e+05 6.079774938150797243e+04 9.358906758813434863e+04 1.096418091657774930e+05 1.219157540142794169e+05 7.902594102487823693e+04 3.127066606097080512e+05 3.981690401785353897e+05
2.270757472419453552e+05 3.669540999308854953e+04 2.902411047162304385e+03 2.575644666719536690e+04 2.952944883626412047e+04 1.175157359349772305e+05 1.527520651897060816e+03 2.902447459323965631e+03 1.037458418968049727e+03 1.037537048080783052e+03 2.902363792938357619e+03 2.059769163618684979e+04 1.511922671062415466e+05 2.826750813034319435e+05 4.860539380039034768e+03 2.902184013791577854e+03 1.120200560184157621e+04 2.902377838922176124e+03 9.280287941580166807e+04 5.643189214867496048e+04 4.014466955249661260e+04 1.815211565786979045e+05 7.850543873257320956e+04 3.550478845391911454e+05 4.405102791548460373e+05
2.270755631325388676e+05 3.669527466095223645e+04 1.253676656432807013e+00 2.575627790292751888e+04 2.952928944387998854e+04 1.175154536864892143e+05 2.902447459323966086e+03 6.339187530309178253e-01 3.938565382083998429e+03 3.938614258985965080e+03 1.360832323875704297e+00 2.059756369353854461e+04 1.511919802579543320e+05 2.826749180206801975e+05 7.761512993969757190e+03 9.113939581060146455e-01 1.181268186955462443e+04 1.069768503571171259e+00 9.280260007393130218e+04 5.643170854518331907e+04 4.014446750440295000e+04 1.815209236656460271e+05 7.850519283179771446e+04 3.550477592572396388e+05 4.405101386876696488e+05
2.270758282422625052e+05 3.669545782657087693e+04 3.938620430291523917e+03 2.575646012816317307e+04 2.952950298891928105e+04 1.175157363376406283e+05 1.037458418968049727e+03 3.938565382083998429e+03 7.059438283456629382e-01 1.430312125500296849e+00 3.938589269855965995e+03 2.059770421435440585e+04 1.511923135017348104e+05 2.826751420064874692e+05 3.824485333217660809e+03 3.938261804400188794e+03 1.098390664666409430e+04 3.938501462456480567e+03 9.280289996843793779e+04 5.643198368768801447e+04 4.014471909429530206e+04 1.815212056211118179e+05 7.850550169352162629e+04 3.550479027247139602e+05 4.405103082690360607e+05
2.270757989302810456e+05 3.669549500562794856e+04 3.938608362876315368e+03 2.575647678841168090e+04 2.952945904205227998e+04 1.175157818589412345e+05 1.037537048080783279e+03 3.938614258985965080e+03 1.430312125500296849e+00 6.947933576607819850e-01 3.938626579224119723e+03 2.059776267659591031e+04 1.511922893863412610e+05 2.826751033724644221e+05 3.824490198467174650e+03 3.938296995528743992e+03 1.098389233343208980e+04 3.938553041079584546e+03 9.280290754809507052e+04 5.643197176185910212e+04 4.014469930965113599e+04 1.815212198381309572e+05 7.850552111730694014e+04 3.550479346584087471e+05 4.405103432572964812e+05
2.270756419919733598e+05 3.669541056452661724e+04 1.285998757873660470e+00 2.575641271733065878e+04 2.952936545492840742e+04 1.175156284364352614e+05 2.902363792938358529e+03 1.360832323875704297e+00 3.938589269855965995e+03 3.938626579224119723e+03 6.775796811323481217e-01 2.059773050482160033e+04 1.511921510157322627e+05 2.826749728343175957e+05 7.761570584907092780e+03 1.143649621991116527e+00 1.181276097142227081e+04 1.310575394030010887e+00 9.280280061463822494e+04 5.643178752891504701e+04 4.014457919608343946e+04 1.815210453477807168e+05 7.850540134350230801e+04 3.550478047309416579e+05 4.405102838434698642e+05
2.270759669197670009e+05 2.375955217989768789e+04 2.059767922330085275e+04 6.955468443034404117e+03 1.659354467294968708e+04 1.175158308222726191e+05 2.059769163618684979e+04 2.059756369353854461e+04 2.059770421435440949e+04 2.059776267659591031e+04 2.059773050482160397e+04 2.012337740331992791e+03 1.511923824669187306e+05 2.826752646236986038e+05 1.677479067647233023e+04 2.059724692438426791e+04 9.615331028509113821e+03 2.059749634393238011e+04 9.029824025227907987e+04 5.137013202995367465e+04 2.720878792295291350e+04 1.815213090295567526e+05 7.344361938327673124e+04 3.550480594946298515e+05 4.405103982743402012e+05
1.589475482880507188e+05 1.458237812050437788e+05 1.511921129747582600e+05 1.511923842706778378e+05 1.492238879445490311e+05 7.005193993506161496e+04 1.511922671062415466e+05 1.511919802579543029e+05 1.511923135017348104e+05 1.511922893863412610e+05 1.511921510157322627e+05 1.511923824669187306e+05 2.911555310473873760e+04 2.253388588089323312e+05 1.511923851231783920e+05 1.511917958224247850e+05 1.511923905699797906e+05 1.511919034169860242e+05 1.069032088450866140e+05 1.298650104406301543e+05 1.433184417748049018e+05 8.597871738641275442e+04 1.223806995672524063e+05 3.037030871682499419e+05 3.877593427910832688e+05
1.677676540935672820e+05 2.773066675757265184e+05 2.826749400380931329e+05 2.826752943390822620e+05 2.807067524736711639e+05 2.337733624278065108e+05 2.826750813034319435e+05 2.826749180206801975e+05 2.826751420064874692e+05 2.826751033724644221e+05 2.826749728343175957e+05 2.826752646236986038e+05 2.253388588089323312e+05 8.287559255884202139e+04 2.826751899227257236e+05 2.826748314807075076e+05 2.826751745116505772e+05 2.826748686237071524e+05 2.548239703337922401e+05 2.693879400575334439e+05 2.748013445998758543e+05 2.002555653489367105e+05 2.634004652160538826e+05 1.959371757441602240e+05 3.078664641950904625e+05
2.270758549516152125e+05 3.287255097136271797e+04 7.761522008847950929e+03 2.193350379401368264e+04 2.570652688116779609e+04 1.175158428542010515e+05 4.860539380039034768e+03 7.761512993969757190e+03 3.824485333217660354e+03 3.824490198467174650e+03 7.761570584907092780e+03 1.677479067647233023e+04 1.511923851231783920e+05 2.826751899227257236e+05 3.417656740569500926e+03 7.761173569995488833e+03 7.160784218074191813e+03 7.761452110787492529e+03 9.233408894389838679e+04 5.523370050120733504e+04 3.632178654837132490e+04 1.815212801050689304e+05 7.730730530279627419e+04 3.550479265385665349e+05 4.405103396639091079e+05
2.270754375408392225e+05 3.669493784058233723e+04 1.050487854118322462e+00 2.575591701618420848e+04 2.952893533382794340e+04 1.175152275954106735e+05 2.902184013791577854e+03 9.113939581060145345e-01 3.938261804400188794e+03 3.938296995528743992e+03 1.143649621991116305e+00 2.059724692438427155e+04 1.511917958224247850e+05 2.826748314807075076e+05 7.761173569995488833e+03 3.906446535181550272e-01 1.181233657662383666e+04 8.061659212508881511e-01 9.280232256333665282e+04 5.643139198358824797e+04 4.014410761519918742e+04 1.815207572957749944e+05 7.850491874597514106e+04 3.550476692044760566e+05 4.405101048613280873e+05
2.270758947882149951e+05 2.882139143078013876e+04 1.181269339308849158e+04 1.526493226436920850e+04 2.165538923217638512e+04 1.175158563528536033e+05 1.120200560184157439e+04 1.181268186955461897e+04 1.098390664666409430e+04 1.098389233343208980e+04 1.181276097142226899e+04 9.615331028509113821e+03 1.511923905699797906e+05 2.826751745116505772e+05 7.160784218074191813e+03 1.181233657662383666e+04 1.309427739238048844e+03 1.181260629858746506e+04 9.126238376647446421e+04 5.249493798880894610e+04 3.227066389342991897e+04 1.815213110340396233e+05 7.456854555433460337e+04 3.550479440693694050e+05 4.405104045307172928e+05
2.270755219520190149e+05 3.669520446358103072e+04 1.201409931293121236e+00 2.575619849598767905e+04 2.952921596697414861e+04 1.175153805263940158e+05 2.902377838922176124e+03 1.069768503571171259e+00 3.938501462456480567e+03 3.938553041079584546e+03 1.310575394030010887e+00 2.059749634393238011e+04 1.511919034169860533e+05 2.826748686237071524e+05 7.761452110787491620e+03 8.061659212508881511e-01 1.181260629858746506e+04 5.948158236050192782e-01 9.280252837167956750e+04 5.643160748511823476e+04 4.014440005364658282e+04 1.815208289224501641e+05 7.850510315585514763e+04 3.550477252985562664e+05 4.405101470580218011e+05
1.988078355650324665e+05 8.251919760819479416e+04 9.280275073670601705e+04 8.784826699526928132e+04 8.591930966084389365e+04 6.079774938150796515e+04 9.280287941580166807e+04 9.280260007393130218e+04 9.280289996843793779e+04 9.280290754809507052e+04 9.280280061463822494e+04 9.029824025227907987e+04 1.069032088450866140e+05 2.548239703337922110e+05 9.233408894389838679e+04 9.280232256333665282e+04 9.126238376647446421e+04 9.280252837167956750e+04 1.540724667138043878e+04 5.930952694138738298e+04 7.979568781169394788e+04 1.499722885667019000e+05 4.020943470316533057e+04 3.291764588160538115e+05 4.107018101301140850e+05
2.137885598943437799e+05 3.942338199529831763e+04 5.643173751759576407e+04 4.634172453692396084e+04 4.265241453081064537e+04 9.358906758813434863e+04 5.643189214867496048e+04 5.643170854518331907e+04 5.643198368768801447e+04 5.643197176185910212e+04 5.643178752891504701e+04 5.137013202995367465e+04 1.298650104406301543e+05 2.693879400575334439e+05 5.523370050120733504e+04 5.643139198358826252e+04 5.249493798880896065e+04 5.643160748511823476e+04 5.930952694138738298e+04 1.063820336202754879e+04 3.456256073779853614e+04 1.682339837354441406e+05 3.628860181206231209e+04 3.417607024538146215e+05 4.272231250117365271e+05
2.192019957782224810e+05 9.117671168114549801e+03 4.014453605066511227e+04 2.410216565447544417e+04 2.056309620894079490e+04 1.096418091657774930e+05 4.014466955249661260e+04 4.014446750440295000e+04 4.014471909429530206e+04 4.014469930965112871e+04 4.014457919608343946e+04 2.720878792295291350e+04 1.433184417748049018e+05 2.748013445998758543e+05 3.632178654837132490e+04 4.014410761519918742e+04 3.227066389342991533e+04 4.014440005364658282e+04 7.979568781169394788e+04 3.456256073779852886e+04 3.205867738914379515e+03 1.736473648359917279e+05 5.710850280833877332e+04 3.471741163982666912e+05 4.326364898514795932e+05
1.219203121870306786e+05 1.761527544603921415e+05 1.815210110024020832e+05 1.815212780398522445e+05 1.795528909354393254e+05 1.219157540142794169e+05 1.815211565786979045e+05 1.815209236656460271e+05 1.815212056211118179e+05 1.815212198381309863e+05 1.815210453477807168e+05 1.815213090295568109e+05 8.597871738641275442e+04 2.002555653489367105e+05 1.815212801050689595e+05 1.815207572957749944e+05 1.815213110340396815e+05 1.815208289224501641e+05 1.499722885667019291e+05 1.682339837354441406e+05 1.736473648359917279e+05 4.772010889941131609e+04 1.620550085913110233e+05 2.826875393242869177e+05 3.686172891752225696e+05
2.087033366700668412e+05 6.173811712191090919e+04 7.850532279122290493e+04 7.045862071194284363e+04 6.841697579359415977e+04 7.902594102487823693e+04 7.850543873257320956e+04 7.850519283179771446e+04 7.850550169352162629e+04 7.850552111730695469e+04 7.850540134350230801e+04 7.344361938327673124e+04 1.223806995672524063e+05 2.634004652160538826e+05 7.730730530279627419e+04 7.850491874597514106e+04 7.456854555433460337e+04 7.850510315585514763e+04 4.020943470316532330e+04 3.628860181206231209e+04 5.710850280833877332e+04 1.620550085913110233e+05 2.025762163715036513e+04 3.366754849692144780e+05 4.218096972205116763e+05
2.576835720209110586e+05 3.496794672609835980e+05 3.550477635104938527e+05 3.550480744709053542e+05 3.530795762498482945e+05 3.127066606097080512e+05 3.550478845391911454e+05 3.550477592572396388e+05 3.550479027247139602e+05 3.550479346584087471e+05 3.550478047309416579e+05 3.550480594946298515e+05 3.037030871682499419e+05 1.959371757441602240e+05 3.550479265385665349e+05 3.550476692044760566e+05 3.550479440693694050e+05 3.550477252985562664e+05 3.291764588160538115e+05 3.417607024538146215e+05 3.471741163982666912e+05 2.826875393242869177e+05 3.366754849692145362e+05 1.032228710236484621e+05 2.551692296626686875e+05
3.449066002220158116e+05 4.351418464142054436e+05 4.405102212306430447e+05 4.405104606324638007e+05 4.385419832729711197e+05 3.981690401785353897e+05 4.405102791548460373e+05 4.405101386876697070e+05 4.405103082690360025e+05 4.405103432572964812e+05 4.405102838434699224e+05 4.405103982743402594e+05 3.877593427910832688e+05 3.078664641950904625e+05 4.405103396639091079e+05 4.405101048613280873e+05 4.405104045307173510e+05 4.405101470580218593e+05 4.107018101301140850e+05 4.272231250117365271e+05 4.326364898514795932e+05 3.686172891752225696e+05 4.218096972205116763e+05 2.551692296626686875e+05 1.207375048291142448e+05
