2.809103418226802751e+04 1.013986689731676161e+05 1.013982631856998196e+05 1.013987162548495544e+05 5.194809976494642615e+04 1.013986208641233970e+05 1.013985900831165636e+05 1.738600411666327855e+05 1.013986208086771221e+05 2.827035709500441444e+05 5.054214409714876674e+05 1.013981030797729036e+05 4.057120659089704277e+05 1.013987145341809228e+05 1.013986654252599401e+05 7.575772410364125972e+04 1.013985758149780886e+05 1.013983551405766484e+05 8.182100949782828684e+04 4.645357199299048807e+04 1.013985655971297529e+05 2.447544687755457198e+04 1.013979935538362624e+05 1.013986806078179361e+05 1.013984403880390455e+05
1.013986689731675870e+05 1.014396600636117363e+00 1.937557060089456273e+00 2.092253877806526940e+00 4.945294890695802314e+04 2.093934035116810755e+00 2.085271662447679031e+00 2.247350002333996526e+05 2.155146024880981503e+00 3.260793366450322210e+05 5.453073723185482668e+05 1.816036619093845950e+00 4.455979370831305278e+05 1.953372617373359432e+00 2.012022223646244168e+00 2.564338141917661414e+04 2.193593432754320283e+00 2.011327890698475507e+00 1.538486503853373288e+05 5.494751742353443842e+04 2.139345694541112231e+00 7.692569974402277148e+04 1.434312924486433438e+00 1.953913887550771777e+00 2.083447715016393698e+00
1.013982631856998050e+05 1.937557060089456273e+00 8.263739189345952196e-01 1.917364963976341263e+00 4.945259349582814320e+04 1.803775439674197845e+00 1.822447416468655268e+00 2.247346596618260955e+05 1.783521231473253810e+00 3.260790306383424322e+05 5.453070064501947490e+05 1.294981079732376861e+00 4.455975888712580199e+05 1.949417899581416203e+00 1.851241350156602961e+00 2.564299203815147484e+04 1.806053972128805807e+00 1.506824177112205065e+00 1.538481678901747800e+05 5.494714570602076128e+04 1.879280797901583977e+00 7.692517475145639037e+04 1.130074133476336673e+00 1.937671850396523787e+00 1.653811720142684516e+00
1.013987162548495544e+05 2.092253877806526940e+00 1.917364963976341263e+00 1.008807220889634593e+00 4.945292864810016181e+04 1.977363715330850091e+00 2.056971897425335705e+00 2.247349962900000974e+05 2.018520617341631240e+00 3.260792769917366677e+05 5.453072588304672390e+05 1.832900801483085207e+00 4.455978621957667056e+05 1.997302012976931440e+00 1.980137441804191933e+00 2.564339270182601103e+04 1.968599873206535511e+00 1.969714655495235611e+00 1.538486533585799043e+05 5.494758654510648921e+04 2.302395173873190704e+00 7.692556172285298817e+04 1.434809110105855545e+00 2.042432602808249786e+00 1.968474055853430826e+00
5.194809976494642615e+04 4.945294890695800859e+04 4.945259349582814320e+04 4.945292864810016181e+04 3.402491282039959970e+03 4.945284003281054902e+04 4.945293437844182336e+04 1.888900046592136787e+05 4.945298625123498641e+04 3.004383897388116457e+05 5.196664133887498174e+05 4.945242111511596158e+04 4.199570027893952793e+05 4.945301694834620139e+04 4.945298117908553104e+04 2.381164845863188748e+04 4.945296623072148213e+04 4.945262206045412313e+04 1.043982233844622533e+05 5.496585050470328497e+03 4.945287938416526595e+04 2.747493679047739352e+04 4.945221424401480908e+04 4.945300092573756410e+04 4.945265696172796743e+04
1.013986208641233970e+05 2.093934035116810755e+00 1.803775439674198067e+00 1.977363715330849647e+00 4.945284003281054902e+04 9.668545274009422430e-01 1.802391609758330349e+00 2.247347848222970788e+05 1.991457235768853584e+00 3.260790653547155089e+05 5.453071097757921088e+05 1.684559653032905446e+00 4.455977063079286017e+05 2.098793808101877989e+00 1.924475042859839835e+00 2.564329850751105914e+04 1.891903713853597901e+00 1.794429618765914336e+00 1.538483839653079340e+05 5.494744424350566260e+04 2.220263444764217997e+00 7.692548256701054925e+04 1.375136365620241774e+00 2.224222442061359661e+00 1.752617594462871020e+00
1.013985900831165636e+05 2.085271662447679031e+00 1.822447416468655268e+00 2.056971897425335705e+00 4.945293437844183791e+04 1.802391609758330349e+00 9.887974096615216313e-01 2.247348535024161683e+05 1.906853888676828923e+00 3.260792126060654991e+05 5.453071909228472505e+05 1.708946026384812855e+00 4.455978151558583486e+05 2.091031498975173264e+00 1.921044780202429303e+00 2.564329978312661842e+04 1.939323074192959462e+00 1.888296554338433797e+00 1.538484650968682254e+05 5.494750079890935740e+04 2.172294086198053531e+00 7.692554795443180774e+04 1.397580872731357671e+00 2.203276545651822627e+00 1.883328664844642342e+00
1.738600411666327855e+05 2.247350002333997400e+05 2.247346596618260955e+05 2.247349962900000974e+05 1.888900046592136787e+05 2.247347848222971661e+05 2.247348535024162557e+05 8.976858624544419581e+04 2.247348199445168430e+05 2.333154169836253568e+05 4.423983999734109966e+05 2.247345170209246862e+05 3.660344983683135943e+05 2.247349815800419019e+05 2.247349539934913337e+05 1.990940448571872548e+05 2.247347961139460967e+05 2.247346782805690309e+05 1.525051865125139011e+05 1.881050847247474012e+05 2.247350318602085754e+05 1.881051824675078387e+05 2.247343301262965542e+05 2.247349961070033605e+05 2.247347532926592394e+05
1.013986208086770930e+05 2.155146024880981503e+00 1.783521231473253810e+00 2.018520617341631240e+00 4.945298625123500096e+04 1.991457235768853584e+00 1.906853888676828923e+00 2.247348199445168138e+05 9.397371509690507496e-01 3.260792285595365101e+05 5.453072383789601736e+05 1.738131608009032769e+00 4.455978438283903524e+05 2.021439660306513009e+00 1.986492615061441480e+00 2.564340833793710044e+04 1.753133203383971939e+00 1.913796727900107575e+00 1.538485328454697155e+05 5.494754626806486340e+04 2.279648231105947165e+00 7.692557381076949241e+04 1.422893308021998982e+00 2.143948325783046727e+00 1.956262020732273843e+00
2.827035709500440862e+05 3.260793366450322210e+05 3.260790306383424322e+05 3.260792769917366677e+05 3.004383897388117039e+05 3.260790653547155089e+05 3.260792126060656155e+05 2.333154169836253568e+05 3.260792285595365101e+05 1.026578583370770502e+05 4.103108339220624184e+05 3.260789415758790565e+05 2.662976416428101365e+05 3.260793716786520090e+05 3.260793463981337263e+05 3.004383302934931708e+05 3.260792848220779561e+05 3.260790167614637176e+05 2.650293421918367967e+05 3.004384840295184404e+05 3.260794015602432773e+05 3.004384483425187063e+05 3.260787866123279091e+05 3.260793028963414836e+05 3.260790964177976130e+05
5.054214409714875510e+05 5.453073723185482668e+05 5.453070064501947490e+05 5.453072588304672390e+05 5.196664133887499338e+05 5.453071097757922253e+05 5.453071909228472505e+05 4.423983999734109966e+05 5.453072383789601736e+05 4.103108339220624184e+05 1.986924867494062055e+05 5.453069993237802992e+05 3.929345344805844361e+05 5.453073115838649683e+05 5.453073124512153445e+05 5.196663088928055367e+05 5.453072011963102268e+05 5.453070232902992284e+05 4.842572233722948586e+05 5.196664304926931509e+05 5.453074363684311975e+05 5.196662519076394383e+05 5.453069383402442327e+05 5.453074058064005803e+05 5.453070096118573565e+05
1.013981030797729036e+05 1.816036619093846394e+00 1.294981079732376861e+00 1.832900801483085207e+00 4.945242111511596886e+04 1.684559653032905446e+00 1.708946026384812855e+00 2.247345170209246862e+05 1.738131608009033213e+00 3.260789415758790565e+05 5.453069993237801827e+05 7.877333417184139153e-01 4.455976335894928779e+05 1.822645997936666484e+00 1.777236853209089640e+00 2.564292542394317206e+04 1.764261915426260430e+00 1.496590603609513348e+00 1.538480431349583669e+05 5.494694902585297677e+04 1.821532080900022832e+00 7.692494651277491357e+04 9.691767046017017995e-01 1.830187730611757990e+00 1.577853177241446136e+00
4.057120659089704277e+05 4.455979370831305278e+05 4.455975888712580199e+05 4.455978621957667056e+05 4.199570027893952793e+05 4.455977063079285435e+05 4.455978151558583486e+05 3.660344983683135943e+05 4.455978438283903524e+05 2.662976416428101365e+05 3.929345344805844361e+05 4.455976335894928779e+05 1.358402476608965953e+05 4.455979555807690485e+05 4.455979071267479449e+05 4.199567969894894050e+05 4.455978807646600180e+05 4.455975648143246653e+05 3.845479253637918737e+05 4.199570654101403779e+05 4.455980528410088737e+05 4.199569915785902995e+05 4.455974872446422814e+05 4.455980213181179133e+05 4.455976543938893010e+05
1.013987145341809228e+05 1.953372617373359432e+00 1.949417899581416203e+00 1.997302012976931440e+00 4.945301694834620866e+04 2.098793808101878433e+00 2.091031498975173264e+00 2.247349815800419019e+05 2.021439660306513009e+00 3.260793716786519508e+05 5.453073115838650847e+05 1.822645997936666484e+00 4.455979555807690485e+05 9.484640855532318060e-01 2.086216499563272819e+00 2.564333178955219773e+04 2.073894911324535517e+00 2.079045520108386835e+00 1.538486131362955493e+05 5.494749440004447388e+04 2.226215575486573339e+00 7.692562929414657992e+04 1.423380092033830202e+00 2.021404832628899140e+00 2.098595768968240627e+00
1.013986654252599401e+05 2.012022223646244168e+00 1.851241350156602739e+00 1.980137441804191933e+00 4.945298117908554559e+04 1.924475042859839613e+00 1.921044780202429303e+00 2.247349539934913337e+05 1.986492615061441480e+00 3.260793463981336681e+05 5.453073124512153445e+05 1.777236853209089640e+00 4.455979071267479449e+05 2.086216499563272819e+00 1.109142525163439696e+00 2.564337939214194921e+04 1.989060573480476046e+00 1.952710294324643714e+00 1.538485971807525784e+05 5.494753611602581077e+04 2.109476632874235147e+00 7.692566888883362117e+04 1.405950020896345132e+00 2.113751754460447163e+00 1.993130572452319393e+00
7.575772410364125972e+04 2.564338141917661414e+04 2.564299203815147484e+04 2.564339270182601103e+04 2.381164845863188748e+04 2.564329850751105914e+04 2.564329978312661842e+04 1.990940448571872548e+05 2.564340833793710044e+04 3.004383302934931708e+05 5.196663088928055367e+05 2.564292542394317206e+04 4.199567969894894050e+05 2.564333178955219773e+04 2.564337939214194921e+04 1.130213422035939663e+00 2.564340943566859642e+04 2.564309924050257541e+04 1.282075752836218162e+05 2.930630052594882363e+04 2.564319198130910081e+04 5.128443839692852634e+04 2.564264482230398426e+04 2.564337965501662620e+04 2.564316992517372637e+04
1.013985758149780886e+05 2.193593432754320283e+00 1.806053972128805807e+00 1.968599873206535511e+00 4.945296623072149669e+04 1.891903713853597679e+00 1.939323074192959462e+00 2.247347961139460967e+05 1.753133203383971939e+00 3.260792848220779561e+05 5.453072011963102268e+05 1.764261915426260430e+00 4.455978807646600180e+05 2.073894911324535517e+00 1.989060573480476046e+00 2.564340943566859642e+04 9.255490053796443517e-01 1.881528873940921054e+00 1.538485355662947695e+05 5.494755412590842025e+04 2.232786985764521059e+00 7.692560526362348173e+04 1.382579008914767593e+00 2.148959237335408723e+00 1.865138481024033235e+00
1.013983551405766484e+05 2.011327890698475507e+00 1.506824177112205287e+00 1.969714655495235611e+00 4.945262206045413041e+04 1.794429618765914336e+00 1.888296554338434019e+00 2.247346782805690309e+05 1.913796727900107575e+00 3.260790167614637176e+05 5.453070232902992284e+05 1.496590603609513348e+00 4.455975648143246653e+05 2.079045520108386835e+00 1.952710294324643714e+00 2.564309924050257541e+04 1.881528873940921054e+00 9.358491349614090904e-01 1.538482679663063318e+05 5.494718086925215903e+04 2.063370588139107120e+00 7.692517065452451061e+04 1.232762317620204051e+00 2.070516084557999292e+00 1.526202105441845092e+00
8.182100949782827229e+04 1.538486503853373579e+05 1.538481678901747800e+05 1.538486533585799043e+05 1.043982233844622388e+05 1.538483839653079340e+05 1.538484650968681963e+05 1.525051865125138720e+05 1.538485328454697155e+05 2.650293421918368549e+05 4.842572233722948586e+05 1.538480431349583669e+05 3.845479253637918737e+05 1.538486131362955493e+05 1.538485971807525784e+05 1.282075752836218162e+05 1.538485355662947695e+05 1.538482679663063027e+05 3.972914523515500332e+04 1.016944974200827710e+05 1.538486440366356983e+05 9.646164194171229610e+04 1.538479042336202401e+05 1.538486662246246706e+05 1.538483718123726139e+05
4.645357199299048807e+04 5.494751742353443842e+04 5.494714570602076128e+04 5.494758654510648921e+04 5.496585050470328497e+03 5.494744424350566260e+04 5.494750079890935740e+04 1.881050847247474303e+05 5.494754626806486340e+04 3.004384840295183822e+05 5.196664304926931509e+05 5.494694902585297677e+04 4.199570654101403779e+05 5.494749440004447388e+04 5.494753611602581077e+04 2.930630052594882363e+04 5.494755412590842025e+04 5.494718086925215903e+04 1.016944974200827855e+05 6.280616831422074938e+03 5.494744010336790234e+04 2.198025260422154315e+04 5.494677635043615010e+04 5.494757582009757607e+04 5.494724523646782472e+04
1.013985655971297529e+05 2.139345694541112231e+00 1.879280797901583977e+00 2.302395173873190704e+00 4.945287938416527322e+04 2.220263444764217997e+00 2.172294086198053531e+00 2.247350318602085754e+05 2.279648231105947165e+00 3.260794015602432773e+05 5.453074363684311975e+05 1.821532080900022832e+00 4.455980528410088737e+05 2.226215575486573339e+00 2.109476632874235147e+00 2.564319198130910081e+04 2.232786985764521059e+00 2.063370588139107120e+00 1.538486440366356983e+05 5.494744010336790234e+04 1.048066479086054992e+00 7.692557276993384585e+04 1.512552212548011532e+00 2.104117250266171801e+00 2.148162490815870296e+00
2.447544687755457198e+04 7.692569974402277148e+04 7.692517475145639037e+04 7.692556172285298817e+04 2.747493679047739352e+04 7.692548256701054925e+04 7.692554795443180774e+04 1.881051824675078387e+05 7.692557381076949241e+04 3.004384483425187063e+05 5.196662519076394383e+05 7.692494651277491357e+04 4.199569915785903577e+05 7.692562929414657992e+04 7.692566888883362117e+04 5.128443839692852634e+04 7.692560526362348173e+04 7.692517065452451061e+04 9.646164194171231065e+04 2.198025260422154315e+04 7.692557276993384585e+04 1.263787587079476138e+00 7.692490792394120945e+04 7.692563444005015481e+04 7.692527712292264914e+04
1.013979935538362624e+05 1.434312924486433438e+00 1.130074133476336895e+00 1.434809110105855545e+00 4.945221424401480908e+04 1.375136365620241552e+00 1.397580872731357671e+00 2.247343301262964960e+05 1.422893308021999204e+00 3.260787866123277927e+05 5.453069383402442327e+05 9.691767046017017995e-01 4.455974872446422814e+05 1.423380092033830646e+00 1.405950020896345132e+00 2.564264482230398426e+04 1.382579008914767815e+00 1.232762317620204051e+00 1.538479042336202401e+05 5.494677635043615010e+04 1.512552212548011754e+00 7.692490792394120945e+04 5.220570078425176286e-01 1.471034775153212681e+00 1.278061723549659412e+00
1.013986806078179361e+05 1.953913887550771777e+00 1.937671850396523787e+00 2.042432602808249786e+00 4.945300092573756410e+04 2.224222442061359661e+00 2.203276545651822627e+00 2.247349961070033605e+05 2.143948325783046727e+00 3.260793028963415418e+05 5.453074058064005803e+05 1.830187730611758212e+00 4.455980213181179133e+05 2.021404832628899140e+00 2.113751754460447163e+00 2.564337965501662620e+04 2.148959237335408723e+00 2.070516084557999292e+00 1.538486662246246706e+05 5.494757582009757607e+04 2.104117250266171357e+00 7.692563444005015481e+04 1.471034775153212681e+00 1.033052308509255557e+00 2.127190688820315145e+00
1.013984403880390455e+05 2.083447715016393698e+00 1.653811720142684516e+00 1.968474055853430826e+00 4.945265696172796743e+04 1.752617594462871464e+00 1.883328664844642120e+00 2.247347532926592394e+05 1.956262020732273843e+00 3.260790964177977294e+05 5.453070096118572401e+05 1.577853177241446136e+00 4.455976543938893010e+05 2.098595768968240627e+00 1.993130572452319615e+00 2.564316992517372637e+04 1.865138481024033235e+00 1.526202105441845092e+00 1.538483718123726430e+05 5.494724523646782472e+04 2.148162490815870296e+00 7.692527712292264914e+04 1.278061723549659190e+00 2.127190688820315145e+00 9.776971808851490087e-01
