7.272121098244734849e-01 4.827723344628715859e+04 3.214288170317336335e+05 8.531983039536144133e+03 1.074762995167178888e+05 1.538406107557485747e+00 5.493272150448806497e+04 4.025453952031481895e+05 1.292014007503603534e+04 1.974727196728057461e+05 8.440309941087386687e+04 1.486701152115009750e+00 1.455370124536498500e+00 2.506110860903544235e+05 1.527969740936240495e+00 1.444998416018232820e+05 1.209054528896738034e+00 3.149798704180317145e+04 1.517861482049422950e+00 3.938717933617052950e+03 1.415267441738900622e+00 2.165542944678535423e+04 4.330904042077151098e+04 2.799839157419302865e+04 5.096869903723681432e+02
4.827723344628715859e+04 4.172209660788488691e+03 2.964946427973338868e+05 4.598070158250046370e+04 7.888625031218740332e+04 4.827711319079850364e+04 1.049390645551371563e+04 3.776112446423087968e+05 4.434031381115021213e+04 1.709718439930180903e+05 5.264142643182451866e+04 4.827699481141346041e+04 4.827717616155186261e+04 2.256769842484607361e+05 4.827717478573989501e+04 1.159098283655706909e+05 4.827668039344785211e+04 2.479683119150889252e+04 4.827731159817490698e+04 4.827734032024946646e+04 4.827690960326907225e+04 3.843470515021532628e+04 7.307595460743170406e+03 3.209175458543321292e+04 4.827725782310234354e+04
3.214288170317336335e+05 2.964946427973338868e+05 8.573807255985611118e+04 3.214288851676155464e+05 2.715337542835689383e+05 3.214285996155884350e+05 2.921827184766493156e+05 2.375663086513418530e+05 3.214289385095741600e+05 2.272650263396001246e+05 2.799853790537635214e+05 3.214285865847957321e+05 3.214287433067166130e+05 1.711918001576651295e+05 3.214287044046490919e+05 2.569953166930394364e+05 3.214284923161637271e+05 3.096179848750064848e+05 3.214288466140878154e+05 3.214288893430327298e+05 3.214285888397176750e+05 3.155234722884514485e+05 2.978069487746668165e+05 3.096180090302401222e+05 3.214288311574925901e+05
8.531983039536144133e+03 4.598070158250047825e+04 3.214288851676155464e+05 3.828443671579310376e+03 1.074764261376293871e+05 8.531938457270116487e+03 5.263621841183929064e+04 4.025454602092648856e+05 4.389714729497700318e+03 1.974728675265091879e+05 8.268077112887275871e+04 8.531867806036223556e+03 8.532000733119544748e+03 2.506111806068261794e+05 8.531926311234674358e+03 1.444999730490727525e+05 8.531486997963573231e+03 2.582972257450920370e+04 8.531976674331506729e+03 4.594693118565558507e+03 8.531734644567723080e+03 1.312508136718098103e+04 4.101253725384088466e+04 1.946813622909697369e+04 8.023859290398633675e+03
1.074762995167178888e+05 7.888625031218740332e+04 2.715337542835689383e+05 1.074764261376293871e+05 1.891574767242140661e+04 1.074761646898353938e+05 7.154897253783557971e+04 3.556453170380485826e+05 1.074764012504456332e+05 1.266721041931853251e+05 3.328292944438364793e+04 1.074760257762263936e+05 1.074762688845989760e+05 1.924445719880617689e+05 1.074762003803310799e+05 6.219255916521851759e+04 1.074758260881271854e+05 9.566534533392312005e+04 1.074763163705035258e+05 1.074763559468819440e+05 1.074758892798094457e+05 1.015708687665781617e+05 8.385426262817499810e+04 9.566534426324920787e+04 1.074763391164483182e+05
1.538406107557485747e+00 4.827711319079850364e+04 3.214285996155884350e+05 8.531938457270116487e+03 1.074761646898353938e+05 7.081592256034258126e-01 5.493257440273603424e+04 4.025452386480213609e+05 1.292008887503956612e+04 1.974726303496354085e+05 8.440297472847433528e+04 1.259831035694148227e+00 1.422556586565353776e+00 2.506109222430329828e+05 1.357760611004847240e+00 1.444996468927130045e+05 1.062191850874909305e+00 3.149791695391467147e+04 1.597622630520374898e+00 3.938749099902336184e+03 1.279970086746565539e+00 2.165533546489702712e+04 4.330898327284232073e+04 2.799834174324006381e+04 5.096459554117855646e+02
5.493272150448805769e+04 1.049390645551371563e+04 2.921827184766493156e+05 5.263621841183929064e+04 7.154897253783557971e+04 5.493257440273603424e+04 9.087179839292937686e+03 3.732992940046772128e+05 5.099579816593929718e+04 1.665393559220992902e+05 4.434134679832476832e+04 5.493245170201294968e+04 5.493263745432018914e+04 2.213650430187874008e+05 5.493261534164784098e+04 1.100619043434872001e+05 5.493216687906325387e+04 3.267241104656183961e+04 5.493275642077159864e+04 5.493282659898139536e+04 5.493235907014358236e+04 4.509022190100084117e+04 1.772697574480903859e+04 3.874726065748339897e+04 5.493276780451567902e+04
4.025453952031481895e+05 3.776112446423087968e+05 2.375663086513418530e+05 4.025454602092650020e+05 3.556453170380485826e+05 4.025452386480214773e+05 3.732992940046772128e+05 1.256249880140843597e+05 4.025455407389657339e+05 3.104038164432098856e+05 3.621912898272395250e+05 4.025452339685563929e+05 4.025453201894283411e+05 2.616198313410558330e+05 4.025453064615688054e+05 3.450442115676097455e+05 4.025451390868159360e+05 3.907345876833793009e+05 4.025453876094908919e+05 4.025454957077010768e+05 4.025452108473989647e+05 3.966400596932707704e+05 3.789235825339382282e+05 3.907346057220558287e+05 4.025454348553058226e+05
1.292014007503603716e+04 4.434031381115021213e+04 3.214289385095741600e+05 4.389714729497700318e+03 1.074764012504456186e+05 1.292008887503956612e+04 5.099579816593929718e+04 4.025455407389657339e+05 1.592463943686320590e+03 1.974728800372713595e+05 8.145045039993613318e+04 1.291999837762677271e+04 1.292014287582470206e+04 2.506112033625890326e+05 1.292011525863316274e+04 1.444999419859749032e+05 1.291959437257128775e+04 2.323239913484270801e+04 1.292015976648848118e+04 8.983039473926017308e+03 1.291988504920358537e+04 8.736857633122132029e+03 3.937209430326676375e+04 1.587585692629981349e+04 1.241204665215801833e+04
1.974727196728057461e+05 1.709718439930180903e+05 2.272650263396001246e+05 1.974728675265091879e+05 1.266721041931852960e+05 1.974726303496354085e+05 1.665393559220992902e+05 3.104038164432099438e+05 1.974728800372713595e+05 5.327447666576889605e+04 1.470835517576777784e+05 1.974725650298750552e+05 1.974727245759965444e+05 1.374637538476970221e+05 1.974726668271706149e+05 1.012288749669042736e+05 1.974723530819638690e+05 1.856619168524820998e+05 1.974727784752283769e+05 1.974728284568864910e+05 1.974724407558999374e+05 1.915674154593858693e+05 1.738509136073541886e+05 1.856618876150637516e+05 1.974728277442699473e+05
8.440309941087386687e+04 5.264142643182451866e+04 2.799853790537634632e+05 8.268077112887275871e+04 3.328292944438364793e+04 8.440297472847433528e+04 4.434134679832476832e+04 3.621912898272395250e+05 8.145045039993613318e+04 1.470835517576778075e+05 1.043632077027224659e+04 8.440285916197120969e+04 8.440304769967310131e+04 2.056624390849214979e+05 8.440298221088459832e+04 8.602852929079400201e+04 8.440258983700003591e+04 6.942066885025191004e+04 8.440309044387214817e+04 8.440320676533041114e+04 8.440267182450117252e+04 7.554488944286464539e+04 5.760962122872549662e+04 6.961506279769010143e+04 8.440317358867131406e+04
1.486701152115009750e+00 4.827699481141346041e+04 3.214285865847957321e+05 8.531867806036223556e+03 1.074760257762263936e+05 1.259831035694148227e+00 5.493245170201294968e+04 4.025452339685564511e+05 1.291999837762677271e+04 1.974725650298750552e+05 8.440285916197120969e+04 6.392438813512959506e-01 1.462561053921949794e+00 2.506108949658508063e+05 1.396935342670734048e+00 1.444995284294002631e+05 9.318868610376186412e-01 3.149782117126564481e+04 1.566826001586246742e+00 3.938667708886216133e+03 1.122884768162675018e+00 2.165525845875704908e+04 4.330886350491859776e+04 2.799823857343588679e+04 5.096147739586776879e+02
1.455370124536498500e+00 4.827717616155186261e+04 3.214287433067166130e+05 8.532000733119544748e+03 1.074762688845989760e+05 1.422556586565353776e+00 5.493263745432018914e+04 4.025453201894283411e+05 1.292014287582470206e+04 1.974727245759965444e+05 8.440304769967310131e+04 1.462561053921949794e+00 6.943603067802556206e-01 2.506110081863075320e+05 1.387530048142917138e+00 1.444998192699157516e+05 1.201342632105411701e+00 3.149799727651264402e+04 1.509661087038719263e+00 3.938739764084146373e+03 1.387841117303616478e+00 2.165543163783156342e+04 4.330900113639106712e+04 2.799840206949879575e+04 5.096800132600822053e+02
2.506110860903544235e+05 2.256769842484607361e+05 1.711918001576651295e+05 2.506111806068261794e+05 1.924445719880617398e+05 2.506109222430329828e+05 2.213650430187874008e+05 2.616198313410558039e+05 2.506112033625890326e+05 1.374637538476970221e+05 2.056624390849214979e+05 2.506108949658508063e+05 2.506110081863075320e+05 7.039325848008523462e+04 2.506109655773652776e+05 1.754889433255951735e+05 2.506107202108772763e+05 2.388002830326014955e+05 2.506110385770856519e+05 2.506111415275965701e+05 2.506108240409775754e+05 2.447057473500903870e+05 2.269892480155434750e+05 2.388002879968952911e+05 2.506110930570745550e+05
1.527969740936240495e+00 4.827717478573989501e+04 3.214287044046492083e+05 8.531926311234674358e+03 1.074762003803310799e+05 1.357760611004847018e+00 5.493261534164784098e+04 4.025453064615688054e+05 1.292011525863316274e+04 1.974726668271706149e+05 8.440298221088459832e+04 1.396935342670734048e+00 1.387530048142917138e+00 2.506109655773652776e+05 7.008641185341463187e-01 1.444997472279530193e+05 1.131733673827788333e+00 3.149793049688067549e+04 1.528894329380761974e+00 3.938692455555625656e+03 1.282355737439766052e+00 2.165537998744424112e+04 4.330897314089049178e+04 2.799833258109895178e+04 5.096584150471024373e+02
1.444998416018232820e+05 1.159098283655707055e+05 2.569953166930394364e+05 1.444999730490727525e+05 6.219255916521851759e+04 1.444996468927130045e+05 1.100619043434872001e+05 3.450442115676097455e+05 1.444999419859749032e+05 1.012288749669042736e+05 8.602852929079400201e+04 1.444995284294002631e+05 1.444998192699157516e+05 1.754889433255951735e+05 1.444997472279530484e+05 2.767056631848757388e+04 1.444993317412074248e+05 1.326889461288623861e+05 1.444998760943279485e+05 1.444999261577771395e+05 1.444994773584403156e+05 1.385944550333482330e+05 1.208779362965369946e+05 1.326889549912146176e+05 1.444999049391358567e+05
1.209054528896738034e+00 4.827668039344785211e+04 3.214284923161637271e+05 8.531486997963573231e+03 1.074758260881271854e+05 1.062191850874909305e+00 5.493216687906325387e+04 4.025451390868158778e+05 1.291959437257128775e+04 1.974723530819638690e+05 8.440258983700003591e+04 9.318868610376186412e-01 1.201342632105411701e+00 2.506107202108772763e+05 1.131733673827788333e+00 1.444993317412074248e+05 4.039897826711295603e-01 3.149745944762419822e+04 1.238777837616138244e+00 3.938300079038439435e+03 8.108459609318147132e-01 2.165485610028027804e+04 4.330853742684880854e+04 2.799785417278845125e+04 5.092463191361985650e+02
3.149798704180317145e+04 2.479683119150889252e+04 3.096179848750064848e+05 2.582972257450920370e+04 9.566534533392312005e+04 3.149791695391467147e+04 3.267241104656183961e+04 3.907345876833793009e+05 2.323239913484270073e+04 1.856619168524820998e+05 6.942066885025191004e+04 3.149782117126564481e+04 3.149799727651264402e+04 2.388002830326014955e+05 3.149793049688066822e+04 1.326889461288623861e+05 3.149745944762419822e+04 4.919145922207701915e+03 3.149800668743276401e+04 2.946605394120383426e+04 3.149766173089941003e+04 1.732680953123491054e+04 1.946325441495895939e+04 8.596086874194370466e+03 3.123580481813876031e+04
1.517861482049422950e+00 4.827731159817490698e+04 3.214288466140878154e+05 8.531976674331506729e+03 1.074763163705035258e+05 1.597622630520374898e+00 5.493275642077159864e+04 4.025453876094908919e+05 1.292015976648848118e+04 1.974727784752283769e+05 8.440309044387214817e+04 1.566826001586246742e+00 1.509661087038719263e+00 2.506110385770856519e+05 1.528894329380761974e+00 1.444998760943279485e+05 1.238777837616138244e+00 3.149800668743276401e+04 6.836240266601669724e-01 3.938725141471866664e+03 1.446888202554805547e+00 2.165546810839319733e+04 4.330907629060780891e+04 2.799839647323954341e+04 5.096021682191624791e+02
3.938717933617052950e+03 4.827734032024946646e+04 3.214288893430327298e+05 4.594693118565558507e+03 1.074763559468819440e+05 3.938749099902336184e+03 5.493282659898139536e+04 4.025454957077010768e+05 8.983039473926017308e+03 1.974728284568864910e+05 8.440320676533041114e+04 3.938667708886216133e+03 3.938739764084146373e+03 2.506111415275965701e+05 3.938692455555625656e+03 1.444999261577771103e+05 3.938300079038439435e+03 2.946605394120383426e+04 3.938725141471866664e+03 6.914551894592950720e-01 3.938532425889395654e+03 1.771839034665481813e+04 4.330907787727277173e+04 2.406139839603148721e+04 3.430573607305490896e+03
1.415267441738900622e+00 4.827690960326907225e+04 3.214285888397176750e+05 8.531734644567723080e+03 1.074758892798094457e+05 1.279970086746565316e+00 5.493235907014358963e+04 4.025452108473989647e+05 1.291988504920358537e+04 1.974724407558999374e+05 8.440267182450117252e+04 1.122884768162675018e+00 1.387841117303616478e+00 2.506108240409775754e+05 1.282355737439766052e+00 1.444994773584403156e+05 8.108459609318147132e-01 3.149766173089941003e+04 1.446888202554805325e+00 3.938532425889396109e+03 5.916731754885723449e-01 2.165512709615247513e+04 4.330868305230515398e+04 2.799808089884219589e+04 5.095009100683441261e+02
2.165542944678535423e+04 3.843470515021534084e+04 3.155234722884514485e+05 1.312508136718098467e+04 1.015708687665781617e+05 2.165533546489703076e+04 4.509022190100084117e+04 3.966400596932707704e+05 8.736857633122132029e+03 1.915674154593858693e+05 7.554488944286464539e+04 2.165525845875705272e+04 2.165543163783156706e+04 2.447057473500903870e+05 2.165537998744424112e+04 1.385944550333482330e+05 2.165485610028027804e+04 1.732680953123491418e+04 2.165546810839320096e+04 1.771839034665481813e+04 2.165512709615247513e+04 5.906325579744171591e+03 3.346652760584015050e+04 9.174418106504150273e+03 2.114734199692238690e+04
4.330904042077151098e+04 7.307595460743170406e+03 2.978069487746668165e+05 4.101253725384088466e+04 8.385426262817498355e+04 4.330898327284232073e+04 1.772697574480903859e+04 3.789235825339382282e+05 3.937209430326676375e+04 1.738509136073542177e+05 5.760962122872549662e+04 4.330886350491859776e+04 4.330900113639106712e+04 2.269892480155434750e+05 4.330897314089049178e+04 1.208779362965370092e+05 4.330853742684880854e+04 1.946325441495895939e+04 4.330907629060780891e+04 4.330907787727277173e+04 4.330868305230514670e+04 3.346652760584015050e+04 8.142295201079865485e-01 2.712350224273967615e+04 4.330908868799744960e+04
2.799839157419302865e+04 3.209175458543321292e+04 3.096180090302401222e+05 1.946813622909697006e+04 9.566534426324919332e+04 2.799834174324006381e+04 3.874726065748339897e+04 3.907346057220558287e+05 1.587585692629981349e+04 1.856618876150637225e+05 6.961506279769010143e+04 2.799823857343588679e+04 2.799840206949879575e+04 2.388002879968952911e+05 2.799833258109895178e+04 1.326889549912146176e+05 2.799785417278845125e+04 8.596086874194372285e+03 2.799839647323954341e+04 2.406139839603148721e+04 2.799808089884219589e+04 9.174418106504150273e+03 2.712350224273967251e+04 2.370177255729775879e+03 2.749039430792866551e+04
5.096869903723681432e+02 4.827725782310234354e+04 3.214288311574925901e+05 8.023859290398632766e+03 1.074763391164483182e+05 5.096459554117855646e+02 5.493276780451567902e+04 4.025454348553058226e+05 1.241204665215801833e+04 1.974728277442699473e+05 8.440317358867131406e+04 5.096147739586776879e+02 5.096800132600822053e+02 2.506110930570744968e+05 5.096584150471024373e+02 1.444999049391358567e+05 5.092463191361985082e+02 3.123580481813876031e+04 5.096021682191624791e+02 3.430573607305491350e+03 5.095009100683440124e+02 2.114734199692238326e+04 4.330908868799744960e+04 2.749039430792866551e+04 8.856979893970692501e+02
