4.667057161906582769e+04 2.380171709129944211e+05 2.380166257421275950e+05 2.380165593991637579e+05 2.380164993143741158e+05 2.380169086686276423e+05 1.144875874709756754e+05 2.380164071158193692e+05 2.356362267675866606e+05 2.380169669439665449e+05 2.380168310675230750e+05 2.380168114710791269e+05 2.380169047046808118e+05 3.053718557639939245e+05 2.380169528631047579e+05 2.380169382966097037e+05 2.380164037690811092e+05 2.380170980544363556e+05 2.380168812893655559e+05 4.631411584213945898e+05 2.380171295336615294e+05 2.193404675434316741e+05 2.380168730760124163e+05 2.380163561665300513e+05 2.380167174679604941e+05
2.380171709129944211e+05 3.845389071915080422e+04 1.714306179663816583e+05 1.714305430997323710e+05 1.714301460852823802e+05 1.714307772942503798e+05 2.056301682900410960e+05 1.714304467742396810e+05 1.467708558358216833e+05 1.714308054660955968e+05 1.714307009930862696e+05 1.714307551358011260e+05 1.714308042824195290e+05 3.289088402371692355e+05 1.714308715172255470e+05 1.714306961783288571e+05 1.714300755919300136e+05 1.633160815343898139e+05 1.714308345856870874e+05 4.917130200643009739e+05 5.924204816857782134e+04 7.285005409873323515e+04 1.714306981653518160e+05 1.714303419036150735e+05 1.714307251980764559e+05
2.380166257421275950e+05 1.714306179663816874e+05 8.758571943571731300e-01 1.671484446785512334e+00 1.660799878997184509e+00 2.857371400135239674e+04 2.116903671693633369e+05 1.817786702351128270e+00 1.226212237719441910e+05 2.857371656874665496e+04 1.911771199790582187e+00 1.842532154479162854e+00 1.428784744557892918e+04 3.506770120148434653e+05 4.353972091012191959e+04 2.034291874427030855e+00 1.363481522252554923e+00 8.722026373177065398e+04 2.078573562205378700e+00 4.917125560872218921e+05 1.662357337312211457e+05 1.722243755218364240e+05 2.076716981314425947e+00 1.801858216278086733e+00 1.734100461040784413e+00
2.380165593991637579e+05 1.714305430997323710e+05 1.671484446785512334e+00 9.256772224760588808e-01 1.575796090233274160e+00 2.857371727623476181e+04 2.116902528062342608e+05 1.726738266250737563e+00 1.226211714073780895e+05 2.857372102717699818e+04 1.883353483406103202e+00 1.851377111896899796e+00 1.428791349852232270e+04 3.506769581277741818e+05 4.353967546904728806e+04 2.040650320719882505e+00 1.317223064121482601e+00 8.722028240227316564e+04 2.106925125805097387e+00 4.917124796436661272e+05 1.662357083285278059e+05 1.722242255472620018e+05 2.086635920949509337e+00 1.725240396276984889e+00 1.639562479260979977e+00
2.380164993143741449e+05 1.714301460852823802e+05 1.660799878997184509e+00 1.575796090233274160e+00 7.775557968156526778e-01 2.857329441732313353e+04 2.116901825529889029e+05 1.498406976187234285e+00 1.226206624819443969e+05 2.857331913048605566e+04 1.699518397407465020e+00 1.705377907176701680e+00 1.428752121751995583e+04 3.506769626637288602e+05 4.353939913040743704e+04 1.696558181871486548e+00 9.316170630309166256e-01 8.721980544584768359e+04 1.818293251881625716e+00 4.917125326590039767e+05 1.662353364725742722e+05 1.722240184504819917e+05 1.675885684883565263e+00 1.414314304749808349e+00 1.688077384770907186e+00
2.380169086686276423e+05 1.714307772942503798e+05 2.857371400135239674e+04 2.857371727623476181e+04 2.857329441732313353e+04 9.028271412110734362e-01 2.116906402801469085e+05 2.857351567430196155e+04 1.226213306134423328e+05 2.020860542689678407e+00 2.857370990646530117e+04 2.857370367923948652e+04 1.428774675340753492e+04 3.506774081663431716e+05 1.756567200926292207e+04 2.857381529888037767e+04 2.857298158205773143e+04 8.722043254672843614e+04 2.857384589862830762e+04 4.917129664850700065e+05 1.662359689767040254e+05 1.722246262876350083e+05 2.857370388236747021e+04 2.857344043903836427e+04 2.857374504913548662e+04
1.144875874709756899e+05 2.056301682900410960e+05 2.116903671693633369e+05 2.116902528062342608e+05 2.116901825529889029e+05 2.116906402801469085e+05 5.667425190517897863e+04 2.116901764864254801e+05 2.093098771439056727e+05 2.116906874994489772e+05 2.116904941245771770e+05 2.116904667069985589e+05 2.116906119032142451e+05 3.277460514029359329e+05 2.116905954339244054e+05 2.116905672263703018e+05 2.116900274545052671e+05 2.116908275208049163e+05 2.116905132307625026e+05 4.800243077568193548e+05 2.067321116099015635e+05 1.863438460412821150e+05 2.116905676197413413e+05 2.116901177749339840e+05 2.116903045547455840e+05
2.380164071158193692e+05 1.714304467742396810e+05 1.817786702351128270e+00 1.726738266250737563e+00 1.498406976187234063e+00 2.857351567430196155e+04 2.116901764864254801e+05 8.647260542759044322e-01 1.226210351582849107e+05 2.857356809777510716e+04 1.897870500971297281e+00 1.895712504025752088e+00 1.428785467134325881e+04 3.506769444908453152e+05 4.353961565593374689e+04 2.021996478547647413e+00 1.239707391721581065e+00 8.722021538437207346e+04 2.033103496352888673e+00 4.917125704865995212e+05 1.662356078140039754e+05 1.722242759855367185e+05 2.060840042520587279e+00 1.409986108724532672e+00 1.887276201359439298e+00
2.356362267675866606e+05 1.467708558358216833e+05 1.226212237719442055e+05 1.226211714073781040e+05 1.226206624819444114e+05 1.226213306134423474e+05 2.093098771439056727e+05 1.226210351582849253e+05 1.339379295428450314e+04 1.226212120707028516e+05 1.226212603348864650e+05 1.226212298787669424e+05 1.226211628466552938e+05 3.483957720234773587e+05 1.200239441172581865e+05 1.226212537861935270e+05 1.226205482609719329e+05 5.989277883932809345e+04 1.226212855423436558e+05 4.917130024751001620e+05 1.028899761944035272e+05 1.634583983213730098e+05 1.226212474401719664e+05 1.226209540710684960e+05 1.226212173633474886e+05
2.380169669439665449e+05 1.714308054660955968e+05 2.857371656874665496e+04 2.857372102717699818e+04 2.857331913048605566e+04 2.020860542689678407e+00 2.116906874994489772e+05 2.857356809777510716e+04 1.226212120707028516e+05 1.060589598660966804e+00 2.857369852881557745e+04 2.857366741660391199e+04 1.428774453953371631e+04 3.506774322736661998e+05 1.756569252991029134e+04 2.857377737706642074e+04 2.857298449293227168e+04 8.722032077952664986e+04 2.857386564679871663e+04 4.917129986418306944e+05 1.662359356400156976e+05 1.722246140169927094e+05 2.857376744743852396e+04 2.857345177922281073e+04 2.857369715472736789e+04
2.380168310675230750e+05 1.714307009930862696e+05 1.911771199790582632e+00 1.883353483406103202e+00 1.699518397407465020e+00 2.857370990646530481e+04 2.116904941245771770e+05 1.897870500971297281e+00 1.226212603348864504e+05 2.857369852881558108e+04 9.809044241352669058e-01 1.780938232560126400e+00 1.428796674344041639e+04 3.506772231808256474e+05 4.353983669209692744e+04 1.979769013552275414e+00 1.384651455132944076e+00 8.722038791507671704e+04 2.128603497504713005e+00 4.917128177972721169e+05 1.662358420320905861e+05 1.722245387281852309e+05 1.979965985978842102e+00 1.851223402287867970e+00 1.933032614722169029e+00
2.380168114710791269e+05 1.714307551358011260e+05 1.842532154479163076e+00 1.851377111896899352e+00 1.705377907176701680e+00 2.857370367923948652e+04 2.116904667069985589e+05 1.895712504025752310e+00 1.226212298787669279e+05 2.857366741660391199e+04 1.780938232560126400e+00 8.729649533294953079e-01 1.428789533586996731e+04 3.506772219900465570e+05 4.353984295474408282e+04 2.001808898404344284e+00 1.389571273462051781e+00 8.722030366976326331e+04 2.085168574826339327e+00 4.917128158184886561e+05 1.662358559314875456e+05 1.722245777260433242e+05 2.015388361405089590e+00 1.823594794927135387e+00 1.818043801377843494e+00
2.380169047046808410e+05 1.714308042824195290e+05 1.428784744557893100e+04 1.428791349852232270e+04 1.428752121751995764e+04 1.428774675340753492e+04 2.116906119032142451e+05 1.428785467134325881e+04 1.226211628466552938e+05 1.428774453953371631e+04 1.428796674344041276e+04 1.428789533586996731e+04 1.428672449435831004e+04 3.506773211239548400e+05 3.055283881745436884e+04 1.428792658173311247e+04 1.428720854596555546e+04 8.722020046329806792e+04 1.428795331550354786e+04 4.917129254115652293e+05 1.662358552592742199e+05 1.722245859057906491e+05 1.428798839544152361e+04 1.428772136922410391e+04 1.428795950929077480e+04
3.053718557639939245e+05 3.289088402371692355e+05 3.506770120148434653e+05 3.506769581277741818e+05 3.506769626637288602e+05 3.506774081663431716e+05 3.277460514029359329e+05 3.506769444908453152e+05 3.483957720234773587e+05 3.506774322736661998e+05 3.506772231808256474e+05 3.506772219900465570e+05 3.506773211239548400e+05 1.585036751574881200e+05 3.506773960371881258e+05 3.506772613438300905e+05 3.506768586735337740e+05 3.506774915983969695e+05 3.506772327354969457e+05 3.683066716018417501e+05 3.506775083585751709e+05 3.246989782051299699e+05 3.506773556952086510e+05 3.506768887969140196e+05 3.506770828377148719e+05
2.380169528631047579e+05 1.714308715172255470e+05 4.353972091012191959e+04 4.353967546904729534e+04 4.353939913040743704e+04 1.756567200926292207e+04 2.116905954339244054e+05 4.353961565593374689e+04 1.200239441172581865e+05 1.756569252991029134e+04 4.353983669209692744e+04 4.353984295474408282e+04 3.055283881745436884e+04 3.506773960371881258e+05 1.897679920653517911e+04 4.353996145218756283e+04 4.353916340350254904e+04 7.179483934440965822e+04 4.353981679640321090e+04 4.767468451435836032e+05 1.662359053219044581e+05 1.717522344284309074e+05 4.353988240520459658e+04 4.353961191526719631e+04 4.353965492025234562e+04
2.380169382966097037e+05 1.714306961783288571e+05 2.034291874427030855e+00 2.040650320719882505e+00 1.696558181871486326e+00 2.857381529888037767e+04 2.116905672263703018e+05 2.021996478547647413e+00 1.226212537861934979e+05 2.857377737706642074e+04 1.979769013552275414e+00 2.001808898404344284e+00 1.428792658173311247e+04 3.506772613438300905e+05 4.353996145218756283e+04 9.203418169305341845e-01 1.437524015876598948e+00 8.722037120723623957e+04 2.028118097394984609e+00 4.917128940056758584e+05 1.662359377629312803e+05 1.722245973846977577e+05 1.872901730310120971e+00 1.994202622808781911e+00 2.084632014780909870e+00
2.380164037690811092e+05 1.714300755919300136e+05 1.363481522252554923e+00 1.317223064121482601e+00 9.316170630309166256e-01 2.857298158205773143e+04 2.116900274545052671e+05 1.239707391721581065e+00 1.226205482609719184e+05 2.857298449293227168e+04 1.384651455132944076e+00 1.389571273462051781e+00 1.428720854596555546e+04 3.506768586735337740e+05 4.353916340350254904e+04 1.437524015876598948e+00 5.007531274061033377e-01 8.721960982337045425e+04 1.488179269615730771e+00 4.917125088565239566e+05 1.662352043686891266e+05 1.722239255692757142e+05 1.487883052306826936e+00 1.168057534771808514e+00 1.397783094521043656e+00
2.380170980544363556e+05 1.633160815343898139e+05 8.722026373177065398e+04 8.722028240227316564e+04 8.721980544584768359e+04 8.722043254672843614e+04 2.116908275208049163e+05 8.722021538437207346e+04 5.989277883932809345e+04 8.722032077952664986e+04 8.722038791507671704e+04 8.722030366976326331e+04 8.722020046329806792e+04 3.506774915983969695e+05 7.179483934440964367e+04 8.722037120723623957e+04 8.721960982337045425e+04 3.541116093750114669e+04 8.722031517972322763e+04 4.672232370834595640e+05 1.464141746508117358e+05 1.670298401392752712e+05 8.722029554824664956e+04 8.722007430153897440e+04 8.722028131296778156e+04
2.380168812893655559e+05 1.714308345856870874e+05 2.078573562205378700e+00 2.106925125805097387e+00 1.818293251881625716e+00 2.857384589862830762e+04 2.116905132307625026e+05 2.033103496352888673e+00 1.226212855423436558e+05 2.857386564679871663e+04 2.128603497504713005e+00 2.085168574826339327e+00 1.428795331550354786e+04 3.506772327354969457e+05 4.353981679640321090e+04 2.028118097394984609e+00 1.488179269615730771e+00 8.722031517972322763e+04 1.029337121695752977e+00 4.917127437104491401e+05 1.662359653141336457e+05 1.722245200520326325e+05 2.184842762575300856e+00 2.046499673110619089e+00 2.097513859708980188e+00
4.631411584213945898e+05 4.917130200643009739e+05 4.917125560872220085e+05 4.917124796436661272e+05 4.917125326590040931e+05 4.917129664850702393e+05 4.800243077568192384e+05 4.917125704865995212e+05 4.917130024751001620e+05 4.917129986418306944e+05 4.917128177972721169e+05 4.917128158184886561e+05 4.917129254115653457e+05 3.683066716018417501e+05 4.767468451435837778e+05 4.917128940056758584e+05 4.917125088565239566e+05 4.672232370834595640e+05 4.917127437104491401e+05 1.837354782015156816e+05 4.917130130845960230e+05 4.839206182799897506e+05 4.917128908607253106e+05 4.917125415776160080e+05 4.917126241972043063e+05
2.380171295336615294e+05 5.924204816857782134e+04 1.662357337312211457e+05 1.662357083285278059e+05 1.662353364725742722e+05 1.662359689767040254e+05 2.067321116099015635e+05 1.662356078140039754e+05 1.028899761944035126e+05 1.662359356400156976e+05 1.662358420320905861e+05 1.662358559314875456e+05 1.662358552592742199e+05 3.506775083585751709e+05 1.662359053219044581e+05 1.662359377629312803e+05 1.662352043686891266e+05 1.464141746508117649e+05 1.662359653141336457e+05 4.917130130845961976e+05 1.328008833360625249e+04 1.124842681301804114e+05 1.662358812010950351e+05 1.662355515022489126e+05 1.662357773448961962e+05
2.193404675434316741e+05 7.285005409873324970e+04 1.722243755218364240e+05 1.722242255472620018e+05 1.722240184504819917e+05 1.722246262876350083e+05 1.863438460412821150e+05 1.722242759855367185e+05 1.634583983213729807e+05 1.722246140169927094e+05 1.722245387281852309e+05 1.722245777260433242e+05 1.722245859057906491e+05 3.246989782051299699e+05 1.717522344284309074e+05 1.722245973846977577e+05 1.722239255692757142e+05 1.670298401392752712e+05 1.722245200520326325e+05 4.839206182799897506e+05 1.124842681301804114e+05 4.992449342401322065e+04 1.722245174173526175e+05 1.722241575817979465e+05 1.722243878402457922e+05
2.380168730760124163e+05 1.714306981653518160e+05 2.076716981314425947e+00 2.086635920949509337e+00 1.675885684883565263e+00 2.857370388236747021e+04 2.116905676197413413e+05 2.060840042520587279e+00 1.226212474401719519e+05 2.857376744743852396e+04 1.979965985978842102e+00 2.015388361405089590e+00 1.428798839544152361e+04 3.506773556952086510e+05 4.353988240520458930e+04 1.872901730310120971e+00 1.487883052306826936e+00 8.722029554824664956e+04 2.184842762575300856e+00 4.917128908607252524e+05 1.662358812010950351e+05 1.722245174173526175e+05 8.530021271865712018e-01 1.932125515888415190e+00 2.148953639360768442e+00
2.380163561665300513e+05 1.714303419036150735e+05 1.801858216278086733e+00 1.725240396276984889e+00 1.414314304749807905e+00 2.857344043903836427e+04 2.116901177749339840e+05 1.409986108724532894e+00 1.226209540710684814e+05 2.857345177922281073e+04 1.851223402287868192e+00 1.823594794927135387e+00 1.428772136922410391e+04 3.506768887969140196e+05 4.353961191526718903e+04 1.994202622808782133e+00 1.168057534771808514e+00 8.722007430153894529e+04 2.046499673110618645e+00 4.917125415776160080e+05 1.662355515022489126e+05 1.722241575817979465e+05 1.932125515888415190e+00 8.636135340073253230e-01 1.834615450725716856e+00
2.380167174679604941e+05 1.714307251980764559e+05 1.734100461040784413e+00 1.639562479260979977e+00 1.688077384770907186e+00 2.857374504913549390e+04 2.116903045547455840e+05 1.887276201359439298e+00 1.226212173633474595e+05 2.857369715472737153e+04 1.933032614722169029e+00 1.818043801377843272e+00 1.428795950929077662e+04 3.506770828377148719e+05 4.353965492025234562e+04 2.084632014780909870e+00 1.397783094521043656e+00 8.722028131296779611e+04 2.097513859708980188e+00 4.917126241972043063e+05 1.662357773448961962e+05 1.722243878402457922e+05 2.148953639360768442e+00 1.834615450725716856e+00 9.384399875979823058e-01
