2.945325650118675640e+03 1.810970608770680847e+05 2.732403374011482083e+04 3.401656017182594223e+04 1.159437813621740061e+05 4.809989638273509918e+05 1.159437300634288695e+05 9.178933987075147161e+04 4.156238569404062000e+05 7.595239635908180207e+04 2.674802840990468976e+05 1.159438047909783054e+05 6.280381342421733279e+04 8.695829788193802233e+04 3.273725983271481236e+05 1.159433951743263024e+05 9.682015320473613974e+04 1.132264484955895168e+05 1.159435473828707181e+05 4.353622161692738882e+04 2.391282873126078921e+05 1.159438299929905770e+05 1.392184832202610560e+05 4.479755427329370286e+04 1.159438857633276784e+05
1.810970608770680847e+05 3.181353389545631580e+04 1.883435224115957390e+05 1.707449270517446857e+05 2.020307963336763205e+05 4.085352908436608850e+05 2.020307876190509996e+05 2.020310814741014619e+05 3.286673280985399033e+05 2.020310480280714692e+05 1.704698318497157597e+05 2.020308373297721264e+05 1.617734275311514793e+05 2.020310501304728095e+05 2.517145066567933536e+05 2.020305369679030555e+05 1.384159492424548080e+05 2.020309795994514425e+05 2.020306317850732594e+05 1.963055945822201902e+05 1.235528320185549528e+05 2.020308267687237239e+05 8.887938823054700333e+04 1.666042682769775565e+05 2.020310440872064210e+05
2.732403374011482083e+04 1.883435224115957390e+05 1.449374645924862671e+04 5.292618213549878419e+04 1.014509383137535478e+05 4.882452053914102144e+05 1.014508919203660771e+05 7.729633176582978922e+04 4.228700973704164498e+05 6.145965949881198321e+04 2.747264932096076082e+05 1.014510022838679288e+05 7.729667372291322681e+04 7.246541576775387512e+04 3.346190784146404476e+05 1.014506760644909955e+05 1.076898158277664625e+05 9.873371124274586327e+04 1.014508192865543242e+05 1.705495596306126390e+04 2.463746456380598829e+05 1.014509103099028871e+05 1.464649892465695739e+05 5.929045683997232845e+04 1.014509972390843905e+05
3.401656017182594223e+04 1.707449270517446857e+05 5.292618213549878419e+04 1.699346421249816194e+04 1.262957901141489856e+05 4.706469550661301473e+05 1.262957267180727067e+05 1.157282967295212875e+05 4.052718445620699786e+05 9.989140657687511703e+04 2.571282417586629745e+05 1.262958141754080716e+05 3.390287462754992157e+04 1.108972903458516521e+05 3.170206533159951214e+05 1.262954110032241006e+05 7.288120168140884198e+04 1.261259316271941061e+05 1.262955247268809762e+05 6.902923999447666574e+04 2.287763710267666902e+05 1.262957896992198657e+05 1.186763599209534295e+05 1.753229246590460389e+04 1.262959221858867240e+05
1.159437813621740061e+05 2.020307963336763205e+05 1.014509383137535478e+05 1.262957901141489856e+05 7.297239170613442072e-01 4.954913373616401805e+05 1.212261309713648760e+00 3.864894190637572319e+04 4.301161544357404928e+05 5.448575739674244687e+04 2.819725752954189084e+05 1.449424839361793420e+04 1.449293859561134595e+05 4.347993599699058541e+04 3.418651128284617444e+05 1.449401652166107669e+04 1.469998631770222273e+05 1.721181065454241616e+04 4.040241773285296404e+03 8.534784246178362810e+04 2.536207103400653577e+05 1.449415793173093152e+04 1.682038437090279767e+05 1.317541565055885294e+05 6.416304770285968516e+03
4.809989638273509918e+05 4.085352908436608850e+05 4.882452053914102144e+05 4.706469550661301473e+05 4.954913373616401805e+05 1.670419873136164679e+05 4.954913667730821762e+05 4.954914670059423079e+05 3.036442914200199302e+05 4.954916527785859071e+05 3.908841254872684367e+05 4.954914318020628416e+05 4.616752240624452243e+05 4.954915647764242021e+05 3.451586100799497799e+05 4.954914062501235749e+05 4.406263374510173453e+05 4.954915867351174238e+05 4.954914226215612143e+05 4.954916106163396034e+05 3.937854383746024687e+05 4.954914059586040676e+05 4.049120249951233855e+05 4.665062138713694876e+05 4.954914810330796172e+05
1.159437300634288695e+05 2.020307876190509996e+05 1.014508919203660771e+05 1.262957267180727067e+05 1.212261309713648760e+00 4.954913667730821762e+05 7.253113726390678639e-01 3.864892297643901838e+04 4.301162277039034525e+05 5.448573255788839742e+04 2.819725374159130151e+05 1.449430100286885681e+04 1.449293560484425689e+05 4.347991273418679339e+04 3.418651105026790756e+05 1.449396940858918242e+04 1.469997866201730794e+05 1.721176241618114727e+04 4.040190190354153856e+03 8.534778159656976641e+04 2.536206567343320057e+05 1.449418485847101692e+04 1.682037931503346772e+05 1.317541003826039378e+05 6.416231957743235398e+03
9.178933987075147161e+04 2.020310814741014619e+05 7.729633176582978922e+04 1.157282967295212875e+05 3.864894190637572319e+04 4.954914670059423079e+05 3.864892297643901838e+04 6.442065899773813726e+03 4.301163404585843673e+05 3.033111630900611999e+04 2.819727737284197938e+05 3.864901647300157492e+04 1.384883126996410429e+05 1.908760706901237791e+04 3.418653282935483148e+05 3.864869470283294504e+04 1.469999830939185340e+05 2.143873664406816533e+04 3.864883594776767131e+04 6.119327883841095900e+04 2.536209714452518965e+05 3.864890875423382386e+04 1.682040470493860776e+05 1.220924527232606488e+05 3.223403523210167259e+04
4.156238569404062582e+05 3.286673280985399033e+05 4.228700973704165081e+05 4.052718445620700368e+05 4.301161544357404928e+05 3.036442914200199302e+05 4.301162277039035107e+05 4.301163404585843673e+05 1.433463795782866655e+05 4.301164976152111194e+05 3.263842170517370105e+05 4.301162815316368360e+05 3.963002275235908455e+05 4.301164130312586203e+05 2.629524976414371631e+05 4.301162022371554049e+05 3.824975884549325565e+05 4.301164427659187349e+05 4.301162056961138733e+05 4.301165037156103645e+05 3.211638045646792161e+05 4.301162457548422390e+05 3.540297198743498302e+05 4.011311630355142988e+05 4.301163792382629472e+05
7.595239635908180207e+04 2.020310480280714692e+05 6.145965949881198321e+04 9.989140657687514613e+04 5.448575739674243232e+04 4.954916527785859071e+05 5.448573255788839742e+04 3.033111630900611999e+04 4.301164976152111194e+05 1.314255281931621721e+04 2.819729265553113655e+05 5.448570674938100274e+04 1.242619428436233138e+05 1.124487035472986645e+04 3.418653308206812944e+05 5.448536069326597499e+04 1.427281455135275901e+05 5.176834762060020876e+04 5.448549715900665615e+04 4.440617561423176085e+04 2.536210537119045912e+05 5.448573567147614085e+04 1.682039954484804475e+05 1.062556169488729938e+05 5.448581326672796422e+04
2.674802840990468976e+05 1.704698318497157597e+05 2.747264932096076082e+05 2.571282417586629745e+05 2.819725752954189084e+05 3.908841254872684367e+05 2.819725374159130151e+05 2.819727737284197938e+05 3.263842170517370105e+05 2.819729265553113655e+05 5.152608569660995272e+04 2.819726923013312626e+05 2.481565935368320788e+05 2.819728278399280971e+05 2.052995052285508718e+05 2.819725205264503020e+05 2.343539842865708633e+05 2.819728235852240468e+05 2.819725617610509507e+05 2.819728802273412002e+05 1.087796542226555612e+05 2.819725867097958690e+05 2.027158242175557243e+05 2.529875341309974319e+05 2.819727450061135460e+05
1.159438047909783054e+05 2.020308373297721264e+05 1.014510022838679288e+05 1.262958141754080716e+05 1.449424839361793420e+04 4.954914318020628416e+05 1.449430100286885681e+04 3.864901647300157492e+04 4.301162815316367778e+05 5.448570674938100274e+04 2.819726923013312626e+05 7.994710794286729039e-01 1.449294643648724887e+05 4.347990003108503151e+04 3.418651191414719215e+05 1.185252082630853243e+00 1.469999255897520634e+05 1.721184910179048893e+04 1.045515780657320465e+04 8.534787954283939325e+04 2.536208068437121110e+05 1.368727597250738448e+00 1.682039300337342138e+05 1.317542101595344720e+05 1.449440626799056736e+04
6.280381342421731824e+04 1.617734275311515084e+05 7.729667372291322681e+04 3.390287462754992157e+04 1.449293859561134595e+05 4.616752240624452243e+05 1.449293560484425689e+05 1.384883126996410429e+05 3.963002275235906709e+05 1.242619428436233284e+05 2.481565935368320206e+05 1.449294643648724887e+05 1.102254282210013480e+04 1.352677498997770890e+05 3.080490002212164109e+05 1.449290542464226019e+05 4.565962847012953716e+04 1.449294401647286140e+05 1.449291993630697543e+05 9.339981983220818802e+04 2.198047596153907070e+05 1.449294250609983865e+05 1.062966974602285773e+05 3.250070549064225270e+04 1.449294813322176051e+05
8.695829788193802233e+04 2.020310501304728386e+05 7.246541576775387512e+04 1.108972903458516521e+05 4.347993599699058541e+04 4.954915647764242021e+05 4.347991273418679339e+04 1.908760706901237791e+04 4.301164130312586203e+05 1.124487035472986645e+04 2.819728278399280971e+05 4.347990003108503151e+04 1.352677498997770890e+05 4.682174921448213354e+02 3.418653519178602146e+05 4.347959916130472993e+04 1.470000206883685896e+05 4.052500914716390253e+04 4.347978962785086333e+04 5.542756032635542215e+04 2.536208837467886624e+05 4.347985853691294324e+04 1.682040850124653371e+05 1.172614739923154848e+05 4.337480277369597752e+04
3.273725983271481819e+05 2.517145066567933536e+05 3.346190784146404476e+05 3.170206533159951796e+05 3.418651128284617444e+05 3.451586100799497799e+05 3.418651105026790756e+05 3.418653282935483730e+05 2.629524976414371631e+05 3.418653308206813526e+05 2.052995052285508718e+05 3.418651191414719797e+05 3.080490002212164109e+05 3.418653519178601564e+05 1.351143202249021560e+05 3.418649635235939058e+05 2.942464548930890160e+05 3.418652272399478243e+05 3.418650007472361322e+05 3.418654239887169679e+05 2.120291390313602460e+05 3.418651695103183156e+05 2.657785725613039103e+05 3.128798943580921623e+05 3.418652740516014746e+05
1.159433951743263024e+05 2.020305369679030555e+05 1.014506760644910100e+05 1.262954110032241006e+05 1.449401652166107669e+04 4.954914062501235749e+05 1.449396940858918242e+04 3.864869470283294504e+04 4.301162022371553467e+05 5.448536069326597499e+04 2.819725205264502438e+05 1.185252082630853465e+00 1.449290542464226019e+05 4.347959916130472993e+04 3.418649635235939058e+05 5.767443956966048502e-01 1.469994943527840660e+05 1.721145539720596207e+04 1.045473185343262776e+04 8.534757396118580073e+04 2.536206418335160124e+05 1.156289746424016496e+00 1.682035597962896281e+05 1.317537910748086870e+05 1.449411039080591036e+04
9.682015320473613974e+04 1.384159492424548371e+05 1.076898158277664625e+05 7.288120168140884198e+04 1.469998631770222564e+05 4.406263374510173453e+05 1.469997866201730794e+05 1.469999830939185340e+05 3.824975884549325565e+05 1.427281455135275901e+05 2.343539842865708633e+05 1.469999255897520634e+05 4.565962847012953716e+04 1.470000206883686187e+05 2.942464548930889578e+05 1.469994943527840660e+05 1.707581844552244365e+04 1.469998737236989255e+05 1.469996608839666005e+05 1.201697158589570754e+05 2.060021148331293371e+05 1.469998666444788978e+05 7.189874854475495522e+04 6.651707891960366396e+04 1.469999448769116134e+05
1.132264484955895023e+05 2.020309795994514716e+05 9.873371124274586327e+04 1.261259316271941207e+05 1.721181065454241616e+04 4.954915867351174238e+05 1.721176241618114727e+04 2.143873664406816533e+04 4.301164427659186767e+05 5.176834762060020876e+04 2.819728235852239886e+05 1.721184910179048893e+04 1.449294401647286140e+05 4.052500914716388797e+04 3.418652272399478243e+05 1.721145539720596207e+04 1.469998737236989255e+05 4.416595315456459502e+03 1.721161321840679739e+04 8.263061084321305680e+04 2.536209945087617671e+05 1.721175921329986522e+04 1.682039426783577946e+05 1.317541967725017166e+05 1.079682897419044457e+04
1.159435473828707036e+05 2.020306317850732594e+05 1.014508192865543242e+05 1.262955247268809762e+05 4.040241773285295949e+03 4.954914226215611561e+05 4.040190190354153856e+03 3.864883594776767131e+04 4.301162056961138151e+05 5.448549715900665615e+04 2.819725617610509507e+05 1.045515780657320465e+04 1.449291993630697543e+05 4.347978962785086333e+04 3.418650007472360157e+05 1.045473185343262776e+04 1.469996608839666005e+05 1.721161321840679739e+04 5.827368906227599837e+03 8.534773253023077268e+04 2.536207468203771568e+05 1.045516715029840998e+04 1.682037027429616428e+05 1.317539542211995577e+05 8.667543486157817824e+03
4.353622161692738882e+04 1.963055945822201902e+05 1.705495596306126390e+04 6.902923999447666574e+04 8.534784246178362810e+04 4.954916106163396034e+05 8.534778159656976641e+04 6.119327883841094445e+04 4.301165037156103062e+05 4.440617561423176085e+04 2.819728802273412002e+05 8.534787954283939325e+04 9.339981983220818802e+04 5.542756032635542215e+04 3.418654239887168515e+05 8.534757396118580073e+04 1.201697158589570754e+05 8.263061084321305680e+04 8.534773253023078723e+04 4.639587227316564167e+03 2.536210376773197786e+05 8.534780368352937512e+04 1.553216921863440657e+05 7.539347073901370459e+04 8.534792461177385121e+04
2.391282873126078921e+05 1.235528320185549819e+05 2.463746456380598829e+05 2.287763710267666902e+05 2.536207103400653577e+05 3.937854383746024687e+05 2.536206567343320348e+05 2.536209714452519256e+05 3.211638045646792743e+05 2.536210537119045912e+05 1.087796542226555612e+05 2.536208068437121110e+05 2.198047596153907070e+05 2.536208837467886624e+05 2.120291390313602460e+05 2.536206418335160124e+05 2.060021148331293371e+05 2.536209945087617962e+05 2.536207468203771568e+05 2.536210376773197786e+05 6.139526713005422789e+04 2.536207474935802747e+05 1.667724202590088244e+05 2.246356756280175759e+05 2.536208872038136178e+05
1.159438299929905770e+05 2.020308267687237239e+05 1.014509103099028871e+05 1.262957896992198657e+05 1.449415793173093152e+04 4.954914059586040676e+05 1.449418485847101692e+04 3.864890875423383113e+04 4.301162457548421226e+05 5.448573567147614085e+04 2.819725867097958690e+05 1.368727597250738892e+00 1.449294250609983865e+05 4.347985853691294324e+04 3.418651695103182574e+05 1.156289746424016496e+00 1.469998666444788978e+05 1.721175921329986522e+04 1.045516715029840998e+04 8.534780368352937512e+04 2.536207474935802747e+05 7.649085455505955089e-01 1.682038897202728549e+05 1.317541927657126798e+05 1.449430992659239928e+04
1.392184832202610560e+05 8.887938823054700333e+04 1.464649892465695739e+05 1.186763599209534295e+05 1.682038437090279767e+05 4.049120249951233855e+05 1.682037931503346772e+05 1.682040470493860776e+05 3.540297198743498302e+05 1.682039954484804475e+05 2.027158242175557243e+05 1.682039300337342138e+05 1.062966974602285773e+05 1.682040850124653371e+05 2.657785725613039103e+05 1.682035597962896281e+05 7.189874854475496977e+04 1.682039426783577946e+05 1.682037027429616428e+05 1.553216921863440657e+05 1.667724202590088244e+05 1.682038897202728840e+05 2.274659528160568516e+04 1.136166161848316551e+05 1.682039877952728712e+05
4.479755427329370286e+04 1.666042682769775856e+05 5.929045683997232845e+04 1.753229246590460025e+04 1.317541565055885294e+05 4.665062138713694876e+05 1.317541003826039378e+05 1.220924527232606488e+05 4.011311630355142406e+05 1.062556169488729938e+05 2.529875341309974319e+05 1.317542101595344720e+05 3.250070549064225634e+04 1.172614739923154848e+05 3.128798943580921623e+05 1.317537910748086870e+05 6.651707891960366396e+04 1.317541967725017166e+05 1.317539542211995577e+05 7.539347073901370459e+04 2.246356756280175177e+05 1.317541927657126798e+05 1.136166161848316697e+05 2.396423026199444848e+03 1.317542480957972584e+05
1.159438857633276784e+05 2.020310440872064210e+05 1.014509972390843905e+05 1.262959221858867240e+05 6.416304770285968516e+03 4.954914810330796172e+05 6.416231957743235398e+03 3.223403523210167259e+04 4.301163792382630054e+05 5.448581326672796422e+04 2.819727450061135460e+05 1.449440626799057100e+04 1.449294813322176051e+05 4.337480277369597752e+04 3.418652740516014746e+05 1.449411039080591217e+04 1.469999448769115843e+05 1.079682897419044457e+04 8.667543486157819643e+03 8.534792461177383666e+04 2.536208872038136469e+05 1.449430992659240292e+04 1.682039877952728712e+05 1.317542480957972584e+05 7.151831103133149554e+03
