7.467362625376549046e-01 2.325767359136513187e+04 1.162944704278878271e+04 1.128129164762899745e+05 8.877290799739056092e+04 7.755782738123199670e+04 1.201570036175153946e+05 9.776233359853510046e+04 1.607304013605532544e+00 3.477765467626590398e+05 1.673502197469299846e+00 1.543071438501272263e+00 1.044954325143920393e+00 1.162956142075349999e+04 1.162935459038103181e+04 6.644703123002943175e+04 1.162964559734251270e+04 1.162910613622689198e+04 1.495196155106268998e+04 1.046529285554824019e+05 4.534789802867133985e+05 4.718431497597412090e+04 1.691851952657022630e+05 2.438640798578156973e+05 3.488558044679251907e+04
2.325767359136513187e+04 8.790825835663332866e-01 2.325767787133948150e+04 1.128133994235545106e+05 8.794263965693768114e+04 6.593004179641560768e+04 1.201573806686663884e+05 9.776267660354265536e+04 2.325780591466337501e+04 3.477768145467683207e+05 2.325775503912231579e+04 2.325778765866200047e+04 2.325725536717209616e+04 2.325772652730688787e+04 2.325765304743104934e+04 4.319129027534343913e+04 2.325775190926673895e+04 2.325749584939346460e+04 8.307400729161590789e+03 1.046533812296585384e+05 4.534792568233179627e+05 2.392866784349623049e+04 1.691856108008266019e+05 2.438644394107804692e+05 1.162964728760554317e+04
1.162944704278878271e+04 2.325767787133948150e+04 7.844472512812105114e-01 1.128131618570853898e+05 8.877304199826378317e+04 7.755786309952432930e+04 1.201571968984785926e+05 9.776251543971656065e+04 1.162969473677012138e+04 3.477765169797456474e+05 1.162963898932066695e+04 1.162958674909909860e+04 1.162919015013612079e+04 1.530588506439294560e+00 1.483163441190575638e+00 6.644713365582034749e+04 1.729414923625375300e+00 1.382917794437403591e+00 1.495198650658623410e+04 1.046531629971608490e+05 4.534790279586595134e+05 4.718446551684328733e+04 1.691852793153040693e+05 2.438641457164301537e+05 3.488559903435970773e+04
1.128129164762899745e+05 1.128133994235545106e+05 1.128131618570853898e+05 2.609731104158271410e+04 6.656136006672099757e+04 8.898671675374930783e+04 4.260361997683906520e+04 6.099339347465132596e+04 1.128132551106056344e+05 3.245039278047466069e+05 1.128133006999708450e+05 1.128132158950473095e+05 1.128127012495290837e+05 1.128132113366614212e+05 1.128130216831811122e+05 8.914485964623506879e+04 1.128133487349715433e+05 1.128128014800347300e+05 1.128133247232708090e+05 5.337421114181597659e+04 4.302062582781450474e+05 8.953167527000457630e+04 1.254835087700405129e+05 2.137360327499623527e+05 1.011855226443862484e+05
8.877290799739057547e+04 8.794263965693768114e+04 8.877304199826378317e+04 6.656136006672099757e+04 1.315093507290862726e+04 4.723685771167050552e+04 7.441232426277328341e+04 4.018853727917680226e+04 8.877317466508736834e+04 3.245039819515456329e+05 8.877321985347416194e+04 8.877309836768066452e+04 8.877262528319962439e+04 8.877315236951384577e+04 8.877305486899230164e+04 5.636386947454210167e+04 8.877321578259520174e+04 8.877274336699208652e+04 8.853583758197374118e+04 4.612788290456780669e+04 4.302063565447711735e+05 6.466073376158237079e+04 1.412852180848706921e+05 2.205914381134956784e+05 7.631473095271622878e+04
7.755782738123198214e+04 6.593004179641560768e+04 7.755786309952432930e+04 8.898671675374930783e+04 4.723685771167050552e+04 6.004286611979494410e+03 9.688447162201168248e+04 6.286178267291264638e+04 7.755804394180206873e+04 3.128759368181046448e+05 7.755805302056095388e+04 7.755799427315966750e+04 7.755752346535063407e+04 7.755792337449744809e+04 7.755793200069146405e+04 3.435123441509548866e+04 7.755800304619042436e+04 7.755771044820496172e+04 7.423567397869817796e+04 6.975239071947509365e+04 4.185784058402859373e+05 4.264831151350650907e+04 1.342846106823591399e+05 2.089635700686793425e+05 5.430206027410503157e+04
1.201570036175153946e+05 1.201573806686663884e+05 1.201571968984785926e+05 4.260361997683906520e+04 7.441232426277328341e+04 9.688447162201168248e+04 2.830259069742287829e+04 6.889129113959628739e+04 1.201573313354814745e+05 3.227272056226766435e+05 1.201572287623538141e+05 1.201572440877424378e+05 1.201567908563179517e+05 1.201571613943029806e+05 1.201570359749623458e+05 9.688436918667028658e+04 1.201572855935284460e+05 1.201568958740277885e+05 1.201573688783877733e+05 6.196549815572352963e+04 4.302062332593530300e+05 9.687577982242913276e+04 1.212060902153762727e+05 2.116166927464916080e+05 1.085295056746103219e+05
9.776233359853508591e+04 9.776267660354265536e+04 9.776251543971656065e+04 6.099339347465132596e+04 4.018853727917680226e+04 6.286178267291264638e+04 6.889129113959628739e+04 1.881040354304761422e+04 9.776263032121320430e+04 3.245040103396627819e+05 9.776263868113118224e+04 9.776250242130647530e+04 9.776209789075150911e+04 9.776264006809734565e+04 9.776252072782760661e+04 6.618399957267600985e+04 9.776271475370018743e+04 9.776219131857140746e+04 9.776269947325433895e+04 4.149830096391049301e+04 4.302063565053064376e+05 7.448090125949466892e+04 1.395256448275640141e+05 2.205915146254388092e+05 8.613483861925608653e+04
1.607304013605532544e+00 2.325780591466337501e+04 1.162969473677012138e+04 1.128132551106056344e+05 8.877317466508736834e+04 7.755804394180206873e+04 1.201573313354814745e+05 9.776263032121320430e+04 8.177787614186753373e-01 3.477767031697499915e+05 1.646348434047958609e+00 1.645335644728884716e+00 1.287051101849632673e+00 1.162966954831437033e+04 1.162960342577413758e+04 6.644718546304972551e+04 1.162968962840396671e+04 1.162947730428756040e+04 1.495201923859797535e+04 1.046533017453624634e+05 4.534791094488906674e+05 4.718450489766725514e+04 1.691854467142730136e+05 2.438642521115223353e+05 3.488576362887002324e+04
3.477765467626590398e+05 3.477768145467683207e+05 3.477765169797456474e+05 3.245039278047466069e+05 3.245039819515456329e+05 3.128759368181046448e+05 3.227272056226766435e+05 3.245040103396627819e+05 3.477767031697499915e+05 1.024095764027200785e+05 3.477766047551212832e+05 3.477766451345924288e+05 3.477764001760534011e+05 3.477764993274481385e+05 3.477764794263984077e+05 3.245038412490545306e+05 3.477766814664819394e+05 3.477764540124075138e+05 3.477768159717784147e+05 3.245039790884578251e+05 2.841720454148736899e+05 3.244952834963173373e+05 2.863633593657510937e+05 2.388556201737403462e+05 3.361488904908365221e+05
1.673502197469299846e+00 2.325775503912231579e+04 1.162963898932066695e+04 1.128133006999708450e+05 8.877321985347416194e+04 7.755805302056095388e+04 1.201572287623537995e+05 9.776263868113118224e+04 1.646348434047958831e+00 3.477766047551212832e+05 8.141704562395120082e-01 1.642234690147919451e+00 1.323878956392264161e+00 1.162958476986548158e+04 1.162963346634520349e+04 6.644715768011209730e+04 1.162967031514821974e+04 1.162949622433982950e+04 1.495204108486218502e+04 1.046533323338556511e+05 4.534791175528948079e+05 4.718456229202089889e+04 1.691854208086781146e+05 2.438642546254709014e+05 3.488571459243986465e+04
1.543071438501272263e+00 2.325778765866200047e+04 1.162958674909909860e+04 1.128132158950473095e+05 8.877309836768066452e+04 7.755799427315966750e+04 1.201572440877424524e+05 9.776250242130647530e+04 1.645335644728884716e+00 3.477766451345924288e+05 1.642234690147919451e+00 8.053775250118703211e-01 1.246409458973501305e+00 1.162965953832945161e+04 1.162960873206460383e+04 6.644710866807494313e+04 1.162978924408488638e+04 1.162943727760169531e+04 1.495211637778216755e+04 1.046531993144089211e+05 4.534790729461901938e+05 4.718448353250073706e+04 1.691854129901258566e+05 2.438642369481038186e+05 3.488571646832772240e+04
1.044954325143920615e+00 2.325725536717209616e+04 1.162919015013612079e+04 1.128127012495290983e+05 8.877262528319962439e+04 7.755752346535061952e+04 1.201567908563179371e+05 9.776209789075150911e+04 1.287051101849632895e+00 3.477764001760533429e+05 1.323878956392264161e+00 1.246409458973501305e+00 5.144386755816897638e-01 1.162918909908941168e+04 1.162910560556553355e+04 6.644669498746540921e+04 1.162928808299768025e+04 1.162885297046012238e+04 1.495155051107224062e+04 1.046527370822660450e+05 4.534788553933363291e+05 4.718393574873322359e+04 1.691849933008600492e+05 2.438638900974895223e+05 3.488520387444911466e+04
1.162956142075349999e+04 2.325772652730688787e+04 1.530588506439294560e+00 1.128132113366614212e+05 8.877315236951384577e+04 7.755792337449743354e+04 1.201571613943029661e+05 9.776264006809734565e+04 1.162966954831437033e+04 3.477764993274481385e+05 1.162958476986548158e+04 1.162965953832945161e+04 1.162918909908941168e+04 7.933075449928530531e-01 1.536973452843093169e+00 6.644719766093092039e+04 1.689401106977637790e+00 1.450013413760104841e+00 1.495200215848087282e+04 1.046532649750162527e+05 4.534790033694611047e+05 4.718451655907190434e+04 1.691853178562188696e+05 2.438642115231908974e+05 3.488568299103360187e+04
1.162935459038103181e+04 2.325765304743104934e+04 1.483163441190575638e+00 1.128130216831811122e+05 8.877305486899230164e+04 7.755793200069144950e+04 1.201570359749623458e+05 9.776252072782760661e+04 1.162960342577413758e+04 3.477764794263984077e+05 1.162963346634520349e+04 1.162960873206460383e+04 1.162910560556553355e+04 1.536973452843093169e+00 7.499622060078878771e-01 6.644711907886058907e+04 1.692946217133551867e+00 1.261663815535064126e+00 1.495192828315094630e+04 1.046531103896327550e+05 4.534789571340657421e+05 4.718442942104570830e+04 1.691851652757758275e+05 2.438640279015027045e+05 3.488561286118283897e+04
6.644703123002943175e+04 4.319129027534343913e+04 6.644713365582033293e+04 8.914485964623506879e+04 5.636386947454210167e+04 3.435123441509548866e+04 9.688436918667028658e+04 6.618399957267600985e+04 6.644718546304972551e+04 3.245038412490544724e+05 6.644715768011209730e+04 6.644710866807494313e+04 6.644669498746540921e+04 6.644719766093092039e+04 6.644711907886058907e+04 5.606983295561833984e+03 6.644716815125403809e+04 6.644688928498879250e+04 5.149698422387382016e+04 7.307469091411947738e+04 4.302062836520010605e+05 1.990946435341321194e+04 1.459126334851401334e+05 2.205915150839993439e+05 3.156338552500265723e+04
1.162964559734251270e+04 2.325775190926673895e+04 1.729414923625375744e+00 1.128133487349715433e+05 8.877321578259520174e+04 7.755800304619042436e+04 1.201572855935284315e+05 9.776271475370018743e+04 1.162968962840396671e+04 3.477766814664819394e+05 1.162967031514821974e+04 1.162978924408488638e+04 1.162928808299768025e+04 1.689401106977637790e+00 1.692946217133551867e+00 6.644716815125403809e+04 8.067316862504333441e-01 1.534981277750153472e+00 1.495201036649835987e+04 1.046533813775610324e+05 4.534791731130575063e+05 4.718449825869636697e+04 1.691854831512811652e+05 2.438643243403906527e+05 3.488566992968536942e+04
1.162910613622689198e+04 2.325749584939346460e+04 1.382917794437403591e+00 1.128128014800347300e+05 8.877274336699208652e+04 7.755771044820496172e+04 1.201568958740277885e+05 9.776219131857140746e+04 1.162947730428756040e+04 3.477764540124075138e+05 1.162949622433982950e+04 1.162943727760169531e+04 1.162885297046012238e+04 1.450013413760104841e+00 1.261663815535063904e+00 6.644688928498879250e+04 1.534981277750153472e+00 6.763040361270561407e-01 1.495179173892194922e+04 1.046528557339863328e+05 4.534788815702995053e+05 4.718416084351638710e+04 1.691851352919229830e+05 2.438639613058340037e+05 3.488544756367962691e+04
1.495196155106268998e+04 8.307400729161590789e+03 1.495198650658623410e+04 1.128133247232708090e+05 8.853583758197374118e+04 7.423567397869817796e+04 1.201573688783877878e+05 9.776269947325433895e+04 1.495201923859797535e+04 3.477768159717784147e+05 1.495204108486218502e+04 1.495211637778216937e+04 1.495155051107224062e+04 1.495200215848087282e+04 1.495192828315094630e+04 5.149698422387382016e+04 1.495201036649835987e+04 1.495179173892194922e+04 4.746975152392378732e+03 1.046533861663449206e+05 4.534792858446285827e+05 3.223423574433044996e+04 1.691854439452371735e+05 2.438643766541015648e+05 1.993533059840046553e+04
1.046529285554824019e+05 1.046533812296585384e+05 1.046531629971608490e+05 5.337421114181598386e+04 4.612788290456780669e+04 6.975239071947509365e+04 6.196549815572352963e+04 4.149830096391050029e+04 1.046533017453624634e+05 3.245039790884578251e+05 1.046533323338556511e+05 1.046531993144089211e+05 1.046527370822660450e+05 1.046532649750162527e+05 1.046531103896327695e+05 7.307469091411947738e+04 1.046533813775610324e+05 1.046528557339863328e+05 1.046533861663449352e+05 1.981643722907334086e+04 4.302063679889623309e+05 8.137167132789437892e+04 1.374839293977448833e+05 2.205913713686849806e+05 9.302548486513663374e+04
4.534789802867133985e+05 4.534792568233180791e+05 4.534790279586595134e+05 4.302062582781451056e+05 4.302063565447711735e+05 4.185784058402859373e+05 4.302062332593530300e+05 4.302063565053064376e+05 4.534791094488906674e+05 2.841720454148737481e+05 4.534791175528948079e+05 4.534790729461901938e+05 4.534788553933363291e+05 4.534790033694611047e+05 4.534789571340658003e+05 4.302062836520010605e+05 4.534791731130575063e+05 4.534788815702995053e+05 4.534792858446286409e+05 4.302063679889623309e+05 1.549838144638142549e+05 4.301977240568491397e+05 3.954544699381390237e+05 3.460045453375505749e+05 4.418513400043706642e+05
4.718431497597412090e+04 2.392866784349623049e+04 4.718446551684328733e+04 8.953167527000460541e+04 6.466073376158237807e+04 4.264831151350649452e+04 9.687577982242913276e+04 7.448090125949466892e+04 4.718450489766725514e+04 3.244952834963173373e+05 4.718456229202089889e+04 4.718448353250073706e+04 4.718393574873322359e+04 4.718451655907190434e+04 4.718442942104570830e+04 1.990946435341321194e+04 4.718449825869636697e+04 4.718416084351638710e+04 3.223423574433044996e+04 8.137167132789437892e+04 4.301977240568491397e+05 1.265086849113516791e+03 1.459040067392946221e+05 2.205827445665413688e+05 1.230065324867733034e+04
1.691851952657022630e+05 1.691856108008266019e+05 1.691852793153040693e+05 1.254835087700405129e+05 1.412852180848706921e+05 1.342846106823591399e+05 1.212060902153762872e+05 1.395256448275640141e+05 1.691854467142730136e+05 2.863633593657510937e+05 1.691854208086781146e+05 1.691854129901258566e+05 1.691849933008600492e+05 1.691853178562188696e+05 1.691851652757758275e+05 1.459126334851401334e+05 1.691854831512811652e+05 1.691851352919229830e+05 1.691854439452371735e+05 1.374839293977448833e+05 3.954544699381391401e+05 1.459040067392946221e+05 6.453402568472524581e+04 1.632834593813180400e+05 1.575576448547562177e+05
2.438640798578156973e+05 2.438644394107804692e+05 2.438641457164301537e+05 2.137360327499623527e+05 2.205914381134956784e+05 2.089635700686793425e+05 2.116166927464916080e+05 2.205915146254388092e+05 2.438642521115223353e+05 2.388556201737403171e+05 2.438642546254709014e+05 2.438642369481038186e+05 2.438638900974895223e+05 2.438642115231908974e+05 2.438640279015027045e+05 2.205915150839993439e+05 2.438643243403906527e+05 2.438639613058340037e+05 2.438643766541015648e+05 2.205913713686849806e+05 3.460045453375504585e+05 2.205827445665413688e+05 1.632834593813180400e+05 8.131736765336323879e+04 2.322365605789729452e+05
3.488558044679251907e+04 1.162964728760554499e+04 3.488559903435971501e+04 1.011855226443862484e+05 7.631473095271622878e+04 5.430206027410503157e+04 1.085295056746103219e+05 8.613483861925608653e+04 3.488576362887002324e+04 3.361488904908365221e+05 3.488571459243986465e+04 3.488571646832773695e+04 3.488520387444911466e+04 3.488568299103360914e+04 3.488561286118283897e+04 3.156338552500265723e+04 3.488566992968536942e+04 3.488544756367963419e+04 1.993533059840046553e+04 9.302548486513663374e+04 4.418513400043706060e+05 1.230065324867733034e+04 1.575576448547562177e+05 2.322365605789729452e+05 1.162882095498631679e+04
