2.895933638170521407e-01 1.722957857452353637e+05 2.315284768457588507e+05 2.023823396152722416e+05 1.246706622349831741e+05 8.164554935835673859e+03 9.965331447324955461e-01 9.801517564865156462e-01 1.000013253638562455e+05 1.929717977988500206e+05 7.542857615259278100e+04 3.707462947577675804e+05 3.278200178779016715e+05 2.000012739934872079e+05 3.866910808990013174e+04 1.140432354255031644e+00 5.760662454956051806e+04 4.066227574437248404e+05 2.720483340013810084e+05 8.571577077559319150e+04 9.628278797433520442e-01 1.010451086363402862e+00 1.451499457332447637e+05 9.605947578255897845e-01 2.202524071268232947e+05
1.722957857452353637e+05 1.472245184755005357e+04 1.358969704003963270e+05 1.053550673810160079e+05 8.921860486600236618e+04 1.722956689200261317e+05 1.722956408407091803e+05 1.722957973939996155e+05 1.230894456214160600e+05 5.580066981927182496e+04 1.436221542517075140e+05 2.970623006924741785e+05 2.585683249178060796e+05 9.227625428475423541e+04 1.595973676368299930e+05 1.722954499925790587e+05 1.527858363315909519e+05 3.399562771300206659e+05 2.040216609782711312e+05 1.437243472692205396e+05 1.722953869952918030e+05 1.722956213010732317e+05 4.431305454366389313e+04 1.722957165393599425e+05 1.241488051939375146e+05
2.315284768457588507e+05 1.358969704003963270e+05 1.754999184527498073e+04 7.420692378115138854e+04 1.828514278196571395e+05 2.315284282464757562e+05 2.315282840098642628e+05 2.315285168975802371e+05 2.108937195891005395e+05 1.135808761941054108e+05 2.315286798365823342e+05 2.594806282504235860e+05 2.077632553860570770e+05 9.124185689394410292e+04 2.315284691618914076e+05 2.315282210728268838e+05 2.315284866644368158e+05 2.960894652235370595e+05 1.337247852266539412e+05 2.315285004332773970e+05 2.315281328538097441e+05 2.315283555345844943e+05 1.580593077688336780e+05 2.315283734838674718e+05 5.404948449577765132e+04
2.023823396152722416e+05 1.053550673810160079e+05 7.420692378115138854e+04 1.833354778813357916e+04 1.537051958455723361e+05 2.023823762662451772e+05 2.023821330533396394e+05 2.023823187184561975e+05 1.817474881105730601e+05 7.435292068410664797e+04 2.023825072886650159e+05 2.755085673500751727e+05 2.290641012086590636e+05 5.388691354594947188e+04 2.023823508555787848e+05 2.023820649235702003e+05 2.023823653566639987e+05 3.113848769869993557e+05 1.648066663128089276e+05 2.023822196459065308e+05 2.023819734396019776e+05 2.023822386500623834e+05 1.289130214891929791e+05 2.023822340422271809e+05 5.660294781234960101e+04
1.246706622349831741e+05 8.921860486600236618e+04 1.828514278196571395e+05 1.537051958455723361e+05 2.270164206685798035e+03 1.246707183334185247e+05 1.246704942289900064e+05 1.246706568580352759e+05 4.080369419995394128e+04 1.221648641959400557e+05 8.461755401043214079e+04 3.315930477853968623e+05 2.886668358153028530e+05 1.513242036058634694e+05 1.119724431263845036e+05 1.246705415374975128e+05 1.051608518892775028e+05 3.674696168359853909e+05 2.342557449212913634e+05 6.752782673042846727e+04 1.246704909055506287e+05 1.246707349438061792e+05 5.562236030661757832e+04 1.246705694381918584e+05 1.715753654210841050e+05
8.164554935835673859e+03 1.722956689200261317e+05 2.315284282464757562e+05 2.023823762662451772e+05 1.246707183334185538e+05 2.332718578113657713e+03 8.164541755392766390e+03 8.164538962844323578e+03 1.000013467589470674e+05 1.929719480247364554e+05 6.959767942995786143e+04 3.707462434736636933e+05 3.278202218498150469e+05 2.000014284960424411e+05 3.050546752030041171e+04 8.164184232710847937e+03 4.944315494819914602e+04 4.066227825460276799e+05 2.720485118490993045e+05 8.571558621203052462e+04 8.164269906761200218e+03 8.164497353454425138e+03 1.451499978662109352e+05 8.164563067695286009e+03 2.202526715447991737e+05
9.965331447324955461e-01 1.722956408407091803e+05 2.315282840098642628e+05 2.023821330533396394e+05 1.246704942289900064e+05 8.164541755392766390e+03 3.062038586398770912e-01 1.076296359937130021e+00 1.000012071730559401e+05 1.929716150514668552e+05 7.542838607187115122e+04 3.707462186712787370e+05 3.278199254738424206e+05 2.000010554961824382e+05 3.866900813401980849e+04 8.470655054530770167e-01 5.760651244867465721e+04 4.066226404668164905e+05 2.720481906285489094e+05 8.571554912604174751e+04 6.608542348906704111e-01 1.048879893848228440e+00 1.451498009519304032e+05 7.467040017916677375e-01 2.202522053996919713e+05
9.801517564865156462e-01 1.722957973939996155e+05 2.315285168975802371e+05 2.023823187184561975e+05 1.246706568580352759e+05 8.164538962844323578e+03 1.076296359937130021e+00 3.674405943109499972e-01 1.000013789495297679e+05 1.929718196485621156e+05 7.542854226121083775e+04 3.707463387514994829e+05 3.278200528454592568e+05 2.000013224788236257e+05 3.866915078194504895e+04 1.188704329940856841e+00 5.760661903594926844e+04 4.066228101629681769e+05 2.720483270699494751e+05 8.571577544493107416e+04 1.068174902643728608e+00 1.012861106939372258e+00 1.451499821152667282e+05 1.069979295798322738e+00 2.202525035083878611e+05
1.000013253638562455e+05 1.230894456214160600e+05 2.108937195891005395e+05 1.817474881105730601e+05 4.080369419995394128e+04 1.000013467589470674e+05 1.000012071730559401e+05 1.000013789495297679e+05 2.714377263021734325e+04 1.502072149331815017e+05 4.629260063267687656e+04 3.342386406377741368e+05 2.913123363600294688e+05 1.793664790414297022e+05 7.883746659146792081e+04 1.000012028194220620e+05 6.779311630591595895e+04 3.701151048713217024e+05 2.369012819922715425e+05 2.672509902006389893e+04 1.000011979765860015e+05 1.000014246368360327e+05 9.299017623810256191e+04 1.000012567193742871e+05 1.996176129054081102e+05
1.929717977988500206e+05 5.580066981927182496e+04 1.135808761941054108e+05 7.435292068410664797e+04 1.221648641959400557e+05 1.929719480247364554e+05 1.929716150514668552e+05 1.929718196485621156e+05 1.502072149331815017e+05 2.365121498774177235e+04 1.708421625461687217e+05 2.941592595535250148e+05 2.512328997270111286e+05 4.868267600993371161e+04 1.845063605695562728e+05 1.929716915654589247e+05 1.798157313744633284e+05 3.300357451876818086e+05 1.907075180133995309e+05 1.708422733165134268e+05 1.929715815156543977e+05 1.929718733051732415e+05 9.057008745399009786e+04 1.929716639164699882e+05 9.709829454280475329e+04
7.542857615259278100e+04 1.436221542517075140e+05 2.315286798365823342e+05 2.023825072886650159e+05 8.461755401043214079e+04 6.959767942995786143e+04 7.542838607187115122e+04 7.542854226121083775e+04 4.629260063267686928e+04 1.708421625461687217e+05 1.684205672442293508e+04 3.489776932771803113e+05 3.060514674300656188e+05 2.000013472813332919e+05 4.077192822411330417e+04 7.542839035858245916e+04 2.382305047316384298e+04 3.848541368644217146e+05 2.506684422896624601e+05 2.396075583549780276e+04 7.542840332833639695e+04 7.542865822190071049e+04 1.150293612895790720e+05 7.542852382451636367e+04 2.202525193308299058e+05
3.707462947577675804e+05 2.970623006924742367e+05 2.594806282504235860e+05 2.755085673500751727e+05 3.315930477853968623e+05 3.707462434736637515e+05 3.707462186712787952e+05 3.707463387514994829e+05 3.342386406377741368e+05 2.941592595535250730e+05 3.489776932771803113e+05 4.508812746452393912e+04 1.374747510435008735e+05 2.755085933624696336e+05 3.580479318184090080e+05 3.707461365879793884e+05 3.516987548613552935e+05 1.489090314059288648e+05 1.877249080731039867e+05 3.421750413354396587e+05 3.707460788862349582e+05 3.707461003920980147e+05 3.208360082931731013e+05 3.707461949529956328e+05 2.715437322048638598e+05
3.278200178779016715e+05 2.585683249178060796e+05 2.077632553860570770e+05 2.290641012086590636e+05 2.886668358153028530e+05 3.278202218498150469e+05 3.278199254738424206e+05 3.278200528454592568e+05 2.913123363600294688e+05 2.512328997270111286e+05 3.060514674300656188e+05 1.374747510435008735e+05 4.610466415028500342e+04 2.325823066049189947e+05 3.151218063976570265e+05 3.278200418843697407e+05 3.087726516188913956e+05 1.688704686137171229e+05 1.402215532237605948e+05 2.992489261452505016e+05 3.278199894006116665e+05 3.278200439400748000e+05 2.810756819434728823e+05 3.278199089285616647e+05 2.218549624882636417e+05
2.000012739934872079e+05 9.227625428475423541e+04 9.124185689394410292e+04 5.388691354594945733e+04 1.513242036058634694e+05 2.000014284960424411e+05 2.000010554961824382e+05 2.000013224788236257e+05 1.793664790414297022e+05 4.868267600993371161e+04 2.000013472813332919e+05 2.755085933624696336e+05 2.325823066049189947e+05 1.187773664101685972e+04 2.000014086599217844e+05 2.000011532486250799e+05 2.000014154045599862e+05 3.113848107685484574e+05 1.686946056743967638e+05 2.000014971015040355e+05 2.000011074536061496e+05 2.000013504956143734e+05 1.207011858452255983e+05 2.000011289007586893e+05 7.531187751321446558e+04
3.866910808990013174e+04 1.595973676368299930e+05 2.315284691618914076e+05 2.023823508555788139e+05 1.119724431263845036e+05 3.050546752030041171e+04 3.866900813401980122e+04 3.866915078194504895e+04 7.883746659146792081e+04 1.845063605695562728e+05 4.077192822411328234e+04 3.580479318184090080e+05 3.151218063976570847e+05 2.000014086599217844e+05 2.147726582255293033e+04 3.866873727522789704e+04 1.893848392113562659e+04 3.939243275773738278e+05 2.593501459580044320e+05 6.031874088044523523e+04 3.866878289795938326e+04 3.866903806108028220e+04 1.324515998335748736e+05 3.866912505867258005e+04 2.202526540012641053e+05
1.140432354255031644e+00 1.722954499925790587e+05 2.315282210728268838e+05 2.023820649235702003e+05 1.246705415374975128e+05 8.164184232710847937e+03 8.470655054530769057e-01 1.188704329940856841e+00 1.000012028194220620e+05 1.929716915654589247e+05 7.542839035858245916e+04 3.707461365879793884e+05 3.278200418843697407e+05 2.000011532486250799e+05 3.866873727522789704e+04 2.898826864025428329e-01 5.760627141943947936e+04 4.066225098013593233e+05 2.720483449278610642e+05 8.571531306269110064e+04 6.166626263550915032e-01 9.836964480083079110e-01 1.451497170788959193e+05 9.926394980612240904e-01 2.202523761367981788e+05
5.760662454956051806e+04 1.527858363315909519e+05 2.315284866644368158e+05 2.023823653566639987e+05 1.051608518892775028e+05 4.944315494819914602e+04 5.760651244867465721e+04 5.760661903594927571e+04 6.779311630591595895e+04 1.798157313744633284e+05 2.382305047316384298e+04 3.516987548613552353e+05 3.087726516188914538e+05 2.000014154045599862e+05 1.893848392113562659e+04 5.760627141943947936e+04 8.801015705910750739e+02 3.875750967750528362e+05 2.530009431161479151e+05 4.715809749967999960e+04 5.760627977073509828e+04 5.760652613366028527e+04 1.256400179243021121e+05 5.760665362144494429e+04 2.202526577992609236e+05
4.066227574437248404e+05 3.399562771300206077e+05 2.960894652235370595e+05 3.113848769869993557e+05 3.674696168359853909e+05 4.066227825460276799e+05 4.066226404668164905e+05 4.066228101629681769e+05 3.701151048713217024e+05 3.300357451876819250e+05 3.848541368644217146e+05 1.489090314059288648e+05 1.688704686137171229e+05 3.113848107685484574e+05 3.939243275773737696e+05 4.066225098013593233e+05 3.875750967750528362e+05 4.643514763383085665e+04 2.250393569904777396e+05 3.780514183170030592e+05 4.066225391070889309e+05 4.066225492082656128e+05 3.617250191754415864e+05 4.066226542009948753e+05 3.079835181788880145e+05
2.720483340013810084e+05 2.040216609782711312e+05 1.337247852266539412e+05 1.648066663128089858e+05 2.342557449212913634e+05 2.720485118490993045e+05 2.720481906285489094e+05 2.720483270699494751e+05 2.369012819922715425e+05 1.907075180133995309e+05 2.506684422896624601e+05 1.877249080731039867e+05 1.402215532237605657e+05 1.686946056743967638e+05 2.593501459580044320e+05 2.720483449278610642e+05 2.530009431161479151e+05 2.250393569904777396e+05 4.665687143333425047e+04 2.448378147655686480e+05 2.720483005734804901e+05 2.720484172919957200e+05 2.257902781590590894e+05 2.720482509434726089e+05 1.482260568965497660e+05
8.571577077559319150e+04 1.437243472692205396e+05 2.315285004332773970e+05 2.023822196459065308e+05 6.752782673042846727e+04 8.571558621203052462e+04 8.571554912604174751e+04 8.571577544493107416e+04 2.672509902006389893e+04 1.708422733165134268e+05 2.396075583549780276e+04 3.421750413354396005e+05 2.992489261452505016e+05 2.000014971015040355e+05 6.031874088044523523e+04 8.571531306269110064e+04 4.715809749967999960e+04 3.780514183170029428e+05 2.448378147655686480e+05 3.277490144903946190e-01 8.571536732884820958e+04 8.571563444237173826e+04 1.136251283850597101e+05 8.571567982876775204e+04 2.202526174661266268e+05
9.628278797433520442e-01 1.722953869952918030e+05 2.315281328538097441e+05 2.023819734396019776e+05 1.246704909055506287e+05 8.164269906761201128e+03 6.608542348906704111e-01 1.068174902643728608e+00 1.000011979765860015e+05 1.929715815156543977e+05 7.542840332833641151e+04 3.707460788862349582e+05 3.278199894006116665e+05 2.000011074536061496e+05 3.866878289795939054e+04 6.166626263550915032e-01 5.760627977073508373e+04 4.066225391070889309e+05 2.720483005734804901e+05 8.571536732884820958e+04 2.112831643627537670e-01 7.613446821165592571e-01 1.451496884883921884e+05 7.656712385253342523e-01 2.202523055477941234e+05
1.010451086363402862e+00 1.722956213010732317e+05 2.315283555345844943e+05 2.023822386500623834e+05 1.246707349438061792e+05 8.164497353454425138e+03 1.048879893848228440e+00 1.012861106939372036e+00 1.000014246368360182e+05 1.929718733051732415e+05 7.542865822190071049e+04 3.707461003920980147e+05 3.278200439400748000e+05 2.000013504956143734e+05 3.866903806108028220e+04 9.836964480083079110e-01 5.760652613366028527e+04 4.066225492082656710e+05 2.720484172919957200e+05 8.571563444237173826e+04 7.613446821165592571e-01 3.585487302998082715e-01 1.451499169269638078e+05 9.708493294757840619e-01 2.202525681889084808e+05
1.451499457332447637e+05 4.431305454366389313e+04 1.580593077688336780e+05 1.289130214891929936e+05 5.562236030661757832e+04 1.451499978662109352e+05 1.451498009519304032e+05 1.451499821152667282e+05 9.299017623810256191e+04 9.057008745399009786e+04 1.150293612895790720e+05 3.208360082931731013e+05 2.810756819434728823e+05 1.207011858452255983e+05 1.324515998335748736e+05 1.451497170788959193e+05 1.256400179243021121e+05 3.617250191754415864e+05 2.257902781590590894e+05 1.136251283850597101e+05 1.451496884883921884e+05 1.451499169269638078e+05 1.297695310302972212e+04 1.451498846413686988e+05 1.467831842215796351e+05
9.605947578255897845e-01 1.722957165393599425e+05 2.315283734838674718e+05 2.023822340422271809e+05 1.246705694381918584e+05 8.164563067695286009e+03 7.467040017916674044e-01 1.069979295798322738e+00 1.000012567193742871e+05 1.929716639164699882e+05 7.542852382451634912e+04 3.707461949529956328e+05 3.278199089285616647e+05 2.000011289007586893e+05 3.866912505867257278e+04 9.926394980612239793e-01 5.760665362144494429e+04 4.066226542009948171e+05 2.720482509434726089e+05 8.571567982876773749e+04 7.656712385253342523e-01 9.708493294757840619e-01 1.451498846413686988e+05 3.415853077264102144e-01 2.202523180207536498e+05
2.202524071268232947e+05 1.241488051939375146e+05 5.404948449577765132e+04 5.660294781234960101e+04 1.715753654210841050e+05 2.202526715447991737e+05 2.202522053996919713e+05 2.202525035083878611e+05 1.996176129054081102e+05 9.709829454280475329e+04 2.202525193308299058e+05 2.715437322048638598e+05 2.218549624882636417e+05 7.531187751321445103e+04 2.202526540012641053e+05 2.202523761367981788e+05 2.202526577992609236e+05 3.079835181788880145e+05 1.482260568965497660e+05 2.202526174661266268e+05 2.202523055477941234e+05 2.202525681889084808e+05 1.467831842215796351e+05 2.202523180207536498e+05 1.434057706052895992e+04
