8.048963136829967446e-01 1.873385921255270950e+05 9.435324743231552930e+03 9.435726496606137516e+03 1.030876505068080587e+05 9.435521831740721609e+03 1.614913439027184872e+00 2.403079525679077487e+05 9.560559994831268341e+03 3.003264540709626745e+05 9.435903493605053882e+03 3.752541624964173534e+05 1.145571719393569219e+05 9.435579694636473505e+03 9.435715581487289455e+03 9.435377911086185122e+03 9.435900756082057342e+03 8.394564519445643236e+04 9.435809995934117978e+03 1.419092615960127732e+05 1.451884155824164191e+00 4.879312730955757434e+05 4.327106769561063993e+04 1.690684131150945032e+05 9.435801342169150303e+03
1.873385921255270950e+05 4.107425935365736223e+04 1.873382768420293287e+05 1.873386934068094124e+05 1.345676411970093031e+05 1.873385141764390573e+05 1.873387052155823330e+05 1.342875665603786474e+05 1.862906502338291320e+05 2.387373952765738359e+05 1.873388935060841904e+05 3.308005256021452369e+05 1.174152969814270473e+05 1.873386315972497978e+05 1.873387168718719331e+05 1.873382957669721509e+05 1.873388719858037657e+05 1.570508480550409004e+05 1.873388033630132559e+05 7.519412291366074351e+04 1.873384230257336458e+05 4.383317169563877978e+05 1.779049398085160356e+05 5.079706746295791527e+04 1.873387610998251766e+05
9.435324743231552930e+03 1.873382768420293287e+05 5.117612304682565005e-01 9.435392996896453042e+03 1.030872036671259702e+05 9.435188570834041457e+03 9.435424678375844451e+03 2.403076289564544568e+05 1.899411368846804544e+04 3.003262900740948971e+05 1.376169154673902106e+00 3.752540602355463197e+05 1.145568059515516215e+05 1.128869090829406785e+00 9.435422005208314658e+03 9.434926876339657611e+03 1.319721624242636837e+00 8.394511470742152596e+04 9.435418977544419249e+03 1.419089145721318200e+05 9.435142019964558131e+03 4.879310572512100334e+05 5.270458788298939908e+04 1.690680943902729487e+05 1.333802658006206565e+00
9.435726496606137516e+03 1.873386934068094124e+05 9.435392996896453042e+03 8.128620939063112560e-01 1.030876678255137085e+05 1.594846007382095587e+00 9.435766044923144364e+03 2.403080120279346884e+05 1.899461913840303168e+04 3.003265860270928824e+05 9.435998472448432949e+03 3.752542388684473699e+05 1.145572763811766199e+05 9.435686706671374850e+03 1.650886577324688798e+00 1.397871087691100023e+00 9.435953005370740357e+03 8.394564550881668401e+04 1.707490373191692168e+00 1.419093573327241756e+05 9.435675605538879609e+03 4.879312197094596340e+05 5.270502326030287077e+04 1.690685273750816123e+05 9.435857305632976932e+03
1.030876505068080587e+05 1.345676411970093031e+05 1.030872036671259702e+05 1.030876678255137085e+05 1.551536252632644027e+04 1.030874800641023176e+05 1.030877175670375873e+05 1.976711618787082843e+05 9.352907949639575963e+04 2.685492033383036614e+05 1.030877461931269791e+05 3.469526480247045984e+05 4.674980561001313617e+04 1.030875582314451021e+05 1.030876224016880005e+05 1.030873018162975786e+05 1.030877134930085158e+05 3.837371215631569794e+04 1.030876552722244960e+05 8.899075995287910337e+04 1.030875007411802944e+05 4.596295929725884926e+05 6.804721026848739712e+04 1.162973385901674337e+05 1.030877328438949335e+05
9.435521831740721609e+03 1.873385141764390864e+05 9.435188570834041457e+03 1.594846007382095587e+00 1.030874800641023176e+05 7.715328801176745133e-01 9.435665221305527666e+03 2.403078259492008365e+05 1.899439503844710998e+04 3.003263290496047121e+05 9.435811129134284784e+03 3.752540743149694172e+05 1.145570591000813292e+05 9.435498709231052999e+03 1.530705707298388729e+00 1.209604624966564401e+00 9.435822796687943992e+03 8.394549118479411118e+04 1.713974614951099484e+00 1.419091610229954240e+05 9.435397818186504082e+03 4.879311647663715994e+05 5.270487624958238302e+04 1.690683191750596743e+05 9.435752533531305744e+03
1.614913439027185316e+00 1.873387052155823330e+05 9.435424678375844451e+03 9.435766044923144364e+03 1.030877175670375727e+05 9.435665221305527666e+03 8.783855234259895228e-01 2.403081090879057010e+05 9.560631373327129040e+03 3.003266416154385661e+05 9.435957933262121514e+03 3.752542892420480493e+05 1.145572319336032961e+05 9.435810706841595675e+03 9.435769074559206274e+03 9.435527342262170350e+03 9.435968511931243484e+03 8.394566491994381067e+04 9.435871447059433194e+03 1.419092815953131067e+05 1.644617185265444315e+00 4.879313338833029848e+05 4.327111277525703190e+04 1.690685185038556810e+05 9.435843023638204613e+03
2.403079525679077487e+05 1.342875665603786474e+05 2.403076289564544859e+05 2.403080120279346884e+05 1.976711618787082843e+05 2.403078259492008365e+05 2.403081090879057010e+05 7.760551228526371415e+04 2.392599702683749201e+05 1.812264325704218063e+05 2.403081997283926758e+05 2.818169027907066629e+05 1.913876359295630245e+05 2.403078908066290605e+05 2.403080249484991946e+05 2.403076608365632710e+05 2.403081488970994542e+05 2.005862619996656431e+05 2.403080928106356587e+05 1.666261775387952221e+05 2.403077525723587605e+05 3.968673868985743611e+05 2.308742758478467877e+05 1.516386576221174328e+05 2.403080864389901690e+05
9.560559994831270160e+03 1.862906502338291320e+05 1.899411368846804544e+04 1.899461913840303168e+04 9.352907949639575963e+04 1.899439503844710634e+04 9.560631373327129040e+03 2.392599702683748910e+05 1.091961223277199315e+04 2.992784368626720388e+05 1.899443452442271155e+04 3.742061549107977189e+05 1.117901225814093486e+05 1.899452878012875590e+04 1.899456318207647928e+04 1.899424542512842527e+04 1.899455945656419135e+04 7.438689792884168855e+04 1.899460917578870794e+04 1.408610933603656013e+05 9.560554498371306181e+03 4.868832502288948745e+05 3.371219994881221646e+04 1.680204004942406609e+05 1.899456545872718561e+04
3.003264540709626745e+05 2.387373952765738359e+05 3.003262900740948971e+05 3.003265860270928824e+05 2.685492033383036032e+05 3.003263290496047121e+05 3.003266416154385661e+05 1.812264325704218063e+05 2.992784368626720388e+05 8.808407241022186645e+04 3.003266912773794029e+05 2.232086710567225236e+05 2.677149379679482663e+05 3.003264796821479104e+05 3.003265346736366046e+05 3.003263046362877940e+05 3.003266689630936016e+05 2.618592089825733856e+05 3.003266511164378026e+05 2.562847523477190116e+05 3.003263922847631620e+05 3.693798577914802008e+05 2.908927942320204456e+05 2.454819273371775926e+05 3.003266661543582450e+05
9.435903493605053882e+03 1.873388935060841904e+05 1.376169154673902106e+00 9.435998472448432949e+03 1.030877461931269791e+05 9.435811129134284784e+03 9.435957933262121514e+03 2.403081997283926466e+05 1.899443452442271155e+04 3.003266912773794029e+05 8.472612421835958862e-01 3.752543757482339279e+05 1.145573630588707310e+05 1.727084651429275697e+00 9.435941789870576031e+03 9.435639157183606585e+03 1.721814786623315996e+00 8.394568103700412030e+04 9.435974374777346384e+03 1.419093981859255000e+05 9.435899017732150241e+03 4.879314548938539810e+05 5.270505192870002065e+04 1.690686056058168469e+05 1.800140399900034271e+00
3.752541624964173534e+05 3.308005256021452369e+05 3.752540602355463197e+05 3.752542388684473699e+05 3.469526480247045984e+05 3.752540743149694172e+05 3.752542892420480493e+05 2.818169027907066629e+05 3.742061549107977189e+05 2.232086710567225236e+05 3.752543757482339279e+05 1.166830698233874427e+05 3.469526352464552619e+05 3.752542308112179162e+05 3.752542482230109745e+05 3.752540762496796087e+05 3.752544373686360195e+05 3.375186785734089790e+05 3.752543838998746360e+05 3.445941154477071832e+05 3.752540674587642425e+05 2.990308022750886157e+05 3.658204616807422717e+05 3.375186983303529560e+05 3.752543173966413015e+05
1.145571719393569219e+05 1.174152969814270618e+05 1.145568059515516215e+05 1.145572763811766199e+05 4.674980561001313617e+04 1.145570591000813438e+05 1.145572319336033106e+05 1.913876359295630245e+05 1.117901225814093486e+05 2.677149379679482663e+05 1.145573630588707310e+05 3.469526352464553202e+05 1.943359681163698770e+04 1.145572184966153145e+05 1.145572426114981645e+05 1.145568355924566567e+05 1.145573485446013219e+05 7.285145601845614146e+04 1.145573073915463756e+05 6.413844684437927208e+04 1.145570556257803692e+05 4.596296272877099109e+05 9.601580372175344382e+04 9.423299673938828346e+04 1.145573844872930349e+05
9.435579694636473505e+03 1.873386315972497978e+05 1.128869090829406785e+00 9.435686706671374850e+03 1.030875582314451021e+05 9.435498709231052999e+03 9.435810706841595675e+03 2.403078908066290605e+05 1.899452878012875590e+04 3.003264796821479104e+05 1.727084651429275697e+00 3.752542308112179162e+05 1.145572184966153145e+05 8.240238767501503192e-01 9.435751634359688978e+03 9.435334653773517857e+03 1.713260120211095971e+00 8.394550161315656442e+04 9.435787067045146614e+03 1.419093224448868132e+05 9.435534006658212093e+03 4.879312393148278934e+05 5.270502030679496966e+04 1.690684388580828963e+05 1.624673296089009789e+00
9.435715581487289455e+03 1.873387168718719331e+05 9.435422005208314658e+03 1.650886577324688798e+00 1.030876224016880005e+05 1.530705707298388951e+00 9.435769074559206274e+03 2.403080249484991655e+05 1.899456318207647928e+04 3.003265346736366046e+05 9.435941789870576031e+03 3.752542482230109745e+05 1.145572426114981499e+05 9.435751634359688978e+03 8.063085953958257779e-01 1.482861576187042729e+00 9.436010288466704878e+03 8.394567804852865811e+04 1.725398307222016925e+00 1.419093574204166944e+05 9.435741440071053148e+03 4.879313252603405854e+05 5.270504625995710376e+04 1.690684974454626499e+05 9.435847812668585902e+03
9.435377911086185122e+03 1.873382957669721218e+05 9.434926876339657611e+03 1.397871087691100023e+00 1.030873018162975786e+05 1.209604624966564401e+00 9.435527342262170350e+03 2.403076608365632419e+05 1.899424542512842527e+04 3.003263046362877940e+05 9.435639157183606585e+03 3.752540762496796087e+05 1.145568355924566567e+05 9.435334653773517857e+03 1.482861576187042729e+00 5.950236038014744544e-01 9.435598366710146365e+03 8.394524786866804061e+04 1.482860389808973833e+00 1.419089211685501214e+05 9.435193801975698079e+03 4.879311300495233736e+05 5.270469598239332117e+04 1.690681469447354320e+05 9.435531331424572272e+03
9.435900756082057342e+03 1.873388719858037657e+05 1.319721624242636837e+00 9.435953005370740357e+03 1.030877134930085012e+05 9.435822796687943992e+03 9.435968511931243484e+03 2.403081488970994542e+05 1.899455945656419135e+04 3.003266689630936016e+05 1.721814786623315996e+00 3.752544373686360195e+05 1.145573485446013074e+05 1.713260120211095749e+00 9.436010288466704878e+03 9.435598366710146365e+03 8.272670227178035018e-01 8.394562643251553527e+04 9.435906967386972610e+03 1.419094613543046289e+05 9.435765789113360370e+03 4.879313547154862899e+05 5.270511380246418412e+04 1.690685875940406404e+05 1.725801917990880341e+00
8.394564519445643236e+04 1.570508480550409004e+05 8.394511470742152596e+04 8.394564550881668401e+04 3.837371215631569066e+04 8.394549118479409663e+04 8.394566491994381067e+04 2.005862619996656431e+05 7.438689792884168855e+04 2.618592089825733856e+05 8.394568103700412030e+04 3.375186785734089790e+05 7.285145601845614146e+04 8.394550161315656442e+04 8.394567804852865811e+04 8.394524786866804061e+04 8.394562643251553527e+04 1.041569131724099861e+04 8.394564948118152097e+04 1.116214194722520042e+05 8.394549355032801395e+04 4.501956454353002482e+05 4.799512539345407276e+04 1.387806469522409607e+05 8.394562049761149683e+04
9.435809995934117978e+03 1.873388033630132559e+05 9.435418977544419249e+03 1.707490373191692168e+00 1.030876552722244960e+05 1.713974614951099484e+00 9.435871447059433194e+03 2.403080928106356587e+05 1.899460917578870794e+04 3.003266511164378026e+05 9.435974374777346384e+03 3.752543838998746942e+05 1.145573073915463756e+05 9.435787067045146614e+03 1.725398307222016925e+00 1.482860389808973833e+00 9.435906967386972610e+03 8.394564948118152097e+04 8.642844349228712142e-01 1.419094473091822292e+05 9.435734200996259460e+03 4.879313180616189493e+05 5.270504244582825049e+04 1.690686007404365228e+05 9.435827848385841207e+03
1.419092615960127732e+05 7.519412291366074351e+04 1.419089145721318200e+05 1.419093573327241756e+05 8.899075995287908881e+04 1.419091610229954240e+05 1.419092815953131358e+05 1.666261775387952221e+05 1.408610933603656013e+05 2.562847523477190116e+05 1.419093981859255000e+05 3.445941154477071832e+05 6.413844684437927208e+04 1.419093224448868132e+05 1.419093574204166944e+05 1.419089211685501214e+05 1.419094613543046289e+05 1.116214194722520042e+05 1.419094473091822292e+05 3.339873895940971852e+04 1.419090782557685452e+05 4.572711351672423189e+05 1.324753424964167934e+05 5.219249201254614309e+04 1.419094150013625040e+05
1.451884155824163969e+00 1.873384230257337040e+05 9.435142019964558131e+03 9.435675605538881427e+03 1.030875007411802944e+05 9.435397818186505901e+03 1.644617185265444093e+00 2.403077525723587605e+05 9.560554498371308000e+03 3.003263922847631620e+05 9.435899017732150241e+03 3.752540674587642425e+05 1.145570556257803692e+05 9.435534006658212093e+03 9.435741440071053148e+03 9.435193801975698079e+03 9.435765789113360370e+03 8.394549355032801395e+04 9.435734200996261279e+03 1.419090782557685452e+05 7.627999205396871485e-01 4.879310727984157274e+05 4.327098857935940759e+04 1.690682846312333713e+05 9.435705231344820277e+03
4.879312730955756851e+05 4.383317169563877978e+05 4.879310572512100334e+05 4.879312197094595176e+05 4.596295929725884343e+05 4.879311647663715994e+05 4.879313338833029848e+05 3.968673868985743611e+05 4.868832502288948745e+05 3.693798577914802008e+05 4.879314548938539810e+05 2.990308022750886157e+05 4.596296272877099109e+05 4.879312393148278934e+05 4.879313252603405854e+05 4.879311300495233736e+05 4.879313547154862899e+05 4.501956454353002482e+05 4.879313180616189493e+05 4.572711351672422606e+05 4.879310727984156692e+05 1.515335607942458591e+05 4.784974711566282785e+05 4.501956355235330411e+05 4.879313122463420150e+05
4.327106769561063993e+04 1.779049398085160356e+05 5.270458788298939908e+04 5.270502326030287077e+04 6.804721026848739712e+04 5.270487624958238302e+04 4.327111277525703190e+04 2.308742758478467294e+05 3.371219994881221646e+04 2.908927942320204456e+05 5.270505192870002065e+04 3.658204616807422717e+05 9.601580372175342927e+04 5.270502030679496966e+04 5.270504625995710376e+04 5.270469598239332117e+04 5.270511380246418412e+04 4.799512539345407276e+04 5.270504244582825049e+04 1.324753424964167934e+05 4.327098857935941487e+04 4.784974711566282785e+05 5.954162929447369606e+03 1.596346619739633752e+05 5.270508127405151754e+04
1.690684131150945032e+05 5.079706746295791527e+04 1.690680943902729487e+05 1.690685273750816123e+05 1.162973385901674337e+05 1.690683191750596743e+05 1.690685185038557102e+05 1.516386576221174037e+05 1.680204004942406609e+05 2.454819273371775635e+05 1.690686056058168469e+05 3.375186983303528395e+05 9.423299673938828346e+04 1.690684388580828963e+05 1.690684974454626499e+05 1.690681469447354320e+05 1.690685875940406404e+05 1.387806469522409607e+05 1.690686007404365228e+05 5.219249201254614309e+04 1.690682846312333713e+05 4.501956355235330411e+05 1.596346619739633752e+05 1.346864737293222242e+04 1.690686294785386999e+05
9.435801342169150303e+03 1.873387610998251766e+05 1.333802658006206565e+00 9.435857305632976932e+03 1.030877328438949335e+05 9.435752533531305744e+03 9.435843023638204613e+03 2.403080864389901399e+05 1.899456545872718561e+04 3.003266661543582450e+05 1.800140399900034271e+00 3.752543173966413015e+05 1.145573844872930495e+05 1.624673296089009789e+00 9.435847812668585902e+03 9.435531331424572272e+03 1.725801917990880341e+00 8.394562049761149683e+04 9.435827848385841207e+03 1.419094150013624749e+05 9.435705231344818458e+03 4.879313122463420150e+05 5.270508127405151754e+04 1.690686294785386999e+05 8.162902420646040991e-01
