5.304238988396563492e-01 1.086968188535478985e+05 1.086971295428704034e+05 9.493992944739943778e+04 7.629108187375737180e+04 1.086973035606762423e+05 4.347989742112735985e+04 9.782754118121002102e+04 1.464315419145418629e+00 2.059633961414751684e+04 1.086973893041225529e+05 1.086967764814912953e+05 1.086973479344951193e+05 1.086971862509095226e+05 1.086969658130634343e+05 1.086972766955485713e+05 2.826100260306104319e+05 2.632606820501719485e+05 4.693041915875927225e+04 1.086971517901122425e+05 8.695822337927030458e+04 1.086972725583226857e+05 1.086971875374410884e+05 1.909676481675514369e+05 1.296772473659631651e+05
1.086968188535478985e+05 3.787690761459142630e-01 8.772182653880652436e-01 1.469991345125817752e+05 8.695779709792547510e+04 1.169288318149318995e+00 8.695792704916340881e+04 7.608810918161642621e+04 1.086970709942082176e+05 9.897145844142910209e+04 6.617598053871327465e+03 7.098512319452999764e-01 5.978394639287984319e+04 1.080666012902411710e+00 8.953677983566714627e-01 1.276187744405513635e+00 3.043489169585230993e+05 2.849994592871791683e+05 1.121475386645901453e+05 2.174026450674332227e+04 8.695789086424339621e+04 1.340810611562004873e+00 2.795146830032028083e+04 2.127063980323102151e+05 1.731550137003935233e+05
1.086971295428704034e+05 8.772182653880652436e-01 3.914060515461601497e-01 1.469993359064511315e+05 8.695779552430727927e+04 9.297743625057751649e-01 8.695770190846244805e+04 7.608831578023816110e+04 1.086968849198771641e+05 9.897167706503708905e+04 6.617377817449953909e+03 9.551359891215611686e-01 5.978373994009853777e+04 8.349664074934334268e-01 6.098650471052970978e-01 1.079443166358175388e+00 3.043486476533483947e+05 2.849996116636725492e+05 1.121477875161423726e+05 2.174048788325800342e+04 8.695767750084924046e+04 1.079744765862233224e+00 2.795167756418936551e+04 2.127065566377186915e+05 1.731552000590100070e+05
9.493992944739943778e+04 1.469991345125817752e+05 1.469993359064511315e+05 3.894099280282105610e+04 1.183741388523996866e+05 1.469994019435702357e+05 1.035215038451106229e+05 1.361298760251613567e+05 9.494030206167137658e+04 9.538212531370694342e+04 1.469997082196711563e+05 1.469990282632028393e+05 1.469996826287496660e+05 1.469994363121505303e+05 1.469992743776621646e+05 1.469996371328123787e+05 2.826099138700437616e+05 2.632604542105222936e+05 5.821684316170759121e+04 1.469995095335619699e+05 1.252604502339199389e+05 1.469995787981837057e+05 1.469995082851520274e+05 1.717904233157387062e+05 9.152424217242283339e+04
7.629108187375738635e+04 8.695779709792547510e+04 8.695779552430727927e+04 1.183741388523996866e+05 2.209110459510478540e+04 8.695808079675053887e+04 3.281241832974507997e+04 3.288024481805811956e+04 7.629089984870945045e+04 6.113069395563278522e+04 8.609520396536469343e+04 8.695772456698227325e+04 4.918452476629737794e+04 8.695793954823866079e+04 8.695765490005345782e+04 8.695811415478559502e+04 2.601957579187601514e+05 2.408466066844996240e+05 8.352246772325235361e+04 8.412260760296032822e+04 2.201057672009507223e+04 8.695814544566781842e+04 7.879862268865518854e+04 1.685534107838431373e+05 1.445299640604497981e+05
1.086973035606762423e+05 1.169288318149318995e+00 9.297743625057751649e-01 1.469994019435702357e+05 8.695808079675053887e+04 4.006207078220807571e-01 8.695787719102387200e+04 7.608838757748561329e+04 1.086971162027050013e+05 9.897194882259359292e+04 6.617428926722140204e+03 1.183287229245520766e+00 5.978384040069349430e+04 8.434659755439321005e-01 7.923617744187765322e-01 9.646822348258885516e-01 3.043486974497710471e+05 2.849997436635665363e+05 1.121479705541032745e+05 2.174054027906006377e+04 8.695777627398252662e+04 1.115133401590251205e+00 2.795178295118977621e+04 2.127066296298764064e+05 1.731552945556509367e+05
4.347989742112735985e+04 8.695792704916340881e+04 8.695770190846244805e+04 1.035215038451106229e+05 3.281241832974507270e+04 8.695787719102387200e+04 3.962814149839357092e-01 5.434927753397512424e+04 4.347952833040824044e+04 2.831956034958206874e+04 8.695796217885622173e+04 8.695781026883293816e+04 7.065358923464134568e+04 8.695777409720369906e+04 8.695749687719761278e+04 8.695787805481225951e+04 2.826097634670870611e+05 2.632609159308874514e+05 6.866991180958502810e+04 8.695813743338888162e+04 4.347956707089867268e+04 8.695791904796769086e+04 8.695806423833715962e+04 1.909676519072678930e+05 1.296772621415370668e+05
9.782754118121002102e+04 7.608810918161642621e+04 7.608831578023816110e+04 1.361298760251613567e+05 3.288024481805811956e+04 7.608838757748561329e+04 5.434927753397512424e+04 1.087011265005549467e+04 9.782766442905158328e+04 8.266741454410180449e+04 6.947221936673327582e+04 7.608801840664263000e+04 1.630572859761201289e+04 7.608837865826442430e+04 7.608809334454221244e+04 7.608850896041946544e+04 2.717405111614216003e+05 2.523911342911008396e+05 1.012784384409636114e+05 5.434915339160526491e+04 1.087088783442609747e+04 7.608843793298170203e+04 4.813799171648525953e+04 1.800980006734638009e+05 1.622858671875793079e+05
1.464315419145418629e+00 1.086970709942082176e+05 1.086968849198771641e+05 9.494030206167134747e+04 7.629089984870945045e+04 1.086971162027050013e+05 4.347952833040824044e+04 9.782766442905158328e+04 4.948402405787900027e-01 2.059648886455945103e+04 1.086971612113444135e+05 1.086970039717335021e+05 1.086971159864409419e+05 1.086969901497221144e+05 1.086966992163160612e+05 1.086970285116911255e+05 2.826099344157035812e+05 2.632608772414547275e+05 4.693072640064640291e+04 1.086973495604795899e+05 8.695782838068218553e+04 1.086970594650324347e+05 1.086974247405182105e+05 1.909678194801893260e+05 1.296774315855404711e+05
2.059633961414751684e+04 9.897145844142910209e+04 9.897167706503708905e+04 9.538212531370692886e+04 6.113069395563277794e+04 9.897194882259359292e+04 2.831956034958206510e+04 8.266741454410180449e+04 2.059648886455945103e+04 2.433650449148692496e+04 9.897188199650691240e+04 9.897136533401905035e+04 9.489581039734475780e+04 9.897180108659100370e+04 9.897155719329384738e+04 9.897186514325211465e+04 2.826101520658071386e+05 2.632606316827568808e+05 5.122108852485906391e+04 9.897165862093470059e+04 7.179794646602334979e+04 9.897193765176789020e+04 9.897160989799740491e+04 1.909678080190174514e+05 1.296770876844860759e+05
1.086973893041225529e+05 6.617598053871327465e+03 6.617377817449953909e+03 1.469997082196711563e+05 8.609520396536469343e+04 6.617428926722138385e+03 8.695796217885622173e+04 6.947221936673327582e+04 1.086971612113444135e+05 9.897188199650691240e+04 9.205634728171620736e+03 6.617544919428145477e+03 5.316760315817007358e+04 6.617424008065506314e+03 6.617217981228934150e+03 6.617424112362515189e+03 3.043488459063868504e+05 2.849996813189982786e+05 1.121481178617285186e+05 1.512397094422210648e+04 8.034167895201996726e+04 6.617373456593778428e+03 2.133536493562726901e+04 2.127068024729898025e+05 1.731554013620194746e+05
1.086967764814912953e+05 7.098512319452999764e-01 9.551359891215611686e-01 1.469990282632028393e+05 8.695772456698225869e+04 1.183287229245520766e+00 8.695781026883293816e+04 7.608801840664263000e+04 1.086970039717334876e+05 9.897136533401905035e+04 6.617544919428145477e+03 3.100802551736567825e-01 5.978390872229003435e+04 1.132921519438766955e+00 7.856610655313005509e-01 1.267376603653163958e+00 3.043488699810610851e+05 2.849994013119246811e+05 1.121474662632978288e+05 2.174016677209766567e+04 8.695779214702149329e+04 1.340718526417376655e+00 2.795143024365179735e+04 2.127063305584301415e+05 1.731549204338218842e+05
1.086973479344951193e+05 5.978394639287984319e+04 5.978373994009853777e+04 1.469996826287496660e+05 4.918452476629737794e+04 5.978384040069350885e+04 7.065358923464134568e+04 1.630572859761201471e+04 1.086971159864409419e+05 9.489581039734475780e+04 5.316760315817007358e+04 5.978390872229003435e+04 8.152575474331698388e+03 5.978376956930192682e+04 5.978354775253343541e+04 5.978389748929058987e+04 2.826098148504862329e+05 2.632609708559247083e+05 1.121481725344869483e+05 3.804493755756231985e+04 2.717521849265525088e+04 5.978386492792265199e+04 3.183374426765670432e+04 1.909678248937333992e+05 1.731555191693234374e+05
1.086971862509095226e+05 1.080666012902411710e+00 8.349664074934334268e-01 1.469994363121505303e+05 8.695793954823866079e+04 8.434659755439321005e-01 8.695777409720369906e+04 7.608837865826442430e+04 1.086969901497221435e+05 9.897180108659100370e+04 6.617424008065506314e+03 1.132921519438766955e+00 5.978376956930192682e+04 4.034939436481921882e-01 7.205120492429338830e-01 1.057421534354432646e+00 3.043486601119842380e+05 2.849997374802376144e+05 1.121479348871751281e+05 2.174055966304605317e+04 8.695772594106636825e+04 1.057255946363354182e+00 2.795179368076146420e+04 2.127066139509673812e+05 1.731553128011056688e+05
1.086969658130634343e+05 8.953677983566714627e-01 6.098650471052970978e-01 1.469992743776621646e+05 8.695765490005345782e+04 7.923617744187765322e-01 8.695749687719759822e+04 7.608809334454221244e+04 1.086966992163160612e+05 9.897155719329386193e+04 6.617217981228935969e+03 7.856610655313006619e-01 5.978354775253342814e+04 7.205120492429338830e-01 2.067147998209629967e-01 8.768800962843396052e-01 3.043486099108533817e+05 2.849996324450852699e+05 1.121477310676219058e+05 2.174031777184981911e+04 8.695744286634134187e+04 9.266179747540740363e-01 2.795152408400900094e+04 2.127065288311828917e+05 1.731551604429061408e+05
1.086972766955485713e+05 1.276187744405513635e+00 1.079443166358175388e+00 1.469996371328123787e+05 8.695811415478559502e+04 9.646822348258885516e-01 8.695787805481225951e+04 7.608850896041946544e+04 1.086970285116911255e+05 9.897186514325211465e+04 6.617424112362515189e+03 1.267376603653163958e+00 5.978389748929058987e+04 1.057421534354432646e+00 8.768800962843396052e-01 4.091934806490891141e-01 3.043487840570264379e+05 2.849997041912693530e+05 1.121480714021325548e+05 2.174049512272475840e+04 8.695777111597968906e+04 1.074148006362564134e+00 2.795179914754460697e+04 2.127068028219074477e+05 1.731554689041043748e+05
2.826100260306104319e+05 3.043489169585230993e+05 3.043486476533483947e+05 2.826099138700437616e+05 2.601957579187601514e+05 3.043486974497710471e+05 2.826097634670870611e+05 2.717405111614216003e+05 2.826099344157036394e+05 2.826101520658071386e+05 3.043488459063869086e+05 3.043488699810610851e+05 2.826098148504862329e+05 3.043486601119842380e+05 3.043486099108533817e+05 3.043487840570264379e+05 6.443344211179637205e+04 1.945080155267077207e+05 2.826099467439551372e+05 3.043490301008155802e+05 2.608707684077985177e+05 3.043487367637178977e+05 2.981379962687056395e+05 2.412303289711666293e+05 2.602211403335815703e+05
2.632606820501720067e+05 2.849994592871792265e+05 2.849996116636725492e+05 2.632604542105222936e+05 2.408466066844995948e+05 2.849997436635665945e+05 2.632609159308874514e+05 2.523911342911008396e+05 2.632608772414547275e+05 2.632606316827568808e+05 2.849996813189982786e+05 2.849994013119246811e+05 2.632609708559247665e+05 2.849997374802376144e+05 2.849996324450852699e+05 2.849997041912694112e+05 1.945080155267077207e+05 8.305942603653937113e+04 2.632605294075402198e+05 2.849994711808331776e+05 2.415217927118539519e+05 2.849998397943975870e+05 2.787884667274617241e+05 1.861794690210895787e+05 2.632602219634318608e+05
4.693041915875927225e+04 1.121475386645901453e+05 1.121477875161423726e+05 5.821684316170759121e+04 8.352246772325235361e+04 1.121479705541032745e+05 6.866991180958502810e+04 1.012784384409636114e+05 4.693072640064640291e+04 5.122108852485905663e+04 1.121481178617285186e+05 1.121474662632978288e+05 1.121481725344869483e+05 1.121479348871751281e+05 1.121477310676219058e+05 1.121480714021325548e+05 2.826099467439551372e+05 2.632605294075402198e+05 5.806497828457254400e+03 1.121479228219212964e+05 9.040891201698280929e+04 1.121480821837092954e+05 1.121479151404392760e+05 1.909674967464010406e+05 1.295673144716117386e+05
1.086971517901122425e+05 2.174026450674332227e+04 2.174048788325800342e+04 1.469995095335619699e+05 8.412260760296032822e+04 2.174054027906006741e+04 8.695813743338888162e+04 5.434915339160526491e+04 1.086973495604795899e+05 9.897165862093470059e+04 1.512397094422210284e+04 2.174016677209766567e+04 3.804493755756231985e+04 2.174055966304605317e+04 2.174031777184982275e+04 2.174049512272475840e+04 3.043490301008155802e+05 2.849994711808331776e+05 1.121479228219212964e+05 4.141360738874758640e-01 6.521902366530714789e+04 2.174057056236139761e+04 6.212240362143375933e+03 2.127066480559355696e+05 1.731552753444128030e+05
8.695822337927030458e+04 8.695789086424339621e+04 8.695767750084924046e+04 1.252604502339199389e+05 2.201057672009507223e+04 8.695777627398252662e+04 4.347956707089867268e+04 1.087088783442609747e+04 8.695782838068218553e+04 7.179794646602334979e+04 8.034167895201996726e+04 8.695779214702149329e+04 2.717521849265525088e+04 8.695772594106636825e+04 8.695744286634134187e+04 8.695777111597968906e+04 2.608707684077985177e+05 2.415217927118539519e+05 9.040891201698279474e+04 6.521902366530714789e+04 3.932436689682238806e-01 8.695778873826932977e+04 5.900765872462957486e+04 1.692287092002184945e+05 1.514164944591218955e+05
1.086972725583226857e+05 1.340810611562004873e+00 1.079744765862233224e+00 1.469995787981837348e+05 8.695814544566781842e+04 1.115133401590250983e+00 8.695791904796769086e+04 7.608843793298170203e+04 1.086970594650324638e+05 9.897193765176789020e+04 6.617373456593780247e+03 1.340718526417376655e+00 5.978386492792265926e+04 1.057255946363354182e+00 9.266179747540740363e-01 1.074148006362564134e+00 3.043487367637178977e+05 2.849998397943975287e+05 1.121480821837092954e+05 2.174057056236140488e+04 8.695778873826932977e+04 4.607897729525019526e-01 2.795182218163973084e+04 2.127068003848578664e+05 1.731555005870414607e+05
1.086971875374410884e+05 2.795146830032028083e+04 2.795167756418936551e+04 1.469995082851520274e+05 7.879862268865518854e+04 2.795178295118977985e+04 8.695806423833715962e+04 4.813799171648525953e+04 1.086974247405182105e+05 9.897160989799740491e+04 2.133536493562726537e+04 2.795143024365179735e+04 3.183374426765670432e+04 2.795179368076146420e+04 2.795152408400900458e+04 2.795179914754460697e+04 2.981379962687056395e+05 2.787884667274617241e+05 1.121479151404392760e+05 6.212240362143375933e+03 5.900765872462956759e+04 2.795182218163972357e+04 8.873624935637404633e+03 2.064954999813862087e+05 1.731552668372380722e+05
1.909676481675514660e+05 2.127063980323102151e+05 2.127065566377186915e+05 1.717904233157387062e+05 1.685534107838431373e+05 2.127066296298764064e+05 1.909676519072678930e+05 1.800980006734638009e+05 1.909678194801893260e+05 1.909678080190174514e+05 2.127068024729898316e+05 2.127063305584301415e+05 1.909678248937333992e+05 2.127066139509673812e+05 2.127065288311829208e+05 2.127068028219074477e+05 2.412303289711666293e+05 1.861794690210895787e+05 1.909674967464010406e+05 2.127066480559355696e+05 1.692287092002184945e+05 2.127068003848578664e+05 2.064954999813862087e+05 9.803607239619141910e+04 1.511657333383447258e+05
1.296772473659631651e+05 1.731550137003935233e+05 1.731552000590100070e+05 9.152424217242283339e+04 1.445299640604497690e+05 1.731552945556509076e+05 1.296772621415370668e+05 1.622858671875793079e+05 1.296774315855404711e+05 1.296770876844860759e+05 1.731554013620194746e+05 1.731549204338218842e+05 1.731555191693234374e+05 1.731553128011056688e+05 1.731551604429061408e+05 1.731554689041043748e+05 2.602211403335815703e+05 2.632602219634318608e+05 1.295673144716117386e+05 1.731552753444128030e+05 1.514164944591218955e+05 1.731555005870414607e+05 1.731552668372380722e+05 1.511657333383447258e+05 2.890941307719658289e+04
