4.165703746119908828e+03 2.925655673083456350e+04 3.442903707788954489e+04 5.425613878937569825e+04 8.151677986730681732e+04 1.675647936674417360e+04 5.425639022762939567e+04 5.425654171899522044e+04 4.682911119183552364e+04 5.425652975318163226e+04 3.655792009536228725e+05 1.519246504103975531e+04 2.724909457423408749e+05 2.128923836986015085e+05 2.925663637917712549e+04 4.941269502774418652e+04 4.788077131056289072e+05 5.425658984973023325e+04 5.425659468844597723e+04 5.425666910680988804e+04 1.570936611239610938e+05 1.140068465712725883e+05 9.234466715911398933e+04 2.925656849457011776e+04 6.329588231226349308e+04
2.925655673083456350e+04 8.860698747742800085e-01 1.350765347660897896e+04 3.333480046127474634e+04 9.818347185097796319e+04 1.250183138230881377e+04 3.333508561346764327e+04 3.333524684290777805e+04 2.590777105365347234e+04 3.333520823437195941e+04 3.822457952145311283e+05 4.345527626391998638e+04 2.891575760487150401e+05 2.295590257710996957e+05 9.937674854899637467e+02 6.666882409519035718e+04 4.954743288921496714e+05 3.333521461856873066e+04 3.333529747423513618e+04 3.333526713871840184e+04 1.737603235416524403e+05 1.306735193653242168e+05 1.090113337371227826e+05 8.335191716076527882e+03 7.996254878965154057e+04
3.442903707788954489e+04 1.350765347660897896e+04 3.924745701537524837e+03 2.816225849865042255e+04 9.818342295881549944e+04 2.184103080450424386e+04 2.816252826806628946e+04 2.816270161341027051e+04 1.240158325882903955e+04 2.816260303672764348e+04 3.822457910085381591e+05 4.684409863424816285e+04 2.891574104778584442e+05 2.295589170995761815e+05 1.251547239669088231e+04 6.666879618540732190e+04 4.954742960812012316e+05 2.776584803476443631e+04 2.816274943054972755e+04 1.982933795966479374e+04 1.737601244611756119e+05 1.306733549047146807e+05 1.090112516270080814e+05 5.174037612409363646e+03 7.996249482875839749e+04
5.425613878937571280e+04 3.333480046127474634e+04 2.816225849865042255e+04 5.029590192193845732e-01 9.818279078433892573e+04 4.166821016556178074e+04 9.477926874953230829e-01 1.200234826220795803e+00 1.576220550769505280e+04 1.097782420638062639e+00 3.822454087925531785e+05 5.833484093635511817e+04 2.891570581599707948e+05 2.295584598552178941e+05 3.333475965477991122e+04 6.666820131489953201e+04 4.954739947123583406e+05 3.980739828399999851e+02 1.238378949326629064e+00 8.334641618153138552e+03 1.737597081776153645e+05 1.306728637795995601e+05 1.090106804041745636e+05 3.333469212642552156e+04 7.996188941608685127e+04
8.151677986730681732e+04 9.818347185097797774e+04 9.818342295881549944e+04 9.818279078433891118e+04 1.397222351251777764e+04 8.985011070018453756e+04 9.818296540940963314e+04 9.818315860265868832e+04 9.818338994264203939e+04 9.818310240316299314e+04 3.572450662186116679e+05 7.054645214946767373e+04 2.641576155803115689e+05 2.004774055095154035e+05 9.818347758912252903e+04 5.651664741575707012e+04 4.704744658053601743e+05 9.818329331559612183e+04 9.818324802827541134e+04 9.818336210323045088e+04 1.392363150677965023e+05 7.479298308596292918e+04 2.620107239720297366e+04 9.818338296318941866e+04 4.050231864470979053e+04
1.675647936674417360e+04 1.250183138230881377e+04 2.184103080450424386e+04 4.166821016556178074e+04 8.985011070018450846e+04 1.250101973364531113e+04 4.166843055077266035e+04 4.166862283761894651e+04 3.424116517184206896e+04 4.166855394607446942e+04 3.739125467218758422e+05 3.145124816956548239e+04 2.808242525906398077e+05 2.212256848319522105e+05 1.299783116038011394e+04 5.833544303355649026e+04 4.871410268453001045e+05 4.166864380283186620e+04 4.166862507563875261e+04 4.166868537125486182e+04 1.654269245520186378e+05 1.223400985986633314e+05 1.006779569966274430e+05 1.666860183863673592e+04 7.162919249810677138e+04
5.425639022762940294e+04 3.333508561346765055e+04 2.816252826806628946e+04 9.477926874953230829e-01 9.818296540940963314e+04 4.166843055077266035e+04 6.997740342834483096e-01 1.378894362486742686e+00 1.576246298246393235e+04 1.288546762536088908e+00 3.822454978198935278e+05 5.833505025533895241e+04 2.891571125496620662e+05 2.295585547287743830e+05 3.333502736064771307e+04 6.666841712520267174e+04 4.954740127974541392e+05 3.983077016408732902e+02 1.437683124016706060e+00 8.334921957028034740e+03 1.737597535971598409e+05 1.306730358602695633e+05 1.090108504055182566e+05 3.333497422580138664e+04 7.996211772779971943e+04
5.425654171899522771e+04 3.333524684290777805e+04 2.816270161341026687e+04 1.200234826220795803e+00 9.818315860265867377e+04 4.166862283761894651e+04 1.378894362486742908e+00 7.975339793303608538e-01 1.576261410983795395e+04 1.414049296356272523e+00 3.822455990746293101e+05 5.833521915415237891e+04 2.891572062428744393e+05 2.295586543282715429e+05 3.333519352681497548e+04 6.666857770502100175e+04 4.954740994192712824e+05 3.984283454707598366e+02 1.444526545619528646e+00 8.335064610561323207e+03 1.737599056816372904e+05 1.306731749783231644e+05 1.090109449769307248e+05 3.333514823960625654e+04 7.996227432006895833e+04
4.682911119183553819e+04 2.590777105365347234e+04 1.240158325882903955e+04 1.576220550769505280e+04 9.818338994264203939e+04 3.424116517184206896e+04 1.576246298246392871e+04 1.576261410983795577e+04 8.137291565271985746e+03 1.576259761970419459e+04 3.822457592559278128e+05 5.374330208667997067e+04 2.891573384490105091e+05 2.295588367159780755e+05 2.491558723765125615e+04 6.666872893367511278e+04 4.954742476460842881e+05 1.536574060635030582e+04 1.576263433253161384e+04 7.429166220916031307e+03 1.737600535468875314e+05 1.306733805194973247e+05 1.090112025746672734e+05 1.757421268080015579e+04 7.996244019104113977e+04
5.425652975318163226e+04 3.333520823437195941e+04 2.816260303672764348e+04 1.097782420638062639e+00 9.818310240316299314e+04 4.166855394607446942e+04 1.288546762536088908e+00 1.414049296356272523e+00 1.576259761970419277e+04 7.815251720959252024e-01 3.822455274006607360e+05 5.833519126993697137e+04 2.891571661410403321e+05 2.295585279022145551e+05 3.333509334886208671e+04 6.666853825138478715e+04 4.954741043865411193e+05 3.984101992809333410e+02 1.487777140071281812e+00 8.335026036955954623e+03 1.737597966910420801e+05 1.306730484621263604e+05 1.090109473284960404e+05 3.333504643532308546e+04 7.996218199025547074e+04
3.655792009536228725e+05 3.822457952145311283e+05 3.822457910085382173e+05 3.822454087925531785e+05 3.572450662186117261e+05 3.739125467218758422e+05 3.822454978198935278e+05 3.822455990746293101e+05 3.822457592559278128e+05 3.822455274006607360e+05 1.263692670589976478e+05 3.655792073739341577e+05 2.114293266117689200e+05 2.884866617392028566e+05 3.822458162965828669e+05 3.572458512907049153e+05 2.838540095706704305e+05 3.822455560216977028e+05 3.822455758289932855e+05 3.822456421511697699e+05 3.118315245695402264e+05 3.413541738858490717e+05 3.572094593574414030e+05 3.822457625552738900e+05 3.572458929771064431e+05
1.519246504103975531e+04 4.345527626391999365e+04 4.684409863424816285e+04 5.833484093635511817e+04 7.054645214946767373e+04 3.145124816956548239e+04 5.833505025533894514e+04 5.833521915415237891e+04 5.374330208667997067e+04 5.833519126993697137e+04 3.655792073739341577e+05 7.404670881164774073e+03 2.724909303467102000e+05 2.128924112062435015e+05 4.345524653866857989e+04 4.597396146823254821e+04 4.788077221594189759e+05 5.833525862236018293e+04 5.833525031656793726e+04 5.833535615833153861e+04 1.570936568871878844e+05 1.116287675875417190e+05 8.222470248040094157e+04 4.345527981326216104e+04 5.737404541069403058e+04
2.724909457423408749e+05 2.891575760487150401e+05 2.891574104778583860e+05 2.891570581599707948e+05 2.641576155803115689e+05 2.808242525906398077e+05 2.891571125496620662e+05 2.891572062428744393e+05 2.891573384490105091e+05 2.891571661410403321e+05 2.114293266117689200e+05 2.724909303467102000e+05 7.770143643235012132e+04 1.586144160707353440e+05 2.891575014461398241e+05 2.641575973113547079e+05 3.654569571010813233e+05 2.891572217089584447e+05 2.891572079675976420e+05 2.891573039383650757e+05 2.115224032809462806e+05 2.449331854423525510e+05 2.641210977151646512e+05 2.891574921037975582e+05 2.641575686252900632e+05
2.128923836986015085e+05 2.295590257710996957e+05 2.295589170995761524e+05 2.295584598552178941e+05 2.004774055095154035e+05 2.212256848319522105e+05 2.295585547287743830e+05 2.295586543282715429e+05 2.295588367159780755e+05 2.295585279022145551e+05 2.884866617392027983e+05 2.128924112062435015e+05 1.586144160707353440e+05 4.705791680519688089e+04 2.295589892087774933e+05 2.045590609692641592e+05 3.915713426563612884e+05 2.295587086758544028e+05 2.295586564683333854e+05 2.295587601460658188e+05 1.243674802888739941e+05 1.820519971068350424e+05 1.974160532956029638e+05 2.295589622696524311e+05 2.012427351939448272e+05
2.925663637917712549e+04 9.937674854899638603e+02 1.251547239669087867e+04 3.333475965477991849e+04 9.818347758912252903e+04 1.299783116038011394e+04 3.333502736064771307e+04 3.333519352681498276e+04 2.491558723765125615e+04 3.333509334886209399e+04 3.822458162965828669e+05 4.345524653866856534e+04 2.891575014461398241e+05 2.295589892087774933e+05 1.748858612213056176e+03 6.666880370962207962e+04 4.954743132778904401e+05 3.328795806892757537e+04 3.333520467107843433e+04 3.234312425093849015e+04 1.737602555932109535e+05 1.306734559869796940e+05 1.090112932660570368e+05 7.342978042013797676e+03 7.996254732117685489e+04
4.941269502774418652e+04 6.666882409519035718e+04 6.666879618540730735e+04 6.666820131489953201e+04 5.651664741575706284e+04 5.833544303355649026e+04 6.666841712520267174e+04 6.666857770502100175e+04 6.666872893367511278e+04 6.666853825138478715e+04 3.572458512907049153e+05 4.597396146823254821e+04 2.641575973113547079e+05 2.045590609692641592e+05 6.666880370962206507e+04 1.989783523481092288e+03 4.704743449499923154e+05 6.666865148520174262e+04 6.666862639222695725e+04 6.666875659500050824e+04 1.433255321223706997e+05 8.211038942983264860e+04 6.734460665610824071e+04 6.666878865187591873e+04 2.386260006877327760e+04
4.788077131056289072e+05 4.954743288921496714e+05 4.954742960812012316e+05 4.954739947123583406e+05 4.704744658053601743e+05 4.871410268453001045e+05 4.954740127974540810e+05 4.954740994192712824e+05 4.954742476460842881e+05 4.954741043865411193e+05 2.838540095706704305e+05 4.788077221594190341e+05 3.654569571010812651e+05 3.915713426563612884e+05 4.954743132778904401e+05 4.704743449499923154e+05 1.356312476604715048e+05 4.954741338722006185e+05 4.954740795711664832e+05 4.954742027557073743e+05 4.312067388341475162e+05 4.594345774566030595e+05 4.704379592016149545e+05 4.954742974286167882e+05 4.704743711828249507e+05
5.425658984973023325e+04 3.333521461856873066e+04 2.776584803476443631e+04 3.980739828400000420e+02 9.818329331559612183e+04 4.166864380283186620e+04 3.983077016408732334e+02 3.984283454707599503e+02 1.536574060635030582e+04 3.984101992809335115e+02 3.822455560216977028e+05 5.833525862236018293e+04 2.891572217089584447e+05 2.295587086758544319e+05 3.328795806892757537e+04 6.666865148520175717e+04 4.954741338722006185e+05 7.567107548380211028e+02 3.983897697870522734e+02 7.937995063183435377e+03 1.737600071759668062e+05 1.306732432510027138e+05 1.090110854796244967e+05 3.293825541441384121e+04 7.996242182709254848e+04
5.425659468844597723e+04 3.333529747423513618e+04 2.816274943054972391e+04 1.238378949326628842e+00 9.818324802827541134e+04 4.166862507563875261e+04 1.437683124016706282e+00 1.444526545619528646e+00 1.576263433253161020e+04 1.487777140071281812e+00 3.822455758289932855e+05 5.833525031656793726e+04 2.891572079675975838e+05 2.295586564683333854e+05 3.333520467107843433e+04 6.666862639222695725e+04 4.954740795711664832e+05 3.983897697870522734e+02 7.833202596225468106e-01 8.335091160015241257e+03 1.737599312621123099e+05 1.306731979818499967e+05 1.090110589362414757e+05 3.333517414260547957e+04 7.996235794825226185e+04
5.425666910680988804e+04 3.333526713871840184e+04 1.982933795966479374e+04 8.334641618153138552e+03 9.818336210323045088e+04 4.166868537125486182e+04 8.334921957028031102e+03 8.335064610561323207e+03 7.429166220916030397e+03 8.335026036955954623e+03 3.822456421511697699e+05 5.833535615833153861e+04 2.891573039383650757e+05 2.295587601460658188e+05 3.234312425093849015e+04 6.666875659500050824e+04 4.954742027557073743e+05 7.937995063183435377e+03 8.335091160015241257e+03 8.739807132584097582e-01 1.737600629832685809e+05 1.306732936666134192e+05 1.090111571910372877e+05 2.500179600935699636e+04 7.996247327969798062e+04
1.570936611239611229e+05 1.737603235416524403e+05 1.737601244611756119e+05 1.737597081776153645e+05 1.392363150677965023e+05 1.654269245520186378e+05 1.737597535971598409e+05 1.737599056816372904e+05 1.737600535468875314e+05 1.737597966910420801e+05 3.118315245695402264e+05 1.570936568871878844e+05 2.115224032809462806e+05 1.243674802888739941e+05 1.737602555932109535e+05 1.433255321223706997e+05 4.312067388341475744e+05 1.737600071759668062e+05 1.737599312621123099e+05 1.737600629832685809e+05 4.226904560054443573e+04 9.807781710954925802e+04 1.319855165111089300e+05 1.737602237839954032e+05 1.359779748417700466e+05
1.140068465712725883e+05 1.306735193653242168e+05 1.306733549047146807e+05 1.306728637795995601e+05 7.479298308596292918e+04 1.223400985986633314e+05 1.306730358602695778e+05 1.306731749783231644e+05 1.306733805194973247e+05 1.306730484621263604e+05 3.413541738858490717e+05 1.116287675875417190e+05 2.449331854423525510e+05 1.820519971068350424e+05 1.306734559869797085e+05 8.211038942983264860e+04 4.594345774566030595e+05 1.306732432510027138e+05 1.306731979818499967e+05 1.306732936666134046e+05 9.807781710954927257e+04 3.747064639993069432e+04 6.591705262603348820e+04 1.306734202420132206e+05 7.431517847765916667e+04
9.234466715911398933e+04 1.090113337371227826e+05 1.090112516270080814e+05 1.090106804041745636e+05 2.620107239720297002e+04 1.006779569966274285e+05 1.090108504055182566e+05 1.090109449769307248e+05 1.090112025746672734e+05 1.090109473284960404e+05 3.572094593574413448e+05 8.222470248040092702e+04 2.641210977151646512e+05 1.974160532956029638e+05 1.090112932660570514e+05 6.734460665610824071e+04 4.704379592016149545e+05 1.090110854796244967e+05 1.090110589362414757e+05 1.090111571910372877e+05 1.319855165111089591e+05 6.591705262603348820e+04 7.908624130944072931e+03 1.090112316806141025e+05 5.287341975026459841e+04
2.925656849457011776e+04 8.335191716076527882e+03 5.174037612409363646e+03 3.333469212642552156e+04 9.818338296318941866e+04 1.666860183863673592e+04 3.333497422580138664e+04 3.333514823960625654e+04 1.757421268080015216e+04 3.333504643532308546e+04 3.822457625552738318e+05 4.345527981326216104e+04 2.891574921037975582e+05 2.295589622696524311e+05 7.342978042013797676e+03 6.666878865187591873e+04 4.954742974286167882e+05 3.293825541441384121e+04 3.333517414260547957e+04 2.500179600935699636e+04 1.737602237839954032e+05 1.306734202420132206e+05 1.090112316806141025e+05 8.720205587679034087e-01 7.996250034834031248e+04
6.329588231226349308e+04 7.996254878965154057e+04 7.996249482875839749e+04 7.996188941608686582e+04 4.050231864470980508e+04 7.162919249810677138e+04 7.996211772779971943e+04 7.996227432006895833e+04 7.996244019104116887e+04 7.996218199025547074e+04 3.572458929771063849e+05 5.737404541069403786e+04 2.641575686252900632e+05 2.012427351939448272e+05 7.996254732117686945e+04 2.386260006877327032e+04 4.704743711828249507e+05 7.996242182709256303e+04 7.996235794825227640e+04 7.996247327969799517e+04 1.359779748417700466e+05 7.431517847765916667e+04 5.287341975026459841e+04 7.996250034834031248e+04 2.031634304422741116e+04
