5.801160202216768084e+03 9.414192139971140932e+03 4.171775334178338526e+05 1.716639990869719259e+04 1.364107085092392226e+05 2.565723009859531012e+05 1.716597255240327650e+04 1.716616515746900041e+04 8.139689882448587741e+04 9.414414942564826561e+03 1.934164333408937673e+05 1.279084083694229485e+05 3.974059411673700088e+05 1.716653791139947498e+04 1.716646248145460777e+04 1.824735720366979149e+04 2.968249793205040041e+05 1.716630424494839099e+04 3.471898600811695214e+05 7.106087448708814918e+04 1.722397607340135728e+05 1.716637294799033407e+04 1.716640004876310195e+04 4.915560447199975169e+04 1.773272891811707814e+05
9.414192139971140932e+03 5.168393905385756625e+03 4.171777163151205750e+05 7.753145574186130943e+03 1.364105828332772362e+05 2.565720346419513226e+05 7.753016777774952971e+03 7.753229542338586725e+03 8.139682975636192714e+04 1.882740786579399719e+04 1.934165129593023739e+05 1.279085317570388434e+05 3.974060332381657208e+05 7.753235932310279168e+03 7.753203960035557429e+03 2.713321834653661062e+04 2.968248026983429445e+05 7.753340525545259879e+03 3.471898184082401567e+05 7.450629413711909729e+04 1.722399292046147748e+05 7.753392313084540547e+03 7.753167700021198470e+03 5.303178368992975447e+04 1.773270633059196989e+05
4.171775334178338526e+05 4.171777163151205750e+05 6.287096082448589004e+04 4.171775882362044067e+05 3.280305730530727888e+05 2.346689131682092848e+05 4.171773638213858940e+05 4.171774175354011240e+05 3.822941179833217175e+05 4.171778206029113499e+05 2.762547773401553859e+05 3.357824513909097877e+05 1.512384319334170723e+05 4.171776399891010369e+05 4.171777116199799348e+05 4.171776066810964840e+05 2.247520003142920323e+05 4.171774671254932764e+05 1.750259509432149644e+05 3.822940254646936082e+05 3.108654305210495950e+05 4.171774902550870902e+05 4.171775358224337688e+05 3.997357764882643241e+05 2.976074699536508997e+05
1.716639990869719259e+04 7.753145574186130943e+03 4.171775882362044067e+05 4.092352382611582073e-01 1.364105450665303506e+05 2.565720099392994307e+05 8.590223353651132987e-01 1.038672845919552001e+00 8.139673839824908646e+04 2.657941622555239155e+04 1.934163665693684889e+05 1.279084830977058591e+05 3.974059461309571634e+05 1.162571221790391407e+00 1.024234795127858755e+00 3.488516472966397123e+04 2.968246802268791944e+05 1.125062478797415055e+00 3.471896461640945636e+05 8.139686964488397643e+04 1.722398659047414549e+05 1.226058773773213373e+00 8.713377504852021227e-01 6.078374030060596124e+04 1.773270347528451530e+05
1.364107085092392226e+05 1.364105828332772362e+05 3.280305730530727888e+05 1.364105450665303506e+05 1.756487402106247828e+04 1.674249996104509337e+05 1.364103044463762781e+05 1.364103720467135718e+05 7.827076859071188665e+04 1.330883585379726719e+05 9.851475423463569314e+04 2.461142379439364231e+04 3.082589509900114499e+05 1.364105636882684776e+05 1.364105637723237451e+05 1.242554506223439093e+05 2.076051916991681792e+05 1.364105704108825885e+05 2.578247581540382816e+05 8.742059660127022653e+04 5.702127916514177195e+04 1.364107032861306798e+05 1.364104131971908791e+05 1.018038073618858180e+05 7.640661219528435322e+04
2.565723009859531594e+05 2.565720346419513226e+05 2.346689131682092266e+05 2.565720099392994307e+05 1.674249996104509337e+05 2.298132307183014927e+04 2.565719218713187147e+05 2.565719636508086696e+05 2.216885571857808391e+05 2.565721071907771111e+05 1.096659977157390240e+05 1.751770574544213305e+05 2.141745861770752526e+05 2.565720602613878145e+05 2.565720614039774809e+05 2.565722499642144539e+05 8.845184979421508615e+04 2.565720438230482687e+05 1.491095646684915118e+05 2.216886656018836366e+05 1.502601378426568990e+05 2.565721239733255061e+05 2.565718226447373163e+05 2.391305225476616179e+05 1.370015255264835432e+05
1.716597255240327650e+04 7.753016777774954789e+03 4.171773638213858940e+05 8.590223353651132987e-01 1.364103044463762781e+05 2.565719218713187147e+05 1.837244752376524792e-01 4.709003656231712798e-01 8.139646763649646891e+04 2.657923763011907795e+04 1.934160847646961338e+05 1.279079559000122827e+05 3.974056585113334586e+05 1.094184623111838173e+00 1.018830438151536510e+00 3.488473352742735733e+04 2.968246721410766477e+05 7.411098946942109578e-01 3.471896886558501283e+05 8.139631079137427150e+04 1.722393925509341352e+05 8.343164960240574413e-01 7.732083517206210788e-01 6.078323761139227281e+04 1.773268324053191172e+05
1.716616515746900041e+04 7.753229542338587635e+03 4.171774175354011240e+05 1.038672845919552001e+00 1.364103720467135718e+05 2.565719636508086696e+05 4.709003656231712798e-01 3.389189763465804139e-01 8.139656627941020997e+04 2.657936751194642420e+04 1.934161821933827887e+05 1.279080778922298487e+05 3.974056814013004187e+05 1.227451051048188413e+00 1.179536064191543332e+00 3.488491702952532796e+04 2.968247906044869451e+05 8.247203399682851988e-01 3.471897295016121352e+05 8.139647840263448597e+04 1.722394881317980180e+05 9.698397855744333995e-01 8.373736283947524894e-01 6.078339754968354828e+04 1.773268863141518377e+05
8.139689882448587741e+04 8.139682975636192714e+04 3.822941179833217175e+05 8.139673839824910101e+04 7.827076859071191575e+04 2.216885571857807809e+05 8.139646763649649802e+04 8.139656627941020997e+04 1.922354541737033287e+03 7.807454883617603627e+04 1.533647825112785504e+05 6.015906961493040581e+04 3.625224033225880121e+05 8.139673091464811296e+04 8.139678587442974094e+04 6.976903420216364611e+04 2.619413331118492351e+05 8.139679914191074204e+04 3.123061928355419659e+05 2.339977130336339178e+04 1.157614749577110633e+05 8.139684203727223212e+04 8.139657737658085534e+04 5.155818880258504942e+04 1.308155258425277134e+05
9.414414942564826561e+03 1.882740786579399719e+04 4.171778206029113499e+05 2.657941622555239155e+04 1.330883585379726719e+05 2.565721071907770238e+05 2.657923763011908159e+04 2.657936751194642420e+04 7.807454883617605083e+04 4.746460990098580623e+03 1.934165855562367069e+05 1.245862750756994355e+05 3.974060086334552034e+05 2.657948957933176644e+04 2.657943556793687094e+04 9.414162259105693010e+03 2.968248718597648549e+05 2.657950302167982954e+04 3.471898324900984298e+05 6.773863322468096158e+04 1.693923915194495930e+05 2.657947999936715132e+04 2.657931666547453642e+04 4.583350159384526341e+04 1.773270424082140962e+05
1.934164333408937673e+05 1.934165129593023739e+05 2.762547773401553859e+05 1.934163665693684889e+05 9.851475423463569314e+04 1.096659977157390240e+05 1.934160847646961338e+05 1.934161821933827887e+05 1.533647825112785504e+05 1.934165855562367069e+05 1.999023292859542562e+04 1.062995130503595719e+05 2.564832162459658575e+05 1.934164606942095270e+05 1.934164481720454933e+05 1.934165338124269620e+05 1.521831302735947538e+05 1.934163108751390537e+05 2.062669786284605507e+05 1.579586776252232667e+05 8.181744943064835388e+04 1.934163827798648272e+05 1.934162431934546330e+05 1.759746514519205084e+05 6.221361964054327109e+04
1.279084083694229485e+05 1.279085317570388434e+05 3.357824513909097877e+05 1.279084830977058591e+05 2.461142379439364231e+04 1.751770574544213305e+05 1.279079559000122827e+05 1.279080778922298487e+05 6.015906961493039853e+04 1.245862750756994355e+05 1.062995130503595719e+05 1.922427885912225520e+03 3.160106647766715032e+05 1.279085450072740059e+05 1.279085826325941307e+05 1.162805296080470143e+05 2.154296648162913625e+05 1.279082877561920759e+05 2.657947654413715354e+05 8.010451493865463999e+04 6.646956620587140787e+04 1.279083751824969222e+05 1.279083605837327050e+05 9.883860237324643822e+04 8.430388515244900191e+04
3.974059411673700088e+05 3.974060332381657208e+05 1.512384319334170432e+05 3.974059461309571634e+05 3.082589509900114499e+05 2.141745861770752526e+05 3.974056585113334586e+05 3.974056814013004187e+05 3.625224033225880703e+05 3.974060086334552034e+05 2.564832162459658575e+05 3.160106647766715032e+05 5.499496446595696762e+04 3.974059351918232860e+05 3.974059692603875301e+05 3.974059022653062129e+05 2.026370816015881428e+05 3.974057232899495866e+05 1.536606990259955055e+05 3.625222774938757066e+05 2.910937867677886970e+05 3.974057799361920916e+05 3.974058279959749198e+05 3.799641326647991664e+05 2.778356509930400061e+05
1.716653791139947498e+04 7.753235932310279168e+03 4.171776399891010369e+05 1.162571221790391185e+00 1.364105636882684776e+05 2.565720602613878145e+05 1.094184623111838173e+00 1.227451051048188191e+00 8.139673091464811296e+04 2.657948957933175916e+04 1.934164606942095270e+05 1.279085450072740059e+05 3.974059351918232860e+05 4.218711833001382305e-01 1.067541065772212416e+00 3.488529150385287357e+04 2.968248296921967994e+05 1.280132008558304557e+00 3.471897574126338586e+05 8.139691473358182702e+04 1.722399564129186911e+05 1.188776269683230691e+00 1.107748568847386705e+00 6.078384284606413712e+04 1.773270562846075336e+05
1.716646248145460777e+04 7.753203960035557429e+03 4.171777116199799348e+05 1.024234795127858755e+00 1.364105637723237160e+05 2.565720614039774809e+05 1.018830438151536510e+00 1.179536064191543332e+00 8.139678587442974094e+04 2.657943556793687094e+04 1.934164481720454933e+05 1.279085826325941307e+05 3.974059692603875301e+05 1.067541065772212416e+00 3.890556835277553804e-01 3.488527215065030759e+04 2.968247423576028086e+05 1.211793168227738082e+00 3.471897214070556220e+05 8.139686388944255305e+04 1.722399440467066015e+05 1.198574570854059607e+00 1.099657313017269988e+00 6.078380219934718480e+04 1.773270738748075091e+05
1.824735720366979149e+04 2.713321834653661062e+04 4.171776066810964840e+05 3.488516472966397123e+04 1.242554506223439093e+05 2.565722499642144539e+05 3.488473352742735733e+04 3.488491702952532796e+04 6.976903420216363156e+04 9.414162259105693010e+03 1.934165338124269620e+05 1.162805296080470143e+05 3.974059022653062129e+05 3.488529150385287357e+04 3.488527215065030759e+04 2.004287974759654844e+03 2.968249896659952356e+05 3.488508913014333666e+04 3.471900760278062080e+05 5.919555264189246373e+04 1.622730891704577953e+05 3.488509789617514616e+04 3.488514382863017090e+04 3.642028806261486170e+04 1.773271840071309416e+05
2.968249793205040041e+05 2.968248026983429445e+05 2.247520003142920032e+05 2.968246802268791944e+05 2.076051916991682374e+05 8.845184979421508615e+04 2.968246721410766477e+05 2.968247906044869451e+05 2.619413331118492351e+05 2.968248718597648549e+05 1.521831302735947538e+05 2.154296648162913625e+05 2.026370816015881428e+05 2.968248296921967994e+05 2.968247423576028086e+05 2.968249896659952356e+05 3.450766011547419475e+04 2.968248296302733943e+05 1.349248477068224747e+05 2.619412555380509293e+05 1.905128849837108282e+05 2.968249121607065899e+05 2.968246042387647321e+05 2.793832551544942544e+05 1.763461318485253432e+05
1.716630424494839099e+04 7.753340525545259879e+03 4.171774671254932764e+05 1.125062478797415055e+00 1.364105704108825594e+05 2.565720438230482687e+05 7.411098946942109578e-01 8.247203399682851988e-01 8.139679914191074204e+04 2.657950302167982954e+04 1.934163108751390537e+05 1.279082877561920759e+05 3.974057232899495866e+05 1.280132008558304557e+00 1.211793168227738082e+00 3.488508913014333666e+04 2.968248296302733943e+05 3.458149072584313921e-01 3.471897844154182239e+05 8.139664110568453907e+04 1.722396559725164843e+05 9.500270044330977326e-01 9.540506304753728628e-01 6.078354813902981550e+04 1.773270314671069500e+05
3.471898600811695214e+05 3.471898184082401567e+05 1.750259509432149644e+05 3.471896461640945636e+05 2.578247581540382816e+05 1.491095646684915118e+05 3.471896886558501865e+05 3.471897295016122516e+05 3.123061928355419659e+05 3.471898324900985463e+05 2.062669786284605507e+05 2.657947654413715354e+05 1.536606990259954764e+05 3.471897574126338586e+05 3.471897214070556220e+05 3.471900760278062080e+05 1.349248477068224747e+05 3.471897844154182239e+05 5.189186197571465163e+04 3.123063520061715972e+05 2.408777667920987296e+05 3.471898031169528840e+05 3.471895955962905427e+05 3.297481250581868808e+05 2.276194916995269305e+05
7.106087448708814918e+04 7.450629413711909729e+04 3.822940254646936082e+05 8.139686964488397643e+04 8.742059660127022653e+04 2.216886656018836366e+05 8.139631079137427150e+04 8.139647840263448597e+04 2.339977130336339178e+04 6.773863322468096158e+04 1.579586776252232667e+05 8.010451493865463999e+04 3.625222774938757066e+05 8.139691473358182702e+04 8.139686388944255305e+04 5.919555264189246373e+04 2.619412555380509293e+05 8.139664110568453907e+04 3.123063520061715972e+05 6.212751565884201227e+03 1.260973284811918420e+05 8.139667403446399840e+04 8.139673028410405095e+04 3.104245081096127615e+04 1.411515807725111081e+05
1.722397607340135728e+05 1.722399292046147748e+05 3.108654305210495950e+05 1.722398659047414549e+05 5.702127916514177923e+04 1.502601378426568990e+05 1.722393925509341352e+05 1.722394881317980180e+05 1.157614749577110633e+05 1.693923915194495930e+05 8.181744943064835388e+04 6.646956620587142243e+04 2.910937867677886388e+05 1.722399564129186911e+05 1.722399440467066015e+05 1.622730891704577953e+05 1.905128849837108282e+05 1.722396559725164843e+05 2.408777667920987296e+05 1.260973284811918420e+05 1.491916149546098495e+04 1.722398132986493292e+05 1.722397485533069121e+05 1.448311345046586648e+05 3.065659688078355612e+04
1.716637294799033407e+04 7.753392313084540547e+03 4.171774902550870902e+05 1.226058773773213817e+00 1.364107032861306798e+05 2.565721239733254770e+05 8.343164960240574413e-01 9.698397855744333995e-01 8.139684203727223212e+04 2.657947999936715132e+04 1.934163827798648272e+05 1.279083751824969222e+05 3.974057799361920916e+05 1.188776269683230691e+00 1.198574570854059607e+00 3.488509789617514616e+04 2.968249121607065899e+05 9.500270044330977326e-01 3.471898031169528840e+05 8.139667403446399840e+04 1.722398132986493292e+05 3.426181116350411338e-01 1.172010078311495951e+00 6.078359929102332535e+04 1.773271180975822208e+05
1.716640004876310195e+04 7.753167700021200289e+03 4.171775358224337688e+05 8.713377504852021227e-01 1.364104131971908791e+05 2.565718226447373163e+05 7.732083517206210788e-01 8.373736283947524894e-01 8.139657737658085534e+04 2.657931666547452915e+04 1.934162431934546330e+05 1.279083605837327050e+05 3.974058279959749198e+05 1.107748568847386705e+00 1.099657313017270210e+00 3.488514382863017090e+04 2.968246042387647321e+05 9.540506304753728628e-01 3.471895955962905427e+05 8.139673028410405095e+04 1.722397485533069121e+05 1.172010078311495729e+00 3.626135824263458929e-01 6.078364548664403992e+04 1.773268603934371495e+05
4.915560447199975169e+04 5.303178368992976903e+04 3.997357764882643241e+05 6.078374030060596124e+04 1.018038073618858180e+05 2.391305225476615597e+05 6.078323761139227281e+04 6.078339754968354828e+04 5.155818880258504214e+04 4.583350159384526341e+04 1.759746514519205084e+05 9.883860237324643822e+04 3.799641326647991664e+05 6.078384284606413712e+04 6.078380219934718480e+04 3.642028806261486170e+04 2.793832551544942544e+05 6.078354813902981550e+04 3.297481250581868808e+05 3.104245081096127615e+04 1.448311345046586648e+05 6.078359929102332535e+04 6.078364548664403992e+04 2.205509603759073434e+04 1.598854711798778444e+05
1.773272891811707814e+05 1.773270633059196989e+05 2.976074699536508997e+05 1.773270347528451530e+05 7.640661219528435322e+04 1.370015255264835432e+05 1.773268324053191172e+05 1.773268863141517795e+05 1.308155258425277134e+05 1.773270424082140962e+05 6.221361964054326381e+04 8.430388515244900191e+04 2.778356509930400061e+05 1.773270562846075336e+05 1.773270738748075091e+05 1.773271840071309416e+05 1.763461318485252850e+05 1.773270314671069500e+05 2.276194916995269305e+05 1.411515807725111081e+05 3.065659688078355612e+04 1.773271180975822208e+05 1.773268603934371495e+05 1.598854711798778444e+05 1.962045977681106160e+04
