1.006377800568941020e+05 3.922710433749969816e+05 2.255175067091842357e+05 3.922710855485617067e+05 3.922712336822294747e+05 3.351286583740053466e+05 3.922712511168162455e+05 3.922711208675575908e+05 3.808428531553410576e+05 2.785893061874781852e+05 3.922714152355142869e+05 3.597544759234634112e+05 3.694143335721440963e+05 3.922711082363435999e+05 3.922713059579186956e+05 3.922714305795812979e+05 3.922711385609811987e+05 2.594105172773615632e+05 3.534960138654855546e+05 3.694142971297303447e+05 3.256049355453416356e+05 3.922713296416367521e+05 3.637000276378451963e+05 3.922711943018484744e+05 3.015243842858063872e+05
3.922710433749969816e+05 3.733147505408080380e-01 3.015184145406444441e+05 8.022526737610150560e-01 1.142976896079329163e+04 1.376885148594455968e+05 1.142979515737740621e+04 9.820336902257258416e-01 4.000137830121184379e+04 2.418277405156546447e+05 2.357270740286077125e+04 9.695944168152369093e+04 6.611307178284437396e+04 9.161785777720128365e-01 1.142985219980918737e+04 1.469513748275834223e+04 1.015296905195059329e+00 4.668224790095062926e+05 1.084519087718243973e+05 5.175966863050318352e+04 1.658786491177343123e+05 1.142980761480063484e+04 8.148635284737819165e+04 9.388893998564306457e+03 1.979269710533877369e+05
2.255175067091842357e+05 3.015184145406444441e+05 7.991619395426308620e+04 3.015185566216994775e+05 3.015187747155330144e+05 2.408386897820091399e+05 3.015187904467543121e+05 3.015185817230462562e+05 2.900904156729024835e+05 1.634035521736432274e+05 3.015188670612755232e+05 2.706055679080177797e+05 2.786617193656399031e+05 3.015185913784787990e+05 3.015188168698168010e+05 3.015187916963166208e+05 3.015185792479119846e+05 3.147672803773441701e+05 2.632002883830830688e+05 2.786616545748371282e+05 2.263660906713097356e+05 3.015187831002415624e+05 2.729475391005123965e+05 3.015187113729215343e+05 1.999520419049787743e+05
3.922710855485617067e+05 8.022526737610152781e-01 3.015185566216994775e+05 5.451504792862120752e-01 1.142995153709467559e+04 1.376886607598983683e+05 1.142995318702054101e+04 1.165927042718592155e+00 4.000154525943336193e+04 2.418277563119776314e+05 2.357301498892924792e+04 9.695948276684210578e+04 6.611332365298524383e+04 9.649509401059768177e-01 1.142999998488911660e+04 1.469541222814245702e+04 1.227016200189836370e+00 4.668224254112307681e+05 1.084520618885984295e+05 5.175978639754332835e+04 1.658787926019188017e+05 1.143009197242509617e+04 8.148642280019421014e+04 9.389038427250929089e+03 1.979271379062446940e+05
3.922712336822294747e+05 1.142976896079329163e+04 3.015187747155330144e+05 1.142995153709467559e+04 6.361542482378662600e-01 1.376890521543084178e+05 1.281781449519453053e+00 1.143008041913919988e+04 4.000183309101715713e+04 2.418279983431129367e+05 2.357328454446968317e+04 9.695982066167534504e+04 6.611366850168340898e+04 1.143002678665300300e+04 1.413624726702841006e+00 1.469561629986292064e+04 1.143011719346218342e+04 4.668225560725340038e+05 1.084524589248337579e+05 5.176018905796946638e+04 1.658791750013042474e+05 1.538127412974517272e+00 8.148678716794858337e+04 3.062682602570199833e+03 1.979273513511366909e+05
3.351286583740053466e+05 1.376885148594455968e+05 2.408386897820091399e+05 1.376886607598983683e+05 1.376890521543084469e+05 2.440812176569210715e+04 1.376890595047867973e+05 1.376887798040459456e+05 1.262604610561226145e+05 1.722894284411916451e+05 1.376890828627196897e+05 8.897302218776707014e+04 1.107418341819249181e+05 1.376887516759649152e+05 1.376890926191854232e+05 1.376890224215260532e+05 1.376888784068046371e+05 4.051901680536447093e+05 7.114733178750170919e+04 1.148192174623077008e+05 6.914799345676967641e+04 1.376890096434646694e+05 9.743462568297880352e+04 1.376890174500700086e+05 1.175996353603508760e+05
3.922712511168162455e+05 1.142979515737740621e+04 3.015187904467543121e+05 1.142995318702054101e+04 1.281781449519453053e+00 1.376890595047867973e+05 6.118541995670465639e-01 1.143012098889829576e+04 4.000183506136422511e+04 2.418280825802149193e+05 2.357329438335927625e+04 9.695976522948537604e+04 6.611362900140995043e+04 1.143002739937909973e+04 1.418979083873203040e+00 1.469560020211524898e+04 1.143016185250308445e+04 4.668226058628797182e+05 1.084524598934045644e+05 5.176014645095526066e+04 1.658791926825344854e+05 1.623408902152370548e+00 8.148677327997029352e+04 3.062652919914048198e+03 1.979274227667801315e+05
3.922711208675575908e+05 9.820336902257258416e-01 3.015185817230462562e+05 1.165927042718592155e+00 1.143008041913919988e+04 1.376887798040459456e+05 1.143012098889829576e+04 5.850350672655431072e-01 4.000177239518718852e+04 2.418279746452804247e+05 2.357309588689170778e+04 9.695977382504078560e+04 6.611347758064292429e+04 1.232866595048338842e+00 1.143021057972234848e+04 1.469550015948673718e+04 1.169691434434981803e+00 4.668225059182731784e+05 1.084522202592596295e+05 5.176010026295949501e+04 1.658789010230317654e+05 1.143018213965322502e+04 8.148669767627293186e+04 9.389178093653377800e+03 1.979272068328812311e+05
3.808428531553410576e+05 4.000137830121184379e+04 2.900904156729024835e+05 4.000154525943336193e+04 4.000183309101715713e+04 1.262604610561225854e+05 4.000183506136422511e+04 4.000177239518718852e+04 1.142929882871878726e+04 2.303996527852770232e+05 1.643025664251244962e+04 7.940881012748013018e+04 3.754212650811274216e+04 4.000165031040194299e+04 4.000183677167702990e+04 2.530790454558527927e+04 4.000179291542124702e+04 4.553941738631345215e+05 9.212587308656153618e+04 1.665790226654882281e+04 1.544506733428203443e+05 4.000186648337220686e+04 5.862960458447806013e+04 3.898132605351509847e+04 1.864990059339212603e+05
2.785893061874781852e+05 2.418277405156546447e+05 1.634035521736431983e+05 2.418277563119776605e+05 2.418279983431129367e+05 1.722894284411916451e+05 2.418280825802149193e+05 2.418279746452804247e+05 2.303996527852770232e+05 4.895166921242154058e+04 2.418282046167177323e+05 2.090780740922381810e+05 2.189711001707504329e+05 2.418278133657744038e+05 2.418281065599452995e+05 2.418281712954794348e+05 2.418279188917852589e+05 3.562745160097276676e+05 2.003222063506984850e+05 2.189709798877850699e+05 1.486286143258632510e+05 2.418281176908427442e+05 2.132567976234533708e+05 2.418279361060600495e+05 1.154554385285506141e+05
3.922714152355142869e+05 2.357270740286077125e+04 3.015188670612755232e+05 2.357301498892924792e+04 2.357328454446968317e+04 1.376890828627196897e+05 2.357329438335927625e+04 2.357309588689170778e+04 1.643025664251244962e+04 2.418282046167177323e+05 1.250686522300305569e+03 9.083750914460099011e+04 4.897061507685279503e+04 2.357313193081447389e+04 2.357326482436584047e+04 8.879098026752049918e+03 2.357315849225628335e+04 4.668228125449153013e+05 1.035544983065623237e+05 3.183660066050426030e+04 1.658791752497147245e+05 2.357325988695882916e+04 7.005820354686607607e+04 2.255279303294641068e+04 1.979274834338266810e+05
3.597544759234634112e+05 9.695944168152369093e+04 2.706055679080177797e+05 9.695948276684210578e+04 9.695982066167534504e+04 8.897302218776707014e+04 9.695976522948537604e+04 9.695977382504081470e+04 7.940881012748013018e+04 2.090780740922382101e+05 9.083750914460099011e+04 1.819916345610328790e+04 5.859474609207658068e+04 9.695959310315334005e+04 9.695981583638652228e+04 9.521068803201898118e+04 9.695979880926354963e+04 4.363465046131602721e+05 4.627255102753856772e+04 6.771969493570500345e+04 1.207364957055280101e+05 9.695996669911796926e+04 3.834154694022425247e+04 9.695982559997022327e+04 1.621452561092502729e+05
3.694143335721441545e+05 6.611307178284437396e+04 2.786617193656399031e+05 6.611332365298524383e+04 6.611366850168340898e+04 1.107418341819249326e+05 6.611362900140995043e+04 6.611347758064292429e+04 3.754212650811274216e+04 2.189711001707504329e+05 4.897061507685279503e+04 5.859474609207658068e+04 4.170426648667970767e+03 6.611340822571664467e+04 6.611364565116280573e+04 5.713391457508657186e+04 6.611347892604075605e+04 4.439657325037694536e+05 7.609270831288225600e+04 2.120269629010934295e+04 1.427769664787788934e+05 6.611363856200779264e+04 3.250927941099133022e+04 6.611355949661041086e+04 1.750703446416209335e+05
3.922711082363435999e+05 9.161785777720128365e-01 3.015185913784787990e+05 9.649509401059768177e-01 1.143002678665300300e+04 1.376887516759649152e+05 1.143002739937909973e+04 1.232866595048338842e+00 4.000165031040194299e+04 2.418278133657744038e+05 2.357313193081447389e+04 9.695959310315334005e+04 6.611340822571664467e+04 6.032294927079639990e-01 1.143007016194467360e+04 1.469554198327660743e+04 1.284644662617923760e+00 4.668224751807010616e+05 1.084521499027802929e+05 5.175990892615448684e+04 1.658788726215237402e+05 1.143018883193232432e+04 8.148653303279439569e+04 9.389122314102818564e+03 1.979271875668898865e+05
3.922713059579187538e+05 1.142985219980918737e+04 3.015188168698168010e+05 1.142999998488911660e+04 1.413624726702841228e+00 1.376890926191854232e+05 1.418979083873203040e+00 1.143021057972234848e+04 4.000183677167702990e+04 2.418281065599452995e+05 2.357326482436584047e+04 9.695981583638652228e+04 6.611364565116280573e+04 1.143007016194467360e+04 6.718876455559407157e-01 1.469568312535856785e+04 1.143023120504597136e+04 4.668225861947296071e+05 1.084524631274340209e+05 5.176015072600254643e+04 1.658791793077377079e+05 1.541088712665598770e+00 8.148674157895208918e+04 3.062725641286065184e+03 1.979274122919524671e+05
3.922714305795812979e+05 1.469513748275834223e+04 3.015187916963166208e+05 1.469541222814245702e+04 1.469561629986292064e+04 1.376890224215260532e+05 1.469560020211525261e+04 1.469550015948673718e+04 2.530790454558527927e+04 2.418281712954793766e+05 8.879098026752049918e+03 9.521068803201898118e+04 5.713391457508657186e+04 1.469554198327660924e+04 1.469568312535856967e+04 4.665466944309614519e+03 1.469555041037567207e+04 4.668228068402929930e+05 1.070531196702304878e+05 4.053560125289909774e+04 1.658790829200949811e+05 1.469558797629543187e+04 7.822151631726475898e+04 1.367515230460683961e+04 1.979274777077267354e+05
3.922711385609811987e+05 1.015296905195059107e+00 3.015185792479119846e+05 1.227016200189836592e+00 1.143011719346218342e+04 1.376888784068046371e+05 1.143016185250308445e+04 1.169691434434982025e+00 4.000179291542124702e+04 2.418279188917852589e+05 2.357315849225627971e+04 9.695979880926354963e+04 6.611347892604075605e+04 1.284644662617923760e+00 1.143023120504597136e+04 1.469555041037567025e+04 5.928371911046109721e-01 4.668225354106277809e+05 1.084522160701800749e+05 5.176008613695319218e+04 1.658789163354628545e+05 1.143024586338443987e+04 8.148672864718995697e+04 9.389174743603243769e+03 1.979272327527064190e+05
2.594105172773615923e+05 4.668224790095062926e+05 3.147672803773441701e+05 4.668224254112307681e+05 4.668225560725340038e+05 4.051901680536447093e+05 4.668226058628797182e+05 4.668225059182731784e+05 4.553941738631345215e+05 3.562745160097276676e+05 4.668228125449153013e+05 4.363465046131602721e+05 4.439657325037694536e+05 4.668224751807010616e+05 4.668225861947296071e+05 4.668228068402929930e+05 4.668225354106277809e+05 1.178944406783645245e+05 4.292717759549104958e+05 4.439656643613814376e+05 4.001562272108173347e+05 4.668227001344810124e+05 4.382513528956984519e+05 4.668225113838805119e+05 3.760441952788993367e+05
3.534960138654855546e+05 1.084519087718243973e+05 2.632002883830830688e+05 1.084520618885984295e+05 1.084524589248337579e+05 7.114733178750168008e+04 1.084524598934045498e+05 1.084522202592596295e+05 9.212587308656153618e+04 2.003222063506985141e+05 1.035544983065623237e+05 4.627255102753856772e+04 7.609270831288225600e+04 1.084521499027802929e+05 1.084524631274340209e+05 1.070531196702304878e+05 1.084522160701800749e+05 4.292717759549104958e+05 2.803283893576430273e+04 8.068464359731994045e+04 1.111622369369269727e+05 1.084523781853665132e+05 6.115172316775000218e+04 1.084523363495397207e+05 1.470280471516041725e+05
3.694142971297303447e+05 5.175966863050318352e+04 2.786616545748371282e+05 5.175978639754332835e+04 5.176018905796946638e+04 1.148192174623076717e+05 5.176014645095526066e+04 5.176010026295949501e+04 1.665790226654882281e+04 2.189709798877850699e+05 3.183660066050426030e+04 6.771969493570501800e+04 2.120269629010934295e+04 5.175990892615448684e+04 5.176015072600254643e+04 4.053560125289909774e+04 5.176008613695319218e+04 4.439656643613814376e+05 8.068464359731994045e+04 5.490776332676028687e+03 1.429459016679283523e+05 5.176023319951359736e+04 4.371878287355040084e+04 5.135921255982900038e+04 1.750703780278603663e+05
3.256049355453416356e+05 1.658786491177343123e+05 2.263660906713096483e+05 1.658787926019188017e+05 1.658791750013042474e+05 6.914799345676967641e+04 1.658791926825344854e+05 1.658789010230317654e+05 1.544506733428203443e+05 1.486286143258632510e+05 1.658791752497147245e+05 1.207364957055280101e+05 1.427769664787788934e+05 1.658788726215237402e+05 1.658791793077377079e+05 1.658790829200949520e+05 1.658789163354628254e+05 4.001562272108173347e+05 1.111622369369269582e+05 1.429459016679283523e+05 3.225094980696283528e+04 1.658791782295734738e+05 1.312706694294078625e+05 1.658790926699812408e+05 8.084713825386099052e+04
3.922713296416367521e+05 1.142980761480063484e+04 3.015187831002415624e+05 1.143009197242509617e+04 1.538127412974517494e+00 1.376890096434646694e+05 1.623408902152370548e+00 1.143018213965322502e+04 4.000186648337220686e+04 2.418281176908427442e+05 2.357325988695882916e+04 9.695996669911796926e+04 6.611363856200779264e+04 1.143018883193232432e+04 1.541088712665598770e+00 1.469558797629543187e+04 1.143024586338443987e+04 4.668227001344810124e+05 1.084523781853665278e+05 5.176023319951359736e+04 1.658791782295734738e+05 6.379933723467249296e-01 8.148685993128948030e+04 3.062825690265823596e+03 1.979273841866353469e+05
3.637000276378452545e+05 8.148635284737819165e+04 2.729475391005123965e+05 8.148642280019423924e+04 8.148678716794858337e+04 9.743462568297880352e+04 8.148677327997029352e+04 8.148669767627293186e+04 5.862960458447805286e+04 2.132567976234533708e+05 7.005820354686607607e+04 3.834154694022425247e+04 3.250927941099133022e+04 8.148653303279442480e+04 8.148674157895208918e+04 7.822151631726475898e+04 8.148672864718995697e+04 4.382513528956984519e+05 6.115172316775000218e+04 4.371878287355040084e+04 1.312706694294078625e+05 8.148685993128948030e+04 7.696875804974150014e+03 8.148668226376904931e+04 1.693561534525925817e+05
3.922711943018485908e+05 9.388893998564308276e+03 3.015187113729215343e+05 9.389038427250929089e+03 3.062682602570199833e+03 1.376890174500700086e+05 3.062652919914049107e+03 9.389178093653377800e+03 3.898132605351509847e+04 2.418279361060600786e+05 2.255279303294641068e+04 9.695982559997022327e+04 6.611355949661041086e+04 9.389122314102818564e+03 3.062725641286065184e+03 1.367515230460684143e+04 9.389174743603243769e+03 4.668225113838805119e+05 1.084523363495397352e+05 5.135921255982900038e+04 1.658790926699812408e+05 3.062825690265824051e+03 8.148668226376904931e+04 3.572042454922556772e+03 1.979273747502596816e+05
3.015243842858063872e+05 1.979269710533877369e+05 1.999520419049787160e+05 1.979271379062446940e+05 1.979273513511366909e+05 1.175996353603508760e+05 1.979274227667801315e+05 1.979272068328812311e+05 1.864990059339212603e+05 1.154554385285506287e+05 1.979274834338266810e+05 1.621452561092502729e+05 1.750703446416209335e+05 1.979271875668898865e+05 1.979274122919524671e+05 1.979274777077267354e+05 1.979272327527064190e+05 3.760441952788993367e+05 1.470280471516041725e+05 1.750703780278603663e+05 8.084713825386099052e+04 1.979273841866354051e+05 1.693561534525925817e+05 1.979273747502596816e+05 4.312470835236309358e+04
