3.820446853371892715e-01 4.058610835228514770e+04 6.493668359666021570e+04 1.298823209225501705e+04 1.148451099561739186e+00 4.251774301843055291e+05 9.523978175845657825e+04 6.493672464256150124e+04 1.669914937783937785e+04 1.700696080131779599e+05 4.638227209180141217e+05 1.061977582539210152e+00 6.958542224999428072e+03 2.689444084943854250e+05 1.298792611712458347e+04 1.298827099074423131e+04 3.896260972201480763e+04 1.298834037119086497e+04 1.298828712775000713e+04 8.199809635167145461e+04 1.227060779518884814e+00 3.457081831792060984e+05 2.161693353868155973e+05 1.113189898026421288e+05 2.987026655620668898e+05
4.058610835228514770e+04 1.582838814592848757e+04 3.896273108810149279e+04 4.058562825886488281e+04 4.058599283418374398e+04 4.121906722586032702e+05 6.926580929769217619e+04 3.264272663224205462e+04 2.388834683272240363e+04 1.570825013421815820e+05 4.508357522479532054e+05 4.058606490897546610e+04 3.826683985731108260e+04 2.559575928304429108e+05 4.058560314509809541e+04 4.058578548422198219e+04 2.435194914137594606e+04 4.058587259639908007e+04 4.058582748836396786e+04 5.602421610201566364e+04 4.058610522705346375e+04 3.327211276362453937e+05 2.031824213288980827e+05 8.720014514037441404e+04 2.857156999463100801e+05
6.493668359666021570e+04 3.896273108810149279e+04 4.439512816274653884e-01 6.493644716359712766e+04 6.493688827167242562e+04 3.992036032485084725e+05 5.535102353334271902e+04 1.484373169161511214e+04 6.122609238977454515e+04 1.440954502060725645e+05 4.378489264577118447e+05 6.493668952592575079e+04 6.493677847186550935e+04 2.429704328446157742e+05 6.493625575675534492e+04 6.493654608928989910e+04 5.194974665334339807e+04 6.493667290351398697e+04 6.493662645322272874e+04 3.004976710901736078e+04 6.493673321553313872e+04 3.197342895961001050e+05 1.901952770635659108e+05 7.421329149834842246e+04 2.727287475862177671e+05
1.298823209225501705e+04 4.058562825886488281e+04 6.493644716359712766e+04 3.223065151867272604e-01 1.298809352182347175e+04 4.251773782495467458e+05 9.523936645583648351e+04 6.493637285368380981e+04 1.669892036455062771e+04 1.700692946333096188e+05 4.638226734651682200e+05 1.298830954570064023e+04 8.349812498756071363e+03 2.689442622739012586e+05 6.026050831315532541e-01 7.190795383830130838e-01 3.896234550751460483e+04 9.489204493074514524e-01 8.922074760263748461e-01 8.199785041146655567e+04 1.298823519089431647e+04 3.457079529640905675e+05 2.161691780831354845e+05 1.113185321501987492e+05 2.987024553158595227e+05
1.148451099561739186e+00 4.058599283418374398e+04 6.493688827167242562e+04 1.298809352182347175e+04 3.622902987025534705e-01 4.251775503874575952e+05 9.523965331010693626e+04 6.493675932195570203e+04 1.669908158860615367e+04 1.700695613901213219e+05 4.638227808986179880e+05 1.228077583032358033e+00 6.958460474757341217e+03 2.689445213546990417e+05 1.298806309994977164e+04 1.298819601045326817e+04 3.896267181176383747e+04 1.298828834321161776e+04 1.298830934703020466e+04 8.199814517720023287e+04 1.206274958968171385e+00 3.457080852860708255e+05 2.161695102279676648e+05 1.113189040412330505e+05 2.987027153269722476e+05
4.251774301843055291e+05 4.121906722586032120e+05 3.992036032485084725e+05 4.251773782495466294e+05 4.251775503874575370e+05 6.911373883420244965e+04 3.818875075135698426e+05 3.992035828410441172e+05 4.251775083743717405e+05 3.212816920848971349e+05 1.627219049274680438e+05 4.251774900351230754e+05 4.251774869123928365e+05 2.613447184587807569e+05 4.251773015475646826e+05 4.251773685121354647e+05 4.251775237497355556e+05 4.251774081941279583e+05 4.251774285873802728e+05 3.862165447339618113e+05 4.251775111270748894e+05 1.939560439876816818e+05 2.986426236608242616e+05 3.658084563827202655e+05 2.484297931852176262e+05
9.523978175845657825e+04 6.926580929769216164e+04 5.535102353334271902e+04 9.523936645583648351e+04 9.523965331010693626e+04 3.818875075135698426e+05 7.495249826505571036e+03 5.571548988789539726e+04 9.152925773628232128e+04 1.146604460973060632e+05 4.205329846716634929e+05 9.523981036582522211e+04 9.523974754870131437e+04 2.256544920319698285e+05 9.523941842302544683e+04 9.523949600251344964e+04 8.225290412729949458e+04 9.523964507072055130e+04 9.523962924286448106e+04 3.828945858810858044e+04 9.523955861567668035e+04 3.024182818403980928e+05 1.728794453345016518e+05 4.066294125511110178e+04 2.554128168141394854e+05
6.493672464256150124e+04 3.264272663224205462e+04 1.484373169161511214e+04 6.493637285368380981e+04 6.493675932195570203e+04 3.992035828410441172e+05 5.571548988789539726e+04 1.106601723729893274e+04 5.612392023887515825e+04 1.440955265095271752e+05 4.378486800820365897e+05 6.493662793666755897e+04 6.402567670551192714e+04 2.429705177077370463e+05 6.493618812228809111e+04 6.493650584971319768e+04 3.710707746666308230e+04 6.493661239748074149e+04 6.493662870831642795e+04 3.515208772222338303e+04 6.493680502280204382e+04 3.197342532844545203e+05 1.901954112249632017e+05 7.421316389760449238e+04 2.727289178164262557e+05
1.669914937783937785e+04 2.388834683272239636e+04 6.122609238977453788e+04 1.669892036455062771e+04 1.669908158860615367e+04 4.251775083743718569e+05 9.152925773628232128e+04 5.612392023887515825e+04 5.301290949402928163e+03 1.700696235510797706e+05 4.638228151441344526e+05 1.669903500143157726e+04 1.437986756399857404e+04 2.689445047384767677e+05 1.669868859304042417e+04 1.669900854416600851e+04 2.226475365254360440e+04 1.669909085734509790e+04 1.669909561554717220e+04 7.828747310799630941e+04 1.669915001799775200e+04 3.457082776784960879e+05 2.161694951709508314e+05 1.081386184011269215e+05 2.987027843454518006e+05
1.700696080131779599e+05 1.570825013421815820e+05 1.440954502060726227e+05 1.700692946333096188e+05 1.700695613901213219e+05 3.212816920848971349e+05 1.146604460973060632e+05 1.440955265095271752e+05 1.700696235510797414e+05 1.838973431832344068e+04 3.599267843526602956e+05 1.700695986661921488e+05 1.700695353332691302e+05 1.383294506812606414e+05 1.700692017089787114e+05 1.700693339968638320e+05 1.700696345807474572e+05 1.700694504671465838e+05 1.700694086279180192e+05 1.305492818878151738e+05 1.700697504053949087e+05 2.337726212310410046e+05 6.941830238175013801e+04 1.052071800792716094e+05 1.760478547719631169e+05
4.638227209180141217e+05 4.508357522479530890e+05 4.378489264577118447e+05 4.638226734651682200e+05 4.638227808986179880e+05 1.627219049274680146e+05 4.205329846716634929e+05 4.378486800820365897e+05 4.638228151441344526e+05 3.599267843526602373e+05 6.443678026767175470e+04 4.638226872799390112e+05 4.638227436136183678e+05 3.065683385530966334e+05 4.638225806688594748e+05 4.638226993096505757e+05 4.638228352430830710e+05 4.638226904576240340e+05 4.638227034687489504e+05 4.248619279523247387e+05 4.638229481458399096e+05 2.424368773271363461e+05 3.382817570949867950e+05 4.044537696887005004e+05 2.842966740975677967e+05
1.061977582539210152e+00 4.058606490897546610e+04 6.493668952592575079e+04 1.298830954570064023e+04 1.228077583032358255e+00 4.251774900351230754e+05 9.523981036582522211e+04 6.493662793666755897e+04 1.669903500143157726e+04 1.700695986661921488e+05 4.638226872799390112e+05 5.139998092976718613e-01 6.958652756992856666e+03 2.689444432217005524e+05 1.298801097877757820e+04 1.298833970497431073e+04 3.896266408255731221e+04 1.298847777613532526e+04 1.298841639137569655e+04 8.199811124748407747e+04 1.327908891646901290e+00 3.457082072005576920e+05 2.161693639460917038e+05 1.113190372026681434e+05 2.987027466693308670e+05
6.958542224999428981e+03 3.826683985731108260e+04 6.493677847186550935e+04 8.349812498756071363e+03 6.958460474757342126e+03 4.251774869123928947e+05 9.523974754870131437e+04 6.402567670551192714e+04 1.437986756399857586e+04 1.700695353332691302e+05 4.638227436136183678e+05 6.958652756992857576e+03 8.117321904515899405e+03 2.689444337104531587e+05 8.349710301417677329e+03 8.349809858538857952e+03 3.664353248556629842e+04 8.349857535376364467e+03 8.349844953409463415e+03 8.199815432138195320e+04 6.958706074100204205e+03 3.457080017145758611e+05 2.161693895060287905e+05 1.113189403802214947e+05 2.987025855387807242e+05
2.689444084943854250e+05 2.559575928304429108e+05 2.429704328446157742e+05 2.689442622739012586e+05 2.689445213546990417e+05 2.613447184587807569e+05 2.256544920319698285e+05 2.429705177077370463e+05 2.689445047384767677e+05 1.383294506812606414e+05 3.065683385530966334e+05 2.689444432217005524e+05 2.689444337104531587e+05 4.967884109307410836e+04 2.689441264221112942e+05 2.689442964275776176e+05 2.689444542685168562e+05 2.689443521962239174e+05 2.689442974117319682e+05 2.299834457894094230e+05 2.689444120009856997e+05 1.516960622680782981e+05 9.318083732575467729e+04 2.077200282334054937e+05 7.182614525647116534e+04
1.298792611712458347e+04 4.058560314509809541e+04 6.493625575675534492e+04 6.026050831315532541e-01 1.298806309994977164e+04 4.251773015475646826e+05 9.523941842302544683e+04 6.493618812228809111e+04 1.669868859304042417e+04 1.700692017089787114e+05 4.638225806688594748e+05 1.298801097877757820e+04 8.349710301417677329e+03 2.689441264221112942e+05 1.901181071406786438e-01 6.866924590486984670e-01 3.896214778904949344e+04 9.172548329793318578e-01 8.252365555229956851e-01 8.199766183270448528e+04 1.298818196963958326e+04 3.457079744084474514e+05 2.161689911647217232e+05 1.113186199490092986e+05 2.987025101273264736e+05
1.298827099074423131e+04 4.058578548422198219e+04 6.493654608928989910e+04 7.190795383830130838e-01 1.298819601045326817e+04 4.251773685121354647e+05 9.523949600251344964e+04 6.493650584971319768e+04 1.669900854416600851e+04 1.700693339968638320e+05 4.638226993096505757e+05 1.298833970497431073e+04 8.349809858538856133e+03 2.689442964275776176e+05 6.866924590486984670e-01 4.219085180210546127e-01 3.896250124126159790e+04 9.117484990193279737e-01 8.232671611906040576e-01 8.199798633892294310e+04 1.298832084886102166e+04 3.457079172926850151e+05 2.161691781265859318e+05 1.113186470101510931e+05 2.987024626730457530e+05
3.896260972201480763e+04 2.435194914137594606e+04 5.194974665334339807e+04 3.896234550751460483e+04 3.896267181176383747e+04 4.251775237497355556e+05 8.225290412729949458e+04 3.710707746666308230e+04 2.226475365254360440e+04 1.700696345807474572e+05 4.638228352430830710e+05 3.896266408255731221e+04 3.664353248556629842e+04 2.689444542685168562e+05 3.896214778904949344e+04 3.896250124126159790e+04 4.240462915430646684e-01 3.896258812558960199e+04 3.896255259161395225e+04 6.901116017529237433e+04 3.896267443365779764e+04 3.457083012947089737e+05 2.161692763568880328e+05 1.001872617985893885e+05 2.987029742918699048e+05
1.298834037119086497e+04 4.058587259639908007e+04 6.493667290351398697e+04 9.489204493074512303e-01 1.298828834321161776e+04 4.251774081941278419e+05 9.523964507072055130e+04 6.493661239748074149e+04 1.669909085734509790e+04 1.700694504671465838e+05 4.638226904576240340e+05 1.298847777613532526e+04 8.349857535376364467e+03 2.689443521962239174e+05 9.172548329793318578e-01 9.117484990193278627e-01 3.896258812558959471e+04 3.491765303355849892e-01 8.112410461299787157e-01 8.199812600616601412e+04 1.298842614515520472e+04 3.457079578384116758e+05 2.161693092212729098e+05 1.113187582545518235e+05 2.987024993820330710e+05
1.298828712775000713e+04 4.058582748836396786e+04 6.493662645322272874e+04 8.922074760263748461e-01 1.298830934703020466e+04 4.251774285873803310e+05 9.523962924286448106e+04 6.493662870831642795e+04 1.669909561554717220e+04 1.700694086279180192e+05 4.638227034687489504e+05 1.298841639137569655e+04 8.349844953409461596e+03 2.689442974117319682e+05 8.252365555229956851e-01 8.232671611906040576e-01 3.896255259161395225e+04 8.112410461299787157e-01 4.026710461904853267e-01 8.199803229941219615e+04 1.298843124315919704e+04 3.457079322984638275e+05 2.161692160180184292e+05 1.113187304559483891e+05 2.987024345429111854e+05
8.199809635167145461e+04 5.602421610201567819e+04 3.004976710901736078e+04 8.199785041146658477e+04 8.199814517720023287e+04 3.862165447339618113e+05 3.828945858810858772e+04 3.515208772222339030e+04 7.828747310799632396e+04 1.305492818878151738e+05 4.248619279523247387e+05 8.199811124748407747e+04 8.199815432138195320e+04 2.299834457894094230e+05 8.199766183270449983e+04 8.199798633892294310e+04 6.901116017529238889e+04 8.199812600616601412e+04 8.199803229941219615e+04 5.592608062709247861e+03 8.199808757160219830e+04 3.067472903881073580e+05 1.772083367534349090e+05 5.390498747307566373e+04 2.597418835085748869e+05
1.227060779518884814e+00 4.058610522705346375e+04 6.493673321553313872e+04 1.298823519089431647e+04 1.206274958968171385e+00 4.251775111270748894e+05 9.523955861567668035e+04 6.493680502280204382e+04 1.669915001799775200e+04 1.700697504053949087e+05 4.638229481458399096e+05 1.327908891646901068e+00 6.958706074100202386e+03 2.689444120009856997e+05 1.298818196963958326e+04 1.298832084886102166e+04 3.896267443365779764e+04 1.298842614515520472e+04 1.298843124315919704e+04 8.199808757160219830e+04 3.762448722307369930e-01 3.457082443333602278e+05 2.161695184313604550e+05 1.113188775873733393e+05 2.987026795770635945e+05
3.457081831792060984e+05 3.327211276362453355e+05 3.197342895961001050e+05 3.457079529640905675e+05 3.457080852860708255e+05 1.939560439876816818e+05 3.024182818403980928e+05 3.197342532844544621e+05 3.457082776784960879e+05 2.337726212310410046e+05 2.424368773271363461e+05 3.457082072005576920e+05 3.457080017145758611e+05 1.516960622680782981e+05 3.457079744084474514e+05 3.457079172926850151e+05 3.457083012947089737e+05 3.457079578384116758e+05 3.457079322984638275e+05 3.067472903881073580e+05 3.457082443333602278e+05 5.760426891666901065e+04 2.038989290907240938e+05 2.851905911115467316e+05 1.285060821260180819e+05
2.161693353868155682e+05 2.031824213288980827e+05 1.901952770635659108e+05 2.161691780831354845e+05 2.161695102279676648e+05 2.986426236608242616e+05 1.728794453345016518e+05 1.901954112249632017e+05 2.161694951709508314e+05 6.941830238175013801e+04 3.382817570949867950e+05 2.161693639460917038e+05 2.161693895060287905e+05 9.318083732575467729e+04 2.161689911647217232e+05 2.161691781265859318e+05 2.161692763568880328e+05 2.161693092212729098e+05 2.161692160180184292e+05 1.772083367534349090e+05 2.161695184313604550e+05 2.038989290907240938e+05 3.062637597290103804e+04 1.417259789200520900e+05 1.388121887867479527e+05
1.113189898026421288e+05 8.720014514037441404e+04 7.421329149834842246e+04 1.113185321501987492e+05 1.113189040412330505e+05 3.658084563827202655e+05 4.066294125511110178e+04 7.421316389760449238e+04 1.081386184011269215e+05 1.052071800792716385e+05 4.044537696887005004e+05 1.113190372026681434e+05 1.113189403802214947e+05 2.077200282334054937e+05 1.113186199490092986e+05 1.113186470101510931e+05 1.001872617985893885e+05 1.113187582545518235e+05 1.113187304559483891e+05 5.390498747307564918e+04 1.113188775873733393e+05 2.851905911115467316e+05 1.417259789200520900e+05 2.401978926402451907e+04 2.374784501612314489e+05
2.987026655620668898e+05 2.857156999463100801e+05 2.727287475862177671e+05 2.987024553158595227e+05 2.987027153269722476e+05 2.484297931852176262e+05 2.554128168141394854e+05 2.727289178164262557e+05 2.987027843454518006e+05 1.760478547719631169e+05 2.842966740975677967e+05 2.987027466693308670e+05 2.987025855387807242e+05 7.182614525647115079e+04 2.987025101273264736e+05 2.987024626730457530e+05 2.987029742918699048e+05 2.987024993820330710e+05 2.987024345429111854e+05 2.597418835085748869e+05 2.987026795770635945e+05 1.285060821260180819e+05 1.388121887867479527e+05 2.374784501612314489e+05 9.452348897139509063e+03
