2.101826056490781411e+03 9.574575972034121514e+04 9.574601942093994876e+04 3.274245298156399513e+05 1.158407985101147060e+05 1.659330781418172992e+05 5.437483923843546654e+04 9.574631225317713688e+04 1.583940399101213843e+05 9.574612626228353474e+04 7.171167762042647519e+04 2.290730042930631898e+05 3.663818698722944828e+05 6.501353141157452774e+04 9.042700935842657054e+04 4.128356655441061012e+05 9.574628102762407798e+04 6.197387580149816495e+04 2.148903797790400131e+04 2.575426663495575194e+05 9.574635891059880669e+04 7.857303405761584872e+04 2.938596142629662645e+05 9.574622408612162690e+04 2.285375732034981775e+04
9.574575972034121514e+04 2.635616176833344704e-01 6.730020424713376581e-01 3.699773345893343212e+05 1.773061002218848735e+05 2.176466547423102020e+05 5.319262079046651343e+04 1.094075069271615464e+00 2.127671092645289027e+05 7.979573649236588608e+03 3.546221599890951620e+04 2.721511290275016800e+05 3.998725237600324908e+05 4.255446006879415654e+04 1.595836589787728917e+04 4.447502901745206327e+05 1.062332712876433938e+00 4.559395425950185017e+04 1.001783707505699713e+05 3.000954222597423359e+05 1.107257300822616974e+00 1.435845500656765362e+05 3.364124017452072003e+05 9.861118701391139441e-01 7.939431721669042599e+04
9.574601942093994876e+04 6.730020424713376581e-01 3.422123247765767040e-01 3.699774409591032891e+05 1.773061183450070384e+05 2.176466294130363676e+05 5.319283593492472573e+04 1.024681280409032835e+00 2.127671043292217655e+05 7.979772492076886010e+03 3.546219339304535970e+04 2.721510341104810359e+05 3.998725096753892140e+05 4.255446650207922357e+04 1.595829178699180557e+04 4.447504274291534093e+05 1.281608661748986133e+00 4.559396493157495570e+04 1.001786342838755081e+05 3.000953166830504779e+05 1.070691594082497922e+00 1.435848233951360744e+05 3.364124978169301758e+05 1.119484801505794769e+00 7.939450563895795494e+04
3.274245298156399513e+05 3.699773345893343212e+05 3.699774409591032891e+05 4.499903011634155700e+04 2.879743535193200223e+05 2.465996204858126002e+05 3.699776135965536232e+05 3.699774551486131386e+05 2.529566165440465265e+05 3.699773183688768768e+05 3.699776126156654209e+05 1.979502568430903775e+05 1.623553022879968630e+05 3.699777189598535770e+05 3.699774402342117974e+05 2.106237230894392706e+05 3.699774219427902717e+05 3.699777296280773589e+05 3.274245707592939143e+05 1.433054142543500639e+05 3.699774638540641754e+05 3.061479471841445193e+05 1.346117848916451039e+05 3.699773608918341342e+05 3.437759209074387909e+05
1.158407985101147060e+05 1.773061002218848735e+05 1.773061183450069802e+05 2.879743535193200223e+05 2.936662694751118033e+04 7.209569101822876837e+04 1.702143282083233062e+05 1.773063329505023721e+05 5.500966669469362387e+04 1.773064154966499482e+05 1.725782325380568509e+05 1.489455132625172846e+05 3.269316209976025857e+05 1.702141083217280975e+05 1.773062469887505576e+05 3.733855812173900777e+05 1.773064654874963162e+05 1.702142497644338582e+05 1.019516900842827308e+05 2.092268564250919153e+05 1.773063090078243986e+05 4.638746282136401715e+04 2.544093885830139043e+05 1.773063746743416123e+05 1.386934561686996894e+05
1.659330781418173574e+05 2.176466547423102020e+05 2.176466294130363676e+05 2.465996204858125711e+05 7.209569101822876837e+04 1.532748297377969720e+04 2.176471061645686568e+05 2.176468285117717751e+05 2.678581236168189935e+04 2.176468719092942774e+05 2.176469416238041886e+05 1.025512003498054110e+05 2.865948000952877337e+05 2.176469809014408966e+05 2.176467018888889870e+05 3.330487316022670711e+05 2.176469916904750571e+05 2.176469053377798991e+05 1.520442741959328414e+05 1.682280564863550244e+05 2.176468370256088383e+05 1.015896901854500466e+05 2.140725319866244681e+05 2.176468996874667355e+05 1.874558709175321274e+05
5.437483923843546654e+04 5.319262079046650615e+04 5.319283593492472573e+04 3.699776135965536232e+05 1.702143282083232771e+05 2.176471061645686568e+05 3.973873906615310592e-01 5.319310224189463770e+04 2.127674552196825389e+05 4.521418054710112483e+04 1.773203160841643694e+04 2.721515464655636461e+05 3.998728502455393318e+05 1.063974794150328671e+04 3.723547963410385273e+04 4.447505738943257020e+05 5.319311068046442233e+04 7.600046463878395116e+03 7.586267093684554857e+04 3.000957917444515624e+05 5.319316929658163281e+04 1.329466935009829758e+05 3.364127061329121352e+05 5.319297285534045659e+04 3.152205066836869446e+04
9.574631225317713688e+04 1.094075069271615464e+00 1.024681280409032835e+00 3.699774551486131386e+05 1.773063329505023721e+05 2.176468285117717751e+05 5.319310224189463770e+04 4.179855102833864300e-01 2.127673373951552494e+05 7.979818942204152336e+03 3.546215533946292271e+04 2.721512280953029403e+05 3.998726249030883191e+05 4.255453019760895404e+04 1.595850342049428946e+04 4.447504786565396935e+05 1.158181090794055512e+00 4.559422951919465413e+04 1.001788912634325243e+05 3.000954017280694097e+05 1.074283952043049606e+00 1.435850805138662399e+05 3.364126051232815953e+05 1.212840694064894587e+00 7.939484096312445763e+04
1.583940399101213843e+05 2.127671092645289318e+05 2.127671043292217946e+05 2.529566165440465847e+05 5.500966669469362387e+04 2.678581236168189935e+04 2.127674552196826262e+05 2.127673373951552785e+05 1.552244213925987879e+03 2.127673653260152496e+05 2.127673576057707542e+05 1.138307619911523361e+05 2.919139533846812556e+05 2.127674042902574001e+05 2.127672144220456248e+05 3.383678614178457647e+05 2.127674410759949533e+05 2.127673382531829120e+05 1.445050948518031219e+05 1.737242134087361919e+05 2.127672991114057659e+05 9.291726695722651493e+04 2.193917273078241560e+05 2.127673566579676699e+05 1.812465741152563132e+05
9.574612626228353474e+04 7.979573649236588608e+03 7.979772492076886010e+03 3.699773183688769350e+05 1.773064154966499482e+05 2.176468719092942774e+05 4.521418054710112483e+04 7.979818942204152336e+03 2.127673653260152496e+05 3.989722242790227028e+03 2.748355605983807254e+04 2.721512640208832454e+05 3.998726061789384694e+05 3.457584792812578235e+04 7.979527391799628276e+03 4.447503742416723398e+05 7.979956104768527439e+03 3.761546945355530625e+04 1.001787526952477347e+05 3.000954845931733144e+05 7.979958856128565458e+03 1.435849059837858658e+05 3.364123777581528411e+05 7.979782482030167557e+03 7.540528169765684288e+04
7.171167762042647519e+04 3.546221599890951620e+04 3.546219339304535970e+04 3.699776126156654209e+05 1.725782325380568509e+05 2.176469416238041886e+05 1.773203160841643694e+04 3.546215533946292271e+04 2.127673576057707251e+05 2.748355605983807254e+04 9.456789213643238327e+03 2.721513036421070574e+05 3.998727257206309005e+05 7.093316131153846072e+03 1.950464589741373857e+04 4.447505971309252200e+05 3.546240715122021356e+04 1.013309619954122718e+04 8.244843486814487551e+04 3.000954996623342740e+05 3.546230815113901917e+04 1.364929223892629088e+05 3.364127376340586343e+05 3.546242168467753072e+04 4.925300718817555025e+04
2.290730042930631898e+05 2.721511290275016800e+05 2.721510341104810359e+05 1.979502568430903775e+05 1.489455132625172846e+05 1.025512003498054255e+05 2.721515464655636461e+05 2.721512280953029403e+05 1.138307619911523361e+05 2.721512640208832454e+05 2.721513036421070574e+05 4.208971716772380023e+04 2.406387091011724260e+05 2.721513489044173039e+05 2.721510686878457200e+05 2.907378837941681268e+05 2.721514617444103933e+05 2.721513110902620247e+05 2.204376116157312645e+05 1.118563801455726643e+05 2.721512452033679583e+05 1.710273153332619113e+05 1.558819620311031176e+05 2.721513186164477956e+05 2.459497771486433921e+05
3.663818698722944828e+05 3.998725237600324908e+05 3.998725096753892140e+05 1.623553022879968921e+05 3.269316209976025857e+05 2.865948000952877337e+05 3.998728502455393318e+05 3.998726249030883191e+05 2.919139533846812556e+05 3.998726061789384694e+05 3.998727257206309005e+05 2.406387091011724260e+05 5.723920215312703658e+04 3.998726891049607657e+05 3.998725559792615240e+05 1.826269612338723964e+05 3.998725245950083481e+05 3.998727933618717943e+05 3.587831449677083292e+05 2.049465667661491898e+05 3.998725747980073793e+05 3.359868292013694299e+05 1.834844526308781351e+05 3.998725604834878468e+05 3.823976985118902521e+05
6.501353141157452774e+04 4.255446006879415654e+04 4.255446650207922357e+04 3.699777189598535770e+05 1.702141083217280975e+05 2.176469809014408966e+05 1.063974794150328671e+04 4.255453019760895404e+04 2.127674042902573710e+05 3.457584792812578235e+04 7.093316131153846072e+03 2.721513489044173039e+05 3.998726891049607657e+05 3.719211761524460202e-01 2.659695064279470898e+04 4.447506607241413440e+05 4.255474446948688274e+04 3.040661392981209701e+03 7.890230526696948800e+04 3.000955357433272875e+05 4.255454348093833687e+04 1.329469090867305640e+05 3.364127829656805843e+05 4.255472100014056923e+04 4.216079385496608302e+04
9.042700935842657054e+04 1.595836589787728917e+04 1.595829178699180557e+04 3.699774402342117974e+05 1.773062469887505576e+05 2.176467018888889870e+05 3.723547963410385273e+04 1.595850342049428946e+04 2.127672144220455666e+05 7.979527391799628276e+03 1.950464589741373857e+04 2.721510686878457200e+05 3.998725559792615240e+05 2.659695064279470898e+04 5.319498044398534148e+03 4.447504720611711964e+05 1.595884906525565202e+04 2.963653448302718243e+04 9.485965804255461262e+04 3.000953352408279898e+05 1.595857801021434170e+04 1.435849264702869405e+05 3.364125173524765414e+05 1.595863419928065014e+04 6.875636369689884305e+04
4.128356655441061012e+05 4.447502901745206327e+05 4.447504274291534675e+05 2.106237230894392706e+05 3.733855812173900777e+05 3.330487316022670711e+05 4.447505738943257020e+05 4.447504786565396935e+05 3.383678614178457647e+05 4.447503742416723398e+05 4.447505971309252200e+05 2.907378837941681268e+05 1.826269612338723673e+05 4.447506607241413440e+05 4.447504720611711964e+05 6.184690201980501297e+04 4.447503688936736435e+05 4.447507476531909197e+05 4.052369780546600814e+05 2.502184187373907771e+05 4.447504901244014036e+05 3.824405738943257020e+05 2.362802783409449330e+05 4.447503125052395044e+05 4.287931217666660668e+05
9.574628102762407798e+04 1.062332712876433938e+00 1.281608661748986133e+00 3.699774219427902717e+05 1.773064654874963744e+05 2.176469916904750280e+05 5.319311068046442233e+04 1.158181090794055512e+00 2.127674410759949242e+05 7.979956104768527439e+03 3.546240715122021356e+04 2.721514617444103933e+05 3.998725245950083481e+05 4.255474446948688274e+04 1.595884906525565202e+04 4.447503688936736435e+05 3.995292415622064275e-01 4.559443766483917716e+04 1.001789082185118896e+05 3.000956917014367064e+05 1.082870339613046129e+00 1.435850109920396062e+05 3.364125011359396740e+05 1.050291716935547903e+00 7.939477752156555653e+04
6.197387580149816495e+04 4.559395425950185745e+04 4.559396493157495570e+04 3.699777296280773589e+05 1.702142497644338582e+05 2.176469053377798991e+05 7.600046463878395116e+03 4.559422951919465413e+04 2.127673382531828829e+05 3.761546945355530625e+04 1.013309619954122718e+04 2.721513110902619665e+05 3.998727933618717943e+05 3.040661392981209701e+03 2.963653448302718243e+04 4.447507476531909197e+05 4.559443766483917716e+04 4.342555380779003826e+03 7.803382323174670455e+04 3.000956191684167134e+05 4.559422741150620277e+04 1.329468504919286061e+05 3.364128965905546211e+05 4.559432012361221859e+04 3.912115333098616247e+04
2.148903797790399767e+04 1.001783707505699713e+05 1.001786342838755081e+05 3.274245707592940307e+05 1.019516900842827308e+05 1.520442741959328414e+05 7.586267093684554857e+04 1.001788912634325243e+05 1.445050948518031219e+05 1.001787526952477347e+05 8.244843486814489006e+04 2.204376116157312645e+05 3.587831449677083292e+05 7.890230526696948800e+04 9.485965804255461262e+04 4.052369780546600814e+05 1.001789082185118896e+05 7.803382323174670455e+04 9.514006239508293220e+03 2.538487477904542757e+05 1.001789662823019025e+05 5.817093548784045561e+04 2.938596826604958624e+05 1.001788370146909583e+05 4.434171844829333713e+04
2.575426663495575194e+05 3.000954222597422777e+05 3.000953166830504779e+05 1.433054142543500639e+05 2.092268564250919153e+05 1.682280564863550535e+05 3.000957917444515624e+05 3.000954017280694097e+05 1.737242134087361337e+05 3.000954845931733144e+05 3.000954996623342740e+05 1.118563801455726643e+05 2.049465667661491316e+05 3.000955357433272875e+05 3.000953352408279898e+05 2.502184187373907771e+05 3.000956917014367064e+05 3.000956191684167134e+05 2.538487477904542757e+05 2.230341805249463141e+04 3.000954636943881051e+05 2.274007635996674071e+05 1.071253656758138095e+05 3.000955453493507812e+05 2.738941032421459095e+05
9.574635891059880669e+04 1.107257300822616974e+00 1.070691594082497922e+00 3.699774638540641754e+05 1.773063090078243986e+05 2.176468370256088383e+05 5.319316929658164736e+04 1.074283952043049606e+00 2.127672991114057368e+05 7.979958856128565458e+03 3.546230815113901917e+04 2.721512452033679583e+05 3.998725747980073793e+05 4.255454348093833687e+04 1.595857801021434170e+04 4.447504901244014036e+05 1.082870339613046129e+00 4.559422741150620277e+04 1.001789662823019025e+05 3.000954636943881051e+05 3.829483860836539466e-01 1.435850591841243731e+05 3.364126109101465554e+05 9.233852466953170746e-01 7.939491163294557191e+04
7.857303405761584872e+04 1.435845500656765362e+05 1.435848233951360744e+05 3.061479471841444611e+05 4.638746282136402442e+04 1.015896901854500320e+05 1.329466935009830049e+05 1.435850805138662399e+05 9.291726695722651493e+04 1.435849059837858658e+05 1.364929223892629088e+05 1.710273153332619113e+05 3.359868292013694299e+05 1.329469090867305640e+05 1.435849264702869114e+05 3.824405738943257020e+05 1.435850109920396062e+05 1.329468504919286061e+05 5.817093548784045561e+04 2.274007635996674071e+05 1.435850591841243731e+05 9.495074910785098837e+03 2.725829825241226354e+05 1.435849092156346887e+05 1.014257571226657747e+05
2.938596142629662645e+05 3.364124017452072003e+05 3.364124978169301758e+05 1.346117848916451039e+05 2.544093885830139043e+05 2.140725319866244972e+05 3.364127061329121352e+05 3.364126051232815953e+05 2.193917273078241269e+05 3.364123777581528411e+05 3.364127376340586343e+05 1.558819620311031176e+05 1.834844526308781351e+05 3.364127829656805843e+05 3.364125173524765414e+05 2.362802783409449330e+05 3.364125011359396740e+05 3.364128965905546211e+05 2.938596826604958624e+05 1.071253656758138095e+05 3.364126109101465554e+05 2.725829825241226354e+05 3.315006741284482996e+04 3.364124331269203103e+05 3.102110531849254039e+05
9.574622408612162690e+04 9.861118701391139441e-01 1.119484801505794769e+00 3.699773608918341924e+05 1.773063746743416414e+05 2.176468996874667355e+05 5.319297285534045659e+04 1.212840694064894587e+00 2.127673566579676408e+05 7.979782482030167557e+03 3.546242168467753072e+04 2.721513186164477956e+05 3.998725604834878468e+05 4.255472100014056923e+04 1.595863419928065014e+04 4.447503125052395044e+05 1.050291716935547903e+00 4.559432012361221859e+04 1.001788370146909583e+05 3.000955453493507812e+05 9.233852466953170746e-01 1.435849092156346887e+05 3.364124331269203103e+05 3.743905190910814529e-01 7.939471343883665395e+04
2.285375732034981775e+04 7.939431721669042599e+04 7.939450563895796950e+04 3.437759209074387909e+05 1.386934561686996894e+05 1.874558709175321274e+05 3.152205066836869810e+04 7.939484096312445763e+04 1.812465741152563132e+05 7.540528169765684288e+04 4.925300718817555025e+04 2.459497771486433630e+05 3.823976985118901939e+05 4.216079385496608302e+04 6.875636369689884305e+04 4.287931217666660668e+05 7.939477752156555653e+04 3.912115333098616247e+04 4.434171844829333713e+04 2.738941032421459095e+05 7.939491163294557191e+04 1.014257571226657747e+05 3.102110531849254039e+05 7.939471343883665395e+04 2.203593088043517855e+04
