2.306193528833512028e+04 1.572927627140568511e+05 1.178000179213752417e+05 1.572931295709866972e+05 1.982225546210892790e+05 1.231050230444862536e+05 1.572930835539224499e+05 1.572928827846537752e+05 1.451848744005195040e+05 4.210483558646573219e+05 1.572926425648788572e+05 1.572931305383295112e+05 1.002088843277604319e+05 1.012206833075088362e+05 5.511420355233998271e+05 3.008828479156533722e+05 1.572927809844398580e+05 1.541852098200063338e+05 1.572930360257487919e+05 6.810843648418340308e+04 1.572925143559679273e+05 1.572929579215721460e+05 1.572931541036339186e+05 1.572928911922726547e+05 1.572928134134913853e+05
1.572927627140568511e+05 7.562021407966826869e-01 7.368309733523163595e+04 2.991642985376542129e+04 2.622585629458408221e+05 6.019470040680362581e+04 2.280503113676913927e+04 1.584903708995540228e+00 3.775124290131885937e+04 4.532635700978116947e+05 1.555421536583741727e+03 2.564283706173849714e+04 2.007312288285117538e+05 9.753786780651361914e+04 5.833573392375236144e+05 3.444321100050875102e+05 8.548494567089108386e+03 3.418995496935902338e+04 1.202103950252246614e+04 1.238245407533329271e+05 1.196126534080261150e+00 1.634431657784823910e+00 2.564285081149738471e+04 1.599312413227869101e+00 1.473534374864376773e+00
1.178000179213752417e+05 7.368309733523163595e+04 1.024857317970069380e+04 7.368339083265497175e+04 2.422379518781459192e+05 3.568483859257594304e+04 7.368335168413154315e+04 7.368323781446983048e+04 6.157508688580399757e+04 4.361699073023278615e+05 7.368288571351923747e+04 7.368344272997441294e+04 1.673249354843598267e+05 4.298183032257010200e+04 5.662635622346927412e+05 3.273384855200744350e+05 7.368302989784644160e+04 7.057538391449784103e+04 7.368333784261660185e+04 8.361949901258984755e+04 7.368275182197702816e+04 7.368332291264092783e+04 7.368345934259268688e+04 7.368325596058562223e+04 7.368315831178554799e+04
1.572931295709866972e+05 2.991642985376542856e+04 7.368339083265497175e+04 1.097854175779608340e+04 2.622588557133814902e+05 6.019499637256897404e+04 2.126115047140410388e+04 2.991649851625209340e+04 3.085933590127580464e+04 4.532638699710016372e+05 2.836212226488070519e+04 2.136945108563570466e+04 2.007315479606413573e+05 9.753833382479417196e+04 5.833575618492336944e+05 3.444324417451068293e+05 2.136924471239911145e+04 2.416320090156303559e+04 2.110230910408105774e+04 1.238250120597605710e+05 2.991613092244581276e+04 2.991653679887673570e+04 1.597081924447256642e+04 2.991649376863531870e+04 2.991642636537189173e+04
1.982225546210892790e+05 2.622585629458408221e+05 2.422379518781459192e+05 2.622588557133814902e+05 5.734903692783375300e+04 2.451648141334980028e+05 2.622587728678811109e+05 2.622586105414243066e+05 2.622589227291561547e+05 3.648937879593442194e+05 2.622584049985802849e+05 2.622588665235113003e+05 1.432122352929933695e+05 2.351440632356280112e+05 4.929744670981056406e+05 2.169076481374647119e+05 2.622584490579430712e+05 2.622589283139776089e+05 2.622587006818372174e+05 2.209041547446968325e+05 2.622583487919348408e+05 2.622586813737415941e+05 2.622588495926737669e+05 2.622585988700840971e+05 2.622586185775970225e+05
1.231050230444862536e+05 6.019470040680362581e+04 3.568483859257593576e+04 6.019499637256895949e+04 2.451648141334980028e+05 1.001418097787361694e+04 6.019497245742253290e+04 6.019487190900812129e+04 4.438423698622531083e+04 4.361698817494068062e+05 6.019451022386926343e+04 6.019497156006687146e+04 1.726299418212600867e+05 6.254786403618370241e+04 5.662635747454761295e+05 3.273384303659150610e+05 6.019462639911002043e+04 5.207887742170093406e+04 6.019492481326955749e+04 8.393886660571907123e+04 6.019433510448715242e+04 6.019489595696714969e+04 6.019500507714637934e+04 6.019489584580608789e+04 6.019480657481842354e+04
1.572930835539224499e+05 2.280503113676913927e+04 7.368335168413154315e+04 2.126115047140410388e+04 2.622587728678811109e+05 6.019497245742253290e+04 4.732899368432387746e+03 2.280507418872324706e+04 3.775143392309917544e+04 4.532638002355659264e+05 2.125073177124608264e+04 3.662340519180076171e+03 2.007313927502707811e+05 9.753825181249943853e+04 5.833574904379610671e+05 3.444323849306201446e+05 1.425788048285206787e+04 2.875112037278975913e+04 1.131986523606910669e+04 1.238248806545655971e+05 2.280473007019675424e+04 2.280510645343336000e+04 1.627309619678109448e+04 2.280501175622316441e+04 2.280503100993654880e+04
1.572928827846538043e+05 1.584903708995540006e+00 7.368323781446983048e+04 2.991649851625209340e+04 2.622586105414243066e+05 6.019487190900812129e+04 2.280507418872324342e+04 7.771712578828602336e-01 3.775133250507066987e+04 4.532636404436806915e+05 1.555489753030730071e+03 2.564293604866300666e+04 2.007312542181465542e+05 9.753805253456771607e+04 5.833573764992222423e+05 3.444322038949637208e+05 8.548618864382953689e+03 3.419005111031683191e+04 1.202105944908371930e+04 1.238247229408240091e+05 1.360485375286725196e+00 1.655165828265434458e+00 2.564297405402213553e+04 1.564337595739672349e+00 1.480152733786810559e+00
1.451848744005195040e+05 3.775124290131885937e+04 6.157508688580398302e+04 3.085933590127580464e+04 2.622589227291561547e+05 4.438423698622531083e+04 3.775143392309917544e+04 3.775133250507066259e+04 1.252260823888891537e+04 4.532638582169486326e+05 3.775102666624214908e+04 3.775139775180816650e+04 1.938788410146543465e+05 8.542997742265051056e+04 5.833575261972539593e+05 3.444325077180074295e+05 3.775112434192489309e+04 2.850247786197915048e+04 3.775139178329553397e+04 1.093425240291620430e+05 3.775084461311373889e+04 3.775136673635871557e+04 3.775139140859116742e+04 3.775135907054811105e+04 3.775131329043363075e+04
4.210483558646573219e+05 4.532635700978117529e+05 4.361699073023278615e+05 4.532638699710016372e+05 3.648937879593442194e+05 4.361698817494066316e+05 4.532638002355659264e+05 4.532636404436806333e+05 4.532638582169485744e+05 1.039396529183097446e+05 4.532635628314749920e+05 4.532638451321165194e+05 4.043393708922751830e+05 4.318964319097906700e+05 3.697019175002883421e+05 2.840400078823393560e+05 4.532635709085362032e+05 4.532638512483512168e+05 4.532637950478559360e+05 4.276228919014611747e+05 4.532634924856377183e+05 4.532636989156639320e+05 4.532638203386571258e+05 4.532636903201256646e+05 4.532636022797701880e+05
1.572926425648788863e+05 1.555421536583741727e+03 7.368288571351923747e+04 2.836212226488070519e+04 2.622584049985802849e+05 6.019451022386926343e+04 2.125073177124608264e+04 1.555489753030730071e+03 3.775102666624215635e+04 4.532635628314748756e+05 2.543626245933878636e+03 2.408861677970798701e+04 2.007310563330801087e+05 9.753772895173092547e+04 5.833573282714736415e+05 3.444320380582330399e+05 6.994180059702604012e+03 3.320079577490282827e+04 1.046673206845694767e+04 1.238244579127477191e+05 1.555061998350688555e+03 1.555538783941649399e+03 2.408865853141114712e+04 1.555483811329370155e+03 1.555447607934973348e+03
1.572931305383295112e+05 2.564283706173849714e+04 7.368344272997441294e+04 2.136945108563570466e+04 2.622588665235113003e+05 6.019497156006687146e+04 3.662340519180076626e+03 2.564293604866300666e+04 3.775139775180816650e+04 4.532638451321165194e+05 2.408861677970798701e+04 9.096392737415970320e-01 2.007315075694965490e+05 9.753822353174429736e+04 5.833575322024717461e+05 3.444324409082704806e+05 1.709568329720560723e+04 2.875111665934819393e+04 1.415783643891931206e+04 1.238249369874589756e+05 2.564256901029201254e+04 2.564293176579567444e+04 1.709579950047026432e+04 2.564295602781938578e+04 2.564287621732121625e+04
1.002088843277604319e+05 2.007312288285118120e+05 1.673249354843598267e+05 2.007315479606413865e+05 1.432122352929933695e+05 1.726299418212600867e+05 2.007313927502707811e+05 2.007312542181465542e+05 1.938788410146543465e+05 4.043393708922752412e+05 2.007310563330801087e+05 2.007315075694965490e+05 5.971926628031646396e+04 1.512053206044881954e+05 5.357303717825773638e+05 2.731349269848633558e+05 2.007311543208064395e+05 1.993188467682730989e+05 2.007314146335804835e+05 1.297462217038712697e+05 2.007309579273092968e+05 2.007313436306157673e+05 2.007315132892490656e+05 2.007312712190355815e+05 2.007312391718452564e+05
1.012206833075088362e+05 9.753786780651363370e+04 4.298183032257009472e+04 9.753833382479417196e+04 2.351440632356280112e+05 6.254786403618370241e+04 9.753825181249945308e+04 9.753805253456771607e+04 8.542997742265052511e+04 4.318964319097906700e+05 9.753772895173092547e+04 9.753822353174429736e+04 1.512053206044881954e+05 2.797113658965992363e+04 5.619900668213650351e+05 3.230649603792012203e+05 9.753782012264832156e+04 9.443022270903721801e+04 9.753823716313611658e+04 5.738410143874136702e+04 9.753756050031183986e+04 9.753813415723694197e+04 9.753824918940171483e+04 9.753812162190995878e+04 9.753801149869096116e+04
5.511420355233998271e+05 5.833573392375236144e+05 5.662635622346927412e+05 5.833575618492335780e+05 4.929744670981056988e+05 5.662635747454761295e+05 5.833574904379609507e+05 5.833573764992222423e+05 5.833575261972539593e+05 3.697019175002883421e+05 5.833573282714736415e+05 5.833575322024718625e+05 5.357303717825772474e+05 5.619900668213650351e+05 1.636354002298867854e+05 4.188653721020246157e+05 5.833573152972954558e+05 5.833575969485127134e+05 5.833575131920467829e+05 5.577165790593143320e+05 5.833572649435393978e+05 5.833574575709948549e+05 5.833575093332902761e+05 5.833574275577245280e+05 5.833573700423637638e+05
3.008828479156533722e+05 3.444321100050875102e+05 3.273384855200744350e+05 3.444324417451068293e+05 2.169076481374647119e+05 3.273384303659150610e+05 3.444323849306201446e+05 3.444322038949637208e+05 3.444325077180074295e+05 2.840400078823394142e+05 3.444320380582330399e+05 3.444324409082704806e+05 2.731349269848633558e+05 3.230649603792012203e+05 4.188653721020246739e+05 1.311722502016176295e+05 3.444321007430010941e+05 3.444324922645106562e+05 3.444323219210691168e+05 3.140393706596459378e+05 3.444320226403116249e+05 3.444322942637762753e+05 3.444324496538068051e+05 3.444322514766762033e+05 3.444321933202431537e+05
1.572927809844398580e+05 8.548494567089108386e+03 7.368302989784644160e+04 2.136924471239910781e+04 2.622584490579430712e+05 6.019462639911002043e+04 1.425788048285206787e+04 8.548618864382953689e+03 3.775112434192489309e+04 4.532635709085361450e+05 6.994180059702604012e+03 1.709568329720560723e+04 2.007311543208064104e+05 9.753782012264832156e+04 5.833573152972954558e+05 3.444321007430010941e+05 7.273496658014776406e-01 2.875076680510837468e+04 3.473791103884088443e+03 1.238245757913209964e+05 8.548231108094631054e+03 8.548686306089337450e+03 1.709568144296948230e+04 8.548645486734765655e+03 8.548591540863493719e+03
1.541852098200063338e+05 3.418995496935902338e+04 7.057538391449784103e+04 2.416320090156303559e+04 2.622589283139776089e+05 5.207887742170093406e+04 2.875112037278976641e+04 3.419005111031683191e+04 2.850247786197915048e+04 4.532638512483512168e+05 3.320079577490282827e+04 2.875111665934819393e+04 1.993188467682730989e+05 9.443022270903721801e+04 5.833575969485128298e+05 3.444324922645106562e+05 2.875076680510837468e+04 7.313576278700745206e+03 2.875103805415578972e+04 1.207169589997394360e+05 3.418958862138311815e+04 3.419002695398716605e+04 2.875109999101021094e+04 3.419005617258877464e+04 3.419000576729528257e+04
1.572930360257487628e+05 1.202103950252246796e+04 7.368333784261660185e+04 2.110230910408105410e+04 2.622587006818372174e+05 6.019492481326955749e+04 1.131986523606910669e+04 1.202105944908371930e+04 3.775139178329553397e+04 4.532637950478559360e+05 1.046673206845694767e+04 1.415783643891930660e+04 2.007314146335804835e+05 9.753823716313611658e+04 5.833575131920467829e+05 3.444323219210691168e+05 3.473791103884088898e+03 2.875103805415578245e+04 4.491425826940966544e+03 1.238249130102980125e+05 1.202072007699738060e+04 1.202102170225540067e+04 1.656167743492533191e+04 1.202102334381287801e+04 1.202108167134055657e+04
6.810843648418340308e+04 1.238245407533329271e+05 8.361949901258984755e+04 1.238250120597605564e+05 2.209041547446968325e+05 8.393886660571907123e+04 1.238248806545655971e+05 1.238247229408240091e+05 1.093425240291620430e+05 4.276228919014611747e+05 1.238244579127477191e+05 1.238249369874589756e+05 1.297462217038712843e+05 5.738410143874136702e+04 5.577165790593143320e+05 3.140393706596459378e+05 1.238245757913209964e+05 1.207169589997394360e+05 1.238249130102980125e+05 3.748081247659682413e+04 1.238242804450892145e+05 1.238248331764585018e+05 1.238249623354845680e+05 1.238247666552260926e+05 1.238246424264204106e+05
1.572925143559679273e+05 1.196126534080261150e+00 7.368275182197702816e+04 2.991613092244581276e+04 2.622583487919348408e+05 6.019433510448715242e+04 2.280473007019675424e+04 1.360485375286725196e+00 3.775084461311374616e+04 4.532634924856377183e+05 1.555061998350688555e+03 2.564256901029201617e+04 2.007309579273093259e+05 9.753756050031185441e+04 5.833572649435393978e+05 3.444320226403116249e+05 8.548231108094631054e+03 3.418958862138311815e+04 1.202072007699738060e+04 1.238242804450892145e+05 5.495243389312626237e-01 1.377132661282732817e+00 2.564258237501171607e+04 1.387475925880056193e+00 1.276907508108579004e+00
1.572929579215721460e+05 1.634431657784823910e+00 7.368332291264091327e+04 2.991653679887673206e+04 2.622586813737415941e+05 6.019489595696714969e+04 2.280510645343336000e+04 1.655165828265434458e+00 3.775136673635871557e+04 4.532636989156639320e+05 1.555538783941649399e+03 2.564293176579567444e+04 2.007313436306157964e+05 9.753813415723694197e+04 5.833574575709948549e+05 3.444322942637762753e+05 8.548686306089337450e+03 3.419002695398716605e+04 1.202102170225540067e+04 1.238248331764585018e+05 1.377132661282732817e+00 8.383656357471651610e-01 2.564301133451370333e+04 1.606915560520407515e+00 1.678335875641970176e+00
1.572931541036339186e+05 2.564285081149738471e+04 7.368345934259268688e+04 1.597081924447256642e+04 2.622588495926737669e+05 6.019500507714637934e+04 1.627309619678109448e+04 2.564297405402213553e+04 3.775139140859116742e+04 4.532638203386571258e+05 2.408865853141114712e+04 1.709579950047026432e+04 2.007315132892490656e+05 9.753824918940171483e+04 5.833575093332903925e+05 3.444324496538068051e+05 1.709568144296948230e+04 2.875109999101021094e+04 1.656167743492533555e+04 1.238249623354845680e+05 2.564258237501171607e+04 2.564301133451370697e+04 8.065483827698574082e-01 2.564301592590686778e+04 2.564293410953720013e+04
1.572928911922726547e+05 1.599312413227868879e+00 7.368325596058560768e+04 2.991649376863531143e+04 2.622585988700840971e+05 6.019489584580608789e+04 2.280501175622316805e+04 1.564337595739672349e+00 3.775135907054811105e+04 4.532636903201257228e+05 1.555483811329370155e+03 2.564295602781938578e+04 2.007312712190355815e+05 9.753812162190994422e+04 5.833574275577245280e+05 3.444322514766762033e+05 8.548645486734765655e+03 3.419005617258877464e+04 1.202102334381287801e+04 1.238247666552261217e+05 1.387475925880056193e+00 1.606915560520407293e+00 2.564301592590686778e+04 8.121227446170907749e-01 1.600617753745366079e+00
1.572928134134913853e+05 1.473534374864376773e+00 7.368315831178554799e+04 2.991642636537189173e+04 2.622586185775970225e+05 6.019480657481842354e+04 2.280503100993654880e+04 1.480152733786810559e+00 3.775131329043363075e+04 4.532636022797702462e+05 1.555447607934973348e+03 2.564287621732121625e+04 2.007312391718452564e+05 9.753801149869096116e+04 5.833573700423637638e+05 3.444321933202431537e+05 8.548591540863493719e+03 3.419000576729527529e+04 1.202108167134055657e+04 1.238246424264204106e+05 1.276907508108578782e+00 1.678335875641970176e+00 2.564293410953720013e+04 1.600617753745366079e+00 7.587434760623656960e-01
