1.626096400108686112e+03 1.040017578186743194e+05 1.688725626827312226e+05 8.000162085021621897e+04 1.040015832562056603e+05 3.403257712024546345e+04 1.025016080327370146e+05 1.324048054924758326e+05 3.743042849405056913e+05 2.573419403364119353e+04 1.908339215810347741e+04 2.989859004985478241e+05 2.180948472321248264e+05 1.040015765109546774e+05 8.823364081163726223e+04 1.040012905190977181e+05 1.040017245746716071e+05 3.609126023148136301e+04 1.040015152802746452e+05 1.040016526204575493e+05 6.480024611480374006e+04 6.108949486996248015e+04 4.175119124874385307e+05 2.461421138011258154e+05 9.058841442166536581e+04
1.040017578186743194e+05 3.948036913106697284e+03 1.884279310887044121e+05 3.194360671268792794e+04 3.542269936845746088e+03 7.711274476821663848e+04 5.960462732691504243e+03 1.564049847252991749e+05 3.903042270576698938e+05 1.097161061820576870e+05 9.200163818194236956e+04 3.149855861338427057e+05 2.340945786875042540e+05 3.542417775078668456e+03 2.022852210178233508e+04 8.001329425413918216e+03 8.001363493387167182e+03 1.127291395572535257e+05 4.784908168869963447e+03 8.001370597831330088e+03 4.720303294519534393e+04 1.244229454770968296e+05 4.335117663045274676e+05 2.621417516530998400e+05 1.331446623026628222e+05
1.688725626827312226e+05 1.884279310887044121e+05 3.144580754864470873e+04 1.884281058234682423e+05 1.884276467352102336e+05 1.852676499934522144e+05 1.884281297998931259e+05 7.996914300651237136e+04 3.263043457749601221e+05 1.631582492484292889e+05 1.768725506899242755e+05 2.444239715318806120e+05 1.253277427794698015e+05 1.884278576266461750e+05 1.884279816149748513e+05 1.884276900140982470e+05 1.884278438726128661e+05 1.608725947664948180e+05 1.884276731033122633e+05 1.884277496085066814e+05 1.884280049908986839e+05 1.537848725306398410e+05 3.650674571231931332e+05 1.675518056594392401e+05 1.282982733997432806e+05
8.000162085021621897e+04 3.194360671268792794e+04 1.884281058234683005e+05 2.586916477900139739e+02 3.200158688086925395e+04 5.259661244398346025e+04 3.037026809414755553e+04 1.564048343443817575e+05 3.903041466431225417e+05 1.001724431537868368e+05 6.800143614228292427e+04 3.149858693904374377e+05 2.340948218669370399e+05 3.200151268076899214e+04 1.610230398744488593e+04 3.200121865506047470e+04 3.200162738517913749e+04 1.047289759746707859e+05 3.200150315552393295e+04 3.200157616479721037e+04 1.533415555685959043e+04 1.190895281487533939e+05 4.335118125579654006e+05 2.621419981098061544e+05 1.331448338914693159e+05
1.040015832562056748e+05 3.542269936845746088e+03 1.884276467352102336e+05 3.200158688086925395e+04 5.740265982729846339e-01 7.711262309855030617e+04 9.501552056047328733e+03 1.564046616931856552e+05 3.903041065878589870e+05 1.097158553975351388e+05 9.200152345982633415e+04 3.149854752550331759e+05 2.340943376381096314e+05 1.208711064984889783e+00 2.376956016488956811e+04 8.001086205233974397e+03 8.001278299108831561e+03 1.127289010854180233e+05 2.230449433115501961e+03 8.001157171527051105e+03 4.720292437898910430e+04 1.244227325508916838e+05 4.335116689920697245e+05 2.621415721193085483e+05 1.331444241265629244e+05
3.403257712024546345e+04 7.711274476821663848e+04 1.852676499934522144e+05 5.259661244398346025e+04 7.711262309855030617e+04 5.561250425632241786e+03 7.561264080740763166e+04 1.492937588262096106e+05 3.903042970462355297e+05 5.506131453286786564e+04 1.541492421465859843e+04 3.149859021032727323e+05 2.340947601947535586e+05 7.711256434916924627e+04 6.134464675724820700e+04 7.711234392968087923e+04 7.711272089693917951e+04 6.298028479922383121e+04 7.711255055083776824e+04 7.711266521148449101e+04 3.738653553863630805e+04 8.647846247277347720e+04 4.335119045746801421e+05 2.621420563004028518e+05 1.114773411274173559e+05
1.025016080327370146e+05 5.960462732691505153e+03 1.884281297998931259e+05 3.037026809414755553e+04 9.501552056047328733e+03 7.561264080740763166e+04 2.438142518325556921e+03 1.564048740695856395e+05 3.903040836099928129e+05 1.096222409134796762e+05 9.050155668179019995e+04 3.149858087897640071e+05 2.340947663113994058e+05 9.501451349530208972e+03 1.426957078081282634e+04 9.501221360148363601e+03 9.501607573240577040e+03 1.127289872493909206e+05 9.501489916529801121e+03 9.501531587884202963e+03 4.570319052353849838e+04 1.244228102044379775e+05 4.335117496972768568e+05 2.621419557163720601e+05 1.331447471194424434e+05
1.324048054924758326e+05 1.564049847252991749e+05 7.996914300651235681e+04 1.564048343443817575e+05 1.564046616931856552e+05 1.492937588262096106e+05 1.564048740695856395e+05 2.497053631387616042e+04 3.313043588218108052e+05 1.177384096502612083e+05 1.404048100641327910e+05 2.533070818119775795e+05 1.584340352087822685e+05 1.564046893072706589e+05 1.564049822751354368e+05 1.564044385680075793e+05 1.564048700402634859e+05 1.144464843211354600e+05 1.564046661406643980e+05 1.564047604335725773e+05 1.564049863666248857e+05 1.014848543850686547e+05 3.745119753054206958e+05 1.955864846270992130e+05 7.232831710814086546e+04
3.743042849405057495e+05 3.903042270576698938e+05 3.263043457749601803e+05 3.903041466431225417e+05 3.903041065878589870e+05 3.903042970462355297e+05 3.903040836099928129e+05 3.313043588218108052e+05 1.390482286830240628e+05 3.685900641207463341e+05 3.823042638550580014e+05 2.447033844869229652e+05 3.097128232007720508e+05 3.903039843049392221e+05 3.903042459019189700e+05 3.903039151213061414e+05 3.903041763805068331e+05 3.663042919963909662e+05 3.903040777291366248e+05 3.903041041937125847e+05 3.903043414905784884e+05 3.636376119614295312e+05 2.648627604052730021e+05 3.120592911353813834e+05 3.548758998534790007e+05
2.573419403364119353e+04 1.097161061820576870e+05 1.631582492484292889e+05 1.001724431537868368e+05 1.097158553975351388e+05 5.506131453286786564e+04 1.096222409134796762e+05 1.177384096502612083e+05 3.685900641207462759e+05 9.630194904347878037e+03 4.017235005417157663e+04 2.932717120694647310e+05 2.123805398767823935e+05 1.097158690075678460e+05 1.035651861680340371e+05 1.097156069995329599e+05 1.097160360048575822e+05 1.291039446750455500e+04 1.097158274105550081e+05 1.097159475718096801e+05 8.497116056221422332e+04 4.091859893643788382e+04 4.117976051819807035e+05 2.404278189474359096e+05 7.041752797938033473e+04
1.908339215810347741e+04 9.200163818194236956e+04 1.768725506899242755e+05 6.800143614228292427e+04 9.200152345982633415e+04 1.541492421465859661e+04 9.050155668179018539e+04 1.404048100641327910e+05 3.823042638550580014e+05 4.017235005417157663e+04 1.200076076584019938e+04 3.069859414438994136e+05 2.260948405236935359e+05 9.200147711941871967e+04 7.623358605027031444e+04 9.200125020793176373e+04 9.200165544115759258e+04 4.809135780733203865e+04 9.200146046006119286e+04 9.200162627489081933e+04 5.280012459160506114e+04 7.308950243510898144e+04 4.255119082353415433e+05 2.541420275013506762e+05 1.005884668525892484e+05
2.989859004985478823e+05 3.149855861338427640e+05 2.444239715318806411e+05 3.149858693904374377e+05 3.149854752550331759e+05 3.149859021032727323e+05 3.149858087897640071e+05 2.533070818119775795e+05 2.447033844869229652e+05 2.932717120694647310e+05 3.069859414438994136e+05 1.315935296924887225e+05 2.105764616335538740e+05 3.149856099466809537e+05 3.149856483031482203e+05 3.149855680243062088e+05 3.149855750247304677e+05 2.909859681269766879e+05 3.149854444006785052e+05 3.149855142011594726e+05 3.149857027523401775e+05 2.883193448885814287e+05 3.179161050688009127e+05 2.168122821968381759e+05 2.795572979069215362e+05
2.180948472321248264e+05 2.340945786875042540e+05 1.253277427794698306e+05 2.340948218669370399e+05 2.340943376381096314e+05 2.340947601947535586e+05 2.340947663113994640e+05 1.584340352087822685e+05 3.097128232007720508e+05 2.123805398767823935e+05 2.260948405236935359e+05 2.105764616335538740e+05 5.654066446852777881e+04 2.340945052658009226e+05 2.340946012530712760e+05 2.340943834978072264e+05 2.340944720418049837e+05 2.100948629414814059e+05 2.340943129270019126e+05 2.340944100195276551e+05 2.340946543965618475e+05 2.056830067175035365e+05 3.583428462900762097e+05 1.209732946563673177e+05 1.955082365241617663e+05
1.040015765109546774e+05 3.542417775078668456e+03 1.884278576266461750e+05 3.200151268076899214e+04 1.208711064984889560e+00 7.711256434916924627e+04 9.501451349530208972e+03 1.564046893072706589e+05 3.903039843049391638e+05 1.097158690075678460e+05 9.200147711941871967e+04 3.149856099466809537e+05 2.340945052658009226e+05 5.920317742603657951e-01 2.376970065925966628e+04 8.001079016625683835e+03 8.001385759579874502e+03 1.127289325647937076e+05 2.230695213897877238e+03 8.001356139963009809e+03 4.720312350319380494e+04 1.244227279830346088e+05 4.335116725527889794e+05 2.621417191425620113e+05 1.331446777727289300e+05
8.823364081163726223e+04 2.022852210178233508e+04 1.884279816149748513e+05 1.610230398744488957e+04 2.376956016488956811e+04 6.134464675724821427e+04 1.426957078081282634e+04 1.564049822751354368e+05 3.903042459019189700e+05 1.035651861680340371e+05 7.623358605027031444e+04 3.149856483031482785e+05 2.340946012530712760e+05 2.376970065925966628e+04 6.943761143543769322e+03 2.376945437960816707e+04 2.376954598946170881e+04 1.073958072747606930e+05 2.376944578341549641e+04 2.376956965330341700e+04 3.143483377415746872e+04 1.208674178282694920e+05 4.335117796607274213e+05 2.621418262242058117e+05 1.331446679160681961e+05
1.040012905190977181e+05 8.001329425413918216e+03 1.884276900140982470e+05 3.200121865506047470e+04 8.001086205233977125e+03 7.711234392968089378e+04 9.501221360148365420e+03 1.564044385680075793e+05 3.903039151213061414e+05 1.097156069995329599e+05 9.200125020793176373e+04 3.149855680243062670e+05 2.340943834978072264e+05 8.001079016625686563e+03 2.376945437960816707e+04 4.609734041216866363e-01 1.129683844429628659e+00 1.127286518158470280e+05 5.771459194743647458e+03 1.053663302183373451e+00 4.720284158040038892e+04 1.244224698533881747e+05 4.335115957856380264e+05 2.621416471169697761e+05 1.331444151941071323e+05
1.040017245746716071e+05 8.001363493387164453e+03 1.884278438726128661e+05 3.200162738517913749e+04 8.001278299108831561e+03 7.711272089693917951e+04 9.501607573240577040e+03 1.564048700402634859e+05 3.903041763805067749e+05 1.097160360048575822e+05 9.200165544115759258e+04 3.149855750247304677e+05 2.340944720418049546e+05 8.001385759579874502e+03 2.376954598946170881e+04 1.129683844429628659e+00 6.371510311840093976e-01 1.127291070324154280e+05 5.771646957140508675e+03 1.129714111515775832e+00 4.720300605859550706e+04 1.244229336459872720e+05 4.335116892189708306e+05 2.621416853523938044e+05 1.331446166589792701e+05
3.609126023148137028e+04 1.127291395572535257e+05 1.608725947664948180e+05 1.047289759746707859e+05 1.127289010854179942e+05 6.298028479922383849e+04 1.127289872493909206e+05 1.144464843211354600e+05 3.663042919963909662e+05 1.291039446750455863e+04 4.809135780733203865e+04 2.909859681269766879e+05 2.100948629414814059e+05 1.127289325647937076e+05 1.073958072747606930e+05 1.127286518158470280e+05 1.127291070324154280e+05 9.134356109085147182e+03 1.127289008466502710e+05 1.127290049371141358e+05 9.240271170050966612e+04 3.026060815288071171e+04 4.095119835922898492e+05 2.381421651142563205e+05 6.576350109861252713e+04
1.040015152802746452e+05 4.784908168869962537e+03 1.884276731033122633e+05 3.200150315552393295e+04 2.230449433115501961e+03 7.711255055083776824e+04 9.501489916529801121e+03 1.564046661406643980e+05 3.903040777291366248e+05 1.097158274105549935e+05 9.200146046006119286e+04 3.149854444006785052e+05 2.340943129270019126e+05 2.230695213897876783e+03 2.376944578341549641e+04 5.771459194743646549e+03 5.771646957140508675e+03 1.127289008466502710e+05 3.216904706079857988e+03 5.771573224202042184e+03 4.720283064931179979e+04 1.244226970931544929e+05 4.335116166176342522e+05 2.621415311418623896e+05 1.331444101949953183e+05
1.040016526204575493e+05 8.001370597831327359e+03 1.884277496085066814e+05 3.200157616479721037e+04 8.001157171527051105e+03 7.711266521148449101e+04 9.501531587884202963e+03 1.564047604335725773e+05 3.903041041937125847e+05 1.097159475718096801e+05 9.200162627489083388e+04 3.149855142011594726e+05 2.340944100195276551e+05 8.001356139963009809e+03 2.376956965330341700e+04 1.053663302183373451e+00 1.129714111515775832e+00 1.127290049371141358e+05 5.771573224202042184e+03 6.333921390111557637e-01 4.720296863028709049e+04 1.244228198170044343e+05 4.335116589638750884e+05 2.621416607404372480e+05 1.331444978927857301e+05
6.480024611480374006e+04 4.720303294519534393e+04 1.884280049908986839e+05 1.533415555685959225e+04 4.720292437898910430e+04 3.738653553863630805e+04 4.570319052353850566e+04 1.564049863666248857e+05 3.903043414905784884e+05 8.497116056221422332e+04 5.280012459160506114e+04 3.149857027523401775e+05 2.340946543965618475e+05 4.720312350319379766e+04 3.143483377415747236e+04 4.720284158040038892e+04 4.720300605859550706e+04 9.240271170050966612e+04 4.720283064931179979e+04 4.720296863028709049e+04 1.250300974361024419e+04 1.107287939806176000e+05 4.335118766297636321e+05 2.621418857259213983e+05 1.288275224821268930e+05
6.108949486996248015e+04 1.244229454770968296e+05 1.537848725306398410e+05 1.190895281487533939e+05 1.244227325508916838e+05 8.647846247277347720e+04 1.244228102044379775e+05 1.014848543850686401e+05 3.636376119614295312e+05 4.091859893643788382e+04 7.308950243510898144e+04 2.883193448885814287e+05 2.056830067175035365e+05 1.244227279830346088e+05 1.208674178282694920e+05 1.244224698533881747e+05 1.244229336459872720e+05 3.026060815288071171e+04 1.244226970931544929e+05 1.244228198170044343e+05 1.107287939806176000e+05 1.304038633549574661e+04 4.068453373770482722e+05 2.354753843012987636e+05 4.369477751277906646e+04
4.175119124874385307e+05 4.335117663045274676e+05 3.650674571231931332e+05 4.335118125579653424e+05 4.335116689920697245e+05 4.335119045746801421e+05 4.335117496972768568e+05 3.745119753054206958e+05 2.648627604052730603e+05 4.117976051819807035e+05 4.255119082353415433e+05 3.179161050688009127e+05 3.583428462900762097e+05 4.335116725527889794e+05 4.335117796607273049e+05 4.335115957856380264e+05 4.335116892189708306e+05 4.095119835922898492e+05 4.335116166176342522e+05 4.335116589638750884e+05 4.335118766297636321e+05 4.068453373770481558e+05 1.380405497692341160e+05 3.452235995811623288e+05 3.980833541107295314e+05
2.461421138011258154e+05 2.621417516530998400e+05 1.675518056594392692e+05 2.621419981098061544e+05 2.621415721193085483e+05 2.621420563004028518e+05 2.621419557163720310e+05 1.955864846270992130e+05 3.120592911353813834e+05 2.404278189474359096e+05 2.541420275013506762e+05 2.168122821968381759e+05 1.209732946563673322e+05 2.621417191425620113e+05 2.621418262242058117e+05 2.621416471169697761e+05 2.621416853523938044e+05 2.381421651142563205e+05 2.621415311418623896e+05 2.621416607404372480e+05 2.621418857259213983e+05 2.354753843012987636e+05 3.452235995811623288e+05 5.101094218912939687e+04 2.267134627396511787e+05
9.058841442166536581e+04 1.331446623026628222e+05 1.282982733997432952e+05 1.331448338914693159e+05 1.331444241265629244e+05 1.114773411274173559e+05 1.331447471194424434e+05 7.232831710814086546e+04 3.548758998534790007e+05 7.041752797938033473e+04 1.005884668525892484e+05 2.795572979069215362e+05 1.955082365241617663e+05 1.331446777727289300e+05 1.331446679160681961e+05 1.331444151941071614e+05 1.331446166589792701e+05 6.576350109861252713e+04 1.331444101949953183e+05 1.331444978927857301e+05 1.288275224821268930e+05 4.369477751277906646e+04 3.980833541107295314e+05 2.267134627396511787e+05 1.958607003292137233e+04
