1.807853127763025986e+04 3.419597043294097530e+05 5.485405194690031203e+04 2.380414385838216986e+05 5.577948736836190074e+04 1.490318097273094463e+05 9.195107787497784011e+04 4.466880288232215389e+04 3.677401057671612216e+04 5.577991153254765231e+04 5.577989049635596893e+04 5.577993764934098726e+04 5.577962704052121262e+04 3.860222640102381411e+04 5.577940953824759345e+04 4.860898977295219665e+05 5.577991478810760600e+04 5.577968793596680916e+04 5.577993727815250168e+04 2.804852460424684614e+04 5.577918567133630859e+04 5.577985699084860244e+04 5.578001286618015001e+04 5.577975872819548385e+04 4.744662788531945989e+04
3.419597043294097530e+05 1.344936968103743275e+05 3.419596029780840618e+05 2.133889096585876541e+05 3.419592686557191773e+05 2.842015446580469143e+05 3.149147374142395565e+05 3.419596728601265349e+05 3.419596920975625399e+05 3.419596191167340148e+05 3.419594590324165183e+05 3.419596276280478342e+05 3.419593583839596249e+05 3.327005048821131350e+05 3.419592080203483347e+05 3.263075875754383742e+05 3.419595186268175021e+05 3.419593342856399249e+05 3.419595339139217976e+05 3.419597008822691278e+05 3.419591644697543816e+05 3.419594875838268199e+05 3.419595807210715138e+05 3.419594276279621408e+05 3.419596698426360381e+05
5.485405194690031203e+04 3.419596029780840036e+05 1.647230437767392232e+03 2.380412882343099627e+05 9.261304120085378599e+03 1.527353644864065573e+05 9.773304084725661960e+04 2.985401455749652814e+04 3.240976721954572349e+04 9.261672672373251771e+03 9.261602351348297816e+03 6.483604888003947963e+03 9.261389278853017458e+03 7.088728841422371625e+04 9.261137163561610578e+03 4.860898207953614765e+05 9.261663825170910059e+03 9.261446935306681553e+03 9.261631470616372098e+03 4.067510059254660155e+04 9.260908855980989756e+03 9.261592270975401334e+03 9.279134129458851703e+02 9.261524015943734412e+03 1.179541037740535830e+04
2.380414385838216986e+05 2.133889096585876541e+05 2.380412882343099627e+05 6.883507340712413134e+04 2.380408807765652018e+05 1.594071216961647442e+05 1.983134654498909949e+05 2.349711971963217657e+05 2.378798073708048905e+05 2.380412286371762457e+05 2.380411131401371676e+05 2.380412885224457714e+05 2.380409350479081040e+05 2.276813200056288042e+05 2.380407753059944080e+05 3.742550048810853041e+05 2.380411693125278107e+05 2.380409423183199542e+05 2.380412193995471462e+05 2.380414579458344087e+05 2.380407307167600084e+05 2.380411202540220111e+05 2.380412250372590788e+05 2.380411181385431264e+05 2.364254845167508174e+05
5.577948736836189346e+04 3.419592686557191191e+05 9.261304120085378599e+03 2.380408807765652018e+05 8.711105713399741601e-01 1.527348640611615847e+05 9.773251302577726892e+04 3.077966298933481448e+04 3.333533850999956485e+04 1.802754353651472741e+00 1.784700281559288948e+00 2.779676494397135684e+03 1.481041518083268116e+00 7.129833917269189260e+04 1.306192251261467874e+00 4.860895324407794396e+05 1.802076954963176547e+00 1.590628989658521064e+00 1.832996261751724365e+00 4.160057327261269529e+04 1.164946188955341855e+00 1.773361491844595461e+00 8.335324739079413121e+03 1.739432998572380429e+00 2.105470424929594083e+04
1.490318097273094463e+05 2.842015446580469143e+05 1.527353644864065573e+05 1.594071216961647442e+05 1.527348640611615847e+05 5.725401872314549837e+04 8.600500945964246057e+04 1.444020882710491423e+05 1.522969091183936689e+05 1.527353353617285902e+05 1.527351262896262051e+05 1.527353308798410580e+05 1.527349219508208043e+05 1.338659165352508135e+05 1.527347958153575892e+05 4.385954710896853358e+05 1.527352092690003046e+05 1.527349528470443038e+05 1.527352492466164113e+05 1.527355028070101398e+05 1.527346889922567352e+05 1.527351284223475959e+05 1.527353577598163392e+05 1.527351310488101444e+05 1.483494938968712813e+05
9.195107787497786921e+04 3.149147374142395565e+05 9.773304084725661960e+04 1.983134654498909949e+05 9.773251302577726892e+04 8.600500945964246057e+04 2.498959796299205482e+04 8.939973820652166614e+04 9.729450826522894204e+04 9.773293277613993268e+04 9.773279428551132150e+04 9.773297796607368218e+04 9.773261155830159259e+04 7.675503260452719405e+04 9.773239463181589963e+04 4.610899677261798060e+05 9.773285520262061618e+04 9.773267708103214682e+04 9.773291585246831528e+04 9.773313424918848614e+04 9.773228030334089999e+04 9.773283993047075637e+04 9.773301204276316275e+04 9.773281199252704391e+04 9.334710619315985241e+04
4.466880288232215389e+04 3.419596728601265349e+05 2.985401455749652087e+04 2.349711971963218239e+05 3.077966298933481448e+04 1.444020882710491423e+05 8.939973820652166614e+04 3.544933824736776387e+03 1.533164275109304799e+04 3.078005428080190177e+04 3.078003384050406385e+04 3.077992421276617097e+04 3.077984475130757346e+04 6.759512191041806364e+04 3.077955548877869660e+04 4.860898739126018481e+05 3.078004116880066067e+04 3.077986157104127051e+04 3.078012603880686220e+04 2.493427197029532908e+04 3.077933914458941581e+04 3.077999365143197065e+04 3.078005532363698512e+04 3.077997965013850990e+04 1.806047980716484381e+04
3.677401057671612216e+04 3.419596920975625399e+05 3.240976721954571985e+04 2.378798073708048905e+05 3.333533850999956485e+04 1.522969091183936689e+05 9.729450826522894204e+04 1.533164275109304799e+04 6.770181111831537237e+03 3.333576619625309831e+04 3.333573166892510199e+04 3.333563362155250798e+04 3.333547222768909705e+04 5.970035210768221441e+04 3.333518684204045712e+04 4.860898812207616866e+05 3.333574607583625038e+04 3.333552858853380894e+04 3.333576274878333788e+04 1.688758624159035026e+04 3.333499561605356575e+04 3.333570819499327627e+04 3.333574610887346353e+04 3.333563226693991601e+04 2.477142767747089601e+04
5.577991153254765231e+04 3.419596191167340148e+05 9.261672672373251771e+03 2.380412286371762457e+05 1.802754353651472741e+00 1.527353353617285902e+05 9.773293277613993268e+04 3.078005428080190177e+04 3.333576619625309831e+04 1.023334306035591057e+00 2.013691655363989419e+00 2.779910552265829210e+03 1.874704444376236401e+00 7.129870957343670307e+04 1.762188786562389975e+00 4.860898002694952302e+05 1.993073851436940380e+00 2.011785596556005640e+00 1.956579939869962370e+00 4.160102880903347250e+04 1.479736776056706393e+00 2.005989928660469435e+00 8.335598695753475113e+03 1.998068642321007227e+00 2.105506097319434775e+04
5.577989049635596893e+04 3.419594590324165183e+05 9.261602351348297816e+03 2.380411131401371968e+05 1.784700281559288948e+00 1.527351262896262051e+05 9.773279428551132150e+04 3.078003384050406748e+04 3.333573166892510199e+04 2.013691655363989419e+00 1.012458339639594973e+00 2.779941948689170204e+03 1.811757907784644850e+00 7.129864279833209002e+04 1.661606492220125242e+00 4.860896753943774384e+05 1.884706477502141819e+00 1.905860351264397012e+00 1.912981487919288792e+00 4.160101085713095381e+04 1.427716061127297209e+00 1.866553412045619087e+00 8.335575474641007531e+03 1.856849888260659887e+00 2.105502159718461189e+04
5.577993764934098726e+04 3.419596276280477759e+05 6.483604888003947963e+03 2.380412885224457714e+05 2.779676494397135684e+03 1.527353308798410580e+05 9.773297796607368218e+04 3.077992421276617097e+04 3.333563362155250798e+04 2.779910552265829665e+03 2.779941948689170204e+03 3.704825852446565932e+03 2.779774811326730287e+03 7.129874533887318103e+04 2.779594562458184100e+03 4.860897948130381992e+05 2.779959195636114600e+03 2.779820006168790769e+03 2.779983350935655835e+03 4.160098366321063077e+04 2.779311840469226809e+03 2.779947785378581557e+03 5.557509809218282498e+03 2.779902005472033125e+03 1.827709290120382138e+04
5.577962704052121262e+04 3.419593583839596249e+05 9.261389278853017458e+03 2.380409350479081040e+05 1.481041518083268116e+00 1.527349219508208043e+05 9.773261155830159259e+04 3.077984475130757346e+04 3.333547222768909705e+04 1.874704444376236401e+00 1.811757907784644850e+00 2.779774811326730287e+03 9.365269553041128958e-01 7.129839804396058025e+04 1.505918030320384293e+00 4.860895879338642117e+05 1.878608473441459426e+00 1.607387009650950827e+00 1.845323348066802760e+00 4.160074571741848195e+04 1.300839661223111676e+00 1.797277629221133433e+00 8.335402060292984970e+03 1.721334479430885356e+00 2.105484354556111793e+04
3.860222640102382138e+04 3.327005048821131350e+05 7.088728841422370169e+04 2.276813200056288042e+05 7.129833917269187805e+04 1.338659165352508135e+05 7.675503260452719405e+04 6.759512191041806364e+04 5.970035210768222896e+04 7.129870957343671762e+04 7.129864279833209002e+04 7.129874533887319558e+04 7.129839804396059480e+04 2.600062209789881672e+04 7.129821745476544311e+04 4.768307093701350968e+05 7.129867553504629177e+04 7.129848275445682521e+04 7.129869561434078787e+04 5.438675642668423825e+04 7.129805457930170815e+04 7.129867260124877794e+04 7.129884060222486733e+04 7.129859409824521572e+04 6.759510267097791075e+04
5.577940953824760072e+04 3.419592080203483347e+05 9.261137163561610578e+03 2.380407753059944080e+05 1.306192251261467874e+00 1.527347958153575892e+05 9.773239463181589963e+04 3.077955548877869660e+04 3.333518684204045712e+04 1.762188786562390419e+00 1.661606492220125242e+00 2.779594562458183646e+03 1.505918030320384071e+00 7.129821745476542856e+04 7.661331649757998630e-01 4.860894896322442801e+05 1.707204679325657892e+00 1.537680755115260034e+00 1.738627177587715122e+00 4.160050557994478731e+04 1.018544467084211425e+00 1.694562934206032878e+00 8.335169205361949935e+03 1.630837205100410747e+00 2.105457105745749504e+04
4.860898977295219665e+05 3.263075875754383160e+05 4.860898207953614765e+05 3.742550048810854205e+05 4.860895324407794396e+05 4.385954710896853940e+05 4.610899677261798060e+05 4.860898739126018481e+05 4.860898812207616866e+05 4.860898002694952302e+05 4.860896753943774384e+05 4.860897948130381992e+05 4.860895879338642117e+05 4.768307093701351550e+05 4.860894896322442801e+05 1.836047509836995741e+05 4.860897281848746352e+05 4.860896037409082055e+05 4.860897391827855026e+05 4.860898672782966169e+05 4.860894715811826172e+05 4.860897356273553451e+05 4.860897567503619939e+05 4.860896580864150892e+05 4.860899100346641499e+05
5.577991478810760600e+04 3.419595186268175021e+05 9.261663825170910059e+03 2.380411693125278107e+05 1.802076954963176547e+00 1.527352092690003046e+05 9.773285520262061618e+04 3.078004116880066067e+04 3.333574607583625038e+04 1.993073851436940380e+00 1.884706477502141819e+00 2.779959195636114600e+03 1.878608473441459426e+00 7.129867553504629177e+04 1.707204679325657892e+00 4.860897281848746352e+05 9.688423876741457663e-01 1.942050321201460372e+00 1.849440612787667915e+00 4.160099166891948698e+04 1.429756319095829786e+00 1.904411971369502687e+00 8.335641314842838256e+03 1.935809739767409665e+00 2.105505074346166657e+04
5.577968793596680916e+04 3.419593342856399249e+05 9.261446935306683372e+03 2.380409423183199542e+05 1.590628989658521064e+00 1.527349528470443038e+05 9.773267708103216137e+04 3.077986157104127051e+04 3.333552858853380894e+04 2.011785596556005640e+00 1.905860351264397456e+00 2.779820006168791224e+03 1.607387009650950827e+00 7.129848275445682521e+04 1.537680755115260034e+00 4.860896037409082637e+05 1.942050321201460372e+00 9.436083765482113916e-01 1.942524151455846670e+00 4.160080451160016673e+04 1.348366807968509828e+00 1.834255520442617859e+00 8.335439201487815808e+03 1.774870913583447285e+00 2.105488513882352345e+04
5.577993727815250168e+04 3.419595339139217976e+05 9.261631470616372098e+03 2.380412193995471462e+05 1.832996261751724365e+00 1.527352492466164113e+05 9.773291585246831528e+04 3.078012603880686220e+04 3.333576274878333788e+04 1.956579939869962370e+00 1.912981487919288792e+00 2.779983350935655380e+03 1.845323348066802760e+00 7.129869561434078787e+04 1.738627177587714900e+00 4.860897391827855026e+05 1.849440612787667915e+00 1.942524151455846670e+00 1.081252388643301199e+00 4.160102286699232354e+04 1.448453470310305580e+00 1.896543458919207170e+00 8.335613915155034192e+03 1.925690162094338742e+00 2.105506037922281394e+04
2.804852460424685341e+04 3.419597008822691278e+05 4.067510059254660155e+04 2.380414579458344087e+05 4.160057327261269529e+04 1.527355028070101398e+05 9.773313424918848614e+04 2.493427197029532908e+04 1.688758624159035389e+04 4.160102880903347250e+04 4.160101085713095381e+04 4.160098366321063804e+04 4.160074571741848195e+04 5.438675642668423097e+04 4.160050557994478731e+04 4.860898672782966169e+05 4.160099166891948698e+04 4.160080451160016673e+04 4.160102286699233082e+04 1.454237406184464453e+04 4.160026442280187621e+04 4.160096266174883931e+04 4.160110162071942614e+04 4.160089274103927892e+04 3.326768202034814749e+04
5.577918567133630859e+04 3.419591644697543816e+05 9.260908855980989756e+03 2.380407307167600084e+05 1.164946188955341855e+00 1.527346889922567352e+05 9.773228030334089999e+04 3.077933914458942309e+04 3.333499561605356575e+04 1.479736776056706393e+00 1.427716061127297209e+00 2.779311840469226809e+03 1.300839661223111676e+00 7.129805457930170815e+04 1.018544467084211425e+00 4.860894715811825590e+05 1.429756319095830008e+00 1.348366807968509828e+00 1.448453470310305580e+00 4.160026442280187621e+04 5.600089695723708960e-01 1.417272747296677515e+00 8.334942768780276310e+03 1.393335388764214366e+00 2.105431079354023313e+04
5.577985699084860244e+04 3.419594875838268199e+05 9.261592270975401334e+03 2.380411202540220111e+05 1.773361491844595683e+00 1.527351284223475959e+05 9.773283993047075637e+04 3.077999365143197065e+04 3.333570819499327627e+04 2.005989928660469435e+00 1.866553412045619087e+00 2.779947785378581557e+03 1.797277629221133433e+00 7.129867260124877794e+04 1.694562934206032878e+00 4.860897356273553451e+05 1.904411971369502687e+00 1.834255520442617859e+00 1.896543458919207170e+00 4.160096266174883203e+04 1.417272747296677515e+00 1.017804299432778947e+00 8.335565138818321429e+03 1.860370714523387425e+00 2.105503161768165592e+04
5.578001286618015001e+04 3.419595807210715138e+05 9.279134129458851703e+02 2.380412250372590788e+05 8.335324739079413121e+03 1.527353577598163392e+05 9.773301204276316275e+04 3.078005532363698876e+04 3.333574610887347080e+04 8.335598695753475113e+03 8.335575474641007531e+03 5.557509809218282498e+03 8.335402060292984970e+03 7.129884060222486733e+04 8.335169205361949935e+03 4.860897567503619939e+05 8.335641314842838256e+03 8.335439201487813989e+03 8.335613915155034192e+03 4.160110162071944069e+04 8.334942768780276310e+03 8.335565138818321429e+03 1.104362015736498392e+00 8.335544587645594220e+03 1.272156685452666898e+04
5.577975872819547658e+04 3.419594276279621408e+05 9.261524015943734412e+03 2.380411181385431264e+05 1.739432998572380429e+00 1.527351310488101153e+05 9.773281199252704391e+04 3.077997965013850990e+04 3.333563226693991601e+04 1.998068642321007227e+00 1.856849888260659887e+00 2.779902005472032670e+03 1.721334479430885356e+00 7.129859409824523027e+04 1.630837205100410747e+00 4.860896580864150892e+05 1.935809739767409665e+00 1.774870913583447285e+00 1.925690162094339408e+00 4.160089274103927164e+04 1.393335388764214366e+00 1.860370714523387425e+00 8.335544587645594220e+03 1.004508379210802271e+00 2.105497421863685668e+04
4.744662788531945989e+04 3.419596698426359799e+05 1.179541037740535830e+04 2.364254845167508174e+05 2.105470424929594083e+04 1.483494938968712522e+05 9.334710619315985241e+04 1.806047980716484381e+04 2.477142767747089601e+04 2.105506097319435139e+04 2.105502159718461189e+04 1.827709290120382138e+04 2.105484354556112157e+04 6.759510267097791075e+04 2.105457105745749504e+04 4.860899100346642081e+05 2.105505074346167021e+04 2.105488513882353072e+04 2.105506037922281757e+04 3.326768202034814749e+04 2.105431079354023313e+04 2.105503161768165955e+04 1.272156685452667080e+04 2.105497421863686031e+04 4.156298398961981547e+03
