2.402178101961459834e+04 2.091889522844764870e+05 1.125115704162607581e+05 7.143002666698156099e+04 5.462347151287626184e+04 3.712482536970245565e+04 5.742449276270848350e+04 6.302681623191101244e+04 6.302671987238789734e+04 6.302651810155175917e+04 3.304858946129165997e+04 2.415703811657401384e+05 2.941314851159376121e+04 2.255996963742948719e+05 7.142989511555734498e+04 7.037968299301901425e+04 2.795795705931498669e+05 4.753464798602222436e+04 1.589512781466250599e+05 3.205369108059989521e+05 7.142968943026721536e+04 7.143009119157589157e+04 8.403519063094584271e+04 1.852399583945395134e+05 7.143011249240230245e+04
2.091889522844764870e+05 1.944771488911258348e+04 1.618050875932679046e+05 2.175920305681907630e+05 2.175922104339319631e+05 2.007855662544810912e+05 2.175922153384897974e+05 2.175921117668060469e+05 2.175920246852128475e+05 2.175918920915003400e+05 2.175922813057026360e+05 1.311360733837232692e+05 2.007854120340817899e+05 6.705135713648583624e+04 2.175917839351032162e+05 1.923821964210815495e+05 1.909624186240866547e+05 2.175922417843753356e+05 1.085133227459029586e+05 2.316862386555647536e+05 2.175918221829473623e+05 2.175918774592585396e+05 1.839787560599038261e+05 6.268390138095088332e+04 2.175918922890434333e+05
1.125115704162607581e+05 1.618050875932679046e+05 2.333477430644155174e+04 1.272172202517494152e+05 1.356206750603419787e+05 8.992741627471020911e+04 1.356207089435282396e+05 1.356206013440385286e+05 1.356206107280550641e+05 1.356203537189900817e+05 1.272173722346440481e+05 1.948772898374653887e+05 9.780544581689410552e+04 1.740140092589530686e+05 1.272168890778948844e+05 6.104083794890494028e+04 2.351619795233709156e+05 1.302918722826360317e+05 7.421515965214511380e+04 2.761192754386059823e+05 1.272168830496795563e+05 1.272170369063143444e+05 4.409512948258117831e+04 1.252511836684761802e+05 1.272170259974399378e+05
7.143002666698156099e+04 2.175920305681907630e+05 1.272172202517494152e+05 3.543554348734052617e-01 3.361492500079816091e+04 1.003167214062071580e+05 2.875744427295645073e+04 1.680803098679156392e+04 1.470697696606366299e+04 8.404472237022517220e+03 4.481943033965512586e+04 2.499735221588143613e+05 9.243855699584083050e+04 2.340027608407717780e+05 1.078205903287321021e+00 1.008418887694991863e+05 2.879827133574526524e+05 3.894389923324542178e+04 1.705057363916096801e+05 3.289400191361601464e+05 9.613672310901777429e-01 1.077456692240906566e+00 1.064441674456181936e+05 1.895438891038286383e+05 9.470515532413714688e-01
5.462347151287626184e+04 2.175922104339319631e+05 1.356206750603419787e+05 3.361492500079816091e+04 3.833042812883524220e-01 8.350993450177110208e+04 4.858521435094387925e+03 1.680801746021279178e+04 1.890897768765203000e+04 2.521138859904970741e+04 2.801267160536089432e+04 2.499736046812866116e+05 7.563182709177488869e+04 2.340028857835424715e+05 3.361471038682896324e+04 1.008420182066654233e+05 2.879827551389040309e+05 1.112996582976043828e+04 1.789093163612370263e+05 3.289402783534994232e+05 3.361465033601825417e+04 3.361485248542293266e+04 1.092455384759195003e+05 1.979474723590745416e+05 3.361486321322824369e+04
3.712482536970244837e+04 2.007855662544810912e+05 8.992741627471020911e+04 1.003167214062071725e+05 8.350993450177110208e+04 9.269916272232954725e+03 8.631114999847387662e+04 9.191322340051521314e+04 9.191332447977585252e+04 9.191307650929428928e+04 6.390213374831173132e+04 2.331669740324164450e+05 1.924783029206243373e+04 2.171962276809709729e+05 1.003163216732817091e+05 3.991084952314452676e+04 2.711762872479041689e+05 7.765587387363061134e+04 1.414882019217062043e+05 3.121336380671105580e+05 1.003163188570030325e+05 1.003165267815152329e+05 5.847514056990285462e+04 1.768367154827083577e+05 1.003166254462688812e+05
5.742449276270848350e+04 2.175922153384897974e+05 1.356207089435282396e+05 2.875744427295645073e+04 4.858521435094387925e+03 8.631114999847387662e+04 6.841371662648758502e+03 1.195060174711675427e+04 1.405158515297504709e+04 2.035408570650257025e+04 3.081384599312079808e+04 2.499736201919726445e+05 7.843301223225210560e+04 2.340028946480297309e+05 2.875748832999624210e+04 1.036430254522644391e+05 2.879827907801853726e+05 1.469683831227894007e+04 1.789092975556933379e+05 3.289400929326956975e+05 2.875730595267578610e+04 2.875759873324882210e+04 1.111127823782143241e+05 1.979473740698994661e+05 2.875761215432224344e+04
6.302681623191101244e+04 2.175921117668060469e+05 1.356206013440385286e+05 1.680803098679156392e+04 1.680801746021279178e+04 9.191322340051521314e+04 1.195060174711675427e+04 3.988062433570107590e-01 2.101958225350732391e+03 8.404575365693646745e+03 3.641619605636189226e+04 2.499735600244142115e+05 8.403517656072680256e+04 2.340027302381462068e+05 1.680791688310379686e+04 1.092453403180696332e+05 2.879828470864379196e+05 2.266251444261417055e+04 1.789092483159899421e+05 3.289402442844778998e+05 1.680787962843959758e+04 1.680806948246013417e+04 1.148477026751854573e+05 1.979474284733350505e+05 1.680803577295668583e+04
6.302671987238789734e+04 2.175920246852128475e+05 1.356206107280550641e+05 1.470697696606366299e+04 1.890897768765203000e+04 9.191332447977585252e+04 1.405158515297504709e+04 2.101958225350732846e+03 3.151729840265236817e+03 6.303594517464092860e+03 3.641609978545489867e+04 2.499734248734992871e+05 8.403514061414760363e+04 2.340027629407767381e+05 1.470702047192691316e+04 1.092453726767161716e+05 2.879828081715049339e+05 2.463193615959861199e+04 1.789092447683245700e+05 3.289401784665341256e+05 1.470700459126595342e+04 1.470707115576594515e+04 1.148476140726267331e+05 1.979473820393653295e+05 1.470701226062247588e+04
6.302651810155175917e+04 2.175918920915003400e+05 1.356203537189900526e+05 8.404472237022517220e+03 2.521138859904971468e+04 9.191307650929428928e+04 2.035408570650257025e+04 8.404575365693646745e+03 6.303594517464092860e+03 3.162842012445521434e-01 3.641587325438350672e+04 2.499733295484367118e+05 8.403487982889542764e+04 2.340026229020010796e+05 8.404060524881424499e+03 1.092450617723903852e+05 2.879825496732525062e+05 3.054039261062530932e+04 1.789090115567254834e+05 3.289398724457766511e+05 8.404003417721356527e+03 8.404200177246380917e+03 1.148473683756875544e+05 1.979471403045044572e+05 8.404347228301683572e+03
3.304858946129165997e+04 2.175922813057026360e+05 1.272173722346440481e+05 4.481943033965512586e+04 2.801267160536089796e+04 6.390213374831174588e+04 3.081384599312080172e+04 3.641619605636189226e+04 3.641609978545490594e+04 3.641587325438350672e+04 3.735226479767744422e+03 2.499736741991425515e+05 5.602391203409200534e+04 2.340030675576422072e+05 4.481923721952263440e+04 8.718647660080761125e+04 2.879828197998307878e+05 1.688387541853562288e+04 1.705059700736765226e+05 3.289402431631843792e+05 4.481904277002237359e+04 4.481943424699305615e+04 1.008420233430573862e+05 1.936433477139268070e+05 4.481948515945064719e+04
2.415703811657401384e+05 1.311360733837232692e+05 1.948772898374653887e+05 2.499735221588143613e+05 2.499736046812866116e+05 2.331669740324164450e+05 2.499736201919726445e+05 2.499735600244142115e+05 2.499734248734992871e+05 2.499733295484367118e+05 2.499736741991425515e+05 5.000069655780518951e+04 2.331669287203867570e+05 1.044704506421398837e+05 2.499732560166021576e+05 2.247636812364213984e+05 1.101983290359570528e+05 2.499735761276796693e+05 1.726366492697286012e+05 1.580887803574608988e+05 2.499732780462381197e+05 2.499732792098340869e+05 2.163603308190891694e+05 1.591428292313090642e+05 2.499733558515350451e+05
2.941314851159375758e+04 2.007854120340817899e+05 9.780544581689410552e+04 9.243855699584083050e+04 7.563182709177488869e+04 1.924783029206243373e+04 7.843301223225210560e+04 8.403517656072680256e+04 8.403514061414760363e+04 8.403487982889542764e+04 5.602391203409200534e+04 2.331669287203867570e+05 3.183531693158627163e-01 2.171961627373493102e+05 9.243818917836318724e+04 5.357302868842462340e+04 2.711762748219025671e+05 6.977763443267213006e+04 1.473968599613989063e+05 3.121335737968854373e+05 9.243812654594489140e+04 9.243841019818930363e+04 6.722868011630060209e+04 1.768366680775761488e+05 9.243847866635858372e+04
2.255996963742948719e+05 6.705135713648583624e+04 1.740140092589530686e+05 2.340027608407717780e+05 2.340028857835424715e+05 2.171962276809709729e+05 2.340028946480297309e+05 2.340027302381462068e+05 2.340027629407767381e+05 2.340026229020010796e+05 2.340030675576422072e+05 1.044704506421398837e+05 2.171961627373493102e+05 2.446081826178647316e+04 2.340025353346125921e+05 2.087928836713715282e+05 1.791361121617692406e+05 2.340029642774065142e+05 1.352104947301030334e+05 2.229643809461113997e+05 2.340025691176131077e+05 2.340025728491923364e+05 2.003895665041104949e+05 1.065194069026124635e+05 2.340025759832331096e+05
7.142989511555734498e+04 2.175917839351032162e+05 1.272168890778948844e+05 1.078205903287321021e+00 3.361471038682896324e+04 1.003163216732817091e+05 2.875748832999624210e+04 1.680791688310379686e+04 1.470702047192691316e+04 8.404060524881424499e+03 4.481923721952263440e+04 2.499732560166021576e+05 9.243818917836318724e+04 2.340025353346125921e+05 3.087119560470156232e-01 1.008416337257304112e+05 2.879825840538641205e+05 3.894370040837736451e+04 1.705056134359785356e+05 3.289399506733134040e+05 5.619148797208411983e-01 7.917397125178271544e-01 1.064439524327631516e+05 1.895437381528320839e+05 9.064928448274613970e-01
7.037968299301901425e+04 1.923821964210815495e+05 6.104083794890494028e+04 1.008418887694991863e+05 1.008420182066654233e+05 3.991084952314452676e+04 1.036430254522644391e+05 1.092453403180696332e+05 1.092453726767161716e+05 1.092450617723903852e+05 8.718647660080761125e+04 2.247636812364213984e+05 5.357302868842462340e+04 2.087928836713715282e+05 1.008416337257304112e+05 8.047984139622764815e+03 2.627728839872106328e+05 9.518480610175423499e+04 1.191229782713527529e+05 3.037302220612053061e+05 1.008415164406901167e+05 1.008418236619878298e+05 2.728431832147141176e+04 1.600298523951001116e+05 1.008418482059996895e+05
2.795795705931498669e+05 1.909624186240866547e+05 2.351619795233709156e+05 2.879827133574526524e+05 2.879827551389040309e+05 2.711762872479041689e+05 2.879827907801853726e+05 2.879828470864379196e+05 2.879828081715049339e+05 2.879825496732525062e+05 2.879828197998307878e+05 1.101983290359570528e+05 2.711762748219025671e+05 1.791361121617692697e+05 2.879825840538641205e+05 2.627728839872106328e+05 4.017833868752951821e+04 2.879827479105444509e+05 2.186553545537047030e+05 1.110567576435342635e+05 2.879824842560193501e+05 2.879825857113840757e+05 2.543696119856317819e+05 2.076842438855074870e+05 2.879826622128603631e+05
4.753464798602222436e+04 2.175922417843753356e+05 1.302918722826360317e+05 3.894389923324542178e+04 1.112996582976043828e+04 7.765587387363064045e+04 1.469683831227894007e+04 2.266251444261417055e+04 2.463193615959861199e+04 3.054039261062530932e+04 1.688387541853562652e+04 2.499735761276796693e+05 6.977763443267213006e+04 2.340029642774065142e+05 3.894370040837736451e+04 9.518480610175423499e+04 2.879827479105444509e+05 8.812171905047813198e+03 1.735803751244337182e+05 3.289402080494079855e+05 3.894354755687046418e+04 3.894392173220872792e+04 1.039164264908243495e+05 1.952179092683489143e+05 3.894395156955808488e+04
1.589512781466250599e+05 1.085133227459029586e+05 7.421515965214511380e+04 1.705057363916096801e+05 1.789093163612370263e+05 1.414882019217062043e+05 1.789092975556933379e+05 1.789092483159899421e+05 1.789092447683245700e+05 1.789090115567254834e+05 1.705059700736765226e+05 1.726366492697286012e+05 1.473968599613988772e+05 1.352104947301030334e+05 1.705056134359785356e+05 1.191229782713527529e+05 2.186553545537047030e+05 1.735803751244337182e+05 4.013612157377026597e+04 2.596127459332380386e+05 1.705054752095985168e+05 1.705057563124939334e+05 1.067803224666375900e+05 6.375488173355198523e+04 1.705057689597509452e+05
3.205369108059989521e+05 2.316862386555647536e+05 2.761192754386059823e+05 3.289400191361601464e+05 3.289402783534994232e+05 3.121336380671105580e+05 3.289400929326956975e+05 3.289402442844778998e+05 3.289401784665341256e+05 3.289398724457766511e+05 3.289402431631843792e+05 1.580887803574608988e+05 3.121335737968854373e+05 2.229643809461113997e+05 3.289399506733134040e+05 3.037302220612053061e+05 1.110567576435342635e+05 3.289402080494079855e+05 2.596127459332380386e+05 5.110499975431593339e+04 3.289398637529819971e+05 3.289399609398295870e+05 2.953269260493843467e+05 2.486415533446764748e+05 3.289400563714736491e+05
7.142968943026721536e+04 2.175918221829473623e+05 1.272168830496795563e+05 9.613672310901778539e-01 3.361465033601825417e+04 1.003163188570030325e+05 2.875730595267578610e+04 1.680787962843959758e+04 1.470700459126595342e+04 8.404003417721356527e+03 4.481904277002237359e+04 2.499732780462380906e+05 9.243812654594489140e+04 2.340025691176131077e+05 5.619148797208411983e-01 1.008415164406901167e+05 2.879824842560193501e+05 3.894354755687046418e+04 1.705054752095985168e+05 3.289398637529819971e+05 2.239365151042630453e-01 8.087611842370946436e-01 1.064438176892039337e+05 1.895436158485428023e+05 9.817777411685880695e-01
7.143009119157589157e+04 2.175918774592585396e+05 1.272170369063143298e+05 1.077456692240906566e+00 3.361485248542293266e+04 1.003165267815152329e+05 2.875759873324882210e+04 1.680806948246013417e+04 1.470707115576594515e+04 8.404200177246380917e+03 4.481943424699305615e+04 2.499732792098340869e+05 9.243841019818930363e+04 2.340025728491923364e+05 7.917397125178270434e-01 1.008418236619878298e+05 2.879825857113840757e+05 3.894392173220872792e+04 1.705057563124939334e+05 3.289399609398295870e+05 8.087611842370946436e-01 4.060573123446110655e-01 1.064440950526802044e+05 1.895438111453700694e+05 8.593399187556450824e-01
8.403519063094584271e+04 1.839787560599038261e+05 4.409512948258117831e+04 1.064441674456181936e+05 1.092455384759195003e+05 5.847514056990285462e+04 1.111127823782143241e+05 1.148477026751854573e+05 1.148476140726267622e+05 1.148473683756875689e+05 1.008420233430573862e+05 2.163603308190892276e+05 6.722868011630060209e+04 2.003895665041104949e+05 1.064439524327631807e+05 2.728431832147141176e+04 2.543696119856317819e+05 1.039164264908243495e+05 1.067803224666375900e+05 2.953269260493843467e+05 1.064438176892039337e+05 1.064440950526802044e+05 1.727211531348242715e+04 1.516263925693955098e+05 1.064441312352430250e+05
1.852399583945395134e+05 6.268390138095088332e+04 1.252511836684761802e+05 1.895438891038286383e+05 1.979474723590745416e+05 1.768367154827083577e+05 1.979473740698994661e+05 1.979474284733350505e+05 1.979473820393653295e+05 1.979471403045044572e+05 1.936433477139268070e+05 1.591428292313090642e+05 1.768366680775761488e+05 1.065194069026124635e+05 1.895437381528320839e+05 1.600298523951001116e+05 2.076842438855074870e+05 1.952179092683489143e+05 6.375488173355199979e+04 2.486415533446764748e+05 1.895436158485428023e+05 1.895438111453700694e+05 1.516263925693955098e+05 1.253392971060844320e+04 1.895438469933228043e+05
7.143011249240230245e+04 2.175918922890434333e+05 1.272170259974399232e+05 9.470515532413714688e-01 3.361486321322824369e+04 1.003166254462688812e+05 2.875761215432224344e+04 1.680803577295668583e+04 1.470701226062247588e+04 8.404347228301683572e+03 4.481948515945064719e+04 2.499733558515350451e+05 9.243847866635858372e+04 2.340025759832331096e+05 9.064928448274615080e-01 1.008418482059996895e+05 2.879826622128603631e+05 3.894395156955808488e+04 1.705057689597509452e+05 3.289400563714735908e+05 9.817777411685880695e-01 8.593399187556451935e-01 1.064441312352430250e+05 1.895438469933228043e+05 3.224412746356979387e-01
