3.454964081995650638e-01 1.045320830637155751e+00 3.586046881145627412e+04 5.393069671843940159e+04 1.138029576705686486e+05 5.932361440976587619e+04 8.990616542280419621e-01 4.237434334504285653e+04 8.862465370993489744e-01 9.322181648876545660e+04 1.933553167385917914e+05 8.475912376880247393e+03 7.619125710317672929e+04 2.637724965426108101e+05 1.487928012310516497e+05 8.029752710199932153e+03 8.475940057323638030e+03 2.357873628361838346e+05 3.102281491801030934e+05 3.536024314616053016e+05 4.661170146443517297e+04 8.476030324126169944e+03 4.019589332491710084e+05 1.516652143030705156e+04 2.580181771708202632e+03
1.045320830637155529e+00 3.448210861428019358e-01 3.586051688914232363e+04 5.393068015272626508e+04 1.138031181698323053e+05 5.932363872231924324e+04 9.177133516857567397e-01 4.237435193297990918e+04 1.079115089900871238e+00 9.322198590190634422e+04 1.933554314884821360e+05 8.475905343265838383e+03 7.619129882069217274e+04 2.637725930621852749e+05 1.487928830979596823e+05 8.029686117032331822e+03 8.475965780426753554e+03 2.357874346424278338e+05 3.102281221969444305e+05 3.536024462051379378e+05 4.661165615871963382e+04 8.475990963299949726e+03 4.019589112156338524e+05 1.516648352355477437e+04 2.580255525183441023e+03
3.586046881145627412e+04 3.586051688914232363e+04 4.330534933880878270e+03 3.456033831037386699e+04 1.084116483527415112e+05 3.995335761377648305e+04 3.586023980187407869e+04 1.037949312596322852e+04 3.586041053740880307e+04 8.232619647840327525e+04 1.933555738210717100e+05 3.586059079705272597e+04 6.529547054984159331e+04 2.637727460156477755e+05 1.487930659673140617e+05 3.586048917739314493e+04 3.586053069249820692e+04 2.357876220944503148e+05 3.102284551623124280e+05 3.536026863235091441e+05 2.724132936889933626e+04 3.586057224817835959e+04 4.019591955098232720e+05 2.069525875857035135e+04 3.328106410659902758e+04
5.393069671843940159e+04 5.393068015272625053e+04 3.456033831037386699e+04 3.922484312069210773e+03 9.166699630492794677e+04 1.832918760308331548e+04 5.393029662899853429e+04 2.716882285710047290e+04 5.393057404333228624e+04 6.471667235141912533e+04 1.817992715448298841e+05 5.393087126967240329e+04 4.768598008038516127e+04 2.522166513363433769e+05 1.372368029900334368e+05 5.393076913478927599e+04 5.393088690163743740e+04 2.242313960259092273e+05 2.986722431838950724e+05 3.420465146242664196e+05 1.505790789540314290e+04 5.393082347410190414e+04 3.904030325508424430e+05 4.545620798226802435e+04 5.135114097253240470e+04
1.138029576705686486e+05 1.138031181698322907e+05 1.084116483527415112e+05 9.166699630492794677e+04 1.648863414829031171e+04 8.580448417921872169e+04 1.138027380469510099e+05 1.032231127605794172e+05 1.138028624027606274e+05 4.234484143615676294e+04 1.104031202415454754e+05 1.138031661945289961e+05 6.003959280251785094e+04 2.126095126409544027e+05 6.080766456213202036e+04 1.138031908882418356e+05 1.138031588475056633e+05 1.775622345466256083e+05 2.599624303810551355e+05 3.075979827493086341e+05 9.898590929443560890e+04 1.138031784234072838e+05 3.559543729851084063e+05 1.104870916165898525e+05 1.127935543039820914e+05
5.932361440976586891e+04 5.932363872231923597e+04 3.995335761377648305e+04 1.832918760308331548e+04 8.580448417921873624e+04 4.225957980778491219e+03 5.932323876600770018e+04 3.252919141173574826e+04 5.932352020916767651e+04 5.486345527824891906e+04 1.764064608640944061e+05 5.932385269236850581e+04 3.783263282206071744e+04 2.468237080927524075e+05 1.318439479842067813e+05 5.932382948078699701e+04 5.932383467389539146e+04 2.188385998344816908e+05 2.932792013875388075e+05 3.366535134111948428e+05 2.564821643522573868e+04 5.932378510435004137e+04 3.850100590730811236e+05 5.084910837344514584e+04 5.674404687246709364e+04
8.990616542280419621e-01 9.177133516857567397e-01 3.586023980187407869e+04 5.393029662899852701e+04 1.138027380469510099e+05 5.932323876600770018e+04 2.490203819277110042e-01 4.237402455435363663e+04 7.185546472232093862e-01 9.322160289183371060e+04 1.933551574063955341e+05 8.475736386187532844e+03 7.619092342796122830e+04 2.637723823263280792e+05 1.487925897680172347e+05 8.029653627847867028e+03 8.475773694426325164e+03 2.357871987683345214e+05 3.102280046511274413e+05 3.536023483508627396e+05 4.661133572140606702e+04 8.475744075057198643e+03 4.019587687769368058e+05 1.516619605571823013e+04 2.579806012273044871e+03
4.237434334504285653e+04 4.237435193297990918e+04 1.037949312596323034e+04 2.716882285710047654e+04 1.032231127605794172e+05 3.252919141173575554e+04 4.237402455435363663e+04 6.409260357381645008e+03 4.237432428224383330e+04 7.600764261746674310e+04 1.933556771838190616e+05 4.237441600838688464e+04 5.915706688942205801e+04 2.637728841741633951e+05 1.487930682939882390e+05 4.237447973317544529e+04 4.237454605175583129e+04 2.357876635665252688e+05 3.102283918714477913e+05 3.536027643983274465e+05 1.850402439527715615e+04 4.237441003410315898e+04 4.019591521777455346e+05 2.826577113879127864e+04 3.979488998683027603e+04
8.862465370993489744e-01 1.079115089900871238e+00 3.586041053740880307e+04 5.393057404333227896e+04 1.138028624027606274e+05 5.932352020916767651e+04 7.185546472232093862e-01 4.237432428224383330e+04 3.750513325243317042e-01 9.322175540127379645e+04 1.933552104046760651e+05 8.475864365522662411e+03 7.619117076753916626e+04 2.637724349936686340e+05 1.487926759500601038e+05 8.029744249466292786e+03 8.475910357479588129e+03 2.357872325132923725e+05 3.102281294942611712e+05 3.536023587323292159e+05 4.661160679207769863e+04 8.475986455700314764e+03 4.019588768368914607e+05 1.516649041017645141e+04 2.580048904599218531e+03
9.322181648876545660e+04 9.322198590190634422e+04 8.232619647840324615e+04 6.471667235141911078e+04 4.234484143615676294e+04 5.486345527824891906e+04 9.322160289183371060e+04 7.600764261746674310e+04 9.322175540127379645e+04 1.543908662938002635e+04 1.425079896908829687e+05 9.322205655607697554e+04 2.460457134531737029e+04 2.326994130792015931e+05 9.492192635740565311e+04 9.322202687844086904e+04 9.322207671115889389e+04 2.023600664178912120e+05 2.791551002604893292e+05 3.225293420207559830e+05 7.203576785229967209e+04 9.322210265146764868e+04 3.708858267765135970e+05 8.474755957896377367e+04 9.064243232505585183e+04
1.933553167385917914e+05 1.933554314884821360e+05 1.933555738210717100e+05 1.817992715448298841e+05 1.104031202415454754e+05 1.764064608640944061e+05 1.933551574063955341e+05 1.933556771838190616e+05 1.933552104046760651e+05 1.425079896908829687e+05 2.552547751923433680e+04 1.933555424789880344e+05 1.562793443790275487e+05 1.463556174341266160e+05 6.430264282156105037e+04 1.933554641697442275e+05 1.933555225225389004e+05 9.649475047364502097e+04 2.087854585212195525e+05 2.603825267456319998e+05 1.891183359990851604e+05 1.933556278499185864e+05 3.087390100485417643e+05 1.933555786705737410e+05 1.933551909771915816e+05
8.475912376880247393e+03 8.475905343265838383e+03 3.586059079705272597e+04 5.393087126967240329e+04 1.138031661945289961e+05 5.932385269236851309e+04 8.475736386187532844e+03 4.237441600838688464e+04 8.475864365522662411e+03 9.322205655607697554e+04 1.933555424789879762e+05 4.005099866580466572e-01 7.619147018687230593e+04 2.637726493731857627e+05 1.487929344485832262e+05 4.472620818182844005e+02 1.142192014716740589e+00 2.357874602624238178e+05 3.102283117691510124e+05 3.536025766250428278e+05 4.661191337308923539e+04 1.196732448762918510e+00 4.019590502174035646e+05 1.695078240376516624e+04 1.105512501210379924e+04
7.619125710317672929e+04 7.619129882069218729e+04 6.529547054984160059e+04 4.768598008038516127e+04 6.003959280251785094e+04 3.783263282206071744e+04 7.619092342796122830e+04 5.915706688942205801e+04 7.619117076753918082e+04 2.460457134531737756e+04 1.562793443790275487e+05 7.619147018687230593e+04 1.053773375721590855e+04 2.436457178247778211e+05 1.103126630505187059e+05 7.619148537562158890e+04 7.619147992256192083e+04 2.156606070037436148e+05 2.901013881827706355e+05 3.334756012122943648e+05 5.500489739105745684e+04 7.619136912417426356e+04 3.818320678643916617e+05 6.771684524738273467e+04 7.361171918922429904e+04
2.637724965426108101e+05 2.637725930621852749e+05 2.637727460156477755e+05 2.522166513363433769e+05 2.126095126409544027e+05 2.468237080927524075e+05 2.637723823263280792e+05 2.637728841741633951e+05 2.637724349936686340e+05 2.326994130792015931e+05 1.463556174341266160e+05 2.637726493731857627e+05 2.436457178247778211e+05 2.501689875751132786e+04 1.783390982855070615e+05 2.637725810617376119e+05 2.637725360588334152e+05 8.374781561832735315e+04 1.358461745021610113e+05 1.987985234081646195e+05 2.595355177551173256e+05 2.637726842854393763e+05 2.283000770257319673e+05 2.637727488503853674e+05 2.637724065737120109e+05
1.487928012310516497e+05 1.487928830979596823e+05 1.487930659673140617e+05 1.372368029900334368e+05 6.080766456213202036e+04 1.318439479842068104e+05 1.487925897680172347e+05 1.487930682939882390e+05 1.487926759500601038e+05 9.492192635740565311e+04 6.430264282156105037e+04 1.487929344485832262e+05 1.103126630505187059e+05 1.783390982855070615e+05 2.300600344268704794e+04 1.487929926824448339e+05 1.487929909907601541e+05 1.373994805802501505e+05 2.290752994077726617e+05 2.794502986712069251e+05 1.445557661618110142e+05 1.487930563369970769e+05 3.278066758569780504e+05 1.487930724440213817e+05 1.487926388857398124e+05
8.029752710199932153e+03 8.029686117032331822e+03 3.586048917739314493e+04 5.393076913478927599e+04 1.138031908882418356e+05 5.932382948078700429e+04 8.029653627847867028e+03 4.237447973317544529e+04 8.029744249466292786e+03 9.322202687844086904e+04 1.933554641697442275e+05 4.472620818182844005e+02 7.619148537562158890e+04 2.637725810617376119e+05 1.487929926824448339e+05 8.455200514750314369e+02 4.473072571798124386e+02 2.357874177211076603e+05 3.102282715962636867e+05 3.536025159141955664e+05 4.661183930903060536e+04 4.474491752148779824e+02 4.019590234606022132e+05 1.685669938848757738e+04 1.060896880071269698e+04
8.475940057323638030e+03 8.475965780426753554e+03 3.586053069249820692e+04 5.393088690163743740e+04 1.138031588475056633e+05 5.932383467389539146e+04 8.475773694426325164e+03 4.237454605175583129e+04 8.475910357479588129e+03 9.322207671115889389e+04 1.933555225225389004e+05 1.142192014716740589e+00 7.619147992256192083e+04 2.637725360588334152e+05 1.487929909907601541e+05 4.473072571798124386e+02 3.879143327471601954e-01 2.357875317747191002e+05 3.102283698818297125e+05 3.536026214545623516e+05 4.661186673934719147e+04 1.299087905035740675e+00 4.019589912231668131e+05 1.695067476215210991e+04 1.105512567156652221e+04
2.357873628361838346e+05 2.357874346424278338e+05 2.357876220944503148e+05 2.242313960259092273e+05 1.775622345466256374e+05 2.188385998344816908e+05 2.357871987683345214e+05 2.357876635665252688e+05 2.357872325132923725e+05 2.023600664178912120e+05 9.649475047364502097e+04 2.357874602624238178e+05 2.156606070037436148e+05 8.374781561832736770e+04 1.373994805802501796e+05 2.357874177211076603e+05 2.357875317747191002e+05 3.936740515609440627e+04 1.623434145744383277e+05 2.212033410108167445e+05 2.315503955014781677e+05 2.357876218515186047e+05 2.682651183959469199e+05 2.357876302306494908e+05 2.357872336938084918e+05
3.102281491801030934e+05 3.102281221969444305e+05 3.102284551623124862e+05 2.986722431838950724e+05 2.599624303810551064e+05 2.932792013875388075e+05 3.102280046511274413e+05 3.102283918714477331e+05 3.102281294942611712e+05 2.791551002604893292e+05 2.087854585212195525e+05 3.102283117691510124e+05 2.901013881827706355e+05 1.358461745021610113e+05 2.290752994077726617e+05 3.102282715962636867e+05 3.102283698818297707e+05 1.623434145744383277e+05 5.031564458918121818e+04 1.126746048300794646e+05 3.059911388256063219e+05 3.102283421655893908e+05 1.872012723620491452e+05 3.102282962203833158e+05 3.102280060265340726e+05
3.536024314616053016e+05 3.536024462051378796e+05 3.536026863235091441e+05 3.420465146242664196e+05 3.075979827493086341e+05 3.366535134111948428e+05 3.536023483508627396e+05 3.536027643983274465e+05 3.536023587323292159e+05 3.225293420207559830e+05 2.603825267456319998e+05 3.536025766250428278e+05 3.334756012122943648e+05 1.987985234081646195e+05 2.794502986712069251e+05 3.536025159141955664e+05 3.536026214545623516e+05 2.212033410108167445e+05 1.126746048300794500e+05 4.722483737312821177e+04 3.493654376028639963e+05 3.536026187636141549e+05 1.408336111676059372e+05 3.536025661576252896e+05 3.536023390709416708e+05
4.661170146443516569e+04 4.661165615871963382e+04 2.724132936889933626e+04 1.505790789540314290e+04 9.898590929443560890e+04 2.564821643522573140e+04 4.661133572140606702e+04 1.850402439527715251e+04 4.661160679207769863e+04 7.203576785229967209e+04 1.891183359990851604e+05 4.661191337308923539e+04 5.500489739105745684e+04 2.595355177551173256e+05 1.445557661618110142e+05 4.661183930903060536e+04 4.661186673934719147e+04 2.315503955014781677e+05 3.059911388256063219e+05 3.493654376028639963e+05 5.583436534614491393e+03 4.661177622365583375e+04 3.977219248193962849e+05 3.813714700264544081e+04 4.403219322481187555e+04
8.476030324126169944e+03 8.475990963299949726e+03 3.586057224817835959e+04 5.393082347410188959e+04 1.138031784234072838e+05 5.932378510435004137e+04 8.475744075057198643e+03 4.237441003410315170e+04 8.475986455700314764e+03 9.322210265146764868e+04 1.933556278499185864e+05 1.196732448762918510e+00 7.619136912417426356e+04 2.637726842854393763e+05 1.487930563369970769e+05 4.474491752148779824e+02 1.299087905035740675e+00 2.357876218515186047e+05 3.102283421655893908e+05 3.536026187636141549e+05 4.661177622365583375e+04 4.236952071272618858e-01 4.019590861254850170e+05 1.695066583041813283e+04 1.105509355852580120e+04
4.019589332491710084e+05 4.019589112156338524e+05 4.019591955098232720e+05 3.904030325508424430e+05 3.559543729851084063e+05 3.850100590730811236e+05 4.019587687769368058e+05 4.019591521777455346e+05 4.019588768368914607e+05 3.708858267765135970e+05 3.087390100485417643e+05 4.019590502174035646e+05 3.818320678643916617e+05 2.283000770257319673e+05 3.278066758569780504e+05 4.019590234606022132e+05 4.019589912231668131e+05 2.682651183959469199e+05 1.872012723620491452e+05 1.408336111676059081e+05 3.977219248193962849e+05 4.019590861254850170e+05 5.371045805582056346e+04 4.019590930699414457e+05 4.019588038560233545e+05
1.516652143030705156e+04 1.516648352355477437e+04 2.069525875857035498e+04 4.545620798226802435e+04 1.104870916165898525e+05 5.084910837344514584e+04 1.516619605571823013e+04 2.826577113879127501e+04 1.516649041017645141e+04 8.474755957896377367e+04 1.933555786705737410e+05 1.695078240376516624e+04 6.771684524738273467e+04 2.637727488503853674e+05 1.487930724440213817e+05 1.685669938848757738e+04 1.695067476215210991e+04 2.357876302306494908e+05 3.102282962203833158e+05 3.536025661576252896e+05 3.813714700264544081e+04 1.695066583041813283e+04 4.019590930699414457e+05 2.817446710856075242e+03 1.258695800034461536e+04
2.580181771708202632e+03 2.580255525183441023e+03 3.328106410659902758e+04 5.135114097253239743e+04 1.127935543039820914e+05 5.674404687246709364e+04 2.579806012273044871e+03 3.979488998683027603e+04 2.580048904599218531e+03 9.064243232505585183e+04 1.933551909771915816e+05 1.105512501210379924e+04 7.361171918922429904e+04 2.637724065737120109e+05 1.487926388857398124e+05 1.060896880071269698e+04 1.105512567156652221e+04 2.357872336938084918e+05 3.102280060265340726e+05 3.536023390709416708e+05 4.403219322481187555e+04 1.105509355852579938e+04 4.019588038560233545e+05 1.258695800034461718e+04 3.588797681800144346e+03
