3.417617390454762244e+03 2.270758350462989765e+05 2.570652736992757855e+04 7.160798032930017143e+03 7.761448596531884505e+03 3.550479587277538958e+05 4.405104011371738161e+05 4.860566168871343507e+03 2.826751721789537114e+05 9.233402836052195926e+04 3.632179919067686569e+04 7.761563695800001369e+03 1.677474302951745995e+04 1.815212550061496149e+05 2.193350212949148045e+04 3.824546334154380020e+03 7.730730510254936235e+04 7.761514496746396617e+03 7.761521275718611832e+03 3.824459567577537200e+03 1.175158083352355170e+05 5.523379798693053453e+04 1.511923631408597284e+05 7.761155640556229628e+03 3.287261185255877353e+04
2.270758350462989765e+05 5.445374884028826636e+04 2.251074674578962440e+05 2.270758632343944919e+05 2.270755075796429883e+05 2.553335677555290749e+05 3.533216581261761603e+05 2.270757194978559273e+05 1.657612122440018575e+05 1.980816083810670243e+05 2.192020245154924050e+05 2.270756829669714789e+05 2.270759231320514227e+05 1.197701113605933788e+05 2.270759708216368745e+05 2.270758197290024546e+05 2.082607033814533788e+05 2.270755660937990469e+05 2.270756109325858997e+05 2.270758070406455372e+05 1.764281630022525205e+05 2.137886015507541888e+05 1.535170981775927357e+05 2.270754198326235928e+05 2.217073468865173636e+05
2.570652736992757855e+04 2.251074674578962440e+05 3.100534685087695834e+03 2.165531895935345528e+04 2.952918873103607257e+04 3.530795629622273264e+05 4.385420064459659625e+05 2.952945081385120648e+04 2.807068003614768386e+05 8.591932115530590818e+04 2.056320036392791371e+04 2.952937139755550015e+04 1.659348799094833521e+04 1.795529078561963397e+05 1.017851226023664822e+04 2.952947284280910026e+04 6.866303620349499397e+04 2.952930352885904358e+04 2.952932029677675018e+04 2.952949684563282426e+04 1.155473569257709023e+05 4.265246023476448318e+04 1.492239039270723879e+05 2.952891273781765267e+04 1.417056226803967184e+04
7.160798032930017143e+03 2.270758632343944919e+05 2.165531895935345528e+04 1.309423259112561482e+03 1.181259032140929776e+04 3.550479210927964305e+05 4.405103624197003082e+05 1.120203524731401194e+04 2.826752073910901090e+05 9.126237449711543741e+04 3.227070472706200599e+04 1.181277311455214112e+04 9.615336474324716619e+03 1.815213014456185920e+05 1.526490688088427851e+04 1.098398234701770525e+04 7.456850781148276292e+04 1.181267878295220544e+04 1.181270693129343272e+04 1.098390253221287639e+04 1.175158627561587346e+05 5.249495827784985158e+04 1.511923732649276790e+05 1.181229904680708569e+04 2.882149787713030310e+04
7.761448596531884505e+03 2.270755075796429883e+05 2.952918873103607257e+04 1.181259032140929776e+04 6.109268925249239368e-01 3.550477307534561842e+05 4.405101468238534289e+05 2.902365698267683001e+03 2.826748667028645286e+05 9.280253779109743482e+04 4.014437310551381961e+04 1.322918941797744719e+00 2.059753229609436676e+04 1.815208361128593970e+05 2.575620459788539665e+04 3.938505857682697751e+03 7.850511379198198847e+04 1.055980675273006986e+00 1.223548083901867978e+00 3.938526477430223622e+03 1.175153837647642213e+05 5.643158718175781542e+04 1.511919023192152090e+05 8.206182628684031144e-01 3.669517984873674868e+04
3.550479587277538958e+05 2.553335677555290749e+05 3.530795629622273264e+05 3.550479210927964305e+05 3.550477307534561260e+05 1.043346962338818121e+05 2.594908717878648022e+05 3.550479111508543137e+05 2.012676056564768660e+05 3.252394628708664677e+05 3.471741445713748108e+05 3.550478261718739523e+05 3.550480174126118072e+05 2.839091479374443297e+05 3.550480417675257195e+05 3.550479712599209161e+05 3.353631023873519734e+05 3.550477329937638133e+05 3.550477748696242343e+05 3.550479419816826703e+05 3.084876070103489910e+05 3.417606850774439517e+05 3.035359939591520815e+05 3.550476466967395972e+05 3.496794685047984822e+05
4.405104011371738161e+05 3.533216581261761603e+05 4.385420064459660207e+05 4.405103624197002500e+05 4.405101468238534289e+05 2.594908717878647731e+05 1.222765049049878726e+05 4.405102510792078683e+05 3.039960939262274769e+05 4.140764088130008313e+05 4.326364944583436009e+05 4.405102126912692911e+05 4.405104441001425148e+05 3.592756991161454935e+05 4.405104792124476517e+05 4.405103473149799393e+05 4.221378587755556800e+05 4.405101485348504502e+05 4.405102379513951601e+05 4.405103110611196607e+05 3.972691909736950765e+05 4.272230319424196496e+05 3.838927632233431214e+05 4.405101162373360130e+05 4.351418113612890593e+05
4.860566168871344416e+03 2.270757194978559564e+05 2.952945081385120648e+04 1.120203524731401558e+04 2.902365698267682546e+03 3.550479111508543137e+05 4.405102510792078683e+05 1.527538829544661212e+03 2.826750808897911338e+05 9.280283067467440560e+04 4.014464938868499303e+04 2.902357475283326039e+03 2.059773552857372124e+04 1.815211377161486307e+05 2.575643699799840761e+04 1.037503827323121641e+03 7.850547718557536427e+04 2.902441399896350504e+03 2.902413910234719424e+03 1.037525436510740292e+03 1.175156897702569840e+05 5.643189786184537661e+04 1.511922702523294720e+05 2.902160707354666101e+03 3.669545732197439065e+04
2.826751721789537696e+05 1.657612122440018284e+05 2.807068003614768386e+05 2.826752073910901090e+05 2.826748667028645286e+05 2.012676056564768951e+05 3.039960939262274769e+05 2.826750808897911338e+05 8.437673183467930357e+04 2.514226658749224734e+05 2.748013096545519657e+05 2.826749879712428665e+05 2.826752477669095388e+05 2.029116240319321805e+05 2.826752680690627312e+05 2.826751515038379584e+05 2.632089930324602174e+05 2.826748819009874132e+05 2.826749436880486901e+05 2.826751892184131430e+05 2.336246107166584698e+05 2.693879035341243725e+05 2.254695731977937103e+05 2.826748100728327408e+05 2.773066631803411874e+05
9.233402836052195926e+04 1.980816083810670243e+05 8.591932115530590818e+04 9.126237449711543741e+04 9.280253779109743482e+04 3.252394628708664677e+05 4.140764088130008313e+05 9.280283067467440560e+04 2.514226658749224734e+05 1.540725928911667870e+04 7.979567206547921523e+04 9.280278354833346384e+04 9.029826847683831875e+04 1.493160620131439064e+05 8.784828897652721207e+04 9.280286669021264242e+04 4.028520551070199872e+04 9.280260474559960130e+04 9.280274318886641413e+04 9.280290517041245766e+04 5.919669930896171718e+04 6.188249809308959084e+04 1.112017888575896068e+05 9.280235914500207582e+04 8.251913711559685180e+04
3.632179919067687297e+04 2.192020245154924050e+05 2.056320036392791735e+04 3.227070472706200235e+04 4.014437310551381961e+04 3.471741445713748108e+05 4.326364944583436009e+05 4.014464938868499303e+04 2.748013096545519657e+05 7.979567206547921523e+04 3.205843277594375650e+03 4.014456604006409179e+04 2.720878934623336681e+04 1.736473317234652932e+05 2.410219574770624968e+04 4.014469360469481035e+04 5.686238830753795628e+04 4.014444384838176484e+04 4.014453979321836232e+04 4.014471169427669520e+04 1.096418221973041218e+05 3.456257616635379964e+04 1.433183929724573682e+05 4.014414147506307199e+04 9.363700525949639996e+03
7.761563695800001369e+03 2.270756829669714789e+05 2.952937139755550015e+04 1.181277311455214112e+04 1.322918941797745385e+00 3.550478261718739523e+05 4.405102126912692911e+05 2.902357475283326039e+03 2.826749879712428665e+05 9.280278354833347839e+04 4.014456604006409179e+04 6.751326389366832936e-01 2.059770744215655577e+04 1.815210509055891889e+05 2.575640190534903741e+04 3.938589137653689704e+03 7.850535920347290812e+04 1.303722940835317701e+00 1.322594913214673928e+00 3.938624463719659161e+03 1.175156268274105823e+05 5.643182833582461899e+04 1.511921608582565095e+05 1.141886026216617722e+00 3.669539894755036948e+04
1.677474302951745995e+04 2.270759231320514809e+05 1.659348799094833521e+04 9.615336474324716619e+03 2.059753229609436676e+04 3.550480174126118072e+05 4.405104441001425148e+05 2.059773552857372124e+04 2.826752477669095388e+05 9.029826847683831875e+04 2.720878934623336681e+04 2.059770744215655941e+04 2.012346396120512281e+03 1.815213230823346821e+05 6.955460974808091123e+03 2.059773036638755730e+04 7.344366082485976222e+04 2.059758867710087725e+04 2.059761552753150318e+04 2.059773130719982146e+04 1.175158361755937658e+05 5.137017196629574755e+04 1.511924187573162781e+05 2.059724483155763664e+04 2.375956474322926078e+04
1.815212550061496149e+05 1.197701113605933351e+05 1.795529078561963397e+05 1.815213014456185920e+05 1.815208361128593970e+05 2.839091479374443297e+05 3.592756991161454935e+05 1.815211377161486307e+05 2.029116240319321805e+05 1.493160620131439064e+05 1.736473317234652932e+05 1.815210509055891889e+05 1.815213230823346821e+05 4.331962480466477427e+04 1.815213647881832439e+05 1.815211854967639374e+05 1.602716170037605916e+05 1.815208911676607095e+05 1.815210236267264991e+05 1.815212032844735077e+05 1.290461501591654669e+05 1.682339542229079816e+05 9.328507522071292624e+04 1.815207820512709732e+05 1.761527081473046273e+05
2.193350212949148045e+04 2.270759708216369036e+05 1.017851226023664822e+04 1.526490688088428215e+04 2.575620459788540029e+04 3.550480417675257777e+05 4.405104792124476517e+05 2.575643699799840761e+04 2.826752680690627312e+05 8.784828897652721207e+04 2.410219574770625331e+04 2.575640190534903741e+04 6.955460974808091123e+03 1.815213647881832439e+05 4.813889952704251300e+03 2.575639494510496661e+04 7.059198563182439830e+04 2.575630212850197495e+04 2.575632619756367421e+04 2.575648025236434114e+04 1.174716866164300445e+05 4.638590677957161824e+04 1.511923867226598668e+05 2.575591779405487978e+04 2.019240115068158775e+04
3.824546334154380475e+03 2.270758197290025128e+05 2.952947284280910026e+04 1.098398234701770525e+04 3.938505857682697751e+03 3.550479712599209161e+05 4.405103473149799393e+05 1.037503827323121641e+03 2.826751515038379584e+05 9.280286669021264242e+04 4.014469360469481035e+04 3.938589137653689704e+03 2.059773036638756457e+04 1.815211854967639083e+05 2.575639494510496661e+04 6.960393707889664938e-01 7.850548995779558027e+04 3.938574327105311568e+03 3.938586738353059900e+03 1.392419742895507850e+00 1.175157432416238589e+05 5.643193562945858139e+04 1.511923097618539468e+05 3.938275853408029889e+03 3.669546330754784140e+04
7.730730510254936235e+04 2.082607033814533788e+05 6.866303620349499397e+04 7.456850781148276292e+04 7.850511379198198847e+04 3.353631023873519734e+05 4.221378587755556800e+05 7.850547718557536427e+04 2.632089930324602174e+05 4.028520551070198417e+04 5.686238830753795628e+04 7.850535920347290812e+04 7.344366082485976222e+04 1.602716170037605916e+05 7.059198563182439830e+04 7.850548995779558027e+04 2.134542364860156522e+04 7.850522705931644305e+04 7.850529920164916257e+04 7.850550587221590104e+04 7.879372631374484627e+04 3.845539522343859426e+04 1.226329733277366613e+05 7.850489221355537302e+04 6.165609496150909399e+04
7.761514496746396617e+03 2.270755660937990469e+05 2.952930352885904358e+04 1.181267878295220544e+04 1.055980675273006986e+00 3.550477329937638133e+05 4.405101485348504502e+05 2.902441399896350958e+03 2.826748819009874132e+05 9.280260474559960130e+04 4.014444384838175756e+04 1.303722940835317701e+00 2.059758867710087361e+04 1.815208911676607095e+05 2.575630212850197495e+04 3.938574327105311568e+03 7.850522705931644305e+04 6.185637528191878509e-01 1.211607623938176337e+00 3.938589544139327700e+03 1.175154358278053551e+05 5.643168685127113713e+04 1.511920026538841485e+05 9.535644360044009948e-01 3.669525483094099764e+04
7.761521275718610013e+03 2.270756109325858997e+05 2.952932029677674655e+04 1.181270693129343272e+04 1.223548083901867978e+00 3.550477748696242343e+05 4.405102379513951601e+05 2.902413910234719424e+03 2.826749436880486901e+05 9.280274318886641413e+04 4.014453979321836232e+04 1.322594913214673928e+00 2.059761552753150318e+04 1.815210236267264991e+05 2.575632619756367421e+04 3.938586738353059900e+03 7.850529920164916257e+04 1.211607623938176337e+00 6.553815495098660460e-01 3.938626357349760838e+03 1.175155835137277318e+05 5.643177936010777921e+04 1.511920678185976867e+05 1.044363126365995154e+00 3.669535549761789298e+04
3.824459567577537200e+03 2.270758070406455372e+05 2.952949684563282426e+04 1.098390253221287639e+04 3.938526477430223622e+03 3.550479419816826703e+05 4.405103110611196607e+05 1.037525436510740292e+03 2.826751892184130847e+05 9.280290517041244311e+04 4.014471169427668792e+04 3.938624463719659161e+03 2.059773130719982146e+04 1.815212032844735077e+05 2.575648025236433023e+04 1.392419742895507850e+00 7.850550587221590104e+04 3.938589544139327700e+03 3.938626357349760838e+03 7.092203366490587024e-01 1.175157619477817352e+05 5.643194403291896742e+04 1.511923446760665684e+05 3.938286598776481242e+03 3.669553955613091239e+04
1.175158083352354879e+05 1.764281630022525205e+05 1.155473569257709023e+05 1.175158627561587346e+05 1.175153837647642213e+05 3.084876070103489910e+05 3.972691909736950765e+05 1.175156897702569840e+05 2.336246107166584407e+05 5.919669930896171718e+04 1.096418221973041218e+05 1.175156268274105823e+05 1.175158361755937658e+05 1.290461501591654815e+05 1.174716866164300445e+05 1.175157432416238589e+05 7.879372631374483171e+04 1.175154358278053551e+05 1.175155835137277318e+05 1.175157619477817352e+05 2.890119031997250568e+04 9.211116715287539409e+04 7.186795336164342007e+04 1.175152670270938397e+05 1.121472222464032966e+05
5.523379798693053453e+04 2.137886015507541888e+05 4.265246023476448318e+04 5.249495827784984431e+04 5.643158718175782269e+04 3.417606850774439517e+05 4.272230319424196496e+05 5.643189786184536933e+04 2.693879035341243725e+05 6.188249809308960539e+04 3.456257616635379964e+04 5.643182833582461899e+04 5.137017196629574755e+04 1.682339542229079816e+05 4.638590677957161824e+04 5.643193562945857411e+04 3.845539522343858698e+04 5.643168685127112258e+04 5.643177936010778649e+04 5.643194403291898197e+04 9.211116715287537954e+04 9.948827166114533611e+03 1.274943869262628868e+05 5.643140421358275489e+04 3.917727628550936060e+04
1.511923631408597284e+05 1.535170981775927357e+05 1.492239039270723879e+05 1.511923732649276790e+05 1.511919023192152090e+05 3.035359939591520815e+05 3.838927632233431214e+05 1.511922702523294720e+05 2.254695731977937103e+05 1.112017888575896068e+05 1.433183929724573682e+05 1.511921608582565095e+05 1.511924187573162781e+05 9.328507522071292624e+04 1.511923867226598668e+05 1.511923097618539468e+05 1.226329733277366613e+05 1.511920026538841485e+05 1.511920678185976867e+05 1.511923446760665684e+05 7.186795336164342007e+04 1.274943869262628868e+05 2.711710234198707622e+04 1.511918119425659825e+05 1.458237833240774053e+05
7.761155640556229628e+03 2.270754198326235637e+05 2.952891273781765267e+04 1.181229904680708569e+04 8.206182628684030034e-01 3.550476466967395972e+05 4.405101162373360130e+05 2.902160707354666101e+03 2.826748100728327408e+05 9.280235914500207582e+04 4.014414147506307199e+04 1.141886026216617500e+00 2.059724483155763664e+04 1.815207820512709732e+05 2.575591779405487978e+04 3.938275853408029889e+03 7.850489221355537302e+04 9.535644360044009948e-01 1.044363126365995154e+00 3.938286598776481242e+03 1.175152670270938397e+05 5.643140421358276217e+04 1.511918119425660116e+05 4.033689258072443717e-01 3.669494344661551440e+04
3.287261185255877353e+04 2.217073468865174218e+05 1.417056226803967184e+04 2.882149787713030310e+04 3.669517984873674868e+04 3.496794685047984822e+05 4.351418113612890593e+05 3.669545732197439065e+04 2.773066631803411874e+05 8.251913711559685180e+04 9.363700525949638177e+03 3.669539894755036948e+04 2.375956474322926078e+04 1.761527081473045691e+05 2.019240115068159503e+04 3.669546330754784140e+04 6.165609496150909399e+04 3.669525483094099764e+04 3.669535549761789298e+04 3.669553955613091966e+04 1.121472222464032966e+05 3.917727628550937516e+04 1.458237833240774053e+05 3.669494344661551440e+04 3.236846175737272915e+03
