7.573301325287954569e+03 2.500208713925762640e+04 2.500183660387376221e+04 2.500212019140159828e+04 1.938297701680124737e+04 1.374545090912746491e+04 1.908289534045460459e+05 2.500196026778077430e+04 4.203922840321045805e+04 2.500207491245787969e+04 2.500212804230764959e+04 2.831190636348127737e+05 5.356008742900251491e+03 1.085374472381229498e+04 2.500199546520997319e+04 1.374562177919746318e+04 5.356037821288091436e+03 5.355992953179840697e+03 1.374541797718762427e+04 8.964366206268836686e+04 2.500212138735092958e+04 1.330549114387751906e+05 2.500155089585553651e+04 4.121277623450889951e+05 1.632183830311946258e+04
2.500208713925762640e+04 9.426158807937965456e-01 1.579730942030452612e+00 1.713285327351187215e+00 8.335159567812781461e+03 2.500217065963302593e+04 1.908286305938767036e+05 1.682371859242931755e+00 4.446967896244583972e+04 1.686625157420898580e+00 1.077126189102320950e+03 2.831187380626374506e+05 2.500195969785031048e+04 1.805747784392212270e+04 1.649184009753085212e+00 2.500219826294521772e+04 2.500199672106765138e+04 2.500201003864451559e+04 2.500216290272886908e+04 9.166891744157041830e+04 1.742712502131722907e+00 1.330545901855352859e+05 1.303064998258805396e+00 4.121275334301429684e+05 2.500232702173760845e+04
2.500183660387376221e+04 1.579730942030452612e+00 7.916467726364965207e-01 1.653733956544234829e+00 8.335063041902465557e+03 2.500185999057672598e+04 1.908283701186060789e+05 1.333160933808527515e+00 4.446931128002842161e+04 1.549586613402149649e+00 1.076950080638490590e+03 2.831185389788313187e+05 2.500177026329053842e+04 1.805727330879372312e+04 1.487083587105365812e+00 2.500188847606223499e+04 2.500176389735019984e+04 2.500182333264515546e+04 2.500185830822316711e+04 9.166858800874298322e+04 1.616084719509206957e+00 1.330543306273283379e+05 1.014108389648041619e+00 4.121273964013173827e+05 2.500194252657328252e+04
2.500212019140159828e+04 1.713285327351186771e+00 1.653733956544234829e+00 9.564179511452208793e-01 8.335266104230473502e+03 2.500221411446034472e+04 1.908287137894840853e+05 1.699938055978101437e+00 4.446969248335963493e+04 1.730642458611978407e+00 1.077150789625680773e+03 2.831188239917292958e+05 2.500198521203939526e+04 1.805751576226858015e+04 1.765255281822648126e+00 2.500228925249626627e+04 2.500206419915557490e+04 2.500203434386541630e+04 2.500222029542191740e+04 9.166897955126228044e+04 1.719067871356095401e+00 1.330546928790313541e+05 1.355277582098833644e+00 4.121275697594136582e+05 2.500239676068612243e+04
1.938297701680124737e+04 8.335159567812785099e+03 8.335063041902469195e+03 8.335266104230475321e+03 1.874016726564146438e+03 2.500226478338369998e+04 1.908288493827673374e+05 8.335120207564539669e+03 4.339449037747678813e+04 8.335218512232415378e+03 8.196423246671391098e+03 2.831189303733691340e+05 1.774385899300179881e+04 1.079925291513420962e+04 8.335190479554643389e+03 2.500236759845324923e+04 1.774389330094394609e+04 1.774390454827456779e+04 2.500216245490373694e+04 9.149563724710501265e+04 8.335291521721088429e+03 1.330547820289904776e+05 8.334728546071808523e+03 4.121276460750970291e+05 2.392720452626734186e+04
1.374545090912746491e+04 2.500217065963302593e+04 2.500185999057672598e+04 2.500221411446034472e+04 2.500226478338369998e+04 1.118506452616369051e+00 1.908290071634860069e+05 2.500200612446173182e+04 4.446982752958323545e+04 2.500211996197396729e+04 2.500225420919184035e+04 2.831190151940548094e+05 1.666894109664834832e+04 2.014116459839407617e+04 2.500207998033515469e+04 2.108040094836719280e+00 1.666895669299592919e+04 1.666898976414728895e+04 2.110423809695589181e+00 9.166917732675852312e+04 2.500220232371423481e+04 1.330549784951432084e+05 2.500164847756512972e+04 4.121278253844637075e+05 1.875240446521644117e+04
1.908289534045461041e+05 1.908286305938767036e+05 1.908283701186060789e+05 1.908287137894841144e+05 1.908288493827673374e+05 1.908290071634860069e+05 8.256037550557596842e+04 1.908284833549559698e+05 1.808706069481975865e+05 1.908286070253875514e+05 1.908287766574589768e+05 1.975093727771264385e+05 1.908288777424528671e+05 1.908288715221472958e+05 1.908285643083980540e+05 1.908290291645290272e+05 1.908289275001291244e+05 1.908288997163228050e+05 1.908290006524087803e+05 1.663240203520518844e+05 1.908287207331100944e+05 1.414731980114197067e+05 1.908283119355413073e+05 3.364233772793596145e+05 1.908290317456713528e+05
2.500196026778077430e+04 1.682371859242931755e+00 1.333160933808527515e+00 1.699938055978101437e+00 8.335120207564537850e+03 2.500200612446173182e+04 1.908284833549559407e+05 8.644847280039099635e-01 4.446940854101478908e+04 1.575793694870063710e+00 1.077049260088725532e+03 2.831186344430663739e+05 2.500185353583100732e+04 1.805737948124971444e+04 1.492431152201918909e+00 2.500205008513173379e+04 2.500191022741355846e+04 2.500190802215523217e+04 2.500199527632635727e+04 9.166869557010050630e+04 1.674559953515513788e+00 1.330544386296152661e+05 1.160061836860700968e+00 4.121273766006544465e+05 2.500209921811172899e+04
4.203922840321045805e+04 4.446967896244585427e+04 4.446931128002842161e+04 4.446969248335963493e+04 4.339449037747678813e+04 4.446982752958323545e+04 1.808706069481974992e+05 4.446940854101478908e+04 2.249235827262911698e+04 4.446962365282548853e+04 4.339426411538237153e+04 2.784895206212160992e+05 4.446982876095938263e+04 4.446979112450428511e+04 4.446950705317084794e+04 4.446982480683091126e+04 4.446982928326357069e+04 4.446989366645870177e+04 4.446980408308838378e+04 5.781939372247728170e+04 4.446966294347310759e+04 1.109427731986532744e+05 4.446912093119814381e+04 4.074981748997289687e+05 2.571959501621767413e+04
2.500207491245787969e+04 1.686625157420898580e+00 1.549586613402149649e+00 1.730642458611978407e+00 8.335218512232413559e+03 2.500211996197396729e+04 1.908286070253875223e+05 1.575793694870063710e+00 4.446962365282548853e+04 9.639504165410511805e-01 1.077138399180980059e+03 2.831187080430567148e+05 2.500193544735760224e+04 1.805743471348335879e+04 1.589123466026044262e+00 2.500214457651588964e+04 2.500197279300055379e+04 2.500196322959600366e+04 2.500214418069803651e+04 9.166885706382764329e+04 1.715773630019287177e+00 1.330545965543345374e+05 1.273375815718616133e+00 4.121274859102596529e+05 2.500225329454705570e+04
2.500212804230764959e+04 1.077126189102320950e+03 1.076950080638490363e+03 1.077150789625680545e+03 8.196423246671391098e+03 2.500225420919184035e+04 1.908287766574589768e+05 1.077049260088725532e+03 4.339426411538235698e+04 1.077138399180979832e+03 1.874100836798562341e+03 2.831189114953628159e+05 2.500201468033781202e+04 1.805746887077544670e+04 1.077073869619294328e+03 2.500231499282536606e+04 2.500206055149622625e+04 2.500211491256642330e+04 2.500218016182929205e+04 9.149548729293746874e+04 1.077127373623517315e+03 1.330547114540511102e+05 1.076664726587498990e+03 4.121276495720524690e+05 2.392701396425570783e+04
2.831190636348128319e+05 2.831187380626374506e+05 2.831185389788313187e+05 2.831188239917292958e+05 2.831189303733691340e+05 2.831190151940548676e+05 1.975093727771264385e+05 2.831186344430663739e+05 2.784895206212161575e+05 2.831187080430567148e+05 2.831189114953628741e+05 9.869481576984490675e+04 2.831189833557226229e+05 2.831189521597857820e+05 2.831186360440587741e+05 2.831190428684477811e+05 2.831190023875993793e+05 2.831190473811199772e+05 2.831190950469473610e+05 2.747857644499050803e+05 2.831188473488771124e+05 2.661424756021166104e+05 2.831184663205345860e+05 3.165992923106383532e+05 2.831190987360733561e+05
5.356008742900251491e+03 2.500195969785031048e+04 2.500177026329053842e+04 2.500198521203939526e+04 1.774385899300179881e+04 1.666894109664834832e+04 1.908288777424528671e+05 2.500185353583100732e+04 4.446982876095938263e+04 2.500193544735760224e+04 2.500201468033781202e+04 2.831189833557226229e+05 1.008006858402103800e+00 6.946294973403804761e+03 2.500190885105997222e+04 1.666903271094934462e+04 1.837539049993710316e+00 1.930698610932805703e+00 1.666887218649937859e+04 9.166913397993866238e+04 2.500196113388788945e+04 1.330548982625017234e+05 2.500145401845179367e+04 4.121277087418946903e+05 1.875247006585959389e+04
1.085374472381229498e+04 1.805747784392211906e+04 1.805727330879372312e+04 1.805751576226858015e+04 1.079925291513420962e+04 2.014116459839407617e+04 1.908288715221472667e+05 1.805737948124971444e+04 4.446979112450428511e+04 1.805743471348335879e+04 1.805746887077544670e+04 2.831189521597857820e+05 6.946294973403804761e+03 8.102882923242269499e+03 1.805741007409052690e+04 2.014126829658966381e+04 6.946338982649435820e+03 6.946384473686106503e+03 2.014111893957538996e+04 9.166907334012060892e+04 1.805750570340283957e+04 1.330548488490053569e+05 1.805697133281680362e+04 4.121276974693965749e+05 2.135662521529262085e+04
2.500199546520997319e+04 1.649184009753085212e+00 1.487083587105365812e+00 1.765255281822648126e+00 8.335190479554639751e+03 2.500207998033515469e+04 1.908285643083980540e+05 1.492431152201919131e+00 4.446950705317084794e+04 1.589123466026044262e+00 1.077073869619294328e+03 2.831186360440587741e+05 2.500190885105997222e+04 1.805741007409052690e+04 9.319399994662043163e-01 2.500209837930725917e+04 2.500195185035920440e+04 2.500197092159752719e+04 2.500206418182567722e+04 9.166881463792460272e+04 1.735114537939817847e+00 1.330545711045173230e+05 1.221502314145403556e+00 4.121274112511479179e+05 2.500213108648914204e+04
1.374562177919746500e+04 2.500219826294521772e+04 2.500188847606223499e+04 2.500228925249626627e+04 2.500236759845324923e+04 2.108040094836719280e+00 1.908290291645290272e+05 2.500205008513173379e+04 4.446982480683089670e+04 2.500214457651588964e+04 2.500231499282536606e+04 2.831190428684477811e+05 1.666903271094934462e+04 2.014126829658966381e+04 2.500209837930725917e+04 1.150694197077503977e+00 1.666906476138963262e+04 1.666908812165357449e+04 2.124515303499796559e+00 9.166926050468353787e+04 2.500221628367072844e+04 1.330550345003303664e+05 2.500169084719297098e+04 4.121277567505907500e+05 1.875235152683936030e+04
5.356037821288091436e+03 2.500199672106765138e+04 2.500176389735019984e+04 2.500206419915557490e+04 1.774389330094394609e+04 1.666895669299592919e+04 1.908289275001291244e+05 2.500191022741355846e+04 4.446982928326357069e+04 2.500197279300055379e+04 2.500206055149622625e+04 2.831190023875993793e+05 1.837539049993710094e+00 6.946338982649435820e+03 2.500195185035920440e+04 1.666906476138963626e+04 1.040651927498554175e+00 1.881051632458186074e+00 1.666892240480155306e+04 9.166911590287432773e+04 2.500200757340572090e+04 1.330548535447276081e+05 2.500147402929129021e+04 4.121277614691590425e+05 1.875256800753823700e+04
5.355992953179840697e+03 2.500201003864451559e+04 2.500182333264515546e+04 2.500203434386541630e+04 1.774390454827456779e+04 1.666898976414728895e+04 1.908288997163228050e+05 2.500190802215523217e+04 4.446989366645869450e+04 2.500196322959600366e+04 2.500211491256642330e+04 2.831190473811199772e+05 1.930698610932805703e+00 6.946384473686105594e+03 2.500197092159752719e+04 1.666908812165357449e+04 1.881051632458186074e+00 1.035825240389451452e+00 1.666888787802009392e+04 9.166915437614006805e+04 2.500205367643988211e+04 1.330549006355722959e+05 2.500149688282787611e+04 4.121277367743720533e+05 1.875253718087313973e+04
1.374541797718762609e+04 2.500216290272886908e+04 2.500185830822316711e+04 2.500222029542191740e+04 2.500216245490373331e+04 2.110423809695589181e+00 1.908290006524087803e+05 2.500199527632635727e+04 4.446980408308838378e+04 2.500214418069803651e+04 2.500218016182929205e+04 2.831190950469473610e+05 1.666887218649937859e+04 2.014111893957538996e+04 2.500206418182567722e+04 2.124515303499796559e+00 1.666892240480155306e+04 1.666888787802009392e+04 1.105748105918031188e+00 9.166921536730306980e+04 2.500214867232995675e+04 1.330549533624563774e+05 2.500161299167023753e+04 4.121277848769756383e+05 1.875244948983062204e+04
8.964366206268838141e+04 9.166891744157041830e+04 9.166858800874299777e+04 9.166897955126228044e+04 9.149563724710501265e+04 9.166917732675852312e+04 1.663240203520519135e+05 9.166869557010050630e+04 5.781939372247728897e+04 9.166885706382764329e+04 9.149548729293748329e+04 2.747857644499050803e+05 9.166913397993866238e+04 9.166907334012062347e+04 9.166881463792460272e+04 9.166926050468353787e+04 9.166911590287432773e+04 9.166915437614006805e+04 9.166921536730306980e+04 1.960816131923444118e+04 9.166896251059033966e+04 8.178015028946338862e+04 9.166839032641246740e+04 4.037944450369570986e+05 8.129721969795797486e+04
2.500212138735092958e+04 1.742712502131722907e+00 1.616084719509206957e+00 1.719067871356095623e+00 8.335291521721086610e+03 2.500220232371423481e+04 1.908287207331100944e+05 1.674559953515513788e+00 4.446966294347310759e+04 1.715773630019287177e+00 1.077127373623517315e+03 2.831188473488771124e+05 2.500196113388788945e+04 1.805750570340283957e+04 1.735114537939817847e+00 2.500221628367072844e+04 2.500200757340572090e+04 2.500205367643988211e+04 2.500214867232995675e+04 9.166896251059032511e+04 9.708770054690765150e-01 1.330546989623700792e+05 1.343760485181186404e+00 4.121275280310279923e+05 2.500234194737629150e+04
1.330549114387751906e+05 1.330545901855353150e+05 1.330543306273283379e+05 1.330546928790313541e+05 1.330547820289904776e+05 1.330549784951432375e+05 1.414731980114196776e+05 1.330544386296152661e+05 1.109427731986532890e+05 1.330545965543345374e+05 1.330547114540511102e+05 2.661424756021166104e+05 1.330548982625017234e+05 1.330548488490053569e+05 1.330545711045173230e+05 1.330550345003303955e+05 1.330548535447276081e+05 1.330549006355722959e+05 1.330549533624563774e+05 8.178015028946337407e+04 1.330546989623700792e+05 4.901956084560907038e+04 1.330541809295093408e+05 3.940155581188034266e+05 1.312320785539900244e+05
2.500155089585553651e+04 1.303064998258805174e+00 1.014108389648041619e+00 1.355277582098833644e+00 8.334728546071804885e+03 2.500164847756512972e+04 1.908283119355412782e+05 1.160061836860700968e+00 4.446912093119814381e+04 1.273375815718616133e+00 1.076664726587499217e+03 2.831184663205345860e+05 2.500145401845179367e+04 1.805697133281680362e+04 1.221502314145403556e+00 2.500169084719297098e+04 2.500147402929129021e+04 2.500149688282787611e+04 2.500161299167023753e+04 9.166839032641246740e+04 1.343760485181186404e+00 1.330541809295093408e+05 5.664809580816617673e-01 4.121273119356099050e+05 2.500177692699923864e+04
4.121277623450889369e+05 4.121275334301429684e+05 4.121273964013173827e+05 4.121275697594136000e+05 4.121276460750970291e+05 4.121278253844637075e+05 3.364233772793596145e+05 4.121273766006543301e+05 4.074981748997289105e+05 4.121274859102596529e+05 4.121276495720523526e+05 3.165992923106383532e+05 4.121277087418946903e+05 4.121276974693965749e+05 4.121274112511479179e+05 4.121277567505907500e+05 4.121277614691590425e+05 4.121277367743720533e+05 4.121277848769756383e+05 4.037944450369570986e+05 4.121275280310279923e+05 3.940155581188033684e+05 4.121273119356099050e+05 1.793622734767384536e+05 4.121277503540351172e+05
1.632183830311946258e+04 2.500232702173760845e+04 2.500194252657328252e+04 2.500239676068612243e+04 2.392720452626733459e+04 1.875240446521644117e+04 1.908290317456713528e+05 2.500209921811172899e+04 2.571959501621767049e+04 2.500225329454705570e+04 2.392701396425570783e+04 2.831190987360733561e+05 1.875247006585959389e+04 2.135662521529262085e+04 2.500213108648914204e+04 1.875235152683936030e+04 1.875256800753823700e+04 1.875253718087314701e+04 1.875244948983062204e+04 8.129721969795798941e+04 2.500234194737629150e+04 1.312320785539900244e+05 2.500177692699923864e+04 4.121277503540351172e+05 3.126226209530621873e+03
