7.077366625353976870e-01 3.214288970713266754e+05 3.430535170810357158e+03 3.938685436624374688e+03 2.406139080703507352e+04 1.074763898223499564e+05 8.983059346603024096e+03 3.938682508022341608e+03 5.493280365044383507e+04 3.938546731524945699e+03 1.974728599950165662e+05 3.938253964910187733e+03 8.440319681826830492e+04 1.771832643874605128e+04 4.827733988028175372e+04 3.938704001504634107e+03 3.938752458759181081e+03 3.938764984337066380e+03 4.330906375774497428e+04 2.946603592792133350e+04 2.506111759871883260e+05 4.594737889653855746e+03 3.938776529414140896e+03 1.444999004283440881e+05 4.025454596514134901e+05
3.214288970713266172e+05 8.458276112005271716e+04 3.214288416787646711e+05 3.214288278982918710e+05 3.096180028334478848e+05 2.677344605624138494e+05 3.214289111175393919e+05 3.214285974911956000e+05 2.921826959194932715e+05 3.214285574327453505e+05 2.316974860949490394e+05 3.214285135857698624e+05 2.790011300015331362e+05 3.155234419084794354e+05 2.964946946051715058e+05 3.214286316976837697e+05 3.214286954325580155e+05 3.214287194128024275e+05 2.978069613931549829e+05 3.096179568172174622e+05 1.692535905620482517e+05 3.214289019733975874e+05 3.214288346404743497e+05 2.577233999343476316e+05 2.402828465006152983e+05
3.430535170810357613e+03 3.214288416787646711e+05 8.856741650209900172e+02 5.096545641339668009e+02 2.749038014353037943e+04 1.074763688015338412e+05 1.241206710808043863e+04 5.096206338985635966e+02 5.493278585291913623e+04 5.094936912982942658e+02 1.974727743768317450e+05 5.092400640969772212e+02 8.440317458737167181e+04 2.114739445325855922e+04 4.827727905180889502e+04 5.096653459268118809e+02 5.096653540552899244e+02 5.096523353315290024e+02 4.330909620783212449e+04 3.123581125526501273e+04 2.506110734837032214e+05 8.023853256275453532e+03 5.096365479749181873e+02 1.444999002430564142e+05 4.025454648050328833e+05
3.938685436624374688e+03 3.214288278982919292e+05 5.096545641339668578e+02 7.153969621368024834e-01 2.799841014455357072e+04 1.074762936131160968e+05 1.292013474115939243e+04 1.537931082171531516e+00 5.493269618732910749e+04 1.420304267904475948e+00 1.974727994694110530e+05 1.197216630439585705e+00 8.440309491862167488e+04 2.165537670862768937e+04 4.827722708476626576e+04 1.540823559699070255e+00 1.513933227172699736e+00 1.532699163245014207e+00 4.330906951290532015e+04 3.149800200525933906e+04 2.506110591641845240e+05 8.531972451470412125e+03 1.450727566048125805e+00 1.444998449819332163e+05 4.025453772166412091e+05
2.406139080703507352e+04 3.096180028334478848e+05 2.749038014353037943e+04 2.799841014455357072e+04 2.370161017701899254e+03 9.566535836731955351e+04 1.587589565447793757e+04 2.799824676927036126e+04 3.874723851456833654e+04 2.799810370775694537e+04 1.856619292838845577e+05 2.799783941104055339e+04 6.961506249421063694e+04 9.174403571982365975e+03 3.209172374814591967e+04 2.799831094813364325e+04 2.799837988619124008e+04 2.799840869944046062e+04 2.712354458797050029e+04 8.596116499162379114e+03 2.388002508671236574e+05 1.946811383088072762e+04 2.799841396815780899e+04 1.326889315772752452e+05 3.907345541127505130e+05
1.074763898223499564e+05 2.677344605624138494e+05 1.074763688015338412e+05 1.074762936131160968e+05 9.566535836731955351e+04 1.977695622659611035e+04 1.074763671056096500e+05 1.074760325927816157e+05 7.154891678168602812e+04 1.074759271342662541e+05 1.299792855907581834e+05 1.074757688872062572e+05 3.340598965390528610e+04 1.015708755596615520e+05 7.888618924637221789e+04 1.074761167108188820e+05 1.074762412369048543e+05 1.074762693275154015e+05 8.385434638967839419e+04 9.566542854020385130e+04 1.889723517560534819e+05 1.074763655378083204e+05 1.074762934830646846e+05 6.566475406751266564e+04 3.551531922476763139e+05
8.983059346603024096e+03 3.214289111175393919e+05 1.241206710808043863e+04 1.292013474115939243e+04 1.587589565447793757e+04 1.074763671056096500e+05 1.592460167317138257e+03 1.292001189504879949e+04 5.099579139569352265e+04 1.291987268162141663e+04 1.974728942006257421e+05 1.291962636011705763e+04 8.145044629821192939e+04 8.736882607026898768e+03 4.434027313311836770e+04 1.292005964168371247e+04 1.292009524314336159e+04 1.292010481674265066e+04 3.937207435161097237e+04 2.323242726365284761e+04 2.506112046498828859e+05 4.389724661467570513e+03 1.292015936400004648e+04 1.444999620056358108e+05 4.025455575814876356e+05
3.938682508022341608e+03 3.214285974911956000e+05 5.096206338985635966e+02 1.537931082171531516e+00 2.799824676927036126e+04 1.074760325927816157e+05 1.292001189504879949e+04 6.542657351682543698e-01 5.493250576433818787e+04 1.081166292471561263e+00 1.974725333543676243e+05 9.772807852086705660e-01 8.440282978026533965e+04 2.165529640951196779e+04 4.827702582192834234e+04 1.282844737093076892e+00 1.355342736919730173e+00 1.453864501822265121e+00 4.330884758555699955e+04 3.149777718346223628e+04 2.506108974518514879e+05 8.531885892479283939e+03 1.557476443654308262e+00 1.444995440443064726e+05 4.025452258019092260e+05
5.493280365044383507e+04 2.921826959194933297e+05 5.493278585291913623e+04 5.493269618732910749e+04 3.874723851456833654e+04 7.154891678168602812e+04 5.099579139569352265e+04 5.493250576433818787e+04 9.087193582790516302e+03 5.493234888213634258e+04 1.665393598024286621e+05 5.493216561526827718e+04 4.434139337145361787e+04 4.509021103966092051e+04 1.049404786013885496e+04 5.493256587755730288e+04 5.493262129284803086e+04 5.493268023660018662e+04 1.772699340367739933e+04 3.267238869137198344e+04 2.213650202962307958e+05 5.263615957890057325e+04 5.493273305251978309e+04 1.100618955014925159e+05 3.732992865750214551e+05
3.938546731524945699e+03 3.214285574327453505e+05 5.094936912982943227e+02 1.420304267904475948e+00 2.799810370775694537e+04 1.074759271342662541e+05 1.291987268162141663e+04 1.081166292471561263e+00 5.493234888213634258e+04 5.974849895712102121e-01 1.974724404312158586e+05 8.059018066236459665e-01 8.440270881571352948e+04 2.165513232902784875e+04 4.827687863313175330e+04 1.241079614704048373e+00 1.322253987204280667e+00 1.361131450269896792e+00 4.330872571568182320e+04 3.149767017892251170e+04 2.506107920025319036e+05 8.531757391662191367e+03 1.450894251457416795e+00 1.444994566047599947e+05 4.025452130482179346e+05
1.974728599950165662e+05 2.316974860949490394e+05 1.974727743768317450e+05 1.974727994694110530e+05 1.856619292838845577e+05 1.299792855907581979e+05 1.974728942006257421e+05 1.974725333543676243e+05 1.665393598024286621e+05 1.974724404312158586e+05 5.071410166609110456e+04 1.974723631221180258e+05 1.479447452370196988e+05 1.915674413401440543e+05 1.709718473661793396e+05 1.974726271827547171e+05 1.974726575544269872e+05 1.974727003322307137e+05 1.738508951768628322e+05 1.856619222573380684e+05 1.399199998932814051e+05 1.974728927719934727e+05 1.974727854610376235e+05 1.012980497463690263e+05 3.018378335777258617e+05
3.938253964910187733e+03 3.214285135857699206e+05 5.092400640969772780e+02 1.197216630439585705e+00 2.799783941104055339e+04 1.074757688872062427e+05 1.291962636011705763e+04 9.772807852086705660e-01 5.493216561526827718e+04 8.059018066236459665e-01 1.974723631221180258e+05 3.954512454781544672e-01 8.440257971563230967e+04 2.165486404692307769e+04 4.827669544518011389e+04 1.057613121308338622e+00 1.153807064735494770e+00 1.201864851926335298e+00 4.330851337973092450e+04 3.149745449352732976e+04 2.506107373675947601e+05 8.531458535104577095e+03 1.200237201820799848e+00 1.444993382692985178e+05 4.025451391063893680e+05
8.440319681826830492e+04 2.790011300015330780e+05 8.440317458737167181e+04 8.440309491862167488e+04 6.961506249421062239e+04 3.340598965390528610e+04 8.145044629821194394e+04 8.440282978026533965e+04 4.434139337145362515e+04 8.440270881571352948e+04 1.479447452370196988e+05 8.440257971563230967e+04 1.043633579010438734e+04 7.554491089020163054e+04 5.264144303868064162e+04 8.440291387538252457e+04 8.440301931411653641e+04 8.440303409584959445e+04 5.760955165408483299e+04 6.942067613474477548e+04 2.046781736627130012e+05 8.268079038643609965e+04 8.440309760396835918e+04 8.701276462717054528e+04 3.621912979280236177e+05
1.771832643874605128e+04 3.155234419084794354e+05 2.114739445325855922e+04 2.165537670862768937e+04 9.174403571982365975e+03 1.015708755596615520e+05 8.736882607026898768e+03 2.165529640951196779e+04 4.509021103966092051e+04 2.165513232902784875e+04 1.915674413401440543e+05 2.165486404692307769e+04 7.554491089020163054e+04 5.906341120850445805e+03 3.843469882093739579e+04 2.165530862058696948e+04 2.165539110529265599e+04 2.165538887430308023e+04 3.346653816035379714e+04 1.732687854875296398e+04 2.447057389868457976e+05 1.312509958258210463e+04 2.165543100952362511e+04 1.385944708829388837e+05 3.966400470566159929e+05
4.827733988028175372e+04 2.964946946051715058e+05 4.827727905180888774e+04 4.827722708476626576e+04 3.209172374814591967e+04 7.888618924637221789e+04 4.434027313311836770e+04 4.827702582192834234e+04 1.049404786013885678e+04 4.827687863313175330e+04 1.709718473661793396e+05 4.827669544518011389e+04 5.264144303868064162e+04 3.843469882093739579e+04 4.172184486793774340e+03 4.827713825247120258e+04 4.827712746917769255e+04 4.827719818112287612e+04 7.307592249697931948e+03 2.479677215127454474e+04 2.256769476979665342e+05 4.598071883964207518e+04 4.827726144395054871e+04 1.159098439628024062e+05 3.776112848386905971e+05
3.938704001504634107e+03 3.214286316976837697e+05 5.096653459268118809e+02 1.540823559699070255e+00 2.799831094813364325e+04 1.074761167108188820e+05 1.292005964168371247e+04 1.282844737093076892e+00 5.493256587755730288e+04 1.241079614704048373e+00 1.974726271827546880e+05 1.057613121308338622e+00 8.440291387538252457e+04 2.165530862058696948e+04 4.827713825247120258e+04 6.920278510931944238e-01 1.342239401369171636e+00 1.455763390542036184e+00 4.330896581602832885e+04 3.149791374562348210e+04 2.506109073763953638e+05 8.531922621458088543e+03 1.581517693134868452e+00 1.444996729813927377e+05 4.025452687428590143e+05
3.938752458759181081e+03 3.214286954325580155e+05 5.096653540552899813e+02 1.513933227172699736e+00 2.799837988619124008e+04 1.074762412369048398e+05 1.292009524314336159e+04 1.355342736919730173e+00 5.493262129284803086e+04 1.322253987204280667e+00 1.974726575544269872e+05 1.153807064735494547e+00 8.440301931411653641e+04 2.165539110529265599e+04 4.827712746917769255e+04 1.342239401369171636e+00 6.936948933406673623e-01 1.364685398829008633e+00 4.330899154163958883e+04 3.149794974423683379e+04 2.506109720021293033e+05 8.531969180511618106e+03 1.540452514721654786e+00 1.444997449735474656e+05 4.025453187280122074e+05
3.938764984337066380e+03 3.214287194128024275e+05 5.096523353315290024e+02 1.532699163245014207e+00 2.799840869944046062e+04 1.074762693275154015e+05 1.292010481674265066e+04 1.453864501822265121e+00 5.493268023660018662e+04 1.361131450269896792e+00 1.974727003322307137e+05 1.201864851926335298e+00 8.440303409584959445e+04 2.165538887430308387e+04 4.827719818112287612e+04 1.455763390542036184e+00 1.364685398829008411e+00 7.218172470550645592e-01 4.330904084529705142e+04 3.149797445430836888e+04 2.506110080533529399e+05 8.532000110580260298e+03 1.523977103319087201e+00 1.444997880959149625e+05 4.025453391489833593e+05
4.330906375774497428e+04 2.978069613931549829e+05 4.330909620783211722e+04 4.330906951290532015e+04 2.712354458797050029e+04 8.385434638967839419e+04 3.937207435161097237e+04 4.330884758555699955e+04 1.772699340367739933e+04 4.330872571568182320e+04 1.738508951768628322e+05 4.330851337973092450e+04 5.760955165408483299e+04 3.346653816035379714e+04 7.307592249697932857e+03 4.330896581602832885e+04 4.330899154163958883e+04 4.330904084529704414e+04 8.410131583497054697e-01 1.946318557907974173e+04 2.269892744195040141e+05 4.101250322334974771e+04 4.330904702800161613e+04 1.208779430574655562e+05 3.789235212524270755e+05
2.946603592792133350e+04 3.096179568172175204e+05 3.123581125526501273e+04 3.149800200525933906e+04 8.596116499162379114e+03 9.566542854020385130e+04 2.323242726365284761e+04 3.149777718346223628e+04 3.267238869137198344e+04 3.149767017892251170e+04 1.856619222573380684e+05 3.149745449352732248e+04 6.942067613474477548e+04 1.732687854875296398e+04 2.479677215127454474e+04 3.149791374562348210e+04 3.149794974423683379e+04 3.149797445430836160e+04 1.946318557907973809e+04 4.919130697707925719e+03 2.388003032856476784e+05 2.582975171219599360e+04 3.149801889955556908e+04 1.326889350484301976e+05 3.907345311770970584e+05
2.506111759871883260e+05 1.692535905620482517e+05 2.506110734837032214e+05 2.506110591641845240e+05 2.388002508671236574e+05 1.889723517560534819e+05 2.506112046498828859e+05 2.506108974518514879e+05 2.213650202962307958e+05 2.506107920025319036e+05 1.399199998932813760e+05 2.506107373675947601e+05 2.046781736627130012e+05 2.447057389868457685e+05 2.256769476979665342e+05 2.506109073763953638e+05 2.506109720021293033e+05 2.506110080533529399e+05 2.269892744195040141e+05 2.388003032856476784e+05 6.692548954557010438e+04 2.506111775585936848e+05 2.506110541505885194e+05 1.742784048513247690e+05 2.702366689755312982e+05
4.594737889653855746e+03 3.214289019733975874e+05 8.023853256275453532e+03 8.531972451470412125e+03 1.946811383088072762e+04 1.074763655378083204e+05 4.389724661467569604e+03 8.531885892479283939e+03 5.263615957890057325e+04 8.531757391662191367e+03 1.974728927719934727e+05 8.531458535104577095e+03 8.268079038643609965e+04 1.312509958258210645e+04 4.598071883964207518e+04 8.531922621458088543e+03 8.531969180511618106e+03 8.532000110580258479e+03 4.101250322334976227e+04 2.582975171219599360e+04 2.506111775585936848e+05 3.828420384315114461e+03 8.532001814063614802e+03 1.444999532743956079e+05 4.025454699398176163e+05
3.938776529414140896e+03 3.214288346404743497e+05 5.096365479749182441e+02 1.450727566048125805e+00 2.799841396815780899e+04 1.074762934830646846e+05 1.292015936400004648e+04 1.557476443654308262e+00 5.493273305251978309e+04 1.450894251457416795e+00 1.974727854610376235e+05 1.200237201820799626e+00 8.440309760396835918e+04 2.165543100952362511e+04 4.827726144395054871e+04 1.581517693134868674e+00 1.540452514721654786e+00 1.523977103319087423e+00 4.330904702800161613e+04 3.149801889955556908e+04 2.506110541505885194e+05 8.532001814063614802e+03 6.954325302434232192e-01 1.444998950983178511e+05 4.025454264289725688e+05
1.444999004283440881e+05 2.577233999343476316e+05 1.444999002430564142e+05 1.444998449819332163e+05 1.326889315772752452e+05 6.566475406751266564e+04 1.444999620056358108e+05 1.444995440443065017e+05 1.100618955014925159e+05 1.444994566047599947e+05 1.012980497463690263e+05 1.444993382692985178e+05 8.701276462717054528e+04 1.385944708829388837e+05 1.159098439628024062e+05 1.444996729813927377e+05 1.444997449735474656e+05 1.444997880959149625e+05 1.208779430574655562e+05 1.326889350484301976e+05 1.742784048513247690e+05 1.444999532743956079e+05 1.444998950983178511e+05 2.951311071874024128e+04 3.391585314129042090e+05
4.025454596514134901e+05 2.402828465006152983e+05 4.025454648050328833e+05 4.025453772166412673e+05 3.907345541127505130e+05 3.551531922476763139e+05 4.025455575814876356e+05 4.025452258019092260e+05 3.732992865750214551e+05 4.025452130482179346e+05 3.018378335777258035e+05 4.025451391063893680e+05 3.621912979280236177e+05 3.966400470566160511e+05 3.776112848386905971e+05 4.025452687428589561e+05 4.025453187280122074e+05 4.025453391489833593e+05 3.789235212524270755e+05 3.907345311770971166e+05 2.702366689755312400e+05 4.025454699398176745e+05 4.025454264289725688e+05 3.391585314129042090e+05 1.292354444279595627e+05
