1.174214962673198359e+00 1.810766973429361215e+00 1.111129197033919481e+05 2.222246721049517801e+05 3.472443908194380492e+04 1.111134594110486360e+05 1.111136000404833612e+05 1.111134538856253494e+05 1.656456696621305014e+00 1.111136829870669753e+05 4.530114423415999045e+05 8.594772418300652644e+05 1.919438603904598528e+00 2.043034870199104771e+05 1.111133287001119752e+05 1.111133251521555940e+05 1.111133941004254448e+05 1.111135361595430586e+05 1.111130160212654737e+05 1.111134517592927004e+05 1.111132783167522284e+05 1.111135801371659181e+05 1.111135440481593105e+05 1.111134665666842047e+05 7.239062841651804047e+05
1.810766973429361215e+00 1.121438779638897598e+00 1.111131132376986498e+05 2.222247069862803037e+05 3.472436881812754291e+04 1.111136786434952082e+05 1.111136032576251164e+05 1.111136762182190432e+05 1.744418742511624876e+00 1.111136705880118243e+05 4.530116108046881855e+05 8.594773529411765048e+05 2.090681649736180425e+00 2.043035530835630780e+05 1.111133241368532472e+05 1.111133876752669166e+05 1.111136301677434240e+05 1.111137578596755775e+05 1.111129430106028158e+05 1.111135754586912080e+05 1.111134840272398724e+05 1.111135805528924975e+05 1.111135000540160399e+05 1.111136234732103185e+05 7.239063952762915287e+05
1.111129197033919481e+05 1.111131132376986498e+05 6.153578939979874596e-01 2.222242596273784584e+05 1.111130077422701870e+05 1.111125483031204785e+05 1.111127104301598447e+05 1.464200483391646657e+00 1.111128753733573976e+05 1.111127800943324983e+05 4.530110489681071485e+05 8.594772046328334836e+05 1.111130786729055981e+05 2.043026732555443887e+05 1.245418607305230241e+00 2.083483178625762230e+04 1.111125502511186787e+05 1.111125981553337770e+05 1.326922862433547623e+00 1.313797395184259198e+00 1.189179054133760793e+00 1.111126696425365517e+05 1.377903394200318044e+00 1.111131956879350328e+05 7.239060856026486726e+05
2.222246721049517801e+05 2.222247069862802746e+05 2.222242596273784002e+05 5.185745327596623247e+04 2.083358381126292516e+05 2.222247433223522967e+05 2.222246425902485498e+05 2.222246049941454839e+05 2.222245378669629863e+05 2.222246513765341660e+05 4.124288358993469737e+05 8.594773148788928520e+05 2.222244889148460643e+05 7.654337433380987204e+04 2.222244241847705271e+05 2.222244156956072547e+05 2.222247324047407310e+05 2.222247571353224630e+05 2.222242204912885791e+05 2.222246364377219288e+05 2.222246100649709988e+05 2.222246146862376190e+05 2.222245597775439383e+05 1.111138780677453906e+05 7.239063815315781394e+05
3.472443908194380492e+04 3.472436881812755018e+04 1.111130077422701870e+05 2.083358381126292225e+05 5.468886766599518160e+04 1.041692081480626075e+05 1.041691934187368606e+05 1.111136013621306047e+05 3.472414955548522994e+04 1.041692493124114699e+05 4.391226070282656001e+05 8.455884779411763884e+05 3.472436575284368882e+04 1.904144545396950271e+05 1.111132368337543303e+05 1.098112841409401299e+05 1.041692465258450829e+05 1.041693344213069795e+05 1.111128710128982202e+05 1.111135005458788801e+05 1.111134103263540601e+05 1.041691578735655639e+05 1.111132715263123682e+05 9.722466835381704732e+04 7.100175211473479867e+05
1.111134594110486360e+05 1.111136786434952082e+05 1.111125483031204785e+05 2.222247433223522967e+05 1.041692081480626075e+05 8.683899976004997301e-01 1.758333773264065814e+00 1.111131035417882522e+05 1.111134123663639912e+05 1.873946352327934051e+00 4.530113490999615169e+05 8.594772418300652644e+05 1.111136280227621028e+05 2.043033625778143178e+05 1.111129782074726245e+05 9.027954922637961863e+04 1.620427201953522633e+00 1.788509339515272911e+00 1.111132064862118423e+05 1.111129847529690887e+05 1.111128551880139858e+05 1.812577765533522900e+00 1.111131718595110870e+05 1.111137079586339387e+05 7.239061486688025761e+05
1.111136000404833612e+05 1.111136032576251164e+05 1.111127104301598447e+05 2.222246425902485498e+05 1.041691934187368606e+05 1.758333773264065814e+00 1.031667981967267611e+00 1.111132576369352464e+05 1.111133280660293094e+05 1.847430326266206846e+00 4.530115072968443856e+05 8.594773529411763884e+05 1.111135278366219427e+05 2.043033879517859896e+05 1.111129093523496122e+05 9.027950586274050875e+04 1.691752600862613809e+00 1.837914004849148020e+00 1.111131418267178669e+05 1.111131509723386116e+05 1.111130174290153809e+05 1.782817568755556525e+00 1.111131224627645715e+05 1.111139894853468722e+05 7.239063414042375516e+05
1.111134538856253494e+05 1.111136762182190432e+05 1.464200483391647101e+00 2.222246049941455130e+05 1.111136013621306047e+05 1.111131035417882522e+05 1.111132576369352464e+05 1.201622121870103754e+00 1.111134199494692730e+05 1.111133170291260758e+05 4.530113896408486762e+05 8.594772340445981827e+05 1.111136097345708113e+05 2.043031540798737260e+05 1.639738824364362912e+00 2.083504345588013894e+04 1.111130399826647918e+05 1.111131482085034077e+05 2.016000875306170670e+00 2.063885260895839124e+00 1.821817158264204206e+00 1.111132227114668785e+05 2.112712261325142116e+00 1.111138515097126947e+05 7.239062061452835333e+05
1.656456696621305014e+00 1.744418742511624876e+00 1.111128753733573976e+05 2.222245378669629863e+05 3.472414955548522266e+04 1.111134123663639912e+05 1.111133280660293094e+05 1.111134199494692730e+05 1.035233820400405014e+00 1.111134085989851592e+05 4.530115092302483390e+05 8.594773529411765048e+05 1.667366657530533036e+00 2.043034199137778778e+05 1.111130790772082255e+05 1.111130440865173587e+05 1.111133537037731294e+05 1.111134899933668057e+05 1.111127648604618444e+05 1.111134093849763885e+05 1.111132541363944038e+05 1.111133140323158732e+05 1.111132807396382559e+05 1.111133873946479725e+05 7.239063773189401254e+05
1.111136829870669753e+05 1.111136705880118243e+05 1.111127800943324983e+05 2.222246513765341660e+05 1.041692493124114408e+05 1.873946352327933829e+00 1.847430326266207068e+00 1.111133170291260758e+05 1.111134085989851592e+05 8.931678137220586677e-01 4.530115221608771244e+05 8.594773529411765048e+05 1.111136255865621788e+05 2.043034192683798319e+05 1.111129848468579294e+05 9.027949459894835309e+04 1.918016924281156443e+00 2.150796348833261540e+00 1.111131911786729615e+05 1.111132063156043732e+05 1.111130866979311395e+05 1.910211783136295471e+00 1.111131789660473150e+05 1.111140785233046045e+05 7.239063414042375516e+05
4.530114423415999045e+05 4.530116108046882437e+05 4.530110489681070903e+05 4.124288358993469737e+05 4.391226070282656001e+05 4.530113490999615169e+05 4.530115072968445020e+05 4.530113896408485598e+05 4.530115092302485136e+05 4.530115221608771244e+05 2.623745800543103833e+05 6.641710496445316821e+05 4.530114870524329017e+05 4.530115364015625673e+05 4.530111964501645416e+05 4.530114541530743008e+05 4.530114015610234928e+05 4.530114188402839936e+05 4.530114331941145938e+05 4.530113203210395295e+05 4.530113486233861186e+05 4.530115261098187184e+05 4.530113923684018664e+05 4.530114317088472308e+05 5.275543318270539166e+05
8.594772418300653808e+05 8.594773529411763884e+05 8.594772046328336000e+05 8.594773148788928520e+05 8.455884779411763884e+05 8.594772418300652644e+05 8.594773529411765048e+05 8.594772340445984155e+05 8.594773529411763884e+05 8.594773529411765048e+05 6.641710496445316821e+05 2.492834532666176965e+05 8.594773529411765048e+05 8.594772973856208846e+05 8.594773360726644751e+05 8.594773529411765048e+05 8.594772418300653808e+05 8.594772418300653808e+05 8.594773499134948943e+05 8.594772202037678799e+05 8.594772418300653808e+05 8.594773529411765048e+05 8.594773421280276962e+05 8.594772418300653808e+05 4.633902253562412225e+05
1.919438603904599194e+00 2.090681649736180425e+00 1.111130786729055981e+05 2.222244889148460643e+05 3.472436575284368155e+04 1.111136280227621028e+05 1.111135278366219427e+05 1.111136097345708113e+05 1.667366657530533036e+00 1.111136255865621788e+05 4.530114870524329017e+05 8.594773529411765048e+05 9.572273393416983467e-01 2.043035613992184808e+05 1.111132710348592373e+05 1.111132813962581131e+05 1.111135484417986736e+05 1.111137104084792663e+05 1.111129975408272294e+05 1.111136586847202561e+05 1.111134648886240757e+05 1.111135325007542124e+05 1.111134838942159840e+05 1.111135922398569965e+05 7.239063952762915287e+05
2.043034870199105062e+05 2.043035530835630780e+05 2.043026732555443887e+05 7.654337433380984294e+04 1.904144545396950271e+05 2.043033625778142596e+05 2.043033879517859896e+05 2.043031540798737260e+05 2.043034199137778778e+05 2.043034192683798319e+05 4.530115364015625673e+05 8.594772973856208846e+05 2.043035613992185099e+05 3.006291082115654717e+04 2.043028863209233386e+05 2.043031870458000922e+05 2.043033808461471635e+05 2.043033140951242531e+05 2.043029169507370098e+05 2.043031277122410829e+05 2.043029596639501397e+05 2.043033763331611117e+05 2.043029800870365871e+05 9.319240692909946665e+04 7.239063805704091210e+05
1.111133287001119752e+05 1.111133241368532472e+05 1.245418607305230463e+00 2.222244241847705271e+05 1.111132368337543303e+05 1.111129782074726245e+05 1.111129093523496122e+05 1.639738824364362912e+00 1.111130790772082255e+05 1.111129848468579294e+05 4.530111964501645416e+05 8.594773360726642422e+05 1.111132710348592373e+05 2.043028863209233386e+05 8.141812957309646492e-01 2.083493157662817612e+04 1.111129343351738789e+05 1.111130323983627313e+05 1.594288383595022118e+00 1.882517068759650636e+00 1.728185264744314775e+00 1.111128880458221101e+05 1.719635849385282356e+00 1.111137202963535237e+05 7.239063011072365334e+05
1.111133251521555940e+05 1.111133876752669166e+05 2.083483178625762230e+04 2.222244156956072547e+05 1.098112841409401299e+05 9.027954922637961863e+04 9.027950586274047964e+04 2.083504345588013894e+04 1.111130440865173587e+05 9.027949459894835309e+04 4.530114541530743008e+05 8.594773529411765048e+05 1.111132813962581131e+05 2.043031870458001504e+05 2.083493157662817612e+04 3.385508381275268766e+04 9.027957001948288234e+04 9.027961748553921643e+04 2.083519843664150903e+04 2.083533160630467319e+04 2.083521495725156637e+04 9.027943378351551655e+04 2.083534155408596052e+04 1.111137806678179331e+05 7.239063414042375516e+05
1.111133941004254448e+05 1.111136301677434240e+05 1.111125502511186787e+05 2.222247324047407310e+05 1.041692465258450829e+05 1.620427201953522633e+00 1.691752600862613809e+00 1.111130399826647918e+05 1.111133537037731294e+05 1.918016924281156443e+00 4.530114015610233764e+05 8.594772418300652644e+05 1.111135484417986736e+05 2.043033808461471635e+05 1.111129343351738789e+05 9.027957001948288234e+04 9.822197201561742030e-01 1.774168201333065964e+00 1.111131537202543695e+05 1.111129985990208806e+05 1.111128678440952935e+05 1.902559242273096141e+00 1.111131877941380662e+05 1.111138305122570455e+05 7.239062302931265440e+05
1.111135361595430586e+05 1.111137578596755775e+05 1.111125981553337770e+05 2.222247571353224630e+05 1.041693344213069795e+05 1.788509339515272911e+00 1.837914004849148020e+00 1.111131482085034077e+05 1.111134899933668057e+05 2.150796348833261540e+00 4.530114188402839936e+05 8.594772418300653808e+05 1.111137104084792663e+05 2.043033140951242531e+05 1.111130323983627313e+05 9.027961748553921643e+04 1.774168201333065964e+00 1.014339702889712980e+00 1.111132498800125031e+05 1.111130281262380740e+05 1.111129015566320013e+05 1.855672004560150024e+00 1.111132183642813470e+05 1.111139138816963823e+05 7.239062302931265440e+05
1.111130160212654446e+05 1.111129430106028012e+05 1.326922862433547401e+00 2.222242204912885791e+05 1.111128710128982057e+05 1.111132064862118277e+05 1.111131418267178669e+05 2.016000875306170226e+00 1.111127648604618298e+05 1.111131911786729470e+05 4.530114331941145356e+05 8.594773499134947779e+05 1.111129975408272003e+05 2.043029169507370098e+05 1.594288383595021896e+00 2.083519843664150903e+04 1.111131537202543550e+05 1.111132498800124886e+05 9.329083531091285630e-01 2.007615351731914632e+00 1.796264516563213176e+00 1.111130922292679024e+05 1.696086695019559887e+00 1.111133377412066620e+05 7.239063504963074811e+05
1.111134517592927004e+05 1.111135754586912080e+05 1.313797395184259198e+00 2.222246364377219288e+05 1.111135005458788801e+05 1.111129847529690887e+05 1.111131509723386116e+05 2.063885260895839124e+00 1.111134093849763885e+05 1.111132063156043732e+05 4.530113203210395295e+05 8.594772202037678799e+05 1.111136586847202561e+05 2.043031277122410829e+05 1.882517068759650636e+00 2.083533160630467319e+04 1.111129985990208806e+05 1.111130281262380740e+05 2.007615351731914632e+00 8.921612706371132573e-01 1.682117719059634364e+00 1.111130914020887285e+05 1.801207402427324800e+00 1.111136534694659495e+05 7.239061786303045228e+05
1.111132783167522284e+05 1.111134840272398724e+05 1.189179054133760793e+00 2.222246100649709988e+05 1.111134103263540601e+05 1.111128551880139858e+05 1.111130174290153809e+05 1.821817158264204206e+00 1.111132541363944038e+05 1.111130866979311395e+05 4.530113486233861186e+05 8.594772418300652644e+05 1.111134648886240757e+05 2.043029596639501397e+05 1.728185264744314775e+00 2.083521495725156637e+04 1.111128678440952935e+05 1.111129015566320013e+05 1.796264516563213176e+00 1.682117719059634808e+00 9.956573822093216508e-01 1.111129738130837213e+05 1.715081884605130558e+00 1.111134807666000270e+05 7.239062302931265440e+05
1.111135801371659181e+05 1.111135805528924975e+05 1.111126696425365517e+05 2.222246146862376190e+05 1.041691578735655494e+05 1.812577765533523122e+00 1.782817568755556525e+00 1.111132227114668785e+05 1.111133140323158732e+05 1.910211783136295471e+00 4.530115261098187184e+05 8.594773529411765048e+05 1.111135325007542124e+05 2.043033763331611117e+05 1.111128880458221101e+05 9.027943378351551655e+04 1.902559242273095697e+00 1.855672004560150024e+00 1.111130922292679170e+05 1.111130914020887285e+05 1.111129738130837213e+05 1.009381904986131451e+00 1.111130663126586878e+05 1.111139825242139632e+05 7.239063414042375516e+05
1.111135440481593105e+05 1.111135000540160399e+05 1.377903394200318044e+00 2.222245597775439383e+05 1.111132715263123682e+05 1.111131718595110870e+05 1.111131224627645715e+05 2.112712261325141672e+00 1.111132807396382559e+05 1.111131789660473150e+05 4.530113923684018664e+05 8.594773421280276962e+05 1.111134838942159840e+05 2.043029800870365871e+05 1.719635849385282356e+00 2.083534155408596052e+04 1.111131877941380662e+05 1.111132183642813470e+05 1.696086695019559887e+00 1.801207402427324800e+00 1.715081884605130558e+00 1.111130663126586878e+05 9.816294767384846631e-01 1.111138356246854091e+05 7.239063155728266574e+05
1.111134665666842047e+05 1.111136234732103185e+05 1.111131956879350328e+05 1.111138780677453760e+05 9.722466835381704732e+04 1.111137079586339387e+05 1.111139894853468722e+05 1.111138515097126947e+05 1.111133873946479725e+05 1.111140785233046045e+05 4.530114317088472308e+05 8.594772418300652644e+05 1.111135922398569965e+05 9.319240692909946665e+04 1.111137202963535237e+05 1.111137806678179331e+05 1.111138305122570455e+05 1.111139138816963823e+05 1.111133377412066766e+05 1.111136534694659495e+05 1.111134807666000270e+05 1.111139825242139632e+05 1.111138356246854091e+05 1.386052328942281919e+00 7.239062433905296493e+05
7.239062841651804047e+05 7.239063952762915287e+05 7.239060856026486726e+05 7.239063815315781394e+05 7.100175211473481031e+05 7.239061486688025761e+05 7.239063414042376680e+05 7.239062061452835333e+05 7.239063773189401254e+05 7.239063414042376680e+05 5.275543318270539166e+05 4.633902253562412225e+05 7.239063952762915287e+05 7.239063805704091210e+05 7.239063011072366498e+05 7.239063414042376680e+05 7.239062302931266604e+05 7.239062302931266604e+05 7.239063504963074811e+05 7.239061786303047556e+05 7.239062302931266604e+05 7.239063414042376680e+05 7.239063155728267739e+05 7.239062433905296493e+05 2.433709136413907981e+05
