1.219798209866573889e+05 6.132757306110454956e+05 6.279815777492516208e+05 6.279816331084661651e+05 6.279816263910969719e+05 6.279815308028613217e+05 6.279815802002319833e+05 5.654033577652815729e+05 6.279817569286297075e+05 6.279816852146263700e+05 6.279817283760743449e+05 6.279817115255160024e+05 4.252480982853460009e+05 6.279815897499248385e+05 6.279816852146264864e+05 6.279815675675675739e+05 6.279814472563996678e+05 6.279817130687921308e+05 6.279814973968404811e+05 6.279815273063207278e+05 4.036699100742778392e+05 6.279815804580416298e+05 5.691580805713002337e+05 6.279816852146263700e+05 5.691581200588851934e+05
6.132757306110454956e+05 7.245181456751053338e+04 1.323553309181053191e+05 8.823695663312889519e+04 8.823722932948518428e+04 7.862422142068469839e+04 1.323551627970402478e+05 2.289373313426410896e+05 1.323550660709829535e+05 1.102963440669201373e+05 1.323550610240211536e+05 1.323551196486919653e+05 4.354588096053198678e+05 1.323549586363934795e+05 1.323548663682863116e+05 1.323545618437263474e+05 1.323546293803711887e+05 1.323550921161628503e+05 8.823717046095819387e+04 1.323553414157993102e+05 5.115272400826694211e+05 1.323550371488461387e+05 3.235309504319670377e+05 8.823773996543649992e+04 1.492994416273832612e+05
6.279815777492516208e+05 1.323553309181053191e+05 4.793945695716752198e+03 6.132877837512662518e+04 6.132859133180118079e+04 1.176490704913123336e+05 6.132847683097507979e+04 2.770159877267791890e+05 6.132864464626488916e+04 3.191686849721902763e+04 1.721082866141317209e+04 2.505096931869629771e+03 4.575176802596241469e+05 6.132882618605846801e+04 6.132859810806565656e+04 2.504680484656685167e+03 6.132822434170162887e+04 2.504905281153168744e+03 6.132845973801497166e+04 2.504677261733560044e+03 5.237298292424475076e+05 6.132848209417137696e+04 3.529428195859125117e+05 1.176492030387977138e+05 2.137553871949495806e+05
6.279816331084660487e+05 8.823695663312889519e+04 6.132877837512661790e+04 7.745068560124923618e-01 1.694408280930959521e+00 5.882508506724541076e+04 5.882552231763883174e+04 2.770689017454059212e+05 5.882547993652884907e+04 2.941378908228048749e+04 5.882551741494446469e+04 5.882549217363056232e+04 4.575175237840514164e+05 5.882526696016517963e+04 5.882533941361755569e+04 5.882499966832424252e+04 5.882494882579957630e+04 5.882541524341385957e+04 1.573486802023403630e+00 5.882575854705849633e+04 5.262330632938330527e+05 5.882536006390077819e+04 3.529425732977131265e+05 5.882548508699803642e+04 2.137548538444941514e+05
6.279816263910969719e+05 8.823722932948518428e+04 6.132859133180118079e+04 1.694408280930959521e+00 5.844361845882677375e-01 5.882553374625815195e+04 5.882517149220570718e+04 2.770690382530639181e+05 5.882507536169914238e+04 2.941328236925084275e+04 5.882501745230012602e+04 5.882499690600139729e+04 4.575173372253525886e+05 5.882524051339692232e+04 5.882491632352564193e+04 5.882461704588886641e+04 5.882477250778018788e+04 5.882528685795680212e+04 1.079009217334541582e+00 5.882540131449393084e+04 5.262328967157693114e+05 5.882509633400606253e+04 3.529426376982615911e+05 5.882531545051802823e+04 2.137548395077616442e+05
6.279815308028613217e+05 7.862422142068468384e+04 1.176490704913123191e+05 5.882508506724540348e+04 5.882553374625813740e+04 2.833429883382364278e+04 1.176489413186366437e+05 2.583489591695779527e+05 1.176490806364916061e+05 8.823733025039060158e+04 1.176491890526158822e+05 1.176490730231080961e+05 4.575177192569210310e+05 1.176490244194453844e+05 1.176489453014938917e+05 1.176486363419947738e+05 1.176485351275826688e+05 1.176491992907999083e+05 5.882534994022034516e+04 1.176491598621755111e+05 5.262330289398122113e+05 1.176489997514655552e+05 3.529426241508474341e+05 2.378167483052060925e+04 2.137552333632585069e+05
6.279815802002319833e+05 1.323551627970402478e+05 6.132847683097507979e+04 5.882552231763883901e+04 5.882517149220570718e+04 1.176489413186366437e+05 5.646775842364911702e-01 2.770691449844828458e+05 1.617017770784767716e+00 5.882525651300767640e+04 4.411924958039333433e+04 5.882525376612631226e+04 4.575177128293071291e+05 1.805749865702576340e+00 1.718204945879748369e+00 5.882495006559476315e+04 1.306573918252320166e+00 5.882567428981579724e+04 5.882507969684950513e+04 5.882543183778951061e+04 5.262329368722072104e+05 1.484770089308439900e+00 3.529426444196405937e+05 1.176490752752641274e+05 2.137552079687174119e+05
5.654033577652814565e+05 2.289373313426410896e+05 2.770159877267792472e+05 2.770689017454059212e+05 2.770690382530639181e+05 2.583489591695779818e+05 2.770691449844828458e+05 7.858314242543803994e+04 2.770691537716279272e+05 2.770693882301932317e+05 2.770692132511829259e+05 2.770692077540892060e+05 3.599149873167785699e+05 2.770689043073868961e+05 2.770690149274081341e+05 2.770689349803411751e+05 2.770686616008628043e+05 2.770691257907324471e+05 2.770688215971582104e+05 2.770692443778106826e+05 4.661579915989096626e+05 2.770690293508183095e+05 2.086938132707717887e+05 2.770692016588490806e+05 1.567965849031919497e+05
6.279817569286297075e+05 1.323550660709829535e+05 6.132864464626488916e+04 5.882547993652884907e+04 5.882507536169914238e+04 1.176490806364916207e+05 1.617017770784767716e+00 2.770691537716279272e+05 6.506049404069493836e-01 5.882522325273714523e+04 4.411911644047320442e+04 5.882510284470736951e+04 4.575174747283178149e+05 1.782650601462689277e+00 1.464990901740932383e+00 5.882472185350009386e+04 1.329886373297649360e+00 5.882534048276246904e+04 5.882497667888726573e+04 5.882562146676018165e+04 5.262330057221794268e+05 1.441319424522685022e+00 3.529426421281009098e+05 1.176489633114474855e+05 2.137550528244574380e+05
6.279816852146263700e+05 1.102963440669201373e+05 3.191686849721902763e+04 2.941378908228049113e+04 2.941328236925084275e+04 8.823733025039061613e+04 5.882525651300767640e+04 2.770693882301932317e+05 5.882522325273714523e+04 2.941232108609208080e+04 3.676634426916890516e+04 2.941333561857776658e+04 4.575176023382968269e+05 5.882559441817353218e+04 5.882514074669191905e+04 2.941294925948503806e+04 5.882513382462100708e+04 2.941385784538334337e+04 2.941321616258603535e+04 2.941381830314531908e+04 5.262330866059708642e+05 5.882521906978430343e+04 3.529428874345055665e+05 8.823721215477216174e+04 2.137551478615035885e+05
6.279817283760743449e+05 1.323550610240211536e+05 1.721082866141317209e+04 5.882551741494446469e+04 5.882501745230012602e+04 1.176491890526158968e+05 4.411924958039334160e+04 2.770692132511828677e+05 4.411911644047321170e+04 3.676634426916890516e+04 2.205953651694286600e+04 1.470742890488009107e+04 4.575174985725089209e+05 4.411954474648911128e+04 4.411908203769251850e+04 1.470701452119631540e+04 4.411905207139147387e+04 1.470754881196787392e+04 5.882489148332187324e+04 1.470779086914291656e+04 5.262329579672347754e+05 4.411913106759991206e+04 3.529427006705095409e+05 1.176490622596389585e+05 2.137548734747264243e+05
6.279817115255160024e+05 1.323551196486919653e+05 2.505096931869629771e+03 5.882549217363057687e+04 5.882499690600139729e+04 1.176490730231081252e+05 5.882525376612631226e+04 2.770692077540892060e+05 5.882510284470736951e+04 2.941333561857776658e+04 1.470742890488009107e+04 5.789913218743677481e-01 4.575175616246869904e+05 5.882536618388141505e+04 5.882505607258191594e+04 1.101173178077355264e+00 5.882493934143504885e+04 1.854594433276318899e+00 5.882483340917254100e+04 2.026146021612519998e+00 5.262330377160370117e+05 5.882512847740469442e+04 3.529427654254152440e+05 1.176488952824225853e+05 2.137551247543956270e+05
4.252480982853459427e+05 4.354588096053198678e+05 4.575176802596241469e+05 4.575175237840515329e+05 4.575173372253526468e+05 4.575177192569210310e+05 4.575177128293071291e+05 3.599149873167785699e+05 4.575174747283178149e+05 4.575176023382968269e+05 4.575174985725089209e+05 4.575175616246869904e+05 1.419331157049235480e+05 4.575175723319320241e+05 4.575173621717434144e+05 4.575172773867439828e+05 4.575173370985343354e+05 4.575173843376258155e+05 4.575173351235424052e+05 4.575175699263072456e+05 3.529110210479992675e+05 4.575175763128566905e+05 3.655635239024977200e+05 4.575174385212133639e+05 3.692823897577796597e+05
6.279815897499248385e+05 1.323549586363934795e+05 6.132882618605846801e+04 5.882526696016518690e+04 5.882524051339692232e+04 1.176490244194454135e+05 1.805749865702576340e+00 2.770689043073868961e+05 1.782650601462689277e+00 5.882559441817353218e+04 4.411954474648910400e+04 5.882536618388141505e+04 4.575175723319320241e+05 7.404847815537417555e-01 1.685431337344492908e+00 5.882505718870665442e+04 1.214556782377380628e+00 5.882543823346739373e+04 5.882516489316265506e+04 5.882564595671731513e+04 5.262330303772285115e+05 1.616982577707459567e+00 3.529425002378046629e+05 1.176491841674681637e+05 2.137551692366534553e+05
6.279816852146263700e+05 1.323548663682863116e+05 6.132859810806565656e+04 5.882533941361756297e+04 5.882491632352564193e+04 1.176489453014939063e+05 1.718204945879748369e+00 2.770690149274081341e+05 1.464990901740932383e+00 5.882514074669191905e+04 4.411908203769250395e+04 5.882505607258191594e+04 4.575173621717434144e+05 1.685431337344492908e+00 5.606930690925469030e-01 5.882467533761632512e+04 1.139027695627847336e+00 5.882527085498348606e+04 5.882481896752535977e+04 5.882546525757461495e+04 5.262329338329405291e+05 1.474415645861997914e+00 3.529425262664968614e+05 1.176489000935872609e+05 2.137548183489589428e+05
6.279815675675675739e+05 1.323545618437263474e+05 2.504680484656685167e+03 5.882499966832424980e+04 5.882461704588886641e+04 1.176486363419947738e+05 5.882495006559476315e+04 2.770689349803411751e+05 5.882472185350009386e+04 2.941294925948503806e+04 1.470701452119631540e+04 1.101173178077355042e+00 4.575172773867439828e+05 5.882505718870665442e+04 5.882467533761632512e+04 4.551854002251299880e-01 5.882454459025697724e+04 1.430923089574386964e+00 5.882447804114851169e+04 1.644712803990448835e+00 5.262328774494868703e+05 5.882480184200668737e+04 3.529425041754800477e+05 1.176485381050868746e+05 2.137547017433987348e+05
6.279814472563996678e+05 1.323546293803711887e+05 6.132822434170162887e+04 5.882494882579959085e+04 5.882477250778018788e+04 1.176485351275826688e+05 1.306573918252320166e+00 2.770686616008628043e+05 1.329886373297649360e+00 5.882513382462100708e+04 4.411905207139146660e+04 5.882493934143504885e+04 4.575173370985343354e+05 1.214556782377380628e+00 1.139027695627847336e+00 5.882454459025697724e+04 3.564091167609337307e-01 5.882513092767775379e+04 5.882464198830988607e+04 5.882505634892793751e+04 5.262328059411837021e+05 1.106434413515544390e+00 3.529422356956286822e+05 1.176485933944990538e+05 2.137547624121530971e+05
6.279817130687921308e+05 1.323550921161628503e+05 2.504905281153168744e+03 5.882541524341386685e+04 5.882528685795680212e+04 1.176491992907999229e+05 5.882567428981579724e+04 2.770691257907324471e+05 5.882534048276246904e+04 2.941385784538334337e+04 1.470754881196787210e+04 1.854594433276319121e+00 4.575173843376258155e+05 5.882543823346739373e+04 5.882527085498348606e+04 1.430923089574386964e+00 5.882513092767775379e+04 6.699440467814986588e-01 5.882510866301714123e+04 1.783489823242873085e+00 5.262330655591547256e+05 5.882538827221199608e+04 3.529427457306096912e+05 1.176492210599215614e+05 2.137550175333021616e+05
6.279814973968404811e+05 8.823717046095819387e+04 6.132845973801497166e+04 1.573486802023403630e+00 1.079009217334541582e+00 5.882534994022035244e+04 5.882507969684950513e+04 2.770688215971582104e+05 5.882497667888726573e+04 2.941321616258603535e+04 5.882489148332187324e+04 5.882483340917254100e+04 4.575173351235424052e+05 5.882516489316265506e+04 5.882481896752535977e+04 5.882447804114851169e+04 5.882464198830988607e+04 5.882510866301714123e+04 5.533117424958943209e-01 5.882534083467158052e+04 5.262329766246002400e+05 5.882498969055194902e+04 3.529424026770285564e+05 5.882516385360393906e+04 2.137547835931001464e+05
6.279815273063207278e+05 1.323553414157993102e+05 2.504677261733560044e+03 5.882575854705850361e+04 5.882540131449393084e+04 1.176491598621755256e+05 5.882543183778951061e+04 2.770692443778106826e+05 5.882562146676018165e+04 2.941381830314531908e+04 1.470779086914291292e+04 2.026146021612519998e+00 4.575175699263072456e+05 5.882564595671731513e+04 5.882546525757461495e+04 1.644712803990448391e+00 5.882505634892793751e+04 1.783489823242873085e+00 5.882534083467158052e+04 6.453259928606559503e-01 5.262329761267068097e+05 5.882536797246981587e+04 3.529428121196753928e+05 1.176493015230900346e+05 2.137554104598678532e+05
4.036699100742777810e+05 5.115272400826694793e+05 5.237298292424475076e+05 5.262330632938329363e+05 5.262328967157693114e+05 5.262330289398122113e+05 5.262329368722072104e+05 4.661579915989096626e+05 5.262330057221794268e+05 5.262330866059708642e+05 5.262329579672347754e+05 5.262330377160370117e+05 3.529110210479992675e+05 5.262330303772285115e+05 5.262329338329405291e+05 5.262328774494868703e+05 5.262328059411837021e+05 5.262330655591547256e+05 5.262329766246002400e+05 5.262329761267068097e+05 1.212004373410593980e+05 5.262329428582577966e+05 4.085862532990478794e+05 5.262329936851483071e+05 4.674096888303799205e+05
6.279815804580416298e+05 1.323550371488461387e+05 6.132848209417137696e+04 5.882536006390078546e+04 5.882509633400606253e+04 1.176489997514655697e+05 1.484770089308439900e+00 2.770690293508183095e+05 1.441319424522685022e+00 5.882521906978430343e+04 4.411913106759990478e+04 5.882512847740469442e+04 4.575175763128566905e+05 1.616982577707459789e+00 1.474415645861997914e+00 5.882480184200668737e+04 1.106434413515544390e+00 5.882538827221199608e+04 5.882498969055194902e+04 5.882536797246981587e+04 5.262329428582577966e+05 6.194625808685150226e-01 3.529425928191735293e+05 1.176491223764176975e+05 2.137551311996746808e+05
5.691580805713001173e+05 3.235309504319670377e+05 3.529428195859125117e+05 3.529425732977131265e+05 3.529426376982615911e+05 3.529426241508474341e+05 3.529426444196405937e+05 2.086938132707717887e+05 3.529426421281009098e+05 3.529428874345055665e+05 3.529427006705095409e+05 3.529427654254152440e+05 3.655635239024977200e+05 3.529425002378046629e+05 3.529425262664968614e+05 3.529425041754801641e+05 3.529422356956286822e+05 3.529427457306096912e+05 3.529424026770285564e+05 3.529428121196754510e+05 4.085862532990478794e+05 3.529425928191735293e+05 5.213214756190850312e+04 3.529428750786878518e+05 2.352956952260945400e+05
6.279816852146263700e+05 8.823773996543651447e+04 1.176492030387977138e+05 5.882548508699803642e+04 5.882531545051803550e+04 2.378167483052060561e+04 1.176490752752641420e+05 2.770692016588490806e+05 1.176489633114474855e+05 8.823721215477216174e+04 1.176490622596389585e+05 1.176488952824225853e+05 4.575174385212133639e+05 1.176491841674681637e+05 1.176489000935872609e+05 1.176485381050868746e+05 1.176485933944990538e+05 1.176492210599215759e+05 5.882516385360393906e+04 1.176493015230900346e+05 5.262329936851483071e+05 1.176491223764176975e+05 3.529428750786878518e+05 6.040713350713895480e-01 2.137551461071023659e+05
5.691581200588851934e+05 1.492994416273832612e+05 2.137553871949495806e+05 2.137548538444941514e+05 2.137548395077616733e+05 2.137552333632585069e+05 2.137552079687174410e+05 1.567965849031919497e+05 2.137550528244574380e+05 2.137551478615035885e+05 2.137548734747264243e+05 2.137551247543956852e+05 3.692823897577797179e+05 2.137551692366534553e+05 2.137548183489589428e+05 2.137547017433987348e+05 2.137547624121530971e+05 2.137550175333021616e+05 2.137547835931001464e+05 2.137554104598678532e+05 4.674096888303799205e+05 2.137551311996746808e+05 2.352956952260945400e+05 2.137551461071023368e+05 2.730634846709384146e+04
