4.935481478920825116e-01 4.230780171343115508e+05 1.621620893679718289e+00 2.973969851673453231e+05 1.420722262332868580e+00 1.538477042149322806e+05 7.692466861182442517e+04 7.692473408916733752e+04 7.692471433590770175e+04 1.311527120778680722e+00 4.615393935808109818e+05 4.615394334868120495e+05 7.331384611401194906e-01 1.326708175620697983e+00 7.692466673777636606e+04 1.538479292668504640e+05 1.369296535872293497e+00 1.008380119194900448e+00 2.078289643712462275e+05 1.010573588630852755e+05 1.613827852437721422e+00 2.307708921395629295e+05 1.168867340210166139e+00 1.538476903753406368e+05 2.197969377964150772e+04
4.230780171343115508e+05 1.545172270984963397e+05 4.230781086329839309e+05 3.148182179997112253e+05 4.230780707214378635e+05 4.230785357305411599e+05 4.230784900880836649e+05 4.230784287423944334e+05 4.230785384615379735e+05 4.230780316008118098e+05 3.332220457338938722e+05 3.332220794824337936e+05 4.230780795402817894e+05 4.230779959604001488e+05 4.230786249999994761e+05 4.230785264423072222e+05 4.230780743036269560e+05 4.230781316865197732e+05 4.230784903846149100e+05 4.230783757396445144e+05 4.230784092014674679e+05 4.217182022336078226e+05 4.230780491564408876e+05 4.230783693293880788e+05 4.230782934483335121e+05
1.621620893679718289e+00 4.230781086329839309e+05 6.669014258917606019e-01 2.973975214854843216e+05 1.698342764874672284e+00 1.538483589743589982e+05 7.692516388975398149e+04 7.692530442916812899e+04 7.692523995234479662e+04 1.716950007914524567e+00 4.615396875000000582e+05 4.615396799802761525e+05 1.311880712687782280e+00 1.856589607358315019e+00 7.692525596248112561e+04 1.538482686276705645e+05 1.638771053293112567e+00 1.518276678999350038e+00 2.078293651411338360e+05 1.010580330715997407e+05 1.947026930021948266e+00 2.307713495707606780e+05 1.501499952238704472e+00 1.538479625797108165e+05 2.197982309754812013e+04
2.973969851673453231e+05 3.148182179997111671e+05 2.973975214854843216e+05 1.256780340678251960e+05 2.973973339854843798e+05 2.699247614605935523e+05 2.919029344528832007e+05 2.919029562243524124e+05 2.919028593980018632e+05 2.973970624071240309e+05 4.175538979183110641e+05 4.175542430798867135e+05 2.973970534331113449e+05 2.973970174254165613e+05 2.919027769315592595e+05 2.699250748900634353e+05 2.973972949536790838e+05 2.973971187313311966e+05 2.670837820121729746e+05 2.919029721398128313e+05 2.973974791265858803e+05 2.645159045915660681e+05 2.973970286259030690e+05 2.699250225061132223e+05 2.958277541926685371e+05
1.420722262332868580e+00 4.230780707214378635e+05 1.698342764874672062e+00 2.973973339854843216e+05 5.643252549828632336e-01 1.538481462757771951e+05 7.692527470839778834e+04 7.692525141337767127e+04 7.692511479915853124e+04 1.420121656924676401e+00 4.615393962221211405e+05 4.615394923190714908e+05 1.085665827695324159e+00 1.523361356181725190e+00 7.692509615384614153e+04 1.538482997775103140e+05 1.465389136109589874e+00 1.570165574324807300e+00 2.078292464574899932e+05 1.010579101112211792e+05 1.995010129025801771e+00 2.307711457342055219e+05 1.557958612252198671e+00 1.538482115384614735e+05 2.198007011248285926e+04
1.538477042149322806e+05 4.230785357305411599e+05 1.538483589743589982e+05 2.699247614605935523e+05 1.538481462757771951e+05 7.486689225315821261e-01 1.538481780885572080e+05 1.538482421076517785e+05 1.538481234161061293e+05 1.538479828235189489e+05 4.615399186390532413e+05 4.615400334703375702e+05 1.538476682830521604e+05 1.538481512353124272e+05 1.538479967386414646e+05 6.636738296091959637e+04 1.538482551667507214e+05 1.538478102093921043e+05 1.309063572710166191e+05 1.297152672656875075e+05 1.538482696814903757e+05 1.538480272262164217e+05 1.538480737169807253e+05 2.173660283169369212e+00 1.538482678305418231e+05
7.692466861182442517e+04 4.230784900880836649e+05 7.692516388975398149e+04 2.919029344528832007e+05 7.692527470839778834e+04 1.538481780885572080e+05 6.151355771991784405e-01 2.034389079470155792e+00 1.862424091710055407e+00 7.692517341477471928e+04 4.615398776111790794e+05 4.615400359581247903e+05 7.692458770828825072e+04 7.692527751669159625e+04 1.900598241328700366e+00 1.538486197600866726e+05 7.692519567998485581e+04 7.692493545532147982e+04 2.078294229331567185e+05 2.413513143762833352e+04 7.692536152803404548e+04 2.307712869581019040e+05 7.692502352948099724e+04 1.538478216941201536e+05 5.494714443090666464e+04
7.692473408916733752e+04 4.230784287423944334e+05 7.692530442916812899e+04 2.919029562243524124e+05 7.692525141337767127e+04 1.538482421076517785e+05 2.034389079470155792e+00 7.870325283216813572e-01 2.296764491998148916e+00 7.692523481217701919e+04 4.615398831809380208e+05 4.615398185025034472e+05 7.692456459719735722e+04 7.692530297085418715e+04 1.616399578045503604e+00 1.538482879274000297e+05 7.692540833478361310e+04 7.692493979246338131e+04 2.078297079711889673e+05 2.413492037522715691e+04 7.692515944425108319e+04 2.307714856760506518e+05 7.692510507488207077e+04 1.538483330803453282e+05 5.494699738347451057e+04
7.692471433590770175e+04 4.230785384615379735e+05 7.692523995234479662e+04 2.919028593980018049e+05 7.692511479915853124e+04 1.538481234161061293e+05 1.862424091710055629e+00 2.296764491998149360e+00 6.640654543046049518e-01 7.692522254077588150e+04 4.615398076923076878e+05 4.615397248520709691e+05 7.692456402664972120e+04 7.692522161983365368e+04 1.879895201364699453e+00 1.538487271035814483e+05 7.692533595300468733e+04 7.692486597700238053e+04 2.078294197328723676e+05 2.413473213746927649e+04 7.692533416000468424e+04 2.307713152111264062e+05 7.692496283713655430e+04 1.538480444657397456e+05 5.494722669629776647e+04
1.311527120778680722e+00 4.230780316008118098e+05 1.716950007914524345e+00 2.973970624071240309e+05 1.420121656924676401e+00 1.538479828235189489e+05 7.692517341477471928e+04 7.692523481217701919e+04 7.692522254077588150e+04 5.122394766211245676e-01 4.615394819845033926e+05 4.615395477821928216e+05 1.003882311347273903e+00 1.245870430423367869e+00 7.692498274161735026e+04 1.538479852975884569e+05 1.510040512671156021e+00 1.356395226093713990e+00 2.078288601962287212e+05 1.010579660633484455e+05 1.850992606809910956e+00 2.307710618233716232e+05 1.344887959676835498e+00 1.538478531441626255e+05 2.197997149770653050e+04
4.615393935808109818e+05 3.332220457338938722e+05 4.615396875000000582e+05 4.175538979183110641e+05 4.615393962221211405e+05 4.615399186390532413e+05 4.615398776111790794e+05 4.615398831809380208e+05 4.615398076923076878e+05 4.615394819845033926e+05 8.424777128791189170e+04 3.028226642084745690e+05 4.615395355029585771e+05 4.615394467455621925e+05 4.615397692307692487e+05 4.615399423076923704e+05 4.615394469435752835e+05 4.615394646429174463e+05 4.615399423076923704e+05 4.615399230769230635e+05 4.615398269230769365e+05 4.601792503105314099e+05 4.615394384095634450e+05 4.615399439102563192e+05 4.615400688318256289e+05
4.615394334868120495e+05 3.332220794824337936e+05 4.615396799802761525e+05 4.175542430798867135e+05 4.615394923190714908e+05 4.615400334703375702e+05 4.615400359581247903e+05 4.615398185025034472e+05 4.615397248520709691e+05 4.615395477821928216e+05 3.028226642084745690e+05 8.424769957086346403e+04 4.615395468977385899e+05 4.615394494765590061e+05 4.615400325443787733e+05 4.615399741810417618e+05 4.615395384615385556e+05 4.615395613305613515e+05 4.615400673076923122e+05 4.615396597633136553e+05 4.615398402366864029e+05 4.601793464643775369e+05 4.615394922037422075e+05 4.615399825517985155e+05 4.615398834462161176e+05
7.331384611401194906e-01 4.230780795402817894e+05 1.311880712687782280e+00 2.973970534331113449e+05 1.085665827695323937e+00 1.538476682830521604e+05 7.692458770828825072e+04 7.692456459719735722e+04 7.692456402664972120e+04 1.003882311347273459e+00 4.615395355029585771e+05 4.615395468977385899e+05 2.619603224730202573e-01 1.169940831311598872e+00 7.692439123017739621e+04 1.538476651202364592e+05 1.239794807429175139e+00 8.207509467646126877e-01 2.078287605516308977e+05 1.010573901537700149e+05 1.229286739955401275e+00 2.307708598014333984e+05 9.217250500987972384e-01 1.538476378674754815e+05 2.197931664063814605e+04
1.326708175620697983e+00 4.230779959604001488e+05 1.856589607358315241e+00 2.973970174254165613e+05 1.523361356181725190e+00 1.538481512353124272e+05 7.692527751669159625e+04 7.692530297085418715e+04 7.692522161983365368e+04 1.245870430423367869e+00 4.615394467455621925e+05 4.615394494765590061e+05 1.169940831311598872e+00 6.102127803362625835e-01 7.692516637783177430e+04 1.538480715176460508e+05 1.417004074761301968e+00 1.459423616560421078e+00 2.078290303064022737e+05 1.010579155680663389e+05 2.042742944924897497e+00 2.307711091963530635e+05 1.394630867742639779e+00 1.538480360941971012e+05 2.198014729719012394e+04
7.692466673777636606e+04 4.230786249999994761e+05 7.692525596248112561e+04 2.919027769315592595e+05 7.692509615384614153e+04 1.538479967386414646e+05 1.900598241328700366e+00 1.616399578045503382e+00 1.879895201364699453e+00 7.692498274161735026e+04 4.615397692307692487e+05 4.615400325443787733e+05 7.692439123017739621e+04 7.692516637783177430e+04 7.752573585446620452e-01 1.538483582001318573e+05 7.692526923076923413e+04 7.692470421062994865e+04 2.078294570300478372e+05 2.413498455592450046e+04 7.692505769230767328e+04 2.307712705318198714e+05 7.692487671246974787e+04 1.538482561200065829e+05 5.494688070804032031e+04
1.538479292668504640e+05 4.230785264423072222e+05 1.538482686276705645e+05 2.699250748900634353e+05 1.538482997775103140e+05 6.636738296091959637e+04 1.538486197600866726e+05 1.538482879274000297e+05 1.538487271035814483e+05 1.538479852975884569e+05 4.615399423076923704e+05 4.615399741810417618e+05 1.538476651202364592e+05 1.538480715176460508e+05 1.538483582001318573e+05 1.821871740765845243e+04 1.538482063321725000e+05 1.538476924840415886e+05 6.454125283624570147e+04 1.505360831252739008e+05 1.538480297454590327e+05 1.473422401143317402e+05 1.538479177420782798e+05 6.636746360066851776e+04 1.538481582133396296e+05
1.369296535872293497e+00 4.230780743036269560e+05 1.638771053293112345e+00 2.973972949536790838e+05 1.465389136109589874e+00 1.538482551667507214e+05 7.692519567998485581e+04 7.692540833478361310e+04 7.692533595300468733e+04 1.510040512671156021e+00 4.615394469435752253e+05 4.615395384615384974e+05 1.239794807429175361e+00 1.417004074761301968e+00 7.692526923076923413e+04 1.538482063321725000e+05 7.064170466998653808e-01 1.486369665800336248e+00 2.078292205699160404e+05 1.010579788838612876e+05 1.975274725274725141e+00 2.307711871543238813e+05 1.566198314213241405e+00 1.538480181666853605e+05 2.198012099747817410e+04
1.008380119194900448e+00 4.230781316865197732e+05 1.518276678999350038e+00 2.973971187313311966e+05 1.570165574324807300e+00 1.538478102093921043e+05 7.692493545532147982e+04 7.692493979246338131e+04 7.692486597700238053e+04 1.356395226093714212e+00 4.615394646429174463e+05 4.615395613305613515e+05 8.207509467646126877e-01 1.459423616560421078e+00 7.692470421062994865e+04 1.538476924840415886e+05 1.486369665800336248e+00 5.717546498868462113e-01 2.078287821195975121e+05 1.010576722257777437e+05 1.671751071335559224e+00 2.307707817778087046e+05 1.067457930198775662e+00 1.538478269230768492e+05 2.197966627491740292e+04
2.078289643712462275e+05 4.230784903846149100e+05 2.078293651411338360e+05 2.670837820121729746e+05 2.078292464574900223e+05 1.309063572710166336e+05 2.078294229331567476e+05 2.078297079711889673e+05 2.078294197328723676e+05 2.078288601962287503e+05 4.615399423076923704e+05 4.615400673076923122e+05 2.078287605516308977e+05 2.078290303064022737e+05 2.078294570300478372e+05 6.454125283624571603e+04 2.078292205699160404e+05 2.078287821195975412e+05 3.220016661598758947e+04 2.078295445344130858e+05 2.078293753449599608e+05 9.232580815712136973e+04 2.078289537930588704e+05 1.309065059105418914e+05 2.078292696088792291e+05
1.010573588630853046e+05 4.230783757396445144e+05 1.010580330715997407e+05 2.919029721398127731e+05 1.010579101112211792e+05 1.297152672656875075e+05 2.413513143762833715e+04 2.413492037522715691e+04 2.413473213746928013e+04 1.010579660633484455e+05 4.615399230769230635e+05 4.615396597633136553e+05 1.010573901537700149e+05 1.010579155680663389e+05 2.413498455592450409e+04 1.505360831252739008e+05 1.010579788838612876e+05 1.010576722257777437e+05 2.078295445344130858e+05 3.312393991781419754e+04 1.010579225907935470e+05 2.307715177273326553e+05 1.010577695561391447e+05 1.297154081952083216e+05 7.907971989842053154e+04
1.613827852437721422e+00 4.230784092014673515e+05 1.947026930021948266e+00 2.973974791265858221e+05 1.995010129025801771e+00 1.538482696814903757e+05 7.692536152803404548e+04 7.692515944425108319e+04 7.692533416000468424e+04 1.850992606809910956e+00 4.615398269230769365e+05 4.615398402366864029e+05 1.229286739955401275e+00 2.042742944924897941e+00 7.692505769230767328e+04 1.538480297454590327e+05 1.975274725274725585e+00 1.671751071335559446e+00 2.078293753449599608e+05 1.010579225907935324e+05 7.928867024188327450e-01 2.307715523848465236e+05 1.719351901368869617e+00 1.538481798878204718e+05 2.197987541676183901e+04
2.307708921395629295e+05 4.217182022336077644e+05 2.307713495707606780e+05 2.645159045915660681e+05 2.307711457342055510e+05 1.538480272262164217e+05 2.307712869581019040e+05 2.307714856760506518e+05 2.307713152111264062e+05 2.307710618233716232e+05 4.601792503105312935e+05 4.601793464643775369e+05 2.307708598014333984e+05 2.307711091963530926e+05 2.307712705318198714e+05 1.473422401143317402e+05 2.307711871543238813e+05 2.307707817778087046e+05 9.232580815712136973e+04 2.307715177273326553e+05 2.307715523848465818e+05 1.360505689037896991e+04 2.307710893424802052e+05 1.538484588581419084e+05 2.307715353804037441e+05
1.168867340210165917e+00 4.230780491564408876e+05 1.501499952238704472e+00 2.973970286259030690e+05 1.557958612252198671e+00 1.538480737169807253e+05 7.692502352948099724e+04 7.692510507488207077e+04 7.692496283713655430e+04 1.344887959676835720e+00 4.615394384095634450e+05 4.615394922037422075e+05 9.217250500987972384e-01 1.394630867742640001e+00 7.692487671246974787e+04 1.538479177420782798e+05 1.566198314213241405e+00 1.067457930198775884e+00 2.078289537930588413e+05 1.010577695561391447e+05 1.719351901368869617e+00 2.307710893424802052e+05 5.935496602421344026e-01 1.538479830448951398e+05 2.197973202662513722e+04
1.538476903753406368e+05 4.230783693293880788e+05 1.538479625797108165e+05 2.699250225061132223e+05 1.538482115384614735e+05 2.173660283169369212e+00 1.538478216941201536e+05 1.538483330803453282e+05 1.538480444657397456e+05 1.538478531441626546e+05 4.615399439102563192e+05 4.615399825517985155e+05 1.538476378674755106e+05 1.538480360941971012e+05 1.538482561200065829e+05 6.636746360066851776e+04 1.538480181666853605e+05 1.538478269230768783e+05 1.309065059105418768e+05 1.297154081952083507e+05 1.538481798878204718e+05 1.538484588581419084e+05 1.538479830448951689e+05 1.022186856087495821e+00 1.538480370078378182e+05
2.197969377964150408e+04 4.230782934483335121e+05 2.197982309754812013e+04 2.958277541926685371e+05 2.198007011248286290e+04 1.538482678305418231e+05 5.494714443090666464e+04 5.494699738347451057e+04 5.494722669629776647e+04 2.197997149770653778e+04 4.615400688318256289e+05 4.615398834462161176e+05 2.197931664063814605e+04 2.198014729719012757e+04 5.494688070804032031e+04 1.538481582133396296e+05 2.198012099747817774e+04 2.197966627491740292e+04 2.078292696088792000e+05 7.907971989842053154e+04 2.197987541676184264e+04 2.307715353804037441e+05 2.197973202662514086e+04 1.538480370078377891e+05 3.139783326590725846e+04
