1.572999238774464757e+05 6.470595974736048374e+05 6.470596048265459249e+05 5.882364470446832711e+05 5.384622934843561379e+05 5.882359430618400220e+05 5.967045147496060235e+05 6.470598808156398591e+05 3.863494336564323748e+05 6.470596636500754394e+05 6.470595058682127856e+05 6.470596636500754394e+05 6.470594871794871287e+05 6.470595258670281619e+05 6.470595023929689778e+05 3.193097669235874782e+05 6.470595386500753229e+05 6.470595974736048374e+05 6.470595225537332008e+05 6.470597739441926824e+05 6.470595142248714110e+05 6.470594242298990721e+05 6.470598137254902394e+05 6.470595136967262952e+05 6.470598548265459249e+05
6.470595974736047210e+05 6.943175360670921226e-01 2.941193250301348744e+05 2.941191649553768802e+05 4.615399441930619651e+05 2.533952456372010056e+05 2.422885812013046234e+05 2.941191977473295992e+05 5.920071221719451714e+05 2.941194219452987309e+05 2.941192680353132891e+05 2.941193723760069115e+05 2.941191575933400891e+05 2.941194525082759792e+05 2.941194132925897138e+05 6.847668859351432184e+05 2.941190113710431033e+05 2.941191108841829118e+05 2.941189168805334484e+05 1.148481270023629186e+05 2.941191330481241457e+05 2.941192062790151103e+05 2.941192967920756782e+05 2.941189946277834824e+05 1.357287990724954288e+05
6.470596048265459249e+05 2.941193250301348744e+05 2.774541688467263521e+04 2.549038481066425156e+05 5.294130120663649868e+05 2.941193854950789828e+05 3.866733334151914460e+05 1.764723322791480750e+05 5.920071221719451714e+05 3.641633989214411122e+04 1.176489437634556671e+05 1.003085508443096624e+05 3.641642616427483154e+04 1.176489877769288141e+05 1.176489358974357601e+05 6.847669236425339477e+05 1.176488961381771078e+05 1.176488229711463646e+05 1.176485243905430689e+05 2.941196463861441007e+05 1.176488163416669704e+05 1.176488270944740070e+05 8.674634495049863472e+04 1.176487177053150663e+05 2.352958340716878884e+05
5.882364470446832711e+05 2.941191649553768802e+05 2.549038481066425156e+05 4.922045912489638431e+04 5.294132400075414917e+05 1.121545754474008427e+05 3.866733439548229217e+05 1.246514114518007555e+05 5.331834906359974993e+05 2.549038046742159058e+05 2.549037634935002134e+05 2.549035758334804268e+05 2.549037206151166756e+05 2.549037691770924721e+05 2.549038137254903850e+05 6.259437290723982733e+05 2.549035701357467624e+05 2.549035575842544786e+05 2.549033273394595017e+05 2.843155836268545827e+05 2.549035254626252863e+05 2.549037393161971413e+05 1.979373591541192436e+05 2.549033959661667468e+05 1.901046163577623374e+05
5.384622934843560215e+05 4.615399441930619651e+05 5.294130120663649868e+05 5.294132400075414917e+05 8.392324300195276737e+04 5.231477903469080338e+05 3.352323534902676474e+05 5.294132997930928832e+05 4.222860829077662202e+05 5.294128944193063071e+05 5.294128543866265099e+05 5.294129049773756415e+05 5.294129909502263181e+05 5.294126983408749802e+05 5.294126177340759896e+05 5.761695918174961116e+05 5.294128776926945429e+05 5.294127914974669693e+05 5.294126678704026854e+05 4.615395851534397807e+05 5.294127433383610332e+05 5.294126629732761066e+05 5.294132030784701928e+05 5.294127964477704372e+05 4.705897487817611545e+05
5.882359430618400220e+05 2.533952456372009474e+05 2.941193854950789828e+05 1.121545754474008427e+05 5.231477903469080338e+05 4.140169781139903353e+04 3.410474035119142500e+05 2.171966019164728641e+05 5.331837931278275792e+05 2.941194283465938643e+05 2.941194538951281575e+05 2.941195856248109485e+05 2.941193148247209610e+05 2.941194938897275133e+05 2.941194458923129714e+05 6.259432388763198396e+05 2.941190618910497287e+05 2.941192827868129243e+05 2.941190257646235405e+05 2.533955800764195446e+05 2.941190431583818281e+05 2.941192755916034221e+05 2.629832117135743028e+05 2.941190356846007053e+05 2.733460023177834810e+05
5.967045147496060235e+05 2.422885812013046525e+05 3.866733334151914460e+05 3.866733439548229217e+05 3.352323534902676474e+05 3.410474035119142500e+05 2.132024304688555421e+05 3.866733334620755631e+05 5.123964256599917426e+05 3.866732113473564386e+05 3.866730742287650355e+05 3.866729292869472993e+05 3.866732583221188979e+05 3.866728518683332368e+05 3.866728766294774250e+05 6.515764945159053896e+05 3.866730254328003502e+05 3.866729582451898605e+05 3.866728154248546343e+05 2.289492604047143832e+05 3.866728113629560685e+05 3.866729189889924601e+05 3.866733000820957241e+05 3.866729480780682643e+05 3.023272341266744188e+05
6.470598808156398591e+05 2.941191977473295992e+05 1.764723322791480750e+05 1.246514114518007555e+05 5.294132997930928832e+05 2.171966019164728641e+05 3.866733334620755631e+05 7.206326837432649457e-01 5.920070369725795463e+05 1.764724309125409345e+05 2.352959321364908828e+05 2.352957379704945488e+05 1.764722994210090546e+05 2.352959708428825543e+05 2.352960104227094853e+05 6.847671800527904416e+05 2.352957596975673514e+05 2.352957289584472601e+05 2.352955072626207548e+05 2.941193734100297443e+05 2.352956622964767448e+05 2.352959009649224463e+05 1.052000565585344011e+05 2.352956432392515417e+05 1.583921915067822265e+05
3.863494336564323166e+05 5.920071221719451714e+05 5.920071221719450550e+05 5.331834906359974993e+05 4.222860829077662202e+05 5.331837931278275792e+05 5.123964256599917426e+05 5.920070369725795463e+05 2.146548612869856588e+05 5.920070339366511907e+05 5.920068898315732367e+05 5.920068032447688747e+05 5.920071876281079603e+05 5.920067926093509886e+05 5.920067644351621857e+05 4.232202480937825749e+05 5.920068955601960188e+05 5.920068716981856851e+05 5.920067648074018070e+05 5.920070186180233723e+05 5.920069402579567395e+05 5.920068372877746588e+05 5.920070217445949093e+05 5.920069463008078746e+05 5.920070757048378000e+05
6.470596636500754394e+05 2.941194219452987309e+05 3.641633989214410394e+04 2.549038046742159058e+05 5.294128944193063071e+05 2.941194283465938643e+05 3.866732113473564386e+05 1.764724309125409345e+05 5.920070339366511907e+05 7.889714664192933880e-01 1.176488044424380787e+05 1.176488950191797048e+05 1.580757734593227992e+00 1.176489280621339276e+05 1.176489366515836882e+05 6.847669824660633458e+05 1.176487978930946119e+05 1.176486738390525861e+05 1.176484557511900930e+05 2.941195329898318159e+05 1.176487160531109257e+05 1.176490336336060282e+05 1.118899577685366239e+05 1.176486806358586182e+05 2.352958703709371330e+05
6.470595058682125527e+05 2.941192680353132891e+05 1.176489437634556671e+05 2.549037634935002134e+05 5.294128543866265099e+05 2.941194538951281575e+05 3.866730742287649773e+05 2.352959321364908828e+05 5.920068898315732367e+05 1.176488044424380787e+05 7.877200292603785403e-01 2.801288845394203236e+04 1.176488113246651919e+05 1.430847716350353904e+00 5.882509665497901005e+04 6.847668256033182843e+05 5.882507766592381086e+04 1.434194395736994698e+00 5.882475814081173303e+04 2.941196196410333505e+05 5.882515923218114040e+04 5.882494982668774173e+04 1.707135012812496279e+05 1.510920007379841001e+00 2.352959162051184103e+05
6.470596636500753229e+05 2.941193723760069115e+05 1.003085508443096624e+05 2.549035758334804559e+05 5.294129049773756415e+05 2.941195856248109485e+05 3.866729292869472993e+05 2.352957379704945779e+05 5.920068032447688747e+05 1.176488950191797048e+05 2.801288845394203599e+04 2.934581833957117124e+04 1.176488969091129693e+05 2.801280585101178076e+04 8.683641774364402227e+04 6.847669824660633458e+05 8.683657442356539832e+04 2.801280638493712831e+04 8.683616605185967637e+04 2.941193334702064167e+05 8.683648785477974161e+04 8.683651122896712332e+04 1.513722832664815651e+05 2.801283969828575573e+04 2.352957298802508158e+05
6.470594871794871287e+05 2.941191575933400891e+05 3.641642616427482426e+04 2.549037206151166756e+05 5.294129909502263181e+05 2.941193148247209610e+05 3.866732583221188979e+05 1.764722994210090546e+05 5.920071876281079603e+05 1.580757734593227992e+00 1.176488113246651919e+05 1.176488969091129693e+05 6.383416774253461989e-01 1.176490736016039300e+05 1.176489805867756077e+05 6.847668059954751516e+05 1.176487163256471104e+05 1.176486035294438188e+05 1.176485441015813703e+05 2.941194033684332389e+05 1.176486050302543736e+05 1.176488841530341742e+05 1.118900181326641177e+05 1.176486020502822939e+05 2.352959111040669086e+05
6.470595258670281619e+05 2.941194525082759792e+05 1.176489877769288141e+05 2.549037691770924721e+05 5.294126983408749802e+05 2.941194938897275133e+05 3.866728518683332368e+05 2.352959708428825543e+05 5.920067926093509886e+05 1.176489280621339276e+05 1.430847716350353904e+00 2.801280585101178076e+04 1.176490736016039300e+05 6.719949612154043628e-01 5.882507972756410163e+04 6.847668580788084073e+05 5.882538242270146293e+04 1.781878052844995119e+00 5.882493409367783170e+04 2.941194033042852534e+05 5.882530419580418675e+04 5.882520955882352428e+04 1.707135670441922266e+05 1.452647560169154861e+00 2.352959365291570721e+05
6.470595023929689778e+05 2.941194132925897138e+05 1.176489358974357601e+05 2.549038137254903850e+05 5.294126177340759896e+05 2.941194458923129714e+05 3.866728766294774250e+05 2.352960104227094853e+05 5.920067644351621857e+05 1.176489366515836882e+05 5.882509665497901005e+04 8.683641774364402227e+04 1.176489805867756077e+05 5.882507972756410163e+04 6.725634017436545875e-01 6.847668377470317064e+05 1.678220597903856026e+00 5.882503985898759856e+04 1.190571196359316186e+00 2.941194331257787417e+05 1.521948827815049032e+00 1.338554232919762388e+00 1.707135603634672880e+05 5.882496525988110807e+04 2.352959852941175923e+05
3.193097669235874782e+05 6.847668859351432184e+05 6.847669236425338313e+05 6.259437290723982733e+05 5.761695918174961116e+05 6.259432388763198396e+05 6.515764945159053896e+05 6.847671800527904416e+05 4.232202480937825749e+05 6.847669824660633458e+05 6.847668256033182843e+05 6.847669824660633458e+05 6.847668059954750352e+05 6.847668580788085237e+05 6.847668377470317064e+05 1.759647169475754781e+05 6.847668648190044332e+05 6.847669236425340641e+05 6.847668580510114552e+05 6.847670624057311798e+05 6.847668372454752680e+05 6.847667441082200967e+05 6.847671243232006673e+05 6.847668501131223748e+05 6.847671359351433348e+05
6.470595386500753229e+05 2.941190113710431033e+05 1.176488961381770932e+05 2.549035701357467624e+05 5.294128776926945429e+05 2.941190618910497287e+05 3.866730254328003502e+05 2.352957596975673514e+05 5.920068955601960188e+05 1.176487978930946119e+05 5.882507766592381086e+04 8.683657442356539832e+04 1.176487163256471104e+05 5.882538242270146293e+04 1.678220597903856026e+00 6.847668648190045496e+05 6.692057163831928168e-01 5.882492180484798882e+04 1.035748207477402927e+00 2.941193710921391030e+05 1.294115370127972842e+00 1.465724897766170098e+00 1.707134179215111071e+05 5.882491197909112816e+04 2.352957073501383129e+05
6.470595974736048374e+05 2.941191108841829700e+05 1.176488229711463500e+05 2.549035575842544786e+05 5.294127914974669693e+05 2.941192827868129243e+05 3.866729582451898605e+05 2.352957289584472601e+05 5.920068716981856851e+05 1.176486738390525861e+05 1.434194395736994698e+00 2.801280638493712831e+04 1.176486035294438188e+05 1.781878052844995342e+00 5.882503985898759856e+04 6.847669236425340641e+05 5.882492180484798882e+04 6.919922805108367214e-01 5.882449476474725816e+04 2.941193162696686923e+05 5.882492469052759407e+04 5.882500903385734273e+04 1.707133222627042851e+05 1.316211963848112676e+00 2.352957076489372703e+05
6.470595225537332008e+05 2.941189168805334484e+05 1.176485243905430689e+05 2.549033273394595017e+05 5.294126678704026854e+05 2.941190257646235405e+05 3.866728154248546343e+05 2.352955072626207548e+05 5.920067648074018070e+05 1.176484557511900930e+05 5.882475814081173303e+04 8.683616605185967637e+04 1.176485441015813703e+05 5.882493409367783170e+04 1.190571196359315964e+00 6.847668580510115717e+05 1.035748207477402927e+00 5.882449476474725816e+04 5.180527995246857476e-01 2.941191378802256077e+05 1.014865190708811094e+00 1.147184303464792610e+00 1.707130794784815807e+05 5.882448427816598269e+04 2.352954876225793851e+05
6.470597739441924496e+05 1.148481270023629186e+05 2.941196463861440425e+05 2.843155836268545827e+05 4.615395851534397807e+05 2.533955800764196320e+05 2.289492604047143250e+05 2.941193734100298025e+05 5.920070186180232558e+05 2.941195329898318159e+05 2.941196196410333505e+05 2.941193334702064167e+05 2.941194033684332389e+05 2.941194033042852534e+05 2.941194331257787417e+05 6.847670624057311798e+05 2.941193710921391030e+05 2.941193162696686340e+05 2.941191378802256077e+05 3.474826271695226751e+04 2.941191280126006459e+05 2.941194912962793023e+05 2.941195433931036387e+05 2.941192875680017751e+05 1.770788769164725672e+05
6.470595142248714110e+05 2.941191330481241457e+05 1.176488163416669267e+05 2.549035254626252863e+05 5.294127433383610332e+05 2.941190431583818281e+05 3.866728113629560685e+05 2.352956622964767448e+05 5.920069402579567395e+05 1.176487160531109257e+05 5.882515923218114040e+04 8.683648785477974161e+04 1.176486050302543736e+05 5.882530419580418675e+04 1.521948827815049032e+00 6.847668372454752680e+05 1.294115370127973064e+00 5.882492469052759407e+04 1.014865190708811094e+00 2.941191280126005877e+05 7.105138457277873076e-01 1.495804919784432974e+00 1.707132990728876030e+05 5.882474853550198168e+04 2.352956372765716224e+05
6.470594242298989557e+05 2.941192062790151103e+05 1.176488270944739925e+05 2.549037393161971413e+05 5.294126629732761066e+05 2.941192755916034221e+05 3.866729189889924601e+05 2.352959009649224463e+05 5.920068372877746588e+05 1.176490336336060282e+05 5.882494982668774173e+04 8.683651122896712332e+04 1.176488841530341742e+05 5.882520955882352428e+04 1.338554232919762388e+00 6.847667441082200967e+05 1.465724897766170098e+00 5.882500903385734273e+04 1.147184303464792388e+00 2.941194912962793023e+05 1.495804919784432974e+00 7.391278355418205992e-01 1.707134556197033671e+05 5.882497714463070588e+04 2.352958764212785463e+05
6.470598137254902394e+05 2.941192967920756782e+05 8.674634495049863472e+04 1.979373591541193018e+05 5.294132030784701928e+05 2.629832117135743611e+05 3.866733000820957241e+05 1.052000565585344011e+05 5.920070217445949093e+05 1.118899577685366239e+05 1.707135012812496279e+05 1.513722832664815651e+05 1.118900181326641177e+05 1.707135670441922266e+05 1.707135603634672589e+05 6.847671243232006673e+05 1.707134179215111362e+05 1.707133222627042851e+05 1.707130794784815807e+05 2.941195433931036387e+05 1.707132990728876030e+05 1.707134556197033671e+05 8.160604328101748251e+04 1.707131909321240673e+05 1.978804506617040315e+05
6.470595136967262952e+05 2.941189946277834824e+05 1.176487177053150663e+05 2.549033959661667468e+05 5.294127964477704372e+05 2.941190356846007053e+05 3.866729480780682643e+05 2.352956432392515417e+05 5.920069463008078746e+05 1.176486806358586182e+05 1.510920007379841001e+00 2.801283969828575573e+04 1.176486020502822939e+05 1.452647560169154861e+00 5.882496525988110807e+04 6.847668501131223748e+05 5.882491197909112816e+04 1.316211963848112676e+00 5.882448427816598269e+04 2.941192875680017169e+05 5.882474853550198168e+04 5.882497714463070588e+04 1.707131909321240673e+05 6.533907662639960590e-01 2.352955171518502175e+05
6.470598548265459249e+05 1.357287990724954288e+05 2.352958340716878593e+05 1.901046163577623374e+05 4.705897487817611545e+05 2.733460023177834810e+05 3.023272341266744188e+05 1.583921915067822265e+05 5.920070757048378000e+05 2.352958703709371330e+05 2.352959162051184103e+05 2.352957298802508158e+05 2.352959111040669086e+05 2.352959365291570721e+05 2.352959852941175923e+05 6.847671359351433348e+05 2.352957073501383129e+05 2.352957076489372703e+05 2.352954876225793851e+05 1.770788769164725672e+05 2.352956372765716224e+05 2.352958764212785463e+05 1.978804506617040315e+05 2.352955171518502175e+05 2.784779517649206537e+04
