2.496265600991982501e+04 8.050893799984437646e+04 1.545575767162892444e+05 2.487370296757978504e+05 1.437074165999157995e+05 1.589626729024097731e+05 1.348449700651929597e+05 3.787304195734873065e+05 4.729210888410617481e+05 1.589627926710955508e+05 1.589625200743778259e+05 1.589625790477573464e+05 5.727369913775371970e+04 1.188688703106134926e+05 1.311481083713438129e+05 6.277157044271718041e+04 1.589622329378876020e+05 3.065046040811558487e+05 1.589623475341282319e+05 1.589627816744148731e+05 1.545574744062628888e+05 1.567600916838713456e+05 1.817470758478657517e+05 1.545574758938320738e+05 1.589625158498727542e+05
8.050893799984437646e+04 1.471517807587829702e+04 9.929442722173745278e+04 2.761980415602485300e+05 8.698669541948428378e+04 1.081049238588918379e+05 7.616097425060972455e+04 4.029594933398047579e+05 4.971500792229800718e+05 1.081049216030569223e+05 1.081048642375678464e+05 1.081048920469743462e+05 3.869757454379170667e+04 5.524588206729076046e+04 1.653792911120016070e+05 1.150475242874969554e+05 1.081044905773077917e+05 3.307336023596436717e+05 1.081046708116137597e+05 1.081049313814949710e+05 9.929444486532892915e+04 1.029655482953890605e+05 2.139796317585934594e+05 9.929447692993028613e+04 1.081048123923311505e+05
1.545575767162892444e+05 9.929442722173745278e+04 1.954715094656686688e+03 3.070348633808766608e+05 2.900692912094340863e+04 3.818661061877392058e+04 4.913332909083410050e+04 4.344489754572805832e+05 5.235816611533547984e+05 2.634725854185549906e+04 3.818660202438617125e+04 3.818661809344494395e+04 1.216790708067153610e+05 6.383040095511146501e+04 2.157953522513160133e+05 1.726711594017925672e+05 3.818627229704038473e+04 3.659757345265531330e+05 3.818646914648375241e+04 3.818658131129794492e+04 1.321760672705521574e+04 1.097461939354903370e+04 2.541611352115153859e+05 3.006092437618978693e+03 3.408152809568308294e+04
2.487370296757978504e+05 2.761980415602485300e+05 3.070348633808766608e+05 6.072825952906839666e+04 2.983875584482315462e+05 3.026294584688097821e+05 2.938191846603227314e+05 2.864393574036226491e+05 3.813087012187637738e+05 3.026294819276935305e+05 3.026294092746115639e+05 3.026294515073779039e+05 2.673472803857401595e+05 2.938191515777202439e+05 1.956345768185787601e+05 2.309227341840484005e+05 3.026292710994249210e+05 2.023500239484038902e+05 3.026293318243518588e+05 3.026294631574837840e+05 3.070350364654334844e+05 3.048322461753409007e+05 1.431026341674364812e+05 3.070349960966562503e+05 3.026293903005423490e+05
1.437074165999157995e+05 8.698669541948428378e+04 2.900692912094340863e+04 2.983875584482315462e+05 1.572213473104922741e+04 5.543871820674941409e+04 2.671149810376674941e+04 4.294153609520626487e+05 5.191764540748889558e+05 4.621506198056398716e+04 5.543868339172882406e+04 5.543872114949861862e+04 1.108289067274311819e+05 4.749760974600073678e+04 2.071479716282533191e+05 1.623717288998029253e+05 5.543828776648752682e+04 3.573284187147337361e+05 5.543849075459777669e+04 5.543875058741225803e+04 2.181896908814930430e+04 3.400878800313254760e+04 2.455137726040942071e+05 2.769244634194874743e+04 5.298561042495197762e+04
1.589626729024097731e+05 1.081049238588918379e+05 3.818661061877391330e+04 3.026294584688097821e+05 5.543871820674941409e+04 6.497680651181136913e-01 6.906827020207062014e+04 4.300435477276495076e+05 5.191762886668149149e+05 1.184072129812959975e+04 1.364816593980928916e+00 1.308241459929305517e+00 1.290210006700728118e+05 7.704617283374718681e+04 2.202005373595467536e+05 1.770763583647081396e+05 1.169135561577947735e+00 3.615703138520842185e+05 1.285086065743568984e+00 1.387327165808065255e+00 4.405467019291737233e+04 2.748878437321479942e+04 2.585663463893604930e+05 4.090801154437708465e+04 4.106338396787736201e+03
1.348449700651929597e+05 7.616097425060972455e+04 4.913332909083410050e+04 2.938191846603227314e+05 2.671149810376675305e+04 6.906827020207062014e+04 6.960388069234842987e+03 4.249858466556903441e+05 5.147712555123241618e+05 6.406226595175269176e+04 6.906817000752067543e+04 6.906822531258393428e+04 1.019663274629866355e+05 3.084122216596825456e+04 2.007601759851954121e+05 1.540600488828212838e+05 6.906778113349580963e+04 3.527600619422073942e+05 6.906800612380808161e+04 6.906834741937983199e+04 4.472784751271017740e+04 5.410956515874509932e+04 2.402172958280373423e+05 4.787459955527535203e+04 6.855837626728064788e+04
3.787304195734873065e+05 4.029594933398047579e+05 4.344489754572805832e+05 2.864393574036226491e+05 4.294153609520626487e+05 4.300435477276495076e+05 4.249858466556903441e+05 9.759069939898222219e+04 2.981582580623246613e+05 4.300436041004470899e+05 4.300434912515174947e+05 4.300435078958754893e+05 3.956173274675780558e+05 4.249859314468656667e+05 3.534157715438317973e+05 3.774456308378910762e+05 4.300434117734879255e+05 2.304439060567423876e+05 4.300434261093329405e+05 4.300435996621014783e+05 4.344490098122829804e+05 4.322462703814220731e+05 3.328546537616946152e+05 4.344490143673288985e+05 4.300434586796127260e+05
4.729210888410617481e+05 4.971500792229801300e+05 5.235816611533547984e+05 3.813087012187637738e+05 5.191764540748889558e+05 5.191762886668149149e+05 5.147712555123241618e+05 2.981582580623246031e+05 1.240534822325732530e+05 5.191763160561160184e+05 5.191762837894592667e+05 5.191763143137255684e+05 4.898079909696610994e+05 5.147712151233562035e+05 4.387957206990804989e+05 4.628256084664846421e+05 5.191762511768076220e+05 3.336458931584056700e+05 5.191762604473534739e+05 5.191763068665147293e+05 5.235817884972626343e+05 5.213790483086039894e+05 4.143852986400398077e+05 5.235817790341191576e+05 5.191762846710793674e+05
1.589627926710955508e+05 1.081049216030569078e+05 2.634725854185549542e+04 3.026294819276935305e+05 4.621506198056398716e+04 1.184072129812959975e+04 6.406226595175269176e+04 4.300436041004470899e+05 5.191763160561160184e+05 3.545509420261791092e+03 1.184079313679502229e+04 1.184078479268658884e+04 1.290211254249388876e+05 7.484349946199961414e+04 2.202005851124434266e+05 1.770763826842517883e+05 1.184045967090833437e+04 3.615703572900933796e+05 1.184067449789844068e+04 1.184068321185024433e+04 3.221540012433827360e+04 1.564935731235724961e+04 2.585663972857827903e+05 2.906875489675956123e+04 7.735598349596332810e+03
1.589625200743778259e+05 1.081048642375678464e+05 3.818660202438617125e+04 3.026294092746115639e+05 5.543868339172882406e+04 1.364816593980929138e+00 6.906817000752067543e+04 4.300434912515174947e+05 5.191762837894592667e+05 1.184079313679502229e+04 6.032766076946505240e-01 1.208233028379076091e+00 1.290208585270661279e+05 7.704615948963456322e+04 2.202004399381238036e+05 1.770762683184916095e+05 1.059775998189979473e+00 3.615702978135740850e+05 1.164481989009951812e+00 1.437479709022881469e+00 4.405456536077123019e+04 2.748875039724268572e+04 2.585662991551271698e+05 4.090788868290153187e+04 4.106181183662796684e+03
1.589625790477573173e+05 1.081048920469743462e+05 3.818661809344494395e+04 3.026294515073779039e+05 5.543872114949862589e+04 1.308241459929305517e+00 6.906822531258394883e+04 4.300435078958754893e+05 5.191763143137256266e+05 1.184078479268658884e+04 1.208233028379076091e+00 6.056795381981314730e-01 1.290209091238424007e+05 7.704619739540888986e+04 2.202005018141686451e+05 1.770763031946255942e+05 1.084360614971496828e+00 3.615703360946936300e+05 1.207369212995128338e+00 1.444919478522505907e+00 4.405459646304661874e+04 2.748876683868790496e+04 2.585663504805686243e+05 4.090793413885164773e+04 4.106265782197047884e+03
5.727369913775371242e+04 3.869757454379170667e+04 1.216790708067153610e+05 2.673472803857401595e+05 1.108289067274311819e+05 1.290210006700728118e+05 1.019663274629866355e+05 3.956173274675780558e+05 4.898079909696610994e+05 1.290211254249389021e+05 1.290208585270661279e+05 1.290209091238424007e+05 2.268431813284194141e+04 8.431703289864282124e+04 1.553028629068518931e+05 9.997530280111105822e+04 1.290205533892210224e+05 3.233915211342875264e+05 1.290206944701693283e+05 1.290210760407439811e+05 1.216789481650033995e+05 1.248605603097062849e+05 2.039032942357003049e+05 1.216789395592573564e+05 1.290208443703578960e+05
1.188688703106134926e+05 5.524588206729076046e+04 6.383040095511146501e+04 2.938191515777202439e+05 4.749760974600073678e+04 7.704617283374718681e+04 3.084122216596825456e+04 4.249859314468656667e+05 5.147712151233562035e+05 7.484349946199962869e+04 7.704615948963456322e+04 7.704619739540888986e+04 8.431703289864282124e+04 1.628453451503568976e+04 1.925452408701349632e+05 1.435749488908627536e+05 7.704577516170094896e+04 3.527600456171425758e+05 7.704594995906499389e+04 7.704620084160989791e+04 6.257176553374635114e+04 6.750144643170408381e+04 2.358838030825174355e+05 6.347085535780295322e+04 7.704608869691191649e+04
1.311481083713438129e+05 1.653792911120016070e+05 2.157953522513160133e+05 1.956345768185787601e+05 2.071479716282533191e+05 2.202005373595467536e+05 2.007601759851954121e+05 3.534157715438317973e+05 4.387957206990804407e+05 2.202005851124434266e+05 2.202004399381238036e+05 2.202005018141686451e+05 1.553028629068518931e+05 1.925452408701349632e+05 3.390870633120292041e+04 9.913797701334863086e+04 2.202001991211828717e+05 2.728532165470359032e+05 2.202002967357467278e+05 2.202005075534756470e+05 2.157954886717253248e+05 2.179980434425916756e+05 1.084746163393092429e+05 2.157954484901936667e+05 2.202004293435328000e+05
6.277157044271718041e+04 1.150475242874969408e+05 1.726711594017925090e+05 2.309227341840484005e+05 1.623717288998029253e+05 1.770763583647081396e+05 1.540600488828212838e+05 3.774456308378910762e+05 4.628256084664847003e+05 1.770763826842517883e+05 1.770762683184916095e+05 1.770763031946255942e+05 9.997530280111105822e+04 1.435749488908627536e+05 9.913797701334864541e+04 3.644351711255152622e+04 1.770759827522295527e+05 3.027703460675450624e+05 1.770760914057730697e+05 1.770763672211435623e+05 1.726712312217483995e+05 1.748737955672820390e+05 1.571283117156107037e+05 1.726712722192769870e+05 1.770762567320025701e+05
1.589622329378876020e+05 1.081044905773077626e+05 3.818627229704038473e+04 3.026292710994249210e+05 5.543828776648751955e+04 1.169135561577947735e+00 6.906778113349580963e+04 4.300434117734879255e+05 5.191762511768076220e+05 1.184045967090833437e+04 1.059775998189979473e+00 1.084360614971496828e+00 1.290205533892210224e+05 7.704577516170094896e+04 2.202001991211828717e+05 1.770759827522295527e+05 4.020916709863674443e-01 3.615702061997679994e+05 7.825921709641587842e-01 1.253479518026336281e+00 4.405424235412517737e+04 2.748839356013181532e+04 2.585660787487160414e+05 4.090757335876668367e+04 4.105911517312570140e+03
3.065046040811558487e+05 3.307336023596436717e+05 3.659757345265531330e+05 2.023500239484038902e+05 3.573284187147337361e+05 3.615703138520842185e+05 3.527600619422073942e+05 2.304439060567423876e+05 3.336458931584056700e+05 3.615703572900933796e+05 3.615702978135740850e+05 3.615703360946936300e+05 3.233915211342874682e+05 3.527600456171425758e+05 2.728532165470359032e+05 3.027703460675450624e+05 3.615702061997679994e+05 9.579852030346092943e+04 3.615702513827169896e+05 3.615703130965821329e+05 3.659758621954547125e+05 3.637731204012887320e+05 2.417778208930460096e+05 3.659758613252158393e+05 3.615702663489577826e+05
1.589623475341282319e+05 1.081046708116137597e+05 3.818646914648374513e+04 3.026293318243518588e+05 5.543849075459777669e+04 1.285086065743568984e+00 6.906800612380808161e+04 4.300434261093329405e+05 5.191762604473534739e+05 1.184067449789843886e+04 1.164481989009952034e+00 1.207369212995128338e+00 1.290206944701693283e+05 7.704594995906499389e+04 2.202002967357467278e+05 1.770760914057730697e+05 7.825921709641588953e-01 3.615702513827169896e+05 5.662379032139124302e-01 1.406853122033196346e+00 4.405440301571926102e+04 2.748861021026510207e+04 2.585661447703688173e+05 4.090774424944811472e+04 4.106026345084191234e+03
1.589627816744148731e+05 1.081049313814949710e+05 3.818658131129794492e+04 3.026294631574837840e+05 5.543875058741225803e+04 1.387327165808065255e+00 6.906834741937983199e+04 4.300435996621014783e+05 5.191763068665147293e+05 1.184068321185024433e+04 1.437479709022881469e+00 1.444919478522505907e+00 1.290210760407439666e+05 7.704620084160989791e+04 2.202005075534756470e+05 1.770763672211435623e+05 1.253479518026336281e+00 3.615703130965821329e+05 1.406853122033196346e+00 6.300904951741107540e-01 4.405473196970565186e+04 2.748882382942059121e+04 2.585663249469118018e+05 4.090808988327718544e+04 4.106409739935686957e+03
1.545574744062628888e+05 9.929444486532892915e+04 1.321760672705521392e+04 3.070350364654334844e+05 2.181896908814930430e+04 4.405467019291737233e+04 4.472784751271017740e+04 4.344490098122829804e+05 5.235817884972626343e+05 3.221540012433827360e+04 4.405456536077123019e+04 4.405459646304661874e+04 1.216789481650033995e+05 6.257176553374635114e+04 2.157954886717253248e+05 1.726712312217483995e+05 4.405424235412517737e+04 3.659758621954547125e+05 4.405440301571926102e+04 4.405473196970565186e+04 6.962400163045044943e-01 1.808166443661094672e+04 2.541613266432408709e+05 1.153465717232805764e+04 3.994950311343995418e+04
1.567600916838713456e+05 1.029655482953890314e+05 1.097461939354903188e+04 3.048322461753409589e+05 3.400878800313254760e+04 2.748878437321479942e+04 5.410956515874509932e+04 4.322462703814220731e+05 5.213790483086039894e+05 1.564935731235724961e+04 2.748875039724268572e+04 2.748876683868790496e+04 1.248605603097062849e+05 6.750144643170406925e+04 2.179980434425916756e+05 1.748737955672820390e+05 2.748839356013181532e+04 3.637731204012887320e+05 2.748861021026510207e+04 2.748882382942059121e+04 1.808166443661095036e+04 8.433649784587330942e+03 2.563638597131806309e+05 1.369600012746608445e+04 2.338363851837645780e+04
1.817470758478657226e+05 2.139796317585934594e+05 2.541611352115153859e+05 1.431026341674364812e+05 2.455137726040942071e+05 2.585663463893604639e+05 2.402172958280373423e+05 3.328546537616946152e+05 4.143852986400398077e+05 2.585663972857827903e+05 2.585662991551271698e+05 2.585663504805686243e+05 2.039032942357003340e+05 2.358838030825174355e+05 1.084746163393092429e+05 1.571283117156107328e+05 2.585660787487160705e+05 2.417778208930460096e+05 2.585661447703687882e+05 2.585663249469118018e+05 2.541613266432408709e+05 2.563638597131806309e+05 5.240183303068400710e+04 2.541612600375544862e+05 2.585662515885668981e+05
1.545574758938320447e+05 9.929447692993025703e+04 3.006092437618979602e+03 3.070349960966561921e+05 2.769244634194874743e+04 4.090801154437708465e+04 4.787459955527535203e+04 4.344490143673288985e+05 5.235817790341191576e+05 2.906875489675956123e+04 4.090788868290153187e+04 4.090793413885164773e+04 1.216789395592573564e+05 6.347085535780295322e+04 2.157954484901936667e+05 1.726712722192769870e+05 4.090757335876668367e+04 3.659758613252158393e+05 4.090774424944812199e+04 4.090808988327718544e+04 1.153465717232805764e+04 1.369600012746608627e+04 2.541612600375544862e+05 2.565327097362215682e+03 3.680281645813977957e+04
1.589625158498727542e+05 1.081048123923311505e+05 3.408152809568308294e+04 3.026293903005423490e+05 5.298561042495197762e+04 4.106338396787737111e+03 6.855837626728064788e+04 4.300434586796127260e+05 5.191762846710793674e+05 7.735598349596334629e+03 4.106181183662796684e+03 4.106265782197047884e+03 1.290208443703578960e+05 7.704608869691191649e+04 2.202004293435328000e+05 1.770762567320025701e+05 4.105911517312570140e+03 3.615702663489577826e+05 4.106026345084191234e+03 4.106409739935686957e+03 3.994950311343994690e+04 2.338363851837645780e+04 2.585662515885668981e+05 3.680281645813977957e+04 2.963203817630961112e+03
