7.679068203461311137e-01 1.575106469045840507e+00 1.629616417985344068e+00 1.570738060275666426e+00 7.980772298446745845e+05 3.232773053228420904e+05 2.000019992463374510e+05 1.773830468194202536e+00 5.000179314633559989e+04 1.500020314806113893e+05 2.031421565171047769e+04 1.685889043364334317e+00 7.980771798446745379e+05 1.500018075166564668e+05 1.624072583033081552e+00 6.979217510995891644e+05 1.196483933602118688e+00 2.925636082806128543e+05 4.548135901643883553e+05 5.000200911937899218e+04 1.000018719426382158e+05 2.166687334526735358e+05 3.884630900612077676e+05 5.428695391921557020e+05 5.000200303767149308e+04
1.575106469045840507e+00 6.755264393503164211e-01 1.623464221984586509e+00 1.561454488288048559e+00 7.980771631780079333e+05 3.232773956107075210e+05 2.000018770610657521e+05 1.518794009600020534e+00 5.000183501092039660e+04 1.500019049783420633e+05 2.031427100561866246e+04 1.668653358008267640e+00 7.980771798446745379e+05 1.500018437647692917e+05 1.341146059500977872e+00 6.979217603508197935e+05 1.162076777682977458e+00 2.925635459030010970e+05 4.548136094534509466e+05 5.000197942378603329e+04 1.000019064294258278e+05 2.166686326225394150e+05 3.884630608148699976e+05 5.428695087693050737e+05 5.000191251995964558e+04
1.629616417985344512e+00 1.623464221984586509e+00 7.117359856660988582e-01 1.626903333969111909e+00 7.980771629445340950e+05 3.232774460720455972e+05 2.000018983425693586e+05 1.631574201246945632e+00 5.000177658693030389e+04 1.500019523306222982e+05 2.031431962946633575e+04 1.508351179099229666e+00 7.980771351667563431e+05 1.500016970002319722e+05 1.413957570132218011e+00 6.979216615439046873e+05 1.099113060757584970e+00 2.925635967147249030e+05 4.548135710371455643e+05 5.000196351641470392e+04 1.000017894290560653e+05 2.166686008888857614e+05 3.884629800773994648e+05 5.428694082440659404e+05 5.000190882470356155e+04
1.570738060275666648e+00 1.561454488288048781e+00 1.626903333969112353e+00 6.861516109292996601e-01 7.980772154316836968e+05 3.232773659727387130e+05 2.000018072015955404e+05 1.560023546621007062e+00 5.000171100652273162e+04 1.500017455731112568e+05 2.031404664972438695e+04 1.723381501809386318e+00 7.980772654316837434e+05 1.500017520018216746e+05 1.323852470084000643e+00 6.979217001304472797e+05 1.059381126177372234e+00 2.925634129732777947e+05 4.548135533127962262e+05 5.000172681768376060e+04 1.000016960368932632e+05 2.166684299655819486e+05 3.884628900409380440e+05 5.428695828153908951e+05 5.000170748038027523e+04
7.980772298446745845e+05 7.980771631780079333e+05 7.980771629445340950e+05 7.980772154316836968e+05 1.769171678318122576e+05 6.980773303624261171e+05 6.980772141025641467e+05 7.980771122534517199e+05 7.980772307692308677e+05 7.480773141025641235e+05 7.980771974358974257e+05 7.980771822843822883e+05 5.414028043843070045e+05 7.480772474358974723e+05 7.980771123274161946e+05 5.465860471270615235e+05 7.980771788461538963e+05 6.980772688116371864e+05 6.480774086706559174e+05 7.980772807692307979e+05 7.730772724358973792e+05 6.918272509371405467e+05 6.596157826183434809e+05 5.756015787560732570e+05 7.980772474358974723e+05
3.232773053228420904e+05 3.232773956107075792e+05 3.232774460720455972e+05 3.232773659727387130e+05 6.980773303624261171e+05 4.863728075228004309e+04 2.232778769655360957e+05 3.232775762658903259e+05 3.232775086068017408e+05 2.732778664512677933e+05 3.232775949901952408e+05 3.232775437381722149e+05 6.980772803624260705e+05 2.232778237754477886e+05 3.232773582734283409e+05 5.979219364703088067e+05 3.232770630447409349e+05 1.286205545407647151e+05 3.548138206755950232e+05 3.232776289643815253e+05 2.982776822027114686e+05 2.149445315447897592e+05 2.726628710274568875e+05 4.428697044968826231e+05 3.232776071077266242e+05
2.000019992463373928e+05 2.000018770610657230e+05 2.000018983425693586e+05 2.000018072015955404e+05 6.980772141025641467e+05 2.232778769655360957e+05 1.016109854665356638e+00 2.000019251039252267e+05 2.000019448629794351e+05 1.500018542909035459e+05 2.000019207152271119e+05 2.000020001187123999e+05 6.980773307692308445e+05 1.500018803270338976e+05 2.000015938389296352e+05 5.979219991993551375e+05 2.000014201837083092e+05 1.373555864861628215e+05 3.548139310479498818e+05 2.000020353885454242e+05 1.750018555608154275e+05 8.958506941050729074e+04 2.884632423060587025e+05 4.428697184849300538e+05 2.000019970191122557e+05
1.773830468194202759e+00 1.518794009600020534e+00 1.631574201246945854e+00 1.560023546621006840e+00 7.980771122534517199e+05 3.232775762658903259e+05 2.000019251039252267e+05 7.066066962120752804e-01 5.000188047780398483e+04 1.500018251211192983e+05 2.031424055021953609e+04 1.494704615819354876e+00 7.980771289201183245e+05 1.500018453754546936e+05 1.363427234299092072e+00 6.979217450636130525e+05 1.220240256886957475e+00 2.925635941502900678e+05 4.548136481564103160e+05 5.000190238046368904e+04 1.000018127377385244e+05 2.166685879060875741e+05 3.884630323875077884e+05 5.428696159355111886e+05 5.000187621661084995e+04
5.000179314633559989e+04 5.000183501092039660e+04 5.000177658693030389e+04 5.000171100652273162e+04 7.980772307692308677e+05 3.232775086068017408e+05 2.000019448629794351e+05 5.000188047780398483e+04 7.381732063928817533e-01 1.500019655287846399e+05 3.281406378174255224e+04 5.000187146820121416e+04 7.980771807692308212e+05 1.500018626670646481e+05 5.000159208503087575e+04 6.979218181931643048e+05 5.000120377523948991e+04 2.925638296952514793e+05 4.548137400916045299e+05 5.000161815454577300e+04 1.000017165393355972e+05 2.166687502909343166e+05 3.884631867859867634e+05 5.428696785124671878e+05 1.553235843513579351e+00
1.500020314806113602e+05 1.500019049783420633e+05 1.500019523306222982e+05 1.500017455731112568e+05 7.480773141025641235e+05 2.732778664512677933e+05 1.500018542909035459e+05 1.500018251211192983e+05 1.500019655287846399e+05 5.860073995174008815e+03 1.500018661817932734e+05 1.500019158704889123e+05 7.480772807692307979e+05 9.687667644365879823e+04 1.500016231282282097e+05 6.479218878594518173e+05 1.500014265602207161e+05 2.425640435836905381e+05 4.048138003260175465e+05 1.500018736243133608e+05 9.843920978419136372e+04 1.082051077689613012e+05 3.384632397668304038e+05 4.928697926530833356e+05 1.500018761756404419e+05
2.031421565171047769e+04 2.031427100561866246e+04 2.031431962946633575e+04 2.031404664972438331e+04 7.980771974358975422e+05 3.232775949901952408e+05 2.000019207152271119e+05 2.031424055021953609e+04 3.281406378174255224e+04 1.500018661817932734e+05 2.627040650818572249e+04 2.031436494326075263e+04 7.980772807692307979e+05 1.500018821020179603e+05 2.031405768881838230e+04 6.979217136840719031e+05 2.031382375178800794e+04 2.925636414166722097e+05 4.548136896109513473e+05 4.687655861963152711e+04 9.843914970353621175e+04 2.166685369338852470e+05 3.884630891893625376e+05 5.428696582143979613e+05 3.281405724497150368e+04
1.685889043364334094e+00 1.668653358008267640e+00 1.508351179099229666e+00 1.723381501809386318e+00 7.980771822843822883e+05 3.232775437381722149e+05 2.000020001187123999e+05 1.494704615819354876e+00 5.000187146820121416e+04 1.500019158704889123e+05 2.031436494326075263e+04 6.920546267634244408e-01 7.980770989510490326e+05 1.500018282136933412e+05 1.521743182520643556e+00 6.979217096854693955e+05 1.259718365637384707e+00 2.925636995857712463e+05 4.548136232649618178e+05 5.000194102353419294e+04 1.000017444101627334e+05 2.166686818906327244e+05 3.884631215617042035e+05 5.428695396801967872e+05 5.000194836433868477e+04
7.980771798446745379e+05 7.980771798446745379e+05 7.980771351667563431e+05 7.980772654316837434e+05 5.414028043843070045e+05 6.980772803624260705e+05 6.980773307692308445e+05 7.980771289201183245e+05 7.980771807692307048e+05 7.480772807692307979e+05 7.980772807692307979e+05 7.980770989510490326e+05 1.818601677325328637e+05 7.480772807692306815e+05 7.980771289940829156e+05 5.266483657538417028e+05 7.980771288461538497e+05 6.980773521449704422e+05 5.896871022236642893e+05 7.980772807692307979e+05 7.730773057692309376e+05 6.918274342704738956e+05 6.596158296597634908e+05 6.276228568181816954e+05 7.980772807692307979e+05
1.500018075166564668e+05 1.500018437647692917e+05 1.500016970002319722e+05 1.500017520018216746e+05 7.480772474358974723e+05 2.232778237754477886e+05 1.500018803270339267e+05 1.500018453754546936e+05 1.500018626670646481e+05 9.687667644365876913e+04 1.500018821020179603e+05 1.500018282136933412e+05 7.480772807692306815e+05 8.255229043788966381e-01 1.500015469215227931e+05 6.479218890875446377e+05 1.500013201577667787e+05 2.425638922658960510e+05 4.048138694824042614e+05 1.500018449819660163e+05 1.000014030872309668e+05 1.625019474669311894e+05 3.384632816820931039e+05 4.928697708176873857e+05 1.500018513407372811e+05
1.624072583033081552e+00 1.341146059500977872e+00 1.413957570132218011e+00 1.323852470084000643e+00 7.980771123274160782e+05 3.232773582734283409e+05 2.000015938389296643e+05 1.363427234299092072e+00 5.000159208503087575e+04 1.500016231282282097e+05 2.031405768881838230e+04 1.521743182520643556e+00 7.980771289940829156e+05 1.500015469215227931e+05 6.936471558309266205e-01 6.979217175862679724e+05 9.158380181398925179e-01 2.925634023525467492e+05 4.548134759700892610e+05 5.000164183496752958e+04 1.000016006735373812e+05 2.166683596298411721e+05 3.884628234395651962e+05 5.428693837294235127e+05 5.000164464866551134e+04
6.979217510995891644e+05 6.979217603508197935e+05 6.979216615439046873e+05 6.979217001304472797e+05 5.465860471270615235e+05 5.979219364703088067e+05 5.979219991993551375e+05 6.979217450636130525e+05 6.979218181931643048e+05 6.479218878594517009e+05 6.979217136840719031e+05 6.979217096854693955e+05 5.266483657538417028e+05 6.479218890875446377e+05 6.979217175862679724e+05 2.404454938303373056e+05 6.979216826049514348e+05 5.937551999477418140e+05 5.290383590278938645e+05 6.979218366564923199e+05 6.729218134248136776e+05 5.958385445016860031e+05 5.087501213741892134e+05 4.622721228554976988e+05 6.979217807571666781e+05
1.196483933602118466e+00 1.162076777682977458e+00 1.099113060757584970e+00 1.059381126177372456e+00 7.980771788461538963e+05 3.232770630447409349e+05 2.000014201837083383e+05 1.220240256886957475e+00 5.000120377523948991e+04 1.500014265602207161e+05 2.031382375178800794e+04 1.259718365637384707e+00 7.980771288461538497e+05 1.500013201577667787e+05 9.158380181398925179e-01 6.979216826049514348e+05 4.180551294724183520e-01 2.925633152170598623e+05 4.548133256301043439e+05 5.000133345763474790e+04 1.000013122481902392e+05 2.166682084610898746e+05 3.884627320791958482e+05 5.428693749661125476e+05 5.000133854271621385e+04
2.925636082806128543e+05 2.925635459030010970e+05 2.925635967147249030e+05 2.925634129732777947e+05 6.980772688116371864e+05 1.286205545407647151e+05 1.373555864861628215e+05 2.925635941502900678e+05 2.925638296952514793e+05 2.425640435836905672e+05 2.925636414166722097e+05 2.925636995857712463e+05 6.980773521449704422e+05 2.425638922658960510e+05 2.925634023525467492e+05 5.937551999477418140e+05 2.925633152170598623e+05 4.959981083912478789e+04 3.509077796039621462e+05 2.925638385815836955e+05 2.675637726152009564e+05 1.772425814020910475e+05 2.717965438019220601e+05 4.428699061704209307e+05 2.925637536875323276e+05
4.548135901643882971e+05 4.548136094534509466e+05 4.548135710371455643e+05 4.548135533127962262e+05 6.480774086706560338e+05 3.548138206755950232e+05 3.548139310479498818e+05 4.548136481564103160e+05 4.548137400916045299e+05 4.048138003260175465e+05 4.548136896109513473e+05 4.548136232649618178e+05 5.896871022236642893e+05 4.048138694824042614e+05 4.548134759700892610e+05 5.290383590278938645e+05 4.548133256301043439e+05 3.509077796039622626e+05 9.911350361651198182e+04 4.548137359691341408e+05 4.298137464444274665e+05 3.485637926792090875e+05 2.987983961061693844e+05 3.077922254358666250e+05 4.548137346320738434e+05
5.000200911937899218e+04 5.000197942378603329e+04 5.000196351641470392e+04 5.000172681768376060e+04 7.980772807692307979e+05 3.232776289643815253e+05 2.000020353885454242e+05 5.000190238046368904e+04 5.000161815454577300e+04 1.500018736243133608e+05 4.687655861963151983e+04 5.000194102353419294e+04 7.980772807692307979e+05 1.500018449819660163e+05 5.000164183496752958e+04 6.979218366564923199e+05 5.000133345763474790e+04 2.925638385815836955e+05 4.548137359691341408e+05 7.447537786249138758e-01 7.500149049646689673e+04 2.166686867456232721e+05 3.884631442863204284e+05 5.428697833069862099e+05 5.000147413252913248e+04
1.000018719426382158e+05 1.000019064294258424e+05 1.000017894290560798e+05 1.000016960368932632e+05 7.730772724358973792e+05 2.982776822027114686e+05 1.750018555608154275e+05 1.000018127377385244e+05 1.000017165393355972e+05 9.843920978419136372e+04 9.843914970353621175e+04 1.000017444101627334e+05 7.730773057692309376e+05 1.000014030872309668e+05 1.000016006735373812e+05 6.729218134248136776e+05 1.000013122481902392e+05 2.675637726152009564e+05 4.298137464444274665e+05 7.500149049646689673e+04 7.500086511679075193e+04 1.770850996683927660e+05 3.634631689148295554e+05 5.178697757408366888e+05 1.000015810357580631e+05
2.166687334526735067e+05 2.166686326225394150e+05 2.166686008888857614e+05 2.166684299655819486e+05 6.918272509371405467e+05 2.149445315447897883e+05 8.958506941050729074e+04 2.166685879060875741e+05 2.166687502909343166e+05 1.082051077689613012e+05 2.166685369338852470e+05 2.166686818906327244e+05 6.918274342704738956e+05 1.625019474669311894e+05 2.166683596298411721e+05 5.958385445016858866e+05 2.166682084610898746e+05 1.772425814020910475e+05 3.485637926792090875e+05 2.166686867456232721e+05 1.770850996683927660e+05 8.090395265747644589e+04 2.863798806227268651e+05 4.366198042320916429e+05 2.166686071111657657e+05
3.884630900612077094e+05 3.884630608148699976e+05 3.884629800773994648e+05 3.884628900409380440e+05 6.596157826183434809e+05 2.726628710274568875e+05 2.884632423060587025e+05 3.884630323875077884e+05 3.884631867859867634e+05 3.384632397668304038e+05 3.884630891893625376e+05 3.884631215617042035e+05 6.596158296597636072e+05 3.384632816820931039e+05 3.884628234395651962e+05 5.087501213741891552e+05 3.884627320791958482e+05 2.717965438019220601e+05 2.987983961061693844e+05 3.884631442863204284e+05 3.634631689148296136e+05 2.863798806227268651e+05 6.923498699871791177e+04 4.032609695209911442e+05 3.884631373391033267e+05
5.428695391921557020e+05 5.428695087693050737e+05 5.428694082440659404e+05 5.428695828153908951e+05 5.756015787560732570e+05 4.428697044968826813e+05 4.428697184849300538e+05 5.428696159355111886e+05 5.428696785124671878e+05 4.928697926530833356e+05 5.428696582143979613e+05 5.428695396801967872e+05 6.276228568181816954e+05 4.928697708176873857e+05 5.428693837294235127e+05 4.622721228554977570e+05 5.428693749661125476e+05 4.428699061704209307e+05 3.077922254358666250e+05 5.428697833069862099e+05 5.178697757408366888e+05 4.366198042320916429e+05 4.032609695209910860e+05 1.129355508740357618e+05 5.428697624010846484e+05
5.000200303767149308e+04 5.000191251995964558e+04 5.000190882470356155e+04 5.000170748038027523e+04 7.980772474358975887e+05 3.232776071077266242e+05 2.000019970191122557e+05 5.000187621661084995e+04 1.553235843513579351e+00 1.500018761756404419e+05 3.281405724497150368e+04 5.000194836433868477e+04 7.980772807692307979e+05 1.500018513407372520e+05 5.000164464866551134e+04 6.979217807571666781e+05 5.000133854271621385e+04 2.925637536875323858e+05 4.548137346320738434e+05 5.000147413252913248e+04 1.000015810357580631e+05 2.166686071111657657e+05 3.884631373391033267e+05 5.428697624010845320e+05 7.451516998622550458e-01
