6.942504475925250773e-01 1.371396366172283443e+00 2.222236726383400965e+05 1.787044057773596650e+00 4.043728927295691101e+05 1.352080623777033752e+00 2.222239761978565657e+05 1.493244728934059573e+00 2.222238675679134030e+05 1.651896627084930014e+00 1.601522049055703167e+00 4.444454885568976752e+05 2.222238281025677861e+05 2.222239654519806500e+05 1.180445487218608536e+00 1.420783746933947711e+00 1.663866067777528546e+00 2.222236863950611150e+05 9.849451748073819735e-01 2.252268853528631735e+05 1.111127793477523228e+05 1.153691121797060015e+00 2.222239607489697810e+05 2.222240097898044914e+05 2.222239781054802297e+05
1.371396366172283443e+00 4.166530668914738555e-01 2.222234781175235403e+05 1.092364906581934747e+00 4.043724987635666039e+05 1.353879706152433693e+00 2.222234231795446831e+05 1.271142643642927839e+00 2.222232524072939123e+05 1.232487617848580186e+00 1.397933164996120414e+00 4.444455095800664276e+05 2.222231958597495686e+05 2.222234125187595200e+05 1.240532133060317399e+00 1.261175464987037920e+00 1.504288368015898936e+00 2.222231278337579570e+05 8.273194455108167089e-01 2.252268237588619813e+05 1.111122594928196631e+05 1.393212523357759469e+00 2.222234858288833057e+05 2.222233412587865605e+05 2.222233098977919144e+05
2.222236726383400965e+05 2.222234781175235403e+05 5.271340773663568680e-01 2.222238945189600636e+05 2.932621286260518245e+05 2.222237238292010734e+05 1.111132080852798535e+05 2.222237531929964316e+05 1.444779546202744402e+00 2.222237979797979933e+05 2.222235979927645822e+05 3.333344568411385990e+05 1.591029759081500794e+00 1.533140642470363968e+00 2.222235225833941950e+05 2.222236622107811272e+05 2.222235424163911666e+05 1.444026188387166787e+00 2.222230976149933995e+05 1.141162179395531566e+05 1.666684375097894517e+05 2.222236842202257540e+05 1.111133132969034050e+05 1.111131843554283114e+05 1.111133409828747244e+05
1.787044057773596650e+00 1.092364906581934525e+00 2.222238945189600636e+05 6.745830599997812982e-01 4.043727116031570476e+05 1.481079585921040831e+00 2.222237447590364609e+05 1.573587712166190977e+00 2.222237093017358857e+05 1.443686328535522145e+00 1.734775594727182346e+00 4.444456561771562556e+05 2.222236036256137886e+05 2.222238188919459353e+05 1.573879575806588882e+00 1.792028725850279169e+00 1.698017054285210437e+00 2.222235412803326908e+05 1.091167546085578977e+00 2.252273144842346373e+05 1.111126452369524341e+05 1.829471142491835733e+00 2.222237115005677042e+05 2.222238485727134976e+05 2.222238386186033895e+05
4.043728927295691101e+05 4.043724987635666039e+05 2.932621286260518245e+05 4.043727116031570476e+05 9.993860744345863350e+04 4.043729593139672652e+05 1.821508335246415809e+05 4.043728410607894184e+05 2.932618339142276673e+05 4.043727697886233800e+05 4.043730956881362945e+05 3.088368145508696907e+05 2.932618786927444744e+05 2.932619729693269474e+05 4.043728442913409672e+05 4.043729097750071087e+05 4.043731029000764247e+05 2.932618276578543009e+05 4.043727003489983035e+05 2.922878932017795742e+05 2.932617050571555737e+05 4.043729211953078047e+05 2.932618169609944453e+05 2.932618049574024044e+05 2.932618511331268237e+05
1.352080623777033308e+00 1.353879706152433693e+00 2.222237238292010734e+05 1.481079585921040831e+00 4.043729593139672652e+05 6.990450036736645112e-01 2.222238572912433010e+05 1.199522463586473409e+00 2.222239119156872621e+05 1.722880743151014027e+00 1.694954387391048867e+00 4.444454967860421748e+05 2.222237763334942865e+05 2.222239866831504332e+05 1.312091503267973858e+00 1.519651525885046039e+00 1.548235346917555599e+00 2.222237759412304440e+05 8.610252136705192072e-01 2.252268740077006514e+05 1.111128017892165662e+05 1.461089995638992001e+00 2.222237913014918449e+05 2.222239771005509538e+05 2.222238838081564463e+05
2.222239761978565657e+05 2.222234231795446831e+05 1.111132080852798535e+05 2.222237447590364609e+05 1.821508335246415809e+05 2.222238572912433010e+05 8.755471853737957222e-01 2.222238888888889051e+05 1.111129723935878865e+05 2.222239643984111899e+05 2.222240504749050306e+05 3.333349367539026425e+05 1.111129249060121947e+05 1.111129777989906434e+05 2.222236848546887632e+05 2.222238419435294345e+05 2.222241279171032656e+05 1.111128681739247550e+05 2.222236627515781438e+05 1.141159426182132447e+05 1.111128231261635665e+05 2.222239265748304606e+05 1.111124011130899162e+05 1.111127624223359016e+05 1.111126545279527054e+05
1.493244728934059795e+00 1.271142643642927839e+00 2.222237531929964316e+05 1.573587712166190977e+00 4.043728410607894184e+05 1.199522463586473409e+00 2.222238888888889051e+05 5.051615837354715977e-01 2.222238877549785539e+05 1.777777777777778123e+00 1.701211845429833724e+00 4.444454640522875125e+05 2.222237747971518256e+05 2.222239801575551683e+05 1.269383269060821773e+00 1.369440881035267177e+00 1.331813159816384928e+00 2.222237315300558403e+05 8.537938087118415176e-01 2.252268489829776809e+05 1.111125736324552563e+05 1.503975155034254607e+00 2.222238720684218861e+05 2.222238897806620225e+05 2.222237708908904460e+05
2.222238675679134030e+05 2.222232524072939123e+05 1.444779546202744402e+00 2.222237093017358857e+05 2.932618339142276673e+05 2.222239119156872621e+05 1.111129723935878865e+05 2.222238877549785539e+05 7.086168901965812505e-01 2.222238780451574421e+05 2.222238605440497922e+05 3.333346229879003949e+05 1.335969748213208685e+00 1.495974332467419066e+00 2.222236879526585399e+05 2.222238419849411293e+05 2.222238861089386337e+05 1.238428120308970870e+00 2.222233766357578861e+05 1.141164010793130437e+05 1.666681772460918291e+05 2.222238822385757812e+05 1.111130387870995037e+05 1.111128081346581312e+05 1.111130648295353894e+05
1.651896627084929792e+00 1.232487617848580186e+00 2.222237979797979933e+05 1.443686328535522145e+00 4.043727697886233800e+05 1.722880743151014027e+00 2.222239643984111899e+05 1.777777777777778123e+00 2.222238780451574421e+05 5.154394197871784433e-01 1.333848427841978213e+00 4.444454050734618795e+05 2.222237242921013094e+05 2.222239445750060549e+05 1.542470156106520385e+00 1.465093370365353032e+00 1.760892434470062939e+00 2.222237070707070525e+05 1.202278657196690581e+00 2.252272795989407459e+05 1.111129069069064135e+05 1.728746104863839950e+00 2.222239858241506154e+05 2.222240631313131307e+05 2.222240300054152613e+05
1.601522049055703167e+00 1.397933164996120414e+00 2.222235979927645822e+05 1.734775594727182346e+00 4.043730956881362945e+05 1.694954387391049089e+00 2.222240504749050306e+05 1.701211845429833724e+00 2.222238605440497922e+05 1.333848427841978213e+00 5.631280683117261265e-01 4.444455631313131307e+05 2.222237633970977331e+05 2.222239529720323917e+05 1.328195452238048357e+00 1.327466327905762133e+00 1.490189394395828204e+00 2.222235603214325383e+05 1.083591788509821408e+00 2.252271955574815802e+05 1.111128598983593984e+05 1.600668904702984063e+00 2.222241935769769188e+05 2.222241049181006383e+05 2.222241916272682720e+05
4.444454885568976169e+05 4.444455095800664276e+05 3.333344568411385990e+05 4.444456561771562556e+05 3.088368145508696907e+05 4.444454967860421748e+05 3.333349367539026425e+05 4.444454640522875125e+05 3.333346229879003949e+05 4.444454050734618795e+05 4.444455631313131307e+05 1.370999116113172495e+05 3.333346776859504171e+05 3.333347521985588246e+05 4.444453899286988308e+05 4.444453226584017975e+05 4.444455648530761246e+05 3.333346687327823602e+05 4.444452287649218924e+05 2.768052275799366180e+05 3.888902777777772862e+05 4.444454797979797586e+05 2.777794242424241384e+05 2.777792646349860006e+05 2.777794103535355534e+05
2.222238281025677861e+05 2.222231958597495686e+05 1.591029759081500794e+00 2.222236036256137886e+05 2.932618786927444744e+05 2.222237763334942865e+05 1.111129249060121947e+05 2.222237747971518256e+05 1.335969748213208685e+00 2.222237242921013094e+05 2.222237633970977331e+05 3.333346776859504171e+05 6.446811289716276594e-01 1.679474140461380660e+00 2.222237088866614504e+05 2.222237841740195581e+05 2.222237638284084096e+05 1.107853271834637443e+00 2.222232717853697541e+05 1.141163573487498943e+05 1.666680187005238258e+05 2.222238419697407517e+05 1.111130122129654046e+05 1.111128138544443500e+05 1.111130124260244920e+05
2.222239654519806209e+05 2.222234125187595200e+05 1.533140642470363968e+00 2.222238188919459062e+05 2.932619729693270056e+05 2.222239866831504332e+05 1.111129777989906288e+05 2.222239801575551683e+05 1.495974332467419288e+00 2.222239445750060549e+05 2.222239529720323917e+05 3.333347521985589992e+05 1.679474140461380882e+00 7.391646063544564660e-01 2.222237375325914763e+05 2.222238785485572880e+05 2.222239972018462722e+05 1.454192633730335249e+00 2.222234473024706822e+05 1.141163886299598962e+05 1.666683279124885157e+05 2.222239324117017095e+05 1.111130938651528268e+05 1.111129838198281068e+05 1.111129505212753429e+05
1.180445487218608536e+00 1.240532133060317399e+00 2.222235225833941950e+05 1.573879575806588882e+00 4.043728442913409672e+05 1.312091503267973858e+00 2.222236848546887632e+05 1.269383269060821773e+00 2.222236879526585399e+05 1.542470156106520385e+00 1.328195452238048357e+00 4.444453899286988308e+05 2.222237088866614504e+05 2.222237375325914763e+05 4.170150616534077925e-01 8.684021647290540713e-01 1.551390008659560449e+00 2.222236101483645907e+05 8.995985369943982901e-01 2.252266116660296684e+05 1.111127784878733073e+05 1.081827229986183303e+00 2.222236799129095161e+05 2.222236223208174924e+05 2.222237199360461382e+05
1.420783746933947711e+00 1.261175464987037920e+00 2.222236622107811272e+05 1.792028725850278947e+00 4.043729097750071087e+05 1.519651525885046039e+00 2.222238419435294345e+05 1.369440881035267177e+00 2.222238419849411293e+05 1.465093370365353032e+00 1.327466327905762133e+00 4.444453226584017975e+05 2.222237841740195581e+05 2.222238785485572880e+05 8.684021647290539603e-01 5.248230859819238425e-01 1.679918057465026537e+00 2.222237667425146501e+05 1.047618862652089033e+00 2.252268331682069402e+05 1.111128930299379281e+05 1.414297326605540750e+00 2.222238783958436397e+05 2.222236013798492495e+05 2.222237675917781889e+05
1.663866067777528990e+00 1.504288368015898936e+00 2.222235424163911666e+05 1.698017054285210214e+00 4.043731029000764247e+05 1.548235346917555377e+00 2.222241279171032656e+05 1.331813159816385150e+00 2.222238861089386337e+05 1.760892434470062939e+00 1.490189394395828204e+00 4.444455648530761246e+05 2.222237638284084096e+05 2.222239972018463013e+05 1.551390008659560005e+00 1.679918057465026759e+00 7.347789118826878463e-01 2.222235045092422515e+05 9.628479658805088048e-01 2.252271815322198963e+05 1.111126197995599796e+05 1.679954334333045196e+00 2.222241967213114549e+05 2.222241360537945002e+05 2.222241750545532850e+05
2.222236863950611150e+05 2.222231278337579570e+05 1.444026188387166787e+00 2.222235412803326908e+05 2.932618276578543009e+05 2.222237759412304440e+05 1.111128681739247550e+05 2.222237315300558403e+05 1.238428120308970870e+00 2.222237070707070525e+05 2.222235603214325383e+05 3.333346687327823602e+05 1.107853271834637665e+00 1.454192633730335249e+00 2.222236101483645907e+05 2.222237667425146501e+05 2.222235045092422515e+05 5.536047861106919710e-01 2.222231794929627504e+05 1.141162810586561682e+05 1.666678752499935217e+05 2.222237008117561636e+05 1.111129326196661132e+05 1.111128345615259168e+05 1.111129526418309833e+05
9.849451748073819735e-01 8.273194455108163758e-01 2.222230976149933995e+05 1.091167546085578977e+00 4.043727003489983035e+05 8.610252136705192072e-01 2.222236627515781438e+05 8.537938087118415176e-01 2.222233766357578861e+05 1.202278657196690581e+00 1.083591788509821408e+00 4.444452287649220088e+05 2.222232717853697541e+05 2.222234473024706822e+05 8.995985369943982901e-01 1.047618862652089033e+00 9.628479658805088048e-01 2.222231794929627504e+05 2.344667271811470555e-01 2.252266394346780144e+05 1.111122921140150283e+05 9.752396742635589533e-01 2.222236910897729103e+05 2.222236401539600338e+05 2.222236806836761534e+05
2.252268853528631735e+05 2.252268237588619813e+05 1.141162179395531566e+05 2.252273144842346373e+05 2.922878932017795742e+05 2.252268740077006514e+05 1.141159426182132447e+05 2.252268489829776809e+05 1.141164010793130437e+05 2.252272795989407459e+05 2.252271955574815802e+05 2.768052275799366180e+05 1.141163573487498943e+05 1.141163886299599108e+05 2.252266116660296684e+05 2.252268331682069402e+05 2.252271815322198963e+05 1.141162810586561682e+05 2.252266394346780144e+05 5.844676520955742490e+03 1.696718046290544153e+05 2.252268732222945546e+05 1.141160670526451722e+05 1.141161086853311572e+05 3.005091866405229666e+03
1.111127793477523082e+05 1.111122594928196486e+05 1.666684375097894226e+05 1.111126452369524341e+05 2.932617050571555737e+05 1.111128017892165662e+05 1.111128231261635665e+05 1.111125736324552563e+05 1.666681772460917709e+05 1.111129069069063989e+05 1.111128598983593984e+05 3.888902777777771116e+05 1.666680187005238258e+05 1.666683279124884575e+05 1.111127784878733073e+05 1.111128930299379281e+05 1.111126197995599796e+05 1.666678752499935217e+05 1.111122921140149992e+05 1.696718046290544153e+05 1.111118041115068627e+05 1.111128073711421166e+05 1.666684169941232249e+05 1.666684487333836732e+05 1.666684664482293010e+05
1.153691121797059793e+00 1.393212523357759469e+00 2.222236842202257540e+05 1.829471142491835733e+00 4.043729211953078047e+05 1.461089995638992001e+00 2.222239265748304606e+05 1.503975155034254607e+00 2.222238822385757812e+05 1.728746104863839950e+00 1.600668904702984063e+00 4.444454797979797586e+05 2.222238419697407517e+05 2.222239324117017095e+05 1.081827229986183303e+00 1.414297326605540972e+00 1.679954334333045196e+00 2.222237008117561636e+05 9.752396742635589533e-01 2.252268732222945546e+05 1.111128073711421457e+05 5.215611605760122060e-01 2.222239250194134365e+05 2.222239497839592805e+05 2.222239216520700138e+05
2.222239607489697810e+05 2.222234858288833057e+05 1.111133132969034050e+05 2.222237115005677042e+05 2.932618169609944453e+05 2.222237913014918449e+05 1.111124011130899307e+05 2.222238720684218861e+05 1.111130387870995037e+05 2.222239858241506154e+05 2.222241935769769188e+05 2.777794242424241384e+05 1.111130122129654046e+05 1.111130938651528413e+05 2.222236799129095161e+05 2.222238783958436397e+05 2.222241967213114549e+05 1.111129326196661132e+05 2.222236910897729103e+05 1.141160670526451722e+05 1.666684169941232249e+05 2.222239250194134365e+05 7.316164443198061029e-01 1.732244171183667358e+00 1.111128049520132481e+05
2.222240097898044914e+05 2.222233412587865605e+05 1.111131843554283114e+05 2.222238485727134976e+05 2.932618049574024044e+05 2.222239771005509538e+05 1.111127624223359016e+05 2.222238897806620225e+05 1.111128081346581312e+05 2.222240631313131307e+05 2.222241049181006383e+05 2.777792646349860006e+05 1.111128138544443500e+05 1.111129838198281359e+05 2.222236223208174924e+05 2.222236013798492495e+05 2.222241360537945002e+05 1.111128345615259168e+05 2.222236401539600338e+05 1.141161086853311572e+05 1.666684487333837023e+05 2.222239497839592805e+05 1.732244171183667358e+00 5.265464509561529338e-01 1.111126172015561169e+05
2.222239781054802297e+05 2.222233098977919144e+05 1.111133409828747244e+05 2.222238386186033895e+05 2.932618511331268237e+05 2.222238838081564463e+05 1.111126545279527054e+05 2.222237708908904460e+05 1.111130648295353894e+05 2.222240300054152613e+05 2.222241916272682720e+05 2.777794103535355534e+05 1.111130124260244920e+05 1.111129505212753575e+05 2.222237199360461382e+05 2.222237675917781889e+05 2.222241750545532850e+05 1.111129526418309833e+05 2.222236806836761534e+05 3.005091866405229666e+03 1.666684664482293592e+05 2.222239216520700138e+05 1.111128049520132481e+05 1.111126172015561169e+05 6.259381905641724364e-01
