1.048786536670156602e+04 1.792520130069695006e+05 8.526934976460890903e+04 2.856201312097865739e+05 1.128172357358559093e+05 6.942920150146369997e+04 1.128175565360345936e+05 1.346917084335327963e+05 2.360009539227376226e+05 8.716323493969351694e+04 1.128176693859124643e+05 7.444693024122176575e+04 1.121982970291690726e+05 4.232555028965668316e+04 4.345137789741436718e+05 1.128175526510570635e+05 7.955923024810590141e+04 1.128173868835923495e+05 1.128175941655750357e+05 7.149537130544634419e+04 3.548818429195219651e+05 1.128176676883665350e+05 4.199193086913423031e+04 6.403840059578994260e+04 1.128174491198613250e+05
1.792520130069694715e+05 4.864184523299607099e+04 2.042159744193006773e+05 2.209980736917017493e+05 2.042156622202591971e+05 2.021499938496916147e+05 2.042158589248826320e+05 9.710114557579204848e+04 1.421246072851573990e+05 1.457311884334134811e+05 2.042159516479420126e+05 2.042160879429833731e+05 1.313364422686399193e+05 1.930000906714205048e+05 3.755233249656581902e+05 2.042158126487324189e+05 2.042161011172284489e+05 2.042157262952711026e+05 2.042159070767171506e+05 2.042159744579518156e+05 2.871874232877963805e+05 2.042159847446485364e+05 1.628053495837181399e+05 1.996247188843239564e+05 2.042157692312784493e+05
8.526934976460890903e+04 2.042159744193006482e+05 1.126483456248590664e+04 3.145455661381750833e+05 4.727157968430806068e+04 3.493562750721309567e+04 4.727193272525924112e+04 1.632804061154029041e+05 2.607941522129967343e+05 1.310154721540749160e+05 3.591449089544808521e+04 2.389637264953017439e+04 1.418657664561905258e+05 6.279096597380807361e+04 4.593071043295285199e+05 4.727191900585290568e+04 1.078292738979067508e+04 4.727177128814528987e+04 4.707508879405158950e+04 3.286949769436522183e+04 3.838073532637528260e+05 4.313967969002222526e+04 1.077677606413849862e+05 4.616734128217428224e+04 4.727183018198040372e+04
2.856201312097865739e+05 2.209980736917017784e+05 3.145455661381750833e+05 6.684914157350045571e+04 2.980163905809158459e+05 3.124795588384249131e+05 2.980165223131217062e+05 2.500548248399269942e+05 1.650746787421502813e+05 2.637784653750576545e+05 2.980165688733294373e+05 3.145456629433847265e+05 2.599273229968849046e+05 3.033296934536679764e+05 2.910503610402272316e+05 2.980164965396351763e+05 3.145456778703249875e+05 2.980164573035240755e+05 2.980165327828517184e+05 3.145456688106885413e+05 2.088530155354094459e+05 2.980166045736679807e+05 2.785610063699949533e+05 3.099542727400007425e+05 2.980164489635975915e+05
1.128172357358559093e+05 2.042156622202591971e+05 4.727157968430806068e+04 2.980163905809157877e+05 3.962936979607396548e-01 7.231544706376855902e+04 1.026883567269568642e+00 1.798090024510999210e+05 2.442648717186930880e+05 1.475438841321636282e+05 1.135850649447732030e+04 6.578585428907378810e+04 1.583942723112241656e+05 9.603683989758871030e+04 4.427779842411029385e+05 9.490034336577418683e-01 5.805308046779936558e+04 7.656168157908673777e-01 1.978789068327603786e+02 7.024928546167786408e+04 3.672780971693092142e+05 4.133396456589493937e+03 1.316423888821717992e+05 8.354712032880718471e+04 8.859200154379054393e-01
6.942920150146369997e+04 2.021499938496915856e+05 3.493562750721309567e+04 3.124795588384249131e+05 7.231544706376855902e+04 5.852075662012309294e+03 7.231581991171733534e+04 1.612144191078899894e+05 2.587281424338300421e+05 1.254075331874057592e+05 6.863275960019949707e+04 1.550720402372814897e+04 1.397997306127395714e+05 4.216876674208629265e+04 4.572410686659730272e+05 7.231579190045963333e+04 2.666061919238735209e+04 7.231563477214488375e+04 7.231581162450743432e+04 7.046665530666784434e+03 3.817413618575892760e+05 7.231587419607595075e+04 9.380427243956226448e+04 1.470966027847917758e+04 7.231573762944531336e+04
1.128175565360345936e+05 2.042158589248826029e+05 4.727193272525924112e+04 2.980165223131217062e+05 1.026883567269568642e+00 7.231581991171733534e+04 5.791467517503294804e-01 1.798092505347977276e+05 2.442650706453098683e+05 1.475442109764833585e+05 1.135884026127653306e+04 6.578623073418550484e+04 1.583945245665572584e+05 9.603718114492557652e+04 4.427780587841625675e+05 1.151991648033086735e+00 5.805345657108112937e+04 1.153895472433311031e+00 1.981081183638897869e+02 7.024963862568551849e+04 3.672782139456084114e+05 4.133688296872613137e+03 1.316427683171051613e+05 8.354747427143939422e+04 1.152986483079618818e+00
1.346917084335327963e+05 9.710114557579204848e+04 1.632804061154029041e+05 2.500548248399269651e+05 1.798090024510999210e+05 1.612144191078899894e+05 1.798092505347977276e+05 3.927839133095861325e+04 1.836032347625008842e+05 8.966790568198099209e+04 1.798093916846531793e+05 1.632804930571784789e+05 7.169481328850270074e+04 1.508853447319302941e+05 3.964642636117894435e+05 1.798092437225739704e+05 1.632805397032764449e+05 1.798091305474241381e+05 1.798092811150105845e+05 1.632805549024099601e+05 3.201917099060706096e+05 1.798093970912855875e+05 1.155786713882550976e+05 1.586892010710878531e+05 1.798091924444900651e+05
2.360009539227376226e+05 1.421246072851573990e+05 2.607941522129967634e+05 1.650746787421502813e+05 2.442648717186931462e+05 2.587281424338301586e+05 2.442650706453098683e+05 1.836032347625008842e+05 5.665946903945326630e+04 2.109545154027974640e+05 2.442651376012810506e+05 2.607942027811443841e+05 1.984385992496438848e+05 2.495782277552074520e+05 3.305817729929947527e+05 2.442650183464484289e+05 2.607942196150547534e+05 2.442649627658624959e+05 2.442650925290974556e+05 2.607941768468611699e+05 2.523958851076457358e+05 2.442650931930666848e+05 2.256527655566669127e+05 2.562028773825443932e+05 2.442649951052634569e+05
8.716323493969350238e+04 1.457311884334134811e+05 1.310154721540749160e+05 2.637784653750577709e+05 1.475438841321636282e+05 1.254075331874057592e+05 1.475442109764833585e+05 8.966790568198099209e+04 2.109545154027975514e+05 2.113298031534505935e+04 1.475444241335758416e+05 1.300034956959441624e+05 5.452762394500166556e+04 1.106676210521279136e+05 4.126715924117741524e+05 1.475441688563844946e+05 1.310154258356720529e+05 1.475440326149734028e+05 1.475442962676555908e+05 1.274736205375787831e+05 3.336303914156547980e+05 1.475443273888481490e+05 5.747866436049241020e+04 1.228823246785033552e+05 1.475441214027167298e+05
1.128176693859124643e+05 2.042159516479420708e+05 3.591449089544808521e+04 2.980165688733294373e+05 1.135850649447732212e+04 6.863275960019949707e+04 1.135884026127653306e+04 1.798093916846531793e+05 2.442651376012809924e+05 1.475444241335758416e+05 5.047210289419204855e+03 5.908125295079663192e+04 1.583948009618372016e+05 9.376028703159109864e+04 4.427781057791989297e+05 1.135884593914165271e+04 4.669616315300983115e+04 1.135870289330025480e+04 1.116194552179052152e+04 6.656657556756999111e+04 3.672783735215354245e+05 7.226398822468116123e+03 1.316429651696627552e+05 7.986440850443975069e+04 1.135878708743789684e+04
7.444693024122176575e+04 2.042160879429833149e+05 2.389637264953016711e+04 3.145456629433847265e+05 6.578585428907378810e+04 1.550720402372814897e+04 6.578623073418550484e+04 1.632804930571784789e+05 2.607942027811443259e+05 1.300034956959441624e+05 5.908125295079663192e+04 8.023750530810463715e+03 1.418658460364011116e+05 4.988686500217577850e+04 4.593071406466166372e+05 6.578620106070689508e+04 1.397768804906806145e+04 6.578607285528542707e+04 6.576275882819081016e+04 1.061812630817345234e+04 3.838073990522499662e+05 6.529431793615257629e+04 9.882197373468795558e+04 2.897897121408534440e+04 6.578614757947626640e+04
1.121982970291690726e+05 1.313364422686399193e+05 1.418657664561905258e+05 2.599273229968848464e+05 1.583942723112241656e+05 1.397997306127395714e+05 1.583945245665572584e+05 7.169481328850270074e+04 1.984385992496437975e+05 5.452762394500166556e+04 1.583948009618372016e+05 1.418658460364011116e+05 1.722295605765956498e+04 1.292248719321339013e+05 4.014380518299367977e+05 1.583944925706086797e+05 1.418657727968332474e+05 1.583944116094704077e+05 1.583946308684627002e+05 1.418658680366849585e+05 3.342026455543874181e+05 1.583946714430981956e+05 8.992298017795298074e+04 1.372745895395564148e+05 1.583944592618601746e+05
4.232555028965668316e+04 1.930000906714205048e+05 6.279096597380807361e+04 3.033296934536679764e+05 9.603683989758871030e+04 4.216876674208629993e+04 9.603718114492557652e+04 1.508853447319302941e+05 2.495782277552074520e+05 1.106676210521279136e+05 9.376028703159106954e+04 4.988686500217577122e+04 1.292248719321339158e+05 1.232656569648579534e+04 4.480911765287091839e+05 9.603715297192728030e+04 5.540033659878292383e+04 9.603701076040984481e+04 9.603725323008389387e+04 4.605501133728348941e+04 3.725913337376199197e+05 9.603725358169928950e+04 7.418164874090994999e+04 3.124367354412094210e+04 9.603709866109161521e+04
4.345137789741436718e+05 3.755233249656582484e+05 4.593071043295285199e+05 2.910503610402272316e+05 4.427779842411029385e+05 4.572410686659730272e+05 4.427780587841625675e+05 3.964642636117894435e+05 3.305817729929946363e+05 4.126715924117741524e+05 4.427781057791989879e+05 4.593071406466166954e+05 4.014380518299367977e+05 4.480911765287091839e+05 1.027543566044134350e+05 4.427780524689845042e+05 4.593071704401096795e+05 4.427780125518942950e+05 4.427780828921304201e+05 4.593071506792580476e+05 2.415149060649826424e+05 4.427781541392105282e+05 4.274547085006779525e+05 4.547157368440246210e+05 4.427780266953310347e+05
1.128175526510570635e+05 2.042158126487324189e+05 4.727191900585290568e+04 2.980164965396351763e+05 9.490034336577418683e-01 7.231579190045963333e+04 1.151991648033086735e+00 1.798092437225739704e+05 2.442650183464484289e+05 1.475441688563844946e+05 1.135884593914165271e+04 6.578620106070689508e+04 1.583944925706086797e+05 9.603715297192728030e+04 4.427780524689845042e+05 5.978337548337103735e-01 5.805344371144237084e+04 1.164627241763729559e+00 1.980986566312545278e+02 7.024962682126488653e+04 3.672781821319544106e+05 4.133680383775516020e+03 1.316427139589120343e+05 8.354745204230659874e+04 1.103683876502495442e+00
7.955923024810590141e+04 2.042161011172284489e+05 1.078292738979067508e+04 3.145456778703249292e+05 5.805308046779936558e+04 2.666061919238735209e+04 5.805345657108112937e+04 1.632805397032764449e+05 2.607942196150546370e+05 1.310154258356720529e+05 4.669616315300983115e+04 1.397768804906806145e+04 1.418657727968332183e+05 5.540033659878291655e+04 4.593071704401096795e+05 5.805344371144237084e+04 3.823738672094444837e+02 5.805327868015599233e+04 5.785667103153256176e+04 2.459453353224211969e+04 3.838073229976419243e+05 5.392120419626608054e+04 1.038960254980422760e+05 3.789236502792414831e+04 5.805334837870277988e+04
1.128173868835923495e+05 2.042157262952711026e+05 4.727177128814528987e+04 2.980164573035240755e+05 7.656168157908673777e-01 7.231563477214488375e+04 1.153895472433311031e+00 1.798091305474241381e+05 2.442649627658624668e+05 1.475440326149734028e+05 1.135870289330025480e+04 6.578607285528542707e+04 1.583944116094704077e+05 9.603701076040984481e+04 4.427780125518942950e+05 1.164627241763729559e+00 5.805327868015599233e+04 5.212967350383373999e-01 1.980815086371734424e+02 7.024949635764746927e+04 3.672781497819009819e+05 4.133612541299481563e+03 1.316425512876380526e+05 8.354729750671428337e+04 1.022703222238422027e+00
1.128175941655750357e+05 2.042159070767171506e+05 4.707508879405158950e+04 2.980165327828516020e+05 1.978789068327603786e+02 7.231581162450743432e+04 1.981081183638897869e+02 1.798092811150106136e+05 2.442650925290974556e+05 1.475442962676555908e+05 1.116194552179052152e+04 6.576275882819081016e+04 1.583946308684627002e+05 9.603725323008389387e+04 4.427780828921304201e+05 1.980986566312545563e+02 5.785667103153256176e+04 1.980815086371734424e+02 3.754716763294003954e+02 7.024964133640333603e+04 3.672782652507048915e+05 3.936691963880733510e+03 1.316428531609575148e+05 8.354744835005261120e+04 1.981639926206755717e+02
7.149537130544634419e+04 2.042159744579518156e+05 3.286949769436522183e+04 3.145456688106886577e+05 7.024928546167786408e+04 7.046665530666783525e+03 7.024963862568551849e+04 1.632805549024099601e+05 2.607941768468611117e+05 1.274736205375787831e+05 6.656657556756999111e+04 1.061812630817345416e+04 1.418658680366849585e+05 4.605501133728349669e+04 4.593071506792579312e+05 7.024962682126488653e+04 2.459453353224211969e+04 7.024949635764746927e+04 7.024964133640333603e+04 6.698635899865613696e-01 3.838074262372357189e+05 7.024968364402727457e+04 9.587047164230291673e+04 2.156386661995557006e+04 7.024955949483010045e+04
3.548818429195219651e+05 2.871874232877964387e+05 3.838073532637527096e+05 2.088530155354094459e+05 3.672780971693092724e+05 3.817413618575892760e+05 3.672782139456084114e+05 3.201917099060706096e+05 2.523958851076457067e+05 3.336303914156547980e+05 3.672783735215354245e+05 3.838073990522499662e+05 3.342026455543873599e+05 3.725913337376199197e+05 2.415149060649826424e+05 3.672781821319544688e+05 3.838073229976418079e+05 3.672781497819009819e+05 3.672782652507048333e+05 3.838074262372357189e+05 1.024012412769289367e+05 3.672782846682503587e+05 3.478226752013037330e+05 3.792160090500715887e+05 3.672781341444397112e+05
1.128176676883665350e+05 2.042159847446485364e+05 4.313967969002222526e+04 2.980166045736679807e+05 4.133396456589493937e+03 7.231587419607595075e+04 4.133688296872613137e+03 1.798093970912856457e+05 2.442650931930666848e+05 1.475443273888481490e+05 7.226398822468115213e+03 6.529431793615257629e+04 1.583946714430981956e+05 9.603725358169928950e+04 4.427781541392104700e+05 4.133680383775516020e+03 5.392120419626608054e+04 4.133612541299481563e+03 3.936691963880733510e+03 7.024968364402727457e+04 3.672782846682503587e+05 6.434610777113043412e-01 1.316428482092873019e+05 8.354756756082453649e+04 4.133684349643495807e+03
4.199193086913423031e+04 1.628053495837181399e+05 1.077677606413850008e+05 2.785610063699948951e+05 1.316423888821717992e+05 9.380427243956226448e+04 1.316427683171051613e+05 1.155786713882550976e+05 2.256527655566668545e+05 5.747866436049241020e+04 1.316429651696627552e+05 9.882197373468795558e+04 8.992298017795298074e+04 7.418164874090996454e+04 4.274547085006779525e+05 1.316427139589120343e+05 1.038960254980422760e+05 1.316425512876380526e+05 1.316428531609575148e+05 9.587047164230291673e+04 3.478226752013038495e+05 1.316428482092873019e+05 2.588092560296509691e+04 9.127907422001070518e+04 1.316426649002300401e+05
6.403840059578994260e+04 1.996247188843239564e+05 4.616734128217428224e+04 3.099542727400008007e+05 8.354712032880718471e+04 1.470966027847917758e+04 8.354747427143939422e+04 1.586892010710878239e+05 2.562028773825443350e+05 1.228823246785033552e+05 7.986440850443975069e+04 2.897897121408534440e+04 1.372745895395564148e+05 3.124367354412093846e+04 4.547157368440246210e+05 8.354745204230658419e+04 3.789236502792414831e+04 8.354729750671428337e+04 8.354744835005261120e+04 2.156386661995557006e+04 3.792160090500715887e+05 8.354756756082453649e+04 9.127907422001070518e+04 6.011655678340153827e+03 8.354737186445253610e+04
1.128174491198613250e+05 2.042157692312784493e+05 4.727183018198040372e+04 2.980164489635975915e+05 8.859200154379054393e-01 7.231573762944531336e+04 1.152986483079618818e+00 1.798091924444900651e+05 2.442649951052634569e+05 1.475441214027167589e+05 1.135878708743789684e+04 6.578614757947626640e+04 1.583944592618601746e+05 9.603709866109160066e+04 4.427780266953310347e+05 1.103683876502495442e+00 5.805334837870277988e+04 1.022703222238422027e+00 1.981639926206755433e+02 7.024955949483010045e+04 3.672781341444396530e+05 4.133684349643495807e+03 1.316426649002300110e+05 8.354737186445255065e+04 5.800205571418837192e-01
