7.847794767000622063e-01 2.941358938430181297e+04 2.941193968908023671e+05 5.882516237683524378e+04 5.746614523571619065e+05 1.848758466909524286e+05 2.941192465200365987e+05 5.882531465094310988e+04 5.882505872342262592e+04 1.293386609982598356e+00 5.882479985669751477e+04 1.235227566580985981e+00 1.176490539072960382e+05 2.352960126572742593e+05 3.843276664106457611e+05 1.176488633466321917e+05 2.928406816119541181e+05 1.764725149106413010e+05 5.882517058809640730e+04 5.882532977778994245e+04 5.882514965611324442e+04 5.882520811781939119e+04 1.348294054491127270e+00 2.941194276674566208e+05 1.570496870434496959e+05
2.941358938430181661e+04 2.941239240863210216e+04 2.647078323140817811e+05 8.823714056848225300e+04 5.452499732321820920e+05 1.554640390351736278e+05 2.647076003164315480e+05 8.823718278296018252e+04 8.823687101955997059e+04 2.941347248507352924e+04 8.823674663412300288e+04 2.941311065232017791e+04 8.823699955607028096e+04 2.058840924067184096e+05 3.549160886644682614e+05 8.823706346205428417e+04 2.634292371440310380e+05 1.470607938249994768e+05 8.823708784284059948e+04 8.823707905323132582e+04 8.823712174555083038e+04 8.823722308890665590e+04 2.941364650215695656e+04 2.647077323581191013e+05 1.276377743840421317e+05
2.941193968908023671e+05 2.647078323140817229e+05 3.484713680222328549e+04 2.941194388521703077e+05 3.968087603534968221e+05 2.268929794987187779e+05 5.687800985761106858e+04 2.941194136870191433e+05 2.941192600818462088e+05 2.941192889964535716e+05 2.941190834218875971e+05 2.941191486656610505e+05 2.352960652055656246e+05 1.764727442925297073e+05 2.666803837788581732e+05 2.352960069626705663e+05 1.022409290819523449e+05 2.352961205192001653e+05 2.941194363793914090e+05 2.941195731923150597e+05 2.941193775736822281e+05 2.941193092605377315e+05 2.941193932717948337e+05 5.844861466571073834e+04 2.352961961447700160e+05
5.882516237683524378e+04 8.823714056848225300e+04 2.941194388521703077e+05 8.416654564114880444e-01 5.746616298699851613e+05 1.848758653896340693e+05 2.941193367136630113e+05 5.882479814989394799e+04 5.882522580121203646e+04 5.882514331911449699e+04 5.882467356289631425e+04 5.882489139478564175e+04 1.176489841632246680e+05 1.764725500400168530e+05 3.255042966133111040e+05 1.176489989987704175e+05 2.928408911992320791e+05 1.764724916442947579e+05 5.882534433726250427e+04 5.882525190846648184e+04 1.513481210352195516e+00 1.439391071781993547e+00 5.882521240211756958e+04 2.941195206298616249e+05 1.570495661289406999e+05
5.746614523571619065e+05 5.452499732321820920e+05 3.968087603534967639e+05 5.746616298699851613e+05 1.556321761962560122e+05 5.074350074003076879e+05 3.981911554950485588e+05 5.746616370728663169e+05 5.746615266770217568e+05 5.746614221084390301e+05 5.746614204775399994e+05 5.746614656405961141e+05 5.158382722104567802e+05 4.570148747876965208e+05 4.344497487910548225e+05 5.158381300278992858e+05 3.981908735578380874e+05 5.158383026243144996e+05 5.746616543438376393e+05 5.746617515873112716e+05 5.746614236970135244e+05 5.746614356573887635e+05 5.746615194258074043e+05 3.981908401341901044e+05 5.158384023893684498e+05
1.848758466909524286e+05 1.554640390351736278e+05 2.268929794987187779e+05 1.848758653896340693e+05 5.074350074003076879e+05 2.068888097032811129e+04 2.268926889200943115e+05 1.848758746033239004e+05 1.848756699571556528e+05 1.848756618914424325e+05 1.848755083699362585e+05 1.848755565692771925e+05 6.722867624459517538e+04 1.670950494684911682e+05 3.171011587363817380e+05 6.722868337050055561e+04 2.252687437590371410e+05 6.722848976686545939e+04 1.848759848682571901e+05 1.848759223076334456e+05 1.848758924934752577e+05 1.848757955063239788e+05 1.848759005259742844e+05 2.268928096850118309e+05 6.638034779171159607e+04
2.941192465200365987e+05 2.647076003164314898e+05 5.687800985761106858e+04 2.941193367136630113e+05 3.981911554950485006e+05 2.268926889200943115e+05 2.434494818329534246e+04 2.941193953086354304e+05 2.941190308537518140e+05 2.941191077393502346e+05 2.941189788112280075e+05 2.941189554055228946e+05 2.352957783357426524e+05 1.764724303997274255e+05 2.666807848297028686e+05 2.352957810576862830e+05 1.021417612133194780e+05 2.352958881602419715e+05 2.941191942621977651e+05 2.941194092427168507e+05 2.941194228807542822e+05 2.941193919583405950e+05 2.941193565190003137e+05 5.785212066538321960e+04 2.352961066253732715e+05
5.882531465094310988e+04 8.823718278296016797e+04 2.941194136870191433e+05 5.882479814989394799e+04 5.746616370728663169e+05 1.848758746033239004e+05 2.941193953086354304e+05 7.819135230508795775e-01 1.815659031200867357e+00 5.882518156793662638e+04 1.176923216111580128e+00 5.882493539356286055e+04 1.176488596159193985e+05 2.352960604385518818e+05 3.843277541409892146e+05 1.176488907816018473e+05 2.928409406626854325e+05 1.764723821480997722e+05 1.932162826444244752e+00 1.831800583911496361e+00 5.882502466400939011e+04 5.882488296051129873e+04 5.882525135996712925e+04 2.941194631825594115e+05 1.570495258694595832e+05
5.882505872342262592e+04 8.823687101955995604e+04 2.941192600818462088e+05 5.882522580121203646e+04 5.746615266770217568e+05 1.848756699571555946e+05 2.941190308537518140e+05 1.815659031200867357e+00 7.757567789610532172e-01 5.882494281548206345e+04 1.269795312224994310e+00 5.882462185674229841e+04 1.176487726326195407e+05 2.352956526192105666e+05 3.843275168332669418e+05 1.176488541770022566e+05 2.928406313498906675e+05 1.764723229326018482e+05 1.599128880929815644e+00 1.538783901013642819e+00 5.882527596057447226e+04 5.882530995070203790e+04 5.882516980156628415e+04 2.941192502486926969e+05 1.570495039683641517e+05
1.293386609982598356e+00 2.941347248507352560e+04 2.941192889964535716e+05 5.882514331911449699e+04 5.746614221084391465e+05 1.848756618914424325e+05 2.941191077393502928e+05 5.882518156793662638e+04 5.882494281548206345e+04 7.978352824496864892e-01 5.882465548597341694e+04 1.155979279231883261e+00 1.176488772853467235e+05 2.352958555944088148e+05 3.843275326748678344e+05 1.176487139058203320e+05 2.928406462498802575e+05 1.764723700887659797e+05 5.882512696478878934e+04 5.882534683945286088e+04 5.882493936877169472e+04 5.882512652509718464e+04 1.414575140612875925e+00 2.941193245166570414e+05 1.570496614622274938e+05
5.882479985669751477e+04 8.823674663412300288e+04 2.941190834218875971e+05 5.882467356289631425e+04 5.746614204775399994e+05 1.848755083699362585e+05 2.941189788112280075e+05 1.176923216111580128e+00 1.269795312224994310e+00 5.882465548597341694e+04 4.697240418598621625e-01 5.882450696088955010e+04 1.176485772961334878e+05 2.352956395653955115e+05 3.843273911221963353e+05 1.176484739812926127e+05 2.928405345796943875e+05 1.764720081156764063e+05 1.431627528562481544e+00 1.475334369945114910e+00 5.882469033940672671e+04 5.882475299215607083e+04 5.882487687742872367e+04 2.941191841748652514e+05 1.570491687353617162e+05
1.235227566580985981e+00 2.941311065232017427e+04 2.941191486656610505e+05 5.882489139478564175e+04 5.746614656405961141e+05 1.848755565692771925e+05 2.941189554055228946e+05 5.882493539356286055e+04 5.882462185674229841e+04 1.155979279231883261e+00 5.882450696088955010e+04 5.836656810264108097e-01 1.176486392504034302e+05 2.352956846865462430e+05 3.843275354293597047e+05 1.176486782518315304e+05 2.928406731131548877e+05 1.764722169217359915e+05 5.882502321398490312e+04 5.882495901020050223e+04 5.882492583253648627e+04 5.882498003228481684e+04 1.316437966546095684e+00 2.941192257516994141e+05 1.570493866701736697e+05
1.176490539072960382e+05 8.823699955607028096e+04 2.352960652055656537e+05 1.176489841632246680e+05 5.158382722104568966e+05 6.722867624459517538e+04 2.352957783357426815e+05 1.176488596159193985e+05 1.176487726326195407e+05 1.176488772853467235e+05 1.176485772961334878e+05 1.176486392504034302e+05 7.872681430711111483e-01 1.764724075305923179e+05 3.255043751757246791e+05 1.428782381929311285e+00 2.340175167704157066e+05 5.882524984880854026e+04 1.176490161740454350e+05 1.176490414903816127e+05 1.176490497895588778e+05 1.176489576853839681e+05 1.176491455769996246e+05 2.352959875664245337e+05 3.940228706249959941e+04
2.352960126572742593e+05 2.058840924067184096e+05 1.764727442925297364e+05 1.764725500400168530e+05 4.570148747876966372e+05 1.670950494684911682e+05 1.764724303997274255e+05 2.352960604385518818e+05 2.352956526192105666e+05 2.352958555944088148e+05 2.352956395653955115e+05 2.352956846865462430e+05 1.764724075305923179e+05 2.434491975207969881e+04 2.078573550034158689e+05 1.764723539070149709e+05 1.734086877832814644e+05 1.764724455776531249e+05 2.352959905738765083e+05 2.352959094610465982e+05 1.764725644767675258e+05 1.764725063560249982e+05 2.352960883337132109e+05 1.764724384792800411e+05 1.720903016332799161e+05
3.843276664106457611e+05 3.549160886644682614e+05 2.666803837788581732e+05 3.255042966133111040e+05 4.344497487910548225e+05 3.171011587363817380e+05 2.666807848297028686e+05 3.843277541409892146e+05 3.843275168332668836e+05 3.843275326748678344e+05 3.843273911221963353e+05 3.843275354293597047e+05 3.255043751757246791e+05 2.078573550034158689e+05 1.275549626512941322e+05 3.255042147409805330e+05 2.267681834679312014e+05 3.255042966835888219e+05 3.843277861770369927e+05 3.843278216524693416e+05 3.255042123533803970e+05 3.255042029300081776e+05 3.843276850397581584e+05 2.666802387696302030e+05 3.255044225716271321e+05
1.176488633466321917e+05 8.823706346205428417e+04 2.352960069626705663e+05 1.176489989987704175e+05 5.158381300278992858e+05 6.722868337050055561e+04 2.352957810576862830e+05 1.176488907816018473e+05 1.176488541770022566e+05 1.176487139058203320e+05 1.176484739812926127e+05 1.176486782518315304e+05 1.428782381929311285e+00 1.764723539070149709e+05 3.255042147409804165e+05 7.460072393707535277e-01 2.340172588816722855e+05 5.882521702999743138e+04 1.176489024125856231e+05 1.176491357023551973e+05 1.176488962953096197e+05 1.176488772026704246e+05 1.176489133754504874e+05 2.352960560719058558e+05 3.940251622664812749e+04
2.928406816119541181e+05 2.634292371440310380e+05 1.022409290819523303e+05 2.928408911992320791e+05 3.981908735578380292e+05 2.252687437590371410e+05 1.021417612133194489e+05 2.928409406626854325e+05 2.928406313498907257e+05 2.928406462498802575e+05 2.928405345796943875e+05 2.928406731131548877e+05 2.340175167704156775e+05 1.734086877832814353e+05 2.267681834679312014e+05 2.340172588816722855e+05 5.948123027511230612e+04 2.340174534983820340e+05 2.928408384534923825e+05 2.928410383504285128e+05 2.928407685859611374e+05 2.928408360255010775e+05 2.928407164491036092e+05 1.022723138424130884e+05 2.324625964821699017e+05
1.764725149106413010e+05 1.470607938249994768e+05 2.352961205192001944e+05 1.764724916442947579e+05 5.158383026243144996e+05 6.722848976686547394e+04 2.352958881602420006e+05 1.764723821480997722e+05 1.764723229326018482e+05 1.764723700887659797e+05 1.764720081156764063e+05 1.764722169217359915e+05 5.882524984880853299e+04 1.764724455776531540e+05 3.255042966835888219e+05 5.882521702999744593e+04 2.340174534983820340e+05 8.798143860259807214e-01 1.764726055335287238e+05 1.764725554453495715e+05 1.764725494080554345e+05 1.764725030718830531e+05 1.764726334850363783e+05 2.352962450688643148e+05 3.440790057760124910e+04
5.882517058809640730e+04 8.823708784284059948e+04 2.941194363793914090e+05 5.882534433726250427e+04 5.746616543438376393e+05 1.848759848682571901e+05 2.941191942621977651e+05 1.932162826444244752e+00 1.599128880929815644e+00 5.882512696478878934e+04 1.431627528562481544e+00 5.882502321398490312e+04 1.176490161740454350e+05 2.352959905738765083e+05 3.843277861770369927e+05 1.176489024125856231e+05 2.928408384534923825e+05 1.764726055335287238e+05 8.129523767790571842e-01 1.702445737980254226e+00 5.882527516943436058e+04 5.882528819368359837e+04 5.882508702141339018e+04 2.941195574929799768e+05 1.570498260756317177e+05
5.882532977778994245e+04 8.823707905323132582e+04 2.941195731923150597e+05 5.882525190846648184e+04 5.746617515873111552e+05 1.848759223076334456e+05 2.941194092427168507e+05 1.831800583911496361e+00 1.538783901013642819e+00 5.882534683945286088e+04 1.475334369945114910e+00 5.882495901020050223e+04 1.176490414903816127e+05 2.352959094610465982e+05 3.843278216524693416e+05 1.176491357023551973e+05 2.928410383504285128e+05 1.764725554453495715e+05 1.702445737980254226e+00 7.346019463823210138e-01 5.882536365180248686e+04 5.882536769493908650e+04 5.882537020844222570e+04 2.941195148987193243e+05 1.570496502447940875e+05
5.882514965611324442e+04 8.823712174555081583e+04 2.941193775736822281e+05 1.513481210352195516e+00 5.746614236970134079e+05 1.848758924934752577e+05 2.941194228807542822e+05 5.882502466400939011e+04 5.882527596057447226e+04 5.882493936877169472e+04 5.882469033940672671e+04 5.882492583253648627e+04 1.176490497895588778e+05 1.764725644767675258e+05 3.255042123533803970e+05 1.176488962953096197e+05 2.928407685859611374e+05 1.764725494080554345e+05 5.882527516943436058e+04 5.882536365180248686e+04 7.713314949136544918e-01 1.472119502115662337e+00 5.882502932427766791e+04 2.941194884065125952e+05 1.570496804802833358e+05
5.882520811781939119e+04 8.823722308890665590e+04 2.941193092605377315e+05 1.439391071781993547e+00 5.746614356573887635e+05 1.848757955063240079e+05 2.941193919583405950e+05 5.882488296051129873e+04 5.882530995070203790e+04 5.882512652509718464e+04 5.882475299215607083e+04 5.882498003228481684e+04 1.176489576853839681e+05 1.764725063560250273e+05 3.255042029300081776e+05 1.176488772026704246e+05 2.928408360255010775e+05 1.764725030718830531e+05 5.882528819368359837e+04 5.882536769493908650e+04 1.472119502115662337e+00 7.361840248782492990e-01 5.882506573090863094e+04 2.941193001497013611e+05 1.570496056653595297e+05
1.348294054491127270e+00 2.941364650215695292e+04 2.941193932717948337e+05 5.882521240211756958e+04 5.746615194258075207e+05 1.848759005259742844e+05 2.941193565190003137e+05 5.882525135996712925e+04 5.882516980156628415e+04 1.414575140612875925e+00 5.882487687742872367e+04 1.316437966546095684e+00 1.176491455769996246e+05 2.352960883337132109e+05 3.843276850397581584e+05 1.176489133754504874e+05 2.928407164491036092e+05 1.764726334850363783e+05 5.882508702141339018e+04 5.882537020844222570e+04 5.882502932427766791e+04 5.882506573090863094e+04 7.033239925170357010e-01 2.941194927844237536e+05 1.570498589261528687e+05
2.941194276674566208e+05 2.647077323581190431e+05 5.844861466571073834e+04 2.941195206298616249e+05 3.981908401341901626e+05 2.268928096850118018e+05 5.785212066538321960e+04 2.941194631825594115e+05 2.941192502486926969e+05 2.941193245166570414e+05 2.941191841748652514e+05 2.941192257516994141e+05 2.352959875664245337e+05 1.764724384792800411e+05 2.666802387696302030e+05 2.352960560719058558e+05 1.022723138424130884e+05 2.352962450688643148e+05 2.941195574929799768e+05 2.941195148987193243e+05 2.941194884065125952e+05 2.941193001497013029e+05 2.941194927844237536e+05 3.245954830760161349e+04 2.352960973084316356e+05
1.570496870434496959e+05 1.276377743840421317e+05 2.352961961447700160e+05 1.570495661289406999e+05 5.158384023893684498e+05 6.638034779171161063e+04 2.352961066253732715e+05 1.570495258694595832e+05 1.570495039683641517e+05 1.570496614622275229e+05 1.570491687353617162e+05 1.570493866701736697e+05 3.940228706249959941e+04 1.720903016332799161e+05 3.255044225716271321e+05 3.940251622664812749e+04 2.324625964821699017e+05 3.440790057760124910e+04 1.570498260756317177e+05 1.570496502447940875e+05 1.570496804802833358e+05 1.570496056653595297e+05 1.570498589261528687e+05 2.352960973084316356e+05 3.845914805535298365e+04
