7.686136076549803242e-01 1.778315382738454575e+00 1.782553693916996417e+05 1.606204464226813400e+00 1.192346106188029387e+00 1.832172488411487832e+00 5.810126756264475407e+05 1.804126667205420809e+00 1.176491989183319965e+05 4.346655552056552260e+05 1.334313237611330987e+05 1.676833397471040765e+00 1.940762134988324616e+00 1.677795758632670831e+00 1.725483015690279398e+00 2.906595753141726600e+05 2.287654499988136969e+00 1.712119160813124763e+00 1.176492174327634129e+05 7.423186020094293053e+04 1.176491678086128668e+05 1.582334318280796071e+00 1.686974789915966166e+00 1.879056528970574513e+00 2.136755012560613842e+00
1.778315382738454575e+00 7.849128110476504272e-01 1.782553035724231740e+05 1.459609588957848203e+00 1.193182393764505411e+00 1.450190315969845267e+00 5.810125159625819651e+05 1.973264093243764838e+00 1.176489785068308993e+05 4.346656115147631499e+05 1.334310674493235711e+05 1.810532277088320541e+00 1.938737086179988189e+00 1.465837207285851651e+00 1.924828833273321882e+00 2.906593841203755583e+05 2.144055945433811061e+00 1.774113245726084198e+00 1.176490995698451734e+05 7.423171051801450085e+04 1.176488560121718619e+05 1.516427847940517548e+00 1.753390829198381518e+00 1.790476331765868956e+00 1.991784282284100760e+00
1.782553693916996417e+05 1.782553035724231740e+05 6.159080481888230133e+04 1.782548882892833208e+05 1.782549063984483655e+05 1.782552138112795365e+05 5.473992053080518963e+05 1.782555363777879975e+05 1.530453738960817573e+05 3.373014403451099060e+05 1.062175872413389152e+05 1.782555353673207574e+05 1.782554162638003472e+05 1.782551026005907333e+05 1.782553785049674043e+05 1.686626842261835700e+05 1.782557687106580706e+05 1.782553564223914582e+05 1.461463178970140871e+05 1.444976390756759210e+05 1.530457250347298977e+05 1.782552285595369758e+05 1.782555805921050778e+05 1.782554971556276141e+05 1.782556805691747286e+05
1.606204464226813400e+00 1.459609588957848203e+00 1.782548882892833208e+05 5.993757041704744770e-01 8.201943795363547673e-01 1.387552172659100247e+00 5.810124014153780881e+05 1.659453415852712777e+00 1.176487782859286235e+05 4.346653059870784637e+05 1.334307913033993391e+05 1.661276000048110602e+00 1.752344803087977132e+00 1.139937838505224788e+00 1.601616838200764281e+00 2.906593598984822165e+05 1.803365259318809644e+00 1.558074074062681502e+00 1.176487966874225967e+05 7.423144001941769966e+04 1.176487750344271044e+05 1.490327225477506845e+00 1.669204274707963620e+00 1.554070829761730277e+00 1.720111669218901795e+00
1.192346106188029387e+00 1.193182393764505411e+00 1.782549063984483655e+05 8.201943795363547673e-01 3.685460485954272225e-01 1.211084064941719829e+00 5.810123811647928087e+05 1.342436547298573091e+00 1.176485576002788875e+05 4.346652571685133735e+05 1.334307468120989215e+05 1.355302540561981406e+00 1.493544389323228971e+00 1.024779767865735769e+00 1.347396050659803723e+00 2.906592370341295609e+05 1.603913888767145135e+00 1.276178922916682668e+00 1.176486221547638270e+05 7.423122470659068495e+04 1.176485557772603788e+05 1.168271998475383100e+00 1.335370152345968009e+00 1.402955607813292538e+00 1.566134616922355560e+00
1.832172488411487832e+00 1.450190315969845267e+00 1.782552138112795365e+05 1.387552172659100247e+00 1.211084064941719829e+00 7.775640551272577916e-01 5.810123125253689941e+05 1.932625733909383081e+00 1.176491013915837248e+05 4.346654109613837791e+05 1.334309843067211332e+05 1.801121133806138364e+00 1.934965548090943344e+00 1.440891700380892093e+00 1.742275512307218888e+00 2.906592346465209266e+05 2.193313525163559152e+00 1.938498810355405277e+00 1.176491116437556921e+05 7.423175774332662695e+04 1.176490040456592396e+05 1.618833519772634677e+00 1.744644965424186012e+00 1.718560942707675121e+00 1.917325540870604028e+00
5.810126756264475407e+05 5.810125159625819651e+05 5.473992053080518963e+05 5.810124014153780881e+05 5.810123811647928087e+05 5.810123125253689941e+05 9.409069429727664101e+04 5.810127512566995574e+05 5.810128761277005542e+05 3.571156373864891939e+05 5.810124320204640971e+05 5.810127439037584700e+05 5.810127806684643729e+05 5.810125538837523200e+05 5.810126041978760622e+05 4.668252983626911300e+05 5.810127614000921603e+05 5.810127512566995574e+05 5.810129447551516350e+05 5.810127609597498085e+05 5.810128438696360681e+05 5.810124403323298320e+05 5.810127512566996738e+05 5.810126924331701593e+05 5.810126336096408777e+05
1.804126667205420809e+00 1.973264093243764838e+00 1.782555363777879975e+05 1.659453415852712777e+00 1.342436547298573091e+00 1.932625733909383081e+00 5.810127512566995574e+05 8.655408010985030653e-01 1.176492328036700346e+05 4.346656913261763402e+05 1.334315157010215917e+05 1.815473023672363739e+00 1.993852331592580462e+00 1.801174813715117562e+00 1.887431092513941033e+00 2.906598009856434073e+05 2.425506394540082766e+00 1.753779193792848856e+00 1.176493388465555618e+05 7.423203527432712144e+04 1.176493027369504125e+05 1.923230309072782029e+00 1.714347535431888891e+00 1.609476276337886258e+00 2.223476406159000884e+00
1.176491989183320256e+05 1.176489785068309138e+05 1.530453738960817573e+05 1.176487782859286381e+05 1.176485576002788875e+05 1.176491013915837393e+05 5.810128761277005542e+05 1.176492328036700346e+05 8.599150549170160307e-01 4.346657908397713327e+05 7.460806867344633793e+04 1.176493245179688965e+05 1.176490963580109237e+05 1.176487441372237081e+05 1.176493293456753017e+05 2.906600917825173237e+05 1.176494254073141783e+05 1.176489668084311124e+05 1.307398493797149604e+04 6.302717929362256109e+04 2.014821706876070095e+00 1.176492123576702143e+05 1.176494117647057719e+05 1.176493471217859187e+05 1.176495019968510169e+05
4.346655552056552260e+05 4.346656115147631499e+05 3.373014403451099060e+05 4.346653059870784637e+05 4.346652571685133735e+05 4.346654109613837791e+05 3.571156373864891939e+05 4.346656913261763402e+05 4.346657908397713327e+05 1.905887538835822197e+05 4.223481657577780425e+05 4.346657229727620143e+05 4.346655184127133689e+05 4.346654581771711819e+05 4.346654820287561161e+05 2.100993999727256887e+05 4.346658163122388651e+05 4.346656200315855676e+05 4.346658107597670751e+05 4.346657683041829732e+05 4.346658845817733672e+05 4.346655444013334927e+05 4.346657965021738200e+05 4.346657376786444802e+05 4.346657556248059846e+05
1.334313237611331278e+05 1.334310674493236293e+05 1.062175872413389152e+05 1.334307913033993682e+05 1.334307468120989215e+05 1.334309843067211914e+05 5.810124320204640971e+05 1.334315157010216208e+05 7.460806867344635248e+04 4.223481657577780425e+05 2.309664846035327719e+04 1.334314674707125814e+05 1.334314677110466582e+05 1.334309087563368084e+05 1.334314618870661361e+05 2.748778936595087289e+05 1.334315722780846700e+05 1.334313982823063852e+05 6.153598572653994052e+04 5.920176441583246196e+04 7.460794558374858752e+04 1.334311117331456335e+05 1.334314065124582849e+05 1.334313950508962735e+05 1.334313995681018569e+05
1.676833397471040765e+00 1.810532277088320763e+00 1.782555353673207574e+05 1.661276000048110602e+00 1.355302540561981406e+00 1.801121133806138364e+00 5.810127439037584700e+05 1.815473023672363739e+00 1.176493245179688820e+05 4.346657229727620143e+05 1.334314674707125232e+05 8.316854013322187988e-01 1.966562465365732093e+00 1.666326536232842104e+00 1.721805600196423924e+00 2.906596645200402709e+05 2.364199750762586483e+00 1.682055552574233337e+00 1.176494093137254968e+05 7.423196930218308989e+04 1.176492545066413732e+05 1.842863636839563446e+00 1.658792676652020237e+00 1.725668328124504658e+00 2.160194852690000111e+00
1.940762134988324839e+00 1.938737086179988189e+00 1.782554162638003763e+05 1.752344803087977132e+00 1.493544389323228971e+00 1.934965548090943788e+00 5.810127806684643729e+05 1.993852331592580462e+00 1.176490963580109092e+05 4.346655184127133689e+05 1.334314677110466582e+05 1.966562465365732093e+00 7.741854599606295961e-01 1.778174949616681877e+00 1.962053742969930514e+00 2.906597301280524698e+05 2.279637972370819998e+00 1.904102479779823387e+00 1.176492912426222902e+05 7.423201868357945932e+04 1.176493631065699738e+05 1.936790393852901859e+00 2.088742570134085597e+00 2.073348416296615593e+00 1.970348645614342198e+00
1.677795758632670831e+00 1.465837207285851651e+00 1.782551026005907333e+05 1.139937838505224788e+00 1.024779767865735769e+00 1.440891700380892093e+00 5.810125538837523200e+05 1.801174813715117784e+00 1.176487441372236935e+05 4.346654581771711237e+05 1.334309087563367793e+05 1.666326536232842104e+00 1.778174949616681877e+00 5.860972594769534583e-01 1.769804114565167286e+00 2.906594300088070449e+05 1.983652942129273677e+00 1.713269000780142104e+00 1.176487833414137131e+05 7.423148177577409660e+04 1.176487918829373666e+05 1.669947002203756359e+00 1.748206599713055809e+00 1.705463743771000740e+00 1.816554063229100624e+00
1.725483015690278954e+00 1.924828833273322326e+00 1.782553785049674043e+05 1.601616838200764281e+00 1.347396050659803723e+00 1.742275512307219332e+00 5.810126041978760622e+05 1.887431092513941033e+00 1.176493293456752872e+05 4.346654820287561161e+05 1.334314618870661361e+05 1.721805600196423924e+00 1.962053742969930514e+00 1.769804114565167286e+00 7.875792786603985629e-01 2.906595538686075015e+05 2.370665901575248036e+00 1.673831533091026058e+00 1.176493885263866105e+05 7.423207119844720000e+04 1.176494774774348771e+05 1.841118125356319801e+00 1.854908287345601092e+00 1.809023583108301025e+00 2.114879021829145778e+00
2.906595753141726600e+05 2.906593841203755583e+05 1.686626842261835700e+05 2.906593598984822165e+05 2.906592370341295609e+05 2.906592346465209266e+05 4.668252983626911300e+05 2.906598009856434073e+05 2.906600917825172655e+05 2.100993999727256305e+05 2.748778936595087289e+05 2.906596645200402709e+05 2.906597301280524698e+05 2.906594300088070449e+05 2.906595538686075015e+05 6.514693256123672654e+03 2.906596476315120235e+05 2.906597587863951921e+05 2.906600784372618073e+05 2.906596919122468680e+05 2.906599752121228958e+05 2.906593017841875553e+05 2.906596374390589772e+05 2.906595836376873194e+05 2.906596065135042882e+05
2.287654499988136969e+00 2.144055945433811061e+00 1.782557687106580706e+05 1.803365259318809644e+00 1.603913888767145135e+00 2.193313525163559152e+00 5.810127614000921603e+05 2.425506394540083210e+00 1.176494254073141637e+05 4.346658163122388651e+05 1.334315722780846409e+05 2.364199750762586483e+00 2.279637972370819998e+00 1.983652942129273899e+00 2.370665901575248036e+00 2.906596476315120235e+05 8.264892294212557999e-01 2.337468060850080409e+00 1.176494120572175889e+05 7.423169288258352026e+04 1.176492403298928257e+05 2.209172966406633520e+00 2.325860679265916442e+00 2.359237204489899487e+00 1.843549687348875255e+00
1.712119160813124763e+00 1.774113245726084198e+00 1.782553564223914582e+05 1.558074074062681502e+00 1.276178922916682668e+00 1.938498810355405277e+00 5.810127512566995574e+05 1.753779193792848856e+00 1.176489668084310979e+05 4.346656200315855676e+05 1.334313982823063561e+05 1.682055552574233337e+00 1.904102479779823387e+00 1.713269000780142104e+00 1.673831533091026058e+00 2.906597587863951921e+05 2.337468060850080409e+00 7.336777182915815709e-01 1.176491285011320579e+05 7.423191950433758029e+04 1.176492914572877344e+05 1.900560813566143148e+00 1.864386914139418927e+00 1.768103248705455766e+00 2.239737467217767453e+00
1.176492174327633984e+05 1.176490995698451588e+05 1.461463178970140871e+05 1.176487966874225822e+05 1.176486221547638270e+05 1.176491116437556921e+05 5.810129447551516350e+05 1.176493388465555472e+05 1.307398493797149422e+04 4.346658107597671333e+05 6.153598572653993324e+04 1.176494093137254968e+05 1.176492912426222902e+05 1.176487833414137131e+05 1.176493885263866105e+05 2.906600784372618073e+05 1.176494120572175598e+05 1.176491285011320579e+05 2.033508399003620798e+04 5.866986010975483805e+04 1.307422250199783775e+04 1.176491807118462893e+05 1.176494523470678396e+05 1.176495013902035571e+05 1.176496597220347467e+05
7.423186020094293053e+04 7.423171051801450085e+04 1.444976390756759210e+05 7.423144001941771421e+04 7.423122470659069950e+04 7.423175774332664150e+04 5.810127609597498085e+05 7.423203527432712144e+04 6.302717929362255381e+04 4.346657683041829732e+05 5.920176441583245469e+04 7.423196930218308989e+04 7.423201868357945932e+04 7.423148177577408205e+04 7.423207119844720000e+04 2.906596919122468680e+05 7.423169288258352026e+04 7.423191950433758029e+04 5.866986010975484533e+04 3.394806009068190178e+04 6.302727491611146979e+04 7.423184732551484194e+04 7.423208962893164426e+04 7.423204937328481174e+04 7.423201865795991034e+04
1.176491678086128668e+05 1.176488560121718619e+05 1.530457250347298977e+05 1.176487750344271044e+05 1.176485557772603788e+05 1.176490040456592687e+05 5.810128438696360681e+05 1.176493027369504125e+05 2.014821706876070095e+00 4.346658845817733672e+05 7.460794558374857297e+04 1.176492545066413732e+05 1.176493631065699738e+05 1.176487918829373666e+05 1.176494774774348771e+05 2.906599752121228958e+05 1.176492403298928257e+05 1.176492914572877344e+05 1.307422250199784139e+04 6.302727491611146979e+04 8.274686591496290822e-01 1.176490687630362663e+05 1.176493752218889567e+05 1.176493698807880282e+05 1.176492536732377193e+05
1.582334318280796071e+00 1.516427847940517548e+00 1.782552285595369758e+05 1.490327225477506845e+00 1.168271998475383100e+00 1.618833519772634677e+00 5.810124403323298320e+05 1.923230309072782029e+00 1.176492123576701997e+05 4.346655444013334345e+05 1.334311117331456335e+05 1.842863636839563446e+00 1.936790393852901637e+00 1.669947002203756359e+00 1.841118125356319801e+00 2.906593017841875553e+05 2.209172966406633520e+00 1.900560813566143148e+00 1.176491807118462893e+05 7.423184732551484194e+04 1.176490687630362663e+05 7.881789963607646055e-01 1.771138229144078480e+00 1.879804443927611590e+00 2.046526939151627200e+00
1.686974789915966166e+00 1.753390829198381518e+00 1.782555805921050778e+05 1.669204274707963620e+00 1.335370152345968009e+00 1.744644965424186012e+00 5.810127512566996738e+05 1.714347535431888891e+00 1.176494117647057574e+05 4.346657965021738200e+05 1.334314065124582849e+05 1.658792676652020237e+00 2.088742570134085597e+00 1.748206599713055809e+00 1.854908287345601092e+00 2.906596374390589772e+05 2.325860679265915998e+00 1.864386914139418927e+00 1.176494523470678687e+05 7.423208962893164426e+04 1.176493752218889567e+05 1.771138229144078480e+00 6.974694303728159461e-01 1.529675043944032309e+00 2.158672629822827371e+00
1.879056528970574513e+00 1.790476331765868956e+00 1.782554971556276141e+05 1.554070829761730277e+00 1.402955607813292538e+00 1.718560942707675343e+00 5.810126924331701593e+05 1.609476276337886258e+00 1.176493471217859187e+05 4.346657376786443638e+05 1.334313950508962444e+05 1.725668328124504658e+00 2.073348416296615593e+00 1.705463743771001184e+00 1.809023583108301247e+00 2.906595836376873194e+05 2.359237204489899487e+00 1.768103248705455766e+00 1.176495013902035716e+05 7.423204937328481174e+04 1.176493698807880282e+05 1.879804443927611590e+00 1.529675043944032309e+00 7.868907967800268244e-01 2.056582384936165298e+00
2.136755012560613842e+00 1.991784282284100760e+00 1.782556805691747286e+05 1.720111669218901795e+00 1.566134616922355560e+00 1.917325540870604028e+00 5.810126336096408777e+05 2.223476406159000884e+00 1.176495019968509878e+05 4.346657556248059263e+05 1.334313995681018278e+05 2.160194852690000111e+00 1.970348645614342198e+00 1.816554063229100624e+00 2.114879021829146222e+00 2.906596065135042882e+05 1.843549687348875255e+00 2.239737467217767453e+00 1.176496597220347467e+05 7.423201865795991034e+04 1.176492536732377193e+05 2.046526939151627200e+00 2.158672629822827371e+00 2.056582384936165298e+00 8.553078784970465920e-01
