5.490838439467134776e+03 5.135924137920378416e+04 5.176014907251758268e+04 2.729474035598459886e+05 5.175997114743060229e+04 5.175982917505218211e+04 5.175999241748993518e+04 5.176024554991086916e+04 5.176023129830903781e+04 4.943315923699954146e+04 1.750702920989778650e+05 2.189711573750476527e+05 3.183658846992639519e+04 5.176018806609840976e+04 1.429459290939188504e+05 7.343394487073415075e+04 5.176008588960264751e+04 8.558248315796963288e+04 2.201903795159097353e+04 1.148192070319358900e+05 1.665780567092812635e+04 4.382514372378675034e+05 5.175962644060629827e+04 4.053557193640807236e+04 3.636999467880849843e+05
5.135924137920378416e+04 3.572067972539474340e+03 3.062765208124347737e+03 3.015186580958201084e+05 9.389080615808921721e+03 9.389003563822532669e+03 9.389119513552477656e+03 3.062825184341005297e+03 3.062705711655208233e+03 8.148676384762280213e+04 1.979273871742761112e+05 2.418279589705599938e+05 2.255275193818748448e+04 3.062632339971129113e+03 1.658790312067375053e+05 9.695977621895377524e+04 9.389100634486054332e+03 1.084523446428283642e+05 6.611362436701505794e+04 1.376889365053217916e+05 3.898140968537292065e+04 4.668225771897276281e+05 9.388906220955466779e+03 1.367517062875088959e+04 3.922711737114397692e+05
5.176014907251758268e+04 3.062765208124347282e+03 6.593313051407950764e-01 3.015187800109480741e+05 1.143015984940746239e+04 1.143002346615207352e+04 1.143014823365800112e+04 1.563519998611089701e+00 1.371355293677404941e+00 8.148676734355428198e+04 1.979273581334532064e+05 2.418281203115448297e+05 2.357328882684319615e+04 1.485097382025817758e+00 1.658792455597841472e+05 9.695996061460782948e+04 1.143020613516625417e+04 1.084524935657800524e+05 6.611357587793779385e+04 1.376890698630141560e+05 4.000180409628657799e+04 4.668225813573902706e+05 1.142980805446648083e+04 1.469555339927236491e+04 3.922712742600599886e+05
2.729474035598459886e+05 3.015186580958201084e+05 3.015187800109480158e+05 9.055451345132231654e+04 3.015185932474895380e+05 3.015185547292996198e+05 3.015185745699375402e+05 3.015188891177796759e+05 3.015187450126382755e+05 2.729475071903200005e+05 1.992653333574925491e+05 1.711190103290883126e+05 2.958045964333495358e+05 3.015187964295964339e+05 2.277701589672107366e+05 2.710427951856164145e+05 3.015186003700531437e+05 2.642789382148699951e+05 2.737638303637413192e+05 2.440134058447192365e+05 2.843760249302546144e+05 3.057128060669035767e+05 3.015184373185407603e+05 2.998862226814144524e+05 2.344836189880483435e+05
5.175997114743060229e+04 9.389080615808921721e+03 1.143015984940746239e+04 3.015185932474895380e+05 5.880520074084062410e-01 9.693767188616876362e-01 1.252844890795478339e+00 1.143016710277202219e+04 1.143005746785520205e+04 8.148659714437917864e+04 1.979272049131913518e+05 2.418278218777649745e+05 2.357307453097211328e+04 1.143004466524887539e+04 1.658788084842534736e+05 9.695958687777080922e+04 1.173451941437688273e+00 1.084521096109340579e+05 6.611342103884443350e+04 1.376887046169271343e+05 4.000170936704477208e+04 4.668224855245465296e+05 9.692715706114766183e-01 1.469554187737257962e+04 3.922711294541121460e+05
5.175982917505218211e+04 9.389003563822532669e+03 1.143002346615207352e+04 3.015185547292996198e+05 9.693767188616875252e-01 5.341545951844010043e-01 1.138256430026081345e+00 1.143001395112865430e+04 1.142994444614335771e+04 8.148646857839169388e+04 1.979271221923399426e+05 2.418277598776950908e+05 2.357292832899817222e+04 1.142990732947813922e+04 1.658787273945705965e+05 9.695948487017318257e+04 1.127252702532741679e+00 1.084520423984685040e+05 6.611328573430517281e+04 1.376886152459454315e+05 4.000157249334576773e+04 4.668224778284066706e+05 8.009285695270884631e-01 1.469537304538335957e+04 3.922711083213139209e+05
5.175999241748993518e+04 9.389119513552477656e+03 1.143014823365800112e+04 3.015185745699375402e+05 1.252844890795478339e+00 1.138256430026081345e+00 5.823729741740168997e-01 1.143027205295251042e+04 1.143018577608352643e+04 8.148665065778697317e+04 1.979272270181186614e+05 2.418279517131675966e+05 2.357319536168826016e+04 1.143009667484711281e+04 1.658789116071990575e+05 9.695973673660766508e+04 1.258130838925578088e+00 1.084522021657239675e+05 6.611347434964741115e+04 1.376888700728478434e+05 4.000173311319090135e+04 4.668224907101190765e+05 1.005543932611987046e+00 1.469552096259008431e+04 3.922711297240813728e+05
5.176024554991086916e+04 3.062825184341005297e+03 1.563519998611089701e+00 3.015188891177796759e+05 1.143016710277202219e+04 1.143001395112865430e+04 1.143027205295251042e+04 5.976965414665054155e-01 1.524417513360045273e+00 8.148685348434615298e+04 1.979273868668590731e+05 2.418281051891152456e+05 2.357327662245937245e+04 1.438127903741491798e+00 1.658791143221126113e+05 9.695991801962895261e+04 1.143021995836251699e+04 1.084524991989031114e+05 6.611361421057050757e+04 1.376889974510193279e+05 4.000191481346172804e+04 4.668226706372570479e+05 1.142991117494246646e+04 1.469558622367439239e+04 3.922713376977008302e+05
5.176023129830903781e+04 3.062705711655208233e+03 1.371355293677405163e+00 3.015187450126382755e+05 1.143005746785520205e+04 1.142994444614335771e+04 1.143018577608352643e+04 1.524417513360045273e+00 6.131318916955370568e-01 8.148683886944029655e+04 1.979273758480267134e+05 2.418279986589357723e+05 2.357319220001119538e+04 1.363936267828655513e+00 1.658791393665567157e+05 9.695983513791460427e+04 1.143012062533597418e+04 1.084524460533860547e+05 6.611364102195393934e+04 1.376890279916195432e+05 4.000185988794347213e+04 4.668225951619048719e+05 1.142985689810235090e+04 1.469567974583358591e+04 3.922713009351535002e+05
4.943315923699953419e+04 8.148676384762280213e+04 8.148676734355428198e+04 2.729475071903200005e+05 8.148659714437917864e+04 8.148646857839169388e+04 8.148665065778697317e+04 8.148685348434616753e+04 8.148683886944029655e+04 7.696871395441909954e+03 1.636417958801979839e+05 2.075425369303080370e+05 7.577253177516905998e+04 8.148676886028943409e+04 1.255564781109712058e+05 3.834156265133966372e+04 8.148671714798835455e+04 6.033533011597525183e+04 3.740717166673024622e+04 9.172022195942921098e+04 6.434389263728836522e+04 4.382513349982426153e+05 8.148625480770523427e+04 7.985404211159856641e+04 3.637000646436598618e+05
1.750702920989778650e+05 1.979273871742761112e+05 1.979273581334532064e+05 1.992653333574925200e+05 1.979272049131913518e+05 1.979271221923399426e+05 1.979272270181186614e+05 1.979273868668590731e+05 1.979273758480267134e+05 1.636417958801979839e+05 3.906989177894291788e+04 1.069470053029959236e+05 1.979275552943467046e+05 1.979274135021147667e+05 9.068891406628175173e+04 1.563855868937493942e+05 1.979272593136232172e+05 1.466199258962500026e+05 1.742540354438926443e+05 1.213883499905113567e+05 1.864989393075944099e+05 3.804794028528417111e+05 1.979269971494214842e+05 1.979274560491713637e+05 3.094071610017796629e+05
2.189711573750476819e+05 2.418279589705599938e+05 2.418281203115448297e+05 1.711190103290882835e+05 2.418278218777649745e+05 2.418277598776950908e+05 2.418279517131675966e+05 2.418281051891152747e+05 2.418279986589357723e+05 2.075425369303080370e+05 1.069470053029959236e+05 5.030503516715580190e+04 2.418281863324108999e+05 2.418280001179839601e+05 1.481299506515156536e+05 2.033637330464627303e+05 2.418278508817725815e+05 1.954242088128863543e+05 2.181547881937926286e+05 1.748290435066666105e+05 2.303996963149525691e+05 3.636698944657599204e+05 2.418277688542423130e+05 2.418281653637261770e+05 2.857354047555094003e+05
3.183658846992639519e+04 2.255275193818748448e+04 2.357328882684319615e+04 2.958045964333495358e+05 2.357307453097211328e+04 2.357292832899817222e+04 2.357319536168826016e+04 2.357327662245937245e+04 2.357319220001119538e+04 7.577253177516904543e+04 1.979275552943467046e+05 2.418281863324108999e+05 1.250677872487684681e+03 2.357320695227307442e+04 1.658791750238660316e+05 9.655173214224305411e+04 2.357315899867267945e+04 1.084524468124397099e+05 4.978704491163800412e+04 1.376891233406936517e+05 1.643020213298792078e+04 4.611085222612742800e+05 2.357280824599317566e+04 8.879201693781615177e+03 3.865571435056418995e+05
5.176018806609840976e+04 3.062632339971129113e+03 1.485097382025818202e+00 3.015187964295964339e+05 1.143004466524887539e+04 1.142990732947813922e+04 1.143009667484711281e+04 1.438127903741491798e+00 1.363936267828655513e+00 8.148676886028943409e+04 1.979274135021147667e+05 2.418280001179839601e+05 2.357320695227307442e+04 6.363609522966244825e-01 1.658791063556005247e+05 9.695979774123625248e+04 1.143002856946240718e+04 1.084523632839493221e+05 6.611363890117907431e+04 1.376889722480338241e+05 4.000191134255392535e+04 4.668226744267747854e+05 1.142979579484646456e+04 1.469563829024007464e+04 3.922712949597971165e+05
1.429459290939188504e+05 1.658790312067375053e+05 1.658792455597841472e+05 2.277701589672107075e+05 1.658788084842534736e+05 1.658787273945705965e+05 1.658789116071990284e+05 1.658791143221126113e+05 1.658791393665567157e+05 1.255564781109712058e+05 9.068891406628176628e+04 1.481299506515156536e+05 1.658791750238660316e+05 1.658791063556005247e+05 3.469548421018117369e+04 1.149343374921734503e+05 1.658789477651281923e+05 1.064489111057529226e+05 1.419607115153256455e+05 6.942529906681421562e+04 1.544506151251243427e+05 4.058070219657698763e+05 1.658787276403556170e+05 1.658792344380839204e+05 3.235005595650066389e+05
7.343394487073415075e+04 9.695977621895377524e+04 9.695996061460782948e+04 2.710427951856164145e+05 9.695958687777080922e+04 9.695948487017316802e+04 9.695973673660765053e+04 9.695991801962893805e+04 9.695983513791460427e+04 3.834156265133966372e+04 1.563855868937493651e+05 2.033637330464627303e+05 9.655173214224305411e+04 9.695979774123625248e+04 1.149343374921734503e+05 1.586680930647137029e+04 9.695971514186389686e+04 4.601117825037194416e+04 6.349272568336702534e+04 8.270859253828373039e+04 8.512315937721889350e+04 4.363466750152735040e+05 9.695943558807205409e+04 9.684333017839868262e+04 3.617953349537681788e+05
5.176008588960264024e+04 9.389100634486054332e+03 1.143020613516625417e+04 3.015186003700531437e+05 1.173451941437688273e+00 1.127252702532741679e+00 1.258130838925578088e+00 1.143021995836251699e+04 1.143012062533597418e+04 8.148671714798835455e+04 1.979272593136232172e+05 2.418278508817725815e+05 2.357315899867267945e+04 1.143002856946240718e+04 1.658789477651281923e+05 9.695971514186389686e+04 5.973134775453380341e-01 1.084522611244474829e+05 6.611354878632308100e+04 1.376888308724950184e+05 4.000182507805152272e+04 4.668225244555664831e+05 1.066148684931193635e+00 1.469558069823469123e+04 3.922711325388076366e+05
8.558248315796960378e+04 1.084523446428283642e+05 1.084524935657800379e+05 2.642789382148699951e+05 1.084521096109340579e+05 1.084520423984685040e+05 1.084522021657239675e+05 1.084524991989031259e+05 1.084524460533860547e+05 6.033533011597523728e+04 1.466199258962499734e+05 1.954242088128863834e+05 1.084524468124397099e+05 1.084523632839493075e+05 1.064489111057529226e+05 4.601117825037194416e+04 1.084522611244474829e+05 2.447380532945988671e+04 8.017448147331122891e+04 6.169277029353400576e+04 9.702381223445468640e+04 4.300881983768745558e+05 1.084519357351435465e+05 1.084525029959434760e+05 3.555368113799166749e+05
2.201903795159097353e+04 6.611362436701504339e+04 6.611357587793779385e+04 2.737638303637413192e+05 6.611342103884444805e+04 6.611328573430518736e+04 6.611347434964742570e+04 6.611361421057052212e+04 6.611364102195395390e+04 3.740717166673024622e+04 1.742540354438926443e+05 2.181547881937926286e+05 4.978704491163800412e+04 6.611363890117907431e+04 1.419607115153256455e+05 6.349272568336701079e+04 6.611354878632308100e+04 8.017448147331122891e+04 5.569840015606183442e+03 1.099254901164690382e+05 3.835837746819853783e+04 4.390675970952310017e+05 6.611306933381177078e+04 5.736712402224930702e+04 3.645163984505739063e+05
1.148192070319358900e+05 1.376889365053217916e+05 1.376890698630141560e+05 2.440134058447192074e+05 1.376887046169271343e+05 1.376886152459454315e+05 1.376888700728478434e+05 1.376889974510193279e+05 1.376890279916195432e+05 9.172022195942918188e+04 1.213883499905113567e+05 1.748290435066665814e+05 1.376891233406936517e+05 1.376889722480338241e+05 6.942529906681421562e+04 8.270859253828373039e+04 1.376888308724950184e+05 6.169277029353400576e+04 1.099254901164690382e+05 2.478180985330723342e+04 1.262606101101386594e+05 4.153942255906291539e+05 1.376885771179739095e+05 1.376890329622261925e+05 3.370334399897585390e+05
1.665780567092812635e+04 3.898140968537292065e+04 4.000180409628657799e+04 2.843760249302546144e+05 4.000170936704477208e+04 4.000157249334576773e+04 4.000173311319090863e+04 4.000191481346172804e+04 4.000185988794347213e+04 6.434389263728836522e+04 1.864989393075944099e+05 2.303996963149525691e+05 1.643020213298792078e+04 4.000191134255392535e+04 1.544506151251243427e+05 8.512315937721889350e+04 4.000182507805152272e+04 9.702381223445468640e+04 3.835837746819853783e+04 1.262606101101386594e+05 1.142932449236063076e+04 4.496799575855791336e+05 4.000137486895350594e+04 2.530790972194390270e+04 3.751285248753929045e+05
4.382514372378674452e+05 4.668225771897276281e+05 4.668225813573903288e+05 3.057128060669035767e+05 4.668224855245465296e+05 4.668224778284066706e+05 4.668224907101190765e+05 4.668226706372570479e+05 4.668225951619048719e+05 4.382513349982426153e+05 3.804794028528417111e+05 3.636698944657599204e+05 4.611085222612742218e+05 4.668226744267747854e+05 4.058070219657698763e+05 4.363466750152735040e+05 4.668225244555664249e+05 4.300881983768745558e+05 4.390675970952310017e+05 4.153942255906291539e+05 4.496799575855791336e+05 1.183491617479231209e+05 4.668224356134823174e+05 4.651899840879768599e+05 2.631818181255843374e+05
5.175962644060629827e+04 9.388906220955466779e+03 1.142980805446648083e+04 3.015184373185407603e+05 9.692715706114765073e-01 8.009285695270884631e-01 1.005543932611987046e+00 1.142991117494246646e+04 1.142985689810235090e+04 8.148625480770523427e+04 1.979269971494214842e+05 2.418277688542423130e+05 2.357280824599317566e+04 1.142979579484646456e+04 1.658787276403556170e+05 9.695943558807205409e+04 1.066148684931193635e+00 1.084519357351435465e+05 6.611306933381177078e+04 1.376885771179739095e+05 4.000137486895350594e+04 4.668224356134823174e+05 3.972487197600932940e-01 1.469515912176784150e+04 3.922710301894085715e+05
4.053557193640807236e+04 1.367517062875088959e+04 1.469555339927236491e+04 2.998862226814144524e+05 1.469554187737258508e+04 1.469537304538335957e+04 1.469552096259008795e+04 1.469558622367439420e+04 1.469567974583358591e+04 7.985404211159856641e+04 1.979274560491713637e+05 2.418281653637261770e+05 8.879201693781615177e+03 1.469563829024007464e+04 1.658792344380839495e+05 9.684333017839868262e+04 1.469558069823469305e+04 1.084525029959434760e+05 5.736712402224930702e+04 1.376890329622261925e+05 2.530790972194390270e+04 4.651899840879768599e+05 1.469515912176784150e+04 4.665467442592114821e+03 3.906387690682089305e+05
3.636999467880849843e+05 3.922711737114397692e+05 3.922712742600599886e+05 2.344836189880483435e+05 3.922711294541121460e+05 3.922711083213139209e+05 3.922711297240813728e+05 3.922713376977007720e+05 3.922713009351534420e+05 3.637000646436598618e+05 3.094071610017796629e+05 2.857354047555094003e+05 3.865571435056418995e+05 3.922712949597971165e+05 3.235005595650066389e+05 3.617953349537681788e+05 3.922711325388076366e+05 3.555368113799166167e+05 3.645163984505738481e+05 3.370334399897584808e+05 3.751285248753929045e+05 2.631818181255843374e+05 3.922710301894085715e+05 3.906387690682089305e+05 9.266283913687558379e+04
