1.526400091827253927e+05 3.923438155758914072e+05 3.923436419283256982e+05 3.923438084209414083e+05 3.923438185190289514e+05 3.346181522062750882e+05 7.085337776562337531e+05 1.735935794605777774e+05 3.923438285591673339e+05 1.840105727838035382e+05 5.465569024499568623e+05 2.371510820374209434e+05 3.923438046570447623e+05 3.923433269042689353e+05 3.923438047755341395e+05 3.923438037412360427e+05 3.923437789594719652e+05 3.923438127573699458e+05 3.923434302952022990e+05 3.923438067249216256e+05 3.923438859890785534e+05 3.923438142023002147e+05 2.951215854983462486e+05 3.923437934134869720e+05 3.297586543281823979e+05
3.923438155758912908e+05 1.337462077823776907e+00 2.220539941778121307e+00 2.606553045488020359e+00 2.739756259097338553e+00 1.770853909188329999e+05 7.085336720240711002e+05 3.333355866184527404e+05 2.535391326199690987e+00 3.333352849365674192e+05 5.526330604364617029e+05 2.801952183441802626e+05 2.296998286324219318e+00 1.829031295912019850e+00 2.541194541546416996e+00 2.783801448748206564e+00 2.458017994417013963e+00 2.253502413496027756e+00 2.102560202460440397e+00 2.506880477466141510e+00 7.639136857970293204e+04 2.733601021206071735e+00 2.222243074626091111e+05 2.421891461235664789e+00 4.444466087211262202e+05
3.923436419283256400e+05 2.220539941778121307e+00 1.110165644884787195e+00 2.398980617434690821e+00 2.349361721013212279e+00 1.770853284361334518e+05 7.085335804167530732e+05 3.333353629328582319e+05 1.977734438608776735e+00 3.333351407800673041e+05 5.526329628419254441e+05 2.801949541076218593e+05 1.912181326149216209e+00 1.339592146547304408e+00 1.990174638607710822e+00 2.044163363509917009e+00 2.078043901625383771e+00 2.154663964822699729e+00 1.756189212512378139e+00 2.133480766427175546e+00 7.639120810611365596e+04 2.340953549555089275e+00 2.222240876917036367e+05 2.085770639072928034e+00 4.444464826266849996e+05
3.923438084209414083e+05 2.606553045488020803e+00 2.398980617434690821e+00 1.392685861724485274e+00 2.927217284681190357e+00 1.770855203733049275e+05 7.085336644307528622e+05 3.333355693385798950e+05 2.662711563343992172e+00 3.333353126267722109e+05 5.526330586003789213e+05 2.801952915171635686e+05 2.535140568136129424e+00 1.847826179871521646e+00 2.683755898270042017e+00 2.789536170731103493e+00 2.358743291781222329e+00 2.579865121400322536e+00 2.174938444910102131e+00 2.568321618752642088e+00 7.639132322060929437e+04 2.726739397227446737e+00 2.222240430679335841e+05 2.678541183921574032e+00 4.444466122181968531e+05
3.923438185190289514e+05 2.739756259097338997e+00 2.349361721013212279e+00 2.927217284681190357e+00 1.377832068133445498e+00 1.770855738358612871e+05 7.085336770423756680e+05 3.333355854104651953e+05 2.381333174271234920e+00 3.333352954430034733e+05 5.526330152793825837e+05 2.801952151810265495e+05 2.279150685703397627e+00 1.807581172438115225e+00 2.141246291215222364e+00 2.720024765488026741e+00 2.635466579531920761e+00 2.756708760348988818e+00 2.133600233509730604e+00 2.663708100619948116e+00 7.639143745028693229e+04 2.420898975309728307e+00 2.222241747778111312e+05 2.199271136113922331e+00 4.444465095602932852e+05
3.346181522062750882e+05 1.770853909188329999e+05 1.770853284361334518e+05 1.770855203733049275e+05 1.770855738358613162e+05 7.790931843711723923e+04 7.085336855963040143e+05 2.673634702254749136e+05 1.770854719090297003e+05 2.673633210132854874e+05 5.526331095753661357e+05 2.124871570554219652e+05 1.770853354504936433e+05 1.770849031286538229e+05 1.770853233176831855e+05 1.770855134177120635e+05 1.770853869871211064e+05 1.770853668222499837e+05 1.770852484826683358e+05 1.770853311246410012e+05 1.102453099467231223e+05 1.770855676925947482e+05 1.423632791298091470e+05 1.770855284945865860e+05 4.444466311332214973e+05
7.085337776562337531e+05 7.085336720240709838e+05 7.085335804167530732e+05 7.085336644307528622e+05 7.085336770423756680e+05 7.085336855963040143e+05 2.609020351240060700e+05 7.085335806318956893e+05 7.085335689537181752e+05 7.085337063384983921e+05 4.161559935447587632e+05 7.085334424650487490e+05 7.085336524247323396e+05 7.085333896326577524e+05 7.085336604565898888e+05 7.085336466819542693e+05 7.085336557721882127e+05 7.085336678057393292e+05 7.085335239705756539e+05 7.085336739501106786e+05 7.085336823594652815e+05 7.085336407598598162e+05 7.085336772858771728e+05 7.085336591618543025e+05 6.892101544557653833e+05
1.735935794605777774e+05 3.333355866184527404e+05 3.333353629328582902e+05 3.333355693385798950e+05 3.333355854104651953e+05 2.673634702254748554e+05 7.085335806318956893e+05 7.291815992450765043e+04 3.333355617837510654e+05 8.333562298888209625e+04 5.526331814684838755e+05 1.277954029576227913e+05 3.333355582697885111e+05 3.333350411968543194e+05 3.333355139705718029e+05 3.333355634933528490e+05 3.333355259214344551e+05 3.333355601697719540e+05 3.333353180118331220e+05 3.333355339444432175e+05 3.333356654610774713e+05 3.333355909713775036e+05 2.222245366774360300e+05 3.333355682896761573e+05 3.526587624266652274e+05
3.923438285591673339e+05 2.535391326199690987e+00 1.977734438608776735e+00 2.662711563343992172e+00 2.381333174271234920e+00 1.770854719090296712e+05 7.085335689537181752e+05 3.333355617837510654e+05 1.253583169666224739e+00 3.333353284280838561e+05 5.526330409048721194e+05 2.801952380614758004e+05 2.072257752018429766e+00 1.463982808270236413e+00 1.970519195933180923e+00 2.241069891695089300e+00 2.272037954822895056e+00 2.326252242339729825e+00 1.963012090166634138e+00 2.353042608796424684e+00 7.639140371906965447e+04 2.349113324555402116e+00 2.222242043987420620e+05 2.169161005035493694e+00 4.444466112736505456e+05
1.840105727838035091e+05 3.333352849365674192e+05 3.333351407800673041e+05 3.333353126267722691e+05 3.333352954430034733e+05 2.673633210132854874e+05 7.085337063384983921e+05 8.333562298888211080e+04 3.333353284280838561e+05 1.281617779323246609e+00 5.526329772677598521e+05 1.642535934231383144e+05 3.333353289146524039e+05 3.333347988517082995e+05 3.333352864494584501e+05 3.333353030376734096e+05 3.333352840243797982e+05 3.333353144827444921e+05 3.333351050472751376e+05 3.333351752457267721e+05 3.333353509487636620e+05 3.333352898253728636e+05 2.222243449703537044e+05 3.333353271793707390e+05 3.526590107461547013e+05
5.465569024499568623e+05 5.526330604364617029e+05 5.526329628419254441e+05 5.526330586003790377e+05 5.526330152793827001e+05 5.526331095753661357e+05 4.161559935447588214e+05 5.526331814684838755e+05 5.526330409048721194e+05 5.526329772677598521e+05 2.152891521951356845e+05 5.526331561169446213e+05 5.526330026296693832e+05 5.526327611246551387e+05 5.526330469863130711e+05 5.526330145069502760e+05 5.526330316677556839e+05 5.526330596782542998e+05 5.526329117473236984e+05 5.526329544705584412e+05 5.526330815714916680e+05 5.526329924872122938e+05 5.526330979948097374e+05 5.526330002877984662e+05 4.774561879304752219e+05
2.371510820374209143e+05 2.801952183441802626e+05 2.801949541076219175e+05 2.801952915171636268e+05 2.801952151810265495e+05 2.124871570554219652e+05 7.085334424650487490e+05 1.277954029576227767e+05 2.801952380614758004e+05 1.642535934231383144e+05 5.526331561169446213e+05 7.975747327368994593e+04 2.801951952956842724e+05 2.801946630119852489e+05 2.801951961889777449e+05 2.801951990968723549e+05 2.801950921599293360e+05 2.801952916040127166e+05 2.801949903668296174e+05 2.801951877505845623e+05 2.801953475524301757e+05 2.801952377761769458e+05 1.551954171412350843e+05 2.801952141588519444e+05 3.965575976957136882e+05
3.923438046570447623e+05 2.296998286324219318e+00 1.912181326149216209e+00 2.535140568136129424e+00 2.279150685703397183e+00 1.770853354504936433e+05 7.085336524247323396e+05 3.333355582697885111e+05 2.072257752018429766e+00 3.333353289146523457e+05 5.526330026296693832e+05 2.801951952956842724e+05 1.447968877457259884e+00 1.486034192294671374e+00 1.948985576961363764e+00 2.357293238338336039e+00 1.933721418748209020e+00 2.146035382788947565e+00 1.913162541139199035e+00 2.265132567403371322e+00 7.639131753460159234e+04 2.208869673661157940e+00 2.222240984430817189e+05 2.122912561953901545e+00 4.444465876850407221e+05
3.923433269042689353e+05 1.829031295912019628e+00 1.339592146547304408e+00 1.847826179871521646e+00 1.807581172438115225e+00 1.770849031286538229e+05 7.085333896326577524e+05 3.333350411968543194e+05 1.463982808270235747e+00 3.333347988517082995e+05 5.526327611246551387e+05 2.801946630119852489e+05 1.486034192294671152e+00 6.491069950114732867e-01 1.535994616167960292e+00 1.668551256277622574e+00 1.513540294233268746e+00 1.745971025119127162e+00 1.283466398347068216e+00 1.607144710277814026e+00 7.639075591886002803e+04 1.718503051264821613e+00 2.222236131832742249e+05 1.596094903753994210e+00 4.444461957911287900e+05
3.923438047755341395e+05 2.541194541546416996e+00 1.990174638607710822e+00 2.683755898270042017e+00 2.141246291215222364e+00 1.770853233176831272e+05 7.085336604565898888e+05 3.333355139705718029e+05 1.970519195933180923e+00 3.333352864494584501e+05 5.526330469863129547e+05 2.801951961889777449e+05 1.948985576961363764e+00 1.535994616167960292e+00 1.043788893720832389e+00 2.355000676703287610e+00 2.266898708676112317e+00 2.429745574752210757e+00 1.890556635720928469e+00 2.304999467675970859e+00 7.639137085135460075e+04 2.063651066510031384e+00 2.222240550328410754e+05 1.978853084660211037e+00 4.444465945689930813e+05
3.923438037412360427e+05 2.783801448748206564e+00 2.044163363509917453e+00 2.789536170731103493e+00 2.720024765488026741e+00 1.770855134177120635e+05 7.085336466819542693e+05 3.333355634933528490e+05 2.241069891695089300e+00 3.333353030376734096e+05 5.526330145069502760e+05 2.801951990968723549e+05 2.357293238338336039e+00 1.668551256277622574e+00 2.355000676703287610e+00 1.201360796961340460e+00 2.484232041141578584e+00 2.491487999735216174e+00 2.201844917442497440e+00 2.380878264964137792e+00 7.639152525143674575e+04 2.665411678603596179e+00 2.222241974898906483e+05 2.475970363970383836e+00 4.444465802550415392e+05
3.923437789594720234e+05 2.458017994417013963e+00 2.078043901625383771e+00 2.358743291781222773e+00 2.635466579531920761e+00 1.770853869871211064e+05 7.085336557721882127e+05 3.333355259214344551e+05 2.272037954822895056e+00 3.333352840243798564e+05 5.526330316677556839e+05 2.801950921599293360e+05 1.933721418748208798e+00 1.513540294233268302e+00 2.266898708676111873e+00 2.484232041141578584e+00 1.102617390564437860e+00 2.348408449326858882e+00 2.082360545065082835e+00 2.331165015209289315e+00 7.639135819475571043e+04 2.320387652764297037e+00 2.222240357842144149e+05 2.401269888565390254e+00 4.444465820431952598e+05
3.923438127573698875e+05 2.253502413496027756e+00 2.154663964822699729e+00 2.579865121400322980e+00 2.756708760348988818e+00 1.770853668222499546e+05 7.085336678057393292e+05 3.333355601697719540e+05 2.326252242339729381e+00 3.333353144827444339e+05 5.526330596782541834e+05 2.801952916040126584e+05 2.146035382788947565e+00 1.745971025119127384e+00 2.429745574752211645e+00 2.491487999735216174e+00 2.348408449326858882e+00 1.093985222371284705e+00 2.030409041517577950e+00 2.382198151915469353e+00 7.639130450279443176e+04 2.791249626312266141e+00 2.222242854702915356e+05 2.526778797774431151e+00 4.444466108720576158e+05
3.923434302952022990e+05 2.102560202460440397e+00 1.756189212512378139e+00 2.174938444910102131e+00 2.133600233509730604e+00 1.770852484826683067e+05 7.085335239705756539e+05 3.333353180118331220e+05 1.963012090166634138e+00 3.333351050472751376e+05 5.526329117473236984e+05 2.801949903668295592e+05 1.913162541139199035e+00 1.283466398347068216e+00 1.890556635720928247e+00 2.201844917442497440e+00 2.082360545065082835e+00 2.030409041517577950e+00 9.507864800319416609e-01 2.135844144105155440e+00 7.639095064967768849e+04 2.112685678239746512e+00 2.222240315087299095e+05 1.853787479838508778e+00 4.444462812927589985e+05
3.923438067249216256e+05 2.506880477466141510e+00 2.133480766427175546e+00 2.568321618752642088e+00 2.663708100619948560e+00 1.770853311246410012e+05 7.085336739501106786e+05 3.333355339444432175e+05 2.353042608796424684e+00 3.333351752457267721e+05 5.526329544705584412e+05 2.801951877505845623e+05 2.265132567403371322e+00 1.607144710277814026e+00 2.304999467675970859e+00 2.380878264964137792e+00 2.331165015209289315e+00 2.382198151915469353e+00 2.135844144105155440e+00 1.442487249468308974e+00 7.639146494708456157e+04 2.573280074053359012e+00 2.222240091598890431e+05 2.461622674382315079e+00 4.444466122374733095e+05
3.923438859890784952e+05 7.639136857970290293e+04 7.639120810611365596e+04 7.639132322060929437e+04 7.639143745028696139e+04 1.102453099467231077e+05 7.085336823594652815e+05 3.333356654610774131e+05 7.639140371906963992e+04 3.333353509487636620e+05 5.526330815714916680e+05 2.801953475524301757e+05 7.639131753460159234e+04 7.639075591886001348e+04 7.639137085135461530e+04 7.639152525143674575e+04 7.639135819475571043e+04 7.639130450279443176e+04 7.639095064967768849e+04 7.639146494708453247e+04 4.774432236460505374e+04 7.639149358947919973e+04 2.222244172707707621e+05 7.639130076560728776e+04 4.444463844989713398e+05
3.923438142023002147e+05 2.733601021206071735e+00 2.340953549555089275e+00 2.726739397227446737e+00 2.420898975309728307e+00 1.770855676925947482e+05 7.085336407598598162e+05 3.333355909713775618e+05 2.349113324555402116e+00 3.333352898253728636e+05 5.526329924872122938e+05 2.801952377761768876e+05 2.208869673661158384e+00 1.718503051264821613e+00 2.063651066510031384e+00 2.665411678603596179e+00 2.320387652764297037e+00 2.791249626312266141e+00 2.112685678239746512e+00 2.573280074053358568e+00 7.639149358947919973e+04 1.186730602142685775e+00 2.222242005764645874e+05 2.310618710449947155e+00 4.444466059613799443e+05
2.951215854983462486e+05 2.222243074626091111e+05 2.222240876917036367e+05 2.222240430679336132e+05 2.222241747778111312e+05 1.423632791298091179e+05 7.085336772858771728e+05 2.222245366774360882e+05 2.222242043987420620e+05 2.222243449703537335e+05 5.526330979948097374e+05 1.551954171412350843e+05 2.222240984430817189e+05 2.222236131832742249e+05 2.222240550328410754e+05 2.222241974898906483e+05 2.222240357842144149e+05 2.222242854702915647e+05 2.222240315087299095e+05 2.222240091598890431e+05 2.222244172707707621e+05 2.222242005764645874e+05 1.357014409969099278e+00 2.222241918499099847e+05 4.444465178021754255e+05
3.923437934134869720e+05 2.421891461235664789e+00 2.085770639072928034e+00 2.678541183921574032e+00 2.199271136113921887e+00 1.770855284945865569e+05 7.085336591618543025e+05 3.333355682896761573e+05 2.169161005035493694e+00 3.333353271793706808e+05 5.526330002877984662e+05 2.801952141588518862e+05 2.122912561953901101e+00 1.596094903753994210e+00 1.978853084660211037e+00 2.475970363970383836e+00 2.401269888565390254e+00 2.526778797774431595e+00 1.853787479838508778e+00 2.461622674382315079e+00 7.639130076560728776e+04 2.310618710449947155e+00 2.222241918499099847e+05 1.234637314151179499e+00 4.444465954524177941e+05
3.297586543281823979e+05 4.444466087211261620e+05 4.444464826266850578e+05 4.444466122181968531e+05 4.444465095602933434e+05 4.444466311332214973e+05 6.892101544557653833e+05 3.526587624266652274e+05 4.444466112736505456e+05 3.526590107461547013e+05 4.774561879304752219e+05 3.965575976957136882e+05 4.444465876850407803e+05 4.444461957911287900e+05 4.444465945689931395e+05 4.444465802550414228e+05 4.444465820431952598e+05 4.444466108720576158e+05 4.444462812927589985e+05 4.444466122374733095e+05 4.444463844989713398e+05 4.444466059613799443e+05 4.444465178021754255e+05 4.444465954524177941e+05 1.786371056720617635e+05
