9.735924236224054766e+04 4.248432973517442588e+05 4.248433735048952512e+05 4.248430632877037860e+05 3.310933545912549016e+05 4.248432917556124739e+05 4.248430509711380582e+05 4.248430328628356801e+05 4.248433974293280626e+05 4.248428144112812006e+05 4.248432815811939654e+05 4.248430406896711793e+05 4.989589476919329609e+05 4.248428480679109343e+05 2.752572270167231327e+05 4.248432856054732692e+05 4.248431565811940236e+05 4.248429460886637680e+05 2.998429772426236887e+05 3.019386594560365193e+05 4.022850493986893562e+05 4.248428152985578054e+05 3.623435135593973682e+05 4.248432016589711420e+05 4.040101346156678628e+05
4.248432973517442588e+05 6.308670004638241569e-01 1.412830802779526218e+00 1.250013610491071595e+05 2.878724409212591709e+05 1.875013863544175983e+05 1.875015625000000000e+05 1.250012521306818235e+05 6.818335487954596465e+04 1.458348095902166970e+05 1.875014531250000000e+05 1.875016642243492533e+05 6.250007812500000000e+05 1.875013444557858165e+05 3.750014285644739866e+05 7.812643640347584733e+04 1.875016617005813750e+05 1.875015295758925495e+05 3.750014615713979001e+05 4.739399768004363868e+05 5.726754564967550104e+05 1.875015831473213912e+05 2.500016813966342306e+05 5.942800544369043200e+04 1.927098982740837964e+05
4.248433735048952512e+05 1.412830802779526218e+00 8.508855716774570421e-01 1.250013755119170819e+05 2.878724635015411186e+05 1.875013213174958364e+05 1.875014914772727352e+05 1.250012827350206790e+05 6.818329398714240233e+04 1.458348139268074883e+05 1.875015227272727352e+05 1.875017292141080543e+05 6.250008039772727061e+05 1.875013004282772308e+05 3.750015036173280678e+05 7.812646609740877466e+04 1.875015566416756192e+05 1.875014971637025010e+05 3.750015075589542394e+05 4.739400043952051201e+05 5.726755096458772896e+05 1.875015600649350381e+05 2.500014844466170180e+05 5.942790465426512674e+04 1.927099532771915256e+05
4.248430632877037860e+05 1.250013610491071595e+05 1.250013755119170819e+05 7.146798612101511461e-01 2.878722380297593190e+05 1.250014706662300887e+05 1.250015236911526299e+05 1.130083853656523862e+00 1.306832735348539427e+05 2.083488273052332443e+04 1.250015062506604154e+05 1.116820313408592046e+05 6.250005911276224069e+05 1.250012186187335028e+05 3.750012073254389106e+05 1.052779473121285264e+05 1.250016025263798947e+05 1.250014011571559240e+05 3.750012335075952578e+05 4.739397665935950354e+05 5.726752604590177070e+05 1.250012909420373180e+05 2.500014080361323140e+05 1.250015156206576939e+05 2.083346748630029033e+05
3.310933545912549016e+05 2.878724409212591709e+05 2.878724635015411186e+05 2.878722380297593190e+05 9.809043518013641005e+04 2.878724916793952580e+05 2.878723534163138829e+05 2.878722382953914930e+05 2.868393833105817903e+05 2.878721252089583431e+05 2.878722635725638829e+05 2.878720840922223288e+05 5.468758671874998836e+05 2.878718598885828978e+05 2.641389910174084362e+05 2.878724979674937204e+05 2.878722166975639411e+05 2.878719273996067350e+05 2.264908060001370322e+05 3.880024322069542250e+05 4.945503892623545835e+05 2.878720501332632266e+05 1.650845418931212334e+05 2.878720892929345137e+05 2.201158559533616353e+05
4.248432917556125904e+05 1.875013863544175983e+05 1.875013213174958364e+05 1.250014706662300887e+05 2.878724916793952580e+05 9.046496031821330552e-01 5.942780938816806156e+04 1.250014091554752231e+05 1.931833265722799697e+05 1.041681906714192592e+05 6.250147301136364695e+04 6.250171433632633853e+04 6.250007812500000000e+05 6.250136276719748275e+04 3.750013633238251787e+05 1.718762119056230003e+05 1.541407029754419789e+00 6.250161199932484305e+04 3.750014336696121609e+05 4.739399382796746213e+05 5.726754319902650313e+05 6.250170331869836809e+04 2.500015751244711282e+05 1.875016231102919555e+05 2.500015340193684096e+05
4.248430509711380582e+05 1.875015625000000000e+05 1.875014914772727352e+05 1.250015236911526299e+05 2.878723534163138829e+05 5.942780938816807611e+04 2.926027998253041005e+04 1.250014329659062350e+05 1.931835535867400467e+05 1.041681493851706909e+05 2.049319660959994508e+04 2.944590519581637636e+04 6.250005625000000000e+05 4.508321582652581128e+04 3.750011333248970914e+05 1.718765514914772648e+05 5.942801335228317475e+04 4.508344109097278852e+04 3.750012771634750534e+05 4.739397477269858355e+05 5.726752318313953001e+05 4.508357387445210043e+04 2.500013509238897241e+05 1.875017175864361343e+05 2.500013750000000000e+05
4.248430328628357965e+05 1.250012521306818235e+05 1.250012827350206790e+05 1.130083853656523862e+00 2.878722382953914930e+05 1.250014091554752231e+05 1.250014329659062350e+05 6.236107507472370415e-01 1.306832070618148136e+05 2.083473322887810718e+04 1.250014147727272939e+05 1.116819304306998674e+05 6.250005475852271775e+05 1.250011015157512447e+05 3.750011726489054854e+05 1.052779156333020219e+05 1.250015703125000146e+05 1.250013418549915514e+05 3.750012257316625328e+05 4.739397181735270424e+05 5.726752169166225940e+05 1.250012297230959521e+05 2.500013934301736590e+05 1.250015100976455578e+05 2.083346069692125020e+05
4.248433974293280626e+05 6.818335487954596465e+04 6.818329398714240233e+04 1.306832735348539427e+05 2.868393833105817903e+05 1.931833265722799697e+05 1.931835535867400467e+05 1.306832070618148136e+05 1.033141190748173176e+04 1.515168037012009881e+05 1.931834950163713656e+05 1.931835007490298012e+05 6.250008437500000000e+05 1.931832659629238478e+05 3.750015792242718744e+05 8.380847260407294380e+04 1.931835680541619950e+05 1.931833931476685684e+05 3.750015401974016568e+05 4.739400874530868023e+05 5.726755342076797970e+05 1.931835136988770682e+05 2.443197166600752389e+05 5.383918375365086104e+04 1.870280725789968274e+05
4.248428144112812006e+05 1.458348095902166970e+05 1.458348139268074883e+05 2.083488273052332443e+04 2.878721252089583431e+05 1.041681906714192592e+05 1.041681493851706909e+05 2.083473322887810718e+04 1.515168037012009881e+05 2.777850705012656908e+04 1.041682470902166970e+05 9.084833261651462817e+04 6.250005264423077460e+05 1.041675209138378705e+05 3.750012979296900448e+05 1.261114025707135152e+05 1.041679736527166970e+05 1.041677628844211868e+05 3.750010399469300173e+05 4.739394859610731364e+05 5.726749896825726610e+05 1.041678111265147891e+05 2.500015921212163812e+05 1.458346825778525090e+05 2.222237549928524822e+05
4.248432815811939654e+05 1.875014531250000000e+05 1.875015227272727352e+05 1.250015062506604154e+05 2.878722635725638829e+05 6.250147301136364695e+04 2.049319660959994508e+04 1.250014147727272939e+05 1.931834950163713656e+05 1.041682470902166970e+05 7.471797615799087300e-01 1.332110937964004006e+04 6.250007812500000000e+05 6.250121534718998737e+04 3.750013614704124629e+05 1.718764147727272357e+05 6.250160156250001455e+04 6.250148414386068180e+04 3.750014159494347987e+05 4.739399697155859321e+05 5.726754505813953001e+05 6.250159943181819835e+04 2.500013821738897241e+05 1.875016550864361634e+05 2.500012406619822432e+05
4.248430406896711793e+05 1.875016642243492533e+05 1.875017292141080543e+05 1.116820313408592046e+05 2.878720840922223288e+05 6.250171433632633853e+04 2.944590519581638000e+04 1.116819304306998674e+05 1.931835007490298012e+05 9.084833261651462817e+04 1.332110937964004370e+04 2.096280327581200618e+04 6.250007556818181183e+05 6.250107335718756804e+04 3.750014832472969429e+05 1.710032802732689888e+05 6.250156198720746033e+04 6.250126399177997519e+04 3.750011802941557253e+05 4.739397039308545063e+05 5.726751965451226570e+05 6.250141666466462630e+04 2.500015445021138003e+05 1.875013005229886039e+05 2.500014738317317097e+05
4.989589476919329609e+05 6.250007812500000000e+05 6.250008039772727061e+05 6.250005911276224069e+05 5.468758671874998836e+05 6.250007812500000000e+05 6.250005625000000000e+05 6.250005475852271775e+05 6.250008437500000000e+05 6.250005264423077460e+05 6.250007812500000000e+05 6.250007556818181183e+05 1.678526791489953175e+05 6.250005913461538730e+05 5.000005044434732408e+05 6.250007812500000000e+05 6.250007812500000000e+05 6.250006562499996508e+05 5.000006931818177691e+05 4.976770624502833816e+05 4.463563104457771406e+05 6.250005152972028591e+05 5.625009062500000000e+05 6.250008437500000000e+05 6.041675312500000000e+05
4.248428480679109343e+05 1.875013444557858456e+05 1.875013004282772308e+05 1.250012186187335028e+05 2.878718598885829560e+05 6.250136276719748275e+04 4.508321582652579673e+04 1.250011015157512447e+05 1.931832659629238769e+05 1.041675209138378705e+05 6.250121534718998737e+04 6.250107335718756804e+04 6.250005913461538730e+05 4.668039735660607370e-01 3.750012814511680626e+05 1.718762875762417389e+05 6.250111022054791101e+04 8.830085224486887707e-01 3.750009614026998752e+05 4.739395220811813488e+05 5.726750541469921591e+05 9.573189101226222686e-01 2.500013189910183137e+05 1.875011069997236482e+05 2.500012283235167561e+05
2.752572270167231327e+05 3.750014285644739866e+05 3.750015036173280678e+05 3.750012073254388524e+05 2.641389910174084362e+05 3.750013633238251787e+05 3.750011333248970914e+05 3.750011726489054272e+05 3.750015792242718744e+05 3.750012979296900448e+05 3.750013614704124629e+05 3.750014832472969429e+05 5.000005044434732408e+05 3.750012814511680626e+05 1.169282620050831174e+05 3.750014183900553617e+05 3.750016114704124629e+05 3.750014166331064189e+05 1.542503166039322386e+05 2.997814748195151333e+05 4.476752051173240761e+05 3.750012928906398010e+05 3.125016098500032676e+05 3.750017331156522851e+05 3.541682424394004047e+05
4.248432856054732692e+05 7.812643640347584733e+04 7.812646609740878921e+04 1.052779473121285264e+05 2.878724979674937204e+05 1.718762119056230003e+05 1.718765514914772648e+05 1.052779156333020219e+05 8.380847260407294380e+04 1.261114025707135152e+05 1.718764147727272357e+05 1.710032802732689888e+05 6.250007812500000000e+05 1.718762875762417389e+05 3.750014183900553617e+05 3.109736760591630446e+04 1.718764206321022357e+05 1.718765020061611431e+05 3.750014487556440290e+05 4.739399758539788309e+05 5.726754505813953001e+05 1.718765516067738645e+05 2.500016244535174919e+05 6.089350647422557086e+04 1.966161703539239243e+05
4.248431565811940236e+05 1.875016617005813750e+05 1.875015566416756192e+05 1.250016025263798947e+05 2.878722166975639411e+05 1.541407029754419566e+00 5.942801335228315293e+04 1.250015703125000146e+05 1.931835680541619950e+05 1.041679736527166970e+05 6.250160156250001455e+04 6.250156198720746033e+04 6.250007812500000000e+05 6.250111022054791101e+04 3.750016114704124629e+05 1.718764206321022357e+05 6.866547938890003033e-01 6.250138281249973079e+04 3.750012838927056873e+05 4.739397563908158918e+05 5.726752842076799134e+05 6.250145667613638943e+04 2.500017102988896659e+05 1.875014345717163524e+05 2.500016406249999709e+05
4.248429460886637680e+05 1.875015295758925495e+05 1.875014971637025010e+05 1.250014011571559240e+05 2.878719273996067932e+05 6.250161199932485761e+04 4.508344109097278852e+04 1.250013418549915659e+05 1.931833931476685975e+05 1.041677628844211868e+05 6.250148414386069635e+04 6.250126399177998974e+04 6.250006562499996508e+05 8.830085224486887707e-01 3.750014166331064189e+05 1.718765020061611431e+05 6.250138281249975262e+04 6.596706495914828050e-01 3.750011082848116057e+05 4.739396361722947331e+05 5.726751287858298747e+05 1.154265059829195694e+00 2.500014385512712470e+05 1.875011917819633090e+05 2.500013597636317136e+05
2.998429772426236887e+05 3.750014615713979583e+05 3.750015075589542394e+05 3.750012335075952578e+05 2.264908060001370905e+05 3.750014336696121609e+05 3.750012771634750534e+05 3.750012257316625328e+05 3.750015401974016568e+05 3.750010399469300173e+05 3.750014159494347987e+05 3.750011802941557253e+05 5.000006931818177691e+05 3.750009614026998752e+05 1.542503166039322386e+05 3.750014487556440290e+05 3.750012838927058037e+05 3.750011082848115475e+05 5.633740443647288339e+04 3.489396714357769815e+05 4.373284301968982327e+05 3.750010228725433699e+05 3.125016719068165985e+05 3.750013284933933755e+05 3.541682421197982039e+05
3.019386594560365193e+05 4.739399768004363868e+05 4.739400043952051201e+05 4.739397665935950936e+05 3.880024322069542250e+05 4.739399382796746213e+05 4.739397477269858355e+05 4.739397181735270424e+05 4.739400874530868023e+05 4.739394859610731364e+05 4.739399697155859321e+05 4.739397039308545063e+05 4.976770624502834398e+05 4.739395220811813488e+05 2.997814748195151915e+05 4.739399758539788309e+05 4.739397563908158918e+05 4.739396361722947331e+05 3.489396714357769815e+05 1.562864431493205193e+05 4.140657654720728751e+05 4.739395041803190834e+05 4.114401712890631170e+05 4.739398599404425477e+05 4.531067950330785243e+05
4.022850493986892398e+05 5.726754564967550104e+05 5.726755096458772896e+05 5.726752604590177070e+05 4.945503892623545835e+05 5.726754319902650313e+05 5.726752318313953001e+05 5.726752169166225940e+05 5.726755342076797970e+05 5.726749896825726610e+05 5.726754505813953001e+05 5.726751965451226570e+05 4.463563104457771406e+05 5.726750541469921591e+05 4.476752051173240761e+05 5.726754505813953001e+05 5.726752842076799134e+05 5.726751287858298747e+05 4.373284301968981745e+05 4.140657654720728751e+05 2.372113945454879140e+05 5.726749971285980428e+05 5.101756119186046417e+05 5.726753593834505882e+05 5.518422369186045835e+05
4.248428152985578054e+05 1.875015831473213912e+05 1.875015600649350381e+05 1.250012909420373180e+05 2.878720501332632266e+05 6.250170331869836809e+04 4.508357387445210043e+04 1.250012297230959521e+05 1.931835136988770682e+05 1.041678111265147891e+05 6.250159943181819835e+04 6.250141666466462630e+04 6.250005152972028591e+05 9.573189101226222686e-01 3.750012928906398010e+05 1.718765516067738354e+05 6.250145667613638943e+04 1.154265059829195916e+00 3.750010228725433699e+05 4.739395041803190834e+05 5.726749971285981592e+05 7.549598837432766052e-01 2.500015610253251798e+05 1.875013171057188301e+05 2.500014535385443305e+05
3.623435135593973682e+05 2.500016813966342306e+05 2.500014844466170180e+05 2.500014080361323140e+05 1.650845418931212334e+05 2.500015751244711282e+05 2.500013509238897241e+05 2.500013934301736590e+05 2.443197166600752098e+05 2.500015921212163812e+05 2.500013821738897241e+05 2.500015445021138003e+05 5.625009062500000000e+05 2.500013189910183137e+05 3.125016098500033258e+05 2.500016244535174919e+05 2.500017102988896659e+05 2.500014385512712179e+05 3.125016719068165985e+05 4.114401712890630588e+05 5.101756119186046417e+05 2.500015610253251798e+05 7.146946303283553403e-01 2.500015408473583520e+05 1.074979388681205746e+05
4.248432016589711420e+05 5.942800544369043928e+04 5.942790465426512674e+04 1.250015156206577085e+05 2.878720892929345137e+05 1.875016231102919555e+05 1.875017175864361343e+05 1.250015100976455578e+05 5.383918375365086104e+04 1.458346825778525381e+05 1.875016550864361634e+05 1.875013005229886039e+05 6.250008437500000000e+05 1.875011069997236482e+05 3.750017331156523433e+05 6.089350647422557086e+04 1.875014345717163524e+05 1.875011917819632799e+05 3.750013284933933755e+05 4.739398599404425477e+05 5.726753593834505882e+05 1.875013171057188301e+05 2.500015408473583520e+05 4.226104660086295917e+04 1.713110431797295460e+05
4.040101346156678628e+05 1.927098982740837964e+05 1.927099532771915256e+05 2.083346748630029033e+05 2.201158559533616353e+05 2.500015340193684096e+05 2.500013750000000000e+05 2.083346069692125020e+05 1.870280725789968274e+05 2.222237549928524822e+05 2.500012406619822432e+05 2.500014738317317097e+05 6.041675312500000000e+05 2.500012283235167561e+05 3.541682424394004047e+05 1.966161703539239243e+05 2.500016406249999709e+05 2.500013597636317136e+05 3.541682421197982039e+05 4.531067950330785243e+05 5.518422369186045835e+05 2.500014535385443305e+05 1.074979388681205746e+05 1.713110431797295460e+05 7.096872854697566072e+04
