9.824951777408444942e-01 1.974743568143221717e+00 1.834010434063670703e+00 7.098977922870703333e+04 1.944455533518998802e+00 1.895421739381693671e+00 1.252467610917232577e+00 1.907141019074154231e+00 1.649472836543535159e+00 1.535531559456224786e+05 1.111135054953844519e+05 1.665719316047158616e+00 1.698493079086848212e+00 1.925019046215880936e+00 1.757330358112310309e+00 2.203811918141718174e+00 1.111132373139533884e+05 4.148557480120050022e+05 2.010419826477565231e+00 5.555568390088977758e+05 1.111134068454181252e+05 2.045063907979133511e+00 1.111134219721216650e+05 1.248458557125069923e+00 1.751141420487638101e+00
1.974743568143221717e+00 1.081975738401403042e+00 2.402416906536209762e+00 7.099032900282584887e+04 2.511652796562514833e+00 2.309804350447095977e+00 1.614018178753775734e+00 2.321094588386598101e+00 2.276448082552427365e+00 1.535532101401828695e+05 1.111140184899697488e+05 2.278241335044929539e+00 2.184586703926288287e+00 2.207194716235968635e+00 2.161547982829215897e+00 2.645320068635955479e+00 1.111137968448922038e+05 4.148555212413747213e+05 2.162359555455684923e+00 5.555566626287940890e+05 1.111140761058327626e+05 1.957241945119589710e+00 1.111138562085999874e+05 1.906297653049273677e+00 2.313540914422127059e+00
1.834010434063670480e+00 2.402416906536209762e+00 1.316447066367210539e+00 7.099011745234741829e+04 2.185217242394412729e+00 2.383759969785562927e+00 1.530911499741884008e+00 1.855967679509063384e+00 2.073217205950583786e+00 1.535532974905435403e+05 1.111136474306781602e+05 2.033263051190349557e+00 1.892070277939726042e+00 1.942011146833608093e+00 1.942721908353350457e+00 2.629954610582116548e+00 1.111134426037804660e+05 4.148558491709870286e+05 2.426369771446422519e+00 5.555569716619589599e+05 1.111136570306945796e+05 2.221148074953715579e+00 1.111136383199761331e+05 1.809166530777329918e+00 2.111676545152040507e+00
7.098977922870706243e+04 7.099032900282586343e+04 7.099011745234741829e+04 5.127024378700826492e+04 7.098994968756170420e+04 7.098988796904741321e+04 7.098944250391013338e+04 7.098998127851348545e+04 7.099018666061158001e+04 1.535537862539941561e+05 1.111138138981502852e+05 7.099000396022095811e+04 7.098982711937313434e+04 7.099021884468107601e+04 7.098976808100155904e+04 7.098998100606602384e+04 1.111133803776622372e+05 4.148561686633414356e+05 7.099017329788733332e+04 5.555572748538010055e+05 7.956390608505252749e+04 7.099038953175586357e+04 4.012621851790407527e+04 7.098954183948147693e+04 7.099015385103557492e+04
1.944455533518998802e+00 2.511652796562514833e+00 2.185217242394412729e+00 7.098994968756168964e+04 1.151053086703603956e+00 2.114896330638973421e+00 1.621631979129343870e+00 2.175318619690775446e+00 2.361718404631153678e+00 1.535534334133420489e+05 1.111134618819417083e+05 2.184340030007597022e+00 2.068827279443671063e+00 2.212584170545266460e+00 2.087167206800799590e+00 2.614446498828562948e+00 1.111131361520341743e+05 4.148561170828301692e+05 2.148014786908844176e+00 5.555572584702495951e+05 1.111135274269758665e+05 2.509279480873932044e+00 1.111134842098739173e+05 1.875185741965508690e+00 2.243445927236462190e+00
1.895421739381694115e+00 2.309804350447096422e+00 2.383759969785563371e+00 7.098988796904741321e+04 2.114896330638972977e+00 9.587484934626558930e-01 1.580231494189728192e+00 2.404236335545497205e+00 2.394204287571330525e+00 1.535534874302192475e+05 1.111137804826134379e+05 2.327436120215423898e+00 2.056205521404807168e+00 2.302132104609281082e+00 2.201482626092590600e+00 2.524683162361430977e+00 1.111134406925972580e+05 4.148560358612577547e+05 2.098426824675492686e+00 5.555571772486772388e+05 1.111138053593868535e+05 2.477444671327988512e+00 1.111138130178358406e+05 1.773527658695248199e+00 2.186973077286965772e+00
1.252467610917232799e+00 1.614018178753775734e+00 1.530911499741884008e+00 7.098944250391011883e+04 1.621631979129343870e+00 1.580231494189728192e+00 6.005483632475830946e-01 1.380309221722918034e+00 1.408890214381266048e+00 1.535528632572301722e+05 1.111132343819720991e+05 1.424350334638756710e+00 1.419793310001706610e+00 1.400802783370140858e+00 1.352368379898899464e+00 1.791679396168695648e+00 1.111129477039367921e+05 4.148554459133037599e+05 1.526433390607415008e+00 5.555566398966993438e+05 1.111132478317889036e+05 1.637137320418530884e+00 1.111131612863072223e+05 1.031533900202705523e+00 1.516980800136756180e+00
1.907141019074154231e+00 2.321094588386597657e+00 1.855967679509063384e+00 7.098998127851348545e+04 2.175318619690775446e+00 2.404236335545497205e+00 1.380309221722918034e+00 1.073819212439852899e+00 1.969701832336470337e+00 1.535532135199922777e+05 1.111136688085561473e+05 1.962433732902037598e+00 1.828632684008035136e+00 1.980205273633110608e+00 1.799185803914648663e+00 2.518174505172653621e+00 1.111134226766035135e+05 4.148558136390356231e+05 2.196111732162239427e+00 5.555569014865204226e+05 1.111136755047907209e+05 2.282131324389758742e+00 1.111135795790338016e+05 1.738536752925214701e+00 2.118759077313627337e+00
1.649472836543535159e+00 2.276448082552426921e+00 2.073217205950583786e+00 7.099018666061158001e+04 2.361718404631153234e+00 2.394204287571330525e+00 1.408890214381266048e+00 1.969701832336470337e+00 9.277683651290646871e-01 1.535531730199197773e+05 1.111138158179653983e+05 1.691308621884356045e+00 2.032681261633699332e+00 1.978066068458430804e+00 1.920653878420791383e+00 2.274845973112813891e+00 1.111136479086870386e+05 4.148555914168133750e+05 2.280157654674455969e+00 5.555567139077852480e+05 1.111137914183476969e+05 2.264130382006921405e+00 1.111138223182656075e+05 1.687039190166709890e+00 1.817196863479559443e+00
1.535531559456224495e+05 1.535532101401828695e+05 1.535532974905435694e+05 1.535537862539941270e+05 1.535534334133420489e+05 1.535534874302192475e+05 1.535528632572301722e+05 1.535532135199922777e+05 1.535531730199197773e+05 6.723568083766388008e+04 9.491207397496349586e+04 1.535531913180974079e+05 1.535531966566894844e+05 1.535532321835155308e+05 1.535531874620159797e+05 1.535534286018522107e+05 1.535538025093957549e+05 4.070524615608070744e+05 1.535533962773357343e+05 5.555567094506417634e+05 9.182553351824088895e+04 1.535532319734460325e+05 1.535538220443953178e+05 1.535531373968298431e+05 1.535532746612556220e+05
1.111135054953844519e+05 1.111140184899697488e+05 1.111136474306781602e+05 1.111138138981502852e+05 1.111134618819417083e+05 1.111137804826134379e+05 1.111132343819720991e+05 1.111136688085561473e+05 1.111138158179653983e+05 9.491207397496348131e+04 5.538577680901897838e+04 1.111137632111707062e+05 1.111134665969598282e+05 1.111138211899801972e+05 1.111136140124640660e+05 1.111140958920476987e+05 5.864463528478020453e+04 3.827920589720364078e+05 1.111138936277910398e+05 5.555575105820104945e+05 7.853493134189714328e+04 1.111139974022998940e+05 1.111138590110641526e+05 1.111133494893281022e+05 1.111137610765100690e+05
1.665719316047158616e+00 2.278241335044929539e+00 2.033263051190349557e+00 7.099000396022094355e+04 2.184340030007597466e+00 2.327436120215423898e+00 1.424350334638756710e+00 1.962433732902037598e+00 1.691308621884356045e+00 1.535531913180974079e+05 1.111137632111707062e+05 1.086751809588741624e+00 1.854703129169847919e+00 2.019581281189639643e+00 1.719403347431147644e+00 2.233719072154553231e+00 1.111134649556142103e+05 4.148556057118100580e+05 2.208927764565041585e+00 5.555567470992293674e+05 1.111137467185697897e+05 2.277350025444854875e+00 1.111137056775709352e+05 1.672463411510859865e+00 1.789429960443493783e+00
1.698493079086848212e+00 2.184586703926288731e+00 1.892070277939726042e+00 7.098982711937310523e+04 2.068827279443671063e+00 2.056205521404807168e+00 1.419793310001706610e+00 1.828632684008035136e+00 2.032681261633699332e+00 1.535531966566894844e+05 1.111134665969598282e+05 1.854703129169847697e+00 8.683699454110147542e-01 2.041913471698029170e+00 1.531901571562914510e+00 2.589703351404368359e+00 1.111130788407969667e+05 4.148558136390355066e+05 2.243683657775102702e+00 5.555569487276390428e+05 1.111133991118217091e+05 2.251022063020412745e+00 1.111133167102617299e+05 1.612817879438535495e+00 1.871979218902402264e+00
1.925019046215881158e+00 2.207194716235968635e+00 1.942011146833608093e+00 7.099021884468107601e+04 2.212584170545266904e+00 2.302132104609281082e+00 1.400802783370140858e+00 1.980205273633110608e+00 1.978066068458431026e+00 1.535532321835155308e+05 1.111138211899801972e+05 2.019581281189640087e+00 2.041913471698029614e+00 9.889818720694923959e-01 1.995800168537302355e+00 2.390080703679345220e+00 1.111136581833000382e+05 4.148556787184005952e+05 2.202499987234030954e+00 5.555568439153438667e+05 1.111138783358363580e+05 2.203794160259726631e+00 1.111138452994761901e+05 1.823796032937969880e+00 2.170802950811632659e+00
1.757330358112310309e+00 2.161547982829216341e+00 1.942721908353350235e+00 7.098976808100157359e+04 2.087167206800799590e+00 2.201482626092590600e+00 1.352368379898899464e+00 1.799185803914648663e+00 1.920653878420791605e+00 1.535531874620160088e+05 1.111136140124641097e+05 1.719403347431147644e+00 1.531901571562914510e+00 1.995800168537302355e+00 1.169685670317507808e+00 2.361374280809329207e+00 1.111133637818348216e+05 4.148557083758776425e+05 2.184228522990017574e+00 5.555568497632971266e+05 1.111135932140836376e+05 2.244578938338997798e+00 1.111135058384895092e+05 1.638073584096073843e+00 1.913186659357390518e+00
2.203811918141718174e+00 2.645320068635955479e+00 2.629954610582116548e+00 7.098998100606602384e+04 2.614446498828562948e+00 2.524683162361430977e+00 1.791679396168695648e+00 2.518174505172653177e+00 2.274845973112813891e+00 1.535534286018522107e+05 1.111140958920476987e+05 2.233719072154553231e+00 2.589703351404368359e+00 2.390080703679345220e+00 2.361374280809329651e+00 1.427974911910955269e+00 1.111135710724739911e+05 4.148557119761481881e+05 2.580233756452861460e+00 5.555567477954145288e+05 1.111141580249571998e+05 2.778662468910680694e+00 1.111140324515092507e+05 2.107276383188933178e+00 2.523338924471059563e+00
1.111132373139533884e+05 1.111137968448922038e+05 1.111134426037804660e+05 1.111133803776622372e+05 1.111131361520341743e+05 1.111134406925972580e+05 1.111129477039367921e+05 1.111134226766035135e+05 1.111136479086870386e+05 1.535538025093957549e+05 5.864463528478020453e+04 1.111134649556142103e+05 1.111130788407969667e+05 1.111136581833000382e+05 1.111133637818348070e+05 1.111135710724739911e+05 1.516674851501315979e+00 3.469552497395704850e+05 1.111135342341438518e+05 5.555574338790094480e+05 1.111137419126231107e+05 1.111137742413286906e+05 1.111138426819610613e+05 1.111130453320295637e+05 1.111135521694705531e+05
4.148557480120050022e+05 4.148555212413747213e+05 4.148558491709871450e+05 4.148561686633414356e+05 4.148561170828301692e+05 4.148560358612577547e+05 4.148554459133037599e+05 4.148558136390356231e+05 4.148555914168133750e+05 4.070524615608070744e+05 3.827920589720364078e+05 4.148556057118101162e+05 4.148558136390355648e+05 4.148556787184005952e+05 4.148557083758776425e+05 4.148557119761481881e+05 3.469552497395704850e+05 3.108629774139246438e+05 4.148558311828952865e+05 4.664286459216478397e+05 4.148564610573383397e+05 4.148555914168133750e+05 4.148563263875277480e+05 4.148557050948747783e+05 4.148556327370451181e+05
2.010419826477565231e+00 2.162359555455685367e+00 2.426369771446421630e+00 7.099017329788733332e+04 2.148014786908844176e+00 2.098426824675492686e+00 1.526433390607415008e+00 2.196111732162239871e+00 2.280157654674455969e+00 1.535533962773357343e+05 1.111138936277910398e+05 2.208927764565041585e+00 2.243683657775102702e+00 2.202499987234030954e+00 2.184228522990017574e+00 2.580233756452862348e+00 1.111135342341438518e+05 4.148558311828951119e+05 1.357690278922778271e+00 5.555569725703145377e+05 1.111139459966884024e+05 2.162386946730291637e+00 1.111138618566165824e+05 1.830501699950008998e+00 2.382924022243900986e+00
5.555568390088977758e+05 5.555566626287940890e+05 5.555569716619589599e+05 5.555572748538010055e+05 5.555572584702495951e+05 5.555571772486772388e+05 5.555566398966993438e+05 5.555569014865204226e+05 5.555567139077852480e+05 5.555567094506417634e+05 5.555575105820104945e+05 5.555567470992293674e+05 5.555569487276390428e+05 5.555568439153438667e+05 5.555568497632970102e+05 5.555567477954142960e+05 5.555574338790095644e+05 4.664286459216479561e+05 5.555569725703145377e+05 2.401129045685321325e+05 5.555575105820103781e+05 5.555567328042326262e+05 5.555572049634668510e+05 5.555568267088510329e+05 5.555569550264548743e+05
1.111134068454181252e+05 1.111140761058327626e+05 1.111136570306945796e+05 7.956390608505252749e+04 1.111135274269758665e+05 1.111138053593868535e+05 1.111132478317889036e+05 1.111136755047907209e+05 1.111137914183476969e+05 9.182553351824090350e+04 7.853493134189714328e+04 1.111137467185697897e+05 1.111133991118217091e+05 1.111138783358363580e+05 1.111135932140836085e+05 1.111141580249571998e+05 1.111137419126231107e+05 4.148564610573383397e+05 1.111139459966884024e+05 5.555575105820104945e+05 5.487134854805591749e+04 1.111140336716223537e+05 6.173113782624818123e+04 1.111133930917617545e+05 1.111137635617316701e+05
2.045063907979133511e+00 1.957241945119589710e+00 2.221148074953715579e+00 7.099038953175586357e+04 2.509279480873932044e+00 2.477444671327988512e+00 1.637137320418530884e+00 2.282131324389758742e+00 2.264130382006921405e+00 1.535532319734460325e+05 1.111139974022998940e+05 2.277350025444854875e+00 2.251022063020412745e+00 2.203794160259726631e+00 2.244578938338998242e+00 2.778662468910680694e+00 1.111137742413286906e+05 4.148555914168132585e+05 2.162386946730291637e+00 5.555567328042326262e+05 1.111140336716223537e+05 1.180373845470106708e+00 1.111138427089514007e+05 1.969843598576121346e+00 2.407036416450718086e+00
1.111134219721216650e+05 1.111138562085999874e+05 1.111136383199761331e+05 4.012621851790407527e+04 1.111134842098739173e+05 1.111138130178358406e+05 1.111131612863072223e+05 1.111135795790338016e+05 1.111138223182656075e+05 1.535538220443953178e+05 1.111138590110641526e+05 1.111137056775709352e+05 1.111133167102617299e+05 1.111138452994761901e+05 1.111135058384894801e+05 1.111140324515092507e+05 1.111138426819610613e+05 4.148563263875277480e+05 1.111138618566165824e+05 5.555572049634668510e+05 6.173113782624818123e+04 1.111138427089514007e+05 1.727276321698075323e+00 1.111133885961125197e+05 1.111137568258414103e+05
1.248458557125069923e+00 1.906297653049273677e+00 1.809166530777329918e+00 7.098954183948146238e+04 1.875185741965508690e+00 1.773527658695248199e+00 1.031533900202705523e+00 1.738536752925214701e+00 1.687039190166709890e+00 1.535531373968298431e+05 1.111133494893281022e+05 1.672463411510859865e+00 1.612817879438535495e+00 1.823796032937969880e+00 1.638073584096073843e+00 2.107276383188933178e+00 1.111130453320295637e+05 4.148557050948747783e+05 1.830501699950008998e+00 5.555568267088511493e+05 1.111133930917617545e+05 1.969843598576121346e+00 1.111133885961125197e+05 8.905826110724832656e-01 1.756527682966019022e+00
1.751141420487638323e+00 2.313540914422127059e+00 2.111676545152040507e+00 7.099015385103556036e+04 2.243445927236461745e+00 2.186973077286965772e+00 1.516980800136756180e+00 2.118759077313627337e+00 1.817196863479559443e+00 1.535532746612556220e+05 1.111137610765100690e+05 1.789429960443493783e+00 1.871979218902402264e+00 2.170802950811632659e+00 1.913186659357390518e+00 2.523338924471059563e+00 1.111135521694705531e+05 4.148556327370451181e+05 2.382924022243900986e+00 5.555569550264548743e+05 1.111137635617316701e+05 2.407036416450718086e+00 1.111137568258414103e+05 1.756527682966019022e+00 1.072405585110237869e+00
