4.869719357009240635e-01 1.111122007666423597e+05 1.111123363005335850e+05 1.292469809575526263e+00 5.555718922305764136e+04 1.111131591007206152e+05 1.111122932772862114e+05 5.555684327432298596e+04 1.111123872354497144e+05 1.111131014414691599e+05 1.031757600449548627e+05 5.555728055649775342e+04 1.111130941913101124e+05 1.795280983020067556e+00 1.111125643005041056e+05 1.396537391300434416e+00 1.382959333130075130e+00 1.111123417037596955e+05 3.703893079107768426e+04 1.111129757186855859e+05 1.111123491001766379e+05 1.111125100874684140e+05 1.414203862948456663e+05 1.111125110490155348e+05 1.111125520740659849e+05
1.111122007666423597e+05 2.742278872913954113e-01 1.061624871527579339e+00 1.111122847459969198e+05 1.111122815051999496e+05 1.111126591603448032e+05 5.954795288654493035e-01 1.111121965105795098e+05 1.026309274099827862e+00 1.111126249715948215e+05 1.587411156612777813e+04 1.111122644193113374e+05 1.111123546324374474e+05 1.111124199525884178e+05 8.810891533767337691e-01 1.111122699375274387e+05 1.111122791477958963e+05 1.051531444844450158e+00 1.049394193303423235e+05 1.111123113709920290e+05 7.941428775547668684e-01 9.377258069830050058e-01 1.969752841863916547e+05 9.051988310551084549e-01 9.004259000481258379e-01
1.111123363005335850e+05 1.061624871527579339e+00 5.157496921978498294e-01 1.111124964726631297e+05 1.111126321824397019e+05 1.111128489710988943e+05 1.275330130030292608e+00 1.111124930033415876e+05 1.255786055265994072e+00 1.111129056977902219e+05 1.587448393760553881e+04 1.111126161629536218e+05 1.111129317969168769e+05 1.111126427166642825e+05 1.452822352922165328e+00 1.111126063520391181e+05 1.111125220458553667e+05 1.189956813111953116e+00 1.049400289751592354e+05 1.111128278984216013e+05 1.336933599867074385e+00 1.624035493827160614e+00 1.969755175366468902e+05 1.235696281867453283e+00 1.254025658676970689e+00
1.292469809575526263e+00 1.111122847459969198e+05 1.111124964726631297e+05 5.324264326395976576e-01 5.555731767116154515e+04 1.111133077601410623e+05 1.111124964726631297e+05 5.555708763341184385e+04 1.111125932487192331e+05 1.111133133778135525e+05 1.031761239734231785e+05 5.555718628188938601e+04 1.111130163540808280e+05 1.786613033502421066e+00 1.111127408284319390e+05 1.482269370953773091e+00 1.589029740964725823e+00 1.111124824333025172e+05 3.703888986566197855e+04 1.111128275064432819e+05 1.111125952555919503e+05 1.111127306325961108e+05 1.414204951016448031e+05 1.111126909171075677e+05 1.111127759334656439e+05
5.555718922305764136e+04 1.111122815051999496e+05 1.111126321824397019e+05 5.555731767116154515e+04 5.628818184288189030e-01 5.555786447135438357e+04 1.111125809551344864e+05 1.628795345485136270e+00 1.111126921541250194e+05 5.555753806404393254e+04 1.031762698412698664e+05 1.291304146925822849e+00 5.555735624172929965e+04 5.555717819464868808e+04 1.111128089447812235e+05 5.555757572944484855e+04 5.555727443609022157e+04 1.111125836844689038e+05 9.259418760850270337e+04 5.555740118308460660e+04 1.111126943267269962e+05 1.111128891294503410e+05 1.969759919354945305e+05 1.111127542138077843e+05 1.111128108977137017e+05
1.111131591007206152e+05 1.111126591603448032e+05 1.111128489710988943e+05 1.111133077601410623e+05 5.555786447135438357e+04 7.027815317064154410e-01 1.111125485007586249e+05 5.555756897824686894e+04 1.111127006109266513e+05 5.555735363839397178e+04 1.031766114114746742e+05 5.555797795414461143e+04 2.216666132988829752e+00 1.111129914278821816e+05 1.111128767905198038e+05 1.111130983245149691e+05 1.111130609622232878e+05 1.111128100486653566e+05 1.111130965779748949e+05 1.234782228955252504e+04 1.111126422432723193e+05 1.111129167778701376e+05 1.969751787755548430e+05 1.111129231626891560e+05 1.111125989310128934e+05
1.111122932772862114e+05 5.954795288654493035e-01 1.275330130030292608e+00 1.111124964726631297e+05 1.111125809551344864e+05 1.111125485007586249e+05 3.963329155594466635e-01 1.111123641401788191e+05 1.074357025787564313e+00 1.111126667868848017e+05 1.587433488678814138e+04 1.111125957097276259e+05 1.111124574353060307e+05 1.111124321929772268e+05 1.135511676498285327e+00 1.111123580246913334e+05 1.111124047619047487e+05 1.162697590411427617e+00 1.049395927648977668e+05 1.111123875490092760e+05 7.737809230870215105e-01 1.118459178247823260e+00 1.969752960195868509e+05 1.232753204235735645e+00 1.014230957796758759e+00
5.555684327432298596e+04 1.111121965105795098e+05 1.111124930033415876e+05 5.555708763341184385e+04 1.628795345485136270e+00 5.555756897824689077e+04 1.111123641401788191e+05 7.553780723539368358e-01 1.111124245982696157e+05 5.555750603253467125e+04 1.031757695544468734e+05 1.614337366618413094e+00 5.555750501798072946e+04 5.555725771744831582e+04 1.111125326378122991e+05 5.555701660741661181e+04 5.555690334958027233e+04 1.111124556857600546e+05 9.259440836136086727e+04 5.555739053953765688e+04 1.111124389169125789e+05 1.111125855992028373e+05 1.969758615257274651e+05 1.111126041144526826e+05 1.111125733362599567e+05
1.111123872354497144e+05 1.026309274099827862e+00 1.255786055265994072e+00 1.111125932487192331e+05 1.111126921541250194e+05 1.111127006109266513e+05 1.074357025787564313e+00 1.111124245982696011e+05 4.864076641303242132e-01 1.111125956885476335e+05 1.587451513089392756e+04 1.111127152777777810e+05 1.111127714557787986e+05 1.111125803107305255e+05 1.516754850088183559e+00 1.111125239197530609e+05 1.111124101631393278e+05 1.216839456507855743e+00 1.049399426650289824e+05 1.111127747910892649e+05 1.134679360136977344e+00 1.524829693799987007e+00 1.969754158944576338e+05 1.397920560332606810e+00 1.177676420554567782e+00
1.111131014414691599e+05 1.111126249715948215e+05 1.111129056977902219e+05 1.111133133778135525e+05 5.555753806404393254e+04 5.555735363839397178e+04 1.111126667868848017e+05 5.555750603253466397e+04 1.111125956885476335e+05 9.301708897436111734e-01 1.031764184002102847e+05 5.555752029504896927e+04 5.555738578274816246e+04 1.111130299037745281e+05 1.111128846795187856e+05 1.111132142857142753e+05 1.111131445578231214e+05 1.111126950926781719e+05 8.024883488189047785e+04 4.321196526488170639e+04 1.111126877494336513e+05 1.111129563961654785e+05 1.414199217628886399e+05 1.111128817046533659e+05 1.111127937652488035e+05
1.031757600449548627e+05 1.587411156612777813e+04 1.587448393760553881e+04 1.031761239734231640e+05 1.031762698412698519e+05 1.031766114114746742e+05 1.587433488678814138e+04 1.031757695544468588e+05 1.587451513089392756e+04 1.031764184002102847e+05 2.494376256598721375e+04 1.031761425932785787e+05 1.031764790381598868e+05 1.031762990964073397e+05 1.587446662231578011e+04 1.031760790960451850e+05 1.031758788877690968e+05 1.587440476190474510e+04 9.700340471074462403e+04 1.031764518777543708e+05 1.587445525591982187e+04 1.587451298566885635e+04 1.890392524896006798e+05 1.587452758995284057e+04 1.587458707382243301e+04
5.555728055649775342e+04 1.111122644193113374e+05 1.111126161629536218e+05 5.555718628188938601e+04 1.291304146925822849e+00 5.555797795414461143e+04 1.111125957097276259e+05 1.614337366618412872e+00 1.111127152777777810e+05 5.555752029504896927e+04 1.031761425932785787e+05 5.311709680856668836e-01 5.555728242254246288e+04 5.555746091849586810e+04 1.111126931361379102e+05 5.555744636696219095e+04 5.555748276942355733e+04 1.111125961199294397e+05 9.259420407588384114e+04 5.555729711444495479e+04 1.111127014895859611e+05 1.111128750953863928e+05 1.969758358326576126e+05 1.111127129314540216e+05 1.111128016414503945e+05
1.111130941913101124e+05 1.111123546324374474e+05 1.111129317969168769e+05 1.111130163540808280e+05 5.555735624172929965e+04 2.216666132988829752e+00 1.111124574353060307e+05 5.555750501798072219e+04 1.111127714557787986e+05 5.555738578274816246e+04 1.031764790381598868e+05 5.555728242254246288e+04 6.591959990046971640e-01 1.111131097954725556e+05 1.111127326389401132e+05 1.111130337301587133e+05 1.111132855797452066e+05 1.111127393905621138e+05 1.111130089081801125e+05 1.234715506879093118e+04 1.111125652006173041e+05 1.111128530115814647e+05 1.969757392070486094e+05 1.111126295933879155e+05 1.111127754974911804e+05
1.795280983020067556e+00 1.111124199525884178e+05 1.111126427166642825e+05 1.786613033502421066e+00 5.555717819464868808e+04 1.111129914278821816e+05 1.111124321929772268e+05 5.555725771744831582e+04 1.111125803107305255e+05 1.111130299037745281e+05 1.031762990964073397e+05 5.555746091849586810e+04 1.111131097954725556e+05 5.726247537332574966e-01 1.111129514361567999e+05 1.796447289689426574e+00 1.576204097452394093e+00 1.111125807308982476e+05 3.703862611697878310e+04 1.111128914932634943e+05 1.111125798074118939e+05 1.111128118814988120e+05 1.414204127696512151e+05 1.111128690547855367e+05 1.111127818201552000e+05
1.111125643005041056e+05 8.810891533767335471e-01 1.452822352922165328e+00 1.111127408284319390e+05 1.111128089447812235e+05 1.111128767905198038e+05 1.135511676498285327e+00 1.111125326378122991e+05 1.516754850088183559e+00 1.111128846795187856e+05 1.587446662231578193e+04 1.111126931361379102e+05 1.111127326389401132e+05 1.111129514361567999e+05 6.226431574148499903e-01 1.111126892538209358e+05 1.111127000119570585e+05 1.424268661758018473e+00 1.049399723702923802e+05 1.111127657092162408e+05 1.386516658018153159e+00 1.228456212044279905e+00 1.969754399082853633e+05 1.290039395895251628e+00 1.284885553482905785e+00
1.396537391300434416e+00 1.111122699375274387e+05 1.111126063520391181e+05 1.482269370953773757e+00 5.555757572944484855e+04 1.111130983245149691e+05 1.111123580246913334e+05 5.555701660741661181e+04 1.111125239197530609e+05 1.111132142857142753e+05 1.031760790960451850e+05 5.555744636696219095e+04 1.111130337301587133e+05 1.796447289689426796e+00 1.111126892538209358e+05 6.795830412808605558e-01 1.354646546137484142e+00 1.111125945767195517e+05 3.703911566725448210e+04 1.111127130566021078e+05 1.111124216648419533e+05 1.111125505024738814e+05 1.414202897007601860e+05 1.111126111111110804e+05 1.111126142511730141e+05
1.382959333130075130e+00 1.111122791477958963e+05 1.111125220458553667e+05 1.589029740964725823e+00 5.555727443609022157e+04 1.111130609622232878e+05 1.111124047619047487e+05 5.555690334958027233e+04 1.111124101631393278e+05 1.111131445578231214e+05 1.031758788877690968e+05 5.555748276942355733e+04 1.111132855797452066e+05 1.576204097452393649e+00 1.111127000119570585e+05 1.354646546137484142e+00 4.912957761771428733e-01 1.111124914056157431e+05 3.703892841869821132e+04 1.111129354276642262e+05 1.111124618606701697e+05 1.111126919657752733e+05 1.414204462858222250e+05 1.111126887125220383e+05 1.111126315091322031e+05
1.111123417037596955e+05 1.051531444844450158e+00 1.189956813111953116e+00 1.111124824333025172e+05 1.111125836844689038e+05 1.111128100486653566e+05 1.162697590411427617e+00 1.111124556857600401e+05 1.216839456507855743e+00 1.111126950926781719e+05 1.587440476190474510e+04 1.111125961199294397e+05 1.111127393905621138e+05 1.111125807308982476e+05 1.424268661758018473e+00 1.111125945767195517e+05 1.111124914056157431e+05 4.601677721392400944e-01 1.049399624159306986e+05 1.111127257575725234e+05 1.282376641016351293e+00 1.520509585903675465e+00 1.969755462714585883e+05 1.321220841840670346e+00 1.360178054587735108e+00
3.703893079107768426e+04 1.049394193303423235e+05 1.049400289751592354e+05 3.703888986566197855e+04 9.259418760850270337e+04 1.111130965779748949e+05 1.049395927648977522e+05 9.259440836136086727e+04 1.049399426650289824e+05 8.024883488189047785e+04 9.700340471074462403e+04 9.259420407588384114e+04 1.111130089081801125e+05 3.703862611697877583e+04 1.049399723702923802e+05 3.703911566725448210e+04 3.703892841869821132e+04 1.049399624159306986e+05 3.155074416593122078e+04 1.042542116765910032e+05 1.049397220297584427e+05 1.049399181552039663e+05 1.105559323274174239e+05 1.049399274757857056e+05 1.049398405760366586e+05
1.111129757186855859e+05 1.111123113709920290e+05 1.111128278984216013e+05 1.111128275064432819e+05 5.555740118308460660e+04 1.234782228955252504e+04 1.111123875490092760e+05 5.555739053953764960e+04 1.111127747910892649e+05 4.321196526488170639e+04 1.031764518777543708e+05 5.555729711444495479e+04 1.234715506879093118e+04 1.111128914932634943e+05 1.111127657092162408e+05 1.111127130566021078e+05 1.111129354276642262e+05 1.111127257575725234e+05 1.042542116765910323e+05 1.920517911448161976e+04 1.111125519290740776e+05 1.111128609470767988e+05 1.846302046539857402e+05 1.111127597100475832e+05 1.111127518542753678e+05
1.111123491001766233e+05 7.941428775547668684e-01 1.336933599867074385e+00 1.111125952555919503e+05 1.111126943267269817e+05 1.111126422432723193e+05 7.737809230870215105e-01 1.111124389169125643e+05 1.134679360136977344e+00 1.111126877494336513e+05 1.587445525591982187e+04 1.111127014895859465e+05 1.111125652006172750e+05 1.111125798074118793e+05 1.386516658018153603e+00 1.111124216648419533e+05 1.111124618606701697e+05 1.282376641016351293e+00 1.049397220297584427e+05 1.111125519290740776e+05 5.158438778922461720e-01 1.350669368825116123e+00 1.969753386604794941e+05 1.276663237311385535e+00 1.171585948520502907e+00
1.111125100874684140e+05 9.377258069830047837e-01 1.624035493827160614e+00 1.111127306325961108e+05 1.111128891294503410e+05 1.111129167778701376e+05 1.118459178247823260e+00 1.111125855992028228e+05 1.524829693799987007e+00 1.111129563961654785e+05 1.587451298566885635e+04 1.111128750953863928e+05 1.111128530115814647e+05 1.111128118814988120e+05 1.228456212044279905e+00 1.111125505024738814e+05 1.111126919657752733e+05 1.520509585903675021e+00 1.049399181552039663e+05 1.111128609470767988e+05 1.350669368825116123e+00 5.733973129933661594e-01 1.969755095872560632e+05 1.318895992906552683e+00 1.357732913109842343e+00
1.414203862948456663e+05 1.969752841863916547e+05 1.969755175366468902e+05 1.414204951016448322e+05 1.969759919354945887e+05 1.969751787755548430e+05 1.969752960195868509e+05 1.969758615257274359e+05 1.969754158944576338e+05 1.414199217628886399e+05 1.890392524896006798e+05 1.969758358326576126e+05 1.969757392070486094e+05 1.414204127696512151e+05 1.969754399082853633e+05 1.414202897007602151e+05 1.414204462858222250e+05 1.969755462714585883e+05 1.105559323274174239e+05 1.846302046539857402e+05 1.969753386604795232e+05 1.969755095872560632e+05 5.462912230468377675e+04 1.969755089302926499e+05 1.969752048005770484e+05
1.111125110490155348e+05 9.051988310551084549e-01 1.235696281867453283e+00 1.111126909171075677e+05 1.111127542138077843e+05 1.111129231626891560e+05 1.232753204235735645e+00 1.111126041144526826e+05 1.397920560332606810e+00 1.111128817046533659e+05 1.587452758995284057e+04 1.111127129314540216e+05 1.111126295933879155e+05 1.111128690547855367e+05 1.290039395895251628e+00 1.111126111111110804e+05 1.111126887125220383e+05 1.321220841840670346e+00 1.049399274757857056e+05 1.111127597100475832e+05 1.276663237311385535e+00 1.318895992906552683e+00 1.969755089302926499e+05 6.460442528516218141e-01 1.285765600775543138e+00
1.111125520740659849e+05 9.004259000481258379e-01 1.254025658676970689e+00 1.111127759334656439e+05 1.111128108977137017e+05 1.111125989310128934e+05 1.014230957796758759e+00 1.111125733362599422e+05 1.177676420554567782e+00 1.111127937652488035e+05 1.587458707382243301e+04 1.111128016414503945e+05 1.111127754974911804e+05 1.111127818201552000e+05 1.284885553482905785e+00 1.111126142511730141e+05 1.111126315091322031e+05 1.360178054587735108e+00 1.049398405760366586e+05 1.111127518542753678e+05 1.171585948520502907e+00 1.357732913109842343e+00 1.969752048005770484e+05 1.285765600775543138e+00 6.468386878470857582e-01
