1.026011934643457607e+04 3.448463247801047692e+04 9.128091032703181554e+04 3.448399083311403956e+04 2.821517279508395586e+04 3.448449749672826874e+04 2.821445108027435344e+04 6.271466557272435239e+03 3.448462004325990711e+04 6.271211955008217046e+03 2.821517121600514292e+04 2.821521684230692335e+04 3.448473413525333308e+04 6.271429061177351286e+03 1.231547527289516729e+05 1.510693706520941050e+05 3.334440405557242048e+04 6.270876597235685040e+03 6.271355750983809230e+03 1.738527183978256071e+05 2.821530639722307751e+04 3.448475383920116292e+04 2.821453291385135890e+04 3.173474246146883816e+05 6.271397849496460367e+03
3.448463247801047692e+04 8.963285598043686520e-01 9.413101828853144252e+04 1.358017762864569544e+00 3.448492834501861216e+04 2.020140737388831820e+00 3.448441409526105417e+04 3.448455788787182973e+04 1.805158305000056140e+00 3.448467895769415918e+04 3.448504235235863598e+04 3.448519672705081757e+04 1.879666782016721438e+00 3.448473472704356391e+04 1.231549955837425950e+05 1.510697112183925346e+05 6.271470240621953963e+03 3.448443865532072959e+04 3.448477945412206464e+04 1.738530458879455982e+05 3.448524868441020226e+04 2.018741353287941465e+00 3.448461459694750374e+04 3.173476563994996250e+05 3.448463138483399962e+04
9.128091032703181554e+04 9.413101828853144252e+04 3.070161666167373551e+04 9.413025369826941460e+04 7.845691061281196016e+04 9.413075410385188297e+04 7.845624384412847576e+04 9.413090646395062504e+04 9.413102641617608606e+04 9.413077813078547479e+04 7.845687954817047284e+04 7.845702921630007040e+04 9.413093839501291222e+04 9.413089521033315395e+04 4.470019413671742223e+04 1.075386128194879129e+05 9.128095599978891551e+04 9.413050068641577673e+04 9.413090699750087515e+04 1.550444251681793830e+05 7.845681365727858793e+04 9.413094316387944855e+04 7.845660349452069204e+04 2.985389773404439329e+05 9.413087110462707642e+04
3.448399083311403956e+04 1.358017762864569766e+00 9.413025369826941460e+04 4.331349046712148487e-01 3.448431642972672853e+04 1.330567054683917005e+00 3.448364283795201482e+04 3.448415302072083432e+04 1.351701881259950389e+00 3.448412712077728065e+04 3.448428905248862429e+04 3.448442802189260692e+04 1.367015337964476496e+00 3.448411832078511361e+04 1.231543454692582891e+05 1.510690203970086586e+05 6.270853753588226027e+03 3.448376185664051445e+04 3.448411278428025253e+04 1.738523878959475260e+05 3.448452941043463943e+04 1.402324401830933764e+00 3.448397252463912446e+04 3.173471360722153913e+05 3.448412194238153461e+04
2.821517279508395586e+04 3.448492834501861216e+04 7.845691061281196016e+04 3.448431642972672853e+04 9.202625301640299238e-01 3.448510817994787794e+04 1.486528078227599137e+00 3.448504077849511668e+04 3.448500196609238628e+04 3.448510116916029801e+04 2.136902472699075961e+00 2.086550328443398605e+00 3.448512744101844146e+04 3.448511706532537937e+04 1.231550698831394839e+05 1.510696955005109485e+05 2.821522637781798039e+04 3.448461800533985661e+04 3.448509073491513846e+04 1.738529842742887267e+05 2.153554391645891908e+00 3.448506394961398473e+04 1.869835691327341287e+00 3.173475975948841078e+05 3.448502273951112875e+04
3.448449749672826874e+04 2.020140737388832708e+00 9.413075410385188297e+04 1.330567054683917227e+00 3.448510817994787794e+04 8.609009129893920864e-01 3.448436446388729382e+04 3.448476911868186289e+04 2.035567842702415309e+00 3.448446668368834798e+04 3.448497069554560585e+04 3.448511518586150487e+04 1.922768201253559406e+00 3.448444871323683765e+04 1.231549033744122426e+05 1.510695653325783205e+05 6.271365212363897626e+03 3.448434321244650346e+04 3.448449239813530585e+04 1.738529232920705399e+05 3.448517173138643557e+04 2.040745233990616025e+00 3.448457093844300107e+04 3.173476187352148117e+05 3.448448053417616757e+04
2.821445108027434617e+04 3.448441409526105417e+04 7.845624384412847576e+04 3.448364283795201482e+04 1.486528078227599137e+00 3.448436446388729382e+04 5.127566233278797458e-01 3.448438449413874332e+04 3.448441542867234239e+04 3.448427413755569432e+04 1.573150963023984161e+00 1.538782985061441844e+00 3.448444005787168135e+04 3.448435268320926843e+04 1.231543260131585121e+05 1.510690440453696356e+05 2.821459756794130590e+04 3.448383601688093040e+04 3.448434051876907324e+04 1.738524615097056376e+05 1.580519798515725771e+00 3.448444085181973060e+04 1.106732308097139406e+00 3.173471791943451972e+05 3.448437139812300302e+04
6.271466557272435239e+03 3.448455788787182973e+04 9.413090646395062504e+04 3.448415302072083432e+04 3.448504077849511668e+04 3.448476911868186289e+04 3.448438449413874332e+04 7.927020032767403412e-01 3.448466996545987058e+04 1.873518380712700271e+00 3.448491841496859706e+04 3.448510118919721572e+04 3.448474585801327339e+04 1.911563328718045351e+00 1.231550018474375829e+05 1.510696941320390615e+05 3.448475645445635746e+04 1.676686967931364736e+00 2.034493757108100542e+00 1.738529722024276271e+05 3.448519975652865833e+04 3.448488647834344738e+04 3.448465238236015284e+04 3.173475731443231343e+05 2.037620664532714176e+00
3.448462004325990711e+04 1.805158305000056140e+00 9.413102641617608606e+04 1.351701881259950611e+00 3.448500196609238628e+04 2.035567842702414865e+00 3.448441542867234239e+04 3.448466996545987058e+04 8.490842164106048306e-01 3.448471229919381585e+04 3.448501301517404499e+04 3.448519996092116344e+04 1.969712964468513183e+00 3.448471204713468615e+04 1.231549734802442545e+05 1.510696884369055333e+05 6.271558672819229287e+03 3.448449853839464777e+04 3.448474791931550863e+04 1.738530287114391977e+05 3.448530974473079550e+04 2.012969255084966491e+00 3.448462262978231593e+04 3.173477065089375246e+05 3.448469755494753917e+04
6.271211955008217046e+03 3.448467895769415918e+04 9.413077813078546023e+04 3.448412712077728065e+04 3.448510116916029801e+04 3.448446668368834798e+04 3.448427413755569432e+04 1.873518380712700271e+00 3.448471229919381585e+04 8.272432554003917859e-01 3.448507860683821491e+04 3.448512567287444836e+04 3.448482801459416078e+04 1.705209817459015564e+00 1.231547660090885765e+05 1.510694939815977123e+05 3.448435633920211694e+04 1.479055471935897925e+00 1.784541435002922505e+00 1.738528468869197532e+05 3.448514548944289709e+04 3.448491030150433653e+04 3.448446233071587631e+04 3.173475334965512739e+05 1.801014899261346391e+00
2.821517121600514292e+04 3.448504235235863598e+04 7.845687954817047284e+04 3.448428905248862429e+04 2.136902472699075961e+00 3.448497069554560585e+04 1.573150963023984161e+00 3.448491841496859706e+04 3.448501301517404499e+04 3.448507860683821491e+04 9.956453537048098879e-01 2.173731079439839675e+00 3.448480902237497503e+04 3.448508334698348335e+04 1.231549711618776346e+05 1.510697262843654898e+05 2.821530814773095335e+04 3.448462338445112255e+04 3.448501005469169468e+04 1.738530496231428697e+05 2.312639772660514570e+00 3.448497915203376033e+04 1.912561758521196476e+00 3.173475517710712156e+05 3.448500726255082554e+04
2.821521684230692335e+04 3.448519672705081757e+04 7.845702921630008495e+04 3.448442802189260692e+04 2.086550328443398605e+00 3.448511518586150487e+04 1.538782985061441844e+00 3.448510118919721572e+04 3.448519996092116344e+04 3.448512567287444836e+04 2.173731079439839675e+00 9.686690588752217002e-01 3.448513532893181400e+04 3.448514910225184576e+04 1.231551128528452537e+05 1.510698286893905897e+05 2.821527860633026285e+04 3.448474414667207748e+04 3.448515680741237884e+04 1.738531064805948699e+05 2.249365609683878997e+00 3.448505007390202081e+04 1.952327291453246128e+00 3.173477099761051359e+05 3.448513044984520820e+04
3.448473413525333308e+04 1.879666782016721882e+00 9.413093839501289767e+04 1.367015337964476718e+00 3.448512744101844146e+04 1.922768201253558740e+00 3.448444005787168135e+04 3.448474585801327339e+04 1.969712964468513183e+00 3.448482801459416078e+04 3.448480902237497503e+04 3.448513532893181400e+04 9.136087812208439907e-01 3.448483032666526560e+04 1.231550713172939431e+05 1.510697486258532736e+05 6.271591732820535981e+03 3.448450418813165743e+04 3.448480855140749190e+04 1.738530517361729580e+05 3.448515078058672225e+04 1.974385429296232619e+00 3.448470878908460872e+04 3.173477273611190612e+05 3.448470085701836069e+04
6.271429061177351286e+03 3.448473472704356391e+04 9.413089521033315395e+04 3.448411832078511361e+04 3.448511706532537937e+04 3.448444871323683765e+04 3.448435268320926843e+04 1.911563328718045573e+00 3.448471204713468615e+04 1.705209817459015564e+00 3.448508334698348335e+04 3.448514910225184576e+04 3.448483032666526560e+04 7.604101532059683866e-01 1.231549145142481866e+05 1.510695205525697093e+05 3.448462629387072957e+04 1.538407172695710701e+00 1.633103762361455713e+00 1.738529805070018629e+05 3.448508422011821676e+04 3.448483881144664338e+04 3.448454295189461845e+04 3.173475693007074296e+05 1.884270690393174297e+00
1.231547527289516729e+05 1.231549955837425950e+05 4.470019413671742223e+04 1.231543454692582891e+05 1.231550698831394839e+05 1.231549033744121989e+05 1.231543260131585121e+05 1.231550018474375829e+05 1.231549734802442545e+05 1.231547660090885911e+05 1.231549711618776346e+05 1.231551128528452537e+05 1.231550713172939431e+05 1.231549145142481866e+05 1.689053124236411168e+04 6.938921366096084239e+04 1.231548550786462874e+05 1.231544767335856595e+05 1.231548753030284279e+05 1.196658286094974028e+05 1.231551312697228568e+05 1.231551035497245612e+05 1.231546329912007932e+05 2.631604775197337731e+05 1.231550589226333104e+05
1.510693706520941050e+05 1.510697112183925346e+05 1.075386128194879129e+05 1.510690203970086295e+05 1.510696955005109485e+05 1.510695653325783205e+05 1.510690440453696356e+05 1.510696941320390615e+05 1.510696884369055333e+05 1.510694939815977123e+05 1.510697262843654607e+05 1.510698286893905897e+05 1.510697486258532736e+05 1.510695205525697093e+05 6.938921366096084239e+04 4.791424013959961303e+04 1.510694974735562864e+05 1.510691264153641532e+05 1.510694917282415554e+05 5.879203882006572530e+04 1.510697544085188420e+05 1.510696473306897096e+05 1.510692442933137354e+05 2.180043887404999405e+05 1.510697064230162941e+05
3.334440405557242048e+04 6.271470240621954872e+03 9.128095599978891551e+04 6.270853753588226027e+03 2.821522637781798039e+04 6.271365212363897626e+03 2.821459756794130953e+04 3.448475645445635746e+04 6.271558672819229287e+03 3.448435633920211694e+04 2.821530814773095335e+04 2.821527860633026285e+04 6.271591732820535981e+03 3.448462629387072957e+04 1.231548550786463311e+05 1.510694974735562864e+05 1.026012214346458313e+04 3.448432953540063318e+04 3.448466601054336934e+04 1.738527891175216646e+05 2.821540943035435339e+04 6.271634317618462774e+03 2.821477023176185685e+04 3.173474340330178384e+05 3.448469993802610406e+04
6.270876597235685040e+03 3.448443865532072959e+04 9.413050068641577673e+04 3.448376185664051445e+04 3.448461800533985661e+04 3.448434321244650346e+04 3.448383601688093040e+04 1.676686967931364736e+00 3.448449853839464777e+04 1.479055471935897925e+00 3.448462338445112255e+04 3.448474414667207748e+04 3.448450418813165743e+04 1.538407172695711367e+00 1.231544767335857032e+05 1.510691264153641532e+05 3.448432953540063318e+04 7.270075560519814184e-01 1.583255920060843813e+00 1.738524522841339349e+05 3.448473085216552863e+04 3.448452197294348298e+04 3.448401209910876059e+04 3.173472120650012512e+05 1.619234735661817082e+00
6.271355750983808321e+03 3.448477945412206464e+04 9.413090699750087515e+04 3.448411278428025253e+04 3.448509073491513846e+04 3.448449239813530585e+04 3.448434051876907324e+04 2.034493757108100098e+00 3.448474791931550863e+04 1.784541435002922283e+00 3.448501005469169468e+04 3.448515680741237884e+04 3.448480855140749190e+04 1.633103762361455713e+00 1.231548753030284279e+05 1.510694917282415554e+05 3.448466601054336934e+04 1.583255920060843813e+00 7.303831781814319468e-01 1.738529245168772468e+05 3.448513074457948824e+04 3.448482495903124072e+04 3.448453650447703694e+04 3.173476591821023030e+05 1.706864711343134777e+00
1.738527183978256071e+05 1.738530458879455982e+05 1.550444251681793830e+05 1.738523878959475260e+05 1.738529842742887267e+05 1.738529232920705399e+05 1.738524615097056376e+05 1.738529722024276271e+05 1.738530287114391977e+05 1.738528468869197532e+05 1.738530496231428697e+05 1.738531064805948699e+05 1.738530517361729580e+05 1.738529805070018629e+05 1.196658286094974028e+05 5.879203882006571075e+04 1.738527891175216646e+05 1.738524522841339349e+05 1.738529245168772468e+05 1.847261734209721908e+04 1.738532224233781744e+05 1.738531315025936347e+05 1.738526489291673061e+05 1.658640587993135559e+05 1.738530589849274547e+05
2.821530639722307751e+04 3.448524868441020226e+04 7.845681365727858793e+04 3.448452941043463943e+04 2.153554391645891464e+00 3.448517173138643557e+04 1.580519798515725771e+00 3.448519975652865833e+04 3.448530974473079550e+04 3.448514548944289709e+04 2.312639772660514126e+00 2.249365609683878997e+00 3.448515078058672225e+04 3.448508422011821676e+04 1.231551312697228568e+05 1.510697544085188420e+05 2.821540943035435339e+04 3.448473085216552863e+04 3.448513074457948824e+04 1.738532224233781744e+05 9.217107949658325250e-01 3.448513873617881472e+04 1.922643904496865064e+00 3.173477883667128626e+05 3.448524740732384817e+04
3.448475383920116292e+04 2.018741353287941909e+00 9.413094316387944855e+04 1.402324401830933764e+00 3.448506394961398473e+04 2.040745233990615581e+00 3.448444085181973060e+04 3.448488647834344738e+04 2.012969255084966491e+00 3.448491030150433653e+04 3.448497915203376033e+04 3.448505007390202081e+04 1.974385429296232619e+00 3.448483881144664338e+04 1.231551035497245612e+05 1.510696473306897096e+05 6.271634317618462774e+03 3.448452197294348298e+04 3.448482495903124072e+04 1.738531315025936347e+05 3.448513873617881472e+04 7.752784475451341972e-01 3.448471330171025329e+04 3.173477126170488773e+05 3.448482308462824585e+04
2.821453291385135526e+04 3.448461459694750374e+04 7.845660349452070659e+04 3.448397252463912446e+04 1.869835691327341287e+00 3.448457093844300107e+04 1.106732308097139406e+00 3.448465238236015284e+04 3.448462262978231593e+04 3.448446233071587631e+04 1.912561758521196031e+00 1.952327291453246128e+00 3.448470878908460872e+04 3.448454295189461845e+04 1.231546329912007932e+05 1.510692442933137354e+05 2.821477023176185321e+04 3.448401209910876059e+04 3.448453650447703694e+04 1.738526489291673061e+05 1.922643904496865064e+00 3.448471330171025329e+04 7.348687871534141935e-01 3.173473561548072612e+05 3.448456724002009287e+04
3.173474246146883816e+05 3.173476563994996832e+05 2.985389773404439329e+05 3.173471360722153913e+05 3.173475975948841078e+05 3.173476187352148117e+05 3.173471791943451972e+05 3.173475731443231343e+05 3.173477065089375246e+05 3.173475334965512739e+05 3.173475517710712738e+05 3.173477099761051359e+05 3.173477273611190612e+05 3.173475693007073714e+05 2.631604775197337731e+05 2.180043887404999405e+05 3.173474340330178384e+05 3.173472120650012512e+05 3.173476591821023030e+05 1.658640587993135559e+05 3.173477883667128626e+05 3.173477126170488773e+05 3.173473561548072612e+05 9.565152198151299672e+04 3.173477053691817564e+05
6.271397849496459457e+03 3.448463138483399962e+04 9.413087110462707642e+04 3.448412194238153461e+04 3.448502273951112875e+04 3.448448053417616757e+04 3.448437139812300302e+04 2.037620664532714176e+00 3.448469755494753917e+04 1.801014899261346613e+00 3.448500726255082554e+04 3.448513044984520820e+04 3.448470085701836069e+04 1.884270690393174741e+00 1.231550589226333541e+05 1.510697064230162941e+05 3.448469993802610406e+04 1.619234735661817082e+00 1.706864711343134999e+00 1.738530589849274547e+05 3.448524740732384817e+04 3.448482308462824585e+04 3.448456724002009287e+04 3.173477053691817564e+05 7.787500416934463043e-01
