7.163632403133257665e-01 2.941432749948117635e+04 5.882595371814510872e+04 1.703938573839012927e+00 6.311731333073915448e+05 5.882583918166902004e+04 2.473750951897712991e+00 1.767097746657396051e+00 3.753518017748678685e+05 2.288585860983047751e+05 2.535606550312432983e+00 2.257807909784444345e+00 5.158973821156409685e+05 2.175728710196989990e+00 2.384538556998284875e+00 1.749444555064272322e+00 1.770530026634797860e+00 1.794053477970566579e+00 1.579822557735485633e+00 8.304746424676211609e+04 2.157247521019884928e+00 1.410028624516517892e+00 1.956778049755428128e+00 1.813585966296948238e+00 2.460742292863998593e+00
2.941432749948117998e+04 2.941269682339911378e+04 2.941414842023180972e+04 2.941427973471854784e+04 6.311735237392807612e+05 2.941390077540933271e+04 2.941431690394062025e+04 2.941357457943899863e+04 3.753521576967593865e+05 2.288589266521701647e+05 2.941410993595811306e+04 2.941417005049463478e+04 5.158976512127187452e+05 2.941429399179765824e+04 2.941419271210933948e+04 2.941392095461222198e+04 2.941398470274469219e+04 2.941373609700508678e+04 2.941430346434899911e+04 8.304779083374947368e+04 2.941415927399467546e+04 2.941335001936219487e+04 2.941419091222018324e+04 2.941433028608330278e+04 2.941392110990804576e+04
5.882595371814510872e+04 2.941414842023181336e+04 1.035560731211671248e+00 5.882598350785901130e+04 6.311734707424103981e+05 2.407367133995189867e+00 5.882604771036630700e+04 5.882530037394457031e+04 3.753522153842581320e+05 2.288588629007961135e+05 5.882616054618419003e+04 5.882608804004661215e+04 5.158975810839167680e+05 5.882611129989036272e+04 5.882593494131260377e+04 5.882570522945917037e+04 5.882563649463408365e+04 5.882528516476543882e+04 5.882599788589090895e+04 8.304757195304446213e+04 5.882595455492518522e+04 5.882522988627113227e+04 5.882582409695945535e+04 5.882597707161954168e+04 5.882592950514139375e+04
1.703938573839012927e+00 2.941427973471854420e+04 5.882598350785901130e+04 8.720772747671595715e-01 6.311732277698679827e+05 5.882602110894731595e+04 2.302935769695949375e+00 1.621627159488503445e+00 3.753517915575518273e+05 2.288584883412005729e+05 2.349836826960038039e+00 2.207657032239075168e+00 5.158973970730642905e+05 2.034274618737211160e+00 2.245086158783732966e+00 1.738254562441399420e+00 1.655679262660447515e+00 1.759531054444369413e+00 1.788211700798742143e+00 8.304755237712533562e+04 2.072962572472564879e+00 1.351002910397790302e+00 1.763466918054175547e+00 1.672079387606343337e+00 2.318955176779266658e+00
6.311731333073915448e+05 6.311735237392806448e+05 6.311734707424103981e+05 6.311732277698679827e+05 1.222764598667987302e+05 6.311735286791656399e+05 6.311734169171318645e+05 6.311731913973732153e+05 4.606200942166650202e+05 6.084749207603047835e+05 6.311734463288965635e+05 6.311733678851909935e+05 3.546252491526171798e+05 6.311732998184405733e+05 6.311734199702049373e+05 6.311730105801115278e+05 6.311730367536839331e+05 6.311731338524656603e+05 6.311731691208939301e+05 6.311732522212574258e+05 6.311732548901811242e+05 6.311731524887266569e+05 6.311730976470370078e+05 6.311732218316902872e+05 6.311734757703026989e+05
5.882583918166902004e+04 2.941390077540933271e+04 2.407367133995189867e+00 5.882602110894731595e+04 6.311735286791656399e+05 9.661470697293715881e-01 5.882594422656411189e+04 5.882535129838340799e+04 3.753522184041425935e+05 2.288588492420507246e+05 5.882597734057125490e+04 5.882589225275816716e+04 5.158976677185708540e+05 5.882600099127021531e+04 5.882586324570114812e+04 5.882576661076534219e+04 5.882563535703460366e+04 5.882551790926342801e+04 5.882599825230072747e+04 8.304751334051525919e+04 5.882608226439186546e+04 5.882509565064542403e+04 5.882588983386552718e+04 5.882597605520618526e+04 5.882588899916432274e+04
2.473750951897712991e+00 2.941431690394062025e+04 5.882604771036630700e+04 2.302935769695949375e+00 6.311734169171318645e+05 5.882594422656411189e+04 8.466996577674761326e-01 1.702320533984248430e+00 3.753521391469879891e+05 2.288587871321777930e+05 2.061896403494138497e+00 2.409172593437832521e+00 5.158975827234616736e+05 2.309320488093848933e+00 2.403246265071670607e+00 2.124979400041179023e+00 2.297044159722187118e+00 2.007196082067777887e+00 2.388696498664741874e+00 8.304784211300987226e+04 2.136773883130623108e+00 1.581785534197171827e+00 2.258039414756330299e+00 2.287057491946578036e+00 2.373523456783391605e+00
1.767097746657396051e+00 2.941357457943899863e+04 5.882530037394457031e+04 1.621627159488503223e+00 6.311731913973732153e+05 5.882535129838340799e+04 1.702320533984248430e+00 5.886149702811035445e-01 3.753516647705596406e+05 2.288583150862638140e+05 1.708976635491647356e+00 1.787565747233224034e+00 5.158972276906669140e+05 1.626256965798294374e+00 1.772796881624653986e+00 1.401208896483213895e+00 1.493820101987067162e+00 1.138407276216141906e+00 1.699583863768361347e+00 8.304709006453005713e+04 1.594696637139106032e+00 9.132566389237072313e-01 1.551034625980376669e+00 1.614498234639503593e+00 1.727829857580434059e+00
3.753518017748678685e+05 3.753521576967593865e+05 3.753522153842581320e+05 3.753517915575518273e+05 4.606200942166650202e+05 3.753522184041425935e+05 3.753521391469879891e+05 3.753516647705596406e+05 1.215731459879587055e+05 2.763547652820114745e+05 3.753521768335308880e+05 3.753520672195086954e+05 3.013646076372941607e+05 3.753520173710189993e+05 3.753520399428327801e+05 3.753516017432002118e+05 3.753517450473075733e+05 3.753517414950907696e+05 3.753517906872963067e+05 3.445155656007336802e+05 3.753519866539303330e+05 3.753516839664909639e+05 3.753518268581132870e+05 3.753518362532407627e+05 3.753521176365946303e+05
2.288585860983047751e+05 2.288589266521701647e+05 2.288588629007961135e+05 2.288584883412005729e+05 6.084749207603047835e+05 2.288588492420507246e+05 2.288587871321777930e+05 2.288583150862638140e+05 2.763547652820114745e+05 7.732292231197564979e+04 2.288587491856210981e+05 2.288588090911007021e+05 4.931995425689620897e+05 2.288587840507144865e+05 2.288588193955651659e+05 2.288582811067465518e+05 2.288583170597997378e+05 2.288583149902752775e+05 2.288585511362372199e+05 1.458132502198850561e+05 2.288587204606150335e+05 2.288581441103686520e+05 2.288584588868991414e+05 2.288585185851035058e+05 2.288589103667531163e+05
2.535606550312432983e+00 2.941410993595810942e+04 5.882616054618419003e+04 2.349836826960038039e+00 6.311734463288965635e+05 5.882597734057125490e+04 2.061896403494138497e+00 1.708976635491647356e+00 3.753521768335308880e+05 2.288587491856210981e+05 9.095202138840079442e-01 2.577237972529016208e+00 5.158976233897281927e+05 2.390769943157158295e+00 2.477949697352262781e+00 2.161881831638635454e+00 2.219171406874804742e+00 1.992715656132544089e+00 2.422950950239309620e+00 8.304767553782154573e+04 2.175390304092255978e+00 1.637877953199322834e+00 2.452916382125081451e+00 2.441968838310302647e+00 2.463430137622856897e+00
2.257807909784444345e+00 2.941417005049463114e+04 5.882608804004660487e+04 2.207657032239075168e+00 6.311733678851909935e+05 5.882589225275815988e+04 2.409172593437832521e+00 1.787565747233224034e+00 3.753520672195086954e+05 2.288588090911007021e+05 2.577237972529016208e+00 9.553628025508436039e-01 5.158975671589715057e+05 1.986027458243310617e+00 2.089907558213242478e+00 2.023742237807738320e+00 2.020106837276210765e+00 1.849442104608517212e+00 2.188250941031872454e+00 8.304772704772137513e+04 2.242928667059839842e+00 1.394668058031599767e+00 2.111592816106866444e+00 2.177239418425667150e+00 2.074751126261089595e+00
5.158973821156409685e+05 5.158976512127187452e+05 5.158975810839167098e+05 5.158973970730642905e+05 3.546252491526171798e+05 5.158976677185708540e+05 5.158975827234616736e+05 5.158972276906669140e+05 3.013646076372941607e+05 4.931995425689620897e+05 5.158976233897281927e+05 5.158975671589715057e+05 1.316990794751126377e+05 5.158974314642047393e+05 5.158975035253991373e+05 5.158971466593185323e+05 5.158972319977229345e+05 5.158972709528970299e+05 5.158974090222883387e+05 5.158976255914319772e+05 5.158975347711475915e+05 5.158973096611085930e+05 5.158973410312466440e+05 5.158974387308796286e+05 5.158975444842920988e+05
2.175728710196989990e+00 2.941429399179765460e+04 5.882611129989036272e+04 2.034274618737211160e+00 6.311732998184405733e+05 5.882600099127021531e+04 2.309320488093848933e+00 1.626256965798294374e+00 3.753520173710189993e+05 2.288587840507144865e+05 2.390769943157158295e+00 1.986027458243310617e+00 5.158974314642047393e+05 7.756633553273020176e-01 2.353210630843822759e+00 1.930013809707705974e+00 2.137241912730352134e+00 1.859969261027860865e+00 2.048874983754899404e+00 8.304781634537711216e+04 2.000501024498541280e+00 1.451112662329872016e+00 2.186103982991021599e+00 2.050855130143754312e+00 2.541084305291538836e+00
2.384538556998284875e+00 2.941419271210933948e+04 5.882593494131260377e+04 2.245086158783732966e+00 6.311734199702049373e+05 5.882586324570114812e+04 2.403246265071670607e+00 1.772796881624653986e+00 3.753520399428327801e+05 2.288588193955651659e+05 2.477949697352262781e+00 2.089907558213242478e+00 5.158975035253991373e+05 2.353210630843822759e+00 7.552079929070232289e-01 1.982254727081210088e+00 1.908453363161507932e+00 1.880685168890291914e+00 2.310980052194152812e+00 8.304769205977303500e+04 2.404358296567919329e+00 1.555106537456676596e+00 2.142812289663861058e+00 2.202937956655184326e+00 2.242045597312983141e+00
1.749444555064272322e+00 2.941392095461221470e+04 5.882570522945917037e+04 1.738254562441399420e+00 6.311730105801115278e+05 5.882576661076534219e+04 2.124979400041179023e+00 1.401208896483213895e+00 3.753516017432002118e+05 2.288582811067465518e+05 2.161881831638635454e+00 2.023742237807738320e+00 5.158971466593185323e+05 1.930013809707705974e+00 1.982254727081210088e+00 7.521503659259710650e-01 1.483211593112091942e+00 1.436655433678531990e+00 1.726877990480984115e+00 8.304728034549250151e+04 1.899402351678893597e+00 1.267388708572547262e+00 1.713662966790121978e+00 1.854966344092621622e+00 2.223262070881103725e+00
1.770530026634797860e+00 2.941398470274468491e+04 5.882563649463408365e+04 1.655679262660447515e+00 6.311730367536839331e+05 5.882563535703460366e+04 2.297044159722187562e+00 1.493820101987066939e+00 3.753517450473075733e+05 2.288583170597997378e+05 2.219171406874805186e+00 2.020106837276210765e+00 5.158972319977228763e+05 2.137241912730352134e+00 1.908453363161507932e+00 1.483211593112091942e+00 6.368840380700860893e-01 1.457258094089236344e+00 1.794999210528073208e+00 8.304707668484048918e+04 2.115107371304977057e+00 1.149514331644147180e+00 1.710997248514241065e+00 1.737521144019052333e+00 2.103879178370918090e+00
1.794053477970566579e+00 2.941373609700507950e+04 5.882528516476543882e+04 1.759531054444369413e+00 6.311731338524656603e+05 5.882551790926342801e+04 2.007196082067777887e+00 1.138407276216141906e+00 3.753517414950907696e+05 2.288583149902752775e+05 1.992715656132544089e+00 1.849442104608517212e+00 5.158972709528970299e+05 1.859969261027860865e+00 1.880685168890291914e+00 1.436655433678531990e+00 1.457258094089235900e+00 7.732999049171144224e-01 1.750638408876521668e+00 8.304708507574636315e+04 1.745938767649522605e+00 1.033894324518415786e+00 1.591283911186577527e+00 1.817493306576906109e+00 1.866841810186401496e+00
1.579822557735485633e+00 2.941430346434899548e+04 5.882599788589090895e+04 1.788211700798742143e+00 6.311731691208940465e+05 5.882599825230072747e+04 2.388696498664741874e+00 1.699583863768361347e+00 3.753517906872963067e+05 2.288585511362372199e+05 2.422950950239309620e+00 2.188250941031872454e+00 5.158974090222883387e+05 2.048874983754899404e+00 2.310980052194153256e+00 1.726877990480984115e+00 1.794999210528073652e+00 1.750638408876521668e+00 8.718714250173246194e-01 8.304750929093315790e+04 2.015972304593304010e+00 1.398689264281561595e+00 1.959680024068995552e+00 1.816591677727116050e+00 2.325606476318802240e+00
8.304746424676210154e+04 8.304779083374947368e+04 8.304757195304446213e+04 8.304755237712532107e+04 6.311732522212574258e+05 8.304751334051524464e+04 8.304784211300987226e+04 8.304709006453005713e+04 3.445155656007336802e+05 1.458132502198850561e+05 8.304767553782154573e+04 8.304772704772138968e+04 5.158976255914319772e+05 8.304781634537709760e+04 8.304769205977303500e+04 8.304728034549250151e+04 8.304707668484048918e+04 8.304708507574634859e+04 8.304750929093314335e+04 2.849699197242044102e+04 8.304776103196047188e+04 8.304682849510313827e+04 8.304737413453661429e+04 8.304733592802143539e+04 8.304756575384302414e+04
2.157247521019884928e+00 2.941415927399467546e+04 5.882595455492518522e+04 2.072962572472564879e+00 6.311732548901811242e+05 5.882608226439186546e+04 2.136773883130623108e+00 1.594696637139106254e+00 3.753519866539303330e+05 2.288587204606150335e+05 2.175390304092255978e+00 2.242928667059840286e+00 5.158975347711475915e+05 2.000501024498541280e+00 2.404358296567919329e+00 1.899402351678893597e+00 2.115107371304977057e+00 1.745938767649522605e+00 2.015972304593304010e+00 8.304776103196047188e+04 7.087657403694559433e-01 1.460762169245356290e+00 1.974010258064574419e+00 2.035821679394853145e+00 2.388876112077725988e+00
1.410028624516517892e+00 2.941335001936219123e+04 5.882522988627113227e+04 1.351002910397790302e+00 6.311731524887266569e+05 5.882509565064542403e+04 1.581785534197171827e+00 9.132566389237072313e-01 3.753516839664909639e+05 2.288581441103686520e+05 1.637877953199322834e+00 1.394668058031599767e+00 5.158973096611086512e+05 1.451112662329872016e+00 1.555106537456676596e+00 1.267388708572547262e+00 1.149514331644147180e+00 1.033894324518415786e+00 1.398689264281561817e+00 8.304682849510313827e+04 1.460762169245356512e+00 3.853138390542887315e-01 1.357307807638393982e+00 1.336464850292932827e+00 1.557427379441353343e+00
1.956778049755428128e+00 2.941419091222017596e+04 5.882582409695945535e+04 1.763466918054175325e+00 6.311730976470370078e+05 5.882588983386552718e+04 2.258039414756330743e+00 1.551034625980376669e+00 3.753518268581132870e+05 2.288584588868991414e+05 2.452916382125081007e+00 2.111592816106866444e+00 5.158973410312466440e+05 2.186103982991021599e+00 2.142812289663861058e+00 1.713662966790121978e+00 1.710997248514241065e+00 1.591283911186577527e+00 1.959680024068995552e+00 8.304737413453661429e+04 1.974010258064574419e+00 1.357307807638393982e+00 7.555675128796925932e-01 1.905967943236593243e+00 2.279121293285260030e+00
1.813585966296948238e+00 2.941433028608329914e+04 5.882597707161954168e+04 1.672079387606343115e+00 6.311732218316902872e+05 5.882597605520618526e+04 2.287057491946577592e+00 1.614498234639503593e+00 3.753518362532407627e+05 2.288585185851035058e+05 2.441968838310302647e+00 2.177239418425667150e+00 5.158974387308796286e+05 2.050855130143754312e+00 2.202937956655184326e+00 1.854966344092621622e+00 1.737521144019052333e+00 1.817493306576906109e+00 1.816591677727116050e+00 8.304733592802146450e+04 2.035821679394853145e+00 1.336464850292932827e+00 1.905967943236593243e+00 7.602639230720580343e-01 2.266856168138938088e+00
2.460742292863998593e+00 2.941392110990804576e+04 5.882592950514139375e+04 2.318955176779266658e+00 6.311734757703026989e+05 5.882588899916432274e+04 2.373523456783391605e+00 1.727829857580434059e+00 3.753521176365946303e+05 2.288589103667531163e+05 2.463430137622856897e+00 2.074751126261090040e+00 5.158975444842920988e+05 2.541084305291538836e+00 2.242045597312983585e+00 2.223262070881103725e+00 2.103879178370918090e+00 1.866841810186401496e+00 2.325606476318802240e+00 8.304756575384302414e+04 2.388876112077725988e+00 1.557427379441353343e+00 2.279121293285260030e+00 2.266856168138938088e+00 1.067649823344064774e+00
