1.655751995276203961e+05 4.050310152567347977e+05 4.050310747881655698e+05 4.050309480871984852e+05 4.050311932063829154e+05 4.050311166855941410e+05 3.585136278223185218e+05 4.050311068745365483e+05 2.585887907827347517e+05 4.050311417748406529e+05 4.050310557973288232e+05 4.050307735821048846e+05 4.050310907402070006e+05 4.050311228441027924e+05 7.268641903378830757e+05 4.050310277936966741e+05 4.050309388892813004e+05 3.746095292653741199e+05 6.182052799098626710e+05 4.050308715470392490e+05 3.217026998969114502e+05 4.050310386514468119e+05 4.050313207631818368e+05 4.050310953455080162e+05 4.050311539919885690e+05
4.050310152567347977e+05 9.770462941445304805e-01 1.363660738301923266e+05 1.682273573136896960e+00 2.334526772138027173e+00 2.882708214790512648e+04 2.133340674114495050e+05 1.818205247178515128e+05 2.727295455019379733e+05 1.602895711486161163e+05 1.818206347189732478e+05 1.501442904405698719e+00 6.060838988491131022e+04 1.818205426428359351e+05 8.002292796412083553e+05 2.003976240206704063e+00 2.074979536101823729e+00 5.251802639843584038e+05 6.915702200178002240e+05 1.764060172551886962e+00 2.727293379940001178e+05 1.864538237077455918e+00 1.136388348704254749e+05 1.960111065955440601e+00 2.309505260952982475e+00
4.050310747881655698e+05 1.363660738301923266e+05 1.019130784598389905e+00 1.363657985294100072e+05 1.363662120677256607e+05 1.075407627972076007e+05 1.678801637745455955e+05 9.091141342080409231e+04 2.727298968126950203e+05 2.392504003931770785e+04 9.091166407723102020e+04 1.363653653902824444e+05 7.575941828912899655e+04 9.091162309936856036e+04 8.002294177941962844e+05 1.363662155403841753e+05 1.363659432734783913e+05 5.251803476924134884e+05 6.915703406538100680e+05 1.363656237749800202e+05 2.494482136358928401e+05 1.363658705957822094e+05 4.545662963631688035e+04 1.363660904547830578e+05 1.363662107800593658e+05
4.050309480871984852e+05 1.682273573136896960e+00 1.363657985294100072e+05 9.409705338438748567e-01 2.091725570205267282e+00 2.882679194789849134e+04 2.133339180124713748e+05 1.818203546650538337e+05 2.727294636796295526e+05 1.602893087254500424e+05 1.818205128483469889e+05 1.185979773771285162e+00 6.060804509391990723e+04 1.818203851795452356e+05 8.002292224838914117e+05 1.811201609683207314e+00 1.728299694630383243e+00 5.251801910498990910e+05 6.915701540711428970e+05 1.413760250127236606e+00 2.727292709488612018e+05 1.512207064452065097e+00 1.136384869390288804e+05 1.793164832403407738e+00 1.986837983229453819e+00
4.050311932063829154e+05 2.334526772138027173e+00 1.363662120677256607e+05 2.091725570205267282e+00 1.235149032986425643e+00 2.882724041399797716e+04 2.133342645264127932e+05 1.818208161502892035e+05 2.727297917298708926e+05 1.602897446473974560e+05 1.818208514673526224e+05 1.693198850655820431e+00 6.060849238135445194e+04 1.818206960622979677e+05 8.002293347867171979e+05 2.133495873181666003e+00 2.310427319739708274e+00 5.251804383091093041e+05 6.915702934443672420e+05 2.168658400346124004e+00 2.727294856291584438e+05 2.061605423428850337e+00 1.136389012244855985e+05 2.167014039532097591e+00 2.412906617231903805e+00
4.050311166855940828e+05 2.882708214790513011e+04 1.075407627972076007e+05 2.882679194789849134e+04 2.882724041399798443e+04 2.109227272108821853e+04 1.845094639866765938e+05 1.529955986723924580e+05 2.727296275328070042e+05 1.314642559138671204e+05 1.529957895891829394e+05 2.882637853481888669e+04 3.178265695681791112e+04 1.529956357211459253e+05 8.002292979709043866e+05 2.882716897376548877e+04 2.882695026709185549e+04 5.251802626913088607e+05 6.915701989632910118e+05 2.882660856805623916e+04 2.579655143078964029e+05 2.882686969116464388e+04 8.481352899448989774e+04 2.882697104895655502e+04 2.882708785214384261e+04
3.585136278223185218e+05 2.133340674114495050e+05 1.678801637745455955e+05 2.133339180124713748e+05 2.133342645264127932e+05 1.845094639866765938e+05 8.184463527785404585e+04 1.335896786514929554e+05 2.134218448486116831e+05 1.578072158686220064e+05 1.335895979818995111e+05 2.133336689902628423e+05 1.678799183455729217e+05 1.335896853635372536e+05 8.002295756641920889e+05 2.133341230803843646e+05 2.133340725951449131e+05 5.154853567288388731e+05 6.915705574159758398e+05 2.133339114064295136e+05 1.360112678915512515e+05 2.133339985963501676e+05 1.451529150066111761e+05 2.133341554502750514e+05 2.133342915259619185e+05
4.050311068745365483e+05 1.818205247178515128e+05 9.091141342080409231e+04 1.818203546650538337e+05 1.818208161502892035e+05 1.529955986723924580e+05 1.335896786514929554e+05 1.365638607848896235e+00 2.727299456597559620e+05 6.698798978760262253e+04 2.090194098893358277e+00 1.818200103493931238e+05 1.363658086191814800e+05 2.543727082541070939e+00 8.002294921687231399e+05 1.818206639064947667e+05 1.818205213072236511e+05 5.251804425478738267e+05 6.915704646092035109e+05 1.818201318151605083e+05 2.494483324887711497e+05 1.818204317247243889e+05 1.363662753367368714e+05 1.818205954909540887e+05 1.818207654874756117e+05
2.585887907827347517e+05 2.727295455019379733e+05 2.727298968126950203e+05 2.727294636796295526e+05 2.727297917298708926e+05 2.727296275328069460e+05 2.134218448486116831e+05 2.727299456597559620e+05 2.637442511418869617e+04 2.727299233091645292e+05 2.727300129782527220e+05 2.727292728352291742e+05 2.727296532825512695e+05 2.727297576915557729e+05 7.995483662156603532e+05 2.727296034958738019e+05 2.727295592032597633e+05 4.857071205373796402e+05 6.915704086267292732e+05 2.727293872403239948e+05 1.533014409815690888e+05 2.727294667564816191e+05 2.727297734472031589e+05 2.727296035045034951e+05 2.727298154833478620e+05
4.050311417748406529e+05 1.602895711486161454e+05 2.392504003931771149e+04 1.602893087254500424e+05 1.602897446473974560e+05 1.314642559138671204e+05 1.578072158686220064e+05 6.698798978760260798e+04 2.727299233091645292e+05 2.266554012254321424e+04 6.698837019983882783e+04 1.602888861730179633e+05 9.968296485360618681e+04 6.698818570470217674e+04 8.002294282535734819e+05 1.602897020212764619e+05 1.602894631071307813e+05 5.251804715501220198e+05 6.915703641711110249e+05 1.602891439519553969e+05 2.494482093049114337e+05 1.602893615324110433e+05 6.938021787905505334e+04 1.602896197536413092e+05 1.602896905014100776e+05
4.050310557973288232e+05 1.818206347189732478e+05 9.091166407723102020e+04 1.818205128483469889e+05 1.818208514673526224e+05 1.529957895891829394e+05 1.335895979818995111e+05 2.090194098893358721e+00 2.727300129782527220e+05 6.698837019983882783e+04 1.370843174828508371e+00 1.818201059573930979e+05 1.363661268633337168e+05 2.870816922039490571e+00 8.002295548629594268e+05 1.818206687160071742e+05 1.818206147161348781e+05 5.251805341778915608e+05 6.915705310379988514e+05 1.818203287654557207e+05 2.494481217237418750e+05 1.818205761636863754e+05 1.363665052198827325e+05 1.818206691772179329e+05 1.818208669945276051e+05
4.050307735821048846e+05 1.501442904405698719e+00 1.363653653902824153e+05 1.185979773771284940e+00 1.693198850655820653e+00 2.882637853481888305e+04 2.133336689902628423e+05 1.818200103493931238e+05 2.727292728352291742e+05 1.602888861730179633e+05 1.818201059573930979e+05 5.935018318395069992e-01 6.060760614090168383e+04 1.818200613103055221e+05 8.002292728184863226e+05 1.505144860466182122e+00 1.500209994586889639e+00 5.251801088054210413e+05 6.915701227220430737e+05 1.195737427123356733e+00 2.727289885345806833e+05 1.219821856411794636e+00 1.136380340850011999e+05 1.592845051973741599e+00 1.663358939081424515e+00
4.050310907402070006e+05 6.060838988491131022e+04 7.575941828912898200e+04 6.060804509391990723e+04 6.060849238135445194e+04 3.178265695681791112e+04 1.678799183455729217e+05 1.363658086191814800e+05 2.727296532825512695e+05 9.968296485360618681e+04 1.363661268633337168e+05 6.060760614090169111e+04 2.020293333267385242e+04 1.363659277664305118e+05 8.002293308087943587e+05 6.060846403701777308e+04 6.060822665398957906e+04 5.251802445993695874e+05 6.915702093385714106e+05 6.060780011362936057e+04 2.494479612403236970e+05 6.060812494525531656e+04 5.303209049730927654e+04 6.060835534677523538e+04 6.060837542904985457e+04
4.050311228441027924e+05 1.818205426428359351e+05 9.091162309936856036e+04 1.818203851795452356e+05 1.818206960622979677e+05 1.529956357211459253e+05 1.335896853635372536e+05 2.543727082541070939e+00 2.727297576915557729e+05 6.698818570470219129e+04 2.870816922039490571e+00 1.818200613103055221e+05 1.363659277664305118e+05 1.386692917818504345e+00 8.002295607390138321e+05 1.818206426130525360e+05 1.818205962084533530e+05 5.251805192831790773e+05 6.915705088395710336e+05 1.818202138160516042e+05 2.494481048488422530e+05 1.818204280006799672e+05 1.363664240174164879e+05 1.818206165518242633e+05 1.818208085070975649e+05
7.268641903378830757e+05 8.002292796412083553e+05 8.002294177941962844e+05 8.002292224838914117e+05 8.002293347867171979e+05 8.002292979709043866e+05 8.002295756641920889e+05 8.002294921687231399e+05 7.995483662156603532e+05 8.002294282535734819e+05 8.002295548629594268e+05 8.002292728184863226e+05 8.002293308087943587e+05 8.002295607390138321e+05 2.555943570020871703e+05 8.002292819786322070e+05 8.002292395293459995e+05 5.667025141259726370e+05 4.914505529665722861e+05 8.002292660717015387e+05 8.002295756641918560e+05 8.002292656584052602e+05 8.002293879699559184e+05 8.002293531657096464e+05 8.002292040856231470e+05
4.050310277936966741e+05 2.003976240206704063e+00 1.363662155403841753e+05 1.811201609683207314e+00 2.133495873181666447e+00 2.882716897376548877e+04 2.133341230803843646e+05 1.818206639064947667e+05 2.727296034958738019e+05 1.602897020212764328e+05 1.818206687160071742e+05 1.505144860466181900e+00 6.060846403701777308e+04 1.818206426130525360e+05 8.002292819786322070e+05 1.032416007124962398e+00 2.140860199022585064e+00 5.251803149608633248e+05 6.915702223552241921e+05 1.854371700127263045e+00 2.727294002193408087e+05 1.976152704538574501e+00 1.136387710689394007e+05 2.025324118394387973e+00 2.096746397458592703e+00
4.050309388892813004e+05 2.074979536101823285e+00 1.363659432734783913e+05 1.728299694630383021e+00 2.310427319739708718e+00 2.882695026709185549e+04 2.133340725951449131e+05 1.818205213072236511e+05 2.727295592032597633e+05 1.602894631071307813e+05 1.818206147161348781e+05 1.500209994586889639e+00 6.060822665398957906e+04 1.818205962084533530e+05 8.002292395293459995e+05 2.140860199022585064e+00 8.659399040257029778e-01 5.251802275043065893e+05 6.915701799059378682e+05 1.646043364639729667e+00 2.727294009260070161e+05 1.769713274813074166e+00 1.136386666580472811e+05 2.099292823812401565e+00 2.321719220697353148e+00
3.746095292653741781e+05 5.251802639843584038e+05 5.251803476924134884e+05 5.251801910498990910e+05 5.251804383091093041e+05 5.251802626913088607e+05 5.154853567288388731e+05 5.251804425478738267e+05 4.857071205373796402e+05 5.251804715501220198e+05 5.251805341778915608e+05 5.251801088054210413e+05 5.251802445993695874e+05 5.251805192831790773e+05 5.667025141259726370e+05 5.251803149608633248e+05 5.251802275043065893e+05 2.331472657819643209e+05 4.368407341170341824e+05 5.251801858240761794e+05 5.084343502547900425e+05 5.251802585742579540e+05 5.251804239013125189e+05 5.251803341154906666e+05 5.251802954827225767e+05
6.182052799098626710e+05 6.915702200178003404e+05 6.915703406538103009e+05 6.915701540711428970e+05 6.915702934443672420e+05 6.915701989632910118e+05 6.915705574159758398e+05 6.915704646092035109e+05 6.915704086267292732e+05 6.915703641711110249e+05 6.915705310379988514e+05 6.915701227220430737e+05 6.915702093385714106e+05 6.915705088395710336e+05 4.914505529665722861e+05 6.915702223552241921e+05 6.915701799059378682e+05 4.368407341170340660e+05 2.637474162687762291e+05 6.915701571336025372e+05 6.915705302418377250e+05 6.915701932791374857e+05 6.915702601650400320e+05 6.915702550129638985e+05 6.915701433261779603e+05
4.050308715470392490e+05 1.764060172551886962e+00 1.363656237749800202e+05 1.413760250127236162e+00 2.168658400346124004e+00 2.882660856805623189e+04 2.133339114064295136e+05 1.818201318151605083e+05 2.727293872403239948e+05 1.602891439519553387e+05 1.818203287654557207e+05 1.195737427123356733e+00 6.060780011362936057e+04 1.818202138160516042e+05 8.002292660717015387e+05 1.854371700127263045e+00 1.646043364639729667e+00 5.251801858240761794e+05 6.915701571336025372e+05 8.973862423877296823e-01 2.727292434154290822e+05 1.555650381227186019e+00 1.136382298667048890e+05 1.855192055578292809e+00 2.022393871558386902e+00
3.217026998969114502e+05 2.727293379940001178e+05 2.494482136358928401e+05 2.727292709488612018e+05 2.727294856291584438e+05 2.579655143078964029e+05 1.360112678915512515e+05 2.494483324887711497e+05 1.533014409815690597e+05 2.494482093049114628e+05 2.494481217237418750e+05 2.727289885345806833e+05 2.494479612403236970e+05 2.494481048488422821e+05 8.002295756641919725e+05 2.727294002193408087e+05 2.727294009260070161e+05 5.084343502547900425e+05 6.915705302418377250e+05 2.727292434154290822e+05 2.271517243642942049e+04 2.727292690627572010e+05 2.267208413459771546e+05 2.727294015907992143e+05 2.727294978721822263e+05
4.050310386514468119e+05 1.864538237077455918e+00 1.363658705957821803e+05 1.512207064452065097e+00 2.061605423428850337e+00 2.882686969116464024e+04 2.133339985963501676e+05 1.818204317247243889e+05 2.727294667564816191e+05 1.602893615324110142e+05 1.818205761636863754e+05 1.219821856411794636e+00 6.060812494525531656e+04 1.818204280006799672e+05 8.002292656584052602e+05 1.976152704538574501e+00 1.769713274813074166e+00 5.251802585742579540e+05 6.915701932791374857e+05 1.555650381227186019e+00 2.727292690627572010e+05 9.560922129075543063e-01 1.136384565865513141e+05 1.994589061174496081e+00 2.101592370889186157e+00
4.050313207631817204e+05 1.136388348704254749e+05 4.545662963631688035e+04 1.136384869390288804e+05 1.136389012244855985e+05 8.481352899448989774e+04 1.451529150066111761e+05 1.363662753367368714e+05 2.727297734472031589e+05 6.938021787905505334e+04 1.363665052198827616e+05 1.136380340850011999e+05 5.303209049730927654e+04 1.363664240174164879e+05 8.002293879699559184e+05 1.136387710689394007e+05 1.136386666580472811e+05 5.251804239013125189e+05 6.915702601650400320e+05 1.136382298667048890e+05 2.267208413459771546e+05 1.136384565865513141e+05 2.272839324975333147e+04 1.136387406927913398e+05 1.136387470390479866e+05
4.050310953455080162e+05 1.960111065955440601e+00 1.363660904547830578e+05 1.793164832403407738e+00 2.167014039532097591e+00 2.882697104895655502e+04 2.133341554502750514e+05 1.818205954909540887e+05 2.727296035045034951e+05 1.602896197536413092e+05 1.818206691772179329e+05 1.592845051973741599e+00 6.060835534677523538e+04 1.818206165518242633e+05 8.002293531657096464e+05 2.025324118394387973e+00 2.099292823812401565e+00 5.251803341154906666e+05 6.915702550129638985e+05 1.855192055578292587e+00 2.727294015907992143e+05 1.994589061174496081e+00 1.136387406927913398e+05 1.017744223358010958e+00 2.365514679020908950e+00
4.050311539919885690e+05 2.309505260952982475e+00 1.363662107800593658e+05 1.986837983229454041e+00 2.412906617231903805e+00 2.882708785214384261e+04 2.133342915259619185e+05 1.818207654874756117e+05 2.727298154833478620e+05 1.602896905014100485e+05 1.818208669945276051e+05 1.663358939081424737e+00 6.060837542904985457e+04 1.818208085070975649e+05 8.002292040856231470e+05 2.096746397458592703e+00 2.321719220697353148e+00 5.251802954827225767e+05 6.915701433261777274e+05 2.022393871558386902e+00 2.727294978721822263e+05 2.101592370889185712e+00 1.136387470390479866e+05 2.365514679020908950e+00 1.266618819149236241e+00
