2.033106956878352503e+05 3.903455762984337052e+05 3.903459504884739290e+05 3.903459103759404970e+05 3.903457580878334702e+05 3.903458886425224482e+05 3.903455881960747065e+05 3.903461148807816207e+05 3.903457958646770567e+05 3.903457484387423028e+05 3.903456785606839112e+05 3.903460074262625421e+05 3.903460248982511694e+05 3.903456319091662299e+05 3.903458535132466350e+05 3.903456149626068072e+05 3.903457983963348088e+05 3.903458344012146117e+05 3.903458911101535195e+05 4.042977288453183719e+05 3.903457048118308303e+05 3.903458439560779952e+05 3.903457444041622803e+05 3.903459235124551924e+05 2.835481538921337342e+05
3.903455762984337052e+05 4.950413332701270597e-01 5.626757392079360579e+04 5.882508404210121807e+04 1.399584511651766006e+00 1.410214672226191679e+00 1.062767380416522967e+00 1.176487332012426778e+05 5.882494280059168523e+04 1.314095937451849938e+00 1.482288742029395090e+00 5.882520912236529693e+04 7.353113727915383060e+04 1.303843403192035622e+00 1.393610612123889814e+00 1.212152329662325556e+00 1.176489817338660650e+05 1.529229584498222660e+00 1.339488299348968958e+00 6.172135956949366955e+05 5.882491329727466655e+04 1.466732240499094564e+00 1.541718250916882971e+00 1.176488879350563220e+05 2.239504599232348846e+05
3.903459504884739290e+05 5.626757392079360579e+04 4.047689607649257232e+04 4.348022615257280995e+04 5.626830364564293995e+04 5.626823431791184703e+04 5.626765833513488906e+04 1.176492431787797541e+05 4.348055108455105074e+04 5.626810200077483023e+04 5.626805122341803508e+04 3.836528778447019431e+04 5.307119291624742618e+04 5.626801769286011404e+04 5.626826640476362081e+04 5.626790519263050373e+04 1.007476867709180078e+05 5.626837004276440712e+04 5.626825664504922315e+04 6.172139116084007546e+05 4.348046395704004681e+04 5.626840377237843495e+04 5.626829606286821218e+04 1.176493427797928598e+05 2.070489102794785576e+05
3.903459103759404970e+05 5.882508404210121807e+04 4.348022615257280995e+04 1.050827573831282447e+00 5.882573463108068245e+04 5.882573008907011535e+04 5.882515211476960394e+04 1.176493590612372354e+05 2.201045026654417036e+00 5.882565921589150093e+04 5.882555608064505941e+04 5.882570476239206619e+04 7.353164337654448173e+04 5.882558025977378566e+04 5.882573210452657804e+04 5.882543084679522872e+04 1.176497445096586453e+05 5.882580055147057283e+04 5.882569055817840854e+04 6.172138393034483306e+05 2.017052889948843131e+00 5.882579523657287791e+04 5.882571579283886240e+04 1.176495124449280411e+05 2.239509581262092397e+05
3.903457580878334702e+05 1.399584511651766006e+00 5.626830364564295451e+04 5.882573463108068972e+04 8.745804316252848709e-01 1.902356195538770001e+00 1.731826866157616163e+00 1.176493676679083583e+05 5.882561162132836034e+04 1.850946596604833516e+00 1.955119406738938581e+00 5.882581294591356709e+04 7.353184235930787690e+04 1.742611202006526971e+00 1.968750000000000000e+00 1.866662227863735479e+00 1.176497245454220392e+05 1.976834870103648001e+00 1.933184999424630846e+00 6.172136242212316720e+05 5.882549031102674053e+04 1.987143944276964502e+00 2.085062314201900247e+00 1.176495125040118728e+05 2.239508978572108317e+05
3.903458886425224482e+05 1.410214672226191457e+00 5.626823431791186158e+04 5.882573008907012991e+04 1.902356195538770001e+00 9.146281498606441129e-01 1.742070586072982374e+00 1.176493331202045956e+05 5.882564838603424141e+04 1.940332219303488870e+00 1.878369211581964127e+00 5.882584354435236310e+04 7.353175746774255822e+04 1.963895656000615997e+00 1.856491740402470114e+00 1.892257841567806187e+00 1.176497171820668154e+05 2.016867140878090492e+00 1.890725821056874256e+00 6.172137944074181141e+05 5.882554178161497111e+04 2.033132056285982259e+00 2.047910242129395986e+00 1.176494656918698747e+05 2.239509890266458096e+05
3.903455881960745901e+05 1.062767380416522967e+00 5.626765833513488906e+04 5.882515211476961122e+04 1.731826866157615941e+00 1.742070586072982374e+00 7.799821455654684099e-01 1.176487844178942614e+05 5.882539432094185031e+04 1.654306505379988801e+00 1.618558535061178416e+00 5.882524261323489191e+04 7.353124803031107876e+04 1.588191987386190274e+00 1.785956637213572673e+00 1.320131635626489608e+00 1.176491630906755890e+05 1.933584481428302526e+00 1.796087139827010848e+00 6.172136526698019588e+05 5.882520037690817117e+04 1.930303916243649054e+00 1.854066164223070690e+00 1.176489828366087168e+05 2.239504753848477558e+05
3.903461148807816207e+05 1.176487332012426778e+05 1.176492431787797395e+05 1.176493590612372354e+05 1.176493676679083583e+05 1.176493331202045811e+05 1.176487844178942469e+05 9.740349491464861398e-01 1.176494386365397368e+05 1.176493006901248446e+05 1.176490354659298609e+05 1.176490260002862051e+05 1.176489410005586396e+05 1.176490477030566399e+05 1.176494437256023521e+05 1.176488396108587913e+05 7.800764855549993808e+04 1.176494465786314395e+05 1.176493833552128781e+05 6.172140885250652209e+05 1.176493971704021678e+05 1.176495548177032906e+05 1.176495262791506975e+05 2.215843650158042077e+00 2.239511319141933636e+05
3.903457958646769985e+05 5.882494280059169250e+04 4.348055108455104346e+04 2.201045026654417480e+00 5.882561162132836034e+04 5.882564838603424141e+04 5.882539432094185031e+04 1.176494386365397513e+05 9.196813242996125792e-01 5.882555691597182158e+04 5.882568117636555689e+04 5.882592592856624833e+04 7.353190358645575179e+04 5.882545636021006794e+04 5.882555503565061372e+04 5.882541313112310308e+04 1.176496947094967327e+05 5.882557685005504754e+04 5.882556078215612797e+04 6.172136419464338105e+05 1.922234951932322522e+00 5.882553665329766955e+04 5.882566523983930529e+04 1.176495033231293637e+05 2.239509438161373837e+05
3.903457484387422446e+05 1.314095937451849716e+00 5.626810200077481568e+04 5.882565921589151549e+04 1.850946596604833516e+00 1.940332219303488648e+00 1.654306505379988801e+00 1.176493006901248591e+05 5.882555691597182158e+04 9.425203659033984938e-01 1.967079363681212056e+00 5.882576965304078476e+04 7.353172829290636582e+04 1.715739731096250109e+00 1.977637615550122518e+00 1.776586459461339196e+00 1.176496256111449620e+05 1.960550464147011507e+00 1.862544498690589689e+00 6.172136218530703336e+05 5.882549062797421357e+04 1.803366041388877017e+00 2.052288102465981368e+00 1.176494182764525758e+05 2.239507362588335818e+05
3.903456785606839112e+05 1.482288742029395090e+00 5.626805122341802780e+04 5.882555608064507396e+04 1.955119406738938581e+00 1.878369211581964127e+00 1.618558535061178416e+00 1.176490354659298755e+05 5.882568117636555689e+04 1.967079363681212056e+00 9.102023190704963129e-01 5.882560072156881506e+04 7.353140348279682803e+04 1.796333812539296471e+00 2.015223023747049425e+00 1.636726375671609945e+00 1.176495492786704417e+05 1.965960167038622863e+00 1.882687171708111951e+00 6.172137944074181141e+05 5.882551236513123877e+04 2.159921752078960200e+00 1.954744701957048303e+00 1.176492003694762243e+05 2.239507879644500790e+05
3.903460074262624839e+05 5.882520912236530421e+04 3.836528778447019431e+04 5.882570476239207346e+04 5.882581294591356709e+04 5.882584354435236310e+04 5.882524261323489191e+04 1.176490260002862196e+05 5.882592592856624833e+04 5.882576965304078476e+04 5.882560072156881506e+04 1.145050334497642597e+00 7.353154733990594104e+04 5.882564588776593882e+04 5.882590713965641044e+04 5.882542552626308316e+04 1.176496453794908884e+05 5.882597894099225960e+04 5.882585898663513944e+04 6.172140362973090960e+05 5.882582767100555793e+04 5.882599380804952671e+04 5.882603120561724791e+04 1.176494027626228053e+05 1.753577776116267487e+05
3.903460248982511694e+05 7.353113727915385971e+04 5.307119291624742618e+04 7.353164337654448173e+04 7.353184235930787690e+04 7.353175746774255822e+04 7.353124803031107876e+04 1.176489410005586396e+05 7.353190358645575179e+04 7.353172829290636582e+04 7.353140348279682803e+04 7.353154733990594104e+04 2.205982267767495432e+04 7.353148962523961382e+04 7.353184985063392378e+04 7.353131943827586656e+04 6.170332099982864747e+04 7.353188966491491010e+04 7.353178732560962089e+04 6.172140880789890653e+05 7.353184661173350469e+04 7.353197806902654702e+04 7.353201093422375561e+04 1.176492043358508236e+05 2.165981509795519232e+05
3.903456319091661717e+05 1.303843403192035622e+00 5.626801769286012859e+04 5.882558025977380021e+04 1.742611202006526971e+00 1.963895656000615997e+00 1.588191987386190274e+00 1.176490477030566399e+05 5.882545636021007522e+04 1.715739731096250109e+00 1.796333812539296027e+00 5.882564588776593882e+04 7.353148962523959926e+04 1.001703500449518280e+00 2.015239650573098285e+00 1.554912953990500002e+00 1.176493902528792823e+05 1.964508690798375534e+00 1.898705302988834109e+00 6.172135874951122096e+05 5.882540206477203901e+04 2.016004801991318374e+00 2.016758163769759804e+00 1.176491249703161011e+05 2.239506328813129803e+05
3.903458535132466350e+05 1.393610612123889814e+00 5.626826640476362809e+04 5.882573210452658532e+04 1.968750000000000000e+00 1.856491740402470114e+00 1.785956637213573117e+00 1.176494437256023666e+05 5.882555503565061372e+04 1.977637615550122518e+00 2.015223023747049425e+00 5.882590713965641044e+04 7.353184985063392378e+04 2.015239650573097840e+00 1.000082997542498964e+00 1.890574297724750386e+00 1.176496032653246657e+05 2.084578067000962598e+00 2.005027134327745042e+00 6.172137782292836346e+05 5.882548398133401497e+04 2.026328121983166142e+00 2.012941741969221709e+00 1.176495288931026444e+05 2.239509696768006543e+05
3.903456149626066908e+05 1.212152329662325334e+00 5.626790519263051101e+04 5.882543084679523599e+04 1.866662227863735479e+00 1.892257841567806187e+00 1.320131635626489608e+00 1.176488396108588058e+05 5.882541313112310308e+04 1.776586459461339196e+00 1.636726375671609945e+00 5.882542552626308316e+04 7.353131943827586656e+04 1.554912953990499780e+00 1.890574297724750386e+00 8.350214202363380744e-01 1.176492640618220030e+05 1.889266840536917735e+00 1.794680077623896253e+00 6.172136683439492481e+05 5.882537073525062442e+04 2.049536291680714051e+00 1.906279555605414844e+00 1.176489256344874157e+05 2.239505325476502767e+05
3.903457983963347506e+05 1.176489817338660650e+05 1.007476867709180078e+05 1.176497445096586453e+05 1.176497245454220392e+05 1.176497171820668154e+05 1.176491630906755890e+05 7.800764855549992353e+04 1.176496947094967327e+05 1.176496256111449620e+05 1.176495492786704417e+05 1.176496453794908884e+05 6.170332099982864747e+04 1.176493902528792678e+05 1.176496032653246657e+05 1.176492640618220030e+05 4.631521645637306210e+04 1.176498517074258270e+05 1.176495790997844306e+05 6.172137747499705292e+05 1.176497245567774953e+05 1.176497634204581118e+05 1.176497650384435401e+05 7.800761150025702955e+04 2.092449661473154847e+05
3.903458344012144953e+05 1.529229584498222660e+00 5.626837004276439984e+04 5.882580055147058738e+04 1.976834870103648001e+00 2.016867140878090048e+00 1.933584481428302526e+00 1.176494465786314395e+05 5.882557685005504754e+04 1.960550464147011507e+00 1.965960167038622863e+00 5.882597894099225960e+04 7.353188966491489555e+04 1.964508690798375534e+00 2.084578067000962154e+00 1.889266840536917735e+00 1.176498517074258270e+05 8.944325466817092396e-01 1.967571865049497992e+00 6.172136750351339579e+05 5.882539714219020243e+04 1.990757972524229924e+00 1.992602425393170895e+00 1.176496248094439943e+05 2.239509360297074018e+05
3.903458911101535195e+05 1.339488299348968958e+00 5.626825664504923043e+04 5.882569055817842309e+04 1.933184999424630846e+00 1.890725821056874256e+00 1.796087139827010626e+00 1.176493833552128926e+05 5.882556078215612797e+04 1.862544498690589689e+00 1.882687171708111951e+00 5.882585898663513944e+04 7.353178732560962089e+04 1.898705302988834109e+00 2.005027134327745486e+00 1.794680077623896475e+00 1.176495790997844306e+05 1.967571865049497992e+00 9.009979332611435243e-01 6.172137799517303938e+05 5.882553711131585442e+04 2.020874125628788320e+00 2.022813378650986316e+00 1.176495000195573084e+05 2.239509119771440746e+05
4.042977288453183137e+05 6.172135956949366955e+05 6.172139116084007546e+05 6.172138393034483306e+05 6.172136242212316720e+05 6.172137944074181141e+05 6.172136526698019588e+05 6.172140885250652209e+05 6.172136419464338105e+05 6.172136218530703336e+05 6.172137944074181141e+05 6.172140362973090960e+05 6.172140880789890653e+05 6.172135874951122096e+05 6.172137782292836346e+05 6.172136683439492481e+05 6.172137747499705292e+05 6.172136750351339579e+05 6.172137799517303938e+05 1.364912802535255323e+05 6.172136483751868363e+05 6.172136281670089811e+05 6.172135647478911560e+05 6.172138424805118702e+05 5.612317624941356480e+05
3.903457048118307139e+05 5.882491329727467382e+04 4.348046395704004681e+04 2.017052889948843131e+00 5.882549031102674053e+04 5.882554178161497111e+04 5.882520037690817117e+04 1.176493971704021969e+05 1.922234951932322522e+00 5.882549062797421357e+04 5.882551236513123877e+04 5.882582767100555793e+04 7.353184661173349014e+04 5.882540206477203901e+04 5.882548398133401497e+04 5.882537073525062442e+04 1.176497245567774953e+05 5.882539714219020243e+04 5.882553711131585442e+04 6.172136483751868363e+05 9.474140340663529392e-01 5.882538286159237759e+04 5.882543391994477861e+04 1.176495531813283451e+05 2.239507566155727545e+05
3.903458439560779952e+05 1.466732240499094564e+00 5.626840377237842040e+04 5.882579523657288519e+04 1.987143944276964502e+00 2.033132056285982259e+00 1.930303916243649054e+00 1.176495548177033052e+05 5.882553665329766955e+04 1.803366041388877017e+00 2.159921752078960200e+00 5.882599380804952671e+04 7.353197806902654702e+04 2.016004801991318374e+00 2.026328121983166142e+00 2.049536291680714051e+00 1.176497634204581118e+05 1.990757972524229702e+00 2.020874125628787876e+00 6.172136281670089811e+05 5.882538286159237759e+04 9.307687692586735784e-01 1.907748620066793244e+00 1.176496809059197112e+05 2.239509449089987611e+05
3.903457444041622803e+05 1.541718250916883193e+00 5.626829606286820490e+04 5.882571579283886967e+04 2.085062314201900247e+00 2.047910242129395986e+00 1.854066164223070468e+00 1.176495262791506975e+05 5.882566523983930529e+04 2.052288102465981368e+00 1.954744701957048303e+00 5.882603120561724791e+04 7.353201093422375561e+04 2.016758163769759804e+00 2.012941741969221709e+00 1.906279555605414622e+00 1.176497650384435401e+05 1.992602425393170895e+00 2.022813378650985872e+00 6.172135647478911560e+05 5.882543391994477861e+04 1.907748620066793244e+00 8.617794022301328294e-01 1.176497015357866912e+05 2.239508787219139922e+05
3.903459235124551924e+05 1.176488879350563220e+05 1.176493427797928598e+05 1.176495124449280411e+05 1.176495125040118728e+05 1.176494656918698747e+05 1.176489828366087168e+05 2.215843650158042077e+00 1.176495033231293637e+05 1.176494182764525758e+05 1.176492003694762243e+05 1.176494027626228053e+05 1.176492043358508236e+05 1.176491249703161011e+05 1.176495288931026444e+05 1.176489256344874157e+05 7.800761150025702955e+04 1.176496248094439943e+05 1.176495000195573084e+05 6.172138424805118702e+05 1.176495531813283451e+05 1.176496809059197112e+05 1.176497015357866912e+05 1.285397348904233850e+00 2.239510384037341864e+05
2.835481538921337342e+05 2.239504599232349137e+05 2.070489102794785285e+05 2.239509581262092688e+05 2.239508978572108317e+05 2.239509890266457805e+05 2.239504753848477558e+05 2.239511319141934509e+05 2.239509438161373546e+05 2.239507362588335818e+05 2.239507879644500790e+05 1.753577776116266905e+05 2.165981509795518941e+05 2.239506328813129221e+05 2.239509696768006252e+05 2.239505325476502476e+05 2.092449661473154847e+05 2.239509360297073436e+05 2.239509119771440746e+05 5.612317624941356480e+05 2.239507566155727545e+05 2.239509449089987320e+05 2.239508787219139922e+05 2.239510384037341573e+05 1.250037388029823196e+05
