1.077292625062239385e+05 3.550479897619993426e+05 3.550479271108452231e+05 3.491425682234775159e+05 3.366753913908990216e+05 3.511110403184349416e+05 3.161615896818538313e+05 3.539231844170936383e+05 3.457424793987986050e+05 2.852467609905814752e+05 3.550477292486648657e+05 3.550479653052604408e+05 2.654653518395681167e+05 3.550477384815300466e+05 3.550476534109012573e+05 3.437995345340508502e+05 3.075651122489294503e+05 3.550477910371613689e+05 3.550479014039801550e+05 3.417607697533072205e+05 1.973533699683007435e+05 3.550478082081757020e+05 3.297388906808122993e+05 3.550479182859733119e+05 2.473366612212702748e+05
3.550479897619993426e+05 2.399996967199853771e+03 1.098397511566258254e+04 2.127369226150538452e+04 7.456851966852226178e+04 1.684627233800223621e+04 1.175158436339143227e+05 1.168738317080448905e+04 2.882144400573174426e+04 1.794491309700039274e+05 1.181263408691163750e+04 7.160809038555737970e+03 2.270758586812151480e+05 1.181264788296358529e+04 1.181231074498160160e+04 3.227062482691823971e+04 1.491202917611695302e+05 1.181273562519718325e+04 1.120201848279863952e+04 5.249494775896228384e+04 2.826751963901788113e+05 1.181272185093614280e+04 9.104431260904103692e+04 1.098391739877363216e+04 4.405103870945803938e+05
3.550479271108452231e+05 1.098397511566258254e+04 7.226771837628952477e-01 2.952949783038928945e+04 7.850545377639416256e+04 2.575644346419613794e+04 1.175157320549301658e+05 2.059775888378520176e+04 3.669546936129705136e+04 1.815212314584509295e+05 3.938521226269417639e+03 3.824519927261764224e+03 2.270757989168196218e+05 3.938603486774109115e+03 3.938238899520219093e+03 4.014470475687957514e+04 1.511923008470846107e+05 3.938603776520470547e+03 1.037454928076273745e+03 5.643193027046857605e+04 2.826751627457523136e+05 3.938574106440346441e+03 9.280288912894953683e+04 1.392948655509192779e+00 4.405103222076741513e+05
3.491425682234775159e+05 2.127369226150538088e+04 2.952949783038928945e+04 4.262847615305920954e+03 7.013940988497876970e+04 1.185512863392146573e+04 1.155473489402255364e+05 1.514295629599319909e+04 1.624615163410449168e+04 1.795528447028400842e+05 2.952916698226067820e+04 2.570656569489403773e+04 2.251075236941522453e+05 2.952925798972593111e+04 2.952893975507385403e+04 2.025788445082213366e+04 1.492239284752705134e+05 2.952930740387013793e+04 2.952945863946315512e+04 4.683548962683055288e+04 2.767697713122999412e+05 2.952941247129871772e+04 8.929385583102685632e+04 2.952949253962774310e+04 4.346049760031586629e+05
3.366753913908990216e+05 7.456851966852227633e+04 7.850545377639416256e+04 7.013940988497876970e+04 1.971727593712915404e+04 7.452895901416221750e+04 7.501304884556958859e+04 7.456856230336001317e+04 6.805373091003816808e+04 1.581180779114904581e+05 7.850509567335441534e+04 7.730725512987459661e+04 2.047662873224802315e+05 7.850523272707196884e+04 7.850490925067350327e+04 6.493378476894626510e+04 1.180759912628722232e+05 7.850531031467398861e+04 7.850542862003481423e+04 3.409976345808814222e+04 2.643026899599536555e+05 7.850537709918408655e+04 3.684145626878967596e+04 7.850550049960750039e+04 4.221378530731544597e+05
3.511110403184349416e+05 1.684627233800223621e+04 2.575644346419613430e+04 1.185512863392146573e+04 7.452895901416221750e+04 3.885963449492316613e+03 1.175159022419005487e+05 6.333836273395245371e+03 1.818964671458702287e+04 1.815213452370083833e+05 2.575619054962561859e+04 2.193349141561474607e+04 2.270759491813477362e+05 2.575626826787379105e+04 2.575593962561060107e+04 2.282655669651456265e+04 1.511924037471688935e+05 2.575631638030939575e+04 2.575644986341646654e+04 5.245546415054651152e+04 2.787382793866983848e+05 2.575638585162618620e+04 9.117864462817276944e+04 2.575644437381223179e+04 4.365734408263172954e+05
3.161615896818538313e+05 1.175158436339143227e+05 1.175157320549301658e+05 1.155473489402255364e+05 7.501304884556958859e+04 1.175159022419005487e+05 3.101551361422198534e+04 1.175158618223410449e+05 1.121472038011657423e+05 1.230985925780805410e+05 1.175153768976635620e+05 1.175158445328265807e+05 1.718735122178434976e+05 1.175154396106934873e+05 1.175152521350207389e+05 1.090794271093081479e+05 7.480654931805867818e+04 1.175155716952989751e+05 1.175157026134734188e+05 9.008866827485828253e+04 2.371816593018198328e+05 1.175156898671368690e+05 5.654953011587846413e+04 1.175157802012110915e+05 4.004091077987772878e+05
3.539231844170936383e+05 1.168738317080448905e+04 2.059775888378519812e+04 1.514295629599319727e+04 7.456856230335999862e+04 6.333836273395244461e+03 1.175158618223410449e+05 2.012356280387534071e+03 2.375960281668961034e+04 1.815213165715089126e+05 2.059750497308983540e+04 1.677475342219419690e+04 2.270759622412497120e+05 2.059757240367180930e+04 2.059725546439240861e+04 2.736951775540146264e+04 1.511924223151358892e+05 2.059762727543879373e+04 2.059774626912477834e+04 5.249500180528213241e+04 2.815503862398584024e+05 2.059769410008488558e+04 9.126242151830025250e+04 2.059773012476195436e+04 4.393855458544532303e+05
3.457424793987986050e+05 2.882144400573174062e+04 3.669546936129705136e+04 1.624615163410449168e+04 6.805373091003815352e+04 1.818964671458702287e+04 1.121472038011657423e+05 2.375960281668961034e+04 2.775497014834378660e+03 1.761527310533598647e+05 3.669520511092151719e+04 3.287254466427105945e+04 2.217073239441789337e+05 3.669527067480405822e+04 3.669492063632605277e+04 7.608028864097818769e+03 1.458237813507739629e+05 3.669534486917136383e+04 3.669541407505406096e+04 4.336036287310369516e+04 2.733697165871062898e+05 3.669536865442588896e+04 8.589374520753102843e+04 3.669549384813270444e+04 4.312048653539141524e+05
2.852467609905814752e+05 1.794491309700039274e+05 1.815212314584509295e+05 1.795528447028400842e+05 1.581180779114904872e+05 1.815213452370083833e+05 1.230985925780804973e+05 1.815213165715089126e+05 1.761527310533598647e+05 4.539630536397173273e+04 1.815208293688625272e+05 1.815212584594865621e+05 1.260573965356083354e+05 1.815209006752806017e+05 1.815207804191966425e+05 1.730849381864785973e+05 8.339747214488725876e+04 1.815209816006859764e+05 1.815211402259610768e+05 1.642969506520460418e+05 2.051363158294463938e+05 1.815210820075659140e+05 1.461832539164175396e+05 1.815212011438139598e+05 3.750600730011616834e+05
3.550477292486648657e+05 1.181263408691163750e+04 3.938521226269417639e+03 2.952916698226067820e+04 7.850509567335440079e+04 2.575619054962561131e+04 1.175153768976635620e+05 2.059750497308983176e+04 3.669520511092151719e+04 1.815208293688625272e+05 6.062542214216084524e-01 7.761456803119026517e+03 2.270755371825222683e+05 1.063939438063249421e+00 8.204325351331080984e-01 4.014438174110438558e+04 1.511919296418205195e+05 1.194050158335959066e+00 2.902375784076827586e+03 5.643157751811618800e+04 2.826748631609135773e+05 1.310556087036935047e+00 9.280250255866146472e+04 3.938560741008886907e+03 4.405101360168890678e+05
3.550479653052604408e+05 7.160809038555737970e+03 3.824519927261764224e+03 2.570656569489403773e+04 7.730725512987459661e+04 2.193349141561474607e+04 1.175158445328265807e+05 1.677475342219419690e+04 3.287254466427105945e+04 1.815212584594865621e+05 7.761456803119026517e+03 3.417646437044154482e+03 2.270758300230877358e+05 7.761487110204418968e+03 7.761138640549144839e+03 3.632172890838712192e+04 1.511923444211251917e+05 7.761558270825195905e+03 4.860533441237447732e+03 5.523378877884725080e+04 2.826751837579916464e+05 7.761561970890402335e+03 9.233406688177389151e+04 3.824528599158433735e+03 4.405103768927474157e+05
2.654653518395681167e+05 2.270758586812151480e+05 2.270757989168196218e+05 2.251075236941522453e+05 2.047662873224802315e+05 2.270759491813477362e+05 1.718735122178434685e+05 2.270759622412497120e+05 2.217073239441789046e+05 1.260573965356083354e+05 2.270755371825222683e+05 2.270758300230877649e+05 4.981057550105769042e+04 2.270755509334081144e+05 2.270754216452621331e+05 2.186395611681856099e+05 1.582164917296269559e+05 2.270756155782118731e+05 2.270757385357987951e+05 2.098515811817903887e+05 1.664782673574982618e+05 2.270756590820820129e+05 1.938347558196947793e+05 2.270758010945004644e+05 3.529246664696540684e+05
3.550477384815300466e+05 1.181264788296358529e+04 3.938603486774109115e+03 2.952925798972593111e+04 7.850523272707196884e+04 2.575626826787379105e+04 1.175154396106934873e+05 2.059757240367180930e+04 3.669527067480405094e+04 1.815209006752806017e+05 1.063939438063249421e+00 7.761487110204418968e+03 2.270755509334080853e+05 6.133685295595795450e-01 9.516975344869716968e-01 4.014446518872196611e+04 1.511920127657583507e+05 1.220563486493505323e+00 2.902454744004401618e+03 5.643167416067211889e+04 2.826748639065308380e+05 1.350745796354800188e+00 9.280263735698968230e+04 3.938585458484488754e+03 4.405101571498711710e+05
3.550476534109012573e+05 1.181231074498160160e+04 3.938238899520219093e+03 2.952893975507385403e+04 7.850490925067350327e+04 2.575593962561060107e+04 1.175152521350207389e+05 2.059725546439240861e+04 3.669492063632605277e+04 1.815207804191966425e+05 8.204325351331079874e-01 7.761138640549144839e+03 2.270754216452621040e+05 9.516975344869716968e-01 3.986902094108243366e-01 4.014412132490686781e+04 1.511918121938860859e+05 1.058353356060318662e+00 2.902141661747712988e+03 5.643140041829972324e+04 2.826748360765528050e+05 1.120001157867931862e+00 9.280235698550193047e+04 3.938276001327488757e+03 4.405101150805567158e+05
3.437995345340508502e+05 3.227062482691823607e+04 4.014470475687957514e+04 2.025788445082213366e+04 6.493378476894626510e+04 2.282655669651456265e+04 1.090794271093081479e+05 2.736951775540146264e+04 7.608028864097818769e+03 1.730849381864785973e+05 4.014438174110438558e+04 3.632172890838710737e+04 2.186395611681856099e+05 4.014446518872196611e+04 4.014412132490686054e+04 2.206987795743397328e+03 1.427560054306667298e+05 4.014452567612904386e+04 4.014465281064526789e+04 4.000925850763030030e+04 2.714266968802836491e+05 4.014459913502414565e+04 8.282587745972289122e+04 4.014473274046085862e+04 4.292619160592511762e+05
3.075651122489294503e+05 1.491202917611695302e+05 1.511923008470846107e+05 1.492239284752705134e+05 1.180759912628722232e+05 1.511924037471688935e+05 7.480654931805867818e+04 1.511924223151358601e+05 1.458237813507739629e+05 8.339747214488725876e+04 1.511919296418204904e+05 1.511923444211251917e+05 1.582164917296269559e+05 1.511920127657583507e+05 1.511918121938860859e+05 1.427560054306667298e+05 2.839052032428198800e+04 1.511920862064345565e+05 1.511922043891983631e+05 1.259467473308482149e+05 2.299878017475360539e+05 1.511921463773983123e+05 1.059509376232186623e+05 1.511923052606417914e+05 3.903408360968890483e+05
3.550477910371613689e+05 1.181273562519718325e+04 3.938603776520470547e+03 2.952930740387013793e+04 7.850531031467398861e+04 2.575631638030939575e+04 1.175155716952989751e+05 2.059762727543879373e+04 3.669534486917137110e+04 1.815209816006859764e+05 1.194050158335959066e+00 7.761558270825197724e+03 2.270756155782118440e+05 1.220563486493505323e+00 1.058353356060318662e+00 4.014452567612904386e+04 1.511920862064345565e+05 6.395492928795268872e-01 2.902458581026678530e+03 5.643172713575734087e+04 2.826749527994035743e+05 1.329574857296732970e+00 9.280269266223936575e+04 3.938638528585530366e+03 4.405101971467974945e+05
3.550479014039800968e+05 1.120201848279863952e+04 1.037454928076273745e+03 2.952945863946315876e+04 7.850542862003481423e+04 2.575644986341646654e+04 1.175157026134734188e+05 2.059774626912477470e+04 3.669541407505406823e+04 1.815211402259610477e+05 2.902375784076827586e+03 4.860533441237447732e+03 2.270757385357987660e+05 2.902454744004401164e+03 2.902141661747712988e+03 4.014465281064526789e+04 1.511922043891983631e+05 2.902458581026678530e+03 1.527527892097818494e+03 5.643189650946576876e+04 2.826751015679039992e+05 2.902355324307591218e+03 9.280287200318743999e+04 1.037553333818820647e+03 4.405103025770026725e+05
3.417607697533072205e+05 5.249494775896229112e+04 5.643193027046857605e+04 4.683548962683055288e+04 3.409976345808814949e+04 5.245546415054651879e+04 9.008866827485828253e+04 5.249500180528213241e+04 4.336036287310370244e+04 1.642969506520460127e+05 5.643157751811618800e+04 5.523378877884725080e+04 2.098515811817903887e+05 5.643167416067211889e+04 5.643140041829972324e+04 4.000925850763030030e+04 1.259467473308482295e+05 5.643172713575734087e+04 5.643189650946576876e+04 9.948817366253460932e+03 2.693879046113399090e+05 5.643185792611839133e+04 5.667497545069437911e+04 5.643196538865871844e+04 4.272230812666469137e+05
1.973533699683008308e+05 2.826751963901788113e+05 2.826751627457523136e+05 2.767697713122999412e+05 2.643026899599536555e+05 2.787382793866983848e+05 2.371816593018197746e+05 2.815503862398584024e+05 2.733697165871062898e+05 2.051363158294464811e+05 2.826748631609135773e+05 2.826751837579916464e+05 1.664782673574982327e+05 2.826748639065308380e+05 2.826748360765528050e+05 2.714266968802836491e+05 2.299878017475359957e+05 2.826749527994035743e+05 2.826751015679039992e+05 2.693879046113399090e+05 8.499269921216586954e+04 2.826750125130354427e+05 2.548376025212940003e+05 2.826751698860962060e+05 3.080790846775450627e+05
3.550478082081757020e+05 1.181272185093614280e+04 3.938574106440346441e+03 2.952941247129871772e+04 7.850537709918408655e+04 2.575638585162618620e+04 1.175156898671368690e+05 2.059769410008488558e+04 3.669536865442588896e+04 1.815210820075659140e+05 1.310556087036935047e+00 7.761561970890402335e+03 2.270756590820819838e+05 1.350745796354799966e+00 1.120001157867931862e+00 4.014459913502414565e+04 1.511921463773983414e+05 1.329574857296732970e+00 2.902355324307591673e+03 5.643185792611839133e+04 2.826750125130354427e+05 6.580116083511414748e-01 9.280282331585157954e+04 3.938598684116661843e+03 4.405102526776806335e+05
3.297388906808121828e+05 9.104431260904103692e+04 9.280288912894953683e+04 8.929385583102685632e+04 3.684145626878967596e+04 9.117864462817276944e+04 5.654953011587846413e+04 9.126242151830025250e+04 8.589374520753104298e+04 1.461832539164175687e+05 9.280250255866146472e+04 9.233406688177389151e+04 1.938347558196947793e+05 9.280263735698968230e+04 9.280235698550193047e+04 8.282587745972289122e+04 1.059509376232186769e+05 9.280269266223936575e+04 9.280287200318743999e+04 5.667497545069437911e+04 2.548376025212940003e+05 9.280282331585159409e+04 1.644112477482155737e+04 9.280290742031874834e+04 4.152012489889579592e+05
3.550479182859733119e+05 1.098391739877363034e+04 1.392948655509192779e+00 2.952949253962774310e+04 7.850550049960748584e+04 2.575644437381223179e+04 1.175157802012110915e+05 2.059773012476195436e+04 3.669549384813269717e+04 1.815212011438139598e+05 3.938560741008886907e+03 3.824528599158433735e+03 2.270758010945004644e+05 3.938585458484488754e+03 3.938276001327488757e+03 4.014473274046085862e+04 1.511923052606417914e+05 3.938638528585530366e+03 1.037553333818820647e+03 5.643196538865871844e+04 2.826751698860962060e+05 3.938598684116661843e+03 9.280290742031874834e+04 6.905738448436151700e-01 4.405103504006637959e+05
2.473366612212702748e+05 4.405103870945804520e+05 4.405103222076741513e+05 4.346049760031587793e+05 4.221378530731544597e+05 4.365734408263172954e+05 4.004091077987772878e+05 4.393855458544532303e+05 4.312048653539141524e+05 3.750600730011616834e+05 4.405101360168891260e+05 4.405103768927474739e+05 3.529246664696540684e+05 4.405101571498711710e+05 4.405101150805567158e+05 4.292619160592511762e+05 3.903408360968890483e+05 4.405101971467974945e+05 4.405103025770026725e+05 4.272230812666469719e+05 3.080790846775450627e+05 4.405102526776806335e+05 4.152012489889579592e+05 4.405103504006637959e+05 1.205578984828750690e+05
