1.441900036602824287e+00 1.111136875406376348e+05 1.111132840567245585e+05 1.111130147383888252e+05 1.111134646089919552e+05 8.632483159471107647e+05 1.111136783339632384e+05 6.481494668712102575e+05 1.111134881768476625e+05 5.555570957703263266e+05 1.111134858042929845e+05 1.111135192456010263e+05 1.111134324802755873e+05 1.111132292291371414e+05 1.111138336950488010e+05 1.111131523906039365e+05 1.111138812959410279e+05 2.038368103574762724e+00 3.022630853999757674e+05 1.111139769592957600e+05 3.703927460634040472e+04 1.111133290313599864e+05 1.111132551866423892e+05 1.111134837423978315e+05 1.111136326500468713e+05
1.111136875406376348e+05 1.039714566664269979e+00 1.771604224185686416e+00 1.111129795636797207e+05 1.111133098711753701e+05 8.632481869384176098e+05 1.654968860646532924e+00 6.481492979399516480e+05 2.069100533046114077e+00 5.555568652933009434e+05 1.111131189664163830e+05 1.880476942708461330e+00 1.111133443509070057e+05 1.111134111830328620e+05 1.111133872908157791e+05 1.111130986765041598e+05 1.111139399703994131e+05 1.111136937756196858e+05 3.763370321385671268e+05 1.111135077550172864e+05 1.111137999320324161e+05 3.703893660908628954e+04 1.111133815467885433e+05 1.111133574469688610e+05 2.176035472398008874e+00
1.111132840567245585e+05 1.771604224185686416e+00 9.131814010418027872e-01 1.111125561361108121e+05 1.111129685800337320e+05 8.632481832858496346e+05 1.725837420660339960e+00 6.481492153006062144e+05 1.811344219159271463e+00 5.555568327489224030e+05 1.111127247947909200e+05 1.514322663473482100e+00 1.111129681499354774e+05 1.111129977869647992e+05 1.111132434968542511e+05 1.111126715848629974e+05 1.111136249454906065e+05 1.111132810209043528e+05 3.763368409141291631e+05 1.111133435219581006e+05 1.111134100477254397e+05 3.703853235969864181e+04 1.111129181584226317e+05 1.111129428779882728e+05 1.884319680548433462e+00
1.111130147383888252e+05 1.111129795636797207e+05 1.111125561361108121e+05 7.543048894847411701e-01 1.473680660948931909e+00 8.632481823361823335e+05 1.111128998171064304e+05 6.481492123968149535e+05 1.111128672137222165e+05 5.555566571334648179e+05 1.361501462275020780e+00 1.111126111222533800e+05 1.558370359055067933e+00 1.434399533073388966e+00 1.111130151359084557e+05 1.241379836462515707e+00 1.111134305497617024e+05 1.111129669313376362e+05 3.763367042670862866e+05 1.111132523954930075e+05 1.111130618219398893e+05 7.407544439529323427e+04 1.462827950016942991e+00 1.475871474932252347e+00 1.111128498240792687e+05
1.111134646089919552e+05 1.111133098711753701e+05 1.111129685800337320e+05 1.473680660948932131e+00 1.117475232127264961e+00 8.632481880341881188e+05 1.111131989556921471e+05 6.481493333333332557e+05 1.111133287039122370e+05 5.555567777777776355e+05 1.731987454289392048e+00 1.111130185302699392e+05 1.598936904615702481e+00 1.850975235590619938e+00 1.111133876446798240e+05 1.585466689658794115e+00 1.111139434257878020e+05 1.111134220822156785e+05 3.763368694227783126e+05 1.111136243764569372e+05 1.111135079132055544e+05 7.407572819956266903e+04 1.877658754977198141e+00 1.838666889581373143e+00 1.111132715413247643e+05
8.632483159471107647e+05 8.632481869384176098e+05 8.632481832858499838e+05 8.632481823361823335e+05 8.632481880341878859e+05 3.399491333547791000e+05 8.632481880341878859e+05 5.550378152434566291e+05 8.632481880341881188e+05 6.409686525321367662e+05 8.632480750967931235e+05 8.632481836511064321e+05 8.632481880341878859e+05 8.632481880341878859e+05 8.632483133172619855e+05 8.632481509971509222e+05 8.632483122214915929e+05 8.632483141208268935e+05 7.321942787639718736e+05 8.632483160201621940e+05 8.632483108335159486e+05 8.632481798524364131e+05 8.632481509971509222e+05 8.632481843816202600e+05 8.632481880341878859e+05
1.111136783339632384e+05 1.654968860646532924e+00 1.725837420660340182e+00 1.111128998171064304e+05 1.111131989556921471e+05 8.632481880341881188e+05 1.102808607260749252e+00 6.481492635327634634e+05 1.928528026607556844e+00 5.555567777777776355e+05 1.111129817731059447e+05 1.884871494977278683e+00 1.111132285848361207e+05 1.111132929021118907e+05 1.111134278666847531e+05 1.111130114060472552e+05 1.111139193997689581e+05 1.111136895822900406e+05 3.763370029607038014e+05 1.111135158916247019e+05 1.111137851654306869e+05 3.703887674570817762e+04 1.111132723725964752e+05 1.111132570796380169e+05 2.099360081366171027e+00
6.481494668712104904e+05 6.481492979399516480e+05 6.481492153006064473e+05 6.481492123968149535e+05 6.481493333333332557e+05 5.550378152434567455e+05 6.481492635327634634e+05 3.263604174969154410e+05 6.481493283475782955e+05 3.973067593360746396e+05 6.481491575352472719e+05 6.481492511140331626e+05 6.481493212798596360e+05 6.481493271239682799e+05 6.481493925049310783e+05 6.481492228431588737e+05 6.481493890715171583e+05 6.481494763678867603e+05 5.170954567901244736e+05 6.481493737124697072e+05 6.481494730805755826e+05 6.481492706552705495e+05 6.481492685185185401e+05 6.481493026335013565e+05 6.481493246950105531e+05
1.111134881768476625e+05 2.069100533046114521e+00 1.811344219159271907e+00 1.111128672137222165e+05 1.111133287039122370e+05 8.632481880341878859e+05 1.928528026607556844e+00 6.481493283475782955e+05 1.193579318283447988e+00 5.555569444444443798e+05 1.111131955633685720e+05 1.925333048182210627e+00 1.111133277576960973e+05 1.111133316051203728e+05 1.111135421247079357e+05 1.111130471365884296e+05 1.111139271025360504e+05 1.111135035929872247e+05 3.763370186335238977e+05 1.111135655053047522e+05 1.111136214094751631e+05 3.703890689893688977e+04 1.111132920578735939e+05 1.111133282680470729e+05 1.936471300179479549e+00
5.555570957703265594e+05 5.555568652933010599e+05 5.555568327489224030e+05 5.555566571334648179e+05 5.555567777777778683e+05 6.409686525321367662e+05 5.555567777777778683e+05 3.973067593360746396e+05 5.555569444444443798e+05 1.893624486389620870e+05 5.555566295565783512e+05 5.555567755862370832e+05 5.555568243480166420e+05 5.555567518445466412e+05 5.555570315216598101e+05 5.555567203594126040e+05 5.555572222222222481e+05 5.555570986923807068e+05 3.761317615755347069e+05 5.555571666666666279e+05 5.555570757542551728e+05 5.555567724450287642e+05 5.555567962962962920e+05 5.555568583534223726e+05 5.555567777777776355e+05
1.111134858042929845e+05 1.111131189664163830e+05 1.111127247947909200e+05 1.361501462275021224e+00 1.731987454289392048e+00 8.632480750967931235e+05 1.111129817731059447e+05 6.481491575352472719e+05 1.111131955633685720e+05 5.555566295565781184e+05 1.087051022864400363e+00 1.111128267515517946e+05 1.772716101680834822e+00 1.814058559635826295e+00 1.111132696089977981e+05 1.666883733967582604e+00 1.111137955435185868e+05 1.111134054569579312e+05 3.763369001543289050e+05 1.111134722165098938e+05 1.111134632013446098e+05 7.407562722281945753e+04 1.717387961971467147e+00 1.655755179564702972e+00 1.111131572917033482e+05
1.111135192456010263e+05 1.880476942708461552e+00 1.514322663473482322e+00 1.111126111222533800e+05 1.111130185302699392e+05 8.632481836511064321e+05 1.884871494977278683e+00 6.481492511140331626e+05 1.925333048182210627e+00 5.555567755862369668e+05 1.111128267515517946e+05 1.111307660235339334e+00 1.111130480733942677e+05 1.111130141787010216e+05 1.111133482321723131e+05 1.111128032882953557e+05 1.111137847089094430e+05 1.111135102833267592e+05 3.763369563186320593e+05 1.111134488830561313e+05 1.111135865337773866e+05 3.703876331334152201e+04 1.111130371817278938e+05 1.111130766026040073e+05 1.696392212251169873e+00
1.111134324802755873e+05 1.111133443509070057e+05 1.111129681499354774e+05 1.558370359055067933e+00 1.598936904615702481e+00 8.632481880341881188e+05 1.111132285848361207e+05 6.481493212798596360e+05 1.111133277576960973e+05 5.555568243480166420e+05 1.772716101680834822e+00 1.111130480733942677e+05 1.051936137336575205e+00 1.973674851236700389e+00 1.111132883715825592e+05 1.664928334681867961e+00 1.111138558020123892e+05 1.111134085106565180e+05 3.763369558278086479e+05 1.111135885863394506e+05 1.111134026902242622e+05 7.407570709487673594e+04 1.942618674552389013e+00 2.032376336067610811e+00 1.111133267058819183e+05
1.111132292291371414e+05 1.111134111830328620e+05 1.111129977869647992e+05 1.434399533073388966e+00 1.850975235590619938e+00 8.632481880341881188e+05 1.111132929021118907e+05 6.481493271239681635e+05 1.111133316051203728e+05 5.555567518445466412e+05 1.814058559635826295e+00 1.111130141787010216e+05 1.973674851236700167e+00 1.037471968392383426e+00 1.111134798296456720e+05 1.771247793903203638e+00 1.111137188575751788e+05 1.111132160720446846e+05 3.763369104581585852e+05 1.111136869251960889e+05 1.111132353216443735e+05 7.407593017290443822e+04 1.596289603473026508e+00 1.923777256520261325e+00 1.111132762020257360e+05
1.111138336950488010e+05 1.111133872908157791e+05 1.111132434968542511e+05 1.111130151359084557e+05 1.111133876446798240e+05 8.632483133172619855e+05 1.111134278666847531e+05 6.481493925049309619e+05 1.111135421247079357e+05 5.555570315216595773e+05 1.111132696089977981e+05 1.111133482321723131e+05 1.111132883715825592e+05 1.111134798296456720e+05 1.222587253742775992e+00 1.111131800899233058e+05 3.133431366822928776e+00 1.111136366854846128e+05 3.763372365767084411e+05 2.453244155512877889e+00 7.407676975726739329e+04 1.111131136721659568e+05 1.111134509511578217e+05 1.111134246862406289e+05 1.111136269857407315e+05
1.111131523906039365e+05 1.111130986765041598e+05 1.111126715848629974e+05 1.241379836462515707e+00 1.585466689658794115e+00 8.632481509971511550e+05 1.111130114060472552e+05 6.481492228431588737e+05 1.111130471365884296e+05 5.555567203594124876e+05 1.666883733967582160e+00 1.111128032882953557e+05 1.664928334681867961e+00 1.771247793903203638e+00 1.111131800899233058e+05 1.056766057200055675e+00 1.111135424171982449e+05 1.111131492067042709e+05 3.763368407998141483e+05 1.111133784626374545e+05 1.111132663231001643e+05 7.407564658239339769e+04 1.734002748991348541e+00 1.766967922504038446e+00 1.111130239361794520e+05
1.111138812959410279e+05 1.111139399703994131e+05 1.111136249454906065e+05 1.111134305497617024e+05 1.111139434257878020e+05 8.632483122214915929e+05 1.111139193997689581e+05 6.481493890715171583e+05 1.111139271025360504e+05 5.555572222222221317e+05 1.111137955435185868e+05 1.111137847089094430e+05 1.111138558020123892e+05 1.111137188575751788e+05 3.133431366822928776e+00 1.111135424171982449e+05 1.608700220936426950e+00 1.111137805487945734e+05 3.763370586211202899e+05 3.012469413257291784e+00 7.407683453741385892e+04 1.111137823829069530e+05 1.111137231267236493e+05 1.111138859152402438e+05 1.111139081759667461e+05
2.038368103574762724e+00 1.111136937756196858e+05 1.111132810209043528e+05 1.111129669313376362e+05 1.111134220822156785e+05 8.632483141208268935e+05 1.111136895822900406e+05 6.481494763678864110e+05 1.111135035929872247e+05 5.555570986923807068e+05 1.111134054569579312e+05 1.111135102833267592e+05 1.111134085106565180e+05 1.111132160720446846e+05 1.111136366854846128e+05 1.111131492067042709e+05 1.111137805487945734e+05 1.419254772027142675e+00 3.022631381731825531e+05 1.111140541990679922e+05 3.703941441634234798e+04 1.111132836932226492e+05 1.111132487277668406e+05 1.111133941628215398e+05 1.111136320303343091e+05
3.022630853999757674e+05 3.763370321385671268e+05 3.763368409141291631e+05 3.763367042670862866e+05 3.763368694227783126e+05 7.321942787639718736e+05 3.763370029607038014e+05 5.170954567901243572e+05 3.763370186335238977e+05 3.761317615755345323e+05 3.763369001543289050e+05 3.763369563186320593e+05 3.763369558278086479e+05 3.763369104581585852e+05 3.763372365767084411e+05 3.763368407998141483e+05 3.763370586211202899e+05 3.022631381731825531e+05 2.045914093168551044e+05 3.763371802626776625e+05 3.269544419424615917e+05 3.763368727540182881e+05 3.763369405200096080e+05 3.763369109909399413e+05 3.763369890087097301e+05
1.111139769592957600e+05 1.111135077550172864e+05 1.111133435219581006e+05 1.111132523954930075e+05 1.111136243764569372e+05 8.632483160201621940e+05 1.111135158916247019e+05 6.481493737124698237e+05 1.111135655053047522e+05 5.555571666666665114e+05 1.111134722165098938e+05 1.111134488830561313e+05 1.111135885863394506e+05 1.111136869251960889e+05 2.453244155512877001e+00 1.111133784626374545e+05 3.012469413257291784e+00 1.111140541990679922e+05 3.763371802626777207e+05 1.700183453357148045e+00 7.407708546741399914e+04 1.111133509565043787e+05 1.111136470212072600e+05 1.111136214987086714e+05 1.111136632850284659e+05
3.703927460634040472e+04 1.111137999320324161e+05 1.111134100477254397e+05 1.111130618219398893e+05 1.111135079132055544e+05 8.632483108335159486e+05 1.111137851654306869e+05 6.481494730805755826e+05 1.111136214094751631e+05 5.555570757542550564e+05 1.111134632013446098e+05 1.111135865337773866e+05 1.111134026902242622e+05 1.111132353216443735e+05 7.407676975726742239e+04 1.111132663231001643e+05 7.407683453741387348e+04 3.703941441634234798e+04 3.269544419424616499e+05 7.407708546741401369e+04 4.938440028088811960e+04 1.111133705386400397e+05 1.111133205778903648e+05 1.111135056528825808e+05 1.111137473397757858e+05
1.111133290313599864e+05 3.703893660908629681e+04 3.703853235969864181e+04 7.407544439529323427e+04 7.407572819956266903e+04 8.632481798524362966e+05 3.703887674570817762e+04 6.481492706552707823e+05 3.703890689893688977e+04 5.555567724450287642e+05 7.407562722281945753e+04 3.703876331334152201e+04 7.407570709487673594e+04 7.407593017290443822e+04 1.111131136721659568e+05 7.407564658239339769e+04 1.111137823829069530e+05 1.111132836932226492e+05 3.763368727540182881e+05 1.111133509565043787e+05 1.111133705386400397e+05 4.938374748072976217e+04 7.407587386187797529e+04 7.407574792614892067e+04 3.703904944919374248e+04
1.111132551866423892e+05 1.111133815467885433e+05 1.111129181584226317e+05 1.462827950016943213e+00 1.877658754977198141e+00 8.632481509971509222e+05 1.111132723725964752e+05 6.481492685185185401e+05 1.111132920578735939e+05 5.555567962962961756e+05 1.717387961971467147e+00 1.111130371817278938e+05 1.942618674552389013e+00 1.596289603473026508e+00 1.111134509511578217e+05 1.734002748991348541e+00 1.111137231267236493e+05 1.111132487277668406e+05 3.763369405200096662e+05 1.111136470212072600e+05 1.111133205778903648e+05 7.407587386187797529e+04 1.246703893948453157e+00 1.785447283080720204e+00 1.111132869193599035e+05
1.111134837423978315e+05 1.111133574469688610e+05 1.111129428779882728e+05 1.475871474932252347e+00 1.838666889581373143e+00 8.632481843816203764e+05 1.111132570796380169e+05 6.481493026335013565e+05 1.111133282680470729e+05 5.555568583534223726e+05 1.655755179564702750e+00 1.111130766026040073e+05 2.032376336067610367e+00 1.923777256520261325e+00 1.111134246862406289e+05 1.766967922504038446e+00 1.111138859152402438e+05 1.111133941628215398e+05 3.763369109909399413e+05 1.111136214987086714e+05 1.111135056528825808e+05 7.407574792614892067e+04 1.785447283080719538e+00 9.968462674482647667e-01 1.111133481200417154e+05
1.111136326500468713e+05 2.176035472398008874e+00 1.884319680548433462e+00 1.111128498240792687e+05 1.111132715413247643e+05 8.632481880341882352e+05 2.099360081366171027e+00 6.481493246950105531e+05 1.936471300179479549e+00 5.555567777777776355e+05 1.111131572917033482e+05 1.696392212251169873e+00 1.111133267058819183e+05 1.111132762020257360e+05 1.111136269857407315e+05 1.111130239361794520e+05 1.111139081759667461e+05 1.111136320303343091e+05 3.763369890087097301e+05 1.111136632850284659e+05 1.111137473397757858e+05 3.703904944919372792e+04 1.111132869193599035e+05 1.111133481200417154e+05 1.084543152783764564e+00
