1.349664224587743044e+00 4.545625334475443378e+04 4.545664579052382760e+04 6.060899637133936631e+04 2.313338123907281219e+00 2.403508597592516338e+00 4.545693799228479475e+04 2.342283376952341456e+00 4.785970695390831679e+05 4.545689577210263815e+04 4.545679858028776653e+04 4.545677993818750110e+04 2.272753178500322974e+05 2.856001512945762370e+05 2.241572191364860522e+00 4.545698092414069833e+04 4.090928719318156363e+05 4.545702506782314595e+04 1.620033790801608120e+05 7.571061422699688701e+05 9.091211169511008484e+04 6.148163868985987501e+05 4.545717739784844161e+04 4.545689689589422051e+04 4.545685446289964602e+04
4.545625334475443378e+04 5.524715107673439096e-01 1.032699121850487067e+00 6.060802386562165339e+04 4.545626463416612387e+04 4.545608393964446441e+04 1.432735190468667597e+00 4.545617742572377028e+04 4.785966548797213472e+05 1.456354777209827533e+00 1.312851587537447129e+00 1.299369108022398800e+00 2.272746271744581754e+05 2.855995056879913318e+05 4.545624995750001108e+04 1.486232288085917119e+00 4.090923638591973577e+05 1.491799778464693471e+00 1.620026280092741945e+05 7.571059369545568479e+05 9.091121824675102835e+04 6.148160270414546831e+05 4.545623411050668074e+04 1.441701587797735495e+00 1.340992206768412132e+00
4.545664579052382760e+04 1.032699121850487289e+00 8.616890948446932486e-01 6.060815356432653789e+04 4.545659554580756958e+04 4.545638682393934869e+04 1.705252164215973698e+00 4.545651361754711979e+04 4.785966740743804839e+05 1.677744309145262847e+00 1.511295458107369649e+00 1.525340093358352300e+00 2.272746628944825788e+05 2.855995719007247826e+05 4.545664442795308423e+04 1.817830505595419366e+00 4.090923456102522905e+05 1.861576377559562623e+00 1.620026646766832564e+05 7.571059578535917681e+05 9.091128272432100493e+04 6.148161035301832017e+05 4.545633349068750977e+04 1.792739619334460688e+00 1.740012382816955583e+00
6.060899637133936631e+04 6.060802386562165339e+04 6.060815356432653789e+04 2.020358154346636366e+04 6.060894800986949122e+04 6.060881058642092830e+04 6.060865837183978147e+04 6.060895013482334616e+04 4.785970764432008145e+05 6.060862546160781494e+04 6.060839774923742516e+04 6.060850399447411473e+04 1.666691971977760259e+05 2.729737759791472345e+05 6.060889375321959960e+04 6.060874118134535092e+04 4.090929569224623265e+05 6.060878883205807506e+04 1.013970028634543560e+05 7.571059780078947078e+05 3.030549948304666395e+04 6.148163426221442642e+05 1.515371346841225750e+04 6.060871890372402413e+04 6.060856171535562316e+04
2.313338123907281219e+00 4.545626463416612387e+04 4.545659554580756958e+04 6.060894800986949122e+04 1.135895598520734406e+00 2.197921686307511724e+00 4.545699841888817900e+04 2.033365560432362606e+00 4.785970305600328138e+05 4.545697771790160914e+04 4.545680846728345205e+04 4.545678484169183503e+04 2.272752707496091898e+05 2.856000647281095153e+05 2.323329843042277965e+00 4.545701981771985447e+04 4.090928611250105896e+05 4.545709481549262273e+04 1.620032743674140074e+05 7.571061025527721504e+05 9.091207884776654828e+04 6.148163342678224435e+05 4.545719483230799233e+04 4.545697103954941849e+04 4.545684852601589955e+04
2.403508597592516338e+00 4.545608393964446441e+04 4.545638682393934869e+04 6.060881058642092830e+04 2.197921686307511724e+00 1.153883226708188880e+00 4.545681595570650825e+04 2.102140756736748273e+00 4.785970306465902249e+05 4.545681221408869897e+04 4.545667655999647104e+04 4.545667636293608666e+04 2.272752654060262430e+05 2.855999712992052664e+05 2.227503491302747829e+00 4.545677157395931135e+04 4.090928261353316484e+05 4.545676219696386397e+04 1.620032488625192491e+05 7.571060655268590199e+05 9.091190813739894656e+04 6.148162854299918981e+05 4.545696156365149363e+04 4.545677586444195185e+04 4.545671641777086188e+04
4.545693799228479475e+04 1.432735190468667597e+00 1.705252164215973698e+00 6.060865837183978874e+04 4.545699841888817900e+04 4.545681595570650825e+04 8.618107449343016535e-01 4.545693184629546886e+04 4.785967546436268021e+05 1.936729433097464259e+00 1.877381721769486589e+00 1.882414621970628366e+00 2.272750713446248556e+05 2.855999131182079436e+05 4.545697392148091603e+04 1.924708076736679985e+00 4.090926077796484460e+05 1.937771953968355332e+00 1.620030720962441992e+05 7.571059854602123378e+05 9.091185710585012566e+04 6.148161565901935101e+05 4.545686011802058783e+04 1.907513026116277599e+00 1.914802181530419700e+00
2.342283376952341900e+00 4.545617742572377028e+04 4.545651361754711979e+04 6.060895013482334616e+04 2.033365560432362606e+00 2.102140756736748273e+00 4.545693184629546886e+04 9.923809502195770627e-01 4.785970483267867239e+05 4.545692400593162165e+04 4.545679728584173426e+04 4.545677749098560162e+04 2.272752910091292579e+05 2.856000225737642613e+05 2.189969828939203556e+00 4.545693349092450808e+04 4.090928279375042766e+05 4.545697665696257900e+04 1.620032800738049846e+05 7.571061279911703896e+05 9.091203568787907716e+04 6.148163322165556019e+05 4.545710211443477601e+04 4.545686263458847679e+04 4.545684803458822716e+04
4.785970695390831679e+05 4.785966548797213472e+05 4.785966740743804839e+05 4.785970764432008145e+05 4.785970305600328138e+05 4.785970306465902831e+05 4.785967546436268021e+05 4.785970483267867821e+05 1.634996519257729815e+05 4.785966479461141280e+05 4.785967583555773599e+05 4.785967260188544169e+05 4.785970826060554828e+05 4.104061288231032668e+05 4.785970595794026158e+05 4.785968750882872264e+05 2.838218516309377155e+05 4.785969501948047546e+05 4.785970844161597197e+05 6.263866193653410301e+05 4.785971599205086823e+05 4.234678398445711937e+05 4.785969290541678783e+05 4.785968671442759805e+05 4.785967386617860175e+05
4.545689577210263815e+04 1.456354777209827533e+00 1.677744309145263291e+00 6.060862546160781494e+04 4.545697771790160914e+04 4.545681221408869897e+04 1.936729433097464259e+00 4.545692400593162165e+04 4.785966479461141280e+05 9.446177775071946670e-01 1.743055972854192559e+00 1.660844201672400322e+00 2.272748607266265608e+05 2.855996954582743929e+05 4.545688207220433833e+04 1.985563420811996549e+00 4.090925040333064389e+05 2.121308040643958837e+00 1.620029821191055235e+05 7.571059005792000098e+05 9.091176192647707649e+04 6.148162065151369898e+05 4.545677904573290289e+04 1.872939785379079014e+00 1.671467899784568223e+00
4.545679858028776653e+04 1.312851587537447351e+00 1.511295458107369649e+00 6.060839774923742516e+04 4.545680846728345205e+04 4.545667655999647104e+04 1.877381721769486589e+00 4.545679728584173426e+04 4.785967583555773599e+05 1.743055972854192559e+00 8.177022983696902170e-01 1.529089542996379780e+00 2.272748584987295617e+05 2.855995751656197826e+05 4.545684062087982602e+04 1.875721365430256471e+00 4.090925448339640279e+05 1.976902874185349157e+00 1.620029478194371331e+05 7.571058463874169393e+05 9.091162893764476757e+04 6.148160600716155022e+05 4.545671943487379031e+04 1.878920274175863492e+00 1.738392571056964098e+00
4.545677993818750110e+04 1.299369108022398800e+00 1.525340093358352300e+00 6.060850399447411473e+04 4.545678484169183503e+04 4.545667636293608666e+04 1.882414621970628366e+00 4.545677749098560162e+04 4.785967260188544169e+05 1.660844201672400544e+00 1.529089542996379780e+00 8.615653948073861423e-01 2.272745563814876077e+05 2.855995645691106329e+05 4.545678454055508337e+04 1.884994607886476103e+00 4.090923737666098168e+05 2.002231568290822050e+00 1.620028165568777185e+05 7.571058624951480888e+05 9.091156048024153279e+04 6.148160404555803398e+05 4.545662405636025505e+04 1.854064274351492347e+00 1.753758804302028240e+00
2.272753178500323265e+05 2.272746271744581754e+05 2.272746628944826371e+05 1.666691971977760259e+05 2.272752707496091898e+05 2.272752654060262721e+05 2.272750713446248847e+05 2.272752910091292870e+05 4.785970826060554828e+05 2.272748607266265608e+05 2.272748584987295617e+05 2.272745563814876077e+05 3.431062356244408875e+04 2.315140396452007408e+05 2.272754002951318689e+05 2.272751316805415554e+05 4.090927825173878809e+05 2.272751848984949174e+05 1.004529199432853347e+05 7.571059522263610270e+05 1.363661447508651472e+05 6.148161379154504975e+05 1.818204105264423706e+05 2.272750865790623066e+05 2.272749709963420173e+05
2.856001512945762370e+05 2.855995056879913318e+05 2.855995719007247826e+05 2.729737759791472345e+05 2.856000647281095153e+05 2.855999712992052664e+05 2.855999131182080018e+05 2.856000225737643195e+05 4.104061288231032086e+05 2.855996954582744511e+05 2.855995751656197826e+05 2.855995645691106329e+05 2.315140396452007699e+05 1.504672845175611437e+05 2.856000609105505282e+05 2.855999402383012348e+05 3.215622417413227377e+05 2.855999033144965069e+05 2.450776520355040848e+05 6.802605831366755301e+05 2.477213667779671669e+05 5.509673068622964201e+05 2.855999141317788744e+05 2.855998157328143134e+05 2.855996795470222132e+05
2.241572191364860966e+00 4.545624995750001108e+04 4.545664442795308423e+04 6.060889375321959960e+04 2.323329843042278409e+00 2.227503491302747829e+00 4.545697392148091603e+04 2.189969828939203556e+00 4.785970595794026158e+05 4.545688207220433833e+04 4.545684062087982602e+04 4.545678454055508337e+04 2.272754002951318980e+05 2.856000609105505282e+05 1.101807422522582236e+00 4.545700603350590245e+04 4.090928519642650499e+05 4.545702826883459056e+04 1.620033239551145816e+05 7.571061334503400140e+05 9.091201832291492610e+04 6.148163515505798860e+05 4.545706860636011697e+04 4.545689066854550765e+04 4.545683209721407184e+04
4.545698092414069833e+04 1.486232288085917119e+00 1.817830505595419366e+00 6.060874118134535092e+04 4.545701981771985447e+04 4.545677157395931135e+04 1.924708076736679985e+00 4.545693349092450808e+04 4.785968750882872264e+05 1.985563420811996105e+00 1.875721365430256471e+00 1.884994607886476103e+00 2.272751316805415263e+05 2.855999402383012348e+05 4.545700603350590245e+04 9.625352821859018970e-01 4.090926930191926658e+05 2.101776861099737825e+00 1.620032275211596279e+05 7.571059707513598260e+05 9.091198500794022402e+04 6.148161256066563074e+05 4.545699583705623081e+04 1.872928284640074992e+00 1.960372546989026743e+00
4.090928719318156363e+05 4.090923638591974159e+05 4.090923456102522905e+05 4.090929569224623265e+05 4.090928611250106478e+05 4.090928261353316484e+05 4.090926077796484460e+05 4.090928279375042766e+05 2.838218516309377155e+05 4.090925040333064389e+05 4.090925448339640279e+05 4.090923737666098168e+05 4.090927825173878809e+05 3.215622417413227377e+05 4.090928519642650499e+05 4.090926930191926658e+05 1.109896151831206080e+05 4.090927773892146652e+05 4.090929187129756319e+05 6.286477787257328164e+05 4.090928306748553296e+05 5.008506937574591720e+05 4.090927196434577927e+05 4.090926379641440581e+05 4.090925521461342578e+05
4.545702506782314595e+04 1.491799778464693471e+00 1.861576377559562623e+00 6.060878883205807506e+04 4.545709481549262273e+04 4.545676219696386397e+04 1.937771953968355332e+00 4.545697665696257900e+04 4.785969501948046964e+05 2.121308040643958837e+00 1.976902874185349157e+00 2.002231568290822050e+00 2.272751848984949465e+05 2.855999033144965069e+05 4.545702826883459056e+04 2.101776861099737825e+00 4.090927773892146652e+05 1.031626796410987756e+00 1.620032307178545452e+05 7.571059333650151966e+05 9.091201656379405176e+04 6.148162119624204934e+05 4.545699796561910625e+04 1.981363987021407258e+00 2.000256904211364262e+00
1.620033790801608120e+05 1.620026280092741945e+05 1.620026646766832855e+05 1.013970028634543560e+05 1.620032743674140074e+05 1.620032488625192491e+05 1.620030720962441992e+05 1.620032800738049846e+05 4.785970844161597197e+05 1.620029821191055235e+05 1.620029478194371331e+05 1.620028165568777185e+05 1.004529199432853056e+05 2.450776520355040848e+05 1.620033239551145816e+05 1.620032275211596570e+05 4.090929187129756319e+05 1.620032307178545743e+05 4.101067342268644279e+04 7.571058264049013378e+05 7.109405926235292281e+04 6.148163628761394648e+05 1.165484085556323989e+05 1.620030834319442511e+05 1.620030101304858108e+05
7.571061422699688701e+05 7.571059369545568479e+05 7.571059578535917681e+05 7.571059780078947078e+05 7.571061025527721504e+05 7.571060655268590199e+05 7.571059854602123378e+05 7.571061279911702732e+05 6.263866193653410301e+05 7.571059005792000098e+05 7.571058463874169393e+05 7.571058624951480888e+05 7.571059522263610270e+05 6.802605831366755301e+05 7.571061334503398975e+05 7.571059707513598260e+05 6.286477787257329328e+05 7.571059333650150802e+05 7.571058264049013378e+05 2.175573121848448354e+05 7.571060675909058191e+05 4.452880330213751877e+05 7.571061291109258309e+05 7.571059851159193786e+05 7.571058992259348743e+05
9.091211169511008484e+04 9.091121824675102835e+04 9.091128272432100493e+04 3.030549948304666395e+04 9.091207884776654828e+04 9.091190813739894656e+04 9.091185710585012566e+04 9.091203568787907716e+04 4.785971599205086823e+05 9.091176192647707649e+04 9.091162893764476757e+04 9.091156048024153279e+04 1.363661447508651763e+05 2.477213667779671378e+05 9.091201832291492610e+04 9.091198500794022402e+04 4.090928306748553296e+05 9.091201656379405176e+04 7.109405926235292281e+04 7.571060675909058191e+05 1.576585324109199382e+00 6.148162660128941061e+05 4.545705908213544171e+04 9.091187409314943943e+04 9.091187905370868975e+04
6.148163868985987501e+05 6.148160270414546831e+05 6.148161035301832017e+05 6.148163426221442642e+05 6.148163342678224435e+05 6.148162854299920145e+05 6.148161565901935101e+05 6.148163322165556019e+05 4.234678398445711937e+05 6.148162065151369898e+05 6.148160600716155022e+05 6.148160404555803398e+05 6.148161379154504975e+05 5.509673068622964201e+05 6.148163515505798860e+05 6.148161256066563074e+05 5.008506937574592303e+05 6.148162119624204934e+05 6.148163628761394648e+05 4.452880330213751877e+05 6.148162660128941061e+05 2.197977435094401881e+05 6.148163048947032075e+05 6.148162397435759194e+05 6.148161538499468006e+05
4.545717739784844889e+04 4.545623411050668074e+04 4.545633349068750977e+04 1.515371346841225932e+04 4.545719483230800688e+04 4.545696156365150819e+04 4.545686011802058783e+04 4.545710211443478329e+04 4.785969290541678783e+05 4.545677904573290289e+04 4.545671943487379031e+04 4.545662405636025505e+04 1.818204105264423706e+05 2.855999141317788162e+05 4.545706860636012425e+04 4.545699583705623081e+04 4.090927196434577927e+05 4.545699796561910625e+04 1.165484085556323989e+05 7.571061291109258309e+05 4.545705908213544171e+04 6.148163048947032075e+05 1.227047651812480655e+00 4.545692085345858504e+04 4.545678726519620977e+04
4.545689689589422051e+04 1.441701587797735495e+00 1.792739619334460688e+00 6.060871890372402413e+04 4.545697103954941849e+04 4.545677586444195185e+04 1.907513026116277599e+00 4.545686263458847679e+04 4.785968671442759805e+05 1.872939785379079014e+00 1.878920274175863492e+00 1.854064274351492347e+00 2.272750865790622775e+05 2.855998157328143134e+05 4.545689066854550765e+04 1.872928284640074770e+00 4.090926379641439999e+05 1.981363987021407036e+00 1.620030834319442511e+05 7.571059851159193786e+05 9.091187409314943943e+04 6.148162397435759194e+05 4.545692085345858504e+04 9.714309328734532789e-01 1.957392055678338183e+00
4.545685446289964602e+04 1.340992206768412132e+00 1.740012382816955583e+00 6.060856171535562316e+04 4.545684852601589955e+04 4.545671641777086188e+04 1.914802181530419922e+00 4.545684803458822716e+04 4.785967386617861339e+05 1.671467899784568223e+00 1.738392571056964098e+00 1.753758804302027796e+00 2.272749709963419882e+05 2.855996795470222132e+05 4.545683209721407184e+04 1.960372546989026743e+00 4.090925521461343160e+05 2.000256904211364262e+00 1.620030101304858108e+05 7.571058992259348743e+05 9.091187905370868975e+04 6.148161538499468006e+05 4.545678726519620977e+04 1.957392055678338183e+00 9.786492742071406514e-01
