7.778070021860291616e-01 1.756539695517622679e+00 1.934337783867758453e+00 1.885652373305829910e+00 1.939178782954789737e+00 1.777050492905995149e+00 1.814420498150171035e+00 1.755892005737180295e+00 1.475834317092258541e+00 5.882558593653196294e+04 1.915356536511722441e+00 1.870368609591023690e+00 2.960004219211692689e+05 1.272453829329299042e+05 1.252981710969315321e+00 1.764726602817859093e+05 1.723739526086103924e+00 1.813944594331417415e+00 1.797189344973278535e+00 1.062526540615375881e+00 1.569867351794787869e+00 1.786970819935919774e+00 3.268168452368576618e+04 1.787947155344904004e+00 3.817781339492812403e+05
1.756539695517622679e+00 1.049750222038294822e+00 2.290061631628335093e+00 2.137223347180391197e+00 2.408716589149090481e+00 2.303139945743030825e+00 2.169258644421627746e+00 1.891959370645594385e+00 1.896983033969917187e+00 5.882618195139904128e+04 1.960575936244243200e+00 2.257134840948856080e+00 2.960007965202693013e+05 1.272459294616679981e+05 1.813730023379853451e+00 1.764732816095981980e+05 2.210106092558847379e+00 2.275246272149935578e+00 2.227178815875508366e+00 1.542717179898021485e+00 2.095832953824558142e+00 2.052845696912926510e+00 3.268216564013699463e+04 2.234936231918643212e+00 3.817784755527664674e+05
1.934337783867758231e+00 2.290061631628335093e+00 9.936491302313756879e-01 2.519228062145008717e+00 1.912453797820942158e+00 2.478059788647595685e+00 2.504127966976264386e+00 2.316539757649707543e+00 1.939559343476078945e+00 5.882612094351316046e+04 2.114907445469588421e+00 2.493146141408258742e+00 2.960009727324489504e+05 1.272459743649086158e+05 1.738624866269284919e+00 1.764733437750375306e+05 2.328501739004687821e+00 2.587876729809138521e+00 2.559867267564209126e+00 1.642249728877372528e+00 2.155316138396931258e+00 2.364107291747535644e+00 3.268157269601582448e+04 2.552953289250167845e+00 3.817785894716565381e+05
1.885652373305829910e+00 2.137223347180391197e+00 2.519228062145009606e+00 9.283196140016986009e-01 2.542283974092647281e+00 2.034871669807033712e+00 2.064227926134822866e+00 2.168421974033508892e+00 1.941569920830203744e+00 5.882619311151106376e+04 2.424760063121705222e+00 1.791110809124166536e+00 2.960008408834956936e+05 1.272458383266919700e+05 1.751563612089289013e+00 1.764731370071621786e+05 2.087864110483875102e+00 1.817088094705298973e+00 2.009594436494069658e+00 1.371480051732630434e+00 1.965092511073347037e+00 1.993348169487762833e+00 3.268231878152434729e+04 1.998338622132855624e+00 3.817783770494598430e+05
1.939178782954789737e+00 2.408716589149090481e+00 1.912453797820942158e+00 2.542283974092647281e+00 9.904082015555665253e-01 2.466496130161019540e+00 2.555084226202963382e+00 2.291230998988663448e+00 1.949758359442157918e+00 5.882600837225057330e+04 2.236750944886858772e+00 2.492206127857460540e+00 2.960009914608015679e+05 1.272460334752247727e+05 1.802269702135163243e+00 1.764733086734922545e+05 2.344688486435734909e+00 2.557637047885652937e+00 2.568078423105334629e+00 1.706524336642603501e+00 2.097273545652043936e+00 2.525933338670250272e+00 3.268176146916258585e+04 2.538029204748398104e+00 3.817786189894743147e+05
1.777050492905995149e+00 2.303139945743030825e+00 2.478059788647595685e+00 2.034871669807033712e+00 2.466496130161019540e+00 7.759950354667002337e-01 2.020586925043808435e+00 2.131020571574231859e+00 1.905246791543542262e+00 5.882610933600815770e+04 2.490746060110275106e+00 1.913844437609494742e+00 2.960008240417796769e+05 1.272458283993942750e+05 1.700450632760421632e+00 1.764730079917777039e+05 1.852782408279037396e+00 1.921496768450559278e+00 1.874207448570300416e+00 1.350205327176230430e+00 1.858597144642953669e+00 2.069759346183821958e+00 3.268219621221158377e+04 1.808967908756890397e+00 3.817784207466082298e+05
1.814420498150170813e+00 2.169258644421627746e+00 2.504127966976264386e+00 2.064227926134822866e+00 2.555084226202963382e+00 2.020586925043808435e+00 9.036088316528083642e-01 2.273049693558741424e+00 1.903121296087758818e+00 5.882607727883280313e+04 2.347674326866418859e+00 2.040765789854934731e+00 2.960007687160596251e+05 1.272456683395290311e+05 1.726454801391324345e+00 1.764727924293660908e+05 1.829484596019264275e+00 1.860934160285524719e+00 1.777222950877013208e+00 1.344624779228093869e+00 1.854004383120848587e+00 1.923976677766212395e+00 3.268224838831281886e+04 1.676284266873787399e+00 3.817781340723115718e+05
1.755892005737180295e+00 1.891959370645594385e+00 2.316539757649707987e+00 2.168421974033508892e+00 2.291230998988663448e+00 2.131020571574231859e+00 2.273049693558741424e+00 9.391871067839328013e-01 1.865070493443400812e+00 5.882610343278497021e+04 2.226113909832405202e+00 2.282256270421778588e+00 2.960008504359007929e+05 1.272459240601827041e+05 1.736334716791831712e+00 1.764732747226717183e+05 2.262816587177010508e+00 2.320611062678501924e+00 2.268585099679348627e+00 1.568140045515901138e+00 2.060151241606433814e+00 2.192851035669930670e+00 3.268214684948532158e+04 2.282304221204239703e+00 3.817785943120109732e+05
1.475834317092258541e+00 1.896983033969917187e+00 1.939559343476078945e+00 1.941569920830203744e+00 1.949758359442157918e+00 1.905246791543542262e+00 1.903121296087758818e+00 1.865070493443400812e+00 8.440894301620497364e-01 5.882579946207970352e+04 1.876841947484291007e+00 1.906747006727044447e+00 2.960004045950037544e+05 1.272456170112773689e+05 1.497203342692292605e+00 1.764728245054990984e+05 1.684232633254657108e+00 1.976041588465064613e+00 1.952121700628410172e+00 1.222486494184558570e+00 1.422357571945799037e+00 1.965488156886324722e+00 3.268175327670631668e+04 1.920776091675363784e+00 3.817780602441779920e+05
5.882558593653196294e+04 5.882618195139904128e+04 5.882612094351316046e+04 5.882619311151106376e+04 5.882600837225057330e+04 5.882610933600815770e+04 5.882607727883280313e+04 5.882610343278497021e+04 5.882579946207970352e+04 1.454846690266823561e+00 5.882605657485403208e+04 5.882596685817240359e+04 2.371774063483805221e+05 6.842225396137589996e+04 5.882542901223270746e+04 1.176498012177097116e+05 5.882588281423611625e+04 5.882613956846084329e+04 5.882604853956337320e+04 5.882531265360114776e+04 5.882575753308877029e+04 5.882618419971357071e+04 2.614627392397561198e+04 5.882613300333856751e+04 3.229548705665057059e+05
1.915356536511722441e+00 1.960575936244243200e+00 2.114907445469588421e+00 2.424760063121705222e+00 2.236750944886858772e+00 2.490746060110274662e+00 2.347674326866418859e+00 2.226113909832404758e+00 1.876841947484291007e+00 5.882605657485403208e+04 9.711536107408832441e-01 2.322989767932633676e+00 2.960008628519478370e+05 1.272459590143743553e+05 1.765659740179162940e+00 1.764733210575307021e+05 2.262340775395948356e+00 2.525150445519008358e+00 2.409531404397723175e+00 1.651031346737834360e+00 2.055750194702496980e+00 2.363337009051591941e+00 3.268212471577864562e+04 2.444623843787046447e+00 3.817783939548977651e+05
1.870368609591023690e+00 2.257134840948856080e+00 2.493146141408259187e+00 1.791110809124166536e+00 2.492206127857460540e+00 1.913844437609494742e+00 2.040765789854934731e+00 2.282256270421778144e+00 1.906747006727044891e+00 5.882596685817240359e+04 2.322989767932633676e+00 8.746163097863305369e-01 2.960008425658922642e+05 1.272458394851273479e+05 1.736623414338191784e+00 1.764731187838262122e+05 1.938304318542094062e+00 1.936106865524679366e+00 1.994117720448292275e+00 1.368106788514607430e+00 1.902614358311759180e+00 2.048543324656998621e+00 3.268228234434244587e+04 1.971423208228181956e+00 3.817783705135121127e+05
2.960004219211692107e+05 2.960007965202692430e+05 2.960009727324488922e+05 2.960008408834956354e+05 2.960009914608015097e+05 2.960008240417797351e+05 2.960007687160596251e+05 2.960008504359007347e+05 2.960004045950037544e+05 2.371774063483804930e+05 2.960008628519477788e+05 2.960008425658922642e+05 7.320826852589430928e+04 2.244854434011423436e+05 2.960004554952225881e+05 1.529346268981002795e+05 2.960004139680981752e+05 2.960008490183443064e+05 2.960006925546823186e+05 2.960002178561953478e+05 2.960004483404849889e+05 2.960009387910848018e+05 2.633212232289445819e+05 2.960008087936062366e+05 2.626839167297895183e+05
1.272453829329299042e+05 1.272459294616680272e+05 1.272459743649086449e+05 1.272458383266919845e+05 1.272460334752248164e+05 1.272458283993943041e+05 1.272456683395290602e+05 1.272459240601827478e+05 1.272456170112773689e+05 6.842225396137589996e+04 1.272459590143743553e+05 1.272458394851273915e+05 2.244854434011423436e+05 2.577493830334648010e+04 1.272452410482983396e+05 8.442625341235139058e+04 1.272455224814478715e+05 1.272458084889251186e+05 1.272455783480285172e+05 1.272451362642698077e+05 1.272456150578286906e+05 1.272458049428638333e+05 9.456634832538377668e+04 1.272458027699996601e+05 3.155295030167187215e+05
1.252981710969314877e+00 1.813730023379853895e+00 1.738624866269284919e+00 1.751563612089289013e+00 1.802269702135163465e+00 1.700450632760421188e+00 1.726454801391324345e+00 1.736334716791831712e+00 1.497203342692292827e+00 5.882542901223270746e+04 1.765659740179163162e+00 1.736623414338191784e+00 2.960004554952225881e+05 1.272452410482983250e+05 7.284028012097748528e-01 1.764726236209073104e+05 1.621450253655308149e+00 1.729161855716435880e+00 1.741421679215563678e+00 9.105719139828607478e-01 1.499154278141515029e+00 1.767693025407289786e+00 3.268157170406114892e+04 1.725655923488429222e+00 3.817780020009973086e+05
1.764726602817859093e+05 1.764732816095981980e+05 1.764733437750375306e+05 1.764731370071621786e+05 1.764733086734922545e+05 1.764730079917776748e+05 1.764727924293660617e+05 1.764732747226716892e+05 1.764728245054990984e+05 1.176498012177097116e+05 1.764733210575307021e+05 1.764731187838262122e+05 1.529346268981002504e+05 8.442625341235140513e+04 1.764726236209073104e+05 2.737644180349252565e+04 1.764726983124186518e+05 1.764730338283778692e+05 1.764729890124480298e+05 1.764724139549611718e+05 1.764727220251723193e+05 1.764731230173377553e+05 1.437936534773815365e+05 1.764728098862832121e+05 2.885399322842712863e+05
1.723739526086103924e+00 2.210106092558847379e+00 2.328501739004687376e+00 2.087864110483875102e+00 2.344688486435734909e+00 1.852782408279037174e+00 1.829484596019264497e+00 2.262816587177010508e+00 1.684232633254657108e+00 5.882588281423611625e+04 2.262340775395948356e+00 1.938304318542094062e+00 2.960004139680981752e+05 1.272455224814478424e+05 1.621450253655308149e+00 1.764726983124186518e+05 9.550979808069561816e-01 1.979169678055652914e+00 1.793364763808570128e+00 1.308117346877474274e+00 1.652932442809684765e+00 2.037386443024105986e+00 3.268217173334887775e+04 1.902413185069092849e+00 3.817781264729148243e+05
1.813944594331417415e+00 2.275246272149935578e+00 2.587876729809138521e+00 1.817088094705298973e+00 2.557637047885652937e+00 1.921496768450559278e+00 1.860934160285524719e+00 2.320611062678501479e+00 1.976041588465064835e+00 5.882613956846084329e+04 2.525150445519008358e+00 1.936106865524679366e+00 2.960008490183443064e+05 1.272458084889250749e+05 1.729161855716435658e+00 1.764730338283778692e+05 1.979169678055652914e+00 9.341350938036983020e-01 1.896753981819460533e+00 1.375172008046118277e+00 1.968325791855203732e+00 1.790169499130816577e+00 3.268229979324385931e+04 1.922216367726465869e+00 3.817783780549903167e+05
1.797189344973278535e+00 2.227178815875508366e+00 2.559867267564209126e+00 2.009594436494070102e+00 2.568078423105334185e+00 1.874207448570300860e+00 1.777222950877013208e+00 2.268585099679348627e+00 1.952121700628409728e+00 5.882604853956337320e+04 2.409531404397723175e+00 1.994117720448292275e+00 2.960006925546822604e+05 1.272455783480285172e+05 1.741421679215563900e+00 1.764729890124480298e+05 1.793364763808570128e+00 1.896753981819460533e+00 9.580727667589998831e-01 1.357364048482819330e+00 1.931761737666231049e+00 1.954881686247802897e+00 3.268228702840235201e+04 1.742201084231353114e+00 3.817783258643953013e+05
1.062526540615375881e+00 1.542717179898021485e+00 1.642249728877372528e+00 1.371480051732630434e+00 1.706524336642603501e+00 1.350205327176230208e+00 1.344624779228093647e+00 1.568140045515901138e+00 1.222486494184558570e+00 5.882531265360114776e+04 1.651031346737834360e+00 1.368106788514607430e+00 2.960002178561953478e+05 1.272451362642697932e+05 9.105719139828606368e-01 1.764724139549611718e+05 1.308117346877474274e+00 1.375172008046118277e+00 1.357364048482819330e+00 4.494186885079085036e-01 1.303390668694146104e+00 1.402731857677877558e+00 3.268143967637957394e+04 1.358461241790714924e+00 3.817778298816198367e+05
1.569867351794787869e+00 2.095832953824558587e+00 2.155316138396931258e+00 1.965092511073347037e+00 2.097273545652043936e+00 1.858597144642953669e+00 1.854004383120848587e+00 2.060151241606433814e+00 1.422357571945798815e+00 5.882575753308877029e+04 2.055750194702497424e+00 1.902614358311758957e+00 2.960004483404849889e+05 1.272456150578286906e+05 1.499154278141515029e+00 1.764727220251723484e+05 1.652932442809684765e+00 1.968325791855203732e+00 1.931761737666231049e+00 1.303390668694146326e+00 9.192685429022877663e-01 2.114067474667400859e+00 3.268188105045369957e+04 1.886852029301930633e+00 3.817780585652785376e+05
1.786970819935919774e+00 2.052845696912926510e+00 2.364107291747535644e+00 1.993348169487762389e+00 2.525933338670250272e+00 2.069759346183821958e+00 1.923976677766212395e+00 2.192851035669930670e+00 1.965488156886324944e+00 5.882618419971357071e+04 2.363337009051592386e+00 2.048543324656998621e+00 2.960009387910848018e+05 1.272458049428638187e+05 1.767693025407289786e+00 1.764731230173377553e+05 2.037386443024105986e+00 1.790169499130816577e+00 1.954881686247802897e+00 1.402731857677878002e+00 2.114067474667401303e+00 1.052913346080757817e+00 3.268222411523045594e+04 2.093947756397149362e+00 3.817784842241479782e+05
3.268168452368576618e+04 3.268216564013699826e+04 3.268157269601582448e+04 3.268231878152435456e+04 3.268176146916258585e+04 3.268219621221158377e+04 3.268224838831282250e+04 3.268214684948532522e+04 3.268175327670632396e+04 2.614627392397561198e+04 3.268212471577864562e+04 3.268228234434244587e+04 2.633212232289446401e+05 9.456634832538377668e+04 3.268157170406114892e+04 1.437936534773815947e+05 3.268217173334888139e+04 3.268229979324386295e+04 3.268228702840235565e+04 3.268143967637957394e+04 3.268188105045370321e+04 3.268222411523045957e+04 2.904983061834706314e+04 3.268228800653708822e+04 3.490988748471715371e+05
1.787947155344904004e+00 2.234936231918643212e+00 2.552953289250167845e+00 1.998338622132855624e+00 2.538029204748398104e+00 1.808967908756890397e+00 1.676284266873787399e+00 2.282304221204239258e+00 1.920776091675363340e+00 5.882613300333856751e+04 2.444623843787046447e+00 1.971423208228181956e+00 2.960008087936061784e+05 1.272458027699996164e+05 1.725655923488429444e+00 1.764728098862832121e+05 1.902413185069093071e+00 1.922216367726465869e+00 1.742201084231353114e+00 1.358461241790714702e+00 1.886852029301930633e+00 2.093947756397149362e+00 3.268228800653708822e+04 9.053606482318234949e-01 3.817782263553980738e+05
3.817781339492812403e+05 3.817784755527665839e+05 3.817785894716565381e+05 3.817783770494598430e+05 3.817786189894743147e+05 3.817784207466081716e+05 3.817781340723115718e+05 3.817785943120110896e+05 3.817780602441779920e+05 3.229548705665057059e+05 3.817783939548977651e+05 3.817783705135121709e+05 2.626839167297895183e+05 3.155295030167187215e+05 3.817780020009973668e+05 2.885399322842712863e+05 3.817781264729148825e+05 3.817783780549903167e+05 3.817783258643953013e+05 3.817778298816198367e+05 3.817780585652785958e+05 3.817784842241479782e+05 3.490988748471715371e+05 3.817782263553980738e+05 1.409357768693365215e+05
