1.360368493585126126e+00 1.363662098860117549e+05 1.255435362117608020e+05 1.363660517482618452e+05 1.363658454857054166e+05 6.262159875793553656e+05 5.157412308282791055e+05 2.351327042185396713e+05 3.896364547907350789e+04 9.091158608028350864e+04 3.962297555252123275e+05 1.363662837483249314e+05 1.813413383207285005e+04 1.363660794340612483e+05 1.363660307578759675e+05 1.363662521941904852e+05 1.363654873263693589e+05 4.870397454147904500e+04 1.363660102474442101e+05 1.363661010399002989e+05 1.363660828812218970e+05 1.363658523066791240e+05 1.363655139540497912e+05 1.363660592716723040e+05 1.363660553360876220e+05
1.363662098860117549e+05 1.122211736967425377e+00 2.272751004005058494e+05 2.403661954893781427e+00 2.155798275991808843e+00 6.716705241881416878e+05 5.611956247999125626e+05 3.000675678453307482e+05 9.740519415523653151e+04 4.545689095893501508e+04 4.416840119397483650e+05 1.891250566592097337e+00 1.544978586258411815e+05 2.153898860319991559e+00 2.362133706189037952e+00 2.095081188668694416e+00 1.887901515733578561e+00 8.766487257142140879e+04 2.262932234256577857e+00 2.270009469573659011e+00 2.210179207950962788e+00 2.093470158119438373e+00 1.547848762744913786e+00 2.140861387530231141e+00 2.327531085253501608e+00
1.255435362117608020e+05 2.272751004005058494e+05 7.583250819229535409e+04 2.272749801140346681e+05 2.272747652963982255e+05 6.262161230562648270e+05 5.157412466113073751e+05 1.971657945381430909e+05 1.348200732589416148e+05 1.818206662380814669e+05 3.718319064407552942e+05 2.272751590208377747e+05 1.155622726993445540e+05 2.272750543219296378e+05 2.272749467630631698e+05 2.272750515061333717e+05 2.272745210210071818e+05 1.396129970720551501e+05 2.272749309599066037e+05 2.272750714373215742e+05 2.272748190722114814e+05 2.272748087134546658e+05 2.272744038818533299e+05 2.272750842542115424e+05 2.272749279191124951e+05
1.363660517482618452e+05 2.403661954893781427e+00 2.272749801140346972e+05 1.015122260253940034e+00 1.873422148601179504e+00 6.716705656744331354e+05 5.611956451377623016e+05 3.000673831841333304e+05 9.740505017599862185e+04 4.545689992525603157e+04 4.416841564136554371e+05 2.345831695615143708e+00 1.544976118217378098e+05 2.063505315198792101e+00 1.811517204500008971e+00 2.280294817035278587e+00 1.731064119380471444e+00 8.766469367811510165e+04 1.777783574820513302e+00 1.932850640503803508e+00 1.973413003153102974e+00 1.933855509003180817e+00 1.444926217472457752e+00 2.121334784219638170e+00 1.937955670741674963e+00
1.363658454857054166e+05 2.155798275991809287e+00 2.272747652963982546e+05 1.873422148601179504e+00 9.113314857155746518e-01 6.716702808143458096e+05 5.611954006384665845e+05 3.000672132053390960e+05 9.740475993715826189e+04 4.545669423512436333e+04 4.416838969424234238e+05 2.182523868421983426e+00 1.544974653740263893e+05 1.890333170171864641e+00 1.815275430065678153e+00 2.070088456094416607e+00 1.364547079723886336e+00 8.766443744969926775e+04 1.861899281959635166e+00 1.953879209103984049e+00 1.662877263740487388e+00 1.522413332816104914e+00 1.188833636557953266e+00 2.065004002984442533e+00 1.830312616792757696e+00
6.262159875793553656e+05 6.716705241881416878e+05 6.262161230562648270e+05 6.716705656744331354e+05 6.716702808143458096e+05 2.438744763416439819e+05 4.338610659562872024e+05 6.002421014651645673e+05 6.262160823269274551e+05 6.262160510189497145e+05 4.864517796532259090e+05 6.716705207159194397e+05 6.262161130316671915e+05 6.716704825923367171e+05 6.716704623258968350e+05 6.716706568618885940e+05 6.716702997710574418e+05 6.262161192007679492e+05 6.716703575217870530e+05 6.716705986830912298e+05 6.716703119727923768e+05 6.716702275240215240e+05 6.716703374196508667e+05 6.716706449698220240e+05 6.716705313258452807e+05
5.157412308282791055e+05 5.611956247999125626e+05 5.157412466113074333e+05 5.611956451377623016e+05 5.611954006384665845e+05 4.338610659562870860e+05 2.032124847152255534e+05 4.897672705345409340e+05 5.157412861104503390e+05 5.157411720945970737e+05 3.629732455730060465e+05 5.611956114767744439e+05 5.157413361921116593e+05 5.611955885386073496e+05 5.611956407443382777e+05 5.611957434460335644e+05 5.611954523618976818e+05 5.157412823841769714e+05 5.611955582631229190e+05 5.611956497051195474e+05 5.611954335949786473e+05 5.611953740554626565e+05 5.611953674538981868e+05 5.611957422111141495e+05 5.611956583776226034e+05
2.351327042185396422e+05 3.000675678453307482e+05 1.971657945381430909e+05 3.000673831841332722e+05 3.000672132053390378e+05 6.002421014651645673e+05 4.897672705345409340e+05 1.117897505451898905e+05 2.351325858568137628e+05 2.546128717202538392e+05 3.219445364705754328e+05 3.000675915019600070e+05 2.351325781206424872e+05 3.000674550910300459e+05 3.000673598531354219e+05 3.000674873429097934e+05 3.000670668531499687e+05 2.365240108568120922e+05 3.000674233940956183e+05 3.000674874602149357e+05 3.000671816960664582e+05 3.000673037185993162e+05 3.000669064221951412e+05 3.000675338757064892e+05 3.000673917563896393e+05
3.896364547907350061e+04 9.740519415523653151e+04 1.348200732589416148e+05 9.740505017599862185e+04 9.740475993715826189e+04 6.262160823269273387e+05 5.157412861104502808e+05 2.351325858568137628e+05 1.113312392008497773e+04 5.195035069871588348e+04 3.962297559515021276e+05 9.740518772946788522e+04 5.709524337670228851e+04 9.740511690483923303e+04 9.740504942775842210e+04 9.740491764171519026e+04 9.740455094234189892e+04 9.742375092059110102e+03 9.740501439026143635e+04 9.740503931979692425e+04 9.740491045514815778e+04 9.740482242650205444e+04 9.740432092530357477e+04 9.740507469422681606e+04 9.740504318011492433e+04
9.091158608028350864e+04 4.545689095893501508e+04 1.818206662380814669e+05 4.545689992525603157e+04 4.545669423512436333e+04 6.262160510189497145e+05 5.157411720945970155e+05 2.546128717202538683e+05 5.195035069871588348e+04 1.246638698388917499e+00 3.962296056758309132e+05 4.545681974636983796e+04 1.090433777300240035e+05 4.545694243401482527e+04 4.545692207841423806e+04 4.545694753058230708e+04 4.545649192883812066e+04 4.221001597783195029e+04 4.545682726313281455e+04 4.545695831688798353e+04 4.545683011334147886e+04 4.545675583771918173e+04 4.545617040408348112e+04 4.545695539820726117e+04 4.545700922757218359e+04
3.962297555252123275e+05 4.416840119397483650e+05 3.718319064407552942e+05 4.416841564136554371e+05 4.416838969424233655e+05 4.864517796532257926e+05 3.629732455730060465e+05 3.219445364705754328e+05 3.962297559515021276e+05 3.962296056758308550e+05 1.970241771174543537e+05 4.416839963040756411e+05 3.962297692733702715e+05 4.416840842948825448e+05 4.416841716316847596e+05 4.416841952136273030e+05 4.416837974180217134e+05 3.962296488262952189e+05 4.416840915152590023e+05 4.416841422550695133e+05 4.416839487230017548e+05 4.416839248786876560e+05 4.416837209020213340e+05 4.416841704236620571e+05 4.416841600533602177e+05
1.363662837483249314e+05 1.891250566592097115e+00 2.272751590208378038e+05 2.345831695615143264e+00 2.182523868421982538e+00 6.716705207159194397e+05 5.611956114767744439e+05 3.000675915019600652e+05 9.740518772946788522e+04 4.545681974636983796e+04 4.416839963040756411e+05 1.171624144689711100e+00 1.544978828484105761e+05 2.235591902258185826e+00 2.322587308019867347e+00 2.199558961206828034e+00 1.908072254916797439e+00 8.766491257748677162e+04 2.255708023662356343e+00 2.335116642976240886e+00 2.242254071204985877e+00 2.175090539089690633e+00 1.578828910224881810e+00 2.307640156339937576e+00 2.347113284411015410e+00
1.813413383207285005e+04 1.544978586258411815e+05 1.155622726993445540e+05 1.544976118217378098e+05 1.544974653740263893e+05 6.262161130316671915e+05 5.157413361921116011e+05 2.351325781206424872e+05 5.709524337670229579e+04 1.090433777300240035e+05 3.962297692733702715e+05 1.544978828484105761e+05 2.708119802388935568e+04 1.544976645292885660e+05 1.544975696156352642e+05 1.544977571755534445e+05 1.544972419145516760e+05 6.683571233069254959e+04 1.544976849810689746e+05 1.544976759110875719e+05 1.544976652542353841e+05 1.544975035842414654e+05 1.544971194631112157e+05 1.544976867581362603e+05 1.544975185152924387e+05
1.363660794340612483e+05 2.153898860319991559e+00 2.272750543219296378e+05 2.063505315198792101e+00 1.890333170171864641e+00 6.716704825923367171e+05 5.611955885386073496e+05 3.000674550910300459e+05 9.740511690483923303e+04 4.545694243401482527e+04 4.416840842948826612e+05 2.235591902258185826e+00 1.544976645292885660e+05 9.838204535036970677e-01 2.091977656337698832e+00 2.190272521173642239e+00 1.822772584107677174e+00 8.766473219902868732e+04 2.047274910377270718e+00 2.077303186230175847e+00 1.838886916557001872e+00 1.920566573190567894e+00 1.441394451618525308e+00 2.184336370337448763e+00 1.958605841179658302e+00
1.363660307578759675e+05 2.362133706189037952e+00 2.272749467630631989e+05 1.811517204500009193e+00 1.815275430065678153e+00 6.716704623258968350e+05 5.611956407443382777e+05 3.000673598531354219e+05 9.740504942775842210e+04 4.545692207841423806e+04 4.416841716316847596e+05 2.322587308019867347e+00 1.544975696156352642e+05 2.091977656337698832e+00 9.856490419303134409e-01 2.254642515855213691e+00 1.695331644619041400e+00 8.766474090296676150e+04 1.812670298860601381e+00 1.957351318524282124e+00 1.983840186850340581e+00 1.924429200626238012e+00 1.423368420307199678e+00 2.113179727130674035e+00 1.876372364579450336e+00
1.363662521941904852e+05 2.095081188668694860e+00 2.272750515061333717e+05 2.280294817035278587e+00 2.070088456094416607e+00 6.716706568618888268e+05 5.611957434460335644e+05 3.000674873429097934e+05 9.740491764171519026e+04 4.545694753058230708e+04 4.416841952136273030e+05 2.199558961206828034e+00 1.544977571755534445e+05 2.190272521173642684e+00 2.254642515855213247e+00 1.005479777617799275e+00 1.856051220033647198e+00 8.766460639430738229e+04 2.230595668464582904e+00 2.144213701448722365e+00 2.148411068558122139e+00 2.140307042414907546e+00 1.435147775805450499e+00 2.164854496352861091e+00 2.143319338087304793e+00
1.363654873263693589e+05 1.887901515733578783e+00 2.272745210210072109e+05 1.731064119380471444e+00 1.364547079723886336e+00 6.716702997710574418e+05 5.611954523618976818e+05 3.000670668531499687e+05 9.740455094234189892e+04 4.545649192883812066e+04 4.416837974180217716e+05 1.908072254916797661e+00 1.544972419145516760e+05 1.822772584107677396e+00 1.695331644619041400e+00 1.856051220033647198e+00 8.068779890356783113e-01 8.766431805199138762e+04 1.720224696213242144e+00 1.798270837423732171e+00 1.613666358185758432e+00 1.485138559103526212e+00 9.817707181443637854e-01 1.876510740590070503e+00 1.754421440192039272e+00
4.870397454147903773e+04 8.766487257142140879e+04 1.396129970720552083e+05 8.766469367811510165e+04 8.766443744969926775e+04 6.262161192007679492e+05 5.157412823841769714e+05 2.365240108568121213e+05 9.742375092059111921e+03 4.221001597783195029e+04 3.962296488262953353e+05 8.766491257748677162e+04 6.683571233069253503e+04 8.766473219902868732e+04 8.766474090296676150e+04 8.766460639430738229e+04 8.766431805199138762e+04 6.030806408120813103e+03 8.766469330913336307e+04 8.766476978290666011e+04 8.766457603399823711e+04 8.766456992686720332e+04 8.766400393275589158e+04 8.766481117026605352e+04 8.766477920917065057e+04
1.363660102474442101e+05 2.262932234256577857e+00 2.272749309599066328e+05 1.777783574820513302e+00 1.861899281959635166e+00 6.716703575217870530e+05 5.611955582631229190e+05 3.000674233940956183e+05 9.740501439026143635e+04 4.545682726313281455e+04 4.416840915152590605e+05 2.255708023662356343e+00 1.544976849810689746e+05 2.047274910377270718e+00 1.812670298860601381e+00 2.230595668464582904e+00 1.720224696213242144e+00 8.766469330913336307e+04 9.342914211681730974e-01 2.051664310883569264e+00 1.787889264878803841e+00 1.734661152196445677e+00 1.398220265136409290e+00 2.139304419988671935e+00 2.036217009683013224e+00
1.363661010399002989e+05 2.270009469573659011e+00 2.272750714373215742e+05 1.932850640503803508e+00 1.953879209103984049e+00 6.716705986830912298e+05 5.611956497051195474e+05 3.000674874602149357e+05 9.740503931979692425e+04 4.545695831688798353e+04 4.416841422550694551e+05 2.335116642976240886e+00 1.544976759110875719e+05 2.077303186230175402e+00 1.957351318524281902e+00 2.144213701448722365e+00 1.798270837423731949e+00 8.766476978290666011e+04 2.051664310883569264e+00 1.084681671506992018e+00 2.086533508838696260e+00 2.017135782724493787e+00 1.440310121955920675e+00 1.928142024556790179e+00 2.060434898693669581e+00
1.363660828812218970e+05 2.210179207950962788e+00 2.272748190722114814e+05 1.973413003153102752e+00 1.662877263740487166e+00 6.716703119727923768e+05 5.611954335949786473e+05 3.000671816960664000e+05 9.740491045514815778e+04 4.545683011334147886e+04 4.416839487230018131e+05 2.242254071204985877e+00 1.544976652542353841e+05 1.838886916557001872e+00 1.983840186850340581e+00 2.148411068558122583e+00 1.613666358185758432e+00 8.766457603399823711e+04 1.787889264878803841e+00 2.086533508838696260e+00 1.032536706239786106e+00 1.666770632985322242e+00 1.286100705669050992e+00 2.177747811196338645e+00 1.991279258579273570e+00
1.363658523066791240e+05 2.093470158119438818e+00 2.272748087134546950e+05 1.933855509003180817e+00 1.522413332816104914e+00 6.716702275240215240e+05 5.611953740554626565e+05 3.000673037185993162e+05 9.740482242650205444e+04 4.545675583771918173e+04 4.416839248786877142e+05 2.175090539089690633e+00 1.544975035842414654e+05 1.920566573190567894e+00 1.924429200626238012e+00 2.140307042414907546e+00 1.485138559103526212e+00 8.766456992686720332e+04 1.734661152196445677e+00 2.017135782724493787e+00 1.666770632985322242e+00 9.495890408886065170e-01 1.257686785168409482e+00 2.157002865098306632e+00 1.902467619556625467e+00
1.363655139540497912e+05 1.547848762744913786e+00 2.272744038818533299e+05 1.444926217472457752e+00 1.188833636557953266e+00 6.716703374196508667e+05 5.611953674538981868e+05 3.000669064221951412e+05 9.740432092530357477e+04 4.545617040408348112e+04 4.416837209020213340e+05 1.578828910224881810e+00 1.544971194631112157e+05 1.441394451618525308e+00 1.423368420307200122e+00 1.435147775805450499e+00 9.817707181443637854e-01 8.766400393275589158e+04 1.398220265136409290e+00 1.440310121955920675e+00 1.286100705669050992e+00 1.257686785168409704e+00 5.498036902640747181e-01 1.459268415800937024e+00 1.468773707503249204e+00
1.363660592716723040e+05 2.140861387530231141e+00 2.272750842542115715e+05 2.121334784219637726e+00 2.065004002984442533e+00 6.716706449698220240e+05 5.611957422111141495e+05 3.000675338757064892e+05 9.740507469422681606e+04 4.545695539820726117e+04 4.416841704236620571e+05 2.307640156339937576e+00 1.544976867581362312e+05 2.184336370337448763e+00 2.113179727130674035e+00 2.164854496352860647e+00 1.876510740590070503e+00 8.766481117026605352e+04 2.139304419988672379e+00 1.928142024556790401e+00 2.177747811196339089e+00 2.157002865098306632e+00 1.459268415800937024e+00 1.015356480309226539e+00 2.152094405930801368e+00
1.363660553360876220e+05 2.327531085253501608e+00 2.272749279191125243e+05 1.937955670741674963e+00 1.830312616792757696e+00 6.716705313258452807e+05 5.611956583776226034e+05 3.000673917563896975e+05 9.740504318011492433e+04 4.545700922757218359e+04 4.416841600533602177e+05 2.347113284411015410e+00 1.544975185152924387e+05 1.958605841179658302e+00 1.876372364579450336e+00 2.143319338087304793e+00 1.754421440192039272e+00 8.766477920917065057e+04 2.036217009683013224e+00 2.060434898693669581e+00 1.991279258579273348e+00 1.902467619556625467e+00 1.468773707503249204e+00 2.152094405930801368e+00 1.098027941688744846e+00
