5.954531137367412884e+04 3.000021854009375093e+05 3.000016407782302704e+05 3.000022814636204857e+05 3.000017344586320687e+05 3.000021646661260747e+05 3.000019462105672574e+05 1.338260538154791284e+05 3.000021644745894591e+05 3.000021672181544127e+05 3.000019458022602485e+05 3.000022416441741516e+05 3.000016199193655630e+05 2.810733432050438132e+05 3.000021321321309661e+05 2.958356813288833364e+05 3.000020163629780291e+05 3.000018686841287999e+05 3.000023130507333553e+05 3.000021434934643912e+05 3.000020807134790812e+05 3.000016564720251481e+05 4.406546692801634199e+05 3.000023071575054782e+05 2.809546834052763879e+05
3.000021854009375093e+05 1.181765525643282411e+00 1.483916559438140936e+00 7.763394178951904178e+04 1.914808935501990828e+00 2.362953319540795238e+00 2.312705780375193143e+00 2.704566664560483769e+05 2.278617985741372198e+00 2.395690244512821199e+00 2.104842442352741649e+00 2.619300131385099667e+04 2.162255304227729713e+00 3.553160454565765685e+05 2.171543936323473201e+00 1.145856897202069231e+05 2.267866858846489198e+00 2.285032895926111252e+00 2.000022304401690490e+05 2.190645528999346059e+00 2.302540931983589445e+00 2.209922204643769206e+00 4.906549881120583741e+05 1.909111564180254645e+05 2.013912382938846422e+05
3.000016407782302704e+05 1.483916559438140936e+00 5.454304027902818763e-01 7.763324114809898310e+04 9.983605501230801149e-01 1.595895109904467812e+00 1.380845874005099949e+00 2.704560554469620693e+05 1.477373308724961420e+00 1.570494947850201273e+00 1.378443216082469336e+00 2.619220270230885217e+04 1.214590084073608134e+00 3.553155621997727430e+05 1.415035926649927056e+00 1.145849039775700367e+05 1.391109859956048966e+00 1.352372216680498784e+00 2.000015886727158795e+05 1.499889521112140578e+00 1.411233853771991065e+00 1.267114972431650166e+00 4.906545056027032551e+05 1.909105109314759029e+05 2.013905777476439835e+05
3.000022814636204857e+05 7.763394178951904178e+04 7.763324114809898310e+04 2.472431911774492983e+04 7.763352753937720263e+04 7.763386438581401308e+04 7.763399363481703040e+04 2.704566737181214849e+05 7.763406781521074299e+04 7.763397582189636887e+04 7.763395268611967913e+04 5.144331910793668794e+04 7.763380279080895707e+04 3.553161533585894504e+05 7.763390407548283110e+04 4.409691048134420271e+04 7.763400759440788534e+04 7.763392024603197933e+04 2.000022065551514388e+05 7.763402642478533380e+04 7.763391540698456811e+04 7.763384029731212649e+04 4.906550032470650622e+05 1.909112996130508254e+05 1.988462689799265063e+05
3.000017344586320687e+05 1.914808935501990605e+00 9.983605501230798929e-01 7.763352753937720263e+04 8.078611259621089058e-01 1.933159980653339050e+00 1.656383448033608374e+00 2.704561305524649215e+05 1.704507110916674506e+00 1.979809758530447938e+00 1.709049851161627220e+00 2.619255964241946640e+04 1.330494309479741011e+00 3.553156215289933607e+05 1.851633783842742798e+00 1.145851305148526881e+05 1.726165220523111943e+00 1.611641718424979830e+00 2.000015688650755619e+05 1.801208246542266744e+00 1.719974106801417602e+00 1.526425640478210388e+00 4.906544968125562300e+05 1.909106671534402703e+05 2.013906102885042201e+05
3.000021646661260747e+05 2.362953319540795238e+00 1.595895109904467812e+00 7.763386438581401308e+04 1.933159980653339050e+00 1.041182612200876267e+00 2.415855230523269892e+00 2.704566732574703638e+05 2.461201676620748735e+00 2.434733226882463519e+00 2.340388832447805267e+00 2.619286970932641634e+04 2.214810367678291758e+00 3.553160793203981593e+05 2.369454028467353979e+00 1.145857075529940485e+05 2.445446688621597531e+00 2.407105106866252342e+00 2.000022192272123648e+05 2.293303587435092883e+00 2.489247361346360154e+00 2.355879925864676316e+00 4.906549704785436625e+05 1.909111657473523810e+05 2.013910992176351720e+05
3.000019462105672574e+05 2.312705780375192699e+00 1.380845874005099949e+00 7.763399363481703040e+04 1.656383448033607930e+00 2.415855230523269892e+00 8.793037175714538689e-01 2.704564914083637996e+05 2.135858891521729586e+00 2.427845215217379060e+00 1.850690472819764620e+00 2.619303515168144804e+04 1.809888569854487539e+00 3.553156586626191856e+05 2.198657615866794757e+00 1.145856298338782362e+05 1.856126029317071158e+00 1.626123506423871934e+00 2.000021801600087201e+05 2.252149505844065924e+00 2.042573710183236191e+00 1.820646904366332697e+00 4.906544275657224352e+05 1.909111511299436388e+05 2.013911993362813664e+05
1.338260538154791284e+05 2.704566664560483769e+05 2.704560554469620693e+05 2.704566737181214849e+05 2.704561305524649215e+05 2.704566732574703638e+05 2.704564914083637996e+05 9.917900010775034025e+04 2.704565769409752102e+05 2.704566338141026790e+05 2.704564373079295619e+05 2.704567433131177095e+05 2.704560924540453125e+05 3.147710420785754104e+05 2.704565747554132249e+05 2.662900645432419260e+05 2.704564724991872208e+05 2.704563929991098703e+05 2.598505824992434063e+05 2.704565354244230548e+05 2.704564650521178846e+05 2.704562190745089902e+05 4.702002086318819784e+05 2.617791044336411287e+05 2.401518583509227901e+05
3.000021644745894591e+05 2.278617985741372642e+00 1.477373308724961420e+00 7.763406781521072844e+04 1.704507110916674284e+00 2.461201676620748735e+00 2.135858891521729586e+00 2.704565769409752102e+05 1.129167803551569316e+00 2.403436083372815002e+00 2.069205368689873925e+00 2.619294949666829780e+04 2.014896634818585053e+00 3.553160906182164326e+05 2.119168055464931033e+00 1.145856934830773534e+05 1.945297132407171725e+00 2.037772437878027532e+00 2.000021770078289264e+05 2.149302904307938800e+00 2.071938226249044224e+00 2.065187529592291238e+00 4.906549248630529037e+05 1.909112579794579651e+05 2.013912545834848715e+05
3.000021672181544127e+05 2.395690244512822087e+00 1.570494947850201273e+00 7.763397582189638342e+04 1.979809758530448160e+00 2.434733226882463519e+00 2.427845215217379060e+00 2.704566338141026790e+05 2.403436083372815002e+00 1.051508573977399497e+00 2.337615617657638367e+00 2.619266973191535726e+04 2.185228271357507079e+00 3.553160913640008657e+05 2.291634845325550174e+00 1.145855115238648868e+05 2.433879857917907508e+00 2.388474850703407260e+00 2.000023450803497399e+05 2.482873422962935450e+00 2.424007732039081819e+00 2.271730152482720921e+00 4.906550043317304808e+05 1.909110610864318151e+05 2.013912682743014302e+05
3.000019458022602485e+05 2.104842442352741649e+00 1.378443216082469336e+00 7.763395268611967913e+04 1.709049851161627220e+00 2.340388832447805267e+00 1.850690472819764620e+00 2.704564373079295619e+05 2.069205368689873481e+00 2.337615617657638367e+00 9.918405212207579424e-01 2.619301929759098130e+04 1.828270457502164881e+00 3.553158588489412214e+05 2.194473863870756603e+00 1.145856543578842975e+05 1.890412366420930912e+00 1.801794302818924276e+00 2.000021127426149906e+05 2.214730185892052727e+00 1.919437237543651475e+00 1.873097969664748286e+00 4.906547764566794503e+05 1.909111817353112274e+05 2.013911967069741222e+05
3.000022416441741516e+05 2.619300131385099667e+04 2.619220270230884489e+04 5.144331910793668794e+04 2.619255964241946640e+04 2.619286970932641634e+04 2.619303515168144804e+04 2.704567433131177095e+05 2.619294949666829052e+04 2.619266973191535362e+04 2.619301929759098130e+04 2.494441108994578462e+04 2.619285772480985543e+04 3.553161548872460262e+05 2.619280665612191297e+04 9.213663368865198572e+04 2.619302448933873893e+04 2.619299920408046091e+04 2.000023200219937426e+05 2.619298488215358884e+04 2.619306179369988240e+04 2.619288654703006978e+04 4.906550045485105948e+05 1.909112107228247914e+05 2.013912804042295611e+05
3.000016199193655630e+05 2.162255304227729269e+00 1.214590084073608134e+00 7.763380279080895707e+04 1.330494309479741011e+00 2.214810367678291758e+00 1.809888569854487983e+00 2.704560924540453125e+05 2.014896634818585053e+00 2.185228271357507523e+00 1.828270457502164881e+00 2.619285772480985543e+04 9.123333479202035967e-01 3.553155551501996233e+05 2.051159122452648198e+00 1.145853890774599859e+05 1.837115144904025499e+00 1.770730058736996959e+00 2.000017983776455803e+05 2.115115634266366396e+00 1.871484587725558590e+00 1.480458845524185607e+00 4.906545268964450224e+05 1.909108962038506870e+05 2.013908042343570851e+05
2.810733432050438132e+05 3.553160454565765685e+05 3.553155621997727430e+05 3.553161533585894504e+05 3.553156215289933607e+05 3.553160793203981593e+05 3.553156586626191856e+05 3.147710420785754104e+05 3.553160906182164326e+05 3.553160913640008657e+05 3.553158588489412214e+05 3.553161548872460262e+05 3.553155551501996233e+05 1.503418226737887308e+05 3.553160705517994938e+05 3.460899932604916394e+05 3.553158961668736301e+05 3.553156422758036060e+05 3.553161875915920828e+05 3.553160331896020798e+05 3.553159549805223360e+05 3.553155873180129565e+05 3.636987356290597818e+05 3.553161407937692711e+05 3.383827632602342637e+05
3.000021321321309661e+05 2.171543936323473201e+00 1.415035926649927056e+00 7.763390407548283110e+04 1.851633783842743242e+00 2.369454028467353979e+00 2.198657615866795201e+00 2.704565747554132249e+05 2.119168055464931033e+00 2.291634845325550174e+00 2.194473863870756603e+00 2.619280665612191297e+04 2.051159122452648198e+00 3.553160705517994938e+05 9.367178265518559810e-01 1.145856353236884897e+05 2.213336331961016423e+00 2.201768346390900799e+00 2.000022786220138951e+05 2.192755839510049043e+00 2.151537440541466673e+00 2.137449611827233031e+00 4.906549176507800003e+05 1.909110336981855216e+05 2.013912072065343091e+05
2.958356813288833364e+05 1.145856897202069231e+05 1.145849039775700367e+05 4.409691048134420271e+04 1.145851305148526881e+05 1.145857075529940485e+05 1.145856298338782362e+05 2.662900645432419260e+05 1.145856934830773534e+05 1.145855115238648868e+05 1.145856543578842975e+05 9.213663368865198572e+04 1.145853890774599859e+05 3.460899932604916394e+05 1.145856353236884897e+05 3.585702974328395067e+04 1.145856119032644201e+05 1.145855771601599263e+05 1.937524010928253701e+05 1.145856095838069596e+05 1.145856451706922380e+05 1.145854290694237134e+05 4.814287819473235286e+05 1.846610986620774202e+05 1.888352610329448944e+05
3.000020163629780291e+05 2.267866858846489198e+00 1.391109859956048966e+00 7.763400759440788534e+04 1.726165220523111943e+00 2.445446688621597975e+00 1.856126029317071602e+00 2.704564724991872208e+05 1.945297132407171725e+00 2.433879857917907064e+00 1.890412366420930912e+00 2.619302448933873893e+04 1.837115144904025055e+00 3.553158961668736301e+05 2.213336331961016423e+00 1.145856119032644201e+05 1.033150206015896799e+00 1.878386405773057932e+00 2.000022272730576224e+05 2.182973168579087186e+00 1.826307525046540814e+00 1.939058734853146504e+00 4.906548319531905581e+05 1.909111938310504192e+05 2.013912349551847146e+05
3.000018686841287999e+05 2.285032895926111252e+00 1.352372216680498784e+00 7.763392024603197933e+04 1.611641718424979830e+00 2.407105106866252342e+00 1.626123506423871934e+00 2.704563929991098703e+05 2.037772437878027532e+00 2.388474850703407260e+00 1.801794302818924276e+00 2.619299920408045728e+04 1.770730058736996959e+00 3.553156422758035478e+05 2.201768346390900799e+00 1.145855771601599263e+05 1.878386405773058154e+00 9.591911466798672681e-01 2.000021246047492605e+05 2.222224925020057196e+00 1.954000295097640949e+00 1.685425172223316226e+00 4.906544600344744977e+05 1.909111456180521054e+05 2.013911255561176222e+05
3.000023130507333553e+05 2.000022304401690490e+05 2.000015886727159086e+05 2.000022065551514388e+05 2.000015688650755619e+05 2.000022192272123648e+05 2.000021801600087783e+05 2.598505824992434063e+05 2.000021770078289264e+05 2.000023450803497981e+05 2.000021127426150488e+05 2.000023200219937426e+05 2.000017983776455803e+05 3.553161875915920828e+05 2.000022786220138951e+05 1.937524010928253701e+05 2.000022272730576515e+05 2.000021246047493187e+05 2.160800730773289615e+04 2.000021924949806125e+05 2.000021245838714531e+05 2.000019021120673278e+05 4.906550042897397652e+05 4.330387278458625224e+04 7.199036974229828047e+04
3.000021434934643912e+05 2.190645528999345615e+00 1.499889521112140578e+00 7.763402642478534835e+04 1.801208246542266744e+00 2.293303587435092439e+00 2.252149505844065924e+00 2.704565354244230548e+05 2.149302904307938800e+00 2.482873422962935450e+00 2.214730185892053171e+00 2.619298488215358884e+04 2.115115634266366396e+00 3.553160331896020216e+05 2.192755839510048599e+00 1.145856095838069596e+05 2.182973168579087631e+00 2.222224925020057196e+00 2.000021924949806125e+05 1.070338425632368917e+00 2.223765295644692053e+00 2.204254050707968648e+00 4.906548726894510328e+05 1.909111965817449091e+05 2.013910657370726694e+05
3.000020807134790812e+05 2.302540931983589445e+00 1.411233853771991065e+00 7.763391540698456811e+04 1.719974106801417602e+00 2.489247361346360154e+00 2.042573710183236191e+00 2.704564650521178846e+05 2.071938226249044224e+00 2.424007732039081819e+00 1.919437237543651475e+00 2.619306179369988240e+04 1.871484587725558812e+00 3.553159549805223360e+05 2.151537440541466673e+00 1.145856451706922380e+05 1.826307525046540814e+00 1.954000295097640949e+00 2.000021245838714240e+05 2.223765295644692053e+00 9.729818390618489854e-01 1.935610820729350312e+00 4.906548757003617357e+05 1.909110689112558321e+05 2.013910474740792706e+05
3.000016564720251481e+05 2.209922204643769206e+00 1.267114972431650388e+00 7.763384029731212649e+04 1.526425640478210388e+00 2.355879925864675872e+00 1.820646904366332697e+00 2.704562190745089902e+05 2.065187529592291238e+00 2.271730152482720921e+00 1.873097969664748286e+00 2.619288654703006978e+04 1.480458845524185607e+00 3.553155873180129565e+05 2.137449611827233475e+00 1.145854290694237134e+05 1.939058734853146504e+00 1.685425172223316226e+00 2.000019021120673278e+05 2.204254050707968648e+00 1.935610820729350312e+00 9.976476943392571517e-01 4.906545481146950042e+05 1.909109819148167444e+05 2.013909026932776615e+05
4.406546692801634781e+05 4.906549881120583741e+05 4.906545056027032551e+05 4.906550032470650622e+05 4.906544968125562300e+05 4.906549704785436625e+05 4.906544275657223770e+05 4.702002086318819784e+05 4.906549248630529037e+05 4.906550043317304808e+05 4.906547764566794503e+05 4.906550045485105948e+05 4.906545268964450224e+05 3.636987356290598400e+05 4.906549176507800003e+05 4.814287819473235286e+05 4.906548319531905581e+05 4.906544600344745559e+05 4.906550042897397070e+05 4.906548726894510328e+05 4.906548757003617357e+05 4.906545481146949460e+05 2.212206623694613518e+05 4.906549765652370406e+05 4.733485214601634652e+05
3.000023071575054782e+05 1.909111564180254645e+05 1.909105109314759029e+05 1.909112996130508254e+05 1.909106671534402703e+05 1.909111657473523810e+05 1.909111511299436388e+05 2.617791044336411287e+05 1.909112579794579651e+05 1.909110610864318442e+05 1.909111817353112274e+05 1.909112107228247914e+05 1.909108962038506870e+05 3.553161407937692711e+05 1.909110336981855216e+05 1.846610986620774202e+05 1.909111938310504192e+05 1.909111456180521054e+05 4.330387278458624496e+04 1.909111965817449091e+05 1.909110689112558321e+05 1.909109819148167444e+05 4.906549765652370406e+05 1.487725464472419844e+04 9.143476766454530298e+04
2.809546834052763297e+05 2.013912382938846422e+05 2.013905777476439835e+05 1.988462689799265063e+05 2.013906102885042201e+05 2.013910992176351720e+05 2.013911993362814246e+05 2.401518583509227901e+05 2.013912545834848715e+05 2.013912682743014593e+05 2.013911967069741222e+05 2.013912804042295902e+05 2.013908042343571142e+05 3.383827632602342637e+05 2.013912072065343382e+05 1.888352610329448944e+05 2.013912349551847437e+05 2.013911255561176222e+05 7.199036974229826592e+04 2.013910657370726694e+05 2.013910474740792997e+05 2.013909026932776906e+05 4.733485214601634652e+05 9.143476766454531753e+04 7.117595037061531912e+04
