8.642517074259740140e-01 1.800000000000000488e+00 2.400000000000000355e+00 1.800000000000000044e+00 2.000000000000000444e+00 6.000007999999999302e+05 2.500000000000000000e+00 1.465492802890788315e+00 2.684687651649180218e+00 4.325597025994927390e+05 2.000000000000000444e+00 1.090936923994038370e+05 1.700272474820018642e+00 2.000000000000000000e+00 2.247015610651974971e+00 2.386900316001149491e+00 2.000000000000000000e+00 1.989139310368842617e+00 2.000024000000000233e+05 2.460503338469440582e+00 2.192905133028756115e+00 2.918054436593495775e+05 2.383453030738293954e+00 2.183445310400430106e+00 2.200000000000000178e+00
1.800000000000000044e+00 8.312073663070899121e-01 2.200000000000000178e+00 1.513660941121161230e+00 1.756951784461083799e+00 6.000009640907786088e+05 2.300000000000000266e+00 1.180747040178923957e+00 2.421534584748116004e+00 4.325598537629515049e+05 1.950045913682277421e+00 1.090931571911831852e+05 1.903030303030303294e+00 1.769880624426079185e+00 2.096969696969697150e+00 2.200000000000000178e+00 1.724525867237974408e+00 1.721050670256729198e+00 2.000020000000000000e+05 1.887323101744245557e+00 2.000000000000000444e+00 2.918053392066060915e+05 2.176492194674013003e+00 2.000000000000000000e+00 1.957022210898999637e+00
2.400000000000000355e+00 2.200000000000000178e+00 8.431378803857836335e-01 1.993939393939394122e+00 1.844937414999226810e+00 6.000014000000000233e+05 2.097242171789716281e+00 1.568523105921091343e+00 2.614975931964501399e+00 4.325602724357466213e+05 2.199999999999999734e+00 1.090934014903129428e+05 2.234008354538026708e+00 2.400000000000000355e+00 2.103030303030303472e+00 2.000000000000000000e+00 2.400000000000000355e+00 1.986442419019265770e+00 2.000026000000000058e+05 2.748814778059248454e+00 2.172742022714981402e+00 2.918058450957184541e+05 2.000000000000000000e+00 1.799999999999999822e+00 2.000000000000000444e+00
1.800000000000000044e+00 1.513660941121161230e+00 1.993939393939394122e+00 9.534187448418204314e-01 1.536165328744040881e+00 6.000008922723354772e+05 2.093939393939394211e+00 1.046751157551858880e+00 2.387411668324554537e+00 4.325597308815566939e+05 1.774591902999018034e+00 1.090931041900263663e+05 1.796877869605142619e+00 1.776492194674013092e+00 1.997061524334251548e+00 1.993939393939394122e+00 1.787600797696189403e+00 1.744622588260269280e+00 2.000018380342868622e+05 2.056874972391329326e+00 2.000000000000000444e+00 2.918051913496510824e+05 1.990391960453772313e+00 2.000000000000000000e+00 1.972795968995432192e+00
2.000000000000000000e+00 1.756951784461083799e+00 1.844937414999226366e+00 1.536165328744040881e+00 8.859742935869940883e-01 6.000011116345877526e+05 1.816464216477274851e+00 1.066618027681345948e+00 2.224042042140391917e+00 4.325599068295795587e+05 2.025502946732478549e+00 1.090929544553702144e+05 1.985520388185161522e+00 1.965354783108302916e+00 1.821142849668905717e+00 1.841389981513604557e+00 1.977018098247630196e+00 1.464834877089209231e+00 2.000021012906007818e+05 2.363636363636363757e+00 1.771332291422198946e+00 2.918053602465562290e+05 1.848484848484848619e+00 1.724738384822383397e+00 1.794254524561907260e+00
6.000007999999999302e+05 6.000009640907786088e+05 6.000014000000000233e+05 6.000008922723354772e+05 6.000011116345877526e+05 5.912462353597424226e+04 6.000015000000000000e+05 6.000009212008044124e+05 6.000015928181556519e+05 4.283468339036522666e+05 6.000009712726228172e+05 6.000015712726227939e+05 6.000007640907785390e+05 6.000011698362539755e+05 6.000014000000000233e+05 6.000014000000000233e+05 6.000011870726803318e+05 6.000011382361389697e+05 6.000014000000000233e+05 6.000014000000000233e+05 6.000014000000000233e+05 5.834463847549420316e+05 6.000014000000000233e+05 6.000013741453605471e+05 6.000013741453605471e+05
2.500000000000000000e+00 2.300000000000000266e+00 2.097242171789716281e+00 2.093939393939394211e+00 1.816464216477275073e+00 6.000015000000000000e+05 1.191474574568482270e+00 1.654159417325860471e+00 2.311886861092399492e+00 4.325603911085418658e+05 2.296106003244996696e+00 1.090930675920078647e+05 2.396969696969696972e+00 2.483445310400429928e+00 1.956014692378328812e+00 1.869803547049233128e+00 2.500000000000000000e+00 2.053405935250233405e+00 2.000026661016948929e+05 2.920815559866506650e+00 2.097404002163331782e+00 2.918059166556150303e+05 1.888318009734992087e+00 2.272742022714981491e+00 2.200000000000000178e+00
1.465492802890788093e+00 1.180747040178923957e+00 1.568523105921091565e+00 1.046751157551858880e+00 1.066618027681345948e+00 6.000009212008044124e+05 1.654159417325860471e+00 5.206496641227972288e-01 1.936981473956626898e+00 4.325597106503206887e+05 1.555595786185383300e+00 1.090927692017225636e+05 1.482659798115290473e+00 1.416656261667001981e+00 1.515446889208511339e+00 1.568523105921091565e+00 1.442510901138418067e+00 1.161136661497223388e+00 2.000015675988808216e+05 1.835373427316867589e+00 1.465492802890788315e+00 2.918049713732025120e+05 1.568523105921091565e+00 1.390801622195585674e+00 1.436765425700325949e+00
2.684687651649180218e+00 2.421534584748116004e+00 2.614975931964501843e+00 2.387411668324554537e+00 2.224042042140391917e+00 6.000015928181556519e+05 2.311886861092399936e+00 1.936981473956626898e+00 1.218749086979253660e+00 4.325604087614918826e+05 2.607959804814641736e+00 1.090928435938881157e+05 2.750658157051547814e+00 2.665447374867587094e+00 2.161899715251921705e+00 2.586822574725980761e+00 2.664021030253548528e+00 2.219316430259192785e+00 2.000028295624753518e+05 3.139372759048639328e+00 2.497467030830205825e+00 2.918060275165523053e+05 2.128506784206844138e+00 2.502178320689441460e+00 2.228141881501922494e+00
4.325597025994927972e+05 4.325598537629515631e+05 4.325602724357467378e+05 4.325597308815566939e+05 4.325599068295795587e+05 4.283468339036524412e+05 4.325603911085418658e+05 4.325597106503208051e+05 4.325604087614918826e+05 1.544248011044396262e+05 4.325598767448532744e+05 3.796681183816126431e+05 4.325597255813944503e+05 4.325600896721729659e+05 4.325603255813945434e+05 4.325603255813945434e+05 4.325600767448533443e+05 4.325599560898690834e+05 3.355909664851466077e+05 4.325602896721730358e+05 4.325603255813945434e+05 2.437869942087961244e+05 4.325603126540747471e+05 4.325602279083121102e+05 4.325603255813945434e+05
2.000000000000000444e+00 1.950045913682277865e+00 2.199999999999999734e+00 1.774591902999018034e+00 2.025502946732478549e+00 6.000009712726228172e+05 2.296106003244996696e+00 1.555595786185383078e+00 2.607959804814641291e+00 4.325598767448532744e+05 1.100626822719729558e+00 1.090935133360429754e+05 1.896969696969697194e+00 1.975022956841139488e+00 2.303030303030302761e+00 2.158861340679521845e+00 1.963492858648378858e+00 2.029201101928374218e+00 2.000021999999999825e+05 2.392029771675062033e+00 2.399999999999999911e+00 2.918054206774478080e+05 2.150045913682277376e+00 2.399999999999999911e+00 2.332349849332952196e+00
1.090936923994038370e+05 1.090931571911831852e+05 1.090934014903129428e+05 1.090931041900263663e+05 1.090929544553701853e+05 6.000015712726227939e+05 1.090930675920078647e+05 1.090927692017225636e+05 1.090928435938881157e+05 3.796681183816126431e+05 1.090935133360429463e+05 9.917452592089363316e+04 1.090935320943080151e+05 1.090935771451665496e+05 1.090930483222688636e+05 1.090933629228198261e+05 1.090936686705902976e+05 1.090929052129988850e+05 9.091184800938850094e+04 1.090938544855970686e+05 1.090934923994038400e+05 1.827152937160147412e+05 1.090930014903129340e+05 1.090933771451665671e+05 1.090932062172722653e+05
1.700272474820018642e+00 1.903030303030303516e+00 2.234008354538026708e+00 1.796877869605142619e+00 1.985520388185161522e+00 6.000007640907785390e+05 2.396969696969696972e+00 1.482659798115290251e+00 2.750658157051547814e+00 4.325597255813944503e+05 1.896969696969697194e+00 1.090935320943080296e+05 9.959386150047004893e-01 2.067984332235279332e+00 2.300091827364555197e+00 2.296969696969697328e+00 2.008603261620206304e+00 1.999797175253196002e+00 2.000023152542372991e+05 2.499508205240622782e+00 2.303030303030303649e+00 2.918054278592921328e+05 2.296969696969697328e+00 2.303030303030303649e+00 2.303030303030303205e+00
2.000000000000000000e+00 1.769880624426079407e+00 2.400000000000000355e+00 1.776492194674013092e+00 1.965354783108302916e+00 6.000011698362539755e+05 2.483445310400429928e+00 1.416656261667002203e+00 2.665447374867587094e+00 4.325600896721729659e+05 1.975022956841139488e+00 1.090935771451665496e+05 2.067984332235279332e+00 8.711794107209701599e-01 2.296969696969697328e+00 2.400000000000000355e+00 1.544671977936856511e+00 1.965353042055139277e+00 2.000018847457626835e+05 1.985955135170355712e+00 2.200000000000000178e+00 2.918053779885653057e+05 2.388246097337006990e+00 2.186555587474863671e+00 2.159288901129020388e+00
2.247015610651974971e+00 2.096969696969697594e+00 2.103030303030303472e+00 1.997061524334251548e+00 1.821142849668905717e+00 6.000014000000000233e+05 1.956014692378328812e+00 1.515446889208510894e+00 2.161899715251921705e+00 4.325603255813944270e+05 2.303030303030303205e+00 1.090930483222688490e+05 2.300091827364555197e+00 2.296969696969697328e+00 9.941000628645106918e-01 2.097153351698806567e+00 2.296969696969697328e+00 1.883147272485427681e+00 2.000026000000000058e+05 2.745719132776143656e+00 2.040237430687263931e+00 2.918058666412513121e+05 1.703030303030303116e+00 2.082188724112937983e+00 1.896969696969697194e+00
2.386900316001149491e+00 2.200000000000000178e+00 2.000000000000000000e+00 1.993939393939394122e+00 1.841389981513604557e+00 6.000014000000000233e+05 1.869803547049233128e+00 1.568523105921091343e+00 2.586822574725980761e+00 4.325603255813944270e+05 2.158861340679521845e+00 1.090933629228198261e+05 2.296969696969697328e+00 2.400000000000000355e+00 2.097153351698806567e+00 8.505784029760808940e-01 2.400000000000000355e+00 1.918457300275483002e+00 2.000026000000000058e+05 2.831118581811956414e+00 1.790540177371674702e+00 2.918058666412513121e+05 2.000000000000000000e+00 2.200000000000000178e+00 2.200000000000000178e+00
2.000000000000000000e+00 1.724525867237974408e+00 2.400000000000000355e+00 1.787600797696189403e+00 1.977018098247630196e+00 6.000011870726803318e+05 2.500000000000000000e+00 1.442510901138418067e+00 2.664021030253548084e+00 4.325600767448532279e+05 1.963492858648378858e+00 1.090936686705902976e+05 2.008603261620206304e+00 1.544671977936856511e+00 2.296969696969697328e+00 2.400000000000000355e+00 8.738923038256947162e-01 2.005509641873278071e+00 2.000019762711864605e+05 2.050448756452778465e+00 2.200000000000000178e+00 2.918054098184992326e+05 2.385307621671258538e+00 2.200000000000000178e+00 2.154430816890417599e+00
1.989139310368842839e+00 1.721050670256729198e+00 1.986442419019265326e+00 1.744622588260269280e+00 1.464834877089209231e+00 6.000011382361389697e+05 2.053405935250233405e+00 1.161136661497223166e+00 2.219316430259192785e+00 4.325599560898690834e+05 2.029201101928374218e+00 1.090929052129988850e+05 1.999797175253196002e+00 1.965353042055139277e+00 1.883147272485427681e+00 1.918457300275483002e+00 2.005509641873278071e+00 7.717014601857834499e-01 2.000021881752217014e+05 2.366574839302112210e+00 1.812121212121212910e+00 2.918054386791603174e+05 1.974951468143080202e+00 1.795996514459294202e+00 1.793505871701792875e+00
2.000024000000000233e+05 2.000020000000000000e+05 2.000026000000000058e+05 2.000018380342868622e+05 2.000021012906007818e+05 6.000014000000000233e+05 2.000026661016948929e+05 2.000015675988808216e+05 2.000028295624753518e+05 3.355909664851465495e+05 2.000021999999999825e+05 9.091184800938847184e+04 2.000023152542372991e+05 2.000018847457626835e+05 2.000026000000000058e+05 2.000026000000000058e+05 2.000019762711864605e+05 2.000021881752217014e+05 1.026892632462609756e+00 2.000017152542372642e+05 2.000026000000000058e+05 9.180542145646302379e+04 2.000026000000000058e+05 2.000024847457627184e+05 2.000025322033898265e+05
2.460503338469440582e+00 1.887323101744245557e+00 2.748814778059248454e+00 2.056874972391329326e+00 2.363636363636363757e+00 6.000014000000000233e+05 2.920815559866506650e+00 1.835373427316867589e+00 3.139372759048638883e+00 4.325602896721729776e+05 2.392029771675062033e+00 1.090938544855970686e+05 2.499508205240622782e+00 1.985955135170355712e+00 2.745719132776143656e+00 2.831118581811956414e+00 2.050448756452778465e+00 2.366574839302112210e+00 2.000017152542372642e+05 1.067387241476847271e+00 2.657564862803691863e+00 2.918054278592921328e+05 2.836260914227016539e+00 2.608728321579905973e+00 2.598027989402287741e+00
2.192905133028756115e+00 2.000000000000000444e+00 2.172742022714981402e+00 2.000000000000000000e+00 1.771332291422198946e+00 6.000014000000000233e+05 2.097404002163331782e+00 1.465492802890788315e+00 2.497467030830205825e+00 4.325603255813944270e+05 2.399999999999999911e+00 1.090934923994038400e+05 2.303030303030303205e+00 2.200000000000000178e+00 2.040237430687263931e+00 1.790540177371674702e+00 2.200000000000000178e+00 1.812121212121212688e+00 2.000026000000000058e+05 2.657564862803691863e+00 8.604039882383597293e-01 2.918058666412513121e+05 2.184424012979989449e+00 1.976492194674013048e+00 2.000000000000000000e+00
2.918054436593495775e+05 2.918053392066060915e+05 2.918058450957183959e+05 2.918051913496510824e+05 2.918053602465562290e+05 5.834463847549420316e+05 2.918059166556149721e+05 2.918049713732025120e+05 2.918060275165522471e+05 2.437869942087960662e+05 2.918054206774477498e+05 1.827152937160146830e+05 2.918054278592920746e+05 2.918053779885652475e+05 2.918058666412513121e+05 2.918058666412513121e+05 2.918054098184991744e+05 2.918054386791603174e+05 9.180542145646305289e+04 2.918054278592920746e+05 2.918058666412513121e+05 9.932979033281936427e+04 2.918058537139315740e+05 2.918057219701797585e+05 2.918058356156839291e+05
2.383453030738293954e+00 2.176492194674013447e+00 2.000000000000000000e+00 1.990391960453772313e+00 1.848484848484848841e+00 6.000014000000000233e+05 1.888318009734992087e+00 1.568523105921091343e+00 2.128506784206844138e+00 4.325603126540747471e+05 2.150045913682277376e+00 1.090930014903129340e+05 2.296969696969697328e+00 2.388246097337006990e+00 1.703030303030302894e+00 2.000000000000000000e+00 2.385307621671258538e+00 1.974951468143080646e+00 2.000026000000000058e+05 2.836260914227016539e+00 2.184424012979989449e+00 2.918058537139315740e+05 8.412993282455942801e-01 2.200000000000000178e+00 1.976492194674013048e+00
2.183445310400430106e+00 2.000000000000000444e+00 1.799999999999999822e+00 2.000000000000000000e+00 1.724738384822383619e+00 6.000013741453605471e+05 2.272742022714981491e+00 1.390801622195585674e+00 2.502178320689441460e+00 4.325602279083120520e+05 2.399999999999999911e+00 1.090933771451665671e+05 2.303030303030303205e+00 2.186555587474863671e+00 2.082188724112937983e+00 2.200000000000000178e+00 2.200000000000000178e+00 1.795996514459293758e+00 2.000024847457627184e+05 2.608728321579905973e+00 1.976492194674013270e+00 2.918057219701798167e+05 2.200000000000000178e+00 8.412993282455942801e-01 1.800000000000000044e+00
2.200000000000000178e+00 1.957022210898999637e+00 2.000000000000000444e+00 1.972795968995432192e+00 1.794254524561907260e+00 6.000013741453605471e+05 2.200000000000000178e+00 1.436765425700325949e+00 2.228141881501922494e+00 4.325603255813944270e+05 2.332349849332952196e+00 1.090932062172722653e+05 2.303030303030303205e+00 2.159288901129020388e+00 1.896969696969697194e+00 2.200000000000000178e+00 2.154430816890417599e+00 1.793505871701792875e+00 2.000025322033898265e+05 2.598027989402287741e+00 2.000000000000000444e+00 2.918058356156839873e+05 1.976492194674013048e+00 1.800000000000000044e+00 1.092445556810178076e+00
