6.492891159443521243e-01 3.964919771253265935e+04 3.964936741213432106e+04 3.554425387120302912e+04 3.964934027573934873e+04 3.070350471418395173e+05 1.036996784711871587e+05 3.659758251634302433e+05 1.589628592258985445e+05 3.964901128048257669e+04 2.202007282633415307e+05 6.697702745318054804e+04 3.964942807799814909e+04 2.402166214895827216e+04 1.587907356911679199e+04 1.260842792693966912e+05 5.235817018801558297e+05 1.770764926066551707e+05 4.344490755444480455e+05 3.964933335175803222e+04 1.153463159487649136e+04 2.585665309422787686e+05 2.781007588237354139e+04 1.321750254370666153e+04 4.913323347872894374e+04
3.964919771253265935e+04 5.808901432889262972e-01 1.404912011258252935e+00 4.106110246256127539e+03 1.225277673593788696e+00 3.070345539833751973e+05 1.081046851913583378e+05 3.659755382789933356e+05 1.589623483616028097e+05 7.676233393387411619e-01 2.202002157970131375e+05 7.704595573081271141e+04 1.302483183162370439e+00 5.323578380462421046e+04 2.528595431344355893e+04 1.290207647279269877e+05 5.235815365044507780e+05 1.770760720174742164e+05 4.344487291609656531e+05 1.121365752328801646e+00 3.650251343795190769e+04 2.585661519588378433e+05 1.184067531810873697e+04 3.378118179254929419e+04 6.906797964787334786e+04
3.964936741213432106e+04 1.404912011258252935e+00 6.374682733881559260e-01 4.106356527531916981e+03 1.446676795015425343e+00 3.070347954700458213e+05 1.081049638839429535e+05 3.659756191224728827e+05 1.589627681327614118e+05 1.238674194191447642e+00 2.202005682565688621e+05 7.704617675094582955e+04 1.441397640488787601e+00 5.323612050561120122e+04 2.528615657204108720e+04 1.290210215699317923e+05 5.235815972063709632e+05 1.770763494670054351e+05 4.344488927807904547e+05 1.490732058367735480e+00 3.650274150860623922e+04 2.585663421993600787e+05 1.184067440894764150e+04 3.378130971540646715e+04 6.906834854157958762e+04
3.554425387120302912e+04 4.106110246256126629e+03 4.106356527531916981e+03 2.963217841629761097e+03 4.106323456425285258e+03 3.070346670823994209e+05 1.081047427068068791e+05 3.659754838031625259e+05 1.589625950268120796e+05 4.105954572786652534e+03 2.202004518377733475e+05 7.704602318995763198e+04 4.106364219983576731e+03 5.078300348037919321e+04 2.118105707869803155e+04 1.290208441045727086e+05 5.235814996784665273e+05 1.770762011651594657e+05 4.344488032731691492e+05 4.106211824084530235e+03 3.239760862199473195e+04 2.585661974024530791e+05 7.735524241052658908e+03 2.967616376282554484e+04 6.855845829648687504e+04
3.964934027573934873e+04 1.225277673593788474e+00 1.446676795015425343e+00 4.106323456425285258e+03 5.887848631267526001e-01 3.070346675629024976e+05 1.081049010849220940e+05 3.659756198312845081e+05 1.589625814179396548e+05 1.082816866488030882e+00 2.202004438635023835e+05 7.704618666993272200e+04 1.288940809280237021e+00 5.323601231353874755e+04 2.528609899649560612e+04 1.290209825558794400e+05 5.235816076344173634e+05 1.770763097114198899e+05 4.344487951799703296e+05 1.224904078686783082e+00 3.650267049809859600e+04 2.585663309439234727e+05 1.184075971225028115e+04 3.378135086449162191e+04 6.906822940296596789e+04
3.070350471418395173e+05 3.070345539833751391e+05 3.070347954700458213e+05 3.070346670823994791e+05 3.070346675629024976e+05 6.107977173724500608e+04 2.673186426043724059e+05 2.047239658816962910e+05 2.443316371727547084e+05 3.070345010581165552e+05 1.879548164478851249e+05 2.877313632373214350e+05 3.070347229903887492e+05 2.961849280101525364e+05 3.070348052374660037e+05 2.617374650176986470e+05 3.741678894245330594e+05 2.267010852756042732e+05 3.005688222400670638e+05 3.070346495534051210e+05 3.070349614510036190e+05 1.394355434872363403e+05 3.070348489563987823e+05 3.070349426755000022e+05 2.894138274705466465e+05
1.036996784711871587e+05 1.081046851913583378e+05 1.081049638839429535e+05 1.081047427068068791e+05 1.081049010849220940e+05 2.673186426043724059e+05 1.636719369965514670e+04 3.253187504226872115e+05 8.081866433209810930e+04 1.081045056808721420e+05 1.653794094245123270e+05 5.570471914544611354e+04 1.081049507366919715e+05 8.918938118362410751e+04 1.051681726374605933e+05 4.176051253320626711e+04 4.927448138047631946e+05 1.150475020189126371e+05 3.985542325061560841e+05 1.081048385232460569e+05 1.036996884664450918e+05 2.139796596292908944e+05 1.081049247318110865e+05 1.036997286766918114e+05 7.616102657885581721e+04
3.659758251634302433e+05 3.659755382789933356e+05 3.659756191224728827e+05 3.659754838031625259e+05 3.659756198312845081e+05 2.047239658816962910e+05 3.253187504226872115e+05 1.005897329261976120e+05 3.020993331495674211e+05 3.659754854846989037e+05 2.686300653255484649e+05 3.483547380331625463e+05 3.659756412623942597e+05 3.551258973136579734e+05 3.659757357165252324e+05 3.152845536718655494e+05 3.352278841545927571e+05 2.983650670263859211e+05 2.254635997063188697e+05 3.659755380446125637e+05 3.659758548421383020e+05 2.381348212400065677e+05 3.659756283714564634e+05 3.659757445823562448e+05 3.483547774597417447e+05
1.589628592258985445e+05 1.589623483616028097e+05 1.589627681327614409e+05 1.589625950268120796e+05 1.589625814179396548e+05 2.443316371727547084e+05 8.081866433209810930e+04 3.020993331495674211e+05 2.458401343745231134e+04 1.589622282507955388e+05 1.305973810847310961e+05 1.188689065485052124e+05 1.589626479161575553e+05 1.459100655966780614e+05 1.589627668154986459e+05 5.655099623809820332e+04 4.685157735516195535e+05 6.411376405330179841e+04 3.743251852190980571e+05 1.589624850855132099e+05 1.589628370579202310e+05 1.817470847126212611e+05 1.589627740007197426e+05 1.589628646762270073e+05 1.348449510894707637e+05
3.964901128048257669e+04 7.676233393387411619e-01 1.238674194191447642e+00 4.105954572786652534e+03 1.082816866488030882e+00 3.070345010581165552e+05 1.081045056808721420e+05 3.659754854846989037e+05 1.589622282507955388e+05 4.043473566186508439e-01 2.202001637893525185e+05 7.704576342284637212e+04 1.159651016926938061e+00 5.323559522496513819e+04 2.528577635806378021e+04 1.290205919981204934e+05 5.235815213113604696e+05 1.770759897265310574e+05 4.344486940523344092e+05 1.015586396489093657e+00 3.650231658908377722e+04 2.585660969882252684e+05 1.184047966924019602e+04 3.378098502034657577e+04 6.906781292114063399e+04
2.202007282633415307e+05 2.202002157970131375e+05 2.202005682565688621e+05 2.202004518377733475e+05 2.202004438635023835e+05 1.879548164478851249e+05 1.653794094245123270e+05 2.686300653255484649e+05 1.305973810847310961e+05 2.202001637893525185e+05 3.609315065496962779e+04 1.925453165594918537e+05 2.202005053924761305e+05 2.093506042902523477e+05 2.202006077819595230e+05 1.553028487645263376e+05 4.345725557752312743e+05 9.955906294068758143e+04 3.491924017650098540e+05 2.202003653490862052e+05 2.202006795618052129e+05 1.091483751256069081e+05 2.202006278765020543e+05 2.202006734387454344e+05 2.007600581076850940e+05
6.697702745318054804e+04 7.704595573081271141e+04 7.704617675094582955e+04 7.704602318995763198e+04 7.704618666993272200e+04 2.877313632373214350e+05 5.570471914544611354e+04 3.483547380331625463e+05 1.188689065485052124e+05 7.704576342284637212e+04 1.925453165594918537e+05 1.628454002220462826e+04 7.704621698790634400e+04 4.970025851669834083e+04 6.970412751373938227e+04 8.554065752448717831e+04 5.103659396570596728e+05 1.435750138805748138e+05 4.205806527460870566e+05 7.704611476376875362e+04 6.787605948701129819e+04 2.358837611811436363e+05 7.484354998792303377e+04 6.823564596852172690e+04 3.084125020740021500e+04
3.964942807799814909e+04 1.302483183162370439e+00 1.441397640488787601e+00 4.106364219983576731e+03 1.288940809280236799e+00 3.070347229903887492e+05 1.081049507366919715e+05 3.659756412623942597e+05 1.589626479161575553e+05 1.159651016926938061e+00 2.202005053924761305e+05 7.704621698790634400e+04 6.189229898589506673e-01 5.323604259266996087e+04 2.528611657644950537e+04 1.290210445891697163e+05 5.235815877291233046e+05 1.770763977977613977e+05 4.344487741046666051e+05 1.274153109840651776e+00 3.650274834781348181e+04 2.585663646323053399e+05 1.184075214582199624e+04 3.378135331654021138e+04 6.906827791287998843e+04
2.402166214895827579e+04 5.323578380462421046e+04 5.323612050561120122e+04 5.078300348037919321e+04 5.323601231353874755e+04 2.961849280101525364e+05 8.918938118362410751e+04 3.551258973136579152e+05 1.459100655966780905e+05 5.323559522496513819e+04 2.093506042902523477e+05 4.970025851669834083e+04 5.323604259266996087e+04 1.792476985581565532e+04 3.400874469066851452e+04 1.130315558655961649e+05 5.169738787783629377e+05 1.645744509404354903e+05 4.272126468372734962e+05 5.323595873067722277e+04 2.989499864138831617e+04 2.477165089227379358e+05 4.401251944755080331e+04 3.120965370427822563e+04 2.891400575746416143e+04
1.587907356911679017e+04 2.528595431344355893e+04 2.528615657204108720e+04 2.118105707869802791e+04 2.528609899649560975e+04 3.070348052374660037e+05 1.051681726374605933e+05 3.659757357165252324e+05 1.589627668154986459e+05 2.528577635806378021e+04 2.202006077819595521e+05 6.970412751373938227e+04 2.528611657644950537e+04 3.400874469066851452e+04 6.231060995925209681e+03 1.270632428026490088e+05 5.235816962126492290e+05 1.770764942637174099e+05 4.344488968799673021e+05 2.528608875596662620e+04 1.149338851740887185e+04 2.585665138469741214e+05 1.344672424949662673e+04 8.771940947071547271e+03 5.631219101264981146e+04
1.260842792693966912e+05 1.290207647279269877e+05 1.290210215699317923e+05 1.290208441045727232e+05 1.290209825558794400e+05 2.617374650176986470e+05 4.176051253320626711e+04 3.152845536718655494e+05 5.655099623809820332e+04 1.290205919981204934e+05 1.553028487645263376e+05 8.554065752448717831e+04 1.290210445891697163e+05 1.130315558655961649e+05 1.270632428026490088e+05 2.329231983871860575e+04 4.854026485796804773e+05 1.007094166167260846e+05 3.912121228540724842e+05 1.290208776451605518e+05 1.260842757890390349e+05 2.039032343435571238e+05 1.290210481420088618e+05 1.260842699663696403e+05 1.019664029058556480e+05
5.235817018801558297e+05 5.235815365044507780e+05 5.235815972063709632e+05 5.235814996784665273e+05 5.235816076344173634e+05 3.741678894245330594e+05 4.927448138047631946e+05 3.352278841545927571e+05 4.685157735516195535e+05 5.235815213113604696e+05 4.345725557752312743e+05 5.103659396570596728e+05 5.235815877291233046e+05 5.169738787783629377e+05 5.235816962126492290e+05 4.854026485796804191e+05 1.259616404211073241e+05 4.584203166126937140e+05 2.973859953029856551e+05 5.235815725451505859e+05 5.235817632596196490e+05 4.142209656619656598e+05 5.235816260637894156e+05 5.235816393408575677e+05 5.103659781121488777e+05
1.770764926066551707e+05 1.770760720174742164e+05 1.770763494670054351e+05 1.770762011651594657e+05 1.770763097114198899e+05 2.267010852756042732e+05 1.150475020189126371e+05 2.983650670263859793e+05 6.411376405330180569e+04 1.770759897265310574e+05 9.955906294068758143e+04 1.435750138805748138e+05 1.770763977977613977e+05 1.645744509404354903e+05 1.770764942637174099e+05 1.007094166167260846e+05 4.584203166126937140e+05 3.529247520438669017e+04 3.730403464068168541e+05 1.770762330039861554e+05 1.770764858378946083e+05 1.555983535436931998e+05 1.770764091360577149e+05 1.770764296239655232e+05 1.540599936136727629e+05
4.344490755444480455e+05 4.344487291609656531e+05 4.344488927807903965e+05 4.344488032731691492e+05 4.344487951799703296e+05 3.005688222400670638e+05 3.985542325061560841e+05 2.254635997063188988e+05 3.743251852190980571e+05 4.344486940523344092e+05 3.491924017650098540e+05 4.205806527460870566e+05 4.344487741046666051e+05 4.272126468372734962e+05 4.344488968799673021e+05 3.912121228540724842e+05 2.973859953029857134e+05 3.730403464068168541e+05 8.893369660188794660e+04 4.344487455916648032e+05 4.344490067411725759e+05 3.285473736974819913e+05 4.344489263134427601e+05 4.344489813699075603e+05 4.205805768452406046e+05
3.964933335175803222e+04 1.121365752328801646e+00 1.490732058367735258e+00 4.106211824084531145e+03 1.224904078686783082e+00 3.070346495534051210e+05 1.081048385232460569e+05 3.659755380446125637e+05 1.589624850855132099e+05 1.015586396489093657e+00 2.202003653490862052e+05 7.704611476376875362e+04 1.274153109840651776e+00 5.323595873067722277e+04 2.528608875596662620e+04 1.290208776451605518e+05 5.235815725451506441e+05 1.770762330039861554e+05 4.344487455916648032e+05 5.978155338922327422e-01 3.650266398212566855e+04 2.585663049180420639e+05 1.184078648998229983e+04 3.378133466476557805e+04 6.906814188505851780e+04
1.153463159487649136e+04 3.650251343795190769e+04 3.650274150860623922e+04 3.239760862199473559e+04 3.650267049809859600e+04 3.070349614510036190e+05 1.036996884664450918e+05 3.659758548421383020e+05 1.589628370579202310e+05 3.650231658908377722e+04 2.202006795618052129e+05 6.787605948701129819e+04 3.650274834781348181e+04 2.989499864138831617e+04 1.149338851740887185e+04 1.260842757890390349e+05 5.235817632596197072e+05 1.770764858378946083e+05 4.344490067411725759e+05 3.650266398212566855e+04 2.565350092191544718e+03 2.585665329418927140e+05 2.466347951382727842e+04 3.006112187018406530e+03 5.227992535494334879e+04
2.585665309422787977e+05 2.585661519588378724e+05 2.585663421993600496e+05 2.585661974024531082e+05 2.585663309439234727e+05 1.394355434872363403e+05 2.139796596292908362e+05 2.381348212400065677e+05 1.817470847126212611e+05 2.585660969882252684e+05 1.091483751256069227e+05 2.358837611811436946e+05 2.585663646323053399e+05 2.477165089227379358e+05 2.585665138469741214e+05 2.039032343435571238e+05 4.142209656619656598e+05 1.555983535436931998e+05 3.285473736974819913e+05 2.585663049180420930e+05 2.585665329418927140e+05 4.741865400187470368e+04 2.585663743474640651e+05 2.585664424701001262e+05 2.402173100366257422e+05
2.781007588237354139e+04 1.184067531810873697e+04 1.184067440894764150e+04 7.735524241052658908e+03 1.184075971225028115e+04 3.070348489563987823e+05 1.081049247318110720e+05 3.659756283714564634e+05 1.589627740007197426e+05 1.184047966924019602e+04 2.202006278765020543e+05 7.484354998792303377e+04 1.184075214582199624e+04 4.401251944755080331e+04 1.344672424949662673e+04 1.290210481420088618e+05 5.235816260637894156e+05 1.770764091360577149e+05 4.344489263134427601e+05 1.184078648998229983e+04 2.466347951382727842e+04 2.585663743474640651e+05 3.545518594381429921e+03 2.194198573592126195e+04 6.406228639183423365e+04
1.321750254370666516e+04 3.378118179254929419e+04 3.378130971540646715e+04 2.967616376282554484e+04 3.378135086449162191e+04 3.070349426755000022e+05 1.036997286766917969e+05 3.659757445823562448e+05 1.589628646762270073e+05 3.378098502034657577e+04 2.202006734387454344e+05 6.823564596852172690e+04 3.378135331654021138e+04 3.120965370427822563e+04 8.771940947071547271e+03 1.260842699663696403e+05 5.235816393408575677e+05 1.770764296239655232e+05 4.344489813699075603e+05 3.378133466476557805e+04 3.006112187018406530e+03 2.585664424701001262e+05 2.194198573592126195e+04 1.954704238318763828e+03 5.353858932188893232e+04
4.913323347872894374e+04 6.906797964787336241e+04 6.906834854157958762e+04 6.855845829648687504e+04 6.906822940296596789e+04 2.894138274705466465e+05 7.616102657885581721e+04 3.483547774597417447e+05 1.348449510894707637e+05 6.906781292114064854e+04 2.007600581076850940e+05 3.084125020740021500e+04 6.906827791287998843e+04 2.891400575746416143e+04 5.631219101264981146e+04 1.019664029058556625e+05 5.103659781121488777e+05 1.540599936136727629e+05 4.205805768452406046e+05 6.906814188505851780e+04 5.227992535494333424e+04 2.402173100366257422e+05 6.406228639183423365e+04 5.353858932188893232e+04 6.960420961447175614e+03
