2.439886578764283513e+03 2.476311146839458088e+05 4.424997510117533238e+04 4.425002223402719392e+04 9.656600719080546696e+04 4.424999924611299502e+04 1.189927286095774762e+05 6.449209185344134312e+04 4.424999847909100936e+04 4.424981887975393329e+04 3.173333465254803305e+05 6.840856637144796550e+05 3.240161585352637849e+04 4.424985960785762290e+04 1.956198140113265836e+05 2.630330261468781100e+04 4.038924768353265245e+05 5.272398873882442713e+05 4.424998014365675044e+04 4.424993955148526584e+04 4.425000511883053696e+04 4.424967751023760502e+04 2.595101385727928209e+04 4.424945212516938045e+04 4.424990360787331156e+04
2.476311146839457797e+05 6.667339973383862525e+04 2.564804855481680715e+05 2.564806369510677177e+05 2.234837675646936696e+05 2.564806441514081962e+05 1.967661595057264494e+05 2.391883768394898507e+05 2.564806130775018537e+05 2.564804284938352066e+05 1.876936799113356974e+05 6.480494769630634692e+05 2.520558761446094431e+05 2.564802930800332397e+05 1.479226973381314019e+05 2.476311052881767391e+05 3.361216359356407193e+05 4.849967652742867358e+05 2.564804193544624140e+05 2.564804164918027818e+05 2.564805682969395421e+05 2.564802701256641303e+05 2.476311312679460971e+05 2.564801360508889484e+05 2.564804525830966595e+05
4.424997510117533238e+04 2.564804855481680715e+05 9.895877144455057506e-01 2.655076365533980788e+04 1.142651794730412221e+05 2.655080600784925991e+04 1.411166637000039918e+05 8.219132176160371455e+04 2.361241099786035920e+04 8.851445006554968131e+03 3.261827147614174755e+05 6.929351540153764654e+05 3.540042487300554058e+04 1.782412476117661182e+00 2.044692743955347105e+05 4.902356416287960019e+04 4.127418895510277362e+05 5.360893217513439013e+05 1.797449487296425286e+00 1.845947885866085381e+00 1.244663883330833596e+04 6.638884479355364419e+03 4.424998627835590742e+04 1.433839906423432620e+00 1.797831208637578948e+00
4.425002223402718664e+04 2.564806369510677177e+05 2.655076365533980788e+04 1.051599584430161993e+00 1.142652955138908437e+05 1.770105820815290281e+04 1.411167857228322537e+05 8.219140544378866616e+04 3.792078786963918446e+03 1.770100766417033446e+04 3.261828780022109859e+05 6.929351544946944341e+05 3.097550302921275579e+04 2.655066057072455078e+04 2.044694295684261888e+05 4.902369555596648570e+04 4.127420262720250757e+05 5.360894129746987019e+05 2.655075100027841108e+04 2.655071890966099090e+04 1.465902919771052075e+04 1.991326420110180334e+04 4.425018424841782689e+04 2.655037641669110963e+04 2.655072686959753264e+04
9.656600719080546696e+04 2.234837675646936696e+05 1.142651794730412221e+05 1.142652955138908437e+05 2.859309743801819786e+04 1.142652768678795837e+05 8.418070975287468173e+04 6.555767370135754754e+04 1.142652718977271725e+05 1.142650487981197221e+05 3.025330519041518564e+05 6.735768102575876983e+05 1.054156161473113752e+05 1.142649519274338090e+05 1.645820184701871767e+05 9.464643329535397061e+04 3.858246817937333835e+05 5.172841620493924129e+05 1.142651458681516087e+05 1.142650626205322624e+05 1.142652372086133255e+05 1.142648574631557276e+05 9.656614117971225642e+04 1.142646634736544220e+05 1.142650412830255955e+05
4.424999924611299502e+04 2.564806441514081962e+05 2.655080600784925991e+04 1.770105820815290645e+04 1.142652768678795837e+05 1.064034143959671885e+00 1.411167961446539557e+05 8.219140893888528808e+04 1.684919795797863480e+04 1.770102151501738263e+04 3.261829060449602548e+05 6.929352137160734273e+05 2.538576931659873662e+04 2.655068967551196329e+04 2.044694463928164041e+05 4.902368720594127808e+04 4.127420377169048297e+05 5.360894291974678636e+05 2.655081142048714173e+04 2.655071313483284030e+04 1.714797252355359160e+04 1.991327935271642855e+04 4.425008354526620678e+04 2.655038425763004489e+04 2.655074058110490660e+04
1.189927286095774762e+05 1.967661595057265076e+05 1.411166637000039918e+05 1.411167857228322246e+05 8.418070975287468173e+04 1.411167961446539557e+05 5.458582339577389212e+04 1.133659099432948715e+05 1.411167342145830917e+05 1.411165593419593060e+05 2.874203472982029198e+05 6.694593439612567890e+05 1.311609545959825628e+05 1.411164533384940878e+05 1.316617702875318064e+05 1.254837048776467564e+05 3.801053949429297936e+05 5.135969296724745655e+05 1.411165639889339218e+05 1.411165559753426933e+05 1.411167350072725676e+05 1.411164001875558170e+05 1.256300322905240610e+05 1.411161269709848857e+05 1.411165143615147681e+05
6.449209185344132857e+04 2.391883768394899089e+05 8.219132176160372910e+04 8.219140544378865161e+04 6.555767370135754754e+04 8.219140893888528808e+04 1.133659099432948860e+05 1.847773148819943526e+04 8.219138612233637832e+04 8.219111120767805551e+04 3.113530027106258203e+05 6.811357966072806157e+05 7.260425848812909680e+04 8.219106628115953936e+04 1.871771563828738872e+05 5.061915785914209118e+04 4.009426625254656537e+05 5.242900624294962035e+05 8.219130869667255320e+04 8.219119329520808242e+04 8.219132686504318553e+04 8.219096943561069202e+04 6.449217587458576600e+04 8.219077812872326467e+04 8.219120002796429617e+04
4.424999847909100208e+04 2.564806130775018537e+05 2.361241099786035920e+04 3.792078786963919356e+03 1.142652718977271725e+05 1.684919795797863844e+04 1.411167342145830917e+05 8.219138612233639287e+04 4.900644265524983894e+03 1.476271563354395221e+04 3.261827939736604458e+05 6.929352044741915306e+05 3.086341774298762903e+04 2.361238844128464189e+04 2.044693590860682889e+05 4.902364220696310804e+04 4.127419677992507932e+05 5.360893955299501540e+05 2.361240282643353930e+04 2.361238752180115262e+04 1.172065769001248009e+04 1.697501863997674081e+04 4.425007847415107244e+04 2.361201349850428960e+04 2.361239260312344777e+04
4.424981887975393329e+04 2.564804284938352066e+05 8.851445006554968131e+03 1.770100766417033446e+04 1.142650487981197221e+05 1.770102151501738263e+04 1.411165593419593060e+05 8.219111120767808461e+04 1.476271563354395039e+04 9.579675290836656698e-01 3.261826528254818404e+05 6.929350968493069522e+05 3.097541144032173543e+04 8.851290010737102421e+03 2.044691839162934921e+05 4.902341978748304246e+04 4.127417976397021557e+05 5.360892536368147703e+05 8.851475806373788146e+03 8.851419031634561179e+03 3.596872165898467756e+03 2.213859745203033526e+03 4.424987255035550334e+04 8.851018346549446505e+03 8.851406762548398547e+03
3.173333465254803305e+05 1.876936799113357556e+05 3.261827147614174755e+05 3.261828780022109859e+05 3.025330519041518564e+05 3.261829060449602548e+05 2.874203472982029198e+05 3.113530027106258203e+05 3.261827939736604458e+05 3.261826528254818404e+05 7.845511829115469300e+04 6.353651656287964433e+05 3.217581360937436111e+05 3.261825825535024051e+05 2.505630738101099269e+05 3.173333029171270900e+05 2.977712550373352715e+05 4.586553964425190934e+05 3.261826381911684875e+05 3.261826852828728734e+05 3.261827829835482989e+05 3.261825136703909375e+05 3.173333297188107972e+05 3.261823696693281527e+05 3.261826599095293204e+05
6.840856637144796550e+05 6.480494769630634692e+05 6.929351540153764654e+05 6.929351544946944341e+05 6.735768102575876983e+05 6.929352137160734273e+05 6.694593439612567890e+05 6.811357966072806157e+05 6.929352044741915306e+05 6.929350968493069522e+05 6.353651656287964433e+05 2.155008482808193658e+05 6.877729567867649021e+05 6.929350831848348025e+05 6.502624872449485119e+05 6.807670488914096495e+05 5.593311860477841692e+05 4.942273412890423788e+05 6.929351602844028967e+05 6.929351203781977529e+05 6.929351611855820520e+05 6.929350284930591006e+05 6.752361494682932971e+05 6.929350174473008374e+05 6.929351483171239961e+05
3.240161585352638576e+04 2.520558761446095014e+05 3.540042487300554058e+04 3.097550302921275943e+04 1.054156161473113752e+05 2.538576931659874026e+04 1.311609545959825628e+05 7.260425848812909680e+04 3.086341774298763266e+04 3.097541144032173543e+04 3.217581360937436111e+05 6.877729567867649021e+05 2.132310287388936922e+04 3.540029056820208643e+04 2.000446340192178322e+05 3.915121607202563609e+04 4.083172631970195216e+05 5.316646398335460108e+05 3.540041418472075748e+04 3.540033526657667244e+04 3.069897723368126753e+04 3.208147502449227977e+04 3.011682577555551688e+04 3.539994481924821594e+04 3.540033854918149154e+04
4.424985960785762290e+04 2.564802930800332397e+05 1.782412476117661182e+00 2.655066057072455078e+04 1.142649519274338090e+05 2.655068967551196329e+04 1.411164533384940878e+05 8.219106628115952481e+04 2.361238844128464189e+04 8.851290010737102421e+03 3.261825825535024051e+05 6.929350831848348025e+05 3.540029056820208643e+04 9.739430909976951600e-01 2.044691049249944044e+05 4.902341288140915276e+04 4.127417833680261974e+05 5.360892304099140456e+05 1.736723663426662512e+00 1.710127615698692871e+00 1.244659580531585198e+04 6.638708328709473790e+03 4.424990521965420339e+04 1.333413071730155997e+00 1.721477786715176261e+00
1.956198140113265836e+05 1.479226973381314019e+05 2.044692743955347105e+05 2.044694295684261888e+05 1.645820184701872058e+05 2.044694463928164041e+05 1.316617702875318355e+05 1.871771563828738872e+05 2.044693590860682889e+05 2.044691839162934921e+05 2.505630738101099269e+05 6.502624872449485119e+05 2.000446340192178322e+05 2.044691049249944044e+05 3.228422454178731277e+04 1.956198535331134335e+05 3.533223047337438329e+05 4.934167169614930754e+05 2.044691690118427796e+05 2.044692307570369449e+05 2.044693794584319694e+05 2.044690760818647977e+05 1.956199173515127331e+05 2.044688425782716076e+05 2.044691789088365040e+05
2.630330261468781100e+04 2.476311052881767100e+05 4.902356416287960019e+04 4.902369555596648570e+04 9.464643329535397061e+04 4.902368720594128536e+04 1.254837048776467564e+05 5.061915785914209118e+04 4.902364220696309349e+04 4.902341978748304246e+04 3.173333029171270900e+05 6.807670488914096495e+05 3.915121607202562882e+04 4.902341288140915276e+04 1.956198535331134335e+05 1.672200834497747564e+04 4.038924451551428647e+05 5.272398725221850909e+05 4.902356967673735926e+04 4.902354771746862389e+04 4.902362476552719454e+04 4.902326214208924648e+04 3.066416838342076881e+04 4.902302636760497262e+04 4.902351554804010811e+04
4.038924768353265245e+05 3.361216359356407193e+05 4.127418895510277362e+05 4.127420262720251339e+05 3.858246817937333835e+05 4.127420377169048297e+05 3.801053949429297936e+05 4.009426625254657702e+05 4.127419677992507932e+05 4.127417976397021557e+05 2.977712550373352715e+05 5.593311860477841692e+05 4.083172631970195216e+05 4.127417833680261974e+05 3.533223047337438329e+05 4.038924451551428647e+05 1.489879235792696418e+05 3.964146970369336195e+05 4.127418634473159909e+05 4.127418737840879476e+05 4.127419327306625783e+05 4.127417130158013897e+05 4.038924743027517688e+05 4.127416265099751181e+05 4.127418106887481990e+05
5.272398873882442713e+05 4.849967652742867358e+05 5.360893217513439013e+05 5.360894129746987019e+05 5.172841620493924129e+05 5.360894291974678636e+05 5.135969296724745655e+05 5.242900624294962035e+05 5.360893955299501540e+05 5.360892536368147703e+05 4.586553964425190934e+05 4.942273412890423788e+05 5.316646398335460108e+05 5.360892304099140456e+05 4.934167169614930754e+05 5.272398725221850909e+05 3.964146970369336195e+05 1.548762139200711681e+05 5.360893195677795447e+05 5.360892824186475482e+05 5.360893615292151226e+05 5.360891693186163902e+05 5.272399047357933596e+05 5.360891472347549861e+05 5.360893226281045936e+05
4.424998014365675044e+04 2.564804193544624140e+05 1.797449487296425286e+00 2.655075100027841108e+04 1.142651458681516087e+05 2.655081142048714173e+04 1.411165639889339218e+05 8.219130869667255320e+04 2.361240282643353930e+04 8.851475806373788146e+03 3.261826381911684875e+05 6.929351602844028967e+05 3.540041418472075748e+04 1.736723663426662512e+00 2.044691690118427796e+05 4.902356967673735926e+04 4.127418634473159909e+05 5.360893195677795447e+05 9.915423810330497023e-01 1.791076565518814778e+00 1.244669695282438261e+04 6.638915906470597292e+03 4.425003198864797741e+04 1.439023176393362968e+00 1.790346488614470655e+00
4.424993955148526584e+04 2.564804164918027818e+05 1.845947885866085381e+00 2.655071890966099090e+04 1.142650626205322624e+05 2.655071313483284030e+04 1.411165559753426933e+05 8.219119329520808242e+04 2.361238752180115262e+04 8.851419031634561179e+03 3.261826852828728734e+05 6.929351203781977529e+05 3.540033526657666516e+04 1.710127615698692871e+00 2.044692307570369449e+05 4.902354771746862389e+04 4.127418737840879476e+05 5.360892824186475482e+05 1.791076565518814778e+00 9.620222785315462044e-01 1.244666565773345246e+04 6.638818751960131522e+03 4.424998451965022105e+04 1.458986578695195213e+00 1.704581707211980657e+00
4.425000511883053696e+04 2.564805682969395421e+05 1.244663883330833596e+04 1.465902919771052075e+04 1.142652372086133255e+05 1.714797252355359160e+04 1.411167350072725967e+05 8.219132686504318553e+04 1.172065769001248191e+04 3.596872165898467756e+03 3.261827829835482989e+05 6.929351611855820520e+05 3.069897723368126753e+04 1.244659580531585380e+04 2.044693794584319985e+05 4.902362476552719454e+04 4.127419327306625783e+05 5.360893615292151226e+05 1.244669695282438261e+04 1.244666565773345246e+04 4.650607968034528312e+03 5.809197306495514567e+03 4.425007527469021443e+04 1.244629685451267324e+04 1.244666268142959962e+04
4.424967751023760502e+04 2.564802701256641303e+05 6.638884479355364419e+03 1.991326420110179970e+04 1.142648574631557276e+05 1.991327935271643219e+04 1.411164001875558170e+05 8.219096943561072112e+04 1.697501863997674081e+04 2.213859745203033526e+03 3.261825136703909375e+05 6.929350284930591006e+05 3.208147502449226886e+04 6.638708328709473790e+03 2.044690760818647395e+05 4.902326214208924648e+04 4.127417130158013897e+05 5.360891693186162738e+05 6.638915906470598202e+03 6.638818751960132431e+03 5.809197306495514567e+03 3.319491589926565211e+03 4.424971357033854292e+04 6.638435660481090963e+03 6.638822832769513298e+03
2.595101385727928209e+04 2.476311312679460971e+05 4.424998627835590742e+04 4.425018424841783417e+04 9.656614117971227097e+04 4.425008354526621406e+04 1.256300322905240610e+05 6.449217587458576600e+04 4.425007847415107972e+04 4.424987255035550334e+04 3.173333297188107972e+05 6.752361494682932971e+05 3.011682577555551688e+04 4.424990521965420339e+04 1.956199173515127331e+05 3.066416838342076881e+04 4.038924743027517688e+05 5.272399047357933596e+05 4.425003198864797741e+04 4.424998451965022832e+04 4.425007527469021443e+04 4.424971357033854292e+04 4.284407562805902671e+03 4.424947886836643011e+04 4.424994436834396765e+04
4.424945212516939500e+04 2.564801360508889484e+05 1.433839906423433064e+00 2.655037641669111326e+04 1.142646634736544220e+05 2.655038425763004489e+04 1.411161269709848857e+05 8.219077812872326467e+04 2.361201349850428960e+04 8.851018346549448324e+03 3.261823696693281527e+05 6.929350174473008374e+05 3.539994481924821594e+04 1.333413071730155774e+00 2.044688425782716076e+05 4.902302636760497990e+04 4.127416265099751181e+05 5.360891472347549861e+05 1.439023176393363412e+00 1.458986578695195213e+00 1.244629685451267324e+04 6.638435660481092782e+03 4.424947886836643011e+04 6.761159671979491970e-01 1.383334872853146713e+00
4.424990360787331156e+04 2.564804525830966595e+05 1.797831208637578948e+00 2.655072686959753264e+04 1.142650412830256100e+05 2.655074058110490660e+04 1.411165143615147681e+05 8.219120002796429617e+04 2.361239260312344777e+04 8.851406762548398547e+03 3.261826599095293204e+05 6.929351483171239961e+05 3.540033854918149154e+04 1.721477786715176705e+00 2.044691789088365040e+05 4.902351554804010811e+04 4.127418106887481990e+05 5.360893226281045936e+05 1.790346488614470655e+00 1.704581707211980657e+00 1.244666268142959962e+04 6.638822832769512388e+03 4.424994436834396765e+04 1.383334872853146713e+00 9.749021276205818154e-01
