1.838393564772016764e-01 1.428671235754446934e+04 1.485907311583115079e+05 2.857298476468037552e+04 2.857286578911602919e+04 2.857279995971272365e+04 9.523955805139186850e+04 1.158745678135589988e+05 2.857294978165904831e+04 2.142868558628952887e+05 2.857298501685544397e+04 4.082698029635405419e+03 1.795932528536651516e+05 1.428673874885410623e+04 1.428669855771825314e+04 2.857299633803013057e+04 1.428676132003379644e+04 4.051538848873830284e+04 1.428691143166764414e+04 1.428650041133991726e+04 1.991608666515680088e+05 1.428657325514612057e+04 1.428663472762990750e+04 2.252760198492602794e+05 7.143749013163781456e+03
1.428671235754446934e+04 2.309843391068117646e-01 1.628765606856562081e+05 1.428731385899958877e+04 4.285873599801905220e+04 1.428711135568724239e+04 1.095254500860425615e+05 1.301603234140108252e+05 1.428721459839655654e+04 2.285726571179967432e+05 4.285884745882102288e+04 1.836860679229747984e+04 1.938789451316992927e+05 1.216242565268381925e+00 9.794880289704294141e-01 1.428719450694121952e+04 1.158093024442660379e+00 5.480126202828945679e+04 9.535708871837956790e-01 8.702676226847126939e-01 2.134466440380880376e+05 9.260120054253808686e-01 9.427096258689393604e-01 2.395616949960782367e+05 7.144050372292111206e+03
1.485907311583115079e+05 1.628765606856562372e+05 2.028312269648149231e+04 1.628765665059117309e+05 1.343052956102249445e+05 1.628766922276710393e+05 5.335271419633661571e+04 3.271740045851927425e+04 1.628765740632929956e+05 1.052717533689179836e+05 1.343052489400405611e+05 1.485909677482594561e+05 4.581849195195167704e+04 1.628762775389790768e+05 1.628764772866368876e+05 1.628765760146416724e+05 1.628762638555403100e+05 1.203218460986944701e+05 1.628765354299822357e+05 1.628761943905607914e+05 8.126812951309196069e+04 1.628762316214334860e+05 1.628763215424417867e+05 1.174836994663935911e+05 1.557333686559285561e+05
2.857298476468037552e+04 1.428731385899959059e+04 1.628765665059117309e+05 2.409438479193725391e-01 2.857302381335831524e+04 1.375570630976955311e+00 1.095253120375746221e+05 1.301601588569028827e+05 1.266064756696377636e+00 2.285729972638737236e+05 2.857302377543330658e+04 2.449137444406633949e+04 1.938788339848439209e+05 1.428710249149373703e+04 1.428720778815261110e+04 1.141179624335306508e+00 1.428705472077719969e+04 4.255652622715189500e+04 1.428728508893913022e+04 1.428684730940583540e+04 2.134469322395624768e+05 1.428691804577103903e+04 1.428705046021343514e+04 2.395617210147321457e+05 2.142994975998339214e+04
2.857286578911602919e+04 4.285873599801905220e+04 1.343052956102249445e+05 2.857302381335831524e+04 1.943988269568432403e-01 2.857280572762393786e+04 8.095367471964721335e+04 1.015888894728418672e+05 2.857278655172792423e+04 2.000014674479599344e+05 1.217019583546741890e+00 2.449118528290158065e+04 1.653077884766331990e+05 4.285854713580130920e+04 4.285873480701734661e+04 2.857295555013334524e+04 4.285855202486030612e+04 1.398482496822702706e+04 4.285881518956921354e+04 4.285832733784391894e+04 1.848755209854329296e+05 4.285837863875488256e+04 4.285849248706718936e+04 2.109904248308739916e+05 3.571569661097700009e+04
2.857279995971272365e+04 1.428711135568724603e+04 1.628766922276710393e+05 1.375570630976955311e+00 2.857280572762393786e+04 2.398725040638917116e-01 1.095254224089084018e+05 1.301604361066835845e+05 1.360793719218713393e+00 2.285728245995698671e+05 2.857302741046845404e+04 2.449126821005864258e+04 1.938791957418681122e+05 1.428718952257983074e+04 1.428718800632180319e+04 1.405627977399365625e+00 1.428703290765834208e+04 4.255641335832044570e+04 1.428694299093831251e+04 1.428669706197813139e+04 2.134468313540122181e+05 1.428676785018627015e+04 1.428688030915914715e+04 2.395618477827922907e+05 2.143008854355471703e+04
9.523955805139186850e+04 1.095254500860425615e+05 5.335271419633660844e+04 1.095253120375746221e+05 8.095367471964721335e+04 1.095254224089084018e+05 6.349500640142119664e+03 2.063611953302605616e+04 1.095251860541081114e+05 1.428585902748242952e+05 8.095346593440198922e+04 9.523945471417694353e+04 9.758286420301161706e+04 1.095251543243606720e+05 1.095253830064949143e+05 1.095252298077681917e+05 1.095250991316377185e+05 6.697031808704404102e+04 1.095254381989452813e+05 1.095249378066797362e+05 1.277325782450977858e+05 1.095249825094170374e+05 1.095250645609388012e+05 1.538476343004312948e+05 1.023822165522335708e+05
1.158745678135589988e+05 1.301603234140108252e+05 3.271740045851927789e+04 1.301601588569028827e+05 1.015888894728418672e+05 1.301604361066835845e+05 2.063611953302605616e+04 1.410959403577758894e+04 1.301602116346538969e+05 1.269856317801741534e+05 1.015888085713683395e+05 1.158745535787505651e+05 7.853491926296135352e+04 1.301600567430007359e+05 1.301603282438901369e+05 1.301600693749335915e+05 1.301599919019537629e+05 8.760536271474084060e+04 1.301603110097459576e+05 1.301598342599061143e+05 1.118595376620817697e+05 1.301598825959842798e+05 1.301599911689779838e+05 1.379745489166763145e+05 1.230170713931775390e+05
2.857294978165904831e+04 1.428721459839655836e+04 1.628765740632929956e+05 1.266064756696377636e+00 2.857278655172792423e+04 1.360793719218713393e+00 1.095251860541081114e+05 1.301602116346538969e+05 1.815807316360057155e-01 2.285728996013414580e+05 2.857290049672997702e+04 2.449135768955862295e+04 1.938791647161989240e+05 1.428708039333362831e+04 1.428714628827962224e+04 1.292839844129740401e+00 1.428695494830206917e+04 4.255633354536615661e+04 1.428719235462318466e+04 1.428677827950992651e+04 2.134468696078431676e+05 1.428687996616180135e+04 1.428696288206167628e+04 2.395618029625112249e+05 2.142986724783667887e+04
2.142868558628952887e+05 2.285726571179967723e+05 1.052717533689179836e+05 2.285729972638737236e+05 2.000014674479599344e+05 2.285728245995698671e+05 1.428585902748242952e+05 1.269856317801741534e+05 2.285728996013414289e+05 9.313442954693338834e+03 2.000014074782925018e+05 2.142869207609640143e+05 8.164597986458359810e+04 2.285725815102667257e+05 2.285726499919198104e+05 2.285729474830978725e+05 2.285725052479714213e+05 1.918381572895777936e+05 2.285726683583553822e+05 2.285724387015222164e+05 4.803100266014273075e+04 2.285724163586584327e+05 2.285724193580198335e+05 1.704730393286233084e+04 2.214297995945684088e+05
2.857298501685544761e+04 4.285884745882102288e+04 1.343052489400405611e+05 2.857302377543331022e+04 1.217019583546741890e+00 2.857302741046845767e+04 8.095346593440198922e+04 1.015888085713683395e+05 2.857290049672998066e+04 2.000014074782925018e+05 2.624447559766059923e-01 2.449106791815835459e+04 1.653077022415672836e+05 4.285852477859539067e+04 4.285883325181826513e+04 2.857293309912819677e+04 4.285850579777428356e+04 1.398498036664491883e+04 4.285889610895662190e+04 4.285833812547191337e+04 1.848756222648044932e+05 4.285843929534267227e+04 4.285848141910307459e+04 2.109904260300447349e+05 3.571565222164218721e+04
4.082698029635405874e+03 1.836860679229747984e+04 1.485909677482594561e+05 2.449137444406633949e+04 2.449118528290157701e+04 2.449126821005864258e+04 9.523945471417694353e+04 1.158745535787505651e+05 2.449135768955862295e+04 2.142869207609640143e+05 2.449106791815834731e+04 5.831100322255463652e+03 1.795934166758202482e+05 1.836874407698052164e+04 1.836871074820388458e+04 2.449131797949417887e+04 1.836865628019302312e+04 3.701667368849992636e+04 1.836873030809181728e+04 1.836827476251803819e+04 1.991610609602846671e+05 1.836835080196261333e+04 1.836845421583127973e+04 2.252762430216921784e+05 1.122573250413678761e+04
1.795932528536651516e+05 1.938789451316993218e+05 4.581849195195167704e+04 1.938788339848439209e+05 1.653077884766331990e+05 1.938791957418681122e+05 9.758286420301161706e+04 7.853491926296135352e+04 1.938791647161989240e+05 8.164597986458359810e+04 1.653077022415672836e+05 1.795934166758202482e+05 1.930376395780460734e+04 1.938786937759852735e+05 1.938789007518795552e+05 1.938787643757502374e+05 1.938786800281895848e+05 1.554200772657000052e+05 1.938790305084645515e+05 1.938787175649644341e+05 3.722170130561597034e+04 1.938787156591360690e+05 1.938786980471004208e+05 9.806490400489550666e+04 1.867357932096933946e+05
1.428673874885410623e+04 1.216242565268381925e+00 1.628762775389790768e+05 1.428710249149373703e+04 4.285854713580130920e+04 1.428718952257983074e+04 1.095251543243606720e+05 1.301600567430007359e+05 1.428708039333362831e+04 2.285725815102667257e+05 4.285852477859539067e+04 1.836874407698052164e+04 1.938786937759852735e+05 1.866952455728958238e-01 9.963917206811420124e-01 1.428709926312212519e+04 8.496529054660272307e-01 5.480135199724613631e+04 1.289310275039794673e+00 8.268264471657537085e-01 2.134466488209703239e+05 9.022738212923564483e-01 9.354073533394581252e-01 2.395614225816349208e+05 7.143707243797160118e+03
1.428669855771825314e+04 9.794880289704294141e-01 1.628764772866368876e+05 1.428720778815261110e+04 4.285873480701734661e+04 1.428718800632180319e+04 1.095253830064949143e+05 1.301603282438901369e+05 1.428714628827962224e+04 2.285726499919198395e+05 4.285883325181826513e+04 1.836871074820388458e+04 1.938789007518795552e+05 9.963917206811420124e-01 1.872696166194706968e-01 1.428712935850343820e+04 9.504502005860446801e-01 5.480121922616417578e+04 1.136570772802586005e+00 7.480133779942205186e-01 2.134466269386701460e+05 8.202564503144197383e-01 9.057652388538819377e-01 2.395617262166404398e+05 7.144050266417987586e+03
2.857299633803013057e+04 1.428719450694122133e+04 1.628765760146416724e+05 1.141179624335306730e+00 2.857295555013334524e+04 1.405627977399365847e+00 1.095252298077681917e+05 1.301600693749335915e+05 1.292839844129740401e+00 2.285729474830978725e+05 2.857293309912819677e+04 2.449131797949417887e+04 1.938787643757502374e+05 1.428709926312212519e+04 1.428712935850343820e+04 1.333443758823908698e-01 1.428698351224154976e+04 4.255649069305341254e+04 1.428724224781507655e+04 1.428676661094998053e+04 2.134469872944765666e+05 1.428684496538392159e+04 1.428700234130128229e+04 2.395617657209782046e+05 2.142984191142219788e+04
1.428676132003379644e+04 1.158093024442660379e+00 1.628762638555403100e+05 1.428705472077719969e+04 4.285855202486030612e+04 1.428703290765834208e+04 1.095250991316377185e+05 1.301599919019537629e+05 1.428695494830206917e+04 2.285725052479714213e+05 4.285850579777427629e+04 1.836865628019302312e+04 1.938786800281895848e+05 8.496529054660272307e-01 9.504502005860446801e-01 1.428698351224154976e+04 2.520897174355822834e-01 5.480113625725611200e+04 1.166432053981486527e+00 5.517701647623040051e-01 2.134464629237805784e+05 6.259670842343600938e-01 5.559448728967522069e-01 2.395614841395588592e+05 7.143641806800653285e+03
4.051538848873830284e+04 5.480126202828947135e+04 1.203218460986944701e+05 4.255652622715188045e+04 1.398482496822702524e+04 4.255641335832044570e+04 6.697031808704404102e+04 8.760536271474084060e+04 4.255633354536615661e+04 1.918381572895777936e+05 1.398498036664491883e+04 3.701667368849992636e+04 1.554200772657000343e+05 5.480135199724612903e+04 5.480121922616416850e+04 4.255649069305339799e+04 5.480113625725611928e+04 2.089224568488772638e+04 5.480114507072066772e+04 5.480080453078752907e+04 1.767119767959593446e+05 5.480084626008776831e+04 5.480096716008819931e+04 2.028273851124219946e+05 4.765828516189345100e+04
1.428691143166764414e+04 9.535708871837956790e-01 1.628765354299822357e+05 1.428728508893913022e+04 4.285881518956921354e+04 1.428694299093831251e+04 1.095254381989452813e+05 1.301603110097459576e+05 1.428719235462318466e+04 2.285726683583553822e+05 4.285889610895662190e+04 1.836873030809181728e+04 1.938790305084645515e+05 1.289310275039794451e+00 1.136570772802586005e+00 1.428724224781507655e+04 1.166432053981486527e+00 5.480114507072066772e+04 1.926951892261063171e-01 9.352763610195233834e-01 2.134466428680181562e+05 9.698971000693079603e-01 9.914894081702027018e-01 2.395616789124312927e+05 7.144205480591626838e+03
1.428650041133991726e+04 8.702676226847126939e-01 1.628761943905607914e+05 1.428684730940583540e+04 4.285832733784391894e+04 1.428669706197813139e+04 1.095249378066797362e+05 1.301598342599061143e+05 1.428677827950992651e+04 2.285724387015222164e+05 4.285833812547190610e+04 1.836827476251803819e+04 1.938787175649644341e+05 8.268264471657537085e-01 7.480133779942205186e-01 1.428676661094998053e+04 5.517701647623040051e-01 5.480080453078752907e+04 9.352763610195233834e-01 3.490948721097755780e-02 2.134463648055374797e+05 2.077016467821647949e-01 4.224587649078161977e-01 2.395615887162145518e+05 7.143587843458047246e+03
1.991608666515680088e+05 2.134466440380880667e+05 8.126812951309196069e+04 2.134469322395624768e+05 1.848755209854329296e+05 2.134468313540122181e+05 1.277325782450977858e+05 1.118595376620817551e+05 2.134468696078431676e+05 4.803100266014274530e+04 1.848756222648044932e+05 1.991610609602846671e+05 3.722170130561597034e+04 2.134466488209703239e+05 2.134466269386701460e+05 2.134469872944765666e+05 2.134464629237805784e+05 1.767119767959593446e+05 2.134466428680181562e+05 2.134463648055374797e+05 7.249054231949900895e+03 2.134463666365451936e+05 2.134463757132796745e+05 6.507732420745969284e+04 2.063037094906307757e+05
1.428657325514612057e+04 9.260120054253808686e-01 1.628762316214334860e+05 1.428691804577103903e+04 4.285837863875488256e+04 1.428676785018627015e+04 1.095249825094170374e+05 1.301598825959842798e+05 1.428687996616180135e+04 2.285724163586584327e+05 4.285843929534267227e+04 1.836835080196261333e+04 1.938787156591360690e+05 9.022738212923564483e-01 8.202564503144197383e-01 1.428684496538392159e+04 6.259670842343600938e-01 5.480084626008776831e+04 9.698971000693081823e-01 2.077016467821647949e-01 2.134463666365451936e+05 1.229092992079357655e-01 4.212631541353801801e-01 2.395615624321882206e+05 7.143660524888959117e+03
1.428663472762990750e+04 9.427096258689393604e-01 1.628763215424417867e+05 1.428705046021343514e+04 4.285849248706718936e+04 1.428688030915914715e+04 1.095250645609388012e+05 1.301599911689779838e+05 1.428696288206167628e+04 2.285724193580198335e+05 4.285848141910307459e+04 1.836845421583127609e+04 1.938786980471004208e+05 9.354073533394581252e-01 9.057652388538820487e-01 1.428700234130128229e+04 5.559448728967523179e-01 5.480096716008819931e+04 9.914894081702027018e-01 4.224587649078161977e-01 2.134463757132796745e+05 4.212631541353801801e-01 1.317819432304507821e-01 2.395615349429688067e+05 7.143750026454151339e+03
2.252760198492602794e+05 2.395616949960783240e+05 1.174836994663935911e+05 2.395617210147321457e+05 2.109904248308739916e+05 2.395618477827922907e+05 1.538476343004312948e+05 1.379745489166763145e+05 2.395618029625112249e+05 1.704730393286233084e+04 2.109904260300447349e+05 2.252762430216921784e+05 9.806490400489550666e+04 2.395614225816349208e+05 2.395617262166404398e+05 2.395617657209782046e+05 2.395614841395588592e+05 2.028273851124219946e+05 2.395616789124312927e+05 2.395615887162145518e+05 6.507732420745968557e+04 2.395615624321882206e+05 2.395615349429688067e+05 5.071957545860044775e+03 2.324186454692109255e+05
7.143749013163781456e+03 7.144050372292111206e+03 1.557333686559285561e+05 2.142994975998339214e+04 3.571569661097700009e+04 2.143008854355471703e+04 1.023822165522335708e+05 1.230170713931775390e+05 2.142986724783667887e+04 2.214297995945684088e+05 3.571565222164218721e+04 1.122573250413678761e+04 1.867357932096933946e+05 7.143707243797160118e+03 7.144050266417988496e+03 2.142984191142219788e+04 7.143641806800653285e+03 4.765828516189345100e+04 7.144205480591626838e+03 7.143587843458047246e+03 2.063037094906307757e+05 7.143660524888959117e+03 7.143750026454151339e+03 2.324186454692109255e+05 7.143045213320544462e+03
