5.185187221464289905e+03 1.013687708809456817e+05 1.526912245830700267e+05 9.370389060407433135e+04 2.255598405261733278e+05 9.370404495454808057e+04 8.295138787788475747e+04 9.370402780867686670e+04 5.907825235051069176e+05 9.370411448233094416e+04 7.644307579601892212e+04 9.370390467815726879e+04 9.370404356927915069e+04 3.188077326868961682e+05 9.370413617720371985e+04 1.789185048017517547e+05 9.370413230869514518e+04 9.063185965619298804e+04 9.370355075133740320e+04 3.070001577623583580e+04 9.370411193565117719e+04 1.151936208417211601e+05 3.513928614842816023e+04 4.693108550750179566e+05 5.606960538730362168e+04
1.013687708809456817e+05 1.483613826112640163e+04 1.294402282071320806e+05 1.413228457591073529e+05 1.979101753418325388e+05 1.413231317030355567e+05 1.413232896582440590e+05 1.413230257684775570e+05 5.800298982595691923e+05 1.413231231243266666e+05 6.529715960616950179e+04 1.413229745933731319e+05 1.413230236762390414e+05 2.963515532635892159e+05 1.413232615256902645e+05 1.558771323271229630e+05 1.413231986998093489e+05 1.413232240876465803e+05 1.413226486331724736e+05 1.090411652803719917e+05 1.413232361931389314e+05 7.398511863287193410e+04 9.492312640483453288e+04 4.478055849084317451e+05 1.251941882974610053e+05
1.526912245830700267e+05 1.294402282071320806e+05 3.483803232512060640e+04 1.853305172955551243e+05 1.713781418543551408e+05 1.853307545886203588e+05 1.853309583003976149e+05 1.853307111044229532e+05 5.631886526047606021e+05 1.745781161711581517e+05 1.377043570926962420e+05 1.853305870006011100e+05 1.853306790671581402e+05 2.821578215115831117e+05 1.745782264430000505e+05 9.195621349148776790e+04 1.853308849477814510e+05 1.853308965816812997e+05 1.853303264116522914e+05 1.530489672544732166e+05 1.853308879623880493e+05 9.643897332188005385e+04 1.525449588501088438e+05 4.524697337111549568e+05 1.692019259482128837e+05
9.370389060407433135e+04 1.413228457591073529e+05 1.853305172955551825e+05 8.722248751288677049e-01 2.578333859430155135e+05 1.766675403278371596e+04 3.360400567556788883e+04 1.553496306965996165e+00 6.230562091109758476e+05 2.150713280678257797e+04 1.286861677624876611e+05 1.399049775325720724e+00 1.574411714035341081e+00 3.510813564439440961e+05 2.150714423078694381e+04 2.111920656393786776e+05 2.150714366904916824e+04 2.457940484590342749e+04 1.088034368502054150e+00 7.589102560681190516e+04 2.150711838989519310e+04 1.551477690388104820e+05 1.073517684309943143e+05 5.015845074246465228e+05 5.914164303167066828e+04
2.255598405261733278e+05 1.979101753418325388e+05 1.713781418543551408e+05 2.578333859430155135e+05 6.376137353241034725e+04 2.578336164415134117e+05 2.578337969721862755e+05 2.578335427773224365e+05 5.284496048530227272e+05 2.578337356277121871e+05 2.176965609360525268e+05 2.578334178259077889e+05 2.578335033172216790e+05 2.279430619262584369e+05 2.578336953446629341e+05 1.460197778091996734e+05 2.578337158938852954e+05 2.578337133722086728e+05 2.578332335208058648e+05 2.255518309512737906e+05 2.578337141542540921e+05 1.886935774068531755e+05 2.255598643405066978e+05 4.007762144035682431e+05 2.417047435458801920e+05
9.370404495454808057e+04 1.413231317030355567e+05 1.853307545886203297e+05 1.766675403278371959e+04 2.578336164415134117e+05 6.721391548645160583e+03 2.093130289999033630e+04 1.766681596552550764e+04 6.230563038821603404e+05 1.651483075704872681e+04 1.286864226275012479e+05 1.766683098739833440e+04 1.766679693883301661e+04 3.510815153210306307e+05 1.651486898259199370e+04 2.111923778257711383e+05 5.762171717997164706e+03 1.190659465792250012e+04 1.766644346460350789e+04 7.513685735958190344e+04 5.762204758744072024e+03 1.551480215228454908e+05 1.073519675744247797e+05 5.015845595571302110e+05 5.722164095341035863e+04
8.295138787788475747e+04 1.413232896582440590e+05 1.853309583003976149e+05 3.360400567556788883e+04 2.578337969721862755e+05 2.093130289999033266e+04 2.353141484681977090e+03 3.360414812129226630e+04 6.230564554554808419e+05 3.360419706483192567e+04 1.279184823706581519e+05 3.360405312037670228e+04 3.360419648793110537e+04 3.510816797807630501e+05 3.360414342800425220e+04 2.111925584786279942e+05 2.285157359883397294e+04 9.026432532783261195e+03 3.360366811042048357e+04 5.990611621340273268e+04 2.285152604880456420e+04 1.551482066642582940e+05 9.659927995840195217e+04 5.015848060773878242e+05 3.629217907883327280e+04
9.370402780867686670e+04 1.413230257684775570e+05 1.853307111044229532e+05 1.553496306965996165e+00 2.578335427773224365e+05 1.766681596552550764e+04 3.360414812129226630e+04 9.048362610961244723e-01 6.230562653372919885e+05 2.150721190105429923e+04 1.286863520516315475e+05 1.598727364855980104e+00 1.568261337835198388e+00 3.510814144053530763e+05 2.150727001370039579e+04 2.111923064948889369e+05 2.150724755831720540e+04 2.457950469603820602e+04 1.256017973498584350e+00 7.589118618406719179e+04 2.150727223158729248e+04 1.551479187655492278e+05 1.073518819114774524e+05 5.015845187087883241e+05 5.914181797397961782e+04
5.907825235051069176e+05 5.800298982595691923e+05 5.631886526047606021e+05 6.230562091109759640e+05 5.284496048530227272e+05 6.230563038821603404e+05 6.230564554554808419e+05 6.230562653372919885e+05 1.827521822209695238e+05 6.123036794580776477e+05 5.871982809765648562e+05 6.230562054045519326e+05 6.230562176155159250e+05 4.891590703189263586e+05 6.123036623415087815e+05 5.515386831462935079e+05 6.230562980203804327e+05 6.230564429902840639e+05 6.230561720513228793e+05 5.907745811240739422e+05 6.230563326476846123e+05 5.800299181306372629e+05 5.907825253826684784e+05 4.094399777516973554e+05 6.069274476720871171e+05
9.370411448233094416e+04 1.413231231243266666e+05 1.745781161711581517e+05 2.150713280678257797e+04 2.578337356277121871e+05 1.651483075704872317e+04 3.360419706483192567e+04 2.150721190105429923e+04 6.123036794580776477e+05 8.992340642587945965e-01 1.286865001328022481e+05 2.150721133390877731e+04 2.150720142283293899e+04 3.510816166114447988e+05 1.791666228847000664e+00 2.004397430155689945e+05 1.075445042552591622e+04 2.457954836533788330e+04 2.150680473550107490e+04 7.589125254506473721e+04 1.075448147542116203e+04 1.551480250977785618e+05 1.073520023567899188e+05 5.015846788312094868e+05 5.914183438101787033e+04
7.644307579601892212e+04 6.529715960616950179e+04 1.377043570926962420e+05 1.286861677624876611e+05 2.176965609360525268e+05 1.286864226275012479e+05 1.279184823706581228e+05 1.286863520516315475e+05 5.871982809765648562e+05 1.286865001328022481e+05 2.078049719415809523e+04 1.286862656837823451e+05 1.286863829839313985e+05 3.152235606860506232e+05 1.286865321221981721e+05 1.652970913511823455e+05 1.286865091913698998e+05 1.284670793806321017e+05 1.286859503931757645e+05 8.441739720261780894e+04 1.286865138421322627e+05 9.203701161326674628e+04 6.462971504382787680e+04 4.657266473370724707e+05 1.010367203104551299e+05
9.370390467815726879e+04 1.413229745933731319e+05 1.853305870006011100e+05 1.399049775325720724e+00 2.578334178259077307e+05 1.766683098739833440e+04 3.360405312037670228e+04 1.598727364855980104e+00 6.230562054045519326e+05 2.150721133390877731e+04 1.286862656837823451e+05 8.652108437323307033e-01 1.638555050501552479e+00 3.510814032930440735e+05 2.150720498997982577e+04 2.111921586699154868e+05 2.150721433039311887e+04 2.457945529568033817e+04 1.192981048523455989e+00 7.589112554998820997e+04 2.150720092833397575e+04 1.551478313906106923e+05 1.073518251323768636e+05 5.015844717406054260e+05 5.914173085654777242e+04
9.370404356927915069e+04 1.413230236762390414e+05 1.853306790671581402e+05 1.574411714035341081e+00 2.578335033172216790e+05 1.766679693883301661e+04 3.360419648793110537e+04 1.568261337835198610e+00 6.230562176155159250e+05 2.150720142283293899e+04 1.286863829839313985e+05 1.638555050501552479e+00 8.921762258884012864e-01 3.510814421460393351e+05 2.150726206976677349e+04 2.111922780856658355e+05 2.150721584750842158e+04 2.457952641627847697e+04 1.253172103080168354e+00 7.589117533733151504e+04 2.150725532792127706e+04 1.551479262629432196e+05 1.073519531116989237e+05 5.015845166397872381e+05 5.914180529791829031e+04
3.188077326868961682e+05 2.963515532635892159e+05 2.821578215115831117e+05 3.510813564439440379e+05 2.279430619262584369e+05 3.510815153210306307e+05 3.510816797807630501e+05 3.510814144053530763e+05 4.891590703189264168e+05 3.510816166114447988e+05 3.152235606860506232e+05 3.510814032930440735e+05 3.510814421460392768e+05 1.131424226528182917e+05 3.510815763044243213e+05 2.635164785629925900e+05 3.510815985090722097e+05 3.510816460798740736e+05 3.510812233495523105e+05 3.187997848845421104e+05 3.510816010032732738e+05 2.906460678019544575e+05 3.188078161881268024e+05 3.410495178089282126e+05 3.349527079037349322e+05
9.370413617720371985e+04 1.413232615256902645e+05 1.745782264430000505e+05 2.150714423078694381e+04 2.578336953446629341e+05 1.651486898259199370e+04 3.360414342800425220e+04 2.150727001370039579e+04 6.123036623415086651e+05 1.791666228846999998e+00 1.286865321221981721e+05 2.150720498997982577e+04 2.150726206976677349e+04 3.510815763044243213e+05 8.716276307136092694e-01 2.004397890615111392e+05 1.075444005206881593e+04 2.457952464289759519e+04 2.150678970290980214e+04 7.589130729396900279e+04 1.075448760306700933e+04 1.551481739837040368e+05 1.073520612248278048e+05 5.015846556956010172e+05 5.914185947922538617e+04
1.789185048017517547e+05 1.558771323271229921e+05 9.195621349148775334e+04 2.111920656393786776e+05 1.460197778091997025e+05 2.111923778257711383e+05 2.111925584786279942e+05 2.111923064948889369e+05 5.515386831462935079e+05 2.004397430155689945e+05 1.652970913511823455e+05 2.111921586699154868e+05 2.111922780856658355e+05 2.635164785629925900e+05 2.004397890615111392e+05 4.544099148890808283e+04 2.111924356971956440e+05 2.111924825805562723e+05 2.111919302941194328e+05 1.789104874501171871e+05 2.111924018538012460e+05 1.424352837774535874e+05 1.789185845226494421e+05 4.307284347187834210e+05 1.950634396429551998e+05
9.370413230869514518e+04 1.413231986998093489e+05 1.853308849477814510e+05 2.150714366904916824e+04 2.578337158938852954e+05 5.762171717997164706e+03 2.285157359883397294e+04 2.150724755831720540e+04 6.230562980203804327e+05 1.075445042552591622e+04 1.286865091913699143e+05 2.150721433039311887e+04 2.150721584750842158e+04 3.510815985090722097e+05 1.075444005206881593e+04 2.111924356971956440e+05 1.011183434591065744e+00 1.382688423429776230e+04 2.150681770169432275e+04 7.589131488456683292e+04 1.725404629761580599e+00 1.551481007072123757e+05 1.073520245043070463e+05 5.015846566992666922e+05 5.914187464139081567e+04
9.063185965619300259e+04 1.413232240876465803e+05 1.853308965816812997e+05 2.457940484590342749e+04 2.578337133722086728e+05 1.190659465792249830e+04 9.026432532783261195e+03 2.457950469603820602e+04 6.230564429902840639e+05 2.457954836533788330e+04 1.284670793806321017e+05 2.457945529568034181e+04 2.457952641627847697e+04 3.510816460798740736e+05 2.457952464289759519e+04 2.111924825805562723e+05 1.382688423429776230e+04 4.389837268564975602e+03 2.457906707305896998e+04 6.859471010417095385e+04 1.382689372885986995e+04 1.551481379259701353e+05 1.042798152847724996e+05 5.015847492679435527e+05 4.531683723558222118e+04
9.370355075133740320e+04 1.413226486331724736e+05 1.853303264116522914e+05 1.088034368502054150e+00 2.578332335208058648e+05 1.766644346460350789e+04 3.360366811042048357e+04 1.256017973498584350e+00 6.230561720513228793e+05 2.150680473550107490e+04 1.286859503931757645e+05 1.192981048523455767e+00 1.253172103080168354e+00 3.510812233495523105e+05 2.150678970290980214e+04 2.111919302941194328e+05 2.150681770169432275e+04 2.457906707305896998e+04 5.678554594416679313e-01 7.589072243403152970e+04 2.150680214070128568e+04 1.551475618650160322e+05 1.073514479935544805e+05 5.015844143194325734e+05 5.914131456635663199e+04
3.070001577623583580e+04 1.090411652803719771e+05 1.530489672544731875e+05 7.589102560681190516e+04 2.255518309512737906e+05 7.513685735958190344e+04 5.990611621340273268e+04 7.589118618406719179e+04 5.907745811240739422e+05 7.589125254506473721e+04 8.441739720261780894e+04 7.589112554998820997e+04 7.589117533733151504e+04 3.187997848845421686e+05 7.589130729396900279e+04 1.789104874501171871e+05 7.589131488456683292e+04 6.859471010417093930e+04 7.589072243403152970e+04 1.033181958082600977e+04 7.589134562013015966e+04 1.228661579819865874e+05 4.703605749393840961e+04 4.693028687075074413e+05 2.596782899100990835e+04
9.370411193565117719e+04 1.413232361931389314e+05 1.853308879623879911e+05 2.150711838989519310e+04 2.578337141542540630e+05 5.762204758744072024e+03 2.285152604880456420e+04 2.150727223158729248e+04 6.230563326476846123e+05 1.075448147542116203e+04 1.286865138421322627e+05 2.150720092833397575e+04 2.150725532792127706e+04 3.510816010032732738e+05 1.075448760306700933e+04 2.111924018538012460e+05 1.725404629761580599e+00 1.382689372885986995e+04 2.150680214070128568e+04 7.589134562013015966e+04 9.212223329401196814e-01 1.551481077594142698e+05 1.073520030588885274e+05 5.015846535831715446e+05 5.914188195976265706e+04
1.151936208417211601e+05 7.398511863287193410e+04 9.643897332188003929e+04 1.551477690388104820e+05 1.886935774068531755e+05 1.551480215228454908e+05 1.551482066642582940e+05 1.551479187655492278e+05 5.800299181306372629e+05 1.551480250977785618e+05 9.203701161326677538e+04 1.551478313906106923e+05 1.551479262629432196e+05 2.906460678019544575e+05 1.551481739837040368e+05 1.424352837774535874e+05 1.551481007072123757e+05 1.551481379259701353e+05 1.551475618650160322e+05 1.228661579819865874e+05 1.551481077594142698e+05 3.351653866231338179e+04 1.089702449445548409e+05 4.478056228493475355e+05 1.390191475848960981e+05
3.513928614842816023e+04 9.492312640483454743e+04 1.525449588501088438e+05 1.073517684309942997e+05 2.255598643405066687e+05 1.073519675744247797e+05 9.659927995840195217e+04 1.073518819114774524e+05 5.907825253826684784e+05 1.073520023567899188e+05 6.462971504382787680e+04 1.073518251323768636e+05 1.073519531116989237e+05 3.188078161881268024e+05 1.073520612248278048e+05 1.789185845226494421e+05 1.073520245043070463e+05 1.042798152847724996e+05 1.073514479935544514e+05 4.703605749393840961e+04 1.073520030588885274e+05 1.089702449445548409e+05 1.018262883145076376e+04 4.693108570859176107e+05 6.971757306187428185e+04
4.693108550750179566e+05 4.478055849084318615e+05 4.524697337111549568e+05 5.015845074246465228e+05 4.007762144035682431e+05 5.015845595571302110e+05 5.015848060773878242e+05 5.015845187087883241e+05 4.094399777516973554e+05 5.015846788312094868e+05 4.657266473370724707e+05 5.015844717406054260e+05 5.015845166397872381e+05 3.410495178089282126e+05 5.015846556956010754e+05 4.307284347187833628e+05 5.015846566992666922e+05 5.015847492679435527e+05 5.015844143194325734e+05 4.693028687075074413e+05 5.015846535831715446e+05 4.478056228493475355e+05 4.693108570859176107e+05 1.475809377373623138e+05 4.854557829066190170e+05
5.606960538730362168e+04 1.251941882974610053e+05 1.692019259482128837e+05 5.914164303167066828e+04 2.417047435458801920e+05 5.722164095341035863e+04 3.629217907883328007e+04 5.914181797397961782e+04 6.069274476720871171e+05 5.914183438101787033e+04 1.010367203104551299e+05 5.914173085654777242e+04 5.914180529791829031e+04 3.349527079037349322e+05 5.914185947922539344e+04 1.950634396429551998e+05 5.914187464139083022e+04 4.531683723558222118e+04 5.914131456635663199e+04 2.596782899100990835e+04 5.914188195976265706e+04 1.390191475848960981e+05 6.971757306187428185e+04 4.854557829066190170e+05 1.613004380022447913e+04
