1.939649587461833289e+04 2.901697943127048202e+05 2.901695700659899157e+05 2.901697791006604675e+05 2.051361447413356218e+05 2.595576640333997784e+05 1.728232344275352953e+05 2.901694805553985061e+05 1.677211246771468432e+05 1.428651244452498504e+05 4.901396864165652369e+04 2.901694309123034473e+05 2.187415275386949652e+05 6.430762120649713324e+04 2.901694880927957129e+05 2.595577385528642044e+05 2.701396683604105492e+05 9.026262260746024549e+04 3.508261221379043855e+04 2.901697259639681433e+05 2.901697975171605940e+05 2.901694262353394879e+05 2.901695750204556389e+05 2.901696929919996182e+05 2.901698082301460090e+05
2.901697943127048202e+05 9.070573367877514102e+03 3.401450427443433000e+04 6.803733926526952928e+03 1.587314601534011890e+05 5.208701964057454461e+04 1.887768487174371840e+05 3.401486760937226063e+04 1.938789042782206088e+05 2.130660659693869238e+05 2.596775446561462595e+05 3.401457685821531049e+04 1.462598088693639729e+05 3.240582242974508554e+05 3.401486558055895875e+04 7.313065590407200216e+04 3.703853360827830329e+04 2.317578081428098958e+05 3.065489148367561866e+05 3.401471373591533484e+04 1.700819844640401061e+04 1.870860225918597644e+04 3.215941751800146449e+04 3.401470676709794498e+04 9.719512858084332038e+03
2.901695700659899157e+05 3.401450427443433000e+04 1.474045589091359243e-01 4.081744258023693692e+04 1.632662639065332769e+05 8.163378860360753606e+04 1.887764297078188392e+05 8.646865307478091012e-01 1.938785139260290016e+05 2.130656469065374695e+05 2.596773189431006904e+05 4.019495703374876827e-01 1.530621724912156642e+05 3.240580117945890524e+05 8.580419217635447682e-01 9.013712075488148548e+04 7.105176952510833507e+04 2.317574540109767113e+05 3.065486696836724877e+05 8.933690401740270737e-01 5.102154446693281352e+04 1.530677790950975032e+04 1.855926333420329001e+03 9.831037375223388164e-01 4.373294242834066972e+04
2.901697791006604675e+05 6.803733926526952928e+03 4.081744258023693692e+04 1.713140650129376386e-01 1.564640077800466097e+05 4.566214779258699855e+04 1.887769805797222361e+05 4.081762108262727997e+04 1.938790709659121640e+05 2.130662034898393613e+05 2.596777070024777204e+05 4.081723599503572041e+04 1.428585147420406283e+05 3.240581345134821604e+05 4.081755806515474978e+04 6.972929061817264301e+04 3.023559217947309298e+04 2.317576504313117184e+05 3.065490232121457811e+05 4.081768025391482661e+04 1.020541473885702908e+04 2.551135593497717491e+04 3.896233699778796290e+04 4.081770567701534310e+04 2.916477576843864881e+03
2.051361447413355636e+05 1.587314601534011890e+05 1.632662639065332769e+05 1.564640077800466097e+05 2.313877921626881653e+04 1.210075190903356852e+05 3.668728573602958204e+04 1.632667134387994302e+05 4.178948707288016158e+04 6.664556523912974808e+04 1.727695395597175811e+05 1.632663130508309114e+05 1.943746106424701793e+04 2.492286397588437831e+05 1.632666292489524931e+05 9.381645270655695640e+04 1.364338365754934202e+05 1.207057508907012671e+05 2.302073689070243854e+05 1.632666498979101889e+05 1.564640533174238808e+05 1.632665213568700128e+05 1.632664790324626083e+05 1.632666834318955662e+05 1.564639888232879748e+05
2.595576640333997784e+05 5.208701964057454461e+04 8.163378860360753606e+04 4.566214779258699855e+04 1.210075190903356852e+05 6.738396913039346146e+03 1.533203725810938922e+05 8.163400541048041487e+04 1.584223338060787646e+05 1.782395911820383917e+05 2.290656827181990666e+05 8.163357342766868533e+04 1.074019762429046677e+05 3.036501088242114638e+05 8.163393962019382161e+04 3.135692589833375314e+04 1.542739625397356576e+04 1.994589543685630488e+05 2.846293379741911776e+05 8.163415379318181658e+04 3.545778589113586349e+04 7.003828098685453006e+04 8.045336689506955736e+04 8.163418472724466119e+04 4.274660304390071542e+04
1.728232344275352661e+05 1.887768487174371840e+05 1.887764297078188392e+05 1.887769805797222361e+05 3.668728573602958204e+04 1.533203725810938922e+05 5.102301808444759445e+03 1.887768656219826953e+05 5.103117081211072218e+03 2.995940807483141180e+04 1.423309564443840645e+05 1.887764964103876846e+05 5.612373144091174618e+04 2.169157323533592280e+05 1.887767897887092840e+05 1.292530640687783161e+05 1.687467800922789902e+05 9.276611934683064464e+04 1.978945724510130240e+05 1.887768189960393647e+05 1.887769819482734019e+05 1.887767215533264680e+05 1.887766620903394069e+05 1.887768357344702817e+05 1.887769739819786046e+05
2.901694805553985061e+05 3.401486760937226063e+04 8.646865307478091012e-01 4.081762108262727997e+04 1.632667134387994302e+05 8.163400541048041487e+04 1.887768656219826953e+05 2.065129467967749821e-01 1.938789341624964145e+05 2.130660809973599971e+05 2.596775234807323432e+05 7.330695086384881876e-01 1.530626519857234962e+05 3.240579225925692590e+05 6.881239742446763064e-01 9.013749145450338256e+04 7.105195600958747673e+04 2.317575680367406167e+05 3.065487876279680058e+05 8.351428816988206716e-01 5.102178783421466505e+04 1.530707016622261654e+04 1.856308556395372079e+03 1.007197548154703526e+00 4.373317639346007491e+04
1.677211246771468432e+05 1.938789042782206088e+05 1.938785139260290016e+05 1.938790709659121640e+05 4.178948707288016158e+04 1.584223338060787646e+05 5.103117081211072218e+03 1.938789341624964145e+05 2.287115460549901946e-01 2.485731828751939611e+04 1.372289176551147539e+05 1.938785340312462940e+05 6.122594007942765165e+04 2.118136765267180745e+05 1.938788363623442710e+05 1.343551888597243233e+05 1.738487959793802002e+05 8.766407252172978770e+04 1.927925965810382622e+05 1.938788430432631576e+05 1.938789652683643508e+05 1.938787580100743216e+05 1.938787245517999108e+05 1.938788565479909594e+05 1.938790277771892434e+05
1.428651244452498504e+05 2.130660659693869238e+05 2.130656469065374695e+05 2.130662034898393613e+05 6.664556523912974808e+04 1.782395911820383917e+05 2.995940807483141180e+04 2.130660809973599971e+05 2.485731828751940338e+04 1.874022380490539217e+04 1.123726282116410148e+05 2.130657353232718888e+05 8.608199867632462701e+04 1.869575658292992157e+05 2.130659694500462210e+05 1.592113656491415168e+05 1.930360312336110219e+05 6.280762138970275555e+04 1.679364739392967895e+05 2.130660211852452776e+05 2.130662792526962294e+05 2.130658664167015813e+05 2.130658674275563681e+05 2.130660182850967103e+05 2.130661606338834390e+05
4.901396864165652369e+04 2.596775446561462595e+05 2.596773189431006904e+05 2.596777070024777204e+05 1.727695395597175811e+05 2.290656827181990666e+05 1.423309564443840645e+05 2.596775234807323432e+05 1.372289176551147539e+05 1.123726282116410148e+05 1.004565355836254457e+04 2.596774036557103682e+05 1.838761350923694263e+05 8.290262028448304045e+04 2.596775041889282293e+05 2.259419617460683512e+05 2.396476510310788290e+05 5.539712494241685636e+04 7.408556399661845353e+04 2.596775442890828126e+05 2.596778890779590583e+05 2.596774079735073319e+05 2.596773752868141455e+05 2.596775347161019163e+05 2.596777687467153301e+05
2.901694309123034473e+05 3.401457685821531777e+04 4.019495703374876827e-01 4.081723599503572041e+04 1.632663130508309114e+05 8.163357342766868533e+04 1.887764964103876846e+05 7.330695086384881876e-01 1.938785340312462940e+05 2.130657353232718888e+05 2.596774036557103682e+05 7.146995022768587447e-02 1.530622259388769162e+05 3.240579009070848115e+05 7.278319907501740182e-01 9.013701120769519184e+04 7.105157222177369113e+04 2.317573357566467312e+05 3.065487668368077721e+05 9.147014661270851388e-01 5.102138502667755529e+04 1.530667176896780802e+04 1.856054861296774106e+03 9.891922903562456737e-01 4.373273576578228676e+04
2.187415275386949652e+05 1.462598088693639729e+05 1.530621724912156642e+05 1.428585147420406283e+05 1.943746106424702157e+04 1.074019762429046677e+05 5.612373144091174618e+04 1.530626519857234962e+05 6.122594007942765165e+04 8.608199867632462701e+04 1.838761350923694263e+05 1.530622259388769162e+05 1.705482454227956191e-01 2.628340023213259410e+05 1.530625545180869522e+05 7.604585858767875470e+04 1.228283377431851113e+05 1.284802904125122877e+05 2.438130187226654089e+05 1.530625311144153820e+05 1.428586743209213309e+05 1.530624353811146575e+05 1.530623789098523848e+05 1.530625439355946728e+05 1.428585753417894302e+05
6.430762120649713324e+04 3.240582242974508554e+05 3.240580117945890524e+05 3.240581345134821604e+05 2.492286397588437540e+05 3.036501088242114638e+05 2.169157323533592280e+05 3.240579225925692590e+05 2.118136765267180745e+05 1.869575658292992157e+05 8.290262028448304045e+04 3.240579009070848115e+05 2.628340023213259410e+05 6.174809717886992985e+03 3.240579513258058578e+05 3.036501910888822167e+05 3.138541360882421141e+05 1.343551227308775706e+05 3.923600707394014171e+04 3.240581111494177603e+05 3.240582286270644981e+05 3.240578846782835317e+05 3.240580267253434868e+05 3.240581653265254572e+05 3.240581539963619434e+05
2.901694880927957129e+05 3.401486558055895875e+04 8.580419217635447682e-01 4.081755806515474978e+04 1.632666292489524931e+05 8.163393962019382161e+04 1.887767897887092840e+05 6.881239742446763064e-01 1.938788363623442710e+05 2.130659694500462210e+05 2.596775041889282293e+05 7.278319907501740182e-01 1.530625545180869522e+05 3.240579513258058578e+05 1.796348592558693336e-01 9.013745783686758659e+04 7.105193598937673960e+04 2.317575355900900904e+05 3.065487782999672927e+05 9.817320883328857217e-01 5.102170822850022523e+04 1.530700042007057709e+04 1.856143955339644435e+03 1.043228735312038857e+00 4.373309568826061150e+04
2.595577385528642044e+05 7.313065590407200216e+04 9.013712075488148548e+04 6.972929061817264301e+04 9.381645270655694185e+04 3.135692589833375314e+04 1.292530640687783161e+05 9.013749145450338256e+04 1.343551888597243233e+05 1.592113656491415168e+05 2.259419617460683512e+05 9.013701120769519184e+04 7.604585858767874015e+04 3.036501910888822167e+05 9.013745783686758659e+04 1.408580562527822622e+04 4.678354765319237049e+04 1.821326493187729502e+05 2.846293145426200936e+05 9.013752495771342365e+04 6.681376110860476911e+04 8.503525460636947537e+04 9.013741790769829822e+04 9.013754493392631412e+04 6.889631703163565544e+04
2.701396683604105492e+05 3.703853360827830329e+04 7.105176952510833507e+04 3.023559217947309662e+04 1.364338365754934202e+05 1.542739625397357122e+04 1.687467800922789902e+05 7.105195600958747673e+04 1.738487959793802002e+05 1.930360312336110219e+05 2.396476510310788290e+05 7.105157222177369113e+04 1.228283377431851113e+05 3.138541360882421141e+05 7.105193598937673960e+04 4.678354765319237049e+04 1.093225143586247032e+04 2.117275147703385446e+05 2.948894355304091587e+05 7.105210980403632857e+04 2.003132496093081500e+04 5.574566451780770149e+04 6.919663294273042993e+04 7.105205958242480119e+04 2.732002189305409047e+04
9.026262260746024549e+04 2.317578081428098958e+05 2.317574540109767113e+05 2.317576504313117184e+05 1.207057508907012816e+05 1.994589543685630488e+05 9.276611934683064464e+04 2.317575680367406167e+05 8.766407252172978770e+04 6.280762138970276283e+04 5.539712494241685636e+04 2.317573357566467312e+05 1.284802904125122877e+05 1.343551227308775706e+05 2.317575355900900904e+05 1.821326493187729793e+05 2.117275147703385446e+05 1.862349858962000144e+04 1.153343696301086748e+05 2.317577446815402363e+05 2.317577851162273146e+05 2.317574265650022135e+05 2.317576141467943962e+05 2.317577352040730184e+05 2.317576581501490145e+05
3.508261221379044582e+04 3.065489148367561866e+05 3.065486696836724877e+05 3.065490232121457811e+05 2.302073689070243854e+05 2.846293379741911776e+05 1.978945724510130240e+05 3.065487876279680058e+05 1.927925965810382622e+05 1.679364739392967895e+05 7.408556399661845353e+04 3.065487668368077721e+05 2.438130187226654089e+05 3.923600707394014171e+04 3.065487782999672927e+05 2.846293145426200936e+05 2.948894355304091587e+05 1.153343696301086748e+05 5.817319493915060775e+03 3.065487911381689482e+05 3.065491613296801806e+05 3.065487457930723904e+05 3.065486489700349630e+05 3.065488066249940312e+05 3.065491167909192736e+05
2.901697259639681433e+05 3.401471373591533484e+04 8.933690401740270737e-01 4.081768025391482661e+04 1.632666498979101889e+05 8.163415379318181658e+04 1.887768189960393647e+05 8.351428816988206716e-01 1.938788430432631576e+05 2.130660211852452776e+05 2.596775442890828126e+05 9.147014661270851388e-01 1.530625311144153820e+05 3.240581111494177603e+05 9.817320883328857217e-01 9.013752495771342365e+04 7.105210980403632857e+04 2.317577446815402363e+05 3.065487911381689482e+05 1.950256737110812877e-01 5.102192807629708841e+04 1.530726711768545829e+04 1.856317574048465076e+03 8.352812532714162241e-01 4.373328825110749312e+04
2.901697975171605940e+05 1.700819844640401061e+04 5.102154446693281352e+04 1.020541473885702908e+04 1.564640533174238808e+05 3.545778589113586349e+04 1.887769819482734019e+05 5.102178783421466505e+04 1.938789652683643508e+05 2.130662792526962294e+05 2.596778890779590583e+05 5.102138502667755529e+04 1.428586743209213309e+05 3.240582286270644981e+05 5.102170822850022523e+04 6.681376110860476911e+04 2.003132496093081500e+04 2.317577851162273146e+05 3.065491613296801806e+05 5.102192807629708841e+04 1.665049792574934684e-01 3.571542420750675956e+04 4.916643547641560872e+04 5.102191154773839662e+04 7.289697145359042224e+03
2.901694262353394879e+05 1.870860225918597644e+04 1.530677790950975032e+04 2.551135593497717855e+04 1.632665213568700128e+05 7.003828098685453006e+04 1.887767215533264680e+05 1.530707016622261654e+04 1.938787580100743216e+05 2.130658664167015813e+05 2.596774079735073319e+05 1.530667176896780802e+04 1.530624353811146575e+05 3.240578846782835317e+05 1.530700042007057709e+04 8.503525460636947537e+04 5.574566451780770149e+04 2.317574265650022135e+05 3.065487457930723904e+05 1.530726711768545829e+04 3.571542420750675956e+04 5.102169668151650512e+03 1.345142933546070526e+04 1.530722782470323546e+04 2.842680406540909462e+04
2.901695750204555807e+05 3.215941751800146449e+04 1.855926333420329001e+03 3.896233699778796290e+04 1.632664790324626083e+05 8.045336689506955736e+04 1.887766620903394069e+05 1.856308556395372079e+03 1.938787245517999108e+05 2.130658674275563681e+05 2.596773752868141455e+05 1.856054861296774106e+03 1.530623789098523848e+05 3.240580267253434868e+05 1.856143955339644435e+03 9.013741790769829822e+04 6.919663294273042993e+04 2.317576141467943962e+05 3.065486489700349630e+05 1.856317574048465076e+03 4.916643547641560872e+04 1.345142933546070708e+04 3.036087921302641462e+03 1.856316660897310385e+03 4.187784040091901261e+04
2.901696929919996182e+05 3.401470676709794498e+04 9.831037375223388164e-01 4.081770567701534310e+04 1.632666834318955662e+05 8.163418472724466119e+04 1.887768357344702817e+05 1.007197548154703526e+00 1.938788565479909594e+05 2.130660182850967103e+05 2.596775347161019163e+05 9.891922903562456737e-01 1.530625439355946728e+05 3.240581653265254572e+05 1.043228735312038857e+00 9.013754493392631412e+04 7.105205958242480119e+04 2.317577352040730184e+05 3.065488066249940312e+05 8.352812532714162241e-01 5.102191154773839662e+04 1.530722782470323546e+04 1.856316660897310385e+03 1.994780543648485560e-01 4.373330438907031930e+04
2.901698082301459508e+05 9.719512858084332038e+03 4.373294242834066972e+04 2.916477576843864881e+03 1.564639888232879748e+05 4.274660304390071542e+04 1.887769739819786046e+05 4.373317639346007491e+04 1.938790277771892434e+05 2.130661606338834390e+05 2.596777687467153301e+05 4.373273576578228676e+04 1.428585753417894302e+05 3.240581539963619434e+05 4.373309568826061150e+04 6.889631703163565544e+04 2.732002189305409047e+04 2.317576581501490145e+05 3.065491167909192154e+05 4.373328825110749312e+04 7.289697145359042224e+03 2.842680406540909098e+04 4.187784040091901261e+04 4.373330438907031930e+04 4.165197098666621059e+03
