3.662451653154644009e+04 1.722083008400853432e+05 1.305594945623078238e+05 1.798094081273774500e+05 6.739442524651232816e+04 1.798092466348322341e+05 3.080930444345592405e+05 8.001754609798575984e+04 2.352426151894114155e+05 1.798093700805242115e+05 1.096754279755262687e+05 1.798095596232429962e+05 1.798090758976392099e+05 1.508853075143919850e+05 1.798091185278452758e+05 1.798094298882800795e+05 3.862393935752629768e+05 1.798093412266746454e+05 1.798093089232172351e+05 1.694789630751631048e+05 1.798091998294253426e+05 1.798095033036188979e+05 1.586892557605258480e+05 1.798090480109542841e+05 9.789161530403107463e+04
1.722083008400853432e+05 5.616559359111330559e+04 2.194719805678969424e+05 2.607942426216877939e+05 1.884342078157792275e+05 2.607939661082499952e+05 2.570456899875690870e+05 1.944252952178659034e+05 1.611190414903559140e+05 2.607940633915304206e+05 2.088287027732365532e+05 2.607942364514171495e+05 2.607938386593430478e+05 2.330492463368123572e+05 2.607938274244084314e+05 2.592761862916222599e+05 3.344038025543316035e+05 2.590232001088051475e+05 2.607939712211326405e+05 2.499717175069831137e+05 2.607939289489746443e+05 2.600352148358252016e+05 2.396740463307973696e+05 2.607938018749000912e+05 1.230160816349992674e+05
1.305594945623078238e+05 2.194719805678969424e+05 1.078919435554832307e+04 9.097586186927081144e+04 1.080659958116156195e+05 1.128175604286124726e+05 3.423129181877293740e+05 9.070513358287027222e+04 2.730513540332262055e+05 1.128176579999388923e+05 4.348606241014717671e+04 8.802434407465359254e+04 1.128173086783741892e+05 4.163681228712892334e+04 1.128173542857098946e+05 1.128177066871476709e+05 4.178127322436740506e+05 1.017983254673522752e+05 1.128176259150157130e+05 7.769372350017381541e+04 1.128174622863947734e+05 9.608822112440368801e+04 5.990624554153533245e+04 1.128172235771283158e+05 1.709875351726155204e+05
1.798094081273774209e+05 2.607942426216878230e+05 9.097586186927082599e+04 6.337142774458585336e+03 1.583947233635600132e+05 4.925733557154679875e+04 3.838073020098825218e+05 1.465324375884787587e+05 3.145457206097337184e+05 4.463309583699871291e+04 1.153508586863283126e+05 7.666584723602925806e+03 4.925700231084147526e+04 7.088530864625421236e+04 4.925720434267150267e+04 4.301616630565372179e+04 4.593071355422820779e+05 2.684798610134637784e+04 4.716772270900809235e+04 2.082028503678534980e+04 4.925728821925643570e+04 1.456810990031841357e+04 5.082083061774251109e+04 4.925709656550007639e+04 2.124805195820825757e+05
6.739442524651232816e+04 1.884342078157792275e+05 1.080659958116156195e+05 1.583947233635599841e+05 1.640561973995965673e+04 1.583945986351997708e+05 3.176736480032433174e+05 4.707327129896198312e+04 2.484120224985576060e+05 1.583947166291292524e+05 8.401983801712168497e+04 1.583948241234346642e+05 1.583943805012757075e+05 1.292248875424223806e+05 1.583944469188837102e+05 1.583947742421672156e+05 3.931735114824377233e+05 1.583947110918259423e+05 1.583946641694686841e+05 1.480642499037138768e+05 1.583945188249885687e+05 1.583947797639902856e+05 1.372745009914507100e+05 1.583943540548578603e+05 1.258767578813084838e+05
1.798092466348322341e+05 2.607939661082499952e+05 1.128175604286124726e+05 4.925733557154679875e+04 1.583945986351997708e+05 5.769514525624280799e-01 3.838071809869603603e+05 1.475442018146492483e+05 3.145453548015014385e+05 8.265881312962092125e+03 1.316428073097322776e+05 5.372071178761223564e+04 1.111280580895187775e+00 9.190500492444318661e+04 1.271585743149476144e+00 1.342489311971766074e+04 4.593069547312593204e+05 3.074307010435358825e+04 2.264177904972556462e+03 6.405127779365320748e+04 1.135623340438299822e+00 4.152457625267726689e+04 7.941514947010319156e+04 1.204273759483246220e+00 2.124802880923523626e+05
3.080930444345591823e+05 2.570456899875690870e+05 3.423129181877293740e+05 3.838073020098824636e+05 3.176736480032432592e+05 3.838071809869603603e+05 1.041930977742439864e+05 3.201374606445264071e+05 1.920675169671938056e+05 3.838072735101045691e+05 3.352325875992867514e+05 3.838074797319064965e+05 3.838070956918158336e+05 3.560624572026484529e+05 3.838070451184007688e+05 3.838073230008032406e+05 2.257306154658256273e+05 3.838072742153831059e+05 3.838071768601333606e+05 3.734768711282486329e+05 3.838071350591326482e+05 3.838073827074668952e+05 3.626871418525431654e+05 3.838070519790447433e+05 2.896858725757084903e+05
8.001754609798575984e+04 1.944252952178659325e+05 9.070513358287027222e+04 1.465324375884787587e+05 4.707327129896198312e+04 1.475442018146492483e+05 3.201374606445264653e+05 2.174535190255925409e+04 2.519720106419541407e+05 1.475442993645681127e+05 6.017733037645181321e+04 1.440024885831970605e+05 1.475439708593827672e+05 1.131976296961615881e+05 1.475441302611647698e+05 1.475443657363607781e+05 3.967331255839747027e+05 1.475443956714360393e+05 1.475442664269299130e+05 1.336719318613409414e+05 1.475441687620425946e+05 1.475444443820626475e+05 1.228822038153381727e+05 1.475440232595186972e+05 1.368400430619285326e+05
2.352426151894114446e+05 1.611190414903559140e+05 2.730513540332262055e+05 3.145457206097337184e+05 2.484120224985576060e+05 3.145453548015014967e+05 1.920675169671938056e+05 2.519720106419541989e+05 7.111089110202924348e+04 3.145454538449063548e+05 2.663364550250189495e+05 3.145456419883409981e+05 3.145452686317396583e+05 2.868007781905101729e+05 3.145453787628321443e+05 3.145455111880600452e+05 2.909182603903155541e+05 3.145456357456919504e+05 3.145453791257690173e+05 3.042150622900284361e+05 3.145453269975499134e+05 3.145455626372835832e+05 2.934253581225049566e+05 3.145453764753196156e+05 2.096281665332370612e+05
1.798093700805242115e+05 2.607940633915304206e+05 1.128176579999388923e+05 4.463309583699870564e+04 1.583947166291292524e+05 8.265881312962092125e+03 3.838072735101046273e+05 1.475442993645681127e+05 3.145454538449063548e+05 6.147935129550469169e-01 1.316429006978107500e+05 4.958843388396070804e+04 8.265647042636408514e+03 9.603734319823292026e+04 8.265957546895559062e+03 5.160157543097852795e+03 4.593070440980938147e+05 2.247847980637671935e+04 6.002748859726511000e+03 5.991907928705219820e+04 8.265914177571132313e+03 3.325996076701206766e+04 8.354745994796602463e+04 8.265874492366378036e+03 2.124804395709324453e+05
1.096754279755262687e+05 2.088287027732365532e+05 4.348606241014716215e+04 1.153508586863283417e+05 8.401983801712168497e+04 1.316428073097322776e+05 3.352325875992867514e+05 6.017733037645179866e+04 2.663364550250189495e+05 1.316429006978107500e+05 2.681240208480007641e+04 1.123993791451821307e+05 1.316425647649083112e+05 7.509999260091579345e+04 1.316426087761422386e+05 1.316429369833234232e+05 4.110978783171333489e+05 1.242966664129565615e+05 1.316428798911897466e+05 1.020336601942930283e+05 1.316427348861479550e+05 1.204250739340100845e+05 8.891772785857220879e+04 1.316424894206472090e+05 1.542878242856762954e+05
1.798095596232429962e+05 2.607942364514171495e+05 8.802434407465359254e+04 7.666584723602925806e+03 1.583948241234346642e+05 5.372071178761223564e+04 3.838074797319066711e+05 1.440024885831970605e+05 3.145456419883409981e+05 4.958843388396070804e+04 1.123993791451821307e+05 6.972021383676001438e-01 5.372035964467935992e+04 6.789681480242943508e+04 5.372061862215748260e+04 4.797146743224971578e+04 4.593071877362677478e+05 3.286960318047543842e+04 5.165451023276610795e+04 1.531110167407867993e+04 5.372065038198370166e+04 2.223317624198479461e+04 4.635732731321204483e+04 5.372054510228297295e+04 2.124805384253960801e+05
1.798090758976392099e+05 2.607938386593430478e+05 1.128173086783741892e+05 4.925700231084147526e+04 1.583943805012757075e+05 1.111280580895187775e+00 3.838070956918158336e+05 1.475439708593827672e+05 3.145452686317396583e+05 8.265647042636408514e+03 1.316425647649083112e+05 5.372035964467935992e+04 4.231249648135945174e-01 9.190474770624631492e+04 1.032293001707757618e+00 1.342456671031074802e+04 4.593068642512518563e+05 3.074274680577732215e+04 2.263902469175367969e+03 6.405100802427379676e+04 1.090103316442442738e+00 4.152423256365249836e+04 7.941489929648490215e+04 8.968369857144713464e-01 2.124801478703694302e+05
1.508853075143919850e+05 2.330492463368123572e+05 4.163681228712892334e+04 7.088530864625421236e+04 1.292248875424223806e+05 9.190500492444318661e+04 3.560624572026485112e+05 1.131976296961615881e+05 2.868007781905101147e+05 9.603734319823292026e+04 7.509999260091580800e+04 6.789681480242943508e+04 9.190474770624631492e+04 9.773198757024068982e+03 9.190479299841004831e+04 9.582642327612086956e+04 4.315622052320206421e+05 8.345213793164014351e+04 9.397114850304939318e+04 5.599198186294862535e+04 9.190494469213829143e+04 7.606154125529299199e+04 2.780002590857490941e+04 9.190469656898386893e+04 1.847355788867036754e+05
1.798091185278452758e+05 2.607938274244083732e+05 1.128173542857098946e+05 4.925720434267150267e+04 1.583944469188837102e+05 1.271585743149476144e+00 3.838070451184007106e+05 1.475441302611647698e+05 3.145453787628321443e+05 8.265957546895560881e+03 1.316426087761422386e+05 5.372061862215748260e+04 1.032293001707757618e+00 9.190479299841004831e+04 5.616656229908874032e-01 1.342489378122047856e+04 4.593068955524024786e+05 3.074292537126303796e+04 2.264265873694670972e+03 6.405126103694142512e+04 1.121412407884817330e+00 4.152454837074950046e+04 7.941509230266955274e+04 9.373800850035912680e-01 2.124801617614148417e+05
1.798094298882801086e+05 2.592761862916222599e+05 1.128177066871476709e+05 4.301616630565372179e+04 1.583947742421672156e+05 1.342489311971766074e+04 3.838073230008032406e+05 1.475443657363607781e+05 3.145455111880600452e+05 5.160157543097853704e+03 1.316429369833234232e+05 4.797146743224971578e+04 1.342456671031074802e+04 9.582642327612088411e+04 1.342489378122047856e+04 2.981114064891587532e+03 4.593070794051481644e+05 1.731949107110140176e+04 1.116183089647955239e+04 5.830215500775940018e+04 1.342489569400649816e+04 3.012505927914261702e+04 8.193052722900213848e+04 1.342479874043699783e+04 2.094445529715808516e+05
3.862393935752629768e+05 3.344038025543316035e+05 4.178127322436740506e+05 4.593071355422819615e+05 3.931735114824376651e+05 4.593069547312593786e+05 2.257306154658256273e+05 3.967331255839746445e+05 2.909182603903154959e+05 4.593070440980936983e+05 4.110978783171334071e+05 4.593071877362677478e+05 4.593068642512518563e+05 4.315622052320206421e+05 4.593068955524024786e+05 4.593070794051480480e+05 1.001041356295294972e+05 4.593071176739440416e+05 4.593069662550473004e+05 4.489766243918058462e+05 4.593069215199932223e+05 4.593071428188708378e+05 4.381869340199807775e+05 4.593068767933497438e+05 3.668447374434675439e+05
1.798093412266746454e+05 2.590232001088051184e+05 1.017983254673522752e+05 2.684798610134637784e+04 1.583947110918259423e+05 3.074307010435359189e+04 3.838072742153831059e+05 1.475443956714360393e+05 3.145456357456919504e+05 2.247847980637671935e+04 1.242966664129565615e+05 3.286960318047543842e+04 3.074274680577732215e+04 8.345213793164014351e+04 3.074292537126303796e+04 1.731949107110140176e+04 4.593071176739440416e+05 1.126487528566340188e+04 2.848008002487235717e+04 4.320024048368728108e+04 3.074302873885962981e+04 1.314423918054697242e+04 6.682859931627164769e+04 3.074283752920604820e+04 2.089385816186057928e+05
1.798093089232172351e+05 2.607939712211326405e+05 1.128176259150157130e+05 4.716772270900809235e+04 1.583946641694686841e+05 2.264177904972556462e+03 3.838071768601334188e+05 1.475442664269299130e+05 3.145453791257690173e+05 6.002748859726511000e+03 1.316428798911897466e+05 5.165451023276610795e+04 2.263902469175368424e+03 9.397114850304939318e+04 2.264265873694670972e+03 1.116183089647955239e+04 4.593069662550473004e+05 2.848008002487235717e+04 2.441493293855598949e+03 6.198515874758111022e+04 2.264197139461362895e+03 3.926155841775442968e+04 8.148130457657840452e+04 2.264183757922272434e+03 2.124803601166100125e+05
1.694789630751631048e+05 2.499717175069831137e+05 7.769372350017381541e+04 2.082028503678534980e+04 1.480642499037138768e+05 6.405127779365320748e+04 3.734768711282486329e+05 1.336719318613409414e+05 3.042150622900284943e+05 5.991907928705219820e+04 1.020336601942930574e+05 1.531110167407867993e+04 6.405100802427379676e+04 5.599198186294863262e+04 6.405126103694142512e+04 5.830215500775940745e+04 4.489766243918058462e+05 4.320024048368728836e+04 6.198515874758111022e+04 1.449138374755601399e+04 6.405125691484533309e+04 3.256380186682358544e+04 3.173052881799108582e+04 6.405115104843062727e+04 2.021500032162507996e+05
1.798091998294253426e+05 2.607939289489746443e+05 1.128174622863947734e+05 4.925728821925643570e+04 1.583945188249885687e+05 1.135623340438299600e+00 3.838071350591326482e+05 1.475441687620425946e+05 3.145453269975498552e+05 8.265914177571132313e+03 1.316427348861479550e+05 5.372065038198370166e+04 1.090103316442442960e+00 9.190494469213827688e+04 1.121412407884817108e+00 1.342489569400649816e+04 4.593069215199932223e+05 3.074302873885962981e+04 2.264197139461362895e+03 6.405125691484533309e+04 5.829834018414639107e-01 4.152453813625046314e+04 7.941510847015745821e+04 1.115204753789337477e+00 2.124802552120023465e+05
1.798095033036188979e+05 2.600352148358252016e+05 9.608822112440365891e+04 1.456810990031841357e+04 1.583947797639902856e+05 4.152457625267726689e+04 3.838073827074669534e+05 1.475444443820626766e+05 3.145455626372835832e+05 3.325996076701206766e+04 1.204250739340100845e+05 2.223317624198479461e+04 4.152423256365249836e+04 7.606154125529302109e+04 4.152454837074950046e+04 3.012505927914260974e+04 4.593071428188708378e+05 1.314423918054697424e+04 3.926155841775442968e+04 3.256380186682358908e+04 4.152453813625046314e+04 2.406322556479794457e+03 5.855349309893692407e+04 4.152445578112418298e+04 2.109625261931247369e+05
1.586892557605258480e+05 2.396740463307973696e+05 5.990624554153533245e+04 5.082083061774251109e+04 1.372745009914507100e+05 7.941514947010319156e+04 3.626871418525431654e+05 1.228822038153381727e+05 2.934253581225049566e+05 8.354745994796602463e+04 8.891772785857220879e+04 4.635732731321204483e+04 7.941489929648490215e+04 2.780002590857490941e+04 7.941509230266955274e+04 8.193052722900213848e+04 4.381869340199807775e+05 6.682859931627164769e+04 8.148130457657840452e+04 3.173052881799108582e+04 7.941510847015745821e+04 5.855349309893692407e+04 6.011623055537520486e+03 7.941497614000835165e+04 1.913603593164718186e+05
1.798090480109542841e+05 2.607938018749001203e+05 1.128172235771283158e+05 4.925709656550007639e+04 1.583943540548578603e+05 1.204273759483246220e+00 3.838070519790447433e+05 1.475440232595186972e+05 3.145453764753196156e+05 8.265874492366378036e+03 1.316424894206472381e+05 5.372054510228297295e+04 8.968369857144713464e-01 9.190469656898386893e+04 9.373800850035912680e-01 1.342479874043699783e+04 4.593068767933496856e+05 3.074283752920604456e+04 2.264183757922272434e+03 6.405115104843062727e+04 1.115204753789337477e+00 4.152445578112418298e+04 7.941497614000835165e+04 5.180274530823772983e-01 2.124801132305625943e+05
9.789161530403107463e+04 1.230160816349992529e+05 1.709875351726155204e+05 2.124805195820826048e+05 1.258767578813084838e+05 2.124802880923523626e+05 2.896858725757084903e+05 1.368400430619285326e+05 2.096281665332370612e+05 2.124804395709324745e+05 1.542878242856762954e+05 2.124805384253960801e+05 2.124801478703694011e+05 1.847355788867037045e+05 2.124801617614148417e+05 2.094445529715807934e+05 3.668447374434675439e+05 2.089385816186057928e+05 2.124803601166100416e+05 2.021500032162507996e+05 2.124802552120023465e+05 2.109625261931247369e+05 1.913603593164718186e+05 2.124801132305625943e+05 4.109252799199913716e+04
