6.347831139817601070e+03 1.002615106291495031e+05 1.435199775153363880e+05 1.041677455846513622e+05 1.692766793654411595e+04 3.907356202378563921e+03 3.907291989383953478e+03 1.458345486226380744e+05 3.907162512226025228e+03 1.039235618426760921e+05 1.302096107795048883e+05 3.907387530819904441e+03 1.624483851437745907e+05 1.002614542275922431e+05 1.041677184555349813e+05 3.907314793064929290e+03 1.807074150297883316e+05 1.979178949175822781e+05 1.071442310188837146e+05 1.002616370772946975e+05 2.883294839340557155e+04 1.692820524515108991e+04 3.907154277668390023e+03 3.907209019698444990e+03 1.875010044811543194e+05
1.002615106291495176e+05 2.159834733705893739e-01 1.180567890835256112e+05 2.083477043868397595e+04 8.333451410835493880e+04 1.041674882290778478e+05 1.041675052776074444e+05 1.250015417626966082e+05 1.041674164441543107e+05 1.953255039545255204e+04 8.854306595520155679e+04 1.041674906027515099e+05 1.416154056030286883e+05 1.172945560796419429e+00 2.083487907164681019e+04 1.041674596159438370e+05 1.598747160370489291e+05 1.979177938562782365e+05 2.381079699293505109e+04 7.974659395470303780e-01 7.738176702635761467e+04 8.333424979588366114e+04 1.041678233618771192e+05 1.041678142361110949e+05 2.083347097971131734e+05
1.435199775153363880e+05 1.180567890835256112e+05 1.183146894347361922e+04 1.180572568735827954e+05 1.435200337195970351e+05 1.435193283316047746e+05 1.435194746234749036e+05 9.260417160339915426e+03 1.435193606613846787e+05 1.180569655257936975e+05 4.774424447552181664e+04 1.435193309768983745e+05 2.587462917318127438e+04 1.180569678989651729e+05 1.180570557773834444e+05 1.435193034947306733e+05 7.396927696936512075e+04 1.145844654297170346e+05 1.150804710953299509e+05 1.180567874815776158e+05 1.375673225649109809e+05 1.435197242576060235e+05 1.435198250004151778e+05 1.435198392588924034e+05 1.250013549706175836e+05
1.041677455846513622e+05 2.083477043868397595e+04 1.180572568735827954e+05 2.023602811342167518e-01 1.041677185136434127e+05 1.041678448319243325e+05 1.041679638169715327e+05 1.250011502618061204e+05 1.041678379887490300e+05 1.303063738379058805e+03 7.291791290082280466e+04 1.041679016158978338e+05 1.416151212003787805e+05 2.083462964466328776e+04 7.729197705331837254e-01 1.041677612616021215e+05 1.598743459264292032e+05 1.979180352827099268e+05 2.977528430641053092e+03 2.083491181974620122e+04 9.821569836281488824e+04 1.041680915856856882e+05 1.041677324246405624e+05 1.041678174210290163e+05 2.083344975198412722e+05
1.692766793654411595e+04 8.333451410835493880e+04 1.435200337195970351e+05 1.041677185136434127e+05 1.583968062455680115e-01 2.083454564876196673e+04 2.083448448797075616e+04 1.458345744626697269e+05 2.083434046092357676e+04 1.028656691734489577e+05 1.302096086235514667e+05 2.083450296290393453e+04 1.624484539968447934e+05 8.333447367143357405e+04 1.041676818153607746e+05 2.083443148744975406e+04 1.807074895075996465e+05 1.979179756538327201e+05 1.071442717179415631e+05 8.333463497658069537e+04 1.190586322138118339e+04 1.085897019554816545e+00 2.083426319965639414e+04 2.083428655872073068e+04 1.875009846629891254e+05
3.907356202378563921e+03 1.041674882290778478e+05 1.435193283316047746e+05 1.041678448319243325e+05 2.083454564876196673e+04 1.403137567796700902e-01 5.747033956987932513e-01 1.458344721138431341e+05 4.773538425000783958e-01 1.041677553048466070e+05 1.302093092085896933e+05 3.773270393335446116e-01 1.624483873522757785e+05 1.041678009371085500e+05 1.041678060880354606e+05 2.860657964618808502e-01 1.807075755339162715e+05 1.979175073870704509e+05 1.071437542030925979e+05 1.041675236661693780e+05 3.273901964458007569e+04 2.083418398974982483e+04 8.446802813454586945e-01 9.933741437277487929e-01 1.875011139903392759e+05
3.907291989383953478e+03 1.041675052776074444e+05 1.435194746234749036e+05 1.041679638169715327e+05 2.083448448797075616e+04 5.747033956987932513e-01 1.242372485110987829e-01 1.458345342021213728e+05 4.671644291213002398e-01 1.041678415757089824e+05 1.302094274349507614e+05 5.334371183733749300e-01 1.624484450080270180e+05 1.041678593229944672e+05 1.041679139971632394e+05 5.437543952180030615e-01 1.807076543387230777e+05 1.979175662792107323e+05 1.071439335254671460e+05 1.041675739951680298e+05 3.273891485255461885e+04 2.083415714676182324e+04 8.434355840600129550e-01 1.038427283724486339e+00 1.875011660489474889e+05
1.458345486226381036e+05 1.250015417626966082e+05 9.260417160339915426e+03 1.250011502618061204e+05 1.458345744626697269e+05 1.458344721138431341e+05 1.458345342021213728e+05 2.557913666088841853e-01 1.458344646124305727e+05 1.250013160098955123e+05 5.468880793458867993e+04 1.458344522374688531e+05 1.661474153153185034e+04 1.250012857152158977e+05 1.250013631396752025e+05 1.458344585821630026e+05 7.191142673717612342e+04 1.145847997375965060e+05 1.220252452765180351e+05 1.250015875101622660e+05 1.398825055013590318e+05 1.458347543260730745e+05 1.458342925790551817e+05 1.458342790518512775e+05 1.250009830267010693e+05
3.907162512226025228e+03 1.041674164441543107e+05 1.435193606613846787e+05 1.041678379887490300e+05 2.083434046092357676e+04 4.773538425000783958e-01 4.671644291213001843e-01 1.458344646124305727e+05 1.162422365155892784e-01 1.041677546773046779e+05 1.302094112386368215e+05 4.858957622777825835e-01 1.624484153303911444e+05 1.041677681855861738e+05 1.041678264032665174e+05 3.718137190788162738e-01 1.807075958063772996e+05 1.979174409305143054e+05 1.071437634782297682e+05 1.041674829739116831e+05 3.273886601634213730e+04 2.083413723232848133e+04 9.705367379299260078e-01 1.019704737545796380e+00 1.875010383764202998e+05
1.039235618426761212e+05 1.953255039545255204e+04 1.180569655257936975e+05 1.303063738379058805e+03 1.028656691734489286e+05 1.041677553048466070e+05 1.041678415757089824e+05 1.250013160098955123e+05 1.041677546773046779e+05 2.441545802393707163e+03 7.389451814420292794e+04 1.041678647088088328e+05 1.416153434580317989e+05 1.953230405329514542e+04 1.303116438866057024e+03 1.041677229431497399e+05 1.598745220099737344e+05 1.979181234110168007e+05 4.279572614219807292e+03 1.953253507029777029e+04 9.691329901889164466e+04 1.028658550396409410e+05 1.041676802663525741e+05 1.041676997767856956e+05 2.083345319737418031e+05
1.302096107795049174e+05 8.854306595520157134e+04 4.774424447552181664e+04 7.291791290082280466e+04 1.302096086235514667e+05 1.302093092085896933e+05 1.302094274349507614e+05 5.468880793458868720e+04 1.302094112386368215e+05 7.389451814420292794e+04 1.627639898821824863e+04 1.302093747833605885e+05 7.130279252681515936e+04 8.854309027777782467e+04 7.291787030938491807e+04 1.302092917124390369e+05 8.956200477760937065e+04 1.276053819240070588e+05 6.994181058469397249e+04 8.854301992151033483e+04 1.242572407762450457e+05 1.302096744933807349e+05 1.302094942889200320e+05 1.302095581624735496e+05 1.380222578729140514e+05
3.907387530819904441e+03 1.041674906027515099e+05 1.435193309768983745e+05 1.041679016158978338e+05 2.083450296290393453e+04 3.773270393335446116e-01 5.334371183733749300e-01 1.458344522374688531e+05 4.858957622777825835e-01 1.041678647088088328e+05 1.302093747833605448e+05 1.282487141142069353e-01 1.624483982327461708e+05 1.041678292085406865e+05 1.041679259455278807e+05 4.375389847094101614e-01 1.807076002300356049e+05 1.979174746092946443e+05 1.071438636780410307e+05 1.041675630252101109e+05 3.273902568486981545e+04 2.083427221085098427e+04 8.953511727303612444e-01 1.005149293742653605e+00 1.875011055481896619e+05
1.624483851437746198e+05 1.416154056030286883e+05 2.587462917318127074e+04 1.416151212003787805e+05 1.624484539968447934e+05 1.624483873522757785e+05 1.624484450080270180e+05 1.661474153153185034e+04 1.624484153303911444e+05 1.416153434580317989e+05 7.130279252681515936e+04 1.624483982327461708e+05 1.106953358498695525e+04 1.416152073799894715e+05 1.416153269226851116e+05 1.624484214590238407e+05 7.065260400065682188e+04 1.142374662010913453e+05 1.386391818530576711e+05 1.416154668928224128e+05 1.564964456544357236e+05 1.624486739113289514e+05 1.624482235884272086e+05 1.624482888591088995e+05 1.250007098816597718e+05
1.002614542275922868e+05 1.172945560796419429e+00 1.180569678989651875e+05 2.083462964466328776e+04 8.333447367143357405e+04 1.041678009371085645e+05 1.041678593229944672e+05 1.250012857152158977e+05 1.041677681855861738e+05 1.953230405329514542e+04 8.854309027777782467e+04 1.041678292085407011e+05 1.416152073799895006e+05 1.205346996822833083e-01 2.083456117365427053e+04 1.041677620056496962e+05 1.598745548091526725e+05 1.979181117830788426e+05 2.381113605224704588e+04 9.240766144678311811e-01 7.738220448302412115e+04 8.333451786473956599e+04 1.041676750993008463e+05 1.041677013888888469e+05 2.083343308150328812e+05
1.041677184555350104e+05 2.083487907164681019e+04 1.180570557773834444e+05 7.729197705331837254e-01 1.041676818153607746e+05 1.041678060880354606e+05 1.041679139971632394e+05 1.250013631396751880e+05 1.041678264032665174e+05 1.303116438866057024e+03 7.291787030938491807e+04 1.041679259455278807e+05 1.416153269226851698e+05 2.083456117365427053e+04 1.631884560060927192e-01 1.041677266903460695e+05 1.598743326474218338e+05 1.979180775280802627e+05 2.977376210165074099e+03 2.083482714149974345e+04 9.821568332647829084e+04 1.041680590550101770e+05 1.041677837019149447e+05 1.041678467817825294e+05 2.083346207837302063e+05
3.907314793064929290e+03 1.041674596159438370e+05 1.435193034947306733e+05 1.041677612616021215e+05 2.083443148744975406e+04 2.860657964618808502e-01 5.437543952180030615e-01 1.458344585821630026e+05 3.718137190788162738e-01 1.041677229431497399e+05 1.302092917124390369e+05 4.375389847094101614e-01 1.624484214590238407e+05 1.041677620056496817e+05 1.041677266903460695e+05 5.596578260188690701e-02 1.807076738053158915e+05 1.979174280985168007e+05 1.071436912494017306e+05 1.041674363316301460e+05 3.273892563195273397e+04 2.083408094187894312e+04 8.055830403921072635e-01 9.208869382257780511e-01 1.875010677083332557e+05
1.807074150297883607e+05 1.598747160370489291e+05 7.396927696936512075e+04 1.598743459264292032e+05 1.807074895075996465e+05 1.807075755339162715e+05 1.807076543387230777e+05 7.191142673717612342e+04 1.807075958063772996e+05 1.598745220099737344e+05 8.956200477760937065e+04 1.807076002300356049e+05 7.065260400065682188e+04 1.598745548091526434e+05 1.598743326474218338e+05 1.807076738053158915e+05 3.328512626874402486e+04 6.273297455591904873e+04 1.568985354964078288e+05 1.598747938295659260e+05 1.747556207592630526e+05 1.807079115595761104e+05 1.807074339118486678e+05 1.807076249858030060e+05 7.392405261801660527e+04
1.979178949175822781e+05 1.979177938562782365e+05 1.145844654297170346e+05 1.979180352827099268e+05 1.979179756538327201e+05 1.979175073870704509e+05 1.979175662792107323e+05 1.145847997375965060e+05 1.979174409305143054e+05 1.979181234110168007e+05 1.276053819240070588e+05 1.979174746092946443e+05 1.142374662010913453e+05 1.979181117830788426e+05 1.979180775280802627e+05 1.979174280985168007e+05 6.273297455591904873e+04 2.121895442928628836e+04 1.949417050877312722e+05 1.979177754739252850e+05 1.919654274177022162e+05 1.979177411834420054e+05 1.979177937922929705e+05 1.979179322916665114e+05 2.921809954125043078e+04
1.071442310188837146e+05 2.381079699293505109e+04 1.150804710953299946e+05 2.977528430641053092e+03 1.071442717179415631e+05 1.071437542030925979e+05 1.071439335254671460e+05 1.220252452765180351e+05 1.071437634782297682e+05 4.279572614219807292e+03 6.994181058469397249e+04 1.071438636780410307e+05 1.386391818530576711e+05 2.381113605224704588e+04 2.977376210165074099e+03 1.071436912494017306e+05 1.568985354964078288e+05 1.949417050877312722e+05 5.102253961921650443e+03 2.381086696258957454e+04 1.011915869602806633e+05 1.071440320830633718e+05 1.071442600009833550e+05 1.071442195239388093e+05 2.053585353522901132e+05
1.002616370772946975e+05 7.974659395470303780e-01 1.180567874815776158e+05 2.083491181974620122e+04 8.333463497658069537e+04 1.041675236661693634e+05 1.041675739951680007e+05 1.250015875101622369e+05 1.041674829739116540e+05 1.953253507029777029e+04 8.854301992151030572e+04 1.041675630252100818e+05 1.416154668928223837e+05 9.240766144678312921e-01 2.083482714149974345e+04 1.041674363316301169e+05 1.598747938295658969e+05 1.979177754739252850e+05 2.381086696258957454e+04 3.279895929300878921e-01 7.738186281670436438e+04 8.333427565383243200e+04 1.041678368019053742e+05 1.041678758235431014e+05 2.083346100178649649e+05
2.883294839340557155e+04 7.738176702635760012e+04 1.375673225649109809e+05 9.821569836281487369e+04 1.190586322138118521e+04 3.273901964458007569e+04 3.273891485255461885e+04 1.398825055013589736e+05 3.273886601634213730e+04 9.691329901889161556e+04 1.242572407762450166e+05 3.273902568486981545e+04 1.564964456544357236e+05 7.738220448302410659e+04 9.821568332647829084e+04 3.273892563195273397e+04 1.747556207592630526e+05 1.919654274177022162e+05 1.011915869602806633e+05 7.738186281670436438e+04 1.870771902797957591e+04 1.190557273461919794e+04 3.273937342238189012e+04 3.273932415584743285e+04 1.815489900235249661e+05
1.692820524515108991e+04 8.333424979588366114e+04 1.435197242576060235e+05 1.041680915856856882e+05 1.085897019554816545e+00 2.083418398974982483e+04 2.083415714676182324e+04 1.458347543260730745e+05 2.083413723232848133e+04 1.028658550396409410e+05 1.302096744933807349e+05 2.083427221085098427e+04 1.624486739113289514e+05 8.333451786473955144e+04 1.041680590550101770e+05 2.083408094187894312e+04 1.807079115595761104e+05 1.979177411834420054e+05 1.071440320830633718e+05 8.333427565383244655e+04 1.190557273461919794e+04 1.663855314586872858e-01 2.083446561424491665e+04 2.083446875000002183e+04 1.875012688827840320e+05
3.907154277668390023e+03 1.041678233618771192e+05 1.435198250004151778e+05 1.041677324246405624e+05 2.083426319965639414e+04 8.446802813454586945e-01 8.434355840600129550e-01 1.458342925790551526e+05 9.705367379299260078e-01 1.041676802663526032e+05 1.302094942889199883e+05 8.953511727303612444e-01 1.624482235884272086e+05 1.041676750993008172e+05 1.041677837019149447e+05 8.055830403921072635e-01 1.807074339118486678e+05 1.979177937922929414e+05 1.071442600009833550e+05 1.041678368019053742e+05 3.273937342238189012e+04 2.083446561424491665e+04 1.559434958982757191e-01 5.850027233350330036e-01 1.875008402748755761e+05
3.907209019698444990e+03 1.041678142361110949e+05 1.435198392588924034e+05 1.041678174210290163e+05 2.083428655872073068e+04 9.933741437277487929e-01 1.038427283724486339e+00 1.458342790518512775e+05 1.019704737545796380e+00 1.041676997767857247e+05 1.302095581624735496e+05 1.005149293742653605e+00 1.624482888591088995e+05 1.041677013888888177e+05 1.041678467817825294e+05 9.208869382257780511e-01 1.807076249858030060e+05 1.979179322916665114e+05 1.071442195239388093e+05 1.041678758235431014e+05 3.273932415584743285e+04 2.083446875000002183e+04 5.850027233350330036e-01 2.040476251466069035e-01 1.875009235789919621e+05
1.875010044811543194e+05 2.083347097971131734e+05 1.250013549706175836e+05 2.083344975198412722e+05 1.875009846629891254e+05 1.875011139903392759e+05 1.875011660489474889e+05 1.250009830267010548e+05 1.875010383764202998e+05 2.083345319737418031e+05 1.380222578729140514e+05 1.875011055481896619e+05 1.250007098816597718e+05 2.083343308150328230e+05 2.083346207837302063e+05 1.875010677083332557e+05 7.392405261801660527e+04 2.921809954125042714e+04 2.053585353522901132e+05 2.083346100178649649e+05 1.815489900235249661e+05 1.875012688827840320e+05 1.875008402748755761e+05 1.875009235789919621e+05 9.680793753434838436e+03
