9.766518618712027866e-01 2.912828498971569570e+04 1.433389943854099511e+04 1.709218811922005088e+00 9.710125015484512915e+03 1.041883043960768118e+05 1.618314695732159453e+04 3.050110154333808459e+05 8.639069886087908526e+04 3.618919909193348576e+04 2.300003213396574720e+05 6.112316038337780628e+05 7.643155828237674723e+04 9.710506305722035904e+03 3.845581515180745628e+05 1.662654242664179494e+00 1.704364347418737598e+05 9.710421150795711583e+03 2.912834557386942834e+04 9.710560687579183650e+03 1.354909408502016449e+05 4.857346828329723794e+05 4.867405724795618153e+04 1.514950981313464290e+05 1.674366313417449348e+00
2.912828498971569570e+04 9.991816071404676647e-01 1.572079571565931474e+04 2.912813935931232118e+04 2.912771524521442188e+04 1.041884536184082535e+05 2.265567244987771846e+04 3.050112108317087404e+05 8.639074690625567746e+04 1.677164522495753772e+04 2.300004083929145127e+05 6.112316685308426386e+05 6.672276890156742593e+04 2.912818225874738710e+04 3.845583470572771621e+05 2.912829925470616581e+04 1.704366469237211277e+05 2.912804088558333387e+04 1.774062323838834221e+00 2.912824761375886737e+04 1.354911480742098647e+05 4.857347998195558321e+05 3.033533242748227713e+04 1.514952210120131203e+05 2.912829053353982454e+04
1.433389943854099511e+04 1.572079571565931474e+04 5.548861373814493163e+03 1.433384214980035904e+04 2.404216344880290126e+04 1.041884334249217209e+05 1.756999977272797332e+04 3.050110662289157044e+05 8.639077221974365239e+04 2.555575161670636589e+04 2.300004055934755597e+05 6.112316536515170010e+05 7.643157250854445738e+04 2.404261198470178351e+04 3.845582447710864944e+05 1.433392103849442174e+04 1.704365339788360870e+05 2.404250610970894923e+04 1.572085431241786864e+04 2.404265460082448408e+04 1.354911115991425468e+05 4.857347386370724998e+05 3.940565041967623984e+04 1.514952065687255817e+05 1.433393680695485091e+04
1.709218811922005088e+00 2.912813935931232118e+04 1.433384214980035904e+04 9.211079987579292583e-01 9.709934806056646266e+03 1.041881767012914643e+05 1.618306156306811135e+04 3.050108458881933475e+05 8.639050576374976663e+04 3.618906522060915449e+04 2.300000332486891130e+05 6.112315615204025526e+05 7.643136151799286017e+04 9.710362831166941760e+03 3.845580391342834919e+05 1.617435246472775701e+00 1.704362255749349715e+05 9.710198204703732699e+03 2.912819128659328271e+04 9.710443713630927959e+03 1.354907908363446768e+05 4.857346019973036018e+05 4.867383984127271106e+04 1.514948567748757487e+05 1.679504429994896020e+00
9.710125015484512915e+03 2.912771524521442188e+04 2.404216344880290126e+04 9.709934806056646266e+03 5.821318810802816879e-01 1.041878532284720859e+05 6.473892373069241330e+03 3.050106727275252342e+05 8.639016257567470893e+04 3.618864819409029587e+04 2.299998950472875731e+05 6.112314642257703235e+05 7.643101329236934544e+04 1.286969804431136177e+00 3.845578918650892447e+05 9.710099843103093008e+03 1.704360289110168524e+05 1.074467581561483254e+00 2.912776086616346220e+04 1.337538346219750318e+00 1.354904621799328888e+05 4.857344721665563993e+05 4.867351277099444997e+04 1.514945682303110370e+05 9.710145591289363438e+03
1.041883043960768118e+05 1.041884536184082535e+05 1.041884334249217354e+05 1.041881767012914788e+05 1.041878532284720859e+05 1.679080307906904272e+04 1.041884109565232793e+05 2.821757425845927792e+05 4.133004394456298178e+04 1.041884121593314048e+05 2.073468575652912841e+05 5.982261481219457928e+05 6.535332857863893150e+04 1.041882224388349568e+05 3.680364931946077268e+05 1.041883065290274681e+05 1.337592212005198817e+05 1.041880944023553893e+05 1.041885089679351076e+05 1.041883047223741160e+05 8.076369376359338639e+04 4.727898861215896322e+05 9.327263076042137982e+04 1.090903680294632795e+05 1.041883548011250241e+05
1.618314695732159453e+04 2.265567244987771846e+04 1.756999977272797332e+04 1.618306156306811135e+04 6.473892373069241330e+03 1.041884109565232793e+05 4.316007966269260578e+03 3.050111080979513354e+05 8.639069011968663835e+04 2.971651994033199662e+04 2.300003670513883990e+05 6.112316904705483466e+05 7.643149582766178355e+04 6.474335878595372378e+03 3.845582692086898605e+05 1.618314701289313962e+04 1.704365188890096324e+05 6.474209262269399005e+03 2.265567025416259276e+04 6.474366030343499915e+03 1.354910475768851466e+05 4.857347903615632094e+05 4.292062238138171233e+04 1.514951432984515850e+05 1.618319206080442927e+04
3.050110154333809041e+05 3.050112108317087404e+05 3.050110662289157626e+05 3.050108458881934057e+05 3.050106727275253506e+05 2.821757425845928956e+05 3.050111080979513936e+05 9.859916560534610471e+04 2.932586228759855148e+05 3.050112265410645050e+05 1.790910380556130840e+05 5.074112951216155780e+05 2.953025163486854290e+05 3.050109040930473129e+05 2.475875271216299152e+05 3.050110038168810424e+05 2.510749245636939304e+05 3.050108102557932725e+05 3.050111593465489568e+05 3.050109569006125676e+05 2.734640590521939448e+05 3.871956141413226724e+05 3.039324723992556683e+05 2.630345470389816910e+05 3.050110570770355407e+05
8.639069886087908526e+04 8.639074690625567746e+04 8.639077221974365239e+04 8.639050576374976663e+04 8.639016257567472348e+04 4.133004394456298178e+04 8.639069011968663835e+04 2.932586228759854566e+05 1.716735428223800045e+04 8.639070255464904767e+04 2.182478424217985303e+05 6.015230368123298977e+05 4.199601836180852843e+04 8.639058586927632859e+04 3.740966121208611876e+05 8.639067662399748224e+04 1.446602821522070153e+05 8.639042479450601968e+04 8.639080045797122875e+04 8.639063167184067424e+04 9.931958194490450842e+04 4.760261340220362763e+05 6.602015344718744745e+04 1.203250285093522252e+05 8.639073485516625806e+04
3.618919909193348576e+04 1.677164522495753408e+04 2.555575161670636226e+04 3.618906522060915449e+04 3.618864819409029587e+04 1.041884121593314048e+05 2.971651994033199298e+04 3.050112265410645050e+05 8.639070255464904767e+04 3.852522285219536570e+03 2.300004571334284265e+05 6.112317180040143430e+05 5.966188199575428735e+04 3.618916039145262766e+04 3.845583720215912908e+05 3.618918297934549628e+04 1.704366528293424926e+05 3.618900905275068362e+04 1.677163033724222987e+04 3.618919422775987186e+04 1.354911414410892758e+05 4.857348371640330297e+05 2.298964229936781703e+04 1.514952669603348768e+05 3.618921388293075142e+04
2.300003213396574720e+05 2.300004083929145127e+05 2.300004055934756179e+05 2.300000332486890547e+05 2.299998950472875731e+05 2.073468575652912841e+05 2.300003670513883990e+05 1.790910380556131131e+05 2.182478424217985303e+05 2.300004571334284265e+05 5.495947157270918979e+04 5.362553577541850973e+05 2.202917653064737679e+05 2.300001885838119197e+05 2.952997530273395823e+05 2.300003000142003002e+05 1.429727667226764315e+05 2.300000507632759400e+05 2.300003972409416456e+05 2.300002319862155127e+05 1.884620277238052513e+05 4.149238244396532536e+05 2.289217064854663913e+05 1.619741910641760624e+05 2.300003146684536769e+05
6.112316038337780628e+05 6.112316685308426386e+05 6.112316536515170010e+05 6.112315615204026690e+05 6.112314642257703235e+05 5.982261481219457928e+05 6.112316904705483466e+05 5.074112951216155780e+05 6.015230368123298977e+05 6.112317180040143430e+05 5.362553577541849809e+05 2.010620944882004114e+05 6.015230028176823398e+05 6.112315292369225062e+05 4.775877273098531878e+05 6.112316187604772858e+05 5.809466265023327433e+05 6.112315286188321188e+05 6.112317312151057413e+05 6.112315880260104313e+05 5.918143083034863230e+05 4.212081384754936444e+05 6.101529777890897822e+05 5.914933711039004847e+05 6.112315697536639636e+05
7.643155828237674723e+04 6.672276890156741138e+04 7.643157250854445738e+04 7.643136151799286017e+04 7.643101329236934544e+04 6.535332857863893878e+04 7.643149582766178355e+04 2.953025163486853708e+05 4.199601836180852843e+04 5.966188199575429462e+04 2.202917653064737970e+05 6.015230028176823398e+05 2.164925470410893467e+03 7.643145025841695315e+04 3.748496152313384227e+05 7.643153720587935823e+04 1.564129312896307383e+05 7.643128590344806435e+04 6.672285155520196713e+04 7.643150996382384619e+04 1.126449838009114901e+05 4.760261147534657503e+05 5.191920674371007044e+04 1.320777425948120945e+05 7.643160122813058842e+04
9.710506305722035904e+03 2.912818225874737982e+04 2.404261198470178351e+04 9.710362831166941760e+03 1.286969804431136177e+00 1.041882224388349568e+05 6.474335878595372378e+03 3.050109040930473129e+05 8.639058586927629949e+04 3.618916039145262766e+04 2.300001885838119197e+05 6.112315292369225062e+05 7.643145025841695315e+04 9.835938999361940605e-01 3.845580309512381791e+05 9.710532972578079352e+03 1.704363174004535540e+05 1.522932878736564133e+00 2.912825674678390351e+04 1.599453830144130118e+00 1.354908517741943069e+05 4.857345837123862002e+05 4.867393676103514008e+04 1.514949331186633790e+05 9.710522706028597895e+03
3.845581515180745628e+05 3.845583470572771621e+05 3.845582447710864944e+05 3.845580391342834919e+05 3.845578918650892447e+05 3.680364931946077268e+05 3.845582692086899187e+05 2.475875271216299443e+05 3.740966121208611876e+05 3.845583720215912908e+05 2.952997530273395823e+05 4.775877273098531878e+05 3.748496152313384227e+05 3.845580309512381791e+05 1.299569469589476794e+05 3.845581647617085255e+05 3.446861095407396206e+05 3.845580175789505010e+05 3.845583231365539832e+05 3.845581234720195062e+05 3.607054262967935065e+05 3.152309758900922025e+05 3.834796342984561925e+05 3.552329631433816394e+05 3.845582034314416815e+05
1.662654242664179716e+00 2.912829925470615854e+04 1.433392103849442174e+04 1.617435246472776145e+00 9.710099843103093008e+03 1.041883065290274681e+05 1.618314701289313962e+04 3.050110038168809842e+05 8.639067662399748224e+04 3.618918297934549628e+04 2.300003000142003002e+05 6.112316187604771694e+05 7.643153720587935823e+04 9.710532972578079352e+03 3.845581647617085255e+05 9.846645343491183811e-01 1.704364027901728987e+05 9.710431891615986387e+03 2.912833493187346176e+04 9.710479819019592469e+03 1.354909413198131078e+05 4.857346754958744277e+05 4.867399251985973387e+04 1.514950979748319951e+05 1.715989412384848034e+00
1.704364347418737598e+05 1.704366469237211277e+05 1.704365339788360870e+05 1.704362255749349715e+05 1.704360289110168524e+05 1.337592212005198817e+05 1.704365188890096324e+05 2.510749245636939304e+05 1.446602821522070153e+05 1.704366528293424926e+05 1.429727667226764315e+05 5.809466265023327433e+05 1.564129312896307383e+05 1.704363174004535831e+05 3.446861095407396788e+05 1.704364027901729278e+05 3.074252394254148385e+04 1.704361958012212999e+05 1.704365869444934942e+05 1.704364015593943768e+05 1.036426293442328024e+05 4.554497145026038634e+05 1.688784399902205623e+05 8.381314862124696083e+04 1.704364471417205350e+05
9.710421150795711583e+03 2.912804088558333024e+04 2.404250610970894923e+04 9.710198204703732699e+03 1.074467581561483032e+00 1.041880944023553893e+05 6.474209262269399005e+03 3.050108102557932725e+05 8.639042479450601968e+04 3.618900905275068362e+04 2.300000507632759400e+05 6.112315286188321188e+05 7.643128590344806435e+04 1.522932878736564133e+00 3.845580175789505010e+05 9.710431891615986387e+03 1.704361958012212999e+05 9.183104850415625409e-01 2.912810511618068267e+04 1.623727469101504672e+00 1.354906803729266976e+05 4.857345651949796011e+05 4.867381274386416771e+04 1.514947242873286596e+05 9.710467382702558098e+03
2.912834557386942834e+04 1.774062323838834221e+00 1.572085431241786864e+04 2.912819128659328271e+04 2.912776086616346220e+04 1.041885089679350931e+05 2.265567025416259276e+04 3.050111593465489568e+05 8.639080045797122875e+04 1.677163033724222987e+04 2.300003972409416456e+05 6.112317312151057413e+05 6.672285155520196713e+04 2.912825674678390351e+04 3.845583231365539832e+05 2.912833493187346176e+04 1.704365869444934942e+05 2.912810511618068267e+04 1.035238570796511492e+00 2.912828491949946329e+04 1.354911576425960229e+05 4.857347724189897999e+05 3.033531211379119850e+04 1.514952352391727327e+05 2.912837445415040929e+04
9.710560687579183650e+03 2.912824761375886737e+04 2.404265460082448408e+04 9.710443713630927959e+03 1.337538346219750318e+00 1.041883047223741014e+05 6.474366030343499915e+03 3.050109569006125093e+05 8.639063167184067424e+04 3.618919422775987186e+04 2.300002319862155127e+05 6.112315880260104313e+05 7.643150996382384619e+04 1.599453830144130118e+00 3.845581234720195062e+05 9.710479819019592469e+03 1.704364015593944350e+05 1.623727469101504672e+00 2.912828491949946329e+04 9.834977633860620960e-01 1.354909473560688784e+05 4.857346461542757461e+05 4.867401726860790950e+04 1.514950449147713080e+05 9.710595077994645180e+03
1.354909408502016449e+05 1.354911480742098356e+05 1.354911115991425468e+05 1.354907908363446768e+05 1.354904621799328888e+05 8.076369376359338639e+04 1.354910475768851757e+05 2.734640590521938866e+05 9.931958194490453752e+04 1.354911414410893340e+05 1.884620277238052513e+05 5.918143083034863230e+05 1.126449838009114901e+05 1.354908517741943360e+05 3.607054262967935065e+05 1.354909413198131369e+05 1.036426293442328024e+05 1.354906803729266976e+05 1.354911576425960520e+05 1.354909473560689075e+05 2.818529207221165416e+04 4.663174477724655881e+05 1.315645172086797829e+05 6.543640772911391105e+04 1.354910051463085110e+05
4.857346828329724376e+05 4.857347998195558321e+05 4.857347386370724998e+05 4.857346019973037182e+05 4.857344721665563993e+05 4.727898861215896904e+05 4.857347903615632094e+05 3.871956141413227306e+05 4.760261340220362763e+05 4.857348371640330297e+05 4.149238244396532536e+05 4.212081384754937026e+05 4.760261147534657503e+05 4.857345837123862002e+05 3.152309758900922025e+05 4.857346754958744277e+05 4.554497145026038634e+05 4.857345651949796011e+05 4.857347724189898581e+05 4.857346461542758043e+05 4.663174477724656463e+05 1.535557437814976147e+05 4.846561075049695210e+05 4.659965003416446270e+05 4.857346417087156442e+05
4.867405724795618153e+04 3.033533242748226985e+04 3.940565041967623984e+04 4.867383984127271106e+04 4.867351277099444997e+04 9.327263076042137982e+04 4.292062238138171233e+04 3.039324723992556683e+05 6.602015344718744745e+04 2.298964229936781703e+04 2.289217064854663913e+05 6.101529777890898986e+05 5.191920674371007044e+04 4.867393676103514008e+04 3.834796342984561925e+05 4.867399251985973387e+04 1.688784399902205332e+05 4.867381274386416771e+04 3.033531211379119850e+04 4.867401726860790950e+04 1.315645172086797829e+05 4.846561075049695210e+05 1.891024210906741791e+04 1.493377367647026549e+05 4.867407535042594827e+04
1.514950981313464290e+05 1.514952210120130912e+05 1.514952065687255817e+05 1.514948567748757487e+05 1.514945682303110370e+05 1.090903680294632795e+05 1.514951432984515850e+05 2.630345470389816328e+05 1.203250285093522252e+05 1.514952669603348768e+05 1.619741910641760624e+05 5.914933711039004847e+05 1.320777425948120945e+05 1.514949331186633790e+05 3.552329631433816394e+05 1.514950979748319951e+05 8.381314862124696083e+04 1.514947242873286596e+05 1.514952352391727327e+05 1.514950449147713080e+05 6.543640772911389649e+04 4.659965003416446270e+05 1.493377367647026258e+05 3.128914607279898337e+04 1.514950775699208898e+05
1.674366313417449348e+00 2.912829053353982454e+04 1.433393680695485091e+04 1.679504429994895576e+00 9.710145591289363438e+03 1.041883548011250241e+05 1.618319206080442927e+04 3.050110570770354825e+05 8.639073485516625806e+04 3.618921388293075142e+04 2.300003146684536769e+05 6.112315697536639636e+05 7.643160122813058842e+04 9.710522706028597895e+03 3.845582034314416233e+05 1.715989412384848034e+00 1.704364471417205350e+05 9.710467382702558098e+03 2.912837445415040929e+04 9.710595077994645180e+03 1.354910051463085110e+05 4.857346417087156442e+05 4.867407535042594827e+04 1.514950775699208898e+05 9.738465399575285675e-01
