1.688848766816445357e-01 1.239906366318622167e+05 1.156796899330401357e+05 2.114305434809994767e+05 1.886865504895999402e+04 8.012789383485540151e-01 1.552009130176622421e+05 1.037748871028251742e+05 1.272167320487963993e+00 1.886875308366018362e+04 1.257948908342972391e+04 2.701667888903899002e+05 1.886911995198981094e+04 2.457605460954767477e+05 1.320768175894215528e+05 7.390600460264232785e-01 8.142899003902447364e-01 1.739160718975531636e+05 8.221170056467488757e+04 1.122647355116696666e+00 4.245414983307888906e+04 1.407413519535748225e+00 6.708720706304239866e+04 2.807329667831790284e+05 1.368109409514911112e+00
1.239906366318622167e+05 2.310590667917174414e+03 2.089086472614515878e+04 9.360294824915847857e+04 1.239907146525925928e+05 1.239902599081908556e+05 3.121196586602190655e+04 3.908493842620249779e+04 1.239906033900334878e+05 1.239904017252661288e+05 1.239903838098010892e+05 1.569597937113164517e+05 1.239906231370719033e+05 1.325536727139309223e+05 8.087506098942020799e+03 1.239904684443986043e+05 1.239907720277208718e+05 4.992703997527049796e+04 6.064822810826553905e+04 1.239908566340496909e+05 1.004056923468671012e+05 1.239907116075088852e+05 7.577272420616539603e+04 1.675258994017425284e+05 1.239907042070679599e+05
1.156796899330401357e+05 2.089086472614515878e+04 1.383034755392537045e+04 1.133369683864859689e+05 1.031011415380547260e+05 1.156794850648230786e+05 5.210138869321226230e+04 1.819514824195657275e+04 1.156799582360354980e+05 1.031007892429503408e+05 1.072939119147737656e+05 1.758277745761031110e+05 1.031013075825661945e+05 1.514213739673839591e+05 2.897717870963174209e+04 1.156797018177253340e+05 1.156797408038550202e+05 7.081682068962222547e+04 3.975876735377001751e+04 1.156796882532316667e+05 7.951629465592632187e+04 1.156798499652094179e+05 5.488306446859678545e+04 1.863937203779476404e+05 1.156798751077579509e+05
2.114305434809994767e+05 9.360294824915847857e+04 1.133369683864859689e+05 2.404867734994920829e+04 2.114305665419685538e+05 2.114304777042283677e+05 6.701259858870200696e+04 1.265253814516462444e+05 2.114309501022147888e+05 2.114304015926168358e+05 2.114305845409409667e+05 8.006418374831030087e+04 2.114307855732143216e+05 4.284548119939502067e+04 9.013704257962746487e+04 2.114305316501293273e+05 2.114306101098423242e+05 4.829758285707941832e+04 1.480887519356717821e+05 2.114306679978043248e+05 1.878461176406503073e+05 2.114308805847594922e+05 1.632129804384113813e+05 9.871905718540158705e+04 2.114308256608355441e+05
1.886865504895999402e+04 1.239907146525925928e+05 1.031011415380547260e+05 2.114305665419685538e+05 1.857899484537153534e-01 1.886885624204429041e+04 1.552009504557904729e+05 8.490707053104287479e+04 1.886924690426496090e+04 7.495071742267591652e-01 6.290279304428869182e+03 2.701668635236485279e+05 9.863432170324856196e-01 2.457606112751736073e+05 1.320768984737441060e+05 1.886892202453109348e+04 1.886883377805621421e+04 1.739161426973226189e+05 6.334383272328971361e+04 1.886914686598868866e+04 2.358622548813183676e+04 1.886941691710913801e+04 4.821939976146010304e+04 2.807329738770048134e+05 1.886933864249771432e+04
8.012789383485540151e-01 1.239902599081908556e+05 1.156794850648230786e+05 2.114304777042283677e+05 1.886885624204429041e+04 5.573802340487412493e-02 1.552007868638800865e+05 1.037746951834883512e+05 7.942949609058730376e-01 1.886845004096638877e+04 1.257915492991415522e+04 2.701667748228447163e+05 1.886872933775740603e+04 2.457606668916614726e+05 1.320766604031872994e+05 4.616503170302011516e-01 8.829788144155037433e-01 1.739157719974750944e+05 8.221119413374052965e+04 1.004885164443439782e+00 4.245376137340762216e+04 8.542753986302653590e-01 6.708703172441538482e+04 2.807328316635913798e+05 8.084919842986612037e-01
1.552009130176622421e+05 3.121196586602191019e+04 5.210138869321225502e+04 6.701259858870200696e+04 1.552009504557904729e+05 1.552007868638800865e+05 1.568959567315519962e+04 7.029563857894712419e+04 1.552012327976223023e+05 1.552007185569975409e+05 1.552009614650596050e+05 1.405343399270964728e+05 1.552012409041390929e+05 1.094292311529723520e+05 2.312542638988590988e+04 1.552009253577023628e+05 1.552010512855634734e+05 1.871631776640484168e+04 9.185909913539008994e+04 1.552010996626867855e+05 1.316163857103274495e+05 1.552011287481112522e+05 1.069832425524866994e+05 1.516587594007515290e+05 1.552012053993106238e+05
1.037748871028251742e+05 3.908493842620249779e+04 1.819514824195657275e+04 1.265253814516462444e+05 8.490707053104287479e+04 1.037746951834883512e+05 7.029563857894712419e+04 2.663317418025739070e-01 1.037750898422797618e+05 8.490673845074848214e+04 9.119627370671957033e+04 1.852616208453920553e+05 8.490723306255144416e+04 1.608554273047853203e+05 4.717133556163007597e+04 1.037749595464783924e+05 1.037749604369267327e+05 8.901078863385815930e+04 2.156461055949960792e+04 1.037750126600614749e+05 6.132217917355216196e+04 1.037752079350911517e+05 3.668881283546547638e+04 1.958277341014460544e+05 1.037751648562341143e+05
1.272167320487963993e+00 1.239906033900334878e+05 1.156799582360354980e+05 2.114309501022147888e+05 1.886924690426496090e+04 7.942949609058730376e-01 1.552012327976223023e+05 1.037750898422797618e+05 2.054107328724432135e-01 1.886904608146450119e+04 1.257968917681296989e+04 2.701670682697670418e+05 1.886905861676574204e+04 2.457610467518955411e+05 1.320770330032669299e+05 1.032631314424206082e+00 1.178944580699104794e+00 1.739161157512561185e+05 8.221157884452698636e+04 1.202553966577285971e+00 4.245407452525852568e+04 1.149491711694633489e+00 6.708741376811676309e+04 2.807331859348081634e+05 1.122636773669804855e+00
1.886875308366018362e+04 1.239904017252661288e+05 1.031007892429503408e+05 2.114304015926168358e+05 7.495071742267591652e-01 1.886845004096638877e+04 1.552007185569975409e+05 8.490673845074848214e+04 1.886904608146450119e+04 1.108055662923274065e-01 6.289984574907943170e+03 2.701667796379405772e+05 9.657822296482211355e-01 2.457605863693049760e+05 1.320765594518009457e+05 1.886875391659727393e+04 1.886888931411555677e+04 1.739159277422655723e+05 6.334349958091881854e+04 1.886896298948007097e+04 2.358600811721308128e+04 1.886914608901973406e+04 4.821909134145433927e+04 2.807329742547292844e+05 1.886913372666886789e+04
1.257948908342972391e+04 1.239903838098010892e+05 1.072939119147737656e+05 2.114305845409409667e+05 6.290279304428869182e+03 1.257915492991415522e+04 1.552009614650596050e+05 9.119627370671957033e+04 1.257968917681296989e+04 6.289984574907943170e+03 8.385968454284797190e+03 2.701668316720650764e+05 6.290231101699810097e+03 2.457606866922788904e+05 1.320768479873860488e+05 1.257925109249669731e+04 1.257972920967046957e+04 1.739158544719747733e+05 6.963282059471937828e+04 1.257977896157003306e+04 2.987529309942230248e+04 1.257972892960190984e+04 5.450861834012905456e+04 2.807328614372232696e+05 1.257969433226360707e+04
2.701667888903899002e+05 1.569597937113164517e+05 1.758277745761031110e+05 8.006418374831031542e+04 2.701668635236485279e+05 2.701667748228447745e+05 1.405343399270964728e+05 1.852616208453920553e+05 2.701670682697670418e+05 2.701667796379406354e+05 2.701668316720650764e+05 1.479887294249749539e+04 2.701669810524495551e+05 4.371682766451394855e+04 1.569596713529979170e+05 2.701668084138403647e+05 2.701669325066297315e+05 1.243841768151809956e+05 2.068249057628381706e+05 2.701671084309024736e+05 2.465821978918409150e+05 2.701672261880164733e+05 2.219491389190092741e+05 2.692261673907746444e+04 2.701671425512886490e+05
1.886911995198981094e+04 1.239906231370719033e+05 1.031013075825661945e+05 2.114307855732143216e+05 9.863432170324856196e-01 1.886872933775740239e+04 1.552012409041390929e+05 8.490723306255144416e+04 1.886905861676573841e+04 9.657822296482211355e-01 6.290231101699810097e+03 2.701669810524495551e+05 2.043309078975665549e-01 2.457608714403539489e+05 1.320770732139504689e+05 1.886893055285187074e+04 1.886912686956494872e+04 1.739160969807657239e+05 6.334366454454831546e+04 1.886922153101139338e+04 2.358615019318218401e+04 1.886923717803196269e+04 4.821950360163710866e+04 2.807331112408423796e+05 1.886912571647643199e+04
2.457605460954767477e+05 1.325536727139309223e+05 1.514213739673839591e+05 4.284548119939502067e+04 2.457606112751736073e+05 2.457606668916614726e+05 1.094292311529723520e+05 1.608554273047853203e+05 2.457610467518955411e+05 2.457605863693050051e+05 2.457606866922788904e+05 4.371682766451393400e+04 2.457608714403539489e+05 9.714525361066875121e+03 1.325536547203960072e+05 2.457606813618394663e+05 2.457606644840344088e+05 9.071427339890900475e+04 1.824189442012408108e+05 2.457607754280048830e+05 2.221761617644155340e+05 2.457611357123255148e+05 1.975429734788977366e+05 6.327526560398667061e+04 2.457610217876437528e+05
1.320768175894215528e+05 8.087506098942020799e+03 2.897717870963174209e+04 9.013704257962746487e+04 1.320768984737441060e+05 1.320766604031872994e+05 2.312542638988590988e+04 4.717133556163007597e+04 1.320770330032669299e+05 1.320765594518009457e+05 1.320768479873860488e+05 1.569596713529979170e+05 1.320770732139504689e+05 1.325536547203960072e+05 3.014105679169976626e-01 1.320768230991027958e+05 1.320769217293634138e+05 4.184072463555585273e+04 6.873474039231101051e+04 1.320770594723678078e+05 1.084921425419338775e+05 1.320770639031540486e+05 8.385884150135454547e+04 1.675260361254899180e+05 1.320771466718186275e+05
7.390600460264232785e-01 1.239904684443986043e+05 1.156797018177253340e+05 2.114305316501293273e+05 1.886892202453109712e+04 4.616503170302011516e-01 1.552009253577023628e+05 1.037749595464783924e+05 1.032631314424206082e+00 1.886875391659727757e+04 1.257925109249669731e+04 2.701668084138403647e+05 1.886893055285187074e+04 2.457606813618394663e+05 1.320768230991027958e+05 1.816657487140569960e-01 9.917900809355332248e-01 1.739158187402819749e+05 8.221142911884799832e+04 1.227042679021757232e+00 4.245398504156972922e+04 1.063897164200386047e+00 6.708727234953375591e+04 2.807328911537336535e+05 1.007751941666409135e+00
8.142899003902445143e-01 1.239907720277208718e+05 1.156797408038550202e+05 2.114306101098423242e+05 1.886883377805621421e+04 8.829788144155037433e-01 1.552010512855634734e+05 1.037749604369267327e+05 1.178944580699104794e+00 1.886888931411555677e+04 1.257972920967046957e+04 2.701669325066297315e+05 1.886912686956494872e+04 2.457606644840344088e+05 1.320769217293634138e+05 9.917900809355332248e-01 2.218839074966293679e-01 1.739162513629765308e+05 8.221175217495404650e+04 9.822032817124504156e-01 4.245426475772530830e+04 1.371329362065747404e+00 6.708731641543521255e+04 2.807330738012791844e+05 1.265124805343312397e+00
1.739160718975531636e+05 4.992703997527050524e+04 7.081682068962222547e+04 4.829758285707941832e+04 1.739161426973226189e+05 1.739157719974750944e+05 1.871631776640484532e+04 8.901078863385817385e+04 1.739161157512561185e+05 1.739159277422655723e+05 1.739158544719747733e+05 1.243841768151809956e+05 1.739160969807657239e+05 9.071427339890899020e+04 4.184072463555585273e+04 1.739158187402819749e+05 1.739162513629765308e+05 6.324774286874846439e+03 1.105740141311523184e+05 1.739164522229841969e+05 1.503313499664330739e+05 1.739162133998048084e+05 1.256984377652032126e+05 1.376515510085471324e+05 1.739163142806897231e+05
8.221170056467488757e+04 6.064822810826553177e+04 3.975876735377001751e+04 1.480887519356717821e+05 6.334383272328971361e+04 8.221119413374052965e+04 9.185909913539008994e+04 2.156461055949960792e+04 8.221157884452698636e+04 6.334349958091881854e+04 6.963282059471937828e+04 2.068249057628381706e+05 6.334366454454831546e+04 1.824189442012408108e+05 6.873474039231101051e+04 8.221142911884799832e+04 8.221175217495404650e+04 1.105740141311523184e+05 3.850875448951637281e+03 8.221181040664653119e+04 3.975853181088103156e+04 8.221159432393843599e+04 1.512549650264924094e+04 2.173911122123647656e+05 8.221158828107125009e+04
1.122647355116696666e+00 1.239908566340496909e+05 1.156796882532316667e+05 2.114306679978043248e+05 1.886914686598868866e+04 1.004885164443439782e+00 1.552010996626867855e+05 1.037750126600614749e+05 1.202553966577285971e+00 1.886896298948007097e+04 1.257977896157003306e+04 2.701671084309024736e+05 1.886922153101139338e+04 2.457607754280048830e+05 1.320770594723678078e+05 1.227042679021757232e+00 9.822032817124504156e-01 1.739164522229841969e+05 8.221181040664653119e+04 2.116523656985081214e-01 4.245415451620143722e+04 1.317619215342023642e+00 6.708732823826809181e+04 2.807331198304474819e+05 1.333913686553351186e+00
4.245414983307889634e+04 1.004056923468671012e+05 7.951629465592630731e+04 1.878461176406503073e+05 2.358622548813183676e+04 4.245376137340762216e+04 1.316163857103274495e+05 6.132217917355216196e+04 4.245407452525852568e+04 2.358600811721308128e+04 2.987529309942230248e+04 2.465821978918409150e+05 2.358615019318218401e+04 2.221761617644155340e+05 1.084921425419338775e+05 4.245398504156972922e+04 4.245426475772530830e+04 1.503313499664330739e+05 3.975853181088103156e+04 4.245415451620143722e+04 2.358519558190280804e+04 4.245413430015512131e+04 2.463427241623718146e+04 2.571482928023558052e+05 4.245410020989261830e+04
1.407413519535748225e+00 1.239907116075088852e+05 1.156798499652094179e+05 2.114308805847594922e+05 1.886941691710913801e+04 8.542753986302653590e-01 1.552011287481112522e+05 1.037752079350911517e+05 1.149491711694633489e+00 1.886914608901973406e+04 1.257972892960190984e+04 2.701672261880164733e+05 1.886923717803196632e+04 2.457611357123255148e+05 1.320770639031540486e+05 1.063897164200386047e+00 1.371329362065747404e+00 1.739162133998048084e+05 8.221159432393843599e+04 1.317619215342023642e+00 4.245413430015512131e+04 2.427472802161322052e-01 6.708737662647111574e+04 2.807331961464257329e+05 9.983003723831492815e-01
6.708720706304239866e+04 7.577272420616539603e+04 5.488306446859678545e+04 1.632129804384113813e+05 4.821939976146010304e+04 6.708703172441538482e+04 1.069832425524866994e+05 3.668881283546547638e+04 6.708741376811676309e+04 4.821909134145433927e+04 5.450861834012905456e+04 2.219491389190092741e+05 4.821950360163710866e+04 1.975429734788977366e+05 8.385884150135454547e+04 6.708727234953374136e+04 6.708731641543521255e+04 1.256984377652032126e+05 1.512549650264924094e+04 6.708732823826809181e+04 2.463427241623718146e+04 6.708737662647111574e+04 1.863716262848729457e+03 2.325153410700017412e+05 6.708739292520195886e+04
2.807329667831790284e+05 1.675258994017425284e+05 1.863937203779476404e+05 9.871905718540158705e+04 2.807329738770048134e+05 2.807328316635913798e+05 1.516587594007515290e+05 1.958277341014460544e+05 2.807331859348081634e+05 2.807329742547292844e+05 2.807328614372232696e+05 2.692261673907746444e+04 2.807331112408423796e+05 6.327526560398667061e+04 1.675260361254899180e+05 2.807328911537336535e+05 2.807330738012791844e+05 1.376515510085471324e+05 2.173911122123647656e+05 2.807331198304474819e+05 2.571482928023558052e+05 2.807331961464257329e+05 2.325153410700017412e+05 7.230135288324659086e+03 2.807331078803596320e+05
1.368109409514911112e+00 1.239907042070679599e+05 1.156798751077579509e+05 2.114308256608355441e+05 1.886933864249771432e+04 8.084919842986612037e-01 1.552012053993106238e+05 1.037751648562341143e+05 1.122636773669804855e+00 1.886913372666886789e+04 1.257969433226360707e+04 2.701671425512886490e+05 1.886912571647643199e+04 2.457610217876437528e+05 1.320771466718186566e+05 1.007751941666409135e+00 1.265124805343312175e+00 1.739163142806897231e+05 8.221158828107125009e+04 1.333913686553351186e+00 4.245410020989261830e+04 9.983003723831492815e-01 6.708739292520195886e+04 2.807331078803596320e+05 2.031557412980220245e-01
