6.001493514029092694e+03 7.089721300589687598e+04 5.699836592150204815e+05 2.941983617316123127e+04 1.207617475554640259e+05 1.044793902190886001e+05 8.926382094563468854e+03 1.545681799657736847e+05 1.076728806176161925e+04 4.161072318016506870e+03 1.492556936906004557e+05 5.184774986885953695e+04 2.928913478329024510e+05 4.160875615622381702e+03 1.492711323118774817e+04 1.076702039141886416e+04 4.477782684390858776e+04 1.151403759445128235e+05 4.893724618169358582e+05 1.076740969179789317e+04 2.576379623075649724e+05 8.955398037403645867e+04 1.805800265883817046e+05 1.425784728185762651e+05 3.686451571619240567e+05
7.089721300589687598e+04 5.598021435656217363e+03 5.699838687219629064e+05 5.640466582840171031e+04 7.971720250946146552e+04 4.850942844991081074e+04 7.089748901356502029e+04 1.545685681533240422e+05 7.089735210310292314e+04 7.089742018492807983e+04 1.476850007351697423e+05 1.905127203075637590e+04 2.928917296818910399e+05 7.089730687311747170e+04 7.089750122647016542e+04 7.089701060169916309e+04 4.031256464042659354e+04 7.214905589673973736e+04 4.893727254993898678e+05 7.089734750680877187e+04 2.576383422967897495e+05 3.358388456181993388e+04 1.805803818487368990e+05 1.149047063349444215e+05 3.686454999822790269e+05
5.699836592150202487e+05 5.699838687219629064e+05 2.162445704542774765e+05 5.699837470845188946e+05 5.401331872835103422e+05 5.550584805968583096e+05 5.699836870854949811e+05 5.201292682850089623e+05 5.699836702350991545e+05 5.699836718825841090e+05 5.252077817521868274e+05 5.699838329612856032e+05 5.054515952551148948e+05 5.699836564574769000e+05 5.699837793770479038e+05 5.699835873268062714e+05 5.699838233596400823e+05 5.443976232629505685e+05 4.050213938380597392e+05 5.699836844109692611e+05 5.100176862739088247e+05 5.625211505709511694e+05 5.154739082849865081e+05 5.351580616734350333e+05 4.817950212468448444e+05
2.941983617316123127e+04 5.640466582840171759e+04 5.699837470845188946e+05 1.295453250818790730e+04 1.108116819645969954e+05 8.998686533588594466e+04 2.281351993962448978e+04 1.545685095481890021e+05 2.941990426400639626e+04 2.942001951979762453e+04 1.492559426621328166e+05 3.735512882270120463e+04 2.928916993029661826e+05 2.941995801627249966e+04 1.449441708177141300e+04 2.941958370365538212e+04 3.004048099320861729e+04 1.045979265462860640e+05 4.893725611655666144e+05 2.941990827867938424e+04 2.576382547217727697e+05 7.506136597425708896e+04 1.805804122018930211e+05 1.359453197484240809e+05 3.686454232035931200e+05
1.207617475554640259e+05 7.971720250946146552e+04 5.401331872835103422e+05 1.108116819645969954e+05 9.768364942045303906e+03 4.613506590129101824e+04 1.207619822744434932e+05 1.173328349233881163e+05 1.207618556399433292e+05 1.207618897685452830e+05 9.408918065199481498e+04 9.876664294801426877e+04 2.630411280035611708e+05 1.207617792753876711e+05 1.207619664902065560e+05 1.207615750408464810e+05 1.058365842076089903e+05 1.687974121312186253e+04 4.595220453639892512e+05 1.207619097905870149e+05 2.277875737071795738e+05 6.106040276653308683e+04 1.507297149944515841e+05 4.780319471817481826e+04 3.387948251780752325e+05
1.044793902190886001e+05 4.850942844991081074e+04 5.550584805968583096e+05 8.998686533588594466e+04 4.613506590129101824e+04 3.033459568301485888e+03 1.044796426740879106e+05 1.396431192014436238e+05 1.044794885542647826e+05 1.044795643293741305e+05 1.252967788834227686e+05 6.755890235172750545e+04 2.779664187628604122e+05 1.044794397133851744e+05 1.044796691948611697e+05 1.044791922901562066e+05 7.302833974799097632e+04 3.401811494652659167e+04 4.744473436059643282e+05 1.044795769278621592e+05 2.427129362237364403e+05 2.813986832504504855e+04 1.656549533642615716e+05 8.412099689573454089e+04 3.537201343990845489e+05
8.926382094563468854e+03 7.089748901356502029e+04 5.699836870854949811e+05 2.281351993962448978e+04 1.207619822744434932e+05 1.044796426740879106e+05 7.365472343156713578e+03 1.545684822773573978e+05 1.492712329121442599e+04 6.608037188884275565e+03 1.492559473493301193e+05 5.184798788555005740e+04 2.928916118087387877e+05 6.607998732005850798e+03 8.320761117002959509e+03 1.492684172040962039e+04 4.466972006646802038e+04 1.151406965321333555e+05 4.893725181395132095e+05 1.492715382118622074e+04 2.576381581489148957e+05 8.955416641036320652e+04 1.805803395232099283e+05 1.425787914014105627e+05 3.686453580189447384e+05
1.545681799657736847e+05 1.545685681533240422e+05 5.201292682850089041e+05 1.545685095481890021e+05 1.173328349233881163e+05 1.396431192014436238e+05 1.545684822773573978e+05 2.527736220130197762e+04 1.545682734094055777e+05 1.545683479135252710e+05 5.251462357301437441e+04 1.545685119025887398e+05 2.481157274775124970e+05 1.545681815204913146e+05 1.545684626325453573e+05 1.545679939362018486e+05 1.545685251989598619e+05 1.227749274008344510e+05 4.445967702051984379e+05 1.545683651567143097e+05 1.991526485573195096e+05 1.471057849967103102e+05 6.662876101097230276e+04 9.315069075238669757e+04 3.220038133269179962e+05
1.076728806176162107e+04 7.089735210310292314e+04 5.699836702350991545e+05 2.941990426400639626e+04 1.207618556399433292e+05 1.044794885542647826e+05 1.492712329121442599e+04 1.545682734094055777e+05 9.523504101782762632e-01 1.492710939609754860e+04 1.492557937804684043e+05 5.184786764006577141e+04 2.928914317866729107e+05 1.492694754212276348e+04 1.492716334638191984e+04 1.229338987231943126e+00 4.477794738459942164e+04 1.151404577261559170e+05 4.893724554923746036e+05 1.545406885550622000e+00 2.576380453309311124e+05 8.955411496441194322e+04 1.805800904405565234e+05 1.425786110900167259e+05 3.686451638602187159e+05
4.161072318016507779e+03 7.089742018492807983e+04 5.699836718825841090e+05 2.942001951979762816e+04 1.207618897685452830e+05 1.044795643293741305e+05 6.608037188884277384e+03 1.545683479135253001e+05 1.492710939609755405e+04 9.302408720146628784e-01 1.492558336666969699e+05 5.184793572862390283e+04 2.928915879025699687e+05 1.522805031242767448e+00 1.492721012787460313e+04 1.492683676559888954e+04 4.477798828451622830e+04 1.151405716257445747e+05 4.893725437907028245e+05 1.492708574284366296e+04 2.576381236666796613e+05 8.955411270942208648e+04 1.805802320585763955e+05 1.425786573709910153e+05 3.686453385326181888e+05
1.492556936906004557e+05 1.476850007351697423e+05 5.252077817521868274e+05 1.492559426621328166e+05 9.408918065199480043e+04 1.252967788834227686e+05 1.492559473493301193e+05 5.251462357301436714e+04 1.492557937804684043e+05 1.492558336666969699e+05 1.027530418317531257e+04 1.485118053067608853e+05 2.481157446591070329e+05 1.492556867724005715e+05 1.492559492273293145e+05 1.492555276017965516e+05 1.492559759276693512e+05 1.016572213751181698e+05 4.445967290580436238e+05 1.492558803971952875e+05 2.069706618750925700e+05 1.364908159816579428e+05 1.035762883390049537e+05 5.316698696941216622e+04 3.238695087095958879e+05
5.184774986885953695e+04 1.905127203075637226e+04 5.699838329612856032e+05 3.735512882270119735e+04 9.876664294801426877e+04 6.755890235172750545e+04 5.184798788555005740e+04 1.545685119025887398e+05 5.184786764006576414e+04 5.184793572862389556e+04 1.485118053067608853e+05 7.443064334597890593e+03 2.928916827077618800e+05 5.184784961951751757e+04 5.184805153804184374e+04 5.184755494830059615e+04 2.126302254504217490e+04 9.119853043860214530e+04 4.893727295236279606e+05 5.184794979418811272e+04 2.576383108994730865e+05 5.263348532415774389e+04 1.805803847370512958e+05 1.255585915926002781e+05 3.686454657470532111e+05
2.928913478329023928e+05 2.928917296818909817e+05 5.054515952551148948e+05 2.928916993029661826e+05 2.630411280035611126e+05 2.779664187628604122e+05 2.928916118087387877e+05 2.481157274775124679e+05 2.928914317866728525e+05 2.928915879025699687e+05 2.481157446591070329e+05 2.928916827077618218e+05 7.174475135594313906e+04 2.928913820270647993e+05 2.928916628265007748e+05 2.928912335078864708e+05 2.928916684744243394e+05 2.673054396326093702e+05 4.043034196755720186e+05 2.928914694744701264e+05 1.504203600017752906e+05 2.854291101989186136e+05 2.441127484164809866e+05 2.580658565172317612e+05 2.627921607758199098e+05
4.160875615622380792e+03 7.089730687311747170e+04 5.699836564574770164e+05 2.941995801627250330e+04 1.207617792753876711e+05 1.044794397133851744e+05 6.607998732005851707e+03 1.545681815204913146e+05 1.492694754212276348e+04 1.522805031242767448e+00 1.492556867724005715e+05 5.184784961951751757e+04 2.928913820270648575e+05 9.060531683875094888e-01 1.492718368451601964e+04 1.492663691125489095e+04 4.477795663443016383e+04 1.151404079342670884e+05 4.893724640970319742e+05 1.492705153280053128e+04 2.576379890085016668e+05 8.955404364011579310e+04 1.805800432236246706e+05 1.425784513349846238e+05 3.686451895676822751e+05
1.492711323118774999e+04 7.089750122647015087e+04 5.699837793770479038e+05 1.449441708177141300e+04 1.207619664902065560e+05 1.044796691948611697e+05 8.320761117002961328e+03 1.545684626325453573e+05 1.492716334638191984e+04 1.492721012787459949e+04 1.492559492273293145e+05 5.184805153804184374e+04 2.928916628265007748e+05 1.492718368451601964e+04 1.022409362719687298e+00 1.492686708467253447e+04 4.453334126991048834e+04 1.151407103591075866e+05 4.893725405436863657e+05 1.492710459070308571e+04 2.576382328308304423e+05 8.955416972935214289e+04 1.805803745241328434e+05 1.425788060624841019e+05 3.686454355867543491e+05
1.076702039141886598e+04 7.089701060169916309e+04 5.699835873268062714e+05 2.941958370365538212e+04 1.207615750408464810e+05 1.044791922901562066e+05 1.492684172040962039e+04 1.545679939362018486e+05 1.229338987231943126e+00 1.492683676559888590e+04 1.492555276017965516e+05 5.184755494830059615e+04 2.928912335078865290e+05 1.492663691125489095e+04 1.492686708467253447e+04 6.660506232168187379e-01 4.477763615390009363e+04 1.151401977922265796e+05 4.893723965835971758e+05 1.289874247545839125e+00 2.576378363039251999e+05 8.955379224839560629e+04 1.805798314378680079e+05 1.425783087428861472e+05 3.686450443519016262e+05
4.477782684390860231e+04 4.031256464042659354e+04 5.699838233596400823e+05 3.004048099320861729e+04 1.058365842076089903e+05 7.302833974799097632e+04 4.466972006646802038e+04 1.545685251989598619e+05 4.477794738459942891e+04 4.477798828451622830e+04 1.492559759276693512e+05 2.126302254504217490e+04 2.928916684744243976e+05 4.477795663443016383e+04 4.453334126991048834e+04 4.477763615390009363e+04 1.854126553965358653e+03 9.826847067311541468e+04 4.893726191847721348e+05 4.477800706018422352e+04 2.576382740617704403e+05 4.575672721287386230e+04 1.805803365538738435e+05 1.326285365924343059e+05 3.686454397894694703e+05
1.151403759445128235e+05 7.214905589673973736e+04 5.443976232629505685e+05 1.045979265462860640e+05 1.687974121312185889e+04 3.401811494652659167e+04 1.151406965321333555e+05 1.227749274008344510e+05 1.151404577261559170e+05 1.151405716257445456e+05 1.016572213751181698e+05 9.119853043860214530e+04 2.673054396326094284e+05 1.151404079342670884e+05 1.151407103591075866e+05 1.151401977922265796e+05 9.826847067311541468e+04 1.621748885485416213e+04 4.637864350745049305e+05 1.151405743540856201e+05 2.320520118940185930e+05 5.349231143746463204e+04 1.549939499905567209e+05 6.048136012052685692e+04 3.430591483441479504e+05
4.893724618169358582e+05 4.893727254993898678e+05 4.050213938380599138e+05 4.893725611655666726e+05 4.595220453639892512e+05 4.744473436059642700e+05 4.893725181395132095e+05 4.445967702051984961e+05 4.893724554923746618e+05 4.893725437907028827e+05 4.445967290580435074e+05 4.893727295236279606e+05 4.043034196755720186e+05 4.893724640970320906e+05 4.893725405436863657e+05 4.893723965835970012e+05 4.893726191847720766e+05 4.637864350745049305e+05 2.064935426220166846e+05 4.893724875504266820e+05 4.294064506465882296e+05 4.819099948330884799e+05 4.445966512351788115e+05 4.545469398529526661e+05 3.794723826850773767e+05
1.076740969179789499e+04 7.089734750680877187e+04 5.699836844109692611e+05 2.941990827867938424e+04 1.207619097905870149e+05 1.044795769278621592e+05 1.492715382118622074e+04 1.545683651567143097e+05 1.545406885550622000e+00 1.492708574284365750e+04 1.492558803971952875e+05 5.184794979418811999e+04 2.928914694744700682e+05 1.492705153280053128e+04 1.492710459070308571e+04 1.289874247545838903e+00 4.477800706018421624e+04 1.151405743540856201e+05 4.893724875504267402e+05 9.914114470558064163e-01 2.576380728927029413e+05 8.955414310013607610e+04 1.805801528801793174e+05 1.425786788781860087e+05 3.686452078904045629e+05
2.576379623075650597e+05 2.576383422967896622e+05 5.100176862739088247e+05 2.576382547217727697e+05 2.277875737071795738e+05 2.427129362237364694e+05 2.576381581489149830e+05 1.991526485573195096e+05 2.576380453309311124e+05 2.576381236666796613e+05 2.069706618750925700e+05 2.576383108994730865e+05 1.504203600017752615e+05 2.576379890085017832e+05 2.576382328308304423e+05 2.576378363039251999e+05 2.576382740617704985e+05 2.320520118940186512e+05 4.294064506465882296e+05 2.576380728927029413e+05 7.876941080249025254e+04 2.501755936915233615e+05 1.904273681812124269e+05 2.195566179005986778e+05 2.499543582139567006e+05
8.955398037403645867e+04 3.358388456181993388e+04 5.625211505709511694e+05 7.506136597425710352e+04 6.106040276653308683e+04 2.813986832504504855e+04 8.955416641036320652e+04 1.471057849967103102e+05 8.955411496441194322e+04 8.955411270942208648e+04 1.364908159816579428e+05 5.263348532415774389e+04 2.854291101989186136e+05 8.955404364011579310e+04 8.955416972935214289e+04 8.955379224839560629e+04 4.575672721287386230e+04 5.349231143746463204e+04 4.819099948330884799e+05 8.955414310013607610e+04 2.501755936915233615e+05 1.492648091641363499e+04 1.731177422389981512e+05 9.904645325474491983e+04 3.611828236320565338e+05
1.805800265883817628e+05 1.805803818487368990e+05 5.154739082849864499e+05 1.805804122018930211e+05 1.507297149944515841e+05 1.656549533642615716e+05 1.805803395232099283e+05 6.662876101097228820e+04 1.805800904405565234e+05 1.805802320585763955e+05 1.035762883390049537e+05 1.805803847370513249e+05 2.441127484164810157e+05 1.805800432236246997e+05 1.805803745241328434e+05 1.805798314378680079e+05 1.805803365538738435e+05 1.549939499905567209e+05 4.445966512351788115e+05 1.805801528801793174e+05 1.904273681812124269e+05 1.731177422389981512e+05 2.937897449326734204e+04 1.375063282905107480e+05 3.149597423466423061e+05
1.425784728185762651e+05 1.149047063349444506e+05 5.351580616734350333e+05 1.359453197484240809e+05 4.780319471817481826e+04 8.412099689573454089e+04 1.425787914014105627e+05 9.315069075238669757e+04 1.425786110900167259e+05 1.425786573709910153e+05 5.316698696941215894e+04 1.255585915926002926e+05 2.580658565172318195e+05 1.425784513349845947e+05 1.425788060624841019e+05 1.425783087428861472e+05 1.326285365924343059e+05 6.048136012052685692e+04 4.545469398529525497e+05 1.425786788781860087e+05 2.195566179005986778e+05 9.904645325474491983e+04 1.375063282905107480e+05 2.432879923372506164e+04 3.338197041555374744e+05
3.686451571619239985e+05 3.686454999822790269e+05 4.817950212468448444e+05 3.686454232035931782e+05 3.387948251780752325e+05 3.537201343990845489e+05 3.686453580189448548e+05 3.220038133269179962e+05 3.686451638602187159e+05 3.686453385326181306e+05 3.238695087095959461e+05 3.686454657470532111e+05 2.627921607758199098e+05 3.686451895676822751e+05 3.686454355867543491e+05 3.686450443519016844e+05 3.686454397894694703e+05 3.430591483441479504e+05 3.794723826850773767e+05 3.686452078904045629e+05 2.499543582139567006e+05 3.611828236320565338e+05 3.149597423466423061e+05 3.338197041555374744e+05 1.809188862431082234e+05
