1.250679191654771557e+03 2.418281599783662823e+05 1.979275366794555739e+05 2.357327972581461290e+04 1.376891638603286992e+05 4.897076693598303973e+04 9.083744101361572393e+04 1.643015576575550949e+04 2.357314122838371622e+04 1.035545003657131310e+05 2.357271668520591993e+04 3.015189742433719803e+05 2.357311590547863671e+04 8.879101992745536336e+03 2.357315692232937363e+04 4.668227487258570036e+05 2.357320485615206417e+04 1.658791481625511951e+05 2.357321673870254381e+04 2.357332175825763989e+04 7.005823007309135573e+04 2.357295803766891913e+04 2.255279872813511975e+04 3.922713961469832575e+05 3.183662690471687893e+04
2.418281599783662823e+05 5.311971947022285894e+04 1.175533562273721182e+05 2.418281015723174787e+05 1.690156036541179346e+05 2.189626054311652842e+05 2.090696028199893190e+05 2.303996249862002151e+05 2.418278874764294305e+05 2.003137115164312418e+05 2.418277016704337148e+05 1.638480998815181665e+05 2.418278517879539577e+05 2.418282628372932377e+05 2.418280998435561196e+05 3.561993892917745980e+05 2.418281117474263883e+05 1.435271451886484283e+05 2.418279476513232221e+05 2.418281234567260253e+05 2.111056307343233202e+05 2.418277718081288913e+05 2.418279600447067642e+05 2.825183561463112128e+05 2.189583284070339287e+05
1.979275366794555739e+05 1.175533562273721182e+05 4.120448317381988454e+04 1.979273342121150927e+05 1.175911938586303586e+05 1.750619710625252046e+05 1.621367244752881816e+05 1.864989339819356974e+05 1.979271312393150583e+05 1.515094417208147934e+05 1.979270370532525994e+05 1.972699340481019171e+05 1.979272312473180355e+05 1.979274759144608106e+05 1.979274201369941002e+05 3.750880989474141388e+05 1.979273924725066172e+05 7.910594919651544478e+04 1.979272251250254049e+05 1.979273805013885722e+05 1.693475788927155081e+05 1.979271243984416942e+05 1.979273338832115405e+05 3.022914396417482640e+05 1.750576507164437498e+05
2.357327972581461290e+04 2.418281015723174787e+05 1.979273342121150927e+05 6.445453130178370182e-01 1.376890036434270150e+05 6.611362943349278066e+04 9.695987535071726597e+04 4.000186192932461563e+04 1.143003871406198778e+04 1.084524457206979132e+05 1.142980734715511608e+04 3.015187030573699740e+05 1.143011277092943783e+04 1.469558971917996496e+04 1.609626430578465994e+00 4.668226214452525601e+05 1.399747575312116021e+00 1.658791598211769306e+05 1.143008215142388144e+04 1.248825657826994062e+00 8.148674744276939600e+04 1.143001899780585882e+04 3.062643538881107816e+03 3.922712828511954867e+05 5.176017988599935779e+04
1.376891638603286992e+05 1.690156036541179346e+05 1.175911938586303586e+05 1.376890036434270150e+05 2.599703385384408830e+04 1.107416373360010912e+05 8.967272659246603143e+04 1.262605850102470722e+05 1.376887029224437429e+05 7.346070563482389844e+04 1.376886001057889662e+05 2.383812192081242974e+05 1.376888562257258163e+05 1.376890709761285980e+05 1.376890947046626825e+05 4.096715197781104944e+05 1.376890751871858665e+05 6.848056048624571122e+04 1.376888397206170193e+05 1.376889893756118836e+05 9.743449935963228927e+04 1.376886680207790050e+05 1.376889959733241994e+05 3.324526189561644569e+05 1.148191378875888768e+05
4.897076693598303973e+04 2.189626054311652842e+05 1.750619710625252046e+05 6.611362943349278066e+04 1.107416373360011057e+05 4.170437703985372536e+03 5.859472654992965545e+04 3.754214980098590604e+04 6.611334434872244310e+04 7.609277548704891524e+04 6.611313971692473569e+04 2.786532481010975316e+05 6.611353763640194666e+04 5.713395400585462630e+04 6.611363310970537714e+04 4.439571842510305578e+05 6.611365332811028929e+04 1.428192805745223886e+05 6.611347894030177849e+04 6.611359732680264278e+04 3.250932688625337687e+04 6.611329711093008518e+04 6.611356990253886033e+04 3.694058976858498645e+05 2.120265317941692774e+04
9.083744101361572393e+04 2.090696028199893190e+05 1.621367244752882107e+05 9.695987535071726597e+04 8.967272659246604599e+04 5.859472654992965545e+04 1.372393905121066746e+04 7.940881564733295818e+04 9.695956681678755558e+04 4.287608258596833912e+04 9.695941329465362651e+04 2.710343751159824897e+05 9.695977106810106488e+04 9.521060519795712025e+04 9.695994135237603041e+04 4.363382416186672635e+05 9.695982645041357318e+04 1.240440424358882010e+05 9.695973267971274618e+04 9.695988600265870627e+04 3.977008666477526276e+04 9.695956825444663991e+04 9.695982348106394056e+04 3.617868845960802282e+05 6.771970206741799484e+04
1.643015576575550949e+04 2.303996249862002151e+05 1.864989339819356974e+05 4.000186192932461563e+04 1.262605850102470722e+05 3.754214980098590604e+04 7.940881564733295818e+04 1.142931471023404265e+04 4.000171217871642148e+04 9.212592736124311341e+04 4.000132420790343167e+04 2.900904063742700382e+05 4.000169414456395316e+04 2.530789669255368062e+04 4.000181500262099871e+04 4.553942093095527962e+05 4.000185612728200067e+04 1.544506606619222439e+05 4.000179998241260182e+04 4.000189394408256339e+04 5.862959686138558754e+04 4.000154624218334357e+04 3.898136593306515715e+04 3.808428420755808474e+05 1.665785932334229801e+04
2.357314122838371622e+04 2.418278874764294305e+05 1.979271312393150583e+05 1.143003871406198778e+04 1.376887029224437429e+05 6.611334434872245765e+04 9.695956681678755558e+04 4.000171217871643603e+04 5.888851869312361487e-01 1.084521536080046644e+05 9.146573522098454534e-01 3.015185306427144678e+05 1.214188679655301639e+00 1.469546682104711363e+04 1.143022539993732426e+04 4.668225337575346348e+05 1.143015678028459479e+04 1.658788393723038316e+05 1.218251961465524058e+00 1.143005483483400894e+04 8.148653502294528880e+04 1.042467407022995785e+00 9.389146643469650371e+03 3.922711354435562971e+05 5.175989446700484405e+04
1.035545003657131019e+05 2.003137115164312418e+05 1.515094417208147934e+05 1.084524457206979132e+05 7.346070563482389844e+04 7.609277548704891524e+04 4.287608258596833912e+04 9.212592736124311341e+04 1.084521536080046644e+05 2.679377127592241231e+04 1.084518986138565087e+05 2.626378528027305147e+05 1.084522343339502695e+05 1.070530595487989194e+05 1.084524550162506639e+05 4.292633139733795542e+05 1.084524740135758038e+05 1.106841900472375855e+05 1.084522886812511424e+05 1.084524523321987799e+05 5.900882427809272485e+04 1.084520045842012478e+05 1.084523095430981921e+05 3.545370232633782434e+05 8.068463220232835738e+04
2.357271668520591993e+04 2.418277016704337148e+05 1.979270370532525994e+05 1.142980734715511608e+04 1.376886001057889662e+05 6.611313971692475025e+04 9.695941329465362651e+04 4.000132420790343167e+04 9.146573522098454534e-01 1.084518986138564796e+05 3.732383034826107782e-01 3.015185005511542549e+05 9.537216186215410341e-01 1.469518876487615671e+04 1.142983612967653426e+04 4.668224254191458458e+05 1.142984088603141754e+04 1.658786284760557755e+05 1.081350185910977091e+00 1.142982167122856663e+04 8.148631318288551120e+04 7.702328740824949671e-01 9.388803257957673850e+03 3.922710200914462912e+05 5.175968015369111527e+04
3.015189742433719803e+05 1.638480998815181665e+05 1.972699340481019462e+05 3.015187030573699740e+05 2.383812192081242974e+05 2.786532481010975316e+05 2.710343751159825479e+05 2.900904063742700382e+05 3.015185306427144678e+05 2.626378528027305729e+05 3.015185005511542549e+05 7.585998428732682078e+04 3.015186053895485820e+05 3.015188597317810054e+05 3.015188153917901800e+05 3.190925808369932347e+05 3.015188108545352006e+05 2.263577191197670472e+05 3.015185871074859169e+05 3.015187112766371574e+05 2.729390851828733576e+05 3.015185439025886590e+05 3.015187258215617039e+05 2.301149407633574738e+05 2.786489855456150835e+05
2.357311590547863671e+04 2.418278517879539577e+05 1.979272312473180355e+05 1.143011277092943783e+04 1.376888562257258163e+05 6.611353763640194666e+04 9.695977106810106488e+04 4.000169414456396044e+04 1.214188679655301639e+00 1.084522343339502695e+05 9.537216186215408120e-01 3.015186053895485820e+05 5.782961234447216992e-01 1.469555790137776057e+04 1.143015613023730475e+04 4.668224452594965696e+05 1.143019401369473599e+04 1.658789059647530084e+05 1.250157699270100231e+00 1.143012730704927162e+04 8.148670004895552120e+04 1.130229871449701440e+00 9.389109161848911754e+03 3.922710857431290206e+05 5.176007878445126698e+04
8.879101992745536336e+03 2.418282628372932377e+05 1.979274759144608106e+05 1.469558971917996496e+04 1.376890709761285980e+05 5.713395400585462630e+04 9.521060519795712025e+04 2.530789669255368062e+04 1.469546682104711363e+04 1.070530595487989194e+05 1.469518876487615671e+04 3.015188597317810054e+05 1.469555790137776057e+04 4.665450003324897807e+03 1.469546052735590638e+04 4.668228346630280139e+05 1.469559499503845291e+04 1.658791493682048458e+05 1.469554496177908368e+04 1.469560015231573016e+04 7.822132788462497410e+04 1.469541486972367602e+04 1.367522362531100771e+04 3.922714498416513670e+05 4.053561057120704209e+04
2.357315692232937363e+04 2.418280998435561196e+05 1.979274201369941002e+05 1.609626430578465994e+00 1.376890947046626825e+05 6.611363310970537714e+04 9.695994135237601586e+04 4.000181500262099871e+04 1.143022539993732426e+04 1.084524550162506639e+05 1.142983612967653426e+04 3.015188153917901800e+05 1.143015613023730475e+04 1.469546052735590638e+04 7.238563719415187503e-01 4.668227113373426837e+05 1.518249697026559319e+00 1.658791241803449520e+05 1.143027347849776743e+04 1.598435033315424691e+00 8.148683038473225315e+04 1.143003185405451950e+04 3.062778706634157061e+03 3.922713687152652419e+05 5.176024110202048905e+04
4.668227487258569454e+05 3.561993892917744815e+05 3.750880989474141388e+05 4.668226214452525601e+05 4.096715197781104944e+05 4.439571842510305578e+05 4.363382416186672635e+05 4.553942093095527962e+05 4.668225337575346348e+05 4.292633139733794960e+05 4.668224254191458458e+05 3.190925808369932347e+05 4.668224452594965696e+05 4.668228346630280139e+05 4.668227113373426837e+05 1.185321719181215740e+05 4.668226170692319283e+05 4.001477058291888679e+05 4.668225061923268368e+05 4.668226509846196859e+05 4.382430568940896774e+05 4.668224241810538224e+05 4.668224897557669319e+05 2.510521806343288627e+05 4.439528883374358411e+05
2.357320485615206417e+04 2.418281117474263883e+05 1.979273924725066172e+05 1.399747575312116021e+00 1.376890751871858665e+05 6.611365332811028929e+04 9.695982645041357318e+04 4.000185612728200067e+04 1.143015678028459479e+04 1.084524740135758038e+05 1.142984088603141754e+04 3.015188108545352006e+05 1.143019401369473599e+04 1.469559499503844927e+04 1.518249697026559319e+00 4.668226170692319283e+05 7.183348460842874372e-01 1.658791649381903117e+05 1.143018266430489712e+04 1.468369815548247415e+00 8.148680970766334212e+04 1.143004797791298006e+04 3.062726161086750835e+03 3.922713286829438875e+05 5.176016076376260025e+04
1.658791481625511951e+05 1.435271451886484283e+05 7.910594919651544478e+04 1.658791598211769306e+05 6.848056048624569667e+04 1.428192805745223886e+05 1.240440424358882010e+05 1.544506606619222439e+05 1.658788393723038025e+05 1.106841900472376001e+05 1.658786284760557755e+05 2.263577191197670181e+05 1.658789059647530084e+05 1.658791493682048458e+05 1.658791241803449520e+05 4.001477058291888679e+05 1.658791649381903117e+05 3.680910419981006271e+04 1.658790280753815314e+05 1.658791886851360032e+05 1.313129080947933253e+05 1.658787487384719425e+05 1.658790327976914705e+05 3.255963387090400211e+05 1.430093769188618171e+05
2.357321673870254381e+04 2.418279476513231930e+05 1.979272251250254049e+05 1.143008215142388144e+04 1.376888397206170193e+05 6.611347894030177849e+04 9.695973267971271707e+04 4.000179998241259455e+04 1.218251961465524280e+00 1.084522886812511133e+05 1.081350185910977091e+00 3.015185871074859169e+05 1.250157699270100231e+00 1.469554496177908368e+04 1.143027347849776743e+04 4.668225061923268368e+05 1.143018266430489712e+04 1.658790280753815023e+05 6.187276742921354877e-01 1.143010103858246111e+04 8.148667385670545627e+04 1.201001761644346022e+00 9.389101067854040593e+03 3.922711717163255089e+05 5.176003434110943635e+04
2.357332175825763989e+04 2.418281234567260253e+05 1.979273805013885722e+05 1.248825657826994284e+00 1.376889893756118836e+05 6.611359732680264278e+04 9.695988600265869172e+04 4.000189394408256339e+04 1.143005483483400894e+04 1.084524523321987799e+05 1.142982167122856663e+04 3.015187112766371574e+05 1.143012730704927162e+04 1.469560015231573016e+04 1.598435033315424914e+00 4.668226509846196859e+05 1.468369815548247415e+00 1.658791886851359741e+05 1.143010103858246111e+04 6.052916325147776888e-01 8.148674309277502471e+04 1.143001296237155839e+04 3.062642896802353334e+03 3.922712608658736572e+05 5.176016325487698487e+04
7.005823007309135573e+04 2.111056307343232911e+05 1.693475788927155081e+05 8.148674744276939600e+04 9.743449935963228927e+04 3.250932688625337687e+04 3.977008666477526276e+04 5.862959686138558754e+04 8.148653502294528880e+04 5.900882427809272485e+04 8.148631318288552575e+04 2.729390851828733576e+05 8.148670004895553575e+04 7.822132788462498866e+04 8.148683038473225315e+04 4.382430568940897356e+05 8.148680970766334212e+04 1.313129080947933253e+05 8.148667385670545627e+04 8.148674309277502471e+04 1.055399518106348660e+04 8.148649709175573662e+04 8.148671236008575943e+04 3.636916240449886536e+05 4.371891150902906520e+04
2.357295803766891913e+04 2.418277718081288913e+05 1.979271243984416942e+05 1.143001899780585882e+04 1.376886680207790050e+05 6.611329711093008518e+04 9.695956825444662536e+04 4.000154624218334357e+04 1.042467407022995785e+00 1.084520045842012478e+05 7.702328740824949671e-01 3.015185439025886590e+05 1.130229871449701218e+00 1.469541486972367602e+04 1.143003185405451950e+04 4.668224241810538224e+05 1.143004797791298006e+04 1.658787487384719425e+05 1.201001761644345356e+00 1.143001296237155839e+04 8.148649709175573662e+04 5.522453413625777463e-01 9.389008807662658000e+03 3.922710703501785756e+05 5.175985784194533335e+04
2.255279872813512338e+04 2.418279600447067642e+05 1.979273338832115405e+05 3.062643538881107816e+03 1.376889959733241994e+05 6.611356990253886033e+04 9.695982348106394056e+04 3.898136593306515715e+04 9.389146643469650371e+03 1.084523095430981775e+05 9.388803257957673850e+03 3.015187258215617039e+05 9.389109161848911754e+03 1.367522362531100771e+04 3.062778706634157061e+03 4.668224897557669319e+05 3.062726161086750835e+03 1.658790327976914705e+05 9.389101067854040593e+03 3.062642896802353789e+03 8.148671236008575943e+04 9.389008807662659819e+03 3.572033786614964811e+03 3.922711358385696076e+05 5.135927745488507935e+04
3.922713961469832575e+05 2.825183561463112128e+05 3.022914396417482640e+05 3.922712828511954867e+05 3.324526189561645151e+05 3.694058976858498645e+05 3.617868845960802282e+05 3.808428420755807892e+05 3.922711354435562971e+05 3.545370232633782434e+05 3.922710200914462912e+05 2.301149407633574738e+05 3.922710857431290206e+05 3.922714498416513670e+05 3.922713687152652419e+05 2.510521806343288627e+05 3.922713286829438875e+05 3.255963387090400211e+05 3.922711717163255089e+05 3.922712608658736572e+05 3.636916240449886536e+05 3.922710703501785756e+05 3.922711358385696076e+05 9.934331260620176909e+04 3.694015800902204355e+05
3.183662690471687893e+04 2.189583284070338705e+05 1.750576507164437498e+05 5.176017988599935779e+04 1.148191378875888913e+05 2.120265317941692774e+04 6.771970206741799484e+04 1.665785932334230165e+04 5.175989446700484405e+04 8.068463220232837193e+04 5.175968015369111527e+04 2.786489855456150835e+05 5.176007878445126698e+04 4.053561057120704209e+04 5.176024110202048905e+04 4.439528883374358411e+05 5.176016076376260025e+04 1.430093769188618171e+05 5.176003434110943635e+04 5.176016325487698487e+04 4.371891150902907975e+04 5.175985784194533335e+04 5.135927745488507935e+04 3.694015800902204355e+05 5.490805437077143324e+03
