1.950037730761454213e+03 6.431363046384182235e+04 7.814067203838739260e+03 2.201007048815680173e+04 2.604337219975948392e+04 1.632345082916443353e+05 4.120102072696660180e+05 1.410607484231986746e+05 5.512331548143312830e+04 1.869434144270408524e+03 2.551240042663540517e+05 2.039132045632291465e+03 1.869482770332505652e+03 9.426152324963202409e+04 8.073098584377620136e+04 4.116204343844683899e+04 3.907381000211864375e+03 1.237312735340408981e+05 7.664677928224010975e+04 2.401016281840159991e+03 1.150053044431680610e+04 3.220877926367578912e+05 1.416460063263583470e+04 2.026493209620729904e+05 6.837391437035383206e+03
6.431363046384182235e+04 4.305206418111906714e+03 6.431387153514366219e+04 5.377996853676549654e+04 4.608448686757937685e+04 1.554224588433000899e+05 4.002918030480902526e+05 1.273415989541337476e+05 1.472575446161286345e+04 6.431366448392725579e+04 2.434057268149194424e+05 6.431356371069874149e+04 6.431370761863978987e+04 6.705943126501927327e+04 4.682843461703615321e+04 2.762413021034515987e+04 6.431339786383638420e+04 1.015646632309023844e+05 3.350560380809083290e+04 6.431347893047569960e+04 6.170967179704483715e+04 3.103694499003711971e+05 6.040754655020806240e+04 1.948373152242791257e+05 6.431374976807754865e+04
7.814067203838739260e+03 6.431387153514366219e+04 6.811195689308517931e-01 1.834807033718764433e+04 2.604353232438164559e+04 1.632347695024269342e+05 4.120104205532522174e+05 1.410609414542882296e+05 5.512349725228916213e+04 7.814120921770968380e+03 2.551242882066487509e+05 7.814043682864851689e+03 7.814139575279495148e+03 9.426172287710758974e+04 8.073120437186105119e+04 4.116219044609468983e+04 3.907559025094682511e+03 1.237315453416710952e+05 7.664699069382935704e+04 6.794920198614914625e+03 9.462371362546180535e+03 3.220880938873889390e+05 1.172044780748801713e+04 2.026494969531725801e+05 9.779851167106133971e+02
2.201007048815680173e+04 5.377996853676549654e+04 1.834807033718764433e+04 4.096813063207732739e+03 9.151538528420360308e+03 1.632349084831973305e+05 4.120104146204181015e+05 1.358859783289553889e+05 4.458966522212554992e+04 2.201011162203069762e+04 2.551243401668208244e+05 2.201004975248393021e+04 2.201018314521311186e+04 8.787836422350922658e+04 7.055472736442979658e+04 3.005448571397586056e+04 2.200985549015017750e+04 1.173481984153825179e+05 6.331753807131273788e+04 2.200995313622820686e+04 1.464529041112436971e+04 3.220881472853882588e+05 1.213798800961222696e+04 2.026497080630361161e+05 1.926363935970945022e+04
2.604337219975948392e+04 4.608448686757937685e+04 2.604353232438164559e+04 9.151538528420358489e+03 3.472953165361600895e+03 1.632348977671124740e+05 4.120105381278590648e+05 1.351540257961882162e+05 3.689412269139003911e+04 2.604345253738697647e+04 2.551243892117016658e+05 2.604332591450872496e+04 2.604346280954430040e+04 8.644928158718196210e+04 6.912569581207993906e+04 2.201855520981354493e+04 2.604319661842222922e+04 1.159190709209828201e+05 5.959944533593496453e+04 2.604330268217856428e+04 2.343935918488717653e+04 3.220881911755508045e+05 2.128804457767951317e+04 2.026496835214842285e+05 2.604348970215546797e+04
1.632345082916442771e+05 1.554224588433000899e+05 1.632347695024269342e+05 1.632349084831973305e+05 1.632348977671124449e+05 2.998684120252367939e+04 3.576600029000230134e+05 7.685680552283588622e+04 1.554224042338302534e+05 1.632345655740665388e+05 1.840742589238804649e+05 1.632345034702852718e+05 1.632346176602137857e+05 1.333964476632386213e+05 1.454397701189618965e+05 1.593286789755301434e+05 1.632344251894442132e+05 1.056888099567429163e+05 1.515161689637592062e+05 1.632344858853209880e+05 1.632348658678343636e+05 2.681376467057564878e+05 1.632349105031844520e+05 8.658729058752684796e+04 1.632346950059591618e+05
4.120102072696660180e+05 4.002918030480902526e+05 4.120104205532522174e+05 4.120104146204181015e+05 4.120105381278590648e+05 3.576600029000231298e+05 1.232325394155586691e+05 3.698269446985949762e+05 4.037640142565546557e+05 4.120102533068306511e+05 2.771942118329335935e+05 4.120102108713582857e+05 4.120103477414537920e+05 3.874570185495926416e+05 3.946494943554274505e+05 4.081042684733650531e+05 4.120101518064509146e+05 3.779611591473366716e+05 3.963856464749455918e+05 4.120101782572719385e+05 4.120104232002883218e+05 2.354147626989547571e+05 4.120104376437245519e+05 3.393302392452892964e+05 4.120103809897815809e+05
1.410607484231986746e+05 1.273415989541337767e+05 1.410609414542882296e+05 1.358859783289553889e+05 1.351540257961882162e+05 7.685680552283588622e+04 3.698269446985948598e+05 2.495613592973858613e+04 1.273415763836846891e+05 1.410607112418536854e+05 2.092378185094165965e+05 1.410607358150936780e+05 1.410608380352003442e+05 9.912415759692045685e+04 1.158940439338997967e+05 1.312478177664605610e+05 1.410605454275850498e+05 5.841692980142252054e+04 1.234353512907088298e+05 1.410606139471181377e+05 1.410609544501432101e+05 2.825703400125006447e+05 1.410610082193211711e+05 1.295216393649154052e+05 1.410609637355202285e+05
5.512331548143312830e+04 1.472575446161286163e+04 5.512349725228916213e+04 4.458966522212554992e+04 3.689412269139003911e+04 1.554224042338302534e+05 4.037640142565547139e+05 1.273415763836846891e+05 7.723897973165650228e+02 5.512334509935657115e+04 2.468779204336210969e+05 5.512326455612389691e+04 5.512340158550872729e+04 7.277745875514674117e+04 5.449661948342160031e+04 1.761981676300856270e+04 5.512309667628062016e+04 1.051768713516053976e+05 4.432357101397762017e+04 5.512318243687158974e+04 5.251935642149357591e+04 3.138416685857168050e+05 5.121728320460643590e+04 1.948372704314758594e+05 5.512345300197345932e+04
1.869434144270408524e+03 6.431366448392725579e+04 7.814120921770968380e+03 2.201011162203069762e+04 2.604345253738697647e+04 1.632345655740665388e+05 4.120102533068306511e+05 1.410607112418536854e+05 5.512334509935657115e+04 6.109438996429393809e-01 2.551240788022480265e+05 3.907569741357609473e+03 1.188908974247619099e+00 9.426149861730914563e+04 8.073098554212588351e+04 4.116210139883683587e+04 3.907448958455577667e+03 1.237312882825899724e+05 7.664683113254129421e+04 1.020195560648122637e+03 1.336880305432387286e+04 3.220878912320271484e+05 1.562671394749130923e+04 2.026493233562064706e+05 6.837444487043107074e+03
2.551240042663540808e+05 2.434057268149194424e+05 2.551242882066487218e+05 2.551243401668208244e+05 2.551243892117016658e+05 1.840742589238805231e+05 2.771942118329335935e+05 2.092378185094165965e+05 2.468779204336210096e+05 2.551240788022480265e+05 6.724858750562174828e+04 2.551240193883714383e+05 2.551241319713676930e+05 2.304898141227037122e+05 2.377633860415435047e+05 2.512181264609635109e+05 2.551239761170410202e+05 2.191788590333859029e+05 2.394994124222545361e+05 2.551240086518977769e+05 2.551243280177155393e+05 1.655524100230040785e+05 2.551243210347823915e+05 1.551345846464791393e+05 2.551241716589472780e+05
2.039132045632291465e+03 6.431356371069873421e+04 7.814043682864851689e+03 2.201004975248393021e+04 2.604332591450872496e+04 1.632345034702853009e+05 4.120102108713582857e+05 1.410607358150936780e+05 5.512326455612389691e+04 3.907569741357609473e+03 2.551240193883714091e+05 5.949576700339845869e-01 3.907662919245186913e+03 9.426148541738801578e+04 8.073093891446715861e+04 4.116201602987018850e+04 3.907294372155055498e+03 1.237312215739629901e+05 7.664672477817889012e+04 3.907350664384111042e+03 9.462435816750014055e+03 3.220878041366925463e+05 1.256954679354956170e+04 2.026493402705045592e+05 6.837380532400499760e+03
1.869482770332505652e+03 6.431370761863978987e+04 7.814139575279495148e+03 2.201018314521311186e+04 2.604346280954430040e+04 1.632346176602137857e+05 4.120103477414537920e+05 1.410608380352003442e+05 5.512340158550872729e+04 1.188908974247619099e+00 2.551241319713676639e+05 3.907662919245186913e+03 6.413060475440979236e-01 9.426161091563171067e+04 8.073108167209420935e+04 4.116214696933989035e+04 3.907561210017803205e+03 1.237313479053435149e+05 7.664685538396719494e+04 1.020295467202538134e+03 1.336884583953929359e+04 3.220879015483979601e+05 1.562678576131477894e+04 2.026493822408670094e+05 6.837399984791481074e+03
9.426152324963202409e+04 6.705943126501927327e+04 9.426172287710761884e+04 8.787836422350922658e+04 8.644928158718196210e+04 1.333964476632386213e+05 3.874570185495926416e+05 9.912415759692044230e+04 7.277745875514674117e+04 9.426149861730914563e+04 2.304898141227036831e+05 9.426148541738801578e+04 9.426161091563169612e+04 1.949548459117026869e+04 3.892501012608573365e+04 7.961326810872307396e+04 9.426127768039070361e+04 6.114725342808886489e+04 5.141552019755028596e+04 9.426135249775604461e+04 9.426176812696950219e+04 2.975347202455480583e+05 9.426177572077026707e+04 1.728112568760037248e+05 9.426172368802977144e+04
8.073098584377620136e+04 4.682843461703616049e+04 8.073120437186105119e+04 7.055472736442981113e+04 6.912569581207993906e+04 1.454397701189618965e+05 3.946494943554274505e+05 1.158940439338997967e+05 5.449661948342160031e+04 8.073098554212589806e+04 2.377633860415435047e+05 8.073093891446715861e+04 8.073108167209422390e+04 3.892501012608573365e+04 1.784003816824539535e+04 6.250205061396572273e+04 8.073074649280995072e+04 8.378627955447259592e+04 2.568653150370423100e+04 8.073080470768088708e+04 7.899508816176182881e+04 3.047270940289223217e+05 7.786853955320215027e+04 1.848545751125639072e+05 8.073118540918445797e+04
4.116204343844683899e+04 2.762413021034515987e+04 4.116219044609468983e+04 3.005448571397586056e+04 2.201855520981354493e+04 1.593286789755301434e+05 4.081042684733650531e+05 1.312478177664605610e+05 1.761981676300856270e+04 4.116210139883683587e+04 2.512181264609635400e+05 4.116201602987018850e+04 4.116214696933989035e+04 7.961326810872307396e+04 6.250205061396572273e+04 1.211404979230940444e+04 4.116183317738235928e+04 1.105480055878602434e+05 5.255401819851875189e+04 4.116193702143557312e+04 3.855806026545684290e+04 3.181819669749993482e+05 3.725594514938769862e+04 1.987434762893103762e+05 4.116219500289501593e+04
3.907381000211864375e+03 6.431339786383637693e+04 3.907559025094682511e+03 2.200985549015018114e+04 2.604319661842222922e+04 1.632344251894442423e+05 4.120101518064509146e+05 1.410605454275850207e+05 5.512309667628062016e+04 3.907448958455577667e+03 2.551239761170409911e+05 3.907294372155055498e+03 3.907561210017803205e+03 9.426127768039071816e+04 8.073074649280995072e+04 4.116183317738235928e+04 4.560799728703766043e-01 1.237310855173101445e+05 7.664657769093901152e+04 2.888107351574637050e+03 1.336851287216263700e+04 3.220877942697706749e+05 1.562644159594960365e+04 2.026491862090539071e+05 2.930913671547627473e+03
1.237312735340408981e+05 1.015646632309023844e+05 1.237315453416710952e+05 1.173481984153825179e+05 1.159190709209828347e+05 1.056888099567429163e+05 3.779611591473366716e+05 5.841692980142252782e+04 1.051768713516053976e+05 1.237312882825899724e+05 2.191788590333859029e+05 1.237312215739629755e+05 1.237313479053435149e+05 6.114725342808886489e+04 8.378627955447259592e+04 1.105480055878602434e+05 1.237310855173101445e+05 3.436031491393698525e+04 9.299340497489077097e+04 1.237311765883601183e+05 1.237315151904403465e+05 2.897223894519229652e+05 1.237315765743445081e+05 1.506365969644331199e+05 1.237314696666014061e+05
7.664677928224010975e+04 3.350560380809083290e+04 7.664699069382935704e+04 6.331753807131273788e+04 5.959944533593496453e+04 1.515161689637592062e+05 3.963856464749455918e+05 1.234353512907088443e+05 4.432357101397762017e+04 7.664683113254129421e+04 2.394994124222545361e+05 7.664672477817889012e+04 7.664685538396720949e+04 5.141552019755027868e+04 2.568653150370423100e+04 5.255401819851875189e+04 7.664657769093901152e+04 9.299340497489077097e+04 8.999836529201515077e+03 7.664663113826130575e+04 7.404287009432572813e+04 3.064632842613122193e+05 7.211313153301907005e+04 1.909309970365522604e+05 7.664694742055459938e+04
2.401016281840159991e+03 6.431347893047569960e+04 6.794920198614914625e+03 2.200995313622820322e+04 2.604330268217856428e+04 1.632344858853209880e+05 4.120101782572719385e+05 1.410606139471181377e+05 5.512318243687158974e+04 1.020195560648122637e+03 2.551240086518977769e+05 3.907350664384111042e+03 1.020295467202537907e+03 9.426135249775604461e+04 8.073080470768087253e+04 4.116193702143557312e+04 2.888107351574637050e+03 1.237311765883601183e+05 7.664663113826130575e+04 1.506939593870064073e+03 1.336864833249347612e+04 3.220878074597580126e+05 1.562656599513420588e+04 2.026492325531930546e+05 5.818325383342543319e+03
1.150053044431680610e+04 6.170967179704483715e+04 9.462371362546182354e+03 1.464529041112436971e+04 2.343935918488717653e+04 1.632348658678343636e+05 4.120104232002883218e+05 1.410609544501432101e+05 5.251935642149357591e+04 1.336880305432387286e+04 2.551243280177155393e+05 9.462435816750015874e+03 1.336884583953929541e+04 9.426176812696947309e+04 7.899508816176182881e+04 3.855806026545684290e+04 1.336851287216263700e+04 1.237315151904403465e+05 7.404287009432571358e+04 1.336864833249347612e+04 3.180720023830570881e+03 3.220880692359601962e+05 3.108502125996586528e+03 2.026495350108403072e+05 1.043908163923797656e+04
3.220877926367578912e+05 3.103694499003711971e+05 3.220880938873888226e+05 3.220881472853882588e+05 3.220881911755508045e+05 2.681376467057565460e+05 2.354147626989547571e+05 2.825703400125006447e+05 3.138416685857168050e+05 3.220878912320270902e+05 1.655524100230040785e+05 3.220878041366926045e+05 3.220879015483980183e+05 2.975347202455481747e+05 3.047270940289223799e+05 3.181819669749994064e+05 3.220877942697706749e+05 2.897223894519229652e+05 3.064632842613122193e+05 3.220878074597580126e+05 3.220880692359601962e+05 9.214843568184104515e+04 3.220880959007907077e+05 2.503508090959679976e+05 3.220880045766200637e+05
1.416460063263583288e+04 6.040754655020806240e+04 1.172044780748801713e+04 1.213798800961222332e+04 2.128804457767950953e+04 1.632349105031844811e+05 4.120104376437245519e+05 1.410610082193211711e+05 5.121728320460643590e+04 1.562671394749130559e+04 2.551243210347823915e+05 1.256954679354955988e+04 1.562678576131477894e+04 9.426177572077026707e+04 7.786853955320215027e+04 3.725594514938769862e+04 1.562644159594960365e+04 1.237315765743445081e+05 7.211313153301907005e+04 1.562656599513420588e+04 3.108502125996586528e+03 3.220880959007907077e+05 1.329904091079648879e+03 2.026495890434506000e+05 1.269708144799446745e+04
2.026493209620730486e+05 1.948373152242791257e+05 2.026494969531726383e+05 2.026497080630361161e+05 2.026496835214842285e+05 8.658729058752684796e+04 3.393302392452892964e+05 1.295216393649154052e+05 1.948372704314757721e+05 2.026493233562064706e+05 1.551345846464791393e+05 2.026493402705045592e+05 2.026493822408670094e+05 1.728112568760037248e+05 1.848545751125638781e+05 1.987434762893103762e+05 2.026491862090539071e+05 1.506365969644331490e+05 1.909309970365522604e+05 2.026492325531931128e+05 2.026495350108403072e+05 2.503508090959679685e+05 2.026495890434506582e+05 4.787901332801261015e+04 2.026495064078707364e+05
6.837391437035383206e+03 6.431374976807754865e+04 9.779851167106133971e+02 1.926363935970944658e+04 2.604348970215546797e+04 1.632346950059591618e+05 4.120103809897815809e+05 1.410609637355202576e+05 5.512345300197345932e+04 6.837444487043106164e+03 2.551241716589473072e+05 6.837380532400499760e+03 6.837399984791481074e+03 9.426172368802977144e+04 8.073118540918445797e+04 4.116219500289501593e+04 2.930913671547627473e+03 1.237314696666014061e+05 7.664694742055459938e+04 5.818325383342543319e+03 1.043908163923797474e+04 3.220880045766200637e+05 1.269708144799446745e+04 2.026495064078707073e+05 1.465582905990788504e+03
