1.175215808646281403e+04 5.833571773233597196e+04 3.798399213696840452e+05 4.166901963105374307e+04 5.833509035087966913e+04 5.833558642338412028e+04 1.945852114387645270e+05 5.833577105807860789e+04 5.833564790247994097e+04 5.833569615298952704e+04 1.477328849014643056e+05 2.105267579748859134e+04 1.124007991408551461e+05 5.833571888096429029e+04 5.833564039631711785e+04 3.298843770108094031e+04 4.166901420750920806e+04 5.833567273633908917e+04 4.166884930018652813e+04 5.539539690146795474e+05 7.815444202890792803e+04 3.412164292500713782e+04 2.565535182630490162e+05 4.471769450269229856e+04 5.833538744010443042e+04
5.833571773233597196e+04 1.147079490885263731e+00 3.798397234124541283e+05 3.750221054704639391e+04 1.454147835632332519e+00 1.882612620468084641e+00 1.945849334700435575e+05 6.296314210186304990e+03 1.915726856519763821e+00 1.924820210788999342e+00 1.477326976485360938e+05 5.578003422439841961e+04 1.250022032070624555e+05 8.335428689533646320e+03 1.915806876520188995e+00 4.948155078151481575e+04 4.166895665805794124e+04 1.942804532713616972e+00 2.777993933943425509e+04 5.539538776081182295e+05 1.038487288709464046e+05 7.076762529946760333e+04 2.565532690030134108e+05 2.195334591567796451e+04 1.758099820392780011e+00
3.798399213696841034e+05 3.798397234124540701e+05 1.585811151172746904e+05 3.798398878093982348e+05 3.798394477274014498e+05 3.798396221198471030e+05 3.430746846321405610e+05 3.798398459440242732e+05 3.798397024248456000e+05 3.798397513083823724e+05 3.608967717236196622e+05 3.798399127902241307e+05 3.798399913192489767e+05 3.798398918912215740e+05 3.798397146410953137e+05 3.798399066498451284e+05 3.798398897953307605e+05 3.798397441983067547e+05 3.798398810805153335e+05 4.313680719262314378e+05 3.798399583533170517e+05 3.798399272247037734e+05 2.728022224741547834e+05 3.798398425197484321e+05 3.798395269451416098e+05
4.166901963105375035e+04 3.750221054704639391e+04 3.798398878093982348e+05 7.155684796809917316e+03 3.750161522582481848e+04 3.750212883671142481e+04 1.945851058915191388e+05 3.750222491173710296e+04 3.750219442968878138e+04 3.750220809963450301e+04 1.477328146088525828e+05 3.911326150590597535e+04 1.124007156059175759e+05 3.750221510834198853e+04 3.750217514023681724e+04 2.205081656743798885e+04 1.060074201053342222e+04 3.750217914499652397e+04 1.610711222434148840e+04 5.539539861512827920e+05 8.718216515577296377e+04 5.410100770442889188e+04 2.565534209009564074e+05 2.266004330803481207e+04 3.750197445070289541e+04
5.833509035087966913e+04 1.454147835632332963e+00 3.798394477274014498e+05 3.750161522582481848e+04 6.702766539228767195e-01 1.355084700876853621e+00 1.945845343420318095e+05 6.295844343608330746e+03 1.431043555861635674e+00 1.446707035101920669e+00 1.477322269475354115e+05 5.577937769462764845e+04 1.250017104464354634e+05 8.334867035112794838e+03 1.405889130430926004e+00 4.948090805609988456e+04 4.166832954275571683e+04 1.440455787201051496e+00 2.777930709003825905e+04 5.539536223012058763e+05 1.038481837041485851e+05 7.076700642944556603e+04 2.565528989768444153e+05 2.195272643348538259e+04 1.191000684452005576e+00
5.833558642338412028e+04 1.882612620468084641e+00 3.798396221198471030e+05 3.750212883671142481e+04 1.355084700876853621e+00 1.036505532787484141e+00 1.945848525228342332e+05 6.296320341055220524e+03 1.818834038198080094e+00 1.875718470708843899e+00 1.477325858196380723e+05 5.577989907132684311e+04 1.250021192269324965e+05 8.335367731012547665e+03 1.782255663399219259e+00 4.948143929736592690e+04 4.166884599184834951e+04 1.845877475710384186e+00 2.777983931440234301e+04 5.539537239364936249e+05 1.038486336746239976e+05 7.076752649915254733e+04 2.565532258165741805e+05 2.195325469219651131e+04 1.558875144585374350e+00
1.945852114387645561e+05 1.945849334700435575e+05 3.430746846321405610e+05 1.945851058915191388e+05 1.945845343420318095e+05 1.945848525228342332e+05 6.012916850105440972e+04 1.945850096001170168e+05 1.945848533376263804e+05 1.945849522767820163e+05 1.351129018039682705e+05 1.945851840215827397e+05 1.702681771450881206e+05 1.945850758919986838e+05 1.945848607939115609e+05 1.945851537846234860e+05 1.945851095632889483e+05 1.945849090115861909e+05 1.945850746229631477e+05 5.190742400017974433e+05 1.819534117527290946e+05 1.925018467199160950e+05 1.856725131443567516e+05 1.945850425815673079e+05 1.945846747790490626e+05
5.833577105807860789e+04 6.296314210186305900e+03 3.798398459440242732e+05 3.750222491173710296e+04 6.295844343608330746e+03 6.296320341055220524e+03 1.945850096001169877e+05 3.081436524719657882e+03 6.296346778915108189e+03 6.296329386746107048e+03 1.477327869933350594e+05 5.578003947568299918e+04 1.250022754748097213e+05 2.040966217033213979e+03 6.296301780897784738e+03 4.948155845353948826e+04 4.166895511905793683e+04 6.296375564869419577e+03 2.777996124210786365e+04 5.539539350813864730e+05 1.038487991278125264e+05 7.076769990770953882e+04 2.565533625481238705e+05 1.960969501813612806e+04 6.296195425121087283e+03
5.833564790247994097e+04 1.915726856519763821e+00 3.798397024248456000e+05 3.750219442968878138e+04 1.431043555861635230e+00 1.818834038198080094e+00 1.945848533376263513e+05 6.296346778915108189e+03 1.090391027461657725e+00 1.883320971694834700e+00 1.477326551408432424e+05 5.577996998685793369e+04 1.250021906007132202e+05 8.335445820182874741e+03 1.796775145014871233e+00 4.948149814553163742e+04 4.166894778440162918e+04 1.888061788843005129e+00 2.777991913744844715e+04 5.539538269593658624e+05 1.038486800026785349e+05 7.076757365866962937e+04 2.565532222802397155e+05 2.195332555922040410e+04 1.687709927472050619e+00
5.833569615298952704e+04 1.924820210788999342e+00 3.798397513083823724e+05 3.750220809963450301e+04 1.446707035101920669e+00 1.875718470708843899e+00 1.945849522767819872e+05 6.296329386746107048e+03 1.883320971694834700e+00 1.099963280432993074e+00 1.477327421221804980e+05 5.577998592460983491e+04 1.250022533680648921e+05 8.335432203580736314e+03 1.892170353818913409e+00 4.948152620167344139e+04 4.166896282501326641e+04 1.904369429590585971e+00 2.777992752543858296e+04 5.539538900796809467e+05 1.038487278702978365e+05 7.076760149419128720e+04 2.565532786860780907e+05 2.195334233186335041e+04 1.759704459177586777e+00
1.477328849014643056e+05 1.477326976485360938e+05 3.608967717236196622e+05 1.477328146088526119e+05 1.477322269475354115e+05 1.477325858196380432e+05 1.351129018039682705e+05 1.477327869933350594e+05 1.477326551408432424e+05 1.477327421221804980e+05 3.764185273800351570e+04 1.477329232623304415e+05 9.151152260690963885e+04 1.477327977847778820e+05 1.477326306648235477e+05 1.477329173050509416e+05 1.477328879326568276e+05 1.477326782855166821e+05 1.477327659291852615e+05 5.452643493372218218e+05 1.233265583184919815e+05 1.477329419523147808e+05 2.287855230617062480e+05 1.477327374895445246e+05 1.477324161432467808e+05
2.105267579748859134e+04 5.578003422439842689e+04 3.798399127902240725e+05 3.911326150590597535e+04 5.577937769462764845e+04 5.577989907132684311e+04 1.945851840215827397e+05 5.578003947568299918e+04 5.577996998685793369e+04 5.577998592460984219e+04 1.477329232623304415e+05 7.619323613472272882e+03 1.124007515228659904e+05 5.578002050547534600e+04 5.577996946283136640e+04 2.556492204459182904e+04 3.911319946185930166e+04 5.577997351087306743e+04 3.911313776988507743e+04 5.539539983371235430e+05 7.815440262359255576e+04 3.733246677177379024e+04 2.565534858623635664e+05 4.216197645617429225e+04 5.577969631377977930e+04
1.124007991408551607e+05 1.250022032070624846e+05 3.798399913192490349e+05 1.124007156059175759e+05 1.250017104464354634e+05 1.250021192269324965e+05 1.702681771450881206e+05 1.250022754748097213e+05 1.250021906007132202e+05 1.250022533680648921e+05 9.151152260690963885e+04 1.124007515228659904e+05 2.732908153258341554e+04 1.250022905554825265e+05 1.250021195493076375e+05 1.124007379430464644e+05 1.124007446219298436e+05 1.250022188203695114e+05 1.124006081209754775e+05 5.539540467523133848e+05 6.810644101873465115e+04 1.075258972181711870e+05 2.529812246819319553e+05 1.139621182259470224e+05 1.250019494366852014e+05
5.833571888096429029e+04 8.335428689533646320e+03 3.798398918912214576e+05 3.750221510834198853e+04 8.334867035112794838e+03 8.335367731012547665e+03 1.945850758919986547e+05 2.040966217033213979e+03 8.335445820182874741e+03 8.335432203580738133e+03 1.477327977847778820e+05 5.578002050547534600e+04 1.250022905554825265e+05 1.187899843921531584e+00 8.335363863281059821e+03 4.948154148272875318e+04 4.166893732284547877e+04 8.335425434425822459e+03 2.777987641692380203e+04 5.539539258943664609e+05 1.038488405350898829e+05 7.076769700200251827e+04 2.565534164442011970e+05 1.885036021037913451e+04 8.335254738824205560e+03
5.833564039631711785e+04 1.915806876520188773e+00 3.798397146410953137e+05 3.750217514023681724e+04 1.405889130430925782e+00 1.782255663399219259e+00 1.945848607939115318e+05 6.296301780897784738e+03 1.796775145014871233e+00 1.892170353818913409e+00 1.477326306648235477e+05 5.577996946283136640e+04 1.250021195493076375e+05 8.335363863281059821e+03 1.081875171627726173e+00 4.948148486108865472e+04 4.166891034922258405e+04 1.871317732167478098e+00 2.777989109043455028e+04 5.539538273941815132e+05 1.038486664236615034e+05 7.076755983249007841e+04 2.565532360353483236e+05 2.195328575604355137e+04 1.691415948508176559e+00
3.298843770108094031e+04 4.948155078151481575e+04 3.798399066498451284e+05 2.205081656743798885e+04 4.948090805609988456e+04 4.948143929736592690e+04 1.945851537846234860e+05 4.948155845353948826e+04 4.948149814553163742e+04 4.948152620167344139e+04 1.477329173050509416e+05 2.556492204459182904e+04 1.124007379430464352e+05 4.948154148272875318e+04 4.948148486108865472e+04 8.876662584296054774e+03 1.750383527979716746e+04 4.948149278377962037e+04 3.003685844384397933e+04 5.539539876916034846e+05 8.132281564722768962e+04 4.628848305269267439e+04 2.565534724931431701e+05 3.586350288801699935e+04 4.948128067200263467e+04
4.166901420750920806e+04 4.166895665805794124e+04 3.798398897953307605e+05 1.060074201053342222e+04 4.166832954275571683e+04 4.166884599184834951e+04 1.945851095632888901e+05 4.166895511905793683e+04 4.166894778440162918e+04 4.166896282501326641e+04 1.477328879326567985e+05 3.911319946185930166e+04 1.124007446219298436e+05 4.166893732284547877e+04 4.166891034922258405e+04 1.750383527979716746e+04 3.486976053287857212e+03 4.166892135915053223e+04 2.222427687803883600e+04 5.539539886847421294e+05 8.718221775379900646e+04 5.410098566659810604e+04 2.565534266663756571e+05 2.805093995800669290e+04 4.166868635804006044e+04
5.833567273633908917e+04 1.942804532713617638e+00 3.798397441983067547e+05 3.750217914499652397e+04 1.440455787201051496e+00 1.845877475710384186e+00 1.945849090115861909e+05 6.296375564869419577e+03 1.888061788843005129e+00 1.904369429590586194e+00 1.477326782855166821e+05 5.577997351087306743e+04 1.250022188203695114e+05 8.335425434425822459e+03 1.871317732167478098e+00 4.948149278377962037e+04 4.166892135915053223e+04 1.154473861091563691e+00 2.777993160118806190e+04 5.539538060812182957e+05 1.038486846367101243e+05 7.076757085606320470e+04 2.565532623028102971e+05 2.195335419458698016e+04 1.757278410535919821e+00
4.166884930018652813e+04 2.777993933943425509e+04 3.798398810805153335e+05 1.610711222434148840e+04 2.777930709003826269e+04 2.777983931440234301e+04 1.945850746229631477e+05 2.777996124210786365e+04 2.777991913744844715e+04 2.777992752543858296e+04 1.477327659291852615e+05 3.911313776988507743e+04 1.124006081209754921e+05 2.777987641692380566e+04 2.777989109043455028e+04 3.003685844384397933e+04 2.222427687803883600e+04 2.777993160118806190e+04 3.704810353611514529e+03 5.539539355380664347e+05 8.718211027752456721e+04 5.410086874827595602e+04 2.565534036427896353e+05 8.931289987446172745e+03 2.777968104624362968e+04
5.539539690146795474e+05 5.539538776081183460e+05 4.313680719262314378e+05 5.539539861512827920e+05 5.539536223012057599e+05 5.539537239364936249e+05 5.190742400017974433e+05 5.539539350813863566e+05 5.539538269593658624e+05 5.539538900796809467e+05 5.452643493372218218e+05 5.539539983371235430e+05 5.539540467523133848e+05 5.539539258943664609e+05 5.539538273941815132e+05 5.539539876916034846e+05 5.539539886847421294e+05 5.539538060812182957e+05 5.539539355380664347e+05 2.305370344499379280e+05 5.497873765823970316e+05 5.495383526634469163e+05 4.732152713464979315e+05 5.539539272337087896e+05 5.539536871273011202e+05
7.815444202890792803e+04 1.038487288709464046e+05 3.798399583533170517e+05 8.718216515577296377e+04 1.038481837041485851e+05 1.038486336746239976e+05 1.819534117527290946e+05 1.038487991278125264e+05 1.038486800026785349e+05 1.038487278702978074e+05 1.233265583184919669e+05 7.815440262359255576e+04 6.810644101873465115e+04 1.038488405350898684e+05 1.038486664236615034e+05 8.132281564722767507e+04 8.718221775379900646e+04 1.038486846367100952e+05 8.718211027752456721e+04 5.497873765823970316e+05 4.345050022139590146e+04 6.399526150603780843e+04 2.547760535392149468e+05 9.023083887246815721e+04 1.038484664746999479e+05
3.412164292500714510e+04 7.076762529946761788e+04 3.798399272247037734e+05 5.410100770442889188e+04 7.076700642944558058e+04 7.076752649915256188e+04 1.925018467199160368e+05 7.076769990770955337e+04 7.076757365866964392e+04 7.076760149419130175e+04 1.477329419523147808e+05 3.733246677177379024e+04 1.075258972181712015e+05 7.076769700200253283e+04 7.076755983249009296e+04 4.628848305269267439e+04 5.410098566659811331e+04 7.076757085606321925e+04 5.410086874827597785e+04 5.495383526634469163e+05 6.399526150603780843e+04 2.575232734966825956e+04 2.565535092402141890e+05 5.714966660505264008e+04 7.076734354244747374e+04
2.565535182630490162e+05 2.565532690030134399e+05 2.728022224741547834e+05 2.565534209009564365e+05 2.565528989768444153e+05 2.565532258165741805e+05 1.856725131443567516e+05 2.565533625481238705e+05 2.565532222802397155e+05 2.565532786860780616e+05 2.287855230617062480e+05 2.565534858623635664e+05 2.529812246819319553e+05 2.565534164442011970e+05 2.565532360353483236e+05 2.565534724931431701e+05 2.565534266663756571e+05 2.565532623028102971e+05 2.565534036427896353e+05 4.732152713464979315e+05 2.547760535392149759e+05 2.565535092402141890e+05 9.243847353857128473e+04 2.565533936645714857e+05 2.565530338627711171e+05
4.471769450269229856e+04 2.195334591567796451e+04 3.798398425197483739e+05 2.266004330803481207e+04 2.195272643348538259e+04 2.195325469219651131e+04 1.945850425815672497e+05 1.960969501813612806e+04 2.195332555922040410e+04 2.195334233186335405e+04 1.477327374895445246e+05 4.216197645617429225e+04 1.139621182259470079e+05 1.885036021037913451e+04 2.195328575604355137e+04 3.586350288801699935e+04 2.805093995800669290e+04 2.195335419458698016e+04 8.931289987446172745e+03 5.539539272337087896e+05 9.023083887246815721e+04 5.714966660505263280e+04 2.565533936645714857e+05 7.762919149484622722e+03 2.195307690397580882e+04
5.833538744010444498e+04 1.758099820392779566e+00 3.798395269451416098e+05 3.750197445070289541e+04 1.191000684452005576e+00 1.558875144585374350e+00 1.945846747790490335e+05 6.296195425121087283e+03 1.687709927472050842e+00 1.759704459177586777e+00 1.477324161432467808e+05 5.577969631377977930e+04 1.250019494366852014e+05 8.335254738824205560e+03 1.691415948508176559e+00 4.948128067200264195e+04 4.166868635804006044e+04 1.757278410535919599e+00 2.777968104624363332e+04 5.539536871273011202e+05 1.038484664746999915e+05 7.076734354244747374e+04 2.565530338627711171e+05 2.195307690397580882e+04 9.849918175639789109e-01
