1.732093950538587887e+04 1.750456709423536959e+05 1.919942345118078520e+05 1.919945543152276077e+05 1.919946603570099687e+05 1.919947702067390201e+05 8.061202845439044177e+04 1.919944245653077669e+05 1.549184591156766692e+05 1.877575808591274836e+05 1.187478955009379133e+05 1.919947786394416762e+05 1.500928143363192794e+05 1.919946880301583151e+05 3.310743324377579120e+04 1.919948946947853838e+05 6.215548698412850354e+04 1.292424485253321327e+05 1.272265223736035405e+05 1.919944835299373372e+05 1.919942841364663618e+05 1.919943168811335054e+05 4.115373247920990252e+04 1.804386602677204646e+05 1.919946199737662391e+05
1.750456709423536959e+05 4.225859970012297708e+03 5.932327997879756731e+04 5.932361035850665940e+04 5.932379485259614012e+04 5.084914491030444333e+04 2.088058716368773603e+05 5.932346948440528649e+04 4.630704741408962582e+04 2.564846946903406933e+04 2.264775594494909747e+05 3.326609494887739129e+04 6.923331052130275930e+04 5.367402958580608538e+04 1.525440712898686470e+05 3.995331818674966053e+04 1.334762732580381853e+05 9.759508795226988150e+04 2.349563523341109394e+05 5.932349528955640562e+04 5.932324070668858622e+04 5.932313379283306131e+04 1.936132920511022385e+05 1.022297000811290127e+04 5.932366501815978700e+04
1.919942345118078520e+05 5.932327997879756731e+04 1.647660244932557250e-01 8.029631164652616462e+03 8.475824250496563764e+03 1.516627818583519729e+04 2.257545566958986747e+05 7.128226009877605129e-01 8.466554255050107895e+04 3.813689925776652672e+04 2.434261666870083427e+05 3.389957276829905459e+04 1.016961905220006884e+05 1.412553705004487711e+04 1.694926870076504711e+05 2.784632591468356622e+04 1.504249230798780627e+05 1.222771920343531237e+05 2.519049378952304833e+05 8.911245642679844758e-01 5.083688068845211294e-01 5.441222664602197723e-01 2.105618756391744828e+05 5.356192746857610473e+04 8.475746829176547180e+03
1.919945543152276077e+05 5.932361035850665940e+04 8.029631164652616462e+03 8.453346796589198675e+02 4.471127626460943247e+02 1.685659719359707015e+04 2.257547340453680954e+05 8.029604253705660085e+03 8.466585500165750273e+04 3.813712272392071463e+04 2.434263870861342875e+05 3.389981577033644862e+04 1.016965631396627286e+05 6.096967647815130476e+03 1.694930695404247381e+05 2.784651910899770883e+04 1.504252823154858488e+05 1.222776225525561604e+05 2.519050516589917825e+05 8.029482829916230003e+03 8.029538852686047903e+03 8.029563197440133990e+03 2.105620696151319135e+05 5.356224078157989425e+04 4.469908937387083938e+02
1.919946603570099687e+05 5.932379485259614012e+04 8.475824250496563764e+03 4.471127626460943247e+02 2.388831018175600895e-01 1.695065777205941413e+04 2.257548466514396423e+05 8.475740189365042170e+03 8.466594439464875904e+04 3.813716488924245641e+04 2.434264569835254515e+05 3.389995927741732157e+04 1.016964692086512077e+05 5.650961890670232606e+03 1.694931647498532839e+05 2.784655337806668831e+04 1.504253475286040048e+05 1.222776137657973595e+05 2.519052885636941064e+05 8.475727884233361692e+03 8.475643618252928718e+03 8.475598496688802697e+03 2.105621207060826127e+05 5.356242033696130966e+04 9.889681333849004163e-01
1.919947702067390201e+05 5.084914491030444333e+04 1.516627818583519729e+04 1.685659719359707378e+04 1.695065777205941413e+04 2.817319004601069992e+03 2.257549368359824293e+05 1.516635477852795157e+04 8.466600792971620103e+04 2.966255674309258393e+04 2.434264184571302903e+05 1.979112284393995651e+04 1.016966985285237606e+05 1.130054819325651624e+04 1.694932550139020605e+05 1.268119775051738725e+04 1.504254302865565405e+05 1.222777964503918774e+05 2.519052947901677107e+05 1.516648040311332988e+04 1.516619812285093940e+04 1.516609460188593039e+04 2.105623001693318947e+05 4.508777176029662951e+04 1.695053801303176806e+04
8.061202845439044177e+04 2.088058716368773603e+05 2.257545566958986747e+05 2.257547340453680954e+05 2.257548466514396423e+05 2.257549368359824293e+05 1.996499536061642357e+04 2.257545957333380356e+05 1.971533997599777067e+05 2.215177544513618050e+05 5.633985084693535464e+04 2.257551267613970849e+05 1.777325440972470096e+05 2.257549152741263970e+05 1.062896436776307382e+05 2.257549169024476141e+05 1.261790071348748315e+05 1.615906553968039225e+05 6.547078392514928419e+04 2.257546345080341271e+05 2.257545284872786724e+05 2.257545560102605668e+05 4.215066758136069984e+04 2.141987582045686140e+05 2.257548586224230239e+05
1.919944245653077669e+05 5.932346948440528649e+04 7.128226009877605129e-01 8.029604253705660085e+03 8.475740189365042170e+03 1.516635477852794793e+04 2.257545957333380356e+05 2.282691758752186939e-01 8.466566870226534957e+04 3.813692084006696678e+04 2.434262068252173485e+05 3.389970581136760302e+04 1.016962410152282973e+05 1.412554535648772617e+04 1.694928452530178474e+05 2.784632454784873698e+04 1.504250081939482770e+05 1.222774357139486965e+05 2.519051118108607188e+05 7.624344529840967333e-01 6.561038483694655588e-01 6.667080864066023960e-01 2.105619434074410237e+05 5.356202950650549610e+04 8.475772841807280201e+03
1.549184591156766692e+05 4.630704741408962582e+04 8.466554255050107895e+04 8.466585500165750273e+04 8.466594439464875904e+04 8.466600792971620103e+04 1.971533997599777067e+05 8.466566870226534957e+04 7.984410797605409243e+03 7.195418680169877189e+04 2.063504911091495887e+05 7.619133586198155535e+04 3.140189294956406229e+04 8.466600637010323408e+04 1.324169346506268485e+05 8.224481583737443725e+04 1.091201467117444554e+05 6.335557277424493805e+04 2.148293362516560010e+05 8.466577542906752205e+04 8.466541655996159534e+04 8.466539281628496246e+04 1.734861127448114275e+05 5.652890655124512705e+04 8.466588808596305898e+04
1.877575808591274836e+05 2.564846946903406933e+04 3.813689925776652672e+04 3.813712272392071463e+04 3.813716488924245641e+04 2.966255674309258393e+04 2.215177544513618050e+05 3.813692084006696678e+04 7.195418680169877189e+04 4.237603722894565180e+03 2.391892981976945011e+05 1.137506404382459186e+04 8.898486526039331511e+04 3.248727795651044289e+04 1.652559586489993671e+05 1.876650095718906960e+04 1.461881948446666647e+05 1.107765536439033458e+05 2.476681673301688279e+05 3.813701484048323618e+04 3.813671089906896668e+04 3.813662165964548331e+04 2.063250052490014059e+05 1.542646581181751753e+04 3.813716310800225619e+04
1.187478955009378842e+05 2.264775594494909747e+05 2.434261666870083427e+05 2.434263870861342875e+05 2.434264569835254515e+05 2.434264184571302903e+05 5.633985084693536919e+04 2.434262068252173485e+05 2.063504911091495887e+05 2.391892981976945011e+05 4.589623275436699259e+03 2.434266938297636516e+05 1.869295040923854394e+05 2.434264504667916044e+05 1.332574070043550455e+05 2.434264089583916357e+05 1.523250615946970647e+05 1.707876774801241409e+05 9.131766572826998527e+03 2.434262137384194357e+05 2.434261490211228083e+05 2.434261646677848767e+05 9.728603420060469944e+04 2.318704146679154946e+05 2.434264316915865929e+05
1.919947786394416762e+05 3.326609494887739129e+04 3.389957276829905459e+04 3.389981577033644862e+04 3.389995927741732157e+04 1.979112284393995651e+04 2.257551267613970849e+05 3.389970581136760302e+04 7.619133586198155535e+04 1.137506404382459186e+04 2.434266938297636516e+05 2.253991843016438906e+03 9.322207348140320391e+04 2.825010022917662718e+04 1.694932200717915257e+05 7.392754407357012497e+03 1.504254888087203144e+05 1.150137906202661106e+05 2.519054585155603127e+05 3.389986493240141135e+04 3.389951460870664596e+04 3.389938251921276242e+04 2.105624237022571906e+05 2.680032669922669447e+04 3.389981647231130046e+04
1.500928143363192794e+05 6.923331052130275930e+04 1.016961905220007029e+05 1.016965631396627286e+05 1.016964692086512077e+05 1.016966985285237606e+05 1.777325440972470096e+05 1.016962410152282973e+05 3.140189294956406593e+04 8.898486526039331511e+04 1.869295040923854394e+05 9.322207348140320391e+04 1.488821173799073949e+04 1.016966696279456955e+05 1.271202544829216495e+05 9.927531408442188695e+04 1.001262608312843950e+05 3.195491136339612058e+04 1.954083990969820297e+05 1.016963972267705394e+05 1.016960070906655601e+05 1.016960027592489787e+05 1.710144891026506666e+05 7.919869093060998421e+04 1.016966044350757729e+05
1.919946880301583151e+05 5.367402958580608538e+04 1.412553705004487711e+04 6.096967647815130476e+03 5.650961890670232606e+03 1.130054819325651624e+04 2.257549152741263970e+05 1.412554535648772617e+04 8.466600637010323408e+04 3.248727795651044289e+04 2.434264504667916044e+05 2.825010022917662718e+04 1.016966696279456955e+05 3.766795063314657455e+03 1.694931773356530757e+05 2.219673818051428680e+04 1.504254571132049896e+05 1.222777492977961665e+05 2.519052610282286769e+05 1.412565400752584537e+04 1.412539291117436551e+04 1.412534133772086534e+04 2.105622425801152422e+05 4.791270929806781351e+04 5.650917713263585938e+03
3.310743324377578392e+04 1.525440712898686470e+05 1.694926870076504711e+05 1.694930695404247672e+05 1.694931647498532839e+05 1.694932550139020896e+05 1.062896436776307382e+05 1.694928452530178765e+05 1.324169346506268776e+05 1.652559586489993962e+05 1.332574070043550455e+05 1.694932200717915257e+05 1.271202544829216495e+05 1.694931773356530757e+05 3.286856896308540399e+03 1.694932916146940261e+05 3.045881926023552296e+04 9.974120351689434028e+04 1.417360861892743269e+05 1.694929482564929058e+05 1.694927068925560452e+05 1.694927154212664755e+05 7.426005089815818064e+04 1.579371277097141137e+05 1.694930306615993613e+05
1.919948946947853838e+05 3.995331818674966053e+04 2.784632591468357350e+04 2.784651910899770883e+04 2.784655337806668831e+04 1.268119775051738725e+04 2.257549169024476432e+05 2.784632454784873698e+04 8.224481583737443725e+04 1.876650095718906960e+04 2.434264089583916357e+05 7.392754407357010678e+03 9.927531408442188695e+04 2.219673818051428680e+04 1.694932916146939970e+05 3.459277967537645054e+03 1.504253748309621878e+05 1.202024568439690920e+05 2.519053907001266489e+05 2.784643869040275604e+04 2.784613715903679622e+04 2.784607540667523062e+04 2.105623149680607894e+05 3.419183335436382185e+04 2.784656864997250887e+04
6.215548698412848171e+04 1.334762732580381853e+05 1.504249230798780336e+05 1.504252823154858488e+05 1.504253475286040048e+05 1.504254302865565405e+05 1.261790071348748315e+05 1.504250081939482770e+05 1.091201467117444554e+05 1.461881948446666647e+05 1.523250615946970647e+05 1.504254888087203144e+05 1.001262608312843950e+05 1.504254571132049896e+05 3.045881926023552296e+04 1.504253748309622169e+05 2.086468012990570423e+04 6.951838240525856963e+04 1.608039784838177147e+05 1.504251519373683259e+05 1.504248377473949804e+05 1.504248485372232099e+05 9.779234463611553656e+04 1.388691589391288580e+05 1.504252989580349531e+05
1.292424485253321764e+05 9.759508795226988150e+04 1.222771920343531383e+05 1.222776225525561749e+05 1.222776137657973595e+05 1.222777964503918774e+05 1.615906553968039225e+05 1.222774357139486965e+05 6.335557277424493805e+04 1.107765536439033458e+05 1.707876774801241409e+05 1.150137906202661106e+05 3.195491136339612058e+04 1.222777492977961811e+05 9.974120351689434028e+04 1.202024568439690775e+05 6.951838240525856963e+04 9.898238952492136377e+03 1.792663544939259300e+05 1.222775482113416365e+05 1.222771438762330654e+05 1.222771250950248213e+05 1.548722631514970562e+05 1.034575756511796935e+05 1.222776514671856130e+05
1.272265223736035405e+05 2.349563523341109394e+05 2.519049378952304833e+05 2.519050516589917825e+05 2.519052885636941064e+05 2.519052947901677107e+05 6.547078392514928419e+04 2.519051118108607188e+05 2.148293362516560010e+05 2.476681673301688279e+05 9.131766572826996708e+03 2.519054585155603127e+05 1.954083990969820297e+05 2.519052610282286769e+05 1.417360861892743269e+05 2.519053907001266198e+05 1.608039784838177147e+05 1.792663544939259300e+05 3.382158904768697994e+03 2.519051110694271920e+05 2.519050209075036109e+05 2.519050580634961952e+05 1.063166001485188754e+05 2.403492128458785301e+05 2.519052536062860745e+05
1.919944835299373372e+05 5.932349528955640562e+04 8.911245642679844758e-01 8.029482829916230003e+03 8.475727884233361692e+03 1.516648040311332988e+04 2.257546345080341271e+05 7.624344529840967333e-01 8.466577542906752205e+04 3.813701484048323618e+04 2.434262137384194066e+05 3.389986493240141135e+04 1.016963972267705394e+05 1.412565400752584537e+04 1.694929482564929058e+05 2.784643869040275240e+04 1.504251519373683259e+05 1.222775482113416365e+05 2.519051110694271920e+05 2.105336482586660507e-01 8.623615487353321063e-01 8.499192564033246633e-01 2.105619727277035418e+05 5.356208333657281764e+04 8.475691849885393822e+03
1.919942841364663618e+05 5.932324070668858622e+04 5.083688068845211294e-01 8.029538852686047903e+03 8.475643618252928718e+03 1.516619812285093940e+04 2.257545284872786724e+05 6.561038483694655588e-01 8.466541655996159534e+04 3.813671089906896668e+04 2.434261490211228083e+05 3.389951460870664596e+04 1.016960070906655601e+05 1.412539291117436733e+04 1.694927068925560452e+05 2.784613715903679258e+04 1.504248377473949804e+05 1.222771438762330508e+05 2.519050209075036109e+05 8.623615487353317732e-01 1.485790887514799319e-01 3.134437386426653371e-01 2.105618230236238742e+05 5.356177434010356228e+04 8.475670578759314594e+03
1.919943168811335054e+05 5.932313379283306131e+04 5.441222664602196613e-01 8.029563197440133990e+03 8.475598496688802697e+03 1.516609460188593039e+04 2.257545560102605668e+05 6.667080864066023960e-01 8.466539281628496246e+04 3.813662165964548331e+04 2.434261646677848767e+05 3.389938251921276242e+04 1.016960027592489641e+05 1.412534133772086534e+04 1.694927154212664755e+05 2.784607540667521971e+04 1.504248485372232099e+05 1.222771250950247922e+05 2.519050580634961952e+05 8.499192564033244413e-01 3.134437386426653371e-01 6.590948457213578748e-02 2.105617949272623810e+05 5.356170986749856820e+04 8.475638925785839092e+03
4.115373247920990252e+04 1.936132920511022385e+05 2.105618756391744828e+05 2.105620696151319135e+05 2.105621207060826127e+05 2.105623001693318947e+05 4.215066758136069984e+04 2.105619434074410237e+05 1.734861127448114275e+05 2.063250052490014059e+05 9.728603420060471399e+04 2.105624237022571906e+05 1.710144891026506666e+05 2.105622425801152131e+05 7.426005089815818064e+04 2.105623149680607894e+05 9.779234463611553656e+04 1.548722631514970562e+05 1.063166001485188754e+05 2.105619727277035418e+05 2.105618230236238742e+05 2.105617949272623810e+05 8.179683684494611953e+03 1.990061442278935574e+05 2.105621619714732515e+05
1.804386602677204646e+05 1.022297000811290309e+04 5.356192746857610473e+04 5.356224078157989425e+04 5.356242033696130966e+04 4.508777176029662951e+04 2.141987582045686140e+05 5.356202950650549610e+04 5.652890655124512705e+04 1.542646581181751753e+04 2.318704146679154946e+05 2.680032669922669447e+04 7.919869093060998421e+04 4.791270929806781351e+04 1.579371277097141137e+05 3.419183335436382185e+04 1.388691589391288580e+05 1.034575756511796935e+05 2.403492128458785301e+05 5.356208333657281764e+04 5.356177434010356228e+04 5.356170986749856820e+04 1.990061442278935574e+05 4.627304727687885133e+03 5.356233778241390974e+04
1.919946199737662391e+05 5.932366501815978700e+04 8.475746829176547180e+03 4.469908937387083938e+02 9.889681333849004163e-01 1.695053801303176806e+04 2.257548586224230239e+05 8.475772841807280201e+03 8.466588808596305898e+04 3.813716310800225619e+04 2.434264316915865929e+05 3.389981647231129318e+04 1.016966044350757729e+05 5.650917713263585938e+03 1.694930306615993613e+05 2.784656864997250887e+04 1.504252989580349531e+05 1.222776514671855839e+05 2.519052536062860745e+05 8.475691849885393822e+03 8.475670578759314594e+03 8.475638925785839092e+03 2.105621619714732515e+05 5.356233778241390974e+04 2.671305028156139016e-01
