9.948830888488771961e+03 4.658948252735812275e+04 2.134158704477500869e+05 5.249493754077511403e+04 9.468415659650193993e+04 5.523373587591679097e+04 3.377559277599669440e+04 5.137013172579662205e+04 5.643197453725853120e+04 4.851843278508076037e+04 5.643196522727203410e+04 4.272231015115896589e+05 5.643181416117405752e+04 5.643159167241857358e+04 1.658111650055394275e+05 3.366029272023461817e+04 5.643137384000705060e+04 3.417607277868198580e+05 1.299170542454703682e+05 6.173739456368192623e+04 5.643168158361654059e+04 2.693879094568385626e+05 5.643190220968590438e+04 3.663472307878531137e+04 5.643175990429029480e+04
4.658948252735813003e+04 2.594479116105121648e+03 2.251075072984088620e+05 2.165547141336775894e+04 1.155473943297688384e+05 2.570649004752757173e+04 6.866297082605182368e+04 1.659353365946853955e+04 2.952945963393588318e+04 1.040184110148434593e+04 2.952951855267457722e+04 4.385419961452269927e+05 2.952939330073763995e+04 2.952919685526252215e+04 1.795528501553156239e+05 1.686773919051553094e+04 2.952891435006139000e+04 3.530795772765232832e+05 1.492238996060770005e+05 8.591929100021046179e+04 2.952928111428091142e+04 2.807068091728927684e+05 2.952942489291533275e+04 1.421165928087038992e+04 2.952929592136486826e+04
2.134158704477500869e+05 2.251075072984088620e+05 4.988981686393717973e+04 2.270758607518049830e+05 1.776655015019804996e+05 2.270758932483601384e+05 2.080976232614152832e+05 2.270758863341193646e+05 2.270757929956910957e+05 2.270759898863070412e+05 2.270757757287264394e+05 3.518856757134102518e+05 2.270756389611892228e+05 2.270755002581871813e+05 1.220680916229760769e+05 2.217073668845280190e+05 2.270754492423470656e+05 2.602670328824062890e+05 1.576835827000002319e+05 1.987379128253434028e+05 2.270755690261158452e+05 1.590053062228822382e+05 2.270757743070315628e+05 2.192019832421906467e+05 2.270756346417788882e+05
5.249493754077511403e+04 2.165547141336775894e+04 2.270758607518049830e+05 1.309418822132576224e+03 1.175157741334523889e+05 7.160829665339294479e+03 7.456850153419061098e+04 9.615318593970730944e+03 1.098393849242142824e+04 1.526495131749977372e+04 1.098391538074331038e+04 4.405103425663871458e+05 1.181275493058013126e+04 1.181261072217221044e+04 1.815212703740334546e+05 2.882144786387501881e+04 1.181234706900712263e+04 3.550479859681208618e+05 1.511923910709238844e+05 9.126238211071414116e+04 1.181265159050661168e+04 2.826751995976159233e+05 1.120200638535777944e+04 3.227060967969947524e+04 1.181272320404854690e+04
9.468415659650193993e+04 1.155473943297688384e+05 1.776655015019805287e+05 1.175157741334523889e+05 2.576431570571653720e+04 1.175158520881377917e+05 7.881170647954434389e+04 1.175158105198741832e+05 1.175157863849225541e+05 1.175159049541674322e+05 1.175157341906219517e+05 3.981877290530356113e+05 1.175156253712653561e+05 1.175153854943823244e+05 1.244561138428104605e+05 1.121472398772251327e+05 1.175152614984710526e+05 3.094445594280888909e+05 7.146745791688680765e+04 5.805358826666911045e+04 1.175154365749374701e+05 2.371002601821774733e+05 1.175157095315717597e+05 1.096418498844161222e+05 1.175156001738019986e+05
5.523373587591679097e+04 2.570649004752757173e+04 2.270758932483601384e+05 7.160829665339294479e+03 1.175158520881377917e+05 3.417636965152350058e+03 7.730727369386107603e+04 1.677478394418317475e+04 3.824508093399009795e+03 2.193348612893641621e+04 3.824494625658872792e+03 4.405103839791514911e+05 7.761567915767870545e+03 7.761439149431854275e+03 1.815212448677857465e+05 3.287253757667078753e+04 7.761157003036984861e+03 3.550479074434695649e+05 1.511923500284849724e+05 9.233406691427600163e+04 7.761516531185985514e+03 2.826752047874252312e+05 4.860566422666473045e+03 3.632182882616487768e+04 7.761543685179648492e+03
3.377559277599670168e+04 6.866297082605183823e+04 2.080976232614152832e+05 7.456850153419061098e+04 7.881170647954434389e+04 7.730727369386107603e+04 2.069708738605572216e+04 7.344362690279755043e+04 7.850548086756982957e+04 7.050825511695233581e+04 7.850548092240338156e+04 4.218096935531481286e+05 7.850537107502375147e+04 7.850512233504661708e+04 1.581180512947285897e+05 5.958401933530187671e+04 7.850493245044129435e+04 3.356912044743310544e+05 1.196419182283371920e+05 4.726854722019072506e+04 7.850518894441345765e+04 2.643026671391765121e+05 7.850548939377648639e+04 6.155922717158672458e+04 7.850532098571992537e+04
5.137013172579662205e+04 1.659353365946853955e+04 2.270758863341193646e+05 9.615318593970730944e+03 1.175158105198741832e+05 1.677478394418317475e+04 7.344362690279755043e+04 2.012371282150211528e+03 2.059775953048604788e+04 6.955464698123267226e+03 2.059777522050788320e+04 4.405104335121112526e+05 2.059767156105979302e+04 2.059749935140220987e+04 1.815213438612027385e+05 2.375963059477732895e+04 2.059727492239570347e+04 3.550480574807011290e+05 1.511924211629446654e+05 9.029819789300147386e+04 2.059759195776639535e+04 2.826752446165412548e+05 2.059770482480771534e+04 2.720877311745988482e+04 2.059763794080081789e+04
5.643197453725853848e+04 2.952945963393588318e+04 2.270757929956910957e+05 1.098393849242142824e+04 1.175157863849225541e+05 3.824508093399009795e+03 7.850548086756982957e+04 2.059775953048604060e+04 6.923139202499223321e-01 2.575642266330234634e+04 1.410707599435254478e+00 4.405103076788521721e+05 3.938624646104981366e+03 3.938487149462396246e+03 1.815212077220179199e+05 3.669545612752743182e+04 3.938237552806388976e+03 3.550479367962822434e+05 1.511922761048353859e+05 9.280292422525750590e+04 3.938618252537712124e+03 2.826751671598333633e+05 1.037520244371337412e+03 4.014469498900623148e+04 3.938590432716589476e+03
4.851843278508076037e+04 1.040184110148434593e+04 2.270759898863070412e+05 1.526495131749977554e+04 1.175159049541674322e+05 2.193348612893641621e+04 7.050825511695233581e+04 6.955464698123268136e+03 2.575642266330234634e+04 4.932957547502181114e+03 2.575648634067337116e+04 4.405104859433063539e+05 2.575639411090851718e+04 2.575617745799558543e+04 1.815213449765659752e+05 2.017723994057065647e+04 2.575593131754324349e+04 3.550480418215710670e+05 1.511924100137762143e+05 8.788784809278942703e+04 2.575630045488584437e+04 2.826753066305558896e+05 2.575637958991560299e+04 2.164243440354298582e+04 2.575631400761217446e+04
5.643196522727203410e+04 2.952951855267457358e+04 2.270757757287264394e+05 1.098391538074330674e+04 1.175157341906219517e+05 3.824494625658872792e+03 7.850548092240338156e+04 2.059777522050788320e+04 1.410707599435254478e+00 2.575648634067336025e+04 6.831559939844932261e-01 4.405103141458324390e+05 3.938576033742010623e+03 3.938537035382105842e+03 1.815212355433845951e+05 3.669550035436979670e+04 3.938296164893306468e+03 3.550479553986659739e+05 1.511923196681595582e+05 9.280288140622302308e+04 3.938587299159895338e+03 2.826751405319799087e+05 1.037536207608987525e+03 4.014472603458011145e+04 3.938625425537183673e+03
4.272231015115896007e+05 4.385419961452269927e+05 3.518856757134102518e+05 4.405103425663871458e+05 3.981877290530356113e+05 4.405103839791514911e+05 4.218096935531481286e+05 4.405104335121112526e+05 4.405103076788521139e+05 4.405104859433064703e+05 4.405103141458324390e+05 1.208390698517536075e+05 4.405102220783794764e+05 4.405101744554918259e+05 3.702567518737617065e+05 4.351418069114448735e+05 4.405101171025556396e+05 2.458805858674258343e+05 3.887978573369166115e+05 4.107018074333738186e+05 4.405101575214727200e+05 3.073778518431064440e+05 4.405103050322848721e+05 4.326364606331336545e+05 4.405102206753375940e+05
5.643181416117405752e+04 2.952939330073763631e+04 2.270756389611892228e+05 1.181275493058013126e+04 1.175156253712653561e+05 7.761567915767870545e+03 7.850537107502375147e+04 2.059767156105979302e+04 3.938624646104981366e+03 2.575639411090851354e+04 3.938576033742010623e+03 4.405102220783794764e+05 6.691814292302533662e-01 1.313084574876814292e+00 1.815210800370533543e+05 3.669541454785301903e+04 1.152634245286856984e+00 3.550478236415144638e+05 1.511921619628125045e+05 9.280278339908820635e+04 1.362885633622231474e+00 2.826749693609331734e+05 2.902376047243709763e+03 4.014460315365730639e+04 1.331248559070949966e+00
5.643159167241857358e+04 2.952919685526251851e+04 2.270755002581871813e+05 1.181261072217221044e+04 1.175153854943823244e+05 7.761439149431854275e+03 7.850512233504661708e+04 2.059749935140220259e+04 3.938487149462396246e+03 2.575617745799557815e+04 3.938537035382105842e+03 4.405101744554918259e+05 1.313084574876814292e+00 6.117619479583298325e-01 1.815208344583669095e+05 3.669518433764346992e+04 8.014933720784224169e-01 3.550477182394920383e+05 1.511919021213310480e+05 9.280253422714833869e+04 1.078100063895157223e+00 2.826748783868843457e+05 2.902332716876745963e+03 4.014438317893197382e+04 1.180858447429603775e+00
1.658111650055394275e+05 1.795528501553156239e+05 1.220680916229760915e+05 1.815212703740334546e+05 1.244561138428104605e+05 1.815212448677857465e+05 1.581180512947285897e+05 1.815213438612027385e+05 1.815212077220179199e+05 1.815213449765659752e+05 1.815212355433845951e+05 3.702567518737617065e+05 1.815210800370533543e+05 1.815208344583669095e+05 4.782397310415994434e+04 1.761527178071259987e+05 1.815207539540864818e+05 2.832174447246209602e+05 9.315259017464757198e+04 1.469504145455425605e+05 1.815209048723723972e+05 1.975020201354342862e+05 1.815211421011232596e+05 1.736473786357533245e+05 1.815210011375612230e+05
3.366029272023461817e+04 1.686773919051553094e+04 2.217073668845280190e+05 2.882144786387501881e+04 1.121472398772251327e+05 3.287253757667078753e+04 5.958401933530187671e+04 2.375963059477732895e+04 3.669545612752743909e+04 2.017723994057065647e+04 3.669550035436981125e+04 4.351418069114448735e+05 3.669541454785301903e+04 3.669518433764346992e+04 1.761527178071259987e+05 4.574786460178299421e+03 3.669492024394720647e+04 3.496794644498577691e+05 1.458237522613662877e+05 8.230109951317335072e+04 3.669526503618747665e+04 2.773066601279381430e+05 3.669541698049895058e+04 1.315104501776342295e+04 3.669532475431975035e+04
5.643137384000706516e+04 2.952891435006139727e+04 2.270754492423470656e+05 1.181234706900712263e+04 1.175152614984710526e+05 7.761157003036984861e+03 7.850493245044129435e+04 2.059727492239570347e+04 3.938237552806388976e+03 2.575593131754324349e+04 3.938296164893306468e+03 4.405101171025556396e+05 1.152634245286856984e+00 8.014933720784224169e-01 1.815207539540864818e+05 3.669492024394720647e+04 4.019200719855662851e-01 3.550476311705788248e+05 1.511917950191603741e+05 9.280234632321799290e+04 9.520086321026272058e-01 2.826748255328052328e+05 2.902141503591468791e+03 4.014411827245681343e+04 1.037408171010851587e+00
3.417607277868198580e+05 3.530795772765232832e+05 2.602670328824062599e+05 3.550479859681208618e+05 3.094445594280888909e+05 3.550479074434695649e+05 3.356912044743309962e+05 3.550480574807011290e+05 3.550479367962823017e+05 3.550480418215710670e+05 3.550479553986659739e+05 2.458805858674258343e+05 3.550478236415144638e+05 3.550477182394920383e+05 2.832174447246209602e+05 3.496794644498577691e+05 3.550476311705788830e+05 1.061099383780723874e+05 3.037030287012225017e+05 3.291764375816834508e+05 3.550477567793158814e+05 2.034718164192592958e+05 3.550478840616585221e+05 3.471741216437232215e+05 3.550477509907310596e+05
1.299170542454703682e+05 1.492238996060770296e+05 1.576835827000002610e+05 1.511923910709238844e+05 7.146745791688680765e+04 1.511923500284849724e+05 1.196419182283371920e+05 1.511924211629446945e+05 1.511922761048353859e+05 1.511924100137762434e+05 1.511923196681595582e+05 3.887978573369166115e+05 1.511921619628125045e+05 1.511919021213310480e+05 9.315259017464757198e+04 1.458237522613662877e+05 1.511917950191603741e+05 3.037030287012225017e+05 2.891839568842588051e+04 1.010180175713607896e+05 1.511920036371052556e+05 2.257440741323813854e+05 1.511922454397480469e+05 1.433184565420524741e+05 1.511920908495609474e+05
6.173739456368191895e+04 8.591929100021046179e+04 1.987379128253434610e+05 9.126238211071414116e+04 5.805358826666910318e+04 9.233406691427600163e+04 4.726854722019072506e+04 9.029819789300147386e+04 9.280292422525752045e+04 8.788784809278942703e+04 9.280288140622302308e+04 4.107018074333738186e+05 9.280278339908822090e+04 9.280253422714835324e+04 1.469504145455425605e+05 8.230109951317335072e+04 9.280234632321799290e+04 3.291764375816834508e+05 1.010180175713607896e+05 1.760188298324376956e+04 9.280260402285130112e+04 2.548239921664251597e+05 9.280288915493983950e+04 8.001375630525287124e+04 9.280274387899400608e+04
5.643168158361654059e+04 2.952928111428090779e+04 2.270755690261158452e+05 1.181265159050661168e+04 1.175154365749374701e+05 7.761516531185985514e+03 7.850518894441345765e+04 2.059759195776639535e+04 3.938618252537712124e+03 2.575630045488584437e+04 3.938587299159895338e+03 4.405101575214728364e+05 1.362885633622231252e+00 1.078100063895157223e+00 1.815209048723723390e+05 3.669526503618747665e+04 9.520086321026272058e-01 3.550477567793158814e+05 1.511920036371052556e+05 9.280260402285128657e+04 6.294316363395013880e-01 2.826748652196886833e+05 2.902452666039092946e+03 4.014445449467258004e+04 1.213163820043758001e+00
2.693879094568385626e+05 2.807068091728927684e+05 1.590053062228822091e+05 2.826751995976159233e+05 2.371002601821775315e+05 2.826752047874252312e+05 2.643026671391765121e+05 2.826752446165412548e+05 2.826751671598333633e+05 2.826753066305558896e+05 2.826751405319799087e+05 3.073778518431065022e+05 2.826749693609331734e+05 2.826748783868843457e+05 1.975020201354342862e+05 2.773066601279381430e+05 2.826748255328051746e+05 2.034718164192592376e+05 2.257440741323813854e+05 2.548239921664251306e+05 2.826748652196886833e+05 8.271109097731571819e+04 2.826750781415677047e+05 2.748012845497473609e+05 2.826749645045441575e+05
5.643190220968590438e+04 2.952942489291533275e+04 2.270757743070316210e+05 1.120200638535777944e+04 1.175157095315717597e+05 4.860566422666473045e+03 7.850548939377648639e+04 2.059770482480771534e+04 1.037520244371337412e+03 2.575637958991560299e+04 1.037536207608987525e+03 4.405103050322849886e+05 2.902376047243709763e+03 2.902332716876745508e+03 1.815211421011232596e+05 3.669541698049895058e+04 2.902141503591468791e+03 3.550478840616585221e+05 1.511922454397480469e+05 9.280288915493981040e+04 2.902452666039092946e+03 2.826750781415677047e+05 1.527531232265392191e+03 4.014463764268589148e+04 2.902424197259064385e+03
3.663472307878531137e+04 1.421165928087038992e+04 2.192019832421906467e+05 3.227060967969947524e+04 1.096418498844161222e+05 3.632182882616487768e+04 6.155922717158672458e+04 2.720877311745988482e+04 4.014469498900623148e+04 2.164243440354298582e+04 4.014472603458011145e+04 4.326364606331336545e+05 4.014460315365730639e+04 4.014438317893197382e+04 1.736473786357533245e+05 1.315104501776342113e+04 4.014411827245680615e+04 3.471741216437232215e+05 1.433184565420524450e+05 8.001375630525287124e+04 4.014445449467258004e+04 2.748012845497473609e+05 4.014463764268589148e+04 1.242776458942028967e+03 4.014453633189133689e+04
5.643175990429029480e+04 2.952929592136486826e+04 2.270756346417788882e+05 1.181272320404854509e+04 1.175156001738019986e+05 7.761543685179648492e+03 7.850532098571992537e+04 2.059763794080081789e+04 3.938590432716589476e+03 2.575631400761217083e+04 3.938625425537183673e+03 4.405102206753375940e+05 1.331248559070949966e+00 1.180858447429603775e+00 1.815210011375612230e+05 3.669532475431975035e+04 1.037408171010851587e+00 3.550477509907310596e+05 1.511920908495609183e+05 9.280274387899402063e+04 1.213163820043758001e+00 2.826749645045441575e+05 2.902424197259064840e+03 4.014453633189133689e+04 6.341241991839210446e-01
