2.695106844022156656e+04 1.444997124992245226e+05 5.883851596951254032e+04 1.326888996271157521e+05 1.385944241068103001e+05 1.769790612984450709e+05 8.546605610901839100e+04 1.159097950717031345e+05 1.444998813888830773e+05 1.444998383691619092e+05 1.326889645074244181e+05 1.444997878938037320e+05 1.444994574436653638e+05 1.444999715475598059e+05 3.442794950634099660e+05 1.444996745369953278e+05 1.208780093627545866e+05 1.101958194986460294e+05 1.444999261654006841e+05 1.444998686135660682e+05 1.444999540055573161e+05 1.012424197692945454e+05 1.444993514209647547e+05 1.444995782633231429e+05 2.607585115981320851e+05
1.444997124992245226e+05 7.038051667172172676e-01 1.074762078157008218e+05 2.799837637841132528e+04 2.165536739294891959e+04 2.506109804601944634e+05 8.440303409160255978e+04 4.827714676849851094e+04 5.096471758972413113e+02 1.530873563865708276e+00 3.149796632842235704e+04 1.373665077406537094e+00 1.297076551309439774e+00 1.292007959592346378e+04 4.025452966097542085e+05 1.372034725960777468e+00 4.330900137821034878e+04 5.493261356193219399e+04 8.531920892877566075e+03 1.538837885844971831e+00 3.938739304183572585e+03 1.974726905907242035e+05 1.121075481505147575e+00 1.401732184871177456e+00 3.214287114922022447e+05
5.883851596951254760e+04 1.074762078157008218e+05 1.891574309145477673e+04 9.566537208164103504e+04 1.015709087317834055e+05 1.924445041372540873e+05 3.572017989164066239e+04 7.888613203123008134e+04 1.074763373815695813e+05 1.074762869944112754e+05 9.566539910558969132e+04 1.074762720771359309e+05 1.074759181253894640e+05 1.074764042534242471e+05 3.556453258701998275e+05 1.074761192466911161e+05 8.385426288370936527e+04 7.211139513399696443e+04 1.074764211052141909e+05 1.074763225067286257e+05 1.074763722258218768e+05 1.270265447819638939e+05 1.074757900713182898e+05 1.074759999333832675e+05 2.715338101040198817e+05
1.326888996271157521e+05 2.799837637841132528e+04 9.566537208164103504e+04 2.370153285697035699e+03 9.174321495505251733e+03 2.388002674835348735e+05 6.961506705640538712e+04 3.209184399260667124e+04 2.749039396060187573e+04 2.799843181112933235e+04 8.596069889847616651e+03 2.799837558899900614e+04 2.799807504629109462e+04 1.587588601861244751e+04 3.907345160375974956e+05 2.799831350606430715e+04 2.712356148821041643e+04 3.874727557013378828e+04 1.946817291607972948e+04 2.799842524959420189e+04 2.406147845152487935e+04 1.856619401284263877e+05 2.799784728347791315e+04 2.799823107790572249e+04 3.096179543950969819e+05
1.385944241068103292e+05 2.165536739294891959e+04 1.015709087317834055e+05 9.174321495505251733e+03 5.906367787860887802e+03 2.447057274722154834e+05 7.554494758725778956e+04 3.843478809874394938e+04 2.114735565470211441e+04 2.165542787126640542e+04 1.732681514688787865e+04 2.165537258040706001e+04 2.165510457054165454e+04 8.736876023416323733e+03 3.966400080494033755e+05 2.165535469561536593e+04 3.346657612306679221e+04 4.509029001172565768e+04 1.312506980707852199e+04 2.165544183464565140e+04 1.771839801122161953e+04 1.915674017113568843e+05 2.165486993073094709e+04 2.165526185960103248e+04 3.155234356352553004e+05
1.769790612984450709e+05 2.506109804601944634e+05 1.924445041372540873e+05 2.388002674835348735e+05 2.447057274722154834e+05 6.313810229361050006e+04 2.056623871410948341e+05 2.256769324923147215e+05 2.506111348518866289e+05 2.506110672289467184e+05 2.388002870923286828e+05 2.506109980629960191e+05 2.506108208058318414e+05 2.506112222084189416e+05 2.702704447419264470e+05 2.506109199339588813e+05 2.269892404530221247e+05 2.213650218170997105e+05 2.506112005627290928e+05 2.506110568059515790e+05 2.506111457353953156e+05 1.381839038309612370e+05 2.506107289266895095e+05 2.506108911462346732e+05 1.675862222846715304e+05
8.546605610901840555e+04 8.440303409160255978e+04 3.572017989164066239e+04 6.961506705640538712e+04 7.554494758725778956e+04 2.056623871410948341e+05 1.229322734279909309e+04 5.264144972923270689e+04 8.440317767338824342e+04 8.440308818753852393e+04 6.942064194728502480e+04 8.440306961832904199e+04 8.440267996905445762e+04 8.145047970522663672e+04 3.597541060748111340e+05 8.440291160755330930e+04 5.760957855919473513e+04 4.455560611454839091e+04 8.268078621514470433e+04 8.440312730716566148e+04 8.440318856186633639e+04 1.455748217494114360e+05 8.440258038804172247e+04 8.440283681693655672e+04 2.799853433907288709e+05
1.159097950717031345e+05 4.827714676849851094e+04 7.888613203123008134e+04 3.209184399260667124e+04 3.843478809874394210e+04 2.256769324923147215e+05 5.264144972923270689e+04 4.172185699715663759e+03 4.827731645410149213e+04 4.827722553352626710e+04 2.479684551128529347e+04 4.827721849324087816e+04 4.827687451831318322e+04 4.434034786473960412e+04 3.776112753493012278e+05 4.827712832029853598e+04 7.307522858798900415e+03 1.049402398814498520e+04 4.598069689133428619e+04 4.827724635368491727e+04 4.827727245034059160e+04 1.709717917923180503e+05 4.827667189829165000e+04 4.827700355298093200e+04 2.964946741690094932e+05
1.444998813888831064e+05 5.096471758972413113e+02 1.074763373815695813e+05 2.749039396060187937e+04 2.114735565470211441e+04 2.506111348518866289e+05 8.440317767338824342e+04 4.827731645410149940e+04 8.856953534106027064e+02 5.096030332791110595e+02 3.123582413193194589e+04 5.096447442522353981e+02 5.095058544720033638e+02 1.241205137987391936e+04 4.025454474773390102e+05 5.096903496563186877e+02 4.330911933881306322e+04 5.493277243853955588e+04 8.023857611089984857e+03 5.096135948292696867e+02 3.430534471599238259e+03 1.974728447390117508e+05 5.092635620186093774e+02 5.096173307477420735e+02 3.214288518768752110e+05
1.444998383691619383e+05 1.530873563865708276e+00 1.074762869944112754e+05 2.799843181112933235e+04 2.165542787126640542e+04 2.506110672289467184e+05 8.440308818753852393e+04 4.827722553352626710e+04 5.096030332791111164e+02 7.104314381320835370e-01 3.149803148349296680e+04 1.500441791036937644e+00 1.390991734304862781e+00 1.292014031026073644e+04 4.025453681613797089e+05 1.566074269092524007e+00 4.330906497926533484e+04 5.493266884968024533e+04 8.531925325141541180e+03 1.490644765918022641e+00 3.938705127409931265e+03 1.974727499704640941e+05 1.234665331193402604e+00 1.537449902842897842e+00 3.214288170769754797e+05
1.326889645074244181e+05 3.149796632842236795e+04 9.566539910558969132e+04 8.596069889847616651e+03 1.732681514688787502e+04 2.388002870923286828e+05 6.942064194728502480e+04 2.479684551128529347e+04 3.123582413193194589e+04 3.149803148349296680e+04 4.919122417410697381e+03 3.149800556131839767e+04 3.149768765513100880e+04 2.323244498401117744e+04 3.907345761345720966e+05 3.149788069272607390e+04 1.946317963073825376e+04 3.267235354258206644e+04 2.582976248002340799e+04 3.149802077746399664e+04 2.946601925297302660e+04 1.856619157426376769e+05 3.149742626371933875e+04 3.149778628417415530e+04 3.096179862134057912e+05
1.444997878938037320e+05 1.373665077406537094e+00 1.074762720771359309e+05 2.799837558899900614e+04 2.165537258040705638e+04 2.506109980629960191e+05 8.440306961832904199e+04 4.827721849324087816e+04 5.096447442522354550e+02 1.500441791036937644e+00 3.149800556131839767e+04 7.068325348431955257e-01 1.372290195718656403e+00 1.292009246798009372e+04 4.025453274013621849e+05 1.439178802795264112e+00 4.330903894503317133e+04 5.493266218235392444e+04 8.531967801497261462e+03 1.549583253582943909e+00 3.938774664939903687e+03 1.974726998424754420e+05 1.189923179329446690e+00 1.456619067041165838e+00 3.214287177080631373e+05
1.444994574436653638e+05 1.297076551309439774e+00 1.074759181253894640e+05 2.799807504629108735e+04 2.165510457054165090e+04 2.506108208058318414e+05 8.440267996905445762e+04 4.827687451831317594e+04 5.095058544720034774e+02 1.390991734304862781e+00 3.149768765513099788e+04 1.372290195718656403e+00 5.793728270929133783e-01 1.291986076830047023e+04 4.025451958736648667e+05 1.235527185805573858e+00 4.330871049448985286e+04 5.493231993912583857e+04 8.531717172348860913e+03 1.433809036463769671e+00 3.938553649550410682e+03 1.974724641440160049e+05 8.079550439086270464e-01 1.102984193983481465e+00 3.214285812066273065e+05
1.444999715475598059e+05 1.292007959592346378e+04 1.074764042534242617e+05 1.587588601861244751e+04 8.736876023416321914e+03 2.506112222084189416e+05 8.145047970522663672e+04 4.434034786473960412e+04 1.241205137987391936e+04 1.292014031026073644e+04 2.323244498401117744e+04 1.292009246798009372e+04 1.291986076830047023e+04 1.592487271003046772e+03 4.025455119750770391e+05 1.292010561671856522e+04 3.937207958399169001e+04 5.099577168650952808e+04 4.389698530054372895e+03 1.292016183923156132e+04 8.983012126741657994e+03 1.974728679384882562e+05 1.291960587017944454e+04 1.292002177682841648e+04 3.214289343184452155e+05
3.442794950634099660e+05 4.025452966097542085e+05 3.556453258701998275e+05 3.907345160375974956e+05 3.966400080494033755e+05 2.702704447419264470e+05 3.597541060748111340e+05 3.776112753493012278e+05 4.025454474773390102e+05 4.025453681613797089e+05 3.907345761345721548e+05 4.025453274013622431e+05 4.025451958736648667e+05 4.025455119750770391e+05 1.252002375881679036e+05 4.025452453990104841e+05 3.789236014421210275e+05 3.727368492505875183e+05 4.025454597452702583e+05 4.025454246333489427e+05 4.025455013346162741e+05 3.078742269542306894e+05 4.025451628038438503e+05 4.025452538075700868e+05 2.356344428924742970e+05
1.444996745369953278e+05 1.372034725960777468e+00 1.074761192466911161e+05 2.799831350606430715e+04 2.165535469561536229e+04 2.506109199339588813e+05 8.440291160755330930e+04 4.827712832029852871e+04 5.096903496563186877e+02 1.566074269092524007e+00 3.149788069272607390e+04 1.439178802795264112e+00 1.235527185805573858e+00 1.292010561671856522e+04 4.025452453990104841e+05 6.842284663981684778e-01 4.330894943943496764e+04 5.493256707797582203e+04 8.531943531017794157e+03 1.560257827637278938e+00 3.938721601055388419e+03 1.974726388623430394e+05 1.053619140672159338e+00 1.227959538013932761e+00 3.214286028288318194e+05
1.208780093627546012e+05 4.330900137821034878e+04 8.385426288370937982e+04 2.712356148821041643e+04 3.346657612306679221e+04 2.269892404530221247e+05 5.760957855919473513e+04 7.307522858798901325e+03 4.330911933881306322e+04 4.330906497926533484e+04 1.946317963073825376e+04 4.330903894503317133e+04 4.330871049448985286e+04 3.937207958399169001e+04 3.789236014421210275e+05 4.330894943943496764e+04 7.998576120362997921e-01 1.772692543157498585e+04 4.101250171742374368e+04 4.330906823677491047e+04 4.330908312390335777e+04 1.738509262759682024e+05 4.330849500921666186e+04 4.330883525089881732e+04 2.978069870747281821e+05
1.101958194986460585e+05 5.493261356193219399e+04 7.211139513399696443e+04 3.874727557013378828e+04 4.509029001172565040e+04 2.213650218170997105e+05 4.455560611454839091e+04 1.049402398814498338e+04 5.493277243853955588e+04 5.493266884968024533e+04 3.267235354258206644e+04 5.493266218235392444e+04 5.493231993912583857e+04 5.099577168650952808e+04 3.727368492505875183e+05 5.493256707797582203e+04 1.772692543157498221e+04 9.087186346741118541e+03 5.263622694027754187e+04 5.493273260161230428e+04 5.493282237757271650e+04 1.661911641506179003e+05 5.493218273010732810e+04 5.493248603611419094e+04 2.921827588488319889e+05
1.444999261654006550e+05 8.531920892877564256e+03 1.074764211052142055e+05 1.946817291607972948e+04 1.312506980707852199e+04 2.506112005627291219e+05 8.268078621514470433e+04 4.598069689133428619e+04 8.023857611089983948e+03 8.531925325141541180e+03 2.582976248002340799e+04 8.531967801497261462e+03 8.531717172348860913e+03 4.389698530054372895e+03 4.025454597452702583e+05 8.531943531017794157e+03 4.101250171742374368e+04 5.263622694027754187e+04 3.828436740796241793e+03 8.532004926431076456e+03 4.594734975591512011e+03 1.974729225373688969e+05 8.531496353261192780e+03 8.531898698741779299e+03 3.214289039316311828e+05
1.444998686135660682e+05 1.538837885844971831e+00 1.074763225067286257e+05 2.799842524959420189e+04 2.165544183464564412e+04 2.506110568059516081e+05 8.440312730716566148e+04 4.827724635368491727e+04 5.096135948292696867e+02 1.490644765918022641e+00 3.149802077746399664e+04 1.549583253582943687e+00 1.433809036463769671e+00 1.292016183923156132e+04 4.025454246333489427e+05 1.560257827637278938e+00 4.330906823677491047e+04 5.493273260161230428e+04 8.532004926431076456e+03 7.256392680890881852e-01 3.938727431760471973e+03 1.974727582857443194e+05 1.232155161570452018e+00 1.554289908073366755e+00 3.214288360228468664e+05
1.444999540055573161e+05 3.938739304183572131e+03 1.074763722258218768e+05 2.406147845152487935e+04 1.771839801122161589e+04 2.506111457353953156e+05 8.440318856186633639e+04 4.827727245034059160e+04 3.430534471599237349e+03 3.938705127409931265e+03 2.946601925297302660e+04 3.938774664939903687e+03 3.938553649550410682e+03 8.983012126741657994e+03 4.025455013346163323e+05 3.938721601055388419e+03 4.330908312390335777e+04 5.493282237757271650e+04 4.594734975591512011e+03 3.938727431760471973e+03 7.150395418716015694e-01 1.974728319688181800e+05 3.938282520413682505e+03 3.938663813111036688e+03 3.214288696333916741e+05
1.012424197692945454e+05 1.974726905907242035e+05 1.270265447819639230e+05 1.856619401284263877e+05 1.915674017113568843e+05 1.381839038309612370e+05 1.455748217494114360e+05 1.709717917923180503e+05 1.974728447390117508e+05 1.974727499704640941e+05 1.856619157426376769e+05 1.974726998424754420e+05 1.974724641440160049e+05 1.974728679384882562e+05 3.078742269542306894e+05 1.974726388623430394e+05 1.738509262759682024e+05 1.661911641506179003e+05 1.974729225373689551e+05 1.974727582857443194e+05 1.974728319688181800e+05 5.707911628410114645e+04 1.974723376969730598e+05 1.974725256348851835e+05 2.267587132036547991e+05
1.444993514209647838e+05 1.121075481505147575e+00 1.074757900713182898e+05 2.799784728347791315e+04 2.165486993073094345e+04 2.506107289266895095e+05 8.440258038804172247e+04 4.827667189829165000e+04 5.092635620186094343e+02 1.234665331193402604e+00 3.149742626371933875e+04 1.189923179329446690e+00 8.079550439086270464e-01 1.291960587017944454e+04 4.025451628038438503e+05 1.053619140672159338e+00 4.330849500921666186e+04 5.493218273010732810e+04 8.531496353261192780e+03 1.232155161570452018e+00 3.938282520413682505e+03 1.974723376969730598e+05 3.946946943824390375e-01 9.420285568356927541e-01 3.214284942762901774e+05
1.444995782633231429e+05 1.401732184871177456e+00 1.074759999333832675e+05 2.799823107790572249e+04 2.165526185960102885e+04 2.506108911462346732e+05 8.440283681693655672e+04 4.827700355298093200e+04 5.096173307477421872e+02 1.537449902842897842e+00 3.149778628417414438e+04 1.456619067041165838e+00 1.102984193983481465e+00 1.292002177682841648e+04 4.025452538075700868e+05 1.227959538013932761e+00 4.330883525089881732e+04 5.493248603611419094e+04 8.531898698741779299e+03 1.554289908073366755e+00 3.938663813111036688e+03 1.974725256348851835e+05 9.420285568356927541e-01 6.645997917150570089e-01 3.214285821436364204e+05
2.607585115981320851e+05 3.214287114922022447e+05 2.715338101040198817e+05 3.096179543950969819e+05 3.155234356352553004e+05 1.675862222846715304e+05 2.799853433907288709e+05 2.964946741690094932e+05 3.214288518768752110e+05 3.214288170769754797e+05 3.096179862134057912e+05 3.214287177080631373e+05 3.214285812066273065e+05 3.214289343184452155e+05 2.356344428924742970e+05 3.214286028288318194e+05 2.978069870747281821e+05 2.921827588488319889e+05 3.214289039316311828e+05 3.214288360228468664e+05 3.214288696333916741e+05 2.267587132036547991e+05 3.214284942762901774e+05 3.214285821436364204e+05 8.801861493697403057e+04
