3.740578262707155432e-01 1.727974808499896042e+00 1.360477032515662099e+00 2.542528394980768280e+04 4.459420826414049225e+04 2.537592373017295322e+05 2.542500271696540221e+04 1.484230168334236266e+00 1.100895098852412193e+05 1.372163730587139918e+00 1.007905127132061596e+00 2.227580745855508721e+05 2.451124609795916185e+05 1.758088690240737924e+05 1.408883644822852110e+00 5.327072018038884562e+04 8.603241202265380707e+04 3.390009286471126688e+04 1.271332189109339197e+04 1.212621504659068705e+00 1.631974917269408465e+00 1.305070591898177954e+05 1.561642584282811441e+00 1.356807060929436481e+00 1.576189301299200762e+00
1.727974808499896042e+00 3.063808823187409991e-01 1.561501677968182067e+00 2.542549144479144888e+04 4.459417983789530990e+04 2.537594108204703953e+05 2.542512402847041812e+04 1.571147135134024708e+00 1.100893997773522424e+05 1.699364218300466467e+00 1.131650502590486829e+00 2.227581512941054825e+05 2.451125849138759077e+05 1.758089740886972868e+05 1.631411273014970353e+00 5.327058293912297813e+04 8.603229853867636120e+04 3.389990454121377115e+04 1.271348174905813175e+04 1.334611569933992659e+00 1.448609986277751727e+00 1.305072543923417543e+05 1.579289127163774786e+00 1.698016013321891782e+00 1.658908549419656042e+00
1.360477032515662321e+00 1.561501677968182067e+00 2.751723775945063011e-01 2.542518157393941146e+04 4.459427616611824487e+04 2.537591607638621354e+05 2.542504401461985253e+04 1.389382555567039823e+00 1.100894003356807225e+05 1.249813078089791807e+00 1.055593132631803766e+00 2.227580356649019814e+05 2.451124205348383985e+05 1.758088541035933595e+05 1.507255774544345117e+00 5.327069849625423376e+04 8.603242347410194634e+04 3.390014759234606026e+04 1.271331468007892181e+04 1.267395305038499842e+00 1.686464682924856406e+00 1.305071642472703825e+05 1.374285652632878607e+00 1.567467224303750184e+00 1.350157674790469997e+00
2.542528394980768280e+04 2.542549144479144888e+04 2.542518157393941146e+04 3.166512036181151069e-01 1.917041609545783285e+04 2.283354631081006664e+05 1.087446902570186280e+00 2.542492230986231516e+04 8.466562018892038031e+04 2.542507329426200886e+04 2.542474367699757204e+04 1.973342274800617015e+05 2.196886768736020313e+05 1.503850872241377656e+05 2.542540336478564495e+04 2.784682105866910570e+04 6.060855910738995590e+04 8.476219537453102021e+03 1.271315456258322229e+04 2.542495171033779479e+04 2.542543614581222209e+04 1.050832379070730531e+05 2.542491022016922216e+04 2.542531343520537848e+04 2.542495964283516150e+04
4.459420826414049225e+04 4.459417983789530990e+04 4.459427616611824487e+04 1.917041609545783285e+04 4.891026114456359210e+03 2.170362972590910213e+05 1.916993587288223716e+04 4.459410824055207922e+04 6.549704123047255416e+04 4.459421115112783446e+04 4.459357329626464343e+04 1.860351243385058187e+05 2.083894726378466585e+05 1.357131982564427308e+05 4.459414511635345116e+04 8.677899014999809879e+03 4.143995010541942611e+04 1.069563521965319524e+04 3.188215223050153509e+04 4.459382880693131301e+04 4.459423259148344368e+04 8.591468609523150371e+04 4.459412047888126835e+04 4.459417403680755524e+04 4.459417054973891936e+04
2.537592373017295322e+05 2.537594108204703953e+05 2.537591607638621354e+05 2.283354631081006664e+05 2.170362972590910213e+05 2.306070741228071711e+03 2.283351975539838022e+05 2.537589508969809685e+05 1.859628768368815363e+05 2.537591402863569383e+05 2.537588539009142842e+05 6.929478738367815095e+04 2.989372822053697382e+04 1.280957970507707942e+05 2.537592796886422730e+05 2.089653000388893124e+05 1.923188350238286075e+05 2.198611549307258392e+05 2.410470498209279904e+05 2.537588711947867414e+05 2.537593525029133016e+05 1.741014261905515450e+05 2.537590268438643543e+05 2.537592805588757037e+05 2.537590462245641684e+05
2.542500271696540221e+04 2.542512402847041812e+04 2.542504401461985253e+04 1.087446902570186280e+00 1.916993587288223716e+04 2.283351975539838022e+05 1.724261403931822145e-01 2.542473653575062417e+04 8.466513831309153466e+04 2.542497446997663064e+04 2.542418478698750914e+04 1.973339364941456879e+05 2.196883750060786260e+05 1.503846570383954095e+05 2.542506652996590856e+04 2.784630426914332202e+04 6.060806063305178395e+04 8.475824414515065655e+03 1.271273076052778924e+04 2.542439312845344466e+04 2.542510473943452962e+04 1.050828101236555522e+05 2.542486913342172193e+04 2.542495221221422980e+04 2.542492915577128224e+04
1.484230168334236266e+00 1.571147135134024708e+00 1.389382555567039823e+00 2.542492230986231516e+04 4.459410824055207922e+04 2.537589508969809685e+05 2.542473653575062417e+04 2.644122811940988194e-01 1.100892121589231538e+05 1.376995911477235435e+00 8.303729901136223113e-01 2.227577333078437077e+05 2.451121335258596228e+05 1.758086005999231711e+05 1.509464330686964395e+00 5.327048003711600177e+04 8.603216564775755978e+04 3.389994372275078058e+04 1.271283809000961992e+04 9.270609441836096254e-01 1.556163917307277211e+00 1.305069163835448853e+05 9.627183705637057942e-01 1.522150382555567782e+00 1.119398542804761920e+00
1.100895098852412193e+05 1.100893997773522424e+05 1.100894003356807225e+05 8.466562018892039487e+04 6.549704123047256871e+04 1.859628768368815363e+05 8.466513831309153466e+04 1.100892121589231538e+05 8.350519082700433501e+03 1.100894715590020496e+05 1.100888476211891102e+05 1.320391307750629203e+05 1.708693657554354577e+05 7.056395368067153322e+04 1.100894548488934670e+05 5.682048858483489312e+04 2.405857344792459116e+04 7.619112238010230067e+04 9.737731519208721875e+04 1.100890311451632006e+05 1.100895301368546352e+05 2.041913860512595784e+04 1.100892510286851320e+05 1.100895117001222243e+05 1.100893254723892751e+05
1.372163730587139918e+00 1.699364218300466467e+00 1.249813078089791807e+00 2.542507329426200886e+04 4.459421115112783446e+04 2.537591402863569383e+05 2.542497446997663064e+04 1.376995911477235435e+00 1.100894715590020787e+05 2.922123131137990826e-01 9.526487475422131812e-01 2.227580518000394513e+05 2.451123969750754186e+05 1.758088336613982683e+05 1.709070071028525151e+00 5.327066333242199471e+04 8.603237633177210228e+04 3.390012425714571873e+04 1.271330408788239038e+04 1.224470025248217464e+00 1.718498462722648945e+00 1.305070515069331595e+05 1.311053946502274137e+00 1.547509734473151433e+00 1.242031847897663077e+00
1.007905127132061596e+00 1.131650502590486829e+00 1.055593132631803766e+00 2.542474367699757204e+04 4.459357329626464343e+04 2.537588539009142842e+05 2.542418478698750914e+04 8.303729901136223113e-01 1.100888476211891102e+05 9.526487475422131812e-01 8.231857665090332177e-02 2.227575938768843771e+05 2.451120554674172308e+05 1.758083092843164632e+05 1.079219580875262041e+00 5.326999684472550143e+04 8.603176851837978757e+04 3.389945704454493534e+04 1.271264516739581450e+04 4.957190694931752351e-01 1.099830827569548308e+00 1.305064574950879760e+05 9.010986277623427299e-01 9.950753132003119505e-01 9.172483364340462408e-01
2.227580745855508721e+05 2.227581512941054825e+05 2.227580356649019814e+05 1.973342274800617015e+05 1.860351243385058187e+05 6.929478738367815095e+04 1.973339364941456879e+05 2.227577333078437077e+05 1.320391307750629203e+05 2.227580518000394513e+05 2.227575938768843771e+05 2.331880304914246153e+04 4.978993959995689511e+04 6.658673403560259612e+04 2.227580969184507558e+05 1.779640694574950321e+05 1.514274278735003027e+05 1.888599487136013631e+05 2.100459122813877766e+05 2.227577250778192247e+05 2.227581378590945387e+05 1.153840168631746928e+05 2.227578361799165723e+05 2.227581031955023936e+05 2.227579512793752365e+05
2.451124609795916476e+05 2.451125849138759077e+05 2.451124205348383985e+05 2.196886768736020313e+05 2.083894726378466585e+05 2.989372822053697382e+04 2.196883750060786260e+05 2.451121335258596228e+05 1.708693657554355159e+05 2.451123969750754477e+05 2.451120554674172308e+05 4.978993959995689511e+04 1.113305049552062519e+04 1.130022313786120212e+05 2.451125254332715704e+05 2.003183634660683747e+05 1.813270114682011481e+05 2.112143648717580072e+05 2.324002868958643521e+05 2.451120433456219034e+05 2.451126205936693877e+05 1.590081269262995629e+05 2.451122304641568917e+05 2.451125264122777153e+05 2.451123461502842547e+05
1.758088690240737633e+05 1.758089740886972868e+05 1.758088541035933304e+05 1.503850872241377656e+05 1.357131982564427599e+05 1.280957970507707942e+05 1.503846570383954095e+05 1.758086005999231711e+05 7.056395368067153322e+04 1.758088336613982683e+05 1.758083092843164632e+05 6.658673403560261067e+04 1.130022313786120212e+05 2.904962437080737072e+04 1.758088503251653456e+05 1.273827662910931977e+05 9.462106260852279956e+04 1.419106631858051987e+05 1.630966562865350861e+05 1.758084325858833326e+05 1.758088636923402955e+05 5.014598603932295373e+04 1.758087130581400997e+05 1.758088106360858364e+05 1.758086975001856918e+05
1.408883644822852110e+00 1.631411273014970353e+00 1.507255774544345117e+00 2.542540336478564495e+04 4.459414511635345116e+04 2.537592796886422730e+05 2.542506652996590856e+04 1.509464330686964395e+00 1.100894548488934670e+05 1.709070071028525151e+00 1.079219580875262041e+00 2.227580969184507558e+05 2.451125254332715704e+05 1.758088503251653747e+05 3.387310479417948161e-01 5.327070239763204154e+04 8.603249669763549173e+04 3.390009282406596321e+04 1.271346849580379239e+04 1.347227168922246143e+00 1.548309338778119937e+00 1.305071540888548770e+05 1.553711488442764077e+00 1.463660127024348112e+00 1.510340852535426492e+00
5.327072018038884562e+04 5.327058293912297813e+04 5.327069849625423376e+04 2.784682105866910570e+04 8.677899014999809879e+03 2.089653000388893124e+05 2.784630426914332202e+04 5.327048003711600177e+04 5.682048858483489312e+04 5.327066333242199471e+04 5.326999684472550143e+04 1.779640694574950321e+05 2.003183634660683747e+05 1.273827662910931977e+05 5.327070239763204154e+04 4.151211451918592502e+03 3.276335421250432410e+04 1.937216407576779966e+04 4.055843258527402213e+04 5.327018030447317142e+04 5.327059563636239182e+04 7.723829547170642763e+04 5.327050832562243886e+04 5.327062802506673324e+04 5.327054163964018517e+04
8.603241202265380707e+04 8.603229853867636120e+04 8.603242347410194634e+04 6.060855910738995590e+04 4.143995010541942611e+04 1.923188350238286075e+05 6.060806063305178395e+04 8.603216564775755978e+04 2.405857344792459116e+04 8.603237633177210228e+04 8.603176851837978757e+04 1.514274278735003027e+05 1.813270114682011481e+05 9.462106260852279956e+04 8.603249669763549173e+04 3.276335421250432410e+04 6.604532785316164336e+03 5.213380017529473116e+04 7.332024478772385919e+04 8.603192457438852580e+04 8.603238501644729695e+04 4.447653966113166825e+04 8.603225434140434663e+04 8.603237776866603235e+04 8.603232356594847806e+04
3.390009286471126688e+04 3.389990454121377115e+04 3.390014759234606026e+04 8.476219537453102021e+03 1.069563521965319524e+04 2.198611549307258392e+05 8.475824414515063836e+03 3.389994372275078058e+04 7.619112238010232977e+04 3.390012425714571873e+04 3.389945704454493534e+04 1.888599487136013631e+05 2.112143648717580072e+05 1.419106631858051987e+05 3.390009282406596321e+04 1.937216407576779966e+04 5.213380017529473116e+04 3.450030293350003219e-01 2.118797876315941539e+04 3.389969584926732932e+04 3.389999124114641745e+04 9.660883348849041795e+04 3.389998843773601402e+04 3.389999191591783892e+04 3.390007862806276535e+04
1.271332189109339197e+04 1.271348174905813357e+04 1.271331468007892363e+04 1.271315456258322411e+04 3.188215223050153872e+04 2.410470498209279904e+05 1.271273076052778924e+04 1.271283809000962174e+04 9.737731519208721875e+04 1.271330408788239038e+04 1.271264516739581995e+04 2.100459122813877766e+05 2.324002868958643521e+05 1.630966562865350861e+05 1.271346849580379239e+04 4.055843258527403668e+04 7.332024478772385919e+04 2.118797876315941903e+04 1.271214528211316792e+04 1.271268189287642599e+04 1.271343676798170054e+04 1.177949059981351020e+05 1.271293427564840385e+04 1.271334895950372993e+04 1.271310378034560017e+04
1.212621504659068705e+00 1.334611569933992659e+00 1.267395305038499842e+00 2.542495171033779479e+04 4.459382880693131301e+04 2.537588711947867414e+05 2.542439312845344466e+04 9.270609441836096254e-01 1.100890311451632151e+05 1.224470025248217464e+00 4.957190694931752351e-01 2.227577250778192247e+05 2.451120433456219034e+05 1.758084325858833909e+05 1.347227168922246143e+00 5.327018030447319325e+04 8.603192457438852580e+04 3.389969584926732932e+04 1.271268189287642599e+04 2.287184948973212950e-01 1.375629141091623486e+00 1.305065999371328508e+05 1.141506346380412928e+00 1.249179730948707157e+00 1.171604533016146421e+00
1.631974917269408465e+00 1.448609986277751727e+00 1.686464682924856850e+00 2.542543614581222209e+04 4.459423259148344368e+04 2.537593525029133016e+05 2.542510473943452962e+04 1.556163917307277211e+00 1.100895301368546352e+05 1.718498462722648945e+00 1.099830827569548308e+00 2.227581378590945387e+05 2.451126205936693877e+05 1.758088636923403246e+05 1.548309338778119937e+00 5.327059563636239182e+04 8.603238501644729695e+04 3.389999124114641745e+04 1.271343676798170054e+04 1.375629141091623486e+00 2.975725962855375606e-01 1.305071211149684823e+05 1.547758692074777676e+00 1.585714505877722669e+00 1.622556941657046448e+00
1.305070591898177954e+05 1.305072543923417397e+05 1.305071642472703825e+05 1.050832379070730531e+05 8.591468609523150371e+04 1.741014261905515159e+05 1.050828101236555522e+05 1.305069163835448853e+05 2.041913860512595784e+04 1.305070515069331595e+05 1.305064574950879760e+05 1.153840168631746783e+05 1.590081269262995629e+05 5.014598603932295373e+04 1.305071540888548770e+05 7.723829547170642763e+04 4.447653966113166825e+04 9.660883348849041795e+04 1.177949059981351020e+05 1.305065999371328362e+05 1.305071211149684823e+05 1.019807764735875389e+04 1.305070091602252651e+05 1.305070682916327787e+05 1.305070041062347736e+05
1.561642584282811441e+00 1.579289127163774786e+00 1.374285652632878607e+00 2.542491022016922216e+04 4.459412047888126835e+04 2.537590268438643543e+05 2.542486913342172193e+04 9.627183705637057942e-01 1.100892510286851320e+05 1.311053946502274137e+00 9.010986277623427299e-01 2.227578361799165723e+05 2.451122304641568917e+05 1.758087130581400997e+05 1.553711488442764077e+00 5.327050832562243886e+04 8.603225434140434663e+04 3.389998843773602130e+04 1.271293427564840385e+04 1.141506346380412928e+00 1.547758692074777676e+00 1.305070091602252796e+05 2.665110073938970481e-01 1.536783168961157964e+00 1.037527373893737392e+00
1.356807060929436481e+00 1.698016013321891782e+00 1.567467224303750184e+00 2.542531343520537848e+04 4.459417403680755524e+04 2.537592805588757037e+05 2.542495221221422980e+04 1.522150382555567782e+00 1.100895117001222243e+05 1.547509734473151433e+00 9.950753132003119505e-01 2.227581031955023936e+05 2.451125264122777153e+05 1.758088106360858656e+05 1.463660127024348112e+00 5.327062802506673324e+04 8.603237776866604690e+04 3.389999191591783892e+04 1.271334895950372993e+04 1.249179730948707157e+00 1.585714505877722669e+00 1.305070682916327642e+05 1.536783168961157964e+00 3.617006950480801675e-01 1.485555199996837494e+00
1.576189301299200540e+00 1.658908549419656042e+00 1.350157674790469997e+00 2.542495964283516150e+04 4.459417054973891936e+04 2.537590462245641684e+05 2.542492915577128224e+04 1.119398542804761920e+00 1.100893254723892751e+05 1.242031847897663077e+00 9.172483364340462408e-01 2.227579512793752365e+05 2.451123461502842547e+05 1.758086975001856335e+05 1.510340852535426492e+00 5.327054163964018517e+04 8.603232356594847806e+04 3.390007862806276535e+04 1.271310378034559835e+04 1.171604533016146421e+00 1.622556941657046004e+00 1.305070041062347736e+05 1.037527373893737392e+00 1.485555199996837494e+00 3.057459461253703159e-01
