1.796902779918520991e+03 2.549725170120956609e+05 4.095019954000708822e+03 6.521901546377073100e+04 3.619986577004972787e+04 6.521910953260394308e+04 9.221334567846385471e+04 6.521888239194225025e+04 5.484371221247752692e+04 2.276233401065725484e+05 2.789224206586701985e+04 2.391323700136781845e+05 5.467524613077518006e+04 1.541521126837393967e+05 6.521924827415672917e+04 6.521870356441932381e+04 6.521853847308260447e+04 6.521919107139999687e+04 6.521898801681272744e+04 6.521910596576529497e+04 6.521888761246619833e+04 6.521918751588670420e+04 1.847022019148197724e+05 1.207748081239436142e+05 6.521917440120755782e+04
2.549725170120956609e+05 7.822708832646956580e+03 2.549725885867321922e+05 2.767111855164649896e+05 2.646343404380708816e+05 2.767113621100814198e+05 2.277985811964121240e+05 2.767112235847760458e+05 2.712768894213794847e+05 6.004986037447747367e+04 2.549725762322623050e+05 3.198101244418545684e+04 2.518671008216476766e+05 1.719685877358396829e+05 2.767114765484745731e+05 2.767111797482665279e+05 2.767112037335028872e+05 2.767116395545250271e+05 2.767112184309230652e+05 2.767115808645770885e+05 2.767111902557380381e+05 2.767114318414170993e+05 1.309505292083272652e+05 1.994170925367935561e+05 2.767112487606620998e+05
4.095019954000709276e+03 2.549725885867321922e+05 4.436924945101986850e+03 6.211340619501517358e+04 3.210582641502937622e+04 6.211350179669003410e+04 9.239310555476507579e+04 6.211330998359704245e+04 5.124383680008655210e+04 2.276233295635085669e+05 3.198613558713792372e+04 2.391323315320935217e+05 5.832540966599218518e+04 1.541520971797309467e+05 6.211358806568954606e+04 6.211305620954647020e+04 6.211288213094815001e+04 6.211354381507469952e+04 6.211338682942109881e+04 6.211343640435158159e+04 6.211326935270946706e+04 6.211351216921701416e+04 1.847021974576586799e+05 1.207748029783638631e+05 6.211356912123490474e+04
6.521901546377073100e+04 2.767111855164649896e+05 6.211340619501517358e+04 2.657550764952102962e-01 3.000917451647780399e+04 1.235101277770240591e+00 1.250016860707145242e+05 1.220560330248431136e+00 1.087126883584543612e+04 2.493620246234201477e+05 8.322845412831575959e+04 2.608709795860878075e+05 1.009334653403068369e+05 1.758909638238213665e+05 1.527283408620698557e+00 1.072367035127508084e+00 9.747341171865100407e-01 1.614073424009000002e+00 9.985920167487969401e-01 1.548965381828492749e+00 1.175240138640276877e+00 1.405347449206004073e+00 2.064408931196616613e+05 1.473446954290033609e+05 1.107849769426023645e+00
3.619986577004972787e+04 2.646343404380708816e+05 3.210582641502937622e+04 3.000917451647780035e+04 9.697143578900449938e+03 3.000918800156409270e+04 1.117168247593056294e+05 3.000893964964864790e+04 1.913915688604821844e+04 2.372850838894810295e+05 6.409072061090788338e+04 2.487941141783043568e+05 8.584746954481930879e+04 1.638138414375258144e+05 3.000918102636644107e+04 3.000869249972352554e+04 3.000852239302293310e+04 3.000904365453626087e+04 3.000897117511744000e+04 3.000921757171970967e+04 3.000887991545161640e+04 3.000920274537669684e+04 1.943639322270270495e+05 1.347307062730501348e+05 3.000916844912103988e+04
6.521910953260392853e+04 2.767113621100814198e+05 6.211350179669003410e+04 1.235101277770240591e+00 3.000918800156409270e+04 2.942657140751931411e-01 1.250017825718888489e+05 1.473042975150147704e+00 1.087131493781194149e+04 2.493620810330442619e+05 8.322854173131166317e+04 2.608710390276001999e+05 1.009334032832678058e+05 1.758909891693635145e+05 1.488498608587016436e+00 1.123445586611198088e+00 1.012710567834017805e+00 1.592072446655382389e+00 1.367499538922468005e+00 1.610978787152929304e+00 1.343399438258355394e+00 1.322348282960154497e+00 2.064411121198578039e+05 1.473447303753414308e+05 1.136434367852408700e+00
9.221334567846385471e+04 2.277985811964121240e+05 9.239310555476507579e+04 1.250016860707145242e+05 1.117168247593056294e+05 1.250017825718888489e+05 1.634743116506085425e+04 1.250014069435216225e+05 1.195669006387594418e+05 1.998750934848954203e+05 8.365027206996126915e+04 2.119583826742261590e+05 6.430871787140461674e+04 8.251228817442563013e+04 1.250017607306142017e+05 1.250012216446614912e+05 1.250011792125112406e+05 1.250017411986625084e+05 1.250015302840120567e+05 1.250017712968186388e+05 1.250013379349465831e+05 1.250018343161709927e+05 1.481427103702789755e+05 3.884905971576023148e+04 1.250017364642772445e+05
6.521888239194225025e+04 2.767112235847760458e+05 6.211330998359704245e+04 1.220560330248431136e+00 3.000893964964864790e+04 1.473042975150147704e+00 1.250014069435216225e+05 2.251361958716008305e-01 1.087110455725815154e+04 2.493619172629588866e+05 8.322828947619168321e+04 2.608709165168642357e+05 1.009331613752238191e+05 1.758907502325500245e+05 1.526789695760563559e+00 8.301430587996593280e-01 7.320119027854594673e-01 1.462208635452288075e+00 8.345527868413555872e-01 1.606089044976569458e+00 7.397719894164795917e-01 1.525064523371593372e+00 2.064407374799290847e+05 1.473443819855359325e+05 1.371055204798806493e+00
5.484371221247751964e+04 2.712768894213794847e+05 5.124383680008655210e+04 1.087126883584543612e+04 1.913915688604821844e+04 1.087131493781194513e+04 1.195669006387594272e+05 1.087110455725815154e+04 1.086997919745985382e+04 2.439276083539443789e+05 7.779382952840052894e+04 2.554365519243245653e+05 9.549860251981976035e+04 1.704563196325162717e+05 1.087126931888817489e+04 1.087085014560586569e+04 1.087065844794895565e+04 1.087123432350730764e+04 1.087112341039266175e+04 1.087110126108119766e+04 1.087097940915513573e+04 1.087131428581825458e+04 2.010064315891118313e+05 1.419100017777761386e+05 1.087125990278883000e+04
2.276233401065725484e+05 6.004986037447747367e+04 2.276233295635085669e+05 2.493620246234201477e+05 2.372850838894810295e+05 2.493620810330442619e+05 1.998750934848954203e+05 2.493619172629589157e+05 2.439276083539443789e+05 1.047675484949736347e+04 2.262916951764495461e+05 3.893924576019963570e+04 2.214629499784684158e+05 1.343784918961913791e+05 2.493622723428081081e+05 2.493618958518787986e+05 2.493618991979648999e+05 2.493623317807127896e+05 2.493619554297517752e+05 2.493623427030650782e+05 2.493619139772178896e+05 2.493622374048783968e+05 8.177153327909758082e+04 1.720677692999833380e+05 2.493620773475348833e+05
2.789224206586701985e+04 2.549725762322623050e+05 3.198613558713792008e+04 8.322845412831575959e+04 6.409072061090787611e+04 8.322854173131166317e+04 8.365027206996128371e+04 8.322828947619168321e+04 7.779382952840052894e+04 2.262916951764495461e+05 1.342535081373319736e+04 2.391322848700935137e+05 2.678418096422280723e+04 1.541520350994020118e+05 8.322857611469023686e+04 8.322799617546418449e+04 8.322794496158313996e+04 8.322854369267348375e+04 8.322839483799105801e+04 8.322847457165275409e+04 8.322819140905205859e+04 8.322853761617603595e+04 1.721276484211082861e+05 1.180572608833685808e+05 8.322851197098405100e+04
2.391323700136782136e+05 3.198101244418545684e+04 2.391323315320935217e+05 2.608709795860878367e+05 2.487941141783043859e+05 2.608710390276002290e+05 2.119583826742261590e+05 2.608709165168642940e+05 2.554365519243245944e+05 3.893924576019963570e+04 2.391322848700935428e+05 5.430196266783161263e+03 2.360267924920372898e+05 1.532537592129067925e+05 2.608711626930897182e+05 2.608708828982770210e+05 2.608708949186941027e+05 2.608713723519082996e+05 2.608709220959403028e+05 2.608712915973025665e+05 2.608709189445382508e+05 2.608711419292574574e+05 1.098401563316848478e+05 1.835768255949555314e+05 2.608709014430160169e+05
5.467524613077518006e+04 2.518671008216476766e+05 5.832540966599218518e+04 1.009334653403068369e+05 8.584746954481930879e+04 1.009334032832678058e+05 6.430871787140461674e+04 1.009331613752238191e+05 9.549860251981976035e+04 2.214629499784684158e+05 2.678418096422280723e+04 2.360267924920372898e+05 1.261695818516262261e+04 1.419683953438900935e+05 1.009335496326762368e+05 1.009328758955452649e+05 1.009327796324752999e+05 1.009333911118397664e+05 1.009332359604323719e+05 1.009334441328629473e+05 1.009330536814077932e+05 1.009334228706107533e+05 1.580342381442049809e+05 1.031563658005397301e+05 1.009334578049235133e+05
1.541521126837393967e+05 1.719685877358396829e+05 1.541520971797309467e+05 1.758909638238213665e+05 1.638138414375258144e+05 1.758909891693635145e+05 8.251228817442563013e+04 1.758907502325500245e+05 1.704563196325162717e+05 1.343784918961913791e+05 1.541520350994020118e+05 1.532537592129067925e+05 1.419683953438900935e+05 2.694976433307907791e+04 1.758910858221095405e+05 1.758905513762657938e+05 1.758905659202007810e+05 1.758911305490904779e+05 1.758908497035684122e+05 1.758911548589826562e+05 1.758906712704297097e+05 1.758910061625987000e+05 8.350949673441982304e+04 4.474248053173551307e+04 1.758909792047428491e+05
6.521924827415672189e+04 2.767114765484745731e+05 6.211358806568954606e+04 1.527283408620698557e+00 3.000918102636644107e+04 1.488498608587016214e+00 1.250017607306142017e+05 1.526789695760563559e+00 1.087126931888817489e+04 2.493622723428081081e+05 8.322857611469025142e+04 2.608711626930896891e+05 1.009335496326762368e+05 1.758910858221095405e+05 1.975211727135920969e-01 1.190259978357948834e+00 1.063317961560559022e+00 1.439876754041327755e+00 1.529542681734570975e+00 1.600662413041155085e+00 1.354398890638784270e+00 1.266428550149005572e+00 2.064411363933116372e+05 1.473447215871480294e+05 1.483199342424410538e+00
6.521870356441932381e+04 2.767111797482665279e+05 6.211305620954647748e+04 1.072367035127508084e+00 3.000869249972352918e+04 1.123445586611198088e+00 1.250012216446614912e+05 8.301430587996593280e-01 1.087085014560586387e+04 2.493618958518787986e+05 8.322799617546418449e+04 2.608708828982769628e+05 1.009328758955452649e+05 1.758905513762657938e+05 1.190259978357949056e+00 1.981626476265212211e-01 3.214820494610864388e-01 1.228536865216134588e+00 9.247094922108388682e-01 1.216838005831372360e+00 5.332241055524008511e-01 1.146579988039055031e+00 2.064406805271131743e+05 1.473441640328409267e+05 1.088334795165444291e+00
6.521853847308260447e+04 2.767112037335028872e+05 6.211288213094815001e+04 9.747341171865100407e-01 3.000852239302293310e+04 1.012710567834017583e+00 1.250011792125112406e+05 7.320119027854594673e-01 1.087065844794895565e+04 2.493618991979648999e+05 8.322794496158313996e+04 2.608708949186940736e+05 1.009327796324752999e+05 1.758905659202007810e+05 1.063317961560558800e+00 3.214820494610863832e-01 6.353086850839753663e-02 1.077898417413244658e+00 7.970614443846260055e-01 1.102038776865578162e+00 5.624934849078621069e-01 1.060489432337818672e+00 2.064406951621555781e+05 1.473441294312294631e+05 1.034132653891711273e+00
6.521919107139998960e+04 2.767116395545250271e+05 6.211354381507469952e+04 1.614073424009000224e+00 3.000904365453626087e+04 1.592072446655382389e+00 1.250017411986625084e+05 1.462208635452288075e+00 1.087123432350731127e+04 2.493623317807127896e+05 8.322854369267349830e+04 2.608713723519082414e+05 1.009333911118397664e+05 1.758911305490904779e+05 1.439876754041327755e+00 1.228536865216134588e+00 1.077898417413244880e+00 3.644568300339682820e-01 1.524781620081977707e+00 1.585526021524687135e+00 1.391677821151852124e+00 1.516133576804741256e+00 2.064412019491101382e+05 1.473447428736988513e+05 1.598572236529761437e+00
6.521898801681272744e+04 2.767112184309230652e+05 6.211338682942109881e+04 9.985920167487969401e-01 3.000897117511744000e+04 1.367499538922468005e+00 1.250015302840120567e+05 8.345527868413555872e-01 1.087112341039266175e+04 2.493619554297517752e+05 8.322839483799107256e+04 2.608709220959402446e+05 1.009332359604323719e+05 1.758908497035684122e+05 1.529542681734571197e+00 9.247094922108388682e-01 7.970614443846260055e-01 1.524781620081977263e+00 2.817076224711737020e-01 1.610627446370098248e+00 9.402575821393436284e-01 1.514355916973002536e+00 2.064407631816271169e+05 1.473445584357266198e+05 1.304513414377678870e+00
6.521910596576528042e+04 2.767115808645770885e+05 6.211343640435158159e+04 1.548965381828492749e+00 3.000921757171970239e+04 1.610978787152929304e+00 1.250017712968186388e+05 1.606089044976569458e+00 1.087110126108119766e+04 2.493623427030650782e+05 8.322847457165275409e+04 2.608712915973025374e+05 1.009334441328629473e+05 1.758911548589826562e+05 1.600662413041155085e+00 1.216838005831372360e+00 1.102038776865578162e+00 1.585526021524687135e+00 1.610627446370098248e+00 3.011599560385739283e-01 1.426381278283557874e+00 1.613703995798077218e+00 2.064412462780748610e+05 1.473447044695108489e+05 1.626213892356486834e+00
6.521888761246619106e+04 2.767111902557380381e+05 6.211326935270946706e+04 1.175240138640276877e+00 3.000887991545161640e+04 1.343399438258355394e+00 1.250013379349465831e+05 7.397719894164795917e-01 1.087097940915513573e+04 2.493619139772178896e+05 8.322819140905205859e+04 2.608709189445381926e+05 1.009330536814077932e+05 1.758906712704297097e+05 1.354398890638784270e+00 5.332241055524008511e-01 5.624934849078621069e-01 1.391677821151852124e+00 9.402575821393436284e-01 1.426381278283557874e+00 2.418045139528547105e-01 1.357862710617460333e+00 2.064406629266416421e+05 1.473442861712744634e+05 1.188295779062839896e+00
6.521918751588670420e+04 2.767114318414170993e+05 6.211351216921701416e+04 1.405347449206004073e+00 3.000920274537669320e+04 1.322348282960154497e+00 1.250018343161709927e+05 1.525064523371593372e+00 1.087131428581825458e+04 2.493622374048783968e+05 8.322853761617605051e+04 2.608711419292574283e+05 1.009334228706107533e+05 1.758910061625987000e+05 1.266428550149005572e+00 1.146579988039055031e+00 1.060489432337818672e+00 1.516133576804741256e+00 1.514355916973002536e+00 1.613703995798077218e+00 1.357862710617460333e+00 3.915755879136630369e-01 2.064411340484698303e+05 1.473447512919449073e+05 1.301106340251987792e+00
1.847022019148197724e+05 1.309505292083272652e+05 1.847021974576586799e+05 2.064408931196616613e+05 1.943639322270270495e+05 2.064411121198578039e+05 1.481427103702789755e+05 2.064407374799290847e+05 2.010064315891118313e+05 8.177153327909760992e+04 1.721276484211082861e+05 1.098401563316848478e+05 1.580342381442049518e+05 8.350949673441980849e+04 2.064411363933116372e+05 2.064406805271131743e+05 2.064406951621555781e+05 2.064412019491101382e+05 2.064407631816271169e+05 2.064412462780748610e+05 2.064406629266416421e+05 2.064411340484698303e+05 2.299560483519795525e+04 1.228159314323466824e+05 2.064409494632899878e+05
1.207748081239435996e+05 1.994170925367935561e+05 1.207748029783638631e+05 1.473446954290033609e+05 1.347307062730501348e+05 1.473447303753414308e+05 3.884905971576023148e+04 1.473443819855359325e+05 1.419100017777761386e+05 1.720677692999833380e+05 1.180572608833685808e+05 1.835768255949555023e+05 1.031563658005397301e+05 4.474248053173551307e+04 1.473447215871480294e+05 1.473441640328409558e+05 1.473441294312294631e+05 1.473447428736988513e+05 1.473445584357266198e+05 1.473447044695108489e+05 1.473442861712744634e+05 1.473447512919449073e+05 1.228159314323466824e+05 1.617055950619823852e+04 1.473447232916010835e+05
6.521917440120755782e+04 2.767112487606620998e+05 6.211356912123490474e+04 1.107849769426023423e+00 3.000916844912103988e+04 1.136434367852408700e+00 1.250017364642772445e+05 1.371055204798806493e+00 1.087125990278883000e+04 2.493620773475348833e+05 8.322851197098405100e+04 2.608709014430160169e+05 1.009334578049235133e+05 1.758909792047428491e+05 1.483199342424410316e+00 1.088334795165444291e+00 1.034132653891711273e+00 1.598572236529761437e+00 1.304513414377678870e+00 1.626213892356486834e+00 1.188295779062839896e+00 1.301106340251987792e+00 2.064409494632900169e+05 1.473447232916010835e+05 3.518804226181695971e-01
