3.028335215086565586e+04 1.096115104190707643e+05 2.622704590718094260e+05 1.211418631186686544e+05 1.187834188204358943e+05 1.078426237252617866e+05 1.211412523805880483e+05 1.211418023765172111e+05 1.211418237083039567e+05 9.525172212310717441e+04 1.211416220873043203e+05 1.977737912990835030e+05 1.012094603489365109e+05 1.211415435444815521e+05 1.474157866911652382e+05 1.211416614532103995e+05 1.156678352435489360e+05 1.211419025268144906e+05 4.934178888784527226e+04 1.211418225083514844e+05 7.764675196816635435e+04 1.211418679803924169e+05 1.211413849046782707e+05 3.468005004956538905e+05 1.211417703907831019e+05
1.096115104190707643e+05 1.926034464681811187e+03 2.950913534599975683e+05 3.167322851950848781e+04 2.695609618735029653e+04 1.146068279066874129e+04 3.167254444633347885e+04 3.167313029206981810e+04 3.167315566786379350e+04 1.574977900131244678e+05 3.167302572940626851e+04 2.251264315177590761e+05 3.949653114717020071e+04 3.167294262114852245e+04 1.896230689045053150e+05 3.167302767072726056e+04 2.070518085827222603e+04 3.167316066815841623e+04 8.846357632732107595e+04 3.167313843006112074e+04 6.284293265423526464e+04 3.167314769205122866e+04 3.167280992028207402e+04 3.853735341032440774e+05 3.167311808214491975e+04
2.622704590718094260e+05 2.950913534599975683e+05 8.214676572909086826e+04 3.045252150453587528e+05 3.021668060434771469e+05 2.943657000355537166e+05 3.045248152878643596e+05 3.045250801161871059e+05 3.045251756662174012e+05 2.379286717549644236e+05 3.045249161389818182e+05 1.682068833812327357e+05 2.849175582634625025e+05 3.045248960128115141e+05 2.122067159343994281e+05 3.045250081047833664e+05 2.967442965847444138e+05 3.045252646887184819e+05 2.785819956162796007e+05 3.045251526972629363e+05 2.883010791214553756e+05 3.045251802760572173e+05 3.045248938978480292e+05 2.412504199623859604e+05 3.045250125756585621e+05
1.211418631186686544e+05 3.167322851950848781e+04 3.045252150453587528e+05 7.477654218928858620e-01 9.435890417859613081e+03 3.726059810585815285e+04 4.718301605151022159e+03 4.718810286279005595e+03 4.718807817988257739e+03 1.669317634874469950e+05 4.718751136425720688e+03 2.392773978316147404e+05 5.701689514126960421e+04 4.718693411273241509e+03 2.037740469970268023e+05 4.718794831290373622e+03 1.774106311707860732e+04 7.646909846694265980e+02 1.026144562380266871e+05 4.718840682179743453e+03 7.988198369190267113e+04 4.718723255480535045e+03 4.718558310784053901e+03 3.948073288020089967e+05 4.718837274662560958e+03
1.187834188204358943e+05 2.695609618735029653e+04 3.021668060434771469e+05 9.435890417859613081e+03 4.717784839997631025e+03 3.275800205541789182e+04 9.435317515581453335e+03 9.435898386790089717e+03 9.435910282026563436e+03 1.645732750788841222e+05 9.435809149644297577e+03 2.369188230639858521e+05 5.465834692788643588e+04 9.435736563587328419e+03 2.014154996916377568e+05 9.435785377380321734e+03 1.017977377945600529e+04 8.672689642765346434e+03 1.002560246932364826e+05 9.435916909985471648e+03 7.752338135343903559e+04 9.088945723485845519e+03 9.435590484609721898e+03 3.924489094643575372e+05 9.435853180158655960e+03
1.078426237252617866e+05 1.146068279066874129e+04 2.943657000355537166e+05 3.726059810585815285e+04 3.275800205541789182e+04 6.572794810748407144e+03 3.725998087260660395e+04 3.726059152343477763e+04 3.726058646182002849e+04 1.545744600831323478e+05 3.726043178849953983e+04 2.258521807117632707e+05 3.275457163909618976e+04 3.726034840844113933e+04 1.888010851701527718e+05 3.726046405877597863e+04 2.633077568596653146e+04 3.726066471816584090e+04 8.669459482419294363e+04 3.726059193981040153e+04 5.761146040253104729e+04 3.726063120282999444e+04 3.726023606602063228e+04 3.853734857326953206e+05 3.726050704262833460e+04
1.211412523805880483e+05 3.167254444633347157e+04 3.045248152878643596e+05 4.718301605151020340e+03 9.435317515581451516e+03 3.725998087260660395e+04 3.868619751347918689e-01 1.225472329712121944e+00 1.271140442001577497e+00 1.669311517500681221e+05 1.083366827831486745e+00 2.392768535638886970e+05 5.701624468541082751e+04 9.598665437943806333e-01 2.037734378068726801e+05 1.109334379854615582e+00 1.774045712232793085e+04 4.718308204264457345e+03 1.026138708512554149e+05 1.224193074346595633e+00 7.988127371334419877e+04 3.481400061612192758e+02 7.493343548351869554e-01 3.948070280868695118e+05 1.200620094085855349e+00
1.211418023765172111e+05 3.167313029206981810e+04 3.045250801161871059e+05 4.718810286279005595e+03 9.435898386790089717e+03 3.726059152343477763e+04 1.225472329712121722e+00 7.429565876274577541e-01 1.643069617770027691e+00 1.669316526158896158e+05 1.620147241730539811e+00 2.392771478317150322e+05 5.701681117021635873e+04 1.533343194963955769e+00 2.037737963577937626e+05 1.602458708212645133e+00 1.774103580865103868e+04 4.718835519143283818e+03 1.026144316698476032e+05 1.518197798474338667e+00 7.988189245855003537e+04 3.485879319461298564e+02 1.470327837016786487e+00 3.948072207444516825e+05 1.519728958174956013e+00
1.211418237083039567e+05 3.167315566786379350e+04 3.045251756662174012e+05 4.718807817988257739e+03 9.435910282026563436e+03 3.726058646182002849e+04 1.271140442001577497e+00 1.643069617770027246e+00 7.740651082169338615e-01 1.669316803057817160e+05 1.703541363458794589e+00 2.392772679399148910e+05 5.701687632182327798e+04 1.609889985237114463e+00 2.037738794981930696e+05 1.701988300992010261e+00 1.774099818811039586e+04 4.718827710741183182e+03 1.026144240250835428e+05 1.624612932317606617e+00 7.988186921241134405e+04 3.485938550547222690e+02 1.506251311270508486e+00 3.948072998441566597e+05 1.636352360619710344e+00
9.525172212310717441e+04 1.574977900131244969e+05 2.379286717549644236e+05 1.669317634874469950e+05 1.645732750788841513e+05 1.545744600831323478e+05 1.669311517500681221e+05 1.669316526158896158e+05 1.669316803057817160e+05 3.487009770509685768e+04 1.669314810334433860e+05 1.700595778603678918e+05 1.415460188681537402e+05 1.669314108929158538e+05 1.198533776087730948e+05 1.669314811514944013e+05 1.591507847102608648e+05 1.669317744211765239e+05 1.237641926429664745e+05 1.669316153569614980e+05 1.433124672268985596e+05 1.669317156455341610e+05 1.669312407307273243e+05 3.278967775803387631e+05 1.669315960958178621e+05
1.211416220873043349e+05 3.167302572940627215e+04 3.045249161389818182e+05 4.718751136425721597e+03 9.435809149644299396e+03 3.726043178849953983e+04 1.083366827831486745e+00 1.620147241730539811e+00 1.703541363458794589e+00 1.669314810334433860e+05 6.800562851229268180e-01 2.392769964651167393e+05 5.701666757419069472e+04 1.242733817745207636e+00 2.037736775047538977e+05 1.345457045840196653e+00 1.774091716293952049e+04 4.718788087117400210e+03 1.026142464322733576e+05 1.726820593793263470e+00 7.988171032239554916e+04 3.485708797352317561e+02 1.260848509112149962e+00 3.948070975485924864e+05 1.506724744138590699e+00
1.977737912990834739e+05 2.251264315177590761e+05 1.682068833812327357e+05 2.392773978316147404e+05 2.369188230639858230e+05 2.258521807117632416e+05 2.392768535638887552e+05 2.392771478317150322e+05 2.392772679399148910e+05 1.700595778603678918e+05 2.392769964651167393e+05 5.731899273884082504e+04 2.282711990012547467e+05 2.392769637519461685e+05 1.327286096391608007e+05 2.392770469163253729e+05 2.340362753869961598e+05 2.392773663508477039e+05 2.133341137580182403e+05 2.392772309024235001e+05 2.237788751053747546e+05 2.392773125276354549e+05 2.392769490704067866e+05 2.800966405704275821e+05 2.392771094742997084e+05
1.012094603489365109e+05 3.949653114717020071e+04 2.849175582634625025e+05 5.701689514126961149e+04 5.465834692788643588e+04 3.275457163909618976e+04 5.701624468541082751e+04 5.701681117021635873e+04 5.701687632182327798e+04 1.415460188681537402e+05 5.701666757419069472e+04 2.282711990012547467e+05 1.335450650723021317e+04 5.701659630974315951e+04 1.847558331877109595e+05 5.701669997184674139e+04 4.788950456337104697e+04 5.701693055675439246e+04 7.800325616822719167e+04 5.701680358433193760e+04 4.177806282903596002e+04 5.701686041227532405e+04 5.701642414043922327e+04 3.838011885856423760e+05 5.701681565833796776e+04
1.211415435444815521e+05 3.167294262114852609e+04 3.045248960128115141e+05 4.718693411273242418e+03 9.435736563587330238e+03 3.726034840844113933e+04 9.598665437943804113e-01 1.533343194963955769e+00 1.609889985237114463e+00 1.669314108929158538e+05 1.242733817745207414e+00 2.392769637519461685e+05 5.701659630974315951e+04 6.612119120587806043e-01 2.037735775304678828e+05 1.404629699233033380e+00 1.774081341834866180e+04 4.718688853337926957e+03 1.026141692175718345e+05 1.623450466076950205e+00 7.988163103431943455e+04 3.485267672486394304e+02 1.103566994530294387e+00 3.948070992459307308e+05 1.487704318945050286e+00
1.474157866911652090e+05 1.896230689045052859e+05 2.122067159343993408e+05 2.037740469970268023e+05 2.014154996916377277e+05 1.888010851701527718e+05 2.037734378068726801e+05 2.037737963577937917e+05 2.037738794981931278e+05 1.198533776087731094e+05 2.037736775047539268e+05 1.327286096391608007e+05 1.847558331877109595e+05 2.037735775304679119e+05 5.796734913234538544e+04 2.037736985861332214e+05 1.985329443795013067e+05 2.037740029942947149e+05 1.708631499382598267e+05 2.037738592165004520e+05 1.810525029701546009e+05 2.037739241760779114e+05 2.037735381326311035e+05 3.138045920788723743e+05 2.037737852520552988e+05
1.211416614532103995e+05 3.167302767072726056e+04 3.045250081047833664e+05 4.718794831290373622e+03 9.435785377380321734e+03 3.726046405877597863e+04 1.109334379854615582e+00 1.602458708212645133e+00 1.701988300992010261e+00 1.669314811514944013e+05 1.345457045840196653e+00 2.392770469163253729e+05 5.701669997184674139e+04 1.404629699233033158e+00 2.037736985861331632e+05 7.124172278465561448e-01 1.774095996167039993e+04 4.718823519454816051e+03 1.026143106044463348e+05 1.650390474824861897e+00 7.988173165915328718e+04 3.486439123502458983e+02 1.315791090792482354e+00 3.948071539024102385e+05 1.452830818248462164e+00
1.156678352435489360e+05 2.070518085827222603e+04 2.967442965847444721e+05 1.774106311707860732e+04 1.017977377945600529e+04 2.633077568596653509e+04 1.774045712232793085e+04 1.774103580865103868e+04 1.774099818811039222e+04 1.591507847102608648e+05 1.774091716293952049e+04 2.340362753869961598e+05 4.788950456337104697e+04 1.774081341834865816e+04 1.985329443795013358e+05 1.774095996167039993e+04 6.938639024111122126e+03 1.728093229085992789e+04 9.684928814112389227e+04 1.774107610012283112e+04 7.372590985275141429e+04 1.753184358355878430e+04 1.774070517910971103e+04 3.895663698717209045e+05 1.774099631747563762e+04
1.211419025268144906e+05 3.167316066815841623e+04 3.045252646887184819e+05 7.646909846694263706e+02 8.672689642765348253e+03 3.726066471816584090e+04 4.718308204264458254e+03 4.718835519143283818e+03 4.718827710741183182e+03 1.669317744211765239e+05 4.718788087117398391e+03 2.392773663508477039e+05 5.701693055675439246e+04 4.718688853337926048e+03 2.037740029942946858e+05 4.718823519454816051e+03 1.728093229085993153e+04 1.280008956785167129e+03 1.026145251795098593e+05 4.718869183304445869e+03 7.988194179425793118e+04 4.662610274757263142e+03 4.718569390070239933e+03 3.948073984023635276e+05 4.718841915374146083e+03
4.934178888784527226e+04 8.846357632732107595e+04 2.785819956162796589e+05 1.026144562380266871e+05 1.002560246932364826e+05 8.669459482419294363e+04 1.026138708512554149e+05 1.026144316698475886e+05 1.026144240250835428e+05 1.237641926429664745e+05 1.026142464322733576e+05 2.133341137580182694e+05 7.800325616822719167e+04 1.026141692175718345e+05 1.708631499382598267e+05 1.026143106044463202e+05 9.684928814112389227e+04 1.026145251795098593e+05 1.009219663303884408e+04 1.026144832061610068e+05 5.301457132017442927e+04 1.026144892797044886e+05 1.026140064557716687e+05 3.547132373421023949e+05 1.026144002126473788e+05
1.211418225083514844e+05 3.167313843006112074e+04 3.045251526972629363e+05 4.718840682179744363e+03 9.435916909985471648e+03 3.726059193981040153e+04 1.224193074346595633e+00 1.518197798474338667e+00 1.624612932317606617e+00 1.669316153569614980e+05 1.726820593793263470e+00 2.392772309024235292e+05 5.701680358433193760e+04 1.623450466076950205e+00 2.037738592165004520e+05 1.650390474824861897e+00 1.774107610012283112e+04 4.718869183304446778e+03 1.026144832061610068e+05 7.121974882090218451e-01 7.988185417818932910e+04 3.485982961055815395e+02 1.443850017391515861e+00 3.948072801732249209e+05 1.612126840606058042e+00
7.764675196816636890e+04 6.284293265423526464e+04 2.883010791214553756e+05 7.988198369190267113e+04 7.752338135343903559e+04 5.761146040253106185e+04 7.988127371334419877e+04 7.988189245855003537e+04 7.988186921241134405e+04 1.433124672268985596e+05 7.988171032239554916e+04 2.237788751053747546e+05 4.177806282903596002e+04 7.988163103431943455e+04 1.810525029701546300e+05 7.988173165915328718e+04 7.372590985275141429e+04 7.988194179425793118e+04 5.301457132017444383e+04 7.988185417818932910e+04 1.498918938750676534e+04 7.988185882479569409e+04 7.988144418084024801e+04 3.746437213678233093e+05 7.988184566169150639e+04
1.211418679803924169e+05 3.167314769205122866e+04 3.045251802760572173e+05 4.718723255480535045e+03 9.088945723485849157e+03 3.726063120282999444e+04 3.481400061612192758e+02 3.485879319461298564e+02 3.485938550547222690e+02 1.669317156455341610e+05 3.485708797352317561e+02 2.392773125276355131e+05 5.701686041227532405e+04 3.485267672486393735e+02 2.037739241760779114e+05 3.486439123502458983e+02 1.753184358355878794e+04 4.662610274757263142e+03 1.026144892797044886e+05 3.485982961055815395e+02 7.988185882479569409e+04 6.434460552701697225e+02 3.483750568610615801e+02 3.948073540408351109e+05 3.486091650750761914e+02
1.211413849046782707e+05 3.167280992028207402e+04 3.045248938978480292e+05 4.718558310784053901e+03 9.435590484609721898e+03 3.726023606602063228e+04 7.493343548351869554e-01 1.470327837016786265e+00 1.506251311270508486e+00 1.669312407307273243e+05 1.260848509112149962e+00 2.392769490704067866e+05 5.701642414043922327e+04 1.103566994530294387e+00 2.037735381326310744e+05 1.315791090792482354e+00 1.774070517910971103e+04 4.718569390070239933e+03 1.026140064557716687e+05 1.443850017391515861e+00 7.988144418084024801e+04 3.483750568610615801e+02 5.815736333775173295e-01 3.948070789652266540e+05 1.424203774420250701e+00
3.468005004956538905e+05 3.853735341032440774e+05 2.412504199623860186e+05 3.948073288020088803e+05 3.924489094643574790e+05 3.853734857326953206e+05 3.948070280868695118e+05 3.948072207444516825e+05 3.948072998441566597e+05 3.278967775803387631e+05 3.948070975485924282e+05 2.800966405704275821e+05 3.838011885856423760e+05 3.948070992459307308e+05 3.138045920788723743e+05 3.948071539024102385e+05 3.895663698717209627e+05 3.948073984023635276e+05 3.547132373421023949e+05 3.948072801732249209e+05 3.746437213678232511e+05 3.948073540408351109e+05 3.948070789652266540e+05 1.130993738940270414e+05 3.948071494719386101e+05
1.211417703907831019e+05 3.167311808214491975e+04 3.045250125756585621e+05 4.718837274662560048e+03 9.435853180158657779e+03 3.726050704262833460e+04 1.200620094085855349e+00 1.519728958174956235e+00 1.636352360619710344e+00 1.669315960958178621e+05 1.506724744138590699e+00 2.392771094742997084e+05 5.701681565833796776e+04 1.487704318945050286e+00 2.037737852520553279e+05 1.452830818248462164e+00 1.774099631747563762e+04 4.718841915374145174e+03 1.026144002126473788e+05 1.612126840606058042e+00 7.988184566169150639e+04 3.486091650750761914e+02 1.424203774420250701e+00 3.948071494719385519e+05 6.942726029726590253e-01
