4.104762962445461017e+04 2.401302538884195674e+05 2.985718317517212126e+05 2.985717388998751412e+05 2.985719567571610096e+05 2.682687539473443176e+05 7.526065390947691048e+04 2.985715274242283776e+05 2.985716617239953484e+05 2.834205065049668774e+05 2.169619449960065831e+05 2.985716467868540785e+05 1.005773442324913922e+05 2.985717552526147338e+05 3.384275572161753662e+05 2.300393906893280509e+05 2.682688667372161290e+05 2.985717958353155991e+05 1.470566141789470566e+05 2.985717543640864315e+05 2.985717281751699047e+05 2.682689165942447144e+05 2.985714955545460107e+05 4.526694029628288117e+05 2.985717881940944353e+05
2.401302538884195965e+05 4.020458159648320816e+03 9.091096946398803266e+04 9.091098393066217250e+04 8.874652228979137726e+04 2.814012557330060372e+04 2.928278895653604995e+05 9.091060440693380951e+04 9.091076898687079665e+04 7.359505926611543691e+04 2.316976036525416930e+04 9.091079292391466151e+04 1.395542800267923158e+05 9.091113317050811020e+04 4.761684288403565297e+05 4.026581261276275618e+05 5.844306451106924942e+04 9.091090694242616883e+04 9.307538422046629421e+04 9.029271763947060390e+04 9.091100454854662530e+04 5.844321133602054761e+04 9.091058403850041213e+04 5.904104739235125016e+05 9.091089372482155159e+04
2.985718317517212126e+05 9.091096946398803266e+04 4.599398254733898517e-01 1.367268591095890384e+00 6.060774526838764723e+04 9.091096079569570429e+04 3.351902782171732979e+05 1.179090225019682192e+00 1.306728694754575093e+00 7.575941441029774433e+04 1.119147368098889856e+05 3.030442626395498519e+04 2.282992873986625054e+05 1.560005423125550017e+00 5.064712568252454512e+05 4.329609589966759668e+05 9.091087492262835440e+04 3.030450528523039975e+04 1.818200449985530286e+05 3.896267571242428676e+04 3.030467438600550304e+04 9.091095275012881029e+04 3.030416422069243708e+04 6.207133034465534147e+05 3.030454900677035766e+04
2.985717388998751412e+05 9.091098393066217250e+04 1.367268591095890384e+00 5.224156586229492527e-01 6.060771722637856874e+04 9.091088216060737614e+04 3.351902820412851870e+05 1.123460776244726178e+00 1.248266737965286532e+00 7.575925738756789360e+04 1.119146864004186064e+05 3.030445504121719205e+04 2.282991981173857348e+05 1.410324367570465975e+00 5.064713321215636097e+05 4.329609152171596652e+05 9.091095809866317722e+04 3.030450481671070520e+04 1.818200050448625698e+05 3.896270586624998396e+04 3.030460774270951515e+04 9.091086112871892692e+04 3.030413148240483133e+04 6.207132755088049453e+05 3.030442922020132028e+04
2.985719567571610096e+05 8.874652228979137726e+04 6.060774526838764723e+04 6.060771722637856874e+04 5.555084541389188058e-01 6.060784501359717979e+04 3.351901726161491242e+05 6.060753595693100942e+04 6.060763927379076631e+04 1.515284042023989969e+04 1.119149589039263519e+05 6.060761045685394492e+04 2.282992282940474688e+05 6.060791992569522699e+04 5.064713975131501793e+05 4.329611400461050216e+05 3.030483271127495391e+04 6.060773172565260029e+04 1.818202598069268570e+05 2.164667713414413811e+04 6.060782722611173813e+04 3.030476110077329577e+04 6.060729876909469021e+04 6.207135534465536475e+05 6.060768690095943748e+04
2.682687539473443176e+05 2.814012557330060736e+04 9.091096079569570429e+04 9.091088216060737614e+04 6.060784501359717979e+04 5.228010115413109782e-01 3.048873857171680429e+05 9.091069703083674540e+04 9.091072254838056688e+04 4.545626022366718098e+04 5.130859030539545347e+04 9.091071219164390641e+04 1.676930269981915480e+05 9.091101917650019459e+04 4.761684809730915003e+05 4.026581218234677799e+05 3.030470954158232780e+04 9.091089349878787471e+04 1.212139229097544594e+05 8.225298653974237095e+04 9.091097700280684512e+04 3.030458077958354625e+04 9.091044611134944716e+04 5.904104023497870658e+05 9.091082832072574820e+04
7.526065390947692504e+04 2.928278895653604995e+05 3.351902782171732979e+05 3.351902820412851870e+05 3.351901726161491242e+05 3.048873857171680429e+05 3.096319599449917587e+04 3.351900837998046773e+05 3.351901469839594793e+05 3.200386019956169766e+05 2.795845761759887682e+05 3.351902172629149281e+05 1.758362609195504629e+05 3.351904290419765166e+05 3.033074511611822527e+05 1.612858483195781009e+05 3.048872568607313442e+05 3.351902948142304085e+05 2.223157700437044259e+05 3.351904150043706177e+05 3.351903582851648098e+05 3.048873195625752560e+05 3.351900242106392980e+05 4.215795245808321633e+05 3.351902770297541865e+05
2.985715274242283776e+05 9.091060440693380951e+04 1.179090225019682414e+00 1.123460776244726400e+00 6.060753595693100942e+04 9.091069703083674540e+04 3.351900837998046773e+05 5.927005399721494427e-01 9.945193813236148372e-01 7.575913433463401452e+04 1.119143397490169300e+05 3.030415950750814591e+04 2.282989662751765572e+05 1.391021953873931460e+00 5.064712637871153420e+05 4.329608262018962996e+05 9.091064327370881801e+04 3.030426616777473828e+04 1.818196883051692275e+05 3.896251453378029692e+04 3.030438929522221952e+04 9.091064806461853732e+04 3.030390641852880799e+04 6.207132573630162515e+05 3.030427716474024055e+04
2.985716617239953484e+05 9.091076898687079665e+04 1.306728694754575093e+00 1.248266737965286532e+00 6.060763927379076631e+04 9.091072254838056688e+04 3.351901469839594793e+05 9.945193813236148372e-01 4.536159805181010918e-01 7.575918201650700939e+04 1.119144574407763430e+05 3.030435113902816011e+04 2.282989939915260475e+05 1.537879246553229606e+00 5.064712843185643433e+05 4.329608724903359544e+05 9.091078375745267840e+04 3.030445802944422030e+04 1.818197514415022160e+05 3.896262523536843946e+04 3.030450390955851617e+04 9.091074038160192140e+04 3.030404836024103497e+04 6.207132900197872659e+05 3.030444859629417260e+04
2.834205065049668774e+05 7.359505926611543691e+04 7.575941441029774433e+04 7.575925738756789360e+04 1.515284042023990150e+04 4.545626022366718098e+04 3.200386019956169766e+05 7.575913433463401452e+04 7.575918201650700939e+04 1.515208735323307701e+04 9.676352278504194692e+04 7.575918899572925875e+04 2.131477167091025622e+05 7.575938940854989050e+04 4.913199311789747444e+05 4.178096915903955232e+05 1.515321962520264788e+04 7.575927769244446245e+04 1.666688285636882647e+05 3.679822195894089964e+04 7.575943833955832815e+04 1.515307332039988432e+04 7.575880915071793424e+04 6.055619999706177041e+05 7.575918821236575604e+04
2.169619449960065831e+05 2.316976036525416930e+04 1.119147368098890147e+05 1.119146864004186064e+05 1.119149589039263519e+05 5.130859030539545347e+04 2.795845761759887682e+05 1.119143397490169300e+05 1.119144574407763430e+05 9.676352278504194692e+04 2.947489212809077071e+04 1.119145429218531499e+05 1.163864588890381128e+05 1.119147164644847653e+05 4.675104076962687541e+05 3.939999436023590970e+05 8.161165938323426235e+04 1.119147304072296101e+05 6.990687646619764564e+04 1.119146871451000188e+05 1.119146566377562704e+05 8.161186668780774926e+04 1.119143288730885397e+05 5.817522504162504338e+05 1.119145361599553435e+05
2.985716467868541367e+05 9.091079292391466151e+04 3.030442626395498519e+04 3.030445504121719205e+04 6.060761045685394492e+04 9.091071219164390641e+04 3.351902172629149281e+05 3.030415950750814227e+04 3.030435113902816011e+04 7.575918899572925875e+04 1.119145429218531499e+05 6.032643276601037385e-01 2.282990675686508184e+05 3.030459940656101026e+04 5.064712306832187460e+05 4.329609122355504660e+05 9.091066995058134489e+04 1.241358180125058830e+00 1.818198625397381838e+05 3.896256686445036758e+04 1.344497784254059969e+00 9.091077189575368538e+04 8.179742529262085116e-01 6.207132311595147476e+05 1.243300608373926197e+00
1.005773442324913922e+05 1.395542800267923158e+05 2.282992873986625345e+05 2.282991981173857348e+05 2.282992282940474688e+05 1.676930269981915480e+05 1.758362609195504629e+05 2.282989662751765572e+05 2.282989939915260475e+05 2.131477167091025622e+05 1.163864588890380983e+05 2.282990675686508184e+05 1.625398150355814323e+04 2.282993568752346619e+05 3.987274097908631084e+05 3.168394269841793575e+05 1.979960847943760746e+05 2.282992528598943900e+05 4.648098155417603994e+04 2.282993853888925805e+05 2.282993129230911145e+05 1.979960079241434287e+05 2.282988960807378753e+05 5.129694318455760367e+05 2.282992442049391393e+05
2.985717552526147338e+05 9.091113317050811020e+04 1.560005423125549573e+00 1.410324367570465975e+00 6.060791992569522699e+04 9.091101917650019459e+04 3.351904290419765166e+05 1.391021953873931460e+00 1.537879246553230050e+00 7.575938940854989050e+04 1.119147164644847653e+05 3.030459940656101026e+04 2.282993568752346619e+05 5.144579382243116283e-01 5.064714300776442979e+05 4.329609129984259489e+05 9.091099284196934605e+04 3.030481049343600898e+04 1.818200505630265689e+05 3.896248835900067934e+04 3.030475062049067856e+04 9.091100371429075312e+04 3.030428186859965354e+04 6.207132632456247229e+05 3.030461085738664042e+04
3.384275572161753662e+05 4.761684288403565297e+05 5.064712568252454512e+05 5.064713321215636097e+05 5.064713975131501793e+05 4.761684809730915003e+05 3.033074511611822527e+05 5.064712637871153420e+05 5.064712843185643433e+05 4.913199311789747444e+05 4.675104076962687541e+05 5.064712306832187460e+05 3.987274097908631084e+05 5.064714300776442979e+05 8.619457458251646312e+04 1.904961117595041287e+05 4.761683219402391114e+05 5.064712838447225513e+05 4.155624261837212252e+05 5.064713821813105606e+05 5.064713187027461245e+05 4.761684047111746040e+05 5.064711935940944240e+05 2.302664210046206135e+05 5.064712888623665785e+05
2.300393906893280509e+05 4.026581261276276782e+05 4.329609589966759668e+05 4.329609152171596652e+05 4.329611400461050216e+05 4.026581218234677799e+05 1.612858483195781009e+05 4.329608262018962996e+05 4.329608724903359544e+05 4.178096915903955232e+05 3.939999436023590970e+05 4.329609122355505242e+05 3.168394269841792993e+05 4.329609129984259489e+05 1.904961117595041287e+05 7.814869368155564007e+04 4.026581377918720245e+05 4.329609684208353283e+05 3.420519234515775461e+05 4.329609083998404676e+05 4.329609303315572324e+05 4.026581723728618817e+05 4.329607664558896795e+05 3.577379911429925705e+05 4.329609626465893234e+05
2.682688667372161872e+05 5.844306451106925670e+04 9.091087492262835440e+04 9.091095809866317722e+04 3.030483271127495391e+04 3.030470954158232780e+04 3.048872568607313442e+05 9.091064327370881801e+04 9.091078375745267840e+04 1.515321962520264788e+04 8.161165938323426235e+04 9.091066995058134489e+04 1.979960847943760746e+05 9.091099284196934605e+04 4.761683219402391114e+05 4.026581377918719663e+05 6.349510146248283915e-01 9.091094258778048970e+04 1.515170731849410513e+05 5.194997262015956221e+04 9.091099938091075455e+04 1.434243552041785330e+00 9.091043336794977949e+04 5.904105469914701534e+05 9.091081531236077717e+04
2.985717958353155991e+05 9.091090694242616883e+04 3.030450528523039975e+04 3.030450481671070520e+04 6.060773172565260029e+04 9.091089349878787471e+04 3.351902948142304085e+05 3.030426616777473464e+04 3.030445802944422030e+04 7.575927769244446245e+04 1.119147304072296101e+05 1.241358180125058830e+00 2.282992528598943900e+05 3.030481049343600898e+04 5.064712838447225513e+05 4.329609684208353283e+05 9.091094258778048970e+04 5.229308412230042613e-01 1.818200190129972470e+05 3.896280451858529705e+04 1.418599945418021369e+00 9.091086983469792176e+04 1.115819646148753730e+00 6.207132753400446381e+05 1.350677989894607300e+00
1.470566141789470566e+05 9.307538422046629421e+04 1.818200449985530286e+05 1.818200050448625698e+05 1.818202598069268570e+05 1.212139229097544594e+05 2.223157700437044259e+05 1.818196883051692275e+05 1.818197514415022160e+05 1.666688285636882647e+05 6.990687646619766019e+04 1.818198625397381838e+05 4.648098155417603266e+04 1.818200505630265689e+05 4.155624261837212252e+05 3.420519234515775461e+05 1.515170731849410513e+05 1.818200190129972470e+05 7.325266237908862887e-01 1.818200387095366896e+05 1.818198907094686001e+05 1.515172028538924933e+05 1.818196796270755003e+05 5.298042403152403422e+05 1.818200158982891880e+05
2.985717543640864315e+05 9.029271763947061845e+04 3.896267571242428676e+04 3.896270586624998396e+04 2.164667713414413811e+04 8.225298653974237095e+04 3.351904150043705595e+05 3.896251453378029692e+04 3.896262523536843946e+04 3.679822195894089236e+04 1.119146871451000188e+05 3.896256686445036758e+04 2.282993853888925805e+05 3.896248835900068661e+04 5.064713821813105023e+05 4.329609083998404676e+05 5.194997262015956221e+04 3.896280451858529705e+04 1.818200387095366896e+05 1.236919815330264464e+04 3.896263160717630672e+04 5.194993527945989626e+04 3.896224157178054156e+04 6.207132590742592001e+05 3.896263791076425696e+04
2.985717281751699047e+05 9.091100454854662530e+04 3.030467438600550304e+04 3.030460774270951515e+04 6.060782722611173813e+04 9.091097700280684512e+04 3.351903582851648098e+05 3.030438929522221588e+04 3.030450390955851617e+04 7.575943833955832815e+04 1.119146566377562704e+05 1.344497784254059969e+00 2.282993129230911145e+05 3.030475062049067856e+04 5.064713187027461245e+05 4.329609303315572324e+05 9.091099938091075455e+04 1.418599945418021369e+00 1.818198907094686001e+05 3.896263160717630672e+04 5.780928804584333225e-01 9.091107526395583409e+04 1.197577306961296051e+00 6.207131090021091513e+05 1.530342237939307237e+00
2.682689165942447144e+05 5.844321133602055488e+04 9.091095275012881029e+04 9.091086112871892692e+04 3.030476110077329577e+04 3.030458077958354625e+04 3.048873195625752560e+05 9.091064806461853732e+04 9.091074038160192140e+04 1.515307332039988432e+04 8.161186668780774926e+04 9.091077189575368538e+04 1.979960079241434287e+05 9.091100371429075312e+04 4.761684047111746040e+05 4.026581723728618817e+05 1.434243552041785330e+00 9.091086983469792176e+04 1.515172028538924933e+05 5.194993527945989626e+04 9.091107526395583409e+04 6.423209124875551845e-01 9.091039981425918813e+04 5.904104992006486282e+05 9.091087846401684510e+04
2.985714955545460107e+05 9.091058403850041213e+04 3.030416422069243708e+04 3.030413148240483133e+04 6.060729876909469021e+04 9.091044611134944716e+04 3.351900242106392980e+05 3.030390641852880435e+04 3.030404836024103497e+04 7.575880915071793424e+04 1.119143288730885397e+05 8.179742529262085116e-01 2.282988960807378753e+05 3.030428186859965354e+04 5.064711935940944240e+05 4.329607664558896795e+05 9.091043336794977949e+04 1.115819646148753730e+00 1.818196796270755003e+05 3.896224157178054156e+04 1.197577306961296051e+00 9.091039981425918813e+04 3.725146093252399981e-01 6.207132057030949509e+05 9.797917633521511238e-01
4.526694029628288117e+05 5.904104739235123852e+05 6.207133034465534147e+05 6.207132755088049453e+05 6.207135534465535311e+05 5.904104023497870658e+05 4.215795245808321633e+05 6.207132573630161351e+05 6.207132900197872659e+05 6.055619999706177041e+05 5.817522504162504338e+05 6.207132311595147476e+05 5.129694318455760367e+05 6.207132632456247229e+05 2.302664210046206135e+05 3.577379911429925705e+05 5.904105469914701534e+05 6.207132753400445217e+05 5.298042403152403422e+05 6.207132590742592001e+05 6.207131090021090349e+05 5.904104992006486282e+05 6.207132057030949509e+05 9.389383987921259541e+04 6.207132437487725401e+05
2.985717881940944353e+05 9.091089372482155159e+04 3.030454900677035766e+04 3.030442922020132028e+04 6.060768690095943748e+04 9.091082832072574820e+04 3.351902770297541865e+05 3.030427716474023691e+04 3.030444859629417260e+04 7.575918821236575604e+04 1.119145361599553435e+05 1.243300608373926197e+00 2.282992442049391393e+05 3.030461085738664042e+04 5.064712888623665785e+05 4.329609626465892652e+05 9.091081531236077717e+04 1.350677989894607300e+00 1.818200158982891880e+05 3.896263791076425696e+04 1.530342237939307237e+00 9.091087846401684510e+04 9.797917633521510128e-01 6.207132437487725401e+05 5.256478762233534052e-01
