1.161964836001153344e+04 5.832625133198064577e+04 2.409927783497062410e+04 1.362911096278353652e+05 2.413581621062752674e+05 4.042211604148385231e+04 6.282344783509073313e+05 4.696287123687031562e+05 5.832581354947453656e+04 5.832622238825483510e+04 1.124089222567490506e+05 9.208365100042847916e+04 1.707335889030781109e+05 2.765398944549894659e+05 1.625199771780217998e+05 1.829288295026779233e+05 5.546553935115495697e+05 5.832626790004608483e+04 5.716459284796161955e+04 3.925868656542635290e+05 9.545583061096247548e+03 5.832610460447087098e+04 1.124090333740233909e+05 1.707335635135674675e+05 1.707335566281649226e+05
5.832625133198064577e+04 6.912867833311263643e-01 8.242399918026769592e+04 1.702252334412413475e+05 2.169676854620068916e+05 9.874676194846299768e+04 6.038441314717682544e+05 4.452383190883011557e+05 1.091525544171160655e+00 1.379991379204996482e+00 1.463430631964080967e+05 1.289214497725259716e+05 1.951236261248050723e+05 2.521495947718175885e+05 1.881549322993962269e+05 1.829284787442472298e+05 5.302650400837361813e+05 1.400244447152566130e+00 1.163011771831301758e+03 3.681964353901941795e+05 4.878218073985924275e+04 1.490925804560589985e+00 1.463431382786461618e+05 1.951235959713043703e+05 1.951236479982250021e+05
2.409927783497062046e+04 8.242399918026769592e+04 1.148524890459160270e+04 1.121935092829700297e+05 2.413580663241220755e+05 1.632437476701277956e+04 6.282344691011300310e+05 4.696287228806250496e+05 8.242352107020738185e+04 8.242390957020720816e+04 8.831134587288535840e+04 6.798604429755025194e+04 1.707336975497882813e+05 2.765398312894973205e+05 1.545223429972622253e+05 1.829288264068504213e+05 5.546554107522564009e+05 8.242400198628098588e+04 8.126243382138674497e+04 3.925868553324705572e+05 3.364354419225215679e+04 8.242376601620654401e+04 8.831141680676852411e+04 1.707335544291998376e+05 1.707336004718727199e+05
1.362911096278353943e+05 1.702252334412413475e+05 1.121935092829700297e+05 9.958541339494572640e+02 2.413581631898421620e+05 9.610745798145844310e+04 6.282345384347237414e+05 4.696288092011263361e+05 1.702248105519963719e+05 1.702250643515734700e+05 4.827417134621624427e+04 6.569578978022361116e+04 1.498276121944138722e+05 2.765401217226677691e+05 5.045433487861690082e+04 1.829288854073514522e+05 5.546554387328193989e+05 1.702251362855360785e+05 1.702252677252833673e+05 3.925869635983729968e+05 1.458351699350656418e+05 1.702250043191018049e+05 3.607899833441910596e+04 1.070265841646502085e+05 1.219531737770681939e+05
2.413581621062753256e+05 2.169676854620068916e+05 2.413580663241220755e+05 2.413581631898421620e+05 4.513514562207904237e+04 2.412938294908404641e+05 5.275914959257715382e+05 3.502239846197325387e+05 2.169674073879841890e+05 2.169676031634992105e+05 2.413581138414031884e+05 2.413580360158729600e+05 1.931054610999886354e+05 1.314115946966656193e+05 2.169763445489343430e+05 1.600044540527828503e+05 4.483640144670912414e+05 2.169677578581875132e+05 2.169678145312097622e+05 2.714418680739927804e+05 2.413581231734330358e+05 2.169676261998449627e+05 2.413580980983294430e+05 1.809204688468571694e+05 1.723927838718704588e+05
4.042211604148386687e+04 9.874676194846299768e+04 1.632437476701278138e+04 9.610745798145844310e+04 2.412938294908404641e+05 2.272327400521678555e+03 6.282344768985582050e+05 4.696287054102717084e+05 9.874631838860918651e+04 9.874666397927342041e+04 7.222531562372426561e+04 5.189994382178239903e+04 1.707268262717206671e+05 2.765054159780793707e+05 1.436565365694236243e+05 1.829219712818335101e+05 5.546554139468489448e+05 9.874672432219632901e+04 9.758518692646334239e+04 3.925869016510607325e+05 4.996627069001834025e+04 9.874656540871362085e+04 7.222541512526833685e+04 1.697864177389151882e+05 1.697864335910301888e+05
6.282344783509074477e+05 6.038441314717681380e+05 6.282344691011300310e+05 6.282345384347237414e+05 5.275914959257715382e+05 6.282344768985582050e+05 1.229656605874088855e+05 3.765138433372693835e+05 6.038441023773117922e+05 6.038441634742118185e+05 6.282346250628362177e+05 6.282345360370217822e+05 6.003601225393310888e+05 4.971338280766441021e+05 6.108130132057357114e+05 5.672591112809007755e+05 3.331522831467238138e+05 6.038440915796668269e+05 6.038442156054754741e+05 4.476404481565740425e+05 6.282344370431732386e+05 6.038440587250245735e+05 6.282346175212201197e+05 6.028281266727511538e+05 6.038442455567829311e+05
4.696287123687032145e+05 4.452383190883011557e+05 4.696287228806250496e+05 4.696288092011263361e+05 3.502239846197324805e+05 4.696287054102717084e+05 3.765138433372693835e+05 6.191711219730610901e+04 4.452381881329682074e+05 4.452383442438669736e+05 4.696288093704370549e+05 4.696287277526097023e+05 4.417543604481748189e+05 3.064195622212527087e+05 4.522072205778462812e+05 4.086532511869249865e+05 3.269013631758259144e+05 4.452383373464702163e+05 4.452383546088364092e+05 2.155737566500467656e+05 4.696285322205361445e+05 4.452383144293614896e+05 4.696287049997935537e+05 4.452385872578423005e+05 4.452386115751650068e+05
5.832581354947453656e+04 1.091525544171160655e+00 8.242352107020738185e+04 1.702248105519963719e+05 2.169674073879841890e+05 9.874631838860918651e+04 6.038441023773117922e+05 4.452381881329682074e+05 3.951759178788115112e-01 1.057590593784593747e+00 1.463427019803246367e+05 1.289210402364029724e+05 1.951233479846819828e+05 2.521493101296988898e+05 1.881545290170573571e+05 1.829282378693982027e+05 5.302649149160839152e+05 1.157657201712722461e+00 1.162664388444578890e+03 3.681962523290021927e+05 4.878174666238132340e+04 9.106627056717842006e-01 1.463426752315313206e+05 1.951231788300701592e+05 1.951232287221044826e+05
5.832622238825483510e+04 1.379991379204996482e+00 8.242390957020720816e+04 1.702250643515734700e+05 2.169676031634992396e+05 9.874666397927342041e+04 6.038441634742118185e+05 4.452383442438669736e+05 1.057590593784593747e+00 6.538764018852298854e-01 1.463429356237153697e+05 1.289213885594259482e+05 1.951234392522335402e+05 2.521494650159498269e+05 1.881548530996202899e+05 1.829284589079716825e+05 5.302650565759995952e+05 1.430065006629973823e+00 1.163051204734054181e+03 3.681963865474142367e+05 4.878219084004683100e+04 1.308714020758130037e+00 1.463430014519627730e+05 1.951235353028462850e+05 1.951235523554381798e+05
1.124089222567490506e+05 1.463430631964080967e+05 8.831134587288538751e+04 4.827417134621625155e+04 2.413581138414031884e+05 7.222531562372426561e+04 6.282346250628362177e+05 4.696288093704371131e+05 1.463427019803246367e+05 1.463429356237153697e+05 7.306860694039397641e-01 2.032691321394475381e+04 1.498276882419564063e+05 2.765400236754697980e+05 9.582332451718476659e+04 1.829288513302635984e+05 5.546554970042897621e+05 1.463430467889286811e+05 1.463431416131272272e+05 3.925868941201863345e+05 1.219529774601383397e+05 1.463429775435569754e+05 1.219680603601499024e+04 1.219531431376027322e+05 1.219532842590639921e+05
9.208365100042849372e+04 1.289214497725259716e+05 6.798604429755025194e+04 6.569578978022359661e+04 2.413580360158729018e+05 5.189994382178239903e+04 6.282345360370217822e+05 4.696287277526096441e+05 1.289210402364029724e+05 1.289213885594259482e+05 2.032691321394475381e+04 1.507185090033130473e+04 1.647605557418630342e+05 2.765400727717415430e+05 1.132449683486760623e+05 1.829287853732680378e+05 5.546554647586261854e+05 1.289215025553733140e+05 1.287831537001336401e+05 3.925868818295174278e+05 1.016277187880678539e+05 1.289213720045762311e+05 3.107035445116176197e+04 1.393748391827618470e+05 1.393748822317442682e+05
1.707335889030781109e+05 1.951236261248050723e+05 1.707336975497882813e+05 1.498276121944138722e+05 1.931054610999886354e+05 1.707268262717206962e+05 6.003601225393310888e+05 4.417543604481748189e+05 1.951233479846819828e+05 1.951234392522335402e+05 1.498276882419564063e+05 1.647605557418630342e+05 7.353317957736437165e+03 2.485620023472058820e+05 1.027868422738876689e+05 1.062530521498496237e+05 5.267810317983577261e+05 1.951236688546612568e+05 1.951238508794987283e+05 3.647123336386076990e+05 1.707336626687751850e+05 1.951236161062105675e+05 1.498276823186161055e+05 8.584124859668900899e+04 1.010473740198665619e+05
2.765398944549894077e+05 2.521495947718175885e+05 2.765398312894973205e+05 2.765401217226677691e+05 1.314115946966655902e+05 2.765054159780793125e+05 4.971338280766441021e+05 3.064195622212527087e+05 2.521493101296988607e+05 2.521494650159497978e+05 2.765400236754697398e+05 2.765400727717415430e+05 2.485620023472058529e+05 6.381959116726450884e+04 2.589802604463633616e+05 2.142996391303382698e+05 3.958105558371553198e+05 2.521495563248458784e+05 2.521495830637216568e+05 2.163496812525436108e+05 2.765399380042876583e+05 2.521494734809279907e+05 2.765401207352897618e+05 2.388829599154932366e+05 2.362432144872586650e+05
1.625199771780218289e+05 1.881549322993962269e+05 1.545223429972622253e+05 5.045433487861690082e+04 2.169763445489343430e+05 1.436565365694236243e+05 6.108130132057357114e+05 4.522072205778462812e+05 1.881545290170573571e+05 1.881548530996202899e+05 9.582332451718476659e+04 1.132449683486760478e+05 1.027868422738876689e+05 2.589802604463633907e+05 3.162518689633776739e+04 1.329843079276360222e+05 5.372339566687429324e+05 1.881548946374250227e+05 1.881549893614538596e+05 3.751653754283276503e+05 1.637648752979641140e+05 1.881547834395858808e+05 8.507984037591010565e+04 7.250869612201409473e+04 9.612102895013727539e+04
1.829288295026779233e+05 1.829284787442472298e+05 1.829288264068504213e+05 1.829288854073514522e+05 1.600044540527828503e+05 1.829219712818335101e+05 5.672591112809007755e+05 4.086532511869249865e+05 1.829282378693982027e+05 1.829284589079716825e+05 1.829288513302635984e+05 1.829287853732680378e+05 1.062530521498496237e+05 2.142996391303382698e+05 1.329843079276360222e+05 1.357539534455121247e+04 4.936800303569143871e+05 1.829286016749573464e+05 1.829286909904418862e+05 3.316113329760353663e+05 1.829286417670783994e+05 1.829285000060520542e+05 1.829287475219530170e+05 1.230074900561720569e+05 1.341484793056330236e+05
5.546553935115495697e+05 5.302650400837361813e+05 5.546554107522564009e+05 5.546554387328193989e+05 4.483640144670912414e+05 5.546554139468489448e+05 3.331522831467238138e+05 3.269013631758259144e+05 5.302649149160839152e+05 5.302650565759995952e+05 5.546554970042897621e+05 5.546554647586261854e+05 5.267810317983577261e+05 3.958105558371553780e+05 5.372339566687429324e+05 4.936800303569143871e+05 1.053702376768468675e+05 5.302650575260281330e+05 5.302650887293657288e+05 3.246410664045299054e+05 5.546553361373174703e+05 5.302649894964360865e+05 5.546555050224988954e+05 5.302652133975168690e+05 5.302652120176421013e+05
5.832626790004607756e+04 1.400244447152566130e+00 8.242400198628098588e+04 1.702251362855360785e+05 2.169677578581875132e+05 9.874672432219632901e+04 6.038440915796668269e+05 4.452383373464702163e+05 1.157657201712722461e+00 1.430065006629973823e+00 1.463430467889286811e+05 1.289215025553733140e+05 1.951236688546612568e+05 2.521495563248459366e+05 1.881548946374250227e+05 1.829286016749573464e+05 5.302650575260281330e+05 6.999775369983092244e-01 1.163100607372443847e+03 3.681965058043133467e+05 4.878225981791742379e+04 1.462508916049586549e+00 1.463431314431036590e+05 1.951235994743228657e+05 1.951235654053952603e+05
5.716459284796161955e+04 1.163011771831301758e+03 8.126243382138674497e+04 1.702252677252833673e+05 2.169678145312097331e+05 9.758518692646334239e+04 6.038442156054755906e+05 4.452383546088364092e+05 1.162664388444578890e+03 1.163051204734054181e+03 1.463431416131272272e+05 1.287831537001336401e+05 1.951238508794987283e+05 2.521495830637216859e+05 1.881549893614538596e+05 1.829286909904418862e+05 5.302650887293657288e+05 1.163100607372443847e+03 2.213109487713692033e+03 3.681964920252112788e+05 4.762048657694160647e+04 1.162944091833374841e+03 1.463431772366528457e+05 1.951236352691774664e+05 1.951237537336411187e+05
3.925868656542635290e+05 3.681964353901941795e+05 3.925868553324705572e+05 3.925869635983731132e+05 2.714418680739927804e+05 3.925869016510607325e+05 4.476404481565740425e+05 2.155737566500468238e+05 3.681962523290021927e+05 3.681963865474142367e+05 3.925868941201863345e+05 3.925868818295174278e+05 3.647123336386076990e+05 2.163496812525436108e+05 3.751653754283276503e+05 3.316113329760354245e+05 3.246410664045299054e+05 3.681965058043133467e+05 3.681964920252112788e+05 7.478742982148505689e+04 3.925867735789524741e+05 3.681964110953264171e+05 3.925868706030090107e+05 3.681967153328225832e+05 3.681967975246880669e+05
9.545583061096247548e+03 4.878218073985924275e+04 3.364354419225215679e+04 1.458351699350656418e+05 2.413581231734330941e+05 4.996627069001834025e+04 6.282344370431732386e+05 4.696285322205361445e+05 4.878174666238132340e+04 4.878219084004681645e+04 1.219529774601383251e+05 1.016277187880678684e+05 1.707336626687752141e+05 2.765399380042877165e+05 1.637648752979641140e+05 1.829286417670784576e+05 5.546553361373174703e+05 4.878225981791742379e+04 4.762048657694160647e+04 3.925867735789524741e+05 7.218919128232060833e-01 4.878211270419768698e+04 1.219530044077123894e+05 1.707336020473676908e+05 1.707336209848238213e+05
5.832610460447087098e+04 1.490925804560589985e+00 8.242376601620654401e+04 1.702250043191018049e+05 2.169676261998449627e+05 9.874656540871362085e+04 6.038440587250245735e+05 4.452383144293614896e+05 9.106627056717842006e-01 1.308714020758129815e+00 1.463429775435569754e+05 1.289213720045762311e+05 1.951236161062105384e+05 2.521494734809280199e+05 1.881547834395858808e+05 1.829285000060520542e+05 5.302649894964360865e+05 1.462508916049586549e+00 1.162944091833374841e+03 3.681964110953264171e+05 4.878211270419768698e+04 6.516375173457309433e-01 1.463430007210578478e+05 1.951233951615387632e+05 1.951234659965306637e+05
1.124090333740233618e+05 1.463431382786461618e+05 8.831141680676852411e+04 3.607899833441910596e+04 2.413580980983294139e+05 7.222541512526833685e+04 6.282346175212201197e+05 4.696287049997935537e+05 1.463426752315313206e+05 1.463430014519627439e+05 1.219680603601498842e+04 3.107035445116176561e+04 1.498276823186161055e+05 2.765401207352898200e+05 8.507984037591007655e+04 1.829287475219530170e+05 5.546555050224988954e+05 1.463431314431036590e+05 1.463431772366528457e+05 3.925868706030090107e+05 1.219530044077123894e+05 1.463430007210578478e+05 1.219576434562912254e+04 1.219530274362633500e+05 1.219531935022550460e+05
1.707335635135674675e+05 1.951235959713043703e+05 1.707335544291998376e+05 1.070265841646502085e+05 1.809204688468571694e+05 1.697864177389151882e+05 6.028281266727511538e+05 4.452385872578423005e+05 1.951231788300701592e+05 1.951235353028462850e+05 1.219531431376027322e+05 1.393748391827618470e+05 8.584124859668900899e+04 2.388829599154932366e+05 7.250869612201410928e+04 1.230074900561720569e+05 5.302652133975168690e+05 1.951235994743228657e+05 1.951236352691774664e+05 3.681967153328225832e+05 1.707336020473676908e+05 1.951233951615387632e+05 1.219530274362633500e+05 3.402732700901451608e+04 3.814613752895637299e+04
1.707335566281649226e+05 1.951236479982249730e+05 1.707336004718727199e+05 1.219531737770682084e+05 1.723927838718704588e+05 1.697864335910301888e+05 6.038442455567828147e+05 4.452386115751650068e+05 1.951232287221044826e+05 1.951235523554381798e+05 1.219532842590639775e+05 1.393748822317442682e+05 1.010473740198665619e+05 2.362432144872586650e+05 9.612102895013727539e+04 1.341484793056330236e+05 5.302652120176421013e+05 1.951235654053952603e+05 1.951237537336411187e+05 3.681967975246880669e+05 1.707336209848237631e+05 1.951234659965306637e+05 1.219531935022550460e+05 3.814613752895636571e+04 6.922423739043305213e-01
