2.302119401338202442e+04 8.675992304240071098e+04 8.676010029244732868e+04 8.523781507111643441e+04 8.675998859483975684e+04 1.400127267848314077e+05 8.676000180201100011e+04 8.676006834740474005e+04 6.069242267239370995e+04 2.485334570586562331e+05 8.676004081661863893e+04 4.281263885513173300e+05 3.137287610464101308e+05 7.306129384149692487e+04 8.675966944696620340e+04 9.620170138171182771e+04 8.675944050101458561e+04 8.675986188421466795e+04 8.675998139576091489e+04 9.802132747346970427e+04 8.675997148001666937e+04 4.772072836444288259e+04 8.675997134386333346e+04 8.675978688299261557e+04 1.863644505012576119e+05
8.675992304240071098e+04 9.556566727397876049e-01 1.965954233271523188e+00 1.522274649467339987e+04 9.964663191906591237e+03 1.674099051134598558e+05 1.845997182607075349e+00 1.840968008074245654e+00 1.089794413439641357e+05 2.759304356058107223e+05 1.844482209899986236e+00 4.555233761384382378e+05 3.411257135345590650e+05 4.913238599374145997e+04 1.516526116525647394e+00 1.380584951688245055e+05 1.264190539895968524e+00 1.606204782758357874e+00 1.675075476335405655e+00 1.315605261952825240e+05 1.502178912909849950e+00 7.791289320235354535e+04 1.683818656932429159e+00 1.559567707443206386e+00 2.203934751256388845e+05
8.676010029244732868e+04 1.965954233271523188e+00 1.004048943434325381e+00 1.522281799979267635e+04 9.964486369707177801e+03 1.674101527680009895e+05 2.062158914007595545e+00 1.862893679542262593e+00 1.089795721218152321e+05 2.759305356469640974e+05 1.876867531597058214e+00 4.555234399930653744e+05 3.411258200474767364e+05 4.913237928923554864e+04 1.762819134709941338e+00 1.380587223975560628e+05 1.494138728635038937e+00 1.883928701882602974e+00 1.950956079648465513e+00 1.315606870286854974e+05 1.923181721097318109e+00 7.791300011780997738e+04 2.014854353764267358e+00 1.909621423939634965e+00 2.203936247786836466e+05
8.523781507111643441e+04 1.522274649467339987e+04 1.522281799979267635e+04 4.971215775800688789e+03 1.431699164115857820e+04 1.658879868162435887e+05 1.522270749834094022e+04 1.522284200659863563e+04 1.074573813201647718e+05 2.744086428457840811e+05 1.522289241615946594e+04 4.540015294871862861e+05 3.396039053611907875e+05 4.636496392949077563e+04 1.522245414094853186e+04 1.365365596636669943e+05 1.522226382261279832e+04 1.522266362470569402e+04 1.522286786029738687e+04 1.300384563706656627e+05 1.522275249682021786e+04 6.506952405962032208e+04 1.522274266044117758e+04 1.522257303903489628e+04 2.188715144297338265e+05
8.675998859483975684e+04 9.964663191906591237e+03 9.964486369707181439e+03 1.431699164115857820e+04 5.435203937710412902e+03 1.674101081930079090e+05 9.964615951905238035e+03 9.964610990738765395e+03 1.089796129347545648e+05 2.759305557804965647e+05 9.964641001827340006e+03 4.555235012194145238e+05 3.411258550510620116e+05 3.916969862941961765e+04 9.964391293624110403e+03 1.380587310370269406e+05 9.964181882230124756e+03 9.964567960036603836e+03 9.964709269736737042e+03 1.315607729408893210e+05 9.964647092723900641e+03 7.791294651287424495e+04 9.964649500774972694e+03 9.964520911026509566e+03 2.203936557208613085e+05
1.400127267848314077e+05 1.674099051134598849e+05 1.674101527680009895e+05 1.658879868162435887e+05 1.674101081930079090e+05 3.109491378829480891e+04 1.674100038397598546e+05 1.674101398903320951e+05 1.380558641820265912e+05 2.261565108391683898e+05 1.674100819991269382e+05 4.143145538505782606e+05 2.999169528594877338e+05 1.439267810522331565e+05 1.674095489229890227e+05 1.097196527217923431e+05 1.674095200536961784e+05 1.674097741536403191e+05 1.674098740317802003e+05 9.254764811147820728e+04 1.674098740922821162e+05 1.282710953768387117e+05 1.674100110811113263e+05 1.674096762076671293e+05 1.569972991406685614e+05
8.676000180201100011e+04 1.845997182607075349e+00 2.062158914007595545e+00 1.522270749834094022e+04 9.964615951905238035e+03 1.674100038397598546e+05 1.010297781538012085e+00 1.958770565561441357e+00 1.089794935421496048e+05 2.759306017435307731e+05 1.831579946024566308e+00 4.555233989822604344e+05 3.411258106464185403e+05 4.913244170211214805e+04 1.608919204480826926e+00 1.380585579222903762e+05 1.410397481610404569e+00 1.786152981251801553e+00 1.782513577620055800e+00 1.315605516677950800e+05 1.846346077316915135e+00 7.791291574896711973e+04 1.708794554500039142e+00 1.703933212759510374e+00 2.203935204817450722e+05
8.676006834740474005e+04 1.840968008074245654e+00 1.862893679542262593e+00 1.522284200659863745e+04 9.964610990738765395e+03 1.674101398903320951e+05 1.958770565561441357e+00 9.982766420624018533e-01 1.089795338729697542e+05 2.759305441359780380e+05 1.786197065468193790e+00 4.555234101034205523e+05 3.411257656165402150e+05 4.913242523807111866e+04 1.704358426231057155e+00 1.380586491874389758e+05 1.413306770188331507e+00 1.853055477497197678e+00 1.916375057159684037e+00 1.315606501150954282e+05 1.840533385884600470e+00 7.791299979256803636e+04 1.924027745379670362e+00 1.846789271324273507e+00 2.203936119304550521e+05
6.069242267239370995e+04 1.089794413439641357e+05 1.089795721218152175e+05 1.074573813201647718e+05 1.089796129347545648e+05 1.380558641820265912e+05 1.089794935421496048e+05 1.089795338729697396e+05 1.592434501147118135e+04 2.473155625895740814e+05 1.089795823482951382e+05 4.281263525903393747e+05 3.053811724332424928e+05 9.528097907280853542e+04 1.089791867437675974e+05 9.499068660897602967e+04 1.089789659426447906e+05 1.089793417215588997e+05 1.089794547964121593e+05 1.004787634532454686e+05 1.089794453821595671e+05 7.962524719854297291e+04 1.089795098750014004e+05 1.089792974777485360e+05 1.850997598836436810e+05
2.485334570586562331e+05 2.759304356058107223e+05 2.759305356469640974e+05 2.744086428457840811e+05 2.759305557804965647e+05 2.261565108391683898e+05 2.759306017435307149e+05 2.759305441359780380e+05 2.473155625895740523e+05 1.110173826814044587e+05 2.759305542375738150e+05 3.777067825480056927e+05 2.593243758885293792e+05 2.622319439225670649e+05 2.759302165282188798e+05 2.316977831191545702e+05 2.759301393082172144e+05 2.759302494961073971e+05 2.759304635079682921e+05 2.395987730237409705e+05 2.759303537142314599e+05 2.485334696749253490e+05 2.759305780127487960e+05 2.759302967691663071e+05 2.000695055851205252e+05
8.676004081661863893e+04 1.844482209899986680e+00 1.876867531597058214e+00 1.522289241615946594e+04 9.964641001827340006e+03 1.674100819991269382e+05 1.831579946024566308e+00 1.786197065468193568e+00 1.089795823482951382e+05 2.759305542375738150e+05 1.001923447281795498e+00 4.555233661859956337e+05 3.411257859271211200e+05 4.913238804107965552e+04 1.689014343966193543e+00 1.380586604193376552e+05 1.400185107762552450e+00 1.843437950370570011e+00 1.777922162221914792e+00 1.315606595764194208e+05 1.876582785580513724e+00 7.791300346856478427e+04 1.787167162830970879e+00 1.758449880397581211e+00 2.203935932445365470e+05
4.281263885513170972e+05 4.555233761384382378e+05 4.555234399930653162e+05 4.540015294871862861e+05 4.555235012194145238e+05 4.143145538505780860e+05 4.555233989822604344e+05 4.555234101034205523e+05 4.281263525903392583e+05 3.777067825480056345e+05 4.555233661859956337e+05 1.898694082618343527e+05 3.376196311405646265e+05 4.418248646749402396e+05 4.555232358475222136e+05 4.280131337681649602e+05 4.555231509238450089e+05 4.555232472876579850e+05 4.555233916153168539e+05 4.276735138411758817e+05 4.555233146162506309e+05 4.281263595644751331e+05 4.555234224891078775e+05 4.555232058574005496e+05 4.049414848002390354e+05
3.137287610464101308e+05 3.411257135345590650e+05 3.411258200474767364e+05 3.396039053611907293e+05 3.411258550510621280e+05 2.999169528594877338e+05 3.411258106464185985e+05 3.411257656165402150e+05 3.053811724332424928e+05 2.593243758885293792e+05 3.411257859271211200e+05 3.376196311405646265e+05 1.351155892055610602e+05 3.274272622829594766e+05 3.411255425249285181e+05 3.136156290461263852e+05 3.411254712512771948e+05 3.411256005643570679e+05 3.411257599703129381e+05 3.132759007218913757e+05 3.411256577343692188e+05 3.137287854564886075e+05 3.411257599835156580e+05 3.411255836928991484e+05 2.847818065224546008e+05
7.306129384149692487e+04 4.913238599374146725e+04 4.913237928923554864e+04 4.636496392949077563e+04 3.916969862941961765e+04 1.439267810522331565e+05 4.913244170211214805e+04 4.913242523807111138e+04 9.528097907280852087e+04 2.622319439225670649e+05 4.913238804107965552e+04 4.418248646749402396e+05 3.274272622829594766e+05 8.645425071755853423e+03 4.913210503365533805e+04 1.243600648203567107e+05 4.913188596554230026e+04 4.913231937545361143e+04 4.913244287000261829e+04 1.080772520501354884e+05 4.913239929497318371e+04 5.450612647724479757e+04 4.913237369764161849e+04 4.913223476666193892e+04 2.066950805460524862e+05
8.675966944696620340e+04 1.516526116525647394e+00 1.762819134709941116e+00 1.522245414094853004e+04 9.964391293624110403e+03 1.674095489229890227e+05 1.608919204480826926e+00 1.704358426231056711e+00 1.089791867437675974e+05 2.759302165282188798e+05 1.689014343966193765e+00 4.555232358475222136e+05 3.411255425249284017e+05 4.913210503365533805e+04 8.061249239921659537e-01 1.380582228453283606e+05 1.000317199762953413e+00 1.346901280247025268e+00 1.549121758877588517e+00 1.315602135301219532e+05 1.468539188702461251e+00 7.791259278240791173e+04 1.550739194443650826e+00 1.253461445469530311e+00 2.203931163293068239e+05
9.620170138171182771e+04 1.380584951688245055e+05 1.380587223975560628e+05 1.365365596636669652e+05 1.380587310370269406e+05 1.097196527217923431e+05 1.380585579222903762e+05 1.380586491874389758e+05 9.499068660897602967e+04 2.316977831191545702e+05 1.380586604193376552e+05 4.280131337681650766e+05 3.136156290461263852e+05 1.243600648203567107e+05 1.380582228453283897e+05 2.371011970019704313e+04 1.380580951407896646e+05 1.380583868033005274e+05 1.380585392792366329e+05 8.329990842624421930e+04 1.380585266323736578e+05 1.087043621001241409e+05 1.380586065616435080e+05 1.380583204289040295e+05 1.700931647026605497e+05
8.675944050101460016e+04 1.264190539895968302e+00 1.494138728635038937e+00 1.522226382261279832e+04 9.964181882230124756e+03 1.674095200536961784e+05 1.410397481610404569e+00 1.413306770188331729e+00 1.089789659426447906e+05 2.759301393082172144e+05 1.400185107762552450e+00 4.555231509238452418e+05 3.411254712512771948e+05 4.913188596554230026e+04 1.000317199762953635e+00 1.380580951407896646e+05 5.452513563849235023e-01 1.143360955042113325e+00 1.276567057239965219e+00 1.315600442267269536e+05 1.217405984205117919e+00 7.791238855993530888e+04 1.343852225640352227e+00 1.110678401056436115e+00 2.203930364577587170e+05
8.675986188421466795e+04 1.606204782758357874e+00 1.883928701882602974e+00 1.522266362470569402e+04 9.964567960036603836e+03 1.674097741536403191e+05 1.786152981251801553e+00 1.853055477497197678e+00 1.089793417215588997e+05 2.759302494961073971e+05 1.843437950370570011e+00 4.555232472876580432e+05 3.411256005643570679e+05 4.913231937545360415e+04 1.346901280247024824e+00 1.380583868033005274e+05 1.143360955042113325e+00 8.738971433995957883e-01 1.617034721894780036e+00 1.315603978124956193e+05 1.462338197120975458e+00 7.791281181829475099e+04 1.709589877436100691e+00 1.370569121110890798e+00 2.203932579840744438e+05
8.675998139576091489e+04 1.675075476335405655e+00 1.950956079648465513e+00 1.522286786029738687e+04 9.964709269736737042e+03 1.674098740317802003e+05 1.782513577620055800e+00 1.916375057159684037e+00 1.089794547964121593e+05 2.759304635079682921e+05 1.777922162221914792e+00 4.555233916153169121e+05 3.411257599703128799e+05 4.913244287000261829e+04 1.549121758877588517e+00 1.380585392792366329e+05 1.276567057239965219e+00 1.617034721894780036e+00 9.329134202161809553e-01 1.315604948498431477e+05 1.676666133441053974e+00 7.791292509155033622e+04 1.760639937875434713e+00 1.601539223783574828e+00 2.203934117594215495e+05
9.802132747346970427e+04 1.315605261952825531e+05 1.315606870286854974e+05 1.300384563706656627e+05 1.315607729408893210e+05 9.254764811147819273e+04 1.315605516677950800e+05 1.315606501150953991e+05 1.004787634532454395e+05 2.395987730237409705e+05 1.315606595764194208e+05 4.276735138411758817e+05 3.132759007218913757e+05 1.080772520501354738e+05 1.315602135301219532e+05 8.329990842624421930e+04 1.315600442267269827e+05 1.315603978124956193e+05 1.315604948498431477e+05 3.996967532967870648e+04 1.315605240534014592e+05 9.162913895647892787e+04 1.315605818871701194e+05 1.315603388336208009e+05 1.692481616627756157e+05
8.675997148001665482e+04 1.502178912909849950e+00 1.923181721097318109e+00 1.522275249682021786e+04 9.964647092723900641e+03 1.674098740922821162e+05 1.846346077316915135e+00 1.840533385884600470e+00 1.089794453821595671e+05 2.759303537142314599e+05 1.876582785580513502e+00 4.555233146162508056e+05 3.411256577343692188e+05 4.913239929497318371e+04 1.468539188702461251e+00 1.380585266323736578e+05 1.217405984205117697e+00 1.462338197120975680e+00 1.676666133441053974e+00 1.315605240534014301e+05 9.235965977822849782e-01 7.791291763308468217e+04 1.709788089630233543e+00 1.548440063553712109e+00 2.203934016657174798e+05
4.772072836444288259e+04 7.791289320235355990e+04 7.791300011780997738e+04 6.506952405962030025e+04 7.791294651287424495e+04 1.282710953768387117e+05 7.791291574896711973e+04 7.791299979256803636e+04 7.962524719854298746e+04 2.485334696749253490e+05 7.791300346856478427e+04 4.281263595644752495e+05 3.137287854564886075e+05 5.450612647724479029e+04 7.791259278240791173e+04 1.087043621001241409e+05 7.791238855993530888e+04 7.791281181829475099e+04 7.791292509155033622e+04 9.162913895647892787e+04 7.791291763308469672e+04 1.618924274213154240e+04 7.791288934575002349e+04 7.791272887522420206e+04 1.921576053224672214e+05
8.675997134386333346e+04 1.683818656932429159e+00 2.014854353764267358e+00 1.522274266044117758e+04 9.964649500774972694e+03 1.674100110811113263e+05 1.708794554500039142e+00 1.924027745379670140e+00 1.089795098750014004e+05 2.759305780127488542e+05 1.787167162830970879e+00 4.555234224891078775e+05 3.411257599835156580e+05 4.913237369764161122e+04 1.550739194443650826e+00 1.380586065616435080e+05 1.343852225640352671e+00 1.709589877436100691e+00 1.760639937875434713e+00 1.315605818871701194e+05 1.709788089630233543e+00 7.791288934575002349e+04 9.451354274576968528e-01 1.623916720661268576e+00 2.203935048043673742e+05
8.675978688299260102e+04 1.559567707443206164e+00 1.909621423939634521e+00 1.522257303903489628e+04 9.964520911026509566e+03 1.674096762076671293e+05 1.703933212759510374e+00 1.846789271324273507e+00 1.089792974777485069e+05 2.759302967691663071e+05 1.758449880397580989e+00 4.555232058574007242e+05 3.411255836928991484e+05 4.913223476666193164e+04 1.253461445469530311e+00 1.380583204289040295e+05 1.110678401056436115e+00 1.370569121110890798e+00 1.601539223783574828e+00 1.315603388336207718e+05 1.548440063553712331e+00 7.791272887522418750e+04 1.623916720661268576e+00 8.944779216263000210e-01 2.203932104123671888e+05
1.863644505012576119e+05 2.203934751256388845e+05 2.203936247786837048e+05 2.188715144297338265e+05 2.203936557208613085e+05 1.569972991406685614e+05 2.203935204817450722e+05 2.203936119304550521e+05 1.850997598836436810e+05 2.000695055851205252e+05 2.203935932445365470e+05 4.049414848002390354e+05 2.847818065224546008e+05 2.066950805460524862e+05 2.203931163293068239e+05 1.700931647026605497e+05 2.203930364577587170e+05 2.203932579840744438e+05 2.203934117594215495e+05 1.692481616627756157e+05 2.203934016657174798e+05 1.921576053224672214e+05 2.203935048043673742e+05 2.203932104123671888e+05 9.149006119419267634e+04
