4.742415233969353161e-01 5.769397901410189661e+04 1.324320838296141778e+00 1.368568819395619363e+00 3.506595494575874764e+05 3.133808583339746692e+05 1.404491476446439790e+00 1.074211480359894340e+05 4.155793060338014038e+04 1.093080159451074840e+00 1.030459403001369401e+00 9.467698364641596864e-01 9.273870180300209931e-01 1.678944796942546169e+00 2.918205341672158102e+05 2.820524773029869539e+05 1.472437204573878722e+00 2.035879771745801263e+05 1.446756016792735799e+00 1.551839915420302418e+00 5.128383281400459964e+04 1.841184023849881113e+00 2.564284415206035555e+04 1.829935536846555966e+00 1.333138090891080596e+00
5.769397901410190389e+04 9.616065839345339555e+03 5.769432543005327170e+04 5.769426243589069054e+04 3.506599893088755198e+05 3.133814786879658350e+05 5.769432169302682451e+04 4.972884932428568573e+04 1.613807566290789146e+04 5.769407517678668228e+04 5.769377341564380913e+04 5.769382703174426570e+04 5.769376733456155489e+04 5.769440357701323228e+04 2.886158979754674365e+05 2.614958336032777734e+05 5.769434700346378668e+04 1.715368952065977210e+05 5.769440007138621877e+04 5.769439164556593460e+04 6.412250395294152440e+03 5.769458785923857795e+04 3.205331343085272238e+04 5.769436336158229096e+04 5.769427862125440879e+04
1.324320838296141778e+00 5.769432543005327170e+04 4.064376577445616423e-01 1.331467906981211868e+00 3.506597595075339777e+05 3.133810589109367575e+05 1.557716504516695188e+00 1.074213862673226977e+05 4.155811406329563761e+04 1.237658995723765143e+00 1.336912514717382372e+00 1.352324170682854154e+00 1.099540505342075036e+00 1.796823416478215973e+00 2.918207999798238743e+05 2.820527042725090287e+05 1.511058715135042307e+00 2.035881351192136644e+05 1.617074579967543224e+00 1.698917365044034788e+00 5.128406582757436991e+04 2.056010117832471895e+00 2.564300819235891322e+04 1.949570140499580884e+00 1.265784079627213954e+00
1.368568819395619363e+00 5.769426243589069054e+04 1.331467906981211868e+00 4.589149292038719463e-01 3.506596791092756903e+05 3.133809578212302877e+05 1.573663201257160971e+00 1.074213067659843946e+05 4.155806215425908158e+04 1.168728819015192766e+00 1.191734738105837188e+00 1.258691397725080430e+00 1.020892860826035031e+00 1.690801203096756078e+00 2.918206249786490807e+05 2.820526518622491276e+05 1.552374218700961928e+00 2.035881011286858120e+05 1.490985840025930820e+00 1.769938203747964511e+00 5.128397599386710499e+04 1.786862010327445738e+00 2.564291681345388133e+04 1.825096403410423784e+00 1.264393048061924762e+00
3.506595494575874764e+05 3.506599893088755780e+05 3.506597595075339777e+05 3.506596791092756903e+05 6.341522640457226953e+04 1.740647172034206451e+05 3.506597072559557855e+05 3.364150019731420325e+05 3.506599845764628844e+05 3.506596458434909000e+05 3.506596041777901119e+05 3.506595645153953228e+05 3.506594678862871369e+05 3.506598351665927330e+05 1.663953991459018725e+05 2.705659176667481079e+05 3.506598128038417199e+05 2.929674467365727760e+05 3.506598852183144190e+05 3.506598767511508777e+05 3.506599988095430890e+05 3.506599057876510778e+05 3.506600042244017823e+05 3.506598347626298782e+05 3.506596773592591635e+05
3.133808583339746692e+05 3.133814786879658350e+05 3.133810589109367575e+05 3.133809578212302877e+05 1.740647172034206451e+05 4.537128851935111743e+04 3.133811603677278617e+05 2.991363312226920389e+05 3.133812709257215029e+05 3.133810097512718639e+05 3.133808523856060347e+05 3.133808679538982105e+05 3.133807826448240085e+05 3.133811869118853938e+05 1.851423237202834571e+05 1.758186222823427233e+05 3.133811593825767632e+05 2.517716380569930188e+05 3.133812142915808363e+05 3.133812796125005698e+05 3.133812437464428949e+05 3.133812595020679291e+05 3.133813050324703217e+05 3.133812105177436024e+05 3.133810542288776487e+05
1.404491476446439790e+00 5.769432169302682451e+04 1.557716504516695188e+00 1.573663201257160971e+00 3.506597072559556691e+05 3.133811603677278617e+05 5.369229822962513499e-01 1.074213679604176577e+05 4.155815772663617099e+04 1.465176410189370726e+00 1.413816290236613815e+00 1.490640757700788743e+00 1.128517970626802924e+00 1.757544874182498607e+00 2.918207705761856050e+05 2.820527892627562978e+05 1.612341448464109206e+00 2.035881093537959678e+05 1.760307289735969283e+00 1.882873575840844804e+00 5.128403356773917039e+04 1.982054661622826952e+00 2.564293636667606916e+04 1.851925621742146699e+00 1.521406875777356227e+00
1.074211480359894340e+05 4.972884932428568573e+04 1.074213862673226977e+05 1.074213067659843946e+05 3.364150019731420325e+05 2.991363312226920389e+05 1.074213679604176577e+05 2.456525069611305662e+04 6.586528543279637233e+04 1.074211292864044808e+05 1.074209155354353425e+05 1.074209857917651680e+05 1.074208110261735710e+05 1.074213070369718334e+05 2.647555559662854066e+05 2.280201622750636016e+05 1.074214956353247835e+05 1.369166102525329625e+05 1.074214594227862253e+05 1.074215034095755836e+05 5.613941607367263350e+04 1.074214945297879894e+05 8.178044291329894622e+04 1.074214175472051720e+05 1.074213593688884866e+05
4.155793060338014038e+04 1.613807566290789146e+04 4.155811406329563761e+04 4.155806215425908158e+04 3.506599845764628844e+05 3.133812709257215029e+05 4.155815772663617099e+04 6.586528543279635778e+04 1.207432526712348408e+04 4.155803696963455877e+04 4.155758252186992468e+04 4.155770238557946141e+04 4.155738756267253484e+04 4.155806897169227886e+04 2.918208759496803978e+05 2.732721990736185689e+05 4.155815539007502957e+04 1.876732034344816930e+05 4.155812634642384364e+04 4.155812108934222488e+04 9.727689475253582714e+03 4.155815240881010686e+04 1.591686729197614659e+04 4.155792509094035631e+04 4.155816338804024417e+04
1.093080159451074840e+00 5.769407517678668228e+04 1.237658995723765143e+00 1.168728819015192988e+00 3.506596458434909000e+05 3.133810097512718057e+05 1.465176410189370504e+00 1.074211292864044808e+05 4.155803696963455877e+04 4.518077884553019508e-01 1.144190859699829588e+00 1.123672395440930671e+00 9.923805177797155874e-01 1.713538579960571795e+00 2.918206706670306157e+05 2.820525515007281792e+05 1.525197709184954231e+00 2.035880556411570578e+05 1.500140410987136352e+00 1.628834584872670854e+00 5.128394911191749998e+04 1.828020874704546106e+00 2.564290251671796068e+04 1.789419659479603020e+00 1.300721377439556736e+00
1.030459403001369179e+00 5.769377341564380913e+04 1.336912514717382372e+00 1.191734738105837410e+00 3.506596041777900537e+05 3.133808523856060347e+05 1.413816290236613815e+00 1.074209155354353425e+05 4.155758252186992468e+04 1.144190859699829588e+00 2.952158297062998926e-01 7.922923668108762252e-01 5.646455301643139579e-01 1.399724872541978637e+00 2.918205282735988731e+05 2.820523469859173056e+05 1.286488371308045497e+00 2.035878140155422152e+05 1.314993330068626065e+00 1.450855891389964070e+00 5.128352539620091557e+04 1.492375472756872101e+00 2.564239843079909042e+04 1.497242912216565802e+00 1.259601095673195337e+00
9.467698364641596864e-01 5.769382703174426570e+04 1.352324170682854154e+00 1.258691397725080430e+00 3.506595645153953228e+05 3.133808679538982105e+05 1.490640757700788743e+00 1.074209857917651680e+05 4.155770238557946141e+04 1.123672395440930671e+00 7.922923668108762252e-01 4.014444120559168550e-01 7.307602762585942990e-01 1.541836969073968389e+00 2.918204965244053747e+05 2.820524045561547973e+05 1.408208114763781715e+00 2.035878589614081138e+05 1.420058347970035273e+00 1.549359931900607279e+00 5.128362765436553309e+04 1.682112124621959248e+00 2.564263386066882958e+04 1.728941873451720790e+00 1.345941474999053034e+00
9.273870180300209931e-01 5.769376733456155489e+04 1.099540505342075036e+00 1.020892860826035031e+00 3.506594678862870787e+05 3.133807826448240085e+05 1.128517970626803146e+00 1.074208110261735710e+05 4.155738756267253484e+04 9.923805177797155874e-01 5.646455301643139579e-01 7.307602762585945211e-01 1.853704153008876310e-01 1.136359256554773101e+00 2.918204214865136310e+05 2.820524020042107441e+05 1.198745289872261921e+00 2.035877323710419296e+05 1.133707545329152744e+00 1.233433195070057442e+00 5.128330044512006862e+04 1.252391642525783944e+00 2.564232709962311492e+04 1.236950282858579664e+00 1.126735712230655828e+00
1.678944796942546169e+00 5.769440357701323228e+04 1.796823416478215973e+00 1.690801203096756078e+00 3.506598351665927330e+05 3.133811869118853938e+05 1.757544874182498607e+00 1.074213070369718189e+05 4.155806897169227886e+04 1.713538579960572239e+00 1.399724872541978637e+00 1.541836969073968389e+00 1.136359256554773101e+00 5.291719955445908230e-01 2.918209314941040357e+05 2.820528749870887841e+05 1.717392226019776480e+00 2.035882935907640494e+05 1.887733271684495007e+00 1.854100539832691741e+00 5.128400292750787048e+04 1.830716454032922824e+00 2.564296815215717288e+04 1.787294964548820531e+00 1.833562980479407578e+00
2.918205341672158102e+05 2.886158979754674365e+05 2.918207999798238743e+05 2.918206249786490807e+05 1.663953991459019016e+05 1.851423237202834571e+05 2.918207705761855468e+05 2.647555559662854066e+05 2.918208759496803978e+05 2.918206706670306157e+05 2.918205282735989313e+05 2.918204965244053747e+05 2.918204214865136310e+05 2.918209314941040357e+05 7.132593022337189177e+04 1.786238077786984795e+05 2.918208675043284311e+05 2.018668800530187145e+05 2.918209188061819877e+05 2.918209054844492930e+05 2.918209254610328935e+05 2.918209839406182873e+05 2.918209319495442905e+05 2.918208107942126808e+05 2.918207576455431408e+05
2.820524773029869539e+05 2.614958336032777734e+05 2.820527042725089705e+05 2.820526518622491276e+05 2.705659176667481079e+05 1.758186222823427233e+05 2.820527892627562978e+05 2.280201622750635433e+05 2.732721990736185689e+05 2.820525515007281792e+05 2.820523469859172474e+05 2.820524045561547973e+05 2.820524020042107441e+05 2.820528749870887259e+05 1.786238077786985086e+05 3.540770321482768486e+04 2.820527566244055051e+05 1.273768348103012104e+05 2.820528876994569437e+05 2.820528754950872390e+05 2.679061970945195062e+05 2.820530117915307055e+05 2.820528894183260854e+05 2.820529070472479216e+05 2.820526365599673591e+05
1.472437204573878722e+00 5.769434700346377940e+04 1.511058715135042307e+00 1.552374218700961928e+00 3.506598128038417199e+05 3.133811593825767050e+05 1.612341448464109206e+00 1.074214956353247835e+05 4.155815539007502957e+04 1.525197709184954231e+00 1.286488371308045497e+00 1.408208114763781715e+00 1.198745289872261921e+00 1.717392226019776036e+00 2.918208675043283729e+05 2.820527566244055051e+05 5.296881740708064834e-01 2.035880648051070166e+05 1.563475773038231154e+00 1.940844865448451140e+00 5.128409638006232126e+04 1.978484379111373759e+00 2.564299862486646089e+04 1.902057588687906753e+00 1.515306980261316161e+00
2.035879771745801263e+05 1.715368952065977210e+05 2.035881351192136644e+05 2.035881011286858120e+05 2.929674467365727760e+05 2.517716380569930770e+05 2.035881093537959096e+05 1.369166102525329625e+05 1.876732034344816930e+05 2.035880556411570869e+05 2.035878140155422152e+05 2.035878589614081138e+05 2.035877323710419296e+05 2.035882935907640494e+05 2.018668800530187145e+05 1.273768348103012104e+05 2.035880648051070457e+05 5.388975629366382054e+04 2.035882386424755096e+05 2.035884126102506707e+05 1.779472981230194273e+05 2.035882928796671040e+05 2.035883879318685213e+05 2.035883589926794230e+05 2.035880904305471922e+05
1.446756016792735799e+00 5.769440007138621877e+04 1.617074579967543224e+00 1.490985840025930820e+00 3.506598852183144190e+05 3.133812142915808363e+05 1.760307289735969283e+00 1.074214594227862253e+05 4.155812634642384364e+04 1.500140410987136352e+00 1.314993330068626065e+00 1.420058347970035273e+00 1.133707545329152744e+00 1.887733271684495007e+00 2.918209188061819877e+05 2.820528876994570019e+05 1.563475773038231154e+00 2.035882386424755096e+05 5.286488613516641122e-01 1.649468153953099536e+00 5.128390931795595679e+04 1.903777542153610280e+00 2.564287841948997811e+04 1.973677406156258085e+00 1.630850719642184865e+00
1.551839915420302418e+00 5.769439164556593460e+04 1.698917365044034788e+00 1.769938203747964289e+00 3.506598767511508777e+05 3.133812796125005698e+05 1.882873575840844804e+00 1.074215034095755836e+05 4.155812108934222488e+04 1.628834584872670632e+00 1.450855891389964070e+00 1.549359931900607279e+00 1.233433195070057442e+00 1.854100539832691741e+00 2.918209054844492930e+05 2.820528754950872390e+05 1.940844865448451584e+00 2.035884126102506707e+05 1.649468153953099536e+00 6.450779433874855862e-01 5.128407265630052279e+04 1.888194313555261683e+00 2.564284941541088483e+04 1.949468692690859317e+00 1.751198036074150366e+00
5.128383281400459964e+04 6.412250395294152440e+03 5.128406582757436991e+04 5.128397599386710499e+04 3.506599988095430890e+05 3.133812437464428949e+05 5.128403356773917039e+04 5.613941607367262623e+04 9.727689475253582714e+03 5.128394911191750725e+04 5.128352539620091557e+04 5.128362765436553309e+04 5.128330044512006862e+04 5.128400292750787048e+04 2.918209254610328935e+05 2.679061970945195062e+05 5.128409638006232854e+04 1.779472981230194273e+05 5.128390931795595679e+04 5.128407265630052279e+04 4.472550354921471238e-01 5.128400360437428753e+04 2.564296036325382374e+04 5.128415280077923671e+04 5.128410323410879209e+04
1.841184023849881113e+00 5.769458785923857795e+04 2.056010117832471895e+00 1.786862010327445516e+00 3.506599057876511943e+05 3.133812595020679291e+05 1.982054661622826952e+00 1.074214945297879749e+05 4.155815240881010686e+04 1.828020874704546106e+00 1.492375472756872101e+00 1.682112124621959248e+00 1.252391642525783944e+00 1.830716454032922824e+00 2.918209839406182873e+05 2.820530117915307055e+05 1.978484379111373759e+00 2.035882928796671040e+05 1.903777542153610280e+00 1.888194313555261683e+00 5.128400360437428753e+04 4.063173385705293739e-01 2.564300670806500784e+04 1.803745262000312932e+00 1.939204451433674370e+00
2.564284415206035555e+04 3.205331343085272238e+04 2.564300819235891322e+04 2.564291681345388133e+04 3.506600042244017823e+05 3.133813050324703217e+05 2.564293636667606916e+04 8.178044291329894622e+04 1.591686729197614841e+04 2.564290251671796068e+04 2.564239843079909042e+04 2.564263386066882958e+04 2.564232709962311492e+04 2.564296815215717288e+04 2.918209319495442905e+05 2.820528894183260854e+05 2.564299862486646089e+04 2.035883879318685213e+05 2.564287841948997811e+04 2.564284941541088483e+04 2.564296036325382374e+04 2.564300670806500784e+04 5.836076821299338580e-01 2.564294073729968659e+04 2.564298987268710334e+04
1.829935536846555966e+00 5.769436336158229096e+04 1.949570140499580884e+00 1.825096403410423784e+00 3.506598347626299364e+05 3.133812105177436606e+05 1.851925621742146699e+00 1.074214175472051720e+05 4.155792509094035631e+04 1.789419659479603020e+00 1.497242912216565802e+00 1.728941873451720790e+00 1.236950282858579664e+00 1.787294964548820531e+00 2.918208107942127972e+05 2.820529070472479216e+05 1.902057588687906753e+00 2.035883589926794230e+05 1.973677406156258085e+00 1.949468692690859317e+00 5.128415280077923671e+04 1.803745262000312932e+00 2.564294073729968659e+04 6.743549501868272289e-01 1.944067217837120332e+00
1.333138090891080596e+00 5.769427862125440151e+04 1.265784079627213954e+00 1.264393048061924762e+00 3.506596773592591635e+05 3.133810542288776487e+05 1.521406875777356227e+00 1.074213593688884866e+05 4.155816338804023690e+04 1.300721377439556736e+00 1.259601095673195337e+00 1.345941474999053034e+00 1.126735712230655606e+00 1.833562980479407356e+00 2.918207576455431408e+05 2.820526365599673591e+05 1.515306980261316161e+00 2.035880904305471922e+05 1.630850719642184865e+00 1.751198036074150144e+00 5.128410323410878482e+04 1.939204451433674370e+00 2.564298987268710334e+04 1.944067217837120332e+00 4.083795607507141878e-01
