3.736163698708651615e-01 7.894841870786917571e+04 2.763174575874393922e+05 3.947380938553279848e+05 7.894902808113170613e+04 3.290650317404469206e+03 2.511976651688632846e+05 7.894838420599505480e+04 7.894893108695067349e+04 5.263332413541393180e+04 7.894872528378703282e+04 2.134517414223171654e+05 7.143021288083752734e+04 3.947510733794377302e+04 6.088932134545298322e+04 3.300477167866712552e+05 7.894899775821506046e+04 1.127834173220068915e+05 2.631593508976607118e+05 8.772088009503141802e+04 7.894909229455470631e+04 7.894899130989618425e+04 7.894892344272791524e+04 7.894895540584965784e+04 1.754402445001127198e+05
7.894841870786917571e+04 2.274932145798491401e-01 3.026328733166977763e+05 4.210535311234083492e+05 1.314490118594027646e+00 7.894856055846899108e+04 2.775129842634712113e+05 3.350979608008471944e-01 9.648367138530768994e-01 5.263264186371685355e+04 7.464548545546056957e-01 2.397671206652310502e+05 7.519938940401042601e+03 4.276430688998407277e+04 1.135203521485326200e+05 3.563631709181671613e+05 9.655208005968611840e-01 1.616552187144006311e+05 2.894747401790196309e+05 1.403520920965491387e+05 1.187860575127914098e+00 1.007981118050298441e+00 1.033758030595120392e+00 1.042915096279822151e+00 2.017555927760752675e+05
2.763174575874393922e+05 3.026328733166977763e+05 1.417008660066118318e+04 1.710435193816348328e+05 3.026329286591830314e+05 2.763172368770859321e+05 1.036031333442774048e+05 3.026328681640457362e+05 3.026330580698989797e+05 3.026331545645651058e+05 3.026327586604217649e+05 1.352356379516248708e+05 3.026332159639545134e+05 2.894753662060977658e+05 2.500014916056961229e+05 1.063530129789486382e+05 3.026327754828614998e+05 2.161671729480214417e+05 8.332464726539791445e+04 2.412297177694771090e+05 3.026328724637759151e+05 3.026330983741912059e+05 3.026331005166132818e+05 3.026329605223379913e+05 1.710542152499314107e+05
3.947380938553279848e+05 4.210535311234083492e+05 1.710435193816348328e+05 1.387603687579589496e+04 4.210536263589241426e+05 3.947379412318674149e+05 2.220239463679763430e+05 4.210535110128590022e+05 4.210536821849217522e+05 4.210538310332507244e+05 4.210533954483363195e+05 2.602353243101838452e+05 4.210538457350271055e+05 4.078957934474453796e+05 3.618432899557622150e+05 1.239186465381641901e+05 4.210534787041920354e+05 3.345876911074073287e+05 2.017453130608654174e+05 3.596503004080827232e+05 4.210535560833832133e+05 4.210536652838992886e+05 4.210536355460931663e+05 4.210534997545395163e+05 2.894748785539918463e+05
7.894902808113170613e+04 1.314490118594027646e+00 3.026329286591830314e+05 4.210536263589241426e+05 4.900525117982301726e-01 7.894899381097614241e+04 2.775132943188825157e+05 1.174247822705886568e+00 1.423214356513907264e+00 5.263338161907435278e+04 1.176304547317634785e+00 2.397676048252223991e+05 7.520374143812250622e+03 4.276489214574405196e+04 1.135206565045108146e+05 3.563633390877832426e+05 1.269914054441505291e+00 1.616558702661790594e+05 2.894752697096001357e+05 1.403523358908706286e+05 1.330023070221300285e+00 1.436147901132384774e+00 1.447363895274147438e+00 1.393621310594828078e+00 2.017559496643031598e+05
3.290650317404469206e+03 7.894856055846899108e+04 2.763172368770859321e+05 3.947379412318674149e+05 7.894899381097614241e+04 5.757044201197655639e+03 2.511978080782542820e+05 7.894854092617840797e+04 7.894916453313776583e+04 4.934369946527773573e+04 7.894864186426422384e+04 2.134519345048234973e+05 7.143032373763856594e+04 3.906403217405197211e+04 6.088916320014413941e+04 3.300475743900613161e+05 7.894889975691655127e+04 1.127834599692382326e+05 2.631594619431761676e+05 8.772076047835213831e+04 7.894899435967556201e+04 7.894908675425560796e+04 7.894915885412289936e+04 7.894889801060002355e+04 1.754401673345101008e+05
2.511976651688632846e+05 2.775129842634712113e+05 1.036031333442774048e+05 2.220239463679763430e+05 2.775132943188825157e+05 2.511978080782542820e+05 1.770365290941287094e+04 2.775130391031930922e+05 2.775131568448972539e+05 2.775133344087739242e+05 2.775131965770616662e+05 8.121984185076483118e+04 2.775133762082079193e+05 2.643555274370986735e+05 2.248819694354899984e+05 1.573336303198093374e+05 2.775132234408662189e+05 1.910473616393129632e+05 7.290125419788715953e+04 2.161102574340921419e+05 2.775133527761719888e+05 2.775133078426693100e+05 2.775133360008151503e+05 2.775133680447194492e+05 1.261649004024244787e+05
7.894838420599505480e+04 3.350979608008471944e-01 3.026328681640457362e+05 4.210535110128590022e+05 1.174247822705886568e+00 7.894854092617840797e+04 2.775130391031930922e+05 1.188359606265619733e-01 9.287889210650697169e-01 5.263263652185777028e+04 6.888826677009936006e-01 2.397671040944223350e+05 7.519799739968523681e+03 4.276419521758634801e+04 1.135203530905238440e+05 3.563631752316874918e+05 9.069377166208707486e-01 1.616552142494333675e+05 2.894747455812926637e+05 1.403520942766459775e+05 1.058097540634928224e+00 8.667115981970049399e-01 9.041032829525750270e-01 8.823380133092960653e-01 2.017556110533720348e+05
7.894893108695067349e+04 9.648367138530768994e-01 3.026330580698989797e+05 4.210536821849217522e+05 1.423214356513907264e+00 7.894916453313776583e+04 2.775131568448972539e+05 9.287889210650697169e-01 2.814084854774698830e-01 5.263317703697238176e+04 1.161376549401995639e+00 2.397673710365206061e+05 7.520373470741310484e+03 4.276492940969872143e+04 1.135207809074777906e+05 3.563633198050281499e+05 1.218606943025731582e+00 1.616556964991966379e+05 2.894750661422960693e+05 1.403525000760938565e+05 1.104453083317314954e+00 1.217911002101645046e+00 1.277957552315342138e+00 1.278618149209832300e+00 2.017559549977380957e+05
5.263332413541393180e+04 5.263264186371685355e+04 3.026331545645651058e+05 4.210538310332508408e+05 5.263338161907435278e+04 4.934369946527773573e+04 2.775133344087739242e+05 5.263263652185777028e+04 5.263317703697237448e+04 3.879690823956547518e-01 5.263309093054568802e+04 2.397674026546922687e+05 4.511415581067965832e+04 3.618549869351676170e+04 8.720475520878833777e+04 3.563635810392974527e+05 5.263318170787112467e+04 1.390993511591808929e+05 2.894753640829981305e+05 1.140369374578658608e+05 5.263331708535504731e+04 5.263313741828309139e+04 5.263315667260313057e+04 5.263329454159321176e+04 2.017558109184413624e+05
7.894872528378703282e+04 7.464548545546056957e-01 3.026327586604217649e+05 4.210533954483363195e+05 1.176304547317634785e+00 7.894864186426422384e+04 2.775131965770616662e+05 6.888826677009936006e-01 1.161376549401995639e+00 5.263309093054568802e+04 3.316573244032490209e-01 2.397673347616881074e+05 7.520149809109105263e+03 4.276447755433087150e+04 1.135204205526569858e+05 3.563630582200598437e+05 7.621714480167985917e-01 1.616555142319419829e+05 2.894749324162992998e+05 1.403520976263245102e+05 1.007542377368894293e+00 1.254851271325474027e+00 1.272647661860436097e+00 8.040634448530267209e-01 2.017555668000121077e+05
2.134517414223171654e+05 2.397671206652310502e+05 1.352356379516248708e+05 2.602353243101838452e+05 2.397676048252223991e+05 2.134519345048234973e+05 8.121984185076483118e+04 2.397671040944223350e+05 2.397673710365206061e+05 2.397674026546922687e+05 2.397673347616881074e+05 4.572811056062785065e+04 2.397673510615412961e+05 2.266096906373432721e+05 1.871360058460962609e+05 1.889660882813754142e+05 2.397673514324434800e+05 1.533014145622887590e+05 1.111128815304186428e+05 1.783642508439627127e+05 2.397675599260659947e+05 2.397675041330523381e+05 2.397675491662925051e+05 2.397674639160088263e+05 6.136183011170865211e+04
7.143021288083752734e+04 7.519938940401044420e+03 3.026332159639545134e+05 4.210538457350271638e+05 7.520374143812250622e+03 7.143032373763855139e+04 2.775133762082079193e+05 7.519799739968524591e+03 7.520373470741310484e+03 4.511415581067965104e+04 7.520149809109107082e+03 2.397673510615412961e+05 1.074153006782203374e+04 3.524563683573396702e+04 1.060020072016557242e+05 3.563635958006141591e+05 7.520254646196009162e+03 1.552109661382446357e+05 2.894752462385789258e+05 1.328338419887448545e+05 7.520368312709124439e+03 7.520280884455674823e+03 7.520324623720188356e+03 7.520324635491632762e+03 2.017559476671008451e+05
3.947510733794377302e+04 4.276430688998407277e+04 2.894753662060977658e+05 4.078957934474453796e+05 4.276489214574405196e+04 3.906403217405197211e+04 2.643555274370986735e+05 4.276419521758634801e+04 4.276492940969872143e+04 3.618549869351676170e+04 4.276447755433087150e+04 2.266096906373432721e+05 3.524563683573397429e+04 1.891492973703874304e+04 7.404706942975751008e+04 3.432055623361279140e+05 4.276471691067826760e+04 1.259414620556339360e+05 2.763174007601724006e+05 1.008788665620691754e+05 4.276483720215685753e+04 4.276482123412630608e+04 4.276478545598955679e+04 4.276467651824920176e+04 1.885980444057625136e+05
6.088932134545298322e+04 1.135203521485326200e+05 2.500014916056961229e+05 3.618432899557622150e+05 1.135206565045108146e+05 6.088916320014415396e+04 2.248819694354899984e+05 1.135203530905238440e+05 1.135207809074777906e+05 8.720475520878833777e+04 1.135204205526569858e+05 1.871360058460962609e+05 1.060020072016557242e+05 7.404706942975751008e+04 2.777938234756601014e+04 3.037318795157103450e+05 1.135204952296553965e+05 7.821198764550829947e+04 2.302648405960123055e+05 4.328051687520620180e+04 1.135206041070313950e+05 1.135208331383309560e+05 1.135208580295542924e+05 1.135206036636734207e+05 1.479909483306405309e+05
3.300477167866712552e+05 3.563631709181671613e+05 1.063530129789486382e+05 1.239186465381641901e+05 3.563633390877832426e+05 3.300475743900613161e+05 1.573336303198093665e+05 3.563631752316874918e+05 3.563633198050281499e+05 3.563635810392974527e+05 3.563630582200598437e+05 1.889660882813754142e+05 3.563635958006142173e+05 3.432055623361279140e+05 3.037318795157103450e+05 4.182903500138597883e+04 3.563631422366233310e+05 2.698974683481298853e+05 1.370548951965399901e+05 2.949599089856094215e+05 3.563632344411726226e+05 3.563634603827922256e+05 3.563633687143061543e+05 3.563632166622768273e+05 2.247846353630381345e+05
7.894899775821506046e+04 9.655208005968611840e-01 3.026327754828614998e+05 4.210534787041920354e+05 1.269914054441505291e+00 7.894889975691655127e+04 2.775132234408662189e+05 9.069377166208707486e-01 1.218606943025731582e+00 5.263318170787112467e+04 7.621714480167985917e-01 2.397673514324434800e+05 7.520254646196009162e+03 4.276471691067826760e+04 1.135204952296553965e+05 3.563631422366233310e+05 2.427410746606907810e-01 1.616556289655764995e+05 2.894749982873836998e+05 1.403521759470588586e+05 1.015342457536513310e+00 1.262315039136369332e+00 1.485746085812946760e+00 8.119566994812855709e-01 2.017556213627674151e+05
1.127834173220068915e+05 1.616552187144006311e+05 2.161671729480214417e+05 3.345876911074073287e+05 1.616558702661790594e+05 1.127834599692382326e+05 1.910473616393129632e+05 1.616552142494333675e+05 1.616556964991966379e+05 1.390993511591808929e+05 1.616555142319419829e+05 1.533014145622887590e+05 1.552109661382446648e+05 1.259414620556339360e+05 7.821198764550829947e+04 2.698974683481298853e+05 1.616556289655764995e+05 1.288967205978681159e+04 2.030089339004655776e+05 4.480081084083729365e+04 1.616558236716209794e+05 1.616557202492262586e+05 1.616557370530275803e+05 1.616556625900539802e+05 1.116779695144228172e+05
2.631593508976607118e+05 2.894747401790196309e+05 8.332464726539791445e+04 2.017453130608654174e+05 2.894752697096001357e+05 2.631594619431761676e+05 7.290125419788715953e+04 2.894747455812926637e+05 2.894750661422960693e+05 2.894753640829981305e+05 2.894749324162992998e+05 1.111128815304186428e+05 2.894752462385789258e+05 2.763174007601724006e+05 2.302648405960123055e+05 1.370548951965399901e+05 2.894749982873836998e+05 2.030089339004655776e+05 1.270811192190307156e+04 2.280717772044819721e+05 2.894751666689243866e+05 2.894750302890304010e+05 2.894750117178704240e+05 2.894751013079727418e+05 1.462008197487984435e+05
8.772088009503141802e+04 1.403520920965491387e+05 2.412297177694771090e+05 3.596503004080827232e+05 1.403523358908706286e+05 8.772076047835213831e+04 2.161102574340921419e+05 1.403520942766459775e+05 1.403525000760938565e+05 1.140369374578658608e+05 1.403520976263245102e+05 1.783642508439627127e+05 1.328338419887448545e+05 1.008788665620691900e+05 4.328051687520620908e+04 2.949599089856094215e+05 1.403521759470588586e+05 4.480081084083729365e+04 2.280717772044819721e+05 2.156475365082464123e+04 1.403523915095538250e+05 1.403526609054411529e+05 1.403525214450886124e+05 1.403522235180486750e+05 1.367405360594829544e+05
7.894909229455470631e+04 1.187860575127914098e+00 3.026328724637759151e+05 4.210535560833832133e+05 1.330023070221300285e+00 7.894899435967556201e+04 2.775133527761719888e+05 1.058097540634928224e+00 1.104453083317314954e+00 5.263331708535504731e+04 1.007542377368894293e+00 2.397675599260659947e+05 7.520368312709123529e+03 4.276483720215685025e+04 1.135206041070313950e+05 3.563632344411726226e+05 1.015342457536513532e+00 1.616558236716209794e+05 2.894751666689243866e+05 1.403523915095538250e+05 3.606912895809251118e-01 1.372929942276508442e+00 1.561783733062399815e+00 9.792413836717793751e-01 2.017556975678801537e+05
7.894899130989618425e+04 1.007981118050298441e+00 3.026330983741912059e+05 4.210536652838992886e+05 1.436147901132384774e+00 7.894908675425560796e+04 2.775133078426693100e+05 8.667115981970049399e-01 1.217911002101645046e+00 5.263313741828309139e+04 1.254851271325474027e+00 2.397675041330523381e+05 7.520280884455673004e+03 4.276482123412630608e+04 1.135208331383309560e+05 3.563634603827921674e+05 1.262315039136369332e+00 1.616557202492262586e+05 2.894750302890304010e+05 1.403526609054411529e+05 1.372929942276508442e+00 2.769946825320803718e-01 1.108903903342273400e+00 1.310066203117419503e+00 2.017559715525459906e+05
7.894892344272791524e+04 1.033758030595120392e+00 3.026331005166132818e+05 4.210536355460931663e+05 1.447363895274147438e+00 7.894915885412289936e+04 2.775133360008151503e+05 9.041032829525750270e-01 1.277957552315341694e+00 5.263315667260313057e+04 1.272647661860436097e+00 2.397675491662924760e+05 7.520324623720188356e+03 4.276478545598955679e+04 1.135208580295542924e+05 3.563633687143061543e+05 1.485746085812946760e+00 1.616557370530275803e+05 2.894750117178704240e+05 1.403525214450886124e+05 1.561783733062399593e+00 1.108903903342273400e+00 4.367776739235667005e-01 1.430164058859905163e+00 2.017560277570036706e+05
7.894895540584965784e+04 1.042915096279822151e+00 3.026329605223379913e+05 4.210534997545395163e+05 1.393621310594828078e+00 7.894889801060002355e+04 2.775133680447194492e+05 8.823380133092960653e-01 1.278618149209832300e+00 5.263329454159321176e+04 8.040634448530267209e-01 2.397674639160088263e+05 7.520324635491631852e+03 4.276467651824920176e+04 1.135206036636734207e+05 3.563632166622768273e+05 8.119566994812856819e-01 1.616556625900539802e+05 2.894751013079727418e+05 1.403522235180486750e+05 9.792413836717793751e-01 1.310066203117419503e+00 1.430164058859905385e+00 3.408734212017293097e-01 2.017557469881024736e+05
1.754402445001127198e+05 2.017555927760752675e+05 1.710542152499314107e+05 2.894748785539918463e+05 2.017559496643031598e+05 1.754401673345101008e+05 1.261649004024244787e+05 2.017556110533720348e+05 2.017559549977380957e+05 2.017558109184413916e+05 2.017555668000121077e+05 6.136183011170865211e+04 2.017559476671008451e+05 1.885980444057624845e+05 1.479909483306405309e+05 2.247846353630381345e+05 2.017556213627674151e+05 1.116779695144228172e+05 1.462008197487984435e+05 1.367405360594829544e+05 2.017556975678801537e+05 2.017559715525459906e+05 2.017560277570036706e+05 2.017557469881024736e+05 1.792869796757129734e+04
