4.041048668500112399e+04 3.759996904507982545e+05 3.760001851307217148e+05 3.759999390786216827e+05 2.453011811530939885e+05 1.821468198719628854e+05 3.759996384838395752e+05 3.760001029108212679e+05 3.759997211567523773e+05 2.217450235726271640e+05 2.696173108363265637e+05 3.547235246129131992e+05 3.759997570075380499e+05 3.759997469098425354e+05 2.625247422196861007e+05 9.147979414214943245e+04 3.759996916300218436e+05 1.483877646334079036e+05 1.222224361507401773e+05 3.334469520216733799e+05 3.759999092818323406e+05 1.268477860008647549e+05 3.334469856562034111e+05 3.759999945183204254e+05 3.759996565901049762e+05
3.759996904507982545e+05 2.338214617075790591e-01 4.255474976885068463e+04 2.735689488591707050e+04 1.914907556911376305e+05 2.245878623203071184e+05 7.569672005616285837e-01 2.127800573753437493e+04 8.564159162740391240e-01 1.968100552670664038e+05 1.702142048929943703e+05 6.383133125269448647e+04 1.418553048155543001e+04 8.580793197469770428e-01 1.773062687636053888e+05 3.262421317738061189e+05 1.021728493138067462e+00 4.441962558777498780e+05 2.749596422688371385e+05 1.063845195093683142e+05 1.053250121224373892e+00 4.255330140695343143e+05 9.284479638050022186e+04 1.098924977543082493e+00 8.007563836845630334e-01
3.760001851307217148e+05 4.255474976885068463e+04 3.688197255324175416e-01 1.519865511505771065e+04 1.732536813300433278e+05 2.245875608571905177e+05 4.255424703270636383e+04 2.127771016761890132e+04 4.255472196255201561e+04 1.968099092510699702e+05 1.489375471364624100e+05 2.127762799889636153e+04 2.837015493180749036e+04 4.255471708833134471e+04 1.560299531644808303e+05 3.262425098414007807e+05 4.255458545068933017e+04 4.441966418154046987e+05 2.749595964231414837e+05 8.510762346926248574e+04 4.255419683235718549e+04 4.255328113606583211e+05 5.265552662278738717e+04 4.255440134501359717e+04 4.255462359075432323e+04
3.759999390786216827e+05 2.735689488591707050e+04 1.519865511505770883e+04 8.684642547296160046e+03 1.862800489108371839e+05 2.245877930525509291e+05 2.735637816971683787e+04 6.080128975898415774e+03 2.735685726246872218e+04 1.968100921945033188e+05 1.641353098206552386e+05 3.647542090349386126e+04 1.317225511667269893e+04 2.735682682469324936e+04 1.712272422206150659e+05 3.262422642515978077e+05 2.735674147399180220e+04 4.441963899804601097e+05 2.749597691345729982e+05 1.003054645112315920e+05 2.735682622311907835e+04 4.255330130179169937e+05 6.785331311777279188e+04 2.735706184114791540e+04 2.735676670743843351e+04
2.453011811530939885e+05 1.914907556911376887e+05 1.732536813300433278e+05 1.862800489108371839e+05 7.057367881971525094e+03 6.412292220108766924e+04 1.914904011282477877e+05 1.914906371443617390e+05 1.914907700829490204e+05 2.452467576156687574e+04 4.462685038763825287e+04 1.519770140780043439e+05 1.914907740292124217e+05 1.914906733282249770e+05 3.753447285220822960e+04 1.955435049209350545e+05 1.914907262961085653e+05 3.134975658919134876e+05 1.350290872726627567e+05 1.084568773182957666e+05 1.914903713376741507e+05 2.948340277288965881e+05 1.279846864020118956e+05 1.914907131083935965e+05 1.914905907630727452e+05
1.821468198719628854e+05 2.245878623203071184e+05 2.245875608571905177e+05 2.245877930525509291e+05 6.412292220108764741e+04 2.101428260295896325e+04 2.245874601900035923e+05 2.245875341823832423e+05 2.245877875160319090e+05 3.959937691101910605e+04 1.087485836500134756e+05 2.033109885296871653e+05 2.245877847873304563e+05 2.245877555465602200e+05 1.016563792449798202e+05 1.323889813907795469e+05 2.245875922598325124e+05 2.503434123881153646e+05 7.143497471050142485e+04 1.725781995131535805e+05 2.245873519633804099e+05 2.316794769696944277e+05 1.809838222633795813e+05 2.245874770354914945e+05 2.245876217095391767e+05
3.759996384838395752e+05 7.569672005616285837e-01 4.255424703270636383e+04 2.735637816971683787e+04 1.914904011282477877e+05 2.245874601900035923e+05 1.079249935629934681e-01 2.127760650351404911e+04 7.531657353833585145e-01 1.968097017517428030e+05 1.702138804344255477e+05 6.383079336783507460e+04 1.418510074784950666e+04 7.711538592676641102e-01 1.773058320006839058e+05 3.262419386728630052e+05 6.371686715174335047e-01 4.441961926441765390e+05 2.749594405602921033e+05 1.063840924089612527e+05 6.955136060136868359e-01 4.255328461183111067e+05 9.284447424436040455e+04 9.432002347075540971e-01 6.143219136714909157e-01
3.760001029108212679e+05 2.127800573753437493e+04 2.127771016761890132e+04 6.080128975898415774e+03 1.914906371443617390e+05 2.245875341823832423e+05 2.127760650351404911e+04 2.455137683178665042e-01 2.127799799137519585e+04 1.968098271192425163e+05 1.702140913133308350e+05 4.255446090473763616e+04 7.093243725487979646e+03 2.127805502471316868e+04 1.773065323386458040e+05 3.262424697433024994e+05 2.127789817334843610e+04 4.441965156136922305e+05 2.749594481011329917e+05 1.063843261230172502e+05 2.127757210368505548e+04 4.255327367614036193e+05 7.393213876978843473e+04 2.127783696954640982e+04 2.127786109301876786e+04
3.759997211567523773e+05 8.564159162740391240e-01 4.255472196255201561e+04 2.735685726246872218e+04 1.914907700829489622e+05 2.245877875160319090e+05 7.531657353833585145e-01 2.127799799137519585e+04 2.453742779691738818e-01 1.968100559952831245e+05 1.702142936658705585e+05 6.383126293180104403e+04 1.418554381177523464e+04 8.748904233820246068e-01 1.773062458409005194e+05 3.262420825251718634e+05 8.937556202605808631e-01 4.441962923400843283e+05 2.749596856880618143e+05 1.063845837223187264e+05 1.151042511229824150e+00 4.255329798616681946e+05 9.284492312825527915e+04 1.015079255907319400e+00 8.586886740495760506e-01
2.217450235726271640e+05 1.968100552670664038e+05 1.968099092510699702e+05 1.968100921945033188e+05 2.452467576156687210e+04 3.959937691101910605e+04 1.968097017517428030e+05 1.968098271192425163e+05 1.968100559952831245e+05 7.979086426681257763e+03 6.914999237170234846e+04 1.755331438600552501e+05 1.968100651696541754e+05 1.968099332317478838e+05 6.205837727988410916e+04 1.719874218437441741e+05 1.968099130043231708e+05 2.899413769254228682e+05 1.110327956827229355e+05 1.329799778674125264e+05 1.968094686405402899e+05 2.712778423452246352e+05 1.518924028075552778e+05 1.968097786610810726e+05 1.968098172036428587e+05
2.696173108363265637e+05 1.702142048929943703e+05 1.489375471364624100e+05 1.641353098206552386e+05 4.462685038763825287e+04 1.087485836500134756e+05 1.702138804344255477e+05 1.702140913133308350e+05 1.702142936658705585e+05 6.914999237170236302e+04 3.111984537896829717e-01 1.276607467594305344e+05 1.702142728977472871e+05 1.702141840821082878e+05 7.093364346798889528e+03 2.198597992802592053e+05 1.702142405470628000e+05 3.378135999307967722e+05 1.685766102304187662e+05 6.383078465416000836e+04 1.702135844839065103e+05 3.191501127994519775e+05 9.628289354314871889e+04 1.702140134763602109e+05 1.702140649767663272e+05
3.547235246129131992e+05 6.383133125269448647e+04 2.127762799889636153e+04 3.647542090349386126e+04 1.519770140780043439e+05 2.033109885296871653e+05 6.383079336783507460e+04 4.255446090473763616e+04 6.383126293180102948e+04 1.755331438600552501e+05 1.276607467594305344e+05 2.127691990933015040e+04 4.964683259282730432e+04 6.383122758630295721e+04 1.347532581852637231e+05 3.049660058535138960e+05 6.383110961686688097e+04 4.229199756415079464e+05 2.536829016557865543e+05 6.383082023774731351e+04 6.383067961046404525e+04 4.042562332417287398e+05 3.137856058463904264e+04 6.383094870791316498e+04 6.383116755208060204e+04
3.759997570075380499e+05 1.418553048155543001e+04 2.837015493180749036e+04 1.317225511667269893e+04 1.914907740292124217e+05 2.245877847873304563e+05 1.418510074784950666e+04 7.093243725487979646e+03 1.418554381177523464e+04 1.968100651696541754e+05 1.702142728977472871e+05 4.964683259282730432e+04 9.456594950343802338e+03 1.418553139805857973e+04 1.773062546221878147e+05 3.262421759671381442e+05 1.418535682683101550e+04 4.441963058782021981e+05 2.749596805248277960e+05 1.063844445334685734e+05 1.418555653184874609e+04 4.255329926617691526e+05 8.023649520201118139e+04 1.418576935558803416e+04 1.418536134574487551e+04
3.759997469098424772e+05 8.580793197469770428e-01 4.255471708833134471e+04 2.735682682469324936e+04 1.914906733282248897e+05 2.245877555465602200e+05 7.711538592676641102e-01 2.127805502471316868e+04 8.748904233820246068e-01 1.968099332317478838e+05 1.702141840821082878e+05 6.383122758630295721e+04 1.418553139805857973e+04 2.538238935864455259e-01 1.773062185681487899e+05 3.262420817994177924e+05 9.012774683088551342e-01 4.441962060853594448e+05 2.749595724923118250e+05 1.063844824745500955e+05 1.060097193246777980e+00 4.255329728664839640e+05 9.284481297983393597e+04 9.557429834065851448e-01 8.589250214915106207e-01
2.625247422196861007e+05 1.773062687636053888e+05 1.560299531644808303e+05 1.712272422206150659e+05 3.753447285220821504e+04 1.016563792449798202e+05 1.773058320006839058e+05 1.773065323386458040e+05 1.773062458409005194e+05 6.205837727988410916e+04 7.093364346798889528e+03 1.347532581852637231e+05 1.773062546221878147e+05 1.773062185681487899e+05 9.456514631597723564e+03 2.127670990342826990e+05 1.773061986468489631e+05 3.307214534447733313e+05 1.614848474364451540e+05 7.092339968162091100e+04 1.773060889706236194e+05 3.120578827470936230e+05 1.033756751748177339e+05 1.773064282306710666e+05 1.773061214524692914e+05
9.147979414214943245e+04 3.262421317738061189e+05 3.262425098414007807e+05 3.262422642515978077e+05 1.955435049209350545e+05 1.323889813907795469e+05 3.262419386728630634e+05 3.262424697433024994e+05 3.262420825251718634e+05 1.719874218437441741e+05 2.198597992802592053e+05 3.049660058535138960e+05 3.262421759671381442e+05 3.262420817994177924e+05 2.127670990342826990e+05 9.456551764565610938e+03 3.262420228962836554e+05 2.030617690608726407e+05 6.095537020866192324e+04 2.836894571919774753e+05 3.262422830445717555e+05 1.827614623029931681e+05 2.836894942781513673e+05 3.262423361842681188e+05 3.262420380553486757e+05
3.759996916300218436e+05 1.021728493138067462e+00 4.255458545068933017e+04 2.735674147399180220e+04 1.914907262961085653e+05 2.245875922598325124e+05 6.371686715174335047e-01 2.127789817334843610e+04 8.937556202605808631e-01 1.968099130043231708e+05 1.702142405470628000e+05 6.383110961686688097e+04 1.418535682683101550e+04 9.012774683088551342e-01 1.773061986468489631e+05 3.262420228962836554e+05 2.716716872218453149e-01 4.441962236656152527e+05 2.749595677924974007e+05 1.063844261066947220e+05 9.663017967479069492e-01 4.255329102850501658e+05 9.284479173384088790e+04 1.124048378477298549e+00 7.222952900480077432e-01
1.483877646334078745e+05 4.441962558777498198e+05 4.441966418154046405e+05 4.441963899804601679e+05 3.134975658919134876e+05 2.503434123881153646e+05 4.441961926441765390e+05 4.441965156136922888e+05 4.441962923400843865e+05 2.899413769254228100e+05 3.378135999307967722e+05 4.229199756415079464e+05 4.441963058782021981e+05 4.441962060853595030e+05 3.307214534447733313e+05 2.030617690608726698e+05 4.441962236656151945e+05 1.516223374113578393e+04 2.198252152406677487e+05 4.016433738252170733e+05 4.441964285924782162e+05 8.339060914046790276e+04 4.016432730839088326e+05 4.441964668550008209e+05 4.441961693660611636e+05
1.222224361507401773e+05 2.749596422688371385e+05 2.749595964231414837e+05 2.749597691345729982e+05 1.350290872726627567e+05 7.143497471050143940e+04 2.749594405602921615e+05 2.749594481011329917e+05 2.749596856880618143e+05 1.110327956827229355e+05 1.685766102304188244e+05 2.536829016557865543e+05 2.749596805248277960e+05 2.749595724923118250e+05 1.614848474364451540e+05 6.095537020866193780e+04 2.749595677924974007e+05 2.198252152406677487e+05 3.814110305284209608e+04 2.324064511241200962e+05 2.749592790089731570e+05 1.998396838237039919e+05 2.324063143294748152e+05 2.749594158606563578e+05 2.749594613510037307e+05
3.334469520216733799e+05 1.063845195093683142e+05 8.510762346926248574e+04 1.003054645112315775e+05 1.084568773182957666e+05 1.725781995131535805e+05 1.063840924089612527e+05 1.063843261230172502e+05 1.063845837223187264e+05 1.329799778674125264e+05 6.383078465416000836e+04 6.383082023774731351e+04 1.063844445334685734e+05 1.063844824745500955e+05 7.092339968162091100e+04 2.836894571919774753e+05 1.063844261066947220e+05 4.016433738252170733e+05 2.324064511241200962e+05 2.710171988012953781e-01 1.063838636879853002e+05 3.829797131059028325e+05 3.245294369192960221e+04 1.063842288869282056e+05 1.063843681830887945e+05
3.759999092818323406e+05 1.053250121224373892e+00 4.255419683235718549e+04 2.735682622311907835e+04 1.914903713376741507e+05 2.245873519633804099e+05 6.955136060136868359e-01 2.127757210368505548e+04 1.151042511229824150e+00 1.968094686405402899e+05 1.702135844839065103e+05 6.383067961046404525e+04 1.418555653184874791e+04 1.060097193246777980e+00 1.773060889706236194e+05 3.262422830445717555e+05 9.663017967479069492e-01 4.441964285924781580e+05 2.749592790089730988e+05 1.063838636879853002e+05 2.006278719016574841e-01 4.255327160154585727e+05 9.284419314858851430e+04 8.173613212237310632e-01 8.271235218767158948e-01
1.268477860008647840e+05 4.255330140695343143e+05 4.255328113606582629e+05 4.255330130179169937e+05 2.948340277288965881e+05 2.316794769696944277e+05 4.255328461183111067e+05 4.255327367614036193e+05 4.255329798616681946e+05 2.712778423452246352e+05 3.191501127994519775e+05 4.042562332417287398e+05 4.255329926617691526e+05 4.255329728664839640e+05 3.120578827470936230e+05 1.827614623029931681e+05 4.255329102850501658e+05 8.339060914046790276e+04 1.998396838237039919e+05 3.829797131059028325e+05 4.255327160154585727e+05 1.483959385836230103e+04 3.829797681637603091e+05 4.255326961412514793e+05 4.255329368015400833e+05
3.334469856562034111e+05 9.284479638050022186e+04 5.265552662278740172e+04 6.785331311777279188e+04 1.279846864020118956e+05 1.809838222633795813e+05 9.284447424436040455e+04 7.393213876978843473e+04 9.284492312825527915e+04 1.518924028075552778e+05 9.628289354314871889e+04 3.137856058463904264e+04 8.023649520201118139e+04 9.284481297983395052e+04 1.033756751748177339e+05 2.836894942781513673e+05 9.284479173384088790e+04 4.016432730839088908e+05 2.324063143294748152e+05 3.245294369192960221e+04 9.284419314858851430e+04 3.829797681637603091e+05 1.405005592507786241e+04 9.284459664703599992e+04 9.284465056341025047e+04
3.759999945183204254e+05 1.098924977543082493e+00 4.255440134501359717e+04 2.735706184114791540e+04 1.914907131083935965e+05 2.245874770354914945e+05 9.432002347075540971e-01 2.127783696954640982e+04 1.015079255907319400e+00 1.968097786610810726e+05 1.702140134763602109e+05 6.383094870791316498e+04 1.418576935558803416e+04 9.557429834065851448e-01 1.773064282306710666e+05 3.262423361842681188e+05 1.124048378477298549e+00 4.441964668550007627e+05 2.749594158606563578e+05 1.063842288869282056e+05 8.173613212237310632e-01 4.255326961412514793e+05 9.284459664703598537e+04 2.270969822768661162e-01 1.073328886897465750e+00
3.759996565901049762e+05 8.007563836845630334e-01 4.255462359075432323e+04 2.735676670743843351e+04 1.914905907630727452e+05 2.245876217095391767e+05 6.143219136714909157e-01 2.127786109301876786e+04 8.586886740495760506e-01 1.968098172036428587e+05 1.702140649767663272e+05 6.383116755208060204e+04 1.418536134574488096e+04 8.589250214915106207e-01 1.773061214524692914e+05 3.262420380553487339e+05 7.222952900480077432e-01 4.441961693660612800e+05 2.749594613510037307e+05 1.063843681830887945e+05 8.271235218767158948e-01 4.255329368015401415e+05 9.284465056341025047e+04 1.073328886897465750e+00 1.950992157090487289e-01
