5.856895287842331932e-01 9.920809309708781075e+04 1.904776378039046249e+05 2.550461925600470568e+05 9.523972277160965314e+04 4.606634692891648156e+05 2.381102212208626952e+04 1.734711313162714941e+05 1.904775470821486088e+05 1.111128243618771085e+05 1.904775432678876386e+05 9.523955634639010532e+04 2.932747105064248317e+05 3.333350128954892862e+05 5.330388229956339346e+05 5.238104285714285215e+05 1.904777555618453189e+05 1.904775067877239198e+05 1.904772962350533053e+05 4.464421388267799921e+04 1.904776608923687309e+05 4.762061798464550520e+04 5.952530888595265424e+04 1.815490191525011032e+05 3.804279252328153234e+05
9.920809309708781075e+04 3.902197815571381943e+04 1.904776814288094756e+05 1.766730322885762434e+05 1.587317040456389077e+05 4.447905520469758194e+05 1.230174651512787532e+05 7.426431696874427143e+04 1.904776731646312983e+05 1.693136644349979470e+05 1.904778947941825900e+05 1.587319151385350269e+05 2.774011987699275487e+05 3.174616343306911294e+05 5.171658365428302204e+05 5.079372168153341045e+05 1.904777254106129112e+05 1.904778124961610883e+05 1.904776722737457603e+05 5.456539793549059686e+04 1.904777202276521421e+05 5.158896161731067696e+04 1.498032224442011211e+05 1.904780103924115829e+05 3.645550297414130182e+05
1.904776378039046249e+05 1.904776814288094756e+05 6.980952697885608460e-01 2.550458498330890143e+05 9.523972988976133638e+04 4.606635806387673365e+05 1.666682029813560948e+05 1.972804889777606877e+05 1.160229149111031477e+00 7.936668110020580934e+04 1.446641395142706843e+00 9.523950619545187510e+04 2.932742085387014085e+05 3.333345343276529456e+05 5.330388872419859981e+05 5.238103494840228814e+05 1.407889685936758450e+00 1.082320881300605331e+00 9.760999796541355300e-01 1.904775181455995771e+05 1.315895201576503970e+00 1.904774713416755840e+05 1.309538263002994208e+05 8.930046058819070822e+03 3.804276713486930239e+05
2.550461925600470859e+05 1.766730322885762434e+05 2.550458498330890143e+05 5.903592436226065911e+04 2.550460334799072298e+05 3.297114462067434215e+05 2.550459062940110744e+05 1.291955925931910751e+05 2.550459020231244504e+05 2.550461372551518434e+05 2.550461624715818907e+05 2.550461617033565417e+05 1.780243678099186509e+05 1.768604700098860776e+05 4.318485238065281883e+05 4.226201257971939049e+05 2.550459510534364090e+05 2.550459049181110458e+05 2.550458272373222571e+05 2.215638518400887260e+05 2.550459865576376906e+05 2.193318436488562729e+05 2.550462077767319570e+05 2.550462076691640250e+05 2.792374860269426717e+05
9.523972277160965314e+04 1.587317040456389077e+05 9.523972988976133638e+04 2.550460334799072007e+05 5.462748399123101839e-01 4.606634138826104463e+05 7.143008073287489242e+04 1.972806152027617791e+05 9.523973065061692614e+04 1.587433637843388897e+04 9.523976812891791633e+04 1.436955813302283724e+00 2.932743682617624872e+05 3.333346177694586804e+05 5.330387012832539622e+05 5.238102053054894204e+05 9.523962127990125737e+04 9.523969034083465522e+04 9.523936692698672414e+04 1.398826152695193305e+05 9.523969087594267330e+04 1.428587046053675294e+05 3.571579887600267830e+04 8.631108065127077862e+04 3.804280774345990503e+05
4.606634692891648156e+05 4.447905520469758194e+05 4.606635806387673365e+05 3.297114462067434215e+05 4.606634138826104463e+05 1.946975261730192869e+05 4.606635085797780775e+05 4.062417745827537728e+05 4.606634965686302749e+05 4.606634484745300142e+05 4.606634791591088870e+05 4.606636156071368023e+05 3.413187478060554713e+05 3.386401310647621285e+05 3.296342655242808396e+05 3.008251238634209731e+05 4.606634616890536272e+05 4.606635218134734896e+05 4.606634073102120892e+05 4.606637112627381575e+05 4.606634884120704955e+05 4.606637887973710313e+05 4.606636293924429337e+05 4.606635408413158148e+05 3.541965185338767478e+05
2.381102212208626952e+04 1.230174651512787532e+05 1.666682029813560948e+05 2.550459062940110744e+05 7.143008073287489242e+04 4.606635085797780775e+05 2.381023926175398447e+04 1.853756700384022552e+05 1.666681663192388660e+05 8.730311704169906443e+04 1.666683334867455706e+05 7.143020840092239087e+04 2.932743652303579729e+05 3.333347519464136567e+05 5.330387985130959423e+05 5.238104046657047002e+05 1.666680423246969003e+05 1.666681625574973004e+05 1.666679242951570195e+05 6.845379833638860146e+04 1.666681744052963331e+05 7.143046760473953327e+04 3.571570945951631438e+04 1.577395699231940962e+05 3.804280665911224205e+05
1.734711313162714941e+05 7.426431696874427143e+04 1.972804889777606877e+05 1.291955925931910460e+05 1.972806152027617791e+05 4.062417745827537728e+05 1.853756700384022552e+05 3.547204218185001810e+04 1.972804526081125077e+05 1.972805983327723807e+05 1.972807405915069685e+05 1.972807602354474948e+05 2.150430096947471902e+05 2.789129737054081634e+05 4.786170389395631501e+05 4.693885960857101600e+05 1.972805430957825156e+05 1.972806092901279044e+05 1.972804657184683310e+05 1.288284770200531639e+05 1.972805277932636091e+05 1.258523262067144387e+05 1.972806555553343787e+05 1.972808393362918287e+05 3.021967469581845216e+05
1.904775470821486088e+05 1.904776731646312983e+05 1.160229149111031477e+00 2.550459020231244504e+05 9.523973065061692614e+04 4.606634965686301584e+05 1.666681663192388660e+05 1.972804526081125077e+05 6.608688669921709558e-01 7.936655547297358862e+04 1.216736694442079880e+00 9.523956522264450905e+04 2.932742528441409813e+05 3.333345771748987027e+05 5.330388442816330353e+05 5.238103220005389303e+05 1.516713222619115786e+00 1.094735144294826990e+00 9.400502679034005160e-01 1.904775508751958550e+05 1.411948422404775361e+00 1.904775750271234137e+05 1.309537629527148674e+05 8.929944044568415848e+03 3.804276733135252725e+05
1.111128243618771085e+05 1.693136644349979470e+05 7.936668110020580934e+04 2.550461372551518143e+05 1.587433637843389261e+04 4.606634484745300142e+05 8.730311704169907898e+04 1.972805983327723807e+05 7.936655547297358862e+04 2.116479587229688332e+04 7.936670326655219833e+04 1.587441021310813085e+04 2.932743551092394628e+05 3.333347042072141194e+05 5.330387095619254978e+05 5.238101512899348745e+05 7.936652107470913325e+04 7.936660564009664813e+04 7.936626757284444466e+04 1.557555814491931233e+05 7.936659299655444920e+04 1.587318089940529899e+05 5.158884682384079497e+04 7.043795171320007648e+04 3.804280329216786777e+05
1.904775432678876386e+05 1.904778947941825900e+05 1.446641395142706843e+00 2.550461624715818907e+05 9.523976812891791633e+04 4.606634791591088870e+05 1.666683334867455706e+05 1.972807405915069685e+05 1.216736694442079880e+00 7.936670326655219833e+04 6.550660263543945927e-01 9.523966506249546364e+04 2.932744859729412710e+05 3.333347548225172795e+05 5.330388547784977127e+05 5.238103904112078599e+05 1.696835463191869176e+00 1.269865479154225429e+00 1.119928406306831326e+00 1.904777145011787361e+05 1.637937082675774203e+00 1.904776791260915052e+05 1.309538488936505164e+05 8.929990422267068425e+03 3.804277797557684826e+05
9.523955634639010532e+04 1.587319151385350269e+05 9.523950619545187510e+04 2.550461617033565417e+05 1.436955813302283724e+00 4.606636156071368023e+05 7.143020840092239087e+04 1.972807602354474948e+05 9.523956522264450905e+04 1.587441021310812539e+04 9.523966506249546364e+04 6.828983555640517622e-01 2.932745070282297092e+05 3.333348509274256066e+05 5.330388626695205458e+05 5.238102506617464242e+05 9.523965685678624141e+04 9.523942079112571082e+04 9.523909798245879938e+04 1.398823439620163990e+05 9.523966779044704163e+04 1.428586265843344445e+05 3.571578145071962354e+04 8.631072334805036371e+04 3.804277173042731010e+05
2.932747105064248317e+05 2.774011987699275487e+05 2.932742085387014668e+05 1.780243678099186800e+05 2.932743682617624872e+05 3.413187478060554713e+05 2.932743652303579729e+05 2.150430096947471902e+05 2.932742528441410395e+05 2.932743551092394628e+05 2.932744859729412710e+05 2.932745070282297092e+05 2.533771351219571807e+04 1.792597703204275167e+05 4.378009737910667900e+05 4.285724285714285797e+05 2.932743143857890391e+05 2.932742946041198447e+05 2.932742385248099454e+05 2.932744429264254868e+05 2.932744114165534265e+05 2.932744231592718861e+05 2.932744997014614055e+05 2.932744361300076125e+05 1.892708032668369415e+05
3.333350128954892862e+05 3.174616343306911294e+05 3.333345343276529456e+05 1.768604700098860776e+05 3.333346177694586804e+05 3.386401310647621285e+05 3.333347519464136567e+05 2.789129737054081634e+05 3.333345771748987027e+05 3.333347042072141194e+05 3.333347548225172795e+05 3.333348509274256066e+05 1.792597703204275167e+05 5.542154255394499341e+04 4.378009471476689796e+05 4.285724091815389111e+05 3.333345823966960306e+05 3.333345413118910510e+05 3.333344853865809855e+05 3.333348297902310733e+05 3.333346671021755901e+05 3.333346288375179283e+05 3.333348192887566402e+05 3.333348299636509037e+05 1.952923886874301243e+05
5.330388229956339346e+05 5.171658365428302786e+05 5.330388872419859981e+05 4.318485238065283047e+05 5.330387012832539622e+05 3.296342655242808396e+05 5.330387985130959423e+05 4.786170389395631501e+05 5.330388442816330353e+05 5.330387095619254978e+05 5.330388547784977127e+05 5.330388626695205458e+05 4.378009737910667900e+05 4.378009471476689796e+05 1.207256692922638322e+05 2.334500460547757102e+05 5.330387978158786427e+05 5.330388651459726971e+05 5.330387932013856480e+05 5.330390156733408803e+05 5.330388117660699645e+05 5.330390690291617066e+05 5.330389904126966139e+05 5.330389669181251666e+05 4.345066068083419232e+05
5.238104285714285215e+05 5.079372168153341045e+05 5.238103494840228814e+05 4.226201257971939049e+05 5.238102053054894204e+05 3.008251238634209731e+05 5.238104046657047002e+05 4.693885960857101600e+05 5.238103220005389303e+05 5.238101512899348745e+05 5.238103904112078599e+05 5.238102506617464242e+05 4.285724285714285797e+05 4.285724091815389111e+05 2.334500460547757102e+05 1.254264149795595295e+05 5.238102921323311748e+05 5.238103467488739989e+05 5.238102660263477592e+05 5.238106188968311180e+05 5.238103152137823054e+05 5.238104761904758634e+05 5.238104244666731684e+05 5.238103516040057293e+05 4.252779652416237514e+05
1.904777555618453189e+05 1.904777254106129112e+05 1.407889685936758450e+00 2.550459510534364090e+05 9.523962127990125737e+04 4.606634616890536272e+05 1.666680423246969003e+05 1.972805430957825156e+05 1.516713222619115786e+00 7.936652107470913325e+04 1.696835463191869176e+00 9.523965685678624141e+04 2.932743143857890391e+05 3.333345823966960306e+05 5.330387978158786427e+05 5.238102921323311748e+05 6.535164221644900184e-01 1.402648104830131137e+00 1.100806988921702034e+00 1.904777308439100161e+05 1.334854024272884798e+00 1.904778047842125525e+05 1.309539504736912495e+05 8.930045105322311429e+03 3.804278966875576880e+05
1.904775067877239198e+05 1.904778124961610883e+05 1.082320881300605331e+00 2.550459049181110458e+05 9.523969034083468432e+04 4.606635218134735478e+05 1.666681625574973004e+05 1.972806092901279044e+05 1.094735144294826990e+00 7.936660564009664813e+04 1.269865479154225429e+00 9.523942079112572537e+04 2.932742946041197865e+05 3.333345413118910510e+05 5.330388651459726971e+05 5.238103467488741153e+05 1.402648104830131137e+00 6.377437723855539087e-01 7.778478455298739602e-01 1.904775130815441080e+05 1.320257172652149924e+00 1.904774926661835052e+05 1.309538177963250782e+05 8.929875921788599953e+03 3.804275915409647278e+05
1.904772962350533053e+05 1.904776722737457603e+05 9.760999796541355300e-01 2.550458272373222280e+05 9.523936692698672414e+04 4.606634073102120892e+05 1.666679242951570195e+05 1.972804657184683310e+05 9.400502679034005160e-01 7.936626757284445921e+04 1.119928406306831326e+00 9.523909798245879938e+04 2.932742385248098872e+05 3.333344853865809855e+05 5.330387932013855316e+05 5.238102660263477592e+05 1.100806988921702034e+00 7.778478455298739602e-01 3.827965171636119046e-01 1.904772941446634941e+05 1.075385177348041177e+00 1.904773457827038073e+05 1.309535422159527807e+05 8.929541827173326965e+03 3.804275371568584815e+05
4.464421388267800648e+04 5.456539793549059686e+04 1.904775181455995480e+05 2.215638518400886969e+05 1.398826152695193305e+05 4.606637112627381575e+05 6.845379833638860146e+04 1.288284770200531639e+05 1.904775508751958259e+05 1.557555814491930942e+05 1.904777145011787070e+05 1.398823439620163990e+05 2.932744429264254868e+05 3.333348297902310733e+05 5.330390156733408803e+05 5.238106188968311180e+05 1.904777308439099579e+05 1.904775130815441080e+05 1.904772941446634941e+05 5.581049119513031656e+03 1.904777277395054698e+05 2.977693590858621064e+03 1.041682127064259694e+05 1.899194683380629867e+05 3.804278378137639957e+05
1.904776608923687309e+05 1.904777202276521421e+05 1.315895201576503970e+00 2.550459865576376906e+05 9.523969087594267330e+04 4.606634884120704955e+05 1.666681744052963331e+05 1.972805277932636091e+05 1.411948422404775361e+00 7.936659299655444920e+04 1.637937082675774203e+00 9.523966779044704163e+04 2.932744114165534265e+05 3.333346671021755901e+05 5.330388117660699645e+05 5.238103152137823054e+05 1.334854024272884798e+00 1.320257172652150146e+00 1.075385177348041177e+00 1.904777277395054698e+05 6.780377207591046229e-01 1.904777883709439484e+05 1.309539276260022452e+05 8.930121640501301954e+03 3.804278760400787578e+05
4.762061798464550520e+04 5.158896161731066968e+04 1.904774713416755840e+05 2.193318436488562729e+05 1.428587046053675585e+05 4.606637887973710895e+05 7.143046760473953327e+04 1.258523262067144387e+05 1.904775750271234137e+05 1.587318089940530190e+05 1.904776791260915052e+05 1.428586265843344736e+05 2.932744231592718861e+05 3.333346288375179865e+05 5.330390690291615902e+05 5.238104761904758052e+05 1.904778047842125816e+05 1.904774926661835052e+05 1.904773457827038073e+05 2.977693590858621519e+03 1.904777883709439484e+05 5.805782734002614687e-01 1.071445657856413600e+05 1.904776782550830976e+05 3.804277745066770585e+05
5.952530888595266151e+04 1.498032224442011502e+05 1.309538263002994208e+05 2.550462077767319279e+05 3.571579887600267830e+04 4.606636293924429337e+05 3.571570945951632166e+04 1.972806555553343787e+05 1.309537629527148674e+05 5.158884682384078769e+04 1.309538488936505164e+05 3.571578145071962354e+04 2.932744997014614055e+05 3.333348192887566402e+05 5.330389904126967303e+05 5.238104244666731684e+05 1.309539504736912495e+05 1.309538177963250782e+05 1.309535422159527807e+05 1.041682127064259839e+05 1.309539276260022452e+05 1.071445657856413309e+05 1.785775028055693474e+04 1.220253183897349227e+05 3.804279659747329424e+05
1.815490191525011032e+05 1.904780103924115829e+05 8.930046058819070822e+03 2.550462076691639959e+05 8.631108065127077862e+04 4.606635408413158148e+05 1.577395699231940962e+05 1.972808393362918287e+05 8.929944044568415848e+03 7.043795171320007648e+04 8.929990422267068425e+03 8.631072334805036371e+04 2.932744361300075543e+05 3.333348299636509037e+05 5.330389669181251666e+05 5.238103516040057293e+05 8.930045105322311429e+03 8.929875921788596315e+03 8.929541827173326965e+03 1.899194683380629867e+05 8.930121640501301954e+03 1.904776782550830976e+05 1.220253183897349227e+05 1.450956249096866122e+04 3.804276932304670336e+05
3.804279252328153234e+05 3.645550297414130182e+05 3.804276713486930239e+05 2.792374860269426135e+05 3.804280774345990503e+05 3.541965185338768642e+05 3.804280665911224205e+05 3.021967469581845216e+05 3.804276733135252725e+05 3.804280329216786777e+05 3.804277797557684826e+05 3.804277173042731010e+05 1.892708032668369415e+05 1.952923886874301534e+05 4.345066068083419232e+05 4.252779652416237514e+05 3.804278966875576880e+05 3.804275915409646695e+05 3.804275371568585397e+05 3.804278378137639957e+05 3.804278760400787578e+05 3.804277745066770585e+05 3.804279659747329424e+05 3.804276932304670336e+05 9.815873036298525403e+04
