2.499256064281099587e-01 9.598988435724168378e-01 1.034496429495188495e+05 7.856173076815323730e-01 1.166022771348437459e+00 3.448393202541200299e+04 6.649640751171150832e-01 1.297223465219964273e+05 1.536343280029368179e+05 6.572674663837799747e-01 6.896692710946626903e+04 8.443157444833772063e-01 1.379323756653636519e+05 8.620829728317662375e+04 1.049612208679866671e+04 1.034497728934116312e+05 2.413805189512681391e+05 1.034495395975522697e+05 1.034496890083335747e+05 6.754219562482205452e-01 4.433636970039569132e+04 1.034496349926218536e+05 1.034495420836473349e+05 2.106884636337816773e+05 1.034497461752868840e+05
9.598988435724168378e-01 2.196003043590081527e-01 1.034496597990222072e+05 1.067081236367365404e+00 1.373358033683951707e+00 3.448391015478743793e+04 9.741059534720474256e-01 1.297224612561561225e+05 1.536344186415658914e+05 1.069381261446108455e+00 6.896712185720683192e+04 1.109609064004351664e+00 1.379326031447557034e+05 8.620838053254221450e+04 1.049612405019572725e+04 1.034499380830696609e+05 2.413806131376460253e+05 1.034498195228362310e+05 1.034498015060853213e+05 9.836496582907133801e-01 4.433651240154336119e+04 1.034497568293775112e+05 1.034497772072122461e+05 2.106886655646306463e+05 1.034497730312014610e+05
1.034496429495188495e+05 1.034496597990222072e+05 3.921771449289929157e-01 1.034494722235891822e+05 1.034495649329515436e+05 6.896695441551879048e+04 1.034493741270863538e+05 6.075684366955965379e+04 1.191521176711273292e+05 1.034497302716554404e+05 3.448402988835213182e+04 1.034491188078272826e+05 6.896746404944152164e+04 1.724263324508359074e+04 9.295473049932549475e+04 6.896696380013803719e+04 1.724152332369824580e+05 3.491277299209841294e+04 6.896672284870420117e+04 1.034495538528968318e+05 5.911467075535799813e+04 6.896702362966333749e+04 6.896713903042352467e+04 1.762063567297237169e+05 6.896678633464818995e+04
7.856173076815323730e-01 1.067081236367365404e+00 1.034494722235891822e+05 2.007660699891354872e-01 1.177626783075859107e+00 3.448381587422212760e+04 4.487500920332937460e-01 1.297223493178760400e+05 1.536342954646989238e+05 8.675980611885838467e-01 6.896682611389209342e+04 7.032928001751315161e-01 1.379323659359288285e+05 8.620810804367758101e+04 1.049599807218384922e+04 1.034495244959460542e+05 2.413805444966910291e+05 1.034495428564527247e+05 1.034494930123672093e+05 5.905206406318811441e-01 4.433622910936216067e+04 1.034495189608918445e+05 1.034493092254361982e+05 2.106884856727876759e+05 1.034495363762032066e+05
1.166022771348437459e+00 1.373358033683951707e+00 1.034495649329515436e+05 1.177626783075859107e+00 4.042783191654863439e-01 3.448417222311971273e+04 1.118961159217668255e+00 1.297223445853201119e+05 1.536347747087131138e+05 1.166167804085495030e+00 6.896663688848112361e+04 7.680023704213275737e-01 1.379327855677089537e+05 8.620801867023449449e+04 1.049587030369799868e+04 1.034496336760365084e+05 2.413804889688419935e+05 1.034499241276225366e+05 1.034494675076424901e+05 1.179551349489095680e+00 4.433618231765668315e+04 1.034497452695063839e+05 1.034497384528275579e+05 2.106888900673392927e+05 1.034497077144939540e+05
3.448393202541201026e+04 3.448391015478743793e+04 6.896695441551879048e+04 3.448381587422212760e+04 3.448417222311971273e+04 2.964110650441681427e-01 3.448372008985762659e+04 1.297226180062891799e+05 1.536345552103348600e+05 3.448393182232065010e+04 3.448424753477281774e+04 3.448380468570248922e+04 1.379327758755194372e+05 5.172558208039610327e+04 2.398927060514645927e+04 1.034499135724817606e+05 2.413807457609005214e+05 9.895213273583794944e+04 1.034498144025421643e+05 3.448387496967568586e+04 9.853583475474066290e+03 1.034498625542903465e+05 1.034496580272273713e+05 2.106886611975382839e+05 1.034497212680785015e+05
6.649640751171150832e-01 9.741059534720474256e-01 1.034493741270863538e+05 4.487500920332937460e-01 1.118961159217668477e+00 3.448372008985762659e+04 1.765538408165051587e-01 1.297221833346956410e+05 1.536342672317161923e+05 8.338816712444440116e-01 6.896671943608805304e+04 5.828494508577021227e-01 1.379322572839184722e+05 8.620804961626350996e+04 1.049595149857137403e+04 1.034495046441428130e+05 2.413804758795279777e+05 1.034493799580862833e+05 1.034494150737958262e+05 5.729901525626288628e-01 4.433619355523351987e+04 1.034494351062211936e+05 1.034492396650490991e+05 2.106884110379871854e+05 1.034494847208113497e+05
1.297223465219964273e+05 1.297224612561561225e+05 6.075684366955963924e+04 1.297223493178759963e+05 1.297223445853201265e+05 1.297226180062891799e+05 1.297221833346956410e+05 2.241927886769336692e+04 1.191519345490612177e+05 1.297223830883527989e+05 9.523979446163290413e+04 1.297219773023767193e+05 3.669739796429425769e+04 7.799837999356986256e+04 1.297223810042160912e+05 9.523988676583093184e+04 1.501539720489467145e+05 4.091266703168723325e+04 9.523988140565382491e+04 1.297223036961445323e+05 1.198702164457984763e+05 8.161628486790668103e+04 9.524008102703157056e+04 1.762062107999052678e+05 9.523989509437327797e+04
1.536343280029368470e+05 1.536344186415658914e+05 1.191521176711273292e+05 1.536342954646989238e+05 1.536347747087131429e+05 1.536345552103348600e+05 1.536342672317161632e+05 1.191519345490612177e+05 1.710437891259088428e+04 1.536343930354223994e+05 1.536350911642990541e+05 1.536345280620178382e+05 1.191516108019587409e+05 1.363935327066414466e+05 1.536348216364618565e+05 8.466959062783168338e+04 1.937614152418606391e+05 1.142258657340792124e+05 8.466951441827668168e+04 1.536342320407643565e+05 1.536348756914212718e+05 7.867241739953032811e+04 8.466937530405438156e+04 6.939254854331574461e+04 8.466941930189108825e+04
6.572674663837799747e-01 1.069381261446108455e+00 1.034497302716554404e+05 8.675980611885838467e-01 1.166167804085495030e+00 3.448393182232065010e+04 8.338816712444440116e-01 1.297223830883527989e+05 1.536343930354223994e+05 2.466041870214691345e-01 6.896692554667583317e+04 9.418675441229187317e-01 1.379324357017759176e+05 8.620824799721354793e+04 1.049609062105361954e+04 1.034498732583260135e+05 2.413805380587280670e+05 1.034496612457502779e+05 1.034497529719496670e+05 7.713253154565016256e-01 4.433632356128333049e+04 1.034497450197936123e+05 1.034496600914156879e+05 2.106884951083118794e+05 1.034498776004559768e+05
6.896692710946626903e+04 6.896712185720683192e+04 3.448402988835213182e+04 6.896682611389209342e+04 6.896663688848112361e+04 3.448424753477281774e+04 6.896671943608805304e+04 9.523979446163293323e+04 1.536350911642990541e+05 6.896692554667583317e+04 3.725347679679906210e-01 6.896633263542674831e+04 1.034501857497766032e+05 1.724260621857067235e+04 5.847200004493224696e+04 1.034496248157525697e+05 2.068978624559774180e+05 6.939581700412031205e+04 1.034495276567692781e+05 6.896692095249010890e+04 2.463162897979035915e+04 1.034499181932355132e+05 1.034497357001061464e+05 2.106889383638278523e+05 1.034496529574392043e+05
8.443157444833772063e-01 1.109609064004351664e+00 1.034491188078272826e+05 7.032928001751315161e-01 7.680023704213275737e-01 3.448380468570248195e+04 5.828494508577021227e-01 1.297219773023767193e+05 1.536345280620178091e+05 9.418675441229187317e-01 6.896633263542674831e+04 9.099628036989249047e-02 1.379324694990106800e+05 8.620773212794050050e+04 1.049559370680507709e+04 1.034491839284275484e+05 2.413802765663019964e+05 1.034495176822786016e+05 1.034491232358898415e+05 8.245257652681076133e-01 4.433578879491609405e+04 1.034493242236848309e+05 1.034493640364867169e+05 2.106886379812589730e+05 1.034492002025594120e+05
1.379323756653636810e+05 1.379326031447557034e+05 6.896746404944153619e+04 1.379323659359288285e+05 1.379327855677089829e+05 1.379327758755194664e+05 1.379322572839184722e+05 3.669739796429426497e+04 1.191516108019587409e+05 1.379324357017759176e+05 1.034501857497766032e+05 1.379324694990106800e+05 5.483089612239825383e-01 8.620883348087371269e+04 1.379326685684377444e+05 1.034503539035181457e+05 1.165858242642750702e+05 7.389313664783092099e+04 1.034504371449759783e+05 1.379322885314408923e+05 1.280805483058693353e+05 1.034501445030069153e+05 1.034501206101690623e+05 1.762055375178472023e+05 1.034504764606273675e+05
8.620829728317663830e+04 8.620838053254221450e+04 1.724263324508359074e+04 8.620810804367758101e+04 8.620801867023449449e+04 5.172558208039610327e+04 8.620804961626350996e+04 7.799837999356986256e+04 1.363935327066414175e+05 8.620824799721354793e+04 1.724260621857067235e+04 8.620773212794050050e+04 8.620883348087371269e+04 1.724163420843075073e+04 7.571340165969637746e+04 8.620811101480119396e+04 1.896565632183907728e+05 5.215426396454737551e+04 8.620807977200033201e+04 8.620820959940887406e+04 4.187307890025433153e+04 8.620837540464100312e+04 8.620837540248809091e+04 1.934477595618995256e+05 8.620826577284539235e+04
1.049612208679866490e+04 1.049612405019572725e+04 9.295473049932549475e+04 1.049599807218384922e+04 1.049587030369799868e+04 2.398927060514646291e+04 1.049595149857137221e+04 1.297223810042160912e+05 1.536348216364618565e+05 1.049609062105361954e+04 5.847200004493224696e+04 1.049559370680507527e+04 1.379326685684377444e+05 7.571340165969640657e+04 1.460169321296293310e+04 1.034496409570556862e+05 2.413804899238692014e+05 1.020811857948670513e+05 1.034496799411683896e+05 1.049603153288923204e+04 3.384110079684951779e+04 1.034498464636022254e+05 1.034498998742215044e+05 2.106888685712931328e+05 1.034497847388648806e+05
1.034497728934116312e+05 1.034499380830696609e+05 6.896696380013803719e+04 1.034495244959460542e+05 1.034496336760365230e+05 1.034499135724817606e+05 1.034495046441428130e+05 9.523988676583094639e+04 8.466959062783168338e+04 1.034498732583260135e+05 1.034496248157525697e+05 1.034491839284275484e+05 1.034503539035181311e+05 8.620811101480119396e+04 1.034496409570556862e+05 3.469055502610486341e-01 2.068981748717583250e+05 6.404117545957498078e+04 1.295584683834057671e+00 1.034497180733797722e+05 1.034497327775433805e+05 2.249018654338084161e+04 1.168037201935660185e+00 1.417237316078748263e+05 1.222895100507273236e+00
2.413805189512681391e+05 2.413806131376460253e+05 1.724152332369824871e+05 2.413805444966910291e+05 2.413804889688419935e+05 2.413807457609005214e+05 2.413804758795279777e+05 1.501539720489466854e+05 1.937614152418606391e+05 2.413805380587280670e+05 2.068978624559773889e+05 2.413802765663020255e+05 1.165858242642750702e+05 1.896565632183907728e+05 2.413804899238692306e+05 2.068981748717583250e+05 4.680010937872702198e+04 1.773413311563915049e+05 2.068980033129096555e+05 2.413804689777307503e+05 2.315283152709360002e+05 2.068980084247648774e+05 2.068983495297805639e+05 1.723048492396241927e+05 2.068980340501974570e+05
1.034495395975522842e+05 1.034498195228362310e+05 3.491277299209841294e+04 1.034495428564527392e+05 1.034499241276225657e+05 9.895213273583797854e+04 1.034493799580862833e+05 4.091266703168724052e+04 1.142258657340792124e+05 1.034496612457502779e+05 6.939581700412031205e+04 1.034495176822786161e+05 7.389313664783090644e+04 5.215426396454737551e+04 1.020811857948670659e+05 6.404117545957498805e+04 1.773413311563915049e+05 1.626741505801662061e+04 6.404114475501968991e+04 1.034495324669049005e+05 9.050763503821218910e+04 4.970013755675684661e+04 6.404090989785356214e+04 1.712799557455524046e+05 6.404130634246380941e+04
1.034496890083335747e+05 1.034498015060853213e+05 6.896672284870420117e+04 1.034494930123672093e+05 1.034494675076424901e+05 1.034498144025421643e+05 1.034494150737958262e+05 9.523988140565382491e+04 8.466951441827668168e+04 1.034497529719496670e+05 1.034495276567692781e+05 1.034491232358898415e+05 1.034504371449759783e+05 8.620807977200033201e+04 1.034496799411683896e+05 1.295584683834057893e+00 2.068980033129096555e+05 6.404114475501968991e+04 3.382460969830898279e-01 1.034496606816787098e+05 1.034496076371673262e+05 2.249021110994272749e+04 1.416763363647808749e+00 1.417236998275629594e+05 1.222920608916819640e+00
6.754219562482205452e-01 9.836496582907133801e-01 1.034495538528968318e+05 5.905206406318812551e-01 1.179551349489095680e+00 3.448387496967568586e+04 5.729901525626287517e-01 1.297223036961445323e+05 1.536342320407643565e+05 7.713253154565016256e-01 6.896692095249010890e+04 8.245257652681076133e-01 1.379322885314408632e+05 8.620820959940887406e+04 1.049603153288923204e+04 1.034497180733797722e+05 2.413804689777307212e+05 1.034495324669048860e+05 1.034496606816787098e+05 3.073523686551351553e-01 4.433631444423291396e+04 1.034496670845848421e+05 1.034494788953609241e+05 2.106884121791211946e+05 1.034497558397969115e+05
4.433636970039569132e+04 4.433651240154336119e+04 5.911467075535799086e+04 4.433622910936216067e+04 4.433618231765668315e+04 9.853583475474068109e+03 4.433619355523351987e+04 1.198702164457984909e+05 1.536348756914212718e+05 4.433632356128333049e+04 2.463162897979035552e+04 4.433578879491610132e+04 1.280805483058693062e+05 4.187307890025433153e+04 3.384110079684951052e+04 1.034497327775433805e+05 2.315283152709359128e+05 9.050763503821218910e+04 1.034496076371673262e+05 4.433631444423291396e+04 1.407497433197104147e+04 1.034499261970215739e+05 1.034499273669917166e+05 2.106889021183683071e+05 1.034497833582436870e+05
1.034496349926218536e+05 1.034497568293775112e+05 6.896702362966333749e+04 1.034495189608918445e+05 1.034497452695063839e+05 1.034498625542903465e+05 1.034494351062211936e+05 8.161628486790668103e+04 7.867241739953032811e+04 1.034497450197936123e+05 1.034499181932355132e+05 1.034493242236848309e+05 1.034501445030069153e+05 8.620837540464100312e+04 1.034498464636022254e+05 2.249018654338084161e+04 2.068980084247648774e+05 4.970013755675684661e+04 2.249021110994272749e+04 1.034496670845848421e+05 1.034499261970215739e+05 2.138119606140549877e+04 2.249029523067015543e+04 1.357264436566395743e+05 2.249018090616828704e+04
1.034495420836473495e+05 1.034497772072122461e+05 6.896713903042352467e+04 1.034493092254361982e+05 1.034497384528275725e+05 1.034496580272273713e+05 1.034492396650490991e+05 9.524008102703157056e+04 8.466937530405438156e+04 1.034496600914156879e+05 1.034497357001061464e+05 1.034493640364867169e+05 1.034501206101690623e+05 8.620837540248809091e+04 1.034498998742215044e+05 1.168037201935660185e+00 2.068983495297805639e+05 6.404090989785354759e+04 1.416763363647808305e+00 1.034494788953609241e+05 1.034499273669917166e+05 2.249029523067015543e+04 2.980015534850990466e-01 1.417235054374167812e+05 1.459996850183551409e+00
2.106884636337817356e+05 2.106886655646306463e+05 1.762063567297237169e+05 2.106884856727877050e+05 2.106888900673392927e+05 2.106886611975382839e+05 2.106884110379871854e+05 1.762062107999052678e+05 6.939254854331574461e+04 2.106884951083118794e+05 2.106889383638278523e+05 2.106886379812590021e+05 1.762055375178472023e+05 1.934477595618995547e+05 2.106888685712931328e+05 1.417237316078748263e+05 1.723048492396241927e+05 1.712799557455524046e+05 1.417236998275629594e+05 2.106884121791212237e+05 2.106889021183683071e+05 1.357264436566395743e+05 1.417235054374167812e+05 5.514172304784345761e+04 1.417235891656161111e+05
1.034497461752868840e+05 1.034497730312014610e+05 6.896678633464818995e+04 1.034495363762032066e+05 1.034497077144939685e+05 1.034497212680785015e+05 1.034494847208113351e+05 9.523989509437327797e+04 8.466941930189108825e+04 1.034498776004559768e+05 1.034496529574392043e+05 1.034492002025594120e+05 1.034504764606273529e+05 8.620826577284539235e+04 1.034497847388648806e+05 1.222895100507273236e+00 2.068980340501974570e+05 6.404130634246379486e+04 1.222920608916819862e+00 1.034497558397968969e+05 1.034497833582436870e+05 2.249018090616828340e+04 1.459996850183551409e+00 1.417235891656161111e+05 3.001137265145483179e-01
