4.871652209268599321e-01 3.889090420377566625e+04 1.688389562778939146e+00 1.846405716925029861e+00 2.333350808346529375e+05 1.122911054340390846e+00 1.696389256927452349e+00 1.936962156567289206e+00 1.409577496559141219e+00 1.629539914353039354e+00 2.568091439158991270e+05 1.523752600331076179e+00 1.935182549661686935e+05 1.145876555735564034e+05 1.889359887908856672e+00 1.750401296079159952e+00 1.515951156124769827e+00 1.764191306664580017e+00 1.587725156639532953e+00 1.860645033619900746e+00 1.335086835802340666e+00 1.933276730989980097e+00 2.339378953711667054e+04 1.687176255180600437e+00 1.425015313922688431e+00
3.889090420377566625e+04 9.259937682074098120e+03 3.889077175518374861e+04 3.889121601156070392e+04 2.333348772917068854e+05 3.889044902557117166e+04 3.889061999363688665e+04 3.889125832032554899e+04 3.889044911449917709e+04 3.889112833073983347e+04 2.517162672676279908e+05 3.889080055043195898e+04 1.935181655605528213e+05 1.072773709257875307e+05 3.889097369125481055e+04 3.889117853730729985e+04 3.889095725215191487e+04 3.889089667453514267e+04 3.889063346839984297e+04 3.889099245354575396e+04 3.889046930625280947e+04 3.889100947547827673e+04 1.549874369313199713e+04 3.889104955960893858e+04 3.889046600371988461e+04
1.688389562778939146e+00 3.889077175518374861e+04 4.823899466222298371e-01 1.744219311973204123e+00 2.333346202770098171e+05 9.682383320820485695e-01 1.041584974770093375e+00 1.816538613442238104e+00 1.251886620031330555e+00 1.754076186579026420e+00 2.568088687842843356e+05 1.365406261080107431e+00 1.935177085612434894e+05 1.145873449671272974e+05 1.889884571750310105e+00 1.755006970214996409e+00 1.568088778815236228e+00 1.090609789991102474e+00 1.176906463282590298e+00 1.878804723780110209e+00 1.118846262053079021e+00 1.960975920144835793e+00 2.339383644816797096e+04 1.481755666935255622e+00 1.296805542000796452e+00
1.846405716925029861e+00 3.889121601156071119e+04 1.744219311973204123e+00 3.790808735439358812e-01 2.333350729628253321e+05 1.083773587657497206e+00 1.696810922528602106e+00 1.518617417748942433e+00 1.502662403499209764e+00 1.634875357153366293e+00 2.568091314173604187e+05 1.801814354011656905e+00 1.935182401523555454e+05 1.145876728542814526e+05 2.019513742392927469e+00 1.371809306258191530e+00 1.719986110268283186e+00 1.674668793299484149e+00 1.626179070380264102e+00 1.897024994250287477e+00 1.360445996511578715e+00 2.093846175528271569e+00 2.339387376838248383e+04 1.786522039869154588e+00 1.614224964106525828e+00
2.333350808346529375e+05 2.333348772917068854e+05 2.333346202770098171e+05 2.333350729628253030e+05 4.023912349613670085e+04 2.333345991218549607e+05 2.333345531362175534e+05 2.333351661829999648e+05 2.333346256722767721e+05 2.333352053387191263e+05 1.494264796364418871e+05 2.333347396724893479e+05 1.317200334756398515e+05 2.142870418943122204e+05 2.333353014795649506e+05 2.333351247930424288e+05 2.333350510878557398e+05 2.333345653161549417e+05 2.333345072017323109e+05 2.333352010980467603e+05 2.333346445932874922e+05 2.333350591641001811e+05 2.333351957146435161e+05 2.333348286661779857e+05 2.333345740156651882e+05
1.122911054340390846e+00 3.889044902557117166e+04 9.682383320820485695e-01 1.083773587657497206e+00 2.333345991218549607e+05 1.454582070913500169e-01 8.857014227753797764e-01 1.176154231320165611e+00 6.748681114310236540e-01 1.113538102612819047e+00 2.568088640059790632e+05 1.118384987359021476e+00 1.935176530246117036e+05 1.145871650889153534e+05 1.331789101299402089e+00 1.081108988352216249e+00 1.158587091823657156e+00 9.802066943376941399e-01 7.751536267187282281e-01 1.398868452962533260e+00 5.414055564472087800e-01 1.421392986767376687e+00 2.339327219676422465e+04 1.038895921722962967e+00 7.895295534537822846e-01
1.696389256927452349e+00 3.889061999363688665e+04 1.041584974770093375e+00 1.696810922528602106e+00 2.333345531362175534e+05 8.857014227753797764e-01 3.281630861394965182e-01 1.806579718707471471e+00 1.244578588412127873e+00 1.812383985330752623e+00 2.568087386928437336e+05 1.471308976287800219e+00 1.935177087856441212e+05 1.145871190854632878e+05 1.869560811799398259e+00 1.777862595316435756e+00 1.672783352327305684e+00 1.102390027075815349e+00 1.046721676751904084e+00 1.855262812422678431e+00 1.173233603031835548e+00 1.976950872662960323e+00 2.339371243224775390e+04 1.565342822872012318e+00 1.202795060873822264e+00
1.936962156567289206e+00 3.889125832032554899e+04 1.816538613442238104e+00 1.518617417748942433e+00 2.333351661829999648e+05 1.176154231320165611e+00 1.806579718707471471e+00 5.582382923817560405e-01 1.483771066059274224e+00 1.467254758006622639e+00 2.568093472938647901e+05 1.977929021823609634e+00 1.935182926572619181e+05 1.145878195287195849e+05 1.717970347847990409e+00 1.523645759335499728e+00 1.954853530465118006e+00 1.752272337146346892e+00 1.682363480646754894e+00 1.790207235938743091e+00 1.376002688567019350e+00 2.120442295682980482e+00 2.339389807062151158e+04 1.807969576761416786e+00 1.696533246856062771e+00
1.409577496559141219e+00 3.889044911449917709e+04 1.251886620031330555e+00 1.502662403499209542e+00 2.333346256722767721e+05 6.748681114310237650e-01 1.244578588412127873e+00 1.483771066059274224e+00 3.300459598624731483e-01 1.519304072667328143e+00 2.568086645203643711e+05 1.325131571016857635e+00 1.935178403713168227e+05 1.145871578468731168e+05 1.471429748360994827e+00 1.527386643061777294e+00 1.406826073420555101e+00 1.299694339100329499e+00 1.084293900137150990e+00 1.481375215516493427e+00 6.700265756973631248e-01 1.391633815170462363e+00 2.339331724680621483e+04 1.460777226738763312e+00 8.244528561793363908e-01
1.629539914353039354e+00 3.889112833073983347e+04 1.754076186579026420e+00 1.634875357153366293e+00 2.333352053387191263e+05 1.113538102612819047e+00 1.812383985330752401e+00 1.467254758006622639e+00 1.519304072667328143e+00 3.915053249321017170e-01 2.568093855221995909e+05 1.914415448985166135e+00 1.935183180807303288e+05 1.145878244894739619e+05 1.876759677442028318e+00 1.527123290820554979e+00 1.938272086060041532e+00 1.715078092695679679e+00 1.647275195223424138e+00 1.821199638948959310e+00 1.306974765995015719e+00 2.178240184321658113e+00 2.339385008066102819e+04 1.698683892195287592e+00 1.674299741507316419e+00
2.568091439158990979e+05 2.517162672676279908e+05 2.568088687842843356e+05 2.568091314173604187e+05 1.494264796364418871e+05 2.568088640059790632e+05 2.568087386928437336e+05 2.568093472938647901e+05 2.568086645203643711e+05 2.568093855221995909e+05 5.420453726377774001e+04 2.568088425691897864e+05 1.907631232926550147e+05 2.072053837478141359e+05 2.568094307807197911e+05 2.568094217679192661e+05 2.568090761911677546e+05 2.568089906971503806e+05 2.568088341280670720e+05 2.568091712412930792e+05 2.568087605052632571e+05 2.568091704178170185e+05 2.568091863951502019e+05 2.568091789792998461e+05 2.568086587670048757e+05
1.523752600331076179e+00 3.889080055043195898e+04 1.365406261080107431e+00 1.801814354011657127e+00 2.333347396724893479e+05 1.118384987359021476e+00 1.471308976287800219e+00 1.977929021823609634e+00 1.325131571016857635e+00 1.914415448985166135e+00 2.568088425691897864e+05 4.647862994109236423e-01 1.935178953250629129e+05 1.145873387720593892e+05 1.858399662531130092e+00 1.952499939568763221e+00 1.569203465756427329e+00 1.472432295389541679e+00 1.412413364440768371e+00 1.788302087111765859e+00 1.237646133687044125e+00 1.913703090527822948e+00 2.339374415250625680e+04 1.326141240481530259e+00 1.314049097455775028e+00
1.935182549661686935e+05 1.935181655605528213e+05 1.935177085612435476e+05 1.935182401523555163e+05 1.317200334756398224e+05 1.935176530246117036e+05 1.935177087856441212e+05 1.935182926572619181e+05 1.935178403713168227e+05 1.935183180807303288e+05 1.907631232926550147e+05 1.935178953250629129e+05 7.409973978320720198e+04 1.466179502525022253e+05 1.935182814551851770e+05 1.935181793253917713e+05 1.935181899492288940e+05 1.935177281013783359e+05 1.935176715333376778e+05 1.935183976427899906e+05 1.935177366783439356e+05 1.935182823570289765e+05 1.935182795888055989e+05 1.935178743678419269e+05 1.935177228571061569e+05
1.145876555735564034e+05 1.072773709257875307e+05 1.145873449671272974e+05 1.145876728542814526e+05 2.142870418943122204e+05 1.145871650889153534e+05 1.145871190854632878e+05 1.145878195287195849e+05 1.145871578468731168e+05 1.145878244894739764e+05 2.072053837478141359e+05 1.145873387720593892e+05 1.466179502525022253e+05 5.147830706848615955e+04 1.145877821296907350e+05 1.145878393289386586e+05 1.145875792044401169e+05 1.145874262716387311e+05 1.145872873647540109e+05 1.145877944418250554e+05 1.145872269018672378e+05 1.145877162478246028e+05 1.133564901233085984e+05 1.145876686974031472e+05 1.145872323020848416e+05
1.889359887908856672e+00 3.889097369125481055e+04 1.889884571750310105e+00 2.019513742392927469e+00 2.333353014795649506e+05 1.331789101299402089e+00 1.869560811799398259e+00 1.717970347847990409e+00 1.471429748360994827e+00 1.876759677442028318e+00 2.568094307807197911e+05 1.858399662531130092e+00 1.935182814551851770e+05 1.145877821296907350e+05 3.330379929209819068e-01 2.001481101425694575e+00 1.960816196978371506e+00 2.003650160755121146e+00 1.714943092072212849e+00 1.756104291147751351e+00 1.355494834383420111e+00 1.830403489020205221e+00 2.339391027623548871e+04 1.964595903556319412e+00 1.670891686211478655e+00
1.750401296079159952e+00 3.889117853730729985e+04 1.755006970214996409e+00 1.371809306258191530e+00 2.333351247930424288e+05 1.081108988352216249e+00 1.777862595316435756e+00 1.523645759335499728e+00 1.527386643061777516e+00 1.527123290820554979e+00 2.568094217679192661e+05 1.952499939568763443e+00 1.935181793253917713e+05 1.145878393289386586e+05 2.001481101425694575e+00 3.716207655825135014e-01 1.648103719432381320e+00 1.746734610881664596e+00 1.602058668113077067e+00 1.995099126759564800e+00 1.345606765676524486e+00 2.155713533319843833e+00 2.339388721402119336e+04 1.708566269410765504e+00 1.624362828310550233e+00
1.515951156124769605e+00 3.889095725215191487e+04 1.568088778815236228e+00 1.719986110268283186e+00 2.333350510878557398e+05 1.158587091823657156e+00 1.672783352327305684e+00 1.954853530465118006e+00 1.406826073420555101e+00 1.938272086060041532e+00 2.568090761911677546e+05 1.569203465756427329e+00 1.935181899492288940e+05 1.145875792044400878e+05 1.960816196978371506e+00 1.648103719432381320e+00 4.198296806044314877e-01 1.679419104360113435e+00 1.632681764658571621e+00 2.036006966809287277e+00 1.317492672280551780e+00 1.885553670597736708e+00 2.339386974012212886e+04 1.464979772175768913e+00 1.497607220902105407e+00
1.764191306664580017e+00 3.889089667453514267e+04 1.090609789991102474e+00 1.674668793299484149e+00 2.333345653161549417e+05 9.802066943376941399e-01 1.102390027075815349e+00 1.752272337146346892e+00 1.299694339100329499e+00 1.715078092695679679e+00 2.568089906971503806e+05 1.472432295389541679e+00 1.935177281013783359e+05 1.145874262716387311e+05 2.003650160755121146e+00 1.746734610881664596e+00 1.679419104360113435e+00 3.825249196406685370e-01 1.130285994096765112e+00 1.941598475861715078e+00 1.232967572875969031e+00 1.984973316168535007e+00 2.339376911994404145e+04 1.459278570703329336e+00 1.300027010602889499e+00
1.587725156639532953e+00 3.889063346839984297e+04 1.176906463282590520e+00 1.626179070380264102e+00 2.333345072017323109e+05 7.751536267187282281e-01 1.046721676751904084e+00 1.682363480646754894e+00 1.084293900137150990e+00 1.647275195223424138e+00 2.568088341280671011e+05 1.412413364440768371e+00 1.935176715333376778e+05 1.145872873647540109e+05 1.714943092072212849e+00 1.602058668113077067e+00 1.632681764658571621e+00 1.130285994096765112e+00 3.361020568604482506e-01 1.708956777193036292e+00 1.048301072467654027e+00 1.777440918244597823e+00 2.339355204612228408e+04 1.402514643796605176e+00 1.051730603814438725e+00
1.860645033619900746e+00 3.889099245354575396e+04 1.878804723780110209e+00 1.897024994250287477e+00 2.333352010980467603e+05 1.398868452962533260e+00 1.855262812422678431e+00 1.790207235938743091e+00 1.481375215516493427e+00 1.821199638948959310e+00 2.568091712412931083e+05 1.788302087111765859e+00 1.935183976427899906e+05 1.145877944418250700e+05 1.756104291147751351e+00 1.995099126759564800e+00 2.036006966809287277e+00 1.941598475861715078e+00 1.708956777193036292e+00 7.232855066354616502e-01 1.424537299366196219e+00 1.877068161376250099e+00 2.339362395588236177e+04 1.697086604631186768e+00 1.621392032814212403e+00
1.335086835802340666e+00 3.889046930625280947e+04 1.118846262053079021e+00 1.360445996511578937e+00 2.333346445932874922e+05 5.414055564472087800e-01 1.173233603031835548e+00 1.376002688567019350e+00 6.700265756973630138e-01 1.306974765995015719e+00 2.568087605052632571e+05 1.237646133687044125e+00 1.935177366783439356e+05 1.145872269018672232e+05 1.355494834383420111e+00 1.345606765676524486e+00 1.317492672280551780e+00 1.232967572875968587e+00 1.048301072467654027e+00 1.424537299366196219e+00 3.401570777552924696e-01 1.358355566607611919e+00 2.339327241669554860e+04 1.290906449307839265e+00 8.335760632935407255e-01
1.933276730989980319e+00 3.889100947547827673e+04 1.960975920144835793e+00 2.093846175528271569e+00 2.333350591641001811e+05 1.421392986767376687e+00 1.976950872662960101e+00 2.120442295682980482e+00 1.391633815170462363e+00 2.178240184321658113e+00 2.568091704178170185e+05 1.913703090527822948e+00 1.935182823570289765e+05 1.145877162478245882e+05 1.830403489020205221e+00 2.155713533319843833e+00 1.885553670597736708e+00 1.984973316168535007e+00 1.777440918244597823e+00 1.877068161376249433e+00 1.358355566607611919e+00 6.528596720216303106e-01 2.339378168948127131e+04 1.974055839821573510e+00 1.675104987450742877e+00
2.339378953711667782e+04 1.549874369313199713e+04 2.339383644816797823e+04 2.339387376838246564e+04 2.333351957146435161e+05 2.339327219676422465e+04 2.339371243224775753e+04 2.339389807062151522e+04 2.339331724680621846e+04 2.339385008066103546e+04 2.568091863951502310e+05 2.339374415250626771e+04 1.935182795888055989e+05 1.133564901233085839e+05 2.339391027623549235e+04 2.339388721402119700e+04 2.339386974012213614e+04 2.339376911994404873e+04 2.339355204612228772e+04 2.339362395588236177e+04 2.339327241669554860e+04 2.339378168948127131e+04 1.395368301933389375e+04 2.339388388349088200e+04 2.339338515539430955e+04
1.687176255180600437e+00 3.889104955960893858e+04 1.481755666935255622e+00 1.786522039869154588e+00 2.333348286661779857e+05 1.038895921722962967e+00 1.565342822872012318e+00 1.807969576761416786e+00 1.460777226738763312e+00 1.698683892195287592e+00 2.568091789792998461e+05 1.326141240481530259e+00 1.935178743678419269e+05 1.145876686974031472e+05 1.964595903556318968e+00 1.708566269410765504e+00 1.464979772175768913e+00 1.459278570703329336e+00 1.402514643796605176e+00 1.697086604631186768e+00 1.290906449307839265e+00 1.974055839821573510e+00 2.339388388349087109e+04 4.074491496892889697e-01 1.462118717426633019e+00
1.425015313922688431e+00 3.889046600371988461e+04 1.296805542000796452e+00 1.614224964106525828e+00 2.333345740156651882e+05 7.895295534537823956e-01 1.202795060873822264e+00 1.696533246856062771e+00 8.244528561793366128e-01 1.674299741507316419e+00 2.568086587670048757e+05 1.314049097455775028e+00 1.935177228571061569e+05 1.145872323020848416e+05 1.670891686211478655e+00 1.624362828310550233e+00 1.497607220902105407e+00 1.300027010602889499e+00 1.051730603814438947e+00 1.621392032814212403e+00 8.335760632935408365e-01 1.675104987450742877e+00 2.339338515539430227e+04 1.462118717426633019e+00 3.674655257732059033e-01
