1.424458197798815490e+04 6.203051980620008544e+04 9.314449570493237115e+04 2.089566719659595983e+05 2.562797297347540152e+05 1.716716323099662259e+05 3.582099280129961553e+05 9.314430366112983029e+04 1.720359236007537693e+05 2.310015142891376163e+05 9.314443864124959509e+04 1.130448780981031596e+05 1.325524619086993625e+05 1.609178804116042156e+05 4.634592727953697613e+04 1.870251576917328930e+05 1.716717698095538362e+05 3.350607611649449682e+05 1.720356970373701770e+05 1.718051847069471551e+05 3.096619976485833758e+05 1.720359484279664466e+05 1.720359152224480058e+05 2.172484665370834700e+05 7.075624368141659943e+04
6.203051980620008544e+04 1.198454003441822351e+04 1.506117489224063756e+05 1.613764822783630807e+05 2.232870167427294073e+05 2.103132822509655089e+05 3.283592692786069238e+05 1.506116126692437392e+05 2.103134803314600140e+05 2.005339213656527863e+05 1.506117192099476233e+05 1.705120867419397691e+05 7.604318691723920347e+04 2.103132234791870869e+05 1.041773492201994959e+05 1.318175920581011451e+05 2.103134851927860291e+05 3.052098567285981262e+05 2.103134111748825235e+05 2.103133160522723047e+05 2.786536827658107504e+05 2.103134467792055802e+05 2.103134303130937624e+05 1.711155204717479064e+05 1.282235541251373361e+05
9.314449570493237115e+04 1.506117489224063756e+05 1.293674691928748954e-01 2.686576258327399846e+05 3.238362516807744978e+05 1.044787912874966132e+05 4.179113039106416400e+05 5.211288952685660947e-01 8.955314456530644384e+04 2.907027679019122734e+05 8.108044059697608885e-01 1.990099605979293483e+04 2.029151473297742486e+05 6.929726983058376936e+04 6.136083746882539708e+04 2.558646115271297167e+05 1.044786391436887352e+05 3.947616239659037092e+05 8.955340639362001093e+04 9.901806982363828865e+04 3.722571217224373249e+05 8.955313368636129599e+04 8.955318781610077713e+04 2.769495468329479336e+05 2.238882072383318882e+04
2.089566719659595983e+05 1.613764822783630807e+05 2.686576258327399846e+05 9.574279264763081301e+03 1.404679002942844818e+05 2.686581191402542172e+05 2.537327012663952482e+05 2.686577798002664931e+05 2.686578223273713957e+05 6.535934120683075889e+04 2.686578865671897656e+05 2.686576641103605507e+05 1.050214343938071688e+05 2.686578993244920857e+05 2.222233055377139244e+05 4.566867781421571271e+04 2.686580207444918924e+05 2.305829681069115468e+05 2.686580884555538651e+05 2.686577913679425837e+05 2.080786105064128642e+05 2.686578172840150655e+05 2.686578949854760431e+05 2.726084654190443325e+04 2.462697306858257216e+05
2.562797297347540734e+05 2.232870167427294073e+05 3.238362516807745560e+05 1.404679002942844818e+05 5.065257530433192733e+04 3.238366344941401621e+05 1.586351883631907986e+05 3.238364021368468530e+05 3.238364272325529018e+05 9.487455205077750725e+04 3.238364260667400085e+05 3.238363356506231357e+05 2.034691517377108103e+05 3.238364366909806267e+05 2.774021040923745604e+05 1.514335831543735403e+05 3.238364542260266026e+05 1.364756071888033475e+05 3.238366018487634719e+05 3.238366162407457014e+05 1.085367550634731742e+05 3.238363770899013034e+05 3.238365102854708675e+05 1.321758435940945055e+05 3.014483441067826934e+05
1.716716323099662259e+05 2.103132822509655089e+05 1.044787912874966132e+05 2.686581191402542172e+05 3.238366344941401039e+05 2.302827611451569445e-01 4.179113003731340868e+05 1.044786385211113520e+05 2.985224705945244932e+04 2.907030004210704356e+05 1.044788131912245008e+05 8.457813363162217138e+04 2.427161096223427739e+05 3.518245645960510592e+04 1.359881519153252593e+05 2.558647529937643267e+05 9.193851813719094990e-01 3.947620945167868631e+05 2.985194295798373787e+04 5.461674151935231748e+03 3.722574998469535494e+05 2.345553722765588827e+04 2.985225423801361467e+04 2.769500158558185212e+05 1.268668507050207409e+05
3.582099280129961553e+05 3.283592692786069238e+05 4.179113039106416400e+05 2.537327012663952482e+05 1.586351883631907986e+05 4.179113003731340868e+05 1.239415724810541360e+04 4.179111752277573105e+05 4.179114752639860963e+05 2.132529420476816304e+05 4.179111990049750311e+05 4.179112014925372205e+05 3.034836994787965668e+05 4.179112238805968082e+05 3.714771118514569825e+05 2.537326499644633732e+05 4.179115319829423097e+05 8.136089783462422201e+04 4.179114029850743827e+05 4.179116266718356055e+05 1.025130547902133549e+05 4.179113397218454047e+05 4.179115199004973401e+05 2.454409698235015385e+05 3.955230959869022481e+05
9.314430366112981574e+04 1.506116126692437392e+05 5.211288952685660947e-01 2.686577798002664931e+05 3.238364021368467947e+05 1.044786385211113520e+05 4.179111752277573105e+05 1.746538707634806564e-01 8.955325444843848527e+04 2.907026280538066640e+05 5.998852739655233801e-01 1.990102868296527595e+04 2.029149145805939625e+05 6.929710715326933132e+04 6.136098788592313940e+04 2.558644014172514726e+05 1.044787981136827002e+05 3.947618221508886782e+05 8.955320949248848774e+04 9.901830993691882759e+04 3.722573185623170575e+05 8.955330894585563510e+04 8.955335542587006057e+04 2.769496673840031726e+05 2.238867106368661916e+04
1.720359236007537402e+05 2.103134803314600140e+05 8.955314456530644384e+04 2.686578223273713957e+05 3.238364272325528436e+05 2.985224705945244932e+04 4.179114752639860963e+05 8.955325444843848527e+04 2.320528479307135683e-01 2.907030256484764395e+05 8.955335936700043385e+04 6.965261113416413718e+04 2.427162899290653586e+05 2.238908252540240574e+04 1.509132167271323560e+05 2.558648342234310694e+05 2.985203598093882101e+04 3.947618192392842029e+05 1.094675680415165386e+00 2.439142790254801366e+04 3.722572676107443986e+05 6.397474234058523507e+03 8.481797141364247894e-01 2.769497594964483287e+05 1.119415074388115027e+05
2.310015142891376163e+05 2.005339213656527863e+05 2.907027679019122734e+05 6.535934120683075162e+04 9.487455205077750725e+04 2.907030004210704356e+05 2.132529420476816304e+05 2.907026280538066640e+05 2.907030256484764395e+05 2.113255245718656806e+04 2.907027000093526440e+05 2.907026673572198488e+05 1.556317102360449790e+05 2.907027022081512259e+05 2.442685713088069169e+05 1.005497880973995489e+05 2.907031903617374483e+05 1.888256793579609657e+05 2.907028754269597703e+05 2.907030570367240580e+05 1.669601783362099959e+05 2.907029688159864163e+05 2.907029421660520602e+05 4.992592658080338151e+04 2.683145332675563404e+05
9.314443864124959509e+04 1.506117192099476233e+05 8.108044059697608885e-01 2.686578865671897656e+05 3.238364260667399503e+05 1.044788131912245008e+05 4.179111990049750311e+05 5.998852739655233801e-01 8.955335936700043385e+04 2.907027000093526440e+05 1.857256194874275790e-01 1.990125333980327923e+04 2.029150619842789602e+05 6.929708898189473257e+04 6.136110973382978409e+04 2.558645474796514900e+05 1.044789600828751427e+05 3.947618682578449370e+05 8.955339845457373303e+04 9.901844000984434388e+04 3.722572914544633240e+05 8.955329911594011355e+04 8.955349332686197886e+04 2.769497501424204092e+05 2.238867811061933389e+04
1.130448780981031596e+05 1.705120867419396818e+05 1.990099605979293483e+04 2.686576641103604925e+05 3.238363356506231357e+05 8.457813363162217138e+04 4.179112014925372205e+05 1.990102868296527595e+04 6.965261113416413718e+04 2.907026673572198488e+05 1.990125333980327923e+04 2.653419348179657391e+04 2.161819957009410136e+05 4.939653251985302632e+04 8.126141261607973138e+04 2.558645078764581413e+05 8.457816706608784443e+04 3.947617098659140756e+05 6.965276237884008151e+04 7.911760690502365469e+04 3.722571736317879986e+05 6.965263915796735091e+04 6.965271536158803792e+04 2.769496022939684917e+05 4.228930973460160749e+04
1.325524619086993625e+05 7.604318691723920347e+04 2.029151473297742486e+05 1.050214343938071543e+05 2.034691517377108103e+05 2.427161096223427739e+05 3.034836994787965668e+05 2.029149145805939625e+05 2.427162899290653586e+05 1.556317102360449790e+05 2.029150619842789602e+05 2.161819957009411009e+05 3.514767600388422579e+04 2.427160962624418607e+05 1.564808286470738240e+05 5.981513462264525151e+04 2.427162351930822770e+05 2.803345209242902347e+05 2.427161124479642604e+05 2.427163274802457890e+05 2.578298484878196323e+05 2.427163017485325108e+05 2.427163351788477157e+05 1.188121031188327761e+05 1.805269358641053259e+05
1.609178804116042156e+05 2.103132234791870869e+05 6.929726983058376936e+04 2.686578993244920857e+05 3.238364366909805685e+05 3.518245645960510592e+04 4.179112238805968082e+05 6.929710715326933132e+04 2.238908252540240574e+04 2.907027022081512259e+05 6.929708898189473257e+04 4.939653251985302632e+04 2.427160962624417734e+05 1.111800944250354769e+04 1.306574819130339311e+05 2.558646428564630041e+05 3.518268415487099992e+04 3.947618547964571626e+05 2.238907254842792099e+04 2.972210010504168167e+04 3.722573105345363147e+05 2.147515543170242017e+04 2.238923642327082780e+04 2.769497597994387615e+05 9.168524660217572819e+04
4.634592727953696885e+04 1.041773492201994959e+05 6.136083746882539708e+04 2.222233055377139244e+05 2.774021040923745022e+05 1.359881519153252593e+05 3.714771118514569825e+05 6.136098788592313940e+04 1.509132167271323560e+05 2.442685713088069169e+05 6.136110973382978409e+04 8.126141261607973138e+04 1.564808286470738240e+05 1.306574819130339311e+05 2.948424475550837542e+03 2.094303269049030496e+05 1.359880206020980841e+05 3.483274114810724859e+05 1.509133625800422742e+05 1.414483044778872863e+05 3.258230449348423281e+05 1.509133041392715240e+05 1.509132156465675507e+05 2.305152700564252737e+05 3.897287266116106184e+04
1.870251576917328930e+05 1.318175920581011451e+05 2.558646115271297167e+05 4.566867781421571271e+04 1.514335831543735403e+05 2.558647529937643267e+05 2.537326499644633150e+05 2.558644014172514726e+05 2.558648342234310694e+05 1.005497880973995489e+05 2.558645474796514900e+05 2.558645078764581704e+05 5.981513462264525151e+04 2.558646428564630041e+05 2.094303269049030496e+05 1.377440594784225868e+04 2.558648825007615669e+05 2.305832625065573957e+05 2.558647020890445856e+05 2.558648852272252552e+05 2.080788337715060334e+05 2.558648589924293046e+05 2.558647451950930117e+05 6.373017870576997666e+04 2.334764482930567174e+05
1.716717698095538362e+05 2.103134851927860291e+05 1.044786391436887352e+05 2.686580207444918924e+05 3.238364542260265443e+05 9.193851813719094990e-01 4.179115319829423097e+05 1.044787981136827002e+05 2.985203598093882101e+04 2.907031903617374483e+05 1.044789600828751427e+05 8.457816706608784443e+04 2.427162351930822770e+05 3.518268415487099992e+04 1.359880206020980841e+05 2.558648825007615669e+05 1.658410551468331717e-01 3.947619911793073406e+05 2.985213492800295717e+04 5.461427872155616569e+03 3.722573382442526054e+05 2.345535538487213489e+04 2.985209766587964987e+04 2.769498213408968295e+05 1.268670487617407925e+05
3.350607611649449682e+05 3.052098567285981262e+05 3.947616239659037092e+05 2.305829681069115468e+05 1.364756071888033475e+05 3.947620945167868631e+05 8.136089783462422201e+04 3.947618221508886782e+05 3.947618192392842029e+05 1.888256793579609657e+05 3.947618682578449370e+05 3.947617098659140756e+05 2.803345209242902347e+05 3.947618547964571626e+05 3.483274114810724859e+05 2.305832625065573957e+05 3.947619911793073406e+05 2.124087716941152394e+04 3.947620948273003451e+05 3.947618263621593942e+05 7.871179129617588478e+04 3.947617093413005350e+05 3.947618216069448972e+05 2.222912029164620326e+05 3.723737700671079219e+05
1.720356970373701770e+05 2.103134111748825235e+05 8.955340639362001093e+04 2.686580884555538651e+05 3.238366018487634137e+05 2.985194295798373787e+04 4.179114029850743827e+05 8.955320949248848774e+04 1.094675680415165386e+00 2.907028754269597703e+05 8.955339845457373303e+04 6.965276237884008151e+04 2.427161124479642604e+05 2.238907254842792099e+04 1.509133625800422742e+05 2.558647020890445856e+05 2.985213492800295717e+04 3.947620948273003451e+05 1.380972742176407309e-01 2.439169287770123992e+04 3.722575055601947242e+05 6.397827841742482633e+03 8.474862063972620208e-01 2.769499105631530401e+05 1.119415046747396991e+05
1.718051847069471551e+05 2.103133160522723047e+05 9.901806982363828865e+04 2.686577913679425837e+05 3.238366162407456432e+05 5.461674151935231748e+03 4.179116266718356055e+05 9.901830993691882759e+04 2.439142790254801366e+04 2.907030570367240580e+05 9.901844000984434388e+04 7.911760690502365469e+04 2.427163274802457890e+05 2.972210010504168167e+04 1.414483044778872863e+05 2.558648852272252552e+05 5.461427872155616569e+03 3.947618263621593942e+05 2.439169287770123992e+04 6.925704160849572872e+03 3.722574463949442143e+05 1.799471063818994298e+04 2.439150016702667563e+04 2.769497675534363952e+05 1.214065070511623635e+05
3.096619976485833758e+05 2.786536827658107504e+05 3.722571217224373249e+05 2.080786105064128642e+05 1.085367550634731888e+05 3.722574998469535494e+05 1.025130547902133549e+05 3.722573185623170575e+05 3.722572676107443986e+05 1.669601783362099959e+05 3.722572914544633240e+05 3.722571736317879986e+05 2.578298484878196323e+05 3.722573105345363147e+05 3.258230449348423281e+05 2.080788337715060334e+05 3.722573382442526054e+05 7.871179129617588478e+04 3.722575055601947242e+05 3.722574463949442143e+05 2.808013703011883263e+04 3.722571608967686770e+05 3.722573710748744197e+05 1.997866426078086661e+05 3.498692373460408999e+05
1.720359484279664175e+05 2.103134467792055802e+05 8.955313368636129599e+04 2.686578172840150655e+05 3.238363770899012452e+05 2.345553722765588827e+04 4.179113397218454047e+05 8.955330894585563510e+04 6.397474234058523507e+03 2.907029688159864163e+05 8.955329911594011355e+04 6.965263915796735091e+04 2.427163017485324235e+05 2.147515543170242017e+04 1.509133041392715240e+05 2.558648589924293046e+05 2.345535538487213489e+04 3.947617093413005350e+05 6.397827841742481723e+03 1.799471063818994298e+04 3.722571608967687353e+05 7.310607236938145434e+03 6.397659257631338733e+03 2.769496935194206308e+05 1.119414387693068711e+05
1.720359152224479476e+05 2.103134303130937624e+05 8.955318781610077713e+04 2.686578949854760431e+05 3.238365102854707511e+05 2.985225423801361467e+04 4.179115199004973983e+05 8.955335542587006057e+04 8.481797141364245674e-01 2.907029421660520602e+05 8.955349332686197886e+04 6.965271536158803792e+04 2.427163351788477157e+05 2.238923642327082780e+04 1.509132156465675507e+05 2.558647451950930117e+05 2.985209766587964987e+04 3.947618216069448972e+05 8.474862063972620208e-01 2.439150016702667563e+04 3.722573710748744197e+05 6.397659257631339642e+03 2.887223804247645020e-01 2.769497651099191280e+05 1.119416154456320946e+05
2.172484665370834700e+05 1.711155204717479064e+05 2.769495468329479336e+05 2.726084654190443325e+04 1.321758435940945055e+05 2.769500158558185212e+05 2.454409698235015385e+05 2.769496673840031726e+05 2.769497594964483287e+05 4.992592658080338879e+04 2.769497501424204092e+05 2.769496022939685499e+05 1.188121031188327761e+05 2.769497597994387615e+05 2.305152700564252737e+05 6.373017870576999121e+04 2.769498213408968295e+05 2.222912029164620326e+05 2.769499105631530401e+05 2.769497675534363952e+05 1.997866426078086661e+05 2.769496935194206308e+05 2.769497651099191280e+05 7.370831948941069641e+03 2.545616507010546338e+05
7.075624368141659943e+04 1.282235541251373361e+05 2.238882072383318882e+04 2.462697306858257216e+05 3.014483441067826352e+05 1.268668507050207409e+05 3.955230959869022481e+05 2.238867106368662280e+04 1.119415074388115027e+05 2.683145332675563404e+05 2.238867811061934117e+04 4.228930973460160749e+04 1.805269358641053259e+05 9.168524660217572819e+04 3.897287266116106184e+04 2.334764482930567174e+05 1.268670487617407925e+05 3.723737700671079219e+05 1.119415046747396991e+05 1.214065070511623635e+05 3.498692373460408999e+05 1.119414387693068711e+05 1.119416154456320946e+05 2.545616507010546338e+05 2.238825159127108782e+04
