6.193552143312990310e-01 2.376968741250708263e+04 2.340945140090445930e+05 3.149855332905849791e+05 4.720311512485500862e+04 2.230680589464198874e+03 1.127290784747965808e+05 8.001286285746828980e+03 1.331445987683605053e+05 1.884278033104758651e+05 1.097160265626264299e+05 7.711271574962711020e+04 3.903040309330822784e+05 8.001194882950228020e+03 9.200165146611120144e+04 1.244229225567609683e+05 9.501553417513245222e+03 8.001252105829868015e+03 1.040017124977096537e+05 1.180300811342194445e+00 1.564047442492453556e+05 2.621416559562095790e+05 3.542302433201063195e+03 3.200151335906566601e+04 4.335117488843185129e+05
2.376968741250708263e+04 6.943768140101808058e+03 2.340946936638005136e+05 3.149858440675483434e+05 3.143478128415923129e+04 2.376934922243423352e+04 1.073956822922531865e+05 2.376971218864472394e+04 1.331448062587639433e+05 1.884281197865653958e+05 1.035650283732540411e+05 6.134448856821285881e+04 3.903042725199618726e+05 2.376963272684511321e+04 7.623342824900269625e+04 1.208673049540896754e+05 1.426944180535469604e+04 2.376968143876781687e+04 8.823346078579075402e+04 2.376946071271452820e+04 1.564050224307162571e+05 2.621418815717013786e+05 2.022866459693710203e+04 1.610223360113068884e+04 4.335117289256437216e+05
2.340945140090445930e+05 2.340946936638005136e+05 5.516972762502417027e+04 2.056030268435778562e+05 2.340947859116968175e+05 2.340943496120337513e+05 2.100947806978719600e+05 2.340945080284790311e+05 1.902341397344364959e+05 1.384434669650775904e+05 2.123804971352044668e+05 2.340947188965626410e+05 3.081716074513061903e+05 2.340943562681533513e+05 2.260947378693500650e+05 2.056828846595549840e+05 2.340947049590790702e+05 2.340944572888849361e+05 2.180947384606763662e+05 2.340943770651260274e+05 1.542903965327312180e+05 1.366332503444448812e+05 2.340946194825400889e+05 2.340946734950189129e+05 3.471477044940971537e+05
3.149855332905849791e+05 3.149858440675483434e+05 2.056030268435778562e+05 1.346907295516773302e+05 3.149858722071033553e+05 3.149855734199434519e+05 2.909859625380842481e+05 3.149855676501924172e+05 2.795573043983200332e+05 2.288162035585742560e+05 2.932716781922244118e+05 3.149858748904774548e+05 2.798341254765413469e+05 3.149854327559146332e+05 3.069859218576241401e+05 2.883193036518702284e+05 3.149858011836131918e+05 3.149854887021852774e+05 2.989859717101888964e+05 3.149855465198662714e+05 2.529071391866735357e+05 1.873707350635096664e+05 3.149856193181518465e+05 3.149857553289076895e+05 3.301106749653478619e+05
4.720311512485500134e+04 3.143478128415923129e+04 2.340947859116968175e+05 3.149858722071033553e+05 1.250298016988160634e+04 4.720275078191364446e+04 9.240259748540888540e+04 4.720311305157209426e+04 1.288275779924673407e+05 1.884281639307729201e+05 8.497095640944877232e+04 3.738636026871723880e+04 3.903043424998924602e+05 4.720299698087544675e+04 5.280005333377834904e+04 1.107287168598953140e+05 4.570298597985232482e+04 4.720308751723079331e+04 6.480013802104716160e+04 4.720288764689582604e+04 1.564049725575162738e+05 2.621420668358221301e+05 4.720314689053734764e+04 1.533411778139230773e+04 4.335118435021407786e+05
2.230680589464198420e+03 2.376934922243422989e+04 2.340943496120337513e+05 3.149855734199434519e+05 4.720275078191363718e+04 3.216821094635246936e+03 1.127286701443870406e+05 5.771689136961578697e+03 1.331444612489513238e+05 1.884277308295779221e+05 1.097156092802448256e+05 7.711237251463276334e+04 3.903040363312014379e+05 5.771525063552601750e+03 9.200126632379653165e+04 1.244224969669557613e+05 9.501248644103718107e+03 5.771636603370156990e+03 1.040013049535137252e+05 2.230345245946776686e+03 1.564046036611263698e+05 2.621416496483056981e+05 4.784942820197547917e+03 3.200138082153906362e+04 4.335115347501530778e+05
1.127290784747965808e+05 1.073956822922532010e+05 2.100947806978719600e+05 2.909859625380842481e+05 9.240259748540888540e+04 1.127286701443870406e+05 5.221372821892894535e+03 1.127291076023228234e+05 6.576360388875319040e+04 1.608725910547638487e+05 1.408427530736534572e+04 6.298024097009464458e+04 3.663044286436407128e+05 1.127288867108597915e+05 4.809125750274224265e+04 3.299967216993262991e+04 1.127290260960766464e+05 1.127290080999733327e+05 3.609131335911771021e+04 1.127287657716818358e+05 1.144466435681205621e+05 2.381421223289270711e+05 1.127291329180814500e+05 1.047291316735304572e+05 4.095118582055498264e+05
8.001286285746828980e+03 2.376971218864472394e+04 2.340945080284790602e+05 3.149855676501924172e+05 4.720311305157209426e+04 5.771689136961579607e+03 1.127291076023228379e+05 6.145391651468169458e-01 1.331445864277446817e+05 1.884278161107399501e+05 1.097160309148683737e+05 7.711269681558589218e+04 3.903040654810105334e+05 1.125843792643648644e+00 9.200164239079046820e+04 1.244228919453907583e+05 9.501600222445684267e+03 1.138850439194719621e+00 1.040017301452930697e+05 8.001353444309717815e+03 1.564047285918848065e+05 2.621416780408820196e+05 8.001359830147733192e+03 3.200150573529665053e+04 4.335117875116805662e+05
1.331445987683604762e+05 1.331448062587639433e+05 1.902341397344364959e+05 2.795573043983200332e+05 1.288275779924673261e+05 1.331444612489513238e+05 6.576360388875319040e+04 1.331445864277446817e+05 1.583560642609843853e+04 1.374439207331479411e+05 7.041753774104673357e+04 1.114772907982270117e+05 3.548756949742879369e+05 1.331443863643450022e+05 1.005883808678728965e+05 4.369484572340465820e+04 1.331447963133412413e+05 1.331444704342391342e+05 9.058839672259557119e+04 1.331445402494925074e+05 7.220718625384090410e+04 2.267134288531600905e+05 1.331446825353581808e+05 1.331446916640891577e+05 3.980834531972415280e+05
1.884278033104758651e+05 1.884281197865653958e+05 1.384434669650775904e+05 2.288162035585742560e+05 1.884281639307729201e+05 1.884277308295779221e+05 1.608725910547638487e+05 1.884278161107399501e+05 1.374439207331479411e+05 2.901788528972680433e+04 1.631582879362067033e+05 1.852676691447554040e+05 3.113042167875563609e+05 1.884276279203962767e+05 1.768725923430754046e+05 1.537849410719250445e+05 1.884281227804345253e+05 1.884277340884494479e+05 1.688724896074570715e+05 1.884277727388024796e+05 8.430215707343033864e+04 1.763384662069574697e+05 1.884278881413672061e+05 1.884279745958001586e+05 3.625119534351670300e+05
1.097160265626264299e+05 1.035650283732540556e+05 2.123804971352044668e+05 2.932716781922244118e+05 8.497095640944878687e+04 1.097156092802448256e+05 1.408427530736535118e+04 1.097160309148683737e+05 7.041753774104673357e+04 1.631582879362067615e+05 1.119539941594093398e+04 5.506131938784845988e+04 3.685900964796044282e+05 1.097158671503026126e+05 4.017235117791029916e+04 3.817956362310142140e+04 1.096222128377577174e+05 1.097159554222044681e+05 2.573413700350100407e+04 1.097156983128345310e+05 1.177386703071226075e+05 2.404277831591991126e+05 1.097160974099902814e+05 1.001725893988877942e+05 4.117976138570503681e+05
7.711271574962711020e+04 6.134448856821285881e+04 2.340947188965626410e+05 3.149858748904774548e+05 3.738636026871724607e+04 7.711237251463277789e+04 6.298024097009464458e+04 7.711269681558589218e+04 1.114772907982269971e+05 1.852676691447554331e+05 5.506131938784845988e+04 5.561233499163229681e+03 3.903043979198032757e+05 7.711256048837359413e+04 1.541490434686417393e+04 8.647847409289539792e+04 7.561261934636929072e+04 7.711266775740789308e+04 3.403266585543139809e+04 7.711246199486956175e+04 1.492938155222069763e+05 2.621420950860217854e+05 7.711274439692366286e+04 5.259671396196390560e+04 4.335118787718410022e+05
3.903040309330822784e+05 3.903042725199618726e+05 3.081716074513061903e+05 2.798341254765413469e+05 3.903043424998924602e+05 3.903040363312014379e+05 3.663044286436407128e+05 3.903040654810105334e+05 3.548756949742879369e+05 3.113042167875563609e+05 3.685900964796044282e+05 3.903043979198032757e+05 1.321560460274211364e+05 3.903039600139523973e+05 3.823043526314022020e+05 3.636378079432489467e+05 3.903042423919340945e+05 3.903039825892150984e+05 3.743044394969791174e+05 3.903040621123668971e+05 3.289130780517872190e+05 3.095585792870743317e+05 3.903040980548960506e+05 3.903041792749351007e+05 2.580767754102018371e+05
8.001194882950228020e+03 2.376963272684511321e+04 2.340943562681533513e+05 3.149854327559146332e+05 4.720299698087544675e+04 5.771525063552602660e+03 1.127288867108597915e+05 1.125843792643648866e+00 1.331443863643450022e+05 1.884276279203962767e+05 1.097158671503026126e+05 7.711256048837359413e+04 3.903039600139523391e+05 5.345800497588146794e-01 9.200149652009022248e+04 1.244227031172935822e+05 9.501497400518130235e+03 9.627147923017317366e-01 1.040015465206263616e+05 8.001139953674505705e+03 1.564045580503717356e+05 2.621415498932951887e+05 8.001317679616771784e+03 3.200139237631938522e+04 4.335117009473598446e+05
9.200165146611120144e+04 7.623342824900269625e+04 2.260947378693500650e+05 3.069859218576241401e+05 5.280005333377834904e+04 9.200126632379653165e+04 4.809125750274224265e+04 9.200164239079046820e+04 1.005883808678728965e+05 1.768725923430754046e+05 4.017235117791029916e+04 1.541490434686417393e+04 3.823043526314022020e+05 9.200149652009022248e+04 1.200079945537239473e+04 7.308947928121106816e+04 9.050160141672212922e+04 9.200160225560182880e+04 1.908339513762234856e+04 9.200137889056546555e+04 1.404049354640295205e+05 2.541420867304636631e+05 9.200168728736235062e+04 6.800163821543799713e+04 4.255118041383608361e+05
1.244229225567609683e+05 1.208673049540896754e+05 2.056828846595549257e+05 2.883193036518702284e+05 1.107287168598953140e+05 1.244224969669557613e+05 3.299967216993263719e+04 1.244228919453907583e+05 4.369484572340465820e+04 1.537849410719250445e+05 3.817956362310142140e+04 8.647847409289539792e+04 3.636378079432489467e+05 1.244227031172935822e+05 7.308947928121106816e+04 1.304037071645701690e+04 1.244228699994247872e+05 1.244227788061553292e+05 6.108945567815835238e+04 1.244225840853911941e+05 1.014849495231742767e+05 2.354753793834708049e+05 1.244229652104026900e+05 1.190896311706323031e+05 4.068452094750148826e+05
9.501553417513247041e+03 1.426944180535469604e+04 2.340947049590790702e+05 3.149858011836131918e+05 4.570298597985232482e+04 9.501248644103719926e+03 1.127290260960766464e+05 9.501600222445684267e+03 1.331447963133412413e+05 1.884281227804345253e+05 1.096222128377577174e+05 7.561261934636930528e+04 3.903042423919340945e+05 9.501497400518132054e+03 9.050160141672212922e+04 1.244228699994247872e+05 2.438171146152642450e+03 9.501571442522301368e+03 1.025016921282998373e+05 9.501352907583528577e+03 1.564049220173668000e+05 2.621419097837934096e+05 5.960411011830459756e+03 3.037041811499205869e+04 4.335117266513275099e+05
8.001252105829868015e+03 2.376968143876781687e+04 2.340944572888849652e+05 3.149854887021852774e+05 4.720308751723079331e+04 5.771636603370157900e+03 1.127290080999733327e+05 1.138850439194719844e+00 1.331444704342391342e+05 1.884277340884494479e+05 1.097159554222044681e+05 7.711266775740789308e+04 3.903039825892150984e+05 9.627147923017316256e-01 9.200160225560182880e+04 1.244227788061553292e+05 9.501571442522297730e+03 6.081494307282699907e-01 1.040016479368512373e+05 8.001242509022517879e+03 1.564046337025762186e+05 2.621416309330490767e+05 8.001362039475056008e+03 3.200148101235853755e+04 4.335117046087175841e+05
1.040017124977096537e+05 8.823346078579072491e+04 2.180947384606763662e+05 2.989859717101888964e+05 6.480013802104716160e+04 1.040013049535137252e+05 3.609131335911771021e+04 1.040017301452930697e+05 9.058839672259555664e+04 1.688724896074570715e+05 2.573413700350100044e+04 3.403266585543139809e+04 3.743044394969791174e+05 1.040015465206263616e+05 1.908339513762234856e+04 6.108945567815835238e+04 1.025016921282998373e+05 1.040016479368512373e+05 1.626077960928078710e+03 1.040014149580465892e+05 1.324049585480646929e+05 2.461420055628776900e+05 1.040017960000311286e+05 8.000168468801310519e+04 4.175118608466658043e+05
1.180300811342194445e+00 2.376946071271452820e+04 2.340943770651260274e+05 3.149855465198663296e+05 4.720288764689582604e+04 2.230345245946777140e+03 1.127287657716818358e+05 8.001353444309715996e+03 1.331445402494925074e+05 1.884277727388024796e+05 1.097156983128345310e+05 7.711246199486956175e+04 3.903040621123668971e+05 8.001139953674505705e+03 9.200137889056546555e+04 1.244225840853911941e+05 9.501352907583524939e+03 8.001242509022517879e+03 1.040014149580465892e+05 5.657530850187498794e-01 1.564046739114664961e+05 2.621416753164778056e+05 3.542356149698784975e+03 3.200151899937302005e+04 4.335115570978080505e+05
1.564047442492453556e+05 1.564050224307162571e+05 1.542903965327312180e+05 2.529071391866735357e+05 1.564049725575162738e+05 1.564046036611263698e+05 1.144466435681205476e+05 1.564047285918847774e+05 7.220718625384090410e+04 8.430215707343033864e+04 1.177386703071226075e+05 1.492938155222069763e+05 3.289130780517872772e+05 1.564045580503717356e+05 1.404049354640295205e+05 1.014849495231742767e+05 1.564049220173668000e+05 1.564046337025762186e+05 1.324049585480646929e+05 1.564046739114664961e+05 3.068564651923720521e+04 1.951951098831183335e+05 1.564047857109349279e+05 1.564048076684073312e+05 3.721207509208685369e+05
2.621416559562095790e+05 2.621418815717013786e+05 1.366332503444448812e+05 1.873707350635096664e+05 2.621420668358221301e+05 2.621416496483056981e+05 2.381421223289270711e+05 2.621416780408820196e+05 2.267134288531600905e+05 1.763384662069574697e+05 2.404277831591991126e+05 2.621420950860217854e+05 3.095585792870743317e+05 2.621415498932951887e+05 2.541420867304636631e+05 2.354753793834708049e+05 2.621419097837934096e+05 2.621416309330490767e+05 2.461420055628777482e+05 2.621416753164778056e+05 1.951951098831183335e+05 5.062337012327727280e+04 2.621417465003488469e+05 2.621418793478339503e+05 3.532213051088118809e+05
3.542302433201063195e+03 2.022866459693710203e+04 2.340946194825400889e+05 3.149856193181518465e+05 4.720314689053734764e+04 4.784942820197547917e+03 1.127291329180814500e+05 8.001359830147733192e+03 1.331446825353582099e+05 1.884278881413672061e+05 1.097160974099902814e+05 7.711274439692366286e+04 3.903040980548960506e+05 8.001317679616773603e+03 9.200168728736235062e+04 1.244229652104026900e+05 5.960411011830458847e+03 8.001362039475058737e+03 1.040017960000311577e+05 3.542356149698784975e+03 1.564047857109349279e+05 2.621417465003488469e+05 3.948050076174148671e+03 3.194349883438125107e+04 4.335118098729616031e+05
3.200151335906566601e+04 1.610223360113068702e+04 2.340946734950188838e+05 3.149857553289076895e+05 1.533411778139230773e+04 3.200138082153906362e+04 1.047291316735304717e+05 3.200150573529665053e+04 1.331446916640891577e+05 1.884279745958001586e+05 1.001725893988877797e+05 5.259671396196390560e+04 3.903041792749350425e+05 3.200139237631939250e+04 6.800163821543799713e+04 1.190896311706323031e+05 3.037041811499205869e+04 3.200148101235853755e+04 8.000168468801310519e+04 3.200151899937302005e+04 1.564048076684073312e+05 2.621418793478339503e+05 3.194349883438125107e+04 2.587164612918772946e+02 4.335118658644988318e+05
4.335117488843185711e+05 4.335117289256437216e+05 3.471477044940971537e+05 3.301106749653478619e+05 4.335118435021407786e+05 4.335115347501530778e+05 4.095118582055498264e+05 4.335117875116805662e+05 3.980834531972415280e+05 3.625119534351670300e+05 4.117976138570503681e+05 4.335118787718410022e+05 2.580767754102018371e+05 4.335117009473599028e+05 4.255118041383608361e+05 4.068452094750148826e+05 4.335117266513275099e+05 4.335117046087175841e+05 4.175118608466658043e+05 4.335115570978080505e+05 3.721207509208685369e+05 3.532213051088119391e+05 4.335118098729616031e+05 4.335118658644988318e+05 1.407567287691038800e+05
