5.258642408866389673e-01 2.096486356216694112e+05 1.611280386606329218e+00 8.333510184362993459e+04 1.000018530030170368e+05 1.603779082271016732e+00 1.688214266551163911e+00 1.729996930896580798e+00 2.742750668141833157e+05 5.526495970539252448e+04 1.796844895396664477e+00 3.500013796223808313e+05 1.852713441628684565e+00 1.745967256918683930e+00 1.757267442636454513e+00 1.776759615510141277e+00 1.576675580402568499e+00 1.713559274205082620e+05 1.642902663122121298e+00 3.283293783100314904e+05 1.180838982789373492e+00 1.229185968384404114e+05 1.359724748383015269e+00 1.553544106837152494e+00 1.500016900126518158e+05
2.096486356216694112e+05 3.950252623852351826e+04 2.096485714205969125e+05 1.263153457335759304e+05 1.096486069012335356e+05 2.096480615846375877e+05 2.096484236177343410e+05 2.096485164261683531e+05 1.220465214573048142e+05 1.543855089749798935e+05 2.096484140689356136e+05 2.135430684541544470e+05 2.096483291457504674e+05 2.096483304063156829e+05 2.096482297723939992e+05 2.096484965640562295e+05 2.096482502180455776e+05 5.951815454956588655e+04 2.096484728873735294e+05 1.914804910194660188e+05 2.096480189303370425e+05 9.228752549031437957e+04 2.096480838872932072e+05 2.096484581779053842e+05 6.798214345300520654e+04
1.611280386606329218e+00 2.096485714205969125e+05 5.772856505649014425e-01 8.333519504548783880e+04 1.000019817366203351e+05 1.553255972624945525e+00 1.813816127215217122e+00 1.642599781571659534e+00 2.742749269201679854e+05 5.526506773607448122e+04 1.649379837120365622e+00 3.500014226407113601e+05 1.678267475382065888e+00 1.642767515225736830e+00 1.605601023383993242e+00 1.650011367444838672e+00 1.587456761292878493e+00 1.713559918739771820e+05 1.452154589545956886e+00 3.283293361195242614e+05 1.127809603444928976e+00 1.229184795763695292e+05 1.281378883900359922e+00 1.398420745414387101e+00 1.500017354867915274e+05
8.333510184362993459e+04 1.263153457335759304e+05 8.333519504548783880e+04 1.111167756243291296e+04 1.666812991080408028e+04 8.333466381905099843e+04 8.333506475883477833e+04 8.333515473253163509e+04 2.067312068666437990e+05 2.807156197567285199e+04 8.333506869168803678e+04 2.916682985772358370e+05 8.333502510418969905e+04 8.333508622212280170e+04 8.333494965635998233e+04 8.333509450137871318e+04 8.333488715393128223e+04 8.802284894015037571e+04 8.333523530471281265e+04 2.699962684472565306e+05 8.333462489130804897e+04 3.958474072411390080e+04 8.333471859873915673e+04 8.333525009805973968e+04 6.666843601280555595e+04
1.000018530030170368e+05 1.096486069012335211e+05 1.000019817366203351e+05 1.666812991080408028e+04 4.451935747447283709e-01 1.000013919912670681e+05 1.000016861241605657e+05 1.000018328419436584e+05 1.900646215473157354e+05 4.473842893965298572e+04 1.000018521514352615e+05 2.750016402439024532e+05 1.000017906733117998e+05 1.000017387989611161e+05 1.000015852368115302e+05 1.000016776963185403e+05 1.000015333918012620e+05 7.135621514854091220e+04 1.000019135079661355e+05 2.533297483225107135e+05 1.000013300507020904e+05 2.291802938868347337e+04 1.000014096627177496e+05 1.000017922842919797e+05 5.000198635020336951e+04
1.603779082271016732e+00 2.096480615846375877e+05 1.553255972624945747e+00 8.333466381905099843e+04 1.000013919912670681e+05 3.874214076912389504e-01 1.285329913033050886e+00 1.445117606117575004e+00 2.742745142802772461e+05 5.526458040533243911e+04 1.347764080878640414e+00 3.500011856697220937e+05 1.303682825706743875e+00 1.266720235672821104e+00 1.039806837136963535e+00 1.462498001455276420e+00 8.317690669509114620e-01 1.713556085915711010e+05 1.398418620526321154e+00 3.283291288196266978e+05 7.673112172255878161e-01 1.229179940124905843e+05 7.840175306617312989e-01 1.537486071859925918e+00 1.500014193258494197e+05
1.688214266551163689e+00 2.096484236177343410e+05 1.813816127215217122e+00 8.333506475883477833e+04 1.000016861241605657e+05 1.285329913033050886e+00 3.876460315095423548e-01 1.534015065380093468e+00 2.742747548980381689e+05 5.526503863484082103e+04 1.444265142204094410e+00 3.500012761303032748e+05 1.385025805365045493e+00 1.431072026278664922e+00 1.298038946734373589e+00 1.643651365901127814e+00 1.390413898702199891e+00 1.713560085826889554e+05 1.517988982257232111e+00 3.283292529712986434e+05 1.160119688893518353e+00 1.229183912160436448e+05 1.256179711494180395e+00 1.694652039419099587e+00 1.500017576289248245e+05
1.729996930896581020e+00 2.096485164261683531e+05 1.642599781571659756e+00 8.333515473253163509e+04 1.000018328419436584e+05 1.445117606117575004e+00 1.534015065380093468e+00 5.052031011443703923e-01 2.742747186749149696e+05 5.526495013025872322e+04 1.401366958661872886e+00 3.500012788155603921e+05 1.361159579161127731e+00 1.502344691210851346e+00 1.554118162130081915e+00 1.503482952868999467e+00 1.328981447683828643e+00 1.713558673718772479e+05 1.605935769517568668e+00 3.283292190382738481e+05 1.066215409729028174e+00 1.229185137106398761e+05 1.216770851181145696e+00 1.767135172189614023e+00 1.500017217171278608e+05
2.742750668141833157e+05 1.220465214573048725e+05 2.742749269201679272e+05 2.067312068666437990e+05 1.900646215473157645e+05 2.742745142802772461e+05 2.742747548980381689e+05 2.742747186749149696e+05 5.663333109728107229e+04 2.223358526066607155e+05 2.742747339116252260e+05 1.444263223131136911e+05 2.742747851374967722e+05 2.742747103761915932e+05 2.742745179839364137e+05 2.742748338464569533e+05 2.742745687067040708e+05 1.608977525688214810e+05 2.742748093834125320e+05 1.215821980382888141e+05 2.742744930391680100e+05 1.838145977483118477e+05 2.742745908074414474e+05 2.742750742495178711e+05 1.650647041402209434e+05
5.526495970539252448e+04 1.543855089749798644e+05 5.526506773607448122e+04 2.807156197567285199e+04 4.473842893965297844e+04 5.526458040533243911e+04 5.526503863484082103e+04 5.526495013025872322e+04 2.223358526066606864e+05 8.310754895609079540e+03 5.526482215387888573e+04 3.000015902439024649e+05 5.526482719738118612e+04 5.526485720098291495e+04 5.526479981086908083e+04 5.526481443622057850e+04 5.526477160998701584e+04 1.160928353393084690e+05 5.526504489482821373e+04 2.783294903409089893e+05 5.526441906237800868e+04 6.765517182155029150e+04 5.526457692253740970e+04 5.526500397999030247e+04 9.473859310188879317e+04
1.796844895396664477e+00 2.096484140689356136e+05 1.649379837120365622e+00 8.333506869168803678e+04 1.000018521514352615e+05 1.347764080878640414e+00 1.444265142204094410e+00 1.401366958661872886e+00 2.742747339116252260e+05 5.526482215387888573e+04 4.576597683677617878e-01 3.500012197064603679e+05 1.225809848556883130e+00 1.259999691278635314e+00 1.270677990385176370e+00 1.457005887715084880e+00 1.284130349911032365e+00 1.713558028511413140e+05 1.780701742038116819e+00 3.283291902937291889e+05 1.003045709833513932e+00 1.229184927156398335e+05 1.194010284880282713e+00 1.784265620712525591e+00 1.500016352069814748e+05
3.500013796223808313e+05 2.135430684541544470e+05 3.500014226407113601e+05 2.916682985772358370e+05 2.750016402439024532e+05 3.500011856697220937e+05 3.500012761303032748e+05 3.500012788155603921e+05 1.444263223131136911e+05 3.000015902439024649e+05 3.500012197064603679e+05 4.647148243453509349e+04 3.500013663996568648e+05 3.500012022965998622e+05 3.500012062057331786e+05 3.500014594436769257e+05 3.500011607248476939e+05 2.458346258483851852e+05 3.500013778323197621e+05 1.165851347153230890e+05 3.500009769140337012e+05 2.687516486835548421e+05 3.500010492332609138e+05 3.500014152439024183e+05 2.500016025320077606e+05
1.852713441628684565e+00 2.096483291457504674e+05 1.678267475382065665e+00 8.333502510418969905e+04 1.000017906733117998e+05 1.303682825706744097e+00 1.385025805365045493e+00 1.361159579161127731e+00 2.742747851374967722e+05 5.526482719738118612e+04 1.225809848556883130e+00 3.500013663996568648e+05 5.308963586225542430e-01 1.306304144294622160e+00 1.366007519337428144e+00 1.525701470359412726e+00 1.388860978021414727e+00 1.713558865623911552e+05 1.677514836387872244e+00 3.283293152794425841e+05 1.129237408321358993e+00 1.229183827361621807e+05 1.232623628034153818e+00 1.766477933747438334e+00 1.500017986062329146e+05
1.745967256918683930e+00 2.096483304063156829e+05 1.642767515225736830e+00 8.333508622212280170e+04 1.000017387989611161e+05 1.266720235672821104e+00 1.431072026278664922e+00 1.502344691210851346e+00 2.742747103761915932e+05 5.526485720098291495e+04 1.259999691278635536e+00 3.500012022965998622e+05 1.306304144294622160e+00 4.037434693493739402e-01 1.234960457006156087e+00 1.448261303002239542e+00 1.290652502203628149e+00 1.713557581481985981e+05 1.539145164584162284e+00 3.283290805994811235e+05 9.597072790818841348e-01 1.229183203842240910e+05 1.108989340511231436e+00 1.661229501165280675e+00 1.500015645011994638e+05
1.757267442636454513e+00 2.096482297723939992e+05 1.605601023383993242e+00 8.333494965635998233e+04 1.000015852368115302e+05 1.039806837136963313e+00 1.298038946734373589e+00 1.554118162130081915e+00 2.742745179839364719e+05 5.526479981086908083e+04 1.270677990385176370e+00 3.500012062057331204e+05 1.366007519337428144e+00 1.234960457006155865e+00 4.057525221038176810e-01 1.413699668722923741e+00 1.022345013779458078e+00 1.713558354997731803e+05 1.539415329651077080e+00 3.283291328213398810e+05 8.699141965819141564e-01 1.229182823458387866e+05 1.010301874211522399e+00 1.603462947854778831e+00 1.500017625908754126e+05
1.776759615510141277e+00 2.096484965640562004e+05 1.650011367444838672e+00 8.333509450137871318e+04 1.000016776963185403e+05 1.462498001455276420e+00 1.643651365901127814e+00 1.503482952868999467e+00 2.742748338464569533e+05 5.526481443622057850e+04 1.457005887715084880e+00 3.500014594436769257e+05 1.525701470359412726e+00 1.448261303002239320e+00 1.413699668722923741e+00 4.852419667794872771e-01 1.545569679427360787e+00 1.713560541631391388e+05 1.553771834999229329e+00 3.283294553142717341e+05 1.098158389703770998e+00 1.229184672378802643e+05 1.365953497227820446e+00 1.729866403416154164e+00 1.500018957510089967e+05
1.576675580402568499e+00 2.096482502180455776e+05 1.587456761292878493e+00 8.333488715393128223e+04 1.000015333918012620e+05 8.317690669509114620e-01 1.390413898702199891e+00 1.328981447683828643e+00 2.742745687067040708e+05 5.526477160998701584e+04 1.284130349911032365e+00 3.500011607248476939e+05 1.388860978021414505e+00 1.290652502203628149e+00 1.022345013779457856e+00 1.545569679427360787e+00 4.140842276297441726e-01 1.713556404906120442e+05 1.545709229798259532e+00 3.283290103330264683e+05 7.937553593549689923e-01 1.229181566671340115e+05 8.077074886515971386e-01 1.603519994600198117e+00 1.500014573509024340e+05
1.713559274205082620e+05 5.951815454956588655e+04 1.713559918739771820e+05 8.802284894015037571e+04 7.135621514854091220e+04 1.713556085915711010e+05 1.713560085826889554e+05 1.713558673718772479e+05 1.608977525688214810e+05 1.160928353393084690e+05 1.713558028511413140e+05 2.458346258483851852e+05 1.713558865623911552e+05 1.713557581481985981e+05 1.713558354997731803e+05 1.713560541631391388e+05 1.713556404906120442e+05 1.768727711134324272e+04 1.713560374922866176e+05 2.241627286450282263e+05 1.713554143157610670e+05 4.843958779464576946e+04 1.713554888318768062e+05 1.713560275456297386e+05 2.135579890452319160e+04
1.642902663122121298e+00 2.096484728873735294e+05 1.452154589545956886e+00 8.333523530471281265e+04 1.000019135079661355e+05 1.398418620526321154e+00 1.517988982257232111e+00 1.605935769517568668e+00 2.742748093834125320e+05 5.526504489482821373e+04 1.780701742038116819e+00 3.500013778323197621e+05 1.677514836387872244e+00 1.539145164584162284e+00 1.539415329651077080e+00 1.553771834999229329e+00 1.545709229798259532e+00 1.713560374922866176e+05 4.403809449339836091e-01 3.283292987540323520e+05 1.183041884454792081e+00 1.229184795468961092e+05 1.334115348435461090e+00 1.513655014467584214e+00 1.500018642484430748e+05
3.283293783100314904e+05 1.914804910194660188e+05 3.283293361195242614e+05 2.699962684472565888e+05 2.533297483225107135e+05 3.283291288196266978e+05 3.283292529712986434e+05 3.283292190382739063e+05 1.215821980382887996e+05 2.783294903409089893e+05 3.283291902937291889e+05 1.165851347153230890e+05 3.283293152794425841e+05 3.283290805994811235e+05 3.283291328213398810e+05 3.283294553142718505e+05 3.283290103330264683e+05 2.241627286450281972e+05 3.283292987540323520e+05 5.418773872444965673e+04 3.283289443774275132e+05 2.470795867739329406e+05 3.283290048729338450e+05 3.283294336089470307e+05 2.283294768055587483e+05
1.180838982789373492e+00 2.096480189303370425e+05 1.127809603444928754e+00 8.333462489130804897e+04 1.000013300507020904e+05 7.673112172255878161e-01 1.160119688893518131e+00 1.066215409729028174e+00 2.742744930391680100e+05 5.526441906237800868e+04 1.003045709833513932e+00 3.500009769140337012e+05 1.129237408321358993e+00 9.597072790818841348e-01 8.699141965819139344e-01 1.098158389703770998e+00 7.937553593549689923e-01 1.713554143157610670e+05 1.183041884454791859e+00 3.283289443774274550e+05 1.950149189515787695e-01 1.229179834352970211e+05 4.670822565472884658e-01 1.164442110383588469e+00 1.500012560169234930e+05
1.229185968384404114e+05 9.228752549031437957e+04 1.229184795763695292e+05 3.958474072411390080e+04 2.291802938868347337e+04 1.229179940124905843e+05 1.229183912160436448e+05 1.229185137106398761e+05 1.838145977483118477e+05 6.765517182155029150e+04 1.229184927156398335e+05 2.687516486835548421e+05 1.229183827361621807e+05 1.229183203842240910e+05 1.229182823458387866e+05 1.229184672378802643e+05 1.229181566671340115e+05 4.843958779464576946e+04 1.229184795468961092e+05 2.470795867739329406e+05 1.229179834352970211e+05 2.048675926407888983e+04 1.229180278081655997e+05 1.229185884836801561e+05 2.708504061379240375e+04
1.359724748383015269e+00 2.096480838872932072e+05 1.281378883900359922e+00 8.333471859873915673e+04 1.000014096627177496e+05 7.840175306617312989e-01 1.256179711494180395e+00 1.216770851181145696e+00 2.742745908074414474e+05 5.526457692253740970e+04 1.194010284880282713e+00 3.500010492332609138e+05 1.232623628034153818e+00 1.108989340511231436e+00 1.010301874211522621e+00 1.365953497227820890e+00 8.077074886515971386e-01 1.713554888318768062e+05 1.334115348435461312e+00 3.283290048729338450e+05 4.670822565472884658e-01 1.229180278081655852e+05 3.117526831185300495e-01 1.300170059741518669e+00 1.500012606819674838e+05
1.553544106837152494e+00 2.096484581779053842e+05 1.398420745414387101e+00 8.333525009805973968e+04 1.000017922842919506e+05 1.537486071859925474e+00 1.694652039419099587e+00 1.767135172189614023e+00 2.742750742495178711e+05 5.526500397999029519e+04 1.784265620712525591e+00 3.500014152439024183e+05 1.766477933747437890e+00 1.661229501165280675e+00 1.603462947854778831e+00 1.729866403416153942e+00 1.603519994600198117e+00 1.713560275456297386e+05 1.513655014467584214e+00 3.283294336089470307e+05 1.164442110383588469e+00 1.229185884836801124e+05 1.300170059741518669e+00 4.997609152954545775e-01 1.500017646158136195e+05
1.500016900126518158e+05 6.798214345300520654e+04 1.500017354867915274e+05 6.666843601280555595e+04 5.000198635020337679e+04 1.500014193258494197e+05 1.500017576289248536e+05 1.500017217171278608e+05 1.650647041402208852e+05 9.473859310188879317e+04 1.500016352069814748e+05 2.500016025320077897e+05 1.500017986062329146e+05 1.500015645011994638e+05 1.500017625908754126e+05 1.500018957510090258e+05 1.500014573509024049e+05 2.135579890452319160e+04 1.500018642484430748e+05 2.283294768055587483e+05 1.500012560169234930e+05 2.708504061379240738e+04 1.500012606819674838e+05 1.500017646158136195e+05 5.836892962227504533e-01
