8.328248173588177451e+03 9.145058579565836408e+04 9.145061696137282706e+04 9.145063202062661003e+04 9.145062712268780160e+04 9.145039878871200199e+04 1.620907286756771209e+05 9.145065283983740665e+04 9.145062068755575456e+04 9.145039175388547301e+04 9.145052585498563712e+04 1.121135661545484181e+05 9.145060225615766831e+04 4.936391981425073755e+04 4.600684296375255217e+05 9.145068017429164320e+04 2.257593812047189276e+05 8.753584033487040142e+04 6.679845657516086067e+04 1.205754345627916337e+05 4.939227972354000667e+04 9.145020531803391350e+04 3.772676027162196115e+05 7.532136035203740175e+04 3.151881618121079009e+04
9.145058579565836408e+04 9.633428049592206444e-01 1.931813650026269480e+00 1.613099925524039827e+04 1.613101394719872042e+04 1.613092413374491298e+04 1.943726509865596599e+05 1.851005110638066498e+00 1.613103843332243014e+04 1.613086106704573649e+04 1.325066700948953985e+04 1.451634976591206214e+05 1.613093155490559184e+04 4.298320803389665525e+04 4.923503151275865384e+05 1.613097851577050642e+04 2.580412322810875485e+05 1.359467919826195284e+05 1.152094059549261583e+05 1.528573112554735271e+05 1.070070784073016257e+05 1.613058088428704832e+04 4.095494222012570244e+05 3.226004400587315831e+04 7.603875739491269633e+04
9.145061696137282706e+04 1.931813650026269258e+00 1.002687351299019980e+00 1.613095868648537726e+04 1.613092296530466410e+04 1.613085043098970891e+04 1.943726251775110140e+05 1.729390429183116140e+00 1.613095508561703173e+04 1.613080451148728935e+04 1.325069412826134430e+04 1.451634623782810813e+05 1.613096114231967476e+04 4.298329175318617490e+04 4.923502316869365750e+05 1.613096513641691126e+04 2.580412162049750914e+05 1.359467107285567326e+05 1.152095037570891436e+05 1.528571922207355674e+05 1.070071491918951360e+05 1.613057156340549409e+04 4.095493742727396893e+05 3.226002681171484073e+04 7.603890239129572001e+04
9.145063202062658092e+04 1.613099925524039827e+04 1.613095868648537726e+04 8.578025311514817508e-01 1.621190080000787681e+00 1.613079380368735474e+04 1.943725777037582302e+05 1.613094597286714270e+04 1.677310126741083485e+00 1.613073085265052578e+04 8.642291564725870558e+03 1.451634299920461490e+05 1.613075659891854229e+04 4.931967748939849844e+04 4.923501797079496901e+05 1.712734907440963905e+00 2.580411159677013347e+05 1.359468011768754805e+05 1.152094477741721494e+05 1.528571858572586789e+05 1.070071227736595029e+05 1.613045418930883352e+04 4.095492844502080698e+05 3.225995108178471855e+04 7.603887855843026773e+04
9.145062712268778705e+04 1.613101394719872042e+04 1.613092296530466410e+04 1.621190080000787681e+00 8.755067933783501344e-01 1.613073954244890228e+04 1.943725183898621763e+05 1.613085760660560845e+04 1.712165242464364079e+00 1.613065207444503358e+04 8.642313024880337252e+03 1.451633752510682389e+05 1.613075114828104597e+04 4.931965425025382865e+04 4.923501767525702599e+05 1.700805277600768717e+00 2.580410865117415378e+05 1.359467168532395153e+05 1.152094083518228726e+05 1.528571217890564876e+05 1.070070718361136387e+05 1.613041957006750090e+04 4.095492932244325057e+05 3.225992497306476798e+04 7.603892908630907186e+04
9.145039878871198744e+04 1.613092413374491298e+04 1.613085043098970891e+04 1.613079380368735474e+04 1.613073954244890228e+04 8.395720595361954031e-01 1.943722354778543522e+05 1.613082292305313422e+04 1.613077697695689494e+04 1.323709469317937870e+00 1.037021884027164378e+04 1.451631691015815304e+05 1.452479662435398833e+00 4.931950754593533202e+04 4.923499872485882370e+05 1.613078839235164924e+04 2.580408858219740214e+05 1.359465186974082608e+05 1.152092117411484505e+05 1.528569943930760492e+05 1.070068906867099431e+05 1.137165694597334076e+00 4.095491296107080998e+05 1.613059374548904998e+04 7.603876644979999401e+04
1.620907286756771209e+05 1.943726509865597181e+05 1.943726251775110140e+05 1.943725777037582302e+05 1.943725183898621763e+05 1.943722354778543522e+05 6.258036996423605888e+04 1.943726404494378367e+05 1.943726633384927409e+05 1.943722175268038991e+05 1.943724343442760292e+05 1.288525014482650149e+05 1.943724382201298140e+05 1.620786728865083714e+05 4.580521133445277228e+05 1.943725788244646974e+05 1.692706216206071549e+05 1.361490422839640814e+05 1.587906109977557498e+05 1.220704190440893581e+05 1.620908049434577115e+05 1.943721064505215036e+05 3.484974474487017142e+05 1.782432776466336509e+05 1.620908333026978944e+05
9.145065283983739209e+04 1.851005110638066498e+00 1.729390429183116140e+00 1.613094597286714270e+04 1.613085760660560845e+04 1.613082292305313422e+04 1.943726404494378367e+05 9.560257330876407167e-01 1.613091585505510739e+04 1.613075634562573214e+04 1.325066412249112000e+04 1.451635045528398186e+05 1.613090105162961845e+04 4.298323043583631807e+04 4.923502903678140719e+05 1.613084926993045156e+04 2.580411959291910171e+05 1.359467562459800974e+05 1.152094187155692489e+05 1.528572171877647925e+05 1.070070548287686543e+05 1.613052375793150532e+04 4.095494161323227454e+05 3.225995857054333828e+04 7.603886369008199836e+04
9.145062068755575456e+04 1.613103843332243014e+04 1.613095508561703173e+04 1.677310126741083485e+00 1.712165242464364079e+00 1.613077697695689494e+04 1.943726633384927409e+05 1.613091585505510739e+04 9.071616600547514064e-01 1.613073195508975004e+04 8.642225691347462998e+03 1.451633836626368866e+05 1.613076422222188557e+04 4.931969317406658956e+04 4.923502785494672135e+05 1.698370920875123424e+00 2.580411104431849380e+05 1.359466704319266137e+05 1.152094163095846598e+05 1.528572373648994835e+05 1.070071665408104163e+05 1.613047806660522110e+04 4.095493544480564306e+05 3.225992843038284263e+04 7.603883989692995965e+04
9.145039175388547301e+04 1.613086106704573649e+04 1.613080451148728935e+04 1.613073085265052578e+04 1.613065207444503358e+04 1.323709469317937870e+00 1.943722175268038991e+05 1.613075634562573214e+04 1.613073195508975004e+04 8.263470379068255101e-01 1.037022356401510478e+04 1.451630159637863981e+05 1.418666657774546813e+00 4.931945574796198343e+04 4.923499841138612246e+05 1.613073349099765437e+04 2.580408485985614534e+05 1.359463599943475274e+05 1.152091354584389046e+05 1.528568121992042579e+05 1.070067920830975927e+05 1.039484771820820663e+00 4.095490817378369393e+05 1.613052788083489577e+04 7.603864558251699782e+04
9.145052585498563712e+04 1.325066700948953985e+04 1.325069412826134430e+04 8.642291564725872377e+03 8.642313024880339071e+03 1.037021884027164560e+04 1.943724343442760292e+05 1.325066412249112000e+04 8.642225691347462998e+03 1.037022356401510478e+04 1.008162260241739932e+04 1.451632624321962940e+05 1.037023337376056952e+04 4.818810414388655772e+04 4.923500775504816556e+05 8.642207822018848674e+03 2.580410104537753505e+05 1.359466012934694882e+05 1.152093289171900688e+05 1.528571455249947030e+05 1.070070293123808515e+05 1.036990350119755567e+04 4.095492051616964163e+05 2.649938350488733340e+04 7.603878582351176010e+04
1.121135661545484181e+05 1.451634976591206214e+05 1.451634623782810813e+05 1.451634299920461199e+05 1.451633752510682680e+05 1.451631691015815304e+05 1.288525014482650149e+05 1.451635045528398186e+05 1.451633836626368866e+05 1.451630159637863981e+05 1.451632624321962940e+05 3.424733729216373467e+04 1.451631735927072586e+05 1.128695594555997814e+05 4.600683028773112455e+05 1.451634389799173805e+05 2.062655433946667472e+05 8.884451780987424718e+04 1.092710936221077282e+05 5.996282244000936043e+04 1.121134492188746517e+05 1.451628944991354947e+05 3.772674888845590176e+05 1.290340920616350340e+05 1.123328735970481357e+05
9.145060225615766831e+04 1.613093155490559184e+04 1.613096114231967476e+04 1.613075659891854229e+04 1.613075114828104597e+04 1.452479662435398833e+00 1.943724382201298140e+05 1.613090105162961845e+04 1.613076422222188557e+04 1.418666657774546813e+00 1.037023337376056588e+04 1.451631735927072586e+05 8.708761349317064582e-01 4.931964495250949403e+04 4.923500248569839750e+05 1.613075212081968311e+04 2.580409030724151526e+05 1.359465730382463953e+05 1.152092610104384803e+05 1.528570336461674888e+05 1.070070085001012048e+05 1.184575895204765583e+00 4.095490639919671812e+05 1.613070993633003127e+04 7.603880442580416275e+04
4.936391981425073755e+04 4.298320803389665525e+04 4.298329175318617490e+04 4.931967748939849844e+04 4.931965425025382865e+04 4.931950754593533202e+04 1.620786728865083714e+05 4.298323043583631807e+04 4.931969317406658956e+04 4.931945574796198343e+04 4.818810414388655772e+04 1.128695594555997814e+05 4.931964495250949403e+04 9.448799145895551192e+03 4.600564837073442177e+05 4.931972980180034938e+04 2.257474160712169833e+05 1.036528341535578511e+05 8.291538627318594081e+04 1.205633121706238308e+05 7.401345746380800847e+04 4.931922841869266995e+04 3.772556395300591830e+05 3.319035651732941915e+04 3.395213895401109039e+04
4.600684296375255217e+05 4.923503151275865966e+05 4.923502316869365750e+05 4.923501797079498065e+05 4.923501767525702599e+05 4.923499872485882370e+05 4.580521133445277228e+05 4.923502903678140719e+05 4.923502785494672135e+05 4.923499841138612246e+05 4.923500775504816556e+05 4.600683028773113620e+05 4.923500248569839750e+05 4.600564837073442177e+05 1.977871127924071625e+05 4.923501961871861131e+05 4.117976189421141171e+05 4.600684195811769459e+05 4.600252838775559212e+05 4.600683390130120097e+05 4.598359111934589455e+05 4.923498953418355668e+05 3.216777146470430307e+05 4.762210700544605497e+05 4.600684586816942319e+05
9.145068017429162865e+04 1.613097851577050642e+04 1.613096513641691126e+04 1.712734907440963905e+00 1.700805277600768717e+00 1.613078839235164924e+04 1.943725788244646974e+05 1.613084926993045156e+04 1.698370920875123646e+00 1.613073349099765437e+04 8.642207822018848674e+03 1.451634389799174096e+05 1.613075212081968311e+04 4.931972980180034938e+04 4.923501961871861131e+05 9.915584175358104213e-01 2.580411180660507816e+05 1.359467277399952873e+05 1.152094306434439059e+05 1.528572254789083963e+05 1.070071461331141618e+05 1.613043678975483454e+04 4.095492998341464554e+05 3.225998792401331957e+04 7.603881443023811153e+04
2.257593812047189276e+05 2.580412322810875776e+05 2.580412162049750914e+05 2.580411159677013347e+05 2.580410865117415378e+05 2.580408858219740214e+05 1.692706216206071549e+05 2.580411959291910171e+05 2.580411104431849380e+05 2.580408485985614534e+05 2.580410104537753505e+05 2.062655433946667472e+05 2.580409030724151526e+05 2.257474160712170124e+05 4.117976189421141171e+05 2.580411180660507816e+05 8.363145943543039903e+04 2.157748209042322414e+05 2.242900146997648990e+05 2.007834370085108967e+05 2.255269093015862454e+05 2.580407021859922388e+05 3.295690403075238573e+05 2.419118684613328660e+05 2.257593548032576800e+05
8.753584033487040142e+04 1.359467919826195284e+05 1.359467107285567326e+05 1.359468011768754805e+05 1.359467168532395153e+05 1.359465186974082608e+05 1.361490422839640814e+05 1.359467562459800974e+05 1.359466704319266137e+05 1.359463599943475274e+05 1.359466012934694882e+05 8.884451780987426173e+04 1.359465730382463953e+05 1.036528341535578511e+05 4.600684195811768877e+05 1.359467277399952873e+05 2.157748209042322123e+05 3.566154225520131149e+04 8.288287250896010664e+04 1.018263969346279628e+05 8.750025125230918638e+04 1.359462837030621886e+05 3.746342838842954952e+05 1.198174487010035518e+05 9.214398914179885469e+04
6.679845657516086067e+04 1.152094059549261583e+05 1.152095037570891145e+05 1.152094477741721494e+05 1.152094083518228726e+05 1.152092117411484505e+05 1.587906109977557498e+05 1.152094187155692489e+05 1.152094163095846598e+05 1.152091354584389046e+05 1.152093289171900833e+05 1.092710936221077282e+05 1.152092610104384948e+05 8.291538627318594081e+04 4.600252838775559212e+05 1.152094306434438913e+05 2.242900146997648990e+05 8.288287250896010664e+04 2.621795138454476546e+04 1.182627548015128414e+05 5.365602482282940764e+04 1.152089379069811257e+05 3.772245344738985295e+05 9.908017337104547187e+04 7.140664732961168920e+04
1.205754345627916482e+05 1.528573112554735271e+05 1.528571922207355674e+05 1.528571858572587080e+05 1.528571217890564876e+05 1.528569943930760492e+05 1.220704190440893581e+05 1.528572171877647925e+05 1.528572373648994835e+05 1.528568121992042579e+05 1.528571455249947030e+05 5.996282244000936043e+04 1.528570336461674888e+05 1.205633121706238308e+05 4.600683390130121261e+05 1.528572254789083963e+05 2.007834370085108967e+05 1.018263969346279773e+05 1.182627548015128414e+05 4.168202119741802744e+04 1.205103166414144944e+05 1.528567470253035135e+05 3.734224435497295344e+05 1.367278285106242110e+05 1.205753657191483799e+05
4.939227972354000667e+04 1.070070784073016257e+05 1.070071491918951360e+05 1.070071227736595029e+05 1.070070718361136678e+05 1.070068906867099431e+05 1.620908049434577115e+05 1.070070548287686543e+05 1.070071665408104309e+05 1.070067920830975927e+05 1.070070293123808515e+05 1.121134492188746663e+05 1.070070085001012048e+05 7.401345746380800847e+04 4.598359111934589455e+05 1.070071461331141763e+05 2.255269093015862163e+05 8.750025125230920094e+04 5.365602482282940764e+04 1.205103166414144944e+05 1.824131221409370482e+04 1.070066638382629026e+05 3.770349876246482600e+05 9.087780206298321718e+04 6.205220494020843762e+04
9.145020531803391350e+04 1.613058088428704832e+04 1.613057156340549409e+04 1.613045418930883352e+04 1.613041957006750090e+04 1.137165694597333854e+00 1.943721064505215036e+05 1.613052375793150532e+04 1.613047806660522110e+04 1.039484771820820663e+00 1.036990350119755567e+04 1.451628944991354947e+05 1.184575895204765583e+00 4.931922841869266995e+04 4.923498953418355668e+05 1.613043678975483454e+04 2.580407021859922097e+05 1.359462837030622177e+05 1.152089379069811257e+05 1.528567470253035135e+05 1.070066638382628880e+05 6.100099417675829416e-01 4.095489596423042822e+05 1.613038956481071182e+04 7.603843678878483479e+04
3.772676027162196115e+05 4.095494222012569662e+05 4.095493742727396893e+05 4.095492844502080698e+05 4.095492932244325639e+05 4.095491296107081580e+05 3.484974474487016560e+05 4.095494161323228618e+05 4.095493544480564888e+05 4.095490817378369393e+05 4.095492051616964163e+05 3.772674888845590176e+05 4.095490639919671812e+05 3.772556395300591830e+05 3.216777146470430307e+05 4.095492998341464554e+05 3.295690403075238573e+05 3.746342838842954952e+05 3.772245344738985295e+05 3.734224435497295344e+05 3.770349876246482600e+05 4.095489596423042822e+05 1.615450129659718077e+05 3.934201449919464067e+05 3.772675241625785711e+05
7.532136035203738720e+04 3.226004400587315831e+04 3.226002681171484073e+04 3.225995108178471855e+04 3.225992497306476798e+04 1.613059374548904998e+04 1.782432776466336509e+05 3.225995857054333828e+04 3.225992843038284627e+04 1.613052788083489577e+04 2.649938350488733340e+04 1.290340920616350340e+05 1.613070993633003127e+04 3.319035651732941915e+04 4.762210700544604915e+05 3.225998792401331957e+04 2.419118684613328660e+05 1.198174487010035518e+05 9.908017337104550097e+04 1.367278285106242110e+05 9.087780206298321718e+04 1.613038956481071182e+04 3.934201449919464067e+05 1.612993371215272600e+04 5.990963841010662145e+04
3.151881618121079737e+04 7.603875739491269633e+04 7.603890239129572001e+04 7.603887855843026773e+04 7.603892908630907186e+04 7.603876644979999401e+04 1.620908333026978944e+05 7.603886369008199836e+04 7.603883989692995965e+04 7.603864558251699782e+04 7.603878582351176010e+04 1.123328735970481357e+05 7.603880442580416275e+04 3.395213895401109039e+04 4.600684586816942319e+05 7.603881443023811153e+04 2.257593548032576800e+05 9.214398914179886924e+04 7.140664732961168920e+04 1.205753657191483217e+05 6.205220494020844490e+04 7.603843678878483479e+04 3.772675241625786875e+05 5.990963841010662145e+04 7.777240637306087592e+03
