2.494806209778573975e+04 1.084524069146277907e+05 1.084522652707749512e+05 7.326145255472460121e+04 1.084523811723423423e+05 4.292717405073269620e+05 1.070530634097261936e+05 7.603357779071955883e+04 1.084524221559963189e+05 2.634626282754653366e+05 1.084519069945211231e+05 3.547205277561355033e+05 1.106926651548144291e+05 1.035545361560116144e+05 8.059589296834984270e+04 1.084522330463395629e+05 1.995058116085705988e+05 1.084524501085030934e+05 9.212592419180512661e+04 1.084520755732484977e+05 1.084524022572384129e+05 1.084520848871685157e+05 1.513428697039170947e+05 4.436314650305824762e+04 5.966396778677971452e+04
1.084524069146277907e+05 6.605889838398953939e-01 1.143015419426248081e+04 1.376890388230811222e+05 3.062694958147877060e+03 4.668226413461294724e+05 1.469561917589382574e+04 6.611369185366654710e+04 1.403833267506006788e+00 3.015187779036179418e+05 1.142984573501671184e+04 3.922713328311587102e+05 1.658791992666986771e+05 2.357331740482914029e+04 5.176014406637131469e+04 1.143013582124094137e+04 2.418280212531962316e+05 1.402501171296079097e+00 4.000183511082166660e+04 1.142999693561592721e+04 1.456654306249376640e+00 1.143015854946533545e+04 1.979274441281695617e+05 9.695990336382776150e+04 8.148685926923800434e+04
1.084522652707749512e+05 1.143015419426248081e+04 5.898647265205175794e-01 1.376888565224143385e+05 9.389101600184621930e+03 4.668225510003331583e+05 1.469554245275596259e+04 6.611354325379035436e+04 1.143012004896566214e+04 3.015186175836368930e+05 1.103290806656098244e+00 3.922711184158956748e+05 1.658790143490338232e+05 2.357318537393040242e+04 5.176003186386721063e+04 1.174091476800656508e+00 2.418278423728522030e+05 1.143002821827426669e+04 4.000176107195495570e+04 1.166729818085568748e+00 1.143028501354500986e+04 1.285606404794138014e+00 1.979273019749571395e+05 9.695977493610675447e+04 8.148671402052769554e+04
7.326145255472460121e+04 1.376890388230811222e+05 1.376888565224143385e+05 2.370229983597350292e+04 1.376889623651006550e+05 4.096799657350087073e+05 1.376890266546156781e+05 1.107501935558342084e+05 1.376889864068507450e+05 2.401390539430820791e+05 1.376885846369948995e+05 3.318633443611076218e+05 6.959797315736375458e+04 1.376890533750450995e+05 1.148317567472318915e+05 1.376887890594617638e+05 1.698404541708778415e+05 1.376889953655832214e+05 1.262604690346914431e+05 1.376886426415145688e+05 1.376891208045147068e+05 1.376887500036050624e+05 1.170621327813138778e+05 8.956838049420159950e+04 9.744292174361144134e+04
1.084523811723423423e+05 3.062694958147877514e+03 9.389101600184621930e+03 1.376889623651006550e+05 3.572068656851627111e+03 4.668225383351789787e+05 1.367508144500281196e+04 6.611358360102763982e+04 3.062562781842741060e+03 3.015187274424767238e+05 9.388882346798854996e+03 3.922712051346463850e+05 1.658791056620719319e+05 2.255278502061819381e+04 5.135922293653292581e+04 9.389115049612384610e+03 2.418279792786359903e+05 3.062593794054024329e+03 3.898134994585720415e+04 9.389051103243265970e+03 3.062845188302087536e+03 9.389194048681962158e+03 1.979273126888617408e+05 9.695986883850212325e+04 8.148677133746311301e+04
4.292717405073269620e+05 4.668226413461294724e+05 4.668225510003331583e+05 4.096799657350087073e+05 4.668225383351789787e+05 1.180155603322204697e+05 4.668227620774392271e+05 4.439656560150900623e+05 4.668226621919044992e+05 3.170515266215207521e+05 4.668224019243564107e+05 2.510127076311349228e+05 4.000927327132761711e+05 4.668227311797786388e+05 4.439656563641739776e+05 4.668225171346655115e+05 3.543577814810127020e+05 4.668226268277328345e+05 4.553942841165942955e+05 4.668224951988246758e+05 4.668226607389600249e+05 4.668224706075942377e+05 3.795270072813341394e+05 4.363465753251866554e+05 4.382512977834652993e+05
1.070530634097261936e+05 1.469561917589382574e+04 1.469554245275596259e+04 1.376890266546156781e+05 1.367508144500281196e+04 4.668227620774392271e+05 4.665419912605082573e+03 5.713395812834073149e+04 1.469560695654450501e+04 3.015189568543736823e+05 1.469518700466033079e+04 3.922713663263219642e+05 1.658792649905926373e+05 8.879135501210281291e+03 4.053552314043101796e+04 1.469551605843738253e+04 2.418281564186481701e+05 1.469559222820068499e+04 2.530787001330553903e+04 1.469534262055028194e+04 1.469566465098242224e+04 1.469551443386810570e+04 1.979275352124052006e+05 9.521065089530896512e+04 7.822143111829388363e+04
7.603357779071954428e+04 6.611369185366654710e+04 6.611354325379035436e+04 1.107501935558342084e+05 6.611358360102763982e+04 4.439656560150900623e+05 5.713395812834073149e+04 4.170421173000231647e+03 6.611365021635120502e+04 2.786617493835840723e+05 6.611309358051397430e+04 3.694143032289291732e+05 1.428275871595255448e+05 4.897063240766296803e+04 2.120267821761642699e+04 6.611351296433359676e+04 2.189711805548943812e+05 6.611366738396357687e+04 3.754210402783362952e+04 6.611334387373390200e+04 6.611357427918944450e+04 6.611334561051682977e+04 1.750703885402702435e+05 5.859474967757739068e+04 3.250932274798388971e+04
1.084524221559962898e+05 1.403833267506006788e+00 1.143012004896566214e+04 1.376889864068507450e+05 3.062562781842741060e+03 4.668226621919044992e+05 1.469560695654450501e+04 6.611365021635120502e+04 5.868379474018381448e-01 3.015188100192686543e+05 1.142980361589390486e+04 3.922713317935888772e+05 1.658791857548625267e+05 2.357323627349953676e+04 5.176013120571833861e+04 1.143006339190444123e+04 2.418280986445838935e+05 1.304109941390574345e+00 4.000179854038870690e+04 1.142997059023182192e+04 1.593372193099053202e+00 1.143010461553992900e+04 1.979274087323247804e+05 9.695992528373621462e+04 8.148685351724644715e+04
2.634626282754653366e+05 3.015187779036179418e+05 3.015186175836368930e+05 2.401390539430820791e+05 3.015187274424767238e+05 3.170515266215207521e+05 3.015189568543736823e+05 2.786617493835840723e+05 3.015188100192686543e+05 8.303892099566941033e+04 3.015184305597183993e+05 2.259791827498500643e+05 2.263026159618300444e+05 3.015188787220694358e+05 2.786618047671807581e+05 3.015185899065398262e+05 1.604144509972212254e+05 3.015187534690708853e+05 2.900903534650758957e+05 3.015185568037289777e+05 3.015186973102719057e+05 3.015185371814824757e+05 1.971358909293512406e+05 2.710427470462782076e+05 2.729475389237930649e+05
1.084519069945211231e+05 1.142984573501671184e+04 1.103290806656098244e+00 1.376885846369948995e+05 9.388882346798853177e+03 4.668224019243564107e+05 1.469518700466033079e+04 6.611309358051397430e+04 1.142980361589390486e+04 3.015184305597183993e+05 3.794575239325944094e-01 3.922710378425184754e+05 1.658786490679285489e+05 2.357275245267685750e+04 5.175966600945279788e+04 1.046981414420702583e+00 2.418277637245394872e+05 1.142978862086662957e+04 4.000138204746614792e+04 8.147841740250578724e-01 1.142982697420490149e+04 8.724367068041483098e-01 1.979269854818943131e+05 9.695935673168156063e+04 8.148625835070566973e+04
3.547205277561355033e+05 3.922713328311587102e+05 3.922711184158956748e+05 3.318633443611076218e+05 3.922712051346463850e+05 2.510127076311349811e+05 3.922713663263219642e+05 3.694143032289291732e+05 3.922713317935888772e+05 2.259791827498500643e+05 3.922710378425184754e+05 9.719805482663586736e+04 3.255414476317304652e+05 3.922713904412692646e+05 3.694143283290807158e+05 3.922711425555804744e+05 2.892093251112640137e+05 3.922712779456576100e+05 3.808429181076645618e+05 3.922711122286053142e+05 3.922713464631991810e+05 3.922710990470530232e+05 3.044865104163524229e+05 3.617952524224925437e+05 3.615570832856938941e+05
1.106926651548144291e+05 1.658791992666986771e+05 1.658790143490338232e+05 6.959797315736375458e+04 1.658791056620719319e+05 4.000927327132761711e+05 1.658792649905926373e+05 1.428275871595255448e+05 1.658791857548625267e+05 2.263026159618300444e+05 1.658786490679285489e+05 3.255414476317304652e+05 3.510657487530358776e+04 1.658791657087393978e+05 1.430220127958692028e+05 1.658789585493832128e+05 1.485653189001297287e+05 1.658791612558754277e+05 1.544506605138608138e+05 1.658787940258684976e+05 1.658790875808086130e+05 1.658788221186809242e+05 7.468262394941502134e+04 1.241104707181934355e+05 1.313214158686721639e+05
1.035545361560116144e+05 2.357331740482914029e+04 2.357318537393040242e+04 1.376890533750450995e+05 2.255278502061819017e+04 4.668227311797786388e+05 8.879135501210281291e+03 4.897063240766296803e+04 2.357323627349953676e+04 3.015188787220694358e+05 2.357275245267685750e+04 3.922713904412692646e+05 1.658791657087393978e+05 1.250720192964684657e+03 3.183652391738152437e+04 2.357316032114888003e+04 2.418282315616506094e+05 2.357324130248113215e+04 1.643014387921107482e+04 2.357298056067126527e+04 2.357327667567505341e+04 2.357309396851294514e+04 1.979275907796037500e+05 9.083749833077692892e+04 7.005817215876370028e+04
8.059589296834984270e+04 5.176014406637131469e+04 5.176003186386721063e+04 1.148317567472318915e+05 5.135922293653292581e+04 4.439656563641739776e+05 4.053552314043101796e+04 2.120267821761642699e+04 5.176013120571833861e+04 2.786618047671807581e+05 5.175966600945279788e+04 3.694143283290807158e+05 1.430220127958692028e+05 3.183652391738152437e+04 5.490798104625139786e+03 5.176002130103949457e+04 2.189710319157600461e+05 5.176015802204125794e+04 1.665788888780940761e+04 5.175977010776173120e+04 5.176023160669097706e+04 5.175996312857727753e+04 1.750704397316491522e+05 6.771971374892430322e+04 4.371887804722475266e+04
1.084522330463395629e+05 1.143013582124094137e+04 1.174091476800656508e+00 1.376887890594617638e+05 9.389115049612384610e+03 4.668225171346655115e+05 1.469551605843738253e+04 6.611351296433359676e+04 1.143006339190444123e+04 3.015185899065398262e+05 1.046981414420702583e+00 3.922711425555804744e+05 1.658789585493832128e+05 2.357316032114888003e+04 5.176002130103949457e+04 5.985517299810159120e-01 2.418278720402869512e+05 1.143005436073670717e+04 4.000174114236869354e+04 1.128008809704498683e+00 1.143025424006887260e+04 1.185032945143481564e+00 1.979272562009248359e+05 9.695976841771454201e+04 8.148671159292350058e+04
1.995058116085705988e+05 2.418280212531962316e+05 2.418278423728522030e+05 1.698404541708778124e+05 2.418279792786359903e+05 3.543577814810127020e+05 2.418281564186481701e+05 2.189711805548943812e+05 2.418280986445838935e+05 1.604144509972212254e+05 2.418277637245394872e+05 2.892093251112640137e+05 1.485653189001297287e+05 2.418282315616506094e+05 2.189710319157600461e+05 2.418278720402869512e+05 4.895167073171455559e+04 2.418279964301363507e+05 2.303996339032426768e+05 2.418277737202393764e+05 2.418281582936527557e+05 2.418278689038523298e+05 1.130697793193630205e+05 2.090780283533479669e+05 2.132569248151848151e+05
1.084524501085030934e+05 1.402501171296079097e+00 1.143002821827426669e+04 1.376889953655832214e+05 3.062593794054024329e+03 4.668226268277328345e+05 1.469559222820068317e+04 6.611366738396357687e+04 1.304109941390574345e+00 3.015187534690708853e+05 1.142978862086662957e+04 3.922712779456575518e+05 1.658791612558754277e+05 2.357324130248113215e+04 5.176015802204125794e+04 1.143005436073670717e+04 2.418279964301363507e+05 6.551044482108528966e-01 4.000181781112618773e+04 1.142992847234659166e+04 1.553254893059567321e+00 1.143009713367462246e+04 1.979273950163466507e+05 9.695992614486046659e+04 8.148685201454102935e+04
9.212592419180512661e+04 4.000183511082166660e+04 4.000176107195495570e+04 1.262604690346914431e+05 3.898134994585720415e+04 4.553942841165942955e+05 2.530787001330553903e+04 3.754210402783362952e+04 4.000179854038870690e+04 2.900903534650758957e+05 4.000138204746614792e+04 3.808429181076645618e+05 1.544506605138608138e+05 1.643014387921107482e+04 1.665788888780940761e+04 4.000174114236869354e+04 2.303996339032426768e+05 4.000181781112618773e+04 1.142933340532089460e+04 4.000152195502362883e+04 4.000191150431351707e+04 4.000172561209931882e+04 1.864989426128699852e+05 7.940890121348627144e+04 5.862964814254615339e+04
1.084520755732484977e+05 1.142999693561592721e+04 1.166729818085568748e+00 1.376886426415145688e+05 9.389051103243265970e+03 4.668224951988246758e+05 1.469534262055028194e+04 6.611334387373390200e+04 1.142997059023182192e+04 3.015185568037289777e+05 8.147841740250578724e-01 3.922711122286053142e+05 1.658787940258684976e+05 2.357298056067126527e+04 5.175977010776173120e+04 1.128008809704498683e+00 2.418277737202393764e+05 1.142992847234659166e+04 4.000152195502362883e+04 5.627707497622095323e-01 1.143011144004224479e+04 1.055669186479860855e+00 1.979271173973217083e+05 9.695958011017210083e+04 8.148650051434767374e+04
1.084524022572384129e+05 1.456654306249376862e+00 1.143028501354500986e+04 1.376891208045147068e+05 3.062845188302087536e+03 4.668226607389600249e+05 1.469566465098242224e+04 6.611357427918944450e+04 1.593372193099053202e+00 3.015186973102719057e+05 1.142982697420490149e+04 3.922713464631991810e+05 1.658790875808086130e+05 2.357327667567505341e+04 5.176023160669097706e+04 1.143025424006887260e+04 2.418281582936527557e+05 1.553254893059567321e+00 4.000191150431351707e+04 1.143011144004224479e+04 6.287653601811824533e-01 1.143016688603957664e+04 1.979274037458955136e+05 9.695990845455786621e+04 8.148683388399088290e+04
1.084520848871685157e+05 1.143015854946533545e+04 1.285606404794138014e+00 1.376887500036050624e+05 9.389194048681962158e+03 4.668224706075942959e+05 1.469551443386810570e+04 6.611334561051682977e+04 1.143010461553992900e+04 3.015185371814824757e+05 8.724367068041483098e-01 3.922710990470530814e+05 1.658788221186809242e+05 2.357309396851294514e+04 5.175996312857727753e+04 1.185032945143481786e+00 2.418278689038523298e+05 1.143009713367462246e+04 4.000172561209931882e+04 1.055669186479861077e+00 1.143016688603957664e+04 5.768733002388952702e-01 1.979271119844472851e+05 9.695958390149324259e+04 8.148652444251530687e+04
1.513428697039171238e+05 1.979274441281695617e+05 1.979273019749571395e+05 1.170621327813138923e+05 1.979273126888617408e+05 3.795270072813341394e+05 1.979275352124052006e+05 1.750703885402702726e+05 1.979274087323247804e+05 1.971358909293512406e+05 1.979269854818943131e+05 3.044865104163524229e+05 7.468262394941502134e+04 1.979275907796037500e+05 1.750704397316491522e+05 1.979272562009248359e+05 1.130697793193630205e+05 1.979273950163466507e+05 1.864989426128699852e+05 1.979271173973217374e+05 1.979274037458955136e+05 1.979271119844472560e+05 4.427106035630111728e+04 1.621172695451374748e+05 1.693560945539932873e+05
4.436314650305824762e+04 9.695990336382776150e+04 9.695977493610675447e+04 8.956838049420159950e+04 9.695986883850212325e+04 4.363465753251866554e+05 9.521065089530895057e+04 5.859474967757739068e+04 9.695992528373621462e+04 2.710427470462782076e+05 9.695935673168156063e+04 3.617952524224925437e+05 1.241104707181934355e+05 9.083749833077692892e+04 6.771971374892428867e+04 9.695976841771454201e+04 2.090780283533479669e+05 9.695992614486045204e+04 7.940890121348625689e+04 9.695958011017210083e+04 9.695990845455786621e+04 9.695958390149324259e+04 1.621172695451374748e+05 1.372396223188126351e+04 3.834141945227242832e+04
5.966396778677972179e+04 8.148685926923800434e+04 8.148671402052769554e+04 9.744292174361144134e+04 8.148677133746311301e+04 4.382512977834652993e+05 7.822143111829388363e+04 3.250932274798389699e+04 8.148685351724646171e+04 2.729475389237930649e+05 8.148625835070566973e+04 3.615570832856938941e+05 1.313214158686721639e+05 7.005817215876370028e+04 4.371887804722475266e+04 8.148671159292350058e+04 2.132569248151848151e+05 8.148685201454102935e+04 5.862964814254616795e+04 8.148650051434767374e+04 8.148683388399086834e+04 8.148652444251530687e+04 1.693560945539932873e+05 3.834141945227242832e+04 1.126823611329443338e+04
