6.289160878521101727e-01 4.344487968403100385e+05 1.207195924540097609e+00 3.964935934653328877e+04 1.770763541856778029e+05 2.202005012851592328e+05 3.659756045271264738e+05 1.283771475560584685e+00 2.528615873116862713e+04 3.070347796442677500e+05 1.081048790648862778e+05 3.650273585871535033e+04 7.704625960984341509e+04 1.184077121184522002e+04 5.323609664983961557e+04 5.235816085146165569e+05 1.364316588836673505e+00 2.585663888057781442e+05 6.906826450261159334e+04 1.370980536978364750e+00 1.290210593877715146e+05 1.364331055355300082e+00 4.106339840942342562e+03 3.378130945653530944e+04 1.589626790151470341e+05
4.344487968403100385e+05 8.903786897838376171e+04 4.344487476991133881e+05 4.300437109940758091e+05 3.719389556851951638e+05 3.434498113110358245e+05 2.361688589892968012e+05 4.344487883779261610e+05 4.344490089376036194e+05 2.955332297586907516e+05 4.010714893524306826e+05 4.331903607205846929e+05 4.205806306296010735e+05 4.344489276171438978e+05 4.253247118116508354e+05 3.008971889769727713e+05 4.344488067737621604e+05 3.245997992835423211e+05 4.205805918759492342e+05 4.344487308536513010e+05 3.956173678316363948e+05 4.344487915032784222e+05 4.344488352919984027e+05 4.344489067765031941e+05 3.764610561989905545e+05
1.207195924540097609e+00 4.344487476991133881e+05 3.949088440175751447e-01 3.964900609959882422e+04 1.770759883472058573e+05 2.202002181413624494e+05 3.659754252906871843e+05 1.167345451170773485e+00 2.528574915133064496e+04 3.070344924932123977e+05 1.081045073858217656e+05 3.650230807676529366e+04 7.704569738564795989e+04 1.184042542045228765e+04 5.323559004438178090e+04 5.235814636542188819e+05 1.218526493869530603e+00 2.585660312857152894e+05 6.906785064638438052e+04 1.019999253028421871e+00 1.290205287464866997e+05 7.569917810871009678e-01 4.105966011899939076e+03 3.378096643127791322e+04 1.589622883899339940e+05
3.964935934653328877e+04 4.300437109940758091e+05 3.964900609959882422e+04 6.440993094919145179e-01 1.770764857908967242e+05 2.183127265816284053e+05 3.659758426159879891e+05 3.964928626340461778e+04 1.587910643442629407e+04 3.070350410776255303e+05 1.018117121222312126e+05 1.153463791538265468e+04 6.823567410697662854e+04 2.781018649253655167e+04 2.653901804134318809e+04 5.235817610028700437e+05 3.964939591595241654e+04 2.585665878892080509e+05 5.353844490822160878e+04 3.964922145192376047e+04 1.260842949602683075e+05 3.964916616657621489e+04 3.554430821454656689e+04 1.321751119922968610e+04 1.589628104736718815e+05
1.770763541856778029e+05 3.719389556851951638e+05 1.770759883472058573e+05 1.770764857908967242e+05 3.551898428969730594e+04 1.023099787151249766e+05 2.972638678084136336e+05 1.770762445317455276e+05 1.770765039680142945e+05 2.337744244727083133e+05 1.081248900663799577e+05 1.770764889337148343e+05 1.399040028917034506e+05 1.770764550561726501e+05 1.645744183390462422e+05 4.628256491500309203e+05 1.770763642611445975e+05 1.680794124390859506e+05 1.531421751655826811e+05 1.770761298473409552e+05 9.226598532896192046e+04 1.770760976353189908e+05 1.770763107169799332e+05 1.770764751172108226e+05 5.933411871725417586e+04
2.202005012851592328e+05 3.434498113110358245e+05 2.202002181413624494e+05 2.183127265816284053e+05 1.023099787151249766e+05 3.925641389305280609e+04 2.647529201994199539e+05 2.202004488250022696e+05 2.202006960618134472e+05 1.953920171338426590e+05 1.601648854932536779e+05 2.196612623171246669e+05 1.925453014372460602e+05 2.202006339819763962e+05 2.085414786452798871e+05 4.384271706612247508e+05 2.202005269020515843e+05 1.218004566573965130e+05 2.007600901038306474e+05 2.202003003870679240e+05 1.508975911192637868e+05 2.202002993300493108e+05 2.202004834808619635e+05 2.202006067392358091e+05 1.232152356019378494e+05
3.659756045271264738e+05 2.361688589892968012e+05 3.659754252906871843e+05 3.659758426159879891e+05 2.972638678084136336e+05 2.647529201994199539e+05 9.293306597195444920e+04 3.659756063084871275e+05 3.659756878046226338e+05 1.948585899089119921e+05 3.307336195269202581e+05 3.659758232639154303e+05 3.483547307738960371e+05 3.659756410643079435e+05 3.551257827227755333e+05 3.410125514044589363e+05 3.659756701604117407e+05 2.262183797081663506e+05 3.483547445927394438e+05 3.659755614511476015e+05 3.233915071804573527e+05 3.659754828283708193e+05 3.659754995471235015e+05 3.659757929529597168e+05 3.065046436183891492e+05
1.283771475560584685e+00 4.344487883779262193e+05 1.167345451170773485e+00 3.964928626340461778e+04 1.770762445317455276e+05 2.202004488250022696e+05 3.659756063084871275e+05 6.137564249690949936e-01 2.528616082973542143e+04 3.070347044627499417e+05 1.081048265203431656e+05 3.650268775493781141e+04 7.704619843189464882e+04 1.184080139426577625e+04 5.323606412723561516e+04 5.235816054011564120e+05 1.366973374441979860e+00 2.585663142186575278e+05 6.906819592324612313e+04 1.251165694616044544e+00 1.290209713495702599e+05 1.316203780217235941e+00 4.106316235409210094e+03 3.378127999762015679e+04 1.589625649230191193e+05
2.528615873116862713e+04 4.344490089376036194e+05 2.528574915133064496e+04 1.587910643442629407e+04 1.770765039680143236e+05 2.202006960618134472e+05 3.659756878046226338e+05 2.528616082973542143e+04 6.231018304459973479e+03 3.070347981959861354e+05 1.051681253476798738e+05 1.149343095743120284e+04 6.970407017802068731e+04 1.344669454968844730e+04 3.400870255238211394e+04 5.235816451529050828e+05 2.528616045007401044e+04 2.585664083526728500e+05 5.631220738641436037e+04 2.528610596005944899e+04 1.270632014258511044e+05 2.528594682006360381e+04 2.118103849053088925e+04 8.771936374368071483e+03 1.589628134513943514e+05
3.070347796442678082e+05 2.955332297586906934e+05 3.070344924932123977e+05 3.070350410776255303e+05 2.337744244727083133e+05 1.953920171338426590e+05 1.948585899089119921e+05 3.070347044627499417e+05 3.070347981959861354e+05 6.011320032900589285e+04 2.717927477616042597e+05 3.070349687012459035e+05 2.894138630261836806e+05 3.070347984772654017e+05 2.943493429545639083e+05 3.760728083699069684e+05 3.070348014208429959e+05 1.358454351634895138e+05 2.866605734672332183e+05 3.070346605182480998e+05 2.629420231977005606e+05 3.070345632613607449e+05 3.070346779950098717e+05 3.070349664710384095e+05 2.446014407727786165e+05
1.081048790648863069e+05 4.010714893524307408e+05 1.081045073858217656e+05 1.018117121222312417e+05 1.081248900663799577e+05 1.601648854932536779e+05 3.307336195269202581e+05 1.081048265203431802e+05 1.051681253476798738e+05 2.717927477616043179e+05 1.687289522839300116e+04 1.031603437675010209e+05 6.280933445175456291e+04 1.081050050082523521e+05 8.700362722345713701e+04 4.927448693842751672e+05 1.081049463852751069e+05 2.139797156253015855e+05 7.495635035927586432e+04 1.081047429231034766e+05 3.911710643049153441e+04 1.081046546177763084e+05 1.081048679176149162e+05 1.036997015421864489e+05 8.140041435687101330e+04
3.650273585871535033e+04 4.331903607205846929e+05 3.650230807676529366e+04 1.153463791538265468e+04 1.770764889337148343e+05 2.196612623171246669e+05 3.659758232639154303e+05 3.650268775493781141e+04 1.149343095743120284e+04 3.070349687012459035e+05 1.031603437675010209e+05 2.565328374224396157e+03 6.823570256664982298e+04 2.466347810464298527e+04 3.061425723400011339e+04 5.235817500175726600e+05 3.650276811186352279e+04 2.585665647048492392e+05 5.353856180657851655e+04 3.650262151862712926e+04 1.260842638065895590e+05 3.650248699783197662e+04 3.239760353710539493e+04 3.006093839919204584e+03 1.589628471987697994e+05
7.704625960984341509e+04 4.205806306296010735e+05 7.704569738564795989e+04 6.823567410697662854e+04 1.399040028917034506e+05 1.925453014372460602e+05 3.483547307738960371e+05 7.704619843189464882e+04 6.970407017802068731e+04 2.894138630261836806e+05 6.280933445175456291e+04 6.823570256664982298e+04 1.182877556183119486e+04 7.484354374974817620e+04 4.986414833859897772e+04 5.059606315345303155e+05 7.704626642735447967e+04 2.358837451354892692e+05 2.696035835839615538e+04 7.704606894513583393e+04 8.868730526897557138e+04 7.704586590660606453e+04 7.704607551140217402e+04 6.823574917993202689e+04 1.215659921906125237e+05
1.184077121184522002e+04 4.344489276171438978e+05 1.184042542045228765e+04 2.781018649253655167e+04 1.770764550561726501e+05 2.202006339819763962e+05 3.659756410643079435e+05 1.184080139426577625e+04 1.344669454968844730e+04 3.070347984772654017e+05 1.081050050082523521e+05 2.466347810464298527e+04 7.484354374974817620e+04 3.545517278049324887e+03 4.401244737356339465e+04 5.235816105305213132e+05 1.184075496319468584e+04 2.585663705675988167e+05 6.406233036589172843e+04 1.184079202030589659e+04 1.290210326896408515e+05 1.184059522964554344e+04 7.735548491189540073e+03 2.194205159094959890e+04 1.589628110711156332e+05
5.323609664983961557e+04 4.253247118116508354e+05 5.323559004438178090e+04 2.653901804134319536e+04 1.645744183390462422e+05 2.085414786452798871e+05 3.551257827227755333e+05 5.323606412723561516e+04 3.400870255238211394e+04 2.943493429545639083e+05 8.700362722345712245e+04 3.061425723400011339e+04 4.986414833859897772e+04 4.401244737356339465e+04 2.008248782020948784e+04 5.144565442218833487e+05 5.323614302114443853e+04 2.477164648373660457e+05 3.259176342992106947e+04 5.323599082639776316e+04 1.130315368855824636e+05 5.323577989774612797e+04 5.078294856182149670e+04 3.120962039020069278e+04 1.459100925769557070e+05
5.235816085146165569e+05 3.008971889769727713e+05 5.235814636542188819e+05 5.235817610028700437e+05 4.628256491500309203e+05 4.384271706612247508e+05 3.410125514044589363e+05 5.235816054011564120e+05 5.235816451529050828e+05 3.760728083699069684e+05 4.927448693842751672e+05 5.235817500175726600e+05 5.059606315345303155e+05 5.235816105305213132e+05 5.144565442218833487e+05 1.282191893477415142e+05 5.235816387205065112e+05 4.038305160858997260e+05 5.059607039663800970e+05 5.235815516080882517e+05 4.854026399237058940e+05 5.235814721582566854e+05 5.235815184124367079e+05 5.235817242585890926e+05 4.685158167444069986e+05
1.364316588836673505e+00 4.344488067737621604e+05 1.218526493869530603e+00 3.964939591595241654e+04 1.770763642611445975e+05 2.202005269020515843e+05 3.659756701604117407e+05 1.366973374441979638e+00 2.528616045007401044e+04 3.070348014208429959e+05 1.081049463852751069e+05 3.650276811186352279e+04 7.704626642735447967e+04 1.184075496319468584e+04 5.323614302114443853e+04 5.235816387205065112e+05 6.368361724611876218e-01 2.585663958069827058e+05 6.906827972918759042e+04 1.393505885919322562e+00 1.290210428879254614e+05 1.391641721392855802e+00 4.106411353891840008e+03 3.378129510395014950e+04 1.589626917076293903e+05
2.585663888057781442e+05 3.245997992835423211e+05 2.585660312857152894e+05 2.585665878892080800e+05 1.680794124390859506e+05 1.218004566573965130e+05 2.262183797081663506e+05 2.585663142186575278e+05 2.585664083526728500e+05 1.358454351634895429e+05 2.139797156253015855e+05 2.585665647048492392e+05 2.358837451354892692e+05 2.585663705675988749e+05 2.477164648373660457e+05 4.038305160858997260e+05 2.585663958069827058e+05 5.150083906703150569e+04 2.402172943306108355e+05 2.585662135725686385e+05 2.039032162923205760e+05 2.585660942803509533e+05 2.585662459397182683e+05 2.585665105112278543e+05 1.823763838986523915e+05
6.906826450261159334e+04 4.205805918759492342e+05 6.906785064638438052e+04 5.353844490822160878e+04 1.531421751655826811e+05 2.007600901038306474e+05 3.483547445927394438e+05 6.906819592324612313e+04 5.631220738641436765e+04 2.866605734672332183e+05 7.495635035927587887e+04 5.353856180657851655e+04 2.696035835839615902e+04 6.406233036589173571e+04 3.259176342992106947e+04 5.059607039663800970e+05 6.906827972918759042e+04 2.402172943306108355e+05 1.078065853539123418e+04 6.906810616259384551e+04 1.019664586712276796e+05 6.906803272204023961e+04 6.855848590198403690e+04 5.353851620968122734e+04 1.348449507393405656e+05
1.370980536978364750e+00 4.344487308536513010e+05 1.019999253028421871e+00 3.964922145192376047e+04 1.770761298473409552e+05 2.202003003870679240e+05 3.659755614511476015e+05 1.251165694616044544e+00 2.528610596005944535e+04 3.070346605182480998e+05 1.081047429231034766e+05 3.650262151862712926e+04 7.704606894513583393e+04 1.184079202030589659e+04 5.323599082639776316e+04 5.235815516080882517e+05 1.393505885919322562e+00 2.585662135725686385e+05 6.906810616259384551e+04 5.992599947344767752e-01 1.290208550780865335e+05 1.120959844470410083e+00 4.106225588869654530e+03 3.378121086470965383e+04 1.589624084426433838e+05
1.290210593877715291e+05 3.956173678316363366e+05 1.290205287464866997e+05 1.260842949602683075e+05 9.226598532896192046e+04 1.508975911192637577e+05 3.233915071804573527e+05 1.290209713495702599e+05 1.270632014258511044e+05 2.629420231977005606e+05 3.911710643049153441e+04 1.260842638065895590e+05 8.868730526897560048e+04 1.290210326896408515e+05 1.130315368855824636e+05 4.854026399237058940e+05 1.290210428879254614e+05 2.039032162923205760e+05 1.019664586712276796e+05 1.290208550780865335e+05 2.072640311652620949e+04 1.290206656295661669e+05 1.290209322091350332e+05 1.260843041255618737e+05 5.774572637350459263e+04
1.364331055355300082e+00 4.344487915032784222e+05 7.569917810871009678e-01 3.964916616657621489e+04 1.770760976353189908e+05 2.202002993300492817e+05 3.659754828283708193e+05 1.316203780217235941e+00 2.528594682006360381e+04 3.070345632613607449e+05 1.081046546177763084e+05 3.650248699783197662e+04 7.704586590660606453e+04 1.184059522964554344e+04 5.323577989774612797e+04 5.235814721582566854e+05 1.391641721392855802e+00 2.585660942803509533e+05 6.906803272204023961e+04 1.120959844470409861e+00 1.290206656295661669e+05 5.537642348063137598e-01 4.106104838933286374e+03 3.378114770041676093e+04 1.589624060078430048e+05
4.106339840942343471e+03 4.344488352919984027e+05 4.105966011899939076e+03 3.554430821454655961e+04 1.770763107169799332e+05 2.202004834808619635e+05 3.659754995471235015e+05 4.106316235409210094e+03 2.118103849053088925e+04 3.070346779950098717e+05 1.081048679176149162e+05 3.239760353710539493e+04 7.704607551140217402e+04 7.735548491189540982e+03 5.078294856182149670e+04 5.235815184124367079e+05 4.106411353891840008e+03 2.585662459397182683e+05 6.855848590198403690e+04 4.106225588869654530e+03 1.290209322091350332e+05 4.106104838933286374e+03 2.963217031794671584e+03 2.967629104389131680e+04 1.589626542943091772e+05
3.378130945653530944e+04 4.344489067765031941e+05 3.378096643127791322e+04 1.321751119922968610e+04 1.770764751172108226e+05 2.202006067392358091e+05 3.659757929529597168e+05 3.378127999762015679e+04 8.771936374368071483e+03 3.070349664710384095e+05 1.036997015421864344e+05 3.006093839919205038e+03 6.823574917993202689e+04 2.194205159094959890e+04 3.120962039020068914e+04 5.235817242585890926e+05 3.378129510395014950e+04 2.585665105112278543e+05 5.353851620968122734e+04 3.378121086470965383e+04 1.260843041255618737e+05 3.378114770041676093e+04 2.967629104389131680e+04 1.954732386029362715e+03 1.589628197571780474e+05
1.589626790151470341e+05 3.764610561989905545e+05 1.589622883899340231e+05 1.589628104736718815e+05 5.933411871725417586e+04 1.232152356019378494e+05 3.065046436183891492e+05 1.589625649230191484e+05 1.589628134513943805e+05 2.446014407727786456e+05 8.140041435687101330e+04 1.589628471987697994e+05 1.215659921906125237e+05 1.589628110711156332e+05 1.459100925769557070e+05 4.685158167444069986e+05 1.589626917076293903e+05 1.823763838986523915e+05 1.348449507393405656e+05 1.589624084426433838e+05 5.774572637350459263e+04 1.589624060078430048e+05 1.589626542943091772e+05 1.589628197571780474e+05 2.483186364463194332e+04
