5.056850995829871298e-01 1.628331250429465582e+00 1.523335411441903320e+00 1.407911379681475519e+05 1.564919714266080009e+00 1.365153204920278807e+00 1.334281491529615726e+00 1.664443118820369216e+00 3.333520486825944681e+04 1.630603330208790780e+00 2.500186331585136577e+04 1.706362529090673874e+00 5.000185409489137237e+04 1.215716132477613787e+00 1.056258261497839968e+00 1.035954244960876292e+00 5.000187481064703752e+04 1.740533660017578477e+00 1.250016545791348763e+05 2.692526656601723516e+05 9.867589566548783386e-01 1.990194291457794316e+05 1.136381034774717991e+05 1.213650356058683544e+00 5.658075635344328475e+04
1.628331250429466026e+00 6.436112233975446184e-01 1.419940888786811239e+00 1.407915556742629560e+05 1.374606661719377065e+00 1.574228638666048230e+00 1.418501972819274481e+00 1.467071954556517177e+00 3.333529518015470239e+04 1.748515338794284890e+00 2.500187500399100827e+04 1.657250142786728109e+00 5.000190475462376344e+04 1.305065181073600922e+00 1.621208465189358128e+00 1.552526727574002452e+00 5.000194264112081873e+04 1.852713261717286564e+00 1.250019250535533065e+05 2.692530694069702877e+05 1.021901453191640163e+00 1.990199116839889612e+05 1.136382490991736850e+05 1.349974269952894712e+00 5.658096838881143776e+04
1.523335411441903320e+00 1.419940888786811684e+00 5.874679032588802086e-01 1.407915239341564593e+05 1.367931779098056078e+00 1.539973551552679121e+00 1.619772352582961927e+00 1.490768327265872717e+00 3.333540860814694315e+04 1.602455360890341574e+00 2.500193959264471778e+04 1.615636654631508184e+00 5.000197575351723935e+04 1.367993136298499390e+00 1.598790877325200643e+00 1.542813417341850180e+00 5.000205516145007277e+04 1.759110025919492726e+00 1.250019387183009676e+05 2.692530106917430530e+05 1.140017987537424782e+00 1.990198836936531006e+05 1.136382834454254044e+05 1.455946300767902990e+00 5.658105338670661149e+04
1.407911379681475519e+05 1.407915556742629560e+05 1.407915239341564593e+05 3.318707692166804918e+04 1.407916023233494780e+05 1.407913780282766093e+05 1.407914308940280753e+05 1.407916373378825374e+05 1.157917388541485561e+05 1.407916719289440953e+05 1.157917857296968286e+05 1.407917427566878323e+05 1.157916463209284266e+05 1.407911720121075341e+05 1.407912553210738988e+05 1.407911358992251626e+05 1.157917427081075148e+05 1.407916949178460927e+05 6.339919095720892801e+04 1.808556372764515108e+05 1.407911268419725820e+05 9.534467969699560490e+04 5.985806628265760810e+04 1.407912540129262488e+05 1.133679040874282655e+05
1.564919714266080009e+00 1.374606661719377065e+00 1.367931779098056078e+00 1.407916023233494780e+05 5.195096319408458729e-01 1.599042159417005227e+00 1.572020853506669313e+00 1.502273404236826870e+00 3.333528296363603295e+04 1.706400129649819242e+00 2.500186420827935581e+04 1.750002580810334551e+00 5.000203657913871575e+04 1.366946035243719493e+00 1.614986742170450906e+00 1.541151599736017008e+00 5.000203593329757132e+04 1.758853791527320354e+00 1.250020491326736519e+05 2.692531301504899748e+05 1.137523589396423063e+00 1.990198719355040812e+05 1.136382653850658098e+05 1.499066686128277981e+00 5.658098247493087547e+04
1.365153204920278807e+00 1.574228638666048230e+00 1.539973551552679121e+00 1.407913780282766093e+05 1.599042159417005227e+00 5.065751433829043249e-01 1.366045334485151974e+00 1.615362524225344210e+00 3.333530149730405537e+04 1.619254138517772779e+00 2.500189936130236674e+04 1.741605046014507829e+00 5.000193725279223145e+04 1.232990129863993145e+00 1.388300083505473070e+00 1.419588894921486988e+00 5.000201820469496306e+04 1.751407740138219093e+00 1.250016686240757408e+05 2.692529097649981268e+05 1.071892663842288318e+00 1.990198070117534662e+05 1.136381428454673442e+05 1.405648147189622499e+00 5.658090513077334617e+04
1.334281491529615726e+00 1.418501972819274481e+00 1.619772352582961927e+00 1.407914308940280753e+05 1.572020853506669313e+00 1.366045334485151974e+00 5.076612299175987664e-01 1.622222484887580807e+00 3.333521090183732304e+04 1.705293367346940148e+00 2.500190325484708956e+04 1.733774298943312697e+00 5.000196990220389125e+04 1.194363376177296932e+00 1.223144340684570119e+00 1.363183482800620627e+00 5.000190401304870466e+04 1.763726234287552153e+00 1.250017802554340451e+05 2.692529105343793053e+05 9.941283873833797191e-01 1.990196549383933307e+05 1.136381340398145985e+05 1.258633871457654596e+00 5.658087309333049780e+04
1.664443118820369216e+00 1.467071954556517177e+00 1.490768327265872939e+00 1.407916373378825374e+05 1.502273404236826870e+00 1.615362524225344210e+00 1.622222484887581029e+00 4.997232588991475377e-01 3.333523297814557736e+04 1.566944950877506182e+00 2.500183441771332582e+04 1.783094670573019958e+00 5.000203379978874000e+04 1.283773599177908453e+00 1.602099509830775981e+00 1.561084722235408062e+00 5.000192912693924882e+04 1.753602462556637098e+00 1.250020807659787388e+05 2.692531725168171688e+05 1.130388946704214082e+00 1.990198985277635220e+05 1.136382979564257694e+05 1.426592835521073965e+00 5.658093452850470931e+04
3.333520486825944681e+04 3.333529518015470239e+04 3.333540860814694315e+04 1.157917388541485561e+05 3.333528296363603295e+04 3.333530149730405537e+04 3.333521090183732304e+04 3.333523297814557736e+04 1.111172627980671132e+04 3.333539550571322616e+04 8.334809642172764143e+03 3.333537470520084025e+04 1.666855177254842056e+04 3.333469684141821926e+04 3.333515923433331773e+04 3.333503512682079599e+04 1.666839740928848551e+04 3.333496283770735317e+04 1.000022842431054451e+05 2.442530977884713211e+05 3.333462554385345720e+04 1.740198589994395443e+05 8.863846852826037502e+04 3.333493637126893009e+04 2.787724630834697746e+04
1.630603330208790780e+00 1.748515338794284890e+00 1.602455360890341574e+00 1.407916719289440953e+05 1.706400129649819242e+00 1.619254138517772779e+00 1.705293367346940148e+00 1.566944950877506182e+00 3.333539550571322616e+04 6.126700837099900987e-01 2.500184312067748760e+04 1.456122015086253052e+00 5.000199543154260755e+04 1.418220086392550039e+00 1.645409385288759685e+00 1.589572455034327536e+00 5.000197979316746205e+04 1.762555680435835548e+00 1.250019553703013953e+05 2.692530061207851977e+05 1.195501917384939494e+00 1.990199706645095721e+05 1.136383235605076625e+05 1.520808352813356468e+00 5.658106287415837141e+04
2.500186331585136577e+04 2.500187500399100827e+04 2.500193959264471778e+04 1.157917857296968286e+05 2.500186420827935581e+04 2.500189936130236674e+04 2.500190325484708956e+04 2.500183441771332582e+04 8.334809642172764143e+03 2.500184312067748760e+04 4.779904197076247363e-01 2.500175462285321555e+04 2.500171180257649758e+04 2.500134594419756468e+04 2.500190513875506076e+04 2.500166917384025146e+04 2.500187475931493100e+04 2.500187062099776085e+04 1.000020510688854120e+05 2.442530043083355122e+05 2.500128367135232111e+04 1.740198688812195614e+05 8.863838904718971753e+04 2.500159414558263234e+04 3.158102427941240967e+04
1.706362529090674096e+00 1.657250142786728109e+00 1.615636654631508407e+00 1.407917427566878323e+05 1.750002580810334551e+00 1.741605046014507607e+00 1.733774298943312697e+00 1.783094670573019958e+00 3.333537470520084025e+04 1.456122015086253052e+00 2.500175462285321555e+04 4.358935806983006978e-01 5.000199886659823824e+04 1.457827025089689421e+00 1.720385081009248474e+00 1.642374704562369558e+00 5.000200346129568061e+04 1.715952845395574800e+00 1.250020482967590651e+05 2.692531176244019298e+05 1.219148116265479809e+00 1.990200169153835450e+05 1.136383311907411553e+05 1.545084767292769667e+00 5.658105657441390213e+04
5.000185409489137965e+04 5.000190475462376344e+04 5.000197575351723935e+04 1.157916463209284266e+05 5.000203657913873030e+04 5.000193725279223872e+04 5.000196990220389125e+04 5.000203379978874000e+04 1.666855177254842056e+04 5.000199543154260755e+04 2.500171180257650485e+04 5.000199886659825279e+04 5.845193083444601978e-01 5.000150216297563748e+04 5.000195673610802623e+04 5.000170715105734416e+04 1.859883515921929131e+00 5.000213027845629404e+04 1.000020979548609321e+05 2.442530184596158215e+05 5.000136180640346720e+04 1.740202417406454624e+05 8.863843327632469300e+04 5.000167122799896606e+04 2.046984316169526574e+04
1.215716132477613565e+00 1.305065181073600922e+00 1.367993136298499612e+00 1.407911720121075341e+05 1.366946035243719493e+00 1.232990129863993145e+00 1.194363376177296932e+00 1.283773599177908453e+00 3.333469684141821199e+04 1.418220086392550261e+00 2.500134594419756468e+04 1.457827025089689199e+00 5.000150216297562292e+04 3.046182216225739592e-01 1.172307294743762718e+00 1.042635612371224818e+00 5.000146430992846581e+04 1.345938582121747995e+00 1.250015310007450316e+05 2.692526493553103064e+05 5.436725297725099049e-01 1.990194424104985665e+05 1.136378588840816810e+05 8.151059982811691418e-01 5.658047413237578439e+04
1.056258261497839968e+00 1.621208465189358128e+00 1.598790877325200421e+00 1.407912553210738988e+05 1.614986742170450906e+00 1.388300083505473070e+00 1.223144340684570119e+00 1.602099509830775759e+00 3.333515923433331773e+04 1.645409385288759463e+00 2.500190513875506076e+04 1.720385081009248474e+00 5.000195673610802623e+04 1.172307294743762718e+00 4.599230595220573647e-01 1.248598590681214704e+00 5.000186055267247866e+04 1.726761023262589845e+00 1.250018026070698397e+05 2.692528188041849062e+05 9.722107152851586775e-01 1.990194653152966930e+05 1.136381928859054315e+05 1.242026847509626775e+00 5.658073719759567757e+04
1.035954244960876292e+00 1.552526727574002452e+00 1.542813417341849958e+00 1.407911358992251626e+05 1.541151599736016564e+00 1.419588894921487210e+00 1.363183482800620627e+00 1.561084722235408284e+00 3.333503512682079599e+04 1.589572455034327536e+00 2.500166917384025146e+04 1.642374704562369558e+00 5.000170715105733689e+04 1.042635612371224818e+00 1.248598590681214704e+00 4.546813290364482008e-01 5.000167736384095042e+04 1.587467699732920456e+00 1.250016826887800707e+05 2.692526304588626372e+05 9.254439878652316320e-01 1.990194488045967591e+05 1.136380064357048686e+05 9.565637938963653664e-01 5.658070170924220292e+04
5.000187481064703752e+04 5.000194264112081873e+04 5.000205516145007277e+04 1.157917427081075148e+05 5.000203593329757132e+04 5.000201820469496306e+04 5.000190401304870466e+04 5.000192912693924882e+04 1.666839740928848187e+04 5.000197979316746205e+04 2.500187475931493100e+04 5.000200346129568061e+04 1.859883515921929353e+00 5.000146430992846581e+04 5.000186055267247866e+04 5.000167736384095042e+04 6.520525757732669181e-01 5.000196172646543710e+04 1.000021777035121486e+05 2.442533146193453576e+05 5.000134858820454247e+04 1.740199916414853069e+05 8.863833611642780306e+04 5.000157295197535132e+04 2.046987840906494603e+04
1.740533660017578477e+00 1.852713261717286564e+00 1.759110025919492726e+00 1.407916949178460927e+05 1.758853791527320354e+00 1.751407740138219093e+00 1.763726234287552153e+00 1.753602462556637098e+00 3.333496283770735317e+04 1.762555680435835326e+00 2.500187062099776085e+04 1.715952845395574800e+00 5.000213027845629404e+04 1.345938582121747551e+00 1.726761023262590067e+00 1.587467699732920456e+00 5.000196172646543710e+04 5.742871792604379300e-01 1.250022339254353865e+05 2.692531796889681136e+05 1.238931836344566051e+00 1.990198391196370649e+05 1.136383551926258515e+05 1.518690368543720970e+00 5.658100018578725576e+04
1.250016545791348908e+05 1.250019250535533356e+05 1.250019387183009676e+05 6.339919095720892801e+04 1.250020491326736810e+05 1.250016686240757699e+05 1.250017802554340451e+05 1.250020807659787533e+05 1.000022842431054596e+05 1.250019553703013953e+05 1.000020510688854411e+05 1.250020482967590651e+05 1.000020979548609321e+05 1.250015310007450462e+05 1.250018026070698543e+05 1.250016826887800707e+05 1.000021777035121631e+05 1.250022339254353865e+05 6.100028692539033459e-01 2.192530400768640684e+05 1.250014840921059658e+05 1.490200981729851628e+05 2.317093341184913152e+04 1.250016431223164982e+05 7.953429543140092574e+04
2.692526656601723516e+05 2.692530694069702877e+05 2.692530106917429948e+05 1.808556372764515108e+05 2.692531301504899166e+05 2.692529097649981268e+05 2.692529105343793053e+05 2.692531725168171688e+05 2.442530977884713211e+05 2.692530061207851977e+05 2.442530043083355122e+05 2.692531176244019298e+05 2.442530184596157342e+05 2.692526493553103064e+05 2.692528188041849062e+05 2.692526304588626372e+05 2.442533146193453285e+05 2.692531796889681136e+05 2.192530400768640684e+05 4.477199924910115078e+04 2.692526764649475226e+05 1.281772844424779323e+05 2.192533045246109541e+05 2.692526940885186777e+05 2.442532207322184113e+05
9.867589566548783386e-01 1.021901453191639719e+00 1.140017987537424782e+00 1.407911268419725820e+05 1.137523589396423063e+00 1.071892663842288318e+00 9.941283873833797191e-01 1.130388946704213859e+00 3.333462554385345720e+04 1.195501917384939272e+00 2.500128367135232111e+04 1.219148116265479809e+00 5.000136180640345992e+04 5.436725297725097938e-01 9.722107152851586775e-01 9.254439878652314100e-01 5.000134858820454247e+04 1.238931836344566051e+00 1.250014840921059658e+05 2.692526764649474644e+05 2.102644552414492107e-01 1.990194390005356108e+05 1.136377968953268137e+05 7.222917855647859042e-01 5.658033897095322754e+04
1.990194291457794316e+05 1.990199116839889612e+05 1.990198836936531006e+05 9.534467969699560490e+04 1.990198719355041103e+05 1.990198070117534662e+05 1.990196549383933307e+05 1.990198985277635220e+05 1.740198589994395443e+05 1.990199706645095721e+05 1.740198688812195323e+05 1.990200169153835450e+05 1.740202417406454333e+05 1.990194424104985665e+05 1.990194653152966930e+05 1.990194488045967591e+05 1.740199916414853069e+05 1.990198391196371522e+05 1.490200981729851337e+05 1.281772844424779323e+05 1.990194390005356108e+05 4.770072443792223203e+04 1.418055427104974515e+05 1.990194243892227241e+05 1.740200207558787661e+05
1.136381034774717991e+05 1.136382490991736850e+05 1.136382834454254044e+05 5.985806628265760810e+04 1.136382653850658098e+05 1.136381428454673442e+05 1.136381340398145985e+05 1.136382979564257694e+05 8.863846852826038958e+04 1.136383235605076625e+05 8.863838904718971753e+04 1.136383311907411553e+05 8.863843327632469300e+04 1.136378588840816810e+05 1.136381928859054315e+05 1.136380064357048686e+05 8.863833611642780306e+04 1.136383551926258515e+05 2.317093341184913152e+04 2.192533045246109541e+05 1.136377968953268137e+05 1.418055427104974806e+05 2.485876823541058184e+04 1.136379064070028980e+05 7.472917511445091804e+04
1.213650356058683544e+00 1.349974269952894712e+00 1.455946300767902990e+00 1.407912540129262488e+05 1.499066686128277759e+00 1.405648147189622499e+00 1.258633871457654596e+00 1.426592835521073521e+00 3.333493637126893009e+04 1.520808352813356468e+00 2.500159414558263234e+04 1.545084767292769667e+00 5.000167122799896606e+04 8.151059982811691418e-01 1.242026847509626775e+00 9.565637938963653664e-01 5.000157295197535132e+04 1.518690368543721192e+00 1.250016431223164982e+05 2.692526940885187360e+05 7.222917855647860153e-01 1.990194243892227241e+05 1.136379064070028980e+05 5.012202964810233974e-01 5.658055541518097016e+04
5.658075635344328475e+04 5.658096838881143776e+04 5.658105338670661149e+04 1.133679040874282655e+05 5.658098247493087547e+04 5.658090513077334617e+04 5.658087309333049780e+04 5.658093452850470931e+04 2.787724630834698110e+04 5.658106287415837141e+04 3.158102427941240967e+04 5.658105657441390213e+04 2.046984316169526210e+04 5.658047413237578439e+04 5.658073719759567757e+04 5.658070170924220292e+04 2.046987840906494603e+04 5.658100018578725576e+04 7.953429543140092574e+04 2.442532207322184113e+05 5.658033897095322754e+04 1.740200207558787661e+05 7.472917511445091804e+04 5.658055541518097016e+04 2.204157398764607933e+04
