1.329901674059651668e+03 8.663362241603599614e+03 1.123496261049499117e+04 1.410609896722014819e+05 5.118035875589920761e+04 6.040756857328124897e+04 7.812701062649941014e+04 1.562662389275491114e+04 4.120104402332003810e+05 2.551243162080349575e+05 1.632348254325218732e+05 1.562669506064781672e+04 3.108559850772011941e+03 1.562658808265312473e+04 1.562642420322421094e+04 3.220880998053192743e+05 7.274081677979142114e+04 1.562677272173191886e+04 1.213801176789918100e+04 2.128807969831534865e+04 2.026496096040547709e+05 3.640674070779293834e+04 1.562677703390272836e+04 1.237315364463652804e+05 9.426176639657038322e+04
8.663362241603599614e+03 6.933288533433638046e-01 3.016006316458699075e+03 1.410609930190808082e+05 5.512347365583934879e+04 6.431380577565019485e+04 8.073123619938993943e+04 7.814025692824649013e+03 4.120104098876867210e+05 2.551242910872554057e+05 1.632348041555493837e+05 7.814095684602068104e+03 5.556111118162782986e+03 7.813979713728242132e+03 7.813804139021105584e+03 3.220880288416245021e+05 7.664696340030414285e+04 7.814065785576286544e+03 1.834807278154500091e+04 2.604352277939184933e+04 2.026495579505260976e+05 4.116221906275618676e+04 7.814111211417113736e+03 1.237314926520745503e+05 9.426174473029506044e+04
1.123496261049499117e+04 3.016006316458699075e+03 3.414997138849083967e+03 1.410609417098623235e+05 5.512350295234882651e+04 6.431379237023113819e+04 8.073113439107684826e+04 5.330971917613867845e+03 4.120104103349415818e+05 2.551242072031062853e+05 1.632347438473284710e+05 6.837434736164586866e+03 8.570840215373487808e+03 4.799291821003653240e+03 6.837240867344567960e+03 3.220880240350517561e+05 7.664700064524590562e+04 4.799344253524293890e+03 1.926357789668330588e+04 2.604349322154139736e+04 2.026494785572425462e+05 4.116220015202780633e+04 6.837436359350966086e+03 1.237314620099141612e+05 9.426168004161148565e+04
1.410609896722014819e+05 1.410609930190808082e+05 1.410609417098623235e+05 2.553292549286713256e+04 1.271487026978453796e+05 1.256055569508584449e+05 1.150259519172220607e+05 1.410606893602033961e+05 3.703225451251122286e+05 2.044357650579350593e+05 7.552111182048455521e+04 1.410607218741143588e+05 1.410610186925276357e+05 1.410606129048655275e+05 1.410605267865423812e+05 2.804001956299926387e+05 1.216991905740814254e+05 1.410607913329224684e+05 1.358859624849075044e+05 1.351540073532279348e+05 1.324893728956817940e+05 1.312478309994903684e+05 1.410608483089480142e+05 6.582490076185030921e+04 1.005170757244540873e+05
5.118035875589920761e+04 5.512347365583934879e+04 5.512350295234882651e+04 1.271487026978453796e+05 1.097278634430874035e+03 1.464635550912133294e+04 5.311833629050349555e+04 5.512329620856379915e+04 4.041980652678259648e+05 2.473119013866592722e+05 1.554224525716715725e+05 5.512334283623862575e+04 5.251933338480859675e+04 5.512317068245550035e+04 5.512298386796421983e+04 3.142756575122776558e+05 4.160609354782343144e+04 5.512341073628333106e+04 4.441982462205516640e+04 3.672432186135459051e+04 1.948372722336277657e+05 2.160556226877926747e+04 5.512339921615126514e+04 1.047428753402297152e+05 7.234336916041519726e+04
6.040756857328124897e+04 6.431380577565019485e+04 6.431379237023113819e+04 1.256055569508584595e+05 1.464635550912133294e+04 6.257438357066072058e+03 4.346935743553803331e+04 6.431356743825528247e+04 4.041980794032078702e+05 2.473119071898718539e+05 1.554224916126498138e+05 6.431366040946276189e+04 6.170962417819891562e+04 6.431346815766293003e+04 6.431328269121801713e+04 3.142757394582935958e+05 2.955738220333877689e+04 6.431370393894940935e+04 5.377999451950690127e+04 4.608457088201465376e+04 1.948372989328846161e+05 3.088837174188462086e+04 6.431370926374853298e+04 9.765843776772321144e+04 6.315314266304478224e+04
7.812701062649941014e+04 8.073123619938993943e+04 8.073113439107684826e+04 1.150259519172220607e+05 5.311833629050349555e+04 4.346935743553803331e+04 1.764712853560984149e+04 8.073091029520249867e+04 3.963856773741577053e+05 2.394994929125284834e+05 1.450056616365874070e+05 8.073094622785215324e+04 7.899511760960301035e+04 8.073082800994385616e+04 8.073066448215350101e+04 3.064632725302214967e+05 2.450831328605933595e+04 8.073108230480636121e+04 7.174364001300190284e+04 7.031454898313574085e+04 1.852886455273501342e+05 6.250195353702298598e+04 8.073111406338652887e+04 8.205015268194129749e+04 3.979310212474671425e+04
1.562662389275491114e+04 7.814025692824649013e+03 5.330971917613869664e+03 1.410606893602033961e+05 5.512329620856379915e+04 6.431356743825528247e+04 8.073091029520249867e+04 1.506971272027579971e+03 4.120102007744907751e+05 2.551240602669283981e+05 1.632344678115472489e+05 2.888383651415972963e+03 1.336872482353592204e+04 1.020005815716468987e+03 2.888187260477773179e+03 3.220878435966562247e+05 7.664673376230166468e+04 1.020297726142683587e+03 2.201000607860242599e+04 2.604331747076105967e+04 2.026492698538565892e+05 4.116201635939244443e+04 2.888603200703634229e+03 1.237312051562580018e+05 9.426144075804787281e+04
4.120104402332003810e+05 4.120104098876867210e+05 4.120104103349415818e+05 3.703225451251122286e+05 4.041980652678259648e+05 4.041980794032078702e+05 3.963856773741577053e+05 4.120102007744907751e+05 1.240448814633009606e+05 2.790497708445144235e+05 3.505269165926402202e+05 4.120102451690240996e+05 4.120104041492654360e+05 4.120101772742915200e+05 4.120101487565905554e+05 2.342516713268433523e+05 4.002918526627927786e+05 4.120102584271578817e+05 4.120104446597201750e+05 4.120104617542994674e+05 3.327965864104340435e+05 4.081042906818309566e+05 4.120102837990695261e+05 3.796447677782137762e+05 3.874570793344113044e+05
2.551243162080348993e+05 2.551242910872554639e+05 2.551242072031062562e+05 2.044357650579350884e+05 2.473119013866592431e+05 2.473119071898718539e+05 2.394994929125284834e+05 2.551240602669283981e+05 2.790497708445143653e+05 6.198785762274991430e+04 1.838793782130157051e+05 2.551240662410078512e+05 2.551242370644212351e+05 2.551239636762689624e+05 2.551239113954275672e+05 1.694699272471397126e+05 2.434057219791421958e+05 2.551240550509743043e+05 2.551243708547029528e+05 2.551244178287299292e+05 1.545134113222854503e+05 2.512180984246768348e+05 2.551241310955400113e+05 2.153597520940428949e+05 2.294321610456682974e+05
1.632348254325218440e+05 1.632348041555494419e+05 1.632347438473284710e+05 7.552111182048455521e+04 1.554224525716715434e+05 1.554224916126498138e+05 1.450056616365874070e+05 1.632344678115472489e+05 3.505269165926402202e+05 1.838793782130157051e+05 2.973568419052915124e+04 1.632345577874677547e+05 1.632348280846572015e+05 1.632344230653407285e+05 1.632343822357097815e+05 2.635521389297013520e+05 1.476099635239668714e+05 1.632346102830552263e+05 1.632348764048687299e+05 1.632349233352779993e+05 9.481552072982104437e+04 1.593286906777310651e+05 1.632346887303208641e+05 1.113949652704598993e+05 1.373026261118686525e+05
1.562669506064781854e+04 7.814095684602068104e+03 6.837434736164586866e+03 1.410607218741143879e+05 5.512334283623862575e+04 6.431366040946276189e+04 8.073094622785215324e+04 2.888383651415972054e+03 4.120102451690240996e+05 2.551240662410078512e+05 1.632345577874678129e+05 6.244640184056791110e-01 1.336879570798222994e+04 3.907487073596814753e+03 1.008050786713170943e+00 3.220878529285708209e+05 7.664681178577904939e+04 3.907579690291990119e+03 2.201011843906045033e+04 2.604339486346603371e+04 2.026493151741909969e+05 4.116210595959719649e+04 1.294184187950754072e+00 1.237312565047144890e+05 9.426149360794590029e+04
3.108559850772011941e+03 5.556111118162782986e+03 8.570840215373487808e+03 1.410610186925276357e+05 5.251933338480859675e+04 6.170962417819891562e+04 7.899511760960301035e+04 1.336872482353592204e+04 4.120104041492654360e+05 2.551242370644213224e+05 1.632348280846572015e+05 1.336879570798222994e+04 3.180708041063639939e+03 1.336867957386029957e+04 1.336846580060633096e+04 3.220880855706452858e+05 7.404281676884349145e+04 1.336880202709161131e+04 1.464527493482122372e+04 2.343935463877861548e+04 2.026495731896307261e+05 3.855803449013407953e+04 1.336880550771466369e+04 1.237315537433518330e+05 9.426181602136690344e+04
1.562658808265312473e+04 7.813979713728242132e+03 4.799291821003653240e+03 1.410606129048655275e+05 5.512317068245550035e+04 6.431346815766293003e+04 8.073082800994385616e+04 1.020005815716468987e+03 4.120101772742915200e+05 2.551239636762689624e+05 1.632344230653407285e+05 3.907487073596814753e+03 1.336867957386029957e+04 5.620708784943541092e-01 3.907147709038722496e+03 3.220877870480350684e+05 7.664662101955941762e+04 1.153946627934916425e+00 2.200995250908926391e+04 2.604327889305542703e+04 2.026492451120414189e+05 4.116192511187615310e+04 3.907630068177245903e+03 1.237311450593345944e+05 9.426135905905600521e+04
1.562642420322421458e+04 7.813804139021105584e+03 6.837240867344567960e+03 1.410605267865423812e+05 5.512298386796421983e+04 6.431328269121801713e+04 8.073066448215350101e+04 2.888187260477772725e+03 4.120101487565905554e+05 2.551239113954275963e+05 1.632343822357098106e+05 1.008050786713170943e+00 1.336846580060633096e+04 3.907147709038722496e+03 4.190236539813373962e-01 3.220877504133144394e+05 7.664644781378543121e+04 3.907421178610520656e+03 2.200981190176295058e+04 2.604311384253257711e+04 2.026491859342750686e+05 4.116174809108510817e+04 1.134940705379457571e+00 1.237310122096644918e+05 9.426120119743476971e+04
3.220880998053192743e+05 3.220880288416245021e+05 3.220880240350517561e+05 2.804001956299926387e+05 3.142756575122776558e+05 3.142757394582935958e+05 3.064632725302214967e+05 3.220878435966562247e+05 2.342516713268434105e+05 1.694699272471397126e+05 2.635521389297013520e+05 3.220878529285708209e+05 3.220880855706452858e+05 3.220877870480350684e+05 3.220877504133144394e+05 9.329448814224214584e+04 3.103694791931744548e+05 3.220878614428575383e+05 3.220881571507932385e+05 3.220881869578330079e+05 2.432233945340265054e+05 3.181818972206775798e+05 3.220878960288359667e+05 2.897224627684669103e+05 2.975346729790280806e+05
7.274081677979142114e+04 7.664696340030414285e+04 7.664700064524590562e+04 1.216991905740814254e+05 4.160609354782343144e+04 2.955738220333877689e+04 2.450831328605933595e+04 7.664673376230166468e+04 4.002918526627927786e+05 2.434057219791421958e+05 1.476099635239669005e+05 7.664681178577904939e+04 7.404281676884349145e+04 7.664662101955941762e+04 7.664644781378543121e+04 3.103694791931744548e+05 7.493444250330372597e+03 7.664686621224036207e+04 6.620474039362824988e+04 6.248675909695002338e+04 1.883268488459122309e+05 5.463407491524486250e+04 7.664686993091057229e+04 9.038926618713588687e+04 5.141556449247059209e+04
1.562677272173191886e+04 7.814065785576284725e+03 4.799344253524293890e+03 1.410607913329224684e+05 5.512341073628333106e+04 6.431370393894940935e+04 8.073108230480636121e+04 1.020297726142683928e+03 4.120102584271579399e+05 2.551240550509743043e+05 1.632346102830552554e+05 3.907579690291989664e+03 1.336880202709160949e+04 1.153946627934916203e+00 3.907421178610520201e+03 3.220878614428575383e+05 7.664686621224034752e+04 6.360059077605810796e-01 2.201018321595315501e+04 2.604347891089869154e+04 2.026493423749237845e+05 4.116213710226234980e+04 3.907624213516166947e+03 1.237313827676332730e+05 9.426161868804063124e+04
1.213801176789918100e+04 1.834807278154500091e+04 1.926357789668330952e+04 1.358859624849075044e+05 4.441982462205516640e+04 5.377999451950690127e+04 7.174364001300190284e+04 2.201000607860242599e+04 4.120104446597201750e+05 2.551243708547029528e+05 1.632348764048687299e+05 2.201011843906045033e+04 1.464527493482122372e+04 2.200995250908926391e+04 2.200981190176295058e+04 3.220881571507932385e+05 6.620474039362824988e+04 2.201018321595315501e+04 4.096843982211891671e+03 9.151446288082130195e+03 2.026496504028903728e+05 2.614831857535505333e+04 2.201019094737364503e+04 1.173481655444401113e+05 8.787836103450988594e+04
2.128807969831535229e+04 2.604352277939184933e+04 2.604349322154139736e+04 1.351540073532279348e+05 3.672432186135459051e+04 4.608457088201465376e+04 7.031454898313574085e+04 2.604331747076105967e+04 4.120104617542994674e+05 2.551244178287299292e+05 1.632349233352779993e+05 2.604339486346603371e+04 2.343935463877861548e+04 2.604327889305542703e+04 2.604311384253257711e+04 3.220881869578330079e+05 6.248675909695001610e+04 2.604347891089869154e+04 9.151446288082128376e+03 3.472989914629957184e+03 2.026496470854451181e+05 1.811236119288166446e+04 2.604349481899708189e+04 1.159190372615193774e+05 8.644925344718455744e+04
2.026496096040547709e+05 2.026495579505260976e+05 2.026494785572425462e+05 1.324893728956817940e+05 1.948372722336277657e+05 1.948372989328846161e+05 1.852886455273501342e+05 2.026492698538565892e+05 3.327965864104340435e+05 1.545134113222854503e+05 9.481552072982104437e+04 2.026493151741909969e+05 2.026495731896307261e+05 2.026492451120414189e+05 2.026491859342750104e+05 2.432233945340265054e+05 1.883268488459122309e+05 2.026493423749237845e+05 2.026496504028903728e+05 2.026496470854451181e+05 5.126236168801476015e+04 1.987435203963768436e+05 2.026494309866878029e+05 1.509585521819842979e+05 1.743622781546887418e+05
3.640674070779293834e+04 4.116221906275618676e+04 4.116220015202780633e+04 1.312478309994903684e+05 2.160556226877926747e+04 3.088837174188462450e+04 6.250195353702298598e+04 4.116201635939244443e+04 4.081042906818309566e+05 2.512180984246768639e+05 1.593286906777310651e+05 4.116210595959719649e+04 3.855803449013407953e+04 4.116192511187614582e+04 4.116174809108510817e+04 3.181818972206775798e+05 5.463407491524485522e+04 4.116213710226234980e+04 2.614831857535504969e+04 1.811236119288166446e+04 1.987435203963768436e+05 1.144558194298629860e+04 4.116217389146265486e+04 1.105480063588218763e+05 7.961336059260975162e+04
1.562677703390272836e+04 7.814111211417113736e+03 6.837436359350966086e+03 1.410608483089480142e+05 5.512339921615126514e+04 6.431370926374853298e+04 8.073111406338652887e+04 2.888603200703633775e+03 4.120102837990695261e+05 2.551241310955400404e+05 1.632346887303208641e+05 1.294184187950754295e+00 1.336880550771466369e+04 3.907630068177245903e+03 1.134940705379457571e+00 3.220878960288360831e+05 7.664686993091055774e+04 3.907624213516167401e+03 2.201019094737364503e+04 2.604349481899708189e+04 2.026494309866878029e+05 4.116217389146265486e+04 6.647014087133207294e-01 1.237314146585273265e+05 9.426165988834993914e+04
1.237315364463652804e+05 1.237314926520745503e+05 1.237314620099141612e+05 6.582490076185030921e+04 1.047428753402297152e+05 9.765843776772321144e+04 8.205015268194131204e+04 1.237312051562580164e+05 3.796447677782137762e+05 2.153597520940428949e+05 1.113949652704598993e+05 1.237312565047144890e+05 1.237315537433518330e+05 1.237311450593345944e+05 1.237310122096644918e+05 2.897224627684669103e+05 9.038926618713588687e+04 1.237313827676332730e+05 1.173481655444401113e+05 1.159190372615193774e+05 1.509585521819842979e+05 1.105480063588218763e+05 1.237314146585273265e+05 3.406064156034235202e+04 5.882687432637711754e+04
9.426176639657038322e+04 9.426174473029506044e+04 9.426168004161147110e+04 1.005170757244540873e+05 7.234336916041519726e+04 6.315314266304478224e+04 3.979310212474671425e+04 9.426144075804787281e+04 3.874570793344113044e+05 2.294321610456682974e+05 1.373026261118686525e+05 9.426149360794590029e+04 9.426181602136690344e+04 9.426135905905600521e+04 9.426120119743476971e+04 2.975346729790280806e+05 5.141556449247059209e+04 9.426161868804063124e+04 8.787836103450988594e+04 8.644925344718457200e+04 1.743622781546887418e+05 7.961336059260975162e+04 9.426165988834993914e+04 5.882687432637713209e+04 1.949552465756456149e+04
