1.144141210610365000e+00 1.424729664230671733e+04 1.898600435642012307e+00 1.948261697050265528e+00 1.785426623226900933e+00 6.978822645895146707e+04 1.731505922778371605e+05 3.239103906875937901e+04 4.735252163964148349e+04 4.644677685028339620e+05 5.128433881517910777e+04 1.827171723052340102e+00 1.857259608181594190e+00 7.692541595983968000e+04 1.495109416158792781e+00 4.275548584626944830e+03 1.282270301462020507e+04 1.910361940096464650e+00 1.889912639721410992e+00 1.971576096730771610e+00 5.580927990327643056e+04 1.193153504616491409e+05 2.742414290130060981e+05 8.344087514647058561e+04 1.915932784564788216e+00
1.424729664230671551e+04 2.533753350154519012e+03 1.424726097844325159e+04 1.424719861653537737e+04 1.424698177409335040e+04 6.836369339951816073e+04 1.731506799636291980e+05 1.814572069983788242e+04 4.735244178276563616e+04 4.644678500268948264e+05 5.128430015732721949e+04 1.424729745414902391e+04 1.424707480924800802e+04 7.550090857020080148e+04 1.424670602388459702e+04 9.973645917067136907e+03 1.426567056166460588e+03 1.424735307450591245e+04 1.424724859914004628e+04 1.424726023060597799e+04 5.517615593208217615e+04 1.178909586075420375e+05 2.742415302787540713e+05 8.201650813374741119e+04 1.424715461563637655e+04
1.898600435642012751e+00 1.424726097844325159e+04 1.101399103703492477e+00 1.825615873151013924e+00 1.678913564500185363e+00 6.978810561927180970e+04 1.731504758494121779e+05 3.239094405854575962e+04 4.735248501059641421e+04 4.644677121554530459e+05 5.128428209346489166e+04 1.907900477982313658e+00 1.803605103963427769e+00 7.692537308350672538e+04 1.435381450478170562e+00 4.275576011997672140e+03 1.282267782221997732e+04 1.948086646072696659e+00 1.796913121165976124e+00 1.836645392277957090e+00 5.580918271179291332e+04 1.193152870192355767e+05 2.742413083329773508e+05 8.344082324263459304e+04 1.769414480537830459e+00
1.948261697050265528e+00 1.424719861653537737e+04 1.825615873151013924e+00 1.075551793420989721e+00 1.540772064245031103e+00 6.978800308752512501e+04 1.731503383020155306e+05 3.239089841584043097e+04 4.735240564621159137e+04 4.644676464060769067e+05 5.128419213399929140e+04 1.924985848087706453e+00 1.641574000563892577e+00 7.692522226667658833e+04 1.360602265616606577e+00 4.275525144245818410e+03 1.282259776955887901e+04 1.941636555123542607e+00 1.863116522740334347e+00 1.866896052243238069e+00 5.580909333108388091e+04 1.193150998089046625e+05 2.742412204013950541e+05 8.344068796305070282e+04 1.653979773032291156e+00
1.785426623226900933e+00 1.424698177409335040e+04 1.678913564500185363e+00 1.540772064245031103e+00 9.259413990200141553e-01 6.978778212346212240e+04 1.731501346907331608e+05 3.239066424488406119e+04 4.735215703550527542e+04 4.644674643362257630e+05 5.128392983552475926e+04 1.780298344306924685e+00 1.387870793070115072e+00 7.692499982228882436e+04 1.123106107804271225e+00 4.275370175829401887e+03 1.282241685713414518e+04 1.836865950473024478e+00 1.725198445584323004e+00 1.747409635280147144e+00 5.580885494151151215e+04 1.193149400160685473e+05 2.742410488701189752e+05 8.344043205649506126e+04 1.564065775549056569e+00
6.978822645895146707e+04 6.836369339951816073e+04 6.978810561927180970e+04 6.978800308752512501e+04 6.978778212346212240e+04 2.428334751484662775e+04 1.729021879360458406e+05 5.661250005809887807e+04 6.483994643159354018e+04 4.644678611761073698e+05 6.483997162594676047e+04 6.978819404936829233e+04 6.978783898652099015e+04 2.673489180768152437e+04 6.978756233785599761e+04 6.978825655222950445e+04 6.978831263524659153e+04 6.978823366944272129e+04 6.978815437087064493e+04 6.978811398746671330e+04 5.458391804387254524e+04 8.865124747836813913e+04 2.742415853191645001e+05 4.787700322708002932e+04 6.978798659139391384e+04
1.731505922778371314e+05 1.731506799636291980e+05 1.731504758494122652e+05 1.731503383020155597e+05 1.731501346907332190e+05 1.729021879360458115e+05 6.799050840798202262e+04 1.706647075630490435e+05 1.556068545634633338e+05 4.186632521129734814e+05 1.556068333373167552e+05 1.731505576468721265e+05 1.731502317843111523e+05 1.730398769562682428e+05 1.731500176277581195e+05 1.731506518443328969e+05 1.731506283664942603e+05 1.731505291925925994e+05 1.731504838456896832e+05 1.731505377432519454e+05 1.613048754992381437e+05 1.411613594226374989e+05 1.961764441407040576e+05 1.658812675493909628e+05 1.731503198284936661e+05
3.239103906875937901e+04 1.814572069983788242e+04 3.239094405854575962e+04 3.239089841584043825e+04 3.239066424488406483e+04 5.661250005809887807e+04 1.706647075630490144e+05 6.393801486643954377e+03 4.060471701036296872e+04 4.644679024837016477e+05 4.453665100047287706e+04 3.239100830910689183e+04 3.239077104528534983e+04 6.410492708959725132e+04 3.239039430563409405e+04 2.811738211796425094e+04 1.957043661354208962e+04 3.239106212760074413e+04 3.239100550015059343e+04 3.239101021049495830e+04 4.336357338855891430e+04 1.064949573263816274e+05 2.742415411425569328e+05 7.062039704743912444e+04 3.239086155918520672e+04
4.735252163964148349e+04 4.735244178276562889e+04 4.735248501059641421e+04 4.735240564621157682e+04 4.735215703550527542e+04 6.483994643159354018e+04 1.556068545634633629e+05 4.060471701036296872e+04 5.453297626172007767e+03 4.516473496301459381e+05 1.144017862046789196e+04 4.735248554717675142e+04 4.735225337257263891e+04 7.692555367110129737e+04 4.735191323228967667e+04 4.735244695891185256e+04 4.735249090296272334e+04 4.735254853565069061e+04 4.735250388027496956e+04 4.735250909864953428e+04 2.304564148732897593e+04 1.193155151446968375e+05 2.614209631228833750e+05 8.344103092833564733e+04 4.735238671574010368e+04
4.644677685028339620e+05 4.644678500268947100e+05 4.644677121554531041e+05 4.644676464060769649e+05 4.644674643362257630e+05 4.644678611761073698e+05 4.186632521129734232e+05 4.644679024837017059e+05 4.516473496301458799e+05 2.322642075654614309e+05 4.516473300828521606e+05 4.644677667526116129e+05 4.644675171097095008e+05 4.644678754876737949e+05 4.644674321674841340e+05 4.644678451354537974e+05 4.644678204255075543e+05 4.644677010879040463e+05 4.644677420658587944e+05 4.644677148551170831e+05 4.573452734790375107e+05 4.601485099877264583e+05 3.694335526602937607e+05 4.644679152217642404e+05 4.644675648023989052e+05
5.128433881517910777e+04 5.128430015732721949e+04 5.128428209346489166e+04 5.128419213399929140e+04 5.128392983552475926e+04 6.483997162594675319e+04 1.556068333373167261e+05 4.453665100047288433e+04 1.144017862046789560e+04 4.516473300828521024e+05 9.136597958048594592e+03 5.128434392904766719e+04 5.128402359393272491e+04 7.692548611110774800e+04 5.128368416161779896e+04 5.128423622455012810e+04 5.128429523043560039e+04 5.128432864195986622e+04 5.128431786367131281e+04 5.128429138571037038e+04 2.281197973020236532e+04 1.193155567681862012e+05 2.614210366647545306e+05 8.344099020472135453e+04 5.128416094556031021e+04
1.827171723052340102e+00 1.424729745414902391e+04 1.907900477982313658e+00 1.924985848087706675e+00 1.780298344306924685e+00 6.978819404936829233e+04 1.731505576468721265e+05 3.239100830910689183e+04 4.735248554717675142e+04 4.644677667526115547e+05 5.128434392904766719e+04 1.129842130105090492e+00 1.858955446565422776e+00 7.692541121351116453e+04 1.474932260159859565e+00 4.275606345299374880e+03 1.282273333690853178e+04 1.989714889858776870e+00 1.826203580340731936e+00 1.916759392863307765e+00 5.580926411729232495e+04 1.193153419832261861e+05 2.742414177252761438e+05 8.344083035514707444e+04 1.893609331996175316e+00
1.857259608181594190e+00 1.424707480924800984e+04 1.803605103963427769e+00 1.641574000563892799e+00 1.387870793070115294e+00 6.978783898652099015e+04 1.731502317843111523e+05 3.239077104528534983e+04 4.735225337257264619e+04 4.644675171097095008e+05 5.128402359393272491e+04 1.858955446565422776e+00 9.922887733243932473e-01 7.692514244206974399e+04 1.243735902767432622e+00 4.275462752872539568e+03 1.282248128192418881e+04 1.897796595090523342e+00 1.822673495909504116e+00 1.829219476106781039e+00 5.580891902852249768e+04 1.193150049949754903e+05 2.742411617814062047e+05 8.344052024157172127e+04 1.612936971212159065e+00
7.692541595983965090e+04 7.550090857020080148e+04 7.692537308350672538e+04 7.692522226667658833e+04 7.692499982228882436e+04 2.673489180768152437e+04 1.730398769562682428e+05 6.410492708959725860e+04 7.692555367110129737e+04 4.644678754876737949e+05 7.692548611110774800e+04 7.692541121351116453e+04 7.692514244206974399e+04 1.480517804913127293e+04 7.692483387765090447e+04 7.692551780396129470e+04 7.692552571540245845e+04 7.692546650673152180e+04 7.692540005357281188e+04 7.692540002189289953e+04 6.736806822400038072e+04 8.324211260082753142e+04 2.742416037840296049e+05 3.843493086642171693e+04 7.692521030982022057e+04
1.495109416158792781e+00 1.424670602388459702e+04 1.435381450478170340e+00 1.360602265616606577e+00 1.123106107804271225e+00 6.978756233785601216e+04 1.731500176277581195e+05 3.239039430563409405e+04 4.735191323228967667e+04 4.644674321674841340e+05 5.128368416161779896e+04 1.474932260159859565e+00 1.243735902767432622e+00 7.692483387765090447e+04 6.872168186970020187e-01 4.275065814623842925e+03 1.282214778362734069e+04 1.537429754914021007e+00 1.449022347085622053e+00 1.484349059237902946e+00 5.580861033741683059e+04 1.193147821144013287e+05 2.742409608494483982e+05 8.344028475089388667e+04 1.359931463806284047e+00
4.275548584626943921e+03 9.973645917067136907e+03 4.275576011997672140e+03 4.275525144245818410e+03 4.275370175829403706e+03 6.978825655222950445e+04 1.731506518443328969e+05 2.811738211796425094e+04 4.735244695891185256e+04 4.644678451354537974e+05 5.128423622455012810e+04 4.275606345299374880e+03 4.275462752872539568e+03 7.692551780396129470e+04 4.275065814623842925e+03 5.699249637712085132e+03 8.548951242943932812e+03 4.275582145032707558e+03 4.275578832057703039e+03 4.275613320589428440e+03 5.580924813287209690e+04 1.193154468453709851e+05 2.742415226170445094e+05 8.344096770766926056e+04 4.275541227958779928e+03
1.282270301462020325e+04 1.426567056166460588e+03 1.282267782221997732e+04 1.282259776955887901e+04 1.282241685713414518e+04 6.978831263524659153e+04 1.731506283664942603e+05 1.957043661354208962e+04 4.735249090296273062e+04 4.644678204255076707e+05 5.128429523043560039e+04 1.282273333690853178e+04 1.282248128192418881e+04 7.692552571540245845e+04 1.282214778362734069e+04 8.548951242943932812e+03 1.232228301136646165e+00 1.282263144137596646e+04 1.282266482697381798e+04 1.282266882828949929e+04 5.580930639583349694e+04 1.193154442037549306e+05 2.742415448366579367e+05 8.344100479452143190e+04 1.282258184900014749e+04
1.910361940096464650e+00 1.424735307450591245e+04 1.948086646072696659e+00 1.941636555123542385e+00 1.836865950473024478e+00 6.978823366944272129e+04 1.731505291925925994e+05 3.239106212760074413e+04 4.735254853565069061e+04 4.644677010879040463e+05 5.128432864195986622e+04 1.989714889858776870e+00 1.897796595090523342e+00 7.692546650673152180e+04 1.537429754914021007e+00 4.275582145032706649e+03 1.282263144137596646e+04 1.132349356177977162e+00 2.012119500593899435e+00 1.999585267217446782e+00 5.580929783717925602e+04 1.193153638612602663e+05 2.742414805219057016e+05 8.344090808015232324e+04 1.926294075520850413e+00
1.889912639721410992e+00 1.424724859914004628e+04 1.796913121165976124e+00 1.863116522740334347e+00 1.725198445584323004e+00 6.978815437087064493e+04 1.731504838456896832e+05 3.239100550015059343e+04 4.735250388027496956e+04 4.644677420658587944e+05 5.128431786367131281e+04 1.826203580340732158e+00 1.822673495909503893e+00 7.692540005357281188e+04 1.449022347085622053e+00 4.275578832057701220e+03 1.282266482697381798e+04 2.012119500593899435e+00 1.059428410685820721e+00 1.836319826008506961e+00 5.580924852871320763e+04 1.193152733748718892e+05 2.742413519398054923e+05 8.344081721765894326e+04 1.818532068145782832e+00
1.971576096730771610e+00 1.424726023060597799e+04 1.836645392277957090e+00 1.866896052243237847e+00 1.747409635280147588e+00 6.978811398746671330e+04 1.731505377432519454e+05 3.239101021049495830e+04 4.735250909864953428e+04 4.644677148551170831e+05 5.128429138571037038e+04 1.916759392863307765e+00 1.829219476106780817e+00 7.692540002189291408e+04 1.484349059237902946e+00 4.275613320589428440e+03 1.282266882828949929e+04 1.999585267217446782e+00 1.836319826008506961e+00 1.102946565655277267e+00 5.580921426135595539e+04 1.193152295059749158e+05 2.742414017619380611e+05 8.344084918959604693e+04 1.839892896976890624e+00
5.580927990327642328e+04 5.517615593208217615e+04 5.580918271179289877e+04 5.580909333108387364e+04 5.580885494151150488e+04 5.458391804387255252e+04 1.613048754992381437e+05 4.336357338855891430e+04 2.304564148732897957e+04 4.573452734790374525e+05 2.281197973020235804e+04 5.580926411729232495e+04 5.580891902852249768e+04 6.736806822400038072e+04 5.580861033741681604e+04 5.580924813287209690e+04 5.580930639583349694e+04 5.580929783717925602e+04 5.580924852871320763e+04 5.580921426135594083e+04 2.278776568351521564e+04 1.136176031570655759e+05 2.671190346451393561e+05 7.774304985750532069e+04 5.580905945023841923e+04
1.193153504616491409e+05 1.178909586075420375e+05 1.193152870192355767e+05 1.193150998089046625e+05 1.193149400160685473e+05 8.865124747836813913e+04 1.411613594226374698e+05 1.064949573263816274e+05 1.193155151446968230e+05 4.601485099877264583e+05 1.193155567681862012e+05 1.193153419832261861e+05 1.193150049949754903e+05 8.324211260082753142e+04 1.193147821144013287e+05 1.193154468453709851e+05 1.193154442037549306e+05 1.193153638612602663e+05 1.193152733748718892e+05 1.193152295059749449e+05 1.136176031570655759e+05 4.179620786154686357e+04 2.607432185319731943e+05 6.467322855067849741e+04 1.193150761668239720e+05
2.742414290130060981e+05 2.742415302787540713e+05 2.742413083329774090e+05 2.742412204013951123e+05 2.742410488701189752e+05 2.742415853191645001e+05 1.961764441407040576e+05 2.742415411425569328e+05 2.614209631228833750e+05 3.694335526602937607e+05 2.614210366647545306e+05 2.742414177252761438e+05 2.742411617814062047e+05 2.742416037840296049e+05 2.742409608494483982e+05 2.742415226170445094e+05 2.742415448366579949e+05 2.742414805219057598e+05 2.742413519398054923e+05 2.742414017619381193e+05 2.671190346451392979e+05 2.607432185319731943e+05 1.563159212239494955e+05 2.718918264499179786e+05 2.742412612401077058e+05
8.344087514647058561e+04 8.201650813374741119e+04 8.344082324263457849e+04 8.344068796305068827e+04 8.344043205649506126e+04 4.787700322708002932e+04 1.658812675493909628e+05 7.062039704743912444e+04 8.344103092833564733e+04 4.644679152217642404e+05 8.344099020472135453e+04 8.344083035514707444e+04 8.344052024157172127e+04 3.843493086642171693e+04 8.344028475089390122e+04 8.344096770766926056e+04 8.344100479452143190e+04 8.344090808015230868e+04 8.344081721765892871e+04 8.344084918959604693e+04 7.774304985750532069e+04 6.467322855067849741e+04 2.718918264499179786e+05 2.414399969621914715e+04 8.344062127059516206e+04
1.915932784564788216e+00 1.424715461563637655e+04 1.769414480537830459e+00 1.653979773032291156e+00 1.564065775549056347e+00 6.978798659139392839e+04 1.731503198284936079e+05 3.239086155918520308e+04 4.735238671574010368e+04 4.644675648023989052e+05 5.128416094556031021e+04 1.893609331996175316e+00 1.612936971212159065e+00 7.692521030982022057e+04 1.359931463806284047e+00 4.275541227958778109e+03 1.282258184900014749e+04 1.926294075520850413e+00 1.818532068145782610e+00 1.839892896976890624e+00 5.580905945023842651e+04 1.193150761668239720e+05 2.742412612401077058e+05 8.344062127059516206e+04 1.048870496954033005e+00
