5.597115498839213554e-01 1.578165735171787931e+00 1.924712185234491502e+00 1.141090779076790129e+00 1.426781231845225317e+00 1.738189189861054474e+05 1.334862434180023039e+00 5.357360777617426356e+04 2.029393340713085969e+00 2.193813985600910677e+00 1.322967628441974011e+04 1.970411678478273032e+00 2.059292003491390854e+00 1.394744841329271439e+05 1.382362784594604488e+00 1.411522275022100370e+00 1.423356284038646669e+00 2.030877676560194356e+00 1.433910015774721103e+00 1.333241440478205808e+00 3.361564568354701623e+04 1.493250580994403665e+00 2.110869074291893632e+00 2.316668094260295620e+05 1.722230562426043443e+00
1.578165735171787931e+00 5.486021527025599642e-01 1.830588312081024238e+00 1.134453996614656290e+00 1.531810272876512835e+00 1.738190503984672250e+05 1.613593468937000175e+00 5.357378542047593510e+04 1.892078661622931923e+00 2.143741645000479590e+00 1.322965315113876204e+04 1.933360268319482822e+00 2.127646134999790384e+00 1.394746376203869004e+05 1.697665886697783622e+00 1.472126485578503452e+00 1.623563572123230658e+00 2.094775513522002974e+00 1.585983656378429751e+00 1.398865519068246632e+00 3.361579606701556622e+04 1.565980628640817107e+00 2.131843813853449454e+00 2.316668670909879147e+05 1.680260160676608328e+00
1.924712185234491502e+00 1.830588312081024238e+00 6.817784091350146403e-01 1.188654158261921001e+00 1.628212640612713535e+00 1.738189732126847666e+05 1.889876497677578371e+00 5.357380342913276399e+04 1.703741270187528745e+00 2.222681307863193290e+00 1.322975139732339267e+04 1.822734358430345036e+00 2.125222921761618089e+00 1.394745469764358713e+05 1.833101343557369534e+00 1.620299672849622619e+00 1.798973355582359934e+00 1.913240458709699610e+00 1.759867211014530586e+00 1.442408789675315495e+00 3.361585174822529370e+04 1.707340257875620049e+00 2.189006307862218392e+00 2.316668421278727765e+05 1.691547764389865538e+00
1.141090779076790129e+00 1.134453996614656290e+00 1.188654158261921001e+00 2.223799037386532118e-01 9.625134369701736636e-01 1.738185870220929210e+05 1.158585743769886767e+00 5.357314157752806932e+04 1.275911015487688482e+00 1.372747408262132485e+00 1.322896999014758330e+04 1.282394161054658532e+00 1.368767633521086546e+00 1.394741221528598398e+05 1.115172584431830538e+00 7.711862954897193978e-01 1.121851647684462661e+00 1.297630865992277505e+00 1.204652300201087822e+00 5.741834792903618423e-01 3.361503467275347066e+04 1.034108125353928598e+00 1.335663197009673286e+00 2.316665306104281917e+05 1.144986698948097015e+00
1.426781231845225317e+00 1.531810272876512835e+00 1.628212640612713535e+00 9.625134369701736636e-01 4.803763298610862487e-01 1.738186622072284517e+05 1.423754906218902327e+00 5.357334271195037581e+04 1.632446561260074480e+00 1.828982499365936709e+00 1.322939143956842963e+04 1.702497832113258669e+00 1.829027086950856695e+00 1.394741901456425840e+05 1.482872142719829478e+00 1.053917192416862436e+00 1.211195805510919765e+00 1.705273837727276476e+00 1.523820341891136243e+00 1.107434014507273856e+00 3.361537602789446100e+04 1.038340193724766936e+00 1.843571755796825862e+00 2.316665851049252378e+05 1.577026705011748575e+00
1.738189189861054765e+05 1.738190503984672250e+05 1.738189732126847957e+05 1.738185870220929501e+05 1.738186622072284226e+05 4.995965592179676605e+04 1.738188965089373523e+05 1.431234232337764988e+05 1.738189971389310085e+05 1.738193315281906689e+05 1.605918567422210472e+05 1.738192860329314135e+05 1.738193432923763758e+05 7.268757967715295672e+04 1.738188404870011145e+05 1.738185916661324736e+05 1.738187251822547696e+05 1.738192338867962826e+05 1.738189184150696383e+05 1.738185584979193518e+05 1.496250526916240342e+05 1.738187285220352933e+05 1.738193397251467104e+05 1.223513053232791135e+05 1.738190051273371500e+05
1.334862434180023039e+00 1.613593468937000175e+00 1.889876497677578371e+00 1.158585743769886767e+00 1.423754906218902327e+00 1.738188965089373232e+05 4.819853429701819736e-01 5.357363413825233147e+04 1.972576487053062655e+00 2.101141809424738494e+00 1.322958530688420251e+04 1.877205632715436723e+00 2.005680757334797448e+00 1.394745236467794748e+05 1.361346589592259182e+00 1.411484176566750515e+00 1.396322445521853473e+00 1.975188420179448512e+00 1.460943318014224612e+00 1.251226085367426633e+00 3.361550567265121936e+04 1.387590567128918151e+00 2.094021501786162975e+00 2.316668050111018529e+05 1.785240670813276420e+00
5.357360777617426356e+04 5.357378542047593510e+04 5.357380342913275672e+04 5.357314157752806932e+04 5.357334271195037581e+04 1.431234232337764988e+05 5.357363413825232419e+04 1.041745595141761623e+04 5.357392322638492624e+04 5.357398743510257918e+04 4.034621084681461070e+04 5.357396080851231090e+04 5.357397062977513269e+04 1.092454667204779253e+05 5.357357073278203461e+04 5.357327210790047684e+04 5.357343825582993304e+04 5.357396503600734286e+04 5.357365509050268156e+04 5.357320450290737790e+04 1.996003075197085127e+04 5.357341809833428852e+04 5.357397398185075144e+04 2.019049452153605525e+05 5.357375828337612620e+04
2.029393340713085969e+00 1.892078661622931923e+00 1.703741270187528745e+00 1.275911015487688482e+00 1.632446561260074480e+00 1.738189971389310085e+05 1.972576487053062877e+00 5.357392322638492624e+04 5.438494408194320950e-01 1.999615765083028629e+00 1.322973673902897644e+04 1.793915565440753479e+00 2.069480919018348519e+00 1.394747537053263513e+05 1.933652938972604707e+00 1.565784669092260106e+00 1.822123618057155836e+00 1.879763697607038875e+00 1.912517872685633780e+00 1.416272422187857094e+00 3.361583237904233829e+04 1.670637758468565881e+00 2.165920858787413028e+00 2.316670870849193889e+05 1.687303846678524621e+00
2.193813985600910677e+00 2.143741645000479590e+00 2.222681307863193290e+00 1.372747408262132929e+00 1.828982499365936709e+00 1.738193315281906689e+05 2.101141809424738494e+00 5.357398743510257918e+04 1.999615765083028629e+00 6.992168971279348888e-01 1.322953515486860852e+04 2.128444736487506539e+00 1.779095749309853813e+00 1.394749332500619057e+05 2.062651545474789572e+00 1.675307302486888306e+00 2.031758544102970632e+00 2.091330903882315795e+00 2.161525672780072238e+00 1.489370928870697997e+00 3.361563672903854604e+04 1.915736636628575740e+00 1.726342809273559098e+00 2.316673160059824295e+05 2.146620022620544521e+00
1.322967628441974011e+04 1.322965315113876204e+04 1.322975139732339449e+04 1.322896999014758330e+04 1.322939143956843509e+04 1.605918567422210472e+05 1.322958530688420251e+04 4.034621084681462526e+04 1.322973673902897826e+04 1.322953515486861033e+04 1.175848927241032470e+04 1.322979966817994682e+04 1.322959415000600166e+04 1.262473488957826776e+05 1.322963630878558433e+04 1.322919804867497442e+04 1.322957908526581014e+04 1.322974311949839102e+04 1.322962120842261902e+04 1.322904053675464093e+04 2.038783222977609694e+04 1.322945195104590312e+04 1.322948507208959018e+04 2.184396589180009614e+05 1.322972576309462420e+04
1.970411678478273032e+00 1.933360268319482822e+00 1.822734358430345258e+00 1.282394161054658532e+00 1.702497832113258669e+00 1.738192860329313553e+05 1.877205632715436723e+00 5.357396080851231090e+04 1.793915565440753257e+00 2.128444736487506539e+00 1.322979966817994500e+04 6.094054032479435667e-01 1.933239275809042201e+00 1.394748272096257715e+05 1.858462326960106825e+00 1.603289667542367569e+00 1.745897409044647741e+00 1.653733959837710765e+00 1.933858600863771926e+00 1.456751416360951623e+00 3.361588802608168044e+04 1.715088010202977742e+00 2.162819327391017676e+00 2.316671759401251038e+05 1.878122687897165743e+00
2.059292003491390854e+00 2.127646134999790384e+00 2.125222921761618089e+00 1.368767633521086768e+00 1.829027086950856695e+00 1.738193432923763467e+05 2.005680757334797448e+00 5.357397062977513269e+04 2.069480919018348519e+00 1.779095749309853813e+00 1.322959415000600166e+04 1.933239275809042201e+00 6.953986351393056653e-01 1.394749438775174785e+05 1.923827411874947657e+00 1.656091431612874310e+00 1.946876570542651841e+00 1.878718600425127505e+00 2.088881779543239503e+00 1.434353900270994631e+00 3.361579335371579509e+04 1.863016837190179187e+00 1.853874477234952245e+00 2.316673124802030216e+05 2.035397221467694973e+00
1.394744841329271439e+05 1.394746376203869004e+05 1.394745469764358713e+05 1.394741221528598689e+05 1.394741901456425840e+05 7.268757967715295672e+04 1.394745236467794748e+05 1.092454667204779398e+05 1.394747537053263513e+05 1.394749332500619057e+05 1.262473488957826485e+05 1.394748272096258006e+05 1.394749438775174785e+05 7.190094487510025829e+03 1.394743687405994278e+05 1.394742262070717989e+05 1.394743315211313311e+05 1.394747873167391226e+05 1.394745147998480534e+05 1.394741969451434561e+05 1.154728185388373386e+05 1.394742783627397439e+05 1.394748724102610722e+05 1.378291871616494609e+05 1.394746718834927597e+05
1.382362784594604488e+00 1.697665886697783622e+00 1.833101343557369534e+00 1.115172584431830538e+00 1.482872142719829478e+00 1.738188404870010854e+05 1.361346589592259182e+00 5.357357073278203461e+04 1.933652938972604707e+00 2.062651545474789572e+00 1.322963630878558433e+04 1.858462326960106825e+00 1.923827411874947657e+00 1.394743687405994278e+05 5.413484175544808208e-01 1.351556229700371148e+00 1.326098141643915040e+00 1.896794392229195436e+00 1.422238599149677540e+00 1.232857695030127543e+00 3.361557575831558643e+04 1.336076568875134374e+00 2.013755743828784084e+00 2.316667728895505134e+05 1.809487443557564745e+00
1.411522275022100370e+00 1.472126485578503230e+00 1.620299672849622619e+00 7.711862954897193978e-01 1.053917192416862436e+00 1.738185916661324736e+05 1.411484176566750515e+00 5.357327210790047684e+04 1.565784669092260106e+00 1.675307302486888528e+00 1.322919804867497260e+04 1.603289667542367569e+00 1.656091431612874310e+00 1.394742262070717989e+05 1.351556229700371148e+00 3.926938259907188367e-01 1.394467332862237896e+00 1.640088944931384907e+00 1.383411357033851097e+00 7.310135786903706467e-01 3.361514466334486497e+04 1.160607254359656393e+00 1.720300408288484961e+00 2.316666015089943830e+05 1.510492784964639679e+00
1.423356284038646669e+00 1.623563572123230658e+00 1.798973355582359934e+00 1.121851647684462883e+00 1.211195805510919765e+00 1.738187251822547696e+05 1.396322445521853917e+00 5.357343825582993304e+04 1.822123618057155836e+00 2.031758544102970632e+00 1.322957908526580832e+04 1.745897409044647741e+00 1.946876570542651841e+00 1.394743315211313311e+05 1.326098141643915040e+00 1.394467332862237896e+00 5.431297407605191196e-01 1.805623768967741238e+00 1.642317312696988552e+00 1.259333309930979583e+00 3.361551997420824773e+04 1.252128361956408975e+00 2.008119213981377715e+00 2.316666670633216563e+05 1.710902650169364270e+00
2.030877676560193912e+00 2.094775513522002974e+00 1.913240458709699610e+00 1.297630865992277505e+00 1.705273837727276476e+00 1.738192338867963117e+05 1.975188420179448512e+00 5.357396503600734286e+04 1.879763697607038875e+00 2.091330903882315795e+00 1.322974311949838921e+04 1.653733959837710765e+00 1.878718600425127505e+00 1.394747873167391226e+05 1.896794392229195436e+00 1.640088944931384907e+00 1.805623768967741238e+00 6.259337561697173591e-01 2.113178094852421030e+00 1.526268620024645584e+00 3.361590150040615845e+04 1.803894956228552449e+00 2.037074050006791204e+00 2.316671954064097372e+05 1.938400230761815113e+00
1.433910015774721103e+00 1.585983656378429751e+00 1.759867211014530586e+00 1.204652300201087822e+00 1.523820341891136021e+00 1.738189184150696092e+05 1.460943318014224612e+00 5.357365509050268156e+04 1.912517872685633780e+00 2.161525672780072238e+00 1.322962120842261902e+04 1.933858600863771926e+00 2.088881779543239503e+00 1.394745147998480534e+05 1.422238599149677540e+00 1.383411357033851097e+00 1.642317312696988552e+00 2.113178094852421030e+00 5.772581292436057554e-01 1.307005605079449184e+00 3.361555860668181413e+04 1.478267422001346310e+00 2.144724283381902463e+00 2.316668750189504353e+05 1.859801124579062215e+00
1.333241440478206030e+00 1.398865519068246854e+00 1.442408789675315495e+00 5.741834792903618423e-01 1.107434014507273856e+00 1.738185584979193227e+05 1.251226085367427077e+00 5.357320450290737790e+04 1.416272422187857094e+00 1.489370928870697997e+00 1.322904053675464093e+04 1.456751416360951623e+00 1.434353900270994631e+00 1.394741969451434561e+05 1.232857695030127543e+00 7.310135786903706467e-01 1.259333309930979805e+00 1.526268620024645584e+00 1.307005605079449406e+00 3.660161661028600855e-01 3.361504770443237067e+04 1.141838296268763209e+00 1.502449521916533026e+00 2.316666344364074466e+05 1.428325473950781799e+00
3.361564568354701623e+04 3.361579606701556622e+04 3.361585174822529370e+04 3.361503467275347793e+04 3.361537602789446100e+04 1.496250526916240342e+05 3.361550567265121936e+04 1.996003075197085127e+04 3.361583237904233829e+04 3.361563672903854604e+04 2.038783222977609694e+04 3.361588802608168044e+04 3.361579335371579509e+04 1.154728185388373386e+05 3.361557575831558643e+04 3.361514466334486497e+04 3.361551997420824773e+04 3.361590150040615845e+04 3.361555860668181413e+04 3.361504770443237067e+04 1.153483489787468898e+04 3.361540838644915493e+04 3.361583314923966100e+04 2.078575765099880809e+05 3.361583316755555279e+04
1.493250580994403665e+00 1.565980628640817107e+00 1.707340257875620271e+00 1.034108125353928598e+00 1.038340193724766714e+00 1.738187285220352933e+05 1.387590567128918151e+00 5.357341809833428852e+04 1.670637758468565881e+00 1.915736636628575740e+00 1.322945195104589766e+04 1.715088010202977742e+00 1.863016837190179187e+00 1.394742783627397439e+05 1.336076568875134374e+00 1.160607254359656393e+00 1.252128361956408975e+00 1.803894956228552449e+00 1.478267422001346310e+00 1.141838296268763209e+00 3.361540838644915493e+04 5.526505363280770355e-01 1.912497322796126165e+00 2.316666842786665075e+05 1.614911700101562708e+00
2.110869074291893632e+00 2.131843813853449454e+00 2.189006307862218392e+00 1.335663197009673064e+00 1.843571755796825862e+00 1.738193397251467104e+05 2.094021501786162975e+00 5.357397398185075144e+04 2.165920858787413028e+00 1.726342809273559098e+00 1.322948507208958836e+04 2.162819327391017676e+00 1.853874477234952689e+00 1.394748724102610722e+05 2.013755743828784528e+00 1.720300408288484961e+00 2.008119213981377715e+00 2.037074050006791204e+00 2.144724283381902463e+00 1.502449521916533026e+00 3.361583314923966100e+04 1.912497322796126165e+00 5.597302502175477423e-01 2.316672472193771100e+05 2.128977342774741377e+00
2.316668094260295620e+05 2.316668670909879147e+05 2.316668421278727765e+05 2.316665306104281917e+05 2.316665851049252378e+05 1.223513053232791135e+05 2.316668050111018529e+05 2.019049452153605525e+05 2.316670870849193889e+05 2.316673160059824295e+05 2.184396589180009614e+05 2.316671759401251038e+05 2.316673124802030216e+05 1.378291871616494609e+05 2.316667728895505134e+05 2.316666015089943830e+05 2.316666670633216272e+05 2.316671954064097372e+05 2.316668750189504353e+05 2.316666344364074466e+05 2.078575765099881100e+05 2.316666842786665075e+05 2.316672472193771100e+05 5.227302612038448569e+04 2.316669270948584599e+05
1.722230562426043443e+00 1.680260160676608328e+00 1.691547764389865538e+00 1.144986698948097015e+00 1.577026705011748575e+00 1.738190051273371500e+05 1.785240670813276420e+00 5.357375828337612620e+04 1.687303846678524621e+00 2.146620022620544521e+00 1.322972576309462238e+04 1.878122687897165743e+00 2.035397221467694973e+00 1.394746718834927597e+05 1.809487443557564745e+00 1.510492784964639679e+00 1.710902650169364270e+00 1.938400230761815113e+00 1.859801124579062215e+00 1.428325473950781799e+00 3.361583316755555279e+04 1.614911700101562708e+00 2.128977342774741377e+00 2.316669270948584599e+05 6.026716660687150284e-01
