9.960056624202616149e+03 1.428589240107430087e+05 4.218841052345593198e+04 1.428589378071636311e+05 1.428592751704542316e+05 1.190497261211296718e+05 1.428591987458683434e+05 2.259022309568549099e+05 1.428587066436956229e+05 1.190497660480001941e+05 1.039509446919583570e+05 4.932152334749442525e+05 1.190495153294024349e+05 7.143046798185350781e+04 2.381139036332692922e+04 1.428591933486756752e+05 2.811375394101955462e+05 2.520531867715308181e+04 1.717888502654283075e+05 1.069506671708902286e+05 3.150011095774502610e+05 3.556070881468136213e+05 1.428591926968708867e+05 5.873476478178934194e+05 4.762129877248117555e+04
1.428589240107430087e+05 8.031624998244188962e-01 1.190493945651842660e+05 1.341938249454299514e+00 1.588802450725040005e+00 6.560460897025499435e+04 1.473675472063703751e+00 2.380969312747172371e+05 1.103474850371477967e+00 7.143044375705727725e+04 8.652914736912572698e+04 5.170245417634335463e+05 4.762076745416441554e+04 9.523991502478621260e+04 1.428590406271996035e+05 1.785879653266776222e+04 3.049467143085322459e+05 1.428590644753509841e+05 1.955979320056106662e+05 1.426645402411968971e+05 3.388102452043741941e+05 3.794162414837690303e+05 1.424261047294427263e+00 6.111570765295381425e+05 1.428591953685965564e+05
4.218841052345592470e+04 1.190493945651842514e+05 3.234692279299318761e+04 1.190493523633044097e+05 1.190496802722769789e+05 9.524008713853938389e+04 1.190495888259503699e+05 2.378069293477942992e+05 1.190491852764347568e+05 9.523998620610802027e+04 7.664371644026298600e+04 5.051200365767093026e+05 9.523991596796069643e+04 4.204837858728002175e+04 4.762092233310548909e+04 1.190495612854051578e+05 2.930421652947983821e+05 5.506158034694231901e+04 1.836936044844309508e+05 1.248078618922645401e+05 3.269059324403898790e+05 3.675117053154497407e+05 1.190496630281184480e+05 5.992524868684296962e+05 7.143089637991423660e+04
1.428589378071636311e+05 1.341938249454299514e+00 1.190493523633044097e+05 6.894682660580256917e-01 1.625820388940618866e+00 6.560445840212142502e+04 1.462024502725693287e+00 2.380969086210826936e+05 9.480909815200940782e-01 7.143028789438835520e+04 8.652908290118220611e+04 5.170246295085528400e+05 4.762063093619811116e+04 9.523990099061133515e+04 1.428588851480114099e+05 1.785882826264274263e+04 3.049466553119763848e+05 1.428588819085908763e+05 1.955979720829958096e+05 1.426645448209947499e+05 3.388102567297798814e+05 3.794161901494006743e+05 1.507502787931140675e+00 6.111571221262516920e+05 1.428590654544383870e+05
1.428592751704542316e+05 1.588802450725040005e+00 1.190496802722769789e+05 1.625820388940618866e+00 7.930080958664590396e-01 6.560487385969329625e+04 1.570798670481519332e+00 2.380970092727292795e+05 1.414739514493486672e+00 7.143070060864313564e+04 8.652934161790812504e+04 5.170247070999557618e+05 4.762101583405107522e+04 9.524010021913031233e+04 1.428593180404940795e+05 1.785878351550676962e+04 3.049466610752217239e+05 1.428593396374635922e+05 1.955980653350241773e+05 1.426647839172655658e+05 3.388103186908924254e+05 3.794162378311108914e+05 1.530429439704623862e+00 6.111571766087411670e+05 1.428593918987965735e+05
1.190497261211296718e+05 6.560460897025499435e+04 9.524008713853938389e+04 6.560445840212142502e+04 6.560487385969329625e+04 8.801418822208524944e+03 6.560471672070473142e+04 2.619066700830795453e+05 6.560423619939443597e+04 5.827440538342233594e+03 3.370209749314639339e+04 5.170247119603666360e+05 1.798519790657301928e+04 7.143039126168002258e+04 1.190496807914160891e+05 4.774755556976325897e+04 3.049469799692191300e+05 1.190497773991501745e+05 2.194078029559489223e+05 1.664743429974676401e+05 3.388105079480139539e+05 3.794163681574030197e+05 6.560476675839364179e+04 6.111572036110404879e+05 1.190498394950816000e+05
1.428591987458683434e+05 1.473675472063703751e+00 1.190495888259503699e+05 1.462024502725693287e+00 1.570798670481519332e+00 6.560471672070473142e+04 8.507208162672891261e-01 2.380969308545002132e+05 1.254682616442100329e+00 7.143053805117243610e+04 8.652929599770560162e+04 5.170246443981638295e+05 4.762083228189092188e+04 9.524007522492700082e+04 1.428591834797966294e+05 1.785891862299448621e+04 3.049466307291565463e+05 1.428591877748792467e+05 1.955979757817145146e+05 1.426647139384734910e+05 3.388102923332180362e+05 3.794162859491251293e+05 1.559157498813667386e+00 6.111571673543514917e+05 1.428592666132076120e+05
2.259022309568549099e+05 2.380969312747172371e+05 2.378069293477942701e+05 2.380969086210826645e+05 2.380970092727292795e+05 2.619066700830794289e+05 2.380969308545001841e+05 4.931512985282753652e+04 2.380967304298998206e+05 2.619067469060753938e+05 2.541733213802159298e+05 4.932155517838758533e+05 2.619066428456606227e+05 2.497116930144937069e+05 2.259022074806286837e+05 2.380971617274596938e+05 1.597191508322276932e+05 2.259022710987660685e+05 1.358134383430582238e+05 1.869286051209236612e+05 2.280901190761176986e+05 3.329208729826987837e+05 2.380969387953297992e+05 5.873479488826105371e+05 2.259022109707435593e+05
1.428587066436956229e+05 1.103474850371477967e+00 1.190491852764347714e+05 9.480909815200941892e-01 1.414739514493486450e+00 6.560423619939443597e+04 1.254682616442100329e+00 2.380967304298999079e+05 4.881471948503071645e-01 7.143004268414943363e+04 8.652877799115206290e+04 5.170245553232124075e+05 4.762039616636672145e+04 9.523962537858872383e+04 1.428586973937406437e+05 1.785855902362152847e+04 3.049465323462267406e+05 1.428587675646143616e+05 1.955977787729832053e+05 1.426643578832761559e+05 3.388101343801733456e+05 3.794160596212540986e+05 1.292204307176429312e+00 6.111570726171736605e+05 1.428588525402665837e+05
1.190497660480001941e+05 7.143044375705729180e+04 9.523998620610802027e+04 7.143028789438835520e+04 7.143070060864313564e+04 5.827440538342233594e+03 7.143053805117243610e+04 2.619067469060754520e+05 7.143004268414943363e+04 8.726553245378916301e-01 3.153294582239594456e+04 5.170248122994542937e+05 2.381125023089575188e+04 7.143050511503842426e+04 1.190495871779535955e+05 5.357337271589419834e+04 3.049469503061703290e+05 1.190498254078803002e+05 2.194078287319655647e+05 1.664745251776122604e+05 3.388105822683537262e+05 3.794164039516618941e+05 7.143062737776196445e+04 6.111573052188449074e+05 1.190499707833531866e+05
1.039509446919583570e+05 8.652914736912572698e+04 7.664371644026298600e+04 8.652908290118223522e+04 8.652934161790812504e+04 3.370209749314639339e+04 8.652929599770563073e+04 2.541733213802159298e+05 8.652877799115206290e+04 3.153294582239595184e+04 2.496758247649849363e+04 5.170248509173566126e+05 4.039813713572770212e+04 4.138731852142258140e+04 1.039509324916430487e+05 6.978821461948714568e+04 3.049470469996707398e+05 1.034859247778699355e+05 2.031931227303759952e+05 1.498876027365289920e+05 3.388106762223411351e+05 3.794165254055851256e+05 8.652930790383447311e+04 6.111572404129651841e+05 1.024630426367364853e+05
4.932152334749442525e+05 5.170245417634336045e+05 5.051200365767093026e+05 5.170246295085528400e+05 5.170247070999557618e+05 5.170247119603666360e+05 5.170246443981638295e+05 4.932155517838758533e+05 5.170245553232124075e+05 5.170248122994543519e+05 5.170248509173566126e+05 1.274408746442205447e+05 5.170246901948073064e+05 5.170247189223861205e+05 4.932153269853090169e+05 5.170247334278758499e+05 4.679266267016574857e+05 4.932153667532406398e+05 4.932154225142549258e+05 4.932153337654013303e+05 4.302920978784079780e+05 3.146136597541534575e+05 5.170246469399090274e+05 3.572538269374357769e+05 4.932153895901954966e+05
1.190495153294024203e+05 4.762076745416441554e+04 9.523991596796069643e+04 4.762063093619811116e+04 4.762101583405107522e+04 1.798519790657301928e+04 4.762083228189092188e+04 2.619066428456606809e+05 4.762039616636672145e+04 2.381125023089575188e+04 4.039813713572769484e+04 5.170246901948073064e+05 9.300974017242240599e-01 7.143036249573000532e+04 1.190495015839577973e+05 2.976366609642696858e+04 3.049469372090616380e+05 1.190495952428603196e+05 2.194077672454169660e+05 1.664743022886552790e+05 3.388104059387060115e+05 3.794163426543818787e+05 4.762091466871132434e+04 6.111572554007881554e+05 1.190497661008377327e+05
7.143046798185349326e+04 9.523991502478621260e+04 4.204837858728002175e+04 9.523990099061133515e+04 9.524010021913031233e+04 7.143039126168002258e+04 9.524007522492700082e+04 2.497116930144937942e+05 9.523962537858872383e+04 7.143050511503842426e+04 4.138731852142258140e+04 5.170247189223860623e+05 7.143036249573000532e+04 7.842769022727965611e-01 7.143061846616699768e+04 9.524008737791111344e+04 3.049470309335945640e+05 7.887119375846484036e+04 1.955983716896306141e+05 1.426648496067480592e+05 3.388106547285255510e+05 3.794165959099248867e+05 9.524005257271500886e+04 6.111571389199998230e+05 9.524031030050711706e+04
2.381139036332692922e+04 1.428590406271996035e+05 4.762092233310548909e+04 1.428588851480114099e+05 1.428593180404940795e+05 1.190496807914160891e+05 1.428591834797966294e+05 2.259022074806286837e+05 1.428586973937406437e+05 1.190495871779535955e+05 1.039509324916430487e+05 4.932153269853090169e+05 1.190495015839577973e+05 7.143061846616699768e+04 7.341659515970930805e-01 1.428592728291123931e+05 2.811375041748668882e+05 2.973229335664214523e+04 1.717889650627957017e+05 1.069506907930173911e+05 3.150011270992757636e+05 3.556069673883033684e+05 1.428593144000607717e+05 5.873477701420399826e+05 4.762132850913124275e+04
1.428591933486756461e+05 1.785879653266776222e+04 1.190495612854051578e+05 1.785882826264274263e+04 1.785878351550676962e+04 4.774755556976325897e+04 1.785891862299448621e+04 2.380971617274597229e+05 1.785855902362152847e+04 5.357337271589419834e+04 6.978821461948714568e+04 5.170247334278758499e+05 2.976366609642696858e+04 9.524008737791111344e+04 1.428592728291123931e+05 8.929512125015664424e+03 3.049468161325518740e+05 1.428594435297113087e+05 1.955982087301939027e+05 1.426648720517577021e+05 3.388104846614560811e+05 3.794163758345716051e+05 1.785882878509568036e+04 6.111572436217551585e+05 1.428594604500312125e+05
2.811375394101954880e+05 3.049467143085323041e+05 2.930421652947983821e+05 3.049466553119763848e+05 3.049466610752217239e+05 3.049469799692191300e+05 3.049466307291565463e+05 1.597191508322276932e+05 3.049465323462266824e+05 3.049469503061703290e+05 3.049470469996707398e+05 4.679266267016574857e+05 3.049469372090616380e+05 3.049470309335945058e+05 2.811375041748668882e+05 3.049468161325518158e+05 4.002297157607744884e+04 2.811376093417553348e+05 2.389531761117400019e+05 2.727342637403613189e+05 1.525571903842072643e+05 2.777771444376977161e+05 3.049466249799287179e+05 5.635383349554552697e+05 2.811375526993554085e+05
2.520531867715308181e+04 1.428590644753509550e+05 5.506158034694230446e+04 1.428588819085908763e+05 1.428593396374635922e+05 1.190497773991501745e+05 1.428591877748792467e+05 2.259022710987660685e+05 1.428587675646143616e+05 1.190498254078803002e+05 1.034859247778699355e+05 4.932153667532406398e+05 1.190495952428603196e+05 7.887119375846482581e+04 2.973229335664214523e+04 1.428594435297113087e+05 2.811376093417553348e+05 2.297170919174123264e+04 1.662085192777153279e+05 9.921907989205513149e+04 3.150011832505868515e+05 3.556070209135864279e+05 1.428592433250564209e+05 5.873478272594179725e+05 3.741599952526848210e+04
1.717888502654283075e+05 1.955979320056106953e+05 1.836936044844309508e+05 1.955979720829958387e+05 1.955980653350242064e+05 2.194078029559489223e+05 1.955979757817145146e+05 1.358134383430582238e+05 1.955977787729832053e+05 2.194078287319655647e+05 2.031931227303759952e+05 4.932154225142549258e+05 2.194077672454169660e+05 1.955983716896306141e+05 1.717889650627957017e+05 1.955982087301939027e+05 2.389531761117400019e+05 1.662085192777153279e+05 5.274475216021545930e+04 9.194524948877644783e+04 2.729140244828436407e+05 3.439445648325352813e+05 1.955979651001155435e+05 5.635383457681672880e+05 1.539316665832306899e+05
1.069506671708902286e+05 1.426645402411968971e+05 1.248078618922645401e+05 1.426645448209947499e+05 1.426647839172655658e+05 1.664743429974676401e+05 1.426647139384734910e+05 1.869286051209236903e+05 1.426643578832761559e+05 1.664745251776122604e+05 1.498876027365289920e+05 4.932153337654013303e+05 1.664743022886552790e+05 1.426648496067480883e+05 1.069506907930173911e+05 1.426648720517577021e+05 2.727342637403613189e+05 9.921907989205513149e+04 9.194524948877644783e+04 4.162966020567475061e+04 3.065977142782422015e+05 3.551128620075526997e+05 1.426645630754652375e+05 5.754431505804127082e+05 8.303858004047466966e+04
3.150011095774502028e+05 3.388102452043741941e+05 3.269059324403898790e+05 3.388102567297798814e+05 3.388103186908924254e+05 3.388105079480138957e+05 3.388102923332180362e+05 2.280901190761176986e+05 3.388101343801732874e+05 3.388105822683537262e+05 3.388106762223411351e+05 4.302920978784079780e+05 3.388104059387060115e+05 3.388106547285255510e+05 3.150011270992757636e+05 3.388104846614560811e+05 1.525571903842072643e+05 3.150011832505868515e+05 2.729140244828436407e+05 3.065977142782422015e+05 8.986551194758561905e+04 2.294566809066768910e+05 3.388102327096078661e+05 5.469566485690301051e+05 3.150011169930021861e+05
3.556070881468136213e+05 3.794162414837690303e+05 3.675117053154496243e+05 3.794161901494006743e+05 3.794162378311109496e+05 3.794163681574030197e+05 3.794162859491251293e+05 3.329208729826987837e+05 3.794160596212540986e+05 3.794164039516618941e+05 3.794165254055851256e+05 3.146136597541534575e+05 3.794163426543818787e+05 3.794165959099248867e+05 3.556069673883033684e+05 3.794163758345716051e+05 2.777771444376976578e+05 3.556070209135864861e+05 3.439445648325352813e+05 3.551128620075526997e+05 2.294566809066768910e+05 1.212120680974987627e+05 3.794162694777063443e+05 4.497156544010069920e+05 3.556071518390800920e+05
1.428591926968708867e+05 1.424261047294427263e+00 1.190496630281184625e+05 1.507502787931140675e+00 1.530429439704623862e+00 6.560476675839364179e+04 1.559157498813667386e+00 2.380969387953297992e+05 1.292204307176429312e+00 7.143062737776196445e+04 8.652930790383447311e+04 5.170246469399090274e+05 4.762091466871132434e+04 9.524005257271500886e+04 1.428593144000607717e+05 1.785882878509568036e+04 3.049466249799287179e+05 1.428592433250564209e+05 1.955979651001155435e+05 1.426645630754652375e+05 3.388102327096078661e+05 3.794162694777063443e+05 7.308962435311947559e-01 6.111571537437879015e+05 1.428592986610488733e+05
5.873476478178934194e+05 6.111570765295381425e+05 5.992524868684295798e+05 6.111571221262516920e+05 6.111571766087411670e+05 6.111572036110404879e+05 6.111571673543514917e+05 5.873479488826105371e+05 6.111570726171736605e+05 6.111573052188450238e+05 6.111572404129651841e+05 3.572538269374357769e+05 6.111572554007881554e+05 6.111571389199998230e+05 5.873477701420399826e+05 6.111572436217551585e+05 5.635383349554552697e+05 5.873478272594179725e+05 5.635383457681674045e+05 5.754431505804127082e+05 5.469566485690301051e+05 4.497156544010069920e+05 6.111571537437879015e+05 1.418410966197225207e+05 5.873478487873454578e+05
4.762129877248117555e+04 1.428591953685965564e+05 7.143089637991423660e+04 1.428590654544383870e+05 1.428593918987965735e+05 1.190498394950816000e+05 1.428592666132076120e+05 2.259022109707435593e+05 1.428588525402665837e+05 1.190499707833531866e+05 1.024630426367364853e+05 4.932153895901954966e+05 1.190497661008377327e+05 9.524031030050711706e+04 4.762132850913124275e+04 1.428594604500312125e+05 2.811375526993554085e+05 3.741599952526848210e+04 1.539316665832306899e+05 8.303858004047466966e+04 3.150011169930021861e+05 3.556071518390800920e+05 1.428592986610488733e+05 5.873478487873454578e+05 7.680682217563597987e+03
