8.893518754808688032e-02 1.016980585708734175e+00 9.956832705621226341e+04 2.193943158413007041e+05 9.091030280380023760e+04 6.493623898987853318e+04 1.012670589958029499e+00 2.647766996245038463e+05 1.298784967013659843e+04 3.717779341749594124e-01 1.730526769932913594e+05 1.066091934247903161e+00 1.052089591747819908e+00 7.711148758606416231e+04 4.649363696442690430e-01 8.658728362884556191e+03 2.988651658860556199e+05 3.233612576682078652e+05 1.270884263918401848e+05 3.356823058140055509e+05 1.298782063913764250e+04 9.822540670226086457e-01 1.731710188666890463e+04 1.890341974502801313e+05 4.545563325037767208e+04
1.016980585708734175e+00 3.203044151628620106e-01 9.956873760351362580e+04 2.193947961857370392e+05 9.091073219198024890e+04 6.493665128710882709e+04 1.401081441261508242e+00 2.647770914930267027e+05 1.298835833644990817e+04 1.089230533310657556e+00 1.730532933182915440e+05 1.379608867138003570e+00 1.146744189781476964e+00 7.711199494520209555e+04 1.213765868531655245e+00 8.659263627215510496e+03 2.988652585747831617e+05 3.233613744592676521e+05 1.270887301468232181e+05 3.356825012136087171e+05 1.298831164800789702e+04 9.095347411614150834e-01 1.731764926024027591e+04 1.890347453114663658e+05 4.545624040661512845e+04
9.956832705621229252e+04 9.956873760351362580e+04 2.218656433518161066e+04 1.804338000508192927e+05 2.272866602761167087e+04 6.493666016496202792e+04 9.956880057307332754e+04 2.258161138598959369e+05 9.091072153269428236e+04 9.956842874483193737e+04 1.102825711670072778e+05 9.956876443178583577e+04 9.956864563176882803e+04 5.140869539554222865e+04 9.956860619233535544e+04 9.379656714279291919e+04 2.599045554103566974e+05 2.844006839752038941e+05 4.429638136544439476e+04 2.967216179201354971e+05 9.091050145137026266e+04 9.956870267671404872e+04 9.091084827382145158e+04 1.500737597892340855e+05 7.792395265632857627e+04
2.193943158413007041e+05 2.193947961857370392e+05 1.804338000508192927e+05 1.593965714092230701e+04 1.934209502753306006e+05 2.064078446401817782e+05 2.193948467499876569e+05 8.952405679976596730e+04 2.193945374130333657e+05 2.193944823411824473e+05 9.612666950031966553e+04 2.193949322623447806e+05 2.193948329228213988e+05 2.064079186437712924e+05 2.193944181575679977e+05 2.193945663284270267e+05 1.523131374504860432e+05 1.799141988966931240e+05 1.507492539557923737e+05 1.857417051890153089e+05 2.193946194900372066e+05 2.193947266045570723e+05 2.193947547543864930e+05 5.633550054710915720e+04 2.129012588022971177e+05
9.091030280380023760e+04 9.091073219198024890e+04 2.272866602761167087e+04 1.934209502753306006e+05 2.264198789154148739e-01 5.194954905839825369e+04 9.091076014114794089e+04 2.388031070252145291e+05 7.792363840016507311e+04 9.091038730046922865e+04 1.232696938464266423e+05 9.091075362711831986e+04 9.091071226222712721e+04 3.436285493300570670e+04 9.091056811542676587e+04 8.225258043210719188e+04 2.728913790947974776e+05 2.973875819614360807e+05 6.215367536370123707e+04 3.097086397513839765e+05 7.792337641159378109e+04 9.091072966711320623e+04 7.792379032669903245e+04 1.630608158274869493e+05 6.493685252193475753e+04
6.493623898987853318e+04 6.493665128710882709e+04 6.493666016496202792e+04 2.064078446401817782e+05 5.194954905839825369e+04 1.973472589040476954e-01 6.493670633803172677e+04 2.517903355525563820e+05 5.194956292084400775e+04 6.493630323851182766e+04 1.503259459337209701e+05 6.493672825589340937e+04 6.493670854216157750e+04 1.758803223623744270e+04 6.493650331315259973e+04 5.627855244548968767e+04 2.858784649125837605e+05 3.103746917335373582e+05 1.011147829225639871e+05 3.226954925574539811e+05 5.194938966077125224e+04 6.493661220560320362e+04 4.762044912024283258e+04 1.760477940004848642e+05 1.948175240353626214e+04
1.012670589958029499e+00 1.401081441261508242e+00 9.956880057307332754e+04 2.193948467499876569e+05 9.091076014114794089e+04 6.493670633803172677e+04 3.009584175005315387e-01 2.647770211908756173e+05 1.298849526815748868e+04 1.191884213113090896e+00 1.730531061907678086e+05 1.263511285577711751e+00 1.120280840082242602e+00 7.711200187455816194e+04 1.273410344944033490e+00 8.659319395471009557e+03 2.988654839511786122e+05 3.233615942200192949e+05 1.270889296714704542e+05 3.356825536867031478e+05 1.298856473977255155e+04 1.513950089493264484e+00 1.731754642001030516e+04 1.890347912228265777e+05 4.545616689389818202e+04
2.647766996245038463e+05 2.647770914930267027e+05 2.258161138598959369e+05 8.952405679976596730e+04 2.388031070252145291e+05 2.517903355525563820e+05 2.647770211908756173e+05 2.847574853943167182e+04 2.647769330075072357e+05 2.647767853655554936e+05 1.541820013308320777e+05 2.647770566427054000e+05 2.647770536086088978e+05 2.517901420991381747e+05 2.647767328501298907e+05 2.647768801017927472e+05 8.787867687387978367e+04 1.480380458657561976e+05 1.961316948037095426e+05 1.668527670210523356e+05 2.647768970144650666e+05 2.647770276125713717e+05 2.647771627072824049e+05 1.202449437238618266e+05 2.582836105545735045e+05
1.298784967013659843e+04 1.298835833644990817e+04 9.091072153269428236e+04 2.193945374130333657e+05 7.792363840016507311e+04 5.194956292084400775e+04 1.298849526815748868e+04 2.647769330075072357e+05 2.184387449773873280e-01 1.298805229358213546e+04 1.730530648849587014e+05 1.298856899191653611e+04 1.298850882479695974e+04 6.412481893785228749e+04 1.298804832972061558e+04 4.329764825471356744e+03 2.988653629298124579e+05 3.233614524725129595e+05 1.270887948173022014e+05 3.356824894033021410e+05 9.261097486789084954e-01 1.298825865889947818e+04 4.330336413780001749e+03 1.890344673872120038e+05 3.246891359066475707e+04
3.717779341749594124e-01 1.089230533310657556e+00 9.956842874483193737e+04 2.193944823411824473e+05 9.091038730046922865e+04 6.493630323851182766e+04 1.191884213113090896e+00 2.647767853655554936e+05 1.298805229358213546e+04 2.754673549935382493e-01 1.730528306697825610e+05 1.135354144884142658e+00 1.152537978824261122e+00 7.711163677055086009e+04 5.635605193390236245e-01 8.658870997963658738e+03 2.988651122069177218e+05 3.233612172350414912e+05 1.270884827963698190e+05 3.356822259424139629e+05 1.298783560377303183e+04 1.041585177640779625e+00 1.731727627223684613e+04 1.890343848694960761e+05 4.545580468938744161e+04
1.730526769932913594e+05 1.730532933182915440e+05 1.102825711670072778e+05 9.612666950031965098e+04 1.232696938464266132e+05 1.503259459337209701e+05 1.730531061907678086e+05 1.541820013308320777e+05 1.730530648849587014e+05 1.730528306697825610e+05 3.163562382455808256e+04 1.730533629757258459e+05 1.730532041898065072e+05 1.411944911533502745e+05 1.730529083029585017e+05 1.730530015402114659e+05 2.019398323720909830e+05 2.292060495628956996e+05 6.923413273147385917e+04 2.415268463998041698e+05 1.730530052706207789e+05 1.730532813625783892e+05 1.730532839231918915e+05 4.953274248115710361e+04 1.616896120807042753e+05
1.066091934247903383e+00 1.379608867138003570e+00 9.956876443178583577e+04 2.193949322623447806e+05 9.091075362711830530e+04 6.493672825589340937e+04 1.263511285577711751e+00 2.647770566427054000e+05 1.298856899191653611e+04 1.135354144884142658e+00 1.730533629757258459e+05 3.142870650957511058e-01 1.239430859497107074e+00 7.711201520096651802e+04 1.351914723016155229e+00 8.659495273759339398e+03 2.988653586634179810e+05 3.233613143073525862e+05 1.270888757163453120e+05 3.356825505490343785e+05 1.298849543811770855e+04 1.300585586403837146e+00 1.731755236312586203e+04 1.890348708868618996e+05 4.545612475323522085e+04
1.052089591747819908e+00 1.146744189781476964e+00 9.956864563176882803e+04 2.193948329228213988e+05 9.091071226222712721e+04 6.493670854216157750e+04 1.120280840082242602e+00 2.647770536086088978e+05 1.298850882479695974e+04 1.152537978824261122e+00 1.730532041898065072e+05 1.239430859497107074e+00 3.061673338897560881e-01 7.711212779352639336e+04 1.288580950491919452e+00 8.659439235447442115e+03 2.988653465130211553e+05 3.233614935311971349e+05 1.270888530594743352e+05 3.356824512199403835e+05 1.298841923407834838e+04 1.233929024164932553e+00 1.731769148534741180e+04 1.890347878953852633e+05 4.545620651786880626e+04
7.711148758606417687e+04 7.711199494520209555e+04 5.140869539554222865e+04 2.064079186437712924e+05 3.436285493300571397e+04 1.758803223623744634e+04 7.711200187455816194e+04 2.517901420991381747e+05 6.412481893785228749e+04 7.711163677055086009e+04 1.411944911533502745e+05 7.711201520096651802e+04 7.711212779352639336e+04 7.835319733705130602e+03 7.711177707167589688e+04 6.845373820414775400e+04 2.858785449923631386e+05 3.103745980586369988e+05 8.893957440121528634e+04 3.226958022765870555e+05 6.412480268800383055e+04 7.711204392339104379e+04 5.979575694113352074e+04 1.760477156974455283e+05 3.436282706248111208e+04
4.649363696442690430e-01 1.213765868531655245e+00 9.956860619233535544e+04 2.193944181575679977e+05 9.091056811542676587e+04 6.493650331315259973e+04 1.273410344944033490e+00 2.647767328501298907e+05 1.298804832972061558e+04 5.635605193390237355e-01 1.730529083029585017e+05 1.351914723016155229e+00 1.288580950491919008e+00 7.711177707167589688e+04 1.840382456573383674e-01 8.658916687016571814e+03 2.988652359849496279e+05 3.233612326886972878e+05 1.270886608295878832e+05 3.356822630128582823e+05 1.298793441738297770e+04 1.181560344330189194e+00 1.731737914172331148e+04 1.890343963951857004e+05 4.545590352603267092e+04
8.658728362884556191e+03 8.659263627215510496e+03 9.379656714279289008e+04 2.193945663284270267e+05 8.225258043210719188e+04 5.627855244548968767e+04 8.659319395471009557e+03 2.647768801017927472e+05 4.329764825471356744e+03 8.658870997963658738e+03 1.730530015402114659e+05 8.659495273759339398e+03 8.659439235447442115e+03 6.845373820414775400e+04 8.658916687016571814e+03 5.772200546293152911e+03 2.988652441885849112e+05 3.233613379395643715e+05 1.270886947690394882e+05 3.356823995142260683e+05 4.329829344236356519e+03 8.659228890129754291e+03 8.659352182560664005e+03 1.890344653588007495e+05 3.679791066687200509e+04
2.988651658860556199e+05 2.988652585747831617e+05 2.599045554103566974e+05 1.523131374504860432e+05 2.728913790947974776e+05 2.858784649125837605e+05 2.988654839511786122e+05 8.787867687387978367e+04 2.988653629298124579e+05 2.988651122069177218e+05 2.019398323720909830e+05 2.988653586634179810e+05 2.988653465130211553e+05 2.858785449923631386e+05 2.988652359849496279e+05 2.988652441885849112e+05 4.301689621354351402e+04 7.861639526179466338e+04 2.302199141757024045e+05 9.959544550671751495e+04 2.988650756278486224e+05 2.988652841744818725e+05 2.988655836687229457e+05 1.829696884010933572e+05 2.923718580664261244e+05
3.233612576682078652e+05 3.233613744592676521e+05 2.844006839752038941e+05 1.799141988966931240e+05 2.973875819614360807e+05 3.103746917335373582e+05 3.233615942200192949e+05 1.480380458657561976e+05 3.233614524725129595e+05 3.233612172350414912e+05 2.292060495628956996e+05 3.233613143073525862e+05 3.233614935311971349e+05 3.103745980586369988e+05 3.233612326886972878e+05 3.233613379395643715e+05 7.861639526179466338e+04 2.325342751201099964e+04 2.547159676416128641e+05 6.618513074101375241e+04 3.233611499375884887e+05 3.233613132745274925e+05 3.233614997406865587e+05 2.122506568199959875e+05 3.168681325395363965e+05
1.270884263918401848e+05 1.270887301468232181e+05 4.429638136544439476e+04 1.507492539557923737e+05 6.215367536370123707e+04 1.011147829225639434e+05 1.270889296714704542e+05 1.961316948037095426e+05 1.270887948173022014e+05 1.270884827963698190e+05 6.923413273147385917e+04 1.270888757163453120e+05 1.270888530594743352e+05 8.893957440121528634e+04 1.270886608295878832e+05 1.270886947690394882e+05 2.302199141757024627e+05 2.547159676416128350e+05 1.934826376223644183e+04 2.670370501663286122e+05 1.270885656100576889e+05 1.270887593987000873e+05 1.270888843130832829e+05 1.138956385984540684e+05 1.141020715615103109e+05
3.356823058140055509e+05 3.356825012136087171e+05 2.967216179201354971e+05 1.857417051890153089e+05 3.097086397513839765e+05 3.226954925574539811e+05 3.356825536867031478e+05 1.668527670210523356e+05 3.356824894033021410e+05 3.356822259424139629e+05 2.415268463998041698e+05 3.356825505490343785e+05 3.356824512199403835e+05 3.226958022765870555e+05 3.356822630128582823e+05 3.356823995142260683e+05 9.959544550671747129e+04 6.618513074101375241e+04 2.670370501663286122e+05 1.725378765899152859e+04 3.356821540958288824e+05 3.356824633603793918e+05 3.356826415789932944e+05 2.245716285220549616e+05 3.291891223783026217e+05
1.298782063913764250e+04 1.298831164800789702e+04 9.091050145137026266e+04 2.193946194900372066e+05 7.792337641159378109e+04 5.194938966077126679e+04 1.298856473977255155e+04 2.647768970144650666e+05 9.261097486789084954e-01 1.298783560377303183e+04 1.730530052706207789e+05 1.298849543811770855e+04 1.298841923407834838e+04 6.412480268800383055e+04 1.298793441738297770e+04 4.329829344236356519e+03 2.988650756278486224e+05 3.233611499375884887e+05 1.270885656100577035e+05 3.356821540958288824e+05 2.718194249133560891e-01 1.298823758943755638e+04 4.330407234511042589e+03 1.890345155212463578e+05 3.246896455974908531e+04
9.822540670226086457e-01 9.095347411614150834e-01 9.956870267671404872e+04 2.193947266045570723e+05 9.091072966711320623e+04 6.493661220560320362e+04 1.513950089493264484e+00 2.647770276125713717e+05 1.298825865889947818e+04 1.041585177640779625e+00 1.730532813625783892e+05 1.300585586403837146e+00 1.233929024164932553e+00 7.711204392339102924e+04 1.181560344330189194e+00 8.659228890129754291e+03 2.988652841744818725e+05 3.233613132745274925e+05 1.270887593987000873e+05 3.356824633603793918e+05 1.298823758943755638e+04 3.216853111043379565e-01 1.731759098697804075e+04 1.890347382540332037e+05 4.545623060748927674e+04
1.731710188666890463e+04 1.731764926024027591e+04 9.091084827382146614e+04 2.193947547543864930e+05 7.792379032669903245e+04 4.762044912024283985e+04 1.731754642001030516e+04 2.647771627072824049e+05 4.330336413780003568e+03 1.731727627223684613e+04 1.730532839231918915e+05 1.731755236312586203e+04 1.731769148534741180e+04 5.979575694113351346e+04 1.731737914172331148e+04 8.659352182560664005e+03 2.988655836687229457e+05 3.233614997406865587e+05 1.270888843130832829e+05 3.356826415789932944e+05 4.330407234511040770e+03 1.731759098697804075e+04 5.772296167271566446e+03 1.890348597573659790e+05 2.813975848132842293e+04
1.890341974502801313e+05 1.890347453114663658e+05 1.500737597892340564e+05 5.633550054710916447e+04 1.630608158274869493e+05 1.760477940004848642e+05 1.890347912228265777e+05 1.202449437238618266e+05 1.890344673872120038e+05 1.890343848694960761e+05 4.953274248115711816e+04 1.890348708868618996e+05 1.890347878953852633e+05 1.760477156974455283e+05 1.890343963951857004e+05 1.890344653588007495e+05 1.829696884010933572e+05 2.122506568199959584e+05 1.138956385984540684e+05 2.245716285220549616e+05 1.890345155212463578e+05 1.890347382540332037e+05 1.890348597573659790e+05 6.413720298158941659e+03 1.825410484265690029e+05
4.545563325037767208e+04 4.545624040661512845e+04 7.792395265632857627e+04 2.129012588022971177e+05 6.493685252193475753e+04 1.948175240353626214e+04 4.545616689389818202e+04 2.582836105545735045e+05 3.246891359066475707e+04 4.545580468938743434e+04 1.616896120807042753e+05 4.545612475323522085e+04 4.545620651786882081e+04 3.436282706248111208e+04 4.545590352603267092e+04 3.679791066687201237e+04 2.923718580664261244e+05 3.168681325395363965e+05 1.141020715615103109e+05 3.291891223783026217e+05 3.246896455974908531e+04 4.545623060748928401e+04 2.813975848132842293e+04 1.825410484265690320e+05 1.948086394774255314e+04
