6.593594822802018030e-01 1.573714097943125667e+00 4.762118196489143884e+04 1.930767486873429443e+05 2.381118727579672486e+04 2.381129862951990799e+04 4.762146084823535057e+04 1.486704659081720559e+00 2.381126887132215779e+04 1.116692427132995658e+00 2.976407439989140767e+04 1.190654309748219384e+04 1.730076659180840304e+00 9.714154582075991493e+04 2.381129754259600668e+04 1.952019652742907230e+00 1.576891418412906365e+00 1.706161250204578872e+00 1.613068580063596658e+00 1.848356867754244348e+00 1.977194390227895449e+00 2.381116828526986501e+04 1.470148040415261148e+00 2.941608350232865196e+05 4.762132677736836922e+04
1.573714097943125667e+00 5.113481351709632250e-01 4.762062895931021922e+04 1.930761388340321719e+05 2.381090605940851674e+04 2.381083156052472259e+04 4.762077234335216053e+04 1.584307397490253511e+00 2.381094602246825161e+04 8.607561107511231269e-01 2.976351235916440783e+04 1.190590425222580052e+04 1.455959877738201236e+00 9.714107114770240150e+04 2.381107362101640319e+04 1.563087346395372057e+00 1.505707232588402888e+00 1.322673423527398917e+00 1.461856218524892892e+00 1.543163901788656922e+00 1.603052780731091698e+00 2.381046984586658800e+04 8.301164836412310288e-01 2.941604620788068860e+05 4.762073502825575270e+04
4.762118196489143884e+04 4.762062895931021922e+04 7.185424452080173552e-01 1.454578410619785136e+05 2.381155237114116971e+04 2.381146471621887395e+04 2.212366551374092438e+00 4.762128720892847196e+04 2.381149876692501493e+04 4.762047883302518312e+04 1.785888288244253272e+04 3.571608966574355873e+04 4.762125240129588929e+04 4.952263991492265632e+04 2.381170639579560520e+04 4.762092084304758464e+04 4.762127338333710213e+04 4.762095430101915554e+04 4.762114516649494908e+04 4.762125380487969960e+04 4.762099586597480811e+04 2.381116835756433284e+04 4.762059099752818292e+04 2.465418394823079871e+05 1.731581211684077415e+00
1.930767486873430025e+05 1.930761388340322010e+05 1.454578410619785427e+05 7.984495212539132626e+04 1.692669675314016931e+05 1.692668629951469193e+05 1.454574622133745288e+05 1.930767144693356822e+05 1.692669967200041865e+05 1.930762440025752585e+05 1.633148502840506262e+05 1.811715241695065342e+05 1.930766056816211785e+05 1.088054592099854053e+05 1.692672284092102782e+05 1.930769377410416491e+05 1.930766332424257998e+05 1.930764539089809114e+05 1.930766134102976066e+05 1.930767038709529734e+05 1.930768187640396063e+05 1.692666506406858971e+05 1.930761558079298120e+05 1.550447368884851458e+05 1.454577668373749475e+05
2.381118727579672486e+04 2.381090605940851674e+04 2.381155237114116971e+04 1.692669675314016931e+05 6.791854731413387025e-01 1.524228499189326014e+00 2.381172286209490630e+04 2.381131048926471340e+04 1.384675939213322771e+00 2.381065091292553916e+04 5.954358362355790632e+03 1.190633705223752804e+04 2.381114644049343406e+04 7.333180430545951822e+04 1.770756346707110129e+00 2.381160824515001877e+04 2.381121059761510696e+04 2.381105121582050924e+04 2.381095551808212622e+04 2.381148066243144785e+04 2.381151101244127494e+04 1.389245952085091718e+00 2.381089003289779066e+04 2.703511924047311768e+05 2.381171521372663847e+04
2.381129862951990799e+04 2.381083156052472259e+04 2.381146471621887395e+04 1.692668629951468902e+05 1.524228499189326014e+00 5.742617927685003121e-01 2.381149403272246491e+04 2.381135688481967736e+04 1.377450481056909704e+00 2.381069382014322764e+04 5.954269126676449559e+03 1.190604898131388109e+04 2.381114283863327364e+04 7.333184676785307238e+04 1.869433083001476703e+00 2.381149856780184200e+04 2.381119879740253236e+04 2.381082872085716735e+04 2.381109142984965001e+04 2.381133788570620891e+04 2.381147251328041966e+04 1.204996209040191557e+00 2.381075045818669969e+04 2.703510963107115240e+05 2.381148215120696113e+04
4.762146084823535057e+04 4.762077234335216053e+04 2.212366551374092438e+00 1.454574622133744997e+05 2.381172286209490630e+04 2.381149403272246491e+04 9.482504764213580684e-01 4.762146505103699747e+04 2.381171048287485610e+04 4.762079262997867772e+04 1.785944266857432740e+04 3.571616093128470675e+04 4.762136536003432411e+04 4.952234465225727035e+04 2.381200523424502899e+04 4.762149248103988793e+04 4.762144181163662142e+04 4.762111220697028330e+04 4.762135345904000133e+04 4.762139033226072206e+04 4.762146668408563710e+04 2.381120141745586807e+04 4.762077096965766395e+04 2.465418197785886587e+05 2.048865297858987855e+00
1.486704659081720559e+00 1.584307397490253511e+00 4.762128720892847196e+04 1.930767144693356822e+05 2.381131048926471340e+04 2.381135688481967736e+04 4.762146505103699747e+04 5.872366336767569361e-01 2.381138460774774649e+04 1.216157958898482772e+00 2.976403065055137267e+04 1.190653540658011661e+04 1.720053356686192858e+00 9.714164189075103786e+04 2.381116222068195566e+04 1.818624760880158231e+00 1.630645779623198122e+00 1.683824262504770353e+00 1.801326345037678411e+00 1.892361838463951784e+00 2.051599082264516927e+00 2.381112166023603640e+04 1.508738796853062558e+00 2.941608228500703699e+05 4.762128424907410954e+04
2.381126887132215779e+04 2.381094602246825161e+04 2.381149876692501493e+04 1.692669967200041283e+05 1.384675939213322771e+00 1.377450481056909926e+00 2.381171048287485610e+04 2.381138460774774649e+04 5.822233963840277582e-01 2.381064089367524502e+04 5.954349675211112299e+03 1.190620301801468486e+04 2.381110456951993910e+04 7.333183086668276519e+04 1.831833852308403454e+00 2.381154119778712993e+04 2.381122200092837011e+04 2.381096635665466965e+04 2.381102403728893842e+04 2.381146017150736952e+04 2.381146191867723610e+04 1.367485114412293257e+00 2.381083737833381019e+04 2.703511529999109916e+05 2.381161320042800435e+04
1.116692427132995658e+00 8.607561107511231269e-01 4.762047883302518312e+04 1.930762440025752585e+05 2.381065091292553916e+04 2.381069382014322764e+04 4.762079262997867772e+04 1.216157958898482772e+00 2.381064089367524502e+04 2.752140929087697474e-01 2.976342739095422075e+04 1.190586575467251168e+04 1.181787057126167495e+00 9.714106044722771912e+04 2.381078846081578013e+04 1.313312163196393545e+00 1.223860843097096751e+00 1.075245987976993778e+00 1.079747099418030043e+00 1.331085927567822402e+00 1.255540844232041930e+00 2.381053449098888086e+04 7.431353984418104242e-01 2.941604194293660694e+05 4.762065208245562098e+04
2.976407439989140767e+04 2.976351235916440783e+04 1.785888288244253272e+04 1.633148502840506262e+05 5.954358362355789723e+03 5.954269126676449559e+03 1.785944266857432740e+04 2.976403065055137267e+04 5.954349675211112299e+03 2.976342739095422075e+04 8.929264377081526618e+03 1.785895187203746900e+04 2.976394656310944629e+04 6.737984156960033579e+04 5.954448784025297755e+03 2.976386297115712659e+04 2.976400711761448110e+04 2.976371011911387177e+04 2.976394917400455233e+04 2.976401296507039297e+04 2.976393422192845537e+04 5.953939111104359654e+03 2.976345111906008606e+04 2.643991807889377233e+05 1.785894437836987709e+04
1.190654309748219566e+04 1.190590425222580052e+04 3.571608966574355873e+04 1.811715241695065342e+05 1.190633705223752804e+04 1.190604898131388109e+04 3.571616093128470675e+04 1.190653540658011843e+04 1.190620301801468486e+04 1.190586575467251168e+04 1.785895187203746900e+04 1.190536901471661440e+04 1.190638076407100016e+04 8.523650418376973539e+04 1.190654414433421698e+04 1.190659701973266965e+04 1.190644061285554380e+04 1.190602227594632495e+04 1.190635860270174089e+04 1.190646165627998562e+04 1.190659660907166472e+04 1.190579387523903461e+04 1.190590711239149459e+04 2.822558345721501391e+05 3.571613486580887547e+04
1.730076659180840304e+00 1.455959877738201236e+00 4.762125240129588929e+04 1.930766056816211785e+05 2.381114644049343406e+04 2.381114283863327364e+04 4.762136536003432411e+04 1.720053356686192858e+00 2.381110456951993910e+04 1.181787057126167495e+00 2.976394656310944629e+04 1.190638076407100016e+04 5.679416211448672369e-01 9.714152845553694351e+04 2.381135552522913349e+04 1.985702349512069143e+00 1.465021767240439088e+00 1.473456888292025813e+00 1.498975443602167168e+00 1.862592669162284276e+00 2.038378229316877732e+00 2.381106480934823048e+04 1.385185895439012160e+00 2.941607444116381230e+05 4.762120185618972027e+04
9.714154582075991493e+04 9.714107114770240150e+04 4.952263991492266359e+04 1.088054592099854344e+05 7.333180430545951822e+04 7.333184676785307238e+04 4.952234465225727035e+04 9.714164189075106697e+04 7.333183086668276519e+04 9.714106044722771912e+04 6.737984156960032124e+04 8.523650418376973539e+04 9.714152845553697261e+04 4.129615292012044665e+04 7.333215986708056880e+04 9.714178590199704922e+04 9.714152768998462125e+04 9.714132184257486369e+04 9.714148211766639724e+04 9.714173703304021910e+04 9.714173976900793787e+04 7.333156958087418752e+04 9.714108773614370148e+04 2.215294565738484380e+05 4.952278217265929561e+04
2.381129754259600668e+04 2.381107362101640319e+04 2.381170639579560520e+04 1.692672284092102782e+05 1.770756346707110129e+00 1.869433083001476259e+00 2.381200523424502899e+04 2.381116222068195566e+04 1.831833852308403454e+00 2.381078846081578013e+04 5.954448784025297755e+03 1.190654414433421698e+04 2.381135552522913349e+04 7.333215986708055425e+04 5.911118645664921178e-01 2.381142392561816450e+04 2.381127604458083078e+04 2.381128538840003603e+04 2.381132372498261248e+04 2.381130611666446930e+04 2.381146664586565021e+04 1.647904997896847412e+00 2.381097435846916778e+04 2.703513692078543827e+05 2.381182385628470365e+04
1.952019652742907230e+00 1.563087346395372057e+00 4.762092084304758464e+04 1.930769377410416491e+05 2.381160824515001877e+04 2.381149856780184200e+04 4.762149248103988793e+04 1.818624760880158231e+00 2.381154119778712993e+04 1.313312163196393545e+00 2.976386297115712659e+04 1.190659701973266783e+04 1.985702349512069143e+00 9.714178590199704922e+04 2.381142392561816450e+04 6.189250272832984567e-01 1.996537515432360799e+00 1.731809138703083395e+00 1.974372696005653127e+00 1.957070918442405549e+00 1.712005503975397636e+00 2.381127300650354664e+04 1.510038745901314039e+00 2.941609846643918427e+05 4.762110552856989671e+04
1.576891418412906365e+00 1.505707232588403111e+00 4.762127338333710213e+04 1.930766332424258580e+05 2.381121059761511424e+04 2.381119879740253964e+04 4.762144181163662142e+04 1.630645779623198122e+00 2.381122200092837738e+04 1.223860843097096751e+00 2.976400711761448838e+04 1.190644061285554744e+04 1.465021767240439088e+00 9.714152768998462125e+04 2.381127604458083806e+04 1.996537515432360799e+00 6.920156538099132559e-01 1.613786039730297439e+00 1.735393910783565641e+00 1.847132379895451759e+00 1.991832951802661844e+00 2.381111819131909942e+04 1.447117325096214824e+00 2.941607925139360013e+05 4.762127409199805697e+04
1.706161250204578872e+00 1.322673423527398695e+00 4.762095430101915554e+04 1.930764539089808823e+05 2.381105121582050924e+04 2.381082872085716735e+04 4.762111220697028330e+04 1.683824262504770575e+00 2.381096635665466965e+04 1.075245987976993778e+00 2.976371011911387177e+04 1.190602227594632495e+04 1.473456888292025813e+00 9.714132184257486369e+04 2.381128538840003603e+04 1.731809138703083395e+00 1.613786039730296995e+00 5.133125629208958873e-01 1.549210332411461888e+00 1.766483180465851621e+00 1.854643466631838766e+00 2.381081471418211004e+04 1.214831168513087922e+00 2.941605544968309114e+05 4.762091899415987427e+04
1.613068580063596658e+00 1.461856218524892892e+00 4.762114516649494908e+04 1.930766134102976066e+05 2.381095551808212622e+04 2.381109142984965001e+04 4.762135345904000133e+04 1.801326345037678411e+00 2.381102403728893842e+04 1.079747099418030043e+00 2.976394917400455233e+04 1.190635860270174089e+04 1.498975443602167168e+00 9.714148211766638269e+04 2.381132372498261248e+04 1.974372696005653127e+00 1.735393910783565641e+00 1.549210332411461888e+00 5.662238629587281746e-01 1.912814634642667100e+00 1.909415347827218223e+00 2.381104801257341751e+04 1.383668776927105659e+00 2.941606987998959958e+05 4.762124900437896576e+04
1.848356867754244348e+00 1.543163901788656922e+00 4.762125380487969960e+04 1.930767038709529734e+05 2.381148066243144785e+04 2.381133788570620891e+04 4.762139033226072206e+04 1.892361838463951562e+00 2.381146017150736952e+04 1.331085927567822402e+00 2.976401296507039297e+04 1.190646165627998562e+04 1.862592669162284720e+00 9.714173703304021910e+04 2.381130611666446930e+04 1.957070918442405549e+00 1.847132379895451759e+00 1.766483180465851621e+00 1.912814634642667100e+00 7.618919946152299394e-01 1.788962166557559019e+00 2.381114895549528592e+04 1.396639208630232165e+00 2.941608846894258750e+05 4.762124787928355363e+04
1.977194390227895449e+00 1.603052780731091698e+00 4.762099586597480811e+04 1.930768187640395772e+05 2.381151101244127494e+04 2.381147251328041966e+04 4.762146668408563710e+04 2.051599082264516483e+00 2.381146191867723610e+04 1.255540844232041486e+00 2.976393422192845537e+04 1.190659660907166472e+04 2.038378229316877732e+00 9.714173976900793787e+04 2.381146664586565021e+04 1.712005503975397636e+00 1.991832951802661844e+00 1.854643466631838766e+00 1.909415347827218001e+00 1.788962166557559019e+00 6.389524423639221240e-01 2.381127883675445992e+04 1.433195526981495771e+00 2.941609137708547059e+05 4.762124758893359103e+04
2.381116828526986501e+04 2.381046984586658800e+04 2.381116835756433284e+04 1.692666506406858971e+05 1.389245952085091940e+00 1.204996209040191557e+00 2.381120141745586807e+04 2.381112166023603640e+04 1.367485114412293257e+00 2.381053449098888086e+04 5.953939111104359654e+03 1.190579387523903461e+04 2.381106480934823048e+04 7.333156958087418752e+04 1.647904997896847412e+00 2.381127300650354664e+04 2.381111819131909215e+04 2.381081471418211004e+04 2.381104801257341751e+04 2.381114895549528592e+04 2.381127883675445992e+04 4.799998775953219776e-01 2.381056159273580124e+04 2.703510408201767714e+05 2.381124660072164625e+04
1.470148040415261148e+00 8.301164836412310288e-01 4.762059099752818292e+04 1.930761558079298120e+05 2.381089003289779066e+04 2.381075045818669969e+04 4.762077096965766395e+04 1.508738796853062558e+00 2.381083737833381019e+04 7.431353984418104242e-01 2.976345111906008606e+04 1.190590711239149459e+04 1.385185895439012160e+00 9.714108773614370148e+04 2.381097435846916778e+04 1.510038745901314039e+00 1.447117325096214824e+00 1.214831168513087922e+00 1.383668776927105659e+00 1.396639208630232165e+00 1.433195526981495771e+00 2.381056159273580124e+04 4.256139857170337937e-01 2.941604384095094283e+05 4.762072037261741207e+04
2.941608350232865196e+05 2.941604620788068860e+05 2.465418394823079580e+05 1.550447368884851458e+05 2.703511924047311186e+05 2.703510963107115240e+05 2.465418197785886878e+05 2.941608228500703699e+05 2.703511529999109916e+05 2.941604194293660694e+05 2.643991807889376651e+05 2.822558345721501391e+05 2.941607444116381230e+05 2.215294565738484380e+05 2.703513692078543827e+05 2.941609846643918427e+05 2.941607925139360013e+05 2.941605544968308532e+05 2.941606987998959958e+05 2.941608846894258168e+05 2.941609137708547059e+05 2.703510408201767714e+05 2.941604384095094283e+05 6.090890558127070835e+04 2.465418555352244584e+05
4.762132677736836922e+04 4.762073502825575270e+04 1.731581211684077415e+00 1.454577668373749184e+05 2.381171521372663847e+04 2.381148215120696113e+04 2.048865297858987855e+00 4.762128424907410954e+04 2.381161320042800435e+04 4.762065208245562098e+04 1.785894437836987709e+04 3.571613486580887547e+04 4.762120185618972027e+04 4.952278217265929561e+04 2.381182385628470365e+04 4.762110552856989671e+04 4.762127409199805697e+04 4.762091899415987427e+04 4.762124900437896576e+04 4.762124787928355363e+04 4.762124758893359103e+04 2.381124660072164625e+04 4.762072037261741207e+04 2.465418555352244584e+05 8.166202129810974375e-01
