6.331604455180467085e+03 1.394360740495201026e+05 1.394362365839947015e+05 1.786203837664868624e+05 1.065302597801780066e+05 1.394360623212629871e+05 2.336490077741139685e+05 7.928561060550167167e+04 1.394358715894224006e+05 1.394361147975407075e+05 2.763173503745049238e+05 1.394359804815993120e+05 1.394362269039101666e+05 1.394357258000959118e+05 1.081862232092345075e+05 1.394361951737810450e+05 2.126791315539887000e+04 5.934324650131694943e+04 1.394361249905315635e+05 9.557660555678246601e+04 1.394362308285712788e+05 1.394358881188561791e+05 1.394362159234288556e+05 1.394355703862248047e+05 1.394361439894413052e+05
1.394360740495201026e+05 2.593780222755625586e-01 1.691894987263157964e+04 2.707252033455618075e+05 2.121725506304915471e+05 1.332847158955895894e+00 3.257538776422572555e+05 8.458825262931468023e+04 1.207471978610087371e+00 2.631750723828554328e+04 3.684222357183895074e+05 1.065752255195679510e+00 2.631754209795220231e+04 1.161563544607131959e+00 5.250680036792311148e+04 2.631758327550043032e+04 1.217122567197526514e+05 1.818680065291698556e+05 1.296264151147096477e+00 7.017719438045205607e+04 1.398565126074650999e+00 1.227346530381796530e+00 1.335343058412518324e+00 9.984268779800630211e-01 2.631744425131013850e+04
1.394362365839947015e+05 1.691894987263157964e+04 5.370901825835933778e+03 2.707255501100905240e+05 2.121728381421370723e+05 1.691892905043903011e+04 3.257539805870340788e+05 8.136590122460176644e+04 1.691873822335353907e+04 9.399958935431239297e+03 3.684223937621829682e+05 1.691888786742301090e+04 9.399939883090582953e+03 1.691852673846359539e+04 4.874733063340326044e+04 9.400161840048869635e+03 1.217122431819626509e+05 1.818682700885865488e+05 1.691885171380793690e+04 6.641782780577016820e+04 1.691882850590464295e+04 1.691881602581894913e+04 1.691877550429697294e+04 1.691828944145668720e+04 9.400183472935581449e+03
1.786203837664868624e+05 2.707252033455618075e+05 2.707255501100905240e+05 3.109733971347055558e+04 1.033702796656094288e+05 2.707255453265717370e+05 9.428574988064516219e+04 2.237330846538521873e+05 2.707252189762366470e+05 2.707256424966980121e+05 1.573788753793722426e+05 2.707253182409068104e+05 2.707256946858484298e+05 2.707251839104992687e+05 2.526334925879185903e+05 2.707256291219599661e+05 1.786205836582436459e+05 1.342511042745820305e+05 2.707254554473150638e+05 2.400239057969122368e+05 2.707255907101499033e+05 2.707253255964731798e+05 2.707254036876368918e+05 2.707250937608460081e+05 2.707255334915717249e+05
1.065302597801780066e+05 2.121725506304915471e+05 2.121728381421370723e+05 1.033702796656094433e+05 1.416560148946103254e+04 2.121726370207032014e+05 1.777966188239456678e+05 1.651804601166299544e+05 2.121723954698365997e+05 2.121727962694172747e+05 2.099795474736797332e+05 2.121724956692123960e+05 2.121728705089192954e+05 2.121724004105530039e+05 1.940805365956283931e+05 2.121728502237724315e+05 1.157100460139129427e+05 5.464780697186014731e+04 2.121727097560241527e+05 1.814711270566080348e+05 2.121726910598994291e+05 2.121725188458811317e+05 2.121726856899083941e+05 2.121723175950602163e+05 2.121729841996062023e+05
1.394360623212629871e+05 1.332847158955895894e+00 1.691892905043903011e+04 2.707255453265717370e+05 2.121726370207032014e+05 2.432201405965069563e-01 3.257540441657563788e+05 8.458826141146449663e+04 1.317236010528010759e+00 2.631746051540241024e+04 3.684224496832356090e+05 1.244189609188999235e+00 2.631752622125343260e+04 1.273901350572525404e+00 5.250674946205384913e+04 2.631750518709926837e+04 1.217121418053126254e+05 1.818680060040942917e+05 1.286964587326118403e+00 7.017728609017549024e+04 1.347288292121457731e+00 1.280485781254572908e+00 1.467535524435434668e+00 1.063519903593455940e+00 2.631763964704042883e+04
2.336490077741139685e+05 3.257538776422572555e+05 3.257539805870340788e+05 9.428574988064516219e+04 1.777966188239456678e+05 3.257540441657563788e+05 4.075879006878313521e+04 2.787617325243764790e+05 3.257537791001042933e+05 3.257541985923871980e+05 7.786228233327783528e+04 3.257539129594913102e+05 3.257542294182457263e+05 3.257537305496279150e+05 3.076621411942366394e+05 3.257540674034232507e+05 2.336490166273682262e+05 1.955795017440457013e+05 3.257538762463144376e+05 2.950524018152811914e+05 3.257540179458010243e+05 3.257538998740825336e+05 3.257540692487723427e+05 3.257536873134440975e+05 3.257541056870477041e+05
7.928561060550167167e+04 8.458825262931469479e+04 8.136590122460176644e+04 2.237330846538522164e+05 1.651804601166299544e+05 8.458826141146449663e+04 2.787617325243764790e+05 1.288968818200912938e+04 8.458794546979661391e+04 7.331002447801115341e+04 3.214300934083287721e+05 8.458813374481284700e+04 7.330998670550023962e+04 8.458772008422217914e+04 3.396277589608790004e+04 7.330998769847315270e+04 5.801909688454410934e+04 1.348758013201055583e+05 8.458821457934057980e+04 1.629221836216773409e+04 8.458830826186748163e+04 8.458804362183617195e+04 8.458831164670227736e+04 8.458757504537890782e+04 7.330993478289713676e+04
1.394358715894224006e+05 1.207471978610087371e+00 1.691873822335353907e+04 2.707252189762367052e+05 2.121723954698365997e+05 1.317236010528010759e+00 3.257537791001042933e+05 8.458794546979661391e+04 2.056315930702437567e-01 2.631727257769431890e+04 3.684221279013424646e+05 1.037309896426025002e+00 2.631724361396782479e+04 7.265997869059819259e-01 5.250647711052514205e+04 2.631727002364590589e+04 1.217118538591320830e+05 1.818677998863975226e+05 1.353578999365697033e+00 7.017688352026470238e+04 1.289199120985142111e+00 9.464655480092408757e-01 1.365338136393829727e+00 6.339356420949633364e-01 2.631726894037890452e+04
1.394361147975407075e+05 2.631750723828554328e+04 9.399958935431239297e+03 2.707256424966980121e+05 2.121727962694172747e+05 2.631746051540241024e+04 3.257541985923871980e+05 7.331002447801115341e+04 2.631727257769431890e+04 3.332527190915547943e-01 3.684225412900936208e+05 2.631735165360672181e+04 1.317630065995965438e+00 2.631702641249904627e+04 3.934887690328128519e+04 1.476438455079920997e+00 1.217123222894543433e+05 1.818682528799120628e+05 2.631736651760953464e+04 5.701925741027268668e+04 2.631743381812069129e+04 2.631734330721041988e+04 2.631751222096935817e+04 2.631675607292354107e+04 1.668495659547271748e+00
2.763173503745049238e+05 3.684222357183895074e+05 3.684223937621829682e+05 1.573788753793722426e+05 2.099795474736797332e+05 3.684224496832356090e+05 7.786228233327783528e+04 3.214300934083287721e+05 3.684221279013424646e+05 3.684225412900936208e+05 1.310736149538532118e+04 3.684222439896748983e+05 3.684225731100090779e+05 3.684221864353357814e+05 3.503304105520481244e+05 3.684225681042883079e+05 2.763172449292280944e+05 2.362376465959857742e+05 3.684223374752450036e+05 3.377208336783197010e+05 3.684223801752266008e+05 3.684221993458537036e+05 3.684222839948778274e+05 3.684221399180514854e+05 3.684226205928465934e+05
1.394359804815993120e+05 1.065752255195679510e+00 1.691888786742301090e+04 2.707253182409068104e+05 2.121724956692123960e+05 1.244189609188999235e+00 3.257539129594913102e+05 8.458813374481284700e+04 1.037309896426025002e+00 2.631735165360672181e+04 3.684222439896748983e+05 3.443053665811472985e-01 2.631738466250274723e+04 1.023057581251316961e+00 5.250668655193350423e+04 2.631748297447753794e+04 1.217120672506940900e+05 1.818679572214245272e+05 1.283894716356474897e+00 7.017711591163091362e+04 1.457042948658354486e+00 9.584281398272691543e-01 1.432630431091060474e+00 9.068831995935535684e-01 2.631749408081709407e+04
1.394362269039101666e+05 2.631754209795220231e+04 9.399939883090582953e+03 2.707256946858484298e+05 2.121728705089192954e+05 2.631752622125343260e+04 3.257542294182457263e+05 7.330998670550023962e+04 2.631724361396782479e+04 1.317630065995965438e+00 3.684225731100090779e+05 2.631738466250274723e+04 3.605478829751424530e-01 2.631705084658458145e+04 3.934890857669055549e+04 1.508452299064328983e+00 1.217122618688374787e+05 1.818682622867443424e+05 2.631742010173506424e+04 5.701922016133906436e+04 2.631749890973282891e+04 2.631734715309745297e+04 2.631744723882300605e+04 2.631679002740295255e+04 1.506972747191078765e+00
1.394357258000959118e+05 1.161563544607131959e+00 1.691852673846359539e+04 2.707251839104992687e+05 2.121724004105530039e+05 1.273901350572525404e+00 3.257537305496279150e+05 8.458772008422217914e+04 7.265997869059819259e-01 2.631702641249904627e+04 3.684221864353357232e+05 1.023057581251316961e+00 2.631705084658458145e+04 2.577494217087041850e-01 5.250639191281149397e+04 2.631703428006778267e+04 1.217118353173434880e+05 1.818678069842417317e+05 1.220947699527459074e+00 7.017670327090506908e+04 1.295545679864427147e+00 9.889957168759211381e-01 1.310895352049793905e+00 3.968376326713202729e-01 2.631706456048959080e+04
1.081862232092345075e+05 5.250680036792311148e+04 4.874733063340326771e+04 2.526334925879185903e+05 1.940805365956283931e+05 5.250674946205384913e+04 3.076621411942366394e+05 3.396277589608790004e+04 5.250647711052514205e+04 3.934887690328128519e+04 3.503304105520481244e+05 5.250668655193351151e+04 3.934890857669055549e+04 5.250639191281149397e+04 1.239663604792815386e+04 3.934890449358023034e+04 8.828218619574890181e+04 1.637761763177570538e+05 5.250690323189168703e+04 1.767183280259163439e+04 5.250688953391553514e+04 5.250657605511392467e+04 5.250678708587054280e+04 5.250617811717511358e+04 3.934876064682367723e+04
1.394361951737810159e+05 2.631758327550043032e+04 9.400161840048869635e+03 2.707256291219599661e+05 2.121728502237724315e+05 2.631750518709926837e+04 3.257540674034232507e+05 7.330998769847315270e+04 2.631727002364590589e+04 1.476438455079920997e+00 3.684225681042883079e+05 2.631748297447753794e+04 1.508452299064328761e+00 2.631703428006778267e+04 3.934890449358023034e+04 2.992234015484832588e-01 1.217122455061308283e+05 1.818682772463513829e+05 2.631742152282805910e+04 5.701915362422923499e+04 2.631759751824180421e+04 2.631743380481540589e+04 2.631754082510175795e+04 2.631680250551015342e+04 1.476591908567209011e+00
2.126791315539887000e+04 1.217122567197526514e+05 1.217122431819626509e+05 1.786205836582436459e+05 1.157100460139129427e+05 1.217121418053126254e+05 2.336490166273682262e+05 5.801909688454410934e+04 1.217118538591320830e+05 1.217123222894543433e+05 2.763172449292280944e+05 1.217120672506940900e+05 1.217122618688374787e+05 1.217118353173434880e+05 8.828218619574893091e+04 1.217122455061308283e+05 1.011210857368350116e+04 7.685798157995061774e+04 1.217123356905138062e+05 7.431011964428014471e+04 1.217121837148623163e+05 1.217119978847157327e+05 1.217123028598302917e+05 1.217117108610733267e+05 1.217123041531299823e+05
5.934324650131694943e+04 1.818680065291698556e+05 1.818682700885865488e+05 1.342511042745820305e+05 5.464780697186014731e+04 1.818680060040942917e+05 1.955795017440457013e+05 1.348758013201055583e+05 1.818677998863975226e+05 1.818682528799120628e+05 2.362376465959857742e+05 1.818679572214245272e+05 1.818682622867443424e+05 1.818678069842417317e+05 1.637761763177570538e+05 1.818682772463513829e+05 7.685798157995060319e+04 2.748905645744285721e+04 1.818680745451869734e+05 1.511664918684137810e+05 1.818680588985786308e+05 1.818678995978588064e+05 1.818681653461090464e+05 1.818676936185511295e+05 1.818682751235766336e+05
1.394361249905315635e+05 1.296264151147096477e+00 1.691885171380793690e+04 2.707254554473150638e+05 2.121727097560241527e+05 1.286964587326118403e+00 3.257538762463143794e+05 8.458821457934057980e+04 1.353578999365697255e+00 2.631736651760953464e+04 3.684223374752450036e+05 1.283894716356474897e+00 2.631742010173506424e+04 1.220947699527459074e+00 5.250690323189168703e+04 2.631742152282805910e+04 1.217123356905138062e+05 1.818680745451869734e+05 3.285188685847771350e-01 7.017714667269180063e+04 1.409072076729638301e+00 1.341757237889125820e+00 1.457242022014071603e+00 9.376838282329821306e-01 2.631755764016137618e+04
9.557660555678246601e+04 7.017719438045205607e+04 6.641782780577016820e+04 2.400239057969122077e+05 1.814711270566079766e+05 7.017728609017549024e+04 2.950524018152810750e+05 1.629221836216773409e+04 7.017688352026470238e+04 5.701925741027268668e+04 3.377208336783197010e+05 7.017711591163091362e+04 5.701922016133906436e+04 7.017670327090506908e+04 1.767183280259163439e+04 5.701915362422923499e+04 7.431011964428014471e+04 1.511664918684137810e+05 7.017714667269180063e+04 5.848325942727777147e+03 7.017720048297767062e+04 7.017703695801916183e+04 7.017728013943218684e+04 7.017652495011949213e+04 5.701901455445759348e+04
1.394362308285712788e+05 1.398565126074650999e+00 1.691882850590464295e+04 2.707255907101499033e+05 2.121726910598994291e+05 1.347288292121457731e+00 3.257540179458010243e+05 8.458830826186748163e+04 1.289199120985142111e+00 2.631743381812069129e+04 3.684223801752266008e+05 1.457042948658354486e+00 2.631749890973282891e+04 1.295545679864426925e+00 5.250688953391552786e+04 2.631759751824180421e+04 1.217121837148623163e+05 1.818680588985786308e+05 1.409072076729638079e+00 7.017720048297767062e+04 3.034549451596973424e-01 1.333641921046916368e+00 1.408969684916112852e+00 1.063833260948645831e+00 2.631760992330652152e+04
1.394358881188561791e+05 1.227346530381796530e+00 1.691881602581894913e+04 2.707253255964732380e+05 2.121725188458811317e+05 1.280485781254573352e+00 3.257538998740825336e+05 8.458804362183617195e+04 9.464655480092409867e-01 2.631734330721041624e+04 3.684221993458537036e+05 9.584281398272691543e-01 2.631734715309745297e+04 9.889957168759210271e-01 5.250657605511392467e+04 2.631743380481540225e+04 1.217119978847157327e+05 1.818678995978588064e+05 1.341757237889125820e+00 7.017703695801916183e+04 1.333641921046916368e+00 2.262799112371925714e-01 1.442020082367476252e+00 8.335364894225372190e-01 2.631738806038737312e+04
1.394362159234288556e+05 1.335343058412518324e+00 1.691877550429697294e+04 2.707254036876369501e+05 2.121726856899084232e+05 1.467535524435434668e+00 3.257540692487723427e+05 8.458831164670227736e+04 1.365338136393829727e+00 2.631751222096935817e+04 3.684222839948778274e+05 1.432630431091060474e+00 2.631744723882300605e+04 1.310895352049793905e+00 5.250678708587055735e+04 2.631754082510175795e+04 1.217123028598302772e+05 1.818681653461090755e+05 1.457242022014071603e+00 7.017728013943218684e+04 1.408969684916112852e+00 1.442020082367476252e+00 3.646122961025388687e-01 1.070406710169250486e+00 2.631751864508816652e+04
1.394355703862248047e+05 9.984268779800630211e-01 1.691828944145668720e+04 2.707250937608460081e+05 2.121723175950602163e+05 1.063519903593456162e+00 3.257536873134442139e+05 8.458757504537890782e+04 6.339356420949633364e-01 2.631675607292354107e+04 3.684221399180514854e+05 9.068831995935535684e-01 2.631679002740295255e+04 3.968376326713202729e-01 5.250617811717511358e+04 2.631680250551015342e+04 1.217117108610733267e+05 1.818676936185511295e+05 9.376838282329821306e-01 7.017652495011949213e+04 1.063833260948645831e+00 8.335364894225373300e-01 1.070406710169250486e+00 6.761878912555582821e-02 2.631680705501035482e+04
1.394361439894413052e+05 2.631744425131013850e+04 9.400183472935581449e+03 2.707255334915717831e+05 2.121729841996062023e+05 2.631763964704042883e+04 3.257541056870477041e+05 7.330993478289713676e+04 2.631726894037890452e+04 1.668495659547271748e+00 3.684226205928465934e+05 2.631749408081709407e+04 1.506972747191078765e+00 2.631706456048959080e+04 3.934876064682367723e+04 1.476591908567209011e+00 1.217123041531299823e+05 1.818682751235766336e+05 2.631755764016137618e+04 5.701901455445759348e+04 2.631760992330652152e+04 2.631738806038738039e+04 2.631751864508816652e+04 2.631680705501035482e+04 4.046494755303221003e-01
