7.174241135284149095e+03 1.666685105252515350e+05 5.034026489248444559e+05 1.666686831880063110e+05 1.428592291118924040e+05 8.270880923139465449e+04 1.666684006871862803e+05 1.114267779445459018e+05 1.820564821099690744e+05 6.141044777892115962e+04 1.666686661382677266e+05 6.211993370109058451e+05 3.748156339947187225e+05 1.428592461734450480e+05 1.666682326029790274e+05 2.852561655666164006e+05 1.594223695173476008e+05 4.177504762978073559e+05 5.697770367275470635e+05 1.666684205782033969e+05 4.950851837923174608e+05 1.428590957610105106e+05 1.428591234106892080e+05 1.666684145274738839e+05 1.666686554614008346e+05
1.666685105252515350e+05 6.994407968984180934e-01 5.272120125770365121e+05 2.381138015626353808e+04 9.523986054244477418e+04 1.428590947495441069e+05 1.379330270221758914e+00 1.266723423049644189e+05 2.414984868409422925e+05 1.904781256696316996e+05 2.381134129140055666e+04 6.688181767456029775e+05 4.224343157263183384e+05 9.523987440158679965e+04 1.174488737706109953e+00 3.170019037316770409e+05 4.693068799763957213e+04 4.653691353150645737e+05 5.935863417546210112e+05 1.474866090392153106e+00 5.188944798937820015e+05 9.394582142818550346e+04 7.143043635698179423e+04 1.363251314818450188e+00 1.754551038115669508e+04
5.034026489248444559e+05 5.272120125770365121e+05 8.720521160599861469e+04 5.272121363007440232e+05 5.272122028367160819e+05 5.034027014893801534e+05 5.272119603758084122e+05 5.185542229538524407e+05 4.203326233581659035e+05 4.875297435285003739e+05 5.272121208522813395e+05 4.847721246684790240e+05 4.060399427847996121e+05 5.272122069059639471e+05 5.272118904097515624e+05 4.023849822338962695e+05 5.272121273003916722e+05 3.836622630924115074e+05 3.199322342403694638e+05 5.272119823426752118e+05 2.698939039104660042e+05 5.272121913161473349e+05 5.272121582070360892e+05 5.272119617535012076e+05 5.272120918248242233e+05
1.666686831880063110e+05 2.381138015626353808e+04 5.272121363007440232e+05 7.219656066656378046e-01 9.524005297131577390e+04 1.428592551811557787e+05 2.381123058902115372e+04 1.266725441323595442e+05 2.414986191096514231e+05 1.904781661786401528e+05 1.366610965614189155e+00 6.688181937133107567e+05 4.224345828150972375e+05 9.524020877900350024e+04 2.381092928779526119e+04 3.170020173750963877e+05 2.312108612169399930e+04 4.653692923042692710e+05 5.935863657704595244e+05 2.381123603523007114e+04 5.188946297897096374e+05 9.394603748466276738e+04 6.641782732103094168e+04 2.381117825960717164e+04 6.267115027733867464e+03
1.428592291118924040e+05 9.523986054244477418e+04 5.272122028367161984e+05 9.524005297131577390e+04 7.554046717930745780e-01 9.524022254486347083e+04 9.523974983797964524e+04 7.905354208160704002e+04 2.321819540262933006e+05 1.666687469105887867e+05 9.523998110038175946e+04 6.688183704975402215e+05 4.224345459379446111e+05 4.762117849413222575e+04 9.523944627569527074e+04 3.170021843226230703e+05 7.212059514010367275e+04 4.653694392464311677e+05 5.935865200647221645e+05 9.523983729020004102e+04 5.188947108509617392e+05 8.800800144149454354e+03 3.258314440231983099e+04 9.523967534222762333e+04 9.523997636881706421e+04
8.270880923139465449e+04 1.428590947495441069e+05 5.034027014893801534e+05 1.428592551811557787e+05 9.524022254486347083e+04 1.187271388442766329e+04 1.428589723673965491e+05 5.252927423383978021e+04 2.070532961205530446e+05 1.230814955287180201e+05 1.428592025820300041e+05 6.450088107125627575e+05 3.986251245437742327e+05 8.396172113160815206e+04 1.428587029844398785e+05 2.931928177902665921e+05 1.197397314562667452e+05 4.415600116429076879e+05 5.697769876009513391e+05 1.428589892362741230e+05 4.950852718897796003e+05 9.316983104468570673e+04 9.345916352110011212e+04 1.428588913264073199e+05 1.428591162093894673e+05
1.666684006871862803e+05 1.379330270221758914e+00 5.272119603758085286e+05 2.381123058902115372e+04 9.523974983797964524e+04 1.428589723673965491e+05 7.195778879319264520e-01 1.266721868817463401e+05 2.414983810050015163e+05 1.904779439469606441e+05 2.381122292397689671e+04 6.688181277820938267e+05 4.224343014340843074e+05 9.523984905695270572e+04 1.015412039714510328e+00 3.170018373924661428e+05 4.693065605130877520e+04 4.653691376723473077e+05 5.935862732486341847e+05 1.324458584984338883e+00 5.188944122350137914e+05 9.394579044608287222e+04 7.143027827818317746e+04 1.190742101195628733e+00 1.754545009995357032e+04
1.114267779445459164e+05 1.266723423049644189e+05 5.185542229538524407e+05 1.266725441323595442e+05 7.905354208160704002e+04 5.252927423383978021e+04 1.266721868817463401e+05 1.300037740156699329e+04 2.235238631568916899e+05 1.510795612080532010e+05 1.266724713148528681e+05 6.601603450067914091e+05 4.137765943520409637e+05 5.524363071757914440e+04 1.266719664581189136e+05 3.083441534301940119e+05 1.035531273084093991e+05 4.567114503920723218e+05 5.849284606872114819e+05 1.266722949099856487e+05 5.102368113399730064e+05 7.698299793894962932e+04 7.529399263206918840e+04 1.266721215721591288e+05 1.266724605857118877e+05
1.820564821099690453e+05 2.414984868409422925e+05 4.203326233581657871e+05 2.414986191096514231e+05 2.321819540262933006e+05 2.070532961205530446e+05 2.414983810050014872e+05 2.235238631568917772e+05 4.205967781282356736e+04 1.427032233501125011e+05 2.414985455539156683e+05 5.831702735767479753e+05 3.383752085047587752e+05 2.321819176373746304e+05 2.414981642131013214e+05 1.783028719483754830e+05 2.386631064855718869e+05 3.992894503825660213e+05 5.023167622851103661e+05 2.414984233809727302e+05 4.290051941698308219e+05 2.319427065158884216e+05 2.321817280050026893e+05 2.414983149368195445e+05 2.414985563023721916e+05
6.141044777892115962e+04 1.904781256696316996e+05 4.875297435285003739e+05 1.904781661786401528e+05 1.666687469105887867e+05 1.230814955287180201e+05 1.904779439469606150e+05 1.510795612080532010e+05 1.427032233501125011e+05 5.292346661047905218e+04 1.904780938140231301e+05 5.980512626964512747e+05 3.666878011110033258e+05 1.666688505743291462e+05 1.904777758667910239e+05 2.677721128110142890e+05 1.832318488895102928e+05 4.098140031957921456e+05 5.539040661824292038e+05 1.904779468877312320e+05 4.871487016945974319e+05 1.661905369349269604e+05 1.666685521567016549e+05 1.904779524143400486e+05 1.904781491944555310e+05
1.666686661382677266e+05 2.381134129140055666e+04 5.272121208522813395e+05 1.366610965614189377e+00 9.523998110038175946e+04 1.428592025820300041e+05 2.381122292397689671e+04 1.266724713148528681e+05 2.414985455539156974e+05 1.904780938140231592e+05 7.369890778735411763e-01 6.688182515274807811e+05 4.224345943958184216e+05 9.524015316282863205e+04 2.381090352235492173e+04 3.170021041732833255e+05 2.312114602402309902e+04 4.653693314994493849e+05 5.935864155200694222e+05 2.381118494358652606e+04 5.188945974296149798e+05 9.394599346477129438e+04 6.641784341913777462e+04 2.381116415144552229e+04 6.267173719046042606e+03
6.211993370109057287e+05 6.688181767456029775e+05 4.847721246684790240e+05 6.688181937133107567e+05 6.688183704975402215e+05 6.450088107125627575e+05 6.688181277820938267e+05 6.601603450067914091e+05 5.831702735767479753e+05 5.980512626964512747e+05 6.688182515274807811e+05 1.712729400562222581e+05 5.319137221214545425e+05 6.688182927756727440e+05 6.688180603434623918e+05 5.987125596350759733e+05 6.688183182396574412e+05 4.653920673348103301e+05 4.169992326071665157e+05 6.688181649436780717e+05 5.097900737248854712e+05 6.688183149494213285e+05 6.688182415279833367e+05 6.688180897185059730e+05 6.688182274561610539e+05
3.748156339947187225e+05 4.224343157263183384e+05 4.060399427847996121e+05 4.224345828150972375e+05 4.224345459379446111e+05 3.986251245437742327e+05 4.224343014340843074e+05 4.137765943520410219e+05 3.383752085047587170e+05 3.666878011110033258e+05 4.224345943958184216e+05 5.319137221214545425e+05 7.204961609953643347e+04 4.224345225335553405e+05 4.224342138405304286e+05 2.292865790175446018e+05 4.224345228505949490e+05 2.274751960761977534e+05 4.745390644533085288e+05 4.224342921240080032e+05 3.265865847433753079e+05 4.224064245841666707e+05 4.224345053391035763e+05 4.224342292987569235e+05 4.224345046238264185e+05
1.428592461734450480e+05 9.523987440158679965e+04 5.272122069059639471e+05 9.524020877900350024e+04 4.762117849413222575e+04 8.396172113160815206e+04 9.523984905695270572e+04 5.524363071757914440e+04 2.321819176373746304e+05 1.666688505743291462e+05 9.524015316282863205e+04 6.688182927756727440e+05 4.224345225335553405e+05 8.113905448436318224e-01 9.523960692500638834e+04 3.170021708759107278e+05 7.212061806867652922e+04 4.653693875099017168e+05 5.935864781431606971e+05 9.524000499340867100e+04 5.188947589162698714e+05 4.555056917828940641e+04 4.386150893467898277e+04 9.523976663246937096e+04 9.524011369636419113e+04
1.666682326029790274e+05 1.174488737706109953e+00 5.272118904097515624e+05 2.381092928779526119e+04 9.523944627569527074e+04 1.428587029844398785e+05 1.015412039714510328e+00 1.266719664581189136e+05 2.414981642131013505e+05 1.904777758667910821e+05 2.381090352235492173e+04 6.688180603434623918e+05 4.224342138405304286e+05 9.523960692500638834e+04 4.275067464805266115e-01 3.170017169864825555e+05 4.693027705266961857e+04 4.653690141022532480e+05 5.935861976070486708e+05 1.131967922397576709e+00 5.188943277216129354e+05 9.394548269954683201e+04 7.142994827262146282e+04 8.886366349584987612e-01 1.754514478415875419e+04
2.852561655666164006e+05 3.170019037316770409e+05 4.023849822338962695e+05 3.170020173750963877e+05 3.170021843226230703e+05 2.931928177902666503e+05 3.170018373924661428e+05 3.083441534301940119e+05 1.783028719483754830e+05 2.677721128110142890e+05 3.170021041732832673e+05 5.987125596350760898e+05 2.292865790175446018e+05 3.170021708759107860e+05 3.170017169864824973e+05 7.790509647893562214e+04 3.170021639117104933e+05 3.350164471403982025e+05 5.102533175410387339e+05 3.170018604010239360e+05 3.783528329227506765e+05 3.167630088907284080e+05 3.170020871773980325e+05 3.170017254329478601e+05 3.170019925904173870e+05
1.594223695173476299e+05 4.693068799763957213e+04 5.272121273003916722e+05 2.312108612169399930e+04 7.212059514010367275e+04 1.197397314562667598e+05 4.693065605130877520e+04 1.035531273084093991e+05 2.386631064855718869e+05 1.832318488895103219e+05 2.312114602402309538e+04 6.688183182396574412e+05 4.224345228505949490e+05 7.212061806867652922e+04 4.693027705266961857e+04 3.170021639117104933e+05 2.066478455394248886e+04 4.653693602747453842e+05 5.935864694790355861e+05 4.693065993996576435e+04 5.188946319505327847e+05 7.082651999550357868e+04 4.329822229704890924e+04 4.693057131268590456e+04 2.938670936928831361e+04
4.177504762978072977e+05 4.653691353150645737e+05 3.836622630924115074e+05 4.653692923042692710e+05 4.653694392464311095e+05 4.415600116429076879e+05 4.653691376723473077e+05 4.567114503920722636e+05 3.992894503825660795e+05 4.098140031957921456e+05 4.653693314994493849e+05 4.653920673348102137e+05 2.274751960761977243e+05 4.653693875099017168e+05 4.653690141022532480e+05 3.350164471403982025e+05 4.653693602747453260e+05 8.395821739880865789e+04 4.680217157919013989e+05 4.653691464061202714e+05 2.852809635284744436e+05 4.653694151077679708e+05 4.653693257672235486e+05 4.653690211088500801e+05 4.653692161204087897e+05
5.697770367275470635e+05 5.935863417546210112e+05 3.199322342403694638e+05 5.935863657704595244e+05 5.935865200647221645e+05 5.697769876009513391e+05 5.935862732486341847e+05 5.849284606872114819e+05 5.023167622851103661e+05 5.539040661824292038e+05 5.935864155200694222e+05 4.169992326071665157e+05 4.745390644533085288e+05 5.935864781431606971e+05 5.935861976070487872e+05 5.102533175410387339e+05 5.935864694790355861e+05 4.680217157919012825e+05 1.358868656251240463e+05 5.935863227589979069e+05 3.836477701610021759e+05 5.935864703905127244e+05 5.935864325268076500e+05 5.935862752642685082e+05 5.935863622554854956e+05
1.666684205782033969e+05 1.474866090392153106e+00 5.272119823426752118e+05 2.381123603523007114e+04 9.523983729020004102e+04 1.428589892362741230e+05 1.324458584984339105e+00 1.266722949099856487e+05 2.414984233809727302e+05 1.904779468877312611e+05 2.381118494358652606e+04 6.688181649436780717e+05 4.224342921240080032e+05 9.524000499340867100e+04 1.131967922397576709e+00 3.170018604010239942e+05 4.693065993996576435e+04 4.653691464061203296e+05 5.935863227589980233e+05 7.570167916231173022e-01 5.188944838678563829e+05 9.394588435989947175e+04 7.143030517617896840e+04 1.433823736188459375e+00 1.754540633213597539e+04
4.950851837923174608e+05 5.188944798937820015e+05 2.698939039104658877e+05 5.188946297897096374e+05 5.188947108509617392e+05 4.950852718897796003e+05 5.188944122350137914e+05 5.102368113399730064e+05 4.290051941698308219e+05 4.871487016945974319e+05 5.188945974296149798e+05 5.097900737248854712e+05 3.265865847433753079e+05 5.188947589162698714e+05 5.188943277216129354e+05 3.783528329227506765e+05 5.188946319505327847e+05 2.852809635284744436e+05 3.836477701610021177e+05 5.188944838678563829e+05 1.157153668397397560e+05 5.188946815072762547e+05 5.188946499330252991e+05 5.188943819673801190e+05 5.188945630380042130e+05
1.428590957610105106e+05 9.394582142818550346e+04 5.272121913161473349e+05 9.394603748466276738e+04 8.800800144149454354e+03 9.316983104468570673e+04 9.394579044608287222e+04 7.698299793894962932e+04 2.319427065158884216e+05 1.661905369349269604e+05 9.394599346477129438e+04 6.688183149494213285e+05 4.224064245841666707e+05 4.555056917828941368e+04 9.394548269954683201e+04 3.167630088907284080e+05 7.082651999550357868e+04 4.653694151077679708e+05 5.935864703905127244e+05 9.394588435989945719e+04 5.188946815072762547e+05 1.366658828032963174e+04 3.128910624152733726e+04 9.394573483212826250e+04 9.394602713048689475e+04
1.428591234106892080e+05 7.143043635698179423e+04 5.272121582070360892e+05 6.641782732103094168e+04 3.258314440231983099e+04 9.345916352110011212e+04 7.143027827818317746e+04 7.529399263206918840e+04 2.321817280050026893e+05 1.666685521567016549e+05 6.641784341913778917e+04 6.688182415279833367e+05 4.224345053391035763e+05 4.386150893467898277e+04 7.142994827262146282e+04 3.170020871773980325e+05 4.329822229704890924e+04 4.653693257672236650e+05 5.935864325268076500e+05 7.143030517617896840e+04 5.188946499330252991e+05 3.128910624152733726e+04 1.266396419289695041e+04 7.143019444761567865e+04 6.773695186874960200e+04
1.666684145274738839e+05 1.363251314818450188e+00 5.272119617535012076e+05 2.381117825960717164e+04 9.523967534222762333e+04 1.428588913264073199e+05 1.190742101195628733e+00 1.266721215721591288e+05 2.414983149368195445e+05 1.904779524143401068e+05 2.381116415144552229e+04 6.688180897185059730e+05 4.224342292987569235e+05 9.523976663246937096e+04 8.886366349584987612e-01 3.170017254329478019e+05 4.693057131268589728e+04 4.653690211088500801e+05 5.935862752642685082e+05 1.433823736188459375e+00 5.188943819673801190e+05 9.394573483212826250e+04 7.143019444761567865e+04 6.772347756803862584e-01 1.754536745221331512e+04
1.666686554614008346e+05 1.754551038115669144e+04 5.272120918248242233e+05 6.267115027733867464e+03 9.523997636881706421e+04 1.428591162093894964e+05 1.754545009995357032e+04 1.266724605857118877e+05 2.414985563023722207e+05 1.904781491944555310e+05 6.267173719046042606e+03 6.688182274561610539e+05 4.224345046238264185e+05 9.524011369636419113e+04 1.754514478415875419e+04 3.170019925904174452e+05 2.938670936928832452e+04 4.653692161204087897e+05 5.935863622554854956e+05 1.754540633213597175e+04 5.188945630380042130e+05 9.394602713048689475e+04 6.773695186874963110e+04 1.754536745221331512e+04 9.234436274020268684e+03
