1.562556398362180698e+04 5.643691844959247828e+04 1.562618895676396460e+04 2.271156119729595957e+05 1.562659297869294824e+04 1.562644945782393006e+04 1.562677935854953830e+04 1.562670760460225392e+04 1.406269144104894076e+05 1.562659418523933709e+04 1.562611337206335338e+04 1.562672768097495282e+04 1.562682829242568732e+04 3.092774249133531121e+05 1.562644520391947299e+04 1.264223531136542006e+05 1.562684611793221120e+04 1.562660377162765872e+04 1.562691861744298876e+04 1.562637364495661313e+04 1.562620151309583707e+04 1.562660518122015492e+04 1.562684703230806917e+04 1.509552679520266247e+05 1.562623635578951144e+04
5.643691844959247828e+04 4.066836463306994847e+04 4.081167855027726910e+04 1.764523630951116502e+05 7.206199365759156353e+04 4.081147377041224536e+04 7.206194363655295456e+04 7.206188766380051675e+04 9.027968470649502706e+04 7.206191077657764254e+04 7.206123463419621112e+04 7.206193333355420327e+04 7.206197271584141708e+04 2.589301814748400357e+05 4.081186534066440800e+04 7.607472159466477751e+04 4.081173620639472210e+04 7.206197003299747303e+04 4.081172794392272772e+04 7.206160511074782698e+04 7.206183083655756491e+04 7.206188611025369028e+04 4.081156378049565683e+04 9.815746171107530245e+04 7.206132103728319635e+04
1.562618895676396642e+04 4.081167855027726910e+04 4.912206971381263831e-01 2.114904978802557744e+05 3.125168555047345944e+04 1.059258974821079002e+00 3.125177530048023618e+04 3.125174593644152992e+04 1.250017299416182796e+05 3.125162357971246456e+04 3.125104923971970493e+04 3.125177595384173401e+04 3.125181055285830007e+04 2.936522075457539759e+05 1.477423061744385091e+00 1.107971351984208886e+05 1.817360174018004093e+00 3.125166425384472313e+04 1.729543896388723301e+00 3.125124326530295366e+04 3.125115151301317019e+04 3.125163630523959000e+04 1.762951351027508551e+00 1.353301244471528335e+05 3.125114479085508719e+04
2.271156119729595957e+05 1.764523630951116502e+05 2.114904978802557744e+05 8.470530619435604603e+04 2.427408603904050542e+05 2.114903711391999095e+05 2.427409632497981074e+05 2.427408123227429460e+05 1.177405120913623832e+05 2.427409109920165502e+05 2.427403504472980567e+05 2.427407846133449348e+05 2.427410364586503711e+05 1.581875548771343310e+05 2.114906953819199698e+05 1.319453186048378702e+05 2.114909443026535155e+05 2.427408296602730697e+05 2.114909059490206710e+05 2.427404003374558524e+05 2.427405924062372360e+05 2.427408405436017783e+05 2.114910147826849134e+05 1.139354152948979026e+05 2.427403706294261501e+05
1.562659297869294824e+04 7.206199365759156353e+04 3.125168555047345217e+04 2.427408603904050542e+05 5.285779311811892311e-01 3.125162879407983928e+04 1.742871540205997327e+00 1.679652221669774237e+00 1.562521370504049410e+05 1.553514949702240022e+00 1.132226924538066060e+00 1.703279633287125172e+00 1.667587708730049911e+00 3.249026613517640508e+05 3.125151300605437791e+04 1.420473103021996212e+05 3.125190048978814229e+04 1.477851604529613949e+00 3.125179818390326909e+04 1.500781414925250967e+00 1.579637947801752818e+00 1.559063859135412011e+00 3.125199078499256211e+04 1.665805375127230072e+05 1.323465756034683194e+00
1.562644945782393006e+04 4.081147377041224536e+04 1.059258974821079002e+00 2.114903711391999095e+05 3.125162879407983928e+04 5.061672897741370525e-01 3.125169036478969429e+04 3.125165594775565478e+04 1.250015346006903274e+05 3.125160273876124484e+04 3.125088853965957969e+04 3.125166253992398924e+04 3.125168861025857404e+04 2.936521736248646630e+05 1.448616871804226713e+00 1.107969628231910174e+05 1.656150566865409735e+00 3.125164060281188722e+04 1.615275529823721801e+00 3.125100168003854560e+04 3.125129792427918801e+04 3.125161129566349337e+04 1.593849198595063354e+00 1.353300031283071148e+05 3.125093834461921870e+04
1.562677935854953830e+04 7.206194363655295456e+04 3.125177530048023254e+04 2.427409632497981074e+05 1.742871540205997327e+00 3.125169036478969429e+04 5.599950793647378022e-01 1.739675529972472212e+00 1.562521422557433252e+05 1.616239186323948474e+00 1.176043049903501281e+00 1.867805750732244530e+00 1.548087148808186875e+00 3.249026308542815386e+05 3.125186977146231584e+04 1.420473715121608693e+05 3.125173787406391421e+04 1.778852998005888031e+00 3.125185792419436257e+04 1.504708189647842032e+00 1.744239149625696594e+00 1.728736333444200524e+00 3.125187829324408813e+04 1.665806901778926840e+05 1.391010493156101813e+00
1.562670760460225756e+04 7.206188766380051675e+04 3.125174593644152264e+04 2.427408123227429460e+05 1.679652221669774237e+00 3.125165594775565478e+04 1.739675529972472212e+00 6.500704908088755785e-01 1.562521772571531183e+05 1.805737024510237099e+00 1.155662836645386715e+00 1.463563648994876232e+00 1.709331222660666061e+00 3.249026332243834622e+05 3.125177794244829056e+04 1.420473537502574909e+05 3.125186416793007447e+04 1.678109125346368025e+00 3.125185089367006367e+04 1.486337192256860451e+00 1.614382415996113762e+00 1.640078346358719852e+00 3.125212494446809433e+04 1.665805184089850227e+05 1.327981914631492844e+00
1.406269144104894076e+05 9.027968470649501251e+04 1.250017299416182796e+05 1.177405120913623832e+05 1.562521370504049410e+05 1.250015346006903274e+05 1.562521422557433252e+05 1.562521772571531183e+05 1.467436610957469020e+04 1.562520490194853337e+05 1.562514980742459302e+05 1.562521307410234003e+05 1.562521023536953726e+05 1.999022138012347859e+05 1.250019130956274312e+05 2.597594560347673178e+04 1.250021883925446309e+05 1.562521552172765078e+05 1.250021381101186416e+05 1.562515713695696904e+05 1.562517744964794547e+05 1.562519929546239146e+05 1.250020007434804429e+05 3.454883915915119724e+04 1.562515868271444633e+05
1.562659418523933709e+04 7.206191077657762798e+04 3.125162357971245365e+04 2.427409109920165502e+05 1.553514949702240022e+00 3.125160273876124484e+04 1.616239186323948474e+00 1.805737024510237099e+00 1.562520490194853337e+05 4.819230126317012863e-01 1.146096274488092703e+00 1.783070040121072175e+00 1.577064704110969995e+00 3.249025866815475747e+05 3.125157201318028820e+04 1.420473521533389576e+05 3.125180551621254199e+04 1.684340849580585830e+00 3.125187675478432357e+04 1.385912240698309983e+00 1.505899341088867471e+00 1.357366538176647763e+00 3.125196264606525801e+04 1.665805723373484798e+05 1.273000048867844125e+00
1.562611337206335338e+04 7.206123463419621112e+04 3.125104923971969765e+04 2.427403504472980567e+05 1.132226924538065838e+00 3.125088853965957969e+04 1.176043049903501503e+00 1.155662836645386937e+00 1.562514980742459302e+05 1.146096274488092703e+00 2.343317224220019812e-01 1.197795325457543303e+00 1.189744963734079342e+00 3.249020991181079298e+05 3.125111517386261039e+04 1.420467569116922677e+05 3.125126029379386455e+04 1.150241746074254889e+00 3.125126348141732888e+04 7.338218893551856636e-01 9.890183660752128736e-01 1.124607785764033530e+00 3.125137345317031941e+04 1.665800013356143027e+05 4.832844826403738248e-01
1.562672768097495282e+04 7.206193333355420327e+04 3.125177595384173037e+04 2.427407846133449348e+05 1.703279633287125172e+00 3.125166253992398924e+04 1.867805750732244530e+00 1.463563648994876232e+00 1.562521307410234003e+05 1.783070040121072175e+00 1.197795325457543303e+00 5.236150108451048668e-01 1.874900149453720521e+00 3.249025946834211936e+05 3.125184753397323220e+04 1.420473622341311129e+05 3.125180697798417896e+04 1.686849157214952211e+00 3.125186775709288122e+04 1.526893522261017377e+00 1.725082457225313615e+00 1.795405625759448176e+00 3.125201335081011348e+04 1.665804288450664608e+05 1.359140103659115972e+00
1.562682829242568732e+04 7.206197271584141708e+04 3.125181055285829643e+04 2.427410364586503711e+05 1.667587708730049911e+00 3.125168861025857404e+04 1.548087148808186875e+00 1.709331222660666061e+00 1.562521023536953726e+05 1.577064704110969995e+00 1.189744963734079342e+00 1.874900149453720521e+00 6.184458518523545667e-01 3.249027135754870251e+05 3.125177532836483078e+04 1.420473594357359689e+05 3.125179214064582993e+04 1.808231153037326067e+00 3.125180344739252541e+04 1.520792941176795754e+00 1.799821718377244251e+00 1.734426459726421843e+00 3.125189322219660608e+04 1.665806049121996912e+05 1.374929061664951657e+00
3.092774249133531121e+05 2.589301814748400357e+05 2.936522075457539759e+05 1.581875548771343310e+05 3.249026613517640508e+05 2.936521736248646048e+05 3.249026308542815386e+05 3.249026332243834622e+05 1.999022138012347568e+05 3.249025866815475747e+05 3.249020991181079298e+05 3.249025946834210772e+05 3.249027135754870251e+05 7.691122309604105249e+04 2.936525202589071705e+05 2.141071050576270500e+05 2.936526243353949976e+05 3.249026297131822794e+05 2.936526956073543988e+05 3.249022619128742372e+05 3.249022805584268062e+05 3.249025819692459190e+05 2.936525591010552016e+05 1.999021708473090548e+05 3.249021002454637783e+05
1.562644520391947299e+04 4.081186534066440072e+04 1.477423061744385091e+00 2.114906953819199698e+05 3.125151300605437791e+04 1.448616871804226491e+00 3.125186977146231584e+04 3.125177794244829056e+04 1.250019130956274312e+05 3.125157201318028820e+04 3.125111517386261039e+04 3.125184753397323220e+04 3.125177532836483078e+04 2.936525202589071705e+05 5.511185713968165256e-01 1.107973225596806296e+05 1.789877566387189534e+00 3.125163995845735917e+04 1.801576789970311898e+00 3.125135518163242887e+04 3.125154163745997721e+04 3.125137796775913375e+04 1.903508394054040931e+00 1.353303530131942534e+05 3.125125466525117736e+04
1.264223531136542006e+05 7.607472159466477751e+04 1.107971351984208886e+05 1.319453186048378702e+05 1.420473103021996212e+05 1.107969628231910028e+05 1.420473715121608693e+05 1.420473537502574909e+05 2.597594560347673178e+04 1.420473521533389576e+05 1.420467569116922677e+05 1.420473622341311129e+05 1.420473594357359689e+05 2.141071050576270500e+05 1.107973225596806296e+05 1.549657506149894289e+04 1.107972442108386895e+05 1.420473471006392501e+05 1.107973362349867530e+05 1.420469830112544296e+05 1.420472447487250611e+05 1.420473413799409755e+05 1.107974829591912567e+05 5.578493498945867032e+04 1.420468519747912651e+05
1.562684611793220938e+04 4.081173620639472210e+04 1.817360174018004093e+00 2.114909443026535155e+05 3.125190048978814229e+04 1.656150566865409957e+00 3.125173787406391421e+04 3.125186416793007447e+04 1.250021883925446309e+05 3.125180551621254199e+04 3.125126029379386455e+04 3.125180697798417896e+04 3.125179214064582993e+04 2.936526243353949976e+05 1.789877566387189534e+00 1.107972442108386895e+05 5.436759854854212870e-01 3.125189508015668980e+04 1.685330501637940737e+00 3.125158943216696207e+04 3.125188776857338962e+04 3.125187790833281542e+04 1.953539386860358107e+00 1.353307163698030636e+05 3.125140362395134071e+04
1.562660377162765872e+04 7.206197003299747303e+04 3.125166425384471586e+04 2.427408296602730697e+05 1.477851604529613949e+00 3.125164060281188722e+04 1.778852998005888031e+00 1.678109125346368025e+00 1.562521552172765078e+05 1.684340849580585830e+00 1.150241746074254889e+00 1.686849157214952433e+00 1.808231153037326067e+00 3.249026297131822794e+05 3.125163995845735917e+04 1.420473471006392501e+05 3.125189508015668980e+04 4.636566266757023991e-01 3.125176636314569259e+04 1.442292620600038378e+00 1.624615625815384545e+00 1.555873010003591572e+00 3.125207220699750542e+04 1.665805193709222367e+05 1.336005647923323991e+00
1.562691861744298694e+04 4.081172794392272772e+04 1.729543896388723301e+00 2.114909059490207001e+05 3.125179818390326909e+04 1.615275529823721135e+00 3.125185792419436257e+04 3.125185089367006367e+04 1.250021381101186416e+05 3.125187675478432357e+04 3.125126348141732888e+04 3.125186775709288122e+04 3.125180344739252541e+04 2.936526956073543988e+05 1.801576789970311898e+00 1.107973362349867821e+05 1.685330501637940737e+00 3.125176636314569259e+04 5.353478532672105716e-01 3.125161322725394712e+04 3.125190387184339488e+04 3.125192611948212652e+04 1.844629077061988642e+00 1.353306003233537194e+05 3.125144496717083894e+04
1.562637364495661495e+04 7.206160511074782698e+04 3.125124326530294275e+04 2.427404003374558524e+05 1.500781414925250967e+00 3.125100168003854560e+04 1.504708189647842032e+00 1.486337192256860451e+00 1.562515713695696904e+05 1.385912240698309983e+00 7.338218893551856636e-01 1.526893522261017377e+00 1.520792941176795754e+00 3.249022619128742372e+05 3.125135518163242887e+04 1.420469830112544296e+05 3.125158943216696207e+04 1.442292620600037933e+00 3.125161322725394712e+04 4.537106902305259037e-01 1.226971901189455760e+00 1.422762594743578690e+00 3.125173727415309986e+04 1.665800015276879712e+05 7.901447180783679469e-01
1.562620151309583707e+04 7.206183083655756491e+04 3.125115151301316291e+04 2.427405924062372360e+05 1.579637947801752818e+00 3.125129792427918801e+04 1.744239149625696594e+00 1.614382415996113762e+00 1.562517744964794547e+05 1.505899341088867471e+00 9.890183660752128736e-01 1.725082457225313615e+00 1.799821718377244251e+00 3.249022805584268062e+05 3.125154163745997721e+04 1.420472447487250611e+05 3.125188776857338962e+04 1.624615625815384545e+00 3.125190387184339488e+04 1.226971901189455760e+00 4.188784994586454702e-01 1.473667418084333658e+00 3.125190032622684885e+04 1.665802279317476496e+05 1.099091318280179586e+00
1.562660518122015492e+04 7.206188611025369028e+04 3.125163630523958636e+04 2.427408405436017783e+05 1.559063859135412011e+00 3.125161129566349337e+04 1.728736333444200524e+00 1.640078346358719408e+00 1.562519929546239146e+05 1.357366538176647319e+00 1.124607785764033530e+00 1.795405625759448176e+00 1.734426459726421843e+00 3.249025819692459190e+05 3.125137796775913375e+04 1.420473413799409755e+05 3.125187790833281542e+04 1.555873010003591350e+00 3.125192611948212652e+04 1.422762594743578690e+00 1.473667418084333436e+00 4.929302849448474744e-01 3.125190841434436879e+04 1.665804483836363652e+05 1.280225616298544589e+00
1.562684703230806917e+04 4.081156378049565683e+04 1.762951351027508551e+00 2.114910147826849134e+05 3.125199078499256211e+04 1.593849198595063354e+00 3.125187829324408813e+04 3.125212494446809433e+04 1.250020007434804429e+05 3.125196264606525801e+04 3.125137345317031941e+04 3.125201335081011348e+04 3.125189322219660608e+04 2.936525591010552016e+05 1.903508394054040931e+00 1.107974829591912567e+05 1.953539386860358107e+00 3.125207220699750542e+04 1.844629077061988642e+00 3.125173727415309986e+04 3.125190032622684885e+04 3.125190841434436879e+04 6.412809501599711082e-01 1.353307182240027469e+05 3.125152012015039509e+04
1.509552679520266247e+05 9.815746171107530245e+04 1.353301244471528335e+05 1.139354152948978735e+05 1.665805375127230072e+05 1.353300031283070857e+05 1.665806901778926840e+05 1.665805184089850227e+05 3.454883915915119724e+04 1.665805723373484798e+05 1.665800013356143027e+05 1.665804288450664608e+05 1.665806049121996912e+05 1.999021708473089966e+05 1.353303530131942534e+05 5.578493498945867032e+04 1.353307163698030636e+05 1.665805193709222367e+05 1.353306003233536903e+05 1.665800015276879712e+05 1.665802279317476496e+05 1.665804483836363652e+05 1.353307182240027469e+05 2.886228842461263048e+04 1.665800408337086265e+05
1.562623635578951144e+04 7.206132103728319635e+04 3.125114479085507992e+04 2.427403706294261501e+05 1.323465756034683638e+00 3.125093834461921870e+04 1.391010493156101813e+00 1.327981914631492844e+00 1.562515868271444633e+05 1.273000048867843903e+00 4.832844826403738248e-01 1.359140103659115972e+00 1.374929061664951657e+00 3.249021002454637783e+05 3.125125466525117736e+04 1.420468519747912651e+05 3.125140362395134071e+04 1.336005647923323991e+00 3.125144496717083894e+04 7.901447180783679469e-01 1.099091318280179586e+00 1.280225616298544589e+00 3.125152012015039509e+04 1.665800408337086265e+05 3.806276150055301066e-01
