1.304317147203803470e+05 3.373855820654785493e+05 3.373856269268317265e+05 2.861041136864866712e+05 2.691668029808523133e+05 3.373859149645608268e+05 3.373858876847853535e+05 3.261153366578727728e+05 3.373858139209962683e+05 3.373859478557351977e+05 3.117451365051265457e+05 3.373858803490924183e+05 2.826881324598241481e+05 3.196345522091104649e+05 2.626784583657487528e+05 3.373859229974560440e+05 3.373855323441933724e+05 3.373858440517421695e+05 3.373855208516207640e+05 3.373860176085941494e+05 3.875890074722653371e+05 2.493021080136134988e+05 3.373855884919951204e+05 3.373858982564836042e+05 3.373860331964562647e+05
3.373855820654785493e+05 6.985916162735306134e-01 1.376717886292270654e+00 1.538478677051821724e+05 2.086581004462125129e+05 1.619785114603828013e+00 2.564271800732646079e+04 1.098918826783355616e+05 1.531164240543808619e+00 2.564264852798380525e+04 7.827448594343906734e+04 1.546262960108012896e+00 1.552885142550603487e+05 5.128395636592770461e+04 4.259087192000304349e+05 1.886987216437458301e+03 9.139730379921563452e-01 1.652052622064835274e+00 1.241146692319019973e+00 3.944950758280637092e+04 4.965623450617093476e+05 2.820528378356848843e+05 1.426588879106244656e+00 2.564275535919769027e+04 5.128388903935771668e+04
3.373856269268317265e+05 1.376717886292270654e+00 7.481332980105165342e-01 1.538482077455016261e+05 2.086583343206049758e+05 1.818425264419418541e+00 2.564296205379272942e+04 1.098922115315645351e+05 1.702455761511713073e+00 2.564298374165896894e+04 7.827482092649432889e+04 1.823990423544346040e+00 1.552888668272883224e+05 5.128415116434115043e+04 4.259087381274182117e+05 1.887289494559509194e+03 1.217454988020288953e+00 1.722954689407532047e+00 1.369213768914705698e+00 3.944970107861382712e+04 4.965624048538145144e+05 2.820529510420461302e+05 1.532189947050943912e+00 2.564291911620646351e+04 5.128409922760137852e+04
2.861041136864867294e+05 1.538478677051822015e+05 1.538482077455016552e+05 1.155007040175365152e+00 1.573763507289706613e+05 1.538482939489403798e+05 1.538485803439118317e+05 9.918512281452536990e+04 1.538482784318998456e+05 1.538484758868321078e+05 1.410279877989294473e+05 1.538482489166138112e+05 5.480879312470539298e+04 1.538484884682317788e+05 3.746271697031444055e+05 1.538483236057001923e+05 1.538478993763583712e+05 1.538483547531180084e+05 1.538480193510761892e+05 1.538485542925332848e+05 4.196396444783906918e+05 2.307713938554255874e+05 1.538482770994974126e+05 1.538486360007165058e+05 1.538485785153152538e+05
2.691668029808523133e+05 2.086581004462125129e+05 2.086583343206049758e+05 1.573763507289706613e+05 5.645942878959897644e+04 2.086585011256200378e+05 2.086587024225701753e+05 2.013326023631157877e+05 2.086584361207178445e+05 2.086586459102288354e+05 2.086586654914135579e+05 2.086584433200402127e+05 1.339284995930563891e+05 2.007692050494316500e+05 3.676507293656657566e+05 2.086585530996071175e+05 2.086581325310092361e+05 2.086585518200763909e+05 2.086581641880954849e+05 1.948519766456151847e+05 4.451224394370774389e+05 1.817999862964618078e+05 2.086584237554028514e+05 2.086587337070103094e+05 1.830177935474717815e+05
3.373859149645608268e+05 1.619785114603827569e+00 1.818425264419418541e+00 1.538482939489403798e+05 2.086585011256199796e+05 8.267469721736919741e-01 2.564312897663661715e+04 1.098923478548664862e+05 1.876717255016674857e+00 2.564308220607422118e+04 7.827490222680770967e+04 1.689037168975717984e+00 1.552890064583820931e+05 5.128426711943085684e+04 4.259088719326424180e+05 1.887337453840309081e+03 1.392351661256343132e+00 1.831311024698942802e+00 1.736514756247040214e+00 3.944981174621214450e+04 4.965624922552895732e+05 2.820532155315026175e+05 1.862688764010769216e+00 2.564313735721218472e+04 5.128425467853531154e+04
3.373858876847853535e+05 2.564271800732646079e+04 2.564296205379272214e+04 1.538485803439118317e+05 2.086587024225701753e+05 2.564312897663661715e+04 6.954715783177598496e+03 1.098924205721337930e+05 2.564302357215670418e+04 4.149770283281128286e+03 7.827499243344721617e+04 2.564311939522229295e+04 1.552891186134445888e+05 5.128443987084568653e+04 4.259089751913954387e+05 2.533805774586098414e+04 2.564249563441308055e+04 2.564305142731527667e+04 2.564285508554541957e+04 3.694892648855534935e+04 4.965626694651967264e+05 2.820533352267007576e+05 2.564300098034756957e+04 2.149510622724152199e+04 5.128431378713966114e+04
3.261153366578727728e+05 1.098918826783355616e+05 1.098922115315645351e+05 9.918512281452536990e+04 2.013326023631157877e+05 1.098923478548664862e+05 1.098924205721337930e+05 1.923555917844064970e+04 1.098921916793586424e+05 1.098924566476592445e+05 7.669441546453979390e+04 1.098922183754241705e+05 1.107075050199658435e+05 1.071613616198408854e+05 4.146383056751443073e+05 1.098923308061860007e+05 1.098917531595794571e+05 1.098924015509994060e+05 1.098920168140537571e+05 1.098924075158788764e+05 4.675405127724202466e+05 2.747273519898179802e+05 1.098922005447694391e+05 1.098925295699139824e+05 1.098923162382684532e+05
3.373858139209962683e+05 1.531164240543808619e+00 1.702455761511713073e+00 1.538482784318998456e+05 2.086584361207178445e+05 1.876717255016674857e+00 2.564302357215670418e+04 1.098921916793586424e+05 8.617554312534206895e-01 2.564299645699231041e+04 7.827479677347633697e+04 1.670593852086762032e+00 1.552889390710802982e+05 5.128416269372106763e+04 4.259089366363942972e+05 1.887391317512540354e+03 1.324615648415982561e+00 1.900141207267829868e+00 1.673608309662047544e+00 3.944972394253533275e+04 4.965625079717938206e+05 2.820530171409465838e+05 1.639442956953070185e+00 2.564304236094207954e+04 5.128413069358770736e+04
3.373859478557351977e+05 2.564264852798380525e+04 2.564298374165896530e+04 1.538484758868321078e+05 2.086586459102288354e+05 2.564308220607422118e+04 4.149770283281128286e+03 1.098924566476592445e+05 2.564299645699231041e+04 9.711762706881286178e-01 7.827491830841769115e+04 2.564304668141407092e+04 1.552890744300541119e+05 5.128442522498246399e+04 4.259090181491847616e+05 2.564292879884105059e+04 2.564243991986933906e+04 2.564306530282273889e+04 2.564286644309606709e+04 3.944972769454363151e+04 4.965626810739259236e+05 2.820533297260932741e+05 2.564300860990941874e+04 2.564303498466614474e+04 5.128425361100263399e+04
3.117451365051265457e+05 7.827448594343908189e+04 7.827482092649431434e+04 1.410279877989294473e+05 2.086586654914135579e+05 7.827490222680772422e+04 7.827499243344721617e+04 7.669441546453979390e+04 7.827479677347633697e+04 7.827491830841769115e+04 2.962558662276681207e+04 7.827478098348279309e+04 1.475404449666907312e+05 6.052331877322071523e+04 4.002681831351588480e+05 7.827506102921794809e+04 7.827430967463264824e+04 7.827497365470502700e+04 7.827465447591713746e+04 7.380536279144969012e+04 4.965626380675439141e+05 2.820535259290604736e+05 7.827476397053072287e+04 7.827496259008557536e+04 7.827475276905535429e+04
3.373858803490924183e+05 1.546262960108012674e+00 1.823990423544346040e+00 1.538482489166138112e+05 2.086584433200402127e+05 1.689037168975717984e+00 2.564311939522229295e+04 1.098922183754241705e+05 1.670593852086762032e+00 2.564304668141407092e+04 7.827478098348277854e+04 8.913323185312443941e-01 1.552889277304510761e+05 5.128420862529958686e+04 4.259090023271527025e+05 1.887421832049315526e+03 1.304853544970282497e+00 1.990609417952121651e+00 1.796859664537215018e+00 3.944983355317221867e+04 4.965624592354276101e+05 2.820531280480405549e+05 1.838264872641614422e+00 2.564308720289169287e+04 5.128411066249322903e+04
2.826881324598240899e+05 1.552885142550603487e+05 1.552888668272883224e+05 5.480879312470539298e+04 1.339284995930563891e+05 1.552890064583821222e+05 1.552891186134445888e+05 1.107075050199658726e+05 1.552889390710802982e+05 1.552890744300541119e+05 1.475404449666907312e+05 1.552889277304510761e+05 4.475588539333344670e+04 1.552892741316235333e+05 3.746271736110566999e+05 1.552891295025135041e+05 1.552885007821901236e+05 1.552891299233543104e+05 1.552885803156890615e+05 1.552891019611850206e+05 4.196398524283499573e+05 2.306742167383849446e+05 1.552887747494821961e+05 1.552891805729815387e+05 1.552892611938699556e+05
3.196345522091104649e+05 5.128395636592770461e+04 5.128415116434114316e+04 1.538484884682317788e+05 2.007692050494316500e+05 5.128426711943085684e+04 5.128443987084568653e+04 1.071613616198408854e+05 5.128416269372106763e+04 5.128442522498246399e+04 6.052331877322071523e+04 5.128420862529958686e+04 1.552892741316235333e+05 1.092502552509575435e+04 4.081577082470246241e+05 5.128441445522691356e+04 5.128370138156846951e+04 5.128428326171335357e+04 5.128410092648067803e+04 4.439655506961664651e+04 4.965626904119867831e+05 2.741637809207015089e+05 5.128413470143023005e+04 5.128447319854776288e+04 4.339449400816479465e+04
2.626784583657488693e+05 4.259087192000304349e+05 4.259087381274182117e+05 3.746271697031444055e+05 3.676507293656656984e+05 4.259088719326424180e+05 4.259089751913954387e+05 4.146383056751441909e+05 4.259089366363942972e+05 4.259090181491847616e+05 4.002681831351588480e+05 4.259090023271526443e+05 3.746271736110566999e+05 4.081577082470246241e+05 1.471722094436977059e+05 4.259088856254283455e+05 4.259087101340888767e+05 4.259088604594292119e+05 4.259087149642294389e+05 4.259091110016833409e+05 3.392619740477784653e+05 3.557848433443959802e+05 4.259088001612974331e+05 4.259090639143589651e+05 4.259091889617276029e+05
3.373859229974559858e+05 1.886987216437458301e+03 1.887289494559509194e+03 1.538483236057001632e+05 2.086585530996071175e+05 1.887337453840308626e+03 2.533805774586098414e+04 1.098923308061860007e+05 1.887391317512540581e+03 2.564292879884105059e+04 7.827506102921791899e+04 1.887421832049315753e+03 1.552891295025135041e+05 5.128441445522691356e+04 4.259088856254283455e+05 3.494493331248834693e+03 1.886832892549120970e+03 1.887322748438496319e+03 1.887249315174959975e+03 3.831313307122820697e+04 4.965625733906776877e+05 2.820532170530055300e+05 1.887441325839298315e+03 2.375769695284344925e+04 5.128441044789741136e+04
3.373855323441933724e+05 9.139730379921563452e-01 1.217454988020288953e+00 1.538478993763583712e+05 2.086581325310092361e+05 1.392351661256343132e+00 2.564249563441308055e+04 1.098917531595794571e+05 1.324615648415982561e+00 2.564243991986933906e+04 7.827430967463264824e+04 1.304853544970282497e+00 1.552885007821901236e+05 5.128370138156846951e+04 4.259087101340888767e+05 1.886832892549120970e+03 4.970795637632881570e-01 1.419377538804135419e+00 1.138118950283588449e+00 3.944925315095193218e+04 4.965623383202851983e+05 2.820528301306471694e+05 1.241248844349816416e+00 2.564248873569125863e+04 5.128357076244740892e+04
3.373858440517421695e+05 1.652052622064835274e+00 1.722954689407532047e+00 1.538483547531180084e+05 2.086585518200764200e+05 1.831311024698942802e+00 2.564305142731528031e+04 1.098924015509994060e+05 1.900141207267829868e+00 2.564306530282274252e+04 7.827497365470502700e+04 1.990609417952121651e+00 1.552891299233543104e+05 5.128428326171336812e+04 4.259088604594292119e+05 1.887322748438496319e+03 1.419377538804135419e+00 8.351369095590308600e-01 1.832513898249721773e+00 3.944989268981546775e+04 4.965625430955537013e+05 2.820532324311978300e+05 1.857323399132601915e+00 2.564311225034127347e+04 5.128419930661852413e+04
3.373855208516209386e+05 1.241146692319019973e+00 1.369213768914705698e+00 1.538480193510761892e+05 2.086581641880954849e+05 1.736514756247039992e+00 2.564285508554542321e+04 1.098920168140537862e+05 1.673608309662047544e+00 2.564286644309607073e+04 7.827465447591713746e+04 1.796859664537215240e+00 1.552885803156890615e+05 5.128410092648068530e+04 4.259087149642294389e+05 1.887249315174959975e+03 1.138118950283588449e+00 1.832513898249721551e+00 7.875950708430060621e-01 3.944959818344040104e+04 4.965624318298820872e+05 2.820528415418069344e+05 1.498091424763220658e+00 2.564290768453807323e+04 5.128406740429039928e+04
3.373860176085940911e+05 3.944950758280637092e+04 3.944970107861382712e+04 1.538485542925332848e+05 1.948519766456152138e+05 3.944981174621215905e+04 3.694892648855535663e+04 1.098924075158788764e+05 3.944972394253534003e+04 3.944972769454363879e+04 7.380536279144969012e+04 3.944983355317221867e+04 1.552891019611850206e+05 4.439655506961664651e+04 4.259091110016833409e+05 3.831313307122819970e+04 3.944925315095194674e+04 3.944989268981546775e+04 3.944959818344040104e+04 2.758468500774995846e+04 4.965626509397053160e+05 2.682466844005221501e+05 3.944970156954159029e+04 2.398950230812956579e+04 3.483779763086514140e+04
3.875890074722653371e+05 4.965623450617093476e+05 4.965624048538145144e+05 4.196396444783907500e+05 4.451224394370774389e+05 4.965624922552895732e+05 4.965626694651967264e+05 4.675405127724202466e+05 4.965625079717938206e+05 4.965626810739259236e+05 4.965626380675439723e+05 4.965624592354276101e+05 4.196398524283499573e+05 4.965626904119867831e+05 3.392619740477784653e+05 4.965625733906776877e+05 4.965623383202851401e+05 4.965625430955537013e+05 4.965624318298819708e+05 4.965626509397053160e+05 1.719701926429275190e+05 4.369154770068095531e+05 4.965624509252582793e+05 4.965626493110233569e+05 4.965626952777756960e+05
2.493021080136134988e+05 2.820528378356848843e+05 2.820529510420460720e+05 2.307713938554255292e+05 1.817999862964618078e+05 2.820532155315026175e+05 2.820533352267007576e+05 2.747273519898179802e+05 2.820530171409465838e+05 2.820533297260932741e+05 2.820535259290605318e+05 2.820531280480405549e+05 2.306742167383849446e+05 2.741637809207014507e+05 3.557848433443959220e+05 2.820532170530055300e+05 2.820528301306471694e+05 2.820532324311977718e+05 2.820528415418068762e+05 2.682466844005220337e+05 4.369154770068096113e+05 8.235046647894126363e+04 2.820530006580669433e+05 2.820533620521505363e+05 2.564122620296926470e+05
3.373855884919951786e+05 1.426588879106244656e+00 1.532189947050943912e+00 1.538482770994974126e+05 2.086584237554028514e+05 1.862688764010769216e+00 2.564300098034756957e+04 1.098922005447694391e+05 1.639442956953070629e+00 2.564300860990941874e+04 7.827476397053072287e+04 1.838264872641614422e+00 1.552887747494821961e+05 5.128413470143024460e+04 4.259088001612974331e+05 1.887441325839298315e+03 1.241248844349816416e+00 1.857323399132601915e+00 1.498091424763220658e+00 3.944970156954158301e+04 4.965624509252582793e+05 2.820530006580670015e+05 8.795654832271126988e-01 2.564294977732842381e+04 5.128407560796682810e+04
3.373858982564836042e+05 2.564275535919769027e+04 2.564291911620645988e+04 1.538486360007164767e+05 2.086587337070103094e+05 2.564313735721218472e+04 2.149510622724151472e+04 1.098925295699139824e+05 2.564304236094207954e+04 2.564303498466614474e+04 7.827496259008557536e+04 2.564308720289169287e+04 1.552891805729815387e+05 5.128447319854776288e+04 4.259090639143589651e+05 2.375769695284344925e+04 2.564248873569125863e+04 2.564311225034126983e+04 2.564290768453806959e+04 2.398950230812956579e+04 4.965626493110233569e+05 2.820533620521505945e+05 2.564294977732842381e+04 9.594501453347060727e-01 5.128423362455690949e+04
3.373860331964562647e+05 5.128388903935771668e+04 5.128409922760137852e+04 1.538485785153152538e+05 1.830177935474717815e+05 5.128425467853531154e+04 5.128431378713966114e+04 1.098923162382684532e+05 5.128413069358770736e+04 5.128425361100263399e+04 7.827475276905535429e+04 5.128411066249322175e+04 1.552892611938699556e+05 4.339449400816479465e+04 4.259091889617276029e+05 5.128441044789741136e+04 5.128357076244740892e+04 5.128419930661852413e+04 5.128406740429037745e+04 3.483779763086514140e+04 4.965626952777756960e+05 2.564122620296926470e+05 5.128407560796682810e+04 5.128423362455690949e+04 9.268076823636057782e-01
