4.897959183673477046e-01 1.774659863945580396e+00 1.205215419501133089e+00 1.191326530612246026e+00 2.469387755102041115e+00 1.999999999999999778e+00 2.168367346938776752e+00 1.676020408163266140e+00 1.839285714285713302e+00 3.500000000000000000e+00 2.191326530612246248e+00 2.214285714285715745e+00 5.000024005102040828e+05 1.107142857142858539e+00 1.663265306122449383e+00 5.000015408163255779e+05 1.861678004535145536e+00 2.214285714285715745e+00 3.173469387755102566e+00 2.875283446712018076e+00 1.964285714285715079e+00 2.571428571428568954e+00 1.861111111111111827e+00 1.448979591836736525e+00 3.888906507936515845e+05
1.774659863945580618e+00 7.980757117661860800e-01 1.720757747543460114e+00 1.879322562358276771e+00 2.866709183673469941e+00 2.799603174603175315e+00 2.869756235827664259e+00 2.317389455782312258e+00 2.678571428571430157e+00 4.299603174603175759e+00 2.879322562358276549e+00 2.737654320987654266e+00 5.000028571428571595e+05 1.669091710758379365e+00 2.980017006802720303e+00 5.000020586734684766e+05 2.418351599899220439e+00 2.564814814814814437e+00 3.360827664399091752e+00 3.799162257495592332e+00 2.620370370370370683e+00 3.410714285714286476e+00 2.366496598639457716e+00 2.539965986394558506e+00 3.888900764991189353e+05
1.205215419501132867e+00 1.720757747543460114e+00 6.090639959687599303e-01 1.000000000000000000e+00 1.451672335600909358e+00 1.999999999999999778e+00 2.000000000000000000e+00 1.500000000000000222e+00 1.515447845804989591e+00 2.821428571428574283e+00 2.000000000000000000e+00 1.848765432098765427e+00 5.000018405612244969e+05 7.240803728898967950e-01 1.825113378684808607e+00 5.000019311224480625e+05 1.881763353489545265e+00 1.675925925925926041e+00 3.025510204081631738e+00 2.757212144116908181e+00 1.706790123456789932e+00 2.611111111111111160e+00 1.709876543209877475e+00 2.113378684807253993e+00 3.888909007936515845e+05
1.191326530612246026e+00 1.879322562358276771e+00 1.000000000000000000e+00 9.566326530612237478e-02 1.452168367346938993e+00 1.446428571428571619e+00 1.137755102040816313e+00 1.123724489795919101e+00 1.475127551020408267e+00 2.500000000000000000e+00 1.095663265306122458e+00 1.053571428571428603e+00 5.000019942602040828e+05 7.634637188208619474e-01 1.213010204081631516e+00 5.000018507653052220e+05 2.398596938775510168e+00 1.053571428571428603e+00 2.500000000000000000e+00 2.437783446712018964e+00 1.053571428571428603e+00 2.446428571428571619e+00 1.446428571428571619e+00 2.063775510204082231e+00 3.888906111111118807e+05
2.469387755102041115e+00 2.866709183673469941e+00 1.451672335600909358e+00 1.452168367346938993e+00 2.869897959183670966e-01 2.500000000000000000e+00 2.373724489795918657e+00 2.455994897959183909e+00 2.260841836734692745e+00 2.160714285714285143e+00 2.452168367346938993e+00 2.057539682539682779e+00 5.000013042091836687e+05 1.404336734693876210e+00 2.306122448979592843e+00 5.000024885204072925e+05 2.790107709750567100e+00 2.446428571428571619e+00 3.181122448979592843e+00 2.993905895691609587e+00 2.446428571428571619e+00 3.500000000000000000e+00 2.500000000000000000e+00 3.454081632653061451e+00 3.888916686507944833e+05
2.000000000000000000e+00 2.799603174603175315e+00 2.000000000000000000e+00 1.446428571428571619e+00 2.500000000000000000e+00 4.081632653061239568e-01 2.331632653061224580e+00 2.283163265306120682e+00 2.267857142857144126e+00 2.500000000000000000e+00 2.415816326530612290e+00 2.500000000000000000e+00 5.000024464285714203e+05 1.412698412698414119e+00 2.500000000000000000e+00 5.000019999999990687e+05 3.000000000000000444e+00 2.500000000000000000e+00 2.500000000000000000e+00 2.539682539682540874e+00 2.500000000000000000e+00 3.000000000000000444e+00 1.585034013605440828e+00 3.000000000000000444e+00 3.888910000000008149e+05
2.168367346938776752e+00 2.869756235827664259e+00 2.000000000000000000e+00 1.137755102040816313e+00 2.373724489795918657e+00 2.331632653061224580e+00 5.051020408163261477e-01 2.158163265306122902e+00 1.950255102040816535e+00 3.500000000000000000e+00 2.114795918367347038e+00 1.718253968253968367e+00 5.000024885204081656e+05 1.721371882086168092e+00 2.247448979591835982e+00 5.000023086734684184e+05 3.350765306122449161e+00 2.107142857142857206e+00 3.500000000000000000e+00 3.208900226757370522e+00 2.107142857142857206e+00 2.892857142857143238e+00 2.137188208616780383e+00 3.056122448979591955e+00 3.888912222222230630e+05
1.676020408163265918e+00 2.317389455782312258e+00 1.500000000000000222e+00 1.123724489795919101e+00 2.455994897959183909e+00 2.283163265306120682e+00 2.158163265306122902e+00 6.339285714285721740e-01 2.458545918367346594e+00 3.500000000000000000e+00 2.123724489795919101e+00 2.089285714285714857e+00 5.000024904336734908e+05 1.429846938775509724e+00 2.235969387755101678e+00 5.000023227040807251e+05 2.866709183673468608e+00 1.943877551020409156e+00 3.500000000000000000e+00 3.414824263038549468e+00 1.954365079365081304e+00 3.410714285714284699e+00 2.132936507936508352e+00 2.558673469387755084e+00 3.888912222222230630e+05
1.839285714285713302e+00 2.678571428571430157e+00 1.515447845804989591e+00 1.475127551020408267e+00 2.260841836734692745e+00 2.267857142857144126e+00 1.950255102040816757e+00 2.458545918367347038e+00 2.487244897959182133e-01 3.232142857142856318e+00 2.475127551020408490e+00 2.305555555555555802e+00 5.000021288265305921e+05 1.260204081632653628e+00 2.047193877551023000e+00 5.000014821428562282e+05 1.830286281179138053e+00 2.500000000000000000e+00 3.538265306122449161e+00 2.195578231292518723e+00 2.500000000000000000e+00 1.267857142857143904e+00 1.878968253968255508e+00 3.125000000000000000e+00 3.888914900793659035e+05
3.500000000000000000e+00 4.299603174603175759e+00 2.821428571428574283e+00 2.500000000000000000e+00 2.160714285714285143e+00 2.500000000000000000e+00 3.500000000000000000e+00 3.500000000000000000e+00 3.232142857142856318e+00 1.913265306122447496e-01 3.500000000000000000e+00 3.500000000000000444e+00 5.000015650510204141e+05 2.698412698412697264e+00 3.321428571428572507e+00 5.000029999999991269e+05 4.053571428571428825e+00 3.500000000000000444e+00 3.096938775510205133e+00 3.120464852607707673e+00 3.500000000000000444e+00 4.500000000000000000e+00 3.166666666666665186e+00 4.500000000000000000e+00 3.888918888888897491e+05
2.191326530612245804e+00 2.879322562358276549e+00 2.000000000000000000e+00 1.095663265306122458e+00 2.452168367346938993e+00 2.415816326530612290e+00 2.114795918367347038e+00 2.123724489795919101e+00 2.475127551020408045e+00 3.500000000000000000e+00 2.869897959183670966e-01 1.831349206349206282e+00 5.000024942602040828e+05 1.763463718820861725e+00 2.213010204081631294e+00 5.000023507653052220e+05 3.398596938775510168e+00 1.886904761904762529e+00 3.500000000000000000e+00 3.437783446712018964e+00 2.053571428571428825e+00 3.446428571428571619e+00 2.415816326530612290e+00 3.063775510204081787e+00 3.888912222222230630e+05
2.214285714285715745e+00 2.737654320987654266e+00 1.848765432098765649e+00 1.053571428571428603e+00 2.057539682539682335e+00 2.500000000000000000e+00 1.718253968253968367e+00 2.089285714285715301e+00 2.305555555555555802e+00 3.500000000000000000e+00 1.831349206349206282e+00 8.394746787603930560e-01 5.000025000000000000e+05 1.686728395061728225e+00 2.178571428571427493e+00 5.000023928571419674e+05 3.327601410934744486e+00 1.878779289493575533e+00 3.500000000000000000e+00 3.396604938271605700e+00 2.000000000000000000e+00 3.305555555555556246e+00 2.424382716049382491e+00 3.071428571428571619e+00 3.888912222222230630e+05
5.000024005102040828e+05 5.000028571428571595e+05 5.000018405612244969e+05 5.000019942602040828e+05 5.000013042091836687e+05 5.000024464285714203e+05 5.000024885204081656e+05 5.000024904336734908e+05 5.000021288265305921e+05 5.000015650510204141e+05 5.000024942602040828e+05 5.000025000000000000e+05 9.072971781305113614e-01 5.000018622448979295e+05 5.000023022959183436e+05 3.499433106575962960e+00 5.000024043367346749e+05 5.000025000000000000e+05 5.000022984693877515e+05 5.000020306122449110e+05 5.000025000000000000e+05 5.000028278061224264e+05 5.000024464285714203e+05 5.000029158163265092e+05 1.111147087742496224e+05
1.107142857142858539e+00 1.669091710758379365e+00 7.240803728898967950e-01 7.634637188208619474e-01 1.404336734693876210e+00 1.412698412698414119e+00 1.721371882086168092e+00 1.429846938775509724e+00 1.260204081632653628e+00 2.698412698412697264e+00 1.763463718820861725e+00 1.686728395061728225e+00 5.000018622448979295e+05 4.060216679264313511e-01 1.767290249433106419e+00 5.000016071428562282e+05 1.824751196775006301e+00 1.550925925925925819e+00 2.820861678004535467e+00 2.368134290753339588e+00 1.618827160493827355e+00 2.107142857142858539e+00 1.208994708994710843e+00 2.107142857142858539e+00 3.888907861552035902e+05
1.663265306122449383e+00 2.980017006802720303e+00 1.825113378684808607e+00 1.213010204081631516e+00 2.306122448979592843e+00 2.500000000000000000e+00 2.247448979591835982e+00 2.235969387755101678e+00 2.047193877551023000e+00 3.321428571428572507e+00 2.213010204081632182e+00 2.178571428571427493e+00 5.000023022959183436e+05 1.767290249433106419e+00 6.887755102040796773e-01 5.000021505102031515e+05 2.792800453514742376e+00 2.178571428571427493e+00 3.525510204081632182e+00 3.178854875283449566e+00 1.601190476190475609e+00 3.142857142857145458e+00 2.500000000000000000e+00 2.673469387755101234e+00 3.888914007936516427e+05
5.000015408163255779e+05 5.000020586734684766e+05 5.000019311224480625e+05 5.000018507653052220e+05 5.000024885204072925e+05 5.000019999999990687e+05 5.000023086734684184e+05 5.000023227040807251e+05 5.000014821428562282e+05 5.000029999999991269e+05 5.000023507653052220e+05 5.000023928571419674e+05 3.499433106575962960e+00 5.000016071428562864e+05 5.000021505102031515e+05 1.010204081632652295e+00 5.000014094387746882e+05 5.000023928571419674e+05 5.000027551020398969e+05 5.000016683673460502e+05 5.000023928571420256e+05 5.000016301020398969e+05 5.000019999999990687e+05 5.000020918367337435e+05 1.111139260204071034e+05
1.861678004535145536e+00 2.418351599899220439e+00 1.881763353489544821e+00 2.398596938775510612e+00 2.790107709750567100e+00 3.000000000000000444e+00 3.350765306122449161e+00 2.866709183673468608e+00 1.830286281179138275e+00 4.053571428571428825e+00 3.398596938775509724e+00 3.327601410934744486e+00 5.000024043367346749e+05 1.824751196775006301e+00 2.792800453514742376e+00 5.000014094387746300e+05 1.100718065003778889e+00 3.191798941798941858e+00 4.206632653061224580e+00 3.011558327034518534e+00 3.162477954144621073e+00 2.753755668934240397e+00 2.742283950617284471e+00 2.602891156462583400e+00 3.888916547619055491e+05
2.214285714285715745e+00 2.564814814814814437e+00 1.675925925925926041e+00 1.053571428571428603e+00 2.446428571428571175e+00 2.500000000000000000e+00 2.107142857142857206e+00 1.943877551020409156e+00 2.500000000000000000e+00 3.500000000000000000e+00 1.886904761904762307e+00 1.878779289493575089e+00 5.000025000000001746e+05 1.550925925925925819e+00 2.178571428571427493e+00 5.000023928571420256e+05 3.191798941798941858e+00 6.145124716553280741e-01 3.500000000000000000e+00 3.472222222222222765e+00 1.537037037037037202e+00 3.500000000000000000e+00 2.500000000000000000e+00 3.071428571428571619e+00 3.888912222222231212e+05
3.173469387755103455e+00 3.360827664399091752e+00 3.025510204081632626e+00 2.500000000000000000e+00 3.181122448979592843e+00 2.500000000000000000e+00 3.500000000000000000e+00 3.500000000000000000e+00 3.538265306122449161e+00 3.096938775510205133e+00 3.500000000000000000e+00 3.500000000000000444e+00 5.000022984693877515e+05 2.820861678004535023e+00 3.525510204081632182e+00 5.000027551020398969e+05 4.206632653061224580e+00 3.500000000000000444e+00 1.469387755102040671e+00 3.191609977324263880e+00 3.500000000000000444e+00 4.500000000000000000e+00 3.166666666666665186e+00 4.010204081632653406e+00 3.888907845804996323e+05
2.875283446712018076e+00 3.799162257495592332e+00 2.757212144116908181e+00 2.437783446712018964e+00 2.993905895691610475e+00 2.539682539682540874e+00 3.208900226757370522e+00 3.414824263038549024e+00 2.195578231292518723e+00 3.120464852607707673e+00 3.437783446712019408e+00 3.396604938271605700e+00 5.000020306122449110e+05 2.368134290753339588e+00 3.178854875283449566e+00 5.000016683673459920e+05 3.011558327034519422e+00 3.472222222222222765e+00 3.191609977324263880e+00 2.237465356512977621e+00 3.472222222222222765e+00 2.661281179138324404e+00 2.795855379188712853e+00 3.967120181405896506e+00 3.888918328924170928e+05
1.964285714285715079e+00 2.620370370370370683e+00 1.706790123456790376e+00 1.053571428571428603e+00 2.446428571428571619e+00 2.500000000000000000e+00 2.107142857142857206e+00 1.954365079365081304e+00 2.500000000000000000e+00 3.500000000000000444e+00 2.053571428571428825e+00 1.999999999999999778e+00 5.000025000000000000e+05 1.618827160493827133e+00 1.601190476190475831e+00 5.000023928571419674e+05 3.162477954144620629e+00 1.537037037037037424e+00 3.500000000000000444e+00 3.472222222222222765e+00 8.904320987654302799e-01 3.500000000000000444e+00 2.492283950617284471e+00 2.821428571428572063e+00 3.888912222222230630e+05
2.571428571428568954e+00 3.410714285714286476e+00 2.611111111111111160e+00 2.446428571428571175e+00 3.500000000000000000e+00 3.000000000000000444e+00 2.892857142857143238e+00 3.410714285714284255e+00 1.267857142857143904e+00 4.500000000000000000e+00 3.446428571428571619e+00 3.305555555555556246e+00 5.000028278061224264e+05 2.107142857142858539e+00 3.142857142857145458e+00 5.000016301020398969e+05 2.753755668934240397e+00 3.500000000000000444e+00 4.500000000000000000e+00 2.661281179138323516e+00 3.500000000000000444e+00 1.913265306122447496e-01 2.611111111111111160e+00 3.841836734693876210e+00 3.888918333333341288e+05
1.861111111111111827e+00 2.366496598639457272e+00 1.709876543209877475e+00 1.446428571428571619e+00 2.500000000000000000e+00 1.585034013605440828e+00 2.137188208616780383e+00 2.132936507936508352e+00 1.878968253968255286e+00 3.166666666666666075e+00 2.415816326530612290e+00 2.424382716049382491e+00 5.000024464285714203e+05 1.208994708994710843e+00 2.500000000000000000e+00 5.000019999999990687e+05 2.742283950617284471e+00 2.500000000000000000e+00 3.166666666666666075e+00 2.795855379188712853e+00 2.492283950617284471e+00 2.611111111111111160e+00 1.068657092466615222e+00 2.861111111111111605e+00 3.888911481481489609e+05
1.448979591836736525e+00 2.539965986394558506e+00 2.113378684807253993e+00 2.063775510204082231e+00 3.454081632653061451e+00 3.000000000000000444e+00 3.056122448979591955e+00 2.558673469387755084e+00 3.125000000000000444e+00 4.500000000000000000e+00 3.063775510204081787e+00 3.071428571428571619e+00 5.000029158163265092e+05 2.107142857142858539e+00 2.673469387755101234e+00 5.000020918367337435e+05 2.602891156462583400e+00 3.071428571428571619e+00 4.010204081632653406e+00 3.967120181405895618e+00 2.821428571428571175e+00 3.841836734693876210e+00 2.861111111111111605e+00 4.897959183673493144e-01 3.888909761904769694e+05
3.888906507936517010e+05 3.888900764991190517e+05 3.888909007936517010e+05 3.888906111111119390e+05 3.888916686507945415e+05 3.888910000000008149e+05 3.888912222222231212e+05 3.888912222222231212e+05 3.888914900793659617e+05 3.888918888888897491e+05 3.888912222222231212e+05 3.888912222222231212e+05 1.111147087742495933e+05 3.888907861552037066e+05 3.888914007936517010e+05 1.111139260204071034e+05 3.888916547619056073e+05 3.888912222222231212e+05 3.888907845804997487e+05 3.888918328924171510e+05 3.888912222222230630e+05 3.888918333333341870e+05 3.888911481481490191e+05 3.888909761904770276e+05 1.728399423973283847e+05
