6.230998474240796895e+03 1.770764457216630981e+05 1.051681110299496795e+05 2.528598543816595702e+04 2.528606744980105213e+04 3.659757552622078802e+05 1.344666979369708133e+04 2.528603133533637083e+04 3.070348892888290575e+05 2.202006520803636522e+05 3.621146995874415006e+04 2.028437998445806443e+04 5.191763961011267384e+05 1.589627543291359325e+05 2.118105692574348723e+04 8.771933523831485218e+03 2.528620351006472265e+04 1.270632713691375830e+05 2.585665223122914031e+05 2.528599490337773386e+04 6.970409576563010341e+04 2.528610698339135706e+04 5.631231765468358935e+04 4.300436414048516308e+05 1.369598833522105633e+04
1.770764457216630981e+05 3.189835396402496190e+04 1.095129789316205133e+05 1.770760486108292826e+05 1.770762206539147592e+05 2.952447210838636383e+05 1.770764384199514752e+05 1.770761049626077292e+05 2.331713780679637857e+05 9.758502620577512425e+04 1.662264094953220047e+05 1.770764879616737308e+05 4.631468550972751691e+05 6.167416416255079821e+04 1.770763060823346896e+05 1.770765073791102332e+05 1.770763565249286185e+05 9.603898282520734938e+04 1.650901126076773216e+05 1.770760190777247481e+05 1.424736504645917739e+05 1.770763978356344451e+05 1.562626592580045981e+05 3.695844476628929260e+05 1.770764472301338683e+05
1.051681110299496795e+05 1.095129789316205133e+05 1.332321230992204255e+04 1.081046223758414126e+05 1.081048242518950719e+05 3.307336411855415208e+05 1.081049468665856984e+05 1.081046998487152305e+05 2.717927283852337277e+05 1.563812856532128644e+05 9.139198644905602850e+04 1.036996993033105391e+05 4.927448883431985159e+05 8.055521051157580223e+04 1.081048788703287428e+05 1.036998138520801585e+05 1.081048990087259590e+05 4.055301407626411674e+04 2.109510922143109201e+05 1.081044920151748956e+05 5.798007259219340631e+04 1.081050234997074149e+05 7.946499750541937829e+04 4.029594378881119192e+05 1.036997422677218128e+05
2.528598543816595702e+04 1.770760486108292826e+05 1.081046223758414126e+05 5.649121011180799901e-01 1.068797870208953560e+00 3.659755367939817952e+05 1.184061138374089387e+04 1.024647794685284774e+00 3.070346198443977628e+05 2.202002243385986076e+05 5.323588696743911714e+04 3.964917517412966845e+04 5.235815451240228722e+05 1.589623618476512202e+05 4.106189258560998496e+03 3.378117749611540785e+04 1.379221580656325052e+00 1.290207658820575161e+05 2.585661618331790669e+05 1.033001479776751719e+00 7.704592538532850449e+04 1.345057381748224978e+00 6.906809361393160361e+04 4.344487140514484490e+05 3.650247966200839437e+04
2.528606744980105941e+04 1.770762206539147592e+05 1.081048242518950719e+05 1.068797870208953560e+00 5.764611355615625321e-01 3.659754659442252596e+05 1.184071038280680477e+04 1.211973469618293109e+00 3.070345419145715423e+05 2.202003956799088046e+05 5.323593252595476224e+04 3.964925002201324241e+04 5.235815181547217071e+05 1.589625488664586446e+05 4.106198762464367974e+03 3.378115963653138897e+04 1.445116580532497919e+00 1.290208385189606051e+05 2.585661584280594834e+05 1.136584529798732257e+00 7.704612641169606650e+04 1.192327155149576878e+00 6.906816580470919143e+04 4.344487912818043260e+05 3.650260386444951291e+04
3.659757552622078802e+05 2.952447210838636965e+05 3.307336411855415208e+05 3.659755367939817952e+05 3.659754659442253178e+05 9.371851044079345593e+04 3.659757151438100846e+05 3.659755586816367577e+05 1.966520420709824248e+05 2.730353064120111521e+05 3.507205120829925872e+05 3.615705590968310134e+05 3.382796764559820876e+05 3.058753204533738899e+05 3.659756122456283774e+05 3.659757589491498074e+05 3.659756047850368195e+05 3.232079063910128898e+05 2.323480729277044302e+05 3.659754587649895693e+05 3.483547871679786476e+05 3.659755358134742710e+05 3.450507924574718927e+05 2.390598553537341650e+05 3.637731966423421982e+05
1.344666979369708133e+04 1.770764384199514752e+05 1.081049468665856984e+05 1.184061138374089387e+04 1.184071038280680295e+04 3.659757151438100846e+05 3.545488273051924807e+03 1.184067347154498020e+04 3.070348349927286617e+05 2.202006163533557265e+05 4.621513009160557704e+04 3.221542575226589543e+04 5.191763915191285196e+05 1.589627590052193846e+05 7.735531950868583408e+03 2.194205473812445052e+04 1.184079092316177230e+04 1.290211687745884847e+05 2.585664274187339761e+05 1.184065786158992887e+04 7.484360393336867855e+04 1.184069110643459317e+04 6.406231221583914885e+04 4.300435860964842723e+05 2.686604436743177939e+04
2.528603133533637083e+04 1.770761049626077584e+05 1.081046998487152305e+05 1.024647794685284774e+00 1.211973469618293109e+00 3.659755586816367577e+05 1.184067347154498020e+04 5.551806796257852117e-01 3.070346796733235242e+05 2.202003119999885675e+05 5.323592940518799151e+04 3.964924104162110598e+04 5.235815610649001319e+05 1.589624004855893145e+05 4.106172592276447176e+03 3.378124074875781662e+04 1.313649772323846054e+00 1.290208357638383459e+05 2.585662545658497256e+05 1.065446769898296120e+00 7.704597336930678284e+04 1.367287447986605065e+00 6.906812535527988803e+04 4.344487451130207046e+05 3.650253063159329758e+04
3.070348892888290575e+05 2.331713780679638148e+05 2.717927283852337277e+05 3.070346198443977628e+05 3.070345419145715423e+05 1.966520420709824248e+05 3.070348349927286617e+05 3.070346796733235242e+05 5.580460907293725177e+04 2.011093016644226736e+05 2.917796412149325479e+05 3.026297077615724411e+05 3.897392508498352254e+05 2.443316985286170384e+05 3.070347569775826996e+05 3.070348731663104845e+05 3.070347301977589377e+05 2.627584516484368942e+05 1.390054215469529736e+05 3.070345334123827051e+05 2.894139057334155659e+05 3.070346925632050843e+05 2.861098822513324558e+05 2.862893775629959418e+05 3.048323709705303772e+05
2.202006520803636522e+05 9.758502620577512425e+04 1.563812856532128644e+05 2.202002243385986076e+05 2.202003956799088046e+05 2.730353064120111521e+05 2.202006163533557265e+05 2.202003119999885675e+05 2.011093016644227027e+05 3.703048001242403552e+04 2.093507213217116077e+05 2.202007248663014616e+05 4.351231890225369134e+05 1.232225162356905348e+05 2.202004674622331804e+05 2.202006772401366325e+05 2.202005409699890879e+05 1.445279632238405175e+05 1.214978293706467812e+05 2.202002502491254418e+05 1.881399441082253761e+05 2.202005675849679683e+05 1.996588019267086056e+05 3.524236638898846577e+05 2.202006413348611677e+05
3.621146995874415006e+04 1.662264094953220047e+05 9.139198644905602850e+04 5.323588696743911714e+04 5.323593252595474769e+04 3.507205120829925872e+05 4.621513009160557704e+04 5.323592940518799151e+04 2.917796412149325479e+05 2.093507213217116077e+05 1.572211317125184723e+04 2.181900959631852675e+04 5.169738304211793002e+05 1.481127577981338545e+05 5.243503306783824519e+04 3.341226013380525546e+04 5.323596964866038616e+04 1.152341416439236782e+05 2.433111839403264748e+05 5.323559864996972465e+04 5.190298281214710732e+04 5.323604882972980704e+04 2.781268711675150189e+04 4.272127208443259005e+05 2.989508641558073941e+04
2.028437998445806443e+04 1.770764879616737308e+05 1.036996993033105391e+05 3.964917517412966845e+04 3.964925002201324241e+04 3.615705590968310134e+05 3.221542575226589543e+04 3.964924104162110598e+04 3.026297077615724411e+05 2.202007248663014616e+05 2.181900959631852675e+04 6.945884338829468874e-01 5.235817434164796723e+05 1.589627966777113324e+05 3.884831435352675180e+04 1.762285812410549988e+04 3.964940206722135918e+04 1.260842354077366035e+05 2.541612661499191308e+05 3.964903449675546290e+04 6.697702409309431096e+04 3.964937264108893578e+04 4.582926009288375644e+04 4.344490336998074781e+05 1.373733038403870887e+04
5.191763961011267384e+05 4.631468550972751691e+05 4.927448883431985159e+05 5.235815451240228722e+05 5.235815181547217071e+05 3.382796764559820876e+05 5.191763915191285196e+05 5.235815610649001319e+05 3.897392508498352254e+05 4.351231890225369716e+05 5.169738304211793002e+05 5.235817434164796723e+05 1.265699226370271354e+05 4.685158409357088385e+05 5.202776402150483918e+05 5.191763758848386351e+05 5.235815857772566960e+05 4.852190945901304367e+05 4.109077321671130485e+05 5.235814436961419997e+05 5.103659780038733152e+05 5.235815310026999214e+05 5.103659405746530974e+05 2.950965791767995688e+05 5.213791189714779612e+05
1.589627543291359325e+05 6.167416416255079821e+04 8.055521051157581678e+04 1.589623618476512202e+05 1.589625488664586446e+05 3.058753204533739481e+05 1.589627590052193846e+05 1.589624004855893145e+05 2.443316985286170384e+05 1.232225162356905348e+05 1.481127577981338545e+05 1.589627966777113324e+05 4.685158409357088385e+05 2.278490121361740603e+04 1.589626455865750031e+05 1.589628834492421011e+05 1.589626815803085337e+05 5.571537120723765111e+04 1.821755838290941610e+05 1.589623113229503506e+05 1.180944511727647914e+05 1.589627643918244576e+05 1.381489334132474905e+05 3.781010719576377887e+05 1.589628225003046391e+05
2.118105692574348723e+04 1.770763060823346896e+05 1.081048788703287428e+05 4.106189258560998496e+03 4.106198762464367974e+03 3.659756122456283774e+05 7.735531950868585227e+03 4.106172592276447176e+03 3.070347569775826996e+05 2.202004674622331804e+05 5.243503306783824519e+04 3.884831435352674453e+04 5.202776402150483918e+05 1.589626455865750031e+05 2.963258164173139903e+03 2.967632854881643652e+04 4.106476813805961683e+03 1.290210294206840190e+05 2.585663494212895457e+05 4.106252851643866961e+03 7.704615267929763650e+04 4.106205575742183100e+03 6.855853034194052452e+04 4.311448309860866866e+05 3.404958525048590673e+04
8.771933523831485218e+03 1.770765073791102332e+05 1.036998138520801585e+05 3.378117749611540785e+04 3.378115963653138169e+04 3.659757589491498074e+05 2.194205473812445052e+04 3.378124074875781662e+04 3.070348731663104845e+05 2.202006772401366325e+05 3.341226013380525546e+04 1.762285812410549988e+04 5.191763758848386351e+05 1.589628834492421011e+05 2.967632854881643652e+04 1.954742553386939790e+03 3.378131028914801573e+04 1.260842647479796287e+05 2.585664108970864909e+05 3.378106918702078110e+04 6.823575905231104116e+04 3.378126049027706904e+04 5.353854612837055902e+04 4.300437383552563842e+05 5.208797683601202152e+03
2.528620351006472265e+04 1.770763565249286185e+05 1.081048990087259590e+05 1.379221580656325052e+00 1.445116580532497919e+00 3.659756047850368195e+05 1.184079092316177230e+04 1.313649772323846054e+00 3.070347301977589377e+05 2.202005409699890588e+05 5.323596964866038616e+04 3.964940206722135918e+04 5.235815857772566960e+05 1.589626815803085337e+05 4.106476813805961683e+03 3.378131028914801573e+04 6.613945033814888630e-01 1.290209149355905829e+05 2.585663292981482809e+05 1.071918356680937379e+00 7.704610547419350769e+04 1.424585005136709492e+00 6.906814061563735595e+04 4.344488859591967775e+05 3.650275655718503549e+04
1.270632713691375830e+05 9.603898282520734938e+04 4.055301407626411674e+04 1.290207658820575161e+05 1.290208385189606051e+05 3.232079063910128316e+05 1.290211687745884992e+05 1.290208357638383459e+05 2.627584516484368942e+05 1.445279632238405175e+05 1.152341416439236491e+05 1.260842354077366035e+05 4.852190945901304367e+05 5.571537120723765111e+04 1.290210294206840190e+05 1.260842647479795996e+05 1.290209149355905829e+05 2.542948092847653970e+04 2.037196804875841481e+05 1.290205060998539993e+05 8.373384914216806646e+04 1.290210310371404048e+05 1.052702725585258595e+05 3.954337997002442717e+05 1.260843508244664263e+05
2.585665223122914031e+05 1.650901126076773216e+05 2.109510922143109201e+05 2.585661618331790960e+05 2.585661584280594834e+05 2.323480729277044302e+05 2.585664274187339761e+05 2.585662545658497256e+05 1.390054215469529736e+05 1.214978293706467812e+05 2.433111839403264166e+05 2.541612661499191308e+05 4.109077321671130485e+05 1.821755838290941610e+05 2.585663494212896039e+05 2.585664108970864909e+05 2.585663292981482809e+05 2.037196804875841481e+05 5.425252462942895363e+04 2.585660589679135883e+05 2.345071369788699667e+05 2.585663037016876624e+05 2.369132617031411792e+05 3.278800496377178351e+05 2.563639131517180067e+05
2.528599490337773386e+04 1.770760190777247481e+05 1.081044920151749102e+05 1.033001479776751719e+00 1.136584529798732257e+00 3.659754587649895693e+05 1.184065786158992887e+04 1.065446769898295898e+00 3.070345334123827051e+05 2.202002502491254418e+05 5.323559864996971010e+04 3.964903449675546290e+04 5.235814436961419997e+05 1.589623113229503506e+05 4.106252851643866961e+03 3.378106918702078110e+04 1.071918356680937157e+00 1.290205060998539993e+05 2.585660589679135883e+05 4.527337823596545019e-01 7.704573237885735580e+04 1.306264057438097925e+00 6.906776308108949161e+04 4.344487782666027197e+05 3.650246287819351710e+04
6.970409576563010341e+04 1.424736504645917739e+05 5.798007259219340631e+04 7.704592538532850449e+04 7.704612641169605195e+04 3.483547871679786476e+05 7.484360393336867855e+04 7.704597336930678284e+04 2.894139057334155659e+05 1.881399441082253470e+05 5.190298281214710732e+04 6.697702409309431096e+04 5.103659780038733152e+05 1.180944511727647914e+05 7.704615267929763650e+04 6.823575905231104116e+04 7.704610547419350769e+04 8.373384914216806646e+04 2.345071369788699667e+05 7.704573237885735580e+04 1.628454485195091547e+04 7.704624230831854220e+04 3.414525132457588916e+04 4.205805869229351520e+05 6.787603873336239485e+04
2.528610698339135706e+04 1.770763978356344451e+05 1.081050234997074294e+05 1.345057381748224978e+00 1.192327155149576878e+00 3.659755358134742710e+05 1.184069110643459317e+04 1.367287447986605065e+00 3.070346925632050843e+05 2.202005675849679683e+05 5.323604882972980704e+04 3.964937264108893578e+04 5.235815310026999214e+05 1.589627643918244576e+05 4.106205575742183100e+03 3.378126049027706904e+04 1.424585005136709492e+00 1.290210310371404048e+05 2.585663037016876333e+05 1.306264057438098147e+00 7.704624230831855675e+04 6.056029521302753738e-01 6.906829366238828516e+04 4.344488355441311141e+05 3.650272917646662972e+04
5.631231765468359663e+04 1.562626592580045981e+05 7.946499750541939284e+04 6.906809361393160361e+04 6.906816580470919143e+04 3.450507924574718927e+05 6.406231221583914885e+04 6.906812535527988803e+04 2.861098822513324558e+05 1.996588019267086056e+05 2.781268711675150189e+04 4.582926009288375644e+04 5.103659405746530974e+05 1.381489334132474905e+05 6.855853034194052452e+04 5.353854612837055902e+04 6.906814061563735595e+04 1.052702725585258740e+05 2.369132617031411792e+05 6.906776308108949161e+04 3.414525132457589643e+04 6.906829366238828516e+04 8.612398799898161087e+03 4.205806158929759986e+05 5.062798987506220146e+04
4.300436414048516308e+05 3.695844476628928096e+05 4.029594378881120356e+05 4.344487140514484490e+05 4.344487912818043260e+05 2.390598553537341650e+05 4.300435860964842723e+05 4.344487451130207046e+05 2.862893775629959418e+05 3.524236638898846577e+05 4.272127208443259005e+05 4.344490336998074781e+05 2.950965791767995688e+05 3.781010719576377887e+05 4.311448309860867448e+05 4.300437383552563842e+05 4.344488859591967775e+05 3.954337997002443299e+05 3.278800496377178351e+05 4.344487782666027197e+05 4.205805869229351520e+05 4.344488355441311141e+05 4.205806158929759986e+05 9.911779249082767637e+04 4.322463933274720912e+05
1.369598833522105633e+04 1.770764472301338683e+05 1.036997422677218128e+05 3.650247966200839437e+04 3.650260386444951291e+04 3.637731966423421982e+05 2.686604436743177939e+04 3.650253063159329758e+04 3.048323709705303772e+05 2.202006413348611677e+05 2.989508641558073941e+04 1.373733038403870887e+04 5.213791189714779612e+05 1.589628225003046391e+05 3.404958525048591400e+04 5.208797683601200333e+03 3.650275655718504277e+04 1.260843508244664263e+05 2.563639131517180067e+05 3.650246287819351710e+04 6.787603873336239485e+04 3.650272917646662972e+04 5.062798987506220146e+04 4.322463933274720912e+05 4.767968891278324008e+03
