4.890670662479239400e+04 4.428699695555630024e+05 5.428696831601132872e+05 4.928698248546326067e+05 4.928698857342278352e+05 5.428696810521775624e+05 2.703492499981335714e+05 3.449669075773421209e+05 5.428697709480283083e+05 5.428696173460636055e+05 5.428695406400781358e+05 5.428697245579196606e+05 5.428695352581755724e+05 5.428695390224774601e+05 6.264545102070563007e+05 5.088153488012211747e+05 4.811887636019313941e+05 5.428695270503852516e+05 5.428697150664611254e+05 4.428697851989440387e+05 5.428693840000489727e+05 5.428695517437019153e+05 5.178698760898313485e+05 4.303700822675285162e+05 4.407865957423098153e+05
4.428699695555630024e+05 3.931842465956982778e+04 3.500013973791538738e+05 2.464862936786804639e+05 2.500018947529699944e+05 3.500016498694509501e+05 3.464806425441587926e+05 2.854529937753042323e+05 3.500016755536563578e+05 3.500015907404612517e+05 3.500015500053963624e+05 3.500017271879960317e+05 3.500013981991618057e+05 3.500012669549498241e+05 7.500004999999998836e+05 7.323613707554260036e+05 6.138898932333124103e+05 3.500016392377464799e+05 3.500016870013912558e+05 1.491417087451913103e+05 3.500012168279590551e+05 3.500013618264359538e+05 3.000016529060240719e+05 9.807902006286203687e+04 1.662474351803080062e+05
5.428696831601132872e+05 3.500013973791538738e+05 5.810945730553421784e-01 2.000018087875484198e+05 2.000017292160639481e+05 1.000017812795733334e+05 4.464803606559555628e+05 3.884630874114998733e+05 1.000018528414914035e+05 1.441449646408067720e+00 1.457585100216574281e+00 7.031426146062399494e+04 1.453697973201470983e+00 5.000151681504566659e+04 8.500003499999996275e+05 8.323611457712714327e+05 7.138896538268665317e+05 1.639691980592512088e+00 1.000017601776357187e+05 2.521294782676547766e+05 1.170642125417855839e+00 3.750140225932973408e+04 1.500017088004576217e+05 3.500014678913250100e+05 3.166682836475496297e+05
4.928698248546326067e+05 2.464862936786804639e+05 2.000018087875484198e+05 4.084270395565385115e+04 6.354323294814425026e+04 2.000019150327941752e+05 3.652306264946534648e+05 3.384633171179253259e+05 2.000020031847294595e+05 2.000018314308362897e+05 2.000017483428634005e+05 2.000017896071262076e+05 2.000017020864342048e+05 2.000015946117002168e+05 8.000003999999997905e+05 7.823611615409388905e+05 6.638898359730297234e+05 2.000018267894743185e+05 2.000019702381976531e+05 1.490043779078891384e+05 2.000012912636451656e+05 2.000016901364514488e+05 1.276057259999490489e+05 2.548630124017395137e+05 1.979184233774187742e+05
4.928698857342278352e+05 2.500018947529699944e+05 2.000017292160639481e+05 6.354323294814425026e+04 5.804862366463525714e-01 2.000019134614770592e+05 3.964807102359546116e+05 3.384633315933872946e+05 2.000019919114488002e+05 2.000018139969968761e+05 2.000017147377947113e+05 2.000018552397795429e+05 2.000016967463323672e+05 2.000015244748883997e+05 8.000004499999998370e+05 7.823612153459329857e+05 6.638898576388888760e+05 2.000018158598585287e+05 2.000020313329575583e+05 1.521295336694832367e+05 2.000013360123628518e+05 2.000016369989876112e+05 1.500016435874355084e+05 2.166686845165443374e+05 2.166682113600990851e+05
5.428696810521775624e+05 3.500016498694509501e+05 1.000017812795733334e+05 2.000019150327941752e+05 2.000019134614770592e+05 5.319304498726460384e-01 4.464806489373641671e+05 3.884632615872068563e+05 5.000168124120717403e+04 1.000018133051989134e+05 1.000017632688542799e+05 3.281409101708278467e+04 1.000017270179494808e+05 5.000151821363931231e+04 8.500003999999997905e+05 8.323611653459329391e+05 7.138896687234054552e+05 1.000018576706768072e+05 1.437610555278424407e+00 2.521295291530278919e+05 1.000012604886568879e+05 6.250164418065080827e+04 1.250017564870810456e+05 3.500017574733127840e+05 3.166684110982232960e+05
2.703492499981335714e+05 3.464806425441587926e+05 4.464803606559555628e+05 3.652306264946534648e+05 3.964807102359546116e+05 4.464806489373641671e+05 5.129542958922105754e+04 2.178585158494471107e+05 4.464804828561685863e+05 4.464804442935486441e+05 4.464803205747347092e+05 4.464805796453954536e+05 4.464802245960083092e+05 4.464803229176080786e+05 6.500005189393936889e+05 6.281947119777632179e+05 4.689214289936482674e+05 4.464804948614670429e+05 4.464804796442186343e+05 3.464805841665085754e+05 4.464801819701245404e+05 4.464802978100793553e+05 4.027304926875290112e+05 3.339807155905529507e+05 3.443973305072734947e+05
3.449669075773421209e+05 2.854529937753042323e+05 3.884630874114998733e+05 3.384633171179253259e+05 3.384633315933871781e+05 3.884632615872068563e+05 2.178585158494471107e+05 8.423723039536616125e+04 3.884633841579342843e+05 3.884632123962467303e+05 3.884630929727084003e+05 3.884633162086165976e+05 3.884628857770886971e+05 3.884629645704871509e+05 6.385559099595965818e+05 6.125834567548746709e+05 4.764037160558314063e+05 3.884632454563865322e+05 3.884632537361494033e+05 2.881465495053415070e+05 3.884628468303584959e+05 3.884630380054601701e+05 3.634632815279827919e+05 2.720570597164534847e+05 2.747665927260328317e+05
5.428697709480283083e+05 3.500016755536563578e+05 1.000018528414914035e+05 2.000020031847294595e+05 2.000019919114488002e+05 5.000168124120717403e+04 4.464804828561685863e+05 3.884633841579342843e+05 6.129061289155759429e-01 1.000019339196991059e+05 1.000018780154701817e+05 4.687662817356187588e+04 1.000018518921307696e+05 5.000141911238877219e+04 8.500002499999997672e+05 8.323612070125997998e+05 7.138897366719180718e+05 1.000020203395990538e+05 5.000158851977527229e+04 2.521295416530279035e+05 1.000014564750170248e+05 6.250166950719695160e+04 1.000017819286159938e+05 3.500017650096904836e+05 3.166684474318000139e+05
5.428696173460636055e+05 3.500015907404612517e+05 1.441449646408067720e+00 2.000018314308362897e+05 2.000018139969968761e+05 1.000018133051989134e+05 4.464804442935486441e+05 3.884632123962467303e+05 1.000019339196991059e+05 5.766954708108146255e-01 1.670694218341032933e+00 7.031432465808621782e+04 1.653396574548491316e+00 5.000177841572144098e+04 8.500003708333332324e+05 8.323610744694962632e+05 7.138896333754536463e+05 1.618660027085136788e+00 1.000018120488089771e+05 2.521295094012347690e+05 1.244855392264626825e+00 3.750148949729112064e+04 1.500018196933995932e+05 3.500016036823214381e+05 3.166683443561434979e+05
5.428695406400781358e+05 3.500015500053963624e+05 1.457585100216574281e+00 2.000017483428634005e+05 2.000017147377947113e+05 1.000017632688542799e+05 4.464803205747347092e+05 3.884630929727084003e+05 1.000018780154701817e+05 1.670694218341032933e+00 5.889171751998998339e-01 7.031425455039764347e+04 1.364858506456574583e+00 5.000150559545218130e+04 8.500003227272725198e+05 8.323611240992659004e+05 7.138896157980139833e+05 1.523188119455964218e+00 1.000018184374047269e+05 2.521294546971118252e+05 1.033813739018244249e+00 3.750130206939731579e+04 1.500017927738525614e+05 3.500015624316671165e+05 3.166682567024519667e+05
5.428697245579196606e+05 3.500017271879960317e+05 7.031426146062399494e+04 2.000017896071262076e+05 2.000018552397795429e+05 3.281409101708278467e+04 4.464805796453954536e+05 3.884633162086165976e+05 4.687662817356188316e+04 7.031432465808621782e+04 7.031425455039765802e+04 2.627028705889969569e+04 7.031416272745012247e+04 2.031379094853229617e+04 8.500002499999997672e+05 8.323609754153776448e+05 7.138897048359410837e+05 7.031441640175558859e+04 3.281412907824169815e+04 2.521294905824017478e+05 7.031380005404887197e+04 3.281402883312514314e+04 1.234391915086700901e+05 3.500017038074710872e+05 3.166683940319464891e+05
5.428695352581755724e+05 3.500013981991618639e+05 1.453697973201470539e+00 2.000017020864342048e+05 2.000016967463323672e+05 1.000017270179494808e+05 4.464802245960083092e+05 3.884628857770886971e+05 1.000018518921307696e+05 1.653396574548491538e+00 1.364858506456574139e+00 7.031416272745012247e+04 5.491527447685840002e-01 5.000152131953514618e+04 8.500002499999997672e+05 8.323610337861205917e+05 7.138895229758719215e+05 1.629611264777929280e+00 1.000017383054240490e+05 2.521293767729815736e+05 1.061769582395465816e+00 3.750136098032952577e+04 1.500016483939423342e+05 3.500014653215624858e+05 3.166681636620403733e+05
5.428695390224775765e+05 3.500012669549498241e+05 5.000151681504567387e+04 2.000015946117002168e+05 2.000015244748883997e+05 5.000151821363931231e+04 4.464803229176081368e+05 3.884629645704871509e+05 5.000141911238877219e+04 5.000177841572144825e+04 5.000150559545218857e+04 2.031379094853229617e+04 5.000152131953515345e+04 3.774711916437686332e-01 8.500002520833330927e+05 8.323610953818962444e+05 7.138895814002316911e+05 5.000161635939036933e+04 5.000147069991446187e+04 2.521291355446401576e+05 5.000115824522478943e+04 1.250105277464049686e+04 1.250013793692169274e+05 3.500013976346471463e+05 3.166679635106016649e+05
6.264545102070563007e+05 7.500004999999997672e+05 8.500003499999996275e+05 8.000003999999997905e+05 8.000004499999998370e+05 8.500003999999997905e+05 6.500005189393936889e+05 6.385559099595964653e+05 8.500002499999997672e+05 8.500003708333332324e+05 8.500003227272725198e+05 8.500002499999997672e+05 8.500002499999997672e+05 8.500002520833330927e+05 9.266819720093396609e+04 5.050267463281156961e+05 4.830770745910371770e+05 8.500003999999997905e+05 8.500003312499995809e+05 7.500004937499997905e+05 8.500002999999998137e+05 8.500003321969694225e+05 8.250003249999998370e+05 7.250004722656246740e+05 6.979172344184026588e+05
5.088153488012211747e+05 7.323613707554260036e+05 8.323611457712711999e+05 7.823611615409388905e+05 7.823612153459329857e+05 8.323611653459329391e+05 6.281947119777632179e+05 6.125834567548746709e+05 8.323612070125997998e+05 8.323610744694962632e+05 8.323611240992659004e+05 8.323609754153776448e+05 8.323610337861205917e+05 8.323610953818962444e+05 5.050267463281156961e+05 9.437947727899590973e+04 5.162760429570912383e+05 8.323611598397553898e+05 8.323611325334329158e+05 7.323612333127218299e+05 8.323610459521077573e+05 8.323611448976958636e+05 8.073611723861630308e+05 7.198613379161567427e+05 7.302779301691966830e+05
4.811887636019313941e+05 6.138898932333124103e+05 7.138896538268665317e+05 6.638898359730297234e+05 6.638898576388888760e+05 7.138896687234054552e+05 4.689214289936482674e+05 4.764037160558314063e+05 7.138897366719180718e+05 7.138896333754536463e+05 7.138896157980139833e+05 7.138897048359410837e+05 7.138895229758719215e+05 7.138895814002316911e+05 4.830770745910371770e+05 5.162760429570912383e+05 1.003824486558206117e+05 7.138896585687720217e+05 7.138897113498807885e+05 6.138897798798508011e+05 7.138895133316597203e+05 7.138896125418802258e+05 6.888897594917386305e+05 6.013900225693025859e+05 6.118065283484647516e+05
5.428695270503852516e+05 3.500016392377464799e+05 1.639691980592512088e+00 2.000018267894743185e+05 2.000018158598585287e+05 1.000018576706768072e+05 4.464804948614670429e+05 3.884632454563865904e+05 1.000020203395990538e+05 1.618660027085136788e+00 1.523188119455964218e+00 7.031441640175557404e+04 1.629611264777929280e+00 5.000161635939036205e+04 8.500003999999997905e+05 8.323611598397555063e+05 7.138896585687720217e+05 5.813901393555319652e-01 1.000019439827955212e+05 2.521295095851676015e+05 1.070950421087474069e+00 3.750144184354058234e+04 1.500019103049814003e+05 3.500016329636024311e+05 3.166684032038968289e+05
5.428697150664611254e+05 3.500016870013912558e+05 1.000017601776357187e+05 2.000019702381976531e+05 2.000020313329575583e+05 1.437610555278424407e+00 4.464804796442186343e+05 3.884632537361494033e+05 5.000158851977527229e+04 1.000018120488089771e+05 1.000018184374047269e+05 3.281412907824169815e+04 1.000017383054240490e+05 5.000147069991446187e+04 8.500003312499995809e+05 8.323611325334329158e+05 7.138897113498807885e+05 1.000019439827955212e+05 7.520892102963877557e-01 2.521295730491771537e+05 1.000014448774497869e+05 6.250155279801729921e+04 1.250017819393650425e+05 3.500016955114425509e+05 3.166683902517865645e+05
4.428697851989440387e+05 1.491417087451913103e+05 2.521294782676547766e+05 1.490043779078891384e+05 1.521295336694832367e+05 2.521295291530278919e+05 3.464805841665086336e+05 2.881465495053415070e+05 2.521295416530279035e+05 2.521295094012347690e+05 2.521294546971118252e+05 2.521294905824017478e+05 2.521293767729815736e+05 2.521291355446401576e+05 7.500004937499997905e+05 7.323612333127218299e+05 6.138897798798508011e+05 2.521295095851676015e+05 2.521295730491771537e+05 4.074959473185288516e+03 2.521290197722515732e+05 2.521292910275790491e+05 1.771293568269449752e+05 2.083354114028973563e+05 1.645404799131463515e+05
5.428693840000489727e+05 3.500012168279590551e+05 1.170642125417855839e+00 2.000012912636451656e+05 2.000013360123628518e+05 1.000012604886568879e+05 4.464801819701244822e+05 3.884628468303584959e+05 1.000014564750170248e+05 1.244855392264626825e+00 1.033813739018244249e+00 7.031380005404887197e+04 1.061769582395465816e+00 5.000115824522478215e+04 8.500002999999998137e+05 8.323610459521077573e+05 7.138895133316597203e+05 1.070950421087474069e+00 1.000014448774497869e+05 2.521290197722515732e+05 3.187620411942216347e-01 3.750108454082877870e+04 1.500014398920716485e+05 3.500013252919370425e+05 3.166679816454247921e+05
5.428695517437019153e+05 3.500013618264360121e+05 3.750140225932973408e+04 2.000016901364514488e+05 2.000016369989876112e+05 6.250164418065080827e+04 4.464802978100793553e+05 3.884630380054601701e+05 6.250166950719695160e+04 3.750148949729112064e+04 3.750130206939731579e+04 3.281402883312514314e+04 3.750136098032952577e+04 1.250105277464049686e+04 8.500003321969695389e+05 8.323611448976958636e+05 7.138896125418802258e+05 3.750144184354058234e+04 6.250155279801729921e+04 2.521292910275790782e+05 3.750108454082877870e+04 1.875055016485727538e+04 1.312516257010183472e+05 3.500013837934276671e+05 3.166681189614417963e+05
5.178698760898313485e+05 3.000016529060240719e+05 1.500017088004576508e+05 1.276057259999490489e+05 1.500016435874355375e+05 1.250017564870810456e+05 4.027304926875290112e+05 3.634632815279827919e+05 1.000017819286159938e+05 1.500018196933995932e+05 1.500017927738525614e+05 1.234391915086701047e+05 1.500016483939423342e+05 1.250013793692169274e+05 8.250003249999998370e+05 8.073611723861630308e+05 6.888897594917386305e+05 1.500019103049814003e+05 1.250017819393650570e+05 1.771293568269449752e+05 1.500014398920716776e+05 1.312516257010183472e+05 1.000005797722462157e+05 3.062517521330787567e+05 2.666682984839395504e+05
4.303700822675285162e+05 9.807902006286203687e+04 3.500014678913250100e+05 2.548630124017395137e+05 2.166686845165443374e+05 3.500017574733127840e+05 3.339807155905529507e+05 2.720570597164534847e+05 3.500017650096904836e+05 3.500016036823214381e+05 3.500015624316671165e+05 3.500017038074710872e+05 3.500014653215624858e+05 3.500013976346471463e+05 7.250004722656246740e+05 7.198613379161567427e+05 6.013900225693025859e+05 3.500016329636024311e+05 3.500016955114425509e+05 2.083354114028973563e+05 3.500013252919370425e+05 3.500013837934276671e+05 3.062517521330787567e+05 4.513964918128566933e+04 2.083354179597044422e+05
4.407865957423098153e+05 1.662474351803080935e+05 3.166682836475496297e+05 1.979184233774187742e+05 2.166682113600990851e+05 3.166684110982232960e+05 3.443973305072734947e+05 2.747665927260328317e+05 3.166684474318000139e+05 3.166683443561434979e+05 3.166682567024519667e+05 3.166683940319464891e+05 3.166681636620403733e+05 3.166679635106016649e+05 6.979172344184026588e+05 7.302779301691966830e+05 6.118065283484646352e+05 3.166684032038968289e+05 3.166683902517865645e+05 1.645404799131463515e+05 3.166679816454247921e+05 3.166681189614417963e+05 2.666682984839395504e+05 2.083354179597044422e+05 2.691041051839576903e+04
