8.265329763458150410e+03 1.782683335085138679e+05 2.272928654749879206e+04 8.279168217293388443e+04 5.052054008310827157e+03 2.272876799981165095e+04 2.272959717558078773e+04 2.258731458615277952e+05 2.777976273434436735e+04 5.052205078108140697e+03 5.052203130791943295e+03 2.686116206345533647e+04 2.960371613196526887e+05 2.777994285821992526e+04 2.272949326637990816e+04 5.052479275765057537e+03 5.052298431463255838e+03 4.500854862955191638e+05 2.777991474561584255e+04 2.777986467248205008e+04 2.777961045977154572e+04 5.052464035572274042e+03 2.272943663402811217e+04 2.777918125390405839e+04 2.272893528869479997e+04
1.782683335085138679e+05 2.083889293826645735e+04 1.782685356092524307e+05 1.058095221716548549e+05 1.782680714988582768e+05 1.782678631622684770e+05 1.782685748307309113e+05 1.041225425870910403e+05 1.782684969680698414e+05 1.782684484847852727e+05 1.782684129736397299e+05 1.782682692083986767e+05 2.246087559626961011e+05 1.782685666030160501e+05 1.782685121192387014e+05 1.782685599146354944e+05 1.782683952298269724e+05 3.786570816567655420e+05 1.782685096467794210e+05 1.782686184223899327e+05 1.782684413977529621e+05 1.782685819051644357e+05 1.782684990420813847e+05 1.782679708384423284e+05 1.782682110876066727e+05
2.272928654749878478e+04 1.782685356092524307e+05 1.009660868020412217e+00 7.246123098182782996e+04 2.777966172298253150e+04 1.588293329409138144e+00 2.253134897350880905e+00 2.258734588326704106e+05 2.777982404926578602e+04 2.777991621946853775e+04 2.777981310071439293e+04 2.272907938533949346e+04 2.960373664731879253e+05 2.777988968590801596e+04 2.050632519862476411e+00 2.777995981317404949e+04 2.777991457856889247e+04 4.500855855493039126e+05 2.777996638405560589e+04 2.777992447964870007e+04 2.777987781790594818e+04 2.777996621292758573e+04 2.061762155521155382e+00 2.777929635751862588e+04 1.753385172226261002e+00
8.279168217293391353e+04 1.058095221716548549e+05 7.246123098182782996e+04 4.016435552992235898e+04 8.508714658381114714e+04 7.246060120539875061e+04 7.246112597645854112e+04 1.819332907788967132e+05 8.508758716931189701e+04 8.508744138992959051e+04 8.508742009496538958e+04 8.279165758138101955e+04 2.762563300731446943e+05 8.508761671317038417e+04 7.246140208950197848e+04 8.508743946286148275e+04 8.508744337181729497e+04 4.303045484266691492e+05 8.508764386242769251e+04 8.508757313309359597e+04 8.508750116923541646e+04 8.508754709130320407e+04 7.246114745750105067e+04 8.508697228748138878e+04 7.246095017909572925e+04
5.052054008310827157e+03 1.782680714988583059e+05 2.777966172298253150e+04 8.508714658381114714e+04 7.314615006889988447e-01 2.777899550098169493e+04 2.777987622653760627e+04 2.258729724014378444e+05 2.777963307251159495e+04 1.536989365235421179e+00 1.519882863854827182e+00 2.777922714933691896e+04 2.960369146763837198e+05 2.777968457175908406e+04 2.777979326902630419e+04 1.690294855531091045e+00 1.679229205059457497e+00 4.500852763014169759e+05 2.777967120244065518e+04 2.777967251958733686e+04 2.777949910059797912e+04 1.732677407586697083e+00 2.777975858012130266e+04 2.777896170200877168e+04 2.777927758156495474e+04
2.272876799981165095e+04 1.782678631622685061e+05 1.588293329409138144e+00 7.246060120539875061e+04 2.777899550098169493e+04 5.904726319940509782e-01 1.735573885294002583e+00 2.258728322326368361e+05 2.777951180258889144e+04 2.777946063910548037e+04 2.777936731530767793e+04 2.272865413706909021e+04 2.960368127036801307e+05 2.777953413997015014e+04 1.635211908292459659e+00 2.777946739330848504e+04 2.777940503219471066e+04 4.500852096304450533e+05 2.777952660152507451e+04 2.777954293724260788e+04 2.777942429325216654e+04 2.777951282841998909e+04 1.574952771040724731e+00 2.777881343246033794e+04 1.246228694352622401e+00
2.272959717558078773e+04 1.782685748307309113e+05 2.253134897350880905e+00 7.246112597645854112e+04 2.777987622653760627e+04 1.735573885294003027e+00 1.076763109259450069e+00 2.258735631600696361e+05 2.778030155366547478e+04 2.778022365213952435e+04 2.778014285145138274e+04 2.272945370220491895e+04 2.960374841391590307e+05 2.778026123508422097e+04 2.278613757713167320e+00 2.778024736410412152e+04 2.778024015981949924e+04 4.500856941988157341e+05 2.778032711235813258e+04 2.778035050559988304e+04 2.778025498513044295e+04 2.778029037186131609e+04 2.277482811971359045e+00 2.777967588167294161e+04 2.022776631389759494e+00
2.258731458615277952e+05 1.041225425870910403e+05 2.258734588326704106e+05 1.819332907788967132e+05 2.258729724014378444e+05 2.258728322326368361e+05 2.258735631600696361e+05 6.956790179981032270e+04 2.258734123222096823e+05 2.258732915471737797e+05 2.258732943104032602e+05 2.258731178873880417e+05 1.712635154591554019e+05 2.258734718431445363e+05 2.258735602523637062e+05 2.258734592191966658e+05 2.258733612348926545e+05 3.399665760776057723e+05 2.258734488485551556e+05 2.258734088832389971e+05 2.258732972780008276e+05 2.258734185455263068e+05 2.258734970584530674e+05 2.258728885564022057e+05 2.258731461502042948e+05
2.777976273434436735e+04 1.782684969680698414e+05 2.777982404926578602e+04 8.508758716931189701e+04 2.777963307251159495e+04 2.777951180258889144e+04 2.778030155366547478e+04 2.258734123222096823e+05 9.118664812995392888e-01 2.777978270531468661e+04 2.777979348815597405e+04 5.052344030079895674e+03 2.960373604139777599e+05 2.105490094246608379e+00 2.778021809205949830e+04 2.777981430651154005e+04 2.777983943411102155e+04 4.500855686942005414e+05 2.055670315240111456e+00 1.900778030308901689e+00 1.900902108606505658e+00 2.777984991534086294e+04 2.778013082943934569e+04 1.386307050669104424e+00 2.777976153601188707e+04
5.052205078108140697e+03 1.782684484847852145e+05 2.777991621946853775e+04 8.508744138992959051e+04 1.536989365235421179e+00 2.777946063910548037e+04 2.778022365213952435e+04 2.258732915471737215e+05 2.777978270531468661e+04 8.643491476987030797e-01 1.778021865798586676e+00 2.777960138484907657e+04 2.960372896424158826e+05 2.777999384737265427e+04 2.778016553615873272e+04 1.815317671595400251e+00 1.682946190751854587e+00 4.500855659532226273e+05 2.777998083414822395e+04 2.777992095075649922e+04 2.777960663547960939e+04 1.926493734146680570e+00 2.778014540549266530e+04 2.777924518640903261e+04 2.777963936451711197e+04
5.052203130791943295e+03 1.782684129736397590e+05 2.777981310071439293e+04 8.508742009496538958e+04 1.519882863854827182e+00 2.777936731530767793e+04 2.778014285145138274e+04 2.258732943104033184e+05 2.777979348815597405e+04 1.778021865798586454e+00 8.305452285886031349e-01 2.777957487639724422e+04 2.960372252246927819e+05 2.777995223189001990e+04 2.778012567844370642e+04 1.873642577931499575e+00 1.751885790572534907e+00 4.500854610401001410e+05 2.777996627025404814e+04 2.777985280996286019e+04 2.777962896414193165e+04 2.063834712013918438e+00 2.778009806290593406e+04 2.777922377851274359e+04 2.777957839383867031e+04
2.686116206345534010e+04 1.782682692083986767e+05 2.272907938533949709e+04 8.279165758138101955e+04 2.777922714933691896e+04 2.272865413706909021e+04 2.272945370220491895e+04 2.258731178873880126e+05 5.052344030079897493e+03 2.777960138484907657e+04 2.777957487639724422e+04 8.265333416955210851e+03 2.960370652694636956e+05 5.052441837957023381e+03 2.272932770597079070e+04 2.777968825988169920e+04 2.777964388646676889e+04 4.500853606367977918e+05 5.052463487883950620e+03 5.052457302019824965e+03 5.052341659374063056e+03 2.777969306737277657e+04 2.272924409809336066e+04 5.051780307683453429e+03 2.272877584734293850e+04
2.960371613196526887e+05 2.246087559626961302e+05 2.960373664731879253e+05 2.762563300731446943e+05 2.960369146763837198e+05 2.960368127036801307e+05 2.960374841391589725e+05 1.712635154591554019e+05 2.960373604139777599e+05 2.960372896424159990e+05 2.960372252246927819e+05 2.960370652694636956e+05 9.891420396737240662e+04 2.960374007964662160e+05 2.960374553239985835e+05 2.960374056421544519e+05 2.960372796983455191e+05 2.584674742146530480e+05 2.960373759108287632e+05 2.960373493196729687e+05 2.960373249984247377e+05 2.960373939791379962e+05 2.960374099396301317e+05 2.960368759554534336e+05 2.960370980157734593e+05
2.777994285821992526e+04 1.782685666030160501e+05 2.777988968590801596e+04 8.508761671317038417e+04 2.777968457175908406e+04 2.777953413997015014e+04 2.778026123508422097e+04 2.258734718431445363e+05 2.105490094246608379e+00 2.777999384737265427e+04 2.777995223189001990e+04 5.052441837957023381e+03 2.960374007964661578e+05 1.032608877373488498e+00 2.778014519712875699e+04 2.778000858224335025e+04 2.777998936241118281e+04 4.500855520626880461e+05 1.978661240013940281e+00 2.154617059428885373e+00 2.045790783855950146e+00 2.777999175344596370e+04 2.777997404890639154e+04 1.470118448982423498e+00 2.777981536126438732e+04
2.272949326637990816e+04 1.782685121192387014e+05 2.050632519862476411e+00 7.246140208950197848e+04 2.777979326902630419e+04 1.635211908292459659e+00 2.278613757713167320e+00 2.258735602523637062e+05 2.778021809205949830e+04 2.778016553615873272e+04 2.778012567844370642e+04 2.272932770597079070e+04 2.960374553239985835e+05 2.778014519712875699e+04 9.669519610482645300e-01 2.778013861930252096e+04 2.778010820127655097e+04 4.500857180632837117e+05 2.778012154317905151e+04 2.778028765032891170e+04 2.778016965121341127e+04 2.778020289694707390e+04 2.072263348698376806e+00 2.777955098810623167e+04 1.999653429253675174e+00
5.052479275765057537e+03 1.782685599146354944e+05 2.777995981317404949e+04 8.508743946286148275e+04 1.690294855531091045e+00 2.777946739330848504e+04 2.778024736410412152e+04 2.258734592191966949e+05 2.777981430651154005e+04 1.815317671595399807e+00 1.873642577931499575e+00 2.777968825988169920e+04 2.960374056421545101e+05 2.778000858224335025e+04 2.778013861930252096e+04 1.029039087011205611e+00 1.913299756379840399e+00 4.500856253396534012e+05 2.777994831490059369e+04 2.777980415004007227e+04 2.777967728214197632e+04 1.854812897420191842e+00 2.778010996362036531e+04 2.777928071112184625e+04 2.777971685497812359e+04
5.052298431463255838e+03 1.782683952298269724e+05 2.777991457856889247e+04 8.508744337181730953e+04 1.679229205059457275e+00 2.777940503219471066e+04 2.778024015981949924e+04 2.258733612348926254e+05 2.777983943411102155e+04 1.682946190751855031e+00 1.751885790572534907e+00 2.777964388646676889e+04 2.960372796983454609e+05 2.777998936241118281e+04 2.778010820127655097e+04 1.913299756379840177e+00 8.683872056074949386e-01 4.500855664761496591e+05 2.777989455950786214e+04 2.777986822760945506e+04 2.777969038831100261e+04 2.014539083938914121e+00 2.778011965039053030e+04 2.777926125717555260e+04 2.777965321314604807e+04
4.500854862955191638e+05 3.786570816567654256e+05 4.500855855493039126e+05 4.303045484266689746e+05 4.500852763014169177e+05 4.500852096304450533e+05 4.500856941988157341e+05 3.399665760776058305e+05 4.500855686942005414e+05 4.500855659532226273e+05 4.500854610401001992e+05 4.500853606367978500e+05 2.584674742146530480e+05 4.500855520626880461e+05 4.500857180632837117e+05 4.500856253396534012e+05 4.500855664761496591e+05 1.462519183524668915e+05 4.500855670588275534e+05 4.500854896232195897e+05 4.500856090903197764e+05 4.500856584505800274e+05 4.500856333005868946e+05 4.500852063055273029e+05 4.500854325857496005e+05
2.777991474561584255e+04 1.782685096467794210e+05 2.777996638405560589e+04 8.508764386242766341e+04 2.777967120244065518e+04 2.777952660152507451e+04 2.778032711235813258e+04 2.258734488485551847e+05 2.055670315240111456e+00 2.777998083414822395e+04 2.777996627025404814e+04 5.052463487883950620e+03 2.960373759108287632e+05 1.978661240013940281e+00 2.778012154317905151e+04 2.777994831490059369e+04 2.777989455950786214e+04 4.500855670588275534e+05 8.917858845484815111e-01 1.953985506914571735e+00 2.074818949207373642e+00 2.777982581012145602e+04 2.778011788609665018e+04 1.433610127787873667e+00 2.777984486890939297e+04
2.777986467248205008e+04 1.782686184223899327e+05 2.777992447964870007e+04 8.508757313309359597e+04 2.777967251958733686e+04 2.777954293724260788e+04 2.778035050559988304e+04 2.258734088832390553e+05 1.900778030308901689e+00 2.777992095075649922e+04 2.777985280996286019e+04 5.052457302019824965e+03 2.960373493196729687e+05 2.154617059428885373e+00 2.778028765032891170e+04 2.777980415004007227e+04 2.777986822760945506e+04 4.500854896232195897e+05 1.953985506914571735e+00 9.049891318044424038e-01 2.009490447417529690e+00 2.777985550255151975e+04 2.778010640914890973e+04 1.419030109239436621e+00 2.777983935244572422e+04
2.777961045977154572e+04 1.782684413977529621e+05 2.777987781790594818e+04 8.508750116923541646e+04 2.777949910059797912e+04 2.777942429325216654e+04 2.778025498513044295e+04 2.258732972780008276e+05 1.900902108606505658e+00 2.777960663547960939e+04 2.777962896414193165e+04 5.052341659374063056e+03 2.960373249984247377e+05 2.045790783855950146e+00 2.778016965121341127e+04 2.777967728214197632e+04 2.777969038831100261e+04 4.500856090903197764e+05 2.074818949207373642e+00 2.009490447417529690e+00 8.549254401050538910e-01 2.777982241517451621e+04 2.778008659064461972e+04 1.353352764990601198e+00 2.777965141726338697e+04
5.052464035572274042e+03 1.782685819051644357e+05 2.777996621292758573e+04 8.508754709130318952e+04 1.732677407586697527e+00 2.777951282841998909e+04 2.778029037186131609e+04 2.258734185455262777e+05 2.777984991534086294e+04 1.926493734146680792e+00 2.063834712013918882e+00 2.777969306737277657e+04 2.960373939791379962e+05 2.777999175344596370e+04 2.778020289694707390e+04 1.854812897420192286e+00 2.014539083938914565e+00 4.500856584505800274e+05 2.777982581012145602e+04 2.777985550255151975e+04 2.777982241517451621e+04 9.052324850007004153e-01 2.778003937509550087e+04 2.777929161501947601e+04 2.777977240325060120e+04
2.272943663402811217e+04 1.782684990420813847e+05 2.061762155521155382e+00 7.246114745750103611e+04 2.777975858012130266e+04 1.574952771040724508e+00 2.277482811971358156e+00 2.258734970584530674e+05 2.778013082943934569e+04 2.778014540549266530e+04 2.778009806290593406e+04 2.272924409809336066e+04 2.960374099396300735e+05 2.777997404890639154e+04 2.072263348698376806e+00 2.778010996362036531e+04 2.778011965039053030e+04 4.500856333005868364e+05 2.778011788609665018e+04 2.778010640914890973e+04 2.778008659064461972e+04 2.778003937509550087e+04 1.028735120211497600e+00 2.777945446099714536e+04 1.976730195335112406e+00
2.777918125390405839e+04 1.782679708384422993e+05 2.777929635751862588e+04 8.508697228748135967e+04 2.777896170200877168e+04 2.777881343246033794e+04 2.777967588167294161e+04 2.258728885564022057e+05 1.386307050669104424e+00 2.777924518640903261e+04 2.777922377851274359e+04 5.051780307683453429e+03 2.960368759554534336e+05 1.470118448982423276e+00 2.777955098810623167e+04 2.777928071112184625e+04 2.777926125717555260e+04 4.500852063055273029e+05 1.433610127787873667e+00 1.419030109239436621e+00 1.353352764990601198e+00 2.777929161501947601e+04 2.777945446099714536e+04 5.797865952715252069e-01 2.777914584604714037e+04
2.272893528869479997e+04 1.782682110876066727e+05 1.753385172226260336e+00 7.246095017909571470e+04 2.777927758156495474e+04 1.246228694352622401e+00 2.022776631389759494e+00 2.258731461502043239e+05 2.777976153601188707e+04 2.777963936451711197e+04 2.777957839383867031e+04 2.272877584734293850e+04 2.960370980157734593e+05 2.777981536126438732e+04 1.999653429253675396e+00 2.777971685497812359e+04 2.777965321314604807e+04 4.500854325857496588e+05 2.777984486890939297e+04 2.777983935244572422e+04 2.777965141726338697e+04 2.777977240325060120e+04 1.976730195335112406e+00 2.777914584604714037e+04 8.101797184987031830e-01
