2.414270562414267915e+05 2.037058888888893125e+05 2.037058888888893125e+05 2.037056913580251276e+05 5.000015000000000000e+05 2.037056145404668350e+05 2.037052441700964700e+05 4.396448470507544116e+05 2.037055555555559695e+05 2.037053401920443575e+05 2.037061742112486972e+05 2.962981886145400931e+05 2.037056666666670644e+05 2.037050877914956363e+05 2.037058888888893125e+05 2.037051145404668641e+05 2.037056666666671226e+05 2.037058888888893125e+05 2.037058888888893125e+05 2.962980219478734070e+05 2.037064595336081111e+05 5.000015000000000000e+05 2.037058888888893125e+05 2.962979547325099120e+05 5.000015000000000000e+05
2.037058888888893125e+05 5.816186556927300799e-01 1.999999999999999334e+00 2.666666666666667407e+00 5.000015000000000000e+05 1.666666666666666297e+00 2.037037037037037202e+00 5.000015000000000000e+05 1.666666666666666519e+00 1.994513031550068538e+00 2.481481481481482732e+00 5.000015000000000000e+05 1.983539094650205614e+00 2.500000000000000000e+00 2.000000000000000000e+00 1.037037037037036979e+00 1.983539094650205614e+00 1.980795610425240216e+00 1.883401920438957378e+00 5.000013333333333139e+05 2.296296296296297168e+00 5.000015000000000000e+05 2.000000000000000000e+00 5.000015000000000000e+05 5.000015000000000000e+05
2.037058888888893125e+05 1.999999999999999334e+00 5.816186556927300799e-01 2.666666666666667407e+00 5.000015000000000000e+05 1.994513031550068538e+00 2.037037037037037202e+00 5.000015000000000000e+05 1.666666666666666519e+00 2.000000000000000000e+00 1.814814814814815769e+00 5.000015000000000000e+05 1.942386831275720427e+00 2.500000000000000000e+00 1.997256515775034158e+00 1.037037037037036979e+00 1.860082304526748942e+00 2.000000000000000000e+00 2.000000000000000000e+00 5.000013333333333139e+05 2.962962962962962354e+00 5.000015000000000000e+05 1.663923182441702453e+00 5.000015000000000000e+05 5.000015000000000000e+05
2.037056913580251276e+05 2.666666666666667407e+00 2.666666666666667407e+00 1.111111111111112493e+00 5.000015000000000000e+05 2.512345679012345734e+00 2.604938271604938738e+00 5.000015000000000000e+05 1.666666666666668073e+00 2.358024691358024505e+00 2.148148148148149694e+00 5.000015000000000000e+05 2.666666666666666963e+00 2.450617283950616176e+00 2.358024691358026725e+00 1.654320987654321673e+00 2.666666666666666963e+00 2.172839506172839830e+00 2.000000000000000444e+00 5.000013333333333139e+05 2.296296296296298500e+00 5.000015000000000000e+05 2.666666666666667407e+00 5.000015000000000000e+05 5.000015000000000000e+05
5.000015000000000000e+05 5.000015000000000000e+05 5.000015000000000000e+05 5.000015000000000000e+05 9.574759945130311145e-01 5.000015000000000000e+05 5.000015000000000000e+05 5.000016666666666279e+05 5.000010555555555620e+05 5.000008333333333721e+05 5.000015000000000000e+05 5.000013333333333139e+05 5.000015000000000000e+05 5.000015000000000000e+05 5.000009444444444380e+05 5.000010000000000582e+05 5.000015000000000000e+05 5.000011666666666279e+05 5.000015000000000000e+05 5.000016111111111240e+05 5.000015000000000000e+05 5.000006666666666861e+05 5.000015000000000000e+05 5.000015555555555620e+05 7.407613511659798678e+04
2.037056145404668059e+05 1.666666666666666297e+00 1.994513031550068538e+00 2.512345679012345734e+00 5.000015000000000000e+05 1.371742112482851605e-01 2.037037037037037202e+00 5.000015000000000000e+05 1.666666666666666519e+00 1.571330589849108339e+00 2.481481481481482732e+00 5.000015000000000000e+05 1.942386831275720427e+00 2.071330589849108339e+00 1.962962962962961910e+00 1.037037037037036979e+00 1.611111111111112271e+00 2.000000000000000000e+00 1.666666666666666963e+00 5.000013333333333139e+05 2.962962962962962798e+00 5.000015000000000000e+05 1.962962962962963021e+00 5.000015000000000000e+05 5.000015000000000000e+05
2.037052441700964409e+05 2.037037037037037202e+00 2.037037037037037202e+00 2.604938271604938738e+00 5.000015000000000000e+05 2.037037037037037202e+00 2.057613168724277408e-01 5.000015000000000000e+05 1.629629629629629539e+00 2.037037037037037202e+00 2.407407407407408773e+00 5.000015000000000000e+05 2.037037037037037202e+00 2.526063100137174278e+00 2.002743484224962511e+00 1.068587105624142497e+00 2.037037037037036757e+00 1.982167352537722804e+00 2.037037037037037202e+00 5.000013333333333139e+05 2.851851851851852526e+00 5.000015000000000000e+05 2.037037037037037202e+00 5.000015000000000000e+05 5.000015000000000000e+05
4.396448470507544116e+05 5.000015000000000000e+05 5.000015000000000000e+05 5.000015000000000000e+05 5.000016666666666279e+05 5.000015000000000000e+05 5.000015000000000000e+05 2.085048010973935015e+05 5.000008333333333721e+05 5.000015000000000000e+05 5.000015000000000000e+05 3.518531371742115007e+05 5.000015000000000000e+05 5.000015000000000000e+05 5.000011666666666279e+05 5.000010000000000582e+05 5.000015000000000000e+05 5.000005000000000000e+05 5.000015000000000000e+05 3.518533038408781285e+05 5.000015000000000000e+05 1.481504739368996816e+05 5.000015000000000000e+05 3.518523004115228541e+05 4.478747997256516828e+05
2.037055555555559695e+05 1.666666666666666519e+00 1.666666666666666519e+00 1.666666666666668073e+00 5.000010555555555620e+05 1.666666666666666519e+00 1.629629629629629539e+00 5.000008333333333721e+05 5.240054869684478422e-01 1.666666666666666519e+00 1.240740740740740256e+00 5.000008333333333721e+05 1.666666666666666519e+00 2.092592592592592560e+00 1.178326474622772624e+00 6.433470507544579720e-01 1.666666666666666519e+00 1.196159122085049153e+00 1.666666666666666519e+00 5.000007777777777519e+05 1.629629629629629539e+00 5.000011666666666279e+05 1.666666666666666519e+00 5.000008333333333721e+05 5.000008333333333721e+05
2.037053401920442993e+05 1.994513031550068538e+00 2.000000000000000000e+00 2.358024691358024505e+00 5.000008333333333721e+05 1.571330589849108339e+00 2.037037037037037202e+00 5.000015000000000000e+05 1.666666666666666519e+00 1.371742112482851605e-01 2.481481481481482732e+00 5.000015000000000000e+05 1.983539094650205614e+00 1.642661179698216678e+00 1.333333333333333037e+00 1.037037037037036979e+00 1.983539094650205614e+00 1.980795610425240216e+00 1.994513031550068538e+00 5.000013333333333139e+05 2.962962962962962798e+00 5.000005000000000000e+05 2.000000000000000000e+00 5.000015000000000000e+05 5.000015000000000000e+05
2.037061742112486972e+05 2.481481481481482732e+00 1.814814814814815325e+00 2.148148148148149694e+00 5.000015000000000000e+05 2.481481481481482287e+00 2.407407407407407884e+00 5.000015000000000000e+05 1.240740740740740256e+00 2.481481481481482287e+00 6.995884773662543188e-02 5.000015000000000000e+05 2.481481481481482287e+00 2.870370370370371571e+00 2.018518518518520821e+00 1.444444444444445086e+00 2.481481481481482287e+00 2.111111111111109828e+00 2.481481481481482287e+00 5.000013333333333139e+05 1.944444444444443976e+00 5.000015000000000000e+05 2.481481481481482287e+00 5.000015000000000000e+05 5.000015000000000000e+05
2.962981886145400931e+05 5.000015000000000000e+05 5.000015000000000000e+05 5.000015000000000000e+05 5.000013333333333139e+05 5.000015000000000000e+05 5.000015000000000000e+05 3.518531371742114425e+05 5.000008333333333721e+05 5.000015000000000000e+05 5.000015000000000000e+05 6.858710562414258027e-02 5.000015000000000000e+05 5.000015000000000000e+05 5.000011666666666279e+05 5.000010000000000582e+05 5.000015000000000000e+05 5.000005000000000000e+05 5.000015000000000000e+05 2.092592592592591227e+00 5.000015000000000000e+05 5.000020000000000000e+05 5.000015000000000000e+05 1.240740740740740922e+00 5.000010000000000582e+05
2.037056666666671226e+05 1.983539094650206058e+00 1.942386831275720427e+00 2.666666666666667407e+00 5.000015000000000000e+05 1.942386831275720427e+00 2.037037037037037202e+00 5.000015000000000000e+05 1.666666666666666519e+00 1.983539094650205836e+00 2.481481481481482732e+00 5.000015000000000000e+05 7.901234567901239680e-01 2.166666666666665630e+00 1.971193415637859214e+00 1.037037037037036979e+00 1.203703703703705941e+00 1.942386831275720649e+00 1.983539094650205836e+00 5.000012222222222481e+05 2.962962962962962798e+00 5.000015000000000000e+05 1.971193415637860102e+00 5.000015000000000000e+05 5.000015000000000000e+05
2.037050877914956363e+05 2.500000000000000000e+00 2.500000000000000000e+00 2.450617283950616176e+00 5.000015000000000000e+05 2.071330589849108339e+00 2.526063100137174278e+00 5.000015000000000000e+05 2.092592592592593004e+00 1.642661179698216678e+00 2.870370370370371571e+00 5.000015000000000000e+05 2.166666666666665630e+00 2.743484224965703211e-01 2.465706447187928863e+00 1.531550068587105740e+00 2.500000000000000000e+00 2.445130315500686269e+00 2.500000000000000000e+00 5.000010000000000582e+05 3.314814814814815325e+00 5.000015000000000000e+05 2.500000000000000000e+00 5.000015000000000000e+05 5.000015000000000000e+05
2.037058888888893125e+05 2.000000000000000444e+00 1.997256515775034158e+00 2.358024691358026725e+00 5.000009444444444380e+05 1.962962962962961688e+00 2.002743484224962067e+00 5.000011666666666279e+05 1.178326474622772624e+00 1.333333333333333037e+00 2.018518518518520821e+00 5.000011666666666279e+05 1.971193415637858992e+00 2.465706447187928863e+00 5.130315500685914687e-01 1.002743484224965842e+00 1.582304526748971485e+00 1.666666666666670737e+00 2.000000000000000000e+00 5.000011111111111240e+05 2.500000000000001776e+00 5.000008333333333721e+05 1.925925925925924487e+00 5.000011666666666279e+05 5.000011666666666279e+05
2.037051145404668059e+05 1.037037037037037202e+00 1.037037037037036979e+00 1.654320987654321673e+00 5.000010000000000582e+05 1.037037037037036979e+00 1.068587105624142497e+00 5.000010000000000582e+05 6.433470507544579720e-01 1.037037037037036979e+00 1.444444444444445530e+00 5.000010000000000582e+05 1.037037037037036979e+00 1.531550068587105740e+00 1.002743484224965842e+00 6.858710562414258027e-02 1.037037037037036979e+00 1.037037037037036979e+00 1.037037037037036979e+00 5.000008333333333721e+05 1.925925925925926263e+00 5.000010000000000582e+05 1.037037037037036979e+00 5.000010000000000582e+05 5.000010000000000582e+05
2.037056666666671226e+05 1.983539094650205614e+00 1.860082304526748942e+00 2.666666666666667407e+00 5.000015000000000000e+05 1.611111111111112271e+00 2.037037037037037202e+00 5.000015000000000000e+05 1.666666666666666519e+00 1.983539094650205614e+00 2.481481481481482732e+00 5.000015000000000000e+05 1.203703703703705941e+00 2.500000000000000000e+00 1.582304526748971707e+00 1.037037037037036979e+00 7.901234567901272987e-01 1.942386831275719761e+00 1.983539094650205614e+00 5.000013333333333139e+05 2.962962962962962798e+00 5.000015000000000000e+05 1.248971193415637559e+00 5.000015000000000000e+05 5.000015000000000000e+05
2.037058888888893125e+05 1.980795610425240660e+00 2.000000000000000000e+00 2.172839506172839830e+00 5.000011666666666279e+05 2.000000000000000000e+00 1.982167352537722804e+00 5.000005000000000000e+05 1.196159122085049153e+00 1.980795610425240216e+00 2.111111111111109828e+00 5.000005000000000000e+05 1.942386831275720427e+00 2.445130315500685825e+00 1.666666666666670737e+00 1.037037037037036979e+00 1.942386831275719761e+00 3.840877914951972838e-01 1.980795610425240216e+00 5.000006666666666861e+05 2.222222222222220545e+00 5.000015000000000000e+05 2.000000000000000000e+00 5.000005000000000000e+05 5.000005000000000000e+05
2.037058888888893125e+05 1.883401920438957600e+00 2.000000000000000000e+00 2.000000000000000444e+00 5.000015000000000000e+05 1.666666666666666963e+00 2.037037037037037202e+00 5.000015000000000000e+05 1.666666666666666519e+00 1.994513031550068538e+00 2.481481481481482732e+00 5.000015000000000000e+05 1.983539094650205614e+00 2.500000000000000000e+00 2.000000000000000000e+00 1.037037037037036979e+00 1.983539094650205614e+00 1.980795610425240216e+00 5.816186556927294138e-01 5.000013333333333139e+05 2.962962962962962798e+00 5.000015000000000000e+05 2.000000000000000000e+00 5.000015000000000000e+05 5.000015000000000000e+05
2.962980219478734070e+05 5.000013333333333139e+05 5.000013333333333139e+05 5.000013333333333139e+05 5.000016111111111240e+05 5.000013333333333139e+05 5.000013333333333139e+05 3.518533038408780703e+05 5.000007777777777519e+05 5.000013333333333139e+05 5.000013333333333139e+05 2.092592592592591227e+00 5.000012222222222481e+05 5.000010000000000582e+05 5.000011111111111240e+05 5.000008333333333721e+05 5.000013333333333139e+05 5.000006666666666861e+05 5.000013333333333139e+05 7.352537722908092377e-01 5.000013333333333139e+05 5.000018333333333139e+05 5.000013333333333139e+05 1.740740740740740033e+00 5.000005000000000000e+05
2.037064595336081111e+05 2.296296296296296724e+00 2.962962962962961910e+00 2.296296296296298500e+00 5.000015000000000000e+05 2.962962962962962798e+00 2.851851851851852082e+00 5.000015000000000000e+05 1.629629629629629539e+00 2.962962962962962798e+00 1.944444444444443976e+00 5.000015000000000000e+05 2.962962962962962798e+00 3.314814814814814881e+00 2.500000000000001776e+00 1.925925925925926263e+00 2.962962962962962798e+00 2.222222222222220545e+00 2.962962962962962798e+00 5.000013333333333139e+05 6.858710562414258027e-02 5.000015000000000000e+05 2.962962962962962798e+00 5.000015000000000000e+05 5.000015000000000000e+05
5.000015000000000000e+05 5.000015000000000000e+05 5.000015000000000000e+05 5.000015000000000000e+05 5.000006666666666861e+05 5.000015000000000000e+05 5.000015000000000000e+05 1.481504739368996525e+05 5.000011666666666279e+05 5.000005000000000000e+05 5.000015000000000000e+05 5.000020000000000000e+05 5.000015000000000000e+05 5.000015000000000000e+05 5.000008333333333721e+05 5.000010000000000582e+05 5.000015000000000000e+05 5.000015000000000000e+05 5.000015000000000000e+05 5.000018333333333139e+05 5.000015000000000000e+05 6.858710562414258027e-02 5.000015000000000000e+05 5.000020000000000000e+05 4.259279945130316773e+05
2.037058888888893125e+05 2.000000000000000444e+00 1.663923182441702009e+00 2.666666666666667407e+00 5.000015000000000000e+05 1.962962962962963021e+00 2.037037037037037202e+00 5.000015000000000000e+05 1.666666666666666519e+00 2.000000000000000000e+00 2.481481481481482732e+00 5.000015000000000000e+05 1.971193415637860102e+00 2.500000000000000000e+00 1.925925925925924487e+00 1.037037037037036979e+00 1.248971193415637559e+00 2.000000000000000000e+00 2.000000000000000000e+00 5.000013333333333139e+05 2.962962962962962798e+00 5.000015000000000000e+05 6.858710562414258027e-02 5.000015000000000000e+05 5.000015000000000000e+05
2.962979547325099120e+05 5.000015000000000000e+05 5.000015000000000000e+05 5.000015000000000000e+05 5.000015555555555620e+05 5.000015000000000000e+05 5.000015000000000000e+05 3.518523004115227959e+05 5.000008333333333721e+05 5.000015000000000000e+05 5.000015000000000000e+05 1.240740740740740922e+00 5.000015000000000000e+05 5.000015000000000000e+05 5.000011666666666279e+05 5.000010000000000582e+05 5.000015000000000000e+05 5.000005000000000000e+05 5.000015000000000000e+05 1.740740740740740033e+00 5.000015000000000000e+05 5.000020000000000000e+05 5.000015000000000000e+05 6.172839506172835833e-01 5.000010000000000582e+05
5.000015000000000000e+05 5.000015000000000000e+05 5.000015000000000000e+05 5.000015000000000000e+05 7.407613511659798678e+04 5.000015000000000000e+05 5.000015000000000000e+05 4.478747997256516828e+05 5.000008333333333721e+05 5.000015000000000000e+05 5.000015000000000000e+05 5.000010000000000582e+05 5.000015000000000000e+05 5.000015000000000000e+05 5.000011666666666279e+05 5.000010000000000582e+05 5.000015000000000000e+05 5.000005000000000000e+05 5.000015000000000000e+05 5.000005000000000000e+05 5.000015000000000000e+05 4.259279945130316773e+05 5.000015000000000000e+05 5.000010000000000582e+05 1.262002743484223611e+05
