6.191662287754398086e-01 1.818197431389020348e+05 9.091060731576119724e+04 1.900841259838909900e+05 5.602543517542979680e+05 2.727284655587787856e+05 9.091070764477027114e+04 9.091057858906914771e+04 2.954561188811190077e+05 9.091055164954031352e+04 1.234496224318311963e+00 3.636376791348187253e+05 9.091031572951938142e+04 4.918149459041737282e+04 1.818197791337173257e+05 3.777002748426875914e+05 9.091037452083823155e+04 3.636375367574356496e+05 9.090999196006904822e+04 9.091026986935907917e+04 2.727289284561593086e+05 9.091060330578514549e+04 3.636374923979811138e+05 6.363641258741259808e+05 1.363652352579854196e+05
1.818197431389020348e+05 6.944976625276410021e-01 1.818196775749370281e+05 9.917486692186316941e+04 4.693456775161020923e+05 1.818193991293089930e+05 1.818198107770507922e+05 1.818197307803269068e+05 2.045471025432189053e+05 1.818199646232046362e+05 1.818195710557121201e+05 2.727286824273561360e+05 1.818196064878270554e+05 1.818197355962946313e+05 1.811773422361911301e+00 2.867912006143874605e+05 1.818195056353648251e+05 2.727289397890563705e+05 1.818194479797266831e+05 1.818197166342626442e+05 1.818196931665937591e+05 1.818199819556124858e+05 2.727288385293885367e+05 5.454553636363636469e+05 1.318941319696491992e+05
9.091060731576119724e+04 1.818196775749370281e+05 7.564301868756837521e-01 1.900844303004510875e+05 5.602546002697712975e+05 2.727288181818182347e+05 9.091027272727276431e+04 1.235160431509144008e+00 2.954557718127404805e+05 9.091042227003767039e+04 9.091044699591069366e+04 3.636373935744461487e+05 9.091014742869671318e+04 6.557516686407092493e+04 1.818197247884651879e+05 3.777000413935494726e+05 9.881200163999084296e-01 3.636376798359328532e+05 9.091025004503873060e+04 9.091031122510708519e+04 2.727285054286473314e+05 9.091041664017800940e+04 3.636376040547465091e+05 6.363643636363637634e+05 1.363649993578290741e+05
1.900841259838909900e+05 9.917486692186319851e+04 1.900844303004510875e+05 1.502714489895524457e+04 4.693455043020797311e+05 1.735546545579780650e+05 1.900845819295761175e+05 1.900844792269407480e+05 1.962828874824135855e+05 1.900843947321581654e+05 1.900843299762209645e+05 2.727289174883367959e+05 1.900843651837684447e+05 1.900842990542696207e+05 9.917504077838793455e+04 2.867914901716501918e+05 1.900842366474368901e+05 2.727288024766548770e+05 1.900838897507293150e+05 1.900841008609271958e+05 1.803172348162208800e+05 1.900844267299123749e+05 2.727287405479477602e+05 5.454551818181818817e+05 1.237653991985229077e+05
5.602543517542979680e+05 4.693456775161020923e+05 5.602546002697712975e+05 4.693455043020797893e+05 1.732697598316709627e+05 4.693455129062393098e+05 5.602546049639090197e+05 5.602545261527516413e+05 4.466183433281834004e+05 5.602544956979203271e+05 5.602544036738842260e+05 3.768241672186925425e+05 5.602544978089232463e+05 5.602545204231711105e+05 4.693455010079158819e+05 3.729962073937685345e+05 5.602544194290849846e+05 3.094583595740315504e+05 5.602542458502931986e+05 5.602543832203847123e+05 4.693457086455583922e+05 5.602544307921901345e+05 3.784364381698747166e+05 4.148312210516006453e+05 5.148001553911204101e+05
2.727284655587787856e+05 1.818193991293089930e+05 2.727288181818182347e+05 1.735546545579780650e+05 4.693455129062393098e+05 2.873187188907251402e+04 2.727289323467231006e+05 2.727288262943114387e+05 9.575459512262343196e+04 2.727287505285412772e+05 2.727286646836128202e+05 2.721426706135623972e+05 2.727286990504018031e+05 2.727286542971631279e+05 1.818195708155323518e+05 2.867915492294166470e+05 2.727286068938196404e+05 2.727288318744635326e+05 2.727283460520374938e+05 2.727285256989176269e+05 1.652909094609558815e+05 2.727287616084949113e+05 2.727288225553219090e+05 5.454551818181818817e+05 1.961486761623665225e+05
9.091070764477027114e+04 1.818198107770507922e+05 9.091027272727276431e+04 1.900845819295761175e+05 5.602546049639090197e+05 2.727289323467231006e+05 6.832500552977353037e-01 9.091027119994690293e+04 2.954559772727274103e+05 1.220733119918842258e+00 9.091044708538426494e+04 3.636376363636364113e+05 9.091045454545458779e+04 9.091061291562562110e+04 1.818196202430509438e+05 3.777002627023131354e+05 9.091005040865733463e+04 3.636379206813308410e+05 9.091041329186785151e+04 9.091063636363639671e+04 2.727286083916084026e+05 8.643960632045703824e+04 3.636378640262573608e+05 6.363642517482518451e+05 1.363650184747686435e+05
9.091057858906914771e+04 1.818197307803269068e+05 1.235160431509144230e+00 1.900844792269407480e+05 5.602545261527516413e+05 2.727288262943114387e+05 9.091027119994690293e+04 5.333690998580157272e-01 2.954556169057372026e+05 9.091045307045579830e+04 9.091046782044351858e+04 3.636373272080056486e+05 9.091009094335182454e+04 6.557519331041474652e+04 1.818197947844538721e+05 3.776999792339553824e+05 9.655389483800234096e-01 3.636375910874138353e+05 9.091023293955392728e+04 9.091035083928680979e+04 2.727285048335818574e+05 9.091043624718081264e+04 3.636375328923193738e+05 6.363641818181818817e+05 1.363650528255530226e+05
2.954561188811190077e+05 2.045471025432189053e+05 2.954557718127404805e+05 1.962828874824135855e+05 4.466183433281834004e+05 9.575459512262343196e+04 2.954559772727274103e+05 2.954556169057372026e+05 3.409150682045774738e+04 2.954561590909092920e+05 2.954560160427808878e+05 2.470206798843351135e+05 2.954556297895722673e+05 2.954559678911205847e+05 2.045469726510164910e+05 2.640638952606917592e+05 2.954556859663637006e+05 2.500015934407636523e+05 2.954559439357904484e+05 2.954559664656880777e+05 1.880178050250493980e+05 2.954559398395722965e+05 2.500015451477142051e+05 5.227280795454544714e+05 2.500013181137997890e+05
9.091055164954031352e+04 1.818199646232046362e+05 9.091042227003767039e+04 1.900843947321581654e+05 5.602544956979203271e+05 2.727287505285412772e+05 1.220733119918842036e+00 9.091045307045579830e+04 2.954561590909092920e+05 6.463927472411767905e-01 9.091072715993325983e+04 3.636378181818181765e+05 9.091062990855300450e+04 9.091061087831556506e+04 1.818194289674646279e+05 3.777003830622127862e+05 9.091023222683914355e+04 3.636377388631489594e+05 9.091023147368602804e+04 9.091041258741261845e+04 2.727287902097902843e+05 8.643935868165169086e+04 3.636376674580879044e+05 6.363641818181818817e+05 1.363651863069364626e+05
1.234496224318311963e+00 1.818195710557121201e+05 9.091044699591069366e+04 1.900843299762209645e+05 5.602544036738842260e+05 2.727286646836128202e+05 9.091044708538426494e+04 9.091046782044351858e+04 2.954560160427808878e+05 9.091072715993325983e+04 6.790903283056081152e-01 3.636375995522945304e+05 9.091020226486319734e+04 4.918157600680042378e+04 1.818199537225337408e+05 3.777001471260368708e+05 9.091021471671533072e+04 3.636378088908848003e+05 9.091017861956340494e+04 9.091045454545457324e+04 2.727287902097902843e+05 9.091079267351083399e+04 3.636377610436124960e+05 6.363641818181818817e+05 1.363650534398036252e+05
3.636376791348187253e+05 2.727286824273561360e+05 3.636373935744461487e+05 2.727289174883367959e+05 3.768241672186924261e+05 2.721426706135623390e+05 3.636376363636364113e+05 3.636373272080056486e+05 2.470206798843351135e+05 3.636378181818181765e+05 3.636375995522945304e+05 7.371304737077317259e+04 3.636372873739019269e+05 3.636376046511628665e+05 2.727288022113022162e+05 1.446826601153378433e+05 3.636372772477960098e+05 1.723185043553182040e+05 3.636376068824636750e+05 3.636376363636363531e+05 2.389196047326284170e+05 3.636378663101604907e+05 1.370525591225189564e+05 4.529338954826415284e+05 3.181831179634919972e+05
9.091031572951938142e+04 1.818196064878270554e+05 9.091014742869671318e+04 1.900843651837684447e+05 5.602544978089232463e+05 2.727286990504018031e+05 9.091045454545458779e+04 9.091009094335182454e+04 2.954556297895722673e+05 9.091062990855300450e+04 9.091020226486319734e+04 3.636372873739019851e+05 5.968156169277912815e-01 6.706525077243731357e+04 1.818198367819354171e+05 3.776999020623744582e+05 9.091003891210247821e+04 3.636375235244521755e+05 1.107632355892687492e+00 1.186303183580475373e+00 2.727285634531789110e+05 8.942032190975299454e+04 3.636374826628798619e+05 6.363642673796792515e+05 1.363649374128430209e+05
4.918149459041736554e+04 1.818197355962946313e+05 6.557516686407093948e+04 1.900842990542695916e+05 5.602545204231711105e+05 2.727286542971631279e+05 9.091061291562562110e+04 6.557519331041474652e+04 2.954559678911205847e+05 9.091061087831556506e+04 4.918157600680041651e+04 3.636376046511628665e+05 6.706525077243731357e+04 5.844051266801755264e+04 1.818198374836071162e+05 3.777001772998843226e+05 6.557499873216066044e+04 3.636376060752999620e+05 6.706513162806017499e+04 6.706538433028121653e+04 2.727287482757742400e+05 9.051971644624127657e+04 3.636375849825193291e+05 6.363642727272728225e+05 1.363651295202716719e+05
1.818197791337173257e+05 1.811773422361911079e+00 1.818197247884651879e+05 9.917504077838793455e+04 4.693455010079158819e+05 1.818195708155323518e+05 1.818196202430509438e+05 1.818197947844538721e+05 2.045469726510164910e+05 1.818194289674646279e+05 1.818199537225337408e+05 2.727288022113022162e+05 1.818198367819354171e+05 1.818198374836071162e+05 8.291081876288636243e-01 2.867913782375257579e+05 1.818195404864668380e+05 2.727287373311048723e+05 1.818193605353413441e+05 1.818195463087560493e+05 1.818194419250703650e+05 1.818195171214302536e+05 2.727286502597350045e+05 5.454551818181818817e+05 1.318942253016629838e+05
3.777002748426875914e+05 2.867912006143874605e+05 3.777000413935494726e+05 2.867914901716501918e+05 3.729962073937685345e+05 2.867915492294166470e+05 3.777002627023131354e+05 3.776999792339553824e+05 2.640638952606917592e+05 3.777003830622127862e+05 3.777001471260368708e+05 1.446826601153378433e+05 3.776999020623744582e+05 3.777001772998843226e+05 2.867913782375257579e+05 5.264517130308555352e+04 3.776998927789812442e+05 1.784633399539223465e+05 3.777001778815185535e+05 3.777002276568253292e+05 2.867912654955695616e+05 3.777003624176689773e+05 1.958818583664405160e+05 4.491059955516862101e+05 3.322456812452164595e+05
9.091037452083826065e+04 1.818195056353648542e+05 9.881200163999084296e-01 1.900842366474369192e+05 5.602544194290849846e+05 2.727286068938196986e+05 9.091005040865736373e+04 9.655389483800234096e-01 2.954556859663637006e+05 9.091023222683917265e+04 9.091021471671537438e+04 3.636372772477960098e+05 9.091003891210250731e+04 6.557499873216068954e+04 1.818195404864668672e+05 3.776998927789813606e+05 4.839608251721324028e-01 3.636375668327659951e+05 9.091004742915109091e+04 9.091026378928506165e+04 2.727283951161056175e+05 9.091030787436450191e+04 3.636374719055648311e+05 6.363641818181815324e+05 1.363648074495589535e+05
3.636375367574357660e+05 2.727289397890563123e+05 3.636376798359328532e+05 2.727288024766548770e+05 3.094583595740314922e+05 2.727288318744635326e+05 3.636379206813307828e+05 3.636375910874138353e+05 2.500015934407636523e+05 3.636377388631490176e+05 3.636378088908847421e+05 1.723185043553182622e+05 3.636375235244521173e+05 3.636376060752999620e+05 2.727287373311048723e+05 1.784633399539223465e+05 3.636375668327659369e+05 5.119913959653351048e+04 3.636374554121854599e+05 3.636374898787093698e+05 2.727287934034295613e+05 3.636376605315360357e+05 1.818195802612970001e+05 4.515898984876989271e+05 3.181833678272080724e+05
9.090999196006904822e+04 1.818194479797266831e+05 9.091025004503873060e+04 1.900838897507293150e+05 5.602542458502931986e+05 2.727283460520374938e+05 9.091041329186785151e+04 9.091023293955392728e+04 2.954559439357904484e+05 9.091023147368602804e+04 9.091017861956340494e+04 3.636376068824636750e+05 1.107632355892687492e+00 6.706513162806017499e+04 1.818193605353413441e+05 3.777001778815185535e+05 9.091004742915104725e+04 3.636374554121854017e+05 4.615686370569905828e-01 9.219986243978529616e-01 2.727286091929105460e+05 8.941992055920671555e+04 3.636373801254203427e+05 6.363640069930070313e+05 1.363649351015852008e+05
9.091026986935907917e+04 1.818197166342626442e+05 9.091031122510708519e+04 1.900841008609271958e+05 5.602543832203847123e+05 2.727285256989176269e+05 9.091063636363639671e+04 9.091035083928680979e+04 2.954559664656880777e+05 9.091041258741261845e+04 9.091045454545457324e+04 3.636376363636364113e+05 1.186303183580475373e+00 6.706538433028121653e+04 1.818195463087560493e+05 3.777002276568253292e+05 9.091026378928501799e+04 3.636374898787092534e+05 9.219986243978529616e-01 6.825627283180817351e-01 2.727287648582243710e+05 8.942007699128759850e+04 3.636374063834165572e+05 6.363641069518717704e+05 1.363651839642860868e+05
2.727289284561591921e+05 1.818196931665937591e+05 2.727285054286473314e+05 1.803172348162208800e+05 4.693457086455583922e+05 1.652909094609559397e+05 2.727286083916084026e+05 2.727285048335818574e+05 1.880178050250493980e+05 2.727287902097901679e+05 2.727287902097902843e+05 2.389196047326284170e+05 2.727285634531788528e+05 2.727287482757741818e+05 1.818194419250703359e+05 2.867912654955695616e+05 2.727283951161055593e+05 2.727287934034295613e+05 2.727286091929105460e+05 2.727287648582243710e+05 2.704797198771290277e+04 2.727286917128976202e+05 1.774844475256880105e+05 5.454554265734265791e+05 2.272739692555434594e+05
9.091060330578513094e+04 1.818199819556124858e+05 9.091041664017800940e+04 1.900844267299123167e+05 5.602544307921901345e+05 2.727287616084948531e+05 8.643960632045703824e+04 9.091043624718078354e+04 2.954559398395722965e+05 8.643935868165169086e+04 9.091079267351081944e+04 3.636378663101604907e+05 8.942032190975296544e+04 9.051971644624126202e+04 1.818195171214302536e+05 3.777003624176688609e+05 9.091030787436448736e+04 3.636376605315360357e+05 8.941992055920671555e+04 8.942007699128759850e+04 2.727286917128976202e+05 1.128799505455034523e+04 3.636376231230775593e+05 6.363641390374331968e+05 1.112987251889594190e+05
3.636374923979811138e+05 2.727288385293885367e+05 3.636376040547465091e+05 2.727287405479477602e+05 3.784364381698747166e+05 2.727288225553219090e+05 3.636378640262573608e+05 3.636375328923193738e+05 2.500015451477142051e+05 3.636376674580879044e+05 3.636377610436124960e+05 1.370525591225189564e+05 3.636374826628798619e+05 3.636375849825193291e+05 2.727286502597350045e+05 1.958818583664404869e+05 3.636374719055647147e+05 1.818195802612970001e+05 3.636373801254203427e+05 3.636374063834165572e+05 1.774844475256880105e+05 3.636376231230776175e+05 3.215242518335115165e+04 4.545461818181818235e+05 3.181832622263451340e+05
6.363641258741259808e+05 5.454553636363637634e+05 6.363643636363637634e+05 5.454551818181818817e+05 4.148312210516006453e+05 5.454551818181818817e+05 6.363642517482518451e+05 6.363641818181818817e+05 5.227280795454544714e+05 6.363641818181818817e+05 6.363641818181818817e+05 4.529338954826415284e+05 6.363642673796792515e+05 6.363642727272727061e+05 5.454551818181818817e+05 4.491059955516862101e+05 6.363641818181815324e+05 4.515898984876989271e+05 6.363640069930071477e+05 6.363641069518717704e+05 5.454554265734266955e+05 6.363641390374333132e+05 4.545461818181818817e+05 1.270770712940409576e+05 5.909098636363635305e+05
1.363652352579854487e+05 1.318941319696491992e+05 1.363649993578291032e+05 1.237653991985229077e+05 5.148001553911204101e+05 1.961486761623665225e+05 1.363650184747686726e+05 1.363650528255530226e+05 2.500013181137997890e+05 1.363651863069364917e+05 1.363650534398036252e+05 3.181831179634919972e+05 1.363649374128430209e+05 1.363651295202716719e+05 1.318942253016629838e+05 3.322456812452164595e+05 1.363648074495589535e+05 3.181833678272080724e+05 1.363649351015852008e+05 1.363651839642861160e+05 2.272739692555434885e+05 1.112987251889594336e+05 3.181832622263451340e+05 5.909098636363636469e+05 1.069245626892412256e+05
