8.578560082284881760e-01 5.152589082767214859e+04 1.911811243009145178e+00 2.090230882264056955e+00 2.113654049199209961e+00 7.692488363301304344e+04 1.919787546413981749e+00 1.309064404092470068e+05 2.113277971709071057e+00 2.269699712820752779e+00 3.846166538461538730e+05 2.204745448012905254e+05 2.193775095671045339e+00 1.538481856556314160e+05 1.986355289043114647e+00 2.373879493203667312e+00 2.051482915502556459e+00 1.723199242372678519e+00 2.258793654362321934e+00 7.692518309584473900e+04 3.076939632233636221e+05 1.422890783610511134e+00 2.087877239008653518e+00 7.692516828582709422e+04 3.828279319096599938e+05
5.152589082767214859e+04 5.029235206610426394e+04 5.152561451749919797e+04 5.152607935353013454e+04 5.152628207325281255e+04 4.499453366475756047e+04 5.152581199966424174e+04 1.288731708763474162e+05 5.152600182949167356e+04 5.152601758512483502e+04 3.846167980769231217e+05 2.204745021572759142e+05 5.152603975179437111e+04 1.538484628581467550e+05 5.152567402500619937e+04 5.152588654277730529e+04 5.152582136449631798e+04 5.152563342772472242e+04 5.152612766841807024e+04 7.119523053490834718e+04 3.076941173971373355e+05 5.152542627669667127e+04 5.152608227847031230e+04 7.581595112190631335e+04 3.828277107558138086e+05
1.911811243009145178e+00 5.152561451749919797e+04 6.302985849347139125e-01 1.440906876344205001e+00 1.673699217088974400e+00 7.692475774251051189e+04 1.842290476105863162e+00 1.309057891007178114e+05 1.323133186668689731e+00 1.568335752298016583e+00 3.846165108481263160e+05 2.204739929967808130e+05 1.733981645094345714e+00 1.538479674513911887e+05 1.874984514539300040e+00 1.641136555834770361e+00 1.125629687625337549e+00 1.016741322535008818e+00 1.464467218896908118e+00 7.692481866418512072e+04 3.076936456088526757e+05 8.998051059956081454e-01 1.446729171105902489e+00 7.692474498398018477e+04 3.828275262745973887e+05
2.090230882264056955e+00 5.152607935353013454e+04 1.440906876344205001e+00 7.852180931106569339e-01 1.806650724534931252e+00 7.692488118170261441e+04 2.253247103173682930e+00 1.309061983805669297e+05 1.282263415742144197e+00 1.632438316400581346e+00 3.846164316934709786e+05 2.204740552479985054e+05 2.154920051737855502e+00 1.538479654457441065e+05 2.318306894932764095e+00 2.061518158138185619e+00 1.503767629071847356e+00 1.321184148812023285e+00 1.219623076306749487e+00 7.692505892326413596e+04 3.076934810240459046e+05 1.180798773895929132e+00 1.205128205128205066e+00 7.692515457289804181e+04 3.828276508585720439e+05
2.113654049199209961e+00 5.152628207325281255e+04 1.673699217088974400e+00 1.806650724534931252e+00 8.323380439885091908e-01 7.692491396596914274e+04 2.328188814257265538e+00 1.309063244322496175e+05 1.748627874192057785e+00 1.638495789846185602e+00 3.846168906250000582e+05 2.204744511251010990e+05 1.749187036136206741e+00 1.538483267652290233e+05 2.221303841075487728e+00 1.851488301528941838e+00 1.643441670310158864e+00 1.493049484139234107e+00 1.925152554616554434e+00 7.692512621210528596e+04 3.076937820131460321e+05 1.282517369351288572e+00 1.721726796712510943e+00 7.692532804463886714e+04 3.828280265658150311e+05
7.692488363301304344e+04 4.499453366475755320e+04 7.692475774251051189e+04 7.692488118170261441e+04 7.692491396596914274e+04 8.076429713534378774e-01 7.692527087535441387e+04 1.309065372611682687e+05 7.692498900231644802e+04 7.692516473128233338e+04 3.846168846153846243e+05 2.204746000168257451e+05 7.692507567500103323e+04 1.538483411609975738e+05 7.692505490653561719e+04 7.692528493357963453e+04 7.692486772995800129e+04 7.692458969032239111e+04 7.692509724071223172e+04 7.692490132488263771e+04 3.076940666420514463e+05 7.692444432982512808e+04 7.692492313239314535e+04 7.692505853345882497e+04 3.828280617173522478e+05
1.919787546413982193e+00 5.152581199966424174e+04 1.842290476105863162e+00 2.253247103173682930e+00 2.328188814257265093e+00 7.692527087535441387e+04 8.034453149056774990e-01 1.309061021268379700e+05 2.175471048101905058e+00 2.084246281406291423e+00 3.846168269230769947e+05 2.204744316444553842e+05 2.193413102912883161e+00 1.538484683901997923e+05 1.700954016494317322e+00 1.923578892712846322e+00 2.009904106520189693e+00 1.842391113272538572e+00 2.333551223310603273e+00 7.692554217536812939e+04 3.076939476952194818e+05 1.504552952772207686e+00 2.240741833712025954e+00 7.692521047629695386e+04 3.828278261404291261e+05
1.309064404092470359e+05 1.288731708763474307e+05 1.309057891007178405e+05 1.309061983805669297e+05 1.309063244322496175e+05 1.309065372611682833e+05 1.309061021268379700e+05 6.704699125813793216e+04 1.309061426966547733e+05 1.309060928210822603e+05 3.837953899558021803e+05 2.168117623777750705e+05 1.309063488757670566e+05 9.904552697502163937e+04 1.309062944075873093e+05 1.309061748337296158e+05 1.309058362850882404e+05 1.309058415096814861e+05 1.309062356893618417e+05 1.285717604248089483e+05 3.068724729407207342e+05 1.309058018966060481e+05 1.309059360732320056e+05 1.304546501122142072e+05 3.820063960385769024e+05
2.113277971709071057e+00 5.152600182949167356e+04 1.323133186668689731e+00 1.282263415742144197e+00 1.748627874192057785e+00 7.692498900231644802e+04 2.175471048101905058e+00 1.309061426966547588e+05 7.368104940372715017e-01 1.436097129335943023e+00 3.846165178605295951e+05 2.204739744936667848e+05 2.002932839262521192e+00 1.538479700599449570e+05 2.172637182790410293e+00 1.913069987855580578e+00 1.292128922500173749e+00 1.248491247681198679e+00 1.345435708478019965e+00 7.692500475929948152e+04 3.076935602120605181e+05 1.035018835595986841e+00 1.258014798504158094e+00 7.692502953607350355e+04 3.828274689058843651e+05
2.269699712820752779e+00 5.152601758512483502e+04 1.568335752298016583e+00 1.632438316400581346e+00 1.638495789846185602e+00 7.692516473128233338e+04 2.084246281406291423e+00 1.309060928210822603e+05 1.436097129335943023e+00 9.238078581972271053e-01 3.846168557692308677e+05 2.204742536429497704e+05 2.102225860472935803e+00 1.538481521444620739e+05 2.298687966252843218e+00 1.802339649720409387e+00 1.494544296891803459e+00 1.440265647372478641e+00 1.583582405754511813e+00 7.692522024841670645e+04 3.076937284828247502e+05 1.287832009794824817e+00 1.570472504434769156e+00 7.692527323717949912e+04 3.828275983899819548e+05
3.846166538461539312e+05 3.846167980769231217e+05 3.846165108481263160e+05 3.846164316934709786e+05 3.846168906250000582e+05 3.846168846153847408e+05 3.846168269230769947e+05 3.837953899558021803e+05 3.846165178605295951e+05 3.846168557692308677e+05 1.836438437344059057e+05 3.843700278596093412e+05 3.846170000000000000e+05 3.843700601162753883e+05 3.846170000000000582e+05 3.846170000000000000e+05 3.846165985885109403e+05 3.846165172805088805e+05 3.846166250000001164e+05 3.846170151137283538e+05 3.714668757207393646e+05 3.846165285490316455e+05 3.846164563609468169e+05 3.846170000000000000e+05 3.786552235163233709e+05
2.204745448012905545e+05 2.204745021572759142e+05 2.204739929967808421e+05 2.204740552479985054e+05 2.204744511251011863e+05 2.204746000168257742e+05 2.204744316444553842e+05 2.168117623777750705e+05 2.204739744936667848e+05 2.204742536429497995e+05 3.843700278596093412e+05 1.235654911829691409e+05 2.204742133538837079e+05 2.161792873177758593e+05 2.204742905803536996e+05 2.204743826441906858e+05 2.204739673548545979e+05 2.204740421051989251e+05 2.204739910113163060e+05 2.204744552122002933e+05 2.431728682101196900e+05 2.204739237966971414e+05 2.204738533864586789e+05 2.204743565979274572e+05 3.825809291079383693e+05
2.193775095671044895e+00 5.152603975179437111e+04 1.733981645094345714e+00 2.154920051737855502e+00 1.749187036136206741e+00 7.692507567500103323e+04 2.193413102912883161e+00 1.309063488757670275e+05 2.002932839262521192e+00 2.102225860472935803e+00 3.846170000000000000e+05 2.204742133538836788e+05 7.511475340901755393e-01 1.538485686489824147e+05 1.930887806302646670e+00 1.808248721248314927e+00 1.780611517712850755e+00 1.723261656899675476e+00 2.042480621953098652e+00 7.692505885916487023e+04 3.076940234846275416e+05 1.390296867592200725e+00 1.954192213628727526e+00 7.692504687500000000e+04 3.828280653601736994e+05
1.538481856556314160e+05 1.538484628581467550e+05 1.538479674513912469e+05 1.538479654457441356e+05 1.538483267652290233e+05 1.538483411609975738e+05 1.538484683901997923e+05 9.904552697502165393e+04 1.538479700599449861e+05 1.538481521444620739e+05 3.843700601162753883e+05 2.161792873177758884e+05 1.538485686489824147e+05 4.244720739568783756e+04 1.538486008020587615e+05 1.538484586170051189e+05 1.538479395435109327e+05 1.538478503293107497e+05 1.538480825339404109e+05 1.538482507370152744e+05 3.074476223793938989e+05 1.538477276142426708e+05 1.538476936515033885e+05 1.538483562136784021e+05 3.825812985337047139e+05
1.986355289043114647e+00 5.152567402500617754e+04 1.874984514539300040e+00 2.318306894932764095e+00 2.221303841075487728e+00 7.692505490653560264e+04 1.700954016494317322e+00 1.309062944075872947e+05 2.172637182790410293e+00 2.298687966252843218e+00 3.846170000000000582e+05 2.204742905803536996e+05 1.930887806302646670e+00 1.538486008020587615e+05 8.249972148693113239e-01 1.891635077612924265e+00 1.932058549507560619e+00 1.814309985961862992e+00 2.217663492291064742e+00 7.692530475758053944e+04 3.076940033074007370e+05 1.432487108608003101e+00 2.110078878806041391e+00 7.692494541145824769e+04 3.828280665250445600e+05
2.373879493203667312e+00 5.152588654277731985e+04 1.641136555834770139e+00 2.061518158138185619e+00 1.851488301528941838e+00 7.692528493357963453e+04 1.923578892712846322e+00 1.309061748337295867e+05 1.913069987855580578e+00 1.802339649720409387e+00 3.846170000000000582e+05 2.204743826441906276e+05 1.808248721248314927e+00 1.538484586170051189e+05 1.891635077612924709e+00 8.595820886115776993e-01 1.699306324382970690e+00 1.650264689350632308e+00 2.045103637049328071e+00 7.692537201706288033e+04 3.076940278112905798e+05 1.360255627770472486e+00 1.862914876221038574e+00 7.692490906447680027e+04 3.828279497259431519e+05
2.051482915502556459e+00 5.152582136449631798e+04 1.125629687625337549e+00 1.503767629071847800e+00 1.643441670310158864e+00 7.692486772995800129e+04 2.009904106520189249e+00 1.309058362850882404e+05 1.292128922500173749e+00 1.494544296891803459e+00 3.846165985885109403e+05 2.204739673548545979e+05 1.780611517712850977e+00 1.538479395435109327e+05 1.932058549507560619e+00 1.699306324382970690e+00 6.685471953131874034e-01 1.155055619183993354e+00 1.518142235123367101e+00 7.692486878071879619e+04 3.076936074021296808e+05 9.811982017419375035e-01 1.324786338231521476e+00 7.692479182622431836e+04 3.828274974284435157e+05
1.723199242372678741e+00 5.152563342772472970e+04 1.016741322535008818e+00 1.321184148812023285e+00 1.493049484139234107e+00 7.692458969032240566e+04 1.842391113272539238e+00 1.309058415096814861e+05 1.248491247681198679e+00 1.440265647372478863e+00 3.846165172805088805e+05 2.204740421051989251e+05 1.723261656899675698e+00 1.538478503293107497e+05 1.814309985961863214e+00 1.650264689350632308e+00 1.155055619183993354e+00 6.887463781362866966e-01 1.394232125847590709e+00 7.692469068158813752e+04 3.076936121572855045e+05 7.397800344449873000e-01 1.224628749922582305e+00 7.692476289836756769e+04 3.828275670783449314e+05
2.258793654362321934e+00 5.152612766841807024e+04 1.464467218896908118e+00 1.219623076306749265e+00 1.925152554616554212e+00 7.692509724071224628e+04 2.333551223310603273e+00 1.309062356893618417e+05 1.345435708478020187e+00 1.583582405754511813e+00 3.846166250000000000e+05 2.204739910113163060e+05 2.042480621953098208e+00 1.538480825339404109e+05 2.217663492291064298e+00 2.045103637049328071e+00 1.518142235123367101e+00 1.394232125847590709e+00 7.902665806523699876e-01 7.692495092158736952e+04 3.076936036891039112e+05 1.242125334305874684e+00 1.299153453938804770e+00 7.692504608099703910e+04 3.828276446640204522e+05
7.692518309584475355e+04 7.119523053490836173e+04 7.692481866418513528e+04 7.692505892326416506e+04 7.692512621210528596e+04 7.692490132488263771e+04 7.692554217536811484e+04 1.285717604248089629e+05 7.692500475929949607e+04 7.692522024841670645e+04 3.846170151137283538e+05 2.204744552122003515e+05 7.692505885916488478e+04 1.538482507370152744e+05 7.692530475758055400e+04 7.692537201706288033e+04 7.692486878071879619e+04 7.692469068158813752e+04 7.692495092158735497e+04 3.183559923051411897e+04 3.076942092788571608e+05 7.692459228124706715e+04 7.692487503638023918e+04 7.565154860705626197e+04 3.828280541976284003e+05
3.076939632233636221e+05 3.076941173971373937e+05 3.076936456088526757e+05 3.076934810240459046e+05 3.076937820131460321e+05 3.076940666420514463e+05 3.076939476952195400e+05 3.068724729407207342e+05 3.076935602120605763e+05 3.076937284828247502e+05 3.714668757207393646e+05 2.431728682101197483e+05 3.076940234846275416e+05 3.074476223793938989e+05 3.076940033074007370e+05 3.076940278112905798e+05 3.076936074021296808e+05 3.076936121572855045e+05 3.076936036891039112e+05 3.076942092788571026e+05 1.555444809057742241e+05 3.076935876671964652e+05 3.076936209246852086e+05 3.076942379248654470e+05 3.696776060678913491e+05
1.422890783610511134e+00 5.152542627669664944e+04 8.998051059956081454e-01 1.180798773895928910e+00 1.282517369351288572e+00 7.692444432982512808e+04 1.504552952772207464e+00 1.309058018966060336e+05 1.035018835595986619e+00 1.287832009794825039e+00 3.846165285490316455e+05 2.204739237966970832e+05 1.390296867592200725e+00 1.538477276142426417e+05 1.432487108608002657e+00 1.360255627770472708e+00 9.811982017419375035e-01 7.397800344449871890e-01 1.242125334305874684e+00 7.692459228124703804e+04 3.076935876671964652e+05 4.100102628122954673e-01 9.844414655990468832e-01 7.692459010295775079e+04 3.828275753762493841e+05
2.087877239008653518e+00 5.152608227847031230e+04 1.446729171105902489e+00 1.205128205128205066e+00 1.721726796712510943e+00 7.692492313239314535e+04 2.240741833712025954e+00 1.309059360732320201e+05 1.258014798504158094e+00 1.570472504434769156e+00 3.846164563609468169e+05 2.204738533864586789e+05 1.954192213628727526e+00 1.538476936515033885e+05 2.110078878806041391e+00 1.862914876221038574e+00 1.324786338231521032e+00 1.224628749922582305e+00 1.299153453938804770e+00 7.692487503638023918e+04 3.076936209246852086e+05 9.844414655990469942e-01 6.554628662667760786e-01 7.692497447372347233e+04 3.828275487104947679e+05
7.692516828582709422e+04 7.581595112190631335e+04 7.692474498398019932e+04 7.692515457289804181e+04 7.692532804463886714e+04 7.692505853345882497e+04 7.692521047629695386e+04 1.304546501122142072e+05 7.692502953607351810e+04 7.692527323717949912e+04 3.846170000000000000e+05 2.204743565979274281e+05 7.692504687500000000e+04 1.538483562136784021e+05 7.692494541145826224e+04 7.692490906447680027e+04 7.692479182622430380e+04 7.692476289836755313e+04 7.692504608099703910e+04 7.565154860705624742e+04 3.076942379248654470e+05 7.692459010295776534e+04 7.692497447372344323e+04 8.216051435745572235e+03 3.828280088327368139e+05
3.828279319096599938e+05 3.828277107558138086e+05 3.828275262745973887e+05 3.828276508585720439e+05 3.828280265658150311e+05 3.828280617173522478e+05 3.828278261404291261e+05 3.820063960385769024e+05 3.828274689058843651e+05 3.828275983899819548e+05 3.786552235163233709e+05 3.825809291079383693e+05 3.828280653601737577e+05 3.825812985337047139e+05 3.828280665250445600e+05 3.828279497259431519e+05 3.828274974284435157e+05 3.828275670783449314e+05 3.828276446640204522e+05 3.828280541976282839e+05 3.696776060678913491e+05 3.828275753762494423e+05 3.828275487104947679e+05 3.828280088327368139e+05 1.808983072647695080e+05
