2.401038047567564718e+04 7.563169694694441569e+04 2.340954617541893967e+05 3.529433023855718784e+05 1.596657081991914602e+05 1.781203550147017813e+05 7.563187563853856409e+04 1.680842347914620404e+04 2.436995178060794133e+05 7.563209588137897663e+04 1.596657529733043921e+05 7.143038163045099645e+04 1.680832463682041634e+04 7.563164798816338589e+04 2.941194064231002703e+05 7.563194023473115521e+04 6.334852253081604140e+05 7.563220284909085603e+04 3.516641406823044526e+05 4.445192930127856089e+05 3.529431091646690038e+05 4.201852518392694037e+04 3.823548522004224360e+05 7.563209719300924917e+04 7.563189093180693453e+04
7.563169694694441569e+04 4.321358029507726406e-01 2.352956113021115598e+05 3.529426845029925462e+05 1.176484772258869780e+05 1.949265086236080679e+05 9.245169817115698185e-01 5.882507707183933962e+04 2.436989422284596367e+05 5.882508781424103654e+04 1.176485244898670353e+05 1.470602639387033996e+05 5.882503867692848871e+04 5.882447172482211317e+04 2.941190885599308531e+05 5.882476638754715532e+04 6.334849009743840434e+05 5.882500558064701181e+04 3.516637924775906140e+05 4.445190141039378941e+05 3.529426176687621628e+05 1.176484901441461843e+05 3.823545167187172920e+05 5.882507072490870632e+04 1.298028819428984848e+00
2.340954617541893967e+05 2.352956113021115598e+05 7.803930814685700170e+03 2.707104034931286005e+05 1.722707211633881088e+05 9.499259463377142674e+04 2.352956961665874114e+05 2.352958749921978451e+05 1.260697919573898798e+04 2.352960905080263037e+05 1.722707427488804387e+05 2.016827988268749905e+05 2.352959633090693678e+05 2.352955744926377665e+05 1.137770479088953434e+05 2.352959100198768429e+05 5.746616808334258385e+05 2.352960138898002333e+05 1.793955701990315574e+05 3.856957055668875109e+05 2.394979855494404328e+05 2.310946064527968992e+05 3.235313656467376277e+05 2.352959005069467530e+05 2.352958959973494348e+05
3.529433023855718784e+05 3.529426845029925462e+05 2.707104034931286005e+05 3.107412000419724791e+04 2.941196737790900515e+05 2.941196529433247051e+05 3.529425942332959385e+05 3.529431388015668490e+05 2.605060288704366540e+05 3.529430843195804628e+05 2.941197909147489117e+05 3.235314959651682293e+05 3.529431736292922287e+05 3.529426995600874070e+05 2.100860857286473620e+05 3.529428323811786249e+05 4.233782340081888251e+05 3.529429571589780971e+05 1.525415691788770782e+05 2.344124435679856397e+05 9.139854593907657545e+04 3.529430952342214296e+05 1.556240182189871266e+05 3.529431398036316386e+05 3.529431392285019974e+05
1.596657081991914602e+05 1.176484772258869780e+05 1.722707211633881379e+05 2.941196737790900515e+05 8.526162624025187542e-01 7.727976521352503914e+04 1.176486950082035473e+05 1.764725930640353472e+05 1.848760237812338455e+05 1.764724841563677473e+05 1.660116896166791145e+00 8.823725085320079233e+04 1.764725442511028377e+05 1.764721295388067083e+05 2.352959911891271477e+05 1.764724082073041936e+05 5.746617813416776480e+05 1.764724717751191347e+05 2.928406843916347134e+05 3.856956589300686028e+05 2.941196023410433554e+05 1.176489179363576550e+05 3.235312004251444596e+05 1.764725119870626368e+05 1.176489708831460885e+05
1.781203550147017813e+05 1.949265086236080679e+05 9.499259463377142674e+04 2.941196529433247051e+05 7.727976521352503914e+04 2.533023283907781661e+04 1.949267043353352929e+05 1.949270215084661613e+05 1.075978565774733870e+05 1.949271631514182664e+05 7.727980622836026305e+04 1.066917528160847432e+05 1.949270288130406989e+05 1.949266164892610104e+05 1.739396748840996297e+05 1.949269601497029653e+05 5.746617722553620115e+05 1.949271754570494522e+05 2.340172326443581260e+05 3.856955036578853033e+05 2.941196642760568066e+05 1.361038951061466942e+05 3.235312333692496759e+05 1.949270414558547491e+05 1.949268287135944993e+05
7.563187563853856409e+04 9.245169817115697075e-01 2.352956961665874114e+05 3.529425942332959385e+05 1.176486950082035473e+05 1.949267043353352929e+05 5.692777668273668601e-01 5.882529670743671159e+04 2.436990383231969608e+05 5.882529074320942891e+04 1.176487204183434951e+05 1.470604573089306359e+05 5.882526047923245642e+04 5.882458824095589080e+04 2.941192467384712654e+05 5.882488839921561885e+04 6.334848971639046213e+05 5.882518176836901694e+04 3.516638778194443439e+05 4.445189490986377932e+05 3.529426670766926836e+05 1.176486628937648929e+05 3.823544983977307566e+05 5.882521592796616460e+04 1.546813470972612681e+00
1.680842347914620041e+04 5.882507707183933962e+04 2.352958749921978451e+05 3.529431388015668490e+05 1.764725930640353763e+05 1.949270215084661904e+05 5.882529670743671159e+04 6.788225672075298700e-01 2.436993411978658114e+05 5.882504815771056747e+04 1.764724109501588973e+05 8.823715363889401488e+04 1.170554825742730287e+00 5.882467168207796931e+04 2.941196185788335279e+05 5.882502924964584963e+04 6.334850405384319602e+05 5.882513395328252955e+04 3.516639836521961261e+05 4.445191773474521469e+05 3.529428949840149144e+05 5.882546663576564606e+04 3.823547806163238711e+05 5.882518503339886229e+04 5.882519247372109385e+04
2.436995178060794133e+05 2.436989422284596367e+05 1.260697919573898798e+04 2.605060288704366540e+05 1.848760237812338455e+05 1.075978565774733870e+05 2.436990383231969608e+05 2.436993411978658114e+05 1.440653949711323548e+04 2.436995414052732231e+05 1.848758556514114316e+05 2.142875837664199353e+05 2.436992387455199205e+05 2.436989326612733712e+05 1.011718530481636699e+05 2.436991516074880783e+05 5.662583452415053034e+05 2.436993759408553888e+05 1.667902920411387749e+05 3.772924950881212135e+05 2.268927021473512868e+05 2.436996419563326926e+05 3.151280222142141429e+05 2.436993642834643251e+05 2.436993649267946312e+05
7.563209588137897663e+04 5.882508781424103654e+04 2.352960905080263037e+05 3.529430843195804628e+05 1.764724841563677473e+05 1.949271631514182372e+05 5.882529074320942891e+04 5.882504815771056747e+04 2.436995414052732231e+05 6.250127464742802896e-01 1.764723909040987492e+05 1.470606828851011815e+05 5.882512255841961451e+04 1.196196138601294701e+00 2.941195853026150726e+05 1.405131806623854285e+00 6.334850013265844900e+05 1.515068538578849155e+00 3.516641481087610009e+05 4.445190326015886967e+05 3.529427828731426271e+05 1.176489456994949869e+05 3.823545929930909188e+05 1.555064516857725732e+00 5.882538500881379878e+04
1.596657529733043921e+05 1.176485244898670353e+05 1.722707427488804387e+05 2.941197909147489117e+05 1.660116896166791145e+00 7.727980622836024850e+04 1.176487204183434951e+05 1.764724109501588973e+05 1.848758556514114316e+05 1.764723909040987492e+05 6.867333931184373963e-01 8.823724752911215182e+04 1.764724312149200414e+05 1.764720765816026542e+05 2.352961995614703337e+05 1.764723571533149516e+05 5.746618010129985632e+05 1.764724967306555191e+05 2.928406151800882071e+05 3.856957694116956554e+05 2.941195074402508326e+05 1.176491250476591376e+05 3.235313124026546138e+05 1.764725275516172114e+05 1.176489653792881145e+05
7.143038163045099645e+04 1.470602639387034287e+05 2.016827988268749905e+05 3.235314959651682293e+05 8.823725085320080689e+04 1.066917528160847432e+05 1.470604573089306359e+05 8.823715363889401488e+04 2.142875837664199353e+05 1.470606828851011815e+05 8.823724752911215182e+04 2.941266213197419711e+04 8.823709597027853306e+04 1.470601856679033954e+05 2.647078416535900906e+05 1.470604582448465226e+05 6.040734281169798924e+05 1.470606851505337108e+05 3.222523036193505977e+05 4.151076207155726734e+05 3.235314023216336500e+05 2.941349608340286068e+04 3.529432562707190518e+05 1.470606074582292640e+05 1.470607011865422537e+05
1.680832463682041271e+04 5.882503867692848871e+04 2.352959633090693678e+05 3.529431736292922287e+05 1.764725442511028377e+05 1.949270288130406698e+05 5.882526047923245642e+04 1.170554825742730287e+00 2.436992387455199205e+05 5.882512255841961451e+04 1.764724312149200414e+05 8.823709597027851851e+04 6.187252214683922613e-01 5.882472904315405322e+04 2.941196165492220316e+05 5.882509559496069414e+04 6.334851024400783936e+05 5.882521628145113209e+04 3.516640676199254231e+05 4.445192178396446398e+05 3.529429369238663348e+05 5.882547033301143529e+04 3.823547913360425737e+05 5.882525580705121683e+04 5.882518978669182980e+04
7.563164798816338589e+04 5.882447172482211317e+04 2.352955744926377665e+05 3.529426995600874652e+05 1.764721295388067083e+05 1.949266164892610104e+05 5.882458824095589080e+04 5.882467168207796931e+04 2.436989326612733712e+05 1.196196138601294701e+00 1.764720765816026542e+05 1.470601856679033954e+05 5.882472904315405322e+04 3.514619735775267317e-01 2.941190770775537821e+05 8.600256700087333117e-01 6.334848209970697062e+05 1.193396613158523856e+00 3.516636566324761952e+05 4.445189176546433009e+05 3.529425265070257010e+05 1.176484826211989130e+05 3.823545226481395657e+05 1.112890047468854560e+00 5.882486205985598644e+04
2.941194064231002703e+05 2.941190885599308531e+05 1.137770479088953434e+05 2.100860857286473620e+05 2.352959911891271477e+05 1.739396748840996297e+05 2.941192467384712654e+05 2.941196185788335279e+05 1.011718530481636699e+05 2.941195853026150726e+05 2.352961995614703337e+05 2.647078416535900906e+05 2.941196165492220316e+05 2.941190770775537821e+05 1.393209130784329136e+04 2.941192365649904823e+05 5.158381935512414784e+05 2.941196413148245774e+05 6.562046547103214834e+04 3.268723485290544340e+05 1.714971705800909840e+05 2.941194613205567584e+05 2.647078641553235357e+05 2.941193886827577371e+05 2.941194345225103316e+05
7.563194023473115521e+04 5.882476638754715532e+04 2.352959100198768429e+05 3.529428323811786249e+05 1.764724082073041936e+05 1.949269601497029653e+05 5.882488839921561885e+04 5.882502924964584963e+04 2.436991516074880783e+05 1.405131806623854285e+00 1.764723571533149516e+05 1.470604582448465226e+05 5.882509559496069414e+04 8.600256700087333117e-01 2.941192365649904823e+05 7.146910000424596676e-01 6.334848870351592777e+05 1.412411366705720539e+00 3.516637306986123440e+05 4.445190039043342113e+05 3.529425083007512148e+05 1.176486985960800812e+05 3.823546423262248863e+05 1.330195735681491742e+00 5.882525887856868940e+04
6.334852253081604140e+05 6.334849009743840434e+05 5.746616808334258385e+05 4.233782340081888251e+05 5.746617813416776480e+05 5.746617722553620115e+05 6.334848971639046213e+05 6.334850405384318437e+05 5.662583452415053034e+05 6.334850013265843736e+05 5.746618010129985632e+05 6.040734281169798924e+05 6.334851024400783936e+05 6.334848209970697062e+05 5.158381935512414202e+05 6.334848870351592777e+05 7.962328862999388366e+04 6.334849280578994658e+05 5.158381828888462042e+05 3.174484535797336139e+05 4.559741144629963092e+05 6.334850953857990680e+05 3.687566242842396605e+05 6.334850130097065121e+05 6.334850517543508904e+05
7.563220284909085603e+04 5.882500558064701181e+04 2.352960138898002333e+05 3.529429571589780971e+05 1.764724717751191347e+05 1.949271754570494522e+05 5.882518176836901694e+04 5.882513395328252955e+04 2.436993759408553888e+05 1.515068538578849378e+00 1.764724967306555191e+05 1.470606851505337108e+05 5.882521628145113209e+04 1.193396613158523634e+00 2.941196413148245774e+05 1.412411366705720539e+00 6.334849280578993494e+05 5.931251585620790356e-01 3.516642060447249678e+05 4.445192806240595528e+05 3.529426689293245436e+05 1.176489604462474381e+05 3.823548241450529895e+05 1.736869512753271394e+00 5.882548794751290552e+04
3.516641406823044526e+05 3.516637924775906140e+05 1.793955701990315865e+05 1.525415691788770782e+05 2.928406843916347134e+05 2.340172326443581260e+05 3.516638778194443439e+05 3.516639836521961261e+05 1.667902920411387749e+05 3.516641481087610009e+05 2.928406151800882071e+05 3.222523036193505977e+05 3.516640676199254231e+05 3.516636566324761952e+05 6.562046547103214834e+04 3.516637306986123440e+05 5.158381828888462042e+05 3.516642060447249678e+05 2.502914068309885351e+03 3.268724224585049669e+05 1.131608039322799741e+05 3.516639480724477908e+05 2.484454232962900132e+05 3.516638982965421164e+05 3.516640236291502370e+05
4.445192930127856089e+05 4.445190141039378941e+05 3.856957055668875109e+05 2.344124435679856397e+05 3.856956589300686028e+05 3.856955036578853615e+05 4.445189490986377932e+05 4.445191773474521469e+05 3.772924950881212135e+05 4.445190326015886967e+05 3.856957694116956554e+05 4.151076207155726734e+05 4.445192178396446398e+05 4.445189176546433009e+05 3.268723485290544340e+05 4.445190039043342113e+05 3.174484535797336139e+05 4.445192806240595528e+05 3.268724224585049669e+05 5.364562569723767956e+04 2.670083851937375148e+05 4.445193908071946935e+05 1.412603119025231572e+05 4.445191013718858594e+05 4.445191635165262269e+05
3.529431091646690038e+05 3.529426176687621628e+05 2.394979855494404328e+05 9.139854593907654635e+04 2.941196023410433554e+05 2.941196642760568066e+05 3.529426670766926836e+05 3.529428949840149144e+05 2.268927021473512868e+05 3.529427828731426271e+05 2.941195074402508326e+05 3.235314023216336500e+05 3.529429369238663348e+05 3.529425265070257010e+05 1.714971705800909840e+05 3.529425083007512148e+05 4.559741144629963092e+05 3.529426689293245436e+05 1.131608039322799741e+05 2.670083851937375148e+05 1.040408502404558385e+04 3.529430366669421783e+05 1.882200510474633484e+05 3.529429380003665574e+05 3.529429162593337824e+05
4.201852518392694037e+04 1.176484901441461843e+05 2.310946064527969575e+05 3.529430952342214878e+05 1.176489179363576550e+05 1.361038951061466942e+05 1.176486628937648929e+05 5.882546663576564606e+04 2.436996419563326926e+05 1.176489456994949869e+05 1.176491250476591376e+05 2.941349608340285340e+04 5.882547033301143529e+04 1.176484826211989130e+05 2.941194613205567584e+05 1.176486985960800812e+05 6.334850953857990680e+05 1.176489604462474381e+05 3.516639480724477908e+05 4.445193908071946935e+05 3.529430366669421783e+05 6.667301473082853924e-01 3.823549586764715496e+05 1.176487925214049319e+05 1.176489861123093287e+05
3.823548522004224360e+05 3.823545167187172920e+05 3.235313656467376277e+05 1.556240182189871266e+05 3.235312004251444596e+05 3.235312333692496759e+05 3.823544983977307566e+05 3.823547806163238711e+05 3.151280222142141429e+05 3.823545929930909188e+05 3.235313124026545556e+05 3.529432562707190518e+05 3.823547913360425737e+05 3.823545226481395075e+05 2.647078641553235357e+05 3.823546423262248281e+05 3.687566242842397187e+05 3.823548241450529895e+05 2.484454232962900132e+05 1.412603119025231572e+05 1.882200510474633484e+05 3.823549586764715496e+05 5.552620474674575962e+04 3.823547702833063668e+05 3.823547859192044707e+05
7.563209719300924917e+04 5.882507072490870632e+04 2.352959005069468403e+05 3.529431398036316386e+05 1.764725119870626368e+05 1.949270414558547491e+05 5.882521592796616460e+04 5.882518503339886229e+04 2.436993642834643251e+05 1.555064516857725732e+00 1.764725275516172114e+05 1.470606074582292640e+05 5.882525580705121683e+04 1.112890047468854560e+00 2.941193886827577371e+05 1.330195735681491520e+00 6.334850130097065121e+05 1.736869512753271394e+00 3.516638982965421164e+05 4.445191013718858594e+05 3.529429380003665574e+05 1.176487925214049319e+05 3.823547702833064250e+05 5.911956399690397879e-01 5.882540631270565791e+04
7.563189093180693453e+04 1.298028819428984848e+00 2.352958959973494348e+05 3.529431392285019974e+05 1.176489708831460885e+05 1.949268287135944993e+05 1.546813470972612459e+00 5.882519247372109385e+04 2.436993649267946312e+05 5.882538500881379878e+04 1.176489653792881145e+05 1.470607011865422537e+05 5.882518978669182980e+04 5.882486205985598644e+04 2.941194345225103316e+05 5.882525887856868940e+04 6.334850517543508904e+05 5.882548794751290552e+04 3.516640236291502370e+05 4.445191635165262269e+05 3.529429162593337824e+05 1.176489861123093287e+05 3.823547859192044707e+05 5.882540631270565791e+04 6.144001726790384588e-01
