1.142932416152635597e+04 2.530789643227182751e+04 9.212585377930600953e+04 4.000158683518115868e+04 4.000184382563323015e+04 4.000187916572728864e+04 5.862959058272065158e+04 4.000170225659018615e+04 4.000181917469488690e+04 3.808428123451691354e+05 1.262604564797316270e+05 2.303996465474085708e+05 2.900903764753914438e+05 7.940889008923221263e+04 1.665780743678855288e+04 1.643024369562753054e+04 4.000180239881858142e+04 1.544506805722329300e+05 3.754216358086418040e+04 4.000177396754132496e+04 4.000138123708157218e+04 4.553942022829079651e+05 1.864989064395106689e+05 4.000173144436018629e+04 3.898143917189478816e+04
2.530789643227182751e+04 4.665415282057826516e+03 1.070531184027057461e+05 1.469535208510235861e+04 1.469568028588512061e+04 1.469563835895692682e+04 7.822150347045301169e+04 1.469558324212903608e+04 1.469565518673328006e+04 3.922713344531782786e+05 1.376891350216360879e+05 2.418282158530333254e+05 3.015187944079056033e+05 9.521060417842410970e+04 4.053551241448496148e+04 8.879076454319996628e+03 1.469562622837133313e+04 1.658791867366806255e+05 5.713393194839111675e+04 1.469562531220864730e+04 1.469514132727124343e+04 4.668227067081273417e+05 1.979275715729926305e+05 1.469546016124756170e+04 1.367511255111580613e+04
9.212585377930600953e+04 1.070531184027057461e+05 2.822233546379975814e+04 1.084520599093147612e+05 1.084524088166738802e+05 1.084524054832227557e+05 5.972309955930581782e+04 1.084522037021729775e+05 1.084523581186782831e+05 3.547205197274617385e+05 7.114725238288899709e+04 2.003222311528051505e+05 2.634627521612470737e+05 4.287603892304051260e+04 8.068460643183237698e+04 1.035545407499173016e+05 1.084523599818256480e+05 1.109873183296531934e+05 7.609279090488230577e+04 1.084522793836018391e+05 1.084519487365429522e+05 4.284554633453276474e+05 1.511680097649183008e+05 1.084521746819279942e+05 1.084523964287184644e+05
4.000158683518115868e+04 1.469535208510235861e+04 1.084520599093147612e+05 5.585467133053835243e-01 1.143001511985365505e+04 1.143009284245474919e+04 8.148643800693812955e+04 1.191566828147412771e+00 1.143004474374417259e+04 3.922710662541016354e+05 1.376886804702364025e+05 2.418277558495968115e+05 3.015184911657939665e+05 9.695956507632088324e+04 5.175984643353142746e+04 2.357292760021683353e+04 1.143000012224975217e+04 1.658787988603026606e+05 6.611324396211579733e+04 1.191897481775417544e+00 7.246248111827314764e-01 4.668224419942419627e+05 1.979271256897169224e+05 9.536143341963195796e-01 9.389025319125656097e+03
4.000184382563322288e+04 1.469568028588512061e+04 1.084524088166738802e+05 1.143001511985365505e+04 6.283439986907026764e-01 1.503432668751369272e+00 8.148686239931893942e+04 1.143004491015814892e+04 1.317808931200127320e+00 3.922713126401588088e+05 1.376890059863408678e+05 2.418280726140131592e+05 3.015187861679079360e+05 9.695986473681345524e+04 5.176018846845782537e+04 2.357329624613955093e+04 1.375926942656155338e+00 1.658791218927010195e+05 6.611362360215626541e+04 1.143011826372615360e+04 1.142979149446475094e+04 4.668226069943472976e+05 1.979273380911174172e+05 1.143010337031274321e+04 3.062688187340452714e+03
4.000187916572728864e+04 1.469563835895692682e+04 1.084524054832227557e+05 1.143009284245474919e+04 1.503432668751369272e+00 6.169322395490275390e-01 8.148682382049337320e+04 1.143020152859817972e+04 1.482022554279342597e+00 3.922713942133863457e+05 1.376890475973399880e+05 2.418281335173777188e+05 3.015188031603242271e+05 9.695986763239403081e+04 5.176016995640373352e+04 2.357321410922470022e+04 1.521811235223673897e+00 1.658791114771923458e+05 6.611363233903254149e+04 1.143026568322587809e+04 1.142988299812904006e+04 4.668227629541096976e+05 1.979274071719438653e+05 1.143020801160531482e+04 3.062892991102403812e+03
5.862959058272065158e+04 7.822150347045302624e+04 5.972309955930581782e+04 8.148643800693814410e+04 8.148686239931893942e+04 8.148682382049338776e+04 7.696856956749144047e+03 8.148669803095315001e+04 8.148681286609686504e+04 3.636999786651358008e+05 9.743445161300824839e+04 2.132568066119154100e+05 2.729475240203652647e+05 3.977018504767033301e+04 4.371893340274174261e+04 7.005822151801806467e+04 8.148681710881230538e+04 1.312707070892138872e+05 3.250929881216731883e+04 8.148669463266379898e+04 8.148626834701033658e+04 4.382513209127635346e+05 1.693561574782894459e+05 8.148654932656862366e+04 8.148673296241374919e+04
4.000170225659017160e+04 1.469558324212903608e+04 1.084522037021729775e+05 1.191566828147412549e+00 1.143004491015814892e+04 1.143020152859817972e+04 8.148669803095315001e+04 5.969501672467515396e-01 1.143011174091577959e+04 3.922711391539213946e+05 1.376887791741736874e+05 2.418279746124382946e+05 3.015186162012997665e+05 9.695969474272624939e+04 5.176002001930441475e+04 2.357319323138975233e+04 1.143004172506339637e+04 1.658788727313240524e+05 6.611352375775174005e+04 1.208048707257105336e+00 1.021037499236843171e+00 4.668225130551961483e+05 1.979272063210442720e+05 1.223871508186590074e+00 9.389134979257083614e+03
4.000181917469488690e+04 1.469565518673328006e+04 1.084523581186782976e+05 1.143004474374417259e+04 1.317808931200127320e+00 1.482022554279342597e+00 8.148681286609686504e+04 1.143011174091577959e+04 7.069570368186566256e-01 3.922713192801578552e+05 1.376890016288428160e+05 2.418281184868612909e+05 3.015187924082577229e+05 9.695989488344755955e+04 5.176017369107420382e+04 2.357331822080241909e+04 1.429307040537136197e+00 1.658791489911572717e+05 6.611371723176164960e+04 1.143019457087496448e+04 1.142984516472794894e+04 4.668226190471160808e+05 1.979274053153192217e+05 1.143015408915779517e+04 3.062748183533031806e+03
3.808428123451691354e+05 3.922713344531782786e+05 3.547205197274617385e+05 3.922710662541016354e+05 3.922713126401588088e+05 3.922713942133863457e+05 3.636999786651358008e+05 3.922711391539213946e+05 3.922713192801578552e+05 9.726369777941121720e+04 3.351287340765223489e+05 2.757523280521792476e+05 2.390627342475496116e+05 3.617953681967264274e+05 3.694143072218075977e+05 3.922714162159870612e+05 3.922712234847814543e+05 3.255415463220097008e+05 3.694143379934254335e+05 3.922711425391064258e+05 3.922710071534115705e+05 2.509041538650797447e+05 2.994946330937824678e+05 3.922710735310780001e+05 3.922711663780392846e+05
1.262604564797316270e+05 1.376891350216360879e+05 7.114725238288901164e+04 1.376886804702364025e+05 1.376890059863408678e+05 1.376890475973399880e+05 9.743445161300824839e+04 1.376887791741736874e+05 1.376890016288428160e+05 3.351287340765223489e+05 2.248392142025591602e+04 1.722894136900882586e+05 2.408388630399711838e+05 8.967265063321706839e+04 1.148191969245169021e+05 1.376891650400737126e+05 1.376889964497152541e+05 6.588272017775055429e+04 1.107418408625272714e+05 1.376888868768710818e+05 1.376885873668919376e+05 4.096799449401908787e+05 1.175996083923972474e+05 1.376887513903525250e+05 1.376890189388715371e+05
2.303996465474085708e+05 2.418282158530333254e+05 2.003222311528051214e+05 2.418277558495968115e+05 2.418280726140131592e+05 2.418281335173777479e+05 2.132568066119154100e+05 2.418279746124382946e+05 2.418281184868612909e+05 2.757523280521792476e+05 1.722894136900882586e+05 5.322906947577423125e+04 1.542928088159813487e+05 2.090781164666676777e+05 2.189710811657189915e+05 2.418281930744964920e+05 2.418281123696743452e+05 1.487483870243061392e+05 2.189710409028688737e+05 2.418278768442641303e+05 2.418276954390196479e+05 3.658839159385928069e+05 1.133964443235116778e+05 2.418278015948156535e+05 2.418279115775848331e+05
2.900903764753914438e+05 3.015187944079056033e+05 2.634627521612470737e+05 3.015184911657939665e+05 3.015187861679079360e+05 3.015188031603242271e+05 2.729475240203653229e+05 3.015186162012997665e+05 3.015187924082577229e+05 2.390627342475496116e+05 2.408388630399711838e+05 1.542928088159813487e+05 7.998410891263747180e+04 2.710428110184248653e+05 2.786617429497810081e+05 3.015188281546576764e+05 3.015187867120174924e+05 2.261196757096300717e+05 2.786617355292115244e+05 3.015185858872208046e+05 3.015184410128769232e+05 3.114965850075529888e+05 1.982670152313485160e+05 3.015185271610425552e+05 3.015186123504742282e+05
7.940889008923221263e+04 9.521060417842410970e+04 4.287603892304051260e+04 9.695956507632088324e+04 9.695986473681345524e+04 9.695986763239403081e+04 3.977018504767033301e+04 9.695969474272624939e+04 9.695989488344755955e+04 3.617953681967264274e+05 8.967265063321706839e+04 2.090781164666676777e+05 2.710428110184248071e+05 1.372393440749661022e+04 6.771961160596190894e+04 9.083749943876579346e+04 9.695983766349764483e+04 1.240016142198735761e+05 5.859468098765076138e+04 9.695976265035515826e+04 9.695945328017931024e+04 4.363466414166532340e+05 1.621452277284174634e+05 9.695965781814006914e+04 9.695986952611534798e+04
1.665780743678855288e+04 4.053551241448496148e+04 8.068460643183240609e+04 5.175984643353142746e+04 5.176018846845782537e+04 5.176016995640373352e+04 4.371893340274174261e+04 5.176002001930441475e+04 5.176017369107420382e+04 3.694143072218075977e+05 1.148191969245169021e+05 2.189710811657189915e+05 2.786617429497810081e+05 6.771961160596192349e+04 5.490815957816085756e+03 3.183655779078774867e+04 5.176007796686344955e+04 1.429458922218888183e+05 2.120274100108308630e+04 5.176005416926032922e+04 5.175966659120522672e+04 4.439657101680501946e+05 1.750703168210198637e+05 5.175995340695678897e+04 5.135927135050782090e+04
1.643024369562753054e+04 8.879076454319996628e+03 1.035545407499173016e+05 2.357292760021683353e+04 2.357329624613955093e+04 2.357321410922470022e+04 7.005822151801806467e+04 2.357319323138975233e+04 2.357331822080241909e+04 3.922714162159870612e+05 1.376891650400737126e+05 2.418281930744964920e+05 3.015188281546576764e+05 9.083749943876579346e+04 3.183655779078774867e+04 1.250671994959765925e+03 2.357328756635981699e+04 1.658792044201520330e+05 4.897063000842738256e+04 2.357321209031840772e+04 2.357272589897133730e+04 4.668227500720331445e+05 1.979275674906074419e+05 2.357305649440058551e+04 2.255272606268192976e+04
4.000180239881858142e+04 1.469562622837132949e+04 1.084523599818256480e+05 1.143000012224975217e+04 1.375926942656155338e+00 1.521811235223673897e+00 8.148681710881229083e+04 1.143004172506339637e+04 1.429307040537136197e+00 3.922712234847814543e+05 1.376889964497152541e+05 2.418281123696743452e+05 3.015187867120174924e+05 9.695983766349764483e+04 5.176007796686344955e+04 2.357328756635981699e+04 6.176984827286522428e-01 1.658791052003029909e+05 6.611362240693416970e+04 1.143012368790804430e+04 1.142978875139985939e+04 4.668226360970035894e+05 1.979273826488176128e+05 1.143010991415983699e+04 3.062713807034131605e+03
1.544506805722329300e+05 1.658791867366806255e+05 1.109873183296531934e+05 1.658787988603026606e+05 1.658791218927010195e+05 1.658791114771924040e+05 1.312707070892138872e+05 1.658788727313240524e+05 1.658791489911572717e+05 3.255415463220097008e+05 6.588272017775055429e+04 1.487483870243061392e+05 2.261196757096300717e+05 1.240016142198735761e+05 1.429458922218888183e+05 1.658792044201520330e+05 1.658791052003029909e+05 3.402678075855181669e+04 1.427769326259142836e+05 1.658789660673017206e+05 1.658787099724211730e+05 3.988683771843027789e+05 8.072430599516350776e+04 1.658788775641804095e+05 1.658790647072764114e+05
3.754216358086418040e+04 5.713393194839111675e+04 7.609279090488230577e+04 6.611324396211581188e+04 6.611362360215626541e+04 6.611363233903254149e+04 3.250929881216730791e+04 6.611352375775174005e+04 6.611371723176166415e+04 3.694143379934254335e+05 1.107418408625272714e+05 2.189710409028688737e+05 2.786617355292115244e+05 5.859468098765074683e+04 2.120274100108308630e+04 4.897063000842739712e+04 6.611362240693416970e+04 1.427769326259142836e+05 4.170448916958653172e+03 6.611351429927870049e+04 6.611308577324674116e+04 4.439656539160630782e+05 1.750703797391063417e+05 6.611334841964897350e+04 6.611354387509604567e+04
4.000177396754131769e+04 1.469562531220864730e+04 1.084522793836018391e+05 1.191897481775417322e+00 1.143011826372615360e+04 1.143026568322587809e+04 8.148669463266379898e+04 1.208048707257105336e+00 1.143019457087496448e+04 3.922711425391064258e+05 1.376888868768710818e+05 2.418278768442641303e+05 3.015185858872208046e+05 9.695976265035515826e+04 5.176005416926032922e+04 2.357321209031840772e+04 1.143012368790804430e+04 1.658789660673017206e+05 6.611351429927870049e+04 6.203787137743757008e-01 1.040597122471466740e+00 4.668225260602232884e+05 1.979272469192169956e+05 1.246344566581957469e+00 9.389111950759634055e+03
4.000138123708157218e+04 1.469514132727123979e+04 1.084519487365429522e+05 7.246248111827314764e-01 1.142979149446475094e+04 1.142988299812904006e+04 8.148626834701033658e+04 1.021037499236843171e+00 1.142984516472794894e+04 3.922710071534116869e+05 1.376885873668919376e+05 2.418276954390196479e+05 3.015184410128769232e+05 9.695945328017931024e+04 5.175966659120522672e+04 2.357272589897133730e+04 1.142978875139985939e+04 1.658787099724211730e+05 6.611308577324672660e+04 1.040597122471466740e+00 3.748926926036985074e-01 4.668224216079342295e+05 1.979270350121599331e+05 8.616495293259963661e-01 9.388819826752242079e+03
4.553942022829079651e+05 4.668227067081273417e+05 4.284554633453276474e+05 4.668224419942419627e+05 4.668226069943472976e+05 4.668227629541098140e+05 4.382513209127635346e+05 4.668225130551961483e+05 4.668226190471160808e+05 2.509041538650797447e+05 4.096799449401908787e+05 3.658839159385928069e+05 3.114965850075530470e+05 4.363466414166532340e+05 4.439657101680501364e+05 4.668227500720331445e+05 4.668226360970035894e+05 3.988683771843027789e+05 4.439656539160630782e+05 4.668225260602232884e+05 4.668224216079342295e+05 1.178330108619771345e+05 3.758876292809541337e+05 4.668224600925486302e+05 4.668224966669451678e+05
1.864989064395106689e+05 1.979275715729926305e+05 1.511680097649183008e+05 1.979271256897168641e+05 1.979273380911174172e+05 1.979274071719438653e+05 1.693561574782894459e+05 1.979272063210442720e+05 1.979274053153192217e+05 2.994946330937825260e+05 1.175996083923972474e+05 1.133964443235116923e+05 1.982670152313485160e+05 1.621452277284174634e+05 1.750703168210198637e+05 1.979275674906074419e+05 1.979273826488176128e+05 8.072430599516350776e+04 1.750703797391063417e+05 1.979272469192169956e+05 1.979270350121599331e+05 3.758876292809541919e+05 4.503794062889149791e+04 1.979271727798778738e+05 1.979273437989859958e+05
4.000173144436018629e+04 1.469546016124755988e+04 1.084521746819279942e+05 9.536143341963196907e-01 1.143010337031274321e+04 1.143020801160531482e+04 8.148654932656862366e+04 1.223871508186590074e+00 1.143015408915779517e+04 3.922710735310780001e+05 1.376887513903525250e+05 2.418278015948156535e+05 3.015185271610425552e+05 9.695965781814005459e+04 5.175995340695678897e+04 2.357305649440058551e+04 1.143010991415983699e+04 1.658788775641803804e+05 6.611334841964897350e+04 1.246344566581957913e+00 8.616495293259963661e-01 4.668224600925486302e+05 1.979271727798778738e+05 5.899789405823774313e-01 9.389130191701515287e+03
3.898143917189478816e+04 1.367511255111580613e+04 1.084523964287184644e+05 9.389025319125656097e+03 3.062688187340452714e+03 3.062892991102403812e+03 8.148673296241374919e+04 9.389134979257083614e+03 3.062748183533031806e+03 3.922711663780392846e+05 1.376890189388715371e+05 2.418279115775848040e+05 3.015186123504741699e+05 9.695986952611534798e+04 5.135927135050782090e+04 2.255272606268192976e+04 3.062713807034132060e+03 1.658790647072764114e+05 6.611354387509604567e+04 9.389111950759634055e+03 9.388819826752242079e+03 4.668224966669451678e+05 1.979273437989859958e+05 9.389130191701515287e+03 3.572056448125478710e+03
