6.255939186243815175e-01 3.371526372641602065e+05 4.903510781862728436e+03 1.517436190819510375e+05 1.610809518400235538e+04 1.715401517404518090e+05 4.735195800394056132e+05 2.794096686862505157e+05 3.269517643472098371e+03 4.903314996705564226e+03 3.052749590174663899e+04 1.079516233692557670e+00 4.903304085517908788e+03 1.987993801808180579e+05 1.270162273607638053e+05 4.060238113971544080e+05 7.237931464934280484e+03 4.903010065927061987e+03 6.660234563567992882e+04 4.472876758440693084e+04 2.349171224400300707e+05 1.093145888169719360e+00 4.903483090296821501e+03 1.051823232249635475e+05 1.960959425457361795e+04
3.371526372641602647e+05 9.337894381178841286e+04 3.371526896567376680e+05 2.726663362031117431e+05 3.371528430272458354e+05 2.612081031087223673e+05 3.028473015994207817e+05 1.782403480440792919e+05 3.371527876303729136e+05 3.371526725478785811e+05 3.297999852379690274e+05 3.371525540047077229e+05 3.371525454625750426e+05 2.463610454537835903e+05 2.808807054817283060e+05 2.213817647556758020e+05 3.371527553203157149e+05 3.371525174643669743e+05 3.153664249006517930e+05 3.216602448616922484e+05 2.105785740903164842e+05 3.371525816750328522e+05 3.371527212468623766e+05 2.855745359283183934e+05 3.371527783052553423e+05
4.903510781862728436e+03 3.371526896567376680e+05 6.131188830109575161e-01 1.517436995643752161e+05 1.610827638968599604e+04 1.715402156318706111e+05 4.735195509000798338e+05 2.794098426101715886e+05 8.171498723913142385e+03 1.417305944538812534e+00 3.052775363419856149e+04 4.903376798551224056e+03 1.314444256092474506e+00 1.987994567277403548e+05 1.270163987289267534e+05 4.060238191696393769e+05 1.213978414384374446e+04 1.205468191298035618e+00 6.660238510083031724e+04 4.472893635726577486e+04 2.349172752402142214e+05 4.903469542243359683e+03 1.316822454811911403e+00 1.051824848600726255e+05 1.960958404211215748e+04
1.517436190819510375e+05 2.726663362031116849e+05 1.517436995643752161e+05 1.610626395243502702e+04 1.456412787857933727e+05 5.967650019697171956e+04 4.139958757243280997e+05 2.047926886325967498e+05 1.484757743035768217e+05 1.517436914375429624e+05 1.401891310426380078e+05 1.517433669546945021e+05 1.517435744543447800e+05 1.063353368099848740e+05 5.911488256879024266e+04 3.465003091407738975e+05 1.468417938991674164e+05 1.517432652653521218e+05 1.247102228318875568e+05 1.322104731335009274e+05 1.554700130899313954e+05 1.517435015085261839e+05 1.517436645908746286e+05 7.985011793244902219e+04 1.453634021129315370e+05
1.610809518400235538e+04 3.371528430272458936e+05 1.610827638968599604e+04 1.456412787857933727e+05 2.001478010763858038e+03 1.666384062236976170e+05 4.735196616485184059e+05 2.794098313066132832e+05 1.284007666913321191e+04 1.610812618459998885e+04 2.422502986840530866e+04 1.610790909777478191e+04 1.610813992928663356e+04 1.966209855325791577e+05 1.256157443532244361e+05 4.060240223753175815e+05 8.871705143853303525e+03 1.610776868564386132e+04 6.029995943207440723e+04 3.842640371949283144e+04 2.349173408118561492e+05 1.610802641102454072e+04 1.610822878819590915e+04 1.037819621694690286e+05 6.693036914314978276e+03
1.715401517404518090e+05 2.612081031087223091e+05 1.715402156318706111e+05 5.967650019697172684e+04 1.666384062236976170e+05 3.855196997023971198e+04 4.073433438877392327e+05 1.865518853221751051e+05 1.682722876493811491e+05 1.715402367310259142e+05 1.641873266784418083e+05 1.715399342498923943e+05 1.715400458297583682e+05 7.091716156235490052e+04 9.438790224737387325e+04 3.398475595154644689e+05 1.666383145339186012e+05 1.715398343364550383e+05 1.511782169310059689e+05 1.558835317335989967e+05 1.255118031548655708e+05 1.715400081351190747e+05 1.715401354760815739e+05 1.111078800139959931e+05 1.693616144211453793e+05
4.735195800394056132e+05 3.028473015994207235e+05 4.735195509000797756e+05 4.139958757243280997e+05 4.735196616485182312e+05 4.073433438877392327e+05 1.211501310477411898e+05 3.466093984469174757e+05 4.735196683543433901e+05 4.735195702554190648e+05 4.661668405373379937e+05 4.735194713577965158e+05 4.735194357065861695e+05 3.945437658259940799e+05 4.163302689781250665e+05 2.451798642120362492e+05 4.735195816286241752e+05 4.735194413641674328e+05 4.490098989797807299e+05 4.577244655192056089e+05 3.682431599450742942e+05 4.735194925635114196e+05 4.735194858591295197e+05 4.195983262704058434e+05 4.735196147541268147e+05
2.794096686862505157e+05 1.782403480440792919e+05 2.794098426101715304e+05 2.047926886325968080e+05 2.794098313066132832e+05 1.865518853221751051e+05 3.466093984469174757e+05 6.725577553779282607e+04 2.794097870449193288e+05 2.794096953483318794e+05 2.720569878081638017e+05 2.794095233835152467e+05 2.794096888225236326e+05 1.677164737035968283e+05 2.196736361084018718e+05 2.754629763565553585e+05 2.794098950067638652e+05 2.794094584343604511e+05 2.590480912131400837e+05 2.637534350293689058e+05 1.256679509432748891e+05 2.794095476134705823e+05 2.794098373719980591e+05 2.293584093411361682e+05 2.794099557304320624e+05
3.269517643472098371e+03 3.371527876303728553e+05 8.171498723913142385e+03 1.484757743035768217e+05 1.284007666913321191e+04 1.682722876493811491e+05 4.735196683543435647e+05 2.794097870449193288e+05 2.179355549049001638e+03 8.171436710843574474e+03 3.052757456982156145e+04 3.269346430206153855e+03 8.171503614610876866e+03 1.973470860266841191e+05 1.270162814864704560e+05 4.060238885874274420e+05 3.969681668046423056e+03 8.171136547146022167e+03 6.660245736929314444e+04 4.472896072553983686e+04 2.349172406127352733e+05 3.269432385217518458e+03 8.171498290573514168e+03 1.051824165799080220e+05 1.815715739656936421e+04
4.903314996705564226e+03 3.371526725478785229e+05 1.417305944538812534e+00 1.517436914375429624e+05 1.610812618459998885e+04 1.715402367310259142e+05 4.735195702554191230e+05 2.794096953483319376e+05 8.171436710843574474e+03 6.233028069498205426e-01 3.052764678684939645e+04 4.903216403857201840e+03 1.360861860668961532e+00 1.987994375428139174e+05 1.270163097012787184e+05 4.060238229493999388e+05 1.213987283787894739e+04 1.034617236052981948e+00 6.660247417387820315e+04 4.472893940065482457e+04 2.349171222064863250e+05 4.903291323083922180e+03 1.365841112504609267e+00 1.051823969193159428e+05 1.960966844430476704e+04
3.052749590174663899e+04 3.297999852379690274e+05 3.052775363419856512e+04 1.401891310426380078e+05 2.422502986840531230e+04 1.641873266784418083e+05 4.661668405373380519e+05 2.720569878081638599e+05 3.052757456982156145e+04 3.052764678684939645e+04 9.298287433455036080e+03 3.052728643606968762e+04 3.052761517269321121e+04 1.914465745357533742e+05 1.098594567426404101e+05 3.986710194165999419e+05 3.052767613360527321e+04 3.052722587038765778e+04 4.097849619689155952e+04 1.896106676979134863e+04 2.275643300449147355e+05 3.052742749627632656e+04 3.052770833286463312e+04 8.802549063347083575e+04 1.753342253978420558e+04
1.079516233692557670e+00 3.371525540047076647e+05 4.903376798551224056e+03 1.517433669546945021e+05 1.610790909777478373e+04 1.715399342498923943e+05 4.735194713577966322e+05 2.794095233835152467e+05 3.269346430206153855e+03 4.903216403857201840e+03 3.052728643606968762e+04 4.891208510813532251e-01 4.903161584957279956e+03 1.987991846146847529e+05 1.270159624508222332e+05 4.060236893500614096e+05 7.237766829231069096e+03 4.902782660356261658e+03 6.660210002141461882e+04 4.472856580278657930e+04 2.349169243953522528e+05 9.261406818753827874e-01 4.903345269280006505e+03 1.051820667569030775e+05 1.960938392198646034e+04
4.903304085517908788e+03 3.371525454625749844e+05 1.314444256092474506e+00 1.517435744543447800e+05 1.610813992928663174e+04 1.715400458297583682e+05 4.735194357065861113e+05 2.794096888225236908e+05 8.171503614610876866e+03 1.360861860668961532e+00 3.052761517269321121e+04 4.903161584957279956e+03 6.203706964780268951e-01 1.987992426480005379e+05 1.270162697787884244e+05 4.060236798326423159e+05 1.213977055634702992e+04 9.796451734386040222e-01 6.660229113316963776e+04 4.472877671501894656e+04 2.349171166022541292e+05 4.903226077364738558e+03 1.318324236129437388e+00 1.051824123363108083e+05 1.960950257553528354e+04
1.987993801808180870e+05 2.463610454537835903e+05 1.987994567277403548e+05 1.063353368099848740e+05 1.966209855325791868e+05 7.091716156235490052e+04 3.945437658259940217e+05 1.677164737035968283e+05 1.973470860266841191e+05 1.987994375428139174e+05 1.914465745357533742e+05 1.987991846146847529e+05 1.987992426480005379e+05 2.213129595430839981e+04 1.299098435265548032e+05 3.270479740821611485e+05 1.966208373788322206e+05 1.987991237529288337e+05 1.742897108055558638e+05 1.809093753437238338e+05 9.702046374162995198e+04 1.987992276424358424e+05 1.987993824714590446e+05 1.438459764294935449e+05 1.978312397654071101e+05
1.270162273607638053e+05 2.808807054817283060e+05 1.270163987289267534e+05 5.911488256879024993e+04 1.256157443532244361e+05 9.438790224737385870e+04 4.163302689781251247e+05 2.196736361084019591e+05 1.270162814864704560e+05 1.270163097012787184e+05 1.098594567426404101e+05 1.270159624508222332e+05 1.270162697787884244e+05 1.299098435265548324e+05 1.962360013823227200e+04 3.488345744244527887e+05 1.270164191125038633e+05 1.270158820872267243e+05 8.429922745148401009e+04 9.963476853806349391e+04 1.734767816997980117e+05 1.270161046147022425e+05 1.270164029802194855e+05 3.387816565663881192e+04 1.193911402891698817e+05
4.060238113971544080e+05 2.213817647556757729e+05 4.060238191696392023e+05 3.465003091407738975e+05 4.060240223753174068e+05 3.398475595154644689e+05 2.451798642120362492e+05 2.754629763565553003e+05 4.060238885874272091e+05 4.060238229493997642e+05 3.986710194165999419e+05 4.060236893500614096e+05 4.060236798326423159e+05 3.270479740821611485e+05 3.488345744244527887e+05 1.012468949667525449e+05 4.060238996942401864e+05 4.060236852569598122e+05 3.815141517377237906e+05 3.902287441313666059e+05 2.999085927762439242e+05 4.060237521483165910e+05 4.060237664842252270e+05 3.521024825892887311e+05 4.060239565155285527e+05
7.237931464934280484e+03 3.371527553203155985e+05 1.213978414384374446e+04 1.468417938991674455e+05 8.871705143853303525e+03 1.666383145339186012e+05 4.735195816286241752e+05 2.794098950067638652e+05 3.969681668046422601e+03 1.213987283787894739e+04 3.052767613360527321e+04 7.237766829231069096e+03 1.213977055634702992e+04 1.966208373788321915e+05 1.270164191125038778e+05 4.060238996942403028e+05 2.446056741363910533e+03 1.213954848077895622e+04 6.660241829258779762e+04 4.472893078566636541e+04 2.349173295210205833e+05 7.237847233216839413e+03 1.213979599081645392e+04 1.051825379099729325e+05 1.531884583945267696e+04
4.903010065927061987e+03 3.371525174643669161e+05 1.205468191298035618e+00 1.517432652653521218e+05 1.610776868564386132e+04 1.715398343364550383e+05 4.735194413641674328e+05 2.794094584343605675e+05 8.171136547146022167e+03 1.034617236052981948e+00 3.052722587038765778e+04 4.902782660356261658e+03 9.796451734386039112e-01 1.987991237529288337e+05 1.270158820872267243e+05 4.060236852569599287e+05 1.213954848077895622e+04 3.850726003268554742e-01 6.660206040138256503e+04 4.472853239344058238e+04 2.349168585753146908e+05 4.902888689006972527e+03 1.171368858609584951e+00 1.051819942504333885e+05 1.960928740220555483e+04
6.660234563567992882e+04 3.153664249006517930e+05 6.660238510083031724e+04 1.247102228318875568e+05 6.029995943207440723e+04 1.511782169310059689e+05 4.490098989797807881e+05 2.590480912131401419e+05 6.660245736929314444e+04 6.660247417387820315e+04 4.097849619689155952e+04 6.660210002141461882e+04 6.660229113316963776e+04 1.742897108055558638e+05 8.429922745148401009e+04 3.815141517377239070e+05 6.660241829258779762e+04 6.660206040138256503e+04 3.094077261211639780e+03 2.971606974699764760e+04 2.104075787422860740e+05 6.660224052500219841e+04 6.660239972188373213e+04 5.965816493479023484e+04 5.407515398910682416e+04
4.472876758440693084e+04 3.216602448616921320e+05 4.472893635726576031e+04 1.322104731335009274e+05 3.842640371949283144e+04 1.558835317335989967e+05 4.577244655192054342e+05 2.637534350293689058e+05 4.472896072553983686e+04 4.472893940065482457e+04 1.896106676979134863e+04 4.472856580278657930e+04 4.472877671501894656e+04 1.809093753437238338e+05 9.963476853806352301e+04 3.902287441313666059e+05 4.472893078566636541e+04 4.472853239344058238e+04 2.971606974699765487e+04 9.547970099396321530e+03 2.170273232073801919e+05 4.472868192193557479e+04 4.472887590844467923e+04 7.302701489368871262e+04 3.187923271384837790e+04
2.349171224400300416e+05 2.105785740903164842e+05 2.349172752402141632e+05 1.554700130899313954e+05 2.349173408118561201e+05 1.255118031548655708e+05 3.682431599450742360e+05 1.256679509432748891e+05 2.349172406127351860e+05 2.349171222064862959e+05 2.275643300449146482e+05 2.349169243953522237e+05 2.349171166022540419e+05 9.702046374162995198e+04 1.734767816997980117e+05 2.999085927762439242e+05 2.349173295210205542e+05 2.349168585753146617e+05 2.104075787422860449e+05 2.170273232073801919e+05 4.614169795409449580e+04 2.349169495495809824e+05 2.349172700685036834e+05 1.848657248974466347e+05 2.349174020005647035e+05
1.093145888169719360e+00 3.371525816750327940e+05 4.903469542243359683e+03 1.517435015085261839e+05 1.610802641102454072e+04 1.715400081351190747e+05 4.735194925635114196e+05 2.794095476134706405e+05 3.269432385217518458e+03 4.903291323083922180e+03 3.052742749627632656e+04 9.261406818753827874e-01 4.903226077364738558e+03 1.987992276424358133e+05 1.270161046147022425e+05 4.060237521483167657e+05 7.237847233216838504e+03 4.902888689006972527e+03 6.660224052500219841e+04 4.472868192193557479e+04 2.349169495495810406e+05 5.844741576137426620e-01 4.903461236911505694e+03 1.051822085224209732e+05 1.960953799126055674e+04
4.903483090296821501e+03 3.371527212468623766e+05 1.316822454811911403e+00 1.517436645908746286e+05 1.610822878819590915e+04 1.715401354760815448e+05 4.735194858591295779e+05 2.794098373719980591e+05 8.171498290573514168e+03 1.365841112504609267e+00 3.052770833286463312e+04 4.903345269280006505e+03 1.318324236129437388e+00 1.987993824714590446e+05 1.270164029802195000e+05 4.060237664842253434e+05 1.213979599081645028e+04 1.171368858609584951e+00 6.660239972188373213e+04 4.472887590844467923e+04 2.349172700685037125e+05 4.903461236911505694e+03 6.223490429875281338e-01 1.051824934283620823e+05 1.960959331435219792e+04
1.051823232249635475e+05 2.855745359283183934e+05 1.051824848600726255e+05 7.985011793244902219e+04 1.037819621694690286e+05 1.111078800139959931e+05 4.195983262704058434e+05 2.293584093411361973e+05 1.051824165799080220e+05 1.051823969193159428e+05 8.802549063347083575e+04 1.051820667569030775e+05 1.051824123363108083e+05 1.438459764294935449e+05 3.387816565663881192e+04 3.521024825892887311e+05 1.051825379099729325e+05 1.051819942504333885e+05 5.965816493479024211e+04 7.302701489368871262e+04 1.848657248974466638e+05 1.051822085224209732e+05 1.051824934283620823e+05 1.108510848586845532e+04 9.755730366463233077e+04
1.960959425457361795e+04 3.371527783052553423e+05 1.960958404211215748e+04 1.453634021129315370e+05 6.693036914314980095e+03 1.693616144211453793e+05 4.735196147541268147e+05 2.794099557304321206e+05 1.815715739656936421e+04 1.960966844430476704e+04 1.753342253978420558e+04 1.960938392198646034e+04 1.960950257553528354e+04 1.978312397654071101e+05 1.193911402891698817e+05 4.060239565155285527e+05 1.531884583945267877e+04 1.960928740220555483e+04 5.407515398910682416e+04 3.187923271384837790e+04 2.349174020005647035e+05 1.960953799126056037e+04 1.960959331435219792e+04 9.755730366463234532e+04 3.266170032738821192e+03
