9.476836350320793079e-01 6.666908752463196288e+04 6.666896368011608138e+04 1.383321810470550554e+05 6.666858090731725679e+04 6.666879401112921187e+04 6.666838887641210749e+04 5.333343750000000000e+05 6.666860388784779934e+04 6.666882766375919164e+04 4.755424073747677612e+05 6.666899197157465096e+04 6.666906336285803991e+04 3.313973157565654838e+05 6.666857965042811702e+04 6.666906995517347241e+04 6.666876039944904915e+04 6.666863356618917896e+04 6.666863256485675811e+04 6.666869063597745844e+04 6.666869243925185583e+04 2.666686078011337086e+05 6.666826755037042312e+04 6.666902193453932705e+04 6.666838782745793287e+04
6.666908752463196288e+04 3.333455336670508404e+04 6.666905452850827714e+04 1.327761686887591204e+05 6.666871899083456083e+04 6.666895521702764381e+04 6.666860101626784308e+04 5.333342386363636469e+05 6.666876769222550502e+04 6.666910012618516339e+04 4.755422539895707159e+05 6.296555132967388636e+04 6.666927546664397232e+04 3.313972906080338289e+05 6.666859584994580655e+04 6.666909316252474673e+04 6.666885517568737851e+04 6.666877831983892247e+04 6.666909307380815153e+04 6.666877539472719945e+04 6.481700379915891972e+04 2.666688329574888921e+05 6.666840614436511532e+04 6.666921280213196587e+04 6.666867226998279511e+04
6.666896368011608138e+04 6.666905452850827714e+04 1.026679173535118172e+00 1.383320895518436737e+05 1.947618258953520476e+00 2.191612403567282819e+00 1.705341473191197776e+00 5.333345083333331859e+05 2.140170217675783970e+00 1.917869128848036064e+00 4.755421089363014908e+05 2.222439964194158892e+04 2.268477883223197988e+00 3.313971359975927044e+05 1.955086198211715143e+00 2.109380980513352988e+00 2.069934749142622099e+00 2.132147582932219176e+00 2.101124476946178987e+00 2.091534434736358250e+00 6.666905725033816998e+04 2.666685510965131689e+05 1.410531124524362800e+00 2.332243042968917379e+00 1.949640345337524838e+00
1.383321810470550263e+05 1.327761686887590913e+05 1.383320895518436737e+05 1.160827656931481615e+05 1.383316040205492463e+05 1.383320208384422294e+05 1.383315713154615951e+05 5.220769573935083463e+05 1.383316569710095355e+05 1.383319123296545004e+05 4.642851212851298042e+05 1.383320844293515547e+05 1.383319749028675142e+05 3.192263485894867335e+05 1.383314785372584010e+05 1.383319876027565042e+05 1.383319374775022734e+05 1.383317571650870959e+05 1.383321300210362824e+05 1.383316619322077604e+05 1.383320134795874474e+05 2.283243961877717520e+05 1.383313533003808698e+05 1.383320644677689997e+05 1.383316904881098017e+05
6.666858090731725679e+04 6.666871899083456083e+04 1.947618258953520032e+00 1.383316040205492754e+05 8.752380052530009946e-01 1.890865747237083783e+00 1.307408522750858504e+00 5.333341462542086374e+05 1.595877126128429024e+00 1.703457551797080693e+00 4.755420525449294946e+05 2.222434343067454756e+04 1.918492972684427311e+00 3.313969075396089465e+05 1.538994668862911475e+00 1.928452964132481906e+00 1.757964925899023312e+00 1.448618872895597098e+00 2.014779473747642324e+00 1.537137433393504615e+00 6.666871721239027102e+04 2.666681803434643080e+05 1.072140060608901102e+00 1.924985059594237491e+00 1.442621746466620669e+00
6.666879401112924097e+04 6.666895521702767292e+04 2.191612403567283263e+00 1.383320208384422876e+05 1.890865747237083783e+00 8.936750592518150071e-01 1.673732099803405760e+00 5.333341749999999302e+05 1.974839342526773178e+00 1.882468293411269533e+00 4.755423348050304921e+05 2.222458597940483014e+04 2.068178893891487569e+00 3.313969367137808586e+05 1.721935641498888447e+00 1.949337879315846234e+00 1.703315207365286188e+00 1.851814403925115871e+00 2.170429444157996546e+00 1.882621495662943234e+00 6.666865040365722962e+04 2.666684925546996528e+05 1.355888152961751025e+00 2.004538702707245434e+00 1.754423083485234569e+00
6.666838887641210749e+04 6.666860101626784308e+04 1.705341473191197776e+00 1.383315713154615951e+05 1.307408522750858504e+00 1.673732099803405760e+00 7.428520276154434443e-01 5.333340674242422683e+05 1.621742002942480498e+00 1.567488087076597925e+00 4.755420272017481620e+05 2.222405315333682302e+04 1.689249759564794617e+00 3.313967585151590174e+05 1.258342377905844689e+00 1.691107809199130063e+00 1.630900384091079180e+00 1.418700807909216710e+00 1.775070639291340679e+00 1.509184237660472272e+00 6.666839497058065899e+04 2.666682100972956978e+05 8.147858547795250317e-01 1.703880621628720116e+00 1.217907312144325127e+00
5.333343749999998836e+05 5.333342386363635305e+05 5.333345083333331859e+05 5.220769573935083463e+05 5.333341462542085210e+05 5.333341749999999302e+05 5.333340674242422683e+05 2.213140948327615915e+05 5.333342833333333256e+05 5.333343824074072763e+05 3.719577604228657437e+05 5.333343083333332324e+05 5.333344342592592584e+05 4.308587870038707042e+05 5.333341386363634374e+05 5.333344416666665347e+05 5.333342416666665813e+05 5.333342120370368939e+05 5.333343083333332324e+05 5.333341536195285153e+05 5.333342638888884103e+05 4.666678194444443798e+05 5.333341083333332790e+05 5.333342638888887595e+05 5.333340562499999069e+05
6.666860388784778479e+04 6.666876769222547591e+04 2.140170217675783970e+00 1.383316569710095355e+05 1.595877126128429024e+00 1.974839342526773178e+00 1.621742002942480276e+00 5.333342833333332092e+05 9.043255013747906190e-01 1.727800218475767924e+00 4.755421338178863516e+05 2.222435261722635187e+04 2.035856969733389032e+00 3.313969344970343518e+05 1.622905404802291729e+00 2.038898716006120271e+00 1.798000260129051675e+00 1.589201822104742590e+00 2.116347589955845709e+00 1.611001516882190732e+00 6.666886378959342255e+04 2.666683214727771119e+05 1.240730050808857898e+00 2.121209042976951675e+00 1.618433493172756199e+00
6.666882766375919164e+04 6.666910012618516339e+04 1.917869128848036064e+00 1.383319123296545295e+05 1.703457551797080471e+00 1.882468293411269755e+00 1.567488087076597925e+00 5.333343824074072763e+05 1.727800218475767924e+00 9.239587913670912478e-01 4.755421495426782640e+05 2.222456662690015582e+04 1.852984201799016795e+00 3.313969412615198526e+05 1.753530036462763952e+00 1.847816790021838074e+00 1.844060990235892872e+00 1.780537462926504055e+00 2.274445961768896129e+00 1.760813475055093003e+00 6.666890796943588066e+04 2.666682968894022051e+05 1.250220974228883897e+00 2.007981409772127801e+00 1.714668151527141582e+00
4.755424073747678194e+05 4.755422539895707159e+05 4.755421089363014908e+05 4.642851212851299206e+05 4.755420525449294946e+05 4.755423348050304921e+05 4.755420272017481620e+05 3.719577604228657437e+05 4.755421338178864098e+05 4.755421495426783222e+05 2.455943174152161810e+05 4.755422013090667315e+05 4.755422930254927487e+05 3.662379119669462671e+05 4.755420811667225789e+05 4.755421601629698998e+05 4.755422187696770416e+05 4.755421871255845763e+05 4.755423244662530487e+05 4.755420812180241919e+05 4.755424774055482703e+05 4.078339955644100555e+05 4.755419209947922500e+05 4.755422081426506629e+05 4.755420420134786400e+05
6.666899197157465096e+04 6.296555132967387908e+04 2.222439964194158165e+04 1.383320844293515838e+05 2.222434343067454756e+04 2.222458597940481923e+04 2.222405315333682302e+04 5.333343083333332324e+05 2.222435261722634459e+04 2.222456662690015582e+04 4.755422013090666151e+05 2.963080332209430708e+04 2.222440597332004472e+04 3.313969741605976596e+05 2.222412050602535601e+04 2.222449744260687294e+04 2.222452391675525359e+04 2.222433836477278237e+04 2.222455127078781516e+04 2.222435186876010266e+04 6.296529930576486367e+04 2.666686518909022561e+05 2.222386295038991739e+04 2.222428503235112657e+04 2.222412578987496090e+04
6.666906336285803991e+04 6.666927546664397232e+04 2.268477883223197988e+00 1.383319749028675433e+05 1.918492972684427533e+00 2.068178893891487569e+00 1.689249759564794617e+00 5.333344342592592584e+05 2.035856969733389032e+00 1.852984201799016795e+00 4.755422930254926905e+05 2.222440597332004472e+04 8.657534936568755946e-01 3.313970261748488410e+05 1.761408214754618173e+00 1.662685506984705075e+00 1.993843590558030288e+00 1.847753466332792582e+00 2.514038412083901886e+00 2.062834386434278855e+00 6.666900378221183200e+04 2.666682827988347271e+05 1.375641821893656802e+00 1.504611757212364065e+00 1.760823128657093006e+00
3.313973157565654838e+05 3.313972906080337707e+05 3.313971359975927044e+05 3.192263485894867335e+05 3.313969075396089465e+05 3.313969367137808586e+05 3.313967585151590174e+05 4.308587870038706460e+05 3.313969344970343518e+05 3.313969412615198526e+05 3.662379119669462088e+05 3.313969741605976596e+05 3.313970261748488410e+05 1.931474523800912721e+05 3.313965990840432351e+05 3.313970349198243930e+05 3.313970738844182342e+05 3.313968548971778364e+05 3.313971720219974522e+05 3.313968349387856433e+05 3.313970876361386036e+05 2.616052919640064065e+05 3.313966269274189253e+05 3.313969455411786912e+05 3.313968093600681168e+05
6.666857965042811702e+04 6.666859584994580655e+04 1.955086198211715143e+00 1.383314785372584302e+05 1.538994668862911475e+00 1.721935641498888447e+00 1.258342377905844689e+00 5.333341386363635538e+05 1.622905404802291729e+00 1.753530036462763952e+00 4.755420811667225789e+05 2.222412050602535237e+04 1.761408214754618173e+00 3.313965990840432351e+05 7.985974315451602745e-01 1.769931259435346016e+00 1.732708911865949775e+00 1.456348025797800982e+00 2.038826141956895377e+00 1.493477204840111039e+00 6.666848041064752033e+04 2.666680299860156374e+05 1.010654366087854195e+00 1.772061895626230177e+00 1.276244085922574989e+00
6.666906995517347241e+04 6.666909316252474673e+04 2.109380980513352988e+00 1.383319876027565333e+05 1.928452964132482128e+00 1.949337879315846456e+00 1.691107809199130285e+00 5.333344416666665347e+05 2.038898716006120271e+00 1.847816790021838074e+00 4.755421601629697834e+05 2.222449744260687294e+04 1.662685506984705075e+00 3.313970349198243930e+05 1.769931259435346016e+00 9.300883889583828612e-01 2.165164058893316312e+00 1.879088996007675760e+00 2.478328418200216987e+00 2.100967938677511526e+00 6.666901026623926009e+04 2.666683316150098108e+05 1.400889607915738244e+00 1.821604575819911531e+00 1.788716584061887716e+00
6.666876039944904915e+04 6.666885517568737851e+04 2.069934749142622099e+00 1.383319374775023316e+05 1.757964925899023312e+00 1.703315207365285966e+00 1.630900384091079180e+00 5.333342416666666977e+05 1.798000260129051675e+00 1.844060990235892650e+00 4.755422187696770416e+05 2.222452391675525359e+04 1.993843590558030288e+00 3.313970738844181178e+05 1.732708911865949775e+00 2.165164058893316312e+00 8.725859641185929050e-01 1.820313920222435211e+00 1.938250776103700446e+00 1.789931555693761167e+00 6.666881713532125286e+04 2.666685915919062099e+05 1.267272022383858721e+00 1.967036552628119495e+00 1.772336545522472884e+00
6.666863356618917896e+04 6.666877831983892247e+04 2.132147582932219176e+00 1.383317571650871250e+05 1.448618872895597098e+00 1.851814403925115871e+00 1.418700807909216710e+00 5.333342120370368939e+05 1.589201822104742590e+00 1.780537462926504055e+00 4.755421871255845763e+05 2.222433836477278237e+04 1.847753466332793026e+00 3.313968548971778364e+05 1.456348025797800982e+00 1.879088996007675760e+00 1.820313920222435211e+00 8.363406653588036921e-01 2.124687532147270463e+00 1.657775872908876735e+00 6.666874294916256622e+04 2.666681870677567786e+05 1.160288931689495762e+00 1.864376326209591594e+00 1.475838249392004364e+00
6.666863256485675811e+04 6.666909307380815153e+04 2.101124476946178987e+00 1.383321300210363406e+05 2.014779473747642324e+00 2.170429444157996546e+00 1.775070639291340679e+00 5.333343083333332324e+05 2.116347589955845709e+00 2.274445961768895685e+00 4.755423244662530487e+05 2.222455127078781879e+04 2.514038412083901886e+00 3.313971720219974522e+05 2.038826141956895377e+00 2.478328418200216987e+00 1.938250776103700446e+00 2.124687532147270463e+00 1.093483225840646611e+00 2.033901321671738316e+00 6.666893221345976053e+04 2.666687156592098181e+05 1.491960766971083485e+00 2.368597370470004293e+00 1.997793611955378301e+00
6.666869063597744389e+04 6.666877539472717035e+04 2.091534434736358250e+00 1.383316619322077604e+05 1.537137433393504615e+00 1.882621495662943234e+00 1.509184237660472272e+00 5.333341536195283988e+05 1.611001516882190954e+00 1.760813475055093003e+00 4.755420812180240173e+05 2.222435186876010266e+04 2.062834386434278855e+00 3.313968349387856433e+05 1.493477204840111039e+00 2.100967938677511526e+00 1.789931555693761167e+00 1.657775872908876735e+00 2.033901321671738316e+00 1.041697395871072018e+00 6.666887700430497352e+04 2.666681972260070615e+05 1.167152389169116455e+00 1.981230241941454695e+00 1.604344631785403319e+00
6.666869243925185583e+04 6.481700379915890517e+04 6.666905725033816998e+04 1.383320134795874765e+05 6.666871721239027102e+04 6.666865040365722962e+04 6.666839497058064444e+04 5.333342638888885267e+05 6.666886378959342255e+04 6.666890796943586611e+04 4.755424774055482703e+05 6.296529930576486367e+04 6.666900378221183200e+04 3.313970876361386036e+05 6.666848041064752033e+04 6.666901026623924554e+04 6.666881713532123831e+04 6.666874294916256622e+04 6.666893221345976053e+04 6.666887700430497352e+04 1.851968180454101821e+04 2.666687502816778724e+05 6.666831295215891441e+04 6.666899309631873621e+04 6.666843304310837993e+04
2.666686078011337668e+05 2.666688329574889503e+05 2.666685510965131689e+05 2.283243961877717520e+05 2.666681803434643662e+05 2.666684925546996528e+05 2.666682100972956978e+05 4.666678194444444380e+05 2.666683214727771701e+05 2.666682968894022051e+05 4.078339955644101137e+05 2.666686518909023143e+05 2.666682827988347271e+05 2.616052919640064647e+05 2.666680299860156956e+05 2.666683316150098108e+05 2.666685915919062099e+05 2.666681870677567786e+05 2.666687156592098763e+05 2.666681972260071780e+05 2.666687502816779306e+05 1.131727579764050752e+05 2.666680266584634082e+05 2.666684957889466314e+05 2.666682272012679605e+05
6.666826755037042312e+04 6.666840614436511532e+04 1.410531124524363467e+00 1.383313533003808989e+05 1.072140060608901102e+00 1.355888152961751025e+00 8.147858547795250317e-01 5.333341083333331626e+05 1.240730050808857898e+00 1.250220974228883897e+00 4.755419209947922500e+05 2.222386295038991739e+04 1.375641821893656802e+00 3.313966269274189253e+05 1.010654366087854195e+00 1.400889607915738244e+00 1.267272022383858721e+00 1.160288931689495540e+00 1.491960766971082819e+00 1.167152389169116455e+00 6.666831295215891441e+04 2.666680266584633500e+05 4.470433001091794756e-01 1.384099658186036752e+00 1.072300755699090224e+00
6.666902193453935615e+04 6.666921280213198042e+04 2.332243042968917823e+00 1.383320644677690871e+05 1.924985059594237491e+00 2.004538702707245434e+00 1.703880621628720116e+00 5.333342638888887595e+05 2.121209042976951675e+00 2.007981409772127801e+00 4.755422081426506629e+05 2.222428503235113021e+04 1.504611757212364287e+00 3.313969455411787494e+05 1.772061895626230177e+00 1.821604575819911531e+00 1.967036552628119273e+00 1.864376326209591594e+00 2.368597370470004293e+00 1.981230241941454695e+00 6.666899309631875076e+04 2.666684957889466896e+05 1.384099658186036974e+00 1.044524717637180355e+00 1.780180226621352890e+00
6.666838782745793287e+04 6.666867226998278056e+04 1.949640345337524838e+00 1.383316904881098308e+05 1.442621746466620669e+00 1.754423083485234569e+00 1.217907312144325127e+00 5.333340562499999069e+05 1.618433493172756199e+00 1.714668151527141582e+00 4.755420420134786400e+05 2.222412578987495726e+04 1.760823128657093006e+00 3.313968093600681750e+05 1.276244085922574767e+00 1.788716584061887716e+00 1.772336545522472662e+00 1.475838249392004364e+00 1.997793611955378301e+00 1.604344631785403319e+00 6.666843304310839449e+04 2.666682272012679605e+05 1.072300755699090224e+00 1.780180226621352890e+00 8.235185118756356282e-01
