9.286040879487197364e-01 8.333563149524878827e+04 2.071645555466071542e+00 1.932826442488505325e+00 7.330469825747889990e+04 9.064562689841864631e+04 2.003076724673748199e+00 2.087253859663445343e+00 1.379224911368712281e+00 2.051246287965348358e+00 1.998237405511129827e+00 1.937585357216466520e+00 1.932354320483095300e+00 5.357365312143511983e+04 2.777985757403676689e+04 2.054822323433557418e+00 1.461376693848485302e+05 1.948228029413225304e+05 1.843254256271136482e+00 1.969207010794612467e+00 1.388911908308147104e+05 1.644797821426655871e+00 3.931761648535980494e+05 2.034501822481598055e+00 2.904972702544832136e+05
8.333563149524881737e+04 1.200045430606100805e+00 8.333560723868358764e+04 8.333565399940979842e+04 1.003288987903060115e+04 2.274427495964321861e+04 8.333558480269173742e+04 8.333553820766262652e+04 8.333487869481515372e+04 8.333567669088006369e+04 8.333557262890749553e+04 8.333532746364861669e+04 8.333564385233540088e+04 2.976411752966367567e+04 5.555781775901532092e+04 8.333543275519169401e+04 1.064552353960871696e+05 1.670451627465521451e+05 8.333525813013147854e+04 8.333551797207542404e+04 8.333569056697328051e+04 8.333503035648715741e+04 3.653983700425435673e+05 8.333558271605032496e+04 2.627196811374275712e+05
2.071645555466071542e+00 8.333560723868358764e+04 9.245304493302436422e-01 2.063120001530929226e+00 7.330469749921388575e+04 9.064556271790128085e+04 1.856227455215033961e+00 1.856408138516209005e+00 1.323164059316260133e+00 2.011419737804160501e+00 1.860940796631112226e+00 1.833152104293947593e+00 2.104004733167610386e+00 5.357359733959151345e+04 2.777991078415254015e+04 1.928868326407809919e+00 1.461375111472158460e+05 1.948226265663184167e+05 1.781723512212556759e+00 1.943666117979657937e+00 1.388911915988212859e+05 1.627737451535425928e+00 3.931759719161718385e+05 1.921739785472487361e+00 2.904970746610136121e+05
1.932826442488505325e+00 8.333565399940978386e+04 2.063120001530929670e+00 1.070403416248289830e+00 7.330474413718523283e+04 9.064568060743428941e+04 1.988489455154072605e+00 1.973378630241784171e+00 1.392498280271866173e+00 1.803147674561811797e+00 1.945733328242010840e+00 1.881750666659688376e+00 1.951392120171911548e+00 5.357366068071543123e+04 2.777991419018121815e+04 1.979765719189878093e+00 1.461377007539671613e+05 1.948226714284727059e+05 1.882691536484364381e+00 2.046572138820409670e+00 1.388912364002570393e+05 1.681783148759813828e+00 3.931760232146952185e+05 2.005260356621627160e+00 2.904971408248047810e+05
7.330469825747889990e+04 1.003288987903060115e+04 7.330469749921388575e+04 7.330474413718523283e+04 1.281829607974904502e+04 2.720257817642410737e+04 7.330475899734869017e+04 7.330463742265163455e+04 7.330395477752486477e+04 7.330473436816676985e+04 7.330470645521399274e+04 7.330454024713076069e+04 7.330462948247880558e+04 1.973308494846427129e+04 4.552680717285117134e+04 7.330455390594310302e+04 1.064552865498419706e+05 1.670451872133442084e+05 7.330439503094021347e+04 7.330463288991816808e+04 8.333571718899445841e+04 7.330414765630879265e+04 3.653984087920572492e+05 7.330469293725778698e+04 2.627196917423158884e+05
9.064562689841866086e+04 2.274427495964321497e+04 9.064556271790128085e+04 9.064568060743428941e+04 2.720257817642411101e+04 2.667734756901715082e+04 9.064551363583156490e+04 9.064556537121285510e+04 9.064490089917344449e+04 9.064571748155886598e+04 9.064565611321757024e+04 9.064523353605075681e+04 9.064572685552487383e+04 3.707433965929332044e+04 6.286792084890168189e+04 9.064540173380017222e+04 9.683036719223717228e+04 1.512345906436737860e+05 9.064519835679492098e+04 9.064543096928758314e+04 7.371075600024852611e+04 9.064512052543566097e+04 3.653985314842676744e+05 9.064551883260426985e+04 2.547035290080186387e+05
2.003076724673748199e+00 8.333558480269172287e+04 1.856227455215033961e+00 1.988489455154072605e+00 7.330475899734869017e+04 9.064551363583156490e+04 9.532735418611567590e-01 1.924029236130817333e+00 1.318588288304604950e+00 1.884049165948620486e+00 1.887813281466551363e+00 1.816721757884106836e+00 2.121924529764304790e+00 5.357369508421928185e+04 2.777996171489224798e+04 1.879773359336010197e+00 1.461375160065649252e+05 1.948225547888855799e+05 1.771259516085800900e+00 1.821211552135244105e+00 1.388911806041708332e+05 1.643920796203282242e+00 3.931760162212086143e+05 1.797576133816984667e+00 2.904970591246745316e+05
2.087253859663444899e+00 8.333553820766261197e+04 1.856408138516208783e+00 1.973378630241784171e+00 7.330463742265163455e+04 9.064556537121285510e+04 1.924029236130817333e+00 9.744776530551341187e-01 1.325837908171574098e+00 1.949770134669935429e+00 1.922262567415203183e+00 1.772222988286125123e+00 2.060599112966810864e+00 5.357362214609734656e+04 2.777988505116992383e+04 1.738947684032162044e+00 1.461374239107466128e+05 1.948224950984599709e+05 1.652161874878722347e+00 1.851197672859910437e+00 1.388910332494841132e+05 1.561781690804471934e+00 3.931759761751707410e+05 1.865946344085435360e+00 2.904970805303298403e+05
1.379224911368712281e+00 8.333487869481513917e+04 1.323164059316260133e+00 1.392498280271865951e+00 7.330395477752486477e+04 9.064490089917344449e+04 1.318588288304604950e+00 1.325837908171574098e+00 4.502423649373870074e-01 1.344464981192147635e+00 1.322851916836737418e+00 1.118170315650061974e+00 1.420559626604064762e+00 5.357291042083758657e+04 2.777922723921324359e+04 1.210185303877326035e+00 1.461369521653705451e+05 1.948220890565821901e+05 1.069644138277533685e+00 1.235156529957684990e+00 1.388904929108538199e+05 8.526956783173940124e-01 3.931755993398012361e+05 1.244799366388732897e+00 2.904966515139875701e+05
2.051246287965347914e+00 8.333567669088006369e+04 2.011419737804160501e+00 1.803147674561811797e+00 7.330473436816676985e+04 9.064571748155888054e+04 1.884049165948620486e+00 1.949770134669935429e+00 1.344464981192147635e+00 8.391147336596128659e-01 1.853661685894695488e+00 1.903985053836600772e+00 1.947237454437006132e+00 5.357369516082110931e+04 2.778001510310305457e+04 1.911744072882205270e+00 1.461376735566544230e+05 1.948226413357851852e+05 1.864112157124786506e+00 2.004104006493685475e+00 1.388912019428305794e+05 1.722405431302532097e+00 3.931759118110606214e+05 1.989917351491460096e+00 2.904971119458428002e+05
1.998237405511129827e+00 8.333557262890748098e+04 1.860940796631112226e+00 1.945733328242010618e+00 7.330470645521399274e+04 9.064565611321757024e+04 1.887813281466551363e+00 1.922262567415203183e+00 1.322851916836737418e+00 1.853661685894695488e+00 8.717527751926147372e-01 1.861308097738522793e+00 2.047620350459766758e+00 5.357365794473492133e+04 2.777994647767841525e+04 1.929756360917183278e+00 1.461376057723002159e+05 1.948226417693857511e+05 1.807224460418069834e+00 1.979443749151517329e+00 1.388911145276398747e+05 1.681155065004059646e+00 3.931760215093416627e+05 1.989239239256166636e+00 2.904971656791542191e+05
1.937585357216466520e+00 8.333532746364861669e+04 1.833152104293947593e+00 1.881750666659688154e+00 7.330454024713076069e+04 9.064523353605074226e+04 1.816721757884106836e+00 1.772222988286125123e+00 1.118170315650061974e+00 1.903985053836600772e+00 1.861308097738522793e+00 8.445661796951476896e-01 1.900906669762523205e+00 5.357347660119861393e+04 2.777977723842301930e+04 1.516413113348001662e+00 1.461371520760087005e+05 1.948222580688792805e+05 1.371062240679770561e+00 1.692624859790459846e+00 1.388907816689589818e+05 1.325073759155802833e+00 3.931757206229657168e+05 1.665838562428637148e+00 2.904968520203666412e+05
1.932354320483095522e+00 8.333564385233540088e+04 2.104004733167610386e+00 1.951392120171911104e+00 7.330462948247880558e+04 9.064572685552485927e+04 2.121924529764305234e+00 2.060599112966810864e+00 1.420559626604064762e+00 1.947237454437006132e+00 2.047620350459766758e+00 1.900906669762523205e+00 1.031235660547867639e+00 5.357359378379768896e+04 2.777981776629469823e+04 2.014203593473747667e+00 1.461377014499059296e+05 1.948227617386346683e+05 1.791551007691603026e+00 2.052305422127656431e+00 1.388912720044038724e+05 1.664366435198398664e+00 3.931760853567993036e+05 2.085318714419846842e+00 2.904972249426706694e+05
5.357365312143511983e+04 2.976411752966366839e+04 5.357359733959151345e+04 5.357366068071543123e+04 1.973308494846427129e+04 3.707433965929331316e+04 5.357369508421928185e+04 5.357362214609734656e+04 5.357291042083758657e+04 5.357369516082110931e+04 5.357365794473492133e+04 5.357347660119861393e+04 5.357359378379768896e+04 3.685880931513058840e+03 2.579550019991382214e+04 5.357351688398085389e+04 1.073055852052937116e+05 1.670451608116329007e+05 5.357333808334981586e+04 5.357360513474253094e+04 8.531987067032726191e+04 5.357312103002713411e+04 3.653983921404338907e+05 5.357360108178174414e+04 2.627196593060261803e+05
2.777985757403676689e+04 5.555781775901531364e+04 2.777991078415254015e+04 2.777991419018121815e+04 4.552680717285117134e+04 6.286792084890166734e+04 2.777996171489224798e+04 2.777988505116992383e+04 2.777922723921324359e+04 2.778001510310305457e+04 2.777994647767841525e+04 2.777977723842301930e+04 2.777981776629470187e+04 2.579550019991382214e+04 1.033522162732996019e+00 2.777990266032535510e+04 1.183599016788638110e+05 1.670450574547920260e+05 2.777964115868415684e+04 2.777994341317965518e+04 1.111133919415715209e+05 2.777944406394435646e+04 3.653984172636058647e+05 2.777994967287360487e+04 2.627195712488795980e+05
2.054822323433557418e+00 8.333543275519166491e+04 1.928868326407809919e+00 1.979765719189878093e+00 7.330455390594310302e+04 9.064540173380017222e+04 1.879773359336010419e+00 1.738947684032161822e+00 1.210185303877326035e+00 1.911744072882205270e+00 1.929756360917183278e+00 1.516413113348001662e+00 2.014203593473747667e+00 5.357351688398085389e+04 2.777990266032535510e+04 8.755624742694574358e-01 1.461373643892779364e+05 1.948224412541424972e+05 1.525384782938266071e+00 1.726523150374412729e+00 1.388909059879955894e+05 1.528095370574750866e+00 3.931757963111770223e+05 1.776368493160511042e+00 2.904969690820968244e+05
1.461376693848485302e+05 1.064552353960871551e+05 1.461375111472158460e+05 1.461377007539671613e+05 1.064552865498419706e+05 9.683036719223717228e+04 1.461375160065649252e+05 1.461374239107466128e+05 1.461369521653705451e+05 1.461376735566544230e+05 1.461376057723002159e+05 1.461371520760087005e+05 1.461377014499059296e+05 1.073055852052937116e+05 1.183599016788638110e+05 1.461373643892779364e+05 2.431876913395988595e+04 1.071739522479854932e+05 1.461371888405136124e+05 1.461373320644423366e+05 2.312171122983368696e+04 1.461371172105444712e+05 3.217478265508164768e+05 1.461374302608550061e+05 2.190688517770253529e+05
1.948228029413225304e+05 1.670451627465521451e+05 1.948226265663184167e+05 1.948226714284727059e+05 1.670451872133441502e+05 1.512345906436737860e+05 1.948225547888855799e+05 1.948224950984599709e+05 1.948220890565821901e+05 1.948226413357851852e+05 1.948226417693857511e+05 1.948222580688792805e+05 1.948227617386346683e+05 1.670451608116329007e+05 1.670450574547920260e+05 1.948224412541424972e+05 1.071739522479854932e+05 5.064542531540940399e+04 1.948222982278268901e+05 1.948223838689213735e+05 1.290334293117865454e+05 1.948222093925694062e+05 2.747551969876784133e+05 1.948224702648950915e+05 1.504895032201585418e+05
1.843254256271136482e+00 8.333525813013147854e+04 1.781723512212556759e+00 1.882691536484364159e+00 7.330439503094021347e+04 9.064519835679492098e+04 1.771259516085800900e+00 1.652161874878722347e+00 1.069644138277533685e+00 1.864112157124786506e+00 1.807224460418069834e+00 1.371062240679770561e+00 1.791551007691602804e+00 5.357333808334981586e+04 2.777964115868415684e+04 1.525384782938266515e+00 1.461371888405136124e+05 1.948222982278268901e+05 8.147729392530644876e-01 1.600778625227112117e+00 1.388907376738690655e+05 1.232123682480569027e+00 3.931757846352806664e+05 1.634658304509539750e+00 2.904968828178788535e+05
1.969207010794612467e+00 8.333551797207540949e+04 1.943666117979657937e+00 2.046572138820409670e+00 7.330463288991816808e+04 9.064543096928758314e+04 1.821211552135244105e+00 1.851197672859910215e+00 1.235156529957684990e+00 2.004104006493685475e+00 1.979443749151517329e+00 1.692624859790459846e+00 2.052305422127656431e+00 5.357360513474253094e+04 2.777994341317965518e+04 1.726523150374412729e+00 1.461373320644423366e+05 1.948223838689213735e+05 1.600778625227112117e+00 8.773783465007192195e-01 1.388909194700930384e+05 1.509056457907398174e+00 3.931758648441753467e+05 1.649884138010912604e+00 2.904969042895702296e+05
1.388911908308147104e+05 8.333569056697325141e+04 1.388911915988212859e+05 1.388912364002570393e+05 8.333571718899445841e+04 7.371075600024852611e+04 1.388911806041708332e+05 1.388910332494841132e+05 1.388904929108538199e+05 1.388912019428305794e+05 1.388911145276398747e+05 1.388907816689589818e+05 1.388912720044038724e+05 8.531987067032726191e+04 1.111133919415715209e+05 1.388909059879955894e+05 2.312171122983368696e+04 1.290334293117865454e+05 1.388907376738690655e+05 1.388909194700930384e+05 1.150302848296937075e+00 1.388907232835703762e+05 3.376207114798162947e+05 1.388910841025908594e+05 2.349419855100831483e+05
1.644797821426655871e+00 8.333503035648714285e+04 1.627737451535426150e+00 1.681783148759813606e+00 7.330414765630879265e+04 9.064512052543566097e+04 1.643920796203282020e+00 1.561781690804471934e+00 8.526956783173943455e-01 1.722405431302532097e+00 1.681155065004059646e+00 1.325073759155802833e+00 1.664366435198398220e+00 5.357312103002713411e+04 2.777944406394435646e+04 1.528095370574750866e+00 1.461371172105444712e+05 1.948222093925694062e+05 1.232123682480569027e+00 1.509056457907398174e+00 1.388907232835703762e+05 6.561247802789698103e-01 3.931756509310454130e+05 1.565044641878107656e+00 2.904967622757052304e+05
3.931761648535980494e+05 3.653983700425435673e+05 3.931759719161718385e+05 3.931760232146952185e+05 3.653984087920572492e+05 3.653985314842676744e+05 3.931760162212086143e+05 3.931759761751707410e+05 3.931755993398012361e+05 3.931759118110606214e+05 3.931760215093416627e+05 3.931757206229657168e+05 3.931760853567993036e+05 3.653983921404338907e+05 3.653984172636058647e+05 3.931757963111770223e+05 3.217478265508164768e+05 2.747551969876783551e+05 3.931757846352806664e+05 3.931758648441754049e+05 3.376207114798162947e+05 3.931756509310453548e+05 1.202309034352010058e+05 3.931759401738702436e+05 2.084535910393548256e+05
2.034501822481598055e+00 8.333558271605032496e+04 1.921739785472487361e+00 2.005260356621627160e+00 7.330469293725778698e+04 9.064551883260426985e+04 1.797576133816984667e+00 1.865946344085435360e+00 1.244799366388733342e+00 1.989917351491460096e+00 1.989239239256166636e+00 1.665838562428637148e+00 2.085318714419846842e+00 5.357360108178174414e+04 2.777994967287360487e+04 1.776368493160511042e+00 1.461374302608550061e+05 1.948224702648950915e+05 1.634658304509539750e+00 1.649884138010912382e+00 1.388910841025908594e+05 1.565044641878107656e+00 3.931759401738702436e+05 9.839687256322087183e-01 2.904969882866515545e+05
2.904972702544832719e+05 2.627196811374276294e+05 2.904970746610136121e+05 2.904971408248047810e+05 2.627196917423158884e+05 2.547035290080186387e+05 2.904970591246745316e+05 2.904970805303298403e+05 2.904966515139875701e+05 2.904971119458428584e+05 2.904971656791542773e+05 2.904968520203666412e+05 2.904972249426706694e+05 2.627196593060261803e+05 2.627195712488796562e+05 2.904969690820968826e+05 2.190688517770253529e+05 1.504895032201585709e+05 2.904968828178788535e+05 2.904969042895702878e+05 2.349419855100830900e+05 2.904967622757052886e+05 2.084535910393548256e+05 2.904969882866516127e+05 1.025604857131908793e+05
