3.750000000000008882e-01 5.000015000000000000e+05 5.000020000000000000e+05 5.000015000000000000e+05 1.000000000000000000e+00 5.000015000000000000e+05 5.000015000000000000e+05 5.000015000000000000e+05 7.187500000000002220e-01 5.000015000000000000e+05 7.500003749999997672e+05 1.000000000000000000e+06 1.000000000000000000e+06 5.000010625000000000e+05 1.937500000000000222e+00 5.000012499999999418e+05 5.000020000000000000e+05 1.562514375000000582e+05 5.000011250000000000e+05 5.000015000000000000e+05 5.000015000000000000e+05 5.000009999999997672e+05 5.000015000000000000e+05 5.000016250000000000e+05 5.000013750000000000e+05
5.000015000000000000e+05 1.093749999999999445e-01 5.000015000000000000e+05 1.437500000000000000e+00 5.000010000000000582e+05 1.218750000000000000e+00 1.718750000000000222e+00 5.000010000000000582e+05 5.000013750000000000e+05 5.000010000000000582e+05 7.500009999999997672e+05 1.000000000000000000e+06 1.000000000000000000e+06 5.000018750000000000e+05 5.000015000000000000e+05 5.000007500000000000e+05 5.000015000000000000e+05 4.687515351562500582e+05 4.062507304687498836e+05 1.312500000000000222e+00 5.000010000000000582e+05 5.000014999999997090e+05 1.937500000000000222e+00 5.000011250000000000e+05 5.000011250000000000e+05
5.000020000000000000e+05 5.000015000000000000e+05 4.921875000000000000e-01 5.000015000000000000e+05 5.000015000000000000e+05 5.000015000000000000e+05 5.000015000000000000e+05 1.437500000000000000e+00 5.000018750000000000e+05 1.062500000000000000e+00 7.500012499999996508e+05 1.000000000000000000e+06 1.000000000000000000e+06 5.000021250000000582e+05 5.000020000000000000e+05 1.406249999999998446e+00 5.000010000000000582e+05 5.000019999999999418e+05 9.375234375000008731e+04 5.000015000000000000e+05 1.007812500000001998e+00 5.000009999999997672e+05 5.000015000000000000e+05 2.125000000000000444e+00 2.000000000000000000e+00
5.000015000000000000e+05 1.437500000000000000e+00 5.000015000000000000e+05 5.000000000000000000e-01 5.000010000000000582e+05 1.656250000000000222e+00 9.062500000000002220e-01 5.000010000000000582e+05 5.000013750000000000e+05 5.000010000000000582e+05 7.500009999999997672e+05 1.000000000000000000e+06 1.000000000000000000e+06 5.000018750000000000e+05 5.000015000000000000e+05 5.000007500000000000e+05 5.000015000000000000e+05 4.687515625000001164e+05 4.062506874999999418e+05 1.749999999999999334e+00 5.000010000000000582e+05 5.000014999999997090e+05 1.500000000000000222e+00 5.000011250000000000e+05 5.000011250000000000e+05
1.000000000000000000e+00 5.000010000000000582e+05 5.000015000000000000e+05 5.000010000000000582e+05 0.000000000000000000e+00 5.000010000000000582e+05 5.000010000000000582e+05 5.000010000000000582e+05 6.562500000000001110e-01 5.000010000000000582e+05 7.500004999999997672e+05 1.000000000000000000e+06 1.000000000000000000e+06 5.000011250000000000e+05 9.375000000000000000e-01 5.000007500000000000e+05 5.000015000000000000e+05 1.562508437500000582e+05 5.000006250000000000e+05 5.000010000000000582e+05 5.000010000000000582e+05 5.000004999999997090e+05 5.000010000000000582e+05 5.000011250000000000e+05 5.000008750000000000e+05
5.000015000000000000e+05 1.218750000000000000e+00 5.000015000000000000e+05 1.656250000000000222e+00 5.000010000000000582e+05 2.148437500000000555e-01 1.937500000000000222e+00 5.000010000000000582e+05 5.000013750000000000e+05 5.000010000000000582e+05 7.500009999999997672e+05 1.000000000000000000e+06 1.000000000000000000e+06 5.000018750000000000e+05 5.000015000000000000e+05 5.000007500000000000e+05 5.000015000000000000e+05 4.687515214843750582e+05 4.062506894531249418e+05 1.093750000000000222e+00 5.000010000000000582e+05 5.000014999999997090e+05 2.156250000000000000e+00 5.000011250000000000e+05 5.000011250000000000e+05
5.000015000000000000e+05 1.718750000000000000e+00 5.000015000000000000e+05 9.062500000000002220e-01 5.000010000000000582e+05 1.937500000000000222e+00 6.210937499999996669e-01 5.000010000000000582e+05 5.000013750000000000e+05 5.000010000000000582e+05 7.500009999999997672e+05 1.000000000000000000e+06 1.000000000000000000e+06 5.000018750000000000e+05 5.000015000000000000e+05 5.000007500000000000e+05 5.000015000000000000e+05 4.687515800781251164e+05 4.062508652343748836e+05 2.281250000000000444e+00 5.000010000000000582e+05 5.000014999999997090e+05 9.687500000000003331e-01 5.000011250000000000e+05 5.000011250000000000e+05
5.000015000000000000e+05 5.000010000000000582e+05 1.437500000000000000e+00 5.000010000000000582e+05 5.000010000000000582e+05 5.000010000000000582e+05 5.000010000000000582e+05 0.000000000000000000e+00 5.000013750000000000e+05 2.000000000000000000e+00 7.500009999999997672e+05 1.000000000000000000e+06 1.000000000000000000e+06 5.000017500000000000e+05 5.000015000000000000e+05 1.156250000000000000e+00 5.000010000000000582e+05 5.000014999999998836e+05 9.375184375000008731e+04 5.000010000000000582e+05 1.187499999999998002e+00 5.000009999999997672e+05 5.000010000000000582e+05 2.375000000000000444e+00 1.750000000000003997e+00
7.187500000000001110e-01 5.000013750000000000e+05 5.000018750000000000e+05 5.000013750000000000e+05 6.562500000000001110e-01 5.000013750000000000e+05 5.000013750000000000e+05 5.000013750000000000e+05 6.835937499999997780e-01 5.000013750000000000e+05 7.500004374999997672e+05 1.000000000000000000e+06 1.000000000000000000e+06 5.000011250000000000e+05 1.343750000000000444e+00 5.000011250000000000e+05 5.000018750000000000e+05 1.562514121093750582e+05 5.000010000000000582e+05 5.000013750000000000e+05 5.000013750000000000e+05 5.000008749999997090e+05 5.000013750000000000e+05 5.000015000000000000e+05 5.000012499999999418e+05
5.000015000000000000e+05 5.000010000000000582e+05 1.062500000000000000e+00 5.000010000000000582e+05 5.000010000000000582e+05 5.000010000000000582e+05 5.000010000000000582e+05 2.000000000000000000e+00 5.000013750000000000e+05 0.000000000000000000e+00 7.500009999999997672e+05 1.000000000000000000e+06 1.000000000000000000e+06 5.000017500000000000e+05 5.000015000000000000e+05 1.156250000000000000e+00 5.000010000000000582e+05 5.000014999999998836e+05 9.375184375000008731e+04 5.000010000000000582e+05 8.125000000000021094e-01 5.000009999999997672e+05 5.000010000000000582e+05 2.250000000000000000e+00 2.000000000000000000e+00
7.500003749999996508e+05 7.500009999999997672e+05 7.500012499999996508e+05 7.500009999999997672e+05 7.500004999999997672e+05 7.500009999999997672e+05 7.500009999999997672e+05 7.500009999999997672e+05 7.500004374999997672e+05 7.500009999999997672e+05 2.499999999999969441e+05 2.500007499999972933e+05 2.500003437499972933e+05 7.500003124999997672e+05 7.500007499999996508e+05 7.500008749999997672e+05 7.500012499999996508e+05 6.875007499999996508e+05 7.500008124999996508e+05 7.500009999999997672e+05 7.500009999999997672e+05 7.500007499999994179e+05 7.500009999999997672e+05 7.500010624999997672e+05 7.500009374999996508e+05
1.000000000000000000e+06 1.000000000000000000e+06 1.000000000000000000e+06 1.000000000000000000e+06 1.000000000000000000e+06 1.000000000000000000e+06 1.000000000000000000e+06 1.000000000000000000e+06 1.000000000000000000e+06 1.000000000000000000e+06 2.500007499999972933e+05 0.000000000000000000e+00 5.937500000000002220e-01 1.000000000000000000e+06 1.000000000000000000e+06 1.000000000000000000e+06 1.000000000000000000e+06 9.375000625000001164e+05 1.000000000000000000e+06 1.000000000000000000e+06 1.000000000000000000e+06 9.999999999999997672e+05 1.000000000000000000e+06 1.000000000000000000e+06 1.000000000000000000e+06
1.000000000000000000e+06 1.000000000000000000e+06 1.000000000000000000e+06 1.000000000000000000e+06 1.000000000000000000e+06 1.000000000000000000e+06 1.000000000000000000e+06 1.000000000000000000e+06 1.000000000000000000e+06 1.000000000000000000e+06 2.500003437499972351e+05 5.937500000000002220e-01 4.335937499999998335e-01 1.000000000000000000e+06 1.000000000000000000e+06 1.000000000000000000e+06 1.000000000000000000e+06 9.375000351562500000e+05 1.000000000000000000e+06 1.000000000000000000e+06 1.000000000000000000e+06 9.999999999999997672e+05 1.000000000000000000e+06 1.000000000000000000e+06 1.000000000000000000e+06
5.000010625000000000e+05 5.000018750000000000e+05 5.000021250000000582e+05 5.000018750000000000e+05 5.000011250000000000e+05 5.000018750000000000e+05 5.000018750000000000e+05 5.000017500000000000e+05 5.000011250000000000e+05 5.000017500000000000e+05 7.500003124999997672e+05 1.000000000000000000e+06 1.000000000000000000e+06 9.374999999999870104e-01 5.000016250000000000e+05 5.000015000000000000e+05 2.093750000000012879e+00 4.375016874999997090e+05 5.000015000000000000e+05 5.000018750000000000e+05 5.000016562500000000e+05 1.875000000000004885e+00 5.000018750000000000e+05 5.000018437500000582e+05 5.000016562500000000e+05
1.937500000000000222e+00 5.000015000000000000e+05 5.000020000000000000e+05 5.000015000000000000e+05 9.375000000000000000e-01 5.000015000000000000e+05 5.000015000000000000e+05 5.000015000000000000e+05 1.343750000000000444e+00 5.000015000000000000e+05 7.500007499999996508e+05 1.000000000000000000e+06 1.000000000000000000e+06 5.000016250000000000e+05 1.093749999999999445e-01 5.000012499999999418e+05 5.000020000000000000e+05 1.562510429687500582e+05 5.000011250000000000e+05 5.000015000000000000e+05 5.000015000000000000e+05 5.000009999999997672e+05 5.000015000000000000e+05 5.000016250000000000e+05 5.000013750000000000e+05
5.000012499999999418e+05 5.000007500000000000e+05 1.406249999999998446e+00 5.000007500000000000e+05 5.000007500000000000e+05 5.000007500000000000e+05 5.000007500000000000e+05 1.156250000000000000e+00 5.000011250000000000e+05 1.156250000000000000e+00 7.500008749999997672e+05 1.000000000000000000e+06 1.000000000000000000e+06 5.000015000000000000e+05 5.000012499999999418e+05 4.648437500000000555e-01 5.000007500000000000e+05 5.000012499999998836e+05 9.375106054687508731e+04 5.000007500000000000e+05 5.312499999999997780e-01 5.000007499999997672e+05 5.000007500000000000e+05 1.281249999999999556e+00 9.062500000000007772e-01
5.000020000000000000e+05 5.000015000000000000e+05 5.000010000000000582e+05 5.000015000000000000e+05 5.000015000000000000e+05 5.000015000000000000e+05 5.000015000000000000e+05 5.000010000000000582e+05 5.000018750000000000e+05 5.000010000000000582e+05 7.500012499999996508e+05 1.000000000000000000e+06 1.000000000000000000e+06 2.093750000000012879e+00 5.000020000000000000e+05 5.000007500000000000e+05 2.460937500000000000e-01 4.375020351562496508e+05 5.000011250000000000e+05 5.000015000000000000e+05 5.000006250000000000e+05 1.281249999999994893e+00 5.000015000000000000e+05 5.000010000000000582e+05 5.000010000000000582e+05
1.562514375000000582e+05 4.687515351562502328e+05 5.000020000000000000e+05 4.687515625000001164e+05 1.562508437500000582e+05 4.687515214843751746e+05 4.687515800781251164e+05 5.000015000000000000e+05 1.562514121093750291e+05 5.000015000000000000e+05 6.875007499999996508e+05 9.375000625000001164e+05 9.375000351562501164e+05 4.375016874999997672e+05 1.562510429687500582e+05 5.000012499999999418e+05 4.375020351562498254e+05 2.460937500000000291e+05 4.941417500000000000e+05 4.687515000000001746e+05 5.000015000000000000e+05 4.375009999999995925e+05 4.687515937500001164e+05 5.000016250000000000e+05 5.000013750000000000e+05
5.000011250000000000e+05 4.062507304687498836e+05 9.375234375000008731e+04 4.062506874999998836e+05 5.000006250000000000e+05 4.062506894531249418e+05 4.062508652343748836e+05 9.375184375000008731e+04 5.000010000000000582e+05 9.375184375000008731e+04 7.500008124999996508e+05 1.000000000000000000e+06 1.000000000000000000e+06 5.000015000000000000e+05 5.000011250000000000e+05 9.375106054687508731e+04 5.000011250000000000e+05 4.941417500000000000e+05 1.523439375000001164e+05 4.062504999999999418e+05 9.375148828125007276e+04 5.000011249999997090e+05 4.062509062499999418e+05 9.375085156250008731e+04 9.375115625000010186e+04
5.000015000000000000e+05 1.312500000000000222e+00 5.000015000000000000e+05 1.749999999999999334e+00 5.000010000000000582e+05 1.093750000000000222e+00 2.281249999999999556e+00 5.000010000000000582e+05 5.000013750000000000e+05 5.000010000000000582e+05 7.500009999999997672e+05 1.000000000000000000e+06 1.000000000000000000e+06 5.000018750000000000e+05 5.000015000000000000e+05 5.000007500000000000e+05 5.000015000000000000e+05 4.687515000000000582e+05 4.062504999999999418e+05 6.249999999999997780e-01 5.000010000000000582e+05 5.000014999999997090e+05 2.500000000000000000e+00 5.000011250000000000e+05 5.000011250000000000e+05
5.000015000000000000e+05 5.000010000000000582e+05 1.007812500000001998e+00 5.000010000000000582e+05 5.000010000000000582e+05 5.000010000000000582e+05 5.000010000000000582e+05 1.187499999999998002e+00 5.000013750000000000e+05 8.125000000000021094e-01 7.500009999999997672e+05 1.000000000000000000e+06 1.000000000000000000e+06 5.000016562500000000e+05 5.000015000000000000e+05 5.312499999999997780e-01 5.000006250000000000e+05 5.000014999999998836e+05 9.375148828125010186e+04 5.000010000000000582e+05 2.968750000000034417e-01 5.000006249999997090e+05 5.000010000000000582e+05 1.531250000000001776e+00 1.187500000000000888e+00
5.000009999999997672e+05 5.000014999999997090e+05 5.000009999999997672e+05 5.000014999999997090e+05 5.000004999999997090e+05 5.000014999999997090e+05 5.000014999999997090e+05 5.000009999999997672e+05 5.000008749999997090e+05 5.000009999999997672e+05 7.500007499999994179e+05 9.999999999999997672e+05 9.999999999999997672e+05 1.875000000000004663e+00 5.000009999999997672e+05 5.000007499999997672e+05 1.281249999999994893e+00 4.375009999999995925e+05 5.000011249999997090e+05 5.000014999999997090e+05 5.000006249999997090e+05 9.714451465470072397e-15 5.000014999999997090e+05 5.000009999999997672e+05 5.000007499999997672e+05
5.000015000000000000e+05 1.937500000000000222e+00 5.000015000000000000e+05 1.500000000000000222e+00 5.000010000000000582e+05 2.156250000000000000e+00 9.687500000000003331e-01 5.000010000000000582e+05 5.000013750000000000e+05 5.000010000000000582e+05 7.500009999999997672e+05 1.000000000000000000e+06 1.000000000000000000e+06 5.000018750000000000e+05 5.000015000000000000e+05 5.000007500000000000e+05 5.000015000000000000e+05 4.687515937500001164e+05 4.062509062499999418e+05 2.500000000000000000e+00 5.000010000000000582e+05 5.000014999999997090e+05 0.000000000000000000e+00 5.000011250000000000e+05 5.000011250000000000e+05
5.000016250000000000e+05 5.000011250000000000e+05 2.125000000000000888e+00 5.000011250000000000e+05 5.000011250000000000e+05 5.000011250000000000e+05 5.000011250000000000e+05 2.375000000000000444e+00 5.000015000000000000e+05 2.250000000000000000e+00 7.500010624999997672e+05 1.000000000000000000e+06 1.000000000000000000e+06 5.000018437500000582e+05 5.000016250000000000e+05 1.281249999999999556e+00 5.000010000000000582e+05 5.000016249999999418e+05 9.375085156250008731e+04 5.000011250000000000e+05 1.531250000000001776e+00 5.000009999999997672e+05 5.000011250000000000e+05 5.624999999999996669e-01 1.000000000000000444e+00
5.000013750000000000e+05 5.000011250000000000e+05 2.000000000000000000e+00 5.000011250000000000e+05 5.000008750000000000e+05 5.000011250000000000e+05 5.000011250000000000e+05 1.750000000000003997e+00 5.000012499999999418e+05 2.000000000000000000e+00 7.500009374999997672e+05 1.000000000000000000e+06 1.000000000000000000e+06 5.000016562500000000e+05 5.000013750000000000e+05 9.062500000000007772e-01 5.000010000000000582e+05 5.000013749999999418e+05 9.375115625000010186e+04 5.000011250000000000e+05 1.187500000000000888e+00 5.000007499999997672e+05 5.000011250000000000e+05 1.000000000000000444e+00 6.250000000000003331e-01
