5.326920545281599306e-01 2.142868385251843720e+05 1.591005869385178295e+00 3.426778109496850520e+05 1.182219897524255714e+00 2.857155552406201023e+05 1.634100852037485341e+00 1.250015625185366080e+05 1.523449619363437257e+00 2.142869972639341431e+05 2.142871828449529712e+05 2.142870413783376571e+05 7.142977751772767806e+04 1.307669982389583430e+00 7.142989284857254825e+04 8.190916185360237467e-01 5.000010253099174006e+05 1.785730771202525357e+05 4.762026020912584499e+04 3.896696649381368770e+05 1.560816238953143253e+00 2.857154863114688778e+05 4.742399818860898376e+05 2.142868393055009947e+05 2.397107799678290321e+05
2.142868385251843720e+05 6.538371759295370511e-01 2.142871942042909795e+05 2.712497153580270242e+05 2.142870228384287620e+05 2.142876232545756502e+05 2.142872186389620765e+05 2.142873062947400613e+05 2.142873071773101110e+05 1.587713804351595481e+00 1.570558984604864872e+00 1.729782785324899930e+00 2.142869715088848607e+05 2.142870682209070656e+05 2.142869974554099317e+05 2.142866271037615079e+05 5.000013626770952833e+05 1.904778983762599237e+05 2.142868716908676142e+05 3.896700421962724649e+05 2.142873970341316017e+05 2.142873831294100091e+05 4.742403309212648310e+05 1.471750080701977437e+00 2.397109544962304935e+05
1.591005869385178295e+00 2.142871942042909795e+05 8.446382970004467916e-01 3.426778060468125623e+05 1.383899833968801341e+00 2.857159863984147669e+05 1.511803512190374787e+00 1.250016444251770590e+05 1.477644768083417048e+00 2.142873675200232829e+05 2.142870710458647518e+05 2.142871314280256920e+05 7.143030135197524214e+04 1.785857232604904699e+00 7.143060273127845721e+04 1.297080504721642047e+00 5.000010120277449023e+05 1.785730102916035976e+05 4.762071793226332375e+04 3.896699200481824228e+05 1.523461418805397205e+00 2.857159122993643978e+05 4.742399790049741277e+05 2.142872557556080574e+05 2.397111861200999992e+05
3.426778109496850520e+05 2.712497153580269660e+05 3.426778060468125623e+05 7.104037068342996645e+04 3.426776291200044216e+05 2.641904400658030645e+05 3.426778327064852347e+05 3.426779504240603419e+05 3.426778668806513888e+05 2.712497406754781259e+05 2.712495200380289461e+05 2.712493857623348595e+05 3.426777571009349776e+05 3.426780751640002709e+05 3.426781353353914456e+05 3.426777537604473764e+05 4.956859687993545667e+05 2.831542598442214658e+05 3.426778435924015357e+05 3.884794234515877906e+05 3.426775234610993066e+05 1.373210080274271895e+05 4.742396086302115582e+05 2.712496517387657077e+05 3.426782670594746596e+05
1.182219897524255714e+00 2.142870228384287620e+05 1.383899833968801119e+00 3.426776291200044216e+05 6.538834510723928739e-01 2.857159208230933873e+05 1.324333029729814371e+00 1.250013882329035259e+05 1.350608672679810773e+00 2.142871624045436329e+05 2.142869026064560458e+05 2.142868358426892082e+05 7.143010994721594034e+04 1.608282273187803257e+00 7.143024026610741566e+04 1.073018844613410794e+00 5.000008025724275503e+05 1.785728363806268026e+05 4.762042529723532061e+04 3.896696842341473675e+05 1.516661903894075625e+00 2.857157854616369004e+05 4.742397772296905168e+05 2.142870663387831300e+05 2.397109787713807891e+05
2.857155552406201023e+05 2.142876232545756211e+05 2.857159863984147669e+05 2.641904400658030645e+05 2.857159208230933873e+05 4.711374616454862553e+04 2.857160890808505355e+05 2.857162292355474201e+05 2.857161177809127839e+05 2.142876877537217806e+05 2.142878980595315224e+05 2.142877335753661755e+05 2.857156332757617929e+05 2.857158686281440314e+05 2.857160256879016524e+05 2.857155813361748005e+05 4.285724325674321735e+05 2.619068174377753749e+05 2.857157671279116184e+05 3.471122354134625057e+05 2.857157510253167711e+05 2.016651916322092293e+05 4.742397662327352446e+05 2.142875677936435677e+05 2.235265689501718443e+05
1.634100852037484897e+00 2.142872186389620765e+05 1.511803512190374787e+00 3.426778327064852347e+05 1.324333029729814371e+00 2.857160890808505355e+05 7.706242248793891969e-01 1.250016412961197057e+05 1.612612579483274855e+00 2.142872891151575895e+05 2.142871289861879486e+05 2.142869374248126405e+05 7.143043565079927794e+04 1.779716743762943310e+00 7.143047288978099823e+04 1.318586271356635642e+00 5.000009723571882350e+05 1.785730229837954103e+05 4.762087073353425512e+04 3.896699068565462949e+05 1.511767693016612180e+00 2.857159554563337588e+05 4.742399566809209646e+05 2.142872054160243133e+05 2.397111908412218327e+05
1.250015625185366080e+05 2.142873062947400613e+05 1.250016444251770590e+05 3.426779504240603419e+05 1.250013882329035259e+05 2.857162292355474783e+05 1.250016412961197057e+05 2.678629293088435952e+04 1.250014546676424070e+05 2.142874060306710890e+05 2.142871317338031949e+05 2.142870143627529324e+05 5.357306956558742240e+04 1.250018480783768318e+05 5.357322940670695971e+04 1.250013638966715080e+05 4.285725769628098351e+05 7.738230444872297812e+04 7.738271473038048134e+04 3.182414858150060754e+05 1.250016760881477821e+05 2.857160269074949902e+05 4.028114877147540101e+05 2.142872781967852206e+05 1.281040765663206548e+05
1.523449619363437701e+00 2.142873071773100819e+05 1.477644768083417048e+00 3.426778668806513888e+05 1.350608672679810773e+00 2.857161177809128421e+05 1.612612579483274855e+00 1.250014546676424070e+05 7.503889861943510153e-01 2.142874706966762315e+05 2.142872057861244830e+05 2.142870481642053346e+05 7.143038368924718816e+04 1.815271353088044881e+00 7.143042290757759474e+04 1.350161259189894825e+00 5.000010769628097769e+05 1.785729583243401139e+05 4.762072171399296349e+04 3.896699785266357358e+05 1.636720560583821982e+00 2.857160026741547044e+05 4.742400088898619870e+05 2.142872914698937093e+05 2.397112177262422338e+05
2.142869972639341431e+05 1.587713804351594815e+00 2.142873675200232829e+05 2.712497406754781259e+05 2.142871624045436329e+05 2.142876877537217806e+05 2.142872891151575895e+05 2.142874060306710890e+05 2.142874706966762315e+05 6.342727354107863258e-01 1.740142618512825701e+00 1.892739114641033060e+00 2.142871352472346625e+05 2.142871809724220657e+05 2.142871657946110645e+05 2.142867610001744470e+05 5.000013571428570431e+05 1.904780423157420009e+05 2.142870612141797319e+05 3.896700928370538750e+05 2.142875453720008372e+05 2.142873848509537929e+05 4.742403258995103533e+05 1.430198217180671083e+00 2.397110398095140699e+05
2.142871828449529712e+05 1.570558984604864872e+00 2.142870710458647518e+05 2.712495200380289461e+05 2.142869026064560458e+05 2.142878980595315224e+05 2.142871289861879486e+05 2.142871317338031949e+05 2.142872057861244830e+05 1.740142618512825701e+00 6.909358981731733573e-01 1.522543348971376664e+00 2.142872870134518307e+05 2.142873886120475072e+05 2.142873476077902014e+05 2.142868935697281559e+05 5.000011521546635195e+05 1.904777348059888755e+05 2.142871941784805094e+05 3.896701066007886548e+05 2.142872925629839883e+05 2.142875647937064059e+05 4.742401612005727948e+05 1.727794472329879927e+00 2.397111411168332852e+05
2.142870413783376571e+05 1.729782785324899708e+00 2.142871314280256920e+05 2.712493857623348595e+05 2.142868358426892082e+05 2.142877335753662046e+05 2.142869374248126405e+05 2.142870143627529324e+05 2.142870481642053346e+05 1.892739114641033060e+00 1.522543348971376664e+00 6.963676011457485826e-01 2.142871569777111290e+05 2.142872749234250805e+05 2.142870540894407895e+05 2.142868639851948246e+05 5.000010819067296106e+05 1.904777269498479436e+05 2.142872094189046184e+05 3.896700057779594208e+05 2.142871420248901122e+05 2.142875132773173391e+05 4.742400527269205195e+05 1.700753640486609264e+00 2.397112655667586951e+05
7.142977751772767806e+04 2.142869715088848607e+05 7.143030135197524214e+04 3.426777571009349776e+05 7.143010994721594034e+04 2.857156332757618511e+05 7.143043565079927794e+04 5.357306956558742240e+04 7.143038368924718816e+04 2.142871352472346625e+05 2.142872870134518307e+05 2.142871569777111290e+05 6.758984714641730340e-01 7.143016040077332582e+04 1.487384366270421809e+00 7.142962422406562837e+04 4.285723337514757295e+05 1.309541362911132892e+05 2.381083091658791454e+04 3.182409513665223494e+05 7.143022154518870229e+04 2.857155359699795372e+05 4.028113710294478806e+05 2.142869439878504782e+05 1.682823577356920869e+05
1.307669982389583430e+00 2.142870682209070656e+05 1.785857232604904699e+00 3.426780751640002709e+05 1.608282273187803257e+00 2.857158686281440314e+05 1.779716743762943310e+00 1.250018480783768318e+05 1.815271353088044881e+00 2.142871809724220657e+05 2.142873886120475072e+05 2.142872749234250805e+05 7.143016040077332582e+04 7.118563511831812463e-01 7.143040952785979607e+04 1.021926386575135126e+00 5.000012914698936511e+05 1.785733033656624320e+05 4.762067422815976170e+04 3.896699706001160666e+05 1.816591760999061389e+00 2.857157723638976458e+05 4.742402594063908327e+05 2.142868358321145934e+05 2.397109298783846898e+05
7.142989284857254825e+04 2.142869974554099317e+05 7.143060273127845721e+04 3.426781353353914456e+05 7.143024026610741566e+04 2.857160256879017106e+05 7.143047288978099823e+04 5.357322940670695971e+04 7.143042290757759474e+04 2.142871657946110645e+05 2.142873476077902014e+05 2.142870540894407895e+05 1.487384366270421809e+00 7.143040952785979607e+04 5.972144964004153511e-01 7.142984327318370924e+04 4.285727178276269697e+05 1.309543430282827467e+05 2.381104885865220785e+04 3.182414142766449368e+05 7.143067601329246827e+04 2.857158098146748962e+05 4.028117622926625772e+05 2.142870156081489113e+05 1.682824918166334101e+05
8.190916185360237467e-01 2.142866271037614788e+05 1.297080504721642047e+00 3.426777537604473764e+05 1.073018844613411016e+00 2.857155813361748005e+05 1.318586271356635642e+00 1.250013638966715080e+05 1.350161259189894825e+00 2.142867610001744470e+05 2.142868935697281559e+05 2.142868639851948246e+05 7.142962422406562837e+04 1.021926386575135126e+00 7.142984327318370924e+04 3.774726277817591069e-01 5.000010027869856567e+05 1.785728638682651508e+05 4.762009669052812387e+04 3.896696157795320614e+05 1.382096927780527729e+00 2.857154201783044846e+05 4.742399516047339421e+05 2.142865804429618001e+05 2.397106200351622247e+05
5.000010253099174006e+05 5.000013626770950505e+05 5.000010120277449605e+05 4.956859687993545667e+05 5.000008025724275503e+05 4.285724325674321735e+05 5.000009723571882350e+05 4.285725769628098351e+05 5.000010769628097769e+05 5.000013571428570431e+05 5.000011521546635195e+05 5.000010819067296106e+05 4.285723337514757295e+05 5.000012914698936511e+05 4.285727178276269697e+05 5.000010027869856567e+05 1.405610834042844363e+05 4.523821499409680837e+05 4.523820563508461346e+05 4.067669795157627086e+05 5.000006723730813246e+05 5.000009399350648164e+05 4.160784591454842594e+05 5.000013051948052016e+05 3.928585888798701926e+05
1.785730771202525357e+05 1.904778983762599237e+05 1.785730102916036558e+05 2.831542598442214658e+05 1.785728363806268026e+05 2.619068174377754622e+05 1.785730229837954103e+05 7.738230444872299267e+04 1.785729583243401139e+05 1.904780423157420009e+05 1.904777348059889046e+05 1.904777269498479436e+05 1.309541362911132892e+05 1.785733033656624320e+05 1.309543430282827467e+05 1.785728638682652090e+05 4.523821499409680837e+05 6.746117431079044763e+04 1.468271429894761823e+05 3.420510364763954422e+05 1.785731435983299161e+05 2.261923900185844686e+05 4.266210595437987940e+05 1.904779548137781094e+05 1.385207156256111048e+05
4.762026020912584499e+04 2.142868716908675851e+05 4.762071793226332375e+04 3.426778435924015357e+05 4.762042529723532061e+04 2.857157671279116767e+05 4.762087073353425512e+04 7.738271473038049589e+04 4.762072171399296349e+04 2.142870612141797319e+05 2.142871941784805094e+05 2.142872094189046184e+05 2.381083091658791454e+04 4.762067422815976170e+04 2.381104885865220785e+04 4.762009669052812387e+04 4.523820563508461346e+05 1.468271429894761823e+05 3.174675229734649110e+04 3.420506926384586259e+05 4.762085876018540148e+04 2.857156086345606600e+05 4.266210338346970384e+05 2.142869485108178924e+05 1.920917453433236224e+05
3.896696649381368770e+05 3.896700421962724649e+05 3.896699200481824228e+05 3.884794234515877906e+05 3.896696842341473675e+05 3.471122354134625057e+05 3.896699068565462949e+05 3.182414858150060754e+05 3.896699785266357358e+05 3.896700928370538750e+05 3.896701066007886548e+05 3.896700057779594208e+05 3.182409513665223494e+05 3.896699706001160666e+05 3.182414142766449368e+05 3.896696157795320614e+05 4.067669795157627086e+05 3.420510364763954422e+05 3.420506926384586259e+05 1.543626018956758780e+05 3.896695562469863216e+05 3.852054245412996388e+05 2.982930869735719170e+05 3.896699972624406801e+05 2.735986904137352831e+05
1.560816238953143253e+00 2.142873970341315726e+05 1.523461418805396761e+00 3.426775234610993066e+05 1.516661903894075625e+00 2.857157510253167711e+05 1.511767693016612180e+00 1.250016760881477821e+05 1.636720560583821982e+00 2.142875453720008372e+05 2.142872925629839883e+05 2.142871420248901122e+05 7.143022154518870229e+04 1.816591760999061833e+00 7.143067601329246827e+04 1.382096927780527729e+00 5.000006723730813246e+05 1.785731435983299161e+05 4.762085876018540148e+04 3.896695562469863216e+05 5.986699744096869447e-01 2.857156842555542826e+05 4.742396363052350353e+05 2.142873360389610170e+05 2.397112557633843971e+05
2.857154863114688778e+05 2.142873831294100091e+05 2.857159122993643978e+05 1.373210080274271895e+05 2.857157854616369004e+05 2.016651916322092584e+05 2.857159554563337588e+05 2.857160269074949902e+05 2.857160026741547044e+05 2.142873848509537929e+05 2.142875647937064059e+05 2.142875132773173391e+05 2.857155359699795372e+05 2.857157723638976458e+05 2.857158098146748962e+05 2.857154201783044846e+05 5.000009399350648164e+05 2.261923900185844686e+05 2.857156086345606600e+05 3.852054245412996388e+05 2.857156842555542826e+05 3.409360441324082058e+04 4.742400815213407623e+05 2.142873170552730153e+05 2.796055914202418062e+05
4.742399818860898959e+05 4.742403309212648310e+05 4.742399790049741277e+05 4.742396086302115582e+05 4.742397772296905168e+05 4.742397662327352446e+05 4.742399566809211392e+05 4.028114877147540101e+05 4.742400088898619870e+05 4.742403258995103533e+05 4.742401612005729694e+05 4.742400527269205195e+05 4.028113710294478806e+05 4.742402594063908327e+05 4.028117622926625772e+05 4.742399516047339421e+05 4.160784591454842594e+05 4.266210595437987940e+05 4.266210338346970384e+05 2.982930869735719170e+05 4.742396363052350353e+05 4.742400815213407623e+05 1.559390811291579448e+05 4.742402587481719675e+05 3.670974985256110085e+05
2.142868393055009947e+05 1.471750080701977659e+00 2.142872557556080574e+05 2.712496517387657077e+05 2.142870663387831300e+05 2.142875677936435677e+05 2.142872054160243133e+05 2.142872781967852206e+05 2.142872914698937093e+05 1.430198217180671083e+00 1.727794472329879927e+00 1.700753640486609486e+00 2.142869439878504782e+05 2.142868358321145934e+05 2.142870156081489113e+05 2.142865804429618001e+05 5.000013051948052016e+05 1.904779548137781094e+05 2.142869485108178924e+05 3.896699972624406801e+05 2.142873360389610170e+05 2.142873170552730153e+05 4.742402587481719675e+05 7.430952134434278822e-01 2.397109147432557074e+05
2.397107799678290321e+05 2.397109544962304935e+05 2.397111861200999992e+05 3.426782670594747178e+05 2.397109787713807891e+05 2.235265689501718443e+05 2.397111908412218327e+05 1.281040765663206548e+05 2.397112177262422338e+05 2.397110398095140699e+05 2.397111411168332852e+05 2.397112655667586951e+05 1.682823577356920869e+05 2.397109298783846316e+05 1.682824918166333809e+05 2.397106200351622247e+05 3.928585888798701926e+05 1.385207156256111048e+05 1.920917453433236224e+05 2.735986904137352831e+05 2.397112557633843680e+05 2.796055914202418062e+05 3.670974985256110085e+05 2.397109147432557074e+05 9.525011394811290666e+04
