9.947136848681473930e+04 6.954573563327721786e+05 6.954572826749503147e+05 6.954576184153148206e+05 6.954574116809117841e+05 6.954573998252078891e+05 6.399020048949067714e+05 6.954575378146986477e+05 5.373376021068560658e+05 6.954575511366939172e+05 6.954575149245227221e+05 6.954571881831793580e+05 6.095991083665225888e+05 6.399017644511753460e+05 6.954573446346409619e+05 3.023369117587459623e+05 6.399022326677205274e+05 6.954574600085761631e+05 6.954573895829515532e+05 6.954576189556437312e+05 6.399020292418801691e+05 4.092183716504512704e+05 6.954574214997965610e+05 6.213836714052808238e+05 6.954573874388021650e+05
6.954573563327721786e+05 4.652256199475515719e-01 2.777902913107379936e+04 2.222237993131589319e+05 5.555732236629111139e+04 5.555718566849815397e+04 2.222239459815046575e+05 1.111127674795945495e+05 4.444459475327019463e+05 2.645650783207017230e+04 1.111129835716222151e+05 1.835456449488901409e+00 3.529258021031614044e+05 2.777795801510711899e+05 5.555650275498544943e+04 6.111124296690474730e+05 2.777793438458360615e+05 1.111128549381318153e+05 5.555692437095705827e+04 1.612293495428117167e+05 2.777793611211263342e+05 4.850442286321427091e+05 1.718058813282599573e+00 2.407423816418438510e+05 2.777901777382377259e+04
6.954572826749503147e+05 2.777902913107379936e+04 2.777817035335856781e+04 2.222236728939317400e+05 2.777909249661045760e+04 2.777895664081016002e+04 2.222236151723196381e+05 1.111125202563906787e+05 4.444458705570248421e+05 5.423429900239203562e+04 1.111124631134558294e+05 2.777891474891853795e+04 3.529257968754830654e+05 2.777793940548040555e+05 2.777878111176791208e+04 6.111123277241796022e+05 2.777792335423237528e+05 1.111125039706385433e+05 2.777909088475680255e+04 1.612291989180281525e+05 2.777792896870334516e+05 4.850442351364376373e+05 2.777896403038404242e+04 2.407421904743366176e+05 2.777872274671492414e+04
6.954576184153148206e+05 2.222237993131589319e+05 2.222236728939317400e+05 1.870800713655312938e+04 2.222241655659579556e+05 2.222240481321436528e+05 1.111123725617880991e+05 1.666685121276039863e+05 4.358995499114970444e+05 2.210903025480684009e+05 1.230178849605344440e+05 2.222240621402873076e+05 3.412871853567651706e+05 2.777798990252838703e+05 2.222236742213103862e+05 6.111127437105801655e+05 2.752286487155141076e+05 1.666684455666533904e+05 2.222239213069161342e+05 1.046467750369074201e+05 2.777795950961805647e+05 4.850447490926252794e+05 2.222241188573797408e+05 1.270802564668983687e+05 2.222234255999171291e+05
6.954574116809117841e+05 5.555732236629111139e+04 2.777909249661045760e+04 2.222241655659579556e+05 6.219433581903500707e-01 1.738209536381382758e+00 2.222241550117710431e+05 1.111131638011499163e+05 4.444460695879937848e+05 8.201237589137321629e+04 1.111129221771086159e+05 5.555698943388566113e+04 3.529259389848050196e+05 2.777796445410168380e+05 1.727375301728032220e+00 6.111125910241166130e+05 2.777796165918175830e+05 1.111130261752136576e+05 1.930400847668475528e+00 1.612294774972694577e+05 2.777795617893111776e+05 4.850444988597740885e+05 5.555695766134841688e+04 2.407426419753085938e+05 2.777942565702661523e+04
6.954573998252080055e+05 5.555718566849815397e+04 2.777895664081016002e+04 2.222240481321436528e+05 1.738209536381382758e+00 6.174489901144697424e-01 2.222240725344252132e+05 1.111129390978229494e+05 4.444461931140556699e+05 8.201222016502925544e+04 1.111129140365230705e+05 5.555703779125193250e+04 3.529259829863407067e+05 2.777800036836127401e+05 1.561953028118012288e+00 6.111123506233813241e+05 2.777796319959158427e+05 1.111129998569253657e+05 1.763647535224915908e+00 1.612295389201187936e+05 2.777796559873335063e+05 4.850443313382248161e+05 5.555701374667669006e+04 2.407425094881969562e+05 2.777916604592980366e+04
6.399020048949067714e+05 2.222239459815046575e+05 2.222236151723196672e+05 1.111123725617880991e+05 2.222241550117710722e+05 2.222240725344252132e+05 6.855430607054598946e-01 2.222240443360047648e+05 4.358993882123226067e+05 2.222240608695125266e+05 2.222239592412888887e+05 2.222239494377002411e+05 3.418542603134283563e+05 2.777797576991235837e+05 2.222236327468097152e+05 5.555571519306839909e+05 2.777798482685465715e+05 2.222240345909948810e+05 2.222239522492315737e+05 1.721073154160636477e+05 2.777797848957026144e+05 4.294890577711262740e+05 2.222241538608191768e+05 3.042503835516073013e+04 2.222233890695877199e+05
6.954575378146986477e+05 1.111127674795945495e+05 1.111125202563906641e+05 1.666685121276039863e+05 1.111131638011499163e+05 1.111129390978229494e+05 2.222240443360047357e+05 5.923487253792111273e-01 4.444462712007189402e+05 8.994882859618209477e+04 5.555734923360802350e+04 1.111129367448991106e+05 3.529261651854498778e+05 2.777798752361857914e+05 1.111125480868148006e+05 6.111125388207236538e+05 2.777797036530652549e+05 1.411379465205113259e+00 1.111128087552230718e+05 1.056741998653961346e+05 2.777797559924785746e+05 4.850443479967757012e+05 1.111130092068602826e+05 2.407425528176025546e+05 1.111126229678600212e+05
5.373376021068560658e+05 4.444459475327019463e+05 4.444458705570248421e+05 4.358995499114970444e+05 4.444460695879937848e+05 4.444461931140556699e+05 4.358993882123226067e+05 4.444462712007189402e+05 1.446489779976321006e+04 4.444462649789347197e+05 4.444462039337429451e+05 4.444460447142547928e+05 2.258757514417617058e+05 3.333349919712531846e+05 4.444458531189683708e+05 4.529927641821088037e+05 3.333354942389667267e+05 4.444461761038927361e+05 4.444459747998279636e+05 4.398442926096657175e+05 3.333353859239107696e+05 2.691966261325858650e+05 4.444458337797860149e+05 4.173808913850852987e+05 4.444459766882781987e+05
6.954575511366940336e+05 2.645650783207017230e+04 5.423429900239202107e+04 2.210903025480684009e+05 8.201237589137318719e+04 8.201222016502925544e+04 2.222240608695125266e+05 8.994882859618212387e+04 4.444462649789347197e+05 3.174663973927562984e+04 1.111130587011738826e+05 2.645696308390470949e+04 3.526739858783925883e+05 2.777798712157370755e+05 8.201201196261364385e+04 6.111124115531498101e+05 2.766458159512085258e+05 8.994903288227230951e+04 8.201219457448298635e+04 1.559385815540481999e+05 2.777796463934608619e+05 4.850443494717502035e+05 2.645682007069852989e+04 2.396086464400436089e+05 5.423407801299625135e+04
6.954575149245228386e+05 1.111129835716222151e+05 1.111124631134558003e+05 1.230178849605344440e+05 1.111129221771086159e+05 1.111129140365230705e+05 2.222239592412888887e+05 5.555734923360802350e+04 4.444462039337429451e+05 1.111130587011738826e+05 8.564644873997864227e-01 1.111129407860126666e+05 3.529262250497248606e+05 2.777798581072375528e+05 1.111127150728451525e+05 6.111125393826443469e+05 2.777797198243989260e+05 5.555742270408825425e+04 1.111130200726303883e+05 1.056739009005815315e+05 2.777797301536047016e+05 4.850444981122679310e+05 1.111128884934905800e+05 2.407425957750083180e+05 1.111126957684348454e+05
6.954571881831793580e+05 1.835456449488900965e+00 2.777891474891853795e+04 2.222240621402873076e+05 5.555698943388566113e+04 5.555703779125193250e+04 2.222239494377002120e+05 1.111129367448991106e+05 4.444460447142547928e+05 2.645696308390470949e+04 1.111129407860126666e+05 5.368364416861293176e-01 3.529261202071455191e+05 2.777798164883166901e+05 5.555713259972994274e+04 6.111123837861808715e+05 2.777797446098444634e+05 1.111128101922878413e+05 5.555720716222879855e+04 1.612296199057174963e+05 2.777795585479292786e+05 4.850443406303641968e+05 1.647182031900055632e+00 2.407425740740740730e+05 2.777927886169154226e+04
6.095991083665225888e+05 3.529258021031614044e+05 3.529257968754830654e+05 3.412871853567651706e+05 3.529259389848050196e+05 3.529259829863407067e+05 3.418542603134283563e+05 3.529261651854498778e+05 2.258757514417617058e+05 3.526739858783925883e+05 3.529262250497248606e+05 3.529261202071455191e+05 1.534024295630978013e+05 1.614972747699362226e+05 3.529258700111319777e+05 5.222374755280521931e+05 1.715121575297829986e+05 3.529262364482350531e+05 3.529260674760619877e+05 3.447602733257105574e+05 1.720793726974964666e+05 3.461139677048562444e+05 3.529257578206947655e+05 3.227686403532486293e+05 3.529258665558681823e+05
6.399017644511754625e+05 2.777795801510711899e+05 2.777793940548040555e+05 2.777798990252838703e+05 2.777796445410168380e+05 2.777800036836127401e+05 2.777797576991235837e+05 2.777798752361857914e+05 3.333349919712531846e+05 2.777798712157370755e+05 2.777798581072375528e+05 2.777798164883166901e+05 1.614972747699362517e+05 9.366591927854884814e-01 2.777795511893121293e+05 5.555572612770181149e+05 5.555763188290726976e+04 2.777796375680727651e+05 2.777796119892018032e+05 2.777798895599271054e+05 5.555782484623426717e+04 4.294891486929584062e+05 2.777797139559460338e+05 2.592615621974008391e+05 2.777795141790116322e+05
6.954573446346409619e+05 5.555650275498544943e+04 2.777878111176791208e+04 2.222236742213103862e+05 1.727375301728032220e+00 1.561953028118011622e+00 2.222236327468097152e+05 1.111125480868148006e+05 4.444458531189683708e+05 8.201201196261364385e+04 1.111127150728451525e+05 5.555713259972994274e+04 3.529258700111319777e+05 2.777795511893121293e+05 4.690316866634694493e-01 6.111123800607285229e+05 2.777793093069276074e+05 1.111126268855114904e+05 1.367664050615202465e+00 1.612291933632821601e+05 2.777793045226174872e+05 4.850441104777175933e+05 5.555711349528619030e+04 2.407421837827053678e+05 2.777883264238141783e+04
3.023369117587459623e+05 6.111124296690474730e+05 6.111123277241796022e+05 6.111127437105801655e+05 6.111125910241166130e+05 6.111123506233813241e+05 5.555571519306839909e+05 6.111125388207236538e+05 4.529927641821088619e+05 6.111124115531498101e+05 6.111125393826443469e+05 6.111123837861807551e+05 5.222374755280521931e+05 5.555572612770181149e+05 6.111123800607285229e+05 6.718246527890255675e+04 5.555569720803073142e+05 6.111126428456669673e+05 6.111125859212665819e+05 6.111127640803738032e+05 5.555572422000510851e+05 3.190500876912573585e+05 6.111124651802056469e+05 5.370386193930335576e+05 6.111123826653015567e+05
6.399022326677205274e+05 2.777793438458360615e+05 2.777792335423236946e+05 2.752286487155141076e+05 2.777796165918175830e+05 2.777796319959158427e+05 2.777798482685465133e+05 2.777797036530652549e+05 3.333354942389667267e+05 2.766458159512085258e+05 2.777797198243989260e+05 2.777797446098444634e+05 1.715121575297829986e+05 5.555763188290726976e+04 2.777793093069276074e+05 5.555569720803073142e+05 1.870828151684824843e+04 2.777798876574017922e+05 2.777797746752374223e+05 2.658749505899663200e+05 1.190640064075056762e+04 4.294890635574510088e+05 2.777795207245592610e+05 2.567099181893870991e+05 2.777792266864429112e+05
6.954574600085761631e+05 1.111128549381318153e+05 1.111125039706385141e+05 1.666684455666533904e+05 1.111130261752136576e+05 1.111129998569253657e+05 2.222240345909948519e+05 1.411379465205113259e+00 4.444461761038927361e+05 8.994903288227230951e+04 5.555742270408825425e+04 1.111128101922878413e+05 3.529262364482350531e+05 2.777796375680727651e+05 1.111126268855114904e+05 6.111126428456669673e+05 2.777798876574017922e+05 7.007770909118085090e-01 1.111128426747753401e+05 1.056741071788774570e+05 2.777797529018589994e+05 4.850445665907729417e+05 1.111130444406353636e+05 2.407426839444903599e+05 1.111127260128094058e+05
6.954573895829515532e+05 5.555692437095705827e+04 2.777909088475680255e+04 2.222239213069161342e+05 1.930400847668475750e+00 1.763647535224915908e+00 2.222239522492315737e+05 1.111128087552230718e+05 4.444459747998279636e+05 8.201219457448298635e+04 1.111130200726303883e+05 5.555720716222879855e+04 3.529260674760619877e+05 2.777796119892018032e+05 1.367664050615202465e+00 6.111125859212665819e+05 2.777797746752374223e+05 1.111128426747753401e+05 5.908586506560074003e-01 1.612295861208860006e+05 2.777795673775597243e+05 4.850441997735266923e+05 5.555733224379455351e+04 2.407425285126327944e+05 2.777899519386448083e+04
6.954576189556437312e+05 1.612293495428117167e+05 1.612291989180281525e+05 1.046467750369074492e+05 1.612294774972694577e+05 1.612295389201187936e+05 1.721073154160636477e+05 1.056741998653961346e+05 4.398442926096657175e+05 1.559385815540481999e+05 1.056739009005815315e+05 1.612296199057174672e+05 3.447602733257105574e+05 2.777798895599271054e+05 1.612291933632821601e+05 6.111127640803738032e+05 2.658749505899663200e+05 1.056741071788774570e+05 1.612295861208860006e+05 5.332591858029473951e+04 2.777796086277603754e+05 4.850446828360674554e+05 1.612295193731305480e+05 1.787210907483972260e+05 1.612291789556136064e+05
6.399020292418801691e+05 2.777793611211263342e+05 2.777792896870334516e+05 2.777795950961805647e+05 2.777795617893111776e+05 2.777796559873335063e+05 2.777797848957026144e+05 2.777797559924785746e+05 3.333353859239107696e+05 2.777796463934608619e+05 2.777797301536047016e+05 2.777795585479292786e+05 1.720793726974964666e+05 5.555782484623426717e+04 2.777793045226174872e+05 5.555572422000510851e+05 1.190640064075056580e+04 2.777797529018589994e+05 2.777795673775597243e+05 2.777796086277603754e+05 6.647812482042479987e-01 4.294893544197030715e+05 2.777796249718848849e+05 2.592608336107604264e+05 2.777791628659057315e+05
4.092183716504510958e+05 4.850442286321427091e+05 4.850442351364376373e+05 4.850447490926252212e+05 4.850444988597740885e+05 4.850443313382248161e+05 4.294890577711262158e+05 4.850443479967757012e+05 2.691966261325859232e+05 4.850443494717502035e+05 4.850444981122679310e+05 4.850443406303641968e+05 3.461139677048562444e+05 4.294891486929584062e+05 4.850441104777175933e+05 3.190500876912573003e+05 4.294890635574510088e+05 4.850445665907729417e+05 4.850441997735266923e+05 4.850446828360674554e+05 4.294893544197030133e+05 1.439626639639671484e+05 4.850442682382998755e+05 4.109706189583645901e+05 4.850442431618174887e+05
6.954574214997967938e+05 1.718058813282599573e+00 2.777896403038404242e+04 2.222241188573797408e+05 5.555695766134841688e+04 5.555701374667669006e+04 2.222241538608191186e+05 1.111130092068602826e+05 4.444458337797860149e+05 2.645682007069853353e+04 1.111128884934906091e+05 1.647182031900055632e+00 3.529257578206947655e+05 2.777797139559460338e+05 5.555711349528619030e+04 6.111124651802056469e+05 2.777795207245592610e+05 1.111130444406353636e+05 5.555733224379455351e+04 1.612295193731305480e+05 2.777796249718848849e+05 4.850442682382998755e+05 7.381918512867179372e-01 2.407426206671414839e+05 2.777930345663680419e+04
6.213836714052808238e+05 2.407423816418438510e+05 2.407421904743366176e+05 1.270802564668983687e+05 2.407426419753085938e+05 2.407425094881969562e+05 3.042503835516073013e+04 2.407425528176025546e+05 4.173808913850854151e+05 2.396086464400436089e+05 2.407425957750083180e+05 2.407425740740740730e+05 3.227686403532486293e+05 2.592615621974008391e+05 2.407421837827053678e+05 5.370386193930335576e+05 2.567099181893870991e+05 2.407426839444903599e+05 2.407425285126327944e+05 1.787210907483972260e+05 2.592608336107604264e+05 4.109706189583645901e+05 2.407426206671414839e+05 4.339949300581084390e+04 2.407419070466006815e+05
6.954573874388021650e+05 2.777901777382377259e+04 2.777872274671492414e+04 2.222234255999171874e+05 2.777942565702661523e+04 2.777916604592980366e+04 2.222233890695877199e+05 1.111126229678600212e+05 4.444459766882781987e+05 5.423407801299625135e+04 1.111126957684348454e+05 2.777927886169154226e+04 3.529258665558681823e+05 2.777795141790116322e+05 2.777883264238141783e+04 6.111123826653015567e+05 2.777792266864429112e+05 1.111127260128094058e+05 2.777899519386448083e+04 1.612291789556136064e+05 2.777791628659057897e+05 4.850442431618174887e+05 2.777930345663680419e+04 2.407419070466006815e+05 2.777819290781720338e+04
