7.061074484888455481e+04 3.982700761572472984e+05 4.935078465292882756e+05 4.935079887702019769e+05 3.793195694760439219e+05 3.659466409727164428e+05 4.935079376820694306e+05 3.540523771762999240e+05 4.935077129355955403e+05 3.671055429754848592e+05 4.935079035381621798e+05 4.935077166406544275e+05 3.309988286472418695e+05 4.935079036469533457e+05 4.935080140550282667e+05 5.495551429146773880e+05 4.935076744897494791e+05 4.935080331389641506e+05 4.402200999832107918e+05 3.749464391433590790e+05 3.962858633994479897e+05 3.982700430501552182e+05 4.935078497426388203e+05 2.328765311849098944e+05 4.935079893285848084e+05
3.982700761572472984e+05 1.080277782459855553e+04 2.857158987884055823e+05 2.795046710339231067e+05 2.184923560526853835e+05 5.928095344995139167e+05 2.318856927994677681e+05 2.857159640234245453e+05 2.380962663527602854e+05 5.658274175589932129e+05 2.857158744405325269e+05 2.857155884676260757e+05 3.121710753882786958e+05 2.380966866579235939e+05 2.832855392150084372e+05 7.027423326118324185e+05 2.857157076725973166e+05 2.556953433025382983e+05 1.661259648419696605e+05 2.034917204645954771e+05 1.193077950140571338e+05 4.240127691751702514e+04 2.380966734813439252e+05 3.461109287669521873e+05 2.795047648609790485e+05
4.935078465292882756e+05 2.857158987884055823e+05 4.319896087103362333e+03 9.523971452385815792e+04 3.299335064100121381e+05 6.880475357372736325e+05 1.405910362765361788e+05 3.809538091358719976e+05 4.988798293668080441e+04 6.610651510747312568e+05 4.535277836056755041e+04 2.268845422822804267e+03 4.074087535818127217e+05 4.988825883052921563e+04 6.398635445515476749e+04 7.979803373531228863e+05 2.268702332932551599e+03 1.167814322434269707e+05 1.904778985700784251e+05 3.401375993269082974e+05 2.857157914687998709e+05 2.847237304043166805e+05 4.988821022126806201e+04 4.413487519809501828e+05 9.496962293270265218e+04
4.935079887702019769e+05 2.795046710339231067e+05 9.523971452385815792e+04 5.211067018034952758e-01 3.299336489489975502e+05 6.880475409930204041e+05 9.523980034645875276e+04 3.809539586278955685e+05 1.428585619391231157e+05 6.610653528808343690e+05 9.523980842924864555e+04 9.523941515093692578e+04 4.074089830637671403e+05 1.428587985771391541e+05 7.660630088592656830e+04 7.979803441558439517e+05 9.523957091926525754e+04 7.143035534213685605e+04 1.190492025210695574e+05 3.401378202219158411e+05 2.857159774758388521e+05 2.371047083106724895e+05 1.428587986765200912e+05 4.413489788530286751e+05 5.670334220441140133e+03
3.793195694760439219e+05 2.184923560526854417e+05 3.299335064100121381e+05 3.299336489489975502e+05 4.503676639258462819e+04 5.864928331182569964e+05 3.299336631583062117e+05 1.648934795118299953e+05 3.299332198865374667e+05 5.658274445434502559e+05 3.299336451049047173e+05 3.299332422252670513e+05 1.913486732432325953e+05 3.299333407654803013e+05 3.299336871324999374e+05 7.027423883298037108e+05 3.299332654811967514e+05 3.299337798871734994e+05 2.823146362785956007e+05 1.307846076555742766e+05 1.290436763256706763e+05 2.346955463827373460e+05 3.299333421380883083e+05 2.829896502559639630e+05 3.299337413620909210e+05
3.659466409727164428e+05 5.928095344995139167e+05 6.880475357372736325e+05 6.880475409930204041e+05 5.864928331182571128e+05 1.595708345471002394e+05 6.880474491662021028e+05 5.928096823383882875e+05 6.880473701083364431e+05 2.728299957590459380e+05 6.880474115042160265e+05 6.880473453694273485e+05 5.663546560361139709e+05 6.880474412711018231e+05 6.880475210420634830e+05 3.889503777047125041e+05 6.880474219562830403e+05 6.880475794888852397e+05 6.404285648025441915e+05 5.822816899558129953e+05 5.908254807992529823e+05 5.928095123625601409e+05 6.880475127699152799e+05 4.739174843694784213e+05 6.880475409930202877e+05
4.935079376820694306e+05 2.318856927994677681e+05 1.405910362765361788e+05 9.523980034645875276e+04 3.299336631583062117e+05 6.880474491662022192e+05 6.596977641940968695e-01 3.809539331837653881e+05 9.523943866924056783e+04 6.610652714663443621e+05 9.523973704199235362e+04 1.428584848422069335e+05 4.074090145263999584e+05 9.523968007608619519e+04 7.660601361063006334e+04 7.979802761286330642e+05 1.428586180918639293e+05 2.381100510376121747e+04 9.523974217859443161e+04 3.401377338599097566e+05 2.857158947983233957e+05 1.894856520682102419e+05 9.523970914526554407e+04 4.413488980949855759e+05 8.957072845115288510e+04
3.540523771762999240e+05 2.857159640234245453e+05 3.809538091358719976e+05 3.809539586278955685e+05 1.648934795118299953e+05 5.928096823383882875e+05 3.809539331837653881e+05 2.964110168962157695e+04 3.809536197025571601e+05 5.658275574652540963e+05 3.809539058310944820e+05 3.809536753149174619e+05 1.126245443586210022e+05 3.809536974844057695e+05 3.809539581829320523e+05 7.027424642638504738e+05 3.809536519254769664e+05 3.809540173766299849e+05 3.329301325372773572e+05 1.669110410321986419e+05 2.361125731536659005e+05 2.857160187045943458e+05 3.809536927189962007e+05 2.107468156504264916e+05 3.809540247561208089e+05
4.935077129355955403e+05 2.380962663527602854e+05 4.988798293668080441e+04 1.428585619391231157e+05 3.299332198865374667e+05 6.880473701083364431e+05 9.523943866924056783e+04 3.809536197025571601e+05 4.054682154861200538e-01 6.610650880858873716e+05 9.523952243893049308e+04 4.762005389608413680e+04 4.074086850814821082e+05 9.849139554768299165e-01 1.138730591283021204e+05 7.979801803915780038e+05 4.762012816913999268e+04 1.190489752223333053e+05 1.428584931568143948e+05 3.401373435025430517e+05 2.857153297513884609e+05 2.371042431454100006e+05 9.612667028648312906e-01 4.413484980097927037e+05 1.428585663113771880e+05
3.671055429754849174e+05 5.658274175589932129e+05 6.610651510747312568e+05 6.610653528808343690e+05 5.658274445434502559e+05 2.728299957590459380e+05 6.610652714663443621e+05 5.658275574652542127e+05 6.610650880858873716e+05 5.625188767439150251e+04 6.610651349676193204e+05 6.610651701132914750e+05 5.393724372308099410e+05 6.610652163650504081e+05 6.610652754623176297e+05 4.163017082319101319e+05 6.610651514349956997e+05 6.610652712481812341e+05 6.134463766903580399e+05 5.658275464431628352e+05 5.638432178233689629e+05 5.658273974642603425e+05 6.610652287643038435e+05 4.578135069438843639e+05 6.610653525983683066e+05
4.935079035381622380e+05 2.857158744405325269e+05 4.535277836056755041e+04 9.523980842924864555e+04 3.299336451049047173e+05 6.880474115042160265e+05 9.523973704199235362e+04 3.809539058310944820e+05 9.523952243893049308e+04 6.610651349676193204e+05 6.140271714368412681e-01 4.762049852954517701e+04 4.074088826204233337e+05 9.523973529642674839e+04 1.863480411987252228e+04 7.979802489177486859e+05 4.762042650993115240e+04 7.143011132697327412e+04 1.904779146093596064e+05 3.401376716727981111e+05 2.857159115337298717e+05 2.847237470238094102e+05 9.523974646889868018e+04 4.413488514144514338e+05 8.957092286774110107e+04
4.935077166406544857e+05 2.857155884676260757e+05 2.268845422822805176e+03 9.523941515093692578e+04 3.299332422252670513e+05 6.880473453694273485e+05 1.428584848422069335e+05 3.809536753149174619e+05 4.762005389608413680e+04 6.610651701132914750e+05 4.762049852954518428e+04 4.783100492265436876e-01 4.074086363619570038e+05 4.762030881092102936e+04 6.625402485859517765e+04 7.979802027573194355e+05 9.069046532731670496e-01 1.190489971946747683e+05 1.904775765732082364e+05 3.401373695633220486e+05 2.857156848346353509e+05 2.847234316196412547e+05 4.762037799902631377e+04 4.413486447243590956e+05 9.523941749746109417e+04
3.309988286472418695e+05 3.121710753882786958e+05 4.074087535818127217e+05 4.074089830637671985e+05 1.913486732432325953e+05 5.663546560361139709e+05 4.074090145263999584e+05 1.126245443586210167e+05 4.074086850814821082e+05 5.393724372308099410e+05 4.074088826204233337e+05 4.074086363619570038e+05 2.351648765387376989e+04 4.074086273385330569e+05 4.074089148266863194e+05 6.762873639971136581e+05 4.074085723821709398e+05 4.074088847481495468e+05 3.597900430656167446e+05 2.101302283204998821e+05 2.625676108794511529e+05 3.121710615880180267e+05 4.074086986319219577e+05 1.933617942895221349e+05 4.074089207977775950e+05
4.935079036469533457e+05 2.380966866579235939e+05 4.988825883052921563e+04 1.428587985771391541e+05 3.299333407654803013e+05 6.880474412711019395e+05 9.523968007608619519e+04 3.809536974844057695e+05 9.849139554768298055e-01 6.610652163650501752e+05 9.523973529642674839e+04 4.762030881092102936e+04 4.074086273385330569e+05 6.105133945663170358e-01 1.138732437523739500e+05 7.979802425608900376e+05 4.762032470725297753e+04 1.190491961363976588e+05 1.428588245500854973e+05 3.401374422731273226e+05 2.857156910664315219e+05 2.371046883652317047e+05 1.167540051557469871e+00 4.413485924836487393e+05 1.428587848235946149e+05
4.935080140550282667e+05 2.832855392150084372e+05 6.398635445515476022e+04 7.660630088592656830e+04 3.299336871324999374e+05 6.880475210420635995e+05 7.660601361063006334e+04 3.809539581829321105e+05 1.138730591283021204e+05 6.610652754623176297e+05 1.863480411987252228e+04 6.625402485859516310e+04 4.074089148266863194e+05 1.138732437523739500e+05 2.268495295603099657e+04 7.979803441558439517e+05 6.625402956730585720e+04 5.279625931548236258e+04 1.718444537801441038e+05 3.401376660825776053e+05 2.857159326016136329e+05 2.660903417227706523e+05 1.138732728331320832e+05 4.413488819702491164e+05 7.093719634283891355e+04
5.495551429146775045e+05 7.027423326118324185e+05 7.979803373531228863e+05 7.979803441558439517e+05 7.027423883298037108e+05 3.889503777047125623e+05 7.979802761286330642e+05 7.027424642638504738e+05 7.979801803915780038e+05 4.163017082319101319e+05 7.979802489177486859e+05 7.979802027573194355e+05 6.762873639971136581e+05 7.979802425608900376e+05 7.979803441558439517e+05 7.530155281688414107e+04 7.979802463815642986e+05 7.979803441558439517e+05 7.503613679653678555e+05 7.027424488663692027e+05 7.007582022883734899e+05 7.027423117757661967e+05 7.979802877913330449e+05 6.075041708754209103e+05 7.979803441558439517e+05
4.935076744897494791e+05 2.857157076725973166e+05 2.268702332932551144e+03 9.523957091926525754e+04 3.299332654811967514e+05 6.880474219562832732e+05 1.428586180918639293e+05 3.809536519254769664e+05 4.762012816913999268e+04 6.610651514349956997e+05 4.762042650993115240e+04 9.069046532731669386e-01 4.074085723821709398e+05 4.762032470725297753e+04 6.625402956730585720e+04 7.979802463815642986e+05 5.188667256192338595e-01 1.190490107554169081e+05 1.904777151789966447e+05 3.401373657193133258e+05 2.857156632623698679e+05 2.847235118666021735e+05 4.762030189754359890e+04 4.413484852780810324e+05 9.523960777232663531e+04
4.935080331389641506e+05 2.556953433025382983e+05 1.167814322434269707e+05 7.143035534213685605e+04 3.299337798871734994e+05 6.880475794888852397e+05 2.381100510376122111e+04 3.809540173766299849e+05 1.190489752223333198e+05 6.610652712481812341e+05 7.143011132697327412e+04 1.190489971946747683e+05 4.074088847481494304e+05 1.190491961363976734e+05 5.279625931548236258e+04 7.979803441558439517e+05 1.190490107554169081e+05 2.381010576393846713e+04 1.190494854014538723e+05 3.401377296515243943e+05 2.857158958431857172e+05 2.132953813451254682e+05 1.190490993637493957e+05 4.413488897607024410e+05 6.576112346852448536e+04
4.402200999832107918e+05 1.661259648419696605e+05 1.904778985700784251e+05 1.190492025210695574e+05 2.823146362785956007e+05 6.404285648025441915e+05 9.523974217859443161e+04 3.329301325372773572e+05 1.428584931568143948e+05 6.134463766903580399e+05 1.904779146093596064e+05 1.904775765732082364e+05 3.597900430656167446e+05 1.428588245500854973e+05 1.718444537801441038e+05 7.503613679653678555e+05 1.904777151789966447e+05 1.190494854014538723e+05 7.574838726471766131e+04 2.925188310235583922e+05 2.380968616450041882e+05 1.237257996286295529e+05 1.428588416767017334e+05 3.937299675380206318e+05 1.218838493797914271e+05
3.749464391433590790e+05 2.034917204645954771e+05 3.401375993269082974e+05 3.401378202219158411e+05 1.307846076555742766e+05 5.822816899558131117e+05 3.401377338599097566e+05 1.669110410321986419e+05 3.401373435025430517e+05 5.658275464431628352e+05 3.401376716727981111e+05 3.401373695633220486e+05 2.101302283204998821e+05 3.401374422731272643e+05 3.401376660825776053e+05 7.027424488663692027e+05 3.401373657193133258e+05 3.401377296515243943e+05 2.925188310235583922e+05 3.352842082457486686e+04 1.476774330578017107e+05 2.448997029993881588e+05 3.401374199157012627e+05 2.916893115579116857e+05 3.401377221544078202e+05
3.962858633994479897e+05 1.193077950140571484e+05 2.857157914687998709e+05 2.857159774758388521e+05 1.290436763256706763e+05 5.908254807992529823e+05 2.857158947983233957e+05 2.361125731536659005e+05 2.857153297513884609e+05 5.638432178233689629e+05 2.857159115337298717e+05 2.857156848346353509e+05 2.625676108794511529e+05 2.857156910664315219e+05 2.857159326016136329e+05 7.007582022883734899e+05 2.857156632623698679e+05 2.857158958431857754e+05 2.380968616450042464e+05 1.476774330578017107e+05 2.827438276797123763e+04 1.613359320525602088e+05 2.857157499471719493e+05 3.441266717308837106e+05 2.857159679863286437e+05
3.982700430501552182e+05 4.240127691751702514e+04 2.847237304043167387e+05 2.371047083106724895e+05 2.346955463827373460e+05 5.928095123625601409e+05 1.894856520682102419e+05 2.857160187045943458e+05 2.371042431454099715e+05 5.658273974642602261e+05 2.847237470238094102e+05 2.847234316196412547e+05 3.121710615880180267e+05 2.371046883652317047e+05 2.660903417227706523e+05 7.027423117757661967e+05 2.847235118666021735e+05 2.132953813451254973e+05 1.237257996286295529e+05 2.448997029993881588e+05 1.613359320525601506e+05 1.943423891016772359e+03 2.371046100166255783e+05 3.461108931334501831e+05 2.371048846618355310e+05
4.935078497426388203e+05 2.380966734813439252e+05 4.988821022126806201e+04 1.428587986765200912e+05 3.299333421380883083e+05 6.880475127699152799e+05 9.523970914526554407e+04 3.809536927189962007e+05 9.612667028648312906e-01 6.610652287643037271e+05 9.523974646889868018e+04 4.762037799902631377e+04 4.074086986319219577e+05 1.167540051557469871e+00 1.138732728331320832e+05 7.979802877913330449e+05 4.762030189754359890e+04 1.190490993637493812e+05 1.428588416767017625e+05 3.401374199157012627e+05 2.857157499471719493e+05 2.371046100166255783e+05 6.423995493422558489e-01 4.413486443392198416e+05 1.428587979006727983e+05
2.328765311849098944e+05 3.461109287669521873e+05 4.413487519809501828e+05 4.413489788530286751e+05 2.829896502559639630e+05 4.739174843694783631e+05 4.413488980949855759e+05 2.107468156504264916e+05 4.413484980097927037e+05 4.578135069438843057e+05 4.413488514144514338e+05 4.413486447243590956e+05 1.933617942895221349e+05 4.413485924836487393e+05 4.413488819702492328e+05 6.075041708754207939e+05 4.413484852780810324e+05 4.413488897607024410e+05 3.937299675380206318e+05 2.916893115579117439e+05 3.441266717308837106e+05 3.461108931334501831e+05 4.413486443392198416e+05 4.030136145885774022e+04 4.413489718497085269e+05
4.935079893285848084e+05 2.795047648609790485e+05 9.496962293270265218e+04 5.670334220441141952e+03 3.299337413620909210e+05 6.880475409930204041e+05 8.957072845115288510e+04 3.809540247561209253e+05 1.428585663113772171e+05 6.610653525983683066e+05 8.957092286774110107e+04 9.523941749746109417e+04 4.074089207977776532e+05 1.428587848235946149e+05 7.093719634283892810e+04 7.979803441558438353e+05 9.523960777232664987e+04 6.576112346852449991e+04 1.218838493797914271e+05 3.401377221544078202e+05 2.857159679863287020e+05 2.371048846618354728e+05 1.428587979006727983e+05 4.413489718497085269e+05 9.988877254609042211e+03
