1.028638892986286635e+00 2.977155911955456759e+04 1.997368941419328747e+00 2.293872498042158536e+00 3.484510118307333323e+05 1.864821779402423108e+00 2.059433286440580879e+00 2.422850151468480817e+00 2.194712807390346576e+00 2.180077793409788800e+00 2.301885658878027170e+05 1.962472820386482297e+00 2.199167814344717087e+00 2.029140392941954918e+00 2.311112822269023592e+00 1.405829032939646117e+00 1.559958772053750664e+00 1.717993286858604973e+00 2.040488584110085490e+00 1.911976431720242786e+00 2.013316748954902202e+00 2.073090458022067040e+00 1.986197959444764294e+00 2.057143604676082482e+00 1.463673864309450437e+05
2.977155911955456759e+04 3.269456158922589384e+04 2.977144423832566463e+04 2.977162165987588378e+04 3.264730162544547929e+05 2.977118692039082453e+04 2.977125578294897787e+04 2.977134661282159141e+04 2.977149504410149893e+04 2.977146669418171587e+04 2.075475467708978395e+05 2.977129495826056518e+04 2.977150208415143061e+04 2.977141516556379793e+04 2.977156411743148055e+04 2.977072748295627025e+04 2.977091631426285312e+04 2.977105225753257764e+04 2.977122241513392510e+04 2.977107431980297770e+04 2.977152293731528334e+04 2.977154071111722806e+04 2.977145930731561384e+04 2.977158765950352245e+04 1.211605605287163053e+05
1.997368941419328747e+00 2.977144423832566463e+04 9.641208323704293370e-01 2.250401912395952220e+00 3.484509450559436809e+05 1.883569158749252459e+00 1.797998115740974123e+00 2.424913447371471076e+00 2.207033864110199417e+00 2.041042089971824680e+00 2.301884438573598163e+05 1.942589282573176535e+00 2.108821268713015229e+00 1.712377068465432028e+00 2.213757838691368995e+00 1.315117608875287170e+00 1.526948939349057843e+00 1.718647021347631032e+00 1.904956604633169182e+00 1.791988353064190242e+00 1.915718196045725019e+00 1.886790915578984151e+00 2.042797006000372395e+00 2.140638498978931992e+00 1.463672830614570994e+05
2.293872498042158536e+00 2.977162165987588378e+04 2.250401912395952220e+00 1.286002542975512863e+00 3.484510824774779612e+05 2.234271686374000421e+00 2.325633663351541536e+00 2.451705843486030822e+00 2.460622822828561596e+00 2.471813601825190165e+00 2.301887007918045856e+05 2.337305183004645848e+00 2.324880786662699261e+00 2.253823565161036324e+00 2.172393113390338026e+00 1.668084515530132483e+00 1.791338433008476061e+00 2.017911233437758689e+00 2.343056939400338656e+00 2.159926745432419359e+00 2.430545048053367907e+00 2.448131123729202940e+00 2.511101501362270838e+00 2.560495623729474701e+00 1.463673099491127650e+05
3.484510118307333323e+05 3.264730162544547929e+05 3.484509450559436809e+05 3.484510824774780194e+05 1.748173588535614545e+05 3.484508261288877693e+05 3.484509791657156893e+05 3.484510126297018141e+05 3.484511124206182430e+05 3.484509882637085975e+05 2.260303098810285446e+05 3.484510091066496680e+05 3.484509876532576745e+05 3.484509384470967343e+05 3.484510590066436562e+05 3.484505714701626566e+05 3.484506187035705661e+05 3.484506984279822209e+05 3.484509686029264703e+05 3.484508241410580813e+05 3.484510352825500304e+05 3.484510307314289385e+05 3.484511177549078129e+05 3.484511460150990752e+05 2.789895635229643667e+05
1.864821779402423108e+00 2.977118692039082453e+04 1.883569158749252459e+00 2.234271686373999977e+00 3.484508261288877693e+05 8.575054303446122406e-01 1.720696933371531179e+00 2.237901993191672823e+00 1.997724673364250636e+00 1.851275228473316048e+00 2.301881556581134209e+05 1.627480784371317268e+00 2.115293655077297608e+00 1.854970842600708547e+00 2.116259871539740267e+00 1.180807302600826558e+00 1.438668080426404039e+00 1.607134375912300683e+00 1.599394844649753900e+00 1.461303411983205791e+00 1.933645876667188013e+00 1.993999766105595484e+00 1.898164236516164616e+00 1.972934039503368542e+00 1.463670139289553917e+05
2.059433286440580879e+00 2.977125578294898150e+04 1.797998115740974123e+00 2.325633663351541092e+00 3.484509791657156311e+05 1.720696933371531179e+00 9.582339339493323171e-01 2.422518270399887541e+00 2.045227350830737034e+00 1.989495867385352668e+00 2.301883419350264012e+05 1.737586875931260488e+00 2.192167631146184625e+00 1.900827572005877597e+00 2.237036343879965195e+00 1.302945150864969204e+00 1.578557901918212325e+00 1.783225646909192497e+00 1.736949279596345486e+00 1.679509236964782604e+00 1.988268696480405939e+00 2.052496570676089149e+00 1.968825793612064112e+00 2.047725178142944191e+00 1.463670836740498780e+05
2.422850151468480817e+00 2.977134661282158777e+04 2.424913447371471076e+00 2.451705843486030822e+00 3.484510126297018141e+05 2.237901993191672823e+00 2.422518270399887541e+00 1.352071525517617001e+00 2.488831592793151248e+00 2.463614689009183678e+00 2.301887292317767569e+05 2.338463062240235146e+00 2.450542789233865371e+00 2.417622782858904085e+00 2.311055085896319028e+00 1.648563700397088772e+00 1.848041635642667435e+00 2.096511995274475293e+00 2.387415970743601790e+00 2.236530145107938683e+00 2.379448220968364058e+00 2.386280124492508481e+00 2.527820945151370235e+00 2.541283070705928626e+00 1.463674162419099594e+05
2.194712807390346576e+00 2.977149504410149893e+04 2.207033864110199417e+00 2.460622822828561596e+00 3.484511124206183013e+05 1.997724673364250636e+00 2.045227350830737034e+00 2.488831592793151248e+00 1.058795155282745259e+00 2.024625170120941675e+00 2.301885141341724957e+05 2.079189236268912389e+00 2.185765344138811628e+00 2.162028550637771218e+00 2.392910266558263555e+00 1.512488421988904541e+00 1.810940098555178679e+00 1.952374910309176315e+00 1.995904580502671832e+00 1.960660228694732998e+00 2.231607962743892948e+00 2.342854122757033419e+00 2.219850339657023941e+00 2.180328363064629293e+00 1.463673518955058535e+05
2.180077793409788800e+00 2.977146669418171587e+04 2.041042089971824680e+00 2.471813601825189721e+00 3.484509882637085975e+05 1.851275228473316270e+00 1.989495867385352668e+00 2.463614689009183678e+00 2.024625170120941675e+00 9.521278567615912847e-01 2.301884430776347581e+05 1.963568208943426097e+00 2.342739092555773173e+00 2.000091369062517721e+00 2.331978609631464749e+00 1.527499456397411581e+00 1.730077072947016292e+00 1.899769988148878541e+00 1.973502731880515837e+00 1.852718420794537080e+00 2.188460106373013581e+00 2.080358076172870607e+00 2.062178061149059882e+00 2.114603099655362861e+00 1.463672966536300373e+05
2.301885658878027170e+05 2.075475467708978977e+05 2.301884438573598163e+05 2.301887007918045856e+05 2.260303098810285737e+05 2.301881556581134209e+05 2.301883419350264012e+05 2.301887292317766987e+05 2.301885141341725248e+05 2.301884430776347581e+05 8.815795707462196879e+04 2.301883461286352249e+05 2.301886641085816373e+05 2.301884025784605474e+05 2.301886390525621537e+05 2.301879688661666878e+05 2.301881238781807770e+05 2.301881845036700834e+05 2.301882878314221161e+05 2.301881086895033659e+05 2.301885806668373407e+05 2.301885193965352373e+05 2.301885396196913207e+05 2.301885366915173945e+05 1.512801035995865241e+05
1.962472820386482297e+00 2.977129495826056882e+04 1.942589282573176535e+00 2.337305183004645848e+00 3.484510091066496680e+05 1.627480784371317268e+00 1.737586875931260488e+00 2.338463062240235146e+00 2.079189236268911944e+00 1.963568208943426097e+00 2.301883461286352249e+05 9.385991119249507131e-01 2.161264180567838089e+00 1.885955302815857992e+00 2.272704224996784372e+00 1.291386705435511040e+00 1.588175163549040203e+00 1.741730596326485303e+00 1.653076211318274868e+00 1.615267174211862278e+00 2.077207268516541916e+00 1.952484221366390216e+00 1.997243873843009832e+00 2.085532121181772780e+00 1.463671518566453888e+05
2.199167814344717087e+00 2.977150208415143061e+04 2.108821268713015229e+00 2.324880786662699705e+00 3.484509876532576745e+05 2.115293655077297608e+00 2.192167631146184625e+00 2.450542789233865371e+00 2.185765344138811184e+00 2.342739092555773173e+00 2.301886641085816664e+05 2.161264180567838089e+00 1.106444571422522616e+00 2.257694641240792333e+00 2.295863737685181594e+00 1.534229444293141231e+00 1.662479381430799874e+00 1.847550395903522436e+00 2.186611326712625036e+00 2.080980768240865864e+00 2.142100996170126059e+00 2.260248865130926266e+00 2.346302729435616907e+00 2.285056482882926066e+00 1.463674309260603331e+05
2.029140392941954918e+00 2.977141516556379793e+04 1.712377068465432028e+00 2.253823565161036324e+00 3.484509384470967343e+05 1.854970842600708547e+00 1.900827572005877597e+00 2.417622782858904085e+00 2.162028550637771218e+00 2.000091369062517721e+00 2.301884025784605474e+05 1.885955302815857992e+00 2.257694641240792333e+00 9.404250243820234667e-01 2.215449633411520125e+00 1.380749708217032135e+00 1.552226869234303308e+00 1.760049097942159912e+00 1.811651017118205642e+00 1.808561985494018254e+00 1.954381372560956676e+00 1.945684870796652310e+00 2.155687692450876991e+00 2.227286823927226322e+00 1.463672093479865580e+05
2.311112822269023148e+00 2.977156411743148419e+04 2.213757838691368995e+00 2.172393113390338026e+00 3.484510590066436562e+05 2.116259871539740267e+00 2.237036343879964750e+00 2.311055085896319028e+00 2.392910266558263555e+00 2.331978609631464749e+00 2.301886390525621537e+05 2.272704224996784372e+00 2.295863737685182038e+00 2.215449633411520125e+00 1.234781182350597861e+00 1.588114423903298045e+00 1.715008072218950907e+00 2.015326098730845672e+00 2.291886339915442328e+00 2.179801717293912144e+00 2.343250356046473026e+00 2.356703162612510560e+00 2.422228016698029229e+00 2.275647212853791679e+00 1.463674085950068256e+05
1.405829032939646117e+00 2.977072748295627025e+04 1.315117608875287392e+00 1.668084515530132483e+00 3.484505714701627148e+05 1.180807302600826780e+00 1.302945150864969204e+00 1.648563700397088772e+00 1.512488421988904541e+00 1.527499456397411581e+00 2.301879688661666878e+05 1.291386705435511040e+00 1.534229444293141231e+00 1.380749708217032135e+00 1.588114423903298045e+00 5.293796700274854272e-01 9.079242106779448207e-01 1.129593702668053368e+00 1.269537200448526804e+00 1.170405110387959580e+00 1.371709715708658406e+00 1.396240250337697164e+00 1.371913989171593906e+00 1.446680940701703388e+00 1.463667170065162645e+05
1.559958772053750664e+00 2.977091631426285312e+04 1.526948939349057843e+00 1.791338433008476061e+00 3.484506187035705661e+05 1.438668080426404039e+00 1.578557901918212325e+00 1.848041635642667435e+00 1.810940098555179123e+00 1.730077072947016292e+00 2.301881238781807770e+05 1.588175163549040203e+00 1.662479381430799652e+00 1.552226869234303308e+00 1.715008072218950907e+00 9.079242106779448207e-01 7.164591024001488728e-01 1.120736833455722170e+00 1.527241409416906448e+00 1.378202399032429470e+00 1.600638411050508525e+00 1.606721656677259524e+00 1.723193479957694008e+00 1.717346969462785200e+00 1.463667757708122372e+05
1.717993286858605195e+00 2.977105225753257764e+04 1.718647021347631254e+00 2.017911233437758689e+00 3.484506984279822209e+05 1.607134375912300683e+00 1.783225646909192497e+00 2.096511995274475737e+00 1.952374910309176537e+00 1.899769988148878763e+00 2.301881845036700834e+05 1.741730596326485525e+00 1.847550395903522436e+00 1.760049097942159912e+00 2.015326098730845672e+00 1.129593702668053368e+00 1.120736833455721948e+00 8.720625920795144204e-01 1.688810008575831301e+00 1.460949161653471551e+00 1.804519729479199475e+00 1.803028870159232744e+00 1.928816366784679381e+00 1.950039772450809172e+00 1.463669225026086788e+05
2.040488584110085490e+00 2.977122241513392510e+04 1.904956604633169848e+00 2.343056939400338656e+00 3.484509686029265868e+05 1.599394844649753900e+00 1.736949279596345486e+00 2.387415970743601790e+00 1.995904580502672054e+00 1.973502731880515837e+00 2.301882878314221161e+05 1.653076211318275091e+00 2.186611326712625036e+00 1.811651017118205198e+00 2.291886339915442328e+00 1.269537200448526804e+00 1.527241409416906448e+00 1.688810008575831301e+00 9.036496393692305951e-01 1.561986837690183982e+00 2.060860035018983183e+00 2.053333036209417539e+00 1.898590308404729088e+00 2.086690832159250775e+00 1.463671189626193081e+05
1.911976431720243452e+00 2.977107431980297770e+04 1.791988353064190242e+00 2.159926745432418915e+00 3.484508241410580813e+05 1.461303411983205791e+00 1.679509236964782604e+00 2.236530145107938239e+00 1.960660228694732998e+00 1.852718420794537080e+00 2.301881086895033659e+05 1.615267174211862056e+00 2.080980768240865864e+00 1.808561985494017810e+00 2.179801717293912144e+00 1.170405110387959358e+00 1.378202399032429470e+00 1.460949161653471551e+00 1.561986837690183982e+00 9.378752723496444066e-01 1.971755329253857880e+00 1.956214571339942809e+00 1.888453072769647800e+00 1.929840880332266195e+00 1.463669453734225244e+05
2.013316748954902202e+00 2.977152293731528334e+04 1.915718196045725019e+00 2.430545048053368351e+00 3.484510352825500886e+05 1.933645876667188013e+00 1.988268696480406383e+00 2.379448220968363614e+00 2.231607962743892948e+00 2.188460106373014025e+00 2.301885806668373407e+05 2.077207268516541916e+00 2.142100996170126059e+00 1.954381372560956232e+00 2.343250356046473026e+00 1.371709715708658406e+00 1.600638411050508525e+00 1.804519729479199031e+00 2.060860035018983183e+00 1.971755329253857880e+00 9.399933401752550433e-01 1.936932139264493813e+00 2.012610243989207959e+00 2.101896956867480792e+00 1.463673150253156200e+05
2.073090458022067040e+00 2.977154071111722442e+04 1.886790915578984373e+00 2.448131123729202940e+00 3.484510307314289385e+05 1.993999766105595484e+00 2.052496570676089593e+00 2.386280124492508481e+00 2.342854122757033419e+00 2.080358076172871051e+00 2.301885193965351791e+05 1.952484221366390216e+00 2.260248865130926266e+00 1.945684870796652310e+00 2.356703162612510560e+00 1.396240250337697164e+00 1.606721656677259524e+00 1.803028870159232744e+00 2.053333036209417539e+00 1.956214571339942809e+00 1.936932139264494035e+00 9.676081913028355963e-01 2.065269497834722578e+00 2.115681347666976908e+00 1.463673908338216133e+05
1.986197959444764294e+00 2.977145930731561384e+04 2.042797006000372395e+00 2.511101501362270838e+00 3.484511177549078129e+05 1.898164236516164616e+00 1.968825793612064556e+00 2.527820945151370235e+00 2.219850339657023941e+00 2.062178061149060326e+00 2.301885396196913498e+05 1.997243873843009832e+00 2.346302729435616907e+00 2.155687692450876991e+00 2.422228016698029229e+00 1.371913989171593684e+00 1.723193479957694008e+00 1.928816366784679381e+00 1.898590308404729088e+00 1.888453072769647800e+00 2.012610243989207959e+00 2.065269497834722578e+00 9.853894017739405209e-01 1.943599718869224002e+00 1.463672357651230413e+05
2.057143604676082482e+00 2.977158765950352245e+04 2.140638498978931992e+00 2.560495623729474701e+00 3.484511460150990752e+05 1.972934039503368542e+00 2.047725178142944191e+00 2.541283070705928626e+00 2.180328363064629293e+00 2.114603099655362861e+00 2.301885366915173363e+05 2.085532121181772780e+00 2.285056482882926066e+00 2.227286823927226322e+00 2.275647212853791679e+00 1.446680940701703388e+00 1.717346969462785200e+00 1.950039772450809172e+00 2.086690832159250775e+00 1.929840880332266195e+00 2.101896956867480792e+00 2.115681347666976908e+00 1.943599718869224002e+00 1.163889274950095087e+00 1.463673823261040088e+05
1.463673864309450437e+05 1.211605605287163053e+05 1.463672830614570994e+05 1.463673099491127650e+05 2.789895635229643085e+05 1.463670139289553626e+05 1.463670836740498489e+05 1.463674162419099594e+05 1.463673518955058535e+05 1.463672966536300373e+05 1.512801035995865241e+05 1.463671518566453888e+05 1.463674309260603331e+05 1.463672093479865580e+05 1.463674085950068256e+05 1.463667170065162645e+05 1.463667757708122081e+05 1.463669225026086788e+05 1.463671189626192790e+05 1.463669453734225244e+05 1.463673150253155909e+05 1.463673908338216133e+05 1.463672357651230122e+05 1.463673823261040088e+05 5.933567825991705467e+04
