6.541406752729737040e-01 8.001224179724835267e+03 2.376969513081701371e+04 3.200166427355154156e+04 1.331446251185582369e+05 1.198807692593916174e+00 1.244227457089286909e+05 4.720298687527890434e+04 2.340945242180976784e+05 8.001275677588158942e+03 9.501597034209469712e+03 1.564046945200890768e+05 8.001257039741077278e+03 1.097159986938029033e+05 3.542322825125306281e+03 1.127290743296365399e+05 4.335117807433427661e+05 7.711266672038398974e+04 3.149856795717821224e+05 2.230706826881397774e+03 9.200150274198951956e+04 1.040015754364172899e+05 1.884277223055333307e+05 2.621416659191565413e+05 3.903040305809851852e+05
8.001224179724837086e+03 4.596599030163698307e-01 2.376931449514041742e+04 3.200122040221714633e+04 1.331443408574968053e+05 8.001016041701982431e+03 1.244225723158110050e+05 4.720282949184872996e+04 2.340942603772065195e+05 9.749076259954231327e-01 9.501200816250544449e+03 1.564045485197868256e+05 1.115393377713167489e+00 1.097155682738957694e+05 8.001279476324390998e+03 1.127286182946210320e+05 4.335115263250598800e+05 7.711229637867175916e+04 3.149853981037014164e+05 5.771300594604571415e+03 9.200136594002462516e+04 1.040013993709484930e+05 1.884276845310486096e+05 2.621416250940614846e+05 3.903040305954334326e+05
2.376969513081701371e+04 2.376931449514041742e+04 6.943775144827310214e+03 1.610211973255644989e+04 1.331446840856921626e+05 2.376953568166489640e+04 1.208674329208499112e+05 3.143497564012473595e+04 2.340946726570494648e+05 2.376965778713272812e+04 1.426940498266563736e+04 1.564049259792771772e+05 2.376977441159630325e+04 1.035650586873457796e+05 2.022862674867407259e+04 1.073956882063467638e+05 4.335117498166071018e+05 6.134454093198342161e+04 3.149856645016752882e+05 2.376943400537531124e+04 7.623358349932720012e+04 8.823361872610684077e+04 1.884281299492271792e+05 2.621419254962010891e+05 3.903042371350586182e+05
3.200166427355154519e+04 3.200122040221714269e+04 1.610211973255644807e+04 2.586922698429079333e+02 1.331447855786309810e+05 3.200147950192854842e+04 1.190896527834977314e+05 1.533409474463358129e+04 2.340946516801270482e+05 3.200154318392420828e+04 3.037035429036147980e+04 1.564049997290775646e+05 3.200166783715613929e+04 1.001724859505605127e+05 3.194361379284238865e+04 1.047289841685283900e+05 4.335117750902326661e+05 5.259655320300635503e+04 3.149857136899280013e+05 3.200135087154504436e+04 6.800166087165934732e+04 8.000180588773924683e+04 1.884281602233207959e+05 2.621419611193021992e+05 3.903043016317421570e+05
1.331446251185582369e+05 1.331443408574968053e+05 1.331446840856921626e+05 1.331447855786309810e+05 1.958616136880285922e+04 1.331445585297319631e+05 4.369480464740862226e+04 1.288275479150364990e+05 1.955083975140001858e+05 1.331445083862846659e+05 1.331447033172256779e+05 7.232819048718712293e+04 1.331446825795237382e+05 7.041750601798441494e+04 1.331447177469674498e+05 6.576348308839186211e+04 3.980834135123664164e+05 1.114772625757658971e+05 2.795573472782077151e+05 1.331444670893554867e+05 1.005883298672977980e+05 9.058833764173109375e+04 1.282982669799102441e+05 2.267134319944733870e+05 3.548758296569649829e+05
1.198807692593916174e+00 8.001016041701980612e+03 2.376953568166489640e+04 3.200147950192854842e+04 1.331445585297319631e+05 6.192044033489757515e-01 1.244228114441744110e+05 4.720307714461558498e+04 2.340943823757229256e+05 8.001292791300532372e+03 9.501410755648688792e+03 1.564047627791287377e+05 8.001405094264217951e+03 1.097158151081426477e+05 3.542441947938492831e+03 1.127288594684029958e+05 4.335115625197330955e+05 7.711253905900273821e+04 3.149854831606663065e+05 2.230494104908053487e+03 9.200157725926482817e+04 1.040016388213486789e+05 1.884278333556419821e+05 2.621417354924246029e+05 3.903041018393182894e+05
1.244227457089286909e+05 1.244225723158110050e+05 1.208674329208499112e+05 1.190896527834977314e+05 4.369480464740862226e+04 1.244228114441744110e+05 1.304034658419650077e+04 1.107287043639225594e+05 2.056829888310669630e+05 1.244226063689885632e+05 1.244229401056943752e+05 1.014848350000600185e+05 1.244227779870383383e+05 4.091869723110301129e+04 1.244228410060602328e+05 3.026078657559583735e+04 4.068453552817730815e+05 8.647854276589494839e+04 2.883193397813779302e+05 1.244226820463004697e+05 7.308948709685225913e+04 6.108953029608856014e+04 1.537847489100123348e+05 2.354753256992121169e+05 3.636376157203869079e+05
4.720298687527890434e+04 4.720282949184872996e+04 3.143497564012473595e+04 1.533409474463358129e+04 1.288275479150364990e+05 4.720307714461558498e+04 1.107287043639225594e+05 1.250301767769603612e+04 2.340947647725052084e+05 4.720290042300971254e+04 4.570317939144811680e+04 1.564048690335708670e+05 4.720303097121604515e+04 8.497111881095299032e+04 4.720301776378848444e+04 9.240273508165711246e+04 4.335119178018081002e+05 3.738653403973822424e+04 3.149858759460269357e+05 4.720297102192196326e+04 5.280001155602283688e+04 6.480014322115035611e+04 1.884279682869212411e+05 2.621419122002377699e+05 3.903042206245469861e+05
2.340945242180976784e+05 2.340942603772065195e+05 2.340946726570494357e+05 2.340946516801270482e+05 1.955083975140001858e+05 2.340943823757229256e+05 2.056829888310669630e+05 2.340947647725052084e+05 5.109475399758264393e+04 2.340944582435964257e+05 2.340946406081881432e+05 1.621561643456970342e+05 2.340946059967183974e+05 2.123803797161061957e+05 2.340946888107018603e+05 2.100947916829220194e+05 3.613698578187061357e+05 2.340946441924658429e+05 2.099739526769187360e+05 2.340943118174342962e+05 2.260947751922119060e+05 2.180947842535310483e+05 1.340884636751532962e+05 1.030624710011245479e+05 3.181624168954401975e+05
8.001275677588158942e+03 9.749076259954231327e-01 2.376965778713272812e+04 3.200154318392420828e+04 1.331445083862846368e+05 8.001292791300532372e+03 1.244226063689885632e+05 4.720290042300971254e+04 2.340944582435964257e+05 5.986005860966777670e-01 9.501510294645662725e+03 1.564045654529714375e+05 1.180524293020877247e+00 1.097158946204743115e+05 8.001318091924494183e+03 1.127289535456896992e+05 4.335117103708147188e+05 7.711261405293634743e+04 3.149855802861600532e+05 5.771609614058594161e+03 9.200138845364110603e+04 1.040014463248981192e+05 1.884276796909599798e+05 2.621415737206754566e+05 3.903039870470521273e+05
9.501597034209469712e+03 9.501200816250540811e+03 1.426940498266563918e+04 3.037035429036146888e+04 1.331447033172256779e+05 9.501410755648688792e+03 1.244229401056943752e+05 4.570317939144812408e+04 2.340946406081881432e+05 9.501510294645662725e+03 2.438163446591065167e+03 1.564049793488541909e+05 9.501644427489363807e+03 1.096222067280446645e+05 5.960442322812460588e+03 1.127289792224244156e+05 4.335116982789397007e+05 7.561269646924413973e+04 3.149856194890085026e+05 9.501315479358538141e+03 9.050171102843192057e+04 1.025017838178120292e+05 1.884280859870140266e+05 2.621419071898619295e+05 3.903042378453842830e+05
1.564046945200890768e+05 1.564045485197868256e+05 1.564049259792771772e+05 1.564049997290775646e+05 7.232819048718712293e+04 1.564047627791287377e+05 1.014848350000600185e+05 1.564048690335708670e+05 1.621561643456970342e+05 1.564045654529714375e+05 1.564049793488541909e+05 2.472051661127396073e+04 1.564047456958684197e+05 1.177386769972170587e+05 1.564047758464591461e+05 1.144465664232629497e+05 3.735120503974569147e+05 1.492939298425602319e+05 2.515848958025868924e+05 1.564046497856343340e+05 1.404048229183800868e+05 1.324048664654735476e+05 7.921903199554384628e+04 1.965863727224510803e+05 3.303043569941659225e+05
8.001257039741077278e+03 1.115393377713167711e+00 2.376977441159630325e+04 3.200166783715613929e+04 1.331446825795237382e+05 8.001405094264217951e+03 1.244227779870383383e+05 4.720303097121604515e+04 2.340946059967183974e+05 1.180524293020877247e+00 9.501644427489363807e+03 1.564047456958684197e+05 6.081234357679521363e-01 1.097160300909320067e+05 8.001400018149231073e+03 1.127290951716626005e+05 4.335117623597928905e+05 7.711271501131831610e+04 3.149856883948475588e+05 5.771782822553254846e+03 9.200153216297373001e+04 1.040016110143515252e+05 1.884278246556873491e+05 2.621416914112781233e+05 3.903040455046063289e+05
1.097159986938029033e+05 1.097155682738957694e+05 1.035650586873457796e+05 1.001724859505605127e+05 7.041750601798441494e+04 1.097158151081426477e+05 4.091869723110302584e+04 8.497111881095299032e+04 2.123803797161061666e+05 1.097158946204743115e+05 1.096222067280446645e+05 1.177386769972170587e+05 1.097160300909320067e+05 9.630180245466779525e+03 1.097161001487352769e+05 1.291038136642493191e+04 4.117976099253898719e+05 5.506137007304808503e+04 2.932715401991079561e+05 1.097156904234333488e+05 4.017250282924771454e+04 2.573427057954104021e+04 1.631582249310825136e+05 2.404278211425804184e+05 3.685901502246906166e+05
3.542322825125306281e+03 8.001279476324390998e+03 2.022862674867407259e+04 3.194361379284238865e+04 1.331447177469674498e+05 3.542441947938493286e+03 1.244228410060602328e+05 4.720301776378848444e+04 2.340946888107018603e+05 8.001318091924495093e+03 5.960442322812460588e+03 1.564047758464591461e+05 8.001400018149232892e+03 1.097161001487353060e+05 3.948018844232030006e+03 1.127291754300814355e+05 4.335118253306882689e+05 7.711278647201095009e+04 3.149857659777548397e+05 4.785049108223041003e+03 9.200156188631411351e+04 1.040016585805822106e+05 1.884279329836099350e+05 2.621417783399588079e+05 3.903041513239560882e+05
1.127290743296365399e+05 1.127286182946210320e+05 1.073956882063467638e+05 1.047289841685283900e+05 6.576348308839186211e+04 1.127288594684029958e+05 3.026078657559583735e+04 9.240273508165711246e+04 2.100947916829220194e+05 1.127289535456896992e+05 1.127289792224244156e+05 1.144465664232629497e+05 1.127290951716626005e+05 1.291038136642493191e+04 1.127291754300814355e+05 9.134363462486704520e+03 4.095118919992272859e+05 6.298030058742465917e+04 2.909857906879676157e+05 1.127287597769220301e+05 4.809143833909316163e+04 3.609140284325061657e+04 1.608726194585780322e+05 2.381420877044573135e+05 3.663044702690040576e+05
4.335117807433427661e+05 4.335115263250597636e+05 4.335117498166070436e+05 4.335117750902326661e+05 3.980834135123664164e+05 4.335115625197329791e+05 4.068453552817730815e+05 4.335119178018081002e+05 3.613698578187061357e+05 4.335117103708147188e+05 4.335116982789397007e+05 3.735120503974569147e+05 4.335117623597929487e+05 4.117976099253898719e+05 4.335118253306882689e+05 4.095118919992272859e+05 1.373757579465300369e+05 4.335118634874140262e+05 3.150444937506714487e+05 4.335115357547818567e+05 4.255119466924076551e+05 4.175119757375654299e+05 3.625119654330500634e+05 3.606216424350249581e+05 2.535295172745213786e+05
7.711266672038398974e+04 7.711229637867175916e+04 6.134454093198342161e+04 5.259655320300635503e+04 1.114772625757658971e+05 7.711253905900273821e+04 8.647854276589494839e+04 3.738653403973822424e+04 2.340946441924658429e+05 7.711261405293634743e+04 7.561269646924415429e+04 1.492939298425602319e+05 7.711271501131831610e+04 5.506137007304808503e+04 7.711278647201095009e+04 6.298030058742465917e+04 4.335118634874140844e+05 5.561271305807640601e+03 3.149858215814004652e+05 7.711242790549302299e+04 1.541495445644483152e+04 3.403274652889644494e+04 1.852676941481962276e+05 2.621419735999552358e+05 3.903043586368508404e+05
3.149856795717821224e+05 3.149853981037013000e+05 3.149856645016752300e+05 3.149857136899280013e+05 2.795573472782077151e+05 3.149854831606663065e+05 2.883193397813779302e+05 3.149858759460268775e+05 2.099739526769187360e+05 3.149855802861599950e+05 3.149856194890084444e+05 2.515848958025868924e+05 3.149856883948475588e+05 2.932715401991079561e+05 3.149857659777547815e+05 2.909857906879675575e+05 3.150444937506714487e+05 3.149858215814004070e+05 1.416960389085756615e+05 3.149854577301527024e+05 3.069859071109328070e+05 2.989859184293283615e+05 2.372191250070607057e+05 2.047801054800729034e+05 2.590344821169766365e+05
2.230706826881397774e+03 5.771300594604570506e+03 2.376943400537531124e+04 3.200135087154504436e+04 1.331444670893554867e+05 2.230494104908053487e+03 1.244226820463004697e+05 4.720297102192196326e+04 2.340943118174342962e+05 5.771609614058592342e+03 9.501315479358538141e+03 1.564046497856343340e+05 5.771782822553254846e+03 1.097156904234333488e+05 4.785049108223039184e+03 1.127287597769220301e+05 4.335115357547818567e+05 7.711242790549302299e+04 3.149854577301527024e+05 3.216893321901697618e+03 9.200148173212373513e+04 1.040015084873124579e+05 1.884277494746178272e+05 2.621416717091278406e+05 3.903040392901066225e+05
9.200150274198951956e+04 9.200136594002462516e+04 7.623358349932720012e+04 6.800166087165934732e+04 1.005883298672977980e+05 9.200157725926482817e+04 7.308948709685227368e+04 5.280001155602283688e+04 2.260947751922119351e+05 9.200138845364110603e+04 9.050171102843192057e+04 1.404048229183800868e+05 9.200153216297373001e+04 4.017250282924771454e+04 9.200156188631412806e+04 4.809143833909316163e+04 4.255119466924076551e+05 1.541495445644483152e+04 3.069859071109328070e+05 9.200148173212373513e+04 1.200077608724518905e+04 1.908339755733781931e+04 1.768724770880246069e+05 2.541419314063250786e+05 3.823042999345299904e+05
1.040015754364172899e+05 1.040013993709484930e+05 8.823361872610684077e+04 8.000180588773924683e+04 9.058833764173109375e+04 1.040016388213486789e+05 6.108953029608856014e+04 6.480014322115036339e+04 2.180947842535311065e+05 1.040014463248981192e+05 1.025017838178120292e+05 1.324048664654735185e+05 1.040016110143515252e+05 2.573427057954104021e+04 1.040016585805822106e+05 3.609140284325061657e+04 4.175119757375654299e+05 3.403274652889644494e+04 2.989859184293283615e+05 1.040015084873124724e+05 1.908339755733781203e+04 1.626067197741511336e+03 1.688723673768661392e+05 2.461419586742971733e+05 3.743042654770383961e+05
1.884277223055333307e+05 1.884276845310486096e+05 1.884281299492271792e+05 1.884281602233207959e+05 1.282982669799102441e+05 1.884278333556419821e+05 1.537847489100123348e+05 1.884279682869212411e+05 1.340884636751532962e+05 1.884276796909599798e+05 1.884280859870140266e+05 7.921903199554383173e+04 1.884278246556873491e+05 1.631582249310825136e+05 1.884279329836099350e+05 1.608726194585780322e+05 3.625119654330500634e+05 1.852676941481962276e+05 2.372191250070607639e+05 1.884277494746177981e+05 1.768724770880245487e+05 1.688723673768661392e+05 3.319576627128868131e+04 1.745519400660505926e+05 3.193041919819857576e+05
2.621416659191565413e+05 2.621416250940614846e+05 2.621419254962010891e+05 2.621419611193021992e+05 2.267134319944734161e+05 2.621417354924246029e+05 2.354753256992121169e+05 2.621419122002377699e+05 1.030624710011245479e+05 2.621415737206754566e+05 2.621419071898619295e+05 1.965863727224511094e+05 2.621416914112781233e+05 2.404278211425803893e+05 2.621417783399588079e+05 2.381420877044573135e+05 3.606216424350249581e+05 2.621419735999552358e+05 2.047801054800729034e+05 2.621416717091278406e+05 2.541419314063250786e+05 2.461419586742971733e+05 1.745519400660505926e+05 5.207695826982173458e+04 3.175384938099245774e+05
3.903040305809851852e+05 3.903040305954334326e+05 3.903042371350586182e+05 3.903043016317421570e+05 3.548758296569649829e+05 3.903041018393182894e+05 3.636376157203869079e+05 3.903042206245469861e+05 3.181624168954401975e+05 3.903039870470521273e+05 3.903042378453842248e+05 3.303043569941659225e+05 3.903040455046063289e+05 3.685901502246906166e+05 3.903041513239560882e+05 3.663044702690041158e+05 2.535295172745213786e+05 3.903043586368508404e+05 2.590344821169766365e+05 3.903040392901066225e+05 3.823042999345299904e+05 3.743042654770382214e+05 3.193041919819857576e+05 3.175384938099245774e+05 1.301214816359443212e+05
