8.719592061446241882e-01 9.524050618017933448e+04 9.524038536996832408e+04 1.185141614153401246e+00 1.542315666540983621e+00 5.067849463756640325e+05 1.892286155781325308e+00 2.014240692586488191e+00 1.758736837319415645e+05 3.831571986782714375e+05 1.567492698499907133e+00 9.524053091930807568e+04 2.380974573409673758e+05 6.992602173983724788e+05 1.801036895544865901e+00 4.762117338054106949e+04 1.190500380143661314e+05 9.524054777499845659e+04 1.860749892258945160e+00 2.380972739344857982e+05 1.527157824620213988e+00 7.546413109910024796e+05 3.019935849879258603e+04 7.143070303955215786e+04 1.898826910736906459e+00
9.524050618017934903e+04 9.562433879371547985e-01 1.926229302485146899e+00 9.523983064990927232e+04 9.524023893442045664e+04 5.067852485268818564e+05 9.524075408439943567e+04 9.524085579307397711e+04 1.282549479618869664e+05 3.831573925570962019e+05 9.524047998336520686e+04 2.298417172792841079e+00 2.380977966093887808e+05 6.992605768665932119e+05 9.524062860194711538e+04 4.762136713241081452e+04 4.762182307448516804e+04 2.412492525977027125e+00 9.524064045883003564e+04 2.137075092560577614e+05 9.524025786027408321e+04 7.546416660613395507e+05 6.504291044203016645e+04 2.381179363082567579e+04 9.524043390435374749e+04
9.524038536996833864e+04 1.926229302485146899e+00 6.810198221110816963e-01 9.523967946725651564e+04 9.524020979075689684e+04 5.067851368560208357e+05 9.524070760728242749e+04 9.524076360286241106e+04 1.282551770937849797e+05 3.831573836812456138e+05 9.524053865869347646e+04 2.101820977390473466e+00 2.380978076549991965e+05 6.992604618921057554e+05 9.524061568667630490e+04 4.762129779935292026e+04 4.762195629718832060e+04 2.195105743954751443e+00 9.524063609334692592e+04 2.137074733201319468e+05 9.524026886871184979e+04 7.546415734942064155e+05 6.504272354681351862e+04 2.381162539367230784e+04 9.524051545210104086e+04
1.185141614153401024e+00 9.523983064990927232e+04 9.523967946725651564e+04 4.220415714631767234e-01 1.077592820837782517e+00 5.067848409114945680e+05 1.607615627250041035e+00 1.629323454931035142e+00 1.758731677443345834e+05 3.831569578183619305e+05 1.268968205563176577e+00 9.523981679736744263e+04 2.380971508729785273e+05 6.992601880253466079e+05 1.464185702757052399e+00 4.762052852803844871e+04 1.190495387905337266e+05 9.523995121001760708e+04 1.407395141100413971e+00 2.380968971473034180e+05 1.123341030108991667e+00 7.546413567410156829e+05 3.019880204781591965e+04 7.143007394591729098e+04 1.422749561028762821e+00
1.542315666540983621e+00 9.524023893442045664e+04 9.524020979075689684e+04 1.077592820837782517e+00 7.445914807753620801e-01 5.067849298077544663e+05 1.972821237362634372e+00 2.077057014047674066e+00 1.758734281113993493e+05 3.831570104309702292e+05 1.591475810590567752e+00 9.524019106003535853e+04 2.380972288050066854e+05 6.992602737864129012e+05 1.639241231331699744e+00 4.762074301705037942e+04 1.190498505099559552e+05 9.524019145715382183e+04 1.811208870239807256e+00 2.380969494540719606e+05 1.339970130050921249e+00 7.546414495671929326e+05 3.019915048573283275e+04 7.143039025999371370e+04 1.678695771290369398e+00
5.067849463756640325e+05 5.067852485268818564e+05 5.067851368560208357e+05 5.067848409114945680e+05 5.067849298077544663e+05 2.103729198349249200e+05 5.067850509971831925e+05 5.067850311855798354e+05 5.067855071529626730e+05 3.038235598564034444e+05 5.067849356966406922e+05 5.067851538702693651e+05 4.591664337811010773e+05 4.747066626157663995e+05 5.067850568478801870e+05 5.067851226467686938e+05 5.067854275264960015e+05 5.067853127198803704e+05 5.067850982311001862e+05 5.067854683327969396e+05 5.067849269026680267e+05 5.300877996413544752e+05 5.067850286271780496e+05 5.067851288584938738e+05 5.067850598152378225e+05
1.892286155781325308e+00 9.524075408439943567e+04 9.524070760728242749e+04 1.607615627250041035e+00 1.972821237362634372e+00 5.067850509971831925e+05 8.828170002103538083e-01 2.051627914847498957e+00 1.758738351372603502e+05 3.831572629049877287e+05 2.083027178254138967e+00 9.524086814039431920e+04 2.380976040724265913e+05 6.992602773213778855e+05 2.043639076373848340e+00 4.762163110429891822e+04 1.190503013395293965e+05 9.524071574271720601e+04 2.018711164367387401e+00 2.380974321989148739e+05 1.836930840696983314e+00 7.546414355209242785e+05 3.019983291648975137e+04 7.143113932676061813e+04 2.234284710835244603e+00
2.014240692586488191e+00 9.524085579307397711e+04 9.524076360286241106e+04 1.629323454931035142e+00 2.077057014047674066e+00 5.067850311855798354e+05 2.051627914847498513e+00 9.774144738745212946e-01 1.758740311766411469e+05 3.831574172387611470e+05 2.289587922470830872e+00 9.524088477272885211e+04 2.380978279052835132e+05 6.992602483573008794e+05 2.393298174289557601e+00 4.762140914681959839e+04 1.190504231125452206e+05 9.524090147164916561e+04 2.303396513954587554e+00 2.380975789929842285e+05 2.126578224305156972e+00 7.546413679296432529e+05 3.019969280853082091e+04 7.143101516385962896e+04 2.341821104420360733e+00
1.758736837319415645e+05 1.282549479618869664e+05 1.282551770937849797e+05 1.758731677443345834e+05 1.758734281113993493e+05 5.067855071529626730e+05 1.758738351372603502e+05 1.758740311766411469e+05 4.136163504143283353e+04 3.831575889752189396e+05 1.758736066927638603e+05 1.282553163646026514e+05 2.368038834336245200e+05 6.992606650265597273e+05 1.758737032229998440e+05 1.282548686233216577e+05 8.063549240494509286e+04 1.282551171419871825e+05 1.758736630598361953e+05 1.417787718407025386e+05 1.758734099230384454e+05 7.070227473769168137e+05 1.456764589570417884e+05 1.282551280053654336e+05 1.758737715676827647e+05
3.831571986782714375e+05 3.831573925570962019e+05 3.831573836812456138e+05 3.831569578183619305e+05 3.831570104309702292e+05 3.038235598564035026e+05 3.831572629049877287e+05 3.831574172387611470e+05 3.831575889752189396e+05 1.552455700845645915e+05 3.831570723930225358e+05 3.831572221091301762e+05 2.848563660037194495e+05 6.258523885352835059e+05 3.831570796073299134e+05 3.831573932341313339e+05 3.831573098094207817e+05 3.831573406111001968e+05 3.831571251393663115e+05 3.752255843039451283e+05 3.831569990034419461e+05 6.812335312921479344e+05 3.831573534041036037e+05 3.831573644369174144e+05 3.831571414614155074e+05
1.567492698499907133e+00 9.524047998336520686e+04 9.524053865869347646e+04 1.268968205563176577e+00 1.591475810590567752e+00 5.067849356966406922e+05 2.083027178254138967e+00 2.289587922470830872e+00 1.758736066927638603e+05 3.831570723930225358e+05 7.166109956607593645e-01 9.524044876119485707e+04 2.380974048447311507e+05 6.992602311030854471e+05 1.777041378350875389e+00 4.762117863080964889e+04 1.190501128145421098e+05 9.524070424138782255e+04 1.806050980025810659e+00 2.380972535769325914e+05 1.629242029419512461e+00 7.546413843745397171e+05 3.019957984818060140e+04 7.143073950890946435e+04 1.845341895318910241e+00
9.524053091930806113e+04 2.298417172792841079e+00 2.101820977390473466e+00 9.523981679736742808e+04 9.524019106003535853e+04 5.067851538702693651e+05 9.524086814039431920e+04 9.524088477272883756e+04 1.282553163646026369e+05 3.831572221091301762e+05 9.524044876119485707e+04 8.977396306726499464e-01 2.380976764966905466e+05 6.992605038390547270e+05 9.524065797887672670e+04 4.762138857873427332e+04 4.762204799230484787e+04 2.319906451324868613e+00 9.524066189255402423e+04 2.137074819686456758e+05 9.524031372217972239e+04 7.546416350255124271e+05 6.504293490947419923e+04 2.381173455836287030e+04 9.524054925607518817e+04
2.380974573409673758e+05 2.380977966093887808e+05 2.380978076549991965e+05 2.380971508729785273e+05 2.380972288050066854e+05 4.591664337811010773e+05 2.380976040724265913e+05 2.380978279052835132e+05 2.368038834336245200e+05 2.848563660037194495e+05 2.380974048447311507e+05 2.380976764966905757e+05 6.107535146199598239e+04 6.754510732474488905e+05 2.380974206509093929e+05 2.380975870006292535e+05 2.380977721027027001e+05 2.380976822742783115e+05 2.380974456026609405e+05 1.787978637672033219e+05 2.380971280791619793e+05 7.546416633063192712e+05 2.380975214787467557e+05 2.380974826095472672e+05 2.380973926046850975e+05
6.992602173983724788e+05 6.992605768665932119e+05 6.992604618921057554e+05 6.992601880253466079e+05 6.992602737864131341e+05 4.747066626157663995e+05 6.992602773213778855e+05 6.992602483573009958e+05 6.992606650265596109e+05 6.258523885352835059e+05 6.992602311030856799e+05 6.992605038390549598e+05 6.754510732474488905e+05 1.369901994712430169e+05 6.992603885177854681e+05 6.992603754390237154e+05 6.992606041938352864e+05 6.992605871297906851e+05 6.992603737225669902e+05 6.516416611701800721e+05 6.992602606970045017e+05 5.028953689469233504e+05 6.992603027484039776e+05 6.992603978230759967e+05 6.992603352375520626e+05
1.801036895544865901e+00 9.524062860194711538e+04 9.524061568667630490e+04 1.464185702757052399e+00 1.639241231331699744e+00 5.067850568478801870e+05 2.043639076373848340e+00 2.393298174289558045e+00 1.758737032229998440e+05 3.831570796073299134e+05 1.777041378350875389e+00 9.524065797887674125e+04 2.380974206509093929e+05 6.992603885177854681e+05 8.478104415440108621e-01 4.762132883485622006e+04 1.190501389292177773e+05 9.524062742284801789e+04 1.873135405634644313e+00 2.380972335214589548e+05 1.771363110383745498e+00 7.546415152452692855e+05 3.019973170153913088e+04 7.143092630068150174e+04 1.735552559440506570e+00
4.762117338054106949e+04 4.762136713241079997e+04 4.762129779935291299e+04 4.762052852803844871e+04 4.762074301705037942e+04 5.067851226467686938e+05 4.762163110429891822e+04 4.762140914681959839e+04 1.282548686233216431e+05 3.831573932341313339e+05 4.762117863080964889e+04 4.762138857873428788e+04 2.380975870006292243e+05 6.992603754390234826e+05 4.762132883485622006e+04 6.905728583916146412e-01 7.143126982689443685e+04 4.762131916153033671e+04 4.762135485338953004e+04 2.137071537996763363e+05 4.762101298209132074e+04 7.546415020177557599e+05 1.742329575709726487e+04 2.381116600653338901e+04 4.762127897215320991e+04
1.190500380143661314e+05 4.762182307448515348e+04 4.762195629718832060e+04 1.190495387905337266e+05 1.190498505099559552e+05 5.067854275264960015e+05 1.190503013395293965e+05 1.190504231125452206e+05 8.063549240494509286e+04 3.831573098094208399e+05 1.190501128145421098e+05 4.762204799230484787e+04 2.380977721027027001e+05 6.992606041938352864e+05 1.190501389292177773e+05 7.143126982689445140e+04 4.762033751025434321e+04 4.762182273292339232e+04 1.190501468816586712e+05 1.898975928117301373e+05 1.190498180628345144e+05 7.308322327635736438e+05 8.885283175561632379e+04 5.952655320975350332e+04 1.190501519603862253e+05
9.524054777499845659e+04 2.412492525977027125e+00 2.195105743954751443e+00 9.523995121001760708e+04 9.524019145715382183e+04 5.067853127198803704e+05 9.524071574271720601e+04 9.524090147164916561e+04 1.282551171419871825e+05 3.831573406111001968e+05 9.524070424138782255e+04 2.319906451324868613e+00 2.380976822742783406e+05 6.992605871297906851e+05 9.524062742284801789e+04 4.762131916153034399e+04 4.762182273292339960e+04 8.584062918340289450e-01 9.524073546395750600e+04 2.137074455695906363e+05 9.524031491081874992e+04 7.546416801822134294e+05 6.504300930786343088e+04 2.381188496906264481e+04 9.524061944271188986e+04
1.860749892258945160e+00 9.524064045883002109e+04 9.524063609334692592e+04 1.407395141100414193e+00 1.811208870239807256e+00 5.067850982311001280e+05 2.018711164367387401e+00 2.303396513954587554e+00 1.758736630598361953e+05 3.831571251393662533e+05 1.806050980025810659e+00 9.524066189255403879e+04 2.380974456026609405e+05 6.992603737225668738e+05 1.873135405634644313e+00 4.762135485338953004e+04 1.190501468816586712e+05 9.524073546395750600e+04 9.237887857163672445e-01 2.380972726743783860e+05 1.817165806837446329e+00 7.546415020177561091e+05 3.019971400686558627e+04 7.143093517021994921e+04 1.947024339668315118e+00
2.380972739344857982e+05 2.137075092560577614e+05 2.137074733201319468e+05 2.380968971473034180e+05 2.380969494540719606e+05 5.067854683327969396e+05 2.380974321989148448e+05 2.380975789929842285e+05 1.417787718407025677e+05 3.752255843039451283e+05 2.380972535769325914e+05 2.137074819686456758e+05 1.787978637672033510e+05 6.516416611701800721e+05 2.380972335214589548e+05 2.137071537996763946e+05 1.898975928117301373e+05 2.137074455695906363e+05 2.380972726743784442e+05 4.687464628440577508e+04 2.380970574471539294e+05 7.546417724878982408e+05 2.226305109183790919e+05 2.137072997951681027e+05 2.380972423980741005e+05
1.527157824620213988e+00 9.524025786027408321e+04 9.524026886871184979e+04 1.123341030108991667e+00 1.339970130050921249e+00 5.067849269026680849e+05 1.836930840696982647e+00 2.126578224305156972e+00 1.758734099230384454e+05 3.831569990034419461e+05 1.629242029419512683e+00 9.524031372217975149e+04 2.380971280791620375e+05 6.992602606970045017e+05 1.771363110383745498e+00 4.762101298209132074e+04 1.190498180628345290e+05 9.524031491081874992e+04 1.817165806837446329e+00 2.380970574471539294e+05 7.425112964717559549e-01 7.546413990163822891e+05 3.019929685713372965e+04 7.143056148316220788e+04 1.670013779790754604e+00
7.546413109910024796e+05 7.546416660613395507e+05 7.546415734942064155e+05 7.546413567410156829e+05 7.546414495671929326e+05 5.300877996413544752e+05 7.546414355209242785e+05 7.546413679296432529e+05 7.070227473769166972e+05 6.812335312921479344e+05 7.546413843745397171e+05 7.546416350255124271e+05 7.546416633063192712e+05 5.028953689469233504e+05 7.546415152452692855e+05 7.546415020177557599e+05 7.308322327635736438e+05 7.546416801822134294e+05 7.546415020177561091e+05 7.546417724878982408e+05 7.546413990163821727e+05 1.398137681183704408e+05 7.546413931648870930e+05 7.546415015472230734e+05 7.546414657365768217e+05
3.019935849879259331e+04 6.504291044203016645e+04 6.504272354681351862e+04 3.019880204781592329e+04 3.019915048573283639e+04 5.067850286271780496e+05 3.019983291648975137e+04 3.019969280853082091e+04 1.456764589570417884e+05 3.831573534041036037e+05 3.019957984818060504e+04 6.504293490947422106e+04 2.380975214787467557e+05 6.992603027484039776e+05 3.019973170153913452e+04 1.742329575709726851e+04 8.885283175561632379e+04 6.504300930786343088e+04 3.019971400686558627e+04 2.226305109183790919e+05 3.019929685713374056e+04 7.546413931648870930e+05 2.209639383463771446e+04 4.123302203158667544e+04 3.019952789732178280e+04
7.143070303955215786e+04 2.381179363082567215e+04 2.381162539367230056e+04 7.143007394591729098e+04 7.143039025999371370e+04 5.067851288584938738e+05 7.143113932676061813e+04 7.143101516385964351e+04 1.282551280053654336e+05 3.831573644369174144e+05 7.143073950890947890e+04 2.381173455836287758e+04 2.380974826095472672e+05 6.992603978230758803e+05 7.143092630068151630e+04 2.381116600653339628e+04 5.952655320975351060e+04 2.381188496906264118e+04 7.143093517021994921e+04 2.137072997951681027e+05 7.143056148316220788e+04 7.546415015472230734e+05 4.123302203158668999e+04 2.381044438691053438e+04 7.143082224995169963e+04
1.898826910736906459e+00 9.524043390435374749e+04 9.524051545210104086e+04 1.422749561028762821e+00 1.678695771290369398e+00 5.067850598152378225e+05 2.234284710835244603e+00 2.341821104420360733e+00 1.758737715676827647e+05 3.831571414614155074e+05 1.845341895318909797e+00 9.524054925607523182e+04 2.380973926046850975e+05 6.992603352375520626e+05 1.735552559440506570e+00 4.762127897215320991e+04 1.190501519603862253e+05 9.524061944271188986e+04 1.947024339668314896e+00 2.380972423980741005e+05 1.670013779790754604e+00 7.546414657365768217e+05 3.019952789732177916e+04 7.143082224995168508e+04 7.397048977132895109e-01
