2.469264959382638699e+04 7.862441809558850946e+04 1.852063591481741969e+04 9.876767412944586249e+04 1.852059581848509333e+04 1.111133854983501806e+05 1.852052732748371636e+04 6.937510791485374793e+05 1.852049562373477238e+04 1.852026726067914933e+04 5.166853029818534269e+05 2.641653477171310806e+05 1.852055939870005022e+04 1.852070903207260562e+04 1.852013279467015309e+04 4.051368655586059904e+05 1.111134960176459572e+05 1.852080314113702116e+04 1.852058954365876707e+04 1.111135226787037827e+05 1.852060234519186633e+04 1.111133927215314325e+05 3.703897099198534852e+04 3.703902589749794424e+04 1.339895322323673754e+05
7.862441809558850946e+04 5.239338611102505820e+04 8.479771754942405096e+04 9.722879801897164725e+04 8.479746495779859833e+04 1.111133717816226999e+05 8.479766632234008284e+04 6.937512814783587819e+05 8.479723845129352412e+04 8.479708561645608279e+04 5.166854402892889339e+05 2.102344750914558244e+05 8.479764658852372668e+04 8.479768533645119169e+04 8.479710709692312230e+04 3.943644438101470005e+05 4.483656692338577705e+04 8.479779625338433834e+04 8.479743985777496709e+04 1.111135430453070294e+05 8.479756970825145254e+04 1.111134270527219196e+05 6.627886545539306826e+04 6.627902369019537582e+04 6.771284787079565285e+04
1.852063591481741605e+04 8.479771754942405096e+04 1.135235113953046548e+00 1.111136030557935883e+05 1.942743313400822958e+00 1.111135693444576027e+05 1.933674759724972825e+00 6.937510100761870854e+05 1.797509097502812958e+00 1.750815186120406874e+00 5.166852785305689322e+05 2.641653548920489848e+05 1.901146129298211918e+00 1.785055787539973959e+00 1.521364127381434006e+00 4.051368246345527004e+05 1.111135373300857900e+05 2.035889205362431120e+00 1.865615348859633871e+00 1.111135314027953136e+05 1.841936293709910188e+00 1.111135353533650632e+05 5.555784469837458164e+04 5.555780928684556420e+04 1.339894888381523197e+05
9.876767412944584794e+04 9.722879801897164725e+04 1.111136030557935883e+05 3.023279139324419521e+04 1.111133394591924298e+05 3.996334807463162724e+04 1.111135045988341590e+05 6.937512596984534757e+05 1.111130689597256423e+05 1.111129348060575430e+05 5.166853593565042247e+05 2.612416972328511474e+05 1.111134927687995078e+05 1.111135277760254830e+05 1.111128653931947192e+05 4.040598163095443742e+05 1.081896558276587748e+05 1.111135005592444359e+05 1.111132435814212222e+05 3.996348507260542829e+04 1.111133672415707697e+05 3.996339125797212910e+04 7.407627776548206748e+04 7.407634322481966228e+04 1.310658855250125634e+05
1.852059581848509333e+04 8.479746495779859833e+04 1.942743313400822514e+00 1.111133394591924298e+05 9.996757403772681405e-01 1.111132472189450345e+05 1.907171115675291961e+00 6.937510146450195462e+05 1.655940394488414569e+00 1.493888699442576851e+00 5.166851617891340284e+05 2.641653713135676226e+05 1.861225577268302622e+00 1.946798432422339742e+00 1.428222958322944658e+00 4.051366642944667838e+05 1.111132414995411091e+05 1.997606032891239503e+00 1.619486449708752884e+00 1.111132583217166539e+05 1.802036155233811554e+00 1.111133123788763478e+05 5.555782865250384202e+04 5.555768514374460938e+04 1.339893462792127102e+05
1.111133854983501806e+05 1.111133717816226999e+05 1.111135693444576027e+05 3.996334807463162724e+04 1.111132472189450345e+05 1.314935816470284236e+00 1.111134789923974749e+05 6.937513185268366942e+05 1.111130875563727313e+05 1.111128871494858322e+05 5.166854780551765580e+05 2.641657236639772309e+05 1.111134990948785853e+05 1.111134958105860860e+05 1.111129012408279959e+05 4.051369971181328292e+05 1.111134782659795601e+05 1.111135873482537427e+05 1.111132997660090041e+05 2.312653923423860558e+00 1.111133549932026217e+05 2.305312181720143183e+00 1.111136177845010097e+05 1.111134533729868272e+05 1.339897975855350669e+05
1.852052732748372000e+04 8.479766632234011195e+04 1.933674759724972825e+00 1.111135045988341881e+05 1.907171115675292183e+00 1.111134789923974895e+05 9.783283696490521208e-01 6.937509699762708042e+05 1.796216213982601895e+00 1.679740696096952757e+00 5.166852103826771490e+05 2.641653148430603906e+05 1.773339280248813932e+00 1.877948293401283886e+00 1.513565140368902107e+00 4.051366863686925499e+05 1.111136548835954891e+05 2.020804292440754768e+00 1.981311632797771782e+00 1.111135650282785355e+05 1.850550494878097085e+00 1.111134799070801673e+05 5.555777338332204090e+04 5.555773816648866341e+04 1.339894519794825173e+05
6.937510791485374793e+05 6.937512814783587819e+05 6.937510100761870854e+05 6.937512596984534757e+05 6.937510146450195462e+05 6.937513185268366942e+05 6.937509699762708042e+05 2.647603380299881101e+05 6.937510074811179657e+05 6.937510683408916229e+05 4.463662919927390758e+05 6.682879402633829741e+05 6.937510203129126457e+05 6.937510247715950245e+05 6.937509413077969803e+05 4.942395492756574531e+05 6.937513304120352259e+05 6.937511240544089815e+05 6.937509044286989374e+05 6.937512977042223793e+05 6.937508256095168181e+05 6.937512621760584880e+05 6.937511707311791833e+05 6.937511698493452277e+05 6.937510815948129166e+05
1.852049562373477238e+04 8.479723845129352412e+04 1.797509097502812958e+00 1.111130689597256423e+05 1.655940394488415013e+00 1.111130875563727313e+05 1.796216213982601673e+00 6.937510074811177328e+05 1.034596136452093251e+00 1.373812739060663368e+00 5.166851089352815179e+05 2.641652006580017623e+05 1.891445446270863640e+00 1.829634260062700912e+00 1.221970271930040930e+00 4.051366774621167569e+05 1.111130655348896107e+05 1.890403623517926235e+00 1.584050908038919570e+00 1.111131832938653970e+05 1.737289923595209507e+00 1.111131302141291526e+05 5.555754097933118464e+04 5.555750069649786019e+04 1.339893008485288883e+05
1.852026726067914933e+04 8.479708561645608279e+04 1.750815186120406874e+00 1.111129348060575430e+05 1.493888699442576851e+00 1.111128871494858322e+05 1.679740696096952535e+00 6.937510683408916229e+05 1.373812739060663368e+00 8.181017013582997377e-01 5.166851080356123275e+05 2.641651983847574447e+05 1.712837873347001993e+00 1.717445837696197852e+00 1.120335006827724023e+00 4.051365660931847524e+05 1.111130025248471793e+05 1.845107784678321927e+00 1.704522581716952478e+00 1.111129653358809010e+05 1.725542852970292751e+00 1.111128895645948796e+05 5.555741425004650955e+04 5.555735690514062298e+04 1.339891962027704576e+05
5.166853029818534269e+05 5.166854402892889339e+05 5.166852785305689322e+05 5.166853593565042247e+05 5.166851617891340866e+05 5.166854780551765580e+05 5.166852103826771490e+05 4.463662919927390758e+05 5.166851089352815761e+05 5.166851080356123275e+05 2.232685400636619597e+05 4.912225997703224421e+05 5.166852530740047805e+05 5.166852357460060739e+05 5.166850467008202104e+05 3.142055822911710711e+05 5.166854794528848142e+05 5.166852970607352327e+05 5.166850769738637609e+05 5.166853894304916612e+05 5.166851125684197177e+05 5.166852436020203750e+05 5.166851956160756527e+05 5.166853943960559554e+05 5.166853672946062870e+05
2.641653477171310806e+05 2.102344750914557953e+05 2.641653548920490430e+05 2.612416972328511474e+05 2.641653713135676226e+05 2.641657236639772309e+05 2.641653148430603906e+05 6.682879402633829741e+05 2.641652006580017623e+05 2.641651983847574447e+05 4.912225997703222674e+05 9.541072567859922128e+04 2.641654495179788209e+05 2.641654741656086990e+05 2.641649437717744731e+05 3.359992211304608500e+05 1.715732947838885593e+05 2.641655677554772701e+05 2.641652427679095417e+05 2.641658093088542228e+05 2.641653604231543723e+05 2.641657595546780503e+05 2.641655977305109845e+05 2.641655048559539719e+05 1.486971052880024072e+05
1.852055939870004659e+04 8.479764658852372668e+04 1.901146129298211696e+00 1.111134927687995078e+05 1.861225577268302622e+00 1.111134990948785853e+05 1.773339280248813932e+00 6.937510203129126457e+05 1.891445446270863640e+00 1.712837873347001993e+00 5.166852530740047805e+05 2.641654495179788209e+05 1.045699816787518444e+00 1.703178380840279837e+00 1.613978007281518634e+00 4.051367968637164449e+05 1.111136296593908191e+05 2.034990084905040408e+00 2.025189623506635783e+00 1.111135866545588360e+05 2.041249753705580705e+00 1.111134831761879614e+05 5.555773443724862591e+04 5.555777103009435086e+04 1.339895738107748039e+05
1.852070903207260562e+04 8.479768533645119169e+04 1.785055787539973959e+00 1.111135277760254830e+05 1.946798432422339742e+00 1.111134958105860860e+05 1.877948293401283886e+00 6.937510247715950245e+05 1.829634260062700912e+00 1.717445837696197852e+00 5.166852357460060739e+05 2.641654741656085826e+05 1.703178380840279837e+00 8.892901979187428640e-01 1.507778281911118512e+00 4.051368017174403649e+05 1.111135460488707031e+05 2.082572535919667178e+00 1.946018496386572094e+00 1.111134819281722448e+05 2.018098496464356462e+00 1.111134260986196459e+05 5.555782947059212893e+04 5.555779435999230191e+04 1.339895766131330456e+05
1.852013279467015309e+04 8.479710709692312230e+04 1.521364127381434006e+00 1.111128653931947192e+05 1.428222958322944658e+00 1.111129012408279959e+05 1.513565140368902107e+00 6.937509413077969803e+05 1.221970271930040930e+00 1.120335006827724023e+00 5.166850467008202104e+05 2.641649437717744731e+05 1.613978007281518634e+00 1.507778281911118512e+00 6.374827054285705508e-01 4.051365994071236346e+05 1.111130330570258229e+05 1.522081846160062257e+00 1.382552327782595292e+00 1.111129127780832350e+05 1.490098278028147316e+00 1.111128786009682808e+05 5.555719822610822303e+04 5.555710499258638447e+04 1.339890812897109427e+05
4.051368655586059904e+05 3.943644438101469423e+05 4.051368246345527004e+05 4.040598163095444324e+05 4.051366642944667838e+05 4.051369971181328292e+05 4.051366863686925499e+05 4.942395492756573949e+05 4.051366774621167569e+05 4.051365660931847524e+05 3.142055822911711293e+05 3.359992211304608500e+05 4.051367968637164449e+05 4.051368017174403649e+05 4.051365994071236346e+05 1.482394753544555570e+05 3.846692553720406722e+05 4.051368593986366759e+05 4.051367232464512344e+05 4.051370512384757749e+05 4.051366744215515791e+05 4.051370560842033010e+05 4.051369838762264699e+05 4.051367999460424762e+05 3.833236903150591534e+05
1.111134960176459572e+05 4.483656692338577705e+04 1.111135373300857900e+05 1.081896558276587748e+05 1.111132414995411091e+05 1.111134782659795601e+05 1.111136548835954891e+05 6.937513304120351095e+05 1.111130655348896107e+05 1.111130025248471793e+05 5.166854794528848142e+05 1.715732947838885302e+05 1.111136296593908191e+05 1.111135460488707031e+05 1.111130330570258229e+05 3.846692553720406722e+05 1.333680430170702369e+00 1.111136278993879678e+05 1.111132909124739672e+05 1.111135108548706048e+05 1.111135061706414854e+05 1.111136022404177784e+05 1.111135396144799015e+05 1.111136376700574474e+05 2.287865839743331526e+04
1.852080314113702116e+04 8.479779625338433834e+04 2.035889205362431120e+00 1.111135005592444359e+05 1.997606032891239947e+00 1.111135873482537427e+05 2.020804292440754768e+00 6.937511240544089815e+05 1.890403623517926235e+00 1.845107784678321927e+00 5.166852970607353491e+05 2.641655677554772701e+05 2.034990084905040408e+00 2.082572535919667178e+00 1.522081846160062257e+00 4.051368593986366759e+05 1.111136278993879678e+05 1.044899579540401691e+00 2.042747194837855051e+00 1.111134832285733864e+05 2.032371110442547923e+00 1.111135112045029382e+05 5.555791664670403406e+04 5.555778758377676422e+04 1.339896198677559732e+05
1.852058954365876707e+04 8.479743985777496709e+04 1.865615348859633871e+00 1.111132435814212222e+05 1.619486449708752884e+00 1.111132997660090041e+05 1.981311632797771782e+00 6.937509044286989374e+05 1.584050908038919570e+00 1.704522581716952478e+00 5.166850769738637609e+05 2.641652427679095417e+05 2.025189623506635783e+00 1.946018496386572094e+00 1.382552327782595292e+00 4.051367232464512344e+05 1.111132909124739672e+05 2.042747194837855051e+00 9.574932607507894433e-01 1.111133048040529684e+05 1.761439715640816583e+00 1.111132919774532929e+05 5.555767477912689355e+04 5.555761878511944815e+04 1.339894196156676044e+05
1.111135226787037827e+05 1.111135430453070294e+05 1.111135314027953136e+05 3.996348507260542829e+04 1.111132583217166539e+05 2.312653923423860558e+00 1.111135650282785064e+05 6.937512977042223793e+05 1.111131832938653970e+05 1.111129653358809010e+05 5.166853894304916612e+05 2.641658093088542228e+05 1.111135866545588360e+05 1.111134819281722448e+05 1.111129127780832350e+05 4.051370512384757749e+05 1.111135108548706048e+05 1.111134832285733864e+05 1.111133048040529684e+05 1.425648127650888108e+00 1.111133730615643290e+05 2.365104123035280725e+00 1.111135794471250410e+05 1.111137036166946928e+05 1.339898177176582103e+05
1.852060234519186633e+04 8.479756970825145254e+04 1.841936293709910188e+00 1.111133672415707697e+05 1.802036155233811554e+00 1.111133549932026217e+05 1.850550494878097085e+00 6.937508256095168181e+05 1.737289923595209507e+00 1.725542852970292751e+00 5.166851125684197177e+05 2.641653604231543723e+05 2.041249753705580705e+00 2.018098496464356462e+00 1.490098278028147538e+00 4.051366744215515791e+05 1.111135061706414854e+05 2.032371110442547923e+00 1.761439715640816583e+00 1.111133730615643290e+05 9.766999304596623022e-01 1.111133864362124004e+05 5.555780160546967818e+04 5.555761893281715311e+04 1.339893952581958147e+05
1.111133927215314325e+05 1.111134270527219196e+05 1.111135353533650632e+05 3.996339125797212910e+04 1.111133123788763478e+05 2.305312181720143183e+00 1.111134799070801528e+05 6.937512621760584880e+05 1.111131302141291526e+05 1.111128895645948796e+05 5.166852436020203750e+05 2.641657595546780503e+05 1.111134831761879614e+05 1.111134260986196459e+05 1.111128786009682808e+05 4.051370560842032428e+05 1.111136022404177784e+05 1.111135112045029382e+05 1.111132919774532929e+05 2.365104123035280725e+00 1.111133864362124004e+05 1.319674514909786156e+00 1.111135599343502399e+05 1.111136882123098039e+05 1.339898203261552844e+05
3.703897099198534852e+04 6.627886545539306826e+04 5.555784469837458164e+04 7.407627776548206748e+04 5.555782865250384202e+04 1.111136177845010097e+05 5.555777338332201907e+04 6.937511707311792998e+05 5.555754097933118464e+04 5.555741425004650955e+04 5.166851956160755944e+05 2.641655977305109845e+05 5.555773443724862591e+04 5.555782947059212893e+04 5.555719822610822303e+04 4.051369838762264699e+05 1.111135396144799015e+05 5.555791664670403406e+04 5.555767477912689355e+04 1.111135794471250410e+05 5.555780160546967818e+04 1.111135599343502399e+05 1.113667717917554700e+00 2.050140407818831001e+00 1.339898176541728317e+05
3.703902589749794424e+04 6.627902369019537582e+04 5.555780928684556420e+04 7.407634322481966228e+04 5.555768514374460938e+04 1.111134533729868272e+05 5.555773816648865613e+04 6.937511698493452277e+05 5.555750069649786019e+04 5.555735690514062298e+04 5.166853943960559554e+05 2.641655048559539719e+05 5.555777103009435086e+04 5.555779435999230191e+04 5.555710499258638447e+04 4.051367999460423598e+05 1.111136376700574474e+05 5.555778758377676422e+04 5.555761878511944815e+04 1.111137036166946928e+05 5.555761893281715311e+04 1.111136882123098039e+05 2.050140407818831001e+00 9.202557103879221989e-01 1.339897801361911115e+05
1.339895322323673754e+05 6.771284787079565285e+04 1.339894888381523197e+05 1.310658855250125634e+05 1.339893462792127102e+05 1.339897975855350960e+05 1.339894519794825173e+05 6.937510815948129166e+05 1.339893008485288883e+05 1.339891962027704576e+05 5.166853672946062870e+05 1.486971052880024072e+05 1.339895738107748039e+05 1.339895766131330456e+05 1.339890812897109427e+05 3.833236903150591534e+05 2.287865839743331526e+04 1.339896198677559732e+05 1.339894196156676044e+05 1.339898177176582103e+05 1.339893952581958147e+05 1.339898203261553135e+05 1.339898176541728317e+05 1.339897801361911115e+05 2.691463880243173480e+04
