1.189750174847811426e+00 2.381711994820028266e+00 3.208759577369598555e+05 2.437392828079395279e+00 2.034852702118123968e+00 2.672023497563856154e+00 2.353818598675172513e+00 4.280451096001073165e+04 2.509491185928126811e+00 2.346388740916912852e+00 2.264944435980187798e+00 2.292337942654090632e+00 2.442918279891922673e+00 9.091197970350211835e+04 2.104504223749338987e+00 1.816825974891411288e+00 2.291533011655495500e+00 2.202728767688434619e+00 1.609967296781947610e+00 2.427205796616944244e+00 2.323519698280239965e+00 2.445052402359135790e+00 2.459289093505248935e+00 1.610468940720451355e+05 2.406739601799934292e+00
2.381711994820028266e+00 1.005187992108485417e+00 3.208756007345874677e+05 2.059151519526029706e+00 1.667250487816763549e+00 2.532397821481183531e+00 2.295003540780740536e+00 4.280415538327534159e+04 2.151779856188908990e+00 1.801836422947560745e+00 1.861966161600024261e+00 1.795991989536232625e+00 2.178608269995624624e+00 9.091141230916368659e+04 1.695003026263988133e+00 1.553305895890386923e+00 2.374500149544220839e+00 1.803337780494078668e+00 1.338148477729700137e+00 2.236895568431106263e+00 2.302503283323665606e+00 2.469424889031445414e+00 1.986118164736435432e+00 1.610464377293759608e+05 1.922786864927989114e+00
3.208759577369598555e+05 3.208756007345874677e+05 1.549234403007741785e+05 3.208756779469812172e+05 3.208753121541379951e+05 3.208759240436265827e+05 3.208758469011560665e+05 3.208759056249104906e+05 3.208757361757110339e+05 3.208755617795184371e+05 3.208755591848193435e+05 3.208754763988327468e+05 3.208757405479055597e+05 3.133001165565441479e+05 3.208753953284295858e+05 3.208752690194749739e+05 3.208759891723119072e+05 3.208755030124315526e+05 3.208752336739018210e+05 3.208757212931961985e+05 3.208758797082477249e+05 3.208759768596431823e+05 3.208756872578527546e+05 2.535940226444838045e+05 3.208756493949512369e+05
2.437392828079395279e+00 2.059151519526029706e+00 3.208756779469812172e+05 1.130688482638655401e+00 1.767648462182303426e+00 2.658318788452407766e+00 2.337020866155512966e+00 4.280437095967221103e+04 2.093539419278812375e+00 2.058027731882152711e+00 1.998169009887115211e+00 2.031753570694997624e+00 2.144511367561490633e+00 9.091164674784214003e+04 1.882676427735102243e+00 1.656899522941583269e+00 2.514719112252836286e+00 1.965986091157979176e+00 1.437790861298681611e+00 2.150894480511750473e+00 2.362084483234430543e+00 2.577065982201558469e+00 2.046670076053711540e+00 1.610465471849105379e+05 2.097251381985182572e+00
2.034852702118123968e+00 1.667250487816763105e+00 3.208753121541380533e+05 1.767648462182303426e+00 8.185233444266047931e-01 2.114796285324890057e+00 1.929356105433996715e+00 4.280379593168102292e+04 1.809358457210555882e+00 1.743108831078780785e+00 1.669320623663437031e+00 1.696787459776125662e+00 1.882094383422092010e+00 9.091101750402722973e+04 1.355442478617030266e+00 1.202380886364302848e+00 2.030020648447642628e+00 1.573367108545969284e+00 1.108845592117133405e+00 1.849629626458630938e+00 1.991377627788264659e+00 2.107648678852160451e+00 1.776382467558201617e+00 1.610460754025723145e+05 1.720956669483045820e+00
2.672023497563856598e+00 2.532397821481183087e+00 3.208759240436265827e+05 2.658318788452407766e+00 2.114796285324890501e+00 1.485851276152070133e+00 2.745422355000155523e+00 4.280424197538333829e+04 2.703668017096603648e+00 2.520654396034288869e+00 2.409132086884505419e+00 2.518122392703418200e+00 2.783506279879387257e+00 9.091185563767279382e+04 2.193189251738331791e+00 1.876628100360051787e+00 2.743331009940098042e+00 2.316453859369617341e+00 1.848435991404243861e+00 2.714978560571701838e+00 2.696035463270784582e+00 2.517514596155986162e+00 2.629292922481750949e+00 1.610468150592510356e+05 2.504144476977168576e+00
2.353818598675172513e+00 2.295003540780740092e+00 3.208758469011560665e+05 2.337020866155513410e+00 1.929356105433996937e+00 2.745422355000155523e+00 1.217179990595598893e+00 4.280444607518209523e+04 2.210205741845565175e+00 2.238555607473272868e+00 2.182782755591528900e+00 2.253278722662053202e+00 2.233685725771836772e+00 9.091182206661898817e+04 2.020530248267307982e+00 1.764386575255867395e+00 2.497483046884349633e+00 2.095807610214779348e+00 1.532114174517305472e+00 2.120266051577443633e+00 2.176984725574884649e+00 2.672283175668370259e+00 2.323611643206035193e+00 1.610467529665172042e+05 2.293617628682036003e+00
4.280451096001073165e+04 4.280415538327533432e+04 3.208759056249104906e+05 4.280437095967221103e+04 4.280379593168100109e+04 4.280424197538333829e+04 4.280444607518209523e+04 3.157111903246310976e+04 4.280432787128111522e+04 4.280417616005150921e+04 4.280409011206726427e+04 4.280411218098767131e+04 4.280442242475693638e+04 7.881868569626237149e+04 4.280387117216195475e+04 4.280364537984268100e+04 4.280454745775942138e+04 4.280392051729658851e+04 4.280358097664534580e+04 4.280440911449501436e+04 4.280454255302638921e+04 4.280436458335488715e+04 4.280426689150592574e+04 1.610468182152236986e+05 4.280418600272445474e+04
2.509491185928126811e+00 2.151779856188908990e+00 3.208757361757110339e+05 2.093539419278812375e+00 1.809358457210556104e+00 2.703668017096603648e+00 2.210205741845565175e+00 4.280432787128112977e+04 1.105180098138212275e+00 2.175074648461031934e+00 2.159428510117284983e+00 2.173421599403426274e+00 2.051578393701952940e+00 9.091163047534212819e+04 1.907804763119441693e+00 1.707010248038423272e+00 2.587539211410831541e+00 2.068893526434294028e+00 1.434014696166481251e+00 2.105239244712665325e+00 2.398825463386287993e+00 2.640891586686642256e+00 2.189792266589362768e+00 1.610465617804849753e+05 2.109449159697923015e+00
2.346388740916912852e+00 1.801836422947560523e+00 3.208755617795185535e+05 2.058027731882152267e+00 1.743108831078780785e+00 2.520654396034288869e+00 2.238555607473272424e+00 4.280417616005150921e+04 2.175074648461031934e+00 1.014018469062735184e+00 1.788694146016901243e+00 1.870059842499870673e+00 2.195117087083147567e+00 9.091142328553280095e+04 1.751262393048739874e+00 1.582975391182381397e+00 2.393081185747993000e+00 1.796640871075713797e+00 1.338979120435518810e+00 2.223541646365808866e+00 2.264475257414269027e+00 2.467918542889128819e+00 2.032775578947466855e+00 1.610463749105816241e+05 1.910830004795236903e+00
2.264944435980187798e+00 1.861966161600024261e+00 3.208755591848193435e+05 1.998169009887115211e+00 1.669320623663437031e+00 2.409132086884505863e+00 2.182782755591528900e+00 4.280409011206726427e+04 2.159428510117285427e+00 1.788694146016901465e+00 9.234529844993907277e-01 1.736998647468576573e+00 2.187567237908418782e+00 9.091141796524215897e+04 1.711136746109969131e+00 1.465151508469381358e+00 2.252785915764762059e+00 1.634272641903244283e+00 1.268226880923324140e+00 2.197374465940022059e+00 2.164805930592368366e+00 2.312126020851758668e+00 1.962540197079689852e+00 1.610463683531935385e+05 1.899082471316813070e+00
2.292337942654090632e+00 1.795991989536232847e+00 3.208754763988328050e+05 2.031753570694997624e+00 1.696787459776125884e+00 2.518122392703418200e+00 2.253278722662053646e+00 4.280411218098768586e+04 2.173421599403426274e+00 1.870059842499870673e+00 1.736998647468576573e+00 9.743120808434836411e-01 2.197230867037565538e+00 9.091138572849817865e+04 1.708879853952229855e+00 1.486126189294720623e+00 2.300009209994942960e+00 1.676428581958750552e+00 1.312784575322988534e+00 2.212038122220389980e+00 2.262499659816699538e+00 2.407665138457513176e+00 1.886613573072361660e+00 1.610462733164934616e+05 1.965992564778743290e+00
2.442918279891922673e+00 2.178608269995624624e+00 3.208757405479056761e+05 2.144511367561490633e+00 1.882094383422092010e+00 2.783506279879387257e+00 2.233685725771836772e+00 4.280442242475693638e+04 2.051578393701952496e+00 2.195117087083147567e+00 2.187567237908418338e+00 2.197230867037565538e+00 1.068883169810134870e+00 9.091172005703736795e+04 1.956658224707667371e+00 1.761771467885531406e+00 2.569361983384313319e+00 2.094266444133323635e+00 1.470366505219867115e+00 2.038230116590558527e+00 2.406899851029083770e+00 2.730961963410951654e+00 2.199661136003194795e+00 1.610466635143092135e+05 2.221478051459722991e+00
9.091197970350211835e+04 9.091141230916370114e+04 3.133001165565441479e+05 9.091164674784214003e+04 9.091101750402727339e+04 9.091185563767282292e+04 9.091182206661901728e+04 7.881868569626240060e+04 9.091163047534215730e+04 9.091142328553278639e+04 9.091141796524215897e+04 9.091138572849817865e+04 9.091172005703738250e+04 5.835843456279186648e+04 9.091109588094518404e+04 9.091100548601229093e+04 9.091193645222495252e+04 9.091122097608217155e+04 9.091098491729675152e+04 9.091175766534464492e+04 9.091189674832917808e+04 9.091194928632277879e+04 9.091149082429683767e+04 1.462879968917569786e+05 9.091147999644141237e+04
2.104504223749339431e+00 1.695003026263988133e+00 3.208753953284295858e+05 1.882676427735102243e+00 1.355442478617030266e+00 2.193189251738331791e+00 2.020530248267307982e+00 4.280387117216195475e+04 1.907804763119441915e+00 1.751262393048740540e+00 1.711136746109969131e+00 1.708879853952229855e+00 1.956658224707667815e+00 9.091109588094514038e+04 8.914269247822170783e-01 1.331859760985349084e+00 2.125973847838799724e+00 1.537640989171741301e+00 1.180538016525600309e+00 1.928876032244699834e+00 2.120287572161647649e+00 2.191467058033262028e+00 1.806859904277423823e+00 1.610461308538003359e+05 1.815358317995025894e+00
1.816825974891411066e+00 1.553305895890386923e+00 3.208752690194749739e+05 1.656899522941583269e+00 1.202380886364302848e+00 1.876628100360051787e+00 1.764386575255867839e+00 4.280364537984268100e+04 1.707010248038423272e+00 1.582975391182381397e+00 1.465151508469381136e+00 1.486126189294720623e+00 1.761771467885531406e+00 9.091100548601227638e+04 1.331859760985349084e+00 6.816810174198905115e-01 1.878385724938838042e+00 1.379723218757861858e+00 9.501690367366053547e-01 1.756625857951382708e+00 1.799922858146801641e+00 1.836752402731097744e+00 1.651865390487890606e+00 1.610460148449411499e+05 1.613582136826828828e+00
2.291533011655495500e+00 2.374500149544220839e+00 3.208759891723119654e+05 2.514719112252836286e+00 2.030020648447642628e+00 2.743331009940098042e+00 2.497483046884349633e+00 4.280454745775942138e+04 2.587539211410831541e+00 2.393081185747993000e+00 2.252785915764761615e+00 2.300009209994942960e+00 2.569361983384313319e+00 9.091193645222490886e+04 2.125973847838799280e+00 1.878385724938838042e+00 1.237662744334596665e+00 2.236228855139243077e+00 1.716410863195666936e+00 2.550085790106265460e+00 2.397129297311232587e+00 2.408156706356838761e+00 2.529678080638508408e+00 1.610468182432255417e+05 2.485511041065551652e+00
2.202728767688434175e+00 1.803337780494078890e+00 3.208755030124315526e+05 1.965986091157979621e+00 1.573367108545969284e+00 2.316453859369617341e+00 2.095807610214779348e+00 4.280392051729658851e+04 2.068893526434294028e+00 1.796640871075714019e+00 1.634272641903244283e+00 1.676428581958750774e+00 2.094266444133323635e+00 9.091122097608215699e+04 1.537640989171741301e+00 1.379723218757861858e+00 2.236228855139242633e+00 1.033186530123920921e+00 1.251916859574765395e+00 2.086808416060953686e+00 2.127578588329668285e+00 2.281413812188231027e+00 1.920219886791838082e+00 1.610462713122919959e+05 1.863185179230035793e+00
1.609967296781947832e+00 1.338148477729700137e+00 3.208752336739018792e+05 1.437790861298681611e+00 1.108845592117133405e+00 1.848435991404243861e+00 1.532114174517305472e+00 4.280358097664534580e+04 1.434014696166481473e+00 1.338979120435518810e+00 1.268226880923324140e+00 1.312784575322988534e+00 1.470366505219867115e+00 9.091098491729672241e+04 1.180538016525600309e+00 9.501690367366053547e-01 1.716410863195666936e+00 1.251916859574765395e+00 4.927259208830006565e-01 1.480942716047481955e+00 1.582504493938455159e+00 1.776974512810485907e+00 1.434928217457243749e+00 1.610459475732178835e+05 1.364899141337203359e+00
2.427205796616944244e+00 2.236895568431106263e+00 3.208757212931961985e+05 2.150894480511750473e+00 1.849629626458630494e+00 2.714978560571701838e+00 2.120266051577443633e+00 4.280440911449501436e+04 2.105239244712665325e+00 2.223541646365809310e+00 2.197374465940022059e+00 2.212038122220389980e+00 2.038230116590558527e+00 9.091175766534460126e+04 1.928876032244699834e+00 1.756625857951382486e+00 2.550085790106265904e+00 2.086808416060953686e+00 1.480942716047481955e+00 1.133099383206271460e+00 2.338066723617060472e+00 2.677270840250843165e+00 2.268758551938865331e+00 1.610466273150288907e+05 2.238737648338883446e+00
2.323519698280239965e+00 2.302503283323665606e+00 3.208758797082477249e+05 2.362084483234430543e+00 1.991377627788264881e+00 2.696035463270784582e+00 2.176984725574884649e+00 4.280454255302638921e+04 2.398825463386287993e+00 2.264475257414269027e+00 2.164805930592368366e+00 2.262499659816699538e+00 2.406899851029083770e+00 9.091189674832914898e+04 2.120287572161647649e+00 1.799922858146801863e+00 2.397129297311232587e+00 2.127578588329668285e+00 1.582504493938455159e+00 2.338066723617060472e+00 1.206560475896431672e+00 2.618200091060624235e+00 2.372014287029744040e+00 1.610467905683266290e+05 2.369237824449696550e+00
2.445052402359136234e+00 2.469424889031444526e+00 3.208759768596431823e+05 2.577065982201558914e+00 2.107648678852160895e+00 2.517514596155986162e+00 2.672283175668370259e+00 4.280436458335488715e+04 2.640891586686642256e+00 2.467918542889129263e+00 2.312126020851758668e+00 2.407665138457513176e+00 2.730961963410951654e+00 9.091194928632276424e+04 2.191467058033262472e+00 1.836752402731097744e+00 2.408156706356838761e+00 2.281413812188231027e+00 1.776974512810485907e+00 2.677270840250843165e+00 2.618200091060624235e+00 1.382175245592329071e+00 2.617907223478596723e+00 1.610468912805969303e+05 2.553443404774986547e+00
2.459289093505248935e+00 1.986118164736435432e+00 3.208756872578527546e+05 2.046670076053711984e+00 1.776382467558201617e+00 2.629292922481750949e+00 2.323611643206035193e+00 4.280426689150592574e+04 2.189792266589362768e+00 2.032775578947466855e+00 1.962540197079689852e+00 1.886613573072361438e+00 2.199661136003194795e+00 9.091149082429683767e+04 1.806859904277423157e+00 1.651865390487890606e+00 2.529678080638508852e+00 1.920219886791838082e+00 1.434928217457243749e+00 2.268758551938865331e+00 2.372014287029744040e+00 2.617907223478597167e+00 1.043986519941997315e+00 1.610464781598483096e+05 1.907620763292373178e+00
1.610468940720451646e+05 1.610464377293759608e+05 2.535940226444838336e+05 1.610465471849105379e+05 1.610460754025723145e+05 1.610468150592510647e+05 1.610467529665172042e+05 1.610468182152237277e+05 1.610465617804849753e+05 1.610463749105815950e+05 1.610463683531935385e+05 1.610462733164934616e+05 1.610466635143092135e+05 1.462879968917570077e+05 1.610461308538003650e+05 1.610460148449411499e+05 1.610468182432255708e+05 1.610462713122920541e+05 1.610459475732179126e+05 1.610466273150288907e+05 1.610467905683266581e+05 1.610468912805969594e+05 1.610464781598483096e+05 1.074907823558178643e+05 1.610464484611891676e+05
2.406739601799934292e+00 1.922786864927988670e+00 3.208756493949512369e+05 2.097251381985182572e+00 1.720956669483046264e+00 2.504144476977168576e+00 2.293617628682036003e+00 4.280418600272445474e+04 2.109449159697923015e+00 1.910830004795236903e+00 1.899082471316813070e+00 1.965992564778743956e+00 2.221478051459722991e+00 9.091147999644139782e+04 1.815358317995025894e+00 1.613582136826828606e+00 2.485511041065550764e+00 1.863185179230035793e+00 1.364899141337203359e+00 2.238737648338883446e+00 2.369237824449696550e+00 2.553443404774985659e+00 1.907620763292373178e+00 1.610464484611891676e+05 1.106600897844714826e+00
