0.000000000000000000e+00 5.000015000000000000e+05 5.000010000000000582e+05 5.000015000000000000e+05 5.000015000000000000e+05 5.000010384615384974e+05 9.230770000000003492e+05 1.000000000000000000e+06 1.000000000000000000e+00 3.333334871794868959e+05 5.000020000000000000e+05 5.000015000000000000e+05 5.000015000000000000e+05 5.000015000000000000e+05 5.000020000000000000e+05 5.000015000000000000e+05 5.000015000000000000e+05 5.000005000000000000e+05 1.000000000000000000e+06 7.179487179487187287e-01 1.000000000000000000e+06 5.000015000000000000e+05 5.000020000000000000e+05 5.000019230769230635e+05 5.000008846153846243e+05
5.000015000000000000e+05 0.000000000000000000e+00 5.000005000000000000e+05 5.000010000000000582e+05 5.000010000000000582e+05 5.000005384615384974e+05 9.230772307692311006e+05 1.000000000000000000e+06 5.000020000000000000e+05 5.000013461538461852e+05 1.500000000000000222e+00 3.205128205128195407e-01 1.666674999999994470e+05 5.000006923076922540e+05 5.000010000000000582e+05 5.000010000000000582e+05 1.269230769230770495e+00 5.000010000000000582e+05 1.000000000000000000e+06 5.000018846153846243e+05 1.000000000000000000e+06 1.500000000000000222e+00 5.000010000000000582e+05 1.499999999999999778e+00 5.000010000000000582e+05
5.000010000000000582e+05 5.000005000000000000e+05 0.000000000000000000e+00 8.333333333333334814e-01 1.000000000000000000e+00 5.384615384615378808e-01 9.230771538461542223e+05 1.000000000000000000e+06 5.000015000000000000e+05 5.000008461538449046e+05 5.000010000000000582e+05 5.000005000000000000e+05 3.333341666666672681e+05 1.000000000000000000e+00 5.000010000000000582e+05 8.333333333333334814e-01 5.000005000000000000e+05 1.500000000000000222e+00 1.000000000000000000e+06 5.000013846153846243e+05 1.000000000000000000e+06 5.000005000000000000e+05 5.000010000000000582e+05 5.000009230769230635e+05 1.166666666666666297e+00
5.000015000000000000e+05 5.000010000000000582e+05 8.333333333333334814e-01 3.642340565417480636e-01 9.102564102564100201e-01 1.365877712031557722e+00 9.230772307692312170e+05 1.000000000000000000e+06 5.000020000000000000e+05 5.000013461538449046e+05 5.000010000000000582e+05 5.000008461538461270e+05 3.333342777777783340e+05 8.293885601577923872e-01 5.000010000000000582e+05 1.589743589743590757e+00 5.000010000000000582e+05 2.333333333333333925e+00 1.000000000000000000e+06 5.000018846153846243e+05 1.000000000000000000e+06 5.000010000000000582e+05 5.000010000000000582e+05 5.000010000000000582e+05 1.970414201183432024e+00
5.000015000000000000e+05 5.000010000000000582e+05 1.000000000000000000e+00 9.102564102564099091e-01 0.000000000000000000e+00 1.538461538461537881e+00 9.230772307692311006e+05 1.000000000000000000e+06 5.000020000000000000e+05 5.000013461538449046e+05 5.000010000000000582e+05 5.000008461538461270e+05 3.333343333333339542e+05 1.692307692307693845e+00 5.000010000000000582e+05 1.166666666666666741e+00 5.000010000000000582e+05 2.500000000000000000e+00 1.000000000000000000e+06 5.000018846153846243e+05 1.000000000000000000e+06 5.000010000000000582e+05 5.000010000000000582e+05 5.000010000000000582e+05 2.166666666666666075e+00
5.000010384615384974e+05 5.000005384615384974e+05 5.384615384615378808e-01 1.365877712031557722e+00 1.538461538461537659e+00 7.100591715976382889e-02 9.230771597633140627e+05 1.000000000000000000e+06 5.000015384615384392e+05 5.000008846153833438e+05 5.000010000000000582e+05 5.000005266272189328e+05 3.333340000000006403e+05 1.485207100591715346e+00 5.000010000000000582e+05 1.294871794871794712e+00 5.000005384615384974e+05 1.038461538461538769e+00 1.000000000000000000e+06 5.000014230769230635e+05 1.000000000000000000e+06 5.000005384615384974e+05 5.000010000000000582e+05 5.000009289940828457e+05 6.755424063116369782e-01
9.230770000000003492e+05 9.230772307692312170e+05 9.230771538461543387e+05 9.230772307692312170e+05 9.230772307692312170e+05 9.230771597633140627e+05 3.523997370151212672e+05 4.102569674556205864e+05 9.230769230769234709e+05 7.008550236686407588e+05 9.230773076923080953e+05 9.230772307692312170e+05 9.230772307692312170e+05 9.230772307692312170e+05 5.897443076923084445e+05 9.230772307692312170e+05 9.230772307692312170e+05 9.230770769230773440e+05 4.102565213675206760e+05 9.230769408284027595e+05 4.102568333333326154e+05 9.230772307692312170e+05 5.897439743589749560e+05 9.230772958579885308e+05 9.230771360946749337e+05
1.000000000000000000e+06 1.000000000000000000e+06 1.000000000000000000e+06 1.000000000000000000e+06 1.000000000000000000e+06 1.000000000000000000e+06 4.102569674556206446e+05 7.100591715976296847e-02 1.000000000000000000e+06 1.000000000000000116e+06 1.000000000000000000e+06 1.000000000000000116e+06 1.000000000000000000e+06 1.000000000000000116e+06 1.000000000000000000e+06 1.000000000000000000e+06 1.000000000000000000e+06 1.000000000000000000e+06 6.282051282051283048e-01 1.000000000000000000e+06 5.384615384615382139e-01 1.000000000000000000e+06 1.000000000000000000e+06 1.000000000000000000e+06 1.000000000000000116e+06
1.000000000000000000e+00 5.000020000000000000e+05 5.000015000000000000e+05 5.000020000000000000e+05 5.000020000000000000e+05 5.000015384615384392e+05 9.230769230769234709e+05 1.000000000000000000e+06 0.000000000000000000e+00 3.333341538461535238e+05 5.000025000000000000e+05 5.000020000000000000e+05 5.000020000000000000e+05 5.000020000000000000e+05 5.000025000000000000e+05 5.000020000000000000e+05 5.000020000000000000e+05 5.000010000000000582e+05 1.000000000000000000e+06 2.820512820512813268e-01 1.000000000000000000e+06 5.000020000000000000e+05 5.000025000000000000e+05 5.000024230769231217e+05 5.000013846153846243e+05
3.333334871794869541e+05 5.000013461538461852e+05 5.000008461538449046e+05 5.000013461538449046e+05 5.000013461538449046e+05 5.000008846153833438e+05 7.008550236686407588e+05 1.000000000000000000e+06 3.333341538461535820e+05 2.222224352399756608e+05 5.000018461538461852e+05 5.000013461538461852e+05 5.000013461538457195e+05 5.000013461538449046e+05 1.666685128205144429e+05 5.000013461538449046e+05 5.000013461538461852e+05 5.000003461538448464e+05 1.000000000000000000e+06 3.333339829059827025e+05 1.000000000000000000e+06 5.000013461538461852e+05 1.666688461538477277e+05 5.000017692307691905e+05 5.000007307692295290e+05
5.000020000000000000e+05 1.500000000000000222e+00 5.000010000000000582e+05 5.000010000000000582e+05 5.000010000000000582e+05 5.000010000000000582e+05 9.230773076923079789e+05 1.000000000000000000e+06 5.000025000000000000e+05 5.000018461538461852e+05 4.444444444444448639e-01 1.290598290598291786e+00 1.666673888888882939e+05 5.000006923076922540e+05 5.000010000000000582e+05 5.000010000000000582e+05 2.384615384615385025e+00 5.000015000000000000e+05 1.000000000000000000e+06 5.000023846153845661e+05 1.000000000000000000e+06 2.388888888888888395e+00 5.000009230769230635e+05 8.974358974358956909e-01 5.000013076923077460e+05
5.000015000000000000e+05 3.205128205128195407e-01 5.000005000000000000e+05 5.000008461538461270e+05 5.000008461538461270e+05 5.000005266272189328e+05 9.230772307692311006e+05 1.000000000000000000e+06 5.000020000000000000e+05 5.000013461538461852e+05 1.290598290598291786e+00 4.352399737015114622e-01 1.666672350427344209e+05 5.000005384615384974e+05 5.000008461538461270e+05 5.000008461538461270e+05 1.471400394477318407e+00 5.000010000000000582e+05 1.000000000000000000e+06 5.000018846153846243e+05 1.000000000000000000e+06 1.666666666666666519e+00 5.000008461538461270e+05 1.536489151873767778e+00 5.000009408284023521e+05
5.000015000000000000e+05 1.666674999999994470e+05 3.333341666666672681e+05 3.333342777777784504e+05 3.333343333333339542e+05 3.333340000000006403e+05 9.230772307692311006e+05 1.000000000000000000e+06 5.000020000000000000e+05 5.000013461538457195e+05 1.666673888888883230e+05 1.666672350427344500e+05 2.222222222222218697e+05 3.333340256410262664e+05 5.000005000000000000e+05 3.333342777777784504e+05 1.666682179487173562e+05 3.333343333333339542e+05 1.000000000000000000e+06 5.000018846153846243e+05 1.000000000000000000e+06 1.666683333333327610e+05 5.000005000000000000e+05 1.666679102564096975e+05 3.333342521367527661e+05
5.000015000000000000e+05 5.000006923076922540e+05 1.000000000000000000e+00 8.293885601577923872e-01 1.692307692307693845e+00 1.485207100591715568e+00 9.230772307692311006e+05 1.000000000000000000e+06 5.000020000000000000e+05 5.000013461538449046e+05 5.000006923076922540e+05 5.000005384615384974e+05 3.333340256410262664e+05 2.366863905325451434e-01 5.000006923076922540e+05 1.141025641025639414e+00 5.000009289940828457e+05 2.500000000000000000e+00 1.000000000000000000e+06 5.000018846153846243e+05 1.000000000000000000e+06 5.000010000000000582e+05 5.000006923076922540e+05 5.000007396449703956e+05 1.900394477317554509e+00
5.000020000000000000e+05 5.000010000000000582e+05 5.000010000000000582e+05 5.000010000000000582e+05 5.000010000000000582e+05 5.000010000000000582e+05 5.897443076923083281e+05 1.000000000000000000e+06 5.000025000000000000e+05 1.666685128205144429e+05 5.000010000000000582e+05 5.000008461538461270e+05 5.000005000000000000e+05 5.000006923076922540e+05 8.673617379884028570e-16 5.000010000000000582e+05 5.000013846153846243e+05 5.000015000000000000e+05 1.000000000000000000e+06 5.000023846153845661e+05 1.000000000000000000e+06 5.000015000000000000e+05 5.769230769230762057e-01 5.000010769230769365e+05 5.000013076923077460e+05
5.000015000000000000e+05 5.000010000000000582e+05 8.333333333333334814e-01 1.589743589743590757e+00 1.166666666666666741e+00 1.294871794871794712e+00 9.230772307692311006e+05 1.000000000000000000e+06 5.000020000000000000e+05 5.000013461538449046e+05 5.000010000000000582e+05 5.000008461538461270e+05 3.333342777777783340e+05 1.141025641025639636e+00 5.000010000000000582e+05 2.222222222222221266e-01 5.000010000000000582e+05 2.333333333333333925e+00 1.000000000000000000e+06 5.000018846153846243e+05 1.000000000000000000e+06 5.000010000000000582e+05 5.000010000000000582e+05 5.000010000000000582e+05 1.615384615384617195e+00
5.000015000000000000e+05 1.269230769230770495e+00 5.000005000000000000e+05 5.000010000000000582e+05 5.000010000000000582e+05 5.000005384615384974e+05 9.230772307692311006e+05 1.000000000000000000e+06 5.000020000000000000e+05 5.000013461538461852e+05 2.384615384615385469e+00 1.471400394477318407e+00 1.666682179487173271e+05 5.000009289940828457e+05 5.000013846153846243e+05 5.000010000000000582e+05 3.550295857988152726e-01 5.000010000000000582e+05 1.000000000000000000e+06 5.000018846153846243e+05 1.000000000000000000e+06 5.641025641025626536e-01 5.000013846153846243e+05 2.207100591715977611e+00 5.000010000000000582e+05
5.000005000000000000e+05 5.000010000000000582e+05 1.500000000000000222e+00 2.333333333333333481e+00 2.500000000000000000e+00 1.038461538461538769e+00 9.230770769230773440e+05 1.000000000000000000e+06 5.000010000000000582e+05 5.000003461538448464e+05 5.000015000000000000e+05 5.000010000000000582e+05 3.333343333333339542e+05 2.500000000000000000e+00 5.000015000000000000e+05 2.333333333333333481e+00 5.000010000000000582e+05 0.000000000000000000e+00 1.000000000000000000e+06 5.000008846153846243e+05 1.000000000000000000e+06 5.000010000000000582e+05 5.000015000000000000e+05 5.000014230769230635e+05 7.179487179487165083e-01
1.000000000000000000e+06 1.000000000000000000e+06 1.000000000000000000e+06 1.000000000000000000e+06 1.000000000000000000e+06 1.000000000000000000e+06 4.102565213675207342e+05 6.282051282051283048e-01 1.000000000000000000e+06 1.000000000000000000e+06 1.000000000000000000e+06 1.000000000000000000e+06 1.000000000000000000e+06 1.000000000000000000e+06 1.000000000000000000e+06 1.000000000000000000e+06 1.000000000000000000e+06 1.000000000000000000e+06 2.222222222222221266e-01 1.000000000000000000e+06 8.333333333333334814e-01 1.000000000000000000e+06 1.000000000000000000e+06 1.000000000000000000e+06 1.000000000000000000e+06
7.179487179487187287e-01 5.000018846153846243e+05 5.000013846153846243e+05 5.000018846153846243e+05 5.000018846153846243e+05 5.000014230769230635e+05 9.230769408284027595e+05 1.000000000000000000e+06 2.820512820512813268e-01 3.333339829059825861e+05 5.000023846153845661e+05 5.000018846153846243e+05 5.000018846153846243e+05 5.000018846153846243e+05 5.000023846153845661e+05 5.000018846153846243e+05 5.000018846153846243e+05 5.000008846153846243e+05 1.000000000000000000e+06 3.997370151216297907e-01 1.000000000000000000e+06 5.000018846153846243e+05 5.000023846153845661e+05 5.000023076923076878e+05 5.000012692307691905e+05
1.000000000000000000e+06 1.000000000000000000e+06 1.000000000000000000e+06 1.000000000000000000e+06 1.000000000000000000e+06 1.000000000000000000e+06 4.102568333333326154e+05 5.384615384615382139e-01 1.000000000000000000e+06 1.000000000000000000e+06 1.000000000000000000e+06 1.000000000000000000e+06 1.000000000000000000e+06 1.000000000000000000e+06 1.000000000000000000e+06 1.000000000000000000e+06 1.000000000000000000e+06 1.000000000000000000e+06 8.333333333333334814e-01 1.000000000000000000e+06 0.000000000000000000e+00 1.000000000000000000e+06 1.000000000000000000e+06 1.000000000000000000e+06 1.000000000000000000e+06
5.000015000000000000e+05 1.500000000000000222e+00 5.000005000000000000e+05 5.000010000000000582e+05 5.000010000000000582e+05 5.000005384615384974e+05 9.230772307692311006e+05 1.000000000000000000e+06 5.000020000000000000e+05 5.000013461538461852e+05 2.388888888888888840e+00 1.666666666666666519e+00 1.666683333333327319e+05 5.000010000000000582e+05 5.000015000000000000e+05 5.000010000000000582e+05 5.641025641025626536e-01 5.000010000000000582e+05 1.000000000000000000e+06 5.000018846153846243e+05 1.000000000000000000e+06 4.444444444444442532e-01 5.000015000000000000e+05 1.935897435897437457e+00 5.000010000000000582e+05
5.000020000000000000e+05 5.000010000000000582e+05 5.000010000000000582e+05 5.000010000000000582e+05 5.000010000000000582e+05 5.000010000000000582e+05 5.897439743589751888e+05 1.000000000000000000e+06 5.000025000000000000e+05 1.666688461538477277e+05 5.000009230769230635e+05 5.000008461538461270e+05 5.000005000000000000e+05 5.000006923076922540e+05 5.769230769230762057e-01 5.000010000000000582e+05 5.000013846153846243e+05 5.000015000000000000e+05 1.000000000000000000e+06 5.000023846153845661e+05 1.000000000000000000e+06 5.000015000000000000e+05 1.420118343195259369e-01 5.000010118343195063e+05 5.000013076923077460e+05
5.000019230769230635e+05 1.500000000000000222e+00 5.000009230769230635e+05 5.000010000000000582e+05 5.000010000000000582e+05 5.000009289940828457e+05 9.230772958579885308e+05 1.000000000000000000e+06 5.000024230769231217e+05 5.000017692307691905e+05 8.974358974358956909e-01 1.536489151873767778e+00 1.666679102564096393e+05 5.000007396449703956e+05 5.000010769230769365e+05 5.000010000000000582e+05 2.207100591715977611e+00 5.000014230769230635e+05 1.000000000000000000e+06 5.000023076923076878e+05 1.000000000000000000e+06 1.935897435897437457e+00 5.000010118343195063e+05 3.905325443786965001e-01 5.000012603550296044e+05
5.000008846153846243e+05 5.000010000000000582e+05 1.166666666666666075e+00 1.970414201183432024e+00 2.166666666666666075e+00 6.755424063116369782e-01 9.230771360946749337e+05 1.000000000000000000e+06 5.000013846153846243e+05 5.000007307692295290e+05 5.000013076923077460e+05 5.000009408284023521e+05 3.333342521367527661e+05 1.900394477317554509e+00 5.000013076923077460e+05 1.615384615384617195e+00 5.000010000000000582e+05 7.179487179487165083e-01 1.000000000000000000e+06 5.000012692307691905e+05 1.000000000000000000e+06 5.000010000000000582e+05 5.000013076923077460e+05 5.000012603550296044e+05 6.955950032873096101e-01
