1.420265629187270617e+00 1.428589055561983550e+05 1.428596089712370886e+05 1.428596105603533797e+05 1.428596854877655860e+05 9.524035182718065334e+04 1.428594782731322630e+05 1.428593701126003580e+05 1.428591409323535045e+05 3.412715551809233730e+05 3.412719070972297923e+05 1.428597573441695713e+05 1.428596941190480720e+05 7.011742991112648742e+05 4.219597286754976376e+05 1.112284473754840583e+05 5.448303506860132329e+05 1.428594152976030018e+05 1.428595157015709847e+05 2.380969335270290321e+05 1.428596791052153567e+05 1.428596364703060244e+05 1.428595202840247657e+05 4.624120953638545325e+04 1.428597272378397756e+05
1.428589055561983550e+05 4.201398247017544274e-01 1.367729258342516463e+00 1.315407957051727195e+00 1.437089768110847876e+00 4.762060063433454343e+04 1.249244956318053656e+00 1.225833397102868316e+00 9.412057108153897289e-01 3.412712211561842705e+05 3.809537678625172703e+05 9.316919455847589415e+04 1.452084766710569852e+00 7.011741335727442056e+05 4.219591162664868752e+05 2.292403324782131240e+05 5.448300283619340044e+05 1.256955260536267938e+00 1.314112887945428909e+00 3.333346437789960764e+05 9.523956311161121994e+04 4.762045570519068133e+04 4.762035906906791206e+04 1.111127605094706960e+05 9.523964535723873996e+04
1.428596089712370886e+05 1.367729258342516463e+00 8.206793850447778871e-01 2.003508594897786210e+00 1.882250892358596328e+00 4.762125617068374413e+04 2.002258946942668150e+00 1.762404939447878460e+00 1.774413822269194085e+00 3.412716663660833728e+05 3.809542203822045703e+05 9.316986855860428477e+04 2.058105836097924080e+00 7.011741497436979553e+05 4.219595316348742926e+05 2.292408241465374886e+05 5.448303143897657283e+05 1.845786993651034713e+00 1.850429187597990133e+00 3.333350754728084430e+05 9.524029231994194561e+04 4.762120147561325575e+04 4.762111961016502755e+04 1.111134882485611743e+05 9.524037028104938508e+04
1.428596105603533797e+05 1.315407957051727195e+00 2.003508594897786210e+00 8.769986744690078107e-01 2.015683078365041681e+00 4.762135451909336552e+04 1.801675395983072470e+00 1.873229484041635917e+00 1.775051549199597067e+00 3.412717002496031346e+05 3.809541202561497921e+05 9.316984960825045709e+04 1.990877396874693783e+00 7.011742573190520052e+05 4.219594024564233259e+05 2.292408047497376683e+05 5.448303344383676304e+05 1.780833553866697061e+00 1.777718191052349406e+00 3.333351082789101056e+05 9.524021232184307883e+04 4.762114331932536879e+04 4.762103419880114961e+04 1.111134107359921909e+05 9.524028541548273643e+04
1.428596854877655860e+05 1.437089768110847876e+00 1.882250892358596328e+00 2.015683078365041681e+00 8.291868052278072998e-01 4.762134615357936127e+04 1.912800768727677569e+00 1.863102794820134189e+00 1.780286697535947482e+00 3.412716716502452618e+05 3.809542253363037016e+05 9.316998738191847224e+04 1.893430725113565583e+00 7.011741173041298753e+05 4.219595263422049466e+05 2.292408063673739380e+05 5.448302686235581059e+05 1.958992023275134775e+00 2.010312842836759373e+00 3.333350862407183740e+05 9.524037304415710969e+04 4.762132783829443360e+04 4.762117285807666485e+04 1.111135770666749304e+05 9.524043320409303124e+04
9.524035182718065334e+04 4.762060063433454343e+04 4.762125617068374413e+04 4.762135451909336552e+04 4.762134615357936127e+04 8.822492686022826991e-01 4.762115556023166573e+04 4.762095157218012901e+04 4.762070381312973768e+04 3.412715937183135538e+05 3.809541152465142659e+05 9.317001268571300898e+04 4.762140987293062790e+04 7.011743482865673723e+05 4.219593758412857424e+05 1.816215905258159619e+05 5.448303412016325165e+05 4.762104453718120931e+04 4.762119017918009195e+04 2.857159858311987482e+05 9.524049053902568994e+04 4.762132328953666001e+04 4.762130761829129187e+04 6.349428169934515608e+04 9.524052695105214661e+04
1.428594782731322630e+05 1.249244956318053434e+00 2.002258946942668150e+00 1.801675395983072026e+00 1.912800768727677569e+00 4.762115556023166573e+04 7.264547191566143036e-01 1.757184401888170155e+00 1.611912346020110354e+00 3.412715611105718417e+05 3.809539498877292499e+05 9.316989670151348400e+04 1.957888450443190376e+00 7.011742878572945483e+05 4.219592774802079075e+05 2.292407991715057578e+05 5.448301707357934210e+05 1.720385132315846333e+00 1.890849328952923347e+00 3.333349576865474810e+05 9.524022915098549856e+04 4.762128205040961620e+04 4.762112736798099650e+04 1.111134352564900619e+05 9.524031263212040358e+04
1.428593701126003580e+05 1.225833397102868316e+00 1.762404939447878460e+00 1.873229484041635917e+00 1.863102794820134189e+00 4.762095157218012901e+04 1.757184401888170155e+00 6.584647384028602390e-01 1.394572081172628986e+00 3.412712702931670938e+05 3.809538567739961436e+05 9.316965038047517010e+04 1.919734215469237837e+00 7.011740434057051316e+05 4.219591808649330051e+05 2.292405998271237477e+05 5.448301758830056060e+05 1.575386713842719777e+00 1.887026469526257966e+00 3.333347535801404738e+05 9.524012324902979890e+04 4.762113434778965893e+04 4.762099007497560524e+04 1.111132271119036304e+05 9.524020154934754828e+04
1.428591409323535045e+05 9.412057108153897289e-01 1.774413822269194085e+00 1.775051549199597067e+00 1.780286697535947482e+00 4.762070381312973768e+04 1.611912346020110354e+00 1.394572081172628986e+00 6.977157844297536826e-01 3.412712529538822710e+05 3.809538378794855089e+05 9.316950820010485768e+04 1.825221267397153291e+00 7.011740962984430371e+05 4.219591896524914773e+05 2.292404576273851271e+05 5.448300728984604357e+05 1.490140223104612582e+00 1.682341518446894169e+00 3.333347560369799612e+05 9.523997452517897182e+04 4.762082329721756832e+04 4.762085330795094342e+04 1.111130145483525266e+05 9.523999349308363162e+04
3.412715551809233730e+05 3.412712211561842705e+05 3.412716663660833728e+05 3.412717002496031346e+05 3.412716716502452618e+05 3.412715937183135538e+05 3.412715611105718417e+05 3.412712702931670938e+05 3.412712529538822710e+05 3.799425255594393093e+04 3.034406886008068686e+05 3.412718045765375718e+05 3.412717904461791622e+05 6.059361580030178884e+05 2.825361666452859645e+05 3.122098780337061035e+05 4.423172548755542957e+05 3.412713792016220978e+05 3.412716184404934174e+05 2.886573745527392020e+05 3.412718369772999431e+05 3.412717538892704761e+05 3.412718079597632168e+05 3.412716921849646023e+05 3.412717868258497328e+05
3.412719070972299087e+05 3.809537678625173285e+05 3.809542203822046285e+05 3.809541202561497921e+05 3.809542253363037016e+05 3.809541152465142659e+05 3.809539498877292499e+05 3.809538567739962018e+05 3.809538378794855089e+05 3.034406886008068104e+05 8.449101322810762213e+04 3.809543639582013129e+05 3.809542517209308571e+05 6.451428579299187986e+05 3.426329263535367791e+05 3.252353427826677798e+05 4.451483262476350064e+05 3.809539810893493122e+05 3.809542926489815582e+05 2.810443153006820939e+05 3.809543517324361601e+05 3.809543639384062844e+05 3.809542362597221509e+05 3.677268109756247723e+05 3.809543549078666838e+05
1.428597573441695713e+05 9.316919455847589415e+04 9.316986855860428477e+04 9.316984960825045709e+04 9.316998738191847224e+04 9.317001268571303808e+04 9.316989670151348400e+04 9.316965038047517010e+04 9.316950820010485768e+04 3.412718045765375718e+05 3.809543639582013129e+05 3.961780486166098854e+03 9.317001575333875371e+04 7.011742114525442012e+05 4.219595292431303533e+05 2.292410326802105410e+05 5.448303918398534879e+05 9.316980646110499220e+04 9.316991825351283478e+04 3.333352606859109364e+05 2.072311563991157527e+03 4.555059900646824826e+04 4.555068103263564262e+04 9.725099816118026501e+04 2.072523450173302081e+03
1.428596941190480720e+05 1.452084766710569852e+00 2.058105836097924080e+00 1.990877396874693783e+00 1.893430725113565360e+00 4.762140987293062790e+04 1.957888450443190376e+00 1.919734215469237837e+00 1.825221267397153291e+00 3.412717904461791622e+05 3.809542517209307989e+05 9.317001575333875371e+04 8.812207401142064800e-01 7.011741712572887773e+05 4.219595840018213494e+05 2.292409796307613724e+05 5.448301960233601276e+05 1.997347891608613368e+00 2.023913384137632221e+00 3.333351738557147328e+05 9.524035082137341669e+04 4.762122822836097475e+04 4.762117448882455938e+04 1.111135743035941414e+05 9.524048123139749805e+04
7.011742991112648742e+05 7.011741335727442056e+05 7.011741497436979553e+05 7.011742573190520052e+05 7.011741173041298753e+05 7.011743482865673723e+05 7.011742878572945483e+05 7.011740434057050152e+05 7.011740962984429207e+05 6.059361580030178884e+05 6.451428579299187986e+05 7.011742114525442012e+05 7.011741712572886609e+05 1.106778693865457753e+05 5.090304735933339689e+05 7.011742040780226234e+05 3.899259499326716759e+05 7.011740534374587005e+05 7.011742961544904392e+05 7.011742631999226287e+05 7.011743725501898443e+05 7.011743060728196288e+05 7.011742766237555770e+05 7.011741512925499119e+05 7.011743092176951468e+05
4.219597286754976376e+05 4.219591162664868752e+05 4.219595316348742926e+05 4.219594024564233259e+05 4.219595263422049466e+05 4.219593758412856259e+05 4.219592774802079075e+05 4.219591808649329469e+05 4.219591896524914191e+05 2.825361666452859645e+05 3.426329263535367791e+05 4.219595292431303533e+05 4.219595840018213494e+05 5.090304735933339689e+05 1.422392022329867759e+05 4.082770603445032029e+05 3.694234131175338989e+05 4.219593201481022406e+05 4.219594698175998055e+05 4.219597483972406480e+05 4.219596638156148256e+05 4.219595586025402299e+05 4.219595617672650260e+05 4.219595728857095237e+05 4.219596264802903170e+05
1.112284473754840728e+05 2.292403324782131240e+05 2.292408241465374886e+05 2.292408047497376683e+05 2.292408063673739671e+05 1.816215905258159910e+05 2.292407991715057578e+05 2.292405998271237477e+05 2.292404576273850980e+05 3.122098780337061617e+05 3.252353427826677798e+05 2.292410326802105410e+05 2.292409796307613724e+05 7.011742040780226234e+05 4.082770603445032029e+05 1.083938672306994122e+05 5.448304402321832022e+05 2.292407072252405342e+05 2.292408099155616073e+05 1.821961669320880028e+05 2.292410043413765670e+05 2.292409963191624847e+05 2.292408984873227600e+05 1.499057604518713197e+05 2.292410569365855772e+05
5.448303506860133493e+05 5.448300283619340044e+05 5.448303143897657283e+05 5.448303344383676304e+05 5.448302686235581059e+05 5.448303412016325165e+05 5.448301707357934210e+05 5.448301758830056060e+05 5.448300728984603193e+05 4.423172548755543539e+05 4.451483262476350064e+05 5.448303918398534879e+05 5.448301960233601276e+05 3.899259499326716759e+05 3.694234131175339571e+05 5.448304402321832022e+05 1.766615481950290559e+05 5.448301498799541732e+05 5.448302963003800251e+05 5.448303538599141175e+05 5.448304482831363566e+05 5.448303020567063941e+05 5.448303599849360762e+05 5.448304149372767424e+05 5.448304238106809789e+05
1.428594152976030018e+05 1.256955260536268160e+00 1.845786993651034713e+00 1.780833553866697061e+00 1.958992023275134775e+00 4.762104453718120931e+04 1.720385132315846333e+00 1.575386713842719777e+00 1.490140223104612582e+00 3.412713792016220978e+05 3.809539810893493122e+05 9.316980646110499220e+04 1.997347891608613368e+00 7.011740534374587005e+05 4.219593201481022406e+05 2.292407072252405342e+05 5.448301498799541732e+05 6.962686636339290303e-01 1.880184146820245150e+00 3.333347980894836364e+05 9.524021988197068276e+04 4.762115171866422315e+04 4.762104383081688866e+04 1.111133196717973042e+05 9.524016422567397240e+04
1.428595157015709847e+05 1.314112887945428909e+00 1.850429187597990133e+00 1.777718191052349406e+00 2.010312842836759373e+00 4.762119017918009195e+04 1.890849328952923347e+00 1.887026469526257966e+00 1.682341518446893947e+00 3.412716184404934174e+05 3.809542926489815000e+05 9.316991825351283478e+04 2.023913384137632221e+00 7.011742961544905556e+05 4.219594698175998055e+05 2.292408099155616073e+05 5.448302963003800251e+05 1.880184146820245150e+00 8.800125632590048985e-01 3.333349980241601588e+05 9.524034675180968770e+04 4.762116925069771969e+04 4.762112754180472984e+04 1.111135187651806191e+05 9.524038389582831587e+04
2.380969335270290321e+05 3.333346437789960764e+05 3.333350754728084430e+05 3.333351082789101056e+05 3.333350862407183740e+05 2.857159858311987482e+05 3.333349576865474810e+05 3.333347535801404738e+05 3.333347560369799612e+05 2.886573745527392020e+05 2.810443153006820939e+05 3.333352606859109364e+05 3.333351738557147328e+05 7.011742631999226287e+05 4.219597483972406480e+05 1.821961669320880319e+05 5.448303538599141175e+05 3.333347980894836364e+05 3.333349980241601588e+05 1.407791679065183052e+04 3.333352788654560572e+05 3.333352596467343974e+05 3.333352102998501505e+05 2.698431313320198096e+05 3.333352873758811038e+05
1.428596791052153567e+05 9.523956311161121994e+04 9.524029231994193105e+04 9.524021232184307883e+04 9.524037304415708059e+04 9.524049053902568994e+04 9.524022915098548401e+04 9.524012324902979890e+04 9.523997452517897182e+04 3.412718369772999431e+05 3.809543517324361019e+05 2.072311563991157072e+03 9.524035082137340214e+04 7.011743725501898443e+05 4.219596638156148256e+05 2.292410043413765379e+05 5.448304482831363566e+05 9.524021988197066821e+04 9.524034675180968770e+04 3.333352788654560572e+05 8.778723917633753926e-01 4.762102382326098450e+04 4.762106949125458050e+04 9.662090523035511433e+04 2.093982206116763667e+00
1.428596364703060244e+05 4.762045570519068133e+04 4.762120147561325575e+04 4.762114331932536879e+04 4.762132783829443360e+04 4.762132328953666001e+04 4.762128205040961620e+04 4.762113434778965893e+04 4.762082329721756832e+04 3.412717538892704761e+05 3.809543639384062262e+05 4.555059900646824826e+04 4.762122822836097475e+04 7.011743060728197452e+05 4.219595586025402881e+05 2.292409963191624847e+05 5.448303020567063941e+05 4.762115171866422315e+04 4.762116925069771969e+04 3.333352596467343974e+05 4.762102382326098450e+04 8.431196599607916342e-01 1.892121225730128087e+00 1.111135230000816373e+05 4.762104828851923230e+04
1.428595202840247657e+05 4.762035906906791206e+04 4.762111961016502755e+04 4.762103419880114961e+04 4.762117285807666485e+04 4.762130761829129187e+04 4.762112736798099650e+04 4.762099007497560524e+04 4.762085330795094342e+04 3.412718079597632750e+05 3.809542362597221509e+05 4.555068103263564262e+04 4.762117448882455938e+04 7.011742766237555770e+05 4.219595617672651424e+05 2.292408984873227600e+05 5.448303599849360762e+05 4.762104383081688866e+04 4.762112754180472984e+04 3.333352102998501505e+05 4.762106949125459505e+04 1.892121225730128087e+00 7.984842373859557529e-01 1.111134775033462793e+05 4.762127160791455390e+04
4.624120953638545325e+04 1.111127605094706960e+05 1.111134882485611743e+05 1.111134107359921909e+05 1.111135770666749304e+05 6.349428169934515608e+04 1.111134352564900619e+05 1.111132271119036304e+05 1.111130145483525266e+05 3.412716921849646023e+05 3.677268109756247723e+05 9.725099816118026501e+04 1.111135743035941414e+05 7.011741512925499119e+05 4.219595728857095237e+05 1.499057604518712906e+05 5.448304149372767424e+05 1.111133196717973042e+05 1.111135187651806191e+05 2.698431313320198096e+05 9.662090523035511433e+04 1.111135230000816664e+05 1.111134775033462793e+05 4.132904796939703374e+04 9.662075433169324242e+04
1.428597272378397756e+05 9.523964535723873996e+04 9.524037028104938508e+04 9.524028541548273643e+04 9.524043320409303124e+04 9.524052695105214661e+04 9.524031263212040358e+04 9.524020154934754828e+04 9.523999349308363162e+04 3.412717868258497328e+05 3.809543549078666256e+05 2.072523450173301626e+03 9.524048123139749805e+04 7.011743092176951468e+05 4.219596264802903170e+05 2.292410569365855772e+05 5.448304238106809789e+05 9.524016422567397240e+04 9.524038389582831587e+04 3.333352873758811038e+05 2.093982206116763667e+00 4.762104828851923958e+04 4.762127160791455390e+04 9.662075433169324242e+04 1.102514559229872182e+00
