9.857993116685148660e-01 1.428594046182819584e+05 4.762114415758698306e+04 1.975677946412603969e+00 2.125677482315130984e+00 2.177141026393263790e+00 2.129989651712933529e+00 2.012868696220071030e+00 1.572895018736528291e+05 2.001252924924746157e+00 2.070134353586162490e+00 2.162871082374561382e+00 2.203801046217300996e+00 2.142595263974154562e+00 5.158747173597413348e+05 2.022857041284277457e+00 1.776578126937534474e+00 1.020432490440926922e+05 3.406169569861086784e+05 9.183910875141297583e+04 1.904785635334455292e+05 2.203099433994979428e+00 1.451608472008947714e+00 4.593928782388676773e+05 2.743321015207850141e+05
1.428594046182819584e+05 1.083140047185853216e+00 9.524045433217640675e+04 1.428594186529000581e+05 1.428594249120489985e+05 1.428594365233864519e+05 1.428594447248362412e+05 1.428590167896781059e+05 1.443226096446334304e+04 1.428595845414896321e+05 1.428592312891573820e+05 1.428593847225712088e+05 1.428593191617048578e+05 1.428594025906425377e+05 4.682554725377899013e+05 1.428590377252097824e+05 1.428588041886533902e+05 4.081863058760616696e+04 2.929978945738900802e+05 5.102266524858523917e+04 8.390279446834768169e+04 1.428591391548374377e+05 1.428587710028805886e+05 4.117738994468291057e+05 2.063049772269292152e+05
4.762114415758698306e+04 9.524045433217640675e+04 9.872717478809909242e-01 4.762129318295062694e+04 4.762132062126217352e+04 4.762132132121681207e+04 4.762118943670394219e+04 4.762099244000038743e+04 1.096705381419723708e+05 4.762124511791241093e+04 4.762116379696544027e+04 4.762130517377393699e+04 4.762116288860412169e+04 4.762123454811506235e+04 4.682557393671144382e+05 4.762115019930119161e+04 4.762084242793730664e+04 5.442397338850284723e+04 2.929979424481588067e+05 4.421962627155004157e+04 1.428596424935025861e+05 4.762120173141032865e+04 4.762046658214289346e+04 4.117737689260318293e+05 2.267130742866347136e+05
1.975677946412603969e+00 1.428594186529000581e+05 4.762129318295062694e+04 9.045061627123486270e-01 1.910917683398191791e+00 2.120115729369769220e+00 1.852908202506680979e+00 1.876671613320555654e+00 1.572893937484717462e+05 2.074149295890065137e+00 1.916430146852907024e+00 2.029492387385801511e+00 2.040988519324430595e+00 2.033291375993367289e+00 5.158746911375661148e+05 1.961227335779569980e+00 1.720571877651299042e+00 1.020431576111419854e+05 3.406168611078183749e+05 9.183907789678002882e+04 1.904785021391377668e+05 1.929627943566176285e+00 1.366908282978463562e+00 4.593929311088430695e+05 2.743320726654012688e+05
2.125677482315130984e+00 1.428594249120489985e+05 4.762132062126217352e+04 1.910917683398191791e+00 8.225735302687330330e-01 2.041352254753939999e+00 1.853726992576591570e+00 1.728211049843682012e+00 1.572892512506944768e+05 2.072948492632176176e+00 1.902913334233530485e+00 2.050229390360155612e+00 1.899595679189324704e+00 1.846201245114739375e+00 5.158745972752956441e+05 1.861728490969270844e+00 1.709660654295970028e+00 1.020430992264557135e+05 3.406168372172683594e+05 9.183905921253835550e+04 1.904783734481452557e+05 2.040322693788936714e+00 1.335179107815412936e+00 4.593928628575284383e+05 2.743319206868846668e+05
2.177141026393263790e+00 1.428594365233864519e+05 4.762132132121681207e+04 2.120115729369769220e+00 2.041352254753939999e+00 9.834251416310746396e-01 2.126173852995407287e+00 1.959097221757469587e+00 1.572894898485564627e+05 2.097969038132079689e+00 1.961196461792791945e+00 1.924188186599119721e+00 2.045106790438026234e+00 2.080610421292169665e+00 5.158745549843673944e+05 2.008665743336591980e+00 1.826716555165575295e+00 1.020431756287972967e+05 3.406167884142751573e+05 9.183901657952461392e+04 1.904785668820760911e+05 1.987330450255405667e+00 1.410517574014586550e+00 4.593928250059090788e+05 2.743320964366729604e+05
2.129989651712933529e+00 1.428594447248362412e+05 4.762118943670394219e+04 1.852908202506680979e+00 1.853726992576591570e+00 2.126173852995407287e+00 9.311368196342766357e-01 1.833415121412270476e+00 1.572894505108105077e+05 2.039824331774052979e+00 1.890890406268240342e+00 2.132474555786624482e+00 1.960682198349524619e+00 1.943910064274826599e+00 5.158746654641655041e+05 1.907527238236726985e+00 1.715409459801965575e+00 1.020430783911626786e+05 3.406168254579792847e+05 9.183906704718842229e+04 1.904785040849592187e+05 1.924968997093164047e+00 1.351848277624466910e+00 4.593928898526219418e+05 2.743320783496360527e+05
2.012868696220071474e+00 1.428590167896781059e+05 4.762099244000038743e+04 1.876671613320555654e+00 1.728211049843682012e+00 1.959097221757469587e+00 1.833415121412270254e+00 7.356550014063664156e-01 1.572890019889338000e+05 1.968433183012007870e+00 1.499499072634230323e+00 1.854652720692930634e+00 1.786052018500513983e+00 1.789346662965657142e+00 5.158743722165317740e+05 1.509689829969479424e+00 1.250508273038984042e+00 1.020427357451628195e+05 3.406165519911060110e+05 9.183865988129471953e+04 1.904781065611351805e+05 1.824822604952998750e+00 1.025252108659385986e+00 4.593925405540050124e+05 2.743317579291421571e+05
1.572895018736528291e+05 1.443226096446334122e+04 1.096705381419723708e+05 1.572893937484717462e+05 1.572892512506944768e+05 1.572894898485564627e+05 1.572894505108105077e+05 1.572890019889338000e+05 2.011574497024358425e+04 1.572894777352541569e+05 1.572892900856005726e+05 1.572893888667226420e+05 1.572893445415913884e+05 1.572893171577020257e+05 4.682557628717445768e+05 1.572891610251934326e+05 1.572889276036745578e+05 5.524877370508336753e+04 2.929980520880816621e+05 6.545296775370850810e+04 7.369940765622089384e+04 1.572893690797230811e+05 1.572888019592875207e+05 4.117740511905639432e+05 2.063049773414102965e+05
2.001252924924746157e+00 1.428595845414896321e+05 4.762124511791241093e+04 2.074149295890065137e+00 2.072948492632176176e+00 2.097969038132079689e+00 2.039824331774052979e+00 1.968433183012007870e+00 1.572894777352541569e+05 8.996745986104339732e-01 2.069692917141376043e+00 2.141287771212399438e+00 2.177985921909827205e+00 2.211838481074136720e+00 5.158746974206349114e+05 2.062342954719375232e+00 1.757045147095499971e+00 1.020429873463541880e+05 3.406169220556016080e+05 9.183914984533349343e+04 1.904785418531396135e+05 2.209404992753728258e+00 1.409618541074885600e+00 4.593929600497297361e+05 2.743320306866925675e+05
2.070134353586162490e+00 1.428592312891573820e+05 4.762116379696544027e+04 1.916430146852907024e+00 1.902913334233530485e+00 1.961196461792791945e+00 1.890890406268240564e+00 1.499499072634230323e+00 1.572892900856005726e+05 2.069692917141376043e+00 8.106740809142017889e-01 1.914236786278060709e+00 1.766140997734485740e+00 1.845445161397340161e+00 5.158743737173484988e+05 1.401596053046944679e+00 1.430706927578699217e+00 1.020430054984062735e+05 3.406165114930092823e+05 9.183880027316728956e+04 1.904781580679200415e+05 1.725875461149964707e+00 1.141427129042825950e+00 4.593925965632742154e+05 2.743317565082201036e+05
2.162871082374561826e+00 1.428593847225712088e+05 4.762130517377393699e+04 2.029492387385801511e+00 2.050229390360155612e+00 1.924188186599119721e+00 2.132474555786624482e+00 1.854652720692930634e+00 1.572893888667226420e+05 2.141287771212399438e+00 1.914236786278060709e+00 8.455268938142433965e-01 1.857316565061880143e+00 1.968707980588529027e+00 5.158745585317460354e+05 1.915335317004026372e+00 1.798906149762652396e+00 1.020432275023162510e+05 3.406167686334907776e+05 9.183894748761813389e+04 1.904784642599365907e+05 1.834295070671056571e+00 1.337001990082613112e+00 4.593927894091077032e+05 2.743319942290882464e+05
2.203801046217300996e+00 1.428593191617048578e+05 4.762116288860412169e+04 2.040988519324430595e+00 1.899595679189324704e+00 2.045106790438026678e+00 1.960682198349524619e+00 1.786052018500513983e+00 1.572893445415913884e+05 2.177985921909827205e+00 1.766140997734485740e+00 1.857316565061879921e+00 8.293968387311619894e-01 1.623525349932135153e+00 5.158745655024849693e+05 1.810089536289712475e+00 1.646593642381274814e+00 1.020431031450624869e+05 3.406167648858059547e+05 9.183892047562850348e+04 1.904783637566942198e+05 1.734684504666611504e+00 1.276970533467590263e+00 4.593928230499626952e+05 2.743318348463414004e+05
2.142595263974155007e+00 1.428594025906425377e+05 4.762123454811506235e+04 2.033291375993367289e+00 1.846201245114739375e+00 2.080610421292169665e+00 1.943910064274826599e+00 1.789346662965657142e+00 1.572893171577020257e+05 2.211838481074136720e+00 1.845445161397340161e+00 1.968707980588529027e+00 1.623525349932135153e+00 9.018716667285846533e-01 5.158746208427815582e+05 1.891573371828223493e+00 1.701443263934802275e+00 1.020431568230000266e+05 3.406167165491947089e+05 9.183904641960236768e+04 1.904783823046943871e+05 1.873480578387684670e+00 1.321769851967837139e+00 4.593928653354588896e+05 2.743319724009842030e+05
5.158747173597413348e+05 4.682554725377899013e+05 4.682557393671144382e+05 5.158746911375661148e+05 5.158745972752956441e+05 5.158745549843675108e+05 5.158746654641655041e+05 5.158743722165318322e+05 4.682557628717445768e+05 5.158746974206349114e+05 5.158743737173484988e+05 5.158745585317460354e+05 5.158745655024849693e+05 5.158746208427815582e+05 1.383166295279071492e+05 5.158742775513753877e+05 5.158742808455758495e+05 4.682557057221879368e+05 3.815497533044285374e+05 4.682555843075761222e+05 4.682555925048734643e+05 5.158743715012383764e+05 5.158742449538746732e+05 3.622961391986308154e+05 4.410448301081673708e+05
2.022857041284277457e+00 1.428590377252097824e+05 4.762115019930119161e+04 1.961227335779569980e+00 1.861728490969270844e+00 2.008665743336591980e+00 1.907527238236726985e+00 1.509689829969479424e+00 1.572891610251934326e+05 2.062342954719375232e+00 1.401596053046944679e+00 1.915335317004026372e+00 1.810089536289712475e+00 1.891573371828223493e+00 5.158742775513753877e+05 8.459589409091591294e-01 1.344991110095446807e+00 1.020429358931449533e+05 3.406165380635811016e+05 9.183879010109243973e+04 1.904782086443445587e+05 1.750145175887140025e+00 1.132064293276717315e+00 4.593925308903223486e+05 2.743318032823234680e+05
1.776578126937534474e+00 1.428588041886533611e+05 4.762084242793730664e+04 1.720571877651299042e+00 1.709660654295970028e+00 1.826716555165575295e+00 1.715409459801965575e+00 1.250508273038984042e+00 1.572889276036745578e+05 1.757045147095499971e+00 1.430706927578699217e+00 1.798906149762652396e+00 1.646593642381275036e+00 1.701443263934802275e+00 5.158742808455757913e+05 1.344991110095446807e+00 6.609110572269473183e-01 1.020425762278527836e+05 3.406163597162158112e+05 9.183853941456021857e+04 1.904778974884743802e+05 1.598151824189113279e+00 8.539740103569353202e-01 4.593925579105268698e+05 2.743315437781237415e+05
1.020432490440926922e+05 4.081863058760616696e+04 5.442397338850284723e+04 1.020431576111419854e+05 1.020430992264557135e+05 1.020431756287972967e+05 1.020430783911626786e+05 1.020427357451628195e+05 5.524877370508336026e+04 1.020429873463541880e+05 1.020430054984062735e+05 1.020432275023162510e+05 1.020431031450624869e+05 1.020431568230000266e+05 4.682557057221879368e+05 1.020429358931449533e+05 1.020425762278527982e+05 1.166292206328669999e+04 2.929979715574225993e+05 1.020607298283654018e+04 9.362096624327001336e+04 1.020429942649146687e+05 1.020424043824998953e+05 4.117739658636885579e+05 2.063049854962940444e+05
3.406169569861086784e+05 2.929978945738900802e+05 2.929979424481588067e+05 3.406168611078183749e+05 3.406168372172683594e+05 3.406167884142751573e+05 3.406168254579793429e+05 3.406165519911060110e+05 2.929980520880816621e+05 3.406169220556016080e+05 3.406165114930093405e+05 3.406167686334908358e+05 3.406167648858059547e+05 3.406167165491947089e+05 3.815497533044284210e+05 3.406165380635811016e+05 3.406163597162158112e+05 2.929979715574225993e+05 1.522147410695436411e+05 2.929978020603709738e+05 2.640566478797954042e+05 3.406166710992592853e+05 3.406162883809889900e+05 3.138116968784742639e+05 1.960121575309912732e+05
9.183910875141297583e+04 5.102266524858523917e+04 4.421962627155003429e+04 9.183907789678002882e+04 9.183905921253834094e+04 9.183901657952459936e+04 9.183906704718840774e+04 9.183865988129471953e+04 6.545296775370850810e+04 9.183914984533349343e+04 9.183880027316727501e+04 9.183894748761811934e+04 9.183892047562847438e+04 9.183904641960233857e+04 4.682555843075760058e+05 9.183879010109243973e+04 9.183853941456021857e+04 1.020607298283654018e+04 2.929978020603709738e+05 6.317750751912897613e+03 9.864209166796036880e+04 9.183886549441087118e+04 9.183828117038572964e+04 4.117737538937744102e+05 2.077627498430159176e+05
1.904785635334455292e+05 8.390279446834768169e+04 1.428596424935025861e+05 1.904785021391377668e+05 1.904783734481452557e+05 1.904785668820760911e+05 1.904785040849592187e+05 1.904781065611351805e+05 7.369940765622089384e+04 1.904785418531396135e+05 1.904781580679200415e+05 1.904784642599365907e+05 1.904783637566942198e+05 1.904783823046943871e+05 4.682555925048734643e+05 1.904782086443445587e+05 1.904778974884744384e+05 9.362096624327001336e+04 2.640566478797954042e+05 9.864209166796036880e+04 3.700387243900628528e+04 1.904783341028684517e+05 1.904778033285556885e+05 4.117740268319615861e+05 1.700233905701747863e+05
2.203099433994979428e+00 1.428591391548374377e+05 4.762120173141032865e+04 1.929627943566176285e+00 2.040322693788936714e+00 1.987330450255405667e+00 1.924968997093164047e+00 1.824822604952998750e+00 1.572893690797230811e+05 2.209404992753728258e+00 1.725875461149964707e+00 1.834295070671056571e+00 1.734684504666611504e+00 1.873480578387684670e+00 5.158743715012383764e+05 1.750145175887140025e+00 1.598151824189113279e+00 1.020429942649146687e+05 3.406166710992592853e+05 9.183886549441087118e+04 1.904783341028684517e+05 8.634578362240764582e-01 1.298475611388691942e+00 4.593927882388868602e+05 2.743319347711494192e+05
1.451608472008947714e+00 1.428587710028805886e+05 4.762046658214289346e+04 1.366908282978463562e+00 1.335179107815413158e+00 1.410517574014586550e+00 1.351848277624467132e+00 1.025252108659385986e+00 1.572888019592875207e+05 1.409618541074885378e+00 1.141427129042825950e+00 1.337001990082613112e+00 1.276970533467590263e+00 1.321769851967837139e+00 5.158742449538746732e+05 1.132064293276717315e+00 8.539740103569353202e-01 1.020424043824998953e+05 3.406162883809889900e+05 9.183828117038572964e+04 1.904778033285556885e+05 1.298475611388691942e+00 4.125653910248703871e-01 4.593924280046508648e+05 2.743314131913903402e+05
4.593928782388676773e+05 4.117738994468291057e+05 4.117737689260318293e+05 4.593929311088430695e+05 4.593928628575284383e+05 4.593928250059089623e+05 4.593928898526219418e+05 4.593925405540051288e+05 4.117740511905639432e+05 4.593929600497297361e+05 4.593925965632742154e+05 4.593927894091075868e+05 4.593928230499626952e+05 4.593928653354588896e+05 3.622961391986308154e+05 4.593925308903223486e+05 4.593925579105268698e+05 4.117739658636885579e+05 3.138116968784742639e+05 4.117737538937744685e+05 4.117740268319615861e+05 4.593927882388868602e+05 4.593924280046508648e+05 1.073000415569004108e+05 3.845631858445784892e+05
2.743321015207850141e+05 2.063049772269292735e+05 2.267130742866347136e+05 2.743320726654013270e+05 2.743319206868846668e+05 2.743320964366729604e+05 2.743320783496359945e+05 2.743317579291422153e+05 2.063049773414102965e+05 2.743320306866925675e+05 2.743317565082201036e+05 2.743319942290883046e+05 2.743318348463414004e+05 2.743319724009842030e+05 4.410448301081673126e+05 2.743318032823235262e+05 2.743315437781237415e+05 2.063049854962940444e+05 1.960121575309912732e+05 2.077627498430159176e+05 1.700233905701748445e+05 2.743319347711494192e+05 2.743314131913903402e+05 3.845631858445784892e+05 6.001017104890850896e+04
