1.278014443900877523e+05 2.729965827473760000e+05 3.789235946516617551e+05 4.025454575145698618e+05 3.613300891022455180e+05 4.025452358358604251e+05 3.414250335720560979e+05 3.907346199910631403e+05 3.907345533605087548e+05 3.732992732339571230e+05 2.329608942448036105e+05 3.966400239230861771e+05 4.025453419092951808e+05 3.522004034377904609e+05 4.025451404050510027e+05 4.025454867195315310e+05 4.025455134700230556e+05 4.025452979053056915e+05 4.025452318518825341e+05 4.025453571316794842e+05 4.025454850980823976e+05 4.025454192857560702e+05 3.776112359380440321e+05 4.025452564036060940e+05 3.093813285477164900e+05
2.729965827473760583e+05 6.635494673974746547e+04 2.269893066735155007e+05 2.506111054367611359e+05 2.056624173624717805e+05 2.506109270305910904e+05 1.754016649341661832e+05 2.388002572708326043e+05 2.388002866507977014e+05 2.213649850266741705e+05 1.697521758319969231e+05 2.447057536501774157e+05 2.506110649630350235e+05 1.924444500602853950e+05 2.506107118788424414e+05 2.506111258203056059e+05 2.506112080519452575e+05 2.506109589778761729e+05 2.506108218475789763e+05 2.506110035559840326e+05 2.506111436191975663e+05 2.506110819669457851e+05 2.256769598437271197e+05 2.506109446086681273e+05 1.316523904650756449e+05
3.789235946516617551e+05 2.269893066735155007e+05 7.849572558652028187e-01 4.330910374240601232e+04 5.760958622440478212e+04 4.330882887658827531e+04 1.208779172113741370e+05 2.712348633509018691e+04 1.946326344971394792e+04 1.772699630416208674e+04 2.978069806730536511e+05 3.346647740223453002e+04 4.330906148272813880e+04 8.385434444053992047e+04 4.330851033972979349e+04 4.330903656260287971e+04 3.937207632081466727e+04 4.330899563755234703e+04 4.330870203582452814e+04 4.330901254452538706e+04 4.101249099510914675e+04 4.330908718230888917e+04 7.307621655997749258e+03 4.330895845284109964e+04 1.738509029203444952e+05
4.025454575145698618e+05 2.506111054367611941e+05 4.330910374240601232e+04 7.185827232095711725e-01 8.440323152050712088e+04 3.938690987678145120e+03 1.444999541041814082e+05 2.406142406001501149e+04 2.946603130356148540e+04 5.493280029499371449e+04 3.214288774472194491e+05 1.771836814098839022e+04 3.938758109902421438e+03 1.074763799361003475e+05 3.938273778834330642e+03 3.430547516070274014e+03 8.983022639437849648e+03 3.938758475840169922e+03 3.938564923538796847e+03 3.938737913969589499e+03 4.594677295566325483e+03 3.938697355811004854e+03 4.827729472852079198e+04 3.938719685759525419e+03 1.974728754174117930e+05
3.613300891022455180e+05 2.056624173624717805e+05 5.760958622440478212e+04 8.440323152050712088e+04 1.043635267602629028e+04 8.440282006370344607e+04 8.602853298361260386e+04 6.961502818671271962e+04 6.942067899911498534e+04 4.434132956194640428e+04 2.799853463487377157e+05 7.554488628184207482e+04 8.440309728878759779e+04 3.328302745882899762e+04 8.440258999950451835e+04 8.440315774078086542e+04 8.145042299458781781e+04 8.440299714335774479e+04 8.440266739259863971e+04 8.440301960346527630e+04 8.268079427719657542e+04 8.440312057110194291e+04 5.264146370433986158e+04 8.440293767440137162e+04 1.479447620234755450e+05
4.025452358358604251e+05 2.506109270305910904e+05 4.330882887658827531e+04 3.938690987678145120e+03 8.440282006370344607e+04 6.648531678562450420e-01 1.444995892178195354e+05 2.799822302601122283e+04 3.149781701657461235e+04 5.493252300153914257e+04 3.214286038131968817e+05 2.165523690044739851e+04 1.535921649254737620e+00 1.074760426057221339e+05 9.770959909386938147e-01 5.096201742623461541e+02 1.292000536453340828e+04 1.369610017576262218e+00 1.063339647712607139e+00 1.452790708619779991e+00 8.531879813816951355e+03 1.516280957702155430e+00 4.827703618888839264e+04 1.290337380061495232e+00 1.974725586583948752e+05
3.414250335720560979e+05 1.754016649341661832e+05 1.208779172113741370e+05 1.444999541041813791e+05 8.602853298361260386e+04 1.444995892178195354e+05 2.755058981003702866e+04 1.326889294535030203e+05 1.326889751038461109e+05 1.100619487282790797e+05 2.607585297260124062e+05 1.385944338008097257e+05 1.444998548703497218e+05 6.224706774703153496e+04 1.444993177392276411e+05 1.444999064558086975e+05 1.444999566570918250e+05 1.444997664164444432e+05 1.444994529256981623e+05 1.444998259263430955e+05 1.444999520735910628e+05 1.444998421795538452e+05 1.159097422691305837e+05 1.444996679675567721e+05 1.012375908812173875e+05
3.907346199910631403e+05 2.388002572708326043e+05 2.712348633509018691e+04 2.406142406001501149e+04 6.961502818671271962e+04 2.799822302601122283e+04 1.326889294535030203e+05 2.370160126837962252e+03 8.596156222844767399e+03 3.874721590912792453e+04 3.096179742906973115e+05 9.174414551475900225e+03 2.799844864576527470e+04 9.566533279113109165e+04 2.799787316207389449e+04 2.749038887552719461e+04 1.587590124340407601e+04 2.799838425613688742e+04 2.799807804829780434e+04 2.799836779960286731e+04 1.946816808507832320e+04 2.799841002036246209e+04 3.209176966643517153e+04 2.799829050317326619e+04 1.856619039952789899e+05
3.907345533605086966e+05 2.388002866507977014e+05 1.946326344971394792e+04 2.946603130356148540e+04 6.942067899911498534e+04 3.149781701657461235e+04 1.326889751038461109e+05 8.596156222844767399e+03 4.919139960059956138e+03 3.267230540383327025e+04 3.096179825936221750e+05 1.732677116779055359e+04 3.149799547475333384e+04 9.566535357751157426e+04 3.149745298509334680e+04 3.123581302227226843e+04 2.323237648862386777e+04 3.149797206201635709e+04 3.149768443126918646e+04 3.149796907483753239e+04 2.582974068265432652e+04 3.149804604782131355e+04 2.479678828219389470e+04 3.149789545000703583e+04 1.856619348985101678e+05
3.732992732339572394e+05 2.213649850266741705e+05 1.772699630416208674e+04 5.493280029499371449e+04 4.434132956194640428e+04 5.493252300153913529e+04 1.100619487282790797e+05 3.874721590912792453e+04 3.267230540383327025e+04 9.087202092802905099e+03 2.921826753766253823e+05 4.509031099673671270e+04 5.493267048538692325e+04 7.154889540551374375e+04 5.493216921764228755e+04 5.493279302002233453e+04 5.099580123496859596e+04 5.493265102541711531e+04 5.493234661333354597e+04 5.493262984077680449e+04 5.263622196409812750e+04 5.493274505118135130e+04 1.049406861364029464e+04 5.493257789071414300e+04 1.665393715090773476e+05
2.329608942448036396e+05 1.697521758319968940e+05 2.978069806730536511e+05 3.214288774472194491e+05 2.799853463487377157e+05 3.214286038131968817e+05 2.607585297260123480e+05 3.096179742906973115e+05 3.096179825936222333e+05 2.921826753766253241e+05 8.835371079507087416e+04 3.155234498631678871e+05 3.214288035744181252e+05 2.715337983083107974e+05 3.214285045828893781e+05 3.214288410229450674e+05 3.214289196659669979e+05 3.214286774966387893e+05 3.214285529780025827e+05 3.214287443039374193e+05 3.214289018895396148e+05 3.214288216138520511e+05 2.964946941449911101e+05 3.214286230611505453e+05 2.269312709930798155e+05
3.966400239230861771e+05 2.447057536501774448e+05 3.346647740223453002e+04 1.771836814098839022e+04 7.554488628184207482e+04 2.165523690044739851e+04 1.385944338008097548e+05 9.174414551475900225e+03 1.732677116779055359e+04 4.509031099673671270e+04 3.155234498631678871e+05 5.906350145664678166e+03 2.165543592622018696e+04 1.015708887549310166e+05 2.165488102190123027e+04 2.114735067836861344e+04 8.736908481698821561e+03 2.165537939200629626e+04 2.165512601613780134e+04 2.165539186658684048e+04 1.312510823579469798e+04 2.165543114807900929e+04 3.843474057088442351e+04 2.165533941006611713e+04 1.915674250399383600e+05
4.025453419092951226e+05 2.506110649630350526e+05 4.330906148272813880e+04 3.938758109902421438e+03 8.440309728878759779e+04 1.535921649254737620e+00 1.444998548703497218e+05 2.799844864576527470e+04 3.149799547475333384e+04 5.493267048538692325e+04 3.214288035744181252e+05 2.165543592622018696e+04 6.902353755446399841e-01 1.074762853652940394e+05 1.199089855463259413e+00 5.096880214229755097e+02 1.292013878964269497e+04 1.497904597230833357e+00 1.445517662665559255e+00 1.479626264802146984e+00 8.531951886003549589e+03 1.529787317824288895e+00 4.827723826969549555e+04 1.554386850715470114e+00 1.974727632259374077e+05
3.522004034377904609e+05 1.924444500602853950e+05 8.385434444053992047e+04 1.074763799361003475e+05 3.328302745882899035e+04 1.074760426057221339e+05 6.224706774703152769e+04 9.566533279113109165e+04 9.566535357751158881e+04 7.154889540551374375e+04 2.715337983083107974e+05 1.015708887549310166e+05 1.074762853652940394e+05 1.891574630217233425e+04 1.074757901605773659e+05 1.074763569623554649e+05 1.074764123699927150e+05 1.074762276893530507e+05 1.074759203655772872e+05 1.074762708456189139e+05 1.074764121010633680e+05 1.074763056659716240e+05 7.888622643651407270e+04 1.074761259478114371e+05 1.300624775999891863e+05
4.025451404050510027e+05 2.506107118788424996e+05 4.330851033972979349e+04 3.938273778834330642e+03 8.440258999950448924e+04 9.770959909386941478e-01 1.444993177392276411e+05 2.799787316207389449e+04 3.149745298509334680e+04 5.493216921764228755e+04 3.214285045828893781e+05 2.165488102190121936e+04 1.199089855463259413e+00 1.074757901605773804e+05 3.928169624381297464e-01 5.092498052767792274e+02 1.291960479711695734e+04 1.149051827299507833e+00 8.036201968197679291e-01 1.204996343043231111e+00 8.531456343346173526e+03 1.237616453165569563e+00 4.827666048240848613e+04 1.063018316121828732e+00 1.974723255193014629e+05
4.025454867195315310e+05 2.506111258203056350e+05 4.330903656260287971e+04 3.430547516070274924e+03 8.440315774078086542e+04 5.096201742623461541e+02 1.444999064558087266e+05 2.749038887552719461e+04 3.123581302227226843e+04 5.493279302002233453e+04 3.214288410229450674e+05 2.114735067836860981e+04 5.096880214229753960e+02 1.074763569623554649e+05 5.092498052767791705e+02 8.856875475324726494e+02 1.241206028744185642e+04 5.096521505578222673e+02 5.094892047228230467e+02 5.096578987898052446e+02 8.023860230063582094e+03 5.096037188709410657e+02 4.827729667147771397e+04 5.096336532668323684e+02 1.974728317873841443e+05
4.025455134700230556e+05 2.506112080519452575e+05 3.937207632081466727e+04 8.983022639437849648e+03 8.145042299458781781e+04 1.292000536453340828e+04 1.444999566570918250e+05 1.587590124340407601e+04 2.323237648862386777e+04 5.099580123496859596e+04 3.214289196659669979e+05 8.736908481698821561e+03 1.292013878964269497e+04 1.074764123699927295e+05 1.291960479711695734e+04 1.241206028744185642e+04 1.592474700699331834e+03 1.292010880275348427e+04 1.291988565711236879e+04 1.292012254532306724e+04 4.389682634555726509e+03 1.292016283746020963e+04 4.434030976042632392e+04 1.292007818595426761e+04 1.974728894170165586e+05
4.025452979053056915e+05 2.506109589778761729e+05 4.330899563755234703e+04 3.938758475840169922e+03 8.440299714335774479e+04 1.369610017576262218e+00 1.444997664164444432e+05 2.799838425613688742e+04 3.149797206201635709e+04 5.493265102541711531e+04 3.214286774966387311e+05 2.165537939200629626e+04 1.497904597230833357e+00 1.074762276893530507e+05 1.149051827299507833e+00 5.096521505578222673e+02 1.292010880275348427e+04 7.156072082557387581e-01 1.307033412331563893e+00 1.395374222524161212e+00 8.531979975972773900e+03 1.491003533521335855e+00 4.827721071950845362e+04 1.318439630247800087e+00 1.974726774676384230e+05
4.025452318518824759e+05 2.506108218475789763e+05 4.330870203582452814e+04 3.938564923538796847e+03 8.440266739259861060e+04 1.063339647712607139e+00 1.444994529256981623e+05 2.799807804829780434e+04 3.149768443126918646e+04 5.493234661333354597e+04 3.214285529780025827e+05 2.165512601613780134e+04 1.445517662665559255e+00 1.074759203655772872e+05 8.036201968197678180e-01 5.094892047228230467e+02 1.291988565711237061e+04 1.307033412331563893e+00 5.970684802313392936e-01 1.369669198611057626e+00 8.531750644365523840e+03 1.446386989790924726e+00 4.827687520040110394e+04 1.217771401591856151e+00 1.974724724984093918e+05
4.025453571316793677e+05 2.506110035559840326e+05 4.330901254452538706e+04 3.938737913969589499e+03 8.440301960346527630e+04 1.452790708619780213e+00 1.444998259263430955e+05 2.799836779960286731e+04 3.149796907483753239e+04 5.493262984077681176e+04 3.214287443039374193e+05 2.165539186658683320e+04 1.479626264802146984e+00 1.074762708456189139e+05 1.204996343043231111e+00 5.096578987898052446e+02 1.292012254532306724e+04 1.395374222524161212e+00 1.369669198611057626e+00 6.930709299476290886e-01 8.531976061930923606e+03 1.489216521987251074e+00 4.827719417690946284e+04 1.421858398336784290e+00 1.974726998753149528e+05
4.025454850980823976e+05 2.506111436191975663e+05 4.101249099510914675e+04 4.594677295566325483e+03 8.268079427719657542e+04 8.531879813816951355e+03 1.444999520735910628e+05 1.946816808507832320e+04 2.582974068265432652e+04 5.263622196409812750e+04 3.214289018895396148e+05 1.312510823579469798e+04 8.531951886003549589e+03 1.074764121010633680e+05 8.531456343346173526e+03 8.023860230063582094e+03 4.389682634555725599e+03 8.531979975972773900e+03 8.531750644365522021e+03 8.531976061930923606e+03 3.828429633407206893e+03 8.532014741742752449e+03 4.598069496643380990e+04 8.531956187509906158e+03 1.974728623174524109e+05
4.025454192857560702e+05 2.506110819669458433e+05 4.330908718230888917e+04 3.938697355811004854e+03 8.440312057110194291e+04 1.516280957702155652e+00 1.444998421795538743e+05 2.799841002036246209e+04 3.149804604782132446e+04 5.493274505118135130e+04 3.214288216138520511e+05 2.165543114807900565e+04 1.529787317824288895e+00 1.074763056659716240e+05 1.237616453165569563e+00 5.096037188709410657e+02 1.292016283746020963e+04 1.491003533521335855e+00 1.446386989790924726e+00 1.489216521987251074e+00 8.532014741742752449e+03 7.139054431652706034e-01 4.827727767977942858e+04 1.573494312558778141e+00 1.974727732642451592e+05
3.776112359380440321e+05 2.256769598437271197e+05 7.307621655997749258e+03 4.827729472852079925e+04 5.264146370433986158e+04 4.827703618888839264e+04 1.159097422691305837e+05 3.209176966643517153e+04 2.479678828219389470e+04 1.049406861364029646e+04 2.964946941449910519e+05 3.843474057088442351e+04 4.827723826969549555e+04 7.888622643651407270e+04 4.827666048240848613e+04 4.827729667147772125e+04 4.434030976042632392e+04 4.827721071950844635e+04 4.827687520040111121e+04 4.827719417690946284e+04 4.598069496643380262e+04 4.827727767977942858e+04 4.172168669135475284e+03 4.827713290765654529e+04 1.709717354702973389e+05
4.025452564036060940e+05 2.506109446086681273e+05 4.330895845284111419e+04 3.938719685759525873e+03 8.440293767440137162e+04 1.290337380061495454e+00 1.444996679675567721e+05 2.799829050317326619e+04 3.149789545000704311e+04 5.493257789071414300e+04 3.214286230611505453e+05 2.165533941006611713e+04 1.554386850715470114e+00 1.074761259478114371e+05 1.063018316121828732e+00 5.096336532668323684e+02 1.292007818595426943e+04 1.318439630247800087e+00 1.217771401591856373e+00 1.421858398336784290e+00 8.531956187509906158e+03 1.573494312558778141e+00 4.827713290765654529e+04 6.844723230797465918e-01 1.974726459919335321e+05
3.093813285477165482e+05 1.316523904650756449e+05 1.738509029203444952e+05 1.974728754174117930e+05 1.479447620234755450e+05 1.974725586583948752e+05 1.012375908812173875e+05 1.856619039952789899e+05 1.856619348985101678e+05 1.665393715090773476e+05 2.269312709930798155e+05 1.915674250399383600e+05 1.974727632259374077e+05 1.300624775999891863e+05 1.974723255193014629e+05 1.974728317873841443e+05 1.974728894170165586e+05 1.974726774676384230e+05 1.974724724984093627e+05 1.974726998753149528e+05 1.974728623174524691e+05 1.974727732642451592e+05 1.709717354702973389e+05 1.974726459919335321e+05 5.618175213433077442e+04
