1.420118343195350408e-01 2.961538461538461675e+00 1.513986013986015955e+00 2.999999999999999556e+00 2.999999999999999556e+00 2.529720279720278242e+00 2.999999999999999556e+00 3.500000000000000000e+00 3.500000000000000000e+00 2.357988165680466874e+00 1.076923076923081979e+00 3.029720279720280018e+00 2.961538461538461675e+00 2.999999999999999556e+00 3.029720279720280018e+00 2.000000000000000000e+00 1.923076923076918243e+00 2.500000000000000000e+00 2.961538461538461675e+00 2.961538461538461675e+00 1.704545454545453032e+00 2.999999999999999556e+00 2.146853146853149763e+00 2.500000000000000000e+00 1.500000000000000222e+00
2.961538461538461675e+00 9.387745122010850984e-01 2.384615384615385025e+00 3.961538461538462119e+00 1.363636363636363313e+00 3.491258741258739473e+00 1.825174825174825211e+00 2.461538461538461231e+00 2.961538461538461675e+00 2.384615384615382361e+00 2.961538461538461675e+00 2.491258741258741694e+00 1.360677783754706827e+00 9.020979020979017493e-01 1.952002542911635663e+00 1.192307692307691180e+00 2.961538461538461675e+00 1.961538461538461675e+00 1.786713286713286886e+00 1.786713286713286886e+00 2.802447552447551171e+00 1.825174825174825211e+00 1.905753337571521433e+00 1.461538461538461675e+00 1.938811188811187858e+00
1.513986013986015955e+00 2.384615384615385469e+00 2.789378453714130845e-01 1.667832167832168810e+00 2.423076923076923350e+00 1.197552447552447052e+00 2.423076923076923350e+00 2.832167832167831190e+00 2.500000000000000000e+00 1.846153846153844480e+00 1.513986013986015955e+00 2.029720279720280018e+00 2.384615384615385025e+00 2.423076923076923350e+00 2.440400508582327266e+00 1.227810650887575239e+00 1.513986013986015955e+00 1.499999999999999778e+00 2.384615384615385025e+00 2.384615384615385025e+00 5.087412587412583065e-01 2.423076923076923350e+00 1.394811482224071364e+00 1.832167832167831412e+00 8.363000635727900756e-01
2.999999999999999556e+00 3.961538461538462119e+00 1.667832167832168810e+00 0.000000000000000000e+00 4.000000000000000000e+00 4.702797202797219800e-01 4.000000000000000000e+00 4.500000000000000000e+00 3.999999999999999556e+00 3.423076923076921130e+00 2.999999999999999556e+00 3.529720279720280018e+00 3.961538461538462119e+00 4.000000000000000000e+00 4.029720279720280018e+00 2.769230769230770495e+00 2.999999999999999556e+00 2.999999999999999556e+00 3.961538461538462119e+00 3.961538461538462119e+00 1.568181818181820120e+00 4.000000000000000000e+00 2.954545454545455918e+00 3.500000000000000000e+00 2.500000000000000000e+00
2.999999999999999556e+00 1.363636363636363757e+00 2.423076923076923350e+00 4.000000000000000000e+00 0.000000000000000000e+00 3.529720279720278242e+00 2.000000000000000000e+00 2.500000000000000000e+00 2.999999999999999556e+00 2.423076923076920686e+00 2.999999999999999556e+00 2.529720279720279574e+00 1.038461538461538325e+00 1.500000000000000222e+00 2.029720279720280018e+00 1.230769230769229727e+00 2.999999999999999556e+00 1.999999999999999778e+00 1.961538461538461675e+00 1.961538461538461675e+00 2.840909090909089052e+00 2.000000000000000000e+00 1.954545454545455918e+00 1.500000000000000222e+00 1.977272727272725961e+00
2.529720279720278242e+00 3.491258741258740361e+00 1.197552447552447052e+00 4.702797202797219800e-01 3.529720279720278242e+00 1.887745122010825449e-01 3.529720279720278242e+00 4.029720279720278242e+00 3.529720279720278242e+00 2.952797202797199372e+00 2.529720279720278242e+00 3.059440559440558260e+00 3.491258741258740361e+00 3.529720279720278242e+00 3.559440559440558260e+00 2.298951048951048737e+00 2.529720279720278242e+00 2.529720279720278686e+00 3.491258741258740361e+00 3.491258741258740361e+00 1.097902097902098584e+00 3.529720279720278242e+00 2.484265734265734160e+00 3.029720279720278242e+00 2.029720279720278242e+00
2.999999999999999556e+00 1.825174825174825433e+00 2.423076923076923350e+00 4.000000000000000000e+00 2.000000000000000000e+00 3.529720279720278242e+00 0.000000000000000000e+00 2.500000000000000000e+00 2.999999999999999556e+00 2.423076923076920686e+00 2.999999999999999556e+00 2.529720279720279574e+00 1.961538461538461675e+00 2.000000000000000000e+00 2.029720279720280018e+00 1.230769230769229727e+00 2.999999999999999556e+00 1.999999999999999778e+00 1.038461538461538325e+00 1.961538461538461675e+00 2.840909090909089052e+00 2.000000000000000000e+00 1.954545454545455918e+00 1.500000000000000222e+00 1.977272727272725961e+00
3.500000000000000000e+00 2.461538461538461231e+00 2.832167832167830746e+00 4.500000000000000000e+00 2.500000000000000000e+00 4.029720279720278242e+00 2.500000000000000000e+00 0.000000000000000000e+00 3.500000000000000000e+00 2.923076923076920686e+00 3.500000000000000000e+00 3.029720279720280018e+00 2.461538461538461231e+00 2.500000000000000000e+00 1.333916083916083517e+00 1.730769230769229505e+00 3.500000000000000000e+00 2.500000000000000000e+00 2.461538461538461231e+00 2.461538461538461231e+00 3.340909090909089496e+00 2.500000000000000000e+00 2.318181818181819231e+00 1.000000000000000000e+00 2.000000000000000000e+00
3.500000000000000000e+00 2.961538461538461675e+00 2.500000000000000000e+00 3.999999999999999556e+00 2.999999999999999556e+00 3.529720279720278242e+00 2.999999999999999556e+00 3.500000000000000000e+00 0.000000000000000000e+00 2.923076923076920686e+00 3.500000000000000000e+00 4.702797202797199816e-01 2.961538461538461675e+00 2.999999999999999556e+00 3.029720279720280018e+00 1.769230769230770717e+00 3.500000000000000000e+00 1.363636363636363313e+00 2.961538461538461675e+00 2.961538461538461675e+00 2.840909090909089496e+00 2.999999999999999556e+00 2.057692307692307043e+00 2.500000000000000000e+00 2.477272727272726183e+00
2.357988165680467318e+00 2.384615384615382805e+00 1.846153846153844480e+00 3.423076923076921130e+00 2.423076923076921130e+00 2.952797202797198484e+00 2.423076923076921130e+00 2.923076923076920686e+00 2.923076923076920686e+00 1.301775147929025711e-01 2.423076923076920686e+00 2.452797202797200704e+00 2.384615384615382361e+00 2.423076923076921130e+00 2.452797202797200704e+00 1.423076923076920908e+00 1.576923076923079092e+00 1.923076923076920908e+00 2.384615384615382361e+00 2.384615384615382361e+00 2.263986013986010182e+00 2.423076923076921130e+00 1.433566433566434428e+00 1.923076923076920908e+00 1.400349650349646868e+00
1.076923076923081979e+00 2.961538461538461675e+00 1.513986013986015955e+00 2.999999999999999556e+00 2.999999999999999556e+00 2.529720279720278242e+00 2.999999999999999556e+00 3.500000000000000000e+00 3.500000000000000000e+00 2.423076923076920686e+00 0.000000000000000000e+00 3.029720279720280018e+00 2.961538461538461675e+00 2.999999999999999556e+00 3.029720279720280018e+00 2.000000000000000000e+00 2.000000000000000000e+00 2.500000000000000000e+00 2.961538461538461675e+00 2.961538461538461675e+00 1.704545454545453032e+00 2.999999999999999556e+00 2.146853146853149763e+00 2.500000000000000000e+00 1.500000000000000222e+00
3.029720279720280018e+00 2.491258741258741694e+00 2.029720279720280018e+00 3.529720279720280018e+00 2.529720279720279574e+00 3.059440559440558260e+00 2.529720279720279574e+00 3.029720279720280018e+00 4.702797202797199816e-01 2.452797202797200704e+00 3.029720279720280018e+00 1.887745122010854038e-01 2.491258741258741694e+00 2.529720279720279574e+00 2.559440559440560037e+00 1.298951048951050735e+00 3.029720279720280018e+00 8.933566433566434428e-01 2.491258741258741694e+00 2.491258741258741694e+00 2.370629370629369514e+00 2.529720279720279574e+00 1.587412587412587062e+00 2.029720279720280018e+00 2.006993006993005757e+00
2.961538461538461675e+00 1.360677783754706827e+00 2.384615384615385025e+00 3.961538461538462119e+00 1.038461538461538325e+00 3.491258741258739473e+00 1.961538461538461675e+00 2.461538461538461231e+00 2.961538461538461675e+00 2.384615384615382361e+00 2.961538461538461675e+00 2.491258741258741694e+00 7.100591715976296847e-02 1.500000000000000222e+00 1.991258741258741916e+00 1.192307692307691180e+00 2.961538461538461675e+00 1.961538461538461675e+00 1.923076923076923572e+00 1.923076923076923572e+00 2.802447552447551171e+00 1.961538461538461675e+00 1.916083916083917815e+00 1.461538461538461675e+00 1.938811188811187858e+00
2.999999999999999556e+00 9.020979020979018603e-01 2.423076923076923350e+00 4.000000000000000000e+00 1.500000000000000222e+00 3.529720279720278242e+00 2.000000000000000000e+00 2.500000000000000000e+00 2.999999999999999556e+00 2.423076923076920686e+00 2.999999999999999556e+00 2.529720279720279574e+00 1.500000000000000222e+00 0.000000000000000000e+00 2.029720279720280018e+00 1.230769230769229727e+00 2.999999999999999556e+00 1.999999999999999778e+00 1.961538461538461675e+00 1.961538461538461675e+00 2.840909090909089052e+00 2.000000000000000000e+00 1.954545454545455918e+00 1.500000000000000222e+00 1.977272727272725961e+00
3.029720279720280018e+00 1.952002542911635663e+00 2.440400508582327266e+00 4.029720279720280018e+00 2.029720279720280018e+00 3.559440559440558260e+00 2.029720279720280018e+00 1.333916083916083517e+00 3.029720279720280018e+00 2.452797202797200704e+00 3.029720279720280018e+00 2.559440559440560037e+00 1.991258741258741916e+00 2.029720279720280018e+00 4.243117022837303298e-01 1.260489510489509524e+00 3.029720279720280018e+00 2.029720279720280018e+00 1.991258741258741916e+00 1.991258741258741916e+00 2.870629370629369514e+00 2.029720279720280018e+00 1.769389701207883192e+00 1.393356643356643776e+00 1.941910362364906995e+00
2.000000000000000000e+00 1.192307692307691402e+00 1.227810650887575239e+00 2.769230769230770495e+00 1.230769230769229727e+00 2.298951048951048737e+00 1.230769230769229727e+00 1.730769230769229505e+00 1.769230769230770717e+00 1.423076923076920908e+00 2.000000000000000000e+00 1.298951048951050735e+00 1.192307692307691180e+00 1.230769230769229727e+00 1.260489510489509524e+00 2.485207100591714235e-01 2.000000000000000000e+00 7.692307692307704947e-01 1.192307692307691180e+00 1.192307692307691180e+00 1.610139860139859991e+00 1.230769230769229727e+00 8.657880580957515448e-01 7.307692307692295053e-01 9.772727272727260717e-01
1.923076923076918243e+00 2.961538461538461675e+00 1.513986013986015955e+00 2.999999999999999556e+00 2.999999999999999556e+00 2.529720279720278242e+00 2.999999999999999556e+00 3.500000000000000000e+00 3.500000000000000000e+00 1.576923076923079092e+00 2.000000000000000000e+00 3.029720279720280018e+00 2.961538461538461675e+00 2.999999999999999556e+00 3.029720279720280018e+00 2.000000000000000000e+00 0.000000000000000000e+00 2.500000000000000000e+00 2.961538461538461675e+00 2.961538461538461675e+00 1.704545454545453032e+00 2.999999999999999556e+00 2.146853146853149763e+00 2.500000000000000000e+00 1.500000000000000222e+00
2.500000000000000000e+00 1.961538461538461897e+00 1.500000000000000222e+00 3.000000000000000444e+00 2.000000000000000000e+00 2.529720279720277798e+00 2.000000000000000000e+00 2.500000000000000000e+00 1.363636363636363313e+00 1.923076923076920908e+00 2.500000000000000000e+00 8.933566433566434428e-01 1.961538461538461675e+00 2.000000000000000000e+00 2.029720279720280018e+00 7.692307692307704947e-01 2.500000000000000000e+00 1.983471074380167010e-01 1.961538461538461675e+00 1.961538461538461675e+00 1.840909090909089274e+00 2.000000000000000000e+00 9.089319771137946979e-01 1.500000000000000222e+00 1.477272727272725961e+00
2.961538461538461675e+00 1.786713286713287108e+00 2.384615384615385025e+00 3.961538461538462119e+00 1.961538461538461675e+00 3.491258741258739473e+00 1.038461538461538325e+00 2.461538461538461231e+00 2.961538461538461675e+00 2.384615384615382361e+00 2.961538461538461675e+00 2.491258741258741694e+00 1.923076923076923572e+00 1.961538461538461675e+00 1.991258741258741916e+00 1.192307692307691180e+00 2.961538461538461675e+00 1.961538461538461675e+00 7.100591715976296847e-02 1.923076923076923572e+00 2.802447552447551171e+00 1.961538461538461675e+00 1.916083916083917815e+00 1.461538461538461675e+00 1.938811188811187858e+00
2.961538461538461675e+00 1.786713286713287108e+00 2.384615384615385025e+00 3.961538461538462119e+00 1.961538461538461675e+00 3.491258741258739473e+00 1.961538461538461675e+00 2.461538461538461231e+00 2.961538461538461675e+00 2.384615384615382361e+00 2.961538461538461675e+00 2.491258741258741694e+00 1.923076923076923572e+00 1.961538461538461675e+00 1.991258741258741916e+00 1.192307692307691180e+00 2.961538461538461675e+00 1.961538461538461675e+00 1.923076923076923572e+00 7.100591715976296847e-02 2.802447552447551171e+00 1.038461538461538325e+00 1.916083916083917815e+00 1.461538461538461675e+00 1.938811188811187858e+00
1.704545454545453032e+00 2.802447552447551171e+00 5.087412587412581955e-01 1.568181818181820120e+00 2.840909090909089496e+00 1.097902097902098362e+00 2.840909090909089496e+00 3.340909090909089496e+00 2.840909090909089496e+00 2.263986013986010626e+00 1.704545454545453032e+00 2.370629370629369514e+00 2.802447552447551171e+00 2.840909090909089496e+00 2.870629370629369514e+00 1.610139860139859991e+00 1.704545454545453032e+00 1.840909090909089496e+00 2.802447552447551171e+00 2.802447552447551171e+00 5.516528925619822443e-01 2.840909090909089496e+00 1.795454545454545192e+00 2.340909090909089496e+00 1.340909090909089496e+00
2.999999999999999556e+00 1.825174825174825433e+00 2.423076923076923350e+00 4.000000000000000000e+00 2.000000000000000000e+00 3.529720279720278242e+00 2.000000000000000000e+00 2.500000000000000000e+00 2.999999999999999556e+00 2.423076923076920686e+00 2.999999999999999556e+00 2.529720279720279574e+00 1.961538461538461675e+00 2.000000000000000000e+00 2.029720279720280018e+00 1.230769230769229727e+00 2.999999999999999556e+00 1.999999999999999778e+00 1.961538461538461675e+00 1.038461538461538325e+00 2.840909090909089052e+00 0.000000000000000000e+00 1.954545454545455918e+00 1.500000000000000222e+00 1.977272727272725961e+00
2.146853146853149763e+00 1.905753337571520989e+00 1.394811482224071142e+00 2.954545454545456362e+00 1.954545454545455918e+00 2.484265734265734160e+00 1.954545454545455918e+00 2.318181818181819231e+00 2.057692307692307043e+00 1.433566433566433984e+00 2.146853146853149763e+00 1.587412587412587284e+00 1.916083916083917815e+00 1.954545454545455918e+00 1.769389701207883192e+00 8.657880580957515448e-01 2.146853146853149763e+00 9.089319771137944759e-01 1.916083916083917815e+00 1.916083916083917815e+00 1.795454545454544970e+00 1.954545454545455918e+00 8.895789525160175959e-01 1.318181818181819231e+00 1.059043229497776517e+00
2.500000000000000000e+00 1.461538461538462119e+00 1.832167832167831190e+00 3.500000000000000000e+00 1.500000000000000222e+00 3.029720279720277798e+00 1.500000000000000222e+00 1.000000000000000000e+00 2.500000000000000000e+00 1.923076923076920908e+00 2.500000000000000000e+00 2.029720279720280018e+00 1.461538461538461675e+00 1.500000000000000222e+00 1.393356643356643332e+00 7.307692307692295053e-01 2.500000000000000000e+00 1.499999999999999778e+00 1.461538461538461675e+00 1.461538461538461675e+00 2.340909090909089496e+00 1.500000000000000222e+00 1.318181818181819454e+00 0.000000000000000000e+00 1.000000000000000000e+00
1.500000000000000222e+00 1.938811188811187858e+00 8.363000635727900756e-01 2.500000000000000000e+00 1.977272727272725961e+00 2.029720279720278242e+00 1.977272727272725961e+00 2.000000000000000000e+00 2.477272727272726183e+00 1.400349650349646868e+00 1.500000000000000222e+00 2.006993006993005757e+00 1.938811188811187858e+00 1.977272727272725961e+00 1.941910362364906995e+00 9.772727272727260717e-01 1.500000000000000222e+00 1.477272727272725961e+00 1.938811188811187858e+00 1.938811188811187858e+00 1.340909090909089496e+00 1.977272727272725961e+00 1.059043229497776517e+00 1.000000000000000000e+00 4.338842975206859409e-02
