1.153073207933148369e+05 4.593319460775826592e+05 4.736860128201290499e+05 4.736854377570681390e+05 4.605279099095903221e+05 4.714930305410119472e+05 4.736856251786559005e+05 4.736855910813195514e+05 4.736855272733150632e+05 4.736860432519470342e+05 4.736859013214972219e+05 4.736855394156826660e+05 4.736854355396671453e+05 4.736860172040234320e+05 4.736859969462546869e+05 4.605278143232019502e+05 4.536357349008401507e+05 4.736858912089383812e+05 4.736858921461866121e+05 4.736856751702904003e+05 4.736860481544998474e+05 4.736858437089956133e+05 4.736857737696453696e+05 2.905399562689780723e+05 4.736858881157537689e+05
4.593319460775826592e+05 8.232238966561606503e+04 2.631598207942458685e+05 2.631597195815422456e+05 2.813875848771018791e+05 1.770010482336943678e+05 2.631596886173114181e+05 2.631594907021941035e+05 2.631592488036903669e+05 2.120643984871488065e+05 2.631597986543879379e+05 2.631596731486730278e+05 2.631591770930354833e+05 2.631599806672051200e+05 2.631599878196648788e+05 2.813873884440803085e+05 2.604997561971013783e+05 2.631598462693847250e+05 2.631598638150324114e+05 2.631595768257835298e+05 1.303177871205688716e+05 1.775865501692723483e+05 2.631596302619342459e+05 3.995092764319608686e+05 2.631597938615182065e+05
4.736860128201291081e+05 2.631598207942458102e+05 2.631676496046816101e+04 2.631803923025082622e+04 3.157915301382602775e+05 2.258791765770083293e+05 2.631806436001183101e+04 2.631771550168985414e+04 2.631761240124061442e+04 1.606670370881055424e+05 2.631823382454023886e+04 2.631797466652950970e+04 2.631737142666922591e+04 2.631796998474528300e+04 2.631789273124605097e+04 3.157914309292408288e+05 5.627949400971802243e+04 2.631802515122726618e+04 2.631811423294853375e+04 2.631801298993831733e+04 2.631598779285945930e+05 2.646220518895570422e+05 2.631805519519711743e+04 4.138632383554553962e+05 2.631830305960090118e+04
4.736854377570681390e+05 2.631597195815421874e+05 2.631803923025082258e+04 8.625880304785773500e-01 3.157911624481602921e+05 2.258791972157319833e+05 1.827220643615499851e+00 1.805318743093358158e+00 1.616421102447185287e+00 1.606670847188008775e+05 2.070965544683597059e+00 1.729459529078984481e+00 1.266909371762583669e+00 5.263389415074647695e+04 5.263393643404127215e+04 3.157909526082273806e+05 8.020287208382887184e+04 2.000965070507269683e+00 2.222188141245895476e+00 1.768061258028680083e+00 2.631598092736162944e+05 2.646217423326344579e+05 1.802616091431868295e+00 4.138627325677952031e+05 2.116925902099406454e+00
4.605279099095903221e+05 2.813875848771018791e+05 3.157915301382602775e+05 3.157911624481602921e+05 8.986922410207854409e+04 3.114057714571051765e+05 3.157914949238038389e+05 3.157910165826069424e+05 3.157911009827000089e+05 3.157917075723253656e+05 3.157916195683327387e+05 3.157910279682105174e+05 3.157910637825930025e+05 3.157915848181268084e+05 3.157915868898218032e+05 1.519669870933050988e+05 3.157917390101022902e+05 3.157915612204940408e+05 3.157916868342282251e+05 3.157913421295029693e+05 3.157917269351002178e+05 3.147097523379209451e+05 3.157915508081987500e+05 4.001812685502213426e+05 3.157915171773019829e+05
4.714930305410119472e+05 1.770010482336943678e+05 2.258791765770083293e+05 2.258791972157319833e+05 3.114057714571051765e+05 2.485452969586626205e+04 2.258792726953731617e+05 2.258788718006927811e+05 2.258786872518905438e+05 6.521429341006860341e+04 2.258792906711995602e+05 2.258789927807525091e+05 2.258786272057615570e+05 2.258792426809457247e+05 2.258793518199560349e+05 3.114056223440319300e+05 2.135754715025647311e+05 2.258792633409264381e+05 2.258793516436439822e+05 2.258791735277569678e+05 2.302653078119918064e+05 2.580431776431129256e+05 2.258792429171653639e+05 4.116703427531390917e+05 2.258793449867759773e+05
4.736856251786559005e+05 2.631596886173114181e+05 2.631806436001183101e+04 1.827220643615499851e+00 3.157914949238038389e+05 2.258792726953731617e+05 6.936704898309131728e-01 1.811435845930958966e+00 1.669811874404588892e+00 1.606671194646390213e+05 2.149203865604615071e+00 1.939741237453556755e+00 1.354873606878564507e+00 5.263399632179271430e+04 5.263398377181207616e+04 3.157911890670480789e+05 8.020303739129754831e+04 2.004530658359770623e+00 2.260696141985805596e+00 1.851258037428308967e+00 2.631598368767933571e+05 2.646220258856721339e+05 1.808291827949227049e+00 4.138629868875378743e+05 2.179997835716347865e+00
4.736855910813195514e+05 2.631594907021941035e+05 2.631771550168985414e+04 1.805318743093357936e+00 3.157910165826069424e+05 2.258788718006927811e+05 1.811435845930958966e+00 8.104849262868274451e-01 1.259832552968978892e+00 1.606667514783602965e+05 2.027084569930175828e+00 1.442392543609706257e+00 1.110177305533856629e+00 5.263356242554062192e+04 5.263360240747530042e+04 3.157909596310068737e+05 8.020276162593290792e+04 1.832738533021242011e+00 2.015927427364690327e+00 1.755317802788788351e+00 2.631595140121305594e+05 2.646216356889436720e+05 1.879324163313311979e+00 4.138628025811481057e+05 1.945636151451964890e+00
4.736855272733150632e+05 2.631592488036903669e+05 2.631761240124061078e+04 1.616421102447185287e+00 3.157911009827000089e+05 2.258786872518905438e+05 1.669811874404588892e+00 1.259832552968978892e+00 6.288115930295699041e-01 1.606665331774904043e+05 1.741758011564698228e+00 1.452761017476682071e+00 8.988688154617798798e-01 5.263345952977638080e+04 5.263354911472547974e+04 3.157909193736376474e+05 8.020249495240757824e+04 1.760807973754766387e+00 1.805570207626787216e+00 1.600366213790190173e+00 2.631593093554232037e+05 2.646214233060840052e+05 1.693948060842083825e+00 4.138628462775275693e+05 1.673149012631570010e+00
4.736860432519470342e+05 2.120643984871488065e+05 1.606670370881055132e+05 1.606670847188008775e+05 3.157917075723253656e+05 6.521429341006860341e+04 1.606671194646390213e+05 1.606667514783602965e+05 1.606665331774904043e+05 5.234085042064933805e+04 1.606671560301699501e+05 1.606668990559269150e+05 1.606664266147933376e+05 1.606671250321956759e+05 1.606670832328383694e+05 3.157916323600378237e+05 1.483633432497287286e+05 1.606672016329580802e+05 1.606672450158538122e+05 1.606670602546952432e+05 2.500020861264632840e+05 2.646221398620881373e+05 1.606670888894226809e+05 4.138633438805702026e+05 1.606670979767623649e+05
4.736859013214972219e+05 2.631597986543878797e+05 2.631823382454023886e+04 2.070965544683597059e+00 3.157916195683327387e+05 2.258792906711995602e+05 2.149203865604615071e+00 2.027084569930175828e+00 1.741758011564698228e+00 1.606671560301699501e+05 9.729385580062687167e-01 2.165625498497967261e+00 1.464729284735196924e+00 5.263416138246182527e+04 5.263417605994900077e+04 3.157912460185944219e+05 8.020313406105570903e+04 2.156733850725668589e+00 2.219238550379607933e+00 2.165890669644294331e+00 2.631598926785914809e+05 2.646220903970342479e+05 2.175432432529722515e+00 4.138630464379275218e+05 2.023513516787680988e+00
4.736855394156826660e+05 2.631596731486730278e+05 2.631797466652950970e+04 1.729459529078984259e+00 3.157910279682105174e+05 2.258789927807525091e+05 1.939741237453556755e+00 1.442392543609706479e+00 1.452761017476682071e+00 1.606668990559269150e+05 2.165625498497967261e+00 8.703270432388934275e-01 1.185419267002583155e+00 5.263373138661673147e+04 5.263378174293368647e+04 3.157910068717068061e+05 8.020287608968016866e+04 2.043863216242512770e+00 2.078586719811638339e+00 1.784657995190040758e+00 2.631595907887192443e+05 2.646217512899220455e+05 1.953859733055478776e+00 4.138627434164329316e+05 2.168784178427552778e+00
4.736854355396671453e+05 2.631591770930354251e+05 2.631737142666922591e+04 1.266909371762583669e+00 3.157910637825930025e+05 2.258786272057615570e+05 1.354873606878564729e+00 1.110177305533856629e+00 8.988688154617798798e-01 1.606664266147933376e+05 1.464729284735196924e+00 1.185419267002583377e+00 4.066780491841581746e-01 5.263323895920637733e+04 5.263326747101965884e+04 3.157907923495318391e+05 8.020232711795272189e+04 1.431583630493478365e+00 1.501634594256783251e+00 1.329614633668523060e+00 2.631592714283916284e+05 2.646213972245355835e+05 1.330373239736438284e+00 4.138626739257256268e+05 1.570664900993685942e+00
4.736860172040234320e+05 2.631599806672050618e+05 2.631796998474528300e+04 5.263389415074647695e+04 3.157915848181267502e+05 2.258792426809457247e+05 5.263399632179271430e+04 5.263356242554062192e+04 5.263345952977638080e+04 1.606671250321957050e+05 5.263416138246182527e+04 5.263373138661671692e+04 5.263323895920637733e+04 8.571464555973248300e-01 2.094584437614240624e+00 3.157914101173997624e+05 3.235602989461441393e+04 5.263399242205070186e+04 5.263410836546291102e+04 5.263392318450539460e+04 2.631599554875663598e+05 2.646219454167272197e+05 5.263401895152015641e+04 4.138632762322256458e+05 5.263416712460352574e+04
4.736859969462546869e+05 2.631599878196648788e+05 2.631789273124605097e+04 5.263393643404127215e+04 3.157915868898218032e+05 2.258793518199560349e+05 5.263398377181207616e+04 5.263360240747530042e+04 5.263354911472547974e+04 1.606670832328383985e+05 5.263417605994900077e+04 5.263378174293367920e+04 5.263326747101965884e+04 2.094584437614240624e+00 8.577712610266874371e-01 3.157914820188491140e+05 3.235622642290814110e+04 5.263401163148113119e+04 5.263418851117877784e+04 5.263395140267945681e+04 2.631598844700209447e+05 2.646219827900915407e+05 5.263397846418397239e+04 4.138632943113497458e+05 5.263404926452678774e+04
4.605278143232019502e+05 2.813873884440803085e+05 3.157914309292408288e+05 3.157909526082273806e+05 1.519669870933050988e+05 3.114056223440319300e+05 3.157911890670480789e+05 3.157909596310068737e+05 3.157909193736376474e+05 3.157916323600378237e+05 3.157912460185944219e+05 3.157910068717068061e+05 3.157907923495318391e+05 3.157914101173997624e+05 3.157914820188491140e+05 8.533952345085759589e+04 3.157915112782383803e+05 3.157913656509877183e+05 3.157914078279801179e+05 3.157912225115002948e+05 3.157914389820952783e+05 3.157506277323131799e+05 3.157911671564333956e+05 4.006239629727939027e+05 3.157913646368993213e+05
4.536357349008401507e+05 2.604997561971013783e+05 5.627949400971802243e+04 8.020287208382887184e+04 3.157917390101022902e+05 2.135754715025647602e+05 8.020303739129756286e+04 8.020276162593290792e+04 8.020249495240760734e+04 1.483633432497287286e+05 8.020313406105572358e+04 8.020287608968016866e+04 8.020232711795273644e+04 3.235602989461441393e+04 3.235622642290813747e+04 3.157915112782383221e+05 4.068498363909118052e+04 8.020310874299280113e+04 8.020325830319423403e+04 8.020290014193544630e+04 2.631600245220183861e+05 2.646220637128460221e+05 8.020296516506712942e+04 3.938132283700101543e+05 8.020327826106015709e+04
4.736858912089383812e+05 2.631598462693846668e+05 2.631802515122726254e+04 2.000965070507269683e+00 3.157915612204940408e+05 2.258792633409264381e+05 2.004530658359770623e+00 1.832738533021242011e+00 1.760807973754766387e+00 1.606672016329580802e+05 2.156733850725668589e+00 2.043863216242512770e+00 1.431583630493477921e+00 5.263399242205070186e+04 5.263401163148113119e+04 3.157913656509877183e+05 8.020310874299278657e+04 8.442428424389346597e-01 2.051003943432414989e+00 2.034875812264778094e+00 2.631599228515523719e+05 2.646221104568412411e+05 1.899939396492275501e+00 4.138631019828215358e+05 2.115500637745157508e+00
4.736858921461866121e+05 2.631598638150324114e+05 2.631811423294853012e+04 2.222188141245895476e+00 3.157916868342282251e+05 2.258793516436439822e+05 2.260696141985805596e+00 2.015927427364690327e+00 1.805570207626787216e+00 1.606672450158538122e+05 2.219238550379607933e+00 2.078586719811638339e+00 1.501634594256783251e+00 5.263410836546291102e+04 5.263418851117877784e+04 3.157914078279801179e+05 8.020325830319421948e+04 2.051003943432414989e+00 9.272036615192810194e-01 2.212890923946989385e+00 2.631599084762859275e+05 2.646220709122500266e+05 2.180805841244111587e+00 4.138631564240403823e+05 2.288452427496052266e+00
4.736856751702904003e+05 2.631595768257835298e+05 2.631801298993831733e+04 1.768061258028680083e+00 3.157913421295029111e+05 2.258791735277569678e+05 1.851258037428308967e+00 1.755317802788788351e+00 1.600366213790190173e+00 1.606670602546952432e+05 2.165890669644294331e+00 1.784657995190040758e+00 1.329614633668522838e+00 5.263392318450539460e+04 5.263395140267945681e+04 3.157912225115002948e+05 8.020290014193543175e+04 2.034875812264778094e+00 2.212890923946989385e+00 7.736928480053942847e-01 2.631597340011416236e+05 2.646218134222641238e+05 1.821120541869788223e+00 4.138628927038136753e+05 2.104232425186412847e+00
4.736860481544999056e+05 1.303177871205688862e+05 2.631598779285945930e+05 2.631598092736162944e+05 3.157917269351002178e+05 2.302653078119918064e+05 2.631598368767933571e+05 2.631595140121305594e+05 2.631593093554232037e+05 2.500020861264632840e+05 2.631598926785914809e+05 2.631595907887192443e+05 2.631592714283916284e+05 2.631599554875663598e+05 2.631598844700209447e+05 3.157914389820952783e+05 2.631600245220183861e+05 2.631599228515523719e+05 2.631599084762859275e+05 2.631597340011416236e+05 5.173970872630352824e+04 6.811022840790772170e+04 2.631598712995904498e+05 4.138633263588745613e+05 2.631598124123077723e+05
4.736858437089956133e+05 1.775865501692723483e+05 2.646220518895570422e+05 2.646217423326344579e+05 3.147097523379208869e+05 2.580431776431129256e+05 2.646220258856721339e+05 2.646216356889436720e+05 2.646214233060840052e+05 2.646221398620881373e+05 2.646220903970342479e+05 2.646217512899220455e+05 2.646213972245355835e+05 2.646219454167272197e+05 2.646219827900914825e+05 3.157506277323131799e+05 2.646220637128460221e+05 2.646221104568412411e+05 2.646220709122500266e+05 2.646218134222641238e+05 6.811022840790772170e+04 2.799321349121629464e+04 2.646218210345386178e+05 4.129437240830637165e+05 2.646220808108063065e+05
4.736857737696453696e+05 2.631596302619341877e+05 2.631805519519711743e+04 1.802616091431868295e+00 3.157915508081987500e+05 2.258792429171653639e+05 1.808291827949227049e+00 1.879324163313311979e+00 1.693948060842083825e+00 1.606670888894226809e+05 2.175432432529722959e+00 1.953859733055478776e+00 1.330373239736438284e+00 5.263401895152015641e+04 5.263397846418397239e+04 3.157911671564333956e+05 8.020296516506712942e+04 1.899939396492275501e+00 2.180805841244111587e+00 1.821120541869788223e+00 2.631598712995904498e+05 2.646218210345386178e+05 8.064059856823196926e-01 4.138630689932280220e+05 2.253334813244306289e+00
2.905399562689780141e+05 3.995092764319608104e+05 4.138632383554553962e+05 4.138627325677952031e+05 4.001812685502213426e+05 4.116703427531390917e+05 4.138629868875378743e+05 4.138628025811481057e+05 4.138628462775275693e+05 4.138633438805703190e+05 4.138630464379275218e+05 4.138627434164329316e+05 4.138626739257256268e+05 4.138632762322256458e+05 4.138632943113497458e+05 4.006239629727939609e+05 3.938132283700101543e+05 4.138631019828214776e+05 4.138631564240403823e+05 4.138628927038136753e+05 4.138633263588745613e+05 4.129437240830637747e+05 4.138630689932280220e+05 1.609749732368101832e+05 4.138632146037800703e+05
4.736858881157537689e+05 2.631597938615181483e+05 2.631830305960089754e+04 2.116925902099406898e+00 3.157915171773019829e+05 2.258793449867759773e+05 2.179997835716347865e+00 1.945636151451964890e+00 1.673149012631569565e+00 1.606670979767623649e+05 2.023513516787680988e+00 2.168784178427552778e+00 1.570664900993685942e+00 5.263416712460352574e+04 5.263404926452678774e+04 3.157913646368993213e+05 8.020327826106015709e+04 2.115500637745157508e+00 2.288452427496052266e+00 2.104232425186413291e+00 2.631598124123077723e+05 2.646220808108063065e+05 2.253334813244306289e+00 4.138632146037800703e+05 8.467539122549551101e-01
