3.673094582185491563e-01 1.500000000000000222e+00 2.030303030303030276e+00 2.000000000000000444e+00 5.000020000000000000e+05 5.000015000000000000e+05 2.727294318181817653e+05 3.000000000000000888e+00 2.000000000000000888e+00 1.500000000000000222e+00 5.000015000000000000e+05 2.499999999999999112e+00 3.000000000000000888e+00 2.007575757575758679e+00 2.121212121212121549e+00 2.500000000000000444e+00 3.000000000000000444e+00 3.000000000000000888e+00 2.000000000000000444e+00 5.000020000000000000e+05 2.000000000000000444e+00 1.371212121212121104e+00 1.000000000000000000e+00 3.000000000000000888e+00 2.306932966023875764e+00
1.500000000000000222e+00 6.106519742883379509e-01 2.326446280991736337e+00 1.395316804407713773e+00 5.000015000000000000e+05 5.000010000000000582e+05 2.727293698347106692e+05 2.363636363636364202e+00 1.500000000000000666e+00 7.975206611570248016e-01 5.000010000000000582e+05 1.999999999999999778e+00 2.264462809917355823e+00 1.937327823691460393e+00 2.186409550045913974e+00 1.790633608815427547e+00 2.363636363636363757e+00 2.363636363636364202e+00 1.371441689623507987e+00 5.000015000000000000e+05 1.500000000000000222e+00 8.381542699724517931e-01 1.500000000000000222e+00 2.254820936639119200e+00 1.882231404958677912e+00
2.030303030303030276e+00 2.326446280991736337e+00 5.381083562901741724e-01 2.489439853076217180e+00 5.000025000000000000e+05 5.000020000000000000e+05 2.727295075757575105e+05 3.787878787878788955e+00 2.991735537190083782e+00 2.346648301193756225e+00 5.000020000000000000e+05 3.530303030303029388e+00 3.787878787878788955e+00 2.912993572084482174e+00 2.063360881542699587e+00 3.530303030303031164e+00 3.787878787878788511e+00 3.787878787878788955e+00 3.030303030303030720e+00 5.000025000000000000e+05 3.030303030303030720e+00 2.342745638200184111e+00 2.030303030303030276e+00 3.223140495867769406e+00 3.344582185491276949e+00
2.000000000000000444e+00 1.395316804407713773e+00 2.489439853076217180e+00 5.123966942148759918e-01 5.000010000000000582e+05 5.000015000000000000e+05 2.727294318181817653e+05 2.000000000000000444e+00 8.567493112947662803e-01 1.500000000000000222e+00 5.000015000000000000e+05 1.500000000000000666e+00 2.000000000000000444e+00 1.992883379247015307e+00 3.121212121212121993e+00 1.500000000000000222e+00 2.500000000000000444e+00 2.000000000000000444e+00 2.000000000000000444e+00 5.000010000000000582e+05 1.992653810835629313e+00 8.712121212121213265e-01 2.000000000000000444e+00 1.668503213957759801e+00 1.931818181818182101e+00
5.000020000000000000e+05 5.000015000000000000e+05 5.000025000000000582e+05 5.000010000000000582e+05 2.497704315886134282e+05 2.424269375573921716e+05 3.677700433884297381e+05 5.000015000000000000e+05 5.000010000000000582e+05 5.000015000000000000e+05 2.575786836547290441e+05 5.000005000000000000e+05 5.000015000000000000e+05 5.000017500000000000e+05 5.000025000000000000e+05 5.000005000000000000e+05 5.000020000000000000e+05 5.000015000000000000e+05 5.000020000000000000e+05 2.575762350780531997e+05 5.000020000000000000e+05 5.000012499999999418e+05 5.000020000000000000e+05 5.000015000000000000e+05 5.000012499999999418e+05
5.000015000000000000e+05 5.000010000000000582e+05 5.000020000000000582e+05 5.000015000000000000e+05 2.424269375573921716e+05 1.836547291092746614e-01 5.000022500000000000e+05 5.000020000000000000e+05 5.000015000000000000e+05 5.000010000000000582e+05 5.000000000000000000e+05 5.000020000000000000e+05 5.000020000000000000e+05 5.000017500000000000e+05 5.000020000000000000e+05 5.000020000000000000e+05 5.000010000000000582e+05 5.000020000000000000e+05 5.000005000000000000e+05 5.000025000000000000e+05 5.000005000000000000e+05 5.000012499999999418e+05 5.000015000000000000e+05 5.000020000000000000e+05 5.000012499999999418e+05
2.727294318181817653e+05 2.727293698347106692e+05 2.727295075757575105e+05 2.727294318181817653e+05 3.677700433884297381e+05 5.000022500000000000e+05 2.479353574380165664e+05 2.727297045454544714e+05 2.727291425619834336e+05 2.727290874655647203e+05 2.272753863636364695e+05 2.727294318181817653e+05 2.727297045454544714e+05 2.727295647382919560e+05 2.727293836088153766e+05 2.727294318181817653e+05 2.727299545454544714e+05 2.727297045454544714e+05 2.727299318181817071e+05 2.272743863636364695e+05 2.727299318181817071e+05 2.727291494490357582e+05 2.727294318181817653e+05 2.727295254820936243e+05 2.727293787878787261e+05
3.000000000000000888e+00 2.363636363636364202e+00 3.787878787878788511e+00 2.000000000000000000e+00 5.000015000000000000e+05 5.000020000000000000e+05 2.727297045454544714e+05 3.673094582185491563e-01 2.000000000000000888e+00 1.742424242424243097e+00 5.000020000000000000e+05 2.500000000000001332e+00 2.000000000000000444e+00 1.867539026629935650e+00 3.878787878787879784e+00 2.500000000000000444e+00 2.500000000000000444e+00 2.000000000000000444e+00 3.000000000000000888e+00 5.000015000000000000e+05 3.000000000000000888e+00 1.628787878787879118e+00 3.000000000000000888e+00 1.000000000000000000e+00 2.568181818181818343e+00
2.000000000000000888e+00 1.500000000000000666e+00 2.991735537190083782e+00 8.567493112947662803e-01 5.000010000000000582e+05 5.000015000000000000e+05 2.727291425619834336e+05 2.000000000000000888e+00 4.628099173553729684e-01 1.500000000000000666e+00 5.000015000000000000e+05 1.500000000000000222e+00 2.000000000000000888e+00 2.007575757575757791e+00 2.966942148760332021e+00 1.499999999999999556e+00 2.500000000000001332e+00 2.000000000000000888e+00 2.000000000000000888e+00 5.000010000000000582e+05 2.000000000000000888e+00 8.712121212121218816e-01 2.000000000000000888e+00 1.749311294765840907e+00 1.623278236914600603e+00
1.500000000000000222e+00 7.975206611570248016e-01 2.346648301193755781e+00 1.500000000000000222e+00 5.000015000000000000e+05 5.000010000000000582e+05 2.727290874655646621e+05 1.742424242424243097e+00 1.500000000000000666e+00 2.497704315886133952e-01 5.000010000000000582e+05 1.999999999999999778e+00 1.566115702479339289e+00 1.617309458218549878e+00 2.437557392102847054e+00 2.000000000000000444e+00 1.742424242424242431e+00 1.742424242424243097e+00 1.500000000000000222e+00 5.000015000000000000e+05 1.500000000000000222e+00 6.875573921028466096e-01 1.500000000000000222e+00 1.735078053259871966e+00 1.656336088154270136e+00
5.000015000000000000e+05 5.000010000000000582e+05 5.000020000000000582e+05 5.000015000000000000e+05 2.575786836547290441e+05 5.000000000000000000e+05 2.272753863636364404e+05 5.000020000000000000e+05 5.000015000000000000e+05 5.000010000000000582e+05 1.836547291092754386e-01 5.000020000000000000e+05 5.000020000000000000e+05 5.000017500000000000e+05 5.000020000000000000e+05 5.000020000000000000e+05 5.000010000000000582e+05 5.000020000000000000e+05 5.000005000000000000e+05 2.996326905417814324e+00 5.000005000000000000e+05 5.000012499999999418e+05 5.000015000000000000e+05 5.000020000000000000e+05 5.000012499999999418e+05
2.499999999999999112e+00 1.999999999999999556e+00 3.530303030303029388e+00 1.500000000000000444e+00 5.000005000000000000e+05 5.000020000000000000e+05 2.727294318181817653e+05 2.500000000000001332e+00 1.499999999999999778e+00 1.999999999999999778e+00 5.000020000000000000e+05 3.673094582185517099e-01 2.500000000000001332e+00 2.507575757575757347e+00 3.621212121212120660e+00 9.338842975206625985e-01 3.000000000000000444e+00 2.500000000000001332e+00 2.500000000000000000e+00 5.000005000000000000e+05 2.500000000000000000e+00 1.371212121212121104e+00 2.441230486685031398e+00 2.500000000000001332e+00 1.931818181818182545e+00
3.000000000000000888e+00 2.264462809917355823e+00 3.787878787878788511e+00 2.000000000000000444e+00 5.000015000000000000e+05 5.000020000000000000e+05 2.727297045454544714e+05 2.000000000000000444e+00 2.000000000000000888e+00 1.566115702479339289e+00 5.000020000000000000e+05 2.500000000000001332e+00 3.966942148760330689e-01 2.492424242424241765e+00 3.878787878787879784e+00 2.500000000000000444e+00 1.933884297520662043e+00 9.338842975206612662e-01 3.000000000000000888e+00 5.000015000000000000e+05 3.000000000000000888e+00 1.628787878787879118e+00 3.000000000000000888e+00 1.977961432506887718e+00 2.568181818181818343e+00
2.007575757575758679e+00 1.937327823691460393e+00 2.912993572084482174e+00 1.992883379247015530e+00 5.000017500000000000e+05 5.000017500000000000e+05 2.727295647382919560e+05 1.867539026629935650e+00 2.007575757575758235e+00 1.617309458218549878e+00 5.000017500000000000e+05 2.507575757575757347e+00 2.492424242424241765e+00 1.499311294765840685e+00 3.003902662993573447e+00 2.507575757575757791e+00 2.742424242424242209e+00 2.492424242424241765e+00 2.507575757575758235e+00 5.000017500000000000e+05 2.390036730945822363e+00 1.503902662993572115e+00 2.007575757575758679e+00 1.992424242424241987e+00 2.502066115702479276e+00
2.121212121212121549e+00 2.186409550045913974e+00 2.063360881542700032e+00 3.121212121212121993e+00 5.000025000000000000e+05 5.000020000000000000e+05 2.727293836088153766e+05 3.878787878787879784e+00 2.966942148760332021e+00 2.437557392102847054e+00 5.000020000000000000e+05 3.621212121212120660e+00 3.878787878787879784e+00 3.003902662993573447e+00 9.182736455463728076e-01 3.345730027548210028e+00 3.878787878787879784e+00 3.878787878787879784e+00 2.937557392102847498e+00 5.000025000000000000e+05 3.121212121212121993e+00 2.433654729109274939e+00 2.121212121212121549e+00 3.783287419651057082e+00 3.347337006427915984e+00
2.500000000000000444e+00 1.790633608815427325e+00 3.530303030303031608e+00 1.500000000000000222e+00 5.000005000000000000e+05 5.000020000000000000e+05 2.727294318181817653e+05 2.500000000000000444e+00 1.499999999999999556e+00 2.000000000000000444e+00 5.000020000000000000e+05 9.338842975206625985e-01 2.500000000000000444e+00 2.507575757575757791e+00 3.345730027548210028e+00 3.966942148760330689e-01 3.000000000000000888e+00 2.500000000000000444e+00 2.411845730027549095e+00 5.000005000000000000e+05 2.500000000000000444e+00 1.371212121212121549e+00 2.433884297520661821e+00 2.500000000000000444e+00 1.931818181818182323e+00
3.000000000000000444e+00 2.363636363636363757e+00 3.787878787878788511e+00 2.500000000000000000e+00 5.000020000000000000e+05 5.000010000000000582e+05 2.727299545454544714e+05 2.500000000000000444e+00 2.500000000000001332e+00 1.742424242424242431e+00 5.000010000000000582e+05 3.000000000000000444e+00 1.933884297520662043e+00 2.742424242424242209e+00 3.878787878787878896e+00 3.000000000000000888e+00 1.367309458218549212e+00 1.941230486685032952e+00 2.500000000000000000e+00 5.000020000000000000e+05 2.500000000000000000e+00 1.878787878787878896e+00 3.000000000000000444e+00 2.500000000000000444e+00 2.568181818181818343e+00
3.000000000000000888e+00 2.363636363636364202e+00 3.787878787878788511e+00 2.000000000000000000e+00 5.000015000000000000e+05 5.000020000000000000e+05 2.727297045454544714e+05 2.000000000000000444e+00 2.000000000000000888e+00 1.742424242424243097e+00 5.000020000000000000e+05 2.500000000000001332e+00 9.338842975206612662e-01 2.492424242424241765e+00 3.878787878787879784e+00 2.500000000000000444e+00 1.941230486685032952e+00 3.673094582185491563e-01 3.000000000000000888e+00 5.000015000000000000e+05 3.000000000000000888e+00 1.628787878787879118e+00 3.000000000000000888e+00 2.000000000000000444e+00 2.568181818181818343e+00
2.000000000000000444e+00 1.371441689623507987e+00 3.030303030303030720e+00 2.000000000000000444e+00 5.000020000000000000e+05 5.000005000000000000e+05 2.727299318181817071e+05 3.000000000000000888e+00 2.000000000000000888e+00 1.500000000000000222e+00 5.000005000000000000e+05 2.500000000000000000e+00 3.000000000000000888e+00 2.507575757575758235e+00 2.937557392102847054e+00 2.411845730027549095e+00 2.500000000000000000e+00 3.000000000000000888e+00 3.673094582185491563e-01 5.000020000000000000e+05 1.000000000000000000e+00 1.371212121212121104e+00 2.000000000000000444e+00 3.000000000000000888e+00 1.931818181818182101e+00
5.000020000000000000e+05 5.000015000000000000e+05 5.000025000000000582e+05 5.000010000000000582e+05 2.575762350780531997e+05 5.000025000000000000e+05 2.272743863636364404e+05 5.000015000000000000e+05 5.000010000000000582e+05 5.000015000000000000e+05 2.996326905417814324e+00 5.000005000000000000e+05 5.000015000000000000e+05 5.000017500000000000e+05 5.000025000000000000e+05 5.000005000000000000e+05 5.000020000000000000e+05 5.000015000000000000e+05 5.000020000000000000e+05 4.995408631772267904e-01 5.000020000000000000e+05 5.000012499999999418e+05 5.000020000000000000e+05 5.000015000000000000e+05 5.000012499999999418e+05
2.000000000000000444e+00 1.500000000000000222e+00 3.030303030303030720e+00 1.992653810835629313e+00 5.000020000000000000e+05 5.000005000000000000e+05 2.727299318181817071e+05 3.000000000000000888e+00 2.000000000000000888e+00 1.500000000000000222e+00 5.000005000000000000e+05 2.500000000000000000e+00 3.000000000000000888e+00 2.390036730945822363e+00 3.121212121212121993e+00 2.500000000000000444e+00 2.500000000000000000e+00 3.000000000000000888e+00 1.000000000000000000e+00 5.000020000000000000e+05 3.673094582185491563e-01 1.371212121212121104e+00 2.000000000000000444e+00 3.000000000000000888e+00 1.931818181818182101e+00
1.371212121212121104e+00 8.381542699724517931e-01 2.342745638200184111e+00 8.712121212121212155e-01 5.000012499999999418e+05 5.000012499999999418e+05 2.727291494490357582e+05 1.628787878787879118e+00 8.712121212121218816e-01 6.875573921028467206e-01 5.000012499999999418e+05 1.371212121212121104e+00 1.628787878787879118e+00 1.503902662993572115e+00 2.433654729109274939e+00 1.371212121212121549e+00 1.878787878787879118e+00 1.628787878787879118e+00 1.371212121212121104e+00 5.000012499999999418e+05 1.371212121212121104e+00 4.336547291092746059e-01 1.371212121212121104e+00 1.628787878787879118e+00 1.464876033057851634e+00
1.000000000000000000e+00 1.500000000000000222e+00 2.030303030303030276e+00 2.000000000000000444e+00 5.000020000000000000e+05 5.000015000000000000e+05 2.727294318181817653e+05 3.000000000000000888e+00 2.000000000000000888e+00 1.500000000000000222e+00 5.000015000000000000e+05 2.441230486685031398e+00 3.000000000000000888e+00 2.007575757575758679e+00 2.121212121212121549e+00 2.433884297520661821e+00 3.000000000000000444e+00 3.000000000000000888e+00 2.000000000000000444e+00 5.000020000000000000e+05 2.000000000000000444e+00 1.371212121212121104e+00 3.673094582185491563e-01 3.000000000000000888e+00 2.431818181818182101e+00
3.000000000000000888e+00 2.254820936639119200e+00 3.223140495867769406e+00 1.668503213957759579e+00 5.000015000000000000e+05 5.000020000000000000e+05 2.727295254820936243e+05 1.000000000000000000e+00 1.749311294765840907e+00 1.735078053259871966e+00 5.000020000000000000e+05 2.500000000000001332e+00 1.977961432506887274e+00 1.992424242424241987e+00 3.783287419651057082e+00 2.500000000000000444e+00 2.500000000000000444e+00 2.000000000000000444e+00 3.000000000000000888e+00 5.000015000000000000e+05 3.000000000000000888e+00 1.628787878787879118e+00 3.000000000000000888e+00 5.123966942148761028e-01 2.377180899908172940e+00
2.306932966023875320e+00 1.882231404958677690e+00 3.344582185491277393e+00 1.931818181818182101e+00 5.000012499999999418e+05 5.000012499999999418e+05 2.727293787878787261e+05 2.568181818181818343e+00 1.623278236914600603e+00 1.656336088154270136e+00 5.000012499999999418e+05 1.931818181818182545e+00 2.568181818181818343e+00 2.502066115702479276e+00 3.347337006427916428e+00 1.931818181818182101e+00 2.568181818181818343e+00 2.568181818181818343e+00 1.931818181818182101e+00 5.000012499999999418e+05 1.931818181818182101e+00 1.464876033057851190e+00 2.431818181818182101e+00 2.377180899908172940e+00 1.480945821854912747e+00
