8.555268553517836327e-01 1.883556027512931719e+00 1.993772591005086303e+00 2.001264517840453117e+00 1.173292808185735669e+00 9.107696771601599175e+04 1.767012658451557749e+00 1.904773148255938464e+00 1.545683318353199942e+00 1.727788802255991031e+05 1.821686477145972649e+00 2.082342979740573696e+00 7.407614783954214363e+04 1.936230775300920248e+00 1.917760115105985763e+00 2.779334287865587612e+04 1.479917941479129695e+00 1.947892062257557511e+00 1.910488760023527410e+00 3.232992091351902345e+05 1.488234298846270454e+00 7.407629049949363980e+04 1.999048560353550830e+00 1.888457071432288137e+00 1.621405048080157174e+00
1.883556027512931719e+00 9.046496588925836413e-01 2.289129848444036330e+00 2.203633355088924439e+00 1.346861878585988492e+00 9.107724723655628623e+04 2.013102541186974292e+00 2.058482522349961208e+00 1.770467359886055192e+00 1.727790991120586987e+05 1.929154778562975237e+00 2.288984241068494185e+00 7.407638735545751115e+04 2.015373847954289310e+00 2.008391110302932603e+00 2.779347007126823155e+04 1.880601071468190888e+00 2.053404591527432821e+00 1.959507698907244633e+00 3.232994160714397440e+05 1.649513653851280681e+00 7.407655692688426643e+04 2.172038957884782295e+00 2.031389176163977073e+00 1.874857310498371898e+00
1.993772591005086303e+00 2.289129848444036330e+00 1.067659378638242895e+00 2.096711048811617406e+00 1.506966493139996199e+00 9.107736779963078152e+04 2.137978405385626779e+00 2.260365293049948932e+00 1.958496903437486836e+00 1.727791983303411398e+05 2.129868272067594770e+00 2.240389448179252785e+00 7.407650811631254328e+04 2.194188915248410865e+00 2.364556354425848994e+00 2.779352358664763960e+04 1.987578166873747110e+00 2.241937364895462359e+00 2.259951354611920760e+00 3.232995102940511424e+05 1.861882450933984412e+00 7.407670151126035489e+04 2.228987434177896354e+00 2.222944978457382259e+00 2.059471604318701576e+00
2.001264517840453117e+00 2.203633355088924439e+00 2.096711048811617406e+00 1.022570497690410640e+00 1.450278503320684420e+00 9.107736708149471087e+04 2.086921845107582385e+00 2.270134246072413209e+00 1.874471880486176190e+00 1.727791942949613731e+05 2.095841170752572591e+00 2.399037549616764409e+00 7.407649954535669531e+04 2.183158045189835139e+00 2.175930608683812828e+00 2.779357303856918224e+04 1.970642764742094988e+00 2.290834596442800297e+00 2.172345269000350410e+00 3.232995099245161400e+05 1.832062958282652199e+00 7.407659884483892529e+04 2.086117314991314142e+00 2.180341378874879332e+00 2.062094413879567600e+00
1.173292808185735447e+00 1.346861878585988714e+00 1.506966493139995977e+00 1.450278503320684420e+00 4.245536554525973783e-01 9.107647441891346534e+04 1.255614597785316811e+00 1.335419291605239644e+00 1.073876320059202305e+00 1.727783170005663997e+05 1.164736045616950877e+00 1.565611038437981328e+00 7.407565085224059294e+04 1.321710337578450689e+00 1.408994641160300043e+00 2.779268663647284484e+04 1.144345692856255203e+00 1.328504065004009194e+00 1.346867134577206304e+00 3.232989034229969839e+05 8.951988478332345567e-01 7.407574546794436174e+04 1.386174587806130010e+00 1.264906006299800767e+00 1.196591346942149414e+00
9.107696771601599175e+04 9.107724723655628623e+04 9.107736779963078152e+04 9.107736708149468177e+04 9.107647441891346534e+04 3.621126111492291966e+04 9.107717230687281699e+04 9.107725768435286591e+04 9.107683424880850362e+04 1.175919194065889606e+05 9.107708328143628023e+04 9.107744146609386371e+04 5.404030876024156169e+04 9.107719902810742497e+04 9.107729636943803052e+04 6.759655447052104864e+04 9.107687226119010302e+04 9.107726851671392797e+04 9.107720100299833575e+04 2.831968404551412095e+05 9.107666183719036053e+04 4.842418588242198166e+04 9.107734279269092076e+04 9.107718514805521409e+04 9.107701864947115246e+04
1.767012658451557749e+00 2.013102541186974737e+00 2.137978405385626779e+00 2.086921845107581941e+00 1.255614597785316811e+00 9.107717230687281699e+04 8.884769616189588382e-01 1.953893118356945013e+00 1.707627071698449850e+00 1.727789833705799829e+05 1.742504239902213259e+00 2.203044544535281979e+00 7.407623323021871329e+04 2.033291018890106994e+00 2.027664995915487101e+00 2.779341505362572207e+04 1.767804590628674788e+00 2.005214835653045924e+00 1.885293552199935885e+00 3.232994197733389447e+05 1.570984055380692412e+00 7.407635433801551699e+04 1.983189486396532697e+00 1.836815133300248037e+00 1.858740398223155843e+00
1.904773148255938464e+00 2.058482522349961208e+00 2.260365293049948932e+00 2.270134246072413209e+00 1.335419291605239644e+00 9.107725768435286591e+04 1.953893118356945013e+00 1.006670561776862538e+00 1.855292157584720103e+00 1.727791066969123494e+05 2.001781942498765066e+00 2.361523864382024662e+00 7.407641900853390689e+04 1.907207889549010105e+00 2.128829229605652795e+00 2.779349094211548800e+04 1.881224505300791661e+00 1.871039955974251878e+00 2.010993651005082761e+00 3.232994843222391792e+05 1.724281902558850499e+00 7.407657052695838502e+04 2.217813832456070777e+00 1.955440279403890314e+00 1.984033330181702359e+00
1.545683318353199942e+00 1.770467359886055192e+00 1.958496903437487280e+00 1.874471880486175968e+00 1.073876320059202305e+00 9.107683424880850362e+04 1.707627071698449850e+00 1.855292157584720103e+00 7.982224424568694632e-01 1.727786389503291284e+05 1.639227039540404274e+00 2.038579162194589234e+00 7.407600142836285522e+04 1.821244205782590830e+00 1.870430462397774551e+00 2.779312708189642217e+04 1.471531637103513201e+00 1.823977150489654031e+00 1.789166715005404473e+00 3.232991629713402945e+05 1.262967731506195790e+00 7.407611332987397327e+04 1.911023567397825085e+00 1.751919784257192303e+00 1.626969939544193888e+00
1.727788802255991613e+05 1.727790991120586987e+05 1.727791983303411398e+05 1.727791942949614022e+05 1.727783170005664579e+05 1.175919194065889606e+05 1.727789833705799829e+05 1.727791066969123494e+05 1.727786389503290702e+05 6.898469330693082884e+04 1.727789114245090168e+05 1.727791106242076203e+05 1.357422167175914510e+05 1.727790924580245628e+05 1.727790820395566407e+05 1.522028284964214545e+05 1.727788235627635149e+05 1.727790722499488329e+05 1.727790480274725123e+05 2.314172143387987744e+05 1.727784469027683081e+05 1.357420536294612102e+05 1.727791370538529882e+05 1.727790190537144081e+05 1.727788642883395660e+05
1.821686477145972649e+00 1.929154778562975237e+00 2.129868272067594770e+00 2.095841170752572591e+00 1.164736045616950877e+00 9.107708328143628023e+04 1.742504239902213259e+00 2.001781942498765066e+00 1.639227039540404274e+00 1.727789114245089295e+05 8.382668995137563250e-01 2.165749255378596860e+00 7.407624678852839861e+04 1.940788413497327669e+00 2.009074627171212768e+00 2.779336041989924342e+04 1.716606889059661523e+00 2.002641994480087284e+00 1.907100854398818601e+00 3.232994051929200650e+05 1.547595012936655579e+00 7.407632120429142378e+04 2.015475353839724981e+00 1.904110177889229094e+00 1.757154193729532077e+00
2.082342979740573696e+00 2.288984241068494185e+00 2.240389448179252785e+00 2.399037549616764853e+00 1.565611038437981328e+00 9.107744146609387826e+04 2.203044544535281979e+00 2.361523864382024662e+00 2.038579162194589234e+00 1.727791106242076203e+05 2.165749255378596860e+00 1.125206437847882102e+00 7.407647719764550857e+04 2.383654083245538402e+00 2.342886592730080153e+00 2.779332684499464813e+04 2.066504369655800311e+00 2.313114134055918036e+00 2.309253609936066542e+00 3.232995846940803458e+05 1.844893626794140928e+00 7.407670162818787503e+04 2.329761353763311504e+00 2.330903611097673966e+00 2.184245556215892670e+00
7.407614783954214363e+04 7.407638735545751115e+04 7.407650811631255783e+04 7.407649954535669531e+04 7.407565085224059294e+04 5.404030876024156896e+04 7.407623323021871329e+04 7.407641900853392144e+04 7.407600142836285522e+04 1.357422167175914510e+05 7.407624678852839861e+04 7.407647719764550857e+04 1.098500778043696613e+00 7.407643176188823418e+04 7.407646373674734787e+04 5.350008588695828803e+04 7.407605335840000771e+04 7.407638603052787948e+04 7.407634370866493555e+04 2.862624486180907115e+05 7.407581009685051686e+04 1.395139413302880712e+04 7.407650786912650801e+04 7.407632105085279909e+04 7.407618941396966693e+04
1.936230775300920026e+00 2.015373847954290198e+00 2.194188915248410865e+00 2.183158045189835139e+00 1.321710337578450689e+00 9.107719902810745407e+04 2.033291018890106994e+00 1.907207889549010105e+00 1.821244205782590386e+00 1.727790924580245046e+05 1.940788413497327669e+00 2.383654083245538402e+00 7.407643176188823418e+04 9.889521227184808749e-01 2.058046081618546186e+00 2.779355897755753540e+04 1.875744736939638502e+00 1.988403655735778708e+00 2.011651383005838234e+00 3.232995112174435053e+05 1.737020460439559821e+00 7.407656537558548735e+04 2.215748489136513122e+00 2.044740958180760071e+00 1.950947213849677064e+00
1.917760115105985763e+00 2.008391110302932603e+00 2.364556354425848994e+00 2.175930608683812384e+00 1.408994641160300043e+00 9.107729636943803052e+04 2.027664995915487101e+00 2.128829229605652351e+00 1.870430462397774551e+00 1.727790820395566116e+05 2.009074627171212768e+00 2.342886592730080153e+00 7.407646373674734787e+04 2.058046081618546186e+00 1.013211175658700558e+00 2.779356704741266003e+04 1.946224764302799004e+00 2.027389271192138409e+00 2.024047092972328876e+00 3.232994772358018090e+05 1.736603811742427395e+00 7.407658392144623213e+04 2.166628252160831103e+00 2.060441372582307640e+00 2.028378184025789732e+00
2.779334287865589067e+04 2.779347007126823519e+04 2.779352358664763960e+04 2.779357303856918224e+04 2.779268663647284484e+04 6.759655447052104864e+04 2.779341505362572570e+04 2.779349094211549163e+04 2.779312708189642217e+04 1.522028284964213963e+05 2.779336041989924706e+04 2.779332684499464813e+04 5.350008588695829530e+04 2.779355897755753540e+04 2.779356704741266731e+04 2.991000595841060203e+04 2.779315668155910316e+04 2.779346464846253730e+04 2.779346573043837270e+04 3.027233655838666018e+05 2.779297048596789682e+04 5.078299043970964703e+04 2.779354818916031218e+04 2.779346053357105848e+04 2.779339313482944635e+04
1.479917941479129695e+00 1.880601071468190666e+00 1.987578166873747110e+00 1.970642764742094988e+00 1.144345692856255203e+00 9.107687226119010302e+04 1.767804590628674788e+00 1.881224505300791661e+00 1.471531637103513201e+00 1.727788235627634567e+05 1.716606889059661523e+00 2.066504369655800311e+00 7.407605335839999316e+04 1.875744736939638502e+00 1.946224764302799004e+00 2.779315668155908861e+04 8.485466997815818146e-01 1.884080552635224892e+00 1.837459336270838905e+00 3.232991718649376417e+05 1.433005600759658105e+00 7.407612528388302599e+04 1.974062464009997964e+00 1.817182803751156150e+00 1.671274318611682519e+00
1.947892062257557511e+00 2.053404591527432821e+00 2.241937364895462359e+00 2.290834596442800297e+00 1.328504065004009194e+00 9.107726851671394252e+04 2.005214835653045924e+00 1.871039955974251212e+00 1.823977150489654031e+00 1.727790722499488329e+05 2.002641994480087284e+00 2.313114134055917148e+00 7.407638603052787948e+04 1.988403655735778708e+00 2.027389271192138409e+00 2.779346464846253002e+04 1.884080552635224892e+00 1.063666775529053421e+00 2.059570262378643157e+00 3.232994520307042403e+05 1.670884373274098333e+00 7.407656904135216610e+04 2.204662760545318623e+00 1.950421640825924952e+00 1.953324777501249887e+00
1.910488760023527410e+00 1.959507698907244633e+00 2.259951354611921204e+00 2.172345269000349965e+00 1.346867134577206304e+00 9.107720100299835030e+04 1.885293552199935885e+00 2.010993651005082761e+00 1.789166715005404473e+00 1.727790480274725414e+05 1.907100854398818601e+00 2.309253609936066987e+00 7.407634370866493555e+04 2.011651383005838234e+00 2.024047092972329320e+00 2.779346573043836543e+04 1.837459336270838683e+00 2.059570262378643157e+00 1.003962614224851446e+00 3.232994759067717241e+05 1.646084669181353100e+00 7.407654072555109451e+04 2.167439654412075978e+00 1.851849422770292630e+00 1.942059774604013356e+00
3.232992091351902345e+05 3.232994160714397440e+05 3.232995102940512588e+05 3.232995099245161400e+05 3.232989034229969839e+05 2.831968404551412095e+05 3.232994197733389447e+05 3.232994843222392374e+05 3.232991629713401780e+05 2.314172143387988035e+05 3.232994051929200650e+05 3.232995846940804040e+05 2.862624486180907115e+05 3.232995112174435053e+05 3.232994772358018090e+05 3.027233655838666018e+05 3.232991718649376417e+05 3.232994520307042403e+05 3.232994759067717241e+05 9.913586488313641166e+04 3.232990451743344893e+05 2.862626322581857676e+05 3.232994870810229913e+05 3.232994209808719461e+05 3.232992782051807735e+05
1.488234298846270454e+00 1.649513653851280681e+00 1.861882450933984412e+00 1.832062958282652421e+00 8.951988478332345567e-01 9.107666183719036053e+04 1.570984055380692634e+00 1.724281902558850499e+00 1.262967731506195568e+00 1.727784469027682499e+05 1.547595012936655579e+00 1.844893626794140928e+00 7.407581009685050230e+04 1.737020460439559821e+00 1.736603811742427173e+00 2.779297048596789318e+04 1.433005600759658105e+00 1.670884373274098333e+00 1.646084669181353100e+00 3.232990451743344893e+05 7.086265811718281959e-01 7.407593002112129761e+04 1.814462126657423680e+00 1.668717375823003612e+00 1.524914008439732349e+00
7.407629049949363980e+04 7.407655692688426643e+04 7.407670151126035489e+04 7.407659884483892529e+04 7.407574546794434718e+04 4.842418588242197438e+04 7.407635433801551699e+04 7.407657052695839957e+04 7.407611332987397327e+04 1.357420536294612102e+05 7.407632120429142378e+04 7.407670162818787503e+04 1.395139413302880712e+04 7.407656537558548735e+04 7.407658392144623213e+04 5.078299043970964703e+04 7.407612528388302599e+04 7.407656904135216610e+04 7.407654072555109451e+04 2.862626322581857676e+05 7.407593002112129761e+04 1.739235070384966093e+04 7.407662846637940675e+04 7.407651033429616655e+04 7.407634741368264076e+04
1.999048560353550830e+00 2.172038957884782295e+00 2.228987434177896354e+00 2.086117314991314142e+00 1.386174587806130010e+00 9.107734279269092076e+04 1.983189486396532697e+00 2.217813832456071665e+00 1.911023567397825085e+00 1.727791370538529591e+05 2.015475353839724981e+00 2.329761353763311504e+00 7.407650786912649346e+04 2.215748489136513122e+00 2.166628252160831103e+00 2.779354818916030490e+04 1.974062464009997964e+00 2.204662760545318623e+00 2.167439654412075978e+00 3.232994870810228749e+05 1.814462126657423680e+00 7.407662846637940675e+04 1.019489735657879814e+00 2.094435653457965341e+00 2.006256726929957157e+00
1.888457071432288137e+00 2.031389176163977073e+00 2.222944978457382259e+00 2.180341378874879332e+00 1.264906006299800767e+00 9.107718514805521409e+04 1.836815133300248037e+00 1.955440279403890314e+00 1.751919784257192303e+00 1.727790190537144081e+05 1.904110177889228650e+00 2.330903611097673966e+00 7.407632105085278454e+04 2.044740958180760071e+00 2.060441372582308084e+00 2.779346053357105120e+04 1.817182803751156150e+00 1.950421640825924952e+00 1.851849422770292630e+00 3.232994209808719461e+05 1.668717375823003835e+00 7.407651033429616655e+04 2.094435653457965341e+00 9.374263791671337831e-01 1.851595145676536269e+00
1.621405048080157174e+00 1.874857310498371898e+00 2.059471604318702020e+00 2.062094413879567600e+00 1.196591346942149414e+00 9.107701864947115246e+04 1.858740398223156065e+00 1.984033330181702359e+00 1.626969939544193888e+00 1.727788642883395078e+05 1.757154193729532077e+00 2.184245556215892670e+00 7.407618941396966693e+04 1.950947213849676620e+00 2.028378184025789732e+00 2.779339313482944272e+04 1.671274318611682519e+00 1.953324777501250109e+00 1.942059774604013356e+00 3.232992782051807735e+05 1.524914008439732349e+00 7.407634741368264076e+04 2.006256726929957157e+00 1.851595145676536269e+00 9.272302015692417410e-01
