1.128896607302670940e+00 3.333569622167912166e+04 2.060668838897526722e+00 3.333499604145901685e+04 3.333516712444888253e+04 1.887207840745920073e+00 6.062538115083903904e+03 3.333543011584819760e+04 1.854787735897619472e+00 5.067690423016119166e+05 3.333543016395172162e+04 9.654898527414363343e+04 3.333578521572278260e+04 3.333587346408016310e+04 3.333541610224230681e+04 3.333578531254791596e+04 3.333536544871813385e+04 3.219111403116980218e+05 2.034640755675836132e+00 1.646839598565426277e+00 3.333530756585473137e+04 3.333539977290909883e+04 2.509418878414370702e+05 3.333555670955026289e+04 1.805885336236357107e+05
3.333569622167912166e+04 1.136979561149871865e+00 3.333573561451085698e+04 1.626568342388960531e+00 3.333536445931506023e+04 3.333567398665328801e+04 2.727469467911869287e+04 2.003122008089612383e+00 3.333570204413306783e+04 5.067690334369741031e+05 3.333566824653736694e+04 8.139757495508533611e+04 2.398525179382055672e+00 2.552499904405980402e+00 3.333563311129574140e+04 2.220194788540204467e+00 3.333567145167877607e+04 3.219111713215346099e+05 3.333572479899288737e+04 3.333525993099708285e+04 3.333572748511398095e+04 2.727495360445915503e+04 2.509419652196585957e+05 3.333560074198176881e+04 1.805886334444709937e+05
2.060668838897526722e+00 3.333573561451085698e+04 1.053412429710177456e+00 3.333504063660466636e+04 3.333526016300830815e+04 2.004671926832441109e+00 6.062588589722721736e+03 3.333547283379240253e+04 2.015995034399118424e+00 5.067690641095181345e+05 3.333538597647114511e+04 9.654919631289201789e+04 3.333591770796196943e+04 3.333600925714542245e+04 3.333537893892074499e+04 3.333582087794968538e+04 3.333545989440484846e+04 3.219111051297655213e+05 1.973961455748483917e+00 1.696023414921159489e+00 3.333548132343267935e+04 3.333542197694921197e+04 2.509419459421156789e+05 3.333555010406821384e+04 1.805886351282629475e+05
3.333499604145901685e+04 1.626568342388960531e+00 3.333504063660466636e+04 6.309008686228985141e-01 3.333465467124713177e+04 3.333498970149364322e+04 2.727417387003224212e+04 1.371841656839046797e+00 3.333497246745745360e+04 5.067686620679846965e+05 3.333498761491577170e+04 8.139688468829232443e+04 1.725358490618304375e+00 1.867393770258925834e+00 3.333495909199341986e+04 1.699110606850957828e+00 3.333494624558553187e+04 3.219106450129823061e+05 3.333502722870298749e+04 3.333456622800570767e+04 3.333497013255851198e+04 2.727425228496507771e+04 2.509413614592116792e+05 3.333503324606944079e+04 1.805879772041817778e+05
3.333516712444888253e+04 3.333536445931506023e+04 3.333526016300830815e+04 3.333465467124713177e+04 8.116151546540646411e-01 3.333510877421202895e+04 3.333490847553595813e+04 3.333502553817293665e+04 3.333509659127597843e+04 5.067687383085337351e+05 1.781968200423821314e+00 9.654867808919814706e+04 3.333546173192423157e+04 3.333552281305645738e+04 1.812445193032397928e+00 3.333540300753135671e+04 1.612748055627222454e+00 3.219106720535855857e+05 3.333522043939735158e+04 3.333458090972285572e+04 1.651713196506618742e+00 6.062238488215225516e+03 2.509413728856228117e+05 1.841724010517633570e+00 1.805880203323625028e+05
1.887207840745920073e+00 3.333567398665328801e+04 2.004671926832441109e+00 3.333498970149364322e+04 3.333510877421202895e+04 1.092078687396390801e+00 6.062460469530659793e+03 3.333535426889631344e+04 1.897123190210032950e+00 5.067690579022758175e+05 3.333541610214016691e+04 9.654901188625370560e+04 3.333577676149019680e+04 3.333581818027553527e+04 3.333543233061373758e+04 3.333580300888295460e+04 3.333528715591118817e+04 3.219111033287645550e+05 2.049475388922662678e+00 1.610355762532439838e+00 3.333523216001548280e+04 3.333524849917928077e+04 2.509418719704115938e+05 3.333555154662799760e+04 1.805884872440511535e+05
6.062538115083903904e+03 2.727469467911869287e+04 6.062588589722721736e+03 2.727417387003224576e+04 3.333490847553595813e+04 6.062460469530660703e+03 9.918332288899151536e+03 2.727437466803800271e+04 6.062539306939786002e+03 5.067688129090681905e+05 3.333532435666563106e+04 9.379402601494631381e+04 2.727487459335282620e+04 2.727493558784560810e+04 3.333532902754413954e+04 2.727487889968749005e+04 3.333519747873373854e+04 3.219109059086228954e+05 6.062567307040623746e+03 6.062083132027213651e+03 3.333531359867614810e+04 3.223324408418707753e+04 2.509416545784880582e+05 3.333551224317733431e+04 1.805882991957598715e+05
3.333543011584819760e+04 2.003122008089612383e+00 3.333547283379240253e+04 1.371841656839047019e+00 3.333502553817293665e+04 3.333535426889631344e+04 2.727437466803799907e+04 1.049781808083906309e+00 3.333541989329950593e+04 5.067689426446996513e+05 3.333545278189207602e+04 8.139739024550962495e+04 2.138651488014875479e+00 2.234592994101090468e+00 3.333545131703210063e+04 2.162217680211776294e+00 3.333528897342592973e+04 3.219109168987881276e+05 3.333544508785521612e+04 3.333493050077781663e+04 3.333535726887293276e+04 2.727450573810376227e+04 2.509416993893952167e+05 3.333556328988561290e+04 1.805883984225810564e+05
1.854787735897619250e+00 3.333570204413306783e+04 2.015995034399118424e+00 3.333497246745745360e+04 3.333509659127597843e+04 1.897123190210032950e+00 6.062539306939786002e+03 3.333541989329950593e+04 1.033158830570004350e+00 5.067690467781347688e+05 3.333538837246688490e+04 9.654906749821423728e+04 3.333580248905705230e+04 3.333588269807749020e+04 3.333535961843867699e+04 3.333580067761929968e+04 3.333527658690835960e+04 3.219111263346166816e+05 2.017633464592989423e+00 1.630579032211862955e+00 3.333528744624643150e+04 3.333537104993891262e+04 2.509418750155222951e+05 3.333549261334601033e+04 1.805885030036537792e+05
5.067690423016119166e+05 5.067690334369741031e+05 5.067690641095180763e+05 5.067686620679846965e+05 5.067687383085337351e+05 5.067690579022758175e+05 5.067688129090681905e+05 5.067689426446996513e+05 5.067690467781348270e+05 1.755023076813965163e+05 5.067689851598750101e+05 4.885872978715492063e+05 5.067691232083128416e+05 5.067691151544807362e+05 5.067689881323911250e+05 5.067690492277294397e+05 5.067689735984146828e+05 3.552057583057117299e+05 5.067689562392961234e+05 5.067687157382412115e+05 5.067689956567659974e+05 5.067689527024033014e+05 3.830205052129211836e+05 5.067689372890935629e+05 4.210549257658964489e+05
3.333543016395172162e+04 3.333566824653736694e+04 3.333538597647114511e+04 3.333498761491577170e+04 1.781968200423821314e+00 3.333541610214016691e+04 3.333532435666563106e+04 3.333545278189207602e+04 3.333538837246688490e+04 5.067689851598750101e+05 9.942690723770352124e-01 9.654911652516257891e+04 3.333587067384021793e+04 3.333597931236045406e+04 1.965517559406581904e+00 3.333582726459556579e+04 1.971129839267080852e+00 3.219110942575943773e+05 3.333537066421939380e+04 3.333504908543916827e+04 2.021127870680153649e+00 6.062643549001862993e+03 2.509418527363902831e+05 2.035779300529894531e+00 1.805885452241371386e+05
9.654898527414366254e+04 8.139757495508533611e+04 9.654919631289201789e+04 8.139688468829232443e+04 9.654867808919814706e+04 9.654901188625370560e+04 9.379402601494631381e+04 8.139739024550963950e+04 9.654906749821423728e+04 4.885872978715492063e+05 9.654911652516257891e+04 3.893789131366411311e+04 8.139769530465477146e+04 8.139747326095461904e+04 9.654912501091844751e+04 8.139760920212353813e+04 9.654898964296838676e+04 2.703962281205435866e+05 9.654913151595098316e+04 9.654854982376859698e+04 9.654902101246947132e+04 9.379421228266641265e+04 2.037693299716875481e+05 9.654919805906202237e+04 1.325267279200357152e+05
3.333578521572278260e+04 2.398525179382055672e+00 3.333591770796196943e+04 1.725358490618304375e+00 3.333546173192423157e+04 3.333577676149019680e+04 2.727487459335282620e+04 2.138651488014875479e+00 3.333580248905705230e+04 5.067691232083128998e+05 3.333587067384021793e+04 8.139769530465477146e+04 1.190044191614783919e+00 2.365119444252540948e+00 3.333580387318738212e+04 2.412885635679491880e+00 3.333575150172707072e+04 3.219113353221393772e+05 3.333587590135529899e+04 3.333532852486090997e+04 3.333580943698171905e+04 2.727507868275309011e+04 2.509420046019304136e+05 3.333584237977902376e+04 1.805886238518695463e+05
3.333587346408016310e+04 2.552499904405980402e+00 3.333600925714542245e+04 1.867393770258925834e+00 3.333552281305645738e+04 3.333581818027553527e+04 2.727493558784560810e+04 2.234592994101090468e+00 3.333588269807749020e+04 5.067691151544807362e+05 3.333597931236045406e+04 8.139747326095461904e+04 2.365119444252541392e+00 1.374316498353255644e+00 3.333595331766857998e+04 2.508874560559580580e+00 3.333582433842043247e+04 3.219112545950161293e+05 3.333591006094381009e+04 3.333531903975562454e+04 3.333589356734175090e+04 2.727517386988182989e+04 2.509420137358086649e+05 3.333610337887979404e+04 1.805885478416483966e+05
3.333541610224230681e+04 3.333563311129574140e+04 3.333537893892074499e+04 3.333495909199341986e+04 1.812445193032397928e+00 3.333543233061373758e+04 3.333532902754413954e+04 3.333545131703210063e+04 3.333535961843867699e+04 5.067689881323911832e+05 1.965517559406581904e+00 9.654912501091844751e+04 3.333580387318738212e+04 3.333595331766857998e+04 1.055494039884241397e+00 3.333580221492044075e+04 1.959536908219758011e+00 3.219110723856953555e+05 3.333537863829538401e+04 3.333507279017622932e+04 2.031018278703094371e+00 6.062721488568601671e+03 2.509418578964079206e+05 2.105161982028148859e+00 1.805885581049241882e+05
3.333578531254791596e+04 2.220194788540204467e+00 3.333582087794968538e+04 1.699110606850957828e+00 3.333540300753135671e+04 3.333580300888295460e+04 2.727487889968749005e+04 2.162217680211776294e+00 3.333580067761929968e+04 5.067690492277294397e+05 3.333582726459556579e+04 8.139760920212353813e+04 2.412885635679492324e+00 2.508874560559580580e+00 3.333580221492044075e+04 1.309124297458706732e+00 3.333578420153281331e+04 3.219112276813767967e+05 3.333581293040199671e+04 3.333530675501110090e+04 3.333578549162887066e+04 2.727499009997898975e+04 2.509419705570873048e+05 3.333582165411933238e+04 1.805886430630760733e+05
3.333536544871813385e+04 3.333567145167877607e+04 3.333545989440484846e+04 3.333494624558553187e+04 1.612748055627222898e+00 3.333528715591118817e+04 3.333519747873373854e+04 3.333528897342592973e+04 3.333527658690835960e+04 5.067689735984146828e+05 1.971129839267080630e+00 9.654898964296837221e+04 3.333575150172707072e+04 3.333582433842043247e+04 1.959536908219758011e+00 3.333578420153281331e+04 9.399496833774750870e-01 3.219110231068500434e+05 3.333541151136739063e+04 3.333495084448573471e+04 1.815896835594893899e+00 6.062422316169736405e+03 2.509417307468166982e+05 2.127816845282272773e+00 1.805883938579654787e+05
3.219111403116980218e+05 3.219111713215346099e+05 3.219111051297655795e+05 3.219106450129823643e+05 3.219106720535855857e+05 3.219111033287645550e+05 3.219109059086228954e+05 3.219109168987881276e+05 3.219111263346166816e+05 3.552057583057117299e+05 3.219110942575943773e+05 2.703962281205436448e+05 3.219113353221393772e+05 3.219112545950160711e+05 3.219110723856953555e+05 3.219112276813767967e+05 3.219110231068500434e+05 1.035035136503086251e+05 3.219110873647027183e+05 3.219106628590395558e+05 3.219110724945085822e+05 3.219110082483061124e+05 1.957704328793653403e+05 3.219110385745373787e+05 2.695303477391768247e+05
2.034640755675836132e+00 3.333572479899288737e+04 1.973961455748483917e+00 3.333502722870298749e+04 3.333522043939735158e+04 2.049475388922662678e+00 6.062567307040623746e+03 3.333544508785521612e+04 2.017633464592989423e+00 5.067689562392961234e+05 3.333537066421939380e+04 9.654913151595098316e+04 3.333587590135529899e+04 3.333591006094381009e+04 3.333537863829538401e+04 3.333581293040199671e+04 3.333541151136739063e+04 3.219110873647027183e+05 9.865814671294372840e-01 1.701003910003639596e+00 3.333541105239321041e+04 3.333542624300604803e+04 2.509419372321229021e+05 3.333555608942074468e+04 1.805885693408561056e+05
1.646839598565426499e+00 3.333525993099708285e+04 1.696023414921159489e+00 3.333456622800570767e+04 3.333458090972285572e+04 1.610355762532439838e+00 6.062083132027213651e+03 3.333493050077781663e+04 1.630579032211862733e+00 5.067687157382412115e+05 3.333504908543916827e+04 9.654854982376859698e+04 3.333532852486090997e+04 3.333531903975562454e+04 3.333507279017622932e+04 3.333530675501110090e+04 3.333495084448573471e+04 3.219106628590395558e+05 1.701003910003639596e+00 7.473294646621937432e-01 3.333506035294933827e+04 3.333494430521511094e+04 2.509414319355418556e+05 3.333512234483363864e+04 1.805880068919935147e+05
3.333530756585473137e+04 3.333572748511398095e+04 3.333548132343267935e+04 3.333497013255851198e+04 1.651713196506618520e+00 3.333523216001548280e+04 3.333531359867614810e+04 3.333535726887293276e+04 3.333528744624643150e+04 5.067689956567660556e+05 2.021127870680153649e+00 9.654902101246947132e+04 3.333580943698171905e+04 3.333589356734175090e+04 2.031018278703094371e+00 3.333578549162887066e+04 1.815896835594893455e+00 3.219110724945085822e+05 3.333541105239321041e+04 3.333506035294933827e+04 1.007734309476714385e+00 6.062562971792854114e+03 2.509417947297161154e+05 2.066905629534144584e+00 1.805884510483287158e+05
3.333539977290909883e+04 2.727495360445915503e+04 3.333542197694921197e+04 2.727425228496508134e+04 6.062238488215225516e+03 3.333524849917928077e+04 3.223324408418707753e+04 2.727450573810376591e+04 3.333537104993891262e+04 5.067689527024033014e+05 6.062643549001862993e+03 9.379421228266641265e+04 2.727507868275309011e+04 2.727517386988182989e+04 6.062721488568601671e+03 2.727499009997898975e+04 6.062422316169736405e+03 3.219110082483061124e+05 3.333542624300604803e+04 3.333494430521511094e+04 6.062562971792854114e+03 9.918386842070649436e+03 2.509417531435374694e+05 6.062715832940873952e+03 1.805884550303064170e+05
2.509418878414370993e+05 2.509419652196585957e+05 2.509419459421156789e+05 2.509413614592116792e+05 2.509413728856228408e+05 2.509418719704115938e+05 2.509416545784880291e+05 2.509416993893951876e+05 2.509418750155222660e+05 3.830205052129212418e+05 2.509418527363902831e+05 2.037693299716875481e+05 2.509420046019303263e+05 2.509420137358086358e+05 2.509418578964079788e+05 2.509419705570872175e+05 2.509417307468166982e+05 1.957704328793653403e+05 2.509419372321229021e+05 2.509414319355418265e+05 2.509417947297161445e+05 2.509417531435374403e+05 8.751199781029163569e+04 2.509418765960460587e+05 1.381742091683471808e+05
3.333555670955026289e+04 3.333560074198176881e+04 3.333555010406821384e+04 3.333503324606944079e+04 1.841724010517633570e+00 3.333555154662799760e+04 3.333551224317733431e+04 3.333556328988561290e+04 3.333549261334601033e+04 5.067689372890935629e+05 2.035779300529894531e+00 9.654919805906202237e+04 3.333584237977902376e+04 3.333610337887979404e+04 2.105161982028148859e+00 3.333582165411933238e+04 2.127816845282272773e+00 3.219110385745373787e+05 3.333555608942074468e+04 3.333512234483363864e+04 2.066905629534144584e+00 6.062715832940872133e+03 2.509418765960461169e+05 1.256237473553607931e+00 1.805885931537762808e+05
1.805885336236357107e+05 1.805886334444710519e+05 1.805886351282629475e+05 1.805879772041817778e+05 1.805880203323625028e+05 1.805884872440511535e+05 1.805882991957598715e+05 1.805883984225810564e+05 1.805885030036537792e+05 4.210549257658964489e+05 1.805885452241371386e+05 1.325267279200357152e+05 1.805886238518695463e+05 1.805885478416483966e+05 1.805885581049241882e+05 1.805886430630760733e+05 1.805883938579654787e+05 2.695303477391768247e+05 1.805885693408561056e+05 1.805880068919935147e+05 1.805884510483287158e+05 1.805884550303064170e+05 1.381742091683471808e+05 1.805885931537762808e+05 2.500654854425933081e+04
