3.785477147445039936e-01 1.452711640211640454e+00 8.333475694444445253e+04 3.333346398089845316e+05 2.440491560303004226e+05 2.500014205203966703e+05 1.636574074074074403e+00 1.666676815694826946e+05 2.500014287088572455e+05 3.636377433881790494e+05 1.517526455026455334e+00 8.333480606995883863e+04 2.962977576578222215e+05 1.547260802469135665e+00 4.166759745725653192e+04 8.462338460534708506e-01 5.357150535714282887e+05 1.666679814549327421e+05 1.250013836162552179e+05 1.666674221212589182e+05 8.333472989004629198e+04 9.309627661900389262e-01 5.833339583333331393e+05 5.000007257653059205e+05 8.333478587962963502e+04
1.452711640211640454e+00 3.108823061925514164e-01 8.333506481481483206e+04 3.333352355967077892e+05 2.440490026664985635e+05 2.500018101851851679e+05 9.902050811141720477e-01 1.666683333333333430e+05 2.500018307613168727e+05 3.636379290941824438e+05 1.932911039377489759e+00 8.333482870370370802e+04 2.962980208333333139e+05 1.472247122499647620e+00 4.166838473167041957e+04 1.251683501683501953e+00 5.357152619047616608e+05 1.666683848170861893e+05 1.250015416666667588e+05 1.666679599395313708e+05 8.333493750000000000e+04 1.417496010749979218e+00 5.833341562499998836e+05 5.000014166666666861e+05 8.333504166666667152e+04
8.333475694444445253e+04 8.333506481481483206e+04 2.520475489450959561e-01 3.333350223446587333e+05 2.440492839815906773e+05 2.500018981481481751e+05 8.333514814814817510e+04 8.333480142332415562e+04 2.500018777399848914e+05 3.636378992417863919e+05 8.333472106481481751e+04 1.085613812661070599e+00 2.962979826066790847e+05 8.333492129629630654e+04 4.166802476484423096e+04 8.333450168350168678e+04 5.357150952380949166e+05 1.666686100889850350e+05 4.166760354316206940e+04 8.333463359788361413e+04 1.353743058288513268e+00 8.333459457671958080e+04 5.833340000000000000e+05 5.000012500000000582e+05 1.403934122368465598e+00
3.333346398089845316e+05 3.333352355967077892e+05 3.333350223446587333e+05 5.779666730174903844e-01 1.726212241920771485e+05 1.666686642082196777e+05 3.333351496913579758e+05 2.500015566614923009e+05 1.666685720565441588e+05 7.792360859676863765e+04 3.333350663580247201e+05 3.333350539103152696e+05 1.203721612062177592e+05 3.333350689300411032e+05 3.333346904761904734e+05 3.333345945700389566e+05 2.857156428571428987e+05 2.500015564106674283e+05 2.916684272555095959e+05 2.500013710718294024e+05 3.333349258780992241e+05 3.333346972736625466e+05 3.333344166666667443e+05 2.500011777210885193e+05 3.333350196280991659e+05
2.440491560303004226e+05 2.440490026664985344e+05 2.440492839815906773e+05 1.726212241920771776e+05 1.105497205677012789e+04 5.953932031482784623e+03 2.440492451866547926e+05 1.607157572751321422e+05 5.953846537594892652e+03 2.471416583935927774e+05 2.440493743228771491e+05 2.440492040343913832e+05 5.225037692569407227e+04 2.440494351141281659e+05 2.440493907715058594e+05 2.440490095164607337e+05 4.523822678571426077e+05 7.738221655259377440e+04 2.023825859718298889e+05 1.607156718470520864e+05 2.440493900995888398e+05 2.440490445737088157e+05 5.000011145833331975e+05 4.166683358843536698e+05 2.440494077380950621e+05
2.500014205203966703e+05 2.500018101851851679e+05 2.500018981481481751e+05 1.666686642082196777e+05 5.953932031482784623e+03 4.163979692478969596e-01 2.500018865740741021e+05 1.666680704732510494e+05 1.156282253233912982e+00 2.445905790649093688e+05 2.500018078703703941e+05 2.500017453703703650e+05 4.629778053350986011e+04 2.500017786195286317e+05 2.500016281866281934e+05 2.500013588015453133e+05 4.523826428571426659e+05 8.333439878709627374e+04 2.083350856331168325e+05 1.666681099720752682e+05 2.500017181186868693e+05 2.500013880437977787e+05 5.000014999999998836e+05 4.166680102040816564e+05 2.500017083333333430e+05
1.636574074074074181e+00 9.902050811141720477e-01 8.333514814814817510e+04 3.333351496913579758e+05 2.440492451866547926e+05 2.500018865740741021e+05 2.527022440442353579e-01 1.666685000000000000e+05 2.500019102366255247e+05 3.636379342382152681e+05 1.729364806069351834e+00 8.333482870370370802e+04 2.962979907407407882e+05 1.542268958394499734e+00 4.166847486772483535e+04 1.168350168350168694e+00 5.357152619047616608e+05 1.666684938338410866e+05 1.250015833333334158e+05 1.666682354497354245e+05 8.333485416666667152e+04 1.349862475854539445e+00 5.833341770833332557e+05 5.000013333333333139e+05 8.333504166666667152e+04
1.666676815694826946e+05 1.666683333333333430e+05 8.333480142332415562e+04 2.500015566614923009e+05 1.607157572751321422e+05 1.666680704732510494e+05 1.666685000000000000e+05 2.356985647028938813e-01 1.666680985974636860e+05 2.803047168226576177e+05 1.666680000000000291e+05 8.333491203703705105e+04 2.129642453088572947e+05 1.666680648148148321e+05 1.250011415343915578e+05 1.666677653045607731e+05 4.523820119047616026e+05 8.333457439031622198e+04 4.166794154262936354e+04 9.852029016891927782e-01 8.333511458333335759e+04 1.666677705791682820e+05 5.000009166666666279e+05 4.166676615646258579e+05 8.333495833333335759e+04
2.500014287088572455e+05 2.500018307613168727e+05 2.500018777399848914e+05 1.666685720565441879e+05 5.953846537594892652e+03 1.156282253233913204e+00 2.500019102366255247e+05 1.666680985974636860e+05 4.444295975455788139e-01 2.445907655210932426e+05 2.500018294753086229e+05 2.500017249622071104e+05 4.629769690491953224e+04 2.500017242213804566e+05 2.500016281866281934e+05 2.500013537414965976e+05 4.523826428571426659e+05 8.333439809422653343e+04 2.083350676709936815e+05 1.666681367682875716e+05 2.500017181186868693e+05 2.500014034339044592e+05 5.000014999999998836e+05 4.166680463435373968e+05 2.500017083333333430e+05
3.636377433881790494e+05 3.636379290941823856e+05 3.636378992417863919e+05 7.792360859676865221e+04 2.471416583935927774e+05 2.445905790649093688e+05 3.636379342382152681e+05 2.803047168226576177e+05 2.445907655210932426e+05 8.275138770345225930e+04 3.636381765221658861e+05 3.636379122506629792e+05 1.982942787342908268e+05 3.636382125133912778e+05 3.636378177750629256e+05 3.636376164970105165e+05 2.306990665320446133e+05 2.803047321383779636e+05 3.219713339115053532e+05 2.803043567036099848e+05 3.636378894149829866e+05 3.636376656027869903e+05 2.857151689814814599e+05 1.998568459250435990e+05 3.636381247417353443e+05
1.517526455026455112e+00 1.932911039377489759e+00 8.333472106481481751e+04 3.333350663580247201e+05 2.440493743228771782e+05 2.500018078703703941e+05 1.729364806069351834e+00 1.666680000000000291e+05 2.500018294753086229e+05 3.636381765221658861e+05 3.276947381722815078e-01 8.333484953703703650e+04 2.962980115740741021e+05 1.192464416896235280e+00 4.166798698702389083e+04 1.241266835016835213e+00 5.357153452380949166e+05 1.666684856401314610e+05 1.250014244289486669e+05 1.666680432728647138e+05 8.333492187500001455e+04 1.225893906945494383e+00 5.833342499999998836e+05 5.000012500000000582e+05 8.333469791666667152e+04
8.333480606995883863e+04 8.333482870370370802e+04 1.085613812661070599e+00 3.333350539103152696e+05 2.440492040343913832e+05 2.500017453703703650e+05 8.333482870370370802e+04 8.333491203703705105e+04 2.500017249622071104e+05 3.636379122506629792e+05 8.333484953703703650e+04 2.912504708928772557e-01 2.962978475056689931e+05 8.333510706018521159e+04 4.166783295540441031e+04 8.333434247568275896e+04 5.357151938775507733e+05 1.666684495951579011e+05 4.166787138014935772e+04 8.333473082010583312e+04 1.254011265510183604e+00 8.333452513227512827e+04 5.833341666666665114e+05 5.000012329931971617e+05 1.407502909081191911e+00
2.962977576578222215e+05 2.962980208333333139e+05 2.962979826066790847e+05 1.203721612062177883e+05 5.225037692569407227e+04 4.629778053350986011e+04 2.962979907407407882e+05 2.129642453088572947e+05 4.629769690491953224e+04 1.982942787342907977e+05 2.962980115740741021e+05 2.962978475056689931e+05 4.115285024686843099e+04 2.962979512602880714e+05 2.962978653733098181e+05 2.962975894919007551e+05 4.060863095238091773e+05 1.296309253738687985e+05 2.546311886120750278e+05 2.129643768348122539e+05 2.962979360532407882e+05 2.962976773033363861e+05 4.537051229745369055e+05 3.703718928571427241e+05 2.962978865740741603e+05
1.547260802469135665e+00 1.472247122499647620e+00 8.333492129629630654e+04 3.333350689300411032e+05 2.440494351141281659e+05 2.500017786195286317e+05 1.542268958394499512e+00 1.666680648148148321e+05 2.500017242213804566e+05 3.636382125133912778e+05 1.192464416896235280e+00 8.333510706018521159e+04 2.962979512602880714e+05 4.554621665011275855e-01 4.166812301587299589e+04 1.274831649831650093e+00 5.357154702380950330e+05 1.666684457849599712e+05 1.250014293981482333e+05 1.666680919312169135e+05 8.333498668981481751e+04 1.276823585265143945e+00 5.833343749999998836e+05 5.000011666666666279e+05 8.333489814814814599e+04
4.166759745725653192e+04 4.166838473167041957e+04 4.166802476484423096e+04 3.333346904761904734e+05 2.440493907715058594e+05 2.500016281866281934e+05 4.166847486772483535e+04 1.250011415343915578e+05 2.500016281866281934e+05 3.636378177750629256e+05 4.166798698702389083e+04 4.166783295540441031e+04 2.962978653733098181e+05 4.166812301587299589e+04 4.166696495880261500e+04 4.166761132488909061e+04 5.357149778911561007e+05 1.666683320488433819e+05 8.333458231211839302e+04 1.250010436507936829e+05 4.166797385204083548e+04 4.166770616024186165e+04 5.833339166666665114e+05 5.000006904761903570e+05 4.166799738599145348e+04
8.462338460534708506e-01 1.251683501683501953e+00 8.333450168350168678e+04 3.333345945700389566e+05 2.440490095164607628e+05 2.500013588015453133e+05 1.168350168350168694e+00 1.666677653045607731e+05 2.500013537414965976e+05 3.636376164970105165e+05 1.241266835016834769e+00 8.333434247568275896e+04 2.962975894919007551e+05 1.274831649831650093e+00 4.166761132488909061e+04 2.068919803407537616e-01 5.357151785714284051e+05 1.666679984424746362e+05 1.250010191732137027e+05 1.666674667406907538e+05 8.333443686868686927e+04 4.917584419748922131e-01 5.833340833333332557e+05 5.000009115646258579e+05 8.333447853535354079e+04
5.357150535714282887e+05 5.357152619047616608e+05 5.357150952380949166e+05 2.857156428571428987e+05 4.523822678571426077e+05 4.523826428571426659e+05 5.357152619047616608e+05 4.523820119047616026e+05 4.523826428571426659e+05 2.306990665320446715e+05 5.357153452380949166e+05 5.357151938775507733e+05 4.060863095238091773e+05 5.357154702380950330e+05 5.357149778911561007e+05 5.357151785714284051e+05 1.338851019347947440e+05 4.523825255102037918e+05 4.940486681547615444e+05 4.523817619047616608e+05 5.357153660714282887e+05 5.357151785714284051e+05 1.672413672305276850e+05 1.578625725620979792e+05 5.357154285714282887e+05
1.666679814549327421e+05 1.666683848170861893e+05 1.666686100889850350e+05 2.500015564106674283e+05 7.738221655259378895e+04 8.333439878709627374e+04 1.666684938338410866e+05 8.333457439031622198e+04 8.333439809422653343e+04 2.803047321383779636e+05 1.666684856401314610e+05 1.666684495951579011e+05 1.296309253738687985e+05 1.666684457849599712e+05 1.666683320488433819e+05 1.666679984424746362e+05 4.523825255102037918e+05 3.206465228049202865e-01 1.250017739764292928e+05 8.333458553922023566e+04 1.666684396248742414e+05 1.666679984218255850e+05 5.000014166666666279e+05 4.166680357142856810e+05 1.666684202741702611e+05
1.250013836162552179e+05 1.250015416666667588e+05 4.166760354316206940e+04 2.916684272555095959e+05 2.023825859718298889e+05 2.083350856331168325e+05 1.250015833333334158e+05 4.166794154262936354e+04 2.083350676709936815e+05 3.219713339115053532e+05 1.250014244289486669e+05 4.166787138014936500e+04 2.546311886120750278e+05 1.250014293981482333e+05 8.333458231211840757e+04 1.250010191732137173e+05 4.940486681547615444e+05 1.250017739764292928e+05 4.166730018932345411e+04 4.166802399586368847e+04 4.166813504464294965e+04 1.250011964285715221e+05 5.416675729166663950e+05 4.583345295493196463e+05 4.166808333333341579e+04
1.666674221212589182e+05 1.666679599395313708e+05 8.333463359788361413e+04 2.500013710718294024e+05 1.607156718470520864e+05 1.666681099720752682e+05 1.666682354497354245e+05 9.852029016891927782e-01 1.666681367682875716e+05 2.803043567036099848e+05 1.666680432728647138e+05 8.333473082010583312e+04 2.129643768348122539e+05 1.666680919312169135e+05 1.250010436507936829e+05 1.666674667406907538e+05 4.523817619047616608e+05 8.333458553922023566e+04 4.166802399586368847e+04 3.086388519288957299e-01 8.333481878306881117e+04 1.666675383418288839e+05 5.000006666666665697e+05 4.166676122448979877e+05 8.333486044973546814e+04
8.333472989004629198e+04 8.333493750000000000e+04 1.353743058288513268e+00 3.333349258780992241e+05 2.440493900995888398e+05 2.500017181186868693e+05 8.333485416666667152e+04 8.333511458333335759e+04 2.500017181186868693e+05 3.636378894149829866e+05 8.333492187500001455e+04 1.254011265510183604e+00 2.962979360532407882e+05 8.333498668981481751e+04 4.166797385204083548e+04 8.333443686868686927e+04 5.357153660714282887e+05 1.666684396248742414e+05 4.166813504464293510e+04 8.333481878306881117e+04 4.769794549285889529e-01 8.333452976190477784e+04 5.833342708333333721e+05 5.000011145833333139e+05 9.408853532230153638e-01
9.309627661900391482e-01 1.417496010749979218e+00 8.333459457671958080e+04 3.333346972736625466e+05 2.440490445737088157e+05 2.500013880437977787e+05 1.349862475854539445e+00 1.666677705791682820e+05 2.500014034339044592e+05 3.636376656027869903e+05 1.225893906945494383e+00 8.333452513227512827e+04 2.962976773033363861e+05 1.276823585265144168e+00 4.166770616024186165e+04 4.917584419748922131e-01 5.357151785714284051e+05 1.666679984218255850e+05 1.250011964285715076e+05 1.666675383418288839e+05 8.333452976190477784e+04 3.600129828484806560e-01 5.833340833333332557e+05 5.000009166666666861e+05 8.333448809523810633e+04
5.833339583333331393e+05 5.833341562499998836e+05 5.833340000000000000e+05 3.333344166666667443e+05 5.000011145833331975e+05 5.000014999999998836e+05 5.833341770833333721e+05 5.000009166666666279e+05 5.000015000000000000e+05 2.857151689814814599e+05 5.833342499999998836e+05 5.833341666666665114e+05 4.537051229745369055e+05 5.833343749999998836e+05 5.833339166666666279e+05 5.833340833333332557e+05 1.672413672305276850e+05 5.000014166666666279e+05 5.416675729166663950e+05 5.000006666666666279e+05 5.833342708333333721e+05 5.833340833333332557e+05 4.115236680251094367e+04 2.500007916666666570e+05 5.833343333333331393e+05
5.000007257653059205e+05 5.000014166666666861e+05 5.000012500000000582e+05 2.500011777210885193e+05 4.166683358843536698e+05 4.166680102040816564e+05 5.000013333333333139e+05 4.166676615646258579e+05 4.166680463435373968e+05 1.998568459250435990e+05 5.000012500000000582e+05 5.000012329931971617e+05 3.703718928571427241e+05 5.000011666666666279e+05 5.000006904761903570e+05 5.000009115646258579e+05 1.578625725620979792e+05 4.166680357142856810e+05 4.583345295493196463e+05 4.166676122448979877e+05 5.000011145833333139e+05 5.000009166666666861e+05 2.500007916666666279e+05 4.115250588626942044e+04 5.000012083333333139e+05
8.333478587962963502e+04 8.333504166666667152e+04 1.403934122368465598e+00 3.333350196280991659e+05 2.440494077380950621e+05 2.500017083333333430e+05 8.333504166666667152e+04 8.333495833333335759e+04 2.500017083333333430e+05 3.636381247417353443e+05 8.333469791666667152e+04 1.407502909081192133e+00 2.962978865740741603e+05 8.333489814814814599e+04 4.166799738599145348e+04 8.333447853535354079e+04 5.357154285714282887e+05 1.666684202741702611e+05 4.166808333333341579e+04 8.333486044973546814e+04 9.408853532230153638e-01 8.333448809523810633e+04 5.833343333333331393e+05 5.000012083333333139e+05 3.797598572129596284e-01
