1.037837579452554928e+05 3.745798015782597940e+05 3.745795663786671357e+05 3.745795429749862524e+05 2.036311904549524479e+05 3.745794950447501615e+05 3.745795363937599468e+05 3.745797822276925435e+05 2.589337611973295861e+05 3.269608097237988841e+05 3.745797979248476913e+05 3.065905146657032892e+05 1.585446228206921078e+05 3.269608959962519584e+05 2.997500448390893871e+05 3.745794869429316605e+05 3.080104654624064569e+05 3.745798575632561115e+05 3.745798745835174341e+05 3.895588169513790635e+05 3.745794605437285500e+05 3.269608466007956304e+05 3.745796665828453260e+05 2.105911154730505368e+05 3.507703952793168137e+05
3.745798015782597940e+05 7.249078311565292365e-01 1.475367333822068749e+00 4.762070897883395082e+04 4.285728558019280899e+05 1.260862342800921798e+00 4.762064230546381441e+04 4.762062136618015938e+04 2.380971755238944606e+05 1.428591257376972353e+05 1.614916509887761364e+00 4.766585130237057456e+05 3.333351070684429142e+05 1.747548901033656730e+05 1.972807979129492014e+05 4.762079257728046650e+04 1.904780562991363404e+05 6.122628851755704090e+04 9.523992866315996798e+04 5.604405967914131470e+05 4.762051783492201503e+04 1.428591277577786241e+05 1.496243015929599629e+00 3.180976599644789821e+05 1.190496819603664480e+05
3.745795663786671357e+05 1.475367333822068749e+00 6.868377890863738289e-01 4.762059724574279244e+04 4.285726598607786000e+05 9.601381486211730820e-01 4.762046070862999477e+04 4.762059169097931590e+04 2.380967646148214408e+05 1.428589946130969038e+05 1.368376425758181636e+00 4.766583769964185776e+05 3.333347564184310613e+05 1.747546164429238706e+05 1.972805637482760940e+05 4.762052095905314491e+04 1.904778026264879154e+05 6.122604373353531992e+04 9.523983065861137584e+04 5.604405150275398046e+05 4.762018263085659419e+04 1.428589183690985374e+05 1.530066653370335317e+00 3.180972026346342755e+05 1.190494256559838250e+05
3.745795429749862524e+05 4.762070897883395082e+04 4.762059724574279244e+04 6.726598531368056522e-01 4.285727544262695592e+05 4.762033647245295288e+04 1.511325748058893081e+00 1.470719083032336449e+00 2.380970138656227500e+05 1.428591978707938688e+05 4.762081306468453840e+04 4.766584892049041810e+05 3.333348696234361851e+05 1.747549265455739514e+05 1.972806859088525816e+05 1.426888105554529496e+00 1.904780970972679788e+05 6.122643060701100330e+04 9.523995440135049284e+04 5.604405124495665077e+05 1.342823808154431475e+00 1.428591168859887985e+05 4.762073142042502877e+04 3.180975755552931223e+05 1.190495266961139714e+05
2.036311904549524479e+05 4.285728558019280899e+05 4.285726598607786000e+05 4.285727544262695010e+05 1.227520303832288773e+05 4.285725830877444241e+05 4.285727398621188477e+05 4.285726728918813751e+05 3.333350619944842765e+05 3.809539510109633557e+05 4.285727898806285812e+05 2.470548970360840030e+05 2.722582204498748761e+05 3.809538045547657530e+05 3.741513573349844082e+05 4.285728348636343726e+05 3.809540150165196392e+05 4.285729302683764254e+05 4.285730729930704692e+05 3.575307217553695664e+05 4.285726668484186521e+05 3.809539063122078660e+05 4.285727478866615565e+05 3.201700396072953008e+05 4.047633956189381424e+05
3.745794950447501615e+05 1.260862342800922020e+00 9.601381486211730820e-01 4.762033647245295288e+04 4.285725830877444241e+05 4.919849576473858677e-01 4.762021537780165818e+04 4.762028188477827644e+04 2.380967314180423273e+05 1.428585975457125169e+05 1.285594477952265224e+00 4.766583479735034052e+05 3.333347529347487143e+05 1.747543986921885225e+05 1.972803925033037958e+05 4.762029053716603812e+04 1.904776621063441271e+05 6.122572007665986894e+04 9.523943422314478084e+04 5.604404300964979921e+05 4.761998977534487494e+04 1.428586055619487597e+05 1.209829451037357728e+00 3.180972506049954682e+05 1.190491114416355558e+05
3.745795363937599468e+05 4.762064230546381441e+04 4.762046070862999477e+04 1.511325748058893081e+00 4.285727398621188477e+05 4.762021537780165818e+04 7.488608281484377960e-01 1.432569636883149089e+00 2.380968907435352448e+05 1.428590416667658137e+05 4.762077773760388664e+04 4.766583695247211726e+05 3.333348406878188252e+05 1.747548143636156456e+05 1.972806111157566193e+05 1.293795258180115981e+00 1.904779850768800243e+05 6.122621510774281342e+04 9.523976892463493277e+04 5.604404588495516218e+05 1.153814218707422068e+00 1.428590107529696543e+05 4.762062655799475760e+04 3.180975101430884679e+05 1.190493887818020303e+05
3.745797822276925435e+05 4.762062136618015938e+04 4.762059169097931590e+04 1.470719083032336449e+00 4.285726728918813751e+05 4.762028188477827644e+04 1.432569636883149089e+00 7.147124459180730360e-01 2.380971622638893605e+05 1.428591572003261244e+05 4.762083002192507411e+04 4.766583465761598782e+05 3.333350573462061584e+05 1.747549270719205670e+05 1.972806763969949388e+05 1.550984278646420522e+00 1.904781405659102020e+05 6.122636428303515277e+04 9.523990114548726706e+04 5.604406145015215734e+05 1.369873670963461354e+00 1.428591699011496967e+05 4.762063434218004841e+04 3.180976678738619667e+05 1.190495338763608743e+05
2.589337611973295570e+05 2.380971755238944606e+05 2.380967646148214408e+05 2.380970138656227500e+05 3.333350619944842765e+05 2.380967314180423273e+05 2.380968907435352448e+05 2.380971622638893605e+05 1.970795559404402593e+04 1.904780373970049550e+05 2.380971697814158106e+05 3.814207516207215376e+05 1.904782025935206620e+05 1.428593574327937094e+05 8.410171988352081098e+04 2.380969309033129248e+05 9.864151413739772397e+04 2.380971160349775746e+05 2.380971609076412569e+05 4.652028295609201305e+05 2.380968093609546195e+05 1.904781276929723390e+05 2.380971123381052166e+05 1.261762843358091195e+05 2.142877109231772192e+05
3.269608097237988841e+05 1.428591257376972353e+05 1.428589946130969038e+05 1.428591978707938688e+05 3.809539510109633557e+05 1.428585975457125169e+05 1.428590416667658137e+05 1.428591572003261244e+05 1.904780373970048968e+05 7.955654471232946889e-01 1.428591886859290535e+05 4.290396636519557796e+05 2.857162052104088943e+05 7.951677372151243617e+04 1.496618336868172046e+05 1.428590855656720523e+05 1.394575877244111907e+05 8.163436756963310472e+04 4.762070951336083090e+04 5.128217957307322649e+05 1.428588105064420670e+05 1.658265304202233947e+00 1.428591395545247069e+05 2.704786880490239710e+05 2.381137893916259418e+04
3.745797979248476913e+05 1.614916509887761364e+00 1.368376425758181858e+00 4.762081306468453840e+04 4.285727898806285812e+05 1.285594477952265002e+00 4.762077773760388664e+04 4.762083002192507411e+04 2.380971697814158106e+05 1.428591886859290535e+05 8.337005277488528376e-01 4.766585999097859603e+05 3.333349912239544210e+05 1.747547797358526732e+05 1.972808725796724902e+05 4.762085939475063788e+04 1.904780293288433168e+05 6.122606491568916681e+04 9.524011016489968461e+04 5.604406208142903633e+05 4.762054856901688618e+04 1.428590287626139470e+05 1.789949390688317044e+00 3.180976732751636882e+05 1.190496590854584792e+05
3.065905146657032892e+05 4.766585130237057456e+05 4.766583769964185776e+05 4.766584892049041810e+05 2.470548970360840030e+05 4.766583479735034052e+05 4.766583695247211726e+05 4.766583465761598782e+05 3.814207516207215376e+05 4.290396636519558378e+05 4.766585999097859603e+05 1.150293468503681797e+05 3.338014734448509989e+05 4.290396393238304299e+05 4.222369004889474018e+05 4.766585793616426527e+05 4.290396489216044429e+05 4.766588497196509852e+05 4.766587552799280966e+05 3.658282444287435501e+05 4.766583407553833677e+05 4.290397591123089660e+05 4.766584519173779408e+05 3.814206432011410361e+05 4.528492542335668695e+05
1.585446228206920787e+05 3.333351070684429142e+05 3.333347564184310613e+05 3.333348696234361851e+05 2.722582204498748179e+05 3.333347529347487143e+05 3.333348406878188252e+05 3.333350573462061584e+05 1.904782025935206620e+05 2.857162052104088943e+05 3.333349912239544210e+05 3.338014734448509989e+05 3.034561280958437783e+04 2.857161513268699055e+05 2.312945281545096659e+05 3.333348661542048794e+05 2.414987006460186094e+05 3.333351025946371956e+05 3.333352400241159485e+05 4.175834716327734059e+05 3.333347930766402860e+05 2.857161112968003144e+05 3.333350122750159935e+05 1.079345849307690514e+05 3.095256102831946919e+05
3.269608959962519002e+05 1.747548901033656730e+05 1.747546164429238706e+05 1.747549265455739514e+05 3.809538045547657530e+05 1.747543986921885225e+05 1.747548143636156456e+05 1.747549270719205670e+05 1.428593574327937094e+05 7.951677372151243617e+04 1.747547797358526732e+05 4.290396393238304299e+05 2.857161513268699055e+05 2.106392065318231471e+04 1.020428210241297202e+05 1.747549075175181206e+05 6.806696230448233837e+04 1.611492881040181383e+05 1.271357804907213285e+05 5.128216634445350501e+05 1.747545130909406871e+05 7.951661837314424338e+04 1.747548372771081922e+05 2.228596976047454227e+05 1.033260921882732218e+05
2.997500448390893871e+05 1.972807979129492014e+05 1.972805637482760940e+05 1.972806859088525816e+05 3.741513573349844082e+05 1.972803925033037958e+05 1.972806111157566193e+05 1.972806763969949388e+05 8.410171988352082553e+04 1.496618336868172046e+05 1.972808725796724902e+05 4.222369004889474018e+05 2.312945281545096659e+05 1.020428210241297202e+05 3.208180657355804578e+04 1.972805984500356135e+05 4.947158019832133868e+04 1.972809260028790450e+05 1.972806842401915928e+05 5.060192192298669834e+05 1.972805054491174233e+05 1.496620859927297279e+05 1.972808665809229715e+05 1.668992804295388632e+05 1.734714085884297092e+05
3.745794869429316605e+05 4.762079257728046650e+04 4.762052095905314491e+04 1.426888105554529496e+00 4.285728348636343726e+05 4.762029053716603812e+04 1.293795258180115981e+00 1.550984278646420522e+00 2.380969309033129248e+05 1.428590855656720523e+05 4.762085939475063788e+04 4.766585793616426527e+05 3.333348661542048794e+05 1.747549075175181206e+05 1.972805984500356135e+05 7.133981857743245669e-01 1.904779828122712497e+05 6.122626122067947290e+04 9.523978652690129820e+04 5.604406422166560078e+05 1.235297637837187601e+00 1.428590927397469932e+05 4.762059202903587720e+04 3.180973701056453283e+05 1.190494389109030162e+05
3.080104654624064569e+05 1.904780562991363404e+05 1.904778026264879154e+05 1.904780970972679497e+05 3.809540150165196392e+05 1.904776621063441271e+05 1.904779850768800243e+05 1.904781405659102020e+05 9.864151413739772397e+04 1.394575877244111907e+05 1.904780293288433168e+05 4.290396489216044429e+05 2.414987006460186094e+05 6.806696230448233837e+04 4.947158019832133868e+04 1.904779828122712497e+05 2.439729028531079166e+04 1.895062172840207350e+05 1.870767309552584484e+05 5.128218776245858171e+05 1.904777169943234185e+05 1.394577497401015717e+05 1.904780880448378739e+05 1.786419330751688394e+05 1.632674273072029173e+05
3.745798575632561115e+05 6.122628851755704818e+04 6.122604373353531992e+04 6.122643060701100330e+04 4.285729302683764254e+05 6.122572007665986894e+04 6.122621510774282069e+04 6.122636428303515277e+04 2.380971160349775746e+05 8.163436756963310472e+04 6.122606491568916681e+04 4.766588497196509852e+05 3.333351025946371956e+05 1.611492881040181383e+05 1.972809260028790450e+05 6.122626122067947290e+04 1.895062172840207350e+05 1.943704450793692013e+04 3.401524785348869045e+04 5.604407300113679375e+05 6.122602952414016909e+04 8.163427120368709438e+04 6.122624877640524210e+04 3.180977805548038450e+05 5.782478572312301549e+04
3.745798745835174341e+05 9.523992866315996798e+04 9.523983065861137584e+04 9.523995440135049284e+04 4.285730729930704692e+05 9.523943422314478084e+04 9.523976892463493277e+04 9.523990114548726706e+04 2.380971609076412569e+05 4.762070951336083090e+04 9.524011016489968461e+04 4.766587552799280966e+05 3.333352400241160067e+05 1.271357804907213285e+05 1.972806842401915928e+05 9.523978652690129820e+04 1.870767309552584484e+05 3.401524785348869045e+04 6.993685012083687980e-01 5.604407300113678211e+05 9.523965613573796873e+04 4.762086105669033714e+04 9.523990102694176312e+04 3.180976247170868446e+05 2.381120068603760228e+04
3.895588169513790635e+05 5.604405967914131470e+05 5.604405150275396882e+05 5.604405124495665077e+05 3.575307217553695664e+05 5.604404300964981085e+05 5.604404588495516218e+05 5.604406145015215734e+05 4.652028295609201305e+05 5.128217957307323813e+05 5.604406208142903633e+05 3.658282444287435501e+05 4.175834716327734059e+05 5.128216634445350501e+05 5.060192192298670416e+05 5.604406422166560078e+05 5.128218776245858171e+05 5.604407300113678211e+05 5.604407300113678211e+05 1.530324404268467333e+05 5.604403847659180174e+05 5.128216473147800425e+05 5.604404587075799936e+05 4.652029090150512639e+05 5.366310699324456509e+05
3.745794605437285500e+05 4.762051783492201503e+04 4.762018263085659419e+04 1.342823808154431475e+00 4.285726668484186521e+05 4.761998977534487494e+04 1.153814218707421624e+00 1.369873670963461354e+00 2.380968093609546195e+05 1.428588105064420670e+05 4.762054856901688618e+04 4.766583407553833677e+05 3.333347930766402860e+05 1.747545130909406580e+05 1.972805054491174233e+05 1.235297637837187379e+00 1.904777169943234185e+05 6.122602952414016909e+04 9.523965613573796873e+04 5.604403847659180174e+05 5.676088848800183717e-01 1.428588122443198517e+05 4.762037752673106297e+04 3.180973570989054861e+05 1.190492148132086586e+05
3.269608466007956304e+05 1.428591277577786241e+05 1.428589183690985374e+05 1.428591168859887985e+05 3.809539063122078660e+05 1.428586055619487597e+05 1.428590107529696543e+05 1.428591699011496967e+05 1.904781276929723390e+05 1.658265304202234169e+00 1.428590287626139470e+05 4.290397591123089660e+05 2.857161112968003144e+05 7.951661837314424338e+04 1.496620859927297279e+05 1.428590927397469932e+05 1.394577497401016008e+05 8.163427120368709438e+04 4.762086105669033714e+04 5.128216473147800425e+05 1.428588122443198517e+05 8.209848084680125835e-01 1.428590848581062746e+05 2.704788327656663605e+05 2.381128811275263797e+04
3.745796665828453260e+05 1.496243015929599629e+00 1.530066653370335317e+00 4.762073142042502877e+04 4.285727478866615565e+05 1.209829451037357728e+00 4.762062655799475760e+04 4.762063434218004841e+04 2.380971123381052166e+05 1.428591395545247069e+05 1.789949390688317044e+00 4.766584519173778826e+05 3.333350122750159935e+05 1.747548372771081631e+05 1.972808665809229715e+05 4.762059202903587720e+04 1.904780880448378739e+05 6.122624877640524210e+04 9.523990102694174857e+04 5.604404587075799936e+05 4.762037752673106297e+04 1.428590848581062164e+05 8.237889407819374288e-01 3.180976462960431236e+05 1.190494968903464469e+05
2.105911154730505368e+05 3.180976599644789821e+05 3.180972026346342755e+05 3.180975755552930641e+05 3.201700396072953008e+05 3.180972506049954682e+05 3.180975101430884679e+05 3.180976678738619667e+05 1.261762843358091195e+05 2.704786880490239710e+05 3.180976732751636882e+05 3.814206432011410361e+05 1.079345849307690660e+05 2.228596976047454227e+05 1.668992804295388632e+05 3.180973701056453865e+05 1.786419330751688394e+05 3.180977805548038450e+05 3.180976247170868446e+05 4.652029090150512639e+05 3.180973570989054861e+05 2.704788327656663605e+05 3.180976462960431818e+05 4.353094761322211707e+04 2.942883533076554886e+05
3.507703952793168137e+05 1.190496819603664480e+05 1.190494256559838250e+05 1.190495266961139714e+05 4.047633956189381424e+05 1.190491114416355558e+05 1.190493887818020594e+05 1.190495338763608743e+05 2.142877109231772192e+05 2.381137893916259782e+04 1.190496590854584792e+05 4.528492542335669859e+05 3.095256102831947501e+05 1.033260921882732364e+05 1.734714085884297092e+05 1.190494389109030162e+05 1.632674273072029755e+05 5.782478572312301549e+04 2.381120068603760592e+04 5.366310699324456509e+05 1.190492148132086586e+05 2.381128811275264161e+04 1.190494968903464469e+05 2.942883533076554886e+05 2.381037156519454948e+04
