1.471521736889433487e+04 5.782709276960287389e+04 3.869743349830849183e+04 2.717926125612811302e+05 1.036996101431643765e+05 3.307336430425615399e+05 1.036994486160580273e+05 1.150475825634428475e+05 1.081049605041783507e+05 1.081049663545458752e+05 1.081047898039953725e+05 1.036993551990329433e+05 1.081050130459004431e+05 1.653793156174353498e+05 3.985541960034950171e+05 1.081049935701943468e+05 8.050884459938235523e+04 1.081049741553209606e+05 1.081050046526566584e+05 8.781266952751524514e+04 2.139797224791097397e+05 7.495648458555949037e+04 1.051676786880878062e+05 1.081050149091096391e+05 4.883395653940268676e+05
5.782709276960287389e+04 1.576826747532150512e+04 8.431695545955022681e+04 2.894138745579771348e+05 7.264089671941059351e+04 3.483548427852904424e+05 7.264070570235706691e+04 1.435749697792167135e+05 7.704625456440570997e+04 7.264095520487842441e+04 7.704605543707436300e+04 7.264061910483676184e+04 7.138232034785459109e+04 1.925452945913473377e+05 4.205805746139339753e+05 7.484359470107630477e+04 1.188688479871213349e+05 7.704621991711146256e+04 7.228131317469410715e+04 4.983797173265788297e+04 2.358837987034409598e+05 2.863858311334818791e+04 7.410895366295301937e+04 7.264101743307813013e+04 5.103659974617102998e+05
3.869743349830849183e+04 8.431695545955022681e+04 2.268429886628795430e+04 2.629419409820577712e+05 1.260841365078562812e+05 3.233915278944454039e+05 1.260839242687714432e+05 9.997523068342631450e+04 1.290210531186279695e+05 1.290211161673808383e+05 1.290209067804987135e+05 1.260838659746239136e+05 1.290211475802306522e+05 1.553028909929598740e+05 3.912120238880792167e+05 1.290211122303122393e+05 5.727376128053216235e+04 1.290210419001323899e+05 1.290210945175988163e+05 1.130315116091375385e+05 2.039033434095023840e+05 1.019664343903185072e+05 1.270627233197497699e+05 1.290211563536314934e+05 4.809974483367619687e+05
2.717926125612811302e+05 2.894138745579771348e+05 2.629419409820577712e+05 6.165689874457570113e+04 3.070347553083982202e+05 1.909349048867695674e+05 3.070345817811976885e+05 2.274812177418261708e+05 3.070347755901021883e+05 3.070348936402713880e+05 3.070346687641573371e+05 3.070345926060991478e+05 3.070349762875072774e+05 1.938976308615659364e+05 2.979666446807888569e+05 3.070348427206337219e+05 2.443316672866553708e+05 3.070347718370091752e+05 3.070349519795626984e+05 2.961849254736420698e+05 1.312031838981499895e+05 2.894138928234488703e+05 3.070345825547536369e+05 3.070348601944512920e+05 3.841302816944225924e+05
1.036996101431643765e+05 7.264089671941059351e+04 1.260841365078562667e+05 3.070347553083982202e+05 5.892628213846571317e-01 3.659755335597222438e+05 1.325376581045790925e+00 1.770762553078298515e+05 4.406705417429864610e+03 3.378136736651175306e+04 8.511635130610999113e+03 1.184812370147920291e+00 3.964937461256617098e+04 2.202004153637133713e+05 4.344488565978339757e+05 1.624602731361742008e+04 1.589626720227881451e+05 4.406525634966636972e+03 3.650272776926720690e+04 4.883076422097091563e+04 2.585663088339430979e+05 6.466291842554359755e+04 1.469508551971704946e+03 2.675455317702422690e+04 5.235815581901093246e+05
3.307336430425615981e+05 3.483548427852905006e+05 3.233915278944454039e+05 1.909349048867695674e+05 3.659755335597222438e+05 9.542702165690444235e+04 3.659755600761688547e+05 2.939598472594999475e+05 3.659756364624382113e+05 3.659758142230512458e+05 3.659755784340772661e+05 3.659754723972529173e+05 3.659758695762482239e+05 2.636740266488452908e+05 2.366956557190314343e+05 3.659756510389852338e+05 3.065046213610146078e+05 3.659755501140783308e+05 3.659758556923829601e+05 3.551258620387829142e+05 2.295681866709678434e+05 3.483546998416210408e+05 3.659754549853106728e+05 3.659756696728669340e+05 3.429484165994080831e+05
1.036994486160580418e+05 7.264070570235708146e+04 1.260839242687714432e+05 3.070345817811976885e+05 1.325376581045790925e+00 3.659755600761688547e+05 6.131346827131525234e-01 1.770761710308260808e+05 4.406735260533854671e+03 3.378124066972652508e+04 8.511456777260960735e+03 1.035871613027633087e+00 3.964924254158438271e+04 2.202003848272044852e+05 4.344487398261229973e+05 1.624605247381406480e+04 1.589624458799697459e+05 4.406696902126001987e+03 3.650258053599039704e+04 4.883062970093035983e+04 2.585662068567810638e+05 6.466287390166756086e+04 1.469463359481017278e+03 2.675453918869168774e+04 5.235815681896315073e+05
1.150475825634428475e+05 1.435749697792167135e+05 9.997523068342635815e+04 2.274812177418261708e+05 1.770762553078298515e+05 2.939598472594999475e+05 1.770761710308260808e+05 3.596156957792931644e+04 1.770763760523065284e+05 1.770764947852971382e+05 1.770763278503326583e+05 1.770759889288423583e+05 1.770765201137825206e+05 9.940764507381551084e+04 3.719390002366678091e+05 1.770764240908418724e+05 6.301251231355169148e+04 1.770763067739973485e+05 1.770765196661576629e+05 1.645744474169490568e+05 1.593481955656577484e+05 1.540599869251077471e+05 1.770759536545139272e+05 1.770764294571035134e+05 4.607147463288029539e+05
1.081049605041783507e+05 7.704625456440572452e+04 1.290210531186279550e+05 3.070347755901021883e+05 4.406705417429864610e+03 3.659756364624382113e+05 4.406735260533854671e+03 1.770763760523065284e+05 6.438640385399316823e-01 2.937606491781003569e+04 4.106371113170654098e+03 4.406660939977429734e+03 3.524417143092046899e+04 2.202005489229246450e+05 4.344488309742381098e+05 1.184072395328527273e+04 1.589627022396340326e+05 1.371223446684906033e+00 3.209749721212061922e+04 5.323613464173916145e+04 2.585663430658572761e+05 6.906834687568819209e+04 2.938101434294920637e+03 2.234929926238644111e+04 5.235816145537326229e+05
1.081049663545458752e+05 7.264095520487842441e+04 1.290211161673808238e+05 3.070348936402713880e+05 3.378136736651175306e+04 3.659758142230513040e+05 3.378124066972651781e+04 1.770764947852971090e+05 2.937606491781003569e+04 1.954728126377610351e+03 2.527092877643661268e+04 3.378116519767044520e+04 1.321748439646092265e+04 2.202007191704975558e+05 4.344489418582309736e+05 1.753678839184940807e+04 1.589627346079743584e+05 2.937606476107130948e+04 3.006092620382156383e+03 3.561481479444167780e+04 2.585664636429772072e+05 5.794389126435010985e+04 3.231257893854720169e+04 7.303502591600425148e+03 5.235817252567473333e+05
1.081047898039953725e+05 7.704605543707436300e+04 1.290209067804987135e+05 3.070346687641573371e+05 8.511635130610999113e+03 3.659755784340772661e+05 8.511456777260960735e+03 1.770763278503326583e+05 4.106371113170654098e+03 2.527092877643661268e+04 2.963235900859453977e+03 8.511445789165132737e+03 3.113896162563052349e+04 2.202004976684953144e+05 4.344487792578021181e+05 7.735597963401253764e+03 1.589625937298969366e+05 4.106326475249796204e+03 2.799228477955944254e+04 5.078296194178108271e+04 2.585663312967891106e+05 6.855847537212313910e+04 7.042916977755140579e+03 1.824419871633235744e+04 5.235815724346015486e+05
1.036993551990329433e+05 7.264061910483676184e+04 1.260838659746239136e+05 3.070345926060991478e+05 1.184812370147920291e+00 3.659754723972529173e+05 1.035871613027633087e+00 1.770759889288423583e+05 4.406660939977429734e+03 3.378116519767044520e+04 8.511445789165132737e+03 5.141669202817945594e-01 3.964915911331319512e+04 2.202002041073354485e+05 4.344487827802742249e+05 1.624586032069869543e+04 1.589623830865413474e+05 4.406569543862229693e+03 3.650250364746902051e+04 4.883052589373438968e+04 2.585660508120369341e+05 6.466266892091899354e+04 1.469221543132279749e+03 2.675436747986020782e+04 5.235814849376224447e+05
1.081050130459004431e+05 7.138232034785459109e+04 1.290211475802306522e+05 3.070349762875072774e+05 3.964937461256617098e+04 3.659758695762482239e+05 3.964924254158438998e+04 1.770765201137825206e+05 3.524417143092046899e+04 1.321748439646092629e+04 3.113896162563052712e+04 3.964915911331320240e+04 6.400533433767239266e-01 2.202007611842550687e+05 4.344490235438042437e+05 2.340478633633702339e+04 1.589628052043441858e+05 3.524411801222041686e+04 1.153459333164070085e+04 2.842686248701447403e+04 2.585665916495629353e+05 5.353854461087514937e+04 3.818062564851545903e+04 1.441063516031958898e+04 5.235817845164323226e+05
1.653793156174353498e+05 1.925452945913473377e+05 1.553028909929598740e+05 1.938976308615659364e+05 2.202004153637133713e+05 2.636740266488452908e+05 2.202003848272044852e+05 9.940764507381553994e+04 2.202005489229246450e+05 2.202007191704975558e+05 2.202004976684953144e+05 2.202002041073353903e+05 2.202007611842550687e+05 3.675289428104442050e+04 3.448095085266429232e+05 2.202005678367821674e+05 1.311079317120912310e+05 2.202004811377230217e+05 2.202006952591615845e+05 2.093507144229589612e+05 1.151916673099630716e+05 2.007600459567337821e+05 2.202001824855339946e+05 2.202006311683538661e+05 4.310568457332810503e+05
3.985541960034950171e+05 4.205805746139339753e+05 3.912120238880792167e+05 2.979666446807888569e+05 4.344488565978339757e+05 2.366956557190314343e+05 4.344487398261229973e+05 3.719390002366678091e+05 4.344488309742381098e+05 4.344489418582309736e+05 4.344487792578021181e+05 4.344487827802742249e+05 4.344490235438042437e+05 3.448095085266429232e+05 9.456868673691978620e+04 4.344489142137246672e+05 3.743251387327068369e+05 4.344488206258718274e+05 4.344490429009535583e+05 4.272126425898332382e+05 3.260725098760212422e+05 4.205806181904905243e+05 4.344487706298000412e+05 4.344489738578717806e+05 2.910802968577767606e+05
1.081049935701943323e+05 7.484359470107630477e+04 1.290211122303122102e+05 3.070348427206337219e+05 1.624602731361742008e+04 3.659756510389852338e+05 1.624605247381406480e+04 1.770764240908418724e+05 1.184072395328527273e+04 1.753678839184940807e+04 7.735597963401252855e+03 1.624586032069869543e+04 2.340478633633703066e+04 2.202005678367821674e+05 4.344489142137247254e+05 3.545487127031844921e+03 1.589628111516561767e+05 1.184068996489232813e+04 2.025817379001735389e+04 4.401244933544659580e+04 2.585663802013022359e+05 6.406221658660988032e+04 1.477729327046151593e+04 1.050984269230459904e+04 5.235816220478455070e+05
8.050884459938235523e+04 1.188688479871213349e+05 5.727376128053216235e+04 2.443316672866553708e+05 1.589626720227881742e+05 3.065046213610145496e+05 1.589624458799697168e+05 6.301251231355169148e+04 1.589627022396340035e+05 1.589627346079743875e+05 1.589625937298969657e+05 1.589623830865413765e+05 1.589628052043441858e+05 1.311079317120912310e+05 3.743251387327068369e+05 1.589628111516561767e+05 2.496264667296266998e+04 1.589626770949932106e+05 1.589627848678246664e+05 1.459100209011564730e+05 1.815462597261816263e+05 1.348449884363196907e+05 1.589623037257491960e+05 1.589628248557902407e+05 4.641105224424091866e+05
1.081049741553209751e+05 7.704621991711146256e+04 1.290210419001323899e+05 3.070347718370091752e+05 4.406525634966636972e+03 3.659755501140783308e+05 4.406696902126001987e+03 1.770763067739973485e+05 1.371223446684906033e+00 2.937606476107130948e+04 4.106326475249796204e+03 4.406569543862229693e+03 3.524411801222040958e+04 2.202004811377230217e+05 4.344488206258718274e+05 1.184068996489232813e+04 1.589626770949932106e+05 6.386708738721684764e-01 3.209748096917376097e+04 5.323612041328754276e+04 2.585662914856635616e+05 6.906824578936630860e+04 2.938009301121883254e+03 2.234929995904145835e+04 5.235815181707245647e+05
1.081050046526566293e+05 7.228131317469410715e+04 1.290210945175988018e+05 3.070349519795626984e+05 3.650272776926719962e+04 3.659758556923829601e+05 3.650258053599038976e+04 1.770765196661576629e+05 3.209749721212061922e+04 3.006092620382156838e+03 2.799228477955944254e+04 3.650250364746902051e+04 1.153459333164070085e+04 2.202006952591615845e+05 4.344490429009535583e+05 2.025817379001735389e+04 1.589627848678246664e+05 3.209748096917376097e+04 2.565303579321263442e+03 3.430028033981485351e+04 2.585665746795072337e+05 5.668518666051104810e+04 3.503394454749508441e+04 1.002500876109083583e+04 5.235818008255172754e+05
8.781266952751523058e+04 4.983797173265788297e+04 1.130315116091375094e+05 2.961849254736420698e+05 4.883076422097091563e+04 3.551258620387828560e+05 4.883062970093035983e+04 1.645744474169490568e+05 5.323613464173916145e+04 3.561481479444168508e+04 5.078296194178108271e+04 4.883052589373438968e+04 2.842686248701447767e+04 2.093507144229589612e+05 4.272126425898332382e+05 4.401244933544658852e+04 1.459100209011564730e+05 5.323612041328754276e+04 3.430028033981485351e+04 1.792478218433005895e+04 2.477165125230393605e+05 3.015312145721487468e+04 5.029885730844663340e+04 3.694562198679052381e+04 5.169738585323214065e+05
2.139797224791097397e+05 2.358837987034409598e+05 2.039033434095023840e+05 1.312031838981499895e+05 2.585663088339430979e+05 2.295681866709678434e+05 2.585662068567810638e+05 1.593481955656577484e+05 2.585663430658572761e+05 2.585664636429772072e+05 2.585663312967891397e+05 2.585660508120369050e+05 2.585665916495629353e+05 1.151916673099630716e+05 3.260725098760212422e+05 2.585663802013022650e+05 1.815462597261816263e+05 2.585662914856635616e+05 2.585665746795072628e+05 2.477165125230393605e+05 5.245557365665795805e+04 2.402172615804945235e+05 2.585660581807899871e+05 2.585664023662243562e+05 4.187151383648680057e+05
7.495648458555949037e+04 2.863858311334818791e+04 1.019664343903185072e+05 2.894138928234488703e+05 6.466291842554359755e+04 3.483546998416209826e+05 6.466287390166756086e+04 1.540599869251077471e+05 6.906834687568819209e+04 5.794389126435011713e+04 6.855847537212313910e+04 6.466266892091900081e+04 5.353854461087514937e+04 2.007600459567337821e+05 4.205806181904905243e+05 6.406221658660988032e+04 1.348449884363196907e+05 6.906824578936630860e+04 5.668518666051104810e+04 3.015312145721487468e+04 2.402172615804945235e+05 9.128644491332790494e+03 6.613099230936696404e+04 5.924905108275834209e+04 5.103659098955502850e+05
1.051676786880878062e+05 7.410895366295301937e+04 1.270627233197497699e+05 3.070345825547536369e+05 1.469508551971704946e+03 3.659754549853106728e+05 1.469463359481017278e+03 1.770759536545139272e+05 2.938101434294920637e+03 3.231257893854720169e+04 7.042916977755140579e+03 1.469221543132279749e+03 3.818062564851545903e+04 2.202001824855339946e+05 4.344487706298000412e+05 1.477729327046151593e+04 1.589623037257491960e+05 2.938009301121883254e+03 3.503394454749509168e+04 5.029885730844663340e+04 2.585660581807899580e+05 6.613099230936696404e+04 1.958333252217525114e+03 2.528579640032793395e+04 5.235814631040472887e+05
1.081050149091096391e+05 7.264101743307813013e+04 1.290211563536314934e+05 3.070348601944512920e+05 2.675455317702422690e+04 3.659756696728669340e+05 2.675453918869168774e+04 1.770764294571035134e+05 2.234929926238644111e+04 7.303502591600425148e+03 1.824419871633235744e+04 2.675436747986020782e+04 1.441063516031958898e+04 2.202006311683538661e+05 4.344489738578717806e+05 1.050984269230459904e+04 1.589628248557902407e+05 2.234929995904145835e+04 1.002500876109083583e+04 3.694562198679052381e+04 2.585664023662243271e+05 5.924905108275834209e+04 2.528579640032793395e+04 4.273125736388064979e+03 5.235816405291210394e+05
4.883395653940267512e+05 5.103659974617102998e+05 4.809974483367619687e+05 3.841302816944225924e+05 5.235815581901093246e+05 3.429484165994080831e+05 5.235815681896314491e+05 4.607147463288029539e+05 5.235816145537326229e+05 5.235817252567472751e+05 5.235815724346015486e+05 5.235814849376224447e+05 5.235817845164323226e+05 4.310568457332811086e+05 2.910802968577767606e+05 5.235816220478455070e+05 4.641105224424091866e+05 5.235815181707245647e+05 5.235818008255172172e+05 5.169738585323214065e+05 4.187151383648680639e+05 5.103659098955502850e+05 5.235814631040472887e+05 5.235816405291210394e+05 1.245272488056840375e+05
