4.513255507964493707e-01 1.702040816326531703e+00 1.683144368858654483e+00 4.000006857142857043e+05 1.400000000000000133e+00 1.129100529100529160e+00 9.879286694101514499e-01 3.142865714285710710e+05 8.148306575963734940e+04 2.000006857142857043e+05 9.223146048542876230e-01 4.000002857142857392e+05 1.360454634528708739e+00 1.041163461269281276e+00 2.000006857142857043e+05 4.000006857142857043e+05 1.342857142857143193e+00 9.659416029786401792e-01 1.743915343915343863e+00 7.015873015873020924e-01 1.228571428571428648e+00 2.000010857142856985e+05 1.423084460121497141e+00 9.822681335908850508e-01 1.084944430447076114e+00
1.702040816326531703e+00 7.823129251700688958e-01 1.381456286218189389e+00 4.000005999999999767e+05 1.599999999999999423e+00 1.195061728395061085e+00 1.600000000000000977e+00 3.142864857142853434e+05 8.148263718820878421e+04 2.000009999999999709e+05 1.235449735449736464e+00 4.000005999999999767e+05 1.799999999999999378e+00 1.353086419753087633e+00 2.000009999999999709e+05 4.000005999999999767e+05 1.428218694885361018e+00 1.800000000000001155e+00 1.198941798941798975e+00 1.755555555555556424e+00 1.247971781305116101e+00 2.000009999999999709e+05 1.571428571428570731e+00 1.538271604938272308e+00 1.172134038800705769e+00
1.683144368858654927e+00 1.381456286218189389e+00 7.641443408639156387e-02 4.000003999999999651e+05 1.156613756613757094e+00 8.000000000000000444e-01 1.556613756613757005e+00 3.142862857142853318e+05 8.148209041180276836e+04 2.000011999999999534e+05 1.428042328042328002e+00 4.000007999999999884e+05 1.356613756613756827e+00 1.572940287226001654e+00 2.000011999999999534e+05 4.000003999999999651e+05 1.185185185185185341e+00 1.756613756613756960e+00 1.243386243386243262e+00 1.801058201058201691e+00 1.785185185185184986e+00 2.000007999999999593e+05 1.185185185185185341e+00 1.057142857142857162e+00 1.244444444444444464e+00
4.000006857142857043e+05 4.000005999999999767e+05 4.000003999999999651e+05 2.743484224965703211e-02 4.000003999999999651e+05 4.000002000000000116e+05 4.000007999999999884e+05 2.857144000000004307e+05 4.000003999999999651e+05 4.000003999999999651e+05 4.000005999999999767e+05 2.963063023711538335e+04 4.000002000000000698e+05 4.000006857142857043e+05 4.000007999999999884e+05 2.000005999999999767e+05 4.000003999999999651e+05 4.000005999999999767e+05 4.000003999999999651e+05 4.000005999999999767e+05 4.000007999999999884e+05 4.000001714285714552e+05 4.000003999999999651e+05 4.000007999999999884e+05 4.000005999999999767e+05
1.400000000000000133e+00 1.599999999999999423e+00 1.156613756613756872e+00 4.000003999999999651e+05 5.486968449931406422e-02 6.148148148148148140e-01 1.193141289437585684e+00 3.142862857142853318e+05 8.148258412698430766e+04 2.000011999999999534e+05 1.242857142857142883e+00 4.000007999999999884e+05 9.461885165588861391e-01 1.314285714285714279e+00 2.000011999999999534e+05 4.000003999999999651e+05 1.000000000000000222e+00 1.400000000000000133e+00 9.439153439153444847e-01 1.279835390946503004e+00 1.600000000000000089e+00 2.000007999999999593e+05 1.000000000000000222e+00 1.200000000000000178e+00 1.400000000000000133e+00
1.129100529100529160e+00 1.195061728395061085e+00 8.000000000000000444e-01 4.000002000000000116e+05 6.148148148148148140e-01 2.743484224965703211e-02 1.014814814814814836e+00 3.142859999999995925e+05 8.148224581618671073e+04 2.000007999999999593e+05 6.346266901822458228e-01 4.000005999999999767e+05 8.148148148148147696e-01 9.005291005291006234e-01 2.000007999999999593e+05 4.000002000000000116e+05 5.989026063100136854e-01 1.214814814814814792e+00 8.148148148148147696e-01 1.255967078189300867e+00 1.185185185185185119e+00 2.000003999999999942e+05 6.148148148148148140e-01 1.014814814814814836e+00 8.148148148148147696e-01
9.879286694101514499e-01 1.600000000000000977e+00 1.556613756613756783e+00 4.000007999999999884e+05 1.193141289437585684e+00 1.014814814814814836e+00 4.224965706447131319e-02 3.142866857142852969e+05 8.148298412698428729e+04 2.000007999999999593e+05 8.428571428571428603e-01 4.000003999999999651e+05 1.400000000000000133e+00 9.131883205957280758e-01 2.000007999999999593e+05 4.000007999999999884e+05 1.393141289437585639e+00 1.000000000000000222e+00 1.629629629629629539e+00 8.666666666666669183e-01 1.200000000000000178e+00 2.000011999999999534e+05 1.085714285714285632e+00 7.931412894375856615e-01 1.000000000000000222e+00
3.142865714285710710e+05 3.142864857142853434e+05 3.142862857142853318e+05 2.857144000000004307e+05 3.142862857142853318e+05 3.142859999999995925e+05 3.142866857142852969e+05 1.813611041124268959e+05 2.901436245345870848e+05 2.550270793594801216e+05 3.142864183673465159e+05 2.648647162509452319e+05 3.142860857142853201e+05 3.142865714285710710e+05 2.550273691553984827e+05 1.449740544385658868e+05 3.142862857142853318e+05 3.142864857142853434e+05 3.142862857142853318e+05 3.142864857142853434e+05 3.142866857142852969e+05 2.550268439741325856e+05 3.142862857142853318e+05 3.142866857142852969e+05 3.142864857142853434e+05
8.148306575963734940e+04 8.148263718820878421e+04 8.148209041180276836e+04 4.000003999999999651e+05 8.148258412698430766e+04 8.148224581618672528e+04 8.148298412698428729e+04 2.901436245345870848e+05 9.657084063716030505e+04 1.185198387111221382e+05 8.148279841269855388e+04 4.000007428571428172e+05 8.148240861678023066e+04 8.148296780045366904e+04 1.185198183029588690e+05 4.000003428571428522e+05 8.148258412698430766e+04 8.148312698412715690e+04 8.148254877523044706e+04 8.148315332157570811e+04 8.148310264550280408e+04 1.185193002603508940e+05 8.148258412698430766e+04 8.148287438761530211e+04 8.148275363511675096e+04
2.000006857142857043e+05 2.000009999999999709e+05 2.000011999999999534e+05 4.000003999999999651e+05 2.000011999999999534e+05 2.000007999999999593e+05 2.000007999999999593e+05 2.550270793594800925e+05 1.185198387111221382e+05 2.111083116374117274e-01 2.000004428571428580e+05 4.000003999999999651e+05 2.000009999999999709e+05 2.000006857142857043e+05 1.027513227513228600e+00 4.000007999999999884e+05 2.000011999999999534e+05 2.000005999999999767e+05 2.000011999999999534e+05 2.000005999999999767e+05 2.000007999999999593e+05 9.439153439153431524e-01 2.000011999999999534e+05 2.000007999999999593e+05 2.000005999999999767e+05
9.223146048542877340e-01 1.235449735449736464e+00 1.428042328042328002e+00 4.000005999999999767e+05 1.242857142857142883e+00 6.346266901822456008e-01 8.428571428571428603e-01 3.142864183673465159e+05 8.148279841269855388e+04 2.000004428571428580e+05 2.056185437137816041e-01 4.000002000000000116e+05 1.429688418577307552e+00 7.285714285714287586e-01 2.000004428571428580e+05 4.000005999999999767e+05 9.900646678424456226e-01 1.036272780717225173e+00 1.161375661375661172e+00 1.052733686067019558e+00 7.317460317460315888e-01 2.000008428571428230e+05 1.236272780717225128e+00 8.240278827580413967e-01 6.113210716385321097e-01
4.000002857142857392e+05 4.000005999999999767e+05 4.000007999999999884e+05 2.963063023711538335e+04 4.000007999999999884e+05 4.000005999999999767e+05 4.000003999999999651e+05 2.648647162509452319e+05 4.000007428571428172e+05 4.000003999999999651e+05 4.000002000000000116e+05 5.048017708630771813e+04 4.000006000000000349e+05 4.000002857142857392e+05 4.000000000000000000e+05 1.703709340975896630e+05 4.000007999999999884e+05 4.000002000000000116e+05 4.000007999999999884e+05 4.000002000000000116e+05 4.000003999999999651e+05 4.000006285714285332e+05 4.000007999999999884e+05 4.000003999999999651e+05 4.000002000000000116e+05
1.360454634528708739e+00 1.799999999999999378e+00 1.356613756613756827e+00 4.000002000000000116e+05 9.461885165588861391e-01 8.148148148148147696e-01 1.400000000000000133e+00 3.142860857142853201e+05 8.148240861678023066e+04 2.000009999999999709e+05 1.429688418577307552e+00 4.000005999999999767e+05 1.540214439685350933e-01 1.514285714285714235e+00 2.000009999999999709e+05 4.000002000000000116e+05 1.200000000000000178e+00 1.195610425240055008e+00 1.409221466364322994e+00 1.244444444444444908e+00 1.799999999999999822e+00 2.000005999999999767e+05 1.195610425240054564e+00 1.395610425240054964e+00 1.591220850480109972e+00
1.041163461269281276e+00 1.353086419753087633e+00 1.572940287226001654e+00 4.000006857142857043e+05 1.314285714285714279e+00 9.005291005291006234e-01 9.131883205957280758e-01 3.142865714285710710e+05 8.148296780045366904e+04 2.000006857142857043e+05 7.285714285714287586e-01 4.000002857142857392e+05 1.514285714285714235e+00 1.528288681727834886e-01 2.000006857142857043e+05 4.000006857142857043e+05 1.400000000000000133e+00 9.142857142857135910e-01 1.417009602194787110e+00 1.117577895355672979e+00 8.433470507544581496e-01 2.000010857142856985e+05 1.314285714285714501e+00 8.857142857142860093e-01 8.857142857142858983e-01
2.000006857142857043e+05 2.000009999999999709e+05 2.000011999999999534e+05 4.000007999999999884e+05 2.000011999999999534e+05 2.000007999999999593e+05 2.000007999999999593e+05 2.550273691553984245e+05 1.185198183029588690e+05 1.027513227513228600e+00 2.000004428571428580e+05 4.000000000000000000e+05 2.000009999999999709e+05 2.000006857142857043e+05 2.743484224965703211e-02 4.000003999999999651e+05 2.000011999999999534e+05 2.000005999999999767e+05 2.000011999999999534e+05 2.000005999999999767e+05 2.000007999999999593e+05 1.258201058201058320e+00 2.000011999999999534e+05 2.000007999999999593e+05 2.000005999999999767e+05
4.000006857142857043e+05 4.000005999999999767e+05 4.000003999999999651e+05 2.000005999999999767e+05 4.000003999999999651e+05 4.000002000000000116e+05 4.000007999999999884e+05 1.449740544385658868e+05 4.000003428571428522e+05 4.000007999999999884e+05 4.000005999999999767e+05 1.703709340975896630e+05 4.000002000000000698e+05 4.000006857142857043e+05 4.000003999999999651e+05 6.913580246913572647e-02 4.000003999999999651e+05 4.000005999999999767e+05 4.000003999999999651e+05 4.000005999999999767e+05 4.000007999999999884e+05 4.000002285714285099e+05 4.000003999999999651e+05 4.000007999999999884e+05 4.000005999999999767e+05
1.342857142857143193e+00 1.428218694885361018e+00 1.185185185185185341e+00 4.000003999999999651e+05 1.000000000000000222e+00 5.989026063100136854e-01 1.393141289437585639e+00 3.142862857142853318e+05 8.148258412698430766e+04 2.000011999999999534e+05 9.900646678424456226e-01 4.000007999999999884e+05 1.200000000000000178e+00 1.400000000000000133e+00 2.000011999999999534e+05 4.000003999999999651e+05 2.743484224965703211e-02 1.600000000000000089e+00 1.014814814814814836e+00 1.455967078189300823e+00 1.185185185185185341e+00 2.000007999999999593e+05 8.000000000000000444e-01 1.342857142857142527e+00 1.314285714285714501e+00
9.659416029786401792e-01 1.800000000000001155e+00 1.756613756613756738e+00 4.000005999999999767e+05 1.400000000000000133e+00 1.214814814814814792e+00 1.000000000000000222e+00 3.142864857142853434e+05 8.148312698412715690e+04 2.000005999999999767e+05 1.036272780717225173e+00 4.000002000000000116e+05 1.195610425240055008e+00 9.142857142857135910e-01 2.000005999999999767e+05 4.000005999999999767e+05 1.600000000000000089e+00 2.548696844993140753e-01 1.772486772486772111e+00 8.444444444444449971e-01 1.200000000000000844e+00 2.000009999999999709e+05 1.554948069762884355e+00 9.835194983343132913e-01 1.195610425240055008e+00
1.743915343915343641e+00 1.198941798941798975e+00 1.243386243386243262e+00 4.000003999999999651e+05 9.439153439153444847e-01 8.148148148148148806e-01 1.629629629629629539e+00 3.142862857142853318e+05 8.148254877523044706e+04 2.000011999999999534e+05 1.161375661375661172e+00 4.000007999999999884e+05 1.409221466364322994e+00 1.417009602194787554e+00 2.000011999999999534e+05 4.000003999999999651e+05 1.014814814814815058e+00 1.772486772486772111e+00 2.642255256011874498e-01 1.797530864197530498e+00 1.075289045659415299e+00 2.000007999999999593e+05 1.229629629629629628e+00 1.629629629629629539e+00 1.629629629629629539e+00
7.015873015873020924e-01 1.755555555555556424e+00 1.801058201058201691e+00 4.000005999999999767e+05 1.279835390946502560e+00 1.255967078189300867e+00 8.666666666666669183e-01 3.142864857142853434e+05 8.148315332157570811e+04 2.000005999999999767e+05 1.052733686067019336e+00 4.000002000000000116e+05 1.244444444444444908e+00 1.117577895355672979e+00 2.000005999999999767e+05 4.000005999999999767e+05 1.455967078189300823e+00 8.444444444444449971e-01 1.797530864197530498e+00 1.580246913580262702e-01 1.357201646090534508e+00 2.000009999999999709e+05 1.644444444444444819e+00 8.798353909465026490e-01 1.244444444444444908e+00
1.228571428571428648e+00 1.247971781305116101e+00 1.785185185185185208e+00 4.000007999999999884e+05 1.600000000000000089e+00 1.185185185185185119e+00 1.200000000000000178e+00 3.142866857142852969e+05 8.148310264550280408e+04 2.000007999999999593e+05 7.317460317460315888e-01 4.000003999999999651e+05 1.800000000000000044e+00 8.433470507544581496e-01 2.000007999999999593e+05 4.000007999999999884e+05 1.185185185185185341e+00 1.200000000000000844e+00 1.075289045659415299e+00 1.357201646090534508e+00 2.743484224965703211e-02 2.000011999999999534e+05 1.400000000000000133e+00 1.200000000000000178e+00 1.200000000000000178e+00
2.000010857142856985e+05 2.000009999999999709e+05 2.000007999999999593e+05 4.000001714285714552e+05 2.000007999999999593e+05 2.000003999999999942e+05 2.000011999999999534e+05 2.550268439741325565e+05 1.185193002603508940e+05 9.439153439153431524e-01 2.000008428571428230e+05 4.000006285714285332e+05 2.000005999999999767e+05 2.000010857142856985e+05 1.258201058201058320e+00 4.000002285714285099e+05 2.000007999999999593e+05 2.000009999999999709e+05 2.000007999999999593e+05 2.000009999999999709e+05 2.000011999999999534e+05 2.650541698160745474e-01 2.000007999999999593e+05 2.000011999999999534e+05 2.000009999999999709e+05
1.423084460121497141e+00 1.571428571428570731e+00 1.185185185185185341e+00 4.000003999999999651e+05 1.000000000000000222e+00 6.148148148148148140e-01 1.085714285714285632e+00 3.142862857142853318e+05 8.148258412698430766e+04 2.000011999999999534e+05 1.236272780717224906e+00 4.000007999999999884e+05 1.195610425240055008e+00 1.314285714285714501e+00 2.000011999999999534e+05 4.000003999999999651e+05 8.000000000000000444e-01 1.554948069762884355e+00 1.229629629629629628e+00 1.644444444444444819e+00 1.400000000000000133e+00 2.000007999999999593e+05 1.895635620503362817e-01 1.391682763640435860e+00 1.395610425240054964e+00
9.822681335908850508e-01 1.538271604938272308e+00 1.057142857142857162e+00 4.000007999999999884e+05 1.200000000000000178e+00 1.014814814814814836e+00 7.931412894375856615e-01 3.142866857142852969e+05 8.148287438761528756e+04 2.000007999999999593e+05 8.240278827580413967e-01 4.000003999999999651e+05 1.395610425240054964e+00 8.857142857142860093e-01 2.000007999999999593e+05 4.000007999999999884e+05 1.342857142857142527e+00 9.835194983343132913e-01 1.629629629629629539e+00 8.798353909465029821e-01 1.200000000000000178e+00 2.000011999999999534e+05 1.391682763640435860e+00 1.977268273564567747e-01 8.256151843453429784e-01
1.084944430447076114e+00 1.172134038800705769e+00 1.244444444444444464e+00 4.000005999999999767e+05 1.400000000000000133e+00 8.148148148148147696e-01 1.000000000000000222e+00 3.142864857142853434e+05 8.148275363511675096e+04 2.000005999999999767e+05 6.113210716385321097e-01 4.000002000000000116e+05 1.591220850480109972e+00 8.857142857142858983e-01 2.000005999999999767e+05 4.000005999999999767e+05 1.314285714285714501e+00 1.195610425240055008e+00 1.629629629629629539e+00 1.244444444444444908e+00 1.199999999999999956e+00 2.000009999999999709e+05 1.395610425240054742e+00 8.256151843453429784e-01 2.356540970297581750e-01
