4.140097999676186080e-01 2.000020827169325785e+05 4.000021070175438072e+05 1.000015833333333285e+05 1.000017890908741101e+05 1.000017892274546030e+05 1.000015854166666832e+05 2.000017352708861581e+05 4.877200666666667094e+05 1.000015587813620077e+05 1.000013661007357005e+05 1.000014861842105311e+05 1.000014749999999913e+05 1.000015114117238845e+05 1.000013135455650336e+05 3.333537477674108959e+04 3.000015935307017644e+05 3.083351824561398244e+05 1.000012244786056544e+05 2.524455777622665919e+05 1.538367383154052082e+00 2.000015473264706961e+05 6.363813676415110240e+04 1.000018698924731289e+05 1.000018651520406856e+05
2.000020827169325785e+05 7.458303659801690522e-01 3.000015188596491353e+05 2.000018082236842019e+05 2.000017103070175508e+05 2.000018498903508880e+05 2.000018082236842019e+05 1.851501129123173106e+00 3.877205219221299049e+05 2.000016082236842194e+05 2.000012814000461949e+05 2.000016123744530778e+05 2.000017707236841961e+05 2.000013025833931461e+05 2.000015225388389081e+05 1.666684759575167263e+05 2.000016157894736680e+05 2.083351149579672783e+05 2.000012182255630614e+05 1.160815220722092199e+05 2.000017854166666220e+05 1.483327800715495748e+00 2.000018063115293917e+05 2.000017506098030426e+05 2.000016939091680688e+05
4.000021070175438072e+05 3.000015188596491353e+05 4.971697418913432921e+04 4.000016736842105165e+05 4.000016820175438188e+05 4.000015070175438304e+05 4.000016070175438654e+05 3.000017701754385489e+05 3.877198429978454951e+05 4.000019292397660320e+05 4.000013824561404181e+05 4.000016903508772375e+05 4.000016986842105398e+05 4.000013877192982472e+05 4.000016061403509811e+05 3.666681754385966342e+05 2.000013421052631456e+05 2.923540646543930634e+05 4.000014631578947883e+05 2.727292574162682868e+05 4.000017070175438421e+05 3.000019953216374270e+05 4.000018561403509229e+05 4.000016789473684039e+05 4.000017292397660785e+05
1.000015833333333285e+05 2.000018082236842019e+05 4.000016736842105165e+05 4.896693410022618931e-01 1.418371212121211977e+00 1.522456353335645662e+00 1.395113641486261935e+00 2.000018347531250038e+05 4.877199333333333489e+05 1.659611304012345689e+00 1.194653566919191778e+00 1.298705130674963515e+00 1.112659422302035628e+00 1.270987654320987703e+00 1.087455197132616957e+00 1.333351555555555096e+05 3.000015161435489426e+05 3.083349907894731150e+05 1.010595436002641012e+00 2.569908499652191240e+05 1.000018055555555620e+05 2.000015643640350318e+05 3.636551524665865145e+04 1.891496542205294284e+00 1.544245562833649332e+00
1.000017890908741392e+05 2.000017103070175508e+05 4.000016820175438188e+05 1.418371212121212199e+00 6.894845597878691557e-01 1.192022659952507224e+00 1.613825757575757303e+00 2.000017256868738914e+05 4.877201083333333372e+05 1.988699494949495161e+00 1.257218288041266563e+00 1.408392518939394433e+00 1.393371212121212066e+00 1.300863751147842251e+00 1.308739368486040666e+00 1.333348641909048893e+05 3.000018700063962024e+05 3.083351319353064173e+05 1.227387469040778667e+00 2.569907965612871631e+05 1.000014606359649479e+05 2.000016188594086561e+05 3.636529300243983016e+04 2.065623263133730347e+00 1.639970521749755550e+00
1.000017892274546030e+05 2.000018498903508880e+05 4.000015070175438304e+05 1.522456353335645662e+00 1.192022659952507224e+00 5.010468416560736049e-01 1.398437500000000000e+00 2.000019264197916782e+05 4.877199333333333489e+05 2.080555555555555713e+00 1.193166035353535603e+00 1.496047341489689320e+00 1.579166666666666385e+00 1.320785984848484862e+00 1.459677419354839190e+00 1.333346899969221267e+05 3.000019181834795163e+05 3.083348794179453398e+05 1.325612797113752128e+00 2.569910496179968759e+05 1.000016000000000058e+05 2.000017242598684388e+05 3.636556628612978966e+04 2.068412877039089270e+00 1.850166762578963287e+00
1.000015854166666832e+05 2.000018082236842019e+05 4.000016070175438654e+05 1.395113641486262157e+00 1.613825757575757303e+00 1.398437500000000000e+00 4.026940696593108715e-01 2.000016539898132032e+05 4.877199666666666744e+05 2.075607638888889106e+00 1.186829229797980112e+00 1.556195660859708951e+00 1.515625000000000222e+00 1.308285984848484684e+00 1.359677419354838879e+00 1.333349630208332965e+05 3.000017240428545629e+05 3.083349734283619910e+05 1.121489533224863333e+00 2.569910572568857460e+05 1.000018076388888876e+05 2.000017643640350725e+05 3.636586201368010370e+04 2.082150036549707650e+00 1.693805749022482710e+00
2.000017352708861581e+05 1.851501129123173106e+00 3.000017701754386071e+05 2.000018347531250038e+05 2.000017256868738623e+05 2.000019264197916782e+05 2.000016539898132032e+05 7.480562612677746914e-01 3.877205621421975666e+05 2.000019407281644526e+05 2.000014654154371819e+05 2.000014061885526462e+05 2.000018697562028829e+05 2.000015189799955406e+05 2.000015172096016468e+05 1.666685725069332111e+05 2.000021733552631631e+05 2.083357372807011707e+05 2.000013970466398750e+05 1.160820799484625895e+05 2.000014604414261412e+05 2.152844661982982633e+00 2.000016778540999512e+05 2.000017429669105913e+05 2.000016746157526213e+05
4.877200666666667094e+05 3.877205219221299049e+05 3.877198429978455533e+05 4.877199333333333489e+05 4.877201083333333372e+05 4.877199333333333489e+05 4.877199666666666744e+05 3.877205621421975666e+05 7.126205652215954615e+04 4.877202222222221899e+05 4.877201180363189778e+05 4.877200611111111939e+05 4.877201083333333954e+05 4.877201186826716294e+05 4.877199770852570073e+05 4.543870294552171254e+05 3.877200557710065041e+05 2.800728793666120037e+05 4.877200156663589296e+05 3.604474427656062180e+05 4.877205333333333256e+05 3.877202141582024633e+05 4.877204060326254694e+05 4.877203965527855325e+05 4.877201222222222132e+05
1.000015587813620077e+05 2.000016082236842194e+05 4.000019292397660320e+05 1.659611304012345689e+00 1.988699494949495161e+00 2.080555555555555713e+00 2.075607638888889106e+00 2.000019407281644526e+05 4.877202222222221899e+05 4.085196869432610733e-01 1.561407039141414099e+00 1.483333333333333615e+00 1.752777777777778434e+00 1.540340909090909260e+00 1.430772343623540444e+00 1.333353602150537190e+05 3.000015733050073031e+05 3.083350515919422614e+05 1.178135577926562982e+00 2.569908513429072627e+05 1.000020913580246997e+05 2.000012422538199753e+05 3.636558664784020220e+04 1.396824121145667563e+00 1.509382586712938679e+00
1.000013661007357005e+05 2.000012814000461949e+05 4.000013824561404181e+05 1.194653566919191778e+00 1.257218288041266563e+00 1.193166035353535603e+00 1.186829229797980112e+00 2.000014654154371819e+05 4.877201180363188614e+05 1.561407039141414099e+00 3.252540472981369502e-01 1.102820590338985829e+00 1.285321969696969546e+00 6.384991984496388717e-01 9.279281394581790909e-01 1.333344326323731802e+05 3.000012975717288209e+05 3.083348962627918227e+05 5.601698609896239578e-01 2.569906800360101042e+05 1.000011438785134815e+05 2.000014165205778845e+05 3.636510423520978657e+04 1.394895175152431444e+00 1.312374246497230335e+00
1.000014861842105311e+05 2.000016123744530778e+05 4.000016903508772375e+05 1.298705130674963515e+00 1.408392518939394433e+00 1.496047341489689320e+00 1.556195660859708951e+00 2.000014061885526462e+05 4.877200611111111939e+05 1.483333333333333615e+00 1.102820590338985829e+00 4.194352849984416265e-01 1.478125000000000133e+00 1.141867840245588406e+00 1.029784086790973552e+00 1.333350384579870442e+05 3.000017843293129117e+05 3.083351142269730917e+05 1.063266450160843979e+00 2.569908271211764077e+05 1.000016750730994099e+05 2.000015245234465401e+05 3.636531384244269429e+04 1.599319075886986852e+00 1.466747784071729344e+00
1.000014749999999913e+05 2.000017707236841961e+05 4.000016986842105398e+05 1.112659422302035628e+00 1.393371212121212066e+00 1.579166666666666385e+00 1.515625000000000222e+00 2.000018697562028829e+05 4.877201083333333954e+05 1.752777777777778434e+00 1.285321969696969546e+00 1.478125000000000133e+00 4.066871252148663296e-01 1.324999999999999956e+00 1.360719086021505708e+00 1.333351363852338400e+05 3.000014101973684155e+05 3.083352116228063824e+05 1.152175297113752217e+00 2.569910329513301840e+05 1.000017472222222132e+05 2.000015393640350667e+05 3.636558768939373113e+04 1.931195175438597422e+00 1.804656443466927440e+00
1.000015114117238845e+05 2.000013025833931461e+05 4.000013877192982472e+05 1.270987654320987703e+00 1.300863751147842251e+00 1.320785984848484862e+00 1.308285984848484684e+00 2.000015189799955406e+05 4.877201186826716876e+05 1.540340909090909260e+00 6.384991984496388717e-01 1.141867840245588406e+00 1.324999999999999956e+00 5.394834644641464116e-01 9.883536529246212954e-01 1.333345411184638215e+05 3.000013324789839098e+05 3.083349542072769254e+05 6.241802579824049513e-01 2.569906984604026657e+05 1.000013062923138059e+05 2.000013981161971169e+05 3.636511884755706706e+04 1.362192189141478327e+00 1.300422699780058755e+00
1.000013135455650336e+05 2.000015225388389081e+05 4.000016061403509811e+05 1.087455197132616957e+00 1.308739368486040666e+00 1.459677419354839190e+00 1.359677419354838879e+00 2.000015172096016468e+05 4.877199770852570073e+05 1.430772343623540444e+00 9.279281394581792020e-01 1.029784086790973552e+00 1.360719086021505708e+00 9.883536529246212954e-01 4.378115177478766329e-01 1.333349093428731139e+05 3.000014718635781901e+05 3.083348899122800794e+05 6.489677158478520669e-01 2.569906792152650887e+05 1.000014633547915291e+05 2.000013795427288569e+05 3.636513488956292713e+04 1.614620384055120983e+00 1.322158105508781656e+00
3.333537477674109687e+04 1.666684759575167263e+05 3.666681754385966342e+05 1.333351555555555096e+05 1.333348641909048602e+05 1.333346899969221267e+05 1.333349630208332965e+05 1.666685725069332111e+05 4.543870294552171254e+05 1.333353602150537190e+05 1.333344326323731802e+05 1.333350384579870442e+05 1.333351363852338400e+05 1.333345411184638215e+05 1.333349093428731139e+05 4.444506540733659494e+04 2.666683076982822968e+05 2.750020286549702869e+05 1.333345676503679715e+05 2.191125462087237684e+05 3.333472984342573909e+04 1.666685109043037228e+05 9.697126758760768280e+04 1.333350238904153521e+05 1.333352058966354234e+05
3.000015935307018226e+05 2.000016157894736680e+05 2.000013421052631456e+05 3.000015161435489426e+05 3.000018700063962024e+05 3.000019181834795163e+05 3.000017240428545629e+05 2.000021733552631631e+05 3.877200557710065041e+05 3.000015733050073031e+05 3.000012975717288209e+05 3.000017843293129117e+05 3.000014101973684155e+05 3.000013324789839098e+05 3.000014718635781901e+05 2.666683076982822968e+05 4.759444836084196218e-01 1.771520013843667111e+05 3.000011576571637415e+05 1.157398018942195049e+05 3.000019713084794930e+05 2.000013474597952736e+05 3.000020404833698994e+05 3.000016650264985510e+05 3.000017202234100550e+05
3.083351824561398244e+05 2.083351149579673074e+05 2.923540646543930634e+05 3.083349907894731150e+05 3.083351319353064755e+05 3.083348794179453398e+05 3.083349734283619910e+05 2.083357372807011707e+05 2.800728793666120037e+05 3.083350515919422614e+05 3.083348962627918227e+05 3.083351142269730917e+05 3.083352116228064406e+05 3.083349542072769254e+05 3.083348899122800794e+05 2.750020286549702869e+05 1.771520013843667111e+05 7.586363398346213216e+04 3.083348247076018015e+05 1.632915624565519975e+05 3.083355676413249457e+05 2.083349752934123680e+05 3.083355044184529688e+05 3.083353920595754753e+05 3.083351449657848570e+05
1.000012244786056544e+05 2.000012182255630614e+05 4.000014631578947883e+05 1.010595436002641012e+00 1.227387469040778667e+00 1.325612797113752128e+00 1.121489533224863333e+00 2.000013970466398750e+05 4.877200156663589296e+05 1.178135577926562982e+00 5.601698609896239578e-01 1.063266450160843979e+00 1.152175297113752217e+00 6.241802579824049513e-01 6.489677158478520669e-01 1.333345676503679715e+05 3.000011576571637415e+05 3.083348247076018015e+05 1.881525903852110382e-01 2.569904665791350126e+05 1.000012596503018140e+05 2.000011353869235027e+05 3.636502672456194705e+04 1.275265574891530029e+00 1.034297298376378293e+00
2.524455777622665919e+05 1.160815220722092199e+05 2.727292574162683450e+05 2.569908499652190658e+05 2.569907965612871340e+05 2.569910496179968759e+05 2.569910572568857460e+05 1.160820799484625750e+05 3.604474427656062180e+05 2.569908513429072627e+05 2.569906800360101042e+05 2.569908271211764077e+05 2.569910329513301840e+05 2.569906984604026366e+05 2.569906792152650596e+05 2.191125462087237684e+05 1.157398018942195486e+05 1.632915624565519975e+05 2.569904665791350126e+05 1.172054309766974184e+05 2.524457281550650368e+05 1.160814411247637036e+05 2.553379271034929261e+05 2.569909814265784808e+05 2.569906062105220044e+05
1.538367383154052082e+00 2.000017854166666220e+05 4.000017070175438421e+05 1.000018055555555620e+05 1.000014606359649188e+05 1.000016000000000058e+05 1.000018076388888876e+05 2.000014604414261412e+05 4.877205333333333256e+05 1.000020913580246997e+05 1.000011438785134815e+05 1.000016750730994099e+05 1.000017472222222132e+05 1.000013062923138059e+05 1.000014633547915291e+05 3.333472984342572454e+04 3.000019713084794930e+05 3.083355676413249457e+05 1.000012596503018140e+05 2.524457281550650951e+05 4.727172178074591224e-01 2.000021223614779301e+05 6.363774058117987443e+04 1.000018500000000058e+05 1.000017246515332663e+05
2.000015473264706961e+05 1.483327800715495970e+00 3.000019953216374852e+05 2.000015643640350318e+05 2.000016188594086561e+05 2.000017242598684388e+05 2.000017643640350725e+05 2.152844661982982633e+00 3.877202141582024633e+05 2.000012422538199753e+05 2.000014165205778845e+05 2.000015245234465401e+05 2.000015393640350667e+05 2.000013981161971169e+05 2.000013795427288569e+05 1.666685109043037228e+05 2.000013474597953027e+05 2.083349752934123680e+05 2.000011353869235027e+05 1.160814411247637036e+05 2.000021223614779301e+05 6.623159868286219165e-01 2.000019426668745582e+05 2.000017612607500341e+05 2.000017294829704042e+05
6.363813676415110967e+04 2.000018063115293917e+05 4.000018561403509229e+05 3.636551524665865145e+04 3.636529300243982289e+04 3.636556628612978966e+04 3.636586201368010370e+04 2.000016778540999512e+05 4.877204060326254694e+05 3.636558664784020220e+04 3.636510423520978657e+04 3.636531384244270157e+04 3.636558768939373113e+04 3.636511884755706706e+04 3.636513488956293440e+04 9.697126758760768280e+04 3.000020404833698412e+05 3.083355044184529688e+05 3.636502672456195432e+04 2.553379271034929261e+05 6.363774058117988170e+04 2.000019426668745582e+05 4.628162036992792855e+04 3.636527840636756446e+04 3.636542813113614829e+04
1.000018698924731289e+05 2.000017506098030426e+05 4.000016789473684039e+05 1.891496542205294284e+00 2.065623263133730347e+00 2.068412877039089270e+00 2.082150036549707650e+00 2.000017429669105913e+05 4.877203965527855325e+05 1.396824121145667563e+00 1.394895175152431444e+00 1.599319075886986852e+00 1.931195175438597422e+00 1.362192189141478105e+00 1.614620384055120983e+00 1.333350238904153521e+05 3.000016650264985510e+05 3.083353920595754753e+05 1.275265574891530251e+00 2.569909814265784516e+05 1.000018500000000058e+05 2.000017612607500341e+05 3.636527840636756446e+04 6.845570065865026477e-01 1.366161257362747961e+00
1.000018651520406856e+05 2.000016939091680688e+05 4.000017292397660785e+05 1.544245562833649332e+00 1.639970521749755550e+00 1.850166762578963731e+00 1.693805749022482710e+00 2.000016746157526213e+05 4.877201222222222132e+05 1.509382586712938679e+00 1.312374246497230335e+00 1.466747784071729122e+00 1.804656443466927440e+00 1.300422699780058755e+00 1.322158105508781656e+00 1.333352058966353943e+05 3.000017202234100550e+05 3.083351449657847988e+05 1.034297298376378293e+00 2.569906062105220044e+05 1.000017246515332663e+05 2.000017294829704042e+05 3.636542813113614829e+04 1.366161257362747961e+00 5.783209815783154628e-01
