2.628093468357151075e-01 1.818193674775928375e+05 9.091005361493215605e+04 9.091037506387023313e+04 1.818194534696073388e+05 1.104895104895104563e+00 9.091007196969694633e+04 9.737723422107625870e-01 4.545461818181818817e+05 3.572352496798971551e+05 1.818196375291376025e+05 1.818194125874126039e+05 9.091033952576859156e+04 2.517494932759544463e+05 1.148892773892773889e+00 4.545459027777778101e+05 1.454545454545454364e+00 1.363649071969696088e+05 9.091005145031027496e+04 1.590923223431497463e+05 1.026556190288584691e+00 1.818194459386767412e+05 4.545460000000000582e+05 3.636372708333333721e+05 9.091049626068373618e+04
1.818193674775928375e+05 4.442498907944740782e-01 1.818192112183591526e+05 1.818195587448077567e+05 9.091034469835693017e+04 1.818195887528453895e+05 1.818193068156145164e+05 1.818195060105618904e+05 4.545463386994950124e+05 3.572352399386892212e+05 9.091085271455881593e+04 9.091043715561630961e+04 1.818194949737907154e+05 2.365980506600823719e+05 1.818196941821381915e+05 3.712128469065656536e+05 1.818198939927443571e+05 9.091047752614151977e+04 1.818194890055392461e+05 1.590922792187397135e+05 1.818194773671164585e+05 9.091069868922159367e+04 4.545460189393939800e+05 3.636372727272727643e+05 1.818196957806466962e+05
9.091005361493215605e+04 1.818192112183591526e+05 3.373360487662631635e-01 1.406643957774686093e+00 1.818191351580835180e+05 9.091015683275058109e+04 7.319243855397397081e-01 9.091003246406371181e+04 4.545460000000000582e+05 3.572352663654243224e+05 1.818194909263272421e+05 1.818194381425725296e+05 1.372268356643356668e+00 2.517492424506348907e+05 9.091027993881104339e+04 4.545458437500001164e+05 9.091052236305360566e+04 1.363645538680069149e+05 1.160547785547785704e+00 1.590920297202797956e+05 9.091006501772871707e+04 1.818193241027661716e+05 4.545460000000000582e+05 3.636371392045455286e+05 1.204747144221578692e+00
9.091037506387023313e+04 1.818195587448077567e+05 1.406643957774686093e+00 4.400561231237186122e-01 1.818197292594663159e+05 9.091025818039552541e+04 1.003972726671596094e+00 9.091047408948639350e+04 4.545460088383839466e+05 3.572352139656830113e+05 1.818194162413662998e+05 1.818191556203968357e+05 1.182508037819484104e+00 2.517498504766736587e+05 9.091033141271861678e+04 4.545461111111111823e+05 9.091048292787026730e+04 1.363650721620589320e+05 1.019105976678879255e+00 1.590926717543041741e+05 9.091009660527265805e+04 1.818196615450277750e+05 4.545462121212121565e+05 3.636375795454545296e+05 1.558525394793000896e+00
1.818194534696073388e+05 9.091034469835693017e+04 1.818191351580835180e+05 1.818197292594663159e+05 3.278304562085250229e-01 1.818195377179852512e+05 1.818192701657018624e+05 1.818194355696949060e+05 4.545461856060607242e+05 3.572351998070364352e+05 1.887069329863418465e+00 9.091062733021982422e+04 1.818195705998690100e+05 2.517493966231248342e+05 1.818195947285868169e+05 4.545460000000000582e+05 1.818198181818182056e+05 8.333455849377744016e+04 1.818195603447997419e+05 1.590922817900211958e+05 1.818193537211648363e+05 9.091060325481672771e+04 4.545460909090909990e+05 3.636372727272727643e+05 1.818195858122486970e+05
1.104895104895104563e+00 1.818195887528453895e+05 9.091015683275058109e+04 9.091025818039552541e+04 1.818195377179852512e+05 2.331274959473729758e-01 9.090978612129276735e+04 1.259524925910563864e+00 4.545460905934344046e+05 3.572350464874890749e+05 1.818193106060606951e+05 1.818193009294598305e+05 9.091015977523064066e+04 2.517495692869746417e+05 1.081260181661887421e+00 4.545460984848485678e+05 9.652777777777779011e-01 1.363649418764238362e+05 9.091009090738097439e+04 1.590922015007242735e+05 5.898327768244453484e-01 1.818194833546735463e+05 4.545461742424243130e+05 3.636371543560606660e+05 9.091031470959595754e+04
9.091007196969694633e+04 1.818193068156145164e+05 7.319243855397397081e-01 1.003972726671596094e+00 1.818192701657018624e+05 9.090978612129276735e+04 1.393240829240630918e-01 9.091008928678774100e+04 4.545459927398990840e+05 3.572349657707051374e+05 1.818191212158782873e+05 1.818190858117332682e+05 1.009778903897134317e+00 2.517492825260020327e+05 9.090990814581779705e+04 4.545460981691920315e+05 9.091018181818182347e+04 1.363647513185438875e+05 7.414063074398327124e-01 1.590921761382422410e+05 9.090967248006902810e+04 1.818194001813914219e+05 4.545460946969697834e+05 3.636373181818181765e+05 9.373710698534643004e-01
9.737723422107625870e-01 1.818195060105618904e+05 9.091003246406371181e+04 9.091047408948639350e+04 1.818194355696949060e+05 1.259524925910563864e+00 9.091008928678774100e+04 4.144290197643084039e-01 4.545460946969698416e+05 3.572354108453355148e+05 1.818196037296037830e+05 1.818196282831019489e+05 9.091038960598850099e+04 2.517494512622100301e+05 9.562739672216958864e-01 4.545460909090909408e+05 1.480361906492634549e+00 1.363649115281208360e+05 9.091023326849208388e+04 1.590924587067860994e+05 1.118675609331080789e+00 1.818193445059815713e+05 4.545461818181818817e+05 3.636372608901515487e+05 9.091059469696971064e+04
4.545461818181818817e+05 4.545463386994950124e+05 4.545460000000000582e+05 4.545460088383839466e+05 4.545461856060606660e+05 4.545460905934344046e+05 4.545459927398990840e+05 4.545460946969697834e+05 8.938538902126303583e+04 2.727283491161616403e+05 4.545461174242424895e+05 4.545461963383838884e+05 4.545461505681819399e+05 2.937070378787882510e+05 4.545461240530302166e+05 2.280205997009497369e+05 4.545460946969697834e+05 4.545461051136362366e+05 4.545461666666667443e+05 4.318189081439394504e+05 4.545460037878789008e+05 4.545460946969697834e+05 1.303052583169987483e+05 2.727282543706293218e+05 4.545462654671717319e+05
3.572352496798971551e+05 3.572352399386892212e+05 3.572352663654243224e+05 3.572352139656830113e+05 3.572351998070364352e+05 3.572350464874890749e+05 3.572349657707050792e+05 3.572354108453355148e+05 2.727283491161616403e+05 1.190286755956035449e+04 3.572353579947456601e+05 3.572351840252100956e+05 3.572351644526243908e+05 1.888205028478355380e+05 3.572352515742121614e+05 2.727280984848485678e+05 3.572353797304022009e+05 3.572355538835331681e+05 3.572350647051496780e+05 3.345081272940670024e+05 3.572350197922486113e+05 3.572356069142121123e+05 2.572549198643387354e+05 6.403511979073909060e+03 3.572351316243415349e+05
1.818196375291376025e+05 9.091085271455881593e+04 1.818194909263272421e+05 1.818194162413662998e+05 1.887069329863418243e+00 1.818193106060606951e+05 1.818191212158782873e+05 1.818196037296037830e+05 4.545461174242424895e+05 3.572353579947456601e+05 3.778610720375747412e-01 9.091053676937305136e+04 1.818196044054911472e+05 2.517497454173365841e+05 1.818193409090908244e+05 4.545461060606061947e+05 1.818194545454545587e+05 8.333457058377601788e+04 1.818194064331379777e+05 1.590926492458808061e+05 1.818192197380085126e+05 9.091044459765587817e+04 4.545461818181818817e+05 3.636373825757576269e+05 1.818195667324654933e+05
1.818194125874126039e+05 9.091043715561630961e+04 1.818194381425725296e+05 1.818191556203968357e+05 9.091062733021982422e+04 1.818193009294598305e+05 1.818190858117332682e+05 1.818196282831019489e+05 4.545461963383838884e+05 3.572351840252100956e+05 9.091053676937305136e+04 4.040466154190496309e+04 1.818194149707130564e+05 2.290224447320108011e+05 1.818193771760808886e+05 4.545461556186869275e+05 1.818194435217560676e+05 6.565793153604012332e+04 1.818191425497579330e+05 9.848649329836828110e+04 1.818191764462063729e+05 6.060750091507133038e+04 4.545460946969697834e+05 3.636375757575758034e+05 1.818195454788267962e+05
9.091033952576859156e+04 1.818194949737907154e+05 1.372268356643356668e+00 1.182508037819484104e+00 1.818195705998690100e+05 9.091015977523064066e+04 1.009778903897134317e+00 9.091038960598850099e+04 4.545461505681819399e+05 3.572351644526243908e+05 1.818196044054911472e+05 1.818194149707130564e+05 4.408142270202220492e-01 2.517496528547492344e+05 9.091027052212253329e+04 4.545463276515152538e+05 9.091049085040550563e+04 1.363652256188646425e+05 1.175613623182023781e+00 1.590925347874700674e+05 9.091010642174725945e+04 1.818197878787878726e+05 4.545464242424243130e+05 3.636374048295455286e+05 1.122180636265143416e+00
2.517494932759545045e+05 2.365980506600823719e+05 2.517492424506349489e+05 2.517498504766736587e+05 2.517493966231248342e+05 2.517495692869746999e+05 2.517492825260020618e+05 2.517494512622101174e+05 2.937070378787882510e+05 1.888205028478355380e+05 2.517497454173366132e+05 2.290224447320108302e+05 2.517496528547492344e+05 6.889221215317315364e+04 2.517495814427748846e+05 2.798181827651518979e+05 2.517499055944052234e+05 2.517495930910237075e+05 2.517496368066769210e+05 2.290221500605289475e+05 2.517495018603766221e+05 1.835679309506849095e+05 2.937071461359157111e+05 1.952224112874309358e+05 2.517494926179335453e+05
1.148892773892773889e+00 1.818196941821381915e+05 9.091027993881104339e+04 9.091033141271861678e+04 1.818195947285868169e+05 1.081260181661887421e+00 9.090990814581779705e+04 9.562739672216958864e-01 4.545461240530302166e+05 3.572352515742121614e+05 1.818193409090908244e+05 1.818193771760808886e+05 9.091027052212253329e+04 2.517495814427748264e+05 2.748678012018617722e-01 4.545462727272727061e+05 1.287878787878787845e+00 1.363649820113326132e+05 9.091001451849195291e+04 1.590924738583011494e+05 8.568598217229439484e-01 1.818194672838897095e+05 4.545463409090908826e+05 3.636373276515150210e+05 9.091046306818167795e+04
4.545459027777778101e+05 3.712128469065656536e+05 4.545458437500001164e+05 4.545461111111111823e+05 4.545460000000000582e+05 4.545460984848485678e+05 4.545460981691920315e+05 4.545460909090909408e+05 2.280205997009497369e+05 2.727280984848485678e+05 4.545461060606061947e+05 4.545461556186869275e+05 4.545463276515152538e+05 2.798181827651518979e+05 4.545462727272727061e+05 1.388906956398188777e+04 4.545461818181818817e+05 4.545459905303029227e+05 4.545461493055556202e+05 4.318189166666667443e+05 4.545460909090909408e+05 4.545460000000001164e+05 2.651521558857808704e+05 2.727280742278554826e+05 4.545462910353536136e+05
1.454545454545454364e+00 1.818198939927443571e+05 9.091052236305360566e+04 9.091048292787026730e+04 1.818198181818182056e+05 9.652777777777779011e-01 9.091018181818182347e+04 1.480361906492634549e+00 4.545460946969697834e+05 3.572353797304022009e+05 1.818194545454545587e+05 1.818194435217560676e+05 9.091049085040550563e+04 2.517499055944052234e+05 1.287878787878787845e+00 4.545461818181818817e+05 3.001203264543871319e-01 1.363648749999999127e+05 9.091022190485573083e+04 1.590926177976951876e+05 6.821505958829900962e-01 1.818193636363636761e+05 4.545462727272728807e+05 3.636375123106060200e+05 9.091059090909092629e+04
1.363649071969696088e+05 9.091047752614151977e+04 1.363645538680069149e+05 1.363650721620589320e+05 8.333455849377744016e+04 1.363649418764238362e+05 1.363647513185438875e+05 1.363649115281208360e+05 4.545461051136362366e+05 3.572355538835332845e+05 8.333457058377601788e+04 6.565793153604010877e+04 1.363652256188646425e+05 2.517495930910237366e+05 1.363649820113326132e+05 4.545459905303029227e+05 1.363648749999999127e+05 5.176792543598282646e+04 1.363650080764305312e+05 1.212134835280622792e+05 1.363647729494021914e+05 9.090991150398881291e+04 4.545460795454544714e+05 3.636371803977271193e+05 1.363649611742423731e+05
9.091005145031027496e+04 1.818194890055392461e+05 1.160547785547785704e+00 1.019105976678879255e+00 1.818195603447997419e+05 9.091009090738097439e+04 7.414063074398327124e-01 9.091023326849208388e+04 4.545461666666667443e+05 3.572350647051496780e+05 1.818194064331379777e+05 1.818191425497579330e+05 1.175613623182023781e+00 2.517496368066768628e+05 9.091001451849195291e+04 4.545461493055556202e+05 9.091022190485573083e+04 1.363650080764305312e+05 3.221290838440783455e-01 1.590924287195810757e+05 9.090979012771263660e+04 1.818195804195804521e+05 4.545461666666668025e+05 3.636375113636364113e+05 1.327016425682364886e+00
1.590923223431497463e+05 1.590922792187397135e+05 1.590920297202797665e+05 1.590926717543041450e+05 1.590922817900211958e+05 1.590922015007242735e+05 1.590921761382422410e+05 1.590924587067860994e+05 4.318189081439394504e+05 3.345081272940670024e+05 1.590926492458808061e+05 9.848649329836828110e+04 1.590925347874700674e+05 2.290221500605289184e+05 1.590924738583011494e+05 4.318189166666667443e+05 1.590926177976951876e+05 1.212134835280622792e+05 1.590924287195810757e+05 6.818221189879352460e+04 1.590921812857037003e+05 1.590925192307692778e+05 4.318189318181818235e+05 3.409097954545454704e+05 1.590924579636376002e+05
1.026556190288584691e+00 1.818194773671164585e+05 9.091006501772871707e+04 9.091009660527265805e+04 1.818193537211648363e+05 5.898327768244453484e-01 9.090967248006902810e+04 1.118675609331080789e+00 4.545460037878789008e+05 3.572350197922486113e+05 1.818192197380085126e+05 1.818191764462063729e+05 9.091010642174725945e+04 2.517495018603766221e+05 8.568598217229439484e-01 4.545460909090909408e+05 6.821505958829903182e-01 1.363647729494021914e+05 9.090979012771263660e+04 1.590921812857036712e+05 1.818708930769839527e-01 1.818193055254604842e+05 4.545461818181818817e+05 3.636371818181818817e+05 9.091031064709938073e+04
1.818194459386767412e+05 9.091069868922159367e+04 1.818193241027661716e+05 1.818196615450277750e+05 9.091060325481672771e+04 1.818194833546735463e+05 1.818194001813914219e+05 1.818193445059815713e+05 4.545460946969697834e+05 3.572356069142121123e+05 9.091044459765587817e+04 6.060750091507133038e+04 1.818197878787878726e+05 1.835679309506849386e+05 1.818194672838897095e+05 4.545460000000000582e+05 1.818193636363636761e+05 9.090991150398881291e+04 1.818195804195804521e+05 1.590925192307692778e+05 1.818193055254604842e+05 3.838720448214907877e-01 4.545460909090909408e+05 3.636372272727272939e+05 1.818197234848485095e+05
4.545460000000000582e+05 4.545460189393939800e+05 4.545460000000000582e+05 4.545462121212121565e+05 4.545460909090909990e+05 4.545461742424243130e+05 4.545460946969697834e+05 4.545461818181818817e+05 1.303052583169987483e+05 2.572549198643386480e+05 4.545461818181818817e+05 4.545460946969697834e+05 4.545464242424243130e+05 2.937071461359157111e+05 4.545463409090908826e+05 2.651521558857809287e+05 4.545462727272728807e+05 4.545460795454544714e+05 4.545461666666668025e+05 4.318189318181818235e+05 4.545461818181818817e+05 4.545460909090909990e+05 8.707691413827806537e+04 2.560829645896654984e+05 4.545463674242424895e+05
3.636372708333333721e+05 3.636372727272727643e+05 3.636371392045455286e+05 3.636375795454545296e+05 3.636372727272727643e+05 3.636371543560606660e+05 3.636373181818181765e+05 3.636372608901515487e+05 2.727282543706294382e+05 6.403511979073909060e+03 3.636373825757576269e+05 3.636375757575758034e+05 3.636374048295455286e+05 1.952224112874309358e+05 3.636373276515150210e+05 2.727280742278554826e+05 3.636375123106060200e+05 3.636371803977271193e+05 3.636375113636364113e+05 3.409097954545454704e+05 3.636371818181818817e+05 3.636372272727273521e+05 2.560829645896654984e+05 3.337367749329095412e-01 3.636374436553030973e+05
9.091049626068373618e+04 1.818196957806466962e+05 1.204747144221578692e+00 1.558525394793000673e+00 1.818195858122486970e+05 9.091031470959595754e+04 9.373710698534643004e-01 9.091059469696971064e+04 4.545462654671717319e+05 3.572351316243415931e+05 1.818195667324654933e+05 1.818195454788267962e+05 1.122180636265143416e+00 2.517494926179335162e+05 9.091046306818167795e+04 4.545462910353536136e+05 9.091059090909092629e+04 1.363649611742423731e+05 1.327016425682364886e+00 1.590924579636376293e+05 9.091031064709938073e+04 1.818197234848485095e+05 4.545463674242424895e+05 3.636374436553030973e+05 2.786556799897406123e-01
