5.276010625973489576e-01 8.001134931035618138e+03 4.720282442715009529e+04 1.244225022145908151e+05 5.771413452742757727e+03 4.335116901754655410e+05 9.200132614677063248e+04 3.149854519799094996e+05 7.711254386933128990e+04 1.564046219141696347e+05 9.675364408102214986e-01 8.001386730144802641e+03 8.001318203759155949e+03 1.097157946743026405e+05 2.340943007759412576e+05 9.501392618782627324e+03 1.040014960521905305e+05 2.621416698949230777e+05 3.903039440193525515e+05 3.200133652706958674e+04 1.127288412218343437e+05 1.331444682421402540e+05 1.884276210968577070e+05 1.039685459453163485e+00 2.376941811414717085e+04
8.001134931035618138e+03 6.135283331112451055e-01 4.720304864583570452e+04 1.244227449633554788e+05 2.230412565948935026e+03 4.335115729850978823e+05 9.200155147293630580e+04 3.149855908980196691e+05 7.711250427530684101e+04 1.564045665157344192e+05 8.001275043282239494e+03 3.542271456849656261e+03 1.139450266868286210e+00 1.097157580456389260e+05 2.340944464854236285e+05 9.501481404590989769e+03 1.040014531116330181e+05 2.621415791673254280e+05 3.903040917987670400e+05 3.200158429768477436e+04 1.127288133418896323e+05 1.331444643389287521e+05 1.884278017822846887e+05 8.001368216223963827e+03 2.376968444691898912e+04
4.720282442715009529e+04 4.720304864583570452e+04 1.250298661316483049e+04 1.107286986379082955e+05 4.720286026099840092e+04 4.335119076981692924e+05 5.279993585594848264e+04 3.149857412328274804e+05 3.738650254738464719e+04 1.564049517820807232e+05 4.720294871934409457e+04 4.720314599709824688e+04 4.720311119773832615e+04 8.497119093021022854e+04 2.340946889726720983e+05 4.570312079379057832e+04 6.480027440285991179e+04 2.621420635118892533e+05 3.903041783030427177e+05 1.533401141860690586e+04 9.240273846333741676e+04 1.288276339603684464e+05 1.884280263490235084e+05 4.720300004042571527e+04 3.143486648168788815e+04
1.244225022145908151e+05 1.244227449633554788e+05 1.107286986379082955e+05 1.772848240152818107e+04 1.244226006875813473e+05 4.068453692834872636e+05 7.308956170520151500e+04 2.883192365381226991e+05 8.647855760547881073e+04 9.789077009917650139e+04 1.244226750438119343e+05 1.244229446626857389e+05 1.244229302706198068e+05 4.091872936211642809e+04 2.056828674431032268e+05 1.244229479816384701e+05 6.108959386515426013e+04 2.354754182523825439e+05 3.636375963491828879e+05 1.190895085239420296e+05 3.328203045234146703e+04 4.033248560296618962e+04 1.530318682310743316e+05 1.244227427114601305e+05 1.208672713039837108e+05
5.771413452742755908e+03 2.230412565948934571e+03 4.720286026099840092e+04 1.244226006875813473e+05 3.216819954199503172e+03 4.335115139174805954e+05 9.200137741395051125e+04 3.149855672010320122e+05 7.711233960153668886e+04 1.564044713139607920e+05 5.771630212537640546e+03 4.784850779736087134e+03 2.230544449824843468e+03 1.097156098329090892e+05 2.340944293172737525e+05 9.501332172679909490e+03 1.040013031156289944e+05 2.621415368087087700e+05 3.903040459849451436e+05 3.200137191794972023e+04 1.127286699682856997e+05 1.331443317437984224e+05 1.884277228386428906e+05 5.771684195406695835e+03 2.376948280884306951e+04
4.335116901754655410e+05 4.335115729850978823e+05 4.335119076981692924e+05 4.068453692834872636e+05 4.335115139174805954e+05 1.374609724756407668e+05 4.255119159990978078e+05 3.384574047480337322e+05 4.335118572795158834e+05 3.721205502964075422e+05 4.335116943353847601e+05 4.335117346715328749e+05 4.335116308961987961e+05 4.117976146160455537e+05 3.555922568980036303e+05 4.335117832538552466e+05 4.175118521705370513e+05 3.382516875326053705e+05 2.810149648394547403e+05 4.335119271125836531e+05 4.095118995283526601e+05 3.980833188169440255e+05 3.410674892143885954e+05 4.335117595249587321e+05 4.335118178146641003e+05
9.200132614677063248e+04 9.200155147293630580e+04 5.279993585594848264e+04 7.308956170520151500e+04 9.200137741395051125e+04 4.255119159990978078e+05 1.200076066069514309e+04 3.069857903596728574e+05 1.541497180070137074e+04 1.404049426433220506e+05 9.200147690851437801e+04 9.200165828039693588e+04 9.200163531504846469e+04 4.017251837025691202e+04 2.260946818603723077e+05 9.050163228847304708e+04 1.908355522437717082e+04 2.541420814664103382e+05 3.823042696834285161e+05 6.800157292154370225e+04 4.809141343162237899e+04 1.005884017166686390e+05 1.768724491122113832e+05 9.200151481698098360e+04 7.623343896724931255e+04
3.149854519799094996e+05 3.149855908980196691e+05 3.149857412328274804e+05 2.883192365381226409e+05 3.149855672010320122e+05 3.384574047480337322e+05 3.069857903596728574e+05 1.290469612723595783e+05 3.149859160565285711e+05 2.530083089674368675e+05 3.149854471634285292e+05 3.149857413111717906e+05 3.149856986870930414e+05 2.932717190647061216e+05 1.875034616689669492e+05 3.149856789906069753e+05 2.989859205531718326e+05 2.063462669615242339e+05 2.644944784113686183e+05 3.149857516087022959e+05 2.909859194638465415e+05 2.795574593319708365e+05 2.404240025031204277e+05 3.149855457925876835e+05 3.149856864556043292e+05
7.711254386933128990e+04 7.711250427530684101e+04 3.738650254738464719e+04 8.647855760547878162e+04 7.711233960153668886e+04 4.335118572795158834e+05 1.541497180070137074e+04 3.149859160565285711e+05 5.561260870176347453e+03 1.492937269842237874e+05 7.711267897963536961e+04 7.711257380032300716e+04 7.711257007463669288e+04 5.506138911402849044e+04 2.340948395690262842e+05 7.561274342673405772e+04 3.403260200158439693e+04 2.621419483607810107e+05 3.903043408038449707e+05 5.259671434694190248e+04 6.298023896043902641e+04 1.114771912014302943e+05 1.852677013806808100e+05 7.711272752741727163e+04 6.134465378498539940e+04
1.564046219141696347e+05 1.564045665157344192e+05 1.564049517820807232e+05 9.789077009917650139e+04 1.564044713139607920e+05 3.721205502964075422e+05 1.404049426433220506e+05 2.530083089674368675e+05 1.492937269842237874e+05 2.568837946854543770e+04 1.564047434656092082e+05 1.564047806223229563e+05 1.564047494618626079e+05 1.177385319160621584e+05 1.574082647034087277e+05 1.564049279523737787e+05 1.324048553018663079e+05 1.948363867263666471e+05 3.243044209407771123e+05 1.564050006593664875e+05 1.144465708233112673e+05 7.592245553269067022e+04 9.071702545832410397e+04 1.564048418721528433e+05 1.564049419902440568e+05
9.675364408102216096e-01 8.001275043282239494e+03 4.720294871934409457e+04 1.244226750438119343e+05 5.771630212537641455e+03 4.335116943353847601e+05 9.200147690851437801e+04 3.149854471634285292e+05 7.711267897963538417e+04 1.564047434656092082e+05 5.921853664690490682e-01 8.001485269119805707e+03 8.001390023406634100e+03 1.097159446371591184e+05 2.340943395156549523e+05 9.501503363651716427e+03 1.040016364068503462e+05 2.621416996941833349e+05 3.903039584078968619e+05 3.200146304353578671e+04 1.127289997486024658e+05 1.331446002382128208e+05 1.884276960699151969e+05 1.109139433084003645e+00 2.376957749425064685e+04
8.001386730144805369e+03 3.542271456849656715e+03 4.720314599709824688e+04 1.244229446626857389e+05 4.784850779736087134e+03 4.335117346715328749e+05 9.200165828039693588e+04 3.149857413111717906e+05 7.711257380032300716e+04 1.564047806223229563e+05 8.001485269119807526e+03 3.948041302184213691e+03 3.542241329023601338e+03 1.097159646179743722e+05 2.340947066619142424e+05 5.960331742645235863e+03 1.040016030414465204e+05 2.621417654371708340e+05 3.903042219645114383e+05 3.194359642283653375e+04 1.127290389182016079e+05 1.331446293548791145e+05 1.884280688397480699e+05 8.001525593922765438e+03 2.022865043081969998e+04
8.001318203759155949e+03 1.139450266868286210e+00 4.720311119773832615e+04 1.244229302706198068e+05 2.230544449824843468e+03 4.335116308961987961e+05 9.200163531504846469e+04 3.149856986870930414e+05 7.711257007463669288e+04 1.564047494618626079e+05 8.001390023406634100e+03 3.542241329023600883e+03 6.144462417079957772e-01 1.097158964088552457e+05 2.340946190063619288e+05 9.501490567863223987e+03 1.040015770745534246e+05 2.621417214350632858e+05 3.903041752407158492e+05 3.200167572050845047e+04 1.127289575062967342e+05 1.331446078781395045e+05 1.884279635294807667e+05 8.001403758647486939e+03 2.376968708003001666e+04
1.097157946743026405e+05 1.097157580456389260e+05 8.497119093021025765e+04 4.091872936211642809e+04 1.097156098329090601e+05 4.117976146160455537e+05 4.017251837025691202e+04 2.932717190647061216e+05 5.506138911402849044e+04 1.177385319160621439e+05 1.097159446371591184e+05 1.097159646179743577e+05 1.097158964088552457e+05 9.630179344261952792e+03 2.123805436032690341e+05 1.096222872808142420e+05 2.573417871611953524e+04 2.404276607452329190e+05 3.685902173939346103e+05 1.001725457694447687e+05 1.291029450958816415e+04 7.041735048660394386e+04 1.631582428718841984e+05 1.097159948579308402e+05 1.035651520676267974e+05
2.340943007759412576e+05 2.340944464854236285e+05 2.340946889726720983e+05 2.056828674431032268e+05 2.340944293172737234e+05 3.555922568980036303e+05 2.260946818603722495e+05 1.875034616689669492e+05 2.340948395690262842e+05 1.574082647034086986e+05 2.340943395156549523e+05 2.340947066619142133e+05 2.340946190063619288e+05 2.123805436032690341e+05 5.994083105471403542e+04 2.340946534408887965e+05 2.180948183762795525e+05 1.440529216083767533e+05 3.039401425366578624e+05 2.340946426821913337e+05 2.100948632345221413e+05 1.955083855341203453e+05 1.314699910791100992e+05 2.340944286512634717e+05 2.340946833080887154e+05
9.501392618782627324e+03 9.501481404590989769e+03 4.570312079379057832e+04 1.244229479816384701e+05 9.501332172679909490e+03 4.335117832538553048e+05 9.050163228847304708e+04 3.149856789906069753e+05 7.561274342673405772e+04 1.564049279523737787e+05 9.501503363651716427e+03 5.960331742645235863e+03 9.501490567863223987e+03 1.096222872808142420e+05 2.340946534408887965e+05 2.438236923543058310e+03 1.025017266685411450e+05 2.621418246295267891e+05 3.903041915326136514e+05 3.037034994109271065e+04 1.127290725065266015e+05 1.331447652064508293e+05 1.884280318940326397e+05 9.501540107781540428e+03 1.426942606705472645e+04
1.040014960521905305e+05 1.040014531116330181e+05 6.480027440285991179e+04 6.108959386515426013e+04 1.040013031156289944e+05 4.175118521705370513e+05 1.908355522437717082e+04 2.989859205531718326e+05 3.403260200158439693e+04 1.324048553018663079e+05 1.040016364068503462e+05 1.040016030414465204e+05 1.040015770745534101e+05 2.573417871611952796e+04 2.180948183762795525e+05 1.025017266685411596e+05 1.626086160464838258e+03 2.461418723359092837e+05 3.743044121503978968e+05 8.000175147907262726e+04 3.609131886620233854e+04 9.058827106796031876e+04 1.688725981242798443e+05 1.040017117776931991e+05 8.823364832503949583e+04
2.621416698949230777e+05 2.621415791673254280e+05 2.621420635118892824e+05 2.354754182523825439e+05 2.621415368087087700e+05 3.382516875326053705e+05 2.541420814664103673e+05 2.063462669615242339e+05 2.621419483607810107e+05 1.948363867263666471e+05 2.621416996941833349e+05 2.621417654371708340e+05 2.621417214350632858e+05 2.404276607452329190e+05 1.440529216083767533e+05 2.621418246295267891e+05 2.461418723359092837e+05 5.485727113034464128e+04 2.943331234513100935e+05 2.621419656570363441e+05 2.381420002796690969e+05 2.267133753274436749e+05 1.765923017092154478e+05 2.621418027422497980e+05 2.621419561832480540e+05
3.903039440193525515e+05 3.903040917987670400e+05 3.903041783030427177e+05 3.636375963491828879e+05 3.903040459849451436e+05 2.810149648394547403e+05 3.823042696834285161e+05 2.644944784113686183e+05 3.903043408038449707e+05 3.243044209407770541e+05 3.903039584078968619e+05 3.903042219645114383e+05 3.903041752407159656e+05 3.685902173939346103e+05 3.039401425366579206e+05 3.903041915326136514e+05 3.743044121503980132e+05 2.943331234513101517e+05 1.376036333790264616e+05 3.903041781940952060e+05 3.663044251843725797e+05 3.508758702435232117e+05 3.263042592260980164e+05 3.903040225358434254e+05 3.903041519927281770e+05
3.200133652706958674e+04 3.200158429768477436e+04 1.533401141860690404e+04 1.190895085239420296e+05 3.200137191794972023e+04 4.335119271125837113e+05 6.800157292154370225e+04 3.149857516087022959e+05 5.259671434694190248e+04 1.564050006593664875e+05 3.200146304353578671e+04 3.194359642283653375e+04 3.200167572050845047e+04 1.001725457694447687e+05 2.340946426821913337e+05 3.037034994109271065e+04 8.000175147907262726e+04 2.621419656570363441e+05 3.903041781940951478e+05 2.586903982264452111e+02 1.047291247775895172e+05 1.331448774305512197e+05 1.884279768490641727e+05 3.200148286647617351e+04 1.610209886952825036e+04
1.127288412218343583e+05 1.127288133418896323e+05 9.240273846333741676e+04 3.328203045234146703e+04 1.127286699682857288e+05 4.095118995283526601e+05 4.809141343162236444e+04 2.909859194638465415e+05 6.298023896043902641e+04 1.144465708233112673e+05 1.127289997486024658e+05 1.127290389182016079e+05 1.127289575062967342e+05 1.291029450958816778e+04 2.100948632345221995e+05 1.127290725065266015e+05 3.609131886620233854e+04 2.381420002796690969e+05 3.663044251843725797e+05 1.047291247775895172e+05 9.134382158385204093e+03 6.586091784820381145e+04 1.577539588175507961e+05 1.127290670337706251e+05 1.073957612844049727e+05
1.331444682421402540e+05 1.331444643389287521e+05 1.288276339603684464e+05 4.033248560296618962e+04 1.331443317437984224e+05 3.980833188169440255e+05 1.005884017166686244e+05 2.795574593319708365e+05 1.114771912014302943e+05 7.592245553269065567e+04 1.331446002382128208e+05 1.331446293548791145e+05 1.331446078781395045e+05 7.041735048660394386e+04 1.955083855341203453e+05 1.331447652064508293e+05 9.058827106796031876e+04 2.267133753274436749e+05 3.508758702435232117e+05 1.331448774305512197e+05 6.586091784820381145e+04 1.538528113118930560e+04 1.361697623389896762e+05 1.331446891893765423e+05 1.331448145028692961e+05
1.884276210968577070e+05 1.884278017822846887e+05 1.884280263490235084e+05 1.530318682310743025e+05 1.884277228386428906e+05 3.410674892143885954e+05 1.768724491122113832e+05 2.404240025031204277e+05 1.852677013806808100e+05 9.071702545832408941e+04 1.884276960699151969e+05 1.884280688397480699e+05 1.884279635294807667e+05 1.631582428718841693e+05 1.314699910791101283e+05 1.884280318940326397e+05 1.688725981242798443e+05 1.765923017092154478e+05 3.263042592260980164e+05 1.884279768490641727e+05 1.577539588175507670e+05 1.361697623389896762e+05 2.951534468056682090e+04 1.884277589946590306e+05 1.884279951714291237e+05
1.039685459453163485e+00 8.001368216223963827e+03 4.720300004042571527e+04 1.244227427114601305e+05 5.771684195406696745e+03 4.335117595249587321e+05 9.200151481698098360e+04 3.149855457925876835e+05 7.711272752741727163e+04 1.564048418721528433e+05 1.109139433084003645e+00 8.001525593922765438e+03 8.001403758647489667e+03 1.097159948579308402e+05 2.340944286512635008e+05 9.501540107781540428e+03 1.040017117776931991e+05 2.621418027422497689e+05 3.903040225358434254e+05 3.200148286647618079e+04 1.127290670337706251e+05 1.331446891893765423e+05 1.884277589946590597e+05 6.197787639602064802e-01 2.376958345900843779e+04
2.376941811414717085e+04 2.376968444691898912e+04 3.143486648168788815e+04 1.208672713039837108e+05 2.376948280884306951e+04 4.335118178146641003e+05 7.623343896724931255e+04 3.149856864556043292e+05 6.134465378498539940e+04 1.564049419902440568e+05 2.376957749425064685e+04 2.022865043081969998e+04 2.376968708003001666e+04 1.035651520676267974e+05 2.340946833080887154e+05 1.426942606705472645e+04 8.823364832503949583e+04 2.621419561832480540e+05 3.903041519927281188e+05 1.610209886952825218e+04 1.073957612844049727e+05 1.331448145028692961e+05 1.884279951714291528e+05 2.376958345900843779e+04 6.943771631080338011e+03
