2.160493827160495095e-01 3.333340000000000000e+05 1.666670833333333139e+05 1.037037037037037202e+00 3.229171875000000000e+05 3.333338333333333139e+05 1.666673333333333430e+05 3.333336666666663368e+05 3.333339999999998836e+05 3.333341666666666279e+05 1.666673333333333430e+05 3.333336666666666279e+05 1.666675416666666861e+05 1.666676666666666279e+05 1.666671666666666570e+05 3.333336666666666279e+05 1.666670977366254956e+05 3.333341666666666279e+05 3.333336666666666279e+05 1.666675833333333139e+05 1.666675000000000000e+05 4.641203703703704053e-01 1.666676666666666861e+05 3.148156769547326257e+05 1.354169363425925549e+05
3.333340000000000000e+05 0.000000000000000000e+00 3.333340833333333139e+05 3.333338333333333139e+05 3.125011875000000000e+05 1.008101851851851860e+00 3.333340000000000000e+05 3.333339999999997090e+05 3.333333333333331975e+05 3.333341666666666279e+05 3.333341666666666279e+05 3.333343333333333139e+05 3.333338333333333139e+05 3.333340000000000000e+05 3.333336666666666279e+05 3.333337499999999418e+05 3.333341666666666279e+05 3.333341666666666279e+05 3.333336666666666279e+05 3.333338333333333139e+05 3.333336666666666279e+05 3.333340000000000000e+05 3.333338333333333139e+05 3.703783333333337214e+04 3.333340000000000000e+05
1.666670833333333139e+05 3.333340833333333139e+05 1.296296296296300110e-01 1.666674999999999709e+05 1.562509756944444962e+05 3.333337499999999418e+05 3.333337499999999418e+05 3.333339166666662786e+05 1.666677777777776937e+05 3.333342500000000000e+05 3.333336666666666279e+05 1.666671203703703650e+05 3.333339375000000000e+05 1.222222222222221877e+00 3.333339166666666279e+05 2.962967854938274249e+05 3.333335833333333139e+05 1.666679444444444380e+05 1.666674444444444380e+05 8.518518518518519711e-01 3.333340000000000000e+05 1.666672604166666279e+05 3.333340000000000000e+05 3.148156049382714555e+05 3.020836041666666279e+05
1.037037037037037202e+00 3.333338333333333139e+05 1.666674999999999709e+05 0.000000000000000000e+00 3.229175104166667443e+05 3.333341666666666279e+05 1.666675000000000000e+05 3.333341666666663368e+05 3.333338333333332557e+05 3.333338333333333139e+05 1.666675000000000000e+05 3.333338333333333139e+05 1.666672916666666570e+05 1.666670000000000000e+05 1.666671666666666570e+05 3.333341666666666279e+05 1.666676018518518540e+05 3.333338333333333139e+05 3.333341666666666279e+05 1.666669166666666570e+05 1.666671666666666570e+05 9.062499999999998890e-01 1.666671666666666570e+05 3.148153518518519704e+05 1.354177083333333139e+05
3.229171875000000000e+05 3.125011875000000000e+05 1.562509756944444962e+05 3.229175104166667443e+05 8.203124999999991269e+04 3.125003450520832557e+05 3.333338333333333139e+05 3.125005208333330229e+05 5.208498842592581786e+04 3.125003450520833139e+05 3.333336666666666279e+05 5.208393865740733600e+04 3.333340000000000000e+05 1.562511666666667443e+05 3.333341666666666279e+05 2.754638240740743349e+05 3.333336666666666279e+05 5.208417903645824845e+04 5.208451432291658421e+04 1.562511082175926713e+05 3.333341666666666279e+05 3.229171816406250000e+05 3.333340000000000000e+05 2.939821481481479714e+05 3.313807128906250000e+05
3.333338333333333139e+05 1.008101851851851860e+00 3.333337499999999418e+05 3.333341666666666279e+05 3.125003450520832557e+05 1.612493569958847184e-01 3.333338333333333139e+05 3.333341666666663368e+05 3.333341666666665697e+05 3.333340000000000000e+05 3.333336666666666279e+05 3.333340000000000000e+05 3.333340000000000000e+05 3.333343333333333139e+05 3.333341666666666279e+05 3.333339166666666279e+05 3.333336666666666279e+05 3.333340000000000000e+05 3.333338333333333139e+05 3.333341666666666279e+05 3.333341666666666279e+05 3.333338333333333139e+05 3.333340000000000000e+05 3.703751453189303720e+04 3.333338333333333139e+05
1.666673333333333430e+05 3.333340000000000000e+05 3.333337499999999418e+05 1.666675000000000000e+05 3.333338333333333139e+05 3.333338333333333139e+05 2.291666666666666297e-01 3.333339999999997090e+05 3.333339999999998836e+05 3.333338333333333139e+05 1.125000000000000666e+00 3.333338333333333139e+05 8.703703703703697947e-01 3.333338333333333139e+05 7.916666666666659635e-01 3.333340000000000000e+05 6.539351851851860076e-01 3.333338333333333139e+05 3.333340000000000000e+05 3.333338333333333139e+05 1.291666666666665853e+00 1.666675000000000000e+05 8.333333333333325932e-01 3.148153518518519704e+05 3.125070052083335759e+04
3.333336666666663368e+05 3.333339999999997090e+05 3.333339166666663368e+05 3.333341666666663368e+05 3.125005208333330229e+05 3.333341666666663368e+05 3.333339999999997090e+05 7.921810699588485716e-02 3.333339999999995925e+05 1.008101851851850972e+00 3.333338333333330229e+05 3.333336666666663368e+05 3.333341666666663368e+05 3.333339999999997090e+05 3.333339999999997090e+05 3.703750411522598733e+04 3.333338333333330229e+05 3.333341666666663368e+05 3.333336666666663368e+05 3.333341666666663368e+05 3.333339999999997090e+05 3.333336666666663368e+05 3.333341666666663368e+05 3.333344999999997090e+05 3.333336666666663368e+05
3.333339999999998836e+05 3.333333333333331975e+05 1.666677777777776937e+05 3.333338333333332557e+05 5.208498842592583242e+04 3.333341666666665697e+05 3.333339999999998836e+05 3.333339999999995343e+05 2.160493827160493985e-01 3.333341666666665697e+05 3.333341666666665697e+05 1.338477366255143908e+00 3.333338333333332557e+05 1.666678333333332848e+05 3.333336666666665697e+05 2.962968240740742767e+05 3.333341666666665697e+05 1.109953703703703720e+00 8.495370370370367574e-01 1.666674259259258397e+05 3.333336666666665697e+05 3.333339999999998836e+05 3.333338333333332557e+05 3.148153436213989044e+05 3.333339999999998836e+05
3.333341666666666279e+05 3.333341666666666279e+05 3.333342500000000000e+05 3.333338333333333139e+05 3.125003450520833139e+05 3.333340000000000000e+05 3.333338333333333139e+05 1.008101851851850972e+00 3.333341666666665697e+05 8.203125000000000000e-02 3.333340000000000000e+05 3.333340000000000000e+05 3.333336666666666279e+05 3.333336666666666279e+05 3.333338333333333139e+05 3.703834374999972351e+04 3.333340000000000000e+05 3.333333333333333139e+05 3.333345000000000000e+05 3.333338333333333139e+05 3.333338333333333139e+05 3.333341666666666279e+05 3.333336666666666279e+05 3.333336666666666279e+05 3.333341666666666279e+05
1.666673333333333430e+05 3.333341666666666279e+05 3.333336666666666279e+05 1.666675000000000000e+05 3.333336666666666279e+05 3.333336666666666279e+05 1.125000000000000666e+00 3.333338333333330229e+05 3.333341666666665697e+05 3.333340000000000000e+05 0.000000000000000000e+00 3.333336666666666279e+05 9.374999999999997780e-01 3.333340000000000000e+05 1.000000000000000222e+00 3.333338333333333139e+05 6.747685185185184897e-01 3.333340000000000000e+05 3.333338333333333139e+05 3.333338333333333139e+05 1.166666666666666741e+00 1.666671666666666570e+05 8.703703703703703498e-01 3.148155185185186565e+05 3.125107291666669698e+04
3.333336666666666279e+05 3.333343333333333139e+05 1.666671203703703650e+05 3.333338333333333139e+05 5.208393865740734327e+04 3.333340000000000000e+05 3.333338333333333139e+05 3.333336666666663368e+05 1.338477366255143908e+00 3.333340000000000000e+05 3.333336666666666279e+05 1.748971193415619838e-02 3.333340000000000000e+05 1.666673425925925840e+05 3.333340000000000000e+05 2.962969557613171055e+05 3.333336666666666279e+05 9.363425925925923377e-01 9.884259259259255970e-01 1.666672685185185110e+05 3.333340000000000000e+05 3.333336666666666279e+05 3.333340000000000000e+05 3.148158323045265861e+05 3.333336666666666279e+05
1.666675416666666861e+05 3.333338333333333139e+05 3.333339375000000000e+05 1.666672916666666570e+05 3.333340000000000000e+05 3.333340000000000000e+05 8.703703703703697947e-01 3.333341666666663368e+05 3.333338333333332557e+05 3.333336666666666279e+05 9.374999999999998890e-01 3.333340000000000000e+05 3.849987139917696033e-01 3.333336666666666279e+05 5.416666666666668517e-01 3.333341666666666279e+05 7.699331275720165957e-01 3.333336666666666279e+05 3.333341666666666279e+05 3.333336249999999418e+05 8.125000000000000000e-01 1.666676250000000000e+05 7.281700102880656056e-01 3.148151851851852844e+05 3.125128125000003274e+04
1.666676666666666279e+05 3.333340000000000000e+05 1.222222222222221877e+00 1.666670000000000000e+05 1.562511666666667152e+05 3.333343333333333139e+05 3.333338333333333139e+05 3.333339999999997090e+05 1.666678333333332848e+05 3.333336666666666279e+05 3.333340000000000000e+05 1.666673425925925840e+05 3.333336666666666279e+05 0.000000000000000000e+00 3.333336666666666279e+05 2.962972129629632691e+05 3.333340000000000000e+05 1.666675000000000000e+05 1.666681666666666861e+05 6.574074074074071072e-01 3.333336666666666279e+05 1.666675729166666279e+05 3.333336666666666279e+05 3.148155370370368473e+05 3.020840729166666279e+05
1.666671666666666570e+05 3.333336666666666279e+05 3.333339166666666279e+05 1.666671666666666570e+05 3.333341666666666279e+05 3.333341666666666279e+05 7.916666666666659635e-01 3.333339999999997090e+05 3.333336666666665697e+05 3.333338333333333139e+05 1.000000000000000222e+00 3.333340000000000000e+05 5.416666666666667407e-01 3.333336666666666279e+05 0.000000000000000000e+00 3.333340000000000000e+05 6.747685185185184897e-01 3.333338333333333139e+05 3.333340000000000000e+05 3.333336666666666279e+05 5.000000000000000000e-01 1.666673333333333430e+05 6.666666666666667407e-01 3.148153333333334303e+05 3.125077083333336486e+04
3.333336666666666279e+05 3.333337499999999418e+05 2.962967854938274832e+05 3.333341666666666279e+05 2.754638240740743349e+05 3.333339166666666279e+05 3.333340000000000000e+05 3.703750411522598733e+04 2.962968240740742767e+05 3.703834374999972351e+04 3.333338333333333139e+05 2.962969557613171637e+05 3.333341666666666279e+05 2.962972129629632691e+05 3.333340000000000000e+05 5.761329372427952330e+04 3.333338333333333139e+05 2.962974907407410792e+05 2.962964907407410210e+05 2.962971831275722943e+05 3.333340000000000000e+05 3.333336666666666279e+05 3.333341666666666279e+05 3.292190360082304105e+05 3.333336666666666279e+05
1.666670977366254956e+05 3.333341666666666279e+05 3.333335833333333139e+05 1.666676018518518540e+05 3.333336666666666279e+05 3.333336666666666279e+05 6.539351851851860076e-01 3.333338333333330229e+05 3.333341666666665697e+05 3.333340000000000000e+05 6.747685185185184897e-01 3.333336666666666279e+05 7.699331275720165957e-01 3.333340000000000000e+05 6.747685185185184897e-01 3.333338333333333139e+05 1.818254886831277561e-01 3.333340000000000000e+05 3.333338333333333139e+05 3.333340000000000000e+05 1.174768518518518379e+00 1.666672685185185110e+05 8.393454218106995990e-01 3.148155092592593865e+05 3.125062825520835759e+04
3.333341666666666279e+05 3.333341666666666279e+05 1.666679444444444380e+05 3.333338333333333139e+05 5.208417903645825572e+04 3.333340000000000000e+05 3.333338333333333139e+05 3.333341666666663368e+05 1.109953703703703720e+00 3.333333333333333139e+05 3.333340000000000000e+05 9.363425925925923377e-01 3.333336666666666279e+05 1.666675000000000000e+05 3.333338333333333139e+05 2.962974907407410210e+05 3.333340000000000000e+05 8.203124999999997224e-02 1.739583333333333703e+00 1.666674259259258979e+05 3.333338333333333139e+05 3.333341666666666279e+05 3.333336666666666279e+05 3.148151851851849933e+05 3.333341666666666279e+05
3.333336666666666279e+05 3.333336666666666279e+05 1.666674444444444380e+05 3.333341666666666279e+05 5.208451432291659876e+04 3.333338333333333139e+05 3.333340000000000000e+05 3.333336666666663368e+05 8.495370370370367574e-01 3.333345000000000000e+05 3.333338333333333139e+05 9.884259259259255970e-01 3.333341666666666279e+05 1.666681666666666861e+05 3.333340000000000000e+05 2.962964907407409628e+05 3.333338333333333139e+05 1.739583333333333703e+00 3.645833333333343973e-02 1.666677592592592700e+05 3.333340000000000000e+05 3.333336666666666279e+05 3.333341666666666279e+05 3.148156851851849933e+05 3.333336666666666279e+05
1.666675833333333139e+05 3.333338333333333139e+05 8.518518518518520821e-01 1.666669166666666570e+05 1.562511082175926131e+05 3.333341666666666279e+05 3.333338333333333139e+05 3.333341666666663368e+05 1.666674259259258397e+05 3.333338333333333139e+05 3.333338333333333139e+05 1.666672685185185110e+05 3.333336249999999418e+05 6.574074074074071072e-01 3.333336666666666279e+05 2.962971831275722943e+05 3.333340000000000000e+05 1.666674259259258979e+05 1.666677592592592700e+05 3.323045267489710963e-01 3.333334999999999418e+05 1.666674166666666279e+05 3.333334999999999418e+05 3.148153436213989626e+05 3.020840468749999418e+05
1.666675000000000000e+05 3.333336666666666279e+05 3.333340000000000000e+05 1.666671666666666570e+05 3.333341666666666279e+05 3.333341666666666279e+05 1.291666666666665853e+00 3.333339999999997090e+05 3.333336666666665697e+05 3.333338333333333139e+05 1.166666666666666741e+00 3.333340000000000000e+05 8.124999999999997780e-01 3.333336666666666279e+05 5.000000000000000000e-01 3.333340000000000000e+05 1.174768518518518379e+00 3.333338333333333139e+05 3.333340000000000000e+05 3.333334999999999418e+05 0.000000000000000000e+00 1.666673333333333430e+05 6.620370370370370905e-01 3.148153518518519704e+05 3.125123958333336486e+04
4.641203703703704053e-01 3.333340000000000000e+05 1.666672604166666279e+05 9.062499999999998890e-01 3.229171816406250000e+05 3.333338333333333139e+05 1.666675000000000000e+05 3.333336666666663368e+05 3.333339999999998836e+05 3.333341666666666279e+05 1.666671666666666570e+05 3.333336666666666279e+05 1.666676250000000000e+05 1.666675729166666279e+05 1.666673333333333430e+05 3.333336666666666279e+05 1.666672685185185110e+05 3.333341666666666279e+05 3.333336666666666279e+05 1.666674166666666279e+05 1.666673333333333430e+05 8.203125000000000000e-02 1.666675000000000000e+05 3.148156851851853426e+05 1.354171946614582848e+05
1.666676666666666861e+05 3.333338333333333139e+05 3.333340000000000000e+05 1.666671666666666570e+05 3.333340000000000000e+05 3.333340000000000000e+05 8.333333333333325932e-01 3.333341666666663368e+05 3.333338333333332557e+05 3.333336666666666279e+05 8.703703703703703498e-01 3.333340000000000000e+05 7.281700102880656056e-01 3.333336666666666279e+05 6.666666666666667407e-01 3.333341666666666279e+05 8.393454218106995990e-01 3.333336666666666279e+05 3.333341666666666279e+05 3.333334999999999418e+05 6.620370370370370905e-01 1.666675000000000000e+05 2.889660493827160281e-01 3.148151851851852844e+05 3.125116927083336122e+04
3.148156769547326840e+05 3.703783333333337214e+04 3.148156049382713973e+05 3.148153518518519704e+05 2.939821481481479714e+05 3.703751453189303720e+04 3.148153518518519704e+05 3.333344999999997090e+05 3.148153436213989044e+05 3.333336666666666279e+05 3.148155185185186565e+05 3.148158323045265861e+05 3.148151851851852844e+05 3.148155370370368473e+05 3.148153333333334303e+05 3.292190360082304105e+05 3.148155092592593865e+05 3.148151851851849933e+05 3.148156851851849933e+05 3.148153436213989626e+05 3.148153518518519704e+05 3.148156851851853426e+05 3.148151851851852844e+05 6.172839506172843539e+04 3.148156481481483206e+05
1.354169363425925549e+05 3.333340000000000000e+05 3.020836041666666279e+05 1.354177083333333139e+05 3.313807128906250000e+05 3.333338333333333139e+05 3.125070052083335759e+04 3.333336666666663368e+05 3.333339999999998836e+05 3.333341666666666279e+05 3.125107291666669698e+04 3.333336666666666279e+05 3.125128125000003274e+04 3.020840729166666279e+05 3.125077083333336486e+04 3.333336666666666279e+05 3.125062825520835759e+04 3.333341666666666279e+05 3.333336666666666279e+05 3.020840468749999418e+05 3.125123958333336486e+04 1.354171946614583139e+05 3.125116927083336486e+04 3.148156481481482624e+05 5.078125260416669335e+04
