7.357807247957612873e-01 4.347953608813014580e+04 2.070570375732117827e+04 2.546840518752023054e+05 1.304365848634177673e+05 6.800453800233151997e+05 8.695832340864439902e+04 1.449293589858051273e+05 4.347985766956642328e+04 1.739150127576862578e+05 1.304365895781545987e+05 4.347988092873524147e+04 1.132331355834777176e+00 4.347995430292469973e+04 8.695825907963213103e+04 1.291393168135361869e+00 1.739148808305062121e+05 1.727218591597605046e+00 6.144842856022483902e+05 3.913058611621622113e+05 1.103696331755073625e+05 4.616693667827087920e+05 1.739147702331753098e+05 4.347978829434570798e+04 8.695825268000099459e+04
4.347953608813014580e+04 5.912829691204554150e-01 6.418383358546339150e+04 2.546840497447494417e+05 1.304363619680883130e+05 6.800453798256773734e+05 8.695822507740033325e+04 1.449292255025235354e+05 1.513959506396970855e+00 1.739151037138797983e+05 1.304363207795693597e+05 1.547700773022087084e+00 4.347922916928011546e+04 1.398099258353158403e+00 8.695817318310854898e+04 4.347962915561124828e+04 1.739148253527614288e+05 4.347996343040758074e+04 6.144842267993113492e+05 3.913058693087643478e+05 1.103694730369003519e+05 4.616695220283656381e+05 1.739147297838557279e+05 1.259919813371555675e+00 8.695819053353423078e+04
2.070570375732118191e+04 6.418383358546339878e+04 2.169062730721128173e+04 2.546842505270320398e+05 1.294509515171406238e+05 6.800455569159103325e+05 8.695838899235105782e+04 1.404930758713792311e+05 6.418416955053677520e+04 1.729295743810550775e+05 1.304367479070478876e+05 6.418423346535242308e+04 2.070545475721620824e+04 6.418421410060420021e+04 8.695833505590067944e+04 2.070576022952772837e+04 1.739152755127098353e+05 2.070568090729741380e+04 6.144844628590870416e+05 3.913061349730148795e+05 1.103697435629839601e+05 4.616696147126319120e+05 1.532112494139447517e+05 6.418418655168427358e+04 8.695818053438600327e+04
2.546840518752022472e+05 2.546840497447494417e+05 2.546842505270319525e+05 1.391607064752697770e+05 2.112064780011239054e+05 6.055101666041703429e+05 2.546843218251021754e+05 2.443726030588347639e+05 2.546841179015477828e+05 2.448251631074369070e+05 2.112064513880689337e+05 2.546842009841937688e+05 2.546839002067937108e+05 2.546842009672515851e+05 2.546844068968016945e+05 2.546840591350322647e+05 2.546844412406014744e+05 2.546841240249620168e+05 5.375885003164750524e+05 2.815555628210236900e+05 2.312730618329007411e+05 3.699779491507521598e+05 2.546845605897089408e+05 2.546840601904472860e+05 2.546844336145113339e+05
1.304365848634177964e+05 1.304363619680883276e+05 1.294509515171406383e+05 2.112064780011239054e+05 3.944501819450035782e+03 6.800456631401724881e+05 1.304370561791091313e+05 9.431856657065525360e+04 1.304369635437994002e+05 1.303388294849299273e+05 8.695798786400210520e+04 1.304369863924973615e+05 1.304363417489201820e+05 1.304369126091564685e+05 1.304368264933227183e+05 1.304367569654489926e+05 1.304369590677923989e+05 1.304370069022266835e+05 6.144845956582436338e+05 3.846175211298294016e+05 7.251893828442919767e+04 4.616699514346509241e+05 1.283664477656000527e+05 1.304366848376366106e+05 1.304368919745713210e+05
6.800453800233151997e+05 6.800453798256773734e+05 6.800455569159102160e+05 6.055101666041703429e+05 6.800456631401724881e+05 1.936144101660640736e+05 6.800455929999090731e+05 6.800456501632425934e+05 6.800453393541148398e+05 6.800453335881249513e+05 6.800456326388416346e+05 6.800454611417311244e+05 6.800453320648600347e+05 6.800453640749779297e+05 6.800456770356973866e+05 6.800454669080917956e+05 6.800457262501991354e+05 6.800454166235070443e+05 3.556099223992653424e+05 5.128214948702953989e+05 6.800455369061913807e+05 4.439327933934140601e+05 6.800457371197644388e+05 6.800453935842238134e+05 6.800456562947923085e+05
8.695832340864439902e+04 8.695822507740033325e+04 8.695838899235105782e+04 2.546843218251020880e+05 1.304370561791091313e+05 6.800455929999090731e+05 8.627915654638070864e-01 1.449297034401515848e+05 8.695856072188899270e+04 1.739153423228708853e+05 8.695875001728696225e+04 8.695850061429252673e+04 8.695806167430864298e+04 8.695855899214872625e+04 1.527475850853783124e+00 8.695844121701600670e+04 1.739153265473746287e+05 8.695856990798372135e+04 6.144844978137803264e+05 3.913062326758524869e+05 6.689167590696433035e+04 4.616697540659359074e+05 1.739151538639418723e+05 8.695836065512249479e+04 2.691701276374334702e+04
1.449293589858051273e+05 1.449292255025235354e+05 1.404930758713792311e+05 2.443726030588347639e+05 9.431856657065525360e+04 6.800456501632425934e+05 1.449297034401515848e+05 4.770070026585764572e+04 1.449296626990129589e+05 9.078889144949220645e+04 1.382405381887758267e+05 1.449297130535474862e+05 1.449291252125594474e+05 1.449296609589400177e+05 1.449296550131643889e+05 1.449295254209627747e+05 5.827832573818816309e+04 1.449297127060459752e+05 6.144845756893591024e+05 3.902774132511644275e+05 1.413279269462394004e+05 4.616700249950513244e+05 8.433065327748723212e+04 1.449294422788700904e+05 1.449296599485825573e+05
4.347985766956642328e+04 1.513959506396971078e+00 6.418416955053676793e+04 2.546841179015477828e+05 1.304369635437993711e+05 6.800453393541148398e+05 8.695856072188899270e+04 1.449296626990129589e+05 7.543868400824325082e-01 1.739152267041173473e+05 1.304369560054440517e+05 1.589723726649240110e+00 4.347964325302350335e+04 1.555759720814025915e+00 8.695852889682778914e+04 4.347999259685017751e+04 1.739150838635719847e+05 4.348010339015555655e+04 6.144842702140654437e+05 3.913059778272170224e+05 1.103699927424724156e+05 4.616695704236087040e+05 1.739149294337823521e+05 1.606583287193364074e+00 8.695864343604679743e+04
1.739150127576862869e+05 1.739151037138797983e+05 1.729295743810550775e+05 2.448251631074369361e+05 1.303388294849299273e+05 6.800453335881249513e+05 1.739153423228709144e+05 9.078889144949220645e+04 1.739152267041173764e+05 2.326841857591650842e+04 1.739156837549795455e+05 1.739152764174143667e+05 1.739149110083282285e+05 1.739152365225976973e+05 1.739154972758710792e+05 1.739151084528161446e+05 8.454358013318650774e+04 1.739151393171787204e+05 6.144844760938457912e+05 3.913061504308443982e+05 1.739155216040828382e+05 4.616699377533943625e+05 8.488851173926831689e+04 1.739149136492288380e+05 1.739154833096688672e+05
1.304365895781545842e+05 1.304363207795693597e+05 1.304367479070478585e+05 2.112064513880689337e+05 8.695798786400210520e+04 6.800456326388416346e+05 8.695875001728694770e+04 1.382405381887758267e+05 1.304369560054440517e+05 1.739156837549795164e+05 8.948671679998592143e-01 1.304369397626196442e+05 1.304363418269093527e+05 1.304368814486497140e+05 8.695853148276296270e+04 1.304367030887414439e+05 1.739152363486119430e+05 1.304369743199298391e+05 6.144845992213308346e+05 3.846175220962277381e+05 5.630059284271149954e+04 4.616699508930880111e+05 1.739152461794578994e+05 1.304367081096172187e+05 6.004347693041163438e+04
4.347988092873524147e+04 1.547700773022087084e+00 6.418423346535240853e+04 2.546842009841937688e+05 1.304369863924973324e+05 6.800454611417311244e+05 8.695850061429252673e+04 1.449297130535474862e+05 1.589723726649240110e+00 1.739152764174143376e+05 1.304369397626196442e+05 7.503171346151470411e-01 4.347965359207551228e+04 1.474186183571606801e+00 8.695849822432010842e+04 4.347999765321363520e+04 1.739152568794035469e+05 4.348008036132503912e+04 6.144843267561289249e+05 3.913059328576659318e+05 1.103699574915421836e+05 4.616696056575003895e+05 1.739151524738848093e+05 1.696692060239029187e+00 8.695861624470245442e+04
1.132331355834777176e+00 4.347922916928011546e+04 2.070545475721620460e+04 2.546839002067937108e+05 1.304363417489201529e+05 6.800453320648601511e+05 8.695806167430864298e+04 1.449291252125594474e+05 4.347964325302350335e+04 1.739149110083282285e+05 1.304363418269093527e+05 4.347965359207551228e+04 5.810304946854908392e-01 4.347959934124344727e+04 8.695805197785631754e+04 1.200959262866602595e+00 1.739146855512006441e+05 1.436157487278821643e+00 6.144841977226994932e+05 3.913057092934001703e+05 1.103693739251583029e+05 4.616694490070306347e+05 1.739146232521618949e+05 4.347955098534279387e+04 8.695800211488029163e+04
4.347995430292469973e+04 1.398099258353158403e+00 6.418421410060418566e+04 2.546842009672515851e+05 1.304369126091564685e+05 6.800453640749779297e+05 8.695855899214872625e+04 1.449296609589400177e+05 1.555759720814026137e+00 1.739152365225976973e+05 1.304368814486497140e+05 1.474186183571607023e+00 4.347959934124344727e+04 8.700890258047497827e-01 8.695854678394146322e+04 4.347997621571947093e+04 1.739152173456780729e+05 4.348006534449304309e+04 6.144842438186163781e+05 3.913058883236541296e+05 1.103699080517927941e+05 4.616696590931763058e+05 1.739151575906829385e+05 1.581093976203529872e+00 8.695856324969070556e+04
8.695825907963213103e+04 8.695817318310854898e+04 8.695833505590066488e+04 2.546844068968016945e+05 1.304368264933227038e+05 6.800456770356973866e+05 1.527475850853782902e+00 1.449296550131643889e+05 8.695852889682778914e+04 1.739154972758710792e+05 8.695853148276296270e+04 8.695849822432010842e+04 8.695805197785631754e+04 8.695854678394146322e+04 6.786108375087933631e-01 8.695842734722836758e+04 1.739151478788098902e+05 8.695863470968379988e+04 6.144845506470049731e+05 3.913062673395452439e+05 6.689165333173028193e+04 4.616697044949910487e+05 1.739151454686617362e+05 8.695829664426694217e+04 2.691707270863989470e+04
1.291393168135361869e+00 4.347962915561124828e+04 2.070576022952773565e+04 2.546840591350322647e+05 1.304367569654489926e+05 6.800454669080919120e+05 8.695844121701602126e+04 1.449295254209627747e+05 4.347999259685017751e+04 1.739151084528161446e+05 1.304367030887414876e+05 4.347999765321363520e+04 1.200959262866602373e+00 4.347997621571947093e+04 8.695842734722836758e+04 8.858454384420921812e-01 1.739149579487277369e+05 1.566982778361631024e+00 6.144843590558666037e+05 3.913058990036069881e+05 1.103697108691665489e+05 4.616695046483637998e+05 1.739148863549525850e+05 4.347992594591111265e+04 8.695832034181497875e+04
1.739148808305061830e+05 1.739148253527614288e+05 1.739152755127097480e+05 2.546844412406014744e+05 1.304369590677923843e+05 6.800457262501991354e+05 1.739153265473746287e+05 5.827832573818816309e+04 1.739150838635719847e+05 8.454358013318647863e+04 1.739152363486119430e+05 1.739152568794035469e+05 1.739146855512006441e+05 1.739152173456780729e+05 1.739151478788098902e+05 1.739149579487277369e+05 1.207851188393991833e+04 1.739152474103787390e+05 6.144846592571623623e+05 3.913065217379557434e+05 1.739153978471446608e+05 4.616699155894347932e+05 8.695848281984058849e+04 1.739149876502177212e+05 1.739153512851667474e+05
1.727218591597605046e+00 4.347996343040758074e+04 2.070568090729741380e+04 2.546841240249620168e+05 1.304370069022266543e+05 6.800454166235071607e+05 8.695856990798372135e+04 1.449297127060459752e+05 4.348010339015555655e+04 1.739151393171786622e+05 1.304369743199298391e+05 4.348008036132503912e+04 1.436157487278821643e+00 4.348006534449304309e+04 8.695863470968379988e+04 1.566982778361631024e+00 1.739152474103787390e+05 8.869096572998894645e-01 6.144842157380887074e+05 3.913058987189067993e+05 1.103698681893944158e+05 4.616695809270438622e+05 1.739151513808906602e+05 4.348007557750264823e+04 8.695846265123850026e+04
6.144842856022482738e+05 6.144842267993112328e+05 6.144844628590869252e+05 5.375885003164750524e+05 6.144845956582436338e+05 3.556099223992653424e+05 6.144844978137803264e+05 6.144845756893591024e+05 6.144842702140653273e+05 6.144844760938456748e+05 6.144845992213308346e+05 6.144843267561289249e+05 6.144841977226993768e+05 6.144842438186163781e+05 6.144845506470048567e+05 6.144843590558663709e+05 6.144846592571623623e+05 6.144842157380887074e+05 1.885980966615854995e+05 4.465810267706867890e+05 6.144844905724121490e+05 3.743102305948717403e+05 6.144846599469371140e+05 6.144843278799063992e+05 6.144845402568446007e+05
3.913058611621622113e+05 3.913058693087644060e+05 3.913061349730148213e+05 2.815555628210237483e+05 3.846175211298294016e+05 5.128214948702953989e+05 3.913062326758524869e+05 3.902774132511644275e+05 3.913059778272170224e+05 3.913061504308443982e+05 3.846175220962277381e+05 3.913059328576659318e+05 3.913057092934001703e+05 3.913058883236541296e+05 3.913062673395452439e+05 3.913058990036069881e+05 3.913065217379557434e+05 3.913058987189067993e+05 4.465810267706867890e+05 8.512856011734738422e+04 3.877045027221640921e+05 2.924073813008026336e+05 3.913065125247614924e+05 3.913058938494434115e+05 3.913062822258247179e+05
1.103696331755073770e+05 1.103694730369003664e+05 1.103697435629839601e+05 2.312730618329007993e+05 7.251893828442919767e+04 6.800455369061913807e+05 6.689167590696434490e+04 1.413279269462394004e+05 1.103699927424724156e+05 1.739155216040828382e+05 5.630059284271149954e+04 1.103699574915422127e+05 1.103693739251583174e+05 1.103699080517927941e+05 6.689165333173031104e+04 1.103697108691665489e+05 1.739153978471446608e+05 1.103698681893944158e+05 6.144844905724121490e+05 3.877045027221641503e+05 3.368870337948339147e+04 4.616698213877995149e+05 1.739153719707418932e+05 1.103698539616681228e+05 6.240561873903804371e+04
4.616693667827087920e+05 4.616695220283656381e+05 4.616696147126319120e+05 3.699779491507521598e+05 4.616699514346510987e+05 4.439327933934141183e+05 4.616697540659359074e+05 4.616700249950513244e+05 4.616695704236087622e+05 4.616699377533943625e+05 4.616699508930880111e+05 4.616696056575003895e+05 4.616694490070306347e+05 4.616696590931763058e+05 4.616697044949910487e+05 4.616695046483637998e+05 4.616699155894348514e+05 4.616695809270439204e+05 3.743102305948717985e+05 2.924073813008025754e+05 4.616698213877995149e+05 1.913084383028377779e+05 4.616698800520167570e+05 4.616695390821627807e+05 4.616698537445700495e+05
1.739147702331752807e+05 1.739147297838557279e+05 1.532112494139447517e+05 2.546845605897089408e+05 1.283664477656000527e+05 6.800457371197644388e+05 1.739151538639418723e+05 8.433065327748723212e+04 1.739149294337823521e+05 8.488851173926831689e+04 1.739152461794578994e+05 1.739151524738848093e+05 1.739146232521618949e+05 1.739151575906829385e+05 1.739151454686617362e+05 1.739148863549525267e+05 8.695848281984058849e+04 1.739151513808906602e+05 6.144846599469371140e+05 3.913065125247614924e+05 1.739153719707418932e+05 4.616698800520165823e+05 8.700933791884891688e-01 1.739149664601017139e+05 1.739152012987012276e+05
4.347978829434570798e+04 1.259919813371555675e+00 6.418418655168425903e+04 2.546840601904472860e+05 1.304366848376366106e+05 6.800453935842238134e+05 8.695836065512249479e+04 1.449294422788700904e+05 1.606583287193364074e+00 1.739149136492288089e+05 1.304367081096172187e+05 1.696692060239029187e+00 4.347955098534279387e+04 1.581093976203529872e+00 8.695829664426694217e+04 4.347992594591111265e+04 1.739149876502177212e+05 4.348007557750264823e+04 6.144843278799062828e+05 3.913058938494434115e+05 1.103698539616681082e+05 4.616695390821627807e+05 1.739149664601017139e+05 7.874136149206266699e-01 8.695851262516180577e+04
8.695825268000099459e+04 8.695819053353423078e+04 8.695818053438600327e+04 2.546844336145113339e+05 1.304368919745712919e+05 6.800456562947923085e+05 2.691701276374334702e+04 1.449296599485825573e+05 8.695864343604679743e+04 1.739154833096688672e+05 6.004347693041163438e+04 8.695861624470245442e+04 8.695800211488029163e+04 8.695856324969070556e+04 2.691707270863989470e+04 8.695832034181496419e+04 1.739153512851667474e+05 8.695846265123850026e+04 6.144845402568446007e+05 3.913062822258246597e+05 6.240561873903802916e+04 4.616698537445699912e+05 1.739152012987012276e+05 8.695851262516180577e+04 2.050779908061015885e+04
