7.625376968981711912e-01 7.692520923403720371e+04 1.698547635185439830e+00 1.170233762029306672e+05 1.567553696688980924e+00 4.945154907593587413e+05 7.692529283627975383e+04 7.641936547896336997e+05 5.769431966660407488e+04 2.582910972469108528e+05 1.741216568032904810e+00 3.320712136914098519e+05 6.437009018038843060e+05 2.250496467238549376e+05 1.302905453761025401e+00 8.336802216384784551e+05 3.846345777033014019e+04 1.742150741705960515e+00 1.590131473358498804e+00 3.846355631292877661e+04 1.562680339904747052e+04 3.846350523617402359e+04 1.666687307934811106e+05 1.652935078508090516e+00 3.798790328485443024e+05
7.692520923403720371e+04 2.313790986670660641e+04 7.692518695584520174e+04 7.645858771240130591e+04 7.692499157119257143e+04 4.560542620343771414e+05 3.605955050955050683e+04 7.257322979525902774e+05 5.649223538707783155e+04 2.168249007396163361e+05 7.692517442482059414e+04 2.936098752771933214e+05 6.052395933472911129e+05 1.769729043355723261e+05 7.692454177688660275e+04 7.735841568975481205e+05 7.692527920165506657e+04 7.692523995367418684e+04 7.692515222989275935e+04 7.692520516824029619e+04 7.692529478671270772e+04 7.692522159597811697e+04 1.233997192982784036e+05 7.692511273691519455e+04 3.414177226344270166e+05
1.698547635185439830e+00 7.692518695584520174e+04 8.357795433719081846e-01 1.170234863521227235e+05 1.545134274029072552e+00 4.945156208657278330e+05 7.692529895326758560e+04 7.641936260708409827e+05 5.769432064651986730e+04 2.582911800167667971e+05 1.770120504389774529e+00 3.320712668788511655e+05 6.437009828659405466e+05 2.250497064041014528e+05 1.255124573040813374e+00 8.336801445468337042e+05 3.846345093332298711e+04 1.729425444025521896e+00 1.702096451528718024e+00 3.846353252679731668e+04 1.562666437854393735e+04 3.846351789370054757e+04 1.666688365043421509e+05 1.728476484953318737e+00 3.798792513277560938e+05
1.170233762029306527e+05 7.645858771240130591e+04 1.170234863521227089e+05 2.206540030965615733e+04 1.170231094531471608e+05 4.175924804250410525e+05 7.856191885162901599e+04 6.872707869190876372e+05 9.779277471789497940e+04 1.813681888941275829e+05 1.170234640213924140e+05 2.551482636813291465e+05 5.667779908566348022e+05 1.472212727216821513e+05 1.170229314056474104e+05 7.567571322413885500e+05 1.170235521166799444e+05 1.170234957564529614e+05 1.170234449266977463e+05 1.170235449569845077e+05 1.170234877662387153e+05 1.170235113832358038e+05 7.128205994472801103e+04 1.170233385319588997e+05 2.813215344952223822e+05
1.567553696688980924e+00 7.692499157119257143e+04 1.545134274029072552e+00 1.170231094531471754e+05 8.171015227601589048e-01 4.945154096596113523e+05 7.692504945097680320e+04 7.641936631840384798e+05 5.769412105049805541e+04 2.582909143904524681e+05 1.548996935843192757e+00 3.320710174843729474e+05 6.437008914290822577e+05 2.250493946829974302e+05 1.086980607888511585e+00 8.336801050470157061e+05 3.846341146426982596e+04 1.607244830258694135e+00 1.522683112925464766e+00 3.846327394451981672e+04 1.562664588125212504e+04 3.846329229706930346e+04 1.666684341439715645e+05 1.451417960599112655e+00 3.798789390941091697e+05
4.945154907593587413e+05 4.560542620343771414e+05 4.945156208657278330e+05 4.175924804250409943e+05 4.945154096596114105e+05 1.203560763607863337e+05 4.560542600875743083e+05 6.669841306187885348e+05 4.752850441851250944e+05 4.031698165547125391e+05 4.945155629895644961e+05 3.614216831450086320e+05 4.531939857061819057e+05 4.175927265403961064e+05 4.945153638644778403e+05 7.369534677666570060e+05 4.945157850753586390e+05 4.945156214188043959e+05 4.945155532084085862e+05 4.945156700570264366e+05 4.945156684374472825e+05 4.945157721980104689e+05 4.159901165602716501e+05 4.945155450529354857e+05 3.559697358836432104e+05
7.692529283627975383e+04 3.605955050955049956e+04 7.692529895326758560e+04 7.856191885162901599e+04 7.692504945097680320e+04 4.560542600875743083e+05 9.615601173559166215e-01 7.257322745715714991e+05 3.846359025932948862e+04 2.198297270619521732e+05 7.692524669549384271e+04 2.936097713364019874e+05 6.052396145717485342e+05 1.865883350870732684e+05 7.692454211815241433e+04 7.952187557172557572e+05 7.692519652429789130e+04 7.692531788849538134e+04 7.692519109081949864e+04 7.692523257720850233e+04 7.692527426640337217e+04 7.692517153671827691e+04 1.282073707124210487e+05 7.692510462487042241e+04 3.414178169107327703e+05
7.641936547896336997e+05 7.257322979525902774e+05 7.641936260708409827e+05 6.872707869190874044e+05 7.641936631840384798e+05 6.669841306187885348e+05 7.257322745715714991e+05 2.030550089315265650e+05 7.449630060762281064e+05 6.656360212097379845e+05 7.641936729749998776e+05 6.868293633101617452e+05 5.733765308387418045e+05 6.872707882620353485e+05 7.641935665569495177e+05 5.159782885095740785e+05 7.641937291899663396e+05 7.641936115795859369e+05 7.641936820865230402e+05 7.641936912648910657e+05 7.641936597963595996e+05 7.641937275728161912e+05 6.856681971616658848e+05 7.641936024210804608e+05 6.832288012575996108e+05
5.769431966660407488e+04 5.649223538707783155e+04 5.769432064651986730e+04 9.779277471789497940e+04 5.769412105049805541e+04 4.752850441851250944e+05 3.846359025932948862e+04 7.449630060762281064e+05 3.846239667344411282e+04 2.390605366050217417e+05 5.769438546409529226e+04 3.128406418165652431e+05 6.244703441470303806e+05 2.058191060071640823e+05 5.769374900370759133e+04 8.144495249480248895e+05 3.846352529512311594e+04 5.769432660940159258e+04 5.769422718054688448e+04 5.769420780138311238e+04 5.649223224417569145e+04 5.769411424499325949e+04 1.474382153266922978e+05 5.769424945320806728e+04 3.606485739818614675e+05
2.582910972469108528e+05 2.168249007396163361e+05 2.582911800167667971e+05 1.813681888941275829e+05 2.582909143904524390e+05 4.031698165547124809e+05 2.198297270619521732e+05 6.656360212097379845e+05 2.390605366050217417e+05 8.352220169409801019e+04 2.582911344332014851e+05 2.255469228903749026e+05 5.619703871736231958e+05 1.156106893972258986e+05 2.582906692346791679e+05 7.567572373226067284e+05 2.582913964852143254e+05 2.582910693617390643e+05 2.582910024605152139e+05 2.582911865469433833e+05 2.582912727020175080e+05 2.582912251889084582e+05 1.781631726159976097e+05 2.582907769018312974e+05 2.689653132975305780e+05
1.741216568032904810e+00 7.692517442482059414e+04 1.770120504389774529e+00 1.170234640213924285e+05 1.548996935843192757e+00 4.945155629895644961e+05 7.692524669549384271e+04 7.641936729749998776e+05 5.769438546409529226e+04 2.582911344332014851e+05 7.794028569522625238e-01 3.320712194876064896e+05 6.437009819097532891e+05 2.250496865087476617e+05 1.261757533575525114e+00 8.336801596900572767e+05 3.846357051922082610e+04 1.858556795957561514e+00 1.692805955034368148e+00 3.846348465657767520e+04 1.562690321035676607e+04 3.846353625980286597e+04 1.666688499262518890e+05 1.689615022078120976e+00 3.798792561481367447e+05
3.320712136914098519e+05 2.936098752771933214e+05 3.320712668788511655e+05 2.551482636813291465e+05 3.320710174843729474e+05 3.614216831450085738e+05 2.936097713364019874e+05 6.868293633101617452e+05 3.128406418165652431e+05 2.255469228903749026e+05 3.320712194876064896e+05 7.672321248252414807e+04 5.254714103534023743e+05 2.379634254761628690e+05 3.320708112832533661e+05 7.567572643974761013e+05 3.320714839434484020e+05 3.320711973670547013e+05 3.320710830632468569e+05 3.320713104816555278e+05 3.320714039714335813e+05 3.320712936497660121e+05 2.535458098421378236e+05 3.320709706370261847e+05 2.612941565516121627e+05
6.437009018038843060e+05 6.052395933472911129e+05 6.437009828659405466e+05 5.667779908566348022e+05 6.437008914290823741e+05 4.531939857061819639e+05 6.052396145717485342e+05 5.733765308387418045e+05 6.244703441470304970e+05 5.619703871736231958e+05 6.437009819097532891e+05 5.254714103534023743e+05 2.027740120744797750e+05 5.667781557953780284e+05 6.437008322439232143e+05 6.611172417466451880e+05 6.437010914903312223e+05 6.437009446128243580e+05 6.437008729445266072e+05 6.437010324086904293e+05 6.437010277784036007e+05 6.437010597197203897e+05 5.651754623340104008e+05 6.437008855438311584e+05 5.392162619599794270e+05
2.250496467238549376e+05 1.769729043355723261e+05 2.250497064041014528e+05 1.472212727216821513e+05 2.250493946829974302e+05 4.175927265403961064e+05 1.865883350870732684e+05 6.872707882620353485e+05 2.058191060071640823e+05 1.156106893972259131e+05 2.250496865087476617e+05 2.379634254761628690e+05 5.667781557953780284e+05 2.875491599193547881e+04 2.250492501374016283e+05 7.567571018711020006e+05 2.250499352175919921e+05 2.250497352576822159e+05 2.250495315327577409e+05 2.250498381587172044e+05 2.250498193945169915e+05 2.250498317672524427e+05 1.236450466438948206e+05 2.250493595896115585e+05 3.029564430789598264e+05
1.302905453761025401e+00 7.692454177688660275e+04 1.255124573040813374e+00 1.170229314056474250e+05 1.086980607888511585e+00 4.945153638644778403e+05 7.692454211815241433e+04 7.641935665569495177e+05 5.769374900370759133e+04 2.582906692346791679e+05 1.261757533575525114e+00 3.320708112832533661e+05 6.437008322439232143e+05 2.250492501374016283e+05 4.903951688777704043e-01 8.336801362870144658e+05 3.846296774439955334e+04 1.304088251138557863e+00 1.201353680313243633e+00 3.846294552188763191e+04 1.562636376247136650e+04 3.846300177612549305e+04 1.666684018297879084e+05 1.197638112505812202e+00 3.798788740680709598e+05
8.336802216384784551e+05 7.735841568975481205e+05 8.336801445468335878e+05 7.567571322413885500e+05 8.336801050470155897e+05 7.369534677666570060e+05 7.952187557172557572e+05 5.159782885095740785e+05 8.144495249480248895e+05 7.567572373226069612e+05 8.336801596900571603e+05 7.567572643974761013e+05 6.611172417466451880e+05 7.567571018711020006e+05 8.336801362870144658e+05 1.998236397915677517e+05 8.336802297297297046e+05 8.336802616171265254e+05 8.336802589200426592e+05 8.336802227367226733e+05 8.336801528066527098e+05 8.336802681912680855e+05 7.551545770647450117e+05 8.336802452277451521e+05 7.543022741332434816e+05
3.846345777033014019e+04 7.692527920165506657e+04 3.846345093332298711e+04 1.170235521166799444e+05 3.846341146426982596e+04 4.945157850753586390e+05 7.692519652429789130e+04 7.641937291899663396e+05 3.846352529512311594e+04 2.582913964852143254e+05 3.846357051922082610e+04 3.320714839434484020e+05 6.437010914903312223e+05 2.250499352175919921e+05 3.846296774439955334e+04 8.336802297297297046e+05 8.163577776653218043e-01 3.846350915599767177e+04 3.846348746125763864e+04 3.846344885875468026e+04 3.605948077972516330e+04 3.846341559162770864e+04 1.666690180647745146e+05 3.846360434049750620e+04 3.798794109691676567e+05
1.742150741705960515e+00 7.692523995367418684e+04 1.729425444025521896e+00 1.170234957564529905e+05 1.607244830258694357e+00 4.945156214188043959e+05 7.692531788849538134e+04 7.641936115795859369e+05 5.769432660940159258e+04 2.582910693617390643e+05 1.858556795957561514e+00 3.320711973670547013e+05 6.437009446128243580e+05 2.250497352576822159e+05 1.304088251138557863e+00 8.336802616171265254e+05 3.846350915599767177e+04 8.258007190713751999e-01 1.717968164845413925e+00 3.846351686188643362e+04 1.562675367899092635e+04 3.846351046303554176e+04 1.666688156725333829e+05 1.598363340650340580e+00 3.798791680026464164e+05
1.590131473358499026e+00 7.692515222989275935e+04 1.702096451528718024e+00 1.170234449266977754e+05 1.522683112925464766e+00 4.945155532084085862e+05 7.692519109081949864e+04 7.641936820865230402e+05 5.769422718054688448e+04 2.582910024605152139e+05 1.692805955034368148e+00 3.320710830632468569e+05 6.437008729445266072e+05 2.250495315327577409e+05 1.201353680313243633e+00 8.336802589200426592e+05 3.846348746125763864e+04 1.717968164845413925e+00 8.096174233692180477e-01 3.846342788206275873e+04 1.562682819388137432e+04 3.846345278618759767e+04 1.666687329529734852e+05 1.521361103540686655e+00 3.798791287793026422e+05
3.846355631292877661e+04 7.692520516824029619e+04 3.846353252679731668e+04 1.170235449569845223e+05 3.846327394451981672e+04 4.945156700570263783e+05 7.692523257720850233e+04 7.641936912648910657e+05 5.769420780138311238e+04 2.582911865469433833e+05 3.846348465657767520e+04 3.320713104816555278e+05 6.437010324086904293e+05 2.250498381587172044e+05 3.846294552188763191e+04 8.336802227367226733e+05 3.846344885875468026e+04 3.846351686188643362e+04 3.846342788206275873e+04 8.840026997639554018e-01 2.524217658589233179e+04 1.643226530099098248e+00 1.666689492731484061e+05 3.846344486575153860e+04 3.798792904016955290e+05
1.562680339904747234e+04 7.692529478671270772e+04 1.562666437854393916e+04 1.170234877662387298e+05 1.562664588125212504e+04 4.945156684374472825e+05 7.692527426640337217e+04 7.641936597963595996e+05 5.649223224417569145e+04 2.582912727020175080e+05 1.562690321035676789e+04 3.320714039714336395e+05 6.437010277784036007e+05 2.250498193945170206e+05 1.562636376247136650e+04 8.336801528066527098e+05 3.605948077972516330e+04 1.562675367899092998e+04 1.562682819388137614e+04 2.524217658589233179e+04 2.020829376134842823e+04 2.524215574699843637e+04 1.666688456090750115e+05 1.562680627994960378e+04 3.798793135831824038e+05
3.846350523617402359e+04 7.692522159597811697e+04 3.846351789370054757e+04 1.170235113832358184e+05 3.846329229706930346e+04 4.945157721980104689e+05 7.692517153671827691e+04 7.641937275728161912e+05 5.769411424499325949e+04 2.582912251889084582e+05 3.846353625980286597e+04 3.320712936497660121e+05 6.437010597197203897e+05 2.250498317672524718e+05 3.846300177612549305e+04 8.336802681912680855e+05 3.846341559162770864e+04 3.846351046303554176e+04 3.846345278618759767e+04 1.643226530099098248e+00 2.524215574699843637e+04 8.430607658045085051e-01 1.666689024792268465e+05 3.846340996664027625e+04 3.798792902222088305e+05
1.666687307934811106e+05 1.233997192982784036e+05 1.666688365043421509e+05 7.128205994472801103e+04 1.666684341439715645e+05 4.159901165602716501e+05 1.282073707124210487e+05 6.856681971616658848e+05 1.474382153266922978e+05 1.781631726159976388e+05 1.666688499262518890e+05 2.535458098421378236e+05 5.651754623340104008e+05 1.236450466438948206e+05 1.666684018297879084e+05 7.551545770647450117e+05 1.666690180647745146e+05 1.666688156725333829e+05 1.666687329529734561e+05 1.666689492731484061e+05 1.666688456090750115e+05 1.666689024792268465e+05 2.070107955599560228e+04 1.666687076893448830e+05 3.013536992846894427e+05
1.652935078508090516e+00 7.692511273691519455e+04 1.728476484953318737e+00 1.170233385319589142e+05 1.451417960599112655e+00 4.945155450529354857e+05 7.692510462487042241e+04 7.641936024210804608e+05 5.769424945320806728e+04 2.582907769018312974e+05 1.689615022078120976e+00 3.320709706370261847e+05 6.437008855438311584e+05 2.250493595896115585e+05 1.197638112505812202e+00 8.336802452277451521e+05 3.846360434049750620e+04 1.598363340650340580e+00 1.521361103540686655e+00 3.846344486575153860e+04 1.562680627994960014e+04 3.846340996664027625e+04 1.666687076893448830e+05 8.279960297743058639e-01 3.798790175020655151e+05
3.798790328485443024e+05 3.414177226344270166e+05 3.798792513277560938e+05 2.813215344952223822e+05 3.798789390941091697e+05 3.559697358836432104e+05 3.414178169107327703e+05 6.832288012575996108e+05 3.606485739818614675e+05 2.689653132975305780e+05 3.798792561481367447e+05 2.612941565516121627e+05 5.392162619599791942e+05 3.029564430789598264e+05 3.798788740680710180e+05 7.543022741332434816e+05 3.798794109691676567e+05 3.798791680026464164e+05 3.798791287793026422e+05 3.798792904016955290e+05 3.798793135831823456e+05 3.798792902222088305e+05 3.013536992846894427e+05 3.798790175020656316e+05 9.700152275019565423e+04
