2.243767313019377485e-01 1.980263157894737613e+00 1.730263157894737613e+00 1.250017975146199024e+05 1.912742382271468200e+00 1.250012960526315146e+05 1.558075561711296464e+00 1.250022609649122751e+05 1.250327023699599804e+00 2.500023246383502556e+05 1.921745152354570996e+00 2.500023947368421068e+05 1.873903508771930237e+00 1.980263157894737391e+00 1.274122807017545433e+00 2.500020263157890586e+05 9.802631578947375024e-01 1.843490304709141991e+00 1.250024277854724496e+05 1.250022837603878288e+05 1.406855955678670389e+00 2.500021018005539954e+05 1.730263157894737391e+00 2.500023947368421068e+05 1.903739612188366070e+00
1.980263157894737391e+00 4.336808689942014285e-16 1.500000000000000444e+00 1.250019166666666715e+05 1.506578947368421906e+00 1.250018749999999418e+05 1.402412280701754943e+00 1.250021973684210534e+05 1.122441520467837517e+00 2.500021761695906753e+05 1.604532163742689921e+00 2.500022083333333430e+05 1.854166666666667185e+00 1.319444444444444420e+00 1.875000000000000222e+00 2.500017499999995634e+05 1.000000000000000000e+00 1.480263157894736725e+00 1.250020000000000146e+05 1.250020625000000000e+05 1.625000000000000444e+00 2.500017105263157573e+05 1.958333333333333925e+00 2.500020000000000291e+05 1.640350877192981782e+00
1.730263157894737391e+00 1.500000000000000444e+00 1.188271604938271470e-01 1.250017916666666861e+05 1.640350877192982892e+00 1.250017763157894078e+05 9.470029239766069029e-01 1.250014890350877540e+05 1.080774853801170554e+00 2.500017532894737087e+05 1.150909681611437252e+00 2.500020000000000291e+05 9.791666666666669627e-01 1.233187134502924609e+00 1.583333333333333259e+00 2.500013749999995925e+05 7.500000000000003331e-01 1.276315789473684070e+00 1.250013472222222481e+05 1.250014769736842427e+05 1.875000000000000222e+00 2.500013750000000000e+05 1.569444444444445086e+00 2.500020000000000291e+05 1.674342105263157743e+00
1.250017975146199024e+05 1.250019166666666715e+05 1.250017916666666861e+05 5.046381792688352519e-01 1.250014599492151319e+05 1.425438596577963679e+00 1.250016619152047060e+05 2.502923976608187218e+00 1.250014097222220298e+05 1.250018647660818679e+05 1.250017024853801413e+05 1.250016527777777665e+05 1.250017013888889196e+05 1.250017222222222335e+05 1.250018750000000291e+05 1.250025416666662495e+05 1.250012916666666861e+05 1.250019495614035259e+05 2.625000000000000888e+00 1.788377192982457897e+00 1.250019166666667006e+05 1.250025416666666861e+05 1.250021944444444671e+05 1.250016728395061655e+05 1.250016096491228382e+05
1.912742382271468200e+00 1.506578947368421906e+00 1.640350877192982892e+00 1.250014599492151319e+05 4.875560001367931773e-01 1.250016513157894078e+05 1.282721606648199675e+00 1.250023238304093393e+05 1.074510105673540883e+00 2.500021502000615583e+05 1.540397045244690011e+00 2.500021096491228091e+05 1.562500000000000222e+00 1.507079101261927345e+00 1.973684210526316596e+00 2.500018486842100974e+05 1.098684210526316152e+00 1.621191135734072919e+00 1.250021403508771909e+05 1.250021404085872637e+05 1.599618258609487143e+00 2.500018424515234947e+05 2.098684210526316374e+00 2.500019013157894951e+05 1.525007694675285963e+00
1.250012960526315146e+05 1.250018749999999418e+05 1.250017763157894078e+05 1.425438596577963679e+00 1.250016513157894078e+05 2.496537397856614937e-01 1.250014521198829898e+05 2.182017543946385363e+00 1.250011443713447370e+05 1.250024042782395409e+05 1.250017770083101932e+05 1.250024210526316601e+05 1.250017554824560793e+05 1.250018486842104758e+05 1.250014013157893933e+05 1.250022763157891459e+05 1.250010263157894078e+05 1.250018611495844380e+05 2.581871345115975380e+00 2.314577562413606682e+00 1.250014224376730708e+05 1.250021790935673489e+05 1.250019013157894078e+05 1.250024210526316601e+05 1.250017396121883066e+05
1.558075561711296908e+00 1.402412280701755165e+00 9.470029239766069029e-01 1.250016619152047060e+05 1.282721606648199897e+00 1.250014521198829898e+05 3.939524127081849847e-01 1.250016743421052815e+05 6.053401046475849201e-01 2.500016955462791957e+05 1.300977223761157209e+00 2.500017748538011801e+05 1.215643274853800637e+00 1.367608836907083125e+00 1.620004873294348169e+00 2.500015047514615580e+05 7.218567251461994738e-01 1.474088180978763596e+00 1.250017439489928802e+05 1.250017040435519011e+05 1.425804093567252240e+00 2.500015047514619946e+05 1.557220597790773375e+00 2.500017748538011801e+05 1.496623961218837895e+00
1.250022609649122751e+05 1.250021973684210534e+05 1.250014890350877540e+05 2.502923976608186774e+00 1.250023238304093393e+05 2.182017543946385363e+00 1.250016743421052815e+05 5.160433979686066541e-01 1.250016392543857655e+05 1.250020050400123146e+05 1.250018837719298608e+05 1.250025307017543819e+05 1.250015932017544110e+05 1.250020723684210679e+05 1.250021001461988199e+05 1.250018026315785246e+05 1.250014057017544110e+05 1.250021779778393393e+05 1.734225915666359308e+00 1.642659279778391879e+00 1.250021557017543819e+05 1.250016820175438625e+05 1.250016081871345232e+05 1.250029473684210388e+05 1.250020800438596489e+05
1.250327023699599804e+00 1.122441520467837517e+00 1.080774853801170554e+00 1.250014097222220444e+05 1.074510105673540883e+00 1.250011443713447661e+05 6.053401046475849201e-01 1.250016392543857801e+05 2.600394138367352337e-01 2.500016337142195844e+05 1.215931825176977954e+00 2.500016553362570703e+05 1.180555555555555802e+00 1.247441520467837295e+00 1.330774853801170998e+00 2.500014974415198667e+05 4.141081871345035914e-01 1.262676977531548728e+00 1.250017613304091792e+05 1.250015967605415353e+05 1.092592592592592782e+00 2.500014974415203033e+05 1.295281026640676680e+00 2.500016553362571285e+05 1.247903200984918470e+00
2.500023246383502556e+05 2.500021761695906753e+05 2.500017532894737087e+05 1.250018647660818679e+05 2.500021502000615583e+05 1.250024042782395409e+05 2.500016955462791957e+05 1.250020050400123146e+05 2.500016337142195844e+05 1.094125115420126360e+00 2.500016961949831166e+05 1.414839181286547509e+00 2.500016162280701974e+05 2.500018557098765741e+05 2.500021455490578373e+05 2.383406433182218898e+00 2.500016023391812923e+05 2.500020803324099688e+05 1.250023944611162442e+05 1.250016716393505631e+05 2.500021944444444671e+05 2.504943828870421996e+00 2.500020191682910954e+05 1.723472606955983810e+00 2.500017323503385996e+05
1.921745152354570996e+00 1.604532163742689921e+00 1.150909681611437252e+00 1.250017024853801413e+05 1.540397045244690233e+00 1.250017770083101932e+05 1.300977223761157209e+00 1.250018837719298608e+05 1.215931825176977954e+00 2.500016961949831166e+05 4.179448377278470184e-01 2.500016747076023603e+05 1.279239766081872176e+00 1.196637426900585055e+00 1.960526315789473895e+00 2.500018530701750424e+05 1.085526315789473895e+00 1.864843028624193044e+00 1.250021030701754644e+05 1.250017940904894203e+05 1.810307017543860031e+00 2.500018530701754498e+05 1.655539311241066791e+00 2.500018135964912362e+05 1.085855476898874850e+00
2.500023947368421068e+05 2.500022083333333430e+05 2.500020000000000291e+05 1.250016527777777665e+05 2.500021096491228091e+05 1.250024210526316601e+05 2.500017748538011801e+05 1.250025307017543819e+05 2.500016553362570703e+05 1.414839181286547509e+00 2.500016747076023603e+05 1.388888888888890061e-01 2.500018055555555620e+05 2.500017638888889342e+05 2.500023750000000000e+05 2.833333333767013684e+00 2.500017500000000291e+05 2.500022412280701683e+05 1.250027500000000000e+05 1.250020175438596343e+05 2.500022708333333139e+05 3.000000000000000444e+00 2.500024027777778101e+05 1.157163742690058506e+00 2.500016513157894951e+05
1.873903508771930015e+00 1.854166666666667185e+00 9.791666666666669627e-01 1.250017013888889196e+05 1.562500000000000222e+00 1.250017554824560793e+05 1.215643274853800637e+00 1.250015932017544110e+05 1.180555555555555802e+00 2.500016162280701974e+05 1.279239766081872176e+00 2.500018055555555620e+05 1.458333333333333426e-01 1.398757309941520699e+00 1.937500000000000222e+00 2.500016041666662495e+05 1.104166666666666963e+00 1.748903508771930682e+00 1.250017986111111240e+05 1.250014714912281052e+05 1.750000000000000444e+00 2.500015995370370510e+05 1.506944444444444864e+00 2.500019791666666861e+05 1.061647173489279172e+00
1.980263157894737391e+00 1.319444444444444420e+00 1.233187134502924609e+00 1.250017222222222335e+05 1.507079101261927567e+00 1.250018486842104758e+05 1.367608836907083125e+00 1.250020723684210679e+05 1.247441520467837295e+00 2.500018557098765741e+05 1.196637426900585055e+00 2.500017638888889342e+05 1.398757309941520255e+00 3.362744092199307366e-01 1.851851851851852082e+00 2.500016249999995925e+05 1.000000000000000222e+00 1.238304093567251352e+00 1.250018441358025011e+05 1.250019173976608436e+05 2.000000000000000444e+00 2.500016111111111240e+05 1.827160493827161059e+00 2.500015555555555911e+05 1.317221538251085455e+00
1.274122807017545433e+00 1.875000000000000666e+00 1.583333333333333259e+00 1.250018750000000291e+05 1.973684210526316818e+00 1.250014013157893933e+05 1.620004873294348169e+00 1.250021001461988199e+05 1.330774853801170998e+00 2.500021455490578373e+05 1.960526315789473895e+00 2.500023750000000000e+05 1.937500000000000222e+00 1.851851851851852082e+00 2.530864197530871551e-01 2.500020416666662495e+05 9.166666666666674068e-01 1.815789473684209954e+00 1.250023981481481314e+05 1.250020756578947330e+05 1.833333333333334370e+00 2.500019534600389597e+05 1.953703703703704386e+00 2.500023750000000000e+05 1.820175438596491224e+00
2.500020263157890586e+05 2.500017499999995634e+05 2.500013749999995925e+05 1.250025416666662495e+05 2.500018486842100974e+05 1.250022763157891459e+05 2.500015047514615580e+05 1.250018026315785246e+05 2.500014974415198376e+05 2.383406433182218898e+00 2.500018530701750424e+05 2.833333333767013684e+00 2.500016041666662495e+05 2.500016249999995925e+05 2.500020416666662495e+05 5.555555642291669372e-02 2.500012499999995925e+05 2.500016973684206023e+05 1.250012127192978369e+05 1.250021019736837916e+05 2.500021249999995634e+05 1.069444444878125289e+00 2.500016249999995925e+05 2.583333333767013684e+00 2.500020493421048450e+05
9.802631578947375024e-01 1.000000000000000000e+00 7.500000000000003331e-01 1.250012916666666861e+05 1.098684210526316152e+00 1.250010263157894078e+05 7.218567251461994738e-01 1.250014057017544110e+05 4.141081871345035914e-01 2.500016023391812923e+05 1.085526315789473895e+00 2.500017500000000291e+05 1.104166666666667185e+00 1.000000000000000222e+00 9.166666666666674068e-01 2.500012499999995925e+05 3.469446951953609258e-16 9.802631578947369473e-01 1.250015555555555766e+05 1.250013256578947621e+05 1.125000000000000000e+00 2.500012500000000000e+05 1.125000000000000222e+00 2.500017500000000291e+05 1.111842105263157743e+00
1.843490304709141991e+00 1.480263157894736725e+00 1.276315789473684070e+00 1.250019495614035259e+05 1.621191135734072919e+00 1.250018611495844380e+05 1.474088180978763596e+00 1.250021779778393393e+05 1.262676977531548950e+00 2.500020803324099688e+05 1.864843028624193044e+00 2.500022412280701683e+05 1.748903508771930682e+00 1.238304093567251352e+00 1.815789473684209954e+00 2.500016973684206023e+05 9.802631578947368363e-01 2.659279778393357496e-01 1.250019473684210534e+05 1.250019645083102660e+05 1.973684210526316818e+00 2.500016973684210388e+05 1.669590643274854180e+00 2.500020328947368544e+05 1.859956909818407000e+00
1.250024277854724496e+05 1.250020000000000146e+05 1.250013472222222481e+05 2.625000000000001332e+00 1.250021403508771909e+05 2.581871345115975380e+00 1.250017439489928802e+05 1.734225915666359308e+00 1.250017613304091647e+05 1.250023944611162442e+05 1.250021030701754644e+05 1.250027500000000000e+05 1.250017986111111240e+05 1.250018441358025011e+05 1.250023981481481314e+05 1.250012127192978369e+05 1.250015555555555766e+05 1.250019473684210534e+05 4.012516671796448886e-01 2.310307017543860475e+00 1.250025555555555475e+05 1.250010416666666861e+05 1.250020077160493820e+05 1.250023333333333285e+05 1.250024243421052524e+05
1.250022837603878288e+05 1.250020625000000000e+05 1.250014769736842427e+05 1.788377192982457897e+00 1.250021404085872637e+05 2.314577562413606682e+00 1.250017040435519011e+05 1.642659279778391879e+00 1.250015967605415062e+05 1.250016716393505631e+05 1.250017940904894203e+05 1.250020175438596343e+05 1.250014714912281052e+05 1.250019173976608436e+05 1.250020756578947330e+05 1.250021019736837916e+05 1.250013256578947621e+05 1.250019645083102660e+05 2.310307017543860031e+00 3.052285318559543326e-01 1.250020771198830626e+05 1.250022269736842136e+05 1.250017130847953522e+05 1.250024342105263058e+05 1.250018577735457220e+05
1.406855955678670389e+00 1.625000000000000444e+00 1.875000000000000222e+00 1.250019166666667006e+05 1.599618258609487143e+00 1.250014224376730708e+05 1.425804093567252240e+00 1.250021557017543819e+05 1.092592592592592782e+00 2.500021944444444671e+05 1.810307017543860031e+00 2.500022708333333139e+05 1.750000000000000444e+00 2.000000000000000444e+00 1.833333333333334370e+00 2.500021249999995634e+05 1.125000000000000000e+00 1.973684210526316818e+00 1.250025555555555475e+05 1.250020771198830626e+05 3.684809001060154743e-01 2.500020592105262913e+05 1.791666666666666963e+00 2.500023750000000000e+05 1.554824561403509442e+00
2.500021018005539954e+05 2.500017105263157573e+05 2.500013750000000000e+05 1.250025416666666861e+05 2.500018424515234947e+05 1.250021790935673489e+05 2.500015047514619946e+05 1.250016820175438625e+05 2.500014974415202450e+05 2.504943828870421996e+00 2.500018530701754498e+05 3.000000000000000444e+00 2.500015995370370510e+05 2.500016111111111240e+05 2.500019534600389597e+05 1.069444444878125289e+00 2.500012500000000000e+05 2.500016973684210388e+05 1.250010416666666861e+05 1.250022269736842136e+05 2.500020592105262913e+05 4.064327485380115901e-01 2.500015592105263204e+05 2.416666666666666519e+00 2.500020493421052524e+05
1.730263157894737391e+00 1.958333333333333925e+00 1.569444444444445086e+00 1.250021944444444671e+05 2.098684210526316374e+00 1.250019013157894078e+05 1.557220597790773153e+00 1.250016081871345232e+05 1.295281026640676902e+00 2.500020191682910954e+05 1.655539311241066791e+00 2.500024027777778101e+05 1.506944444444444864e+00 1.827160493827161059e+00 1.953703703703704608e+00 2.500016249999995925e+05 1.125000000000000222e+00 1.669590643274854180e+00 1.250020077160493820e+05 1.250017130847953522e+05 1.791666666666666963e+00 2.500015592105263204e+05 2.083333333333332316e-01 2.500026111111111240e+05 1.729126055880441770e+00
2.500023947368421068e+05 2.500020000000000291e+05 2.500020000000000291e+05 1.250016728395061655e+05 2.500019013157894951e+05 1.250024210526316601e+05 2.500017748538011801e+05 1.250029473684210388e+05 2.500016553362570703e+05 1.723472606955983810e+00 2.500018135964912362e+05 1.157163742690058506e+00 2.500019791666666861e+05 2.500015555555555911e+05 2.500023750000000000e+05 2.583333333767013684e+00 2.500017500000000291e+05 2.500020328947368544e+05 1.250023333333333285e+05 1.250024342105263058e+05 2.500023750000000000e+05 2.416666666666666519e+00 2.500026111111111240e+05 1.944529940836490223e-01 2.500018920565302251e+05
1.903739612188366293e+00 1.640350877192982004e+00 1.674342105263157965e+00 1.250016096491228382e+05 1.525007694675285963e+00 1.250017396121883066e+05 1.496623961218837895e+00 1.250020800438596489e+05 1.247903200984918692e+00 2.500017323503385996e+05 1.085855476898874850e+00 2.500016513157894951e+05 1.061647173489279172e+00 1.317221538251085455e+00 1.820175438596491002e+00 2.500020493421048450e+05 1.111842105263157743e+00 1.859956909818407000e+00 1.250024243421052524e+05 1.250018577735457220e+05 1.554824561403509442e+00 2.500020493421052524e+05 1.729126055880441770e+00 2.500018920565302251e+05 5.332067986730975040e-01
