3.208705357142865311e-01 1.700892857142857206e+00 4.285726071428571595e+05 4.285726785714284633e+05 1.508928571428572507e+00 1.982142857142857872e+00 1.535714285714286698e+00 1.821149553571428825e+00 1.928571428571428381e+00 2.857158214285714785e+05 2.500000000148689505e+00 1.291666666666667185e+00 1.428587544642856810e+05 1.352678571428571397e+00 3.809533452380946837e+05 4.285726071428571595e+05 1.330357142857143238e+00 1.568080357142857650e+00 2.191964285714285587e+00 1.257440476190476053e+00 4.285724821428571595e+05 4.285724642857142608e+05 2.276801324404762418e+05 4.285724642857142608e+05 1.740792410714284921e+00
1.700892857142857206e+00 2.226872519841268383e-01 4.285725535714286380e+05 4.285724107142856228e+05 1.343750000000000000e+00 1.401692708333333481e+00 1.004464285714285587e+00 1.553571428571429047e+00 9.300595238095239470e-01 2.857155535714285797e+05 1.481305803720118996e+00 1.102120535714285809e+00 1.428588738839285506e+05 1.075892857142857206e+00 3.809533630952375825e+05 4.285725535714286380e+05 6.919642857142859205e-01 1.450396825396825351e+00 1.191127232142857206e+00 8.065476190476191798e-01 4.285724285714285797e+05 4.285724107142857392e+05 2.276798800688244810e+05 4.285724107142857392e+05 1.808035714285714413e+00
4.285726071428571595e+05 4.285725535714286380e+05 1.916852678571428770e-01 1.428581428571428405e+05 4.285725714285714203e+05 4.285724642857142608e+05 4.285722142857142608e+05 4.285725714285714203e+05 4.285726428571428405e+05 2.857158571428571013e+05 4.285728571428570431e+05 4.285725714285714203e+05 2.857154285714285215e+05 4.285722857142857392e+05 2.857157142857141444e+05 6.250030087425595411e+04 4.285721785714285797e+05 4.285725000000000000e+05 4.285724285714285797e+05 4.285722857142857392e+05 2.380958988095243112e+05 2.857149999999999418e+05 2.857158571428571013e+05 2.857152142857142608e+05 4.285727142857143190e+05
4.285726785714284633e+05 4.285724107142855646e+05 1.428581428571428405e+05 4.882812500000000000e-02 4.285727142857140861e+05 4.285726071428569849e+05 4.285723571428569849e+05 4.285727142857140861e+05 4.285725714285712456e+05 2.857152857142856810e+05 4.285722857142854482e+05 4.285727142857140861e+05 2.857155714285713620e+05 4.285721428571426659e+05 2.857152857142855646e+05 8.035809644717261835e+04 4.285722499999998836e+05 4.285723571428569267e+05 4.285722857142855646e+05 4.285721428571427241e+05 2.380965178571433644e+05 2.857155714285713620e+05 2.678581568080356810e+05 2.857157142857142608e+05 4.285724285714283469e+05
1.508928571428572507e+00 1.343750000000000000e+00 4.285725714285714203e+05 4.285727142857141444e+05 3.638392857142857539e-01 1.316964285714285587e+00 1.208705357142857206e+00 1.492466517857142794e+00 1.589285714285714191e+00 2.857157142857143190e+05 1.803571428720119219e+00 1.301339285714286031e+00 1.428587879464285797e+05 1.384207589285714191e+00 3.809535238095232635e+05 4.285725714285714203e+05 1.044642857142857206e+00 1.496651785714285587e+00 1.340773809523809756e+00 1.109002976190476275e+00 4.285724464285714203e+05 4.285724285714285797e+05 2.276802312127976911e+05 4.285722857142857392e+05 1.767578125000000000e+00
1.982142857142857872e+00 1.401692708333333481e+00 4.285724642857142608e+05 4.285726071428569849e+05 1.316964285714285587e+00 3.780691964285712858e-01 1.142578125000000000e+00 1.745256696428571397e+00 1.571149553571428603e+00 2.857157142857143190e+05 1.941406250148691059e+00 1.617606026785714413e+00 1.428589146205357101e+05 1.638392857142857650e+00 3.809535238095232635e+05 4.285724642857142608e+05 1.102120535714285587e+00 1.587797619047618847e+00 1.141183035714286031e+00 1.333333333333333481e+00 4.285724330357142026e+05 4.285724285714285797e+05 2.276802021949405607e+05 4.285722857142857392e+05 2.316964285714286031e+00
1.535714285714286476e+00 1.004464285714285587e+00 4.285722142857142608e+05 4.285723571428569849e+05 1.208705357142857206e+00 1.142578125000000000e+00 3.595610119047618625e-01 1.047340029761904656e+00 1.607142857142857428e+00 2.857155000000000000e+05 1.690476190624880637e+00 1.331535218253968367e+00 1.428586964285714203e+05 9.761904761904763861e-01 3.809533095238090027e+05 4.285722142857142608e+05 4.553571428571429047e-01 1.437003968253968367e+00 1.410218253968253954e+00 6.592261904761905766e-01 4.285720892857142608e+05 4.285720714285714203e+05 2.276799806547619810e+05 4.285720714285714203e+05 1.785714285714286031e+00
1.821149553571428825e+00 1.553571428571429047e+00 4.285725714285714203e+05 4.285727142857141444e+05 1.492466517857142794e+00 1.745256696428571397e+00 1.047340029761904656e+00 2.441406250000000000e-01 2.174107142857143238e+00 2.857155714285714785e+05 1.888392857291547378e+00 1.453869047619047894e+00 1.428591886160713912e+05 1.627371651785714413e+00 3.809536666666661622e+05 4.285725714285714203e+05 1.129464285714285587e+00 1.529017857142857428e+00 2.044642857142857206e+00 1.284505208333333259e+00 4.285724464285714203e+05 4.285724285714285797e+05 2.276804085286459012e+05 4.285721428571428405e+05 1.488420758928571619e+00
1.928571428571428381e+00 9.300595238095239470e-01 4.285726428571428405e+05 4.285725714285713038e+05 1.589285714285714191e+00 1.571149553571428603e+00 1.607142857142857650e+00 2.174107142857143238e+00 2.405133928571428770e-01 2.857157142857143190e+05 1.780970982291547822e+00 1.598632812500000222e+00 1.428587918526785506e+05 1.785714285714286031e+00 3.809530952380946837e+05 4.285727142857143190e+05 1.187500000000000222e+00 1.933035714285714635e+00 1.373604910714285809e+00 1.302083333333333481e+00 4.285725892857142608e+05 4.285725714285714203e+05 2.276797804594494810e+05 4.285725000000000000e+05 2.428571428571429269e+00
2.857158214285714785e+05 2.857155535714285797e+05 2.857158571428571013e+05 2.857152857142856810e+05 2.857157142857143190e+05 2.857157142857143190e+05 2.857155000000000000e+05 2.857155714285714785e+05 2.857157142857143190e+05 6.138392857142851988e-02 2.857152857142855646e+05 2.857157142857143190e+05 1.428583214285714203e+05 2.857155714285714785e+05 9.523925595238049573e+04 2.857158571428571013e+05 2.857152500000000000e+05 2.857155714285714785e+05 2.857155714285714785e+05 2.857151904761904734e+05 1.428589196428571304e+05 1.428585848214285506e+05 7.589356984747016395e+04 1.428583214285714203e+05 2.857152857142857392e+05
2.500000000148689505e+00 1.481305803720118996e+00 4.285728571428569267e+05 4.285722857142854482e+05 1.803571428720119219e+00 1.941406250148691059e+00 1.690476190624880637e+00 1.888392857291547378e+00 1.780970982291547822e+00 2.857152857142855646e+05 3.381696431545239689e-01 1.922851562648690393e+00 1.428594112723212165e+05 2.000000000148690393e+00 3.809533809523802483e+05 4.285728571428569267e+05 1.330357143005833631e+00 2.147321428720119219e+00 1.295665922767738287e+00 1.444940476339166668e+00 4.285725892857141444e+05 4.285727142857140861e+05 2.276798711402528861e+05 4.285723571428569849e+05 1.714285714434404806e+00
1.291666666666667185e+00 1.102120535714285809e+00 4.285725714285714203e+05 4.285727142857141444e+05 1.301339285714286031e+00 1.617606026785714413e+00 1.331535218253968367e+00 1.453869047619047894e+00 1.598632812500000222e+00 2.857157142857143190e+05 1.922851562648690393e+00 3.080667162698413342e-01 1.428587940848214203e+05 1.803571428571428603e+00 3.809535238095232635e+05 4.285725714285714203e+05 1.085937500000000000e+00 1.629464285714285809e+00 1.665597098214285587e+00 1.391369047619047672e+00 4.285724464285714203e+05 4.285724285714285797e+05 2.276800081380209012e+05 4.285722857142857392e+05 1.946428571428571397e+00
1.428587544642856810e+05 1.428588738839285506e+05 2.857154285714285215e+05 2.857155714285713620e+05 1.428587879464285797e+05 1.428589146205357101e+05 1.428586964285714203e+05 1.428591886160713912e+05 1.428587918526785506e+05 1.428583214285714203e+05 1.428594112723212456e+05 1.428587940848214203e+05 7.455357142857161890e-01 1.428590178571428114e+05 2.380962857142851572e+05 2.857154285714285215e+05 1.428583906250000000e+05 1.428588515624999709e+05 1.428590742187499709e+05 1.428585018601190532e+05 2.857153035714285215e+05 2.857151428571428405e+05 8.482262295386908227e+04 2.857151339285714203e+05 1.428594464285713912e+05
1.352678571428571397e+00 1.075892857142857206e+00 4.285722857142857392e+05 4.285721428571427241e+05 1.384207589285714191e+00 1.638392857142857650e+00 9.761904761904766081e-01 1.627371651785714413e+00 1.785714285714286031e+00 2.857155714285714785e+05 2.000000000148690393e+00 1.803571428571428603e+00 1.428590178571428114e+05 4.882812500000040246e-02 3.809533809523804230e+05 4.285722857142857392e+05 8.839285714285717299e-01 9.845610119047615294e-01 1.299107142857143016e+00 6.502976190476191798e-01 4.285724107142857392e+05 4.285724285714285797e+05 2.276801101190476911e+05 4.285724285714285797e+05 1.522600446428571619e+00
3.809533452380946837e+05 3.809533630952375825e+05 2.857157142857141444e+05 2.857152857142855646e+05 3.809535238095232635e+05 3.809535238095232635e+05 3.809533095238090609e+05 3.809536666666661622e+05 3.809530952380946837e+05 9.523925595238051028e+04 3.809533809523802483e+05 3.809535238095232635e+05 2.380962857142851572e+05 3.809533809523804230e+05 6.349216784474236192e+04 2.857158571428570431e+05 3.809531547619042103e+05 3.809533809523804812e+05 3.809533809523804230e+05 3.809530634920629673e+05 7.936653807043646520e+04 4.762054017857187864e+04 1.711317438926085597e+05 4.762053075396870554e+04 3.809533809523804230e+05
4.285726071428571595e+05 4.285725535714286380e+05 6.250030087425594684e+04 8.035809644717261835e+04 4.285725714285714203e+05 4.285724642857142608e+05 4.285722142857142608e+05 4.285725714285714203e+05 4.285727142857143190e+05 2.857158571428571013e+05 4.285728571428570431e+05 4.285725714285714203e+05 2.857154285714285215e+05 4.285722857142857392e+05 2.857158571428570431e+05 7.031256349206349114e+04 4.285721785714285797e+05 4.285725000000000000e+05 4.285724285714285797e+05 4.285722857142857392e+05 2.380959305555560859e+05 2.857149999999999418e+05 2.779033571428571013e+05 2.857152857142856810e+05 4.285725714285714203e+05
1.330357142857143682e+00 6.919642857142859205e-01 4.285721785714285797e+05 4.285722499999998836e+05 1.044642857142857206e+00 1.102120535714285587e+00 4.553571428571429047e-01 1.129464285714285587e+00 1.187500000000000222e+00 2.857152500000000000e+05 1.330357143005833631e+00 1.085937500000000000e+00 1.428583906250000000e+05 8.839285714285717299e-01 3.809531547619042103e+05 4.285721785714285797e+05 1.238839285714284782e-01 1.209821428571428825e+00 1.058035714285714413e+00 3.288690476190477274e-01 4.285720535714285797e+05 4.285720357142856810e+05 2.276796472284226911e+05 4.285720357142856810e+05 1.455357142857143460e+00
1.568080357142857206e+00 1.450396825396825351e+00 4.285725000000000000e+05 4.285723571428569849e+05 1.496651785714285365e+00 1.587797619047618847e+00 1.437003968253968367e+00 1.529017857142857872e+00 1.933035714285714191e+00 2.857155714285714785e+05 2.147321428720118774e+00 1.629464285714285809e+00 1.428588515624999709e+05 9.845610119047614184e-01 3.809533809523804230e+05 4.285725000000000000e+05 1.209821428571428603e+00 5.718936011904761640e-01 1.410714285714285587e+00 9.444444444444446418e-01 4.285725625000000000e+05 4.285725714285714203e+05 2.276801264415923215e+05 4.285724285714285797e+05 1.451078869047620179e+00
2.191964285714285587e+00 1.191127232142857206e+00 4.285724285714285797e+05 4.285722857142855646e+05 1.340773809523809756e+00 1.141183035714286031e+00 1.410218253968253954e+00 2.044642857142857206e+00 1.373604910714285809e+00 2.857155714285714785e+05 1.295665922767738287e+00 1.665597098214286254e+00 1.428590742187499709e+05 1.299107142857143016e+00 3.809533809523804230e+05 4.285724285714285797e+05 1.058035714285714413e+00 1.410714285714285587e+00 2.489149305555555525e-01 1.172619047619047672e+00 4.285725535714286380e+05 4.285725714285714203e+05 2.276799686569940823e+05 4.285724285714285797e+05 2.156250000000000444e+00
1.257440476190476053e+00 8.065476190476191798e-01 4.285722857142857392e+05 4.285721428571427241e+05 1.109002976190476275e+00 1.333333333333333481e+00 6.592261904761905766e-01 1.284505208333333259e+00 1.302083333333333481e+00 2.857151904761904734e+05 1.444940476339166668e+00 1.391369047619047672e+00 1.428585018601190532e+05 6.502976190476191798e-01 3.809530634920629673e+05 4.285722857142857392e+05 3.288690476190477274e-01 9.444444444444446418e-01 1.172619047619047672e+00 1.123201884920634469e-01 4.285721607142856810e+05 4.285721428571428405e+05 2.276796584356399253e+05 4.285721428571428405e+05 1.126488095238095344e+00
4.285724821428571595e+05 4.285724285714285797e+05 2.380958988095243112e+05 2.380965178571433644e+05 4.285724464285714203e+05 4.285724330357142026e+05 4.285720892857142608e+05 4.285724464285714203e+05 4.285725892857142608e+05 1.428589196428571304e+05 4.285725892857141444e+05 4.285724464285714203e+05 2.857153035714285215e+05 4.285724107142857392e+05 7.936653807043646520e+04 2.380959305555560859e+05 4.285720535714285797e+05 4.285725625000000000e+05 4.285725535714286380e+05 4.285721607142856810e+05 6.349228614831312734e+04 4.761973660714233120e+04 2.187513616071427823e+05 4.762008599950342614e+04 4.285727321428571013e+05
4.285724642857142608e+05 4.285724107142857392e+05 2.857149999999999418e+05 2.857155714285713620e+05 4.285724285714285797e+05 4.285724285714285797e+05 4.285720714285714203e+05 4.285724285714285797e+05 4.285725714285714203e+05 1.428585848214285506e+05 4.285727142857141444e+05 4.285724285714285797e+05 2.857151428571428405e+05 4.285724285714285797e+05 4.762054017857189319e+04 2.857149999999999418e+05 4.285720357142856810e+05 4.285725714285714203e+05 4.285725714285714203e+05 4.285721428571428405e+05 4.761973660714233120e+04 4.882812500000000000e-02 2.187516148158481228e+05 1.007440476190475609e+00 4.285727142857143190e+05
2.276801324404762418e+05 2.276798800688244810e+05 2.857158571428571013e+05 2.678581568080356810e+05 2.276802312127976911e+05 2.276802021949405607e+05 2.276799806547619810e+05 2.276804085286459012e+05 2.276797804594494810e+05 7.589356984747019305e+04 2.276798711402528861e+05 2.276800081380209012e+05 8.482262295386909682e+04 2.276801101190476911e+05 1.711317438926085597e+05 2.779033571428571013e+05 2.276796472284226911e+05 2.276801264415923506e+05 2.276799686569940823e+05 2.276796584356399253e+05 2.187513616071427823e+05 2.187516148158481519e+05 8.565854563492063608e+04 2.187513775111606519e+05 2.276801681547619519e+05
4.285724642857142608e+05 4.285724107142857392e+05 2.857152142857142608e+05 2.857157142857142608e+05 4.285722857142857392e+05 4.285722857142857392e+05 4.285720714285714203e+05 4.285721428571428405e+05 4.285725000000000000e+05 1.428583214285714203e+05 4.285723571428569849e+05 4.285722857142857392e+05 2.857151339285714203e+05 4.285724285714285797e+05 4.762053075396870554e+04 2.857152857142856810e+05 4.285720357142856810e+05 4.285724285714285797e+05 4.285724285714285797e+05 4.285721428571428405e+05 4.762008599950342614e+04 1.007440476190475609e+00 2.187513775111606519e+05 3.838045634920642657e-01 4.285724285714285797e+05
1.740792410714284921e+00 1.808035714285714413e+00 4.285727142857143190e+05 4.285724285714284051e+05 1.767578125000000000e+00 2.316964285714286031e+00 1.785714285714286031e+00 1.488420758928571619e+00 2.428571428571429269e+00 2.857152857142857392e+05 1.714285714434404806e+00 1.946428571428571397e+00 1.428594464285713912e+05 1.522600446428571619e+00 3.809533809523804230e+05 4.285725714285714203e+05 1.455357142857143016e+00 1.451078869047620179e+00 2.156250000000000444e+00 1.126488095238095566e+00 4.285727321428571013e+05 4.285727142857143190e+05 2.276801681547619519e+05 4.285724285714285797e+05 1.464843750000000000e-01
