1.250671290614476447e+03 2.357312744389752334e+04 3.922714409940322512e+05 2.418281212886210706e+05 2.357323520885060861e+04 5.468504161916636076e+04 1.979275430246106407e+05 1.658791268563705671e+05 2.214446153361854158e+04 3.015188391918579582e+05 6.434386009056086186e+04 8.512322984008818457e+04 9.784020323670700600e+04 2.357324812294616277e+04 2.357312055733911984e+04 1.376890460362895101e+05 2.357322667868957433e+04 2.255276109977272063e+04 3.755082660365690390e+04 4.668227156425776193e+05 2.357323133544241864e+04 2.357301724741252474e+04 2.357276032105190825e+04 8.879280588993990023e+03 2.357330645775532685e+04
2.357312744389752334e+04 5.566991654774186005e-01 3.922711359397940105e+05 2.418279015055650380e+05 1.143017048355730549e+04 6.611355013837330625e+04 1.979272092976759013e+05 1.658789000243363844e+05 4.000172474740097823e+04 3.015185369243510067e+05 8.148671069076431741e+04 9.695976405273929413e+04 1.084521940385329071e+05 1.143010627752999062e+04 1.205172833686767975e+00 1.376888661725877901e+05 1.264236935242451842e+00 9.389091335552062446e+03 5.176008006011140969e+04 4.668224669216144830e+05 1.143013150794380090e+04 1.169165702621659753e+00 1.007147003583162670e+00 1.469555531008888647e+04 1.143014740803401764e+04
3.922714409940322512e+05 3.922711359397939523e+05 9.956998203237973212e+04 2.787287733385310275e+05 3.922713062690378865e+05 3.694058077828420210e+05 3.000913960738074384e+05 3.255963871884309920e+05 3.808428299792385660e+05 2.315138624393581413e+05 3.636916778571086470e+05 3.617868156458644662e+05 3.547120704749999568e+05 3.922712453584320028e+05 3.922711308731398312e+05 3.351202180563255097e+05 3.922711300518110511e+05 3.922711866149276029e+05 3.694016095590213663e+05 2.525737218305220595e+05 3.922712624065806158e+05 3.922710830654148012e+05 3.922710504161942517e+05 3.922713463201050181e+05 3.922712749760721345e+05
2.418281212886210706e+05 2.418279015055650380e+05 2.787287733385310275e+05 4.847566440909452649e+04 2.418280622086213261e+05 2.189627137755108997e+05 1.140154909626117296e+05 1.468234480720526481e+05 2.303996465528627741e+05 1.628369352701157040e+05 2.132483810675675923e+05 2.090696362476934737e+05 2.003137272843049432e+05 2.418280442254345980e+05 2.418278775411529350e+05 1.722809524932971108e+05 2.418279410398696491e+05 2.418279294764552033e+05 2.189584487609177595e+05 3.604774277539384202e+05 2.418281019012454490e+05 2.418278324648599082e+05 2.418277484541757149e+05 2.418282420377441158e+05 2.418281025077552767e+05
2.357323520885060861e+04 1.143017048355730549e+04 3.922713062690378865e+05 2.418280622086213261e+05 6.238089317674004874e-01 6.611361562161301845e+04 1.979274119819330226e+05 1.658791303493380838e+05 4.000187118167465815e+04 3.015187603776227334e+05 8.148685686145078216e+04 9.695996719761869463e+04 1.084524153908872395e+05 1.606797033436377253e+00 1.143019383362391454e+04 1.376890721525604895e+05 1.143031963424164132e+04 3.062831859323978279e+03 5.176029520917057380e+04 4.668225844649057253e+05 1.435812627255266483e+00 1.143009759632009445e+04 1.142986753814778240e+04 1.469566017264494440e+04 1.561789460217235304e+00
5.468504161916636076e+04 6.611355013837330625e+04 3.694058077828420210e+05 2.189627137755108997e+05 6.611361562161303300e+04 4.170437169149406145e+03 1.750618916061138152e+05 1.371050240142051480e+05 3.754203889895175962e+04 2.786533497027878184e+05 3.250932743485609171e+04 5.859461140370983776e+04 7.609275728438557417e+04 6.611355115740308247e+04 6.611335995194334828e+04 1.050274458305186854e+05 6.611347271106758853e+04 6.611361506884710980e+04 2.120267023281364891e+04 4.439572713591356878e+05 6.611364241667512397e+04 6.611327317004046927e+04 6.611307214666757500e+04 6.284823059643487795e+04 6.611361020958729205e+04
1.979275430246106407e+05 1.979272092976759304e+05 3.000913960738074384e+05 1.140154909626117296e+05 1.979274119819330226e+05 1.750618916061138152e+05 4.633786107265705505e+04 7.867461527914307953e+04 1.864988590921964787e+05 1.930086932584198948e+05 1.693477846434386156e+05 1.621088991088678013e+05 1.515093496902008192e+05 1.979274217857707408e+05 1.979271949747561885e+05 1.175784771224993310e+05 1.979272958340895129e+05 1.979272629795978719e+05 1.750576870742914325e+05 3.804000814953227527e+05 1.979273880536736979e+05 1.979271326750484004e+05 1.979270436250477505e+05 1.979274959586120967e+05 1.979274061760753975e+05
1.658791268563705671e+05 1.658789000243363844e+05 3.255963871884309920e+05 1.468234480720526481e+05 1.658791303493380838e+05 1.371050240142051480e+05 7.867461527914307953e+04 3.414606712516534026e+04 1.487363582980906649e+05 2.263575634449227073e+05 1.370272250504069962e+05 1.298164211304367636e+05 1.163940509792530356e+05 1.658791393277923635e+05 1.658788854792923084e+05 6.819452385210007196e+04 1.658789938215165748e+05 1.658790009777037194e+05 1.372950320802494825e+05 4.001476301652072580e+05 1.658791705696690478e+05 1.658787862448081432e+05 1.658787102449614322e+05 1.658791873165662109e+05 1.658791660437545797e+05
2.214446153361854158e+04 4.000172474740097823e+04 3.808428299792385660e+05 2.303996465528628032e+05 4.000187118167465815e+04 3.754203889895175962e+04 1.864988590921964787e+05 1.487363582980906649e+05 1.142931024768001771e+04 2.900902966341428109e+05 5.862964267099250719e+04 7.940886165972029266e+04 9.212588946750707692e+04 4.000187559889653494e+04 4.000168283029172744e+04 1.205462932454997062e+05 4.000180348363594385e+04 3.898139984283944796e+04 1.665788264522213649e+04 4.553942238777632010e+05 4.000176350455387728e+04 4.000158517897276761e+04 4.000137623975773022e+04 3.102212114746435691e+04 4.000191845487005048e+04
3.015188391918580164e+05 3.015185369243510067e+05 2.315138624393581413e+05 1.628369352701157040e+05 3.015187603776227334e+05 2.786533497027878184e+05 1.930086932584199531e+05 2.263575634449227073e+05 2.900902966341428109e+05 8.323177436778301490e+04 2.729391268275773618e+05 2.710343628466901719e+05 2.634541985511837411e+05 3.015187725077196374e+05 3.015185970578130800e+05 2.408303014009385079e+05 3.015186612166994601e+05 3.015186461114383419e+05 2.786490937166406075e+05 3.123289191356055671e+05 3.015187800864934688e+05 3.015185432082248153e+05 3.015184886020250851e+05 3.015189081214906182e+05 3.015187873879620456e+05
6.434386009056086186e+04 8.148671069076431741e+04 3.636916778571086470e+05 2.132483810675675923e+05 8.148685686145078216e+04 3.250932743485609171e+04 1.693477846434386156e+05 1.370272250504069962e+05 5.862964267099250719e+04 2.729391268275773618e+05 7.696822283066032469e+03 3.977019823095194442e+04 5.972323748374977731e+04 8.148667631257625180e+04 8.148650705983099760e+04 1.031487406913154700e+05 8.148663200539807440e+04 8.148677928342577070e+04 4.371882949464191188e+04 4.382429458635928459e+05 8.148682143444300164e+04 8.148646584548172541e+04 8.148626846942221164e+04 7.250715324007689196e+04 8.148676416225727007e+04
8.512322984008818457e+04 9.695976405273932323e+04 3.617868156458644662e+05 2.090696362476935028e+05 9.695996719761869463e+04 5.859461140370983776e+04 1.621088991088678013e+05 1.298164211304367491e+05 7.940886165972029266e+04 2.710343628466901719e+05 3.977019823095194442e+04 1.372396226725799352e+04 4.287603550419765816e+04 9.695985421799709729e+04 9.695963475668786850e+04 9.539187224499855074e+04 9.695974158232854097e+04 9.695983795700868359e+04 6.771957836461409170e+04 4.363381694936184795e+05 9.695992990371587803e+04 9.695952205944422167e+04 9.695936905187371303e+04 8.949627308697700209e+04 9.695985434366935806e+04
9.784020323670700600e+04 1.084521940385329071e+05 3.547120704749999568e+05 2.003137272843049432e+05 1.084524153908872395e+05 7.609275728438557417e+04 1.515093496902008192e+05 1.163940509792530356e+05 9.212588946750707692e+04 2.634541985511837411e+05 5.972323748374977731e+04 4.287603550419766543e+04 2.893662201965141503e+04 1.084524185002849845e+05 1.084521686036802566e+05 7.675964627116254997e+04 1.084522871146906400e+05 1.084523204126187629e+05 8.068454753163381247e+04 4.278347179340514122e+05 1.084524567027257872e+05 1.084521033287043974e+05 1.084519722603431728e+05 1.013386922307653585e+05 1.084524560017688636e+05
2.357324812294616277e+04 1.143010627752999062e+04 3.922712453584320028e+05 2.418280442254345980e+05 1.606797033436377253e+00 6.611355115740308247e+04 1.979274217857707408e+05 1.658791393277923635e+05 4.000187559889653494e+04 3.015187725077196374e+05 8.148667631257625180e+04 9.695985421799709729e+04 1.084524185002849845e+05 6.259230394801735819e-01 1.143000934709346075e+04 1.376889425353033002e+05 1.142999055923289052e+04 3.062700526982010160e+03 5.176012930568688171e+04 4.668226551062598592e+05 1.475792637904603799e+00 1.142993391318303475e+04 1.142972003955563559e+04 1.469560368885613389e+04 1.340577756659270259e+00
2.357312055733911984e+04 1.205172833686768197e+00 3.922711308731398312e+05 2.418278775411529350e+05 1.143019383362391454e+04 6.611335995194334828e+04 1.979271949747561885e+05 1.658788854792923084e+05 4.000168283029172744e+04 3.015185970578131382e+05 8.148650705983098305e+04 9.695963475668786850e+04 1.084521686036802566e+05 1.143000934709346075e+04 5.732088095903903335e-01 1.376887034929648798e+05 1.197899310363430780e+00 9.389184141072993953e+03 5.175991739466651052e+04 4.668225119187328382e+05 1.143018147673026942e+04 9.872836839072862691e-01 8.752457992944754350e-01 1.469547502294428887e+04 1.143005244512255558e+04
1.376890460362895101e+05 1.376888661725877901e+05 3.351202180563255097e+05 1.722809524932971108e+05 1.376890721525604895e+05 1.050274458305187145e+05 1.175784771224993310e+05 6.819452385210007196e+04 1.205462932454996917e+05 2.408303014009385079e+05 1.031487406913154700e+05 9.539187224499855074e+04 7.675964627116256452e+04 1.376889425353033002e+05 1.376887034929648798e+05 2.034557542518933769e+04 1.376888479911165487e+05 1.376890336812597234e+05 1.091048528579319682e+05 4.096714418290884933e+05 1.376891118818070681e+05 1.376886505088014528e+05 1.376885074030263349e+05 1.376891024625906430e+05 1.376890115207665076e+05
2.357322667868957433e+04 1.264236935242451842e+00 3.922711300518111093e+05 2.418279410398696491e+05 1.143031963424164132e+04 6.611347271106758853e+04 1.979272958340895129e+05 1.658789938215165748e+05 4.000180348363594385e+04 3.015186612166994601e+05 8.148663200539805985e+04 9.695974158232852642e+04 1.084522871146906400e+05 1.142999055923289052e+04 1.197899310363430558e+00 1.376888479911165487e+05 6.120268166089122275e-01 9.389156390995411130e+03 5.176003932013206941e+04 4.668225468567321659e+05 1.143023815284835291e+04 1.158703140091079886e+00 1.006861297988213888e+00 1.469554647332764034e+04 1.143011985220081806e+04
2.255276109977272426e+04 9.389091335552062446e+03 3.922711866149276029e+05 2.418279294764552033e+05 3.062831859323978733e+03 6.611361506884710980e+04 1.979272629795979301e+05 1.658790009777037194e+05 3.898139984283944796e+04 3.015186461114383419e+05 8.148677928342577070e+04 9.695983795700868359e+04 1.084523204126187629e+05 3.062700526982010615e+03 9.389184141072993953e+03 1.376890336812597234e+05 9.389156390995411130e+03 3.572066459620336445e+03 5.135926365663437900e+04 4.668224722218003008e+05 3.062773025255242828e+03 9.389090061565753786e+03 9.388864095098846519e+03 1.367519868437631703e+04 3.062683050921411450e+03
3.755082660365690390e+04 5.176008006011140969e+04 3.694016095590213663e+05 2.189584487609177595e+05 5.176029520917057380e+04 2.120267023281364891e+04 1.750576870742914325e+05 1.372950320802494825e+05 1.665788264522213649e+04 2.786490937166406075e+05 4.371882949464191188e+04 6.771957836461409170e+04 8.068454753163382702e+04 5.176012930568688171e+04 5.175991739466651052e+04 1.091048528579319536e+05 5.176003932013206941e+04 5.135926365663437900e+04 5.490778741192167217e+03 4.439530809112056158e+05 5.176017782823366724e+04 5.175980460404756013e+04 5.175959244216775551e+04 4.624976939865358145e+04 5.176015493259487994e+04
4.668227156425776193e+05 4.668224669216144830e+05 2.525737218305220595e+05 3.604774277539383620e+05 4.668225844649057835e+05 4.439572713591357460e+05 3.804000814953228110e+05 4.001476301652072580e+05 4.553942238777632010e+05 3.123289191356055671e+05 4.382429458635928459e+05 4.363381694936184795e+05 4.278347179340513540e+05 4.668226551062598592e+05 4.668225119187328382e+05 4.096714418290884933e+05 4.668225468567321659e+05 4.668224722218003008e+05 4.439530809112056158e+05 1.156129324448270636e+05 4.668226139834083733e+05 4.668224973355300608e+05 4.668224698213191004e+05 4.668228430881389650e+05 4.668226090153443511e+05
2.357323133544241864e+04 1.143013150794380090e+04 3.922712624065806158e+05 2.418281019012454490e+05 1.435812627255266483e+00 6.611364241667512397e+04 1.979273880536736979e+05 1.658791705696690478e+05 4.000176350455387728e+04 3.015187800864934688e+05 8.148682143444300164e+04 9.695992990371586347e+04 1.084524567027257872e+05 1.475792637904603799e+00 1.143018147673026942e+04 1.376891118818070681e+05 1.143023815284835291e+04 3.062773025255242828e+03 5.176017782823366724e+04 4.668226139834083733e+05 6.759526944353739797e-01 1.143005978018716814e+04 1.142983890274899204e+04 1.469559883547893514e+04 1.441411832038025587e+00
2.357301724741252474e+04 1.169165702621659975e+00 3.922710830654148594e+05 2.418278324648599082e+05 1.143009759632009445e+04 6.611327317004046927e+04 1.979271326750483713e+05 1.658787862448081432e+05 4.000158517897276033e+04 3.015185432082248153e+05 8.148646584548172541e+04 9.695952205944422167e+04 1.084521033287043974e+05 1.142993391318303475e+04 9.872836839072862691e-01 1.376886505088014528e+05 1.158703140091079886e+00 9.389090061565753786e+03 5.175980460404756013e+04 4.668224973355300608e+05 1.143005978018716814e+04 5.707356410927051371e-01 7.386503813843730004e-01 1.469535402557368798e+04 1.142995883532220978e+04
2.357276032105190825e+04 1.007147003583162670e+00 3.922710504161942517e+05 2.418277484541757149e+05 1.142986753814778240e+04 6.611307214666757500e+04 1.979270436250477505e+05 1.658787102449614322e+05 4.000137623975773022e+04 3.015184886020250851e+05 8.148626846942221164e+04 9.695936905187371303e+04 1.084519722603431728e+05 1.142972003955563559e+04 8.752457992944754350e-01 1.376885074030263349e+05 1.006861297988213888e+00 9.388864095098846519e+03 5.175959244216775551e+04 4.668224698213191004e+05 1.142983890274899204e+04 7.386503813843730004e-01 3.670422019706148231e-01 1.469514182032008284e+04 1.142973533243599377e+04
8.879280588993990023e+03 1.469555531008888647e+04 3.922713463201050181e+05 2.418282420377441158e+05 1.469566017264494440e+04 6.284823059643487795e+04 1.979274959586120967e+05 1.658791873165662109e+05 3.102212114746435691e+04 3.015189081214905600e+05 7.250715324007689196e+04 8.949627308697700209e+04 1.013386922307653585e+05 1.469560368885613389e+04 1.469547502294428887e+04 1.376891024625906430e+05 1.469554647332764034e+04 1.367519868437631703e+04 4.624976939865358145e+04 4.668228430881389650e+05 1.469559883547893514e+04 1.469535402557368798e+04 1.469514182032008284e+04 4.665420415427115586e+03 1.469560510601020542e+04
2.357330645775532685e+04 1.143014740803401764e+04 3.922712749760721345e+05 2.418281025077552767e+05 1.561789460217235304e+00 6.611361020958729205e+04 1.979274061760753975e+05 1.658791660437545797e+05 4.000191845487005048e+04 3.015187873879620456e+05 8.148676416225727007e+04 9.695985434366937261e+04 1.084524560017688636e+05 1.340577756659270037e+00 1.143005244512255558e+04 1.376890115207665076e+05 1.143011985220081806e+04 3.062683050921411450e+03 5.176015493259487994e+04 4.668226090153443511e+05 1.441411832038025587e+00 1.142995883532220978e+04 1.142973533243599377e+04 1.469560510601020542e+04 6.069795905423621685e-01
