1.792793597586310716e+04 1.583946476301183866e+05 1.583944651546123787e+05 1.292248562388670252e+05 1.583945458425649267e+05 4.443213588210117450e+04 1.372745917918838677e+05 1.583947078348404029e+05 1.583943256262748037e+05 1.583947533555853879e+05 6.996825287072610809e+04 1.583944791175524297e+05 2.464673363349978172e+05 1.480641305945123022e+05 1.583947801905230153e+05 1.583947858775322966e+05 1.583943605653512932e+05 8.403613997369736899e+04 3.913532735828800942e+05 3.176737762363674119e+05 1.583947463440619467e+05 1.583947434338445310e+05 1.893381260524804820e+05 1.272664447020389052e+05 1.080660606723885139e+05
1.583946476301183866e+05 3.753573534967726459e+02 1.981688376022028990e+02 9.603729978745529661e+04 1.981281551322730650e+02 1.475442623553331941e+05 8.354740147657292255e+04 3.936616730175803696e+03 1.978733210836988690e+02 4.923383090309477848e+04 1.798092942218656535e+05 1.980696127592104574e+02 3.145453878502497682e+05 6.405134173664413538e+04 5.372066928161320538e+04 4.132767483108759188e+04 1.980688414113511726e+02 1.316428327876745316e+05 4.593070220933821984e+05 3.838071188680584892e+05 3.054612059859964211e+04 1.116184132808373761e+04 2.607939906813036359e+05 2.124803610731652589e+05 1.128176575391073275e+05
1.583944651546123787e+05 1.981688376022028422e+02 5.800579721222662855e-01 9.603710559133265633e+04 1.101855510194452270e+00 1.475442227388402098e+05 8.354739104614595999e+04 4.133768061079024847e+03 1.058888955554166733e+00 4.925722705683776439e+04 1.798091802885287034e+05 1.122481438532448195e+00 3.145453971135024913e+05 6.405127378274775401e+04 5.372066681126251933e+04 4.152458883001506183e+04 1.061966751978464574e+00 1.316427482844521583e+05 4.593068758922927082e+05 3.838071228028716869e+05 3.074305041933380562e+04 1.135884884463991875e+04 2.607939029292789637e+05 2.124801851857248985e+05 1.128174266835870658e+05
1.292248562388670252e+05 9.603729978745529661e+04 9.603710559133265633e+04 1.232656132061332937e+04 9.603714413700650039e+04 1.146036959836114402e+05 3.124357161082417952e+04 9.603732328261854127e+04 9.603690455847390695e+04 6.641568522867724823e+04 1.508853473337759206e+05 9.603712217541570135e+04 2.868008484677137458e+05 5.043312031997197482e+04 6.258390231269612559e+04 7.192931109935889253e+04 9.603694942919787718e+04 7.586831197103513114e+04 4.315622276002535364e+05 3.560624584895460866e+05 7.931995980327785946e+04 9.376036548589929589e+04 2.317843107475644501e+05 1.803780018301704258e+05 4.232541714186751778e+04
1.583945458425649267e+05 1.981281551322730650e+02 1.101855510194452270e+00 9.603714413700650039e+04 5.807756160624929498e-01 1.475442603657883883e+05 8.354745348428272700e+04 4.133729651970870691e+03 1.080531329155947740e+00 4.925725672546173882e+04 1.798092575717522122e+05 1.234897673808620810e+00 3.145454600654653041e+05 6.405131470784422709e+04 5.372069268660208763e+04 4.152461108678734308e+04 1.126260788595518703e+00 1.316428024066479993e+05 4.593068932484112447e+05 3.838071707624934497e+05 3.074305321330292281e+04 1.135883908414514190e+04 2.607939767428228224e+05 2.124802589693221671e+05 1.128174994079163735e+05
4.443213588210117450e+04 1.475442623553331941e+05 1.475442227388402098e+05 1.146036959836114402e+05 1.475442603657883883e+05 1.785353659241582136e+04 1.228821507786103757e+05 1.475443351060901769e+05 1.475440420976562600e+05 1.465324881153448077e+05 7.978674691490703844e+04 1.475440506005554344e+05 2.519719388549647119e+05 1.336718794062864617e+05 1.440025262429724971e+05 1.475443537900826777e+05 1.475440355450336065e+05 6.311959050992029370e+04 3.967334984134471160e+05 3.212337419190533692e+05 1.475443573437999003e+05 1.475443587574638950e+05 1.944251655388581275e+05 1.379011853247028484e+05 9.096294610543972522e+04
1.372745917918838677e+05 8.354740147657292255e+04 8.354739104614595999e+04 3.124357161082417952e+04 8.354745348428272700e+04 1.228821507786103757e+05 6.011652801048583569e+03 8.354748406059235276e+04 8.354716472391904972e+04 4.550791239220157877e+04 1.586892038359046564e+05 8.354727990952046821e+04 2.934254010992583353e+05 2.297420068067467946e+04 3.809290810541497194e+04 5.442126105138867570e+04 8.354724535171341267e+04 9.127894331518639228e+04 4.381869628471243195e+05 3.626870424532492762e+05 6.269638974287307065e+04 7.986438803524014656e+04 2.396739492012189876e+05 1.913604077228245733e+05 6.403840533650607540e+04
1.583947078348404029e+05 3.936616730175803696e+03 4.133768061079024847e+03 9.603732328261854127e+04 4.133729651970870691e+03 1.475443351060901769e+05 8.354748406059235276e+04 6.315511105760132082e-01 4.133459546711270377e+03 4.876536280658592295e+04 1.798093802281802928e+05 4.133667678321884523e+03 3.145454531853999360e+05 6.405138527636300569e+04 5.372074239594076789e+04 3.739224059824962751e+04 4.133655305200313705e+03 1.316428767980792618e+05 4.593070506574726896e+05 3.838072062424694304e+05 2.661062832791648179e+04 7.226330257451500074e+03 2.607940038135523791e+05 2.124804227562960004e+05 1.128176700784841232e+05
1.583943256262748037e+05 1.978733210836987553e+02 1.058888955554166733e+00 9.603690455847390695e+04 1.080531329155947740e+00 1.475440420976562600e+05 8.354716472391904972e+04 4.133459546711270377e+03 4.282717521110789294e-01 4.925694305911676202e+04 1.798090444371763442e+05 1.039937079108636420e+00 3.145453476229810622e+05 6.405096668203102308e+04 5.372036236005218234e+04 4.152427331610112014e+04 8.326035568729126535e-01 1.316425681511779258e+05 4.593068362127389410e+05 3.838070886312497314e+05 3.074272908026202276e+04 1.135852014154555764e+04 2.607938375792972220e+05 2.124800847612018988e+05 1.128172340497948753e+05
1.583947533555853879e+05 4.923383090309477848e+04 4.925722705683776439e+04 6.641568522867724823e+04 4.925725672546173882e+04 1.465324881153448077e+05 4.550791239220157877e+04 4.876536280658592295e+04 4.925694305911676202e+04 8.023741840468551345e+03 1.798094699021769629e+05 4.925722726597562723e+04 3.145457580973778386e+05 2.377179826682227213e+04 1.061806797681733224e+04 1.397780232998928477e+04 4.925707839450683241e+04 1.153509350212146092e+05 4.593071578685748973e+05 3.838073786984132603e+05 2.389646901665644327e+04 4.255233478574951732e+04 2.607942097847072291e+05 2.124805211901980801e+05 9.097583878860615368e+04
6.996825287072612264e+04 1.798092942218656535e+05 1.798091802885287325e+05 1.508853473337759206e+05 1.798092575717522413e+05 7.978674691490703844e+04 1.586892038359046564e+05 1.798093802281802928e+05 1.798090444371763442e+05 1.798094699021769920e+05 3.504614156062634720e+04 1.798091019161754521e+05 2.285660854856551450e+05 1.694789061761440244e+05 1.798094879347502720e+05 1.798094285467473383e+05 1.798090831558543432e+05 1.080521281066832744e+05 3.813968181309400825e+05 3.094064662284305086e+05 1.798093981045951077e+05 1.798093525711791008e+05 1.724300943437590904e+05 1.087329169243174692e+05 1.305594936187101266e+05
1.583944791175524297e+05 1.980696127592103721e+02 1.122481438532448195e+00 9.603712217541570135e+04 1.234897673808620810e+00 1.475440506005554344e+05 8.354727990952046821e+04 4.133667678321884523e+03 1.039937079108636420e+00 4.925722726597562723e+04 1.798091019161754521e+05 5.629384548341770378e-01 3.145452926977019524e+05 6.405125881705288339e+04 5.372062357215672091e+04 4.152446311060276639e+04 9.920809166467891016e-01 1.316425833101303724e+05 4.593069580607642420e+05 3.838070737772434368e+05 3.074291159211811464e+04 1.135870305123462640e+04 2.607938264892795996e+05 2.124802170297182747e+05 1.128174287273187219e+05
2.464673363349978172e+05 3.145453878502497682e+05 3.145453971135025495e+05 2.868008484677136294e+05 3.145454600654653041e+05 2.519719388549645664e+05 2.934254010992583353e+05 3.145454531853999360e+05 3.145453476229810622e+05 3.145457580973777804e+05 2.285660854856551450e+05 3.145452926977020688e+05 6.891581895377791079e+04 3.042151006696645054e+05 3.145457460751120234e+05 3.145455935931001441e+05 3.145453548005353659e+05 2.652212812476803665e+05 2.948286019180454896e+05 1.937688035925043223e+05 3.145455360342525528e+05 3.145455422203043709e+05 1.698202426927056513e+05 2.072464789203819819e+05 2.730513397086468176e+05
1.480641305945123022e+05 6.405134173664414993e+04 6.405127378274775401e+04 5.043312031997197482e+04 6.405131470784422709e+04 1.336718794062864326e+05 2.297420068067468310e+04 6.405138527636300569e+04 6.405096668203102308e+04 2.377179826682227213e+04 1.694789061761440244e+05 6.405125881705288339e+04 3.042151006696645636e+05 1.411658370856136753e+04 1.531116909707370723e+04 3.492516841152233974e+04 6.405109345311111974e+04 1.020688169362382032e+05 4.489765219794937875e+05 3.734768847979794955e+05 4.320024714642020990e+04 6.036832014069891738e+04 2.504637109834275325e+05 2.021499448734286416e+05 7.769369513576658210e+04
1.583947801905230153e+05 5.372066928161320538e+04 5.372066681126251933e+04 6.258390231269612559e+04 5.372069268660208763e+04 1.440025262429724971e+05 3.809290810541497194e+04 5.372074239594076789e+04 5.372036236005218234e+04 1.061806797681733224e+04 1.798094879347502720e+05 5.372062357215672091e+04 3.145457460751119652e+05 1.531116909707370542e+04 6.527000209842828138e-01 2.459450886186311982e+04 5.372048015795747051e+04 1.123993251277234085e+05 4.593071784041461069e+05 3.838073699625087902e+05 3.286962863025481784e+04 5.003764906628466997e+04 2.607942074926029309e+05 2.124805776548690046e+05 8.802431158469042566e+04
1.583947858775322966e+05 4.132767483108759188e+04 4.152458883001506183e+04 7.192931109935886343e+04 4.152461108678734308e+04 1.475443537900826777e+05 5.442126105138867570e+04 3.739224059824962751e+04 4.152427331610112014e+04 1.397780232998928477e+04 1.798094285467473092e+05 4.152446311060276639e+04 3.145455935931001441e+05 3.492516841152233974e+04 2.459450886186311982e+04 3.823381838794376790e+02 4.152442758588339348e+04 1.204250108505175449e+05 4.593071219551991671e+05 3.838073346421380993e+05 1.078289318866276699e+04 3.016721910792794370e+04 2.607941996156431851e+05 2.124805371916315635e+05 9.608820160912640858e+04
1.583943605653512641e+05 1.980688414113511442e+02 1.061966751978464574e+00 9.603694942919787718e+04 1.126260788595518481e+00 1.475440355450336065e+05 8.354724535171341267e+04 4.133655305200313705e+03 8.326035568729126535e-01 4.925707839450683241e+04 1.798090831558543141e+05 9.920809166467891016e-01 3.145453548005353077e+05 6.405109345311110519e+04 5.372048015795747051e+04 4.152442758588339348e+04 5.233846223480697057e-01 1.316425419192232948e+05 4.593068687282575411e+05 3.838070867844696040e+05 3.074288815399787927e+04 1.135869540249125384e+04 2.607938732928074605e+05 2.124801119543026143e+05 1.128172632743269933e+05
8.403613997369736899e+04 1.316428327876745316e+05 1.316427482844521583e+05 7.586831197103511658e+04 1.316428024066479993e+05 6.311959050992027915e+04 9.127894331518639228e+04 1.316428767980792618e+05 1.316425681511779258e+05 1.153509350212146092e+05 1.080521281066832744e+05 1.316425833101303724e+05 2.652212812476803665e+05 1.020688169362382032e+05 1.123993251277234085e+05 1.204250108505175449e+05 1.316425419192232948e+05 2.510045006683470638e+04 4.110979628623757744e+05 3.355979997040596791e+05 1.242967227672267472e+05 1.316428810246879293e+05 2.085369907289200928e+05 1.502920648329147079e+05 4.602807021234217245e+04
3.913532735828800942e+05 4.593070220933821984e+05 4.593068758922927082e+05 4.315622276002535364e+05 4.593068932484112447e+05 3.967334984134471160e+05 4.381869628471243195e+05 4.593070506574727478e+05 4.593068362127389410e+05 4.593071578685748973e+05 3.813968181309400825e+05 4.593069580607643002e+05 2.948286019180454314e+05 4.489765219794937875e+05 4.593071784041461651e+05 4.593071219551992253e+05 4.593068687282575411e+05 4.110979628623757744e+05 1.007750112730245310e+05 2.455744503031271452e+05 4.593071267921465333e+05 4.593071429350070539e+05 3.223277183442983078e+05 3.611581376164252288e+05 4.178127249630042934e+05
3.176737762363674119e+05 3.838071188680584892e+05 3.838071228028716869e+05 3.560624584895460866e+05 3.838071707624935661e+05 3.212337419190533692e+05 3.626870424532493344e+05 3.838072062424694304e+05 3.838070886312497314e+05 3.838073786984132603e+05 3.094064662284305668e+05 3.838070737772434368e+05 1.937688035925043223e+05 3.734768847979796119e+05 3.838073699625087902e+05 3.838073346421382157e+05 3.838070867844696040e+05 3.355979997040596791e+05 2.455744503031271743e+05 9.718577791332927882e+04 3.838073296342681861e+05 3.838072647308537271e+05 2.484777286534211889e+05 2.809410075716227875e+05 3.423129585828254349e+05
1.583947463440619467e+05 3.054612059859964211e+04 3.074305041933380562e+04 7.931995980327785946e+04 3.074305321330292281e+04 1.475443573437999003e+05 6.269638974287307065e+04 2.661062832791648179e+04 3.074272908026202640e+04 2.389646901665644327e+04 1.798093981045951077e+05 3.074291159211811828e+04 3.145455360342525528e+05 4.320024714642020990e+04 3.286962863025481784e+04 1.078289318866276699e+04 3.074288815399787927e+04 1.242967227672267472e+05 4.593071267921465333e+05 3.838073296342681861e+05 1.126489111183538807e+04 1.938553018113283179e+04 2.607941419459634635e+05 2.124804884891239344e+05 1.017984347669950948e+05
1.583947434338445310e+05 1.116184132808373761e+04 1.135884884463991875e+04 9.376036548589931044e+04 1.135883908414514190e+04 1.475443587574638950e+05 7.986438803524014656e+04 7.226330257451500984e+03 1.135852014154555764e+04 4.255233478574952460e+04 1.798093525711791008e+05 1.135870305123462640e+04 3.145455422203043709e+05 6.036832014069891738e+04 5.003764906628467725e+04 3.016721910792794370e+04 1.135869540249125384e+04 1.316428810246879293e+05 4.593071429350070539e+05 3.838072647308537271e+05 1.938553018113283906e+04 5.047227646019235181e+03 2.607940998482861614e+05 2.124804849663694040e+05 1.128176599229942076e+05
1.893381260524804820e+05 2.607939906813036359e+05 2.607939029292789637e+05 2.317843107475644210e+05 2.607939767428228224e+05 1.944251655388581275e+05 2.396739492012189294e+05 2.607940038135523791e+05 2.607938375792972220e+05 2.607942097847071709e+05 1.724300943437590613e+05 2.607938264892795705e+05 1.698202426927056513e+05 2.504637109834275325e+05 2.607942074926029309e+05 2.607941996156431851e+05 2.607938732928074605e+05 2.085369907289200928e+05 3.223277183442984242e+05 2.484777286534211598e+05 2.607941419459634635e+05 2.607940998482861032e+05 6.003163853716514132e+04 1.289259560443569208e+05 2.175288711566992570e+05
1.272664447020389052e+05 2.124803610731652007e+05 2.124801851857248985e+05 1.803780018301703967e+05 2.124802589693221671e+05 1.379011853247028484e+05 1.913604077228245151e+05 2.124804227562959713e+05 2.124800847612018988e+05 2.124805211901980801e+05 1.087329169243174692e+05 2.124802170297182747e+05 2.072464789203819819e+05 2.021499448734286416e+05 2.124805776548690046e+05 2.124805371916315635e+05 2.124801119543026143e+05 1.502920648329147079e+05 3.611581376164252288e+05 2.809410075716228457e+05 2.124804884891239344e+05 2.124804849663693749e+05 1.289259560443569208e+05 4.471334828141139587e+04 1.652383416203027591e+05
1.080660606723885139e+05 1.128176575391073275e+05 1.128174266835870658e+05 4.232541714186751778e+04 1.128174994079163735e+05 9.096294610543972522e+04 6.403840533650607540e+04 1.128176700784841232e+05 1.128172340497948753e+05 9.097583878860615368e+04 1.305594936187101266e+05 1.128174287273187219e+05 2.730513397086468176e+05 7.769369513576658210e+04 8.802431158469042566e+04 9.608820160912640858e+04 1.128172632743269933e+05 4.602807021234217245e+04 4.178127249630042934e+05 3.423129585828254349e+05 1.017984347669950948e+05 1.128176599229942076e+05 2.175288711566992861e+05 1.652383416203027591e+05 1.086092683961150396e+04
