1.210438776933588670e+05 4.980877570297647035e+05 4.586760395958336885e+05 3.054688848109745304e+05 5.174992172602303326e+05 4.586761011026956839e+05 4.390681428168910788e+05 5.174992186299355817e+05 3.410287306834751507e+05 4.880877241712945397e+05 5.174990862571743783e+05 5.174993562798515777e+05 5.174992786765093333e+05 5.174993184951159055e+05 3.793335554061353323e+05 5.174991191817717045e+05 5.174994694632621831e+05 5.174993382631547865e+05 3.998525442255022936e+05 2.653544739719029167e+05 5.174992238610326895e+05 4.586759633930969285e+05 4.061203799538018648e+05 5.174992338181444793e+05 5.174992304291396285e+05
4.980877570297647035e+05 1.458916038686207612e+05 6.470595508021389833e+05 5.207118551250433666e+05 7.058827078877004096e+05 6.470595882352937479e+05 6.274518719723183895e+05 7.058828262032084167e+05 5.294122847593580373e+05 6.764712647058822913e+05 7.058828820383766433e+05 7.058831038062281441e+05 7.058831176470586797e+05 7.058831176470586797e+05 5.727698787831420777e+05 7.058829839572190540e+05 7.058829999999998836e+05 7.058831176470583305e+05 5.882360865051903529e+05 4.597156554403270129e+05 7.058828200692040846e+05 6.470596747404843336e+05 4.966056039453590638e+05 7.058828235294116894e+05 7.058828262032085331e+05
4.586760395958337467e+05 6.470595508021389833e+05 2.965750108517386980e+04 4.117662352641582838e+05 2.941189988309115288e+05 4.532433590978977736e+04 1.813741825657577429e+05 2.941189236135185929e+05 4.117661552938120440e+05 1.108981801134917332e+05 2.941191224940131651e+05 1.848703652278956142e+05 2.549034195400884491e+05 2.941192606629020884e+05 3.297621763819658081e+05 2.941189878953806474e+05 2.352953820836647064e+05 2.352955970295062580e+05 2.647074228346766322e+05 4.796888089638687670e+05 2.941188994623534381e+05 4.204064322785747936e+04 5.978121211581343086e+05 2.941186535020696465e+05 2.941191683125980780e+05
3.054688848109745886e+05 5.207118551250433666e+05 4.117662352641582838e+05 7.624643689043055929e+04 4.705894025860998081e+05 4.117662567211394198e+05 3.699024469255460426e+05 4.705893680415873532e+05 2.143241028167257027e+05 4.411779143624677090e+05 4.705892466809831094e+05 4.705895387732250383e+05 4.705894691667230218e+05 4.705895001626228914e+05 3.361392855800165562e+05 4.705893058337686234e+05 4.705896655208732118e+05 4.705895285628988640e+05 3.500499140386651270e+05 3.254500393798777950e+05 4.705894008633558406e+05 4.117661781069338904e+05 4.199938426560757216e+05 4.705893951057550730e+05 4.705894383962348802e+05
5.174992172602303326e+05 7.058827078877004096e+05 2.941189988309115288e+05 4.705894025860998081e+05 6.778629557166007125e-01 2.941189969831737108e+05 3.529425260947833885e+05 5.882483401002643950e+04 4.705893115254943259e+05 2.352954603094141930e+05 1.236397721567403352e+00 1.617662470670450421e+05 9.804080882352938352e+04 5.882511029411762138e+04 3.885855817019120441e+05 1.205421446157596277e+00 1.176485408057851309e+05 1.176487132352938061e+05 3.529424439394052606e+05 5.385120407211545389e+05 5.882466322769127146e+04 2.994667964780607726e+05 6.566352744541228749e+05 5.882467766959003347e+04 4.243144885462090315e+04
4.586761011026956839e+05 6.470595882352937479e+05 4.532433590978977736e+04 4.117662567211393616e+05 2.941189969831737108e+05 7.211164524369586548e-01 1.813741353090905468e+05 2.941189111537202843e+05 4.117661060729412711e+05 1.176486227516383369e+05 2.941190922371844063e+05 1.911780659798675042e+05 2.549035683624797384e+05 2.941191791443846305e+05 3.297622485305205337e+05 2.941189334542027791e+05 2.352953672680885065e+05 2.352955896263904287e+05 2.647073389476016164e+05 4.796888528304110514e+05 2.941188847343288362e+05 6.417274402191131958e+04 5.978121299589599948e+05 2.941186903624419356e+05 2.941191677341122995e+05
4.390681428168910788e+05 6.274518719723185059e+05 1.813741825657577429e+05 3.699024469255460426e+05 3.529425260947833885e+05 1.813741353090905759e+05 8.429535030522613670e+04 3.529425754113624571e+05 3.440299535605980200e+05 2.401976026187851967e+05 3.529424090797473327e+05 3.026974991309021716e+05 3.267986360482103191e+05 3.529422604150659754e+05 2.547989139087420772e+05 3.529422214324569795e+05 3.137270780771009158e+05 3.137269186198785319e+05 1.902865966102746024e+05 4.600810595952810254e+05 3.529424958128306316e+05 1.602615831646225997e+05 5.782044280121491756e+05 3.529423768828276079e+05 3.529425946500927676e+05
5.174992186299356399e+05 7.058828262032084167e+05 2.941189236135185929e+05 4.705893680415872368e+05 5.882483401002643950e+04 2.941189111537202843e+05 3.529425754113624571e+05 6.917261660862924488e-01 4.705892853472208371e+05 2.352954759462962393e+05 5.882495193644479878e+04 1.617662929051113024e+05 9.804085204991085629e+04 5.882518506245605386e+04 3.885856399383853422e+05 5.882486474868749792e+04 1.176485312803840352e+05 1.176486806085379358e+05 3.529425462244392838e+05 5.385120176216133405e+05 1.364250827665566712e+00 2.994667357098070206e+05 6.566353399663760792e+05 1.118045076398263671e+00 4.243161996603605076e+04
3.410287306834751507e+05 5.294122847593580373e+05 4.117661552938120440e+05 2.143241028167257027e+05 4.705893115254943259e+05 4.117661060729412129e+05 3.440299535605980200e+05 4.705892853472208371e+05 3.259882954413845800e+04 4.411778346702398849e+05 4.705891776711437851e+05 4.705894343670777162e+05 4.705893930481279385e+05 4.705893843416770687e+05 2.794132906992976204e+05 4.705891677393153077e+05 4.705895967980274581e+05 4.705894449512418942e+05 3.129235329760187306e+05 3.587716638830570737e+05 4.705893286460653180e+05 4.117660589589431183e+05 4.801647440486664418e+05 4.705893044297486194e+05 4.705894140923640225e+05
4.880877241712945397e+05 6.764712647058822913e+05 1.108981801134917332e+05 4.411779143624677090e+05 2.352954603094142221e+05 1.176486227516383369e+05 2.401976026187851967e+05 2.352954759462962684e+05 4.411778346702398849e+05 5.882440022636955109e+04 2.352955450481783773e+05 7.738821314192361024e+04 1.960799211711713579e+05 2.352956969583485043e+05 3.591739190611504018e+05 2.352954755772507051e+05 1.764719217338015733e+05 1.764719888039057842e+05 3.088248981938924408e+05 5.091004988215593621e+05 2.352954017264936119e+05 1.229962818916302640e+05 6.272238263131104177e+05 2.352951243188863155e+05 2.352955087684875471e+05
5.174990862571744365e+05 7.058828820383766433e+05 2.941191224940131651e+05 4.705892466809830512e+05 1.236397721567403352e+00 2.941190922371844063e+05 3.529424090797473327e+05 5.882495193644479878e+04 4.705891776711437851e+05 2.352955450481783482e+05 7.056509119029523713e-01 1.617661236457542691e+05 9.804064545901831298e+04 5.882496967671364837e+04 3.885854299541487126e+05 1.125294351932490278e+00 1.176487332297110843e+05 1.176486353792190057e+05 3.529425680460048025e+05 5.385120240774443373e+05 5.882485246241777349e+04 2.994667064168847864e+05 6.566354109174546320e+05 5.882479215767506685e+04 4.243158570675832016e+04
5.174993562798515777e+05 7.058831038062281441e+05 1.848703652278956142e+05 4.705895387732250383e+05 1.617662470670450130e+05 1.911780659798675042e+05 3.026974991309021716e+05 1.617662929051112733e+05 4.705894343670777162e+05 7.738821314192361024e+04 1.617661236457542691e+05 2.936313366616190979e+04 1.215861755565380881e+05 1.608019428838636959e+05 3.885856883797139744e+05 1.617659879542077251e+05 1.000496223738428380e+05 1.000495240696491674e+05 3.529428459540129988e+05 5.385122563020016532e+05 1.617661929074680083e+05 1.965256166427802527e+05 6.566356455298943911e+05 1.617659220314861450e+05 1.613396492148069665e+05
5.174992786765093915e+05 7.058831176470586797e+05 2.549034195400884491e+05 4.705894691667230218e+05 9.804080882352938352e+04 2.549035683624797384e+05 3.267986360482103191e+05 9.804085204991084174e+04 4.705893930481279385e+05 1.960799211711712996e+05 9.804064545901831298e+04 1.215861755565380590e+05 2.614448770008725478e+04 3.921709036218579422e+04 3.885854282153541571e+05 9.804043640324370062e+04 7.843302840778777318e+04 7.843296078431345813e+04 3.529425949871903867e+05 5.385122228992450982e+05 9.804064153210302175e+04 2.602511519073000527e+05 6.566356282288563671e+05 9.804040886169580335e+04 7.200409470248968864e+04
5.174993184951159055e+05 7.058831176470586797e+05 2.941192606629020884e+05 4.705895001626228914e+05 5.882511029411762138e+04 2.941191791443846305e+05 3.529422604150659754e+05 5.882518506245605386e+04 4.705893843416770687e+05 2.352956969583485043e+05 5.882496967671364837e+04 1.608019428838636959e+05 3.921709036218579422e+04 6.461885173957760964e-01 3.885855095485217171e+05 5.882474695477423666e+04 1.176488988407057623e+05 1.176487536253578583e+05 3.529425935806875932e+05 5.385121994208780816e+05 5.882491089077122160e+04 2.994667586089054239e+05 6.566355939573566429e+05 5.882485148689476773e+04 3.278830483792056475e+04
3.793335554061353323e+05 5.727698787831420777e+05 3.297621763819658081e+05 3.361392855800165562e+05 3.885855817019120441e+05 3.297622485305205337e+05 2.547989139087420772e+05 3.885856399383852840e+05 2.794132906992976204e+05 3.591739190611504018e+05 3.885854299541487126e+05 3.885856883797139744e+05 3.885854282153541571e+05 3.885855095485216007e+05 7.379211083513608901e+04 3.885853418621711317e+05 3.885857664506483125e+05 3.885856336274605128e+05 1.385857335368261847e+05 4.061595076791088213e+05 3.885855863957852125e+05 3.244145116341012763e+05 5.088165812405978213e+05 3.885854363738220418e+05 3.885856956416693283e+05
5.174991191817717045e+05 7.058829839572190540e+05 2.941189878953805892e+05 4.705893058337685652e+05 1.205421446157596277e+00 2.941189334542027209e+05 3.529422214324569795e+05 5.882486474868749792e+04 4.705891677393153077e+05 2.352954755772506760e+05 1.125294351932490278e+00 1.617659879542077542e+05 9.804043640324371518e+04 5.882474695477423666e+04 3.885853418621711317e+05 5.631320956578922399e-01 1.176484378350715124e+05 1.176483285076788015e+05 3.529424152130334987e+05 5.385120451048454270e+05 5.882466689008269896e+04 2.994665416358307120e+05 6.566354679634600179e+05 5.882461302724891721e+04 4.243145891854819638e+04
5.174994694632621831e+05 7.058829999999998836e+05 2.352953820836647064e+05 4.705896655208732118e+05 1.176485408057851309e+05 2.352953672680884483e+05 3.137270780771009158e+05 1.176485312803840352e+05 4.705895967980274581e+05 1.764719217338015733e+05 1.176487332297110843e+05 1.000496223738428525e+05 7.843302840778778773e+04 1.176488988407057623e+05 3.885857664506483125e+05 1.176484378350715124e+05 6.141925886141136326e-01 1.443847742631163555e+00 3.529425673055293737e+05 5.385122451370207127e+05 1.176484643898881768e+05 2.406432839849974262e+05 6.566355417236661306e+05 1.176481783343512943e+05 1.176487736875871633e+05
5.174993382631548448e+05 7.058831176470583305e+05 2.352955970295061998e+05 4.705895285628988640e+05 1.176487132352938061e+05 2.352955896263903996e+05 3.137269186198785319e+05 1.176486806085379358e+05 4.705894449512418942e+05 1.764719888039057842e+05 1.176486353792190057e+05 1.000495240696491674e+05 7.843296078431345813e+04 1.176487536253578583e+05 3.885856336274605128e+05 1.176483285076788015e+05 1.443847742631163555e+00 5.719267525908289240e-01 3.529427819088123506e+05 5.385122814864488319e+05 1.176485808823526459e+05 2.406431468575389299e+05 6.566356593707245775e+05 1.176483763763407769e+05 1.176488273492244771e+05
3.998525442255022936e+05 5.882360865051903529e+05 2.647074228346766322e+05 3.500499140386650688e+05 3.529424439394052606e+05 2.647073389476016164e+05 1.902865966102746606e+05 3.529425462244392838e+05 3.129235329760187306e+05 3.088248981938924408e+05 3.529425680460048025e+05 3.529428459540130571e+05 3.529425949871903867e+05 3.529425935806875932e+05 1.385857335368261847e+05 3.529424152130334987e+05 3.529425673055293737e+05 3.529427819088123506e+05 2.941251641903514246e+04 4.208653686893703998e+05 3.529424136706033605e+05 2.593598692536216986e+05 5.389886624285830185e+05 3.529423296476880787e+05 3.529425315311524901e+05
2.653544739719029167e+05 4.597156554403270129e+05 4.796888089638687670e+05 3.254500393798777950e+05 5.385120407211545389e+05 4.796888528304110514e+05 4.600810595952810254e+05 5.385120176216133405e+05 3.587716638830570737e+05 5.091004988215593621e+05 5.385120240774443373e+05 5.385122563020016532e+05 5.385122228992450982e+05 5.385121994208780816e+05 4.061595076791088213e+05 5.385120451048454270e+05 5.385122451370207127e+05 5.385122814864488319e+05 4.208653686893703998e+05 1.034750569799889054e+05 5.385120483097813558e+05 4.796888840223565348e+05 4.734776820844885660e+05 5.385120458724610507e+05 5.385120567921546753e+05
5.174992238610328059e+05 7.058828200692040846e+05 2.941188994623534381e+05 4.705894008633558406e+05 5.882466322769127146e+04 2.941188847343288362e+05 3.529424958128306316e+05 1.364250827665566490e+00 4.705893286460653180e+05 2.352954017264936119e+05 5.882485246241777349e+04 1.617661929074680083e+05 9.804064153210302175e+04 5.882491089077122160e+04 3.885855863957852125e+05 5.882466689008269896e+04 1.176484643898881768e+05 1.176485808823526459e+05 3.529424136706033605e+05 5.385120483097813558e+05 7.619312101455998354e-01 2.994666832212847658e+05 6.566353343147509731e+05 1.025253488665062829e+00 4.243144119131208572e+04
4.586759633930969867e+05 6.470596747404843336e+05 4.204064322785747208e+04 4.117661781069338904e+05 2.994667964780608309e+05 6.417274402191133413e+04 1.602615831646225997e+05 2.994667357098070206e+05 4.117660589589431183e+05 1.229962818916302786e+05 2.994667064168847864e+05 1.965256166427802527e+05 2.602511519073000527e+05 2.994667586089054239e+05 3.244145116341013345e+05 2.994665416358307120e+05 2.406432839849974553e+05 2.406431468575389299e+05 2.593598692536216986e+05 4.796888840223566513e+05 2.994666832212847658e+05 3.849522633142847917e+04 5.978122506638771156e+05 2.994665365673885681e+05 2.994669649197173421e+05
4.061203799538018648e+05 4.966056039453590056e+05 5.978121211581343086e+05 4.199938426560756634e+05 6.566352744541228749e+05 5.978121299589599948e+05 5.782044280121491756e+05 6.566353399663760792e+05 4.801647440486664418e+05 6.272238263131104177e+05 6.566354109174546320e+05 6.566356455298943911e+05 6.566356282288563671e+05 6.566355939573566429e+05 5.088165812405978213e+05 6.566354679634597851e+05 6.566355417236661306e+05 6.566356593707245775e+05 5.389886624285830185e+05 4.734776820844885660e+05 6.566353343147509731e+05 5.978122506638771156e+05 1.789478175209351466e+05 6.566353565043107374e+05 6.566353526918557473e+05
5.174992338181444793e+05 7.058828235294116894e+05 2.941186535020696465e+05 4.705893951057550730e+05 5.882467766959003347e+04 2.941186903624418774e+05 3.529423768828276079e+05 1.118045076398263671e+00 4.705893044297486194e+05 2.352951243188863155e+05 5.882479215767506685e+04 1.617659220314861450e+05 9.804040886169580335e+04 5.882485148689476773e+04 3.885854363738221000e+05 5.882461302724891721e+04 1.176481783343512943e+05 1.176483763763407769e+05 3.529423296476880787e+05 5.385120458724610507e+05 1.025253488665062829e+00 2.994665365673885099e+05 6.566353565043107374e+05 4.485737824264458551e-01 4.243135682775313035e+04
5.174992304291396285e+05 7.058828262032085331e+05 2.941191683125980780e+05 4.705894383962348220e+05 4.243144885462090315e+04 2.941191677341122995e+05 3.529425946500927093e+05 4.243161996603605076e+04 4.705894140923640225e+05 2.352955087684875471e+05 4.243158570675832016e+04 1.613396492148069374e+05 7.200409470248968864e+04 3.278830483792056475e+04 3.885856956416693283e+05 4.243145891854819638e+04 1.176487736875871633e+05 1.176488273492244625e+05 3.529425315311524901e+05 5.385120567921546753e+05 4.243144119131208572e+04 2.994669649197173421e+05 6.566353526918557473e+05 4.243135682775312307e+04 3.816256843176278198e+04
