7.673831453627149131e+03 4.002918283168377820e+05 3.036901267729800020e+04 1.515162100739515445e+05 4.160624915120779769e+04 8.908716523876202700e+04 7.664686452923632169e+04 5.364204824376112083e+04 7.664672096023851191e+04 7.664697176427346130e+04 7.664662841763150936e+04 7.664646560308734479e+04 7.664702148943104839e+04 7.664678332711412804e+04 1.216992042398318008e+05 3.103694906483973027e+05 7.664689419726304186e+04 6.620470928907785856e+04 7.274071989977984049e+04 4.750924470466929779e+04 2.320624472796414193e+04 6.248677691882414365e+04 7.404283501609694213e+04 2.434057120047645876e+05 1.909309932677916368e+05
4.002918283168376656e+05 1.233384611770386255e+05 4.041981010367156705e+05 3.538292526467103162e+05 4.041980639307337115e+05 3.797840933742742054e+05 4.120102751441902365e+05 4.081042728191272472e+05 4.120102034405480954e+05 4.120104089015622740e+05 4.120101716623151442e+05 4.120101539909507264e+05 4.120103986524483771e+05 4.120102149513583281e+05 3.703439592643180513e+05 2.321393871291471878e+05 4.120103123419131734e+05 4.120104998751151725e+05 4.120104216378626297e+05 3.874570756732191658e+05 3.963855759440240217e+05 4.120104683557911776e+05 4.120103988178743748e+05 2.740521106261548121e+05 3.371499597747938824e+05
3.036901267729800020e+04 4.041981010367156705e+05 4.305198221391129664e+03 1.554224578076665930e+05 1.489571825420892128e+04 9.765845199389026675e+04 6.431369228478724108e+04 3.177966215877426657e+04 6.431356688986108202e+04 6.431377678625203407e+04 6.431347198261921585e+04 6.431329115845053457e+04 6.431380979431608284e+04 6.431362126594759320e+04 1.256054630148195283e+05 3.142757189180717105e+05 6.431371668461109221e+04 5.377994605296109512e+04 6.040756384933352820e+04 6.315313619311607181e+04 4.346942916332797176e+04 4.608451736949018959e+04 6.170968171099269239e+04 2.473120199203944067e+05 1.948372656782070699e+05
1.515162100739515445e+05 3.538292526467103162e+05 1.554224578076665930e+05 3.306630587844091497e+04 1.554224690941851877e+05 1.084052366298057605e+05 1.632346087714425230e+05 1.593286381013769715e+05 1.632345195684841310e+05 1.632347606758852489e+05 1.632344514804308128e+05 1.632343374988599680e+05 1.632347952300937031e+05 1.632345223892942013e+05 7.594397115907675470e+04 2.635990690843849443e+05 1.632346298995976977e+05 1.632349048370509699e+05 1.632348455702650244e+05 1.373027145320189011e+05 1.476099079918409989e+05 1.632349068062270817e+05 1.632348018059780879e+05 1.790310158920763060e+05 8.904040394116083917e+04
4.160624915120781225e+04 4.041980639307336533e+05 1.489571825420892128e+04 1.554224690941851877e+05 1.097278782364159497e+03 1.047428259112226078e+05 5.512342340477580001e+04 2.135622805559611152e+04 5.512323010500075907e+04 5.512345489177484706e+04 5.512314113117921806e+04 5.512304215969476354e+04 5.512349827030370943e+04 5.512336625929500588e+04 1.271485948824030784e+05 3.142757350397410337e+05 5.512343300519407785e+04 4.441984696182604966e+04 5.118031556610669941e+04 7.234334714586536575e+04 5.311823976063753798e+04 3.672428910771278606e+04 5.251930206223603454e+04 2.473119122839591000e+05 1.948372683322919474e+05
8.908716523876202700e+04 3.797840933742742054e+05 9.765845199389028130e+04 1.084052366298057459e+05 1.047428259112226078e+05 3.582513792317004845e+04 1.237313874416716717e+05 1.105479559088404640e+05 1.237311973974235734e+05 1.237314761896601267e+05 1.237311215244213090e+05 1.237310217032510700e+05 1.237314881585273542e+05 1.237313021448799700e+05 5.953597523664894834e+04 2.898617564595018048e+05 1.237314118484087667e+05 1.173482133189746237e+05 1.237315798224775062e+05 6.114713828650154028e+04 8.058531396736481111e+04 1.159191147809630056e+05 1.237315416330867301e+05 2.193181736753970908e+05 1.546822142619082879e+05
7.664686452923632169e+04 4.120102751441902365e+05 6.431369228478724108e+04 1.632346087714425230e+05 5.512342340477580001e+04 1.237313874416716717e+05 6.190202797689363656e-01 4.116213511018223653e+04 2.888506164672517571e+03 6.837444364113056508e+03 3.907608141794411040e+03 1.076332723302510397e+00 7.814115419121976629e+03 1.184784025987819511e+00 1.410608309369570634e+05 3.220878801799800131e+05 3.907629312300668971e+03 2.201014920109211744e+04 1.562677893599143499e+04 9.426161118372212513e+04 8.073108417752629612e+04 2.604345755414557425e+04 1.336884034747300393e+04 2.551240861005634652e+05 2.026493184839810710e+05
5.364204824376112083e+04 4.081042728191272472e+05 3.177966215877426657e+04 1.593286381013769715e+05 2.135622805559611152e+04 1.105479559088404640e+05 4.116213511018223653e+04 1.179572289459384228e+04 4.116201759664311976e+04 4.116222142067360983e+04 4.116192617715689994e+04 4.116175190008489153e+04 4.116226336645989795e+04 4.116207581930272863e+04 1.312477806832380884e+05 3.181819223798923776e+05 4.116214792769869382e+04 2.614824470629482676e+04 3.640681296811201173e+04 7.961337921576962981e+04 6.250203619740630529e+04 1.811223324319423045e+04 3.855809626871557703e+04 2.512181776590486115e+05 1.987434483037752798e+05
7.664672096023851191e+04 4.120102034405480372e+05 6.431356688986108202e+04 1.632345195684841310e+05 5.512323010500075907e+04 1.237311973974235589e+05 2.888506164672518025e+03 4.116201759664311248e+04 1.506969837539817945e+03 5.330965501468507682e+03 1.020009326066503490e+03 2.888180519823846225e+03 7.814023572318120387e+03 2.888401280084796781e+03 1.410606723330955137e+05 3.220878194431784796e+05 1.020354425025435717e+03 2.201004694314335575e+04 1.562661155404651072e+04 9.426141138491500169e+04 8.073089057403574407e+04 2.604336028709444508e+04 1.336869725236126396e+04 2.551240264100657951e+05 2.026493182682474144e+05
7.664697176427346130e+04 4.120104089015622158e+05 6.431377678625203407e+04 1.632347606758852489e+05 5.512345489177484706e+04 1.237314761896601267e+05 6.837444364113056508e+03 4.116222142067360983e+04 5.330965501468507682e+03 3.414997032283776207e+03 4.799285207705250286e+03 6.837242487932983749e+03 3.016006262120200518e+03 6.837469181953487350e+03 1.410609185522580228e+05 3.220880003182662767e+05 4.799321139795313684e+03 1.926356838020456416e+04 1.123493252106161162e+04 9.426168519882467808e+04 8.073115540061093634e+04 2.604352076306018716e+04 8.570822122120503991e+03 2.551241953989299946e+05 2.026494950183890469e+05
7.664662841763150936e+04 4.120101716623150860e+05 6.431347198261921585e+04 1.632344514804308419e+05 5.512314113117921806e+04 1.237311215244213090e+05 3.907608141794411040e+03 4.116192617715689994e+04 1.020009326066503263e+03 4.799285207705250286e+03 5.572663644635036384e-01 3.907173144258511002e+03 7.813978063372038378e+03 3.907483589109892364e+03 1.410606074219619040e+05 3.220878094425658928e+05 1.249413373557897611e+00 2.201000802315715555e+04 1.562658423536193368e+04 9.426135465589453815e+04 8.073079841631819727e+04 2.604330566374720001e+04 1.336866915994777628e+04 2.551239738255809934e+05 2.026492683609390515e+05
7.664646560308734479e+04 4.120101539909507264e+05 6.431329115845053457e+04 1.632343374988599971e+05 5.512304215969476354e+04 1.237310217032510700e+05 1.076332723302510397e+00 4.116175190008489153e+04 2.888180519823846225e+03 6.837242487932983749e+03 3.907173144258511002e+03 4.332878989990466834e-01 7.813835240341675672e+03 9.740845537151245903e-01 1.410605201040718530e+05 3.220877361370334984e+05 3.907478363373664251e+03 2.200977136730958591e+04 1.562641737301791181e+04 9.426122494156498578e+04 8.073069249424581358e+04 2.604307208060141420e+04 1.336850414623470351e+04 2.551239474174293282e+05 2.026491676425585174e+05
7.664702148943104839e+04 4.120103986524483771e+05 6.431380979431608284e+04 1.632347952300937031e+05 5.512349827030370943e+04 1.237314881585273397e+05 7.814115419121976629e+03 4.116226336645989795e+04 7.814023572318120387e+03 3.016006262120200518e+03 7.813978063372038378e+03 7.813835240341675672e+03 6.747244909483350872e-01 7.814082399594294657e+03 1.410609568387487961e+05 3.220880730692747748e+05 7.814089833793269463e+03 1.834805376065276869e+04 8.663334809248171950e+03 9.426176812946483551e+04 8.073121293203976529e+04 2.604354174330598107e+04 5.556067088847723426e+03 2.551242613276391639e+05 2.026495561934355937e+05
7.664678332711412804e+04 4.120102149513583281e+05 6.431362126594759320e+04 1.632345223892942304e+05 5.512336625929500588e+04 1.237313021448799554e+05 1.184784025987819289e+00 4.116207581930272863e+04 2.888401280084796781e+03 6.837469181953486441e+03 3.907483589109892364e+03 9.740845537151245903e-01 7.814082399594294657e+03 6.338750005464093285e-01 1.410607410533952934e+05 3.220878444659339730e+05 3.907613484512222840e+03 2.201010008377107442e+04 1.562671516035749846e+04 9.426154244576217025e+04 8.073100167031190358e+04 2.604341423238076095e+04 1.336879579203143840e+04 2.551240657192480285e+05 2.026492973104747362e+05
1.216992042398318008e+05 3.703439592643180513e+05 1.256054630148195283e+05 7.594397115907675470e+04 1.271485948824030929e+05 5.953597523664895562e+04 1.410608309369570634e+05 1.312477806832380884e+05 1.410606723330955137e+05 1.410609185522580228e+05 1.410606074219619040e+05 1.410605201040718530e+05 1.410609568387488252e+05 1.410607410533952934e+05 2.568780224938423635e+04 2.804216969516513054e+05 1.410608471641700016e+05 1.358860171268484264e+05 1.410610511734360771e+05 1.012942376499709790e+05 1.177928841703785438e+05 1.351540790542623436e+05 1.410610061220710049e+05 2.070891319178118138e+05 1.319602736597390322e+05
3.103694906483973027e+05 2.321393871291471878e+05 3.142757189180717105e+05 2.635990690843849443e+05 3.142757350397410337e+05 2.898617564595018048e+05 3.220878801799800131e+05 3.181819223798923776e+05 3.220878194431784796e+05 3.220880003182662767e+05 3.220878094425658928e+05 3.220877361370334984e+05 3.220880730692747748e+05 3.220878444659339730e+05 2.804216969516513054e+05 8.952573465603802470e+04 3.220878947734725079e+05 3.220880837417708244e+05 3.220881008679473307e+05 2.975347021196783171e+05 3.064633040368541842e+05 3.220881189321397105e+05 3.220881067369911470e+05 1.714293115114796674e+05 2.469684110135950323e+05
7.664689419726304186e+04 4.120103123419131734e+05 6.431371668461109221e+04 1.632346298995976977e+05 5.512343300519407785e+04 1.237314118484087667e+05 3.907629312300668516e+03 4.116214792769869382e+04 1.020354425025435830e+03 4.799321139795313684e+03 1.249413373557897611e+00 3.907478363373663797e+03 7.814089833793268554e+03 3.907613484512222385e+03 1.410608471641700016e+05 3.220878947734725079e+05 6.772605615591628103e-01 2.201016620516251714e+04 1.562677051011332514e+04 9.426166018652921775e+04 8.073112045708810911e+04 2.604351869645326587e+04 1.336885062714448395e+04 2.551241423772726266e+05 2.026493974015162967e+05
6.620470928907785856e+04 4.120104998751151143e+05 5.377994605296109512e+04 1.632349048370509699e+05 4.441984696182604966e+04 1.173482133189746237e+05 2.201014920109211744e+04 2.614824470629482676e+04 2.201004694314335575e+04 1.926356838020456416e+04 2.201000802315715191e+04 2.200977136730958591e+04 1.834805376065276869e+04 2.201010008377107442e+04 1.358860171268484264e+05 3.220880837417708244e+05 2.201016620516251714e+04 4.096832697028934490e+03 1.213802942314262691e+04 8.787834258489565400e+04 7.174364040187526552e+04 9.151443425170007686e+03 1.464528466289684002e+04 2.551243745974864869e+05 2.026496524441765505e+05
7.274071989977984049e+04 4.120104216378626297e+05 6.040756384933352820e+04 1.632348455702650826e+05 5.118031556610669941e+04 1.237315798224775062e+05 1.562677893599143499e+04 3.640681296811201173e+04 1.562661155404651072e+04 1.123493252106161162e+04 1.562658423536193368e+04 1.562641737301791181e+04 8.663334809248170131e+03 1.562671516035749664e+04 1.410610511734360771e+05 3.220881008679473307e+05 1.562677051011332514e+04 1.213802942314262691e+04 1.329916077000400037e+03 9.426179935491713695e+04 7.812702169312407204e+04 2.128809862516000430e+04 3.108510985678602538e+03 2.551242649476595398e+05 2.026496420559167746e+05
4.750924470466929779e+04 3.874570756732192240e+05 6.315313619311607181e+04 1.373027145320189302e+05 7.234334714586535119e+04 6.114713828650154028e+04 9.426161118372213969e+04 7.961337921576962981e+04 9.426141138491500169e+04 9.426168519882467808e+04 9.426135465589453815e+04 9.426122494156498578e+04 9.426176812946483551e+04 9.426154244576218480e+04 1.012942376499709790e+05 2.975347021196783171e+05 9.426166018652923231e+04 8.787834258489565400e+04 9.426179935491713695e+04 1.949550314724027703e+04 3.718896530354279093e+04 8.644929702089200146e+04 9.426177842238583253e+04 2.304897976814194699e+05 1.767175155869138252e+05
2.320624472796414193e+04 3.963855759440240217e+05 4.346942916332797176e+04 1.476099079918409989e+05 5.311823976063753798e+04 8.058531396736482566e+04 8.073108417752629612e+04 6.250203619740630529e+04 8.073089057403572951e+04 8.073115540061093634e+04 8.073079841631819727e+04 8.073069249424581358e+04 8.073121293203976529e+04 8.073100167031190358e+04 1.177928841703785438e+05 3.064633040368542424e+05 8.073112045708812366e+04 7.174364040187526552e+04 7.812702169312407204e+04 3.718896530354279093e+04 1.591099258166856634e+04 7.031449297305611253e+04 7.899505895138312189e+04 2.394994789398917928e+05 1.870247634234756697e+05
6.248677691882414365e+04 4.120104683557911194e+05 4.608451736949018959e+04 1.632349068062271108e+05 3.672428910771278606e+04 1.159191147809630056e+05 2.604345755414557425e+04 1.811223324319423045e+04 2.604336028709444508e+04 2.604352076306018716e+04 2.604330566374720001e+04 2.604307208060141420e+04 2.604354174330598107e+04 2.604341423238076095e+04 1.351540790542623436e+05 3.220881189321397105e+05 2.604351869645326587e+04 9.151443425170007686e+03 2.128809862516000794e+04 8.644929702089200146e+04 7.031449297305611253e+04 3.472963423639934717e+03 2.343935445104134851e+04 2.551244404224992031e+05 2.026496987931047042e+05
7.404283501609694213e+04 4.120103988178743166e+05 6.170968171099269239e+04 1.632348018059781170e+05 5.251930206223603454e+04 1.237315416330867301e+05 1.336884034747300393e+04 3.855809626871557703e+04 1.336869725236126396e+04 8.570822122120503991e+03 1.336866915994777628e+04 1.336850414623470351e+04 5.556067088847723426e+03 1.336879579203144021e+04 1.410610061220710340e+05 3.220881067369911470e+05 1.336885062714448577e+04 1.464528466289684002e+04 3.108510985678602538e+03 9.426177842238583253e+04 7.899505895138312189e+04 2.343935445104134851e+04 3.180736931194887802e+03 2.551242490184397611e+05 2.026496147330852691e+05
2.434057120047645876e+05 2.740521106261548121e+05 2.473120199203944067e+05 1.790310158920763060e+05 2.473119122839591000e+05 2.193181736753970908e+05 2.551240861005634652e+05 2.512181776590486115e+05 2.551240264100657660e+05 2.551241953989299946e+05 2.551239738255809934e+05 2.551239474174293282e+05 2.551242613276391639e+05 2.551240657192480285e+05 2.070891319178118138e+05 1.714293115114796383e+05 2.551241423772726266e+05 2.551243745974864869e+05 2.551242649476595398e+05 2.304897976814194699e+05 2.394994789398917928e+05 2.551244404224992031e+05 2.551242490184397611e+05 6.924737364616195555e+04 1.474709314463693590e+05
1.909309932677916368e+05 3.371499597747938824e+05 1.948372656782070699e+05 8.904040394116085372e+04 1.948372683322919474e+05 1.546822142619082879e+05 2.026493184839810710e+05 1.987434483037752798e+05 2.026493182682474144e+05 2.026494950183890469e+05 2.026492683609390515e+05 2.026491676425585174e+05 2.026495561934355937e+05 2.026492973104747362e+05 1.319602736597390031e+05 2.469684110135950323e+05 2.026493974015162967e+05 2.026496524441765505e+05 2.026496420559167746e+05 1.767175155869138252e+05 1.870247634234756406e+05 2.026496987931046751e+05 2.026496147330852691e+05 1.474709314463693590e+05 4.606035468972269155e+04
