7.027852039563319704e+04 1.738282544600821566e+05 1.738283112174691923e+05 1.738279301912762458e+05 1.738283438429055095e+05 3.263291669615004212e+05 1.738285098829972558e+05 1.088512511623140308e+05 1.851549985599597276e+05 1.738285750105178158e+05 1.367916287026808714e+05 1.738285445207030862e+05 1.088513545512754936e+05 1.285839869258023391e+05 1.503413677899082832e+05 1.182731654690375290e+05 8.642584299843722256e+05 1.738279921811896784e+05 1.088512042050505406e+05 7.068909267980878940e+05 1.096788857152057753e+05 5.082088097053053789e+05 1.367914393406244635e+05 1.738285796953337849e+05 1.738281180785434844e+05
1.738282544600821566e+05 1.072995641452927584e+00 1.793810917813554395e+00 1.552894423252638934e+00 2.070183106827864883e+00 3.660271623229137622e+05 2.140298400609184970e+00 1.481505426534512662e+05 2.374750944337855326e+05 2.119136002401324159e+00 1.111135038933547621e+05 2.075660731033293516e+00 1.481506324847935757e+05 1.306067516789191577e+05 2.348901903294243675e+04 9.259489425551948079e+04 8.642582518208064139e+05 1.803463362088172817e+00 1.481506151721102651e+05 7.068907144253890729e+05 2.222244178003935667e+05 5.161084198688386241e+05 4.938491314099734882e+04 2.316293777304625046e+00 1.843140860906256950e+00
1.738283112174691923e+05 1.793810917813554395e+00 1.186524105310666766e+00 1.469950164964106021e+00 2.070613463555733169e+00 3.660271839290040662e+05 2.092860126385337249e+00 1.481506239300958405e+05 2.374751267545161536e+05 2.025334384843628488e+00 1.111134293849220121e+05 2.076674028288804319e+00 1.481506808497323655e+05 1.306067334162602638e+05 2.348901246315024400e+04 9.259480858733979403e+04 8.642582463248536224e+05 1.750946919918504374e+00 1.481506437317632954e+05 7.068907266427734867e+05 2.222244881727013853e+05 5.161084530846740236e+05 4.938489797439314134e+04 2.247778674897603857e+00 1.782019881404842465e+00
1.738279301912762458e+05 1.552894423252638934e+00 1.469950164964106021e+00 6.380289118799719050e-01 1.558311492891490513e+00 3.660268445524089038e+05 1.542089952093836258e+00 1.481500928292351600e+05 2.374747914766726317e+05 1.749946963874674744e+00 1.111129094335720438e+05 1.657891434316608681e+00 1.481501247586117825e+05 1.306062068130072294e+05 2.348847178180831543e+04 9.259422634697951435e+04 8.642582308149376186e+05 1.253359674575852623e+00 1.481501027618469379e+05 7.068906437436010456e+05 2.222240764981188113e+05 5.161082273337318329e+05 4.938427623419971496e+04 1.736406061183851657e+00 1.405940421441886468e+00
1.738283438429054804e+05 2.070183106827864883e+00 2.070613463555733613e+00 1.558311492891490513e+00 1.064376845415858419e+00 3.660272363554533222e+05 2.028131014433021129e+00 1.481506013461515249e+05 2.374751997106233903e+05 2.235986826739412514e+00 1.111136134379416035e+05 2.204627371290885485e+00 1.481506352346018248e+05 1.306068351082758454e+05 2.348903966943000705e+04 9.259492359634093009e+04 8.642582307201320073e+05 1.758213110958571024e+00 1.481506088279420219e+05 7.068907779915818246e+05 2.222244751637387963e+05 5.161085099439045298e+05 4.938499787432124867e+04 2.338959734058884354e+00 1.969867018084971999e+00
3.263291669615004212e+05 3.660271623229137622e+05 3.660271839290040662e+05 3.660268445524089038e+05 3.660272363554533222e+05 1.629153112488126790e+05 3.660272431748417439e+05 3.660274005990423029e+05 2.329058538769728329e+05 3.660272507397742593e+05 3.660272587652970105e+05 3.660271263003037311e+05 3.660273156043241615e+05 3.660273298891005688e+05 3.660271227567050373e+05 3.660273652702628169e+05 8.299051475715846755e+05 3.660269924069966655e+05 3.660273523705860134e+05 6.725378821837217547e+05 2.981300803600145155e+05 4.025727438218072057e+05 3.660272410298457253e+05 3.660273419666490518e+05 3.660271323825411964e+05
1.738285098829972558e+05 2.140298400609184970e+00 2.092860126385337249e+00 1.542089952093836258e+00 2.028131014433021129e+00 3.660272431748417439e+05 1.110180017099073879e+00 1.481507032961392833e+05 2.374753224889256235e+05 2.156348572900558480e+00 1.111136132741226174e+05 2.028273963086809406e+00 1.481507360038916522e+05 1.306068964081993181e+05 2.348905907375760944e+04 9.259490725658267911e+04 8.642582847426171647e+05 1.888969995840553473e+00 1.481507485891254619e+05 7.068908312034520786e+05 2.222246533796884178e+05 5.161084973877787124e+05 4.938491003408138931e+04 2.377412387488071932e+00 1.982037235660392138e+00
1.088512511623140163e+05 1.481505426534512662e+05 1.481506239300958696e+05 1.481500928292351600e+05 1.481506013461515249e+05 3.660274005990423029e+05 1.481507032961392833e+05 1.289488722447886371e+00 2.374754219173122838e+05 1.481508262421113322e+05 7.407658593927464972e+04 1.481507048176077078e+05 2.236688118540988590e+00 5.458344451686095272e+04 1.246635086834826507e+05 1.111138362227366597e+05 8.642584048578271177e+05 1.481501231928917696e+05 2.245650322685264211e+00 7.068908605480060214e+05 2.032546370229761815e+05 5.161085792086052243e+05 1.111134919945703441e+05 1.481508465578390169e+05 1.481502777002791408e+05
1.851549985599597276e+05 2.374750944337855326e+05 2.374751267545162118e+05 2.374747914766726026e+05 2.374751997106233903e+05 2.329058538769728329e+05 2.374753224889256235e+05 2.374754219173122256e+05 4.362074859409630881e+04 2.374753111556914228e+05 2.374753735985069652e+05 2.374751405450891762e+05 2.374755134033098293e+05 2.374754796217738185e+05 2.374749947763721866e+05 2.374753500573029451e+05 8.642583036969772074e+05 2.374749475140787545e+05 2.374755014813844755e+05 7.068909383769156411e+05 1.413087227805621806e+05 4.830480587673803093e+05 2.374752111285248538e+05 2.374753877297428553e+05 2.374752127199570532e+05
1.738285750105177867e+05 2.119136002401324159e+00 2.025334384843628488e+00 1.749946963874674744e+00 2.235986826739412514e+00 3.660272507397742593e+05 2.156348572900558480e+00 1.481508262421113322e+05 2.374753111556914519e+05 1.264694191445865590e+00 1.111136782693649002e+05 2.230924794882148898e+00 1.481508769559802022e+05 1.306069532884481596e+05 2.348931834311876810e+04 9.259504518050202751e+04 8.642582233608014649e+05 2.021187648070996712e+00 1.481508933120996226e+05 7.068907650001052534e+05 2.222246749903168820e+05 5.161084722442748025e+05 4.938517763810580072e+04 2.259209095467074491e+00 2.030870740422597631e+00
1.367916287026808714e+05 1.111135038933547621e+05 1.111134293849220412e+05 1.111129094335720583e+05 1.111136134379416035e+05 3.660272587652970105e+05 1.111136132741226174e+05 7.407658593927464972e+04 2.374753735985069361e+05 1.111136782693649002e+05 1.084324177088357377e+00 1.111135436415489530e+05 7.407655459898100526e+04 1.949490208440603601e+04 8.762620238165494811e+04 3.703915888022852596e+04 8.642583401416838169e+05 1.111130882317656651e+05 7.407658776629496424e+04 7.068907406127693830e+05 2.032545200319980795e+05 5.161085090356243891e+05 6.173043115357008355e+04 1.111135674365762679e+05 1.111132736821476137e+05
1.738285445207030862e+05 2.075660731033293516e+00 2.076674028288804319e+00 1.657891434316609347e+00 2.204627371290885485e+00 3.660271263003037311e+05 2.028273963086809406e+00 1.481507048176077078e+05 2.374751405450891762e+05 2.230924794882148898e+00 1.111135436415489530e+05 1.091073407788135663e+00 1.481507198735657148e+05 1.306068624500676087e+05 2.348910645830836438e+04 9.259499456019618083e+04 8.642582861983434996e+05 1.909627393301885911e+00 1.481507583744721778e+05 7.068908223089645617e+05 2.222246619673173409e+05 5.161084652151460177e+05 4.938502763473290543e+04 2.463209079067246066e+00 2.063570574837747085e+00
1.088513545512754936e+05 1.481506324847935757e+05 1.481506808497323655e+05 1.481501247586117825e+05 1.481506352346018248e+05 3.660273156043241033e+05 1.481507360038916522e+05 2.236688118540988590e+00 2.374755134033098584e+05 1.481508769559802022e+05 7.407655459898100526e+04 1.481507198735657148e+05 1.469189911700752527e+00 5.458338594076220033e+04 1.246635209046904056e+05 1.111137658046553843e+05 8.642584024429224664e+05 1.481502035086885153e+05 2.335598272881851400e+00 7.068908435187515570e+05 2.032546935174844693e+05 5.161085971887882915e+05 1.111135388281813212e+05 1.481508803690083441e+05 1.481503725870670751e+05
1.285839869258023391e+05 1.306067516789191577e+05 1.306067334162602783e+05 1.306062068130072294e+05 1.306068351082758454e+05 3.660273298891006270e+05 1.306068964081993472e+05 5.458344451686095272e+04 2.374754796217738476e+05 1.306069532884481887e+05 1.949490208440603965e+04 1.306068624500676087e+05 5.458338594076220033e+04 1.846850591205995806e+04 1.071194548156255914e+05 5.653244100676666130e+04 8.642583521914762678e+05 1.306063375934022770e+05 5.458344963164970250e+04 7.068908063679240877e+05 2.032545821805946180e+05 5.161086087426925078e+05 8.122367170765495393e+04 1.306068979531588120e+05 1.306065043935058493e+05
1.503413677899083123e+05 2.348901903294243675e+04 2.348901246315025128e+04 2.348847178180831907e+04 2.348903966943000705e+04 3.660271227567050373e+05 2.348905907375760944e+04 1.246635086834826507e+05 2.374749947763721866e+05 2.348931834311877174e+04 8.762620238165494811e+04 2.348910645830836438e+04 1.246635209046904056e+05 1.071194548156255914e+05 1.718648538245019517e+04 6.910769456657058618e+04 8.642583095272909850e+05 2.348869979845357011e+04 1.246634548821796780e+05 7.068907991564437980e+05 2.101945078559687827e+05 5.161084857852204004e+05 2.589743839331701020e+04 2.348919381689644433e+04 2.348882415993068935e+04
1.182731654690375290e+05 9.259489425551948079e+04 9.259480858733979403e+04 9.259422634697951435e+04 9.259492359634093009e+04 3.660273652702628169e+05 9.259490725658267911e+04 1.111138362227366597e+05 2.374753500573029451e+05 9.259504518050202751e+04 3.703915888022852596e+04 9.259499456019618083e+04 1.111137658046553843e+05 5.653244100676666858e+04 6.910769456657057162e+04 1.851963173762835868e+04 8.642583193677879171e+05 9.259462534282424895e+04 1.111138122196744080e+05 7.068907866662590532e+05 1.847359388838484883e+05 5.161085662147087860e+05 4.321174580828090257e+04 9.259500288719874516e+04 9.259471430814338964e+04
8.642584299843722256e+05 8.642582518208064139e+05 8.642582463248536224e+05 8.642582308149376186e+05 8.642582307201320073e+05 8.299051475715846755e+05 8.642582847426171647e+05 8.642584048578272341e+05 8.642583036969772074e+05 8.642582233608014649e+05 8.642583401416838169e+05 8.642582861983434996e+05 8.642584024429224664e+05 8.642583521914762678e+05 8.642583095272909850e+05 8.642583193677879171e+05 2.680409279090322671e+05 8.642582932979272446e+05 8.642584042007152457e+05 5.807150001006397652e+05 8.642584342302406440e+05 6.416243097131823888e+05 8.642583167344321264e+05 8.642582380998117151e+05 8.642582592487434158e+05
1.738279921811896784e+05 1.803463362088172817e+00 1.750946919918504374e+00 1.253359674575852623e+00 1.758213110958571024e+00 3.660269924069966655e+05 1.888969995840553695e+00 1.481501231928917696e+05 2.374749475140787836e+05 2.021187648070996712e+00 1.111130882317656506e+05 1.909627393301886356e+00 1.481502035086885153e+05 1.306063375934022770e+05 2.348869979845356647e+04 9.259462534282424895e+04 8.642582932979272446e+05 1.007914431515789744e+00 1.481501379447011859e+05 7.068906829922498437e+05 2.222242169548458187e+05 5.161083601874276646e+05 4.938463112974784599e+04 2.065056117942674518e+00 1.609260349280283275e+00
1.088512042050505406e+05 1.481506151721102651e+05 1.481506437317632954e+05 1.481501027618469379e+05 1.481506088279420219e+05 3.660273523705861298e+05 1.481507485891254619e+05 2.245650322685264211e+00 2.374755014813845046e+05 1.481508933120996226e+05 7.407658776629496424e+04 1.481507583744721778e+05 2.335598272881851845e+00 5.458344963164970250e+04 1.246634548821796780e+05 1.111138122196744080e+05 8.642584042007152457e+05 1.481501379447011859e+05 1.336485171846850450e+00 7.068908633099494036e+05 2.032547217089664482e+05 5.161085790732144378e+05 1.111135827149518882e+05 1.481508862416025077e+05 1.481503594878409931e+05
7.068909267980881268e+05 7.068907144253890729e+05 7.068907266427734867e+05 7.068906437436010456e+05 7.068907779915818246e+05 6.725378821837217547e+05 7.068908312034521950e+05 7.068908605480060214e+05 7.068909383769156411e+05 7.068907650001052534e+05 7.068907406127693830e+05 7.068908223089645617e+05 7.068908435187515570e+05 7.068908063679242041e+05 7.068907991564437980e+05 7.068907866662590532e+05 5.807150001006397652e+05 7.068906829922498437e+05 7.068908633099494036e+05 2.372014748079970304e+05 7.068909036854564911e+05 4.812661317849013139e+05 7.068907569480672246e+05 7.068907334439995466e+05 7.068907031278464710e+05
1.096788857152057899e+05 2.222244178003935958e+05 2.222244881727013853e+05 2.222240764981188113e+05 2.222244751637387963e+05 2.981300803600145155e+05 2.222246533796884178e+05 2.032546370229761524e+05 1.413087227805622097e+05 2.222246749903168820e+05 2.032545200319980795e+05 2.222246619673173409e+05 2.032546935174844693e+05 2.032545821805946180e+05 2.101945078559687245e+05 1.847359388838484883e+05 8.642584342302407604e+05 2.222242169548458187e+05 2.032547217089664482e+05 7.068909036854564911e+05 1.850902297179587549e+04 5.024635231518433429e+05 2.032543051435955276e+05 2.222247058758647181e+05 2.222243602005338762e+05
5.082088097053054371e+05 5.161084198688386241e+05 5.161084530846740236e+05 5.161082273337318329e+05 5.161085099439045880e+05 4.025727438218072057e+05 5.161084973877787124e+05 5.161085792086051661e+05 4.830480587673803093e+05 5.161084722442748607e+05 5.161085090356243891e+05 5.161084652151460177e+05 5.161085971887882915e+05 5.161086087426924496e+05 5.161084857852204586e+05 5.161085662147088442e+05 6.416243097131823888e+05 5.161083601874276646e+05 5.161085790732144378e+05 4.812661317849013139e+05 5.024635231518434011e+05 2.383424748977945128e+05 5.161084627404546482e+05 5.161085019164119731e+05 5.161084152583882678e+05
1.367914393406244635e+05 4.938491314099734882e+04 4.938489797439314134e+04 4.938427623419972224e+04 4.938499787432124867e+04 3.660272410298457253e+05 4.938491003408138931e+04 1.111134919945703441e+05 2.374752111285248830e+05 4.938517763810580072e+04 6.173043115357007628e+04 4.938502763473291270e+04 1.111135388281813212e+05 8.122367170765495393e+04 2.589743839331701020e+04 4.321174580828090257e+04 8.642583167344321264e+05 4.938463112974784599e+04 1.111135827149518882e+05 7.068907569480672246e+05 2.032543051435955276e+05 5.161084627404546482e+05 1.646195798477083736e+04 4.938498748080719088e+04 4.938470708092661516e+04
1.738285796953337849e+05 2.316293777304625046e+00 2.247778674897603857e+00 1.736406061183851657e+00 2.338959734058884354e+00 3.660273419666490518e+05 2.377412387488071488e+00 1.481508465578390169e+05 2.374753877297428844e+05 2.259209095467074491e+00 1.111135674365762679e+05 2.463209079067246066e+00 1.481508803690083441e+05 1.306068979531587684e+05 2.348919381689644433e+04 9.259500288719874516e+04 8.642582380998117151e+05 2.065056117942674518e+00 1.481508862416025077e+05 7.068907334439995466e+05 2.222247058758647181e+05 5.161085019164119731e+05 4.938498748080719088e+04 1.186840726099748222e+00 2.175533827814299936e+00
1.738281180785434844e+05 1.843140860906257172e+00 1.782019881404842465e+00 1.405940421441886468e+00 1.969867018084971999e+00 3.660271323825411964e+05 1.982037235660392138e+00 1.481502777002791408e+05 2.374752127199570823e+05 2.030870740422597631e+00 1.111132736821475992e+05 2.063570574837747085e+00 1.481503725870670751e+05 1.306065043935058493e+05 2.348882415993068935e+04 9.259471430814338964e+04 8.642582592487434158e+05 1.609260349280283275e+00 1.481503594878409931e+05 7.068907031278464710e+05 2.222243602005338762e+05 5.161084152583882096e+05 4.938470708092661516e+04 2.175533827814299936e+00 9.868194536328438460e-01
