5.961997112624852768e-01 1.924622378009973156e+00 1.661222083779531733e+00 3.331535227381014265e+05 1.462627851708007576e+00 1.437148400404136384e+00 7.409593674517339969e+04 1.681810978620015273e+00 1.612191328045763948e+05 1.340500108922525691e+00 1.632799899726005144e+00 1.517231586932274556e+00 2.018171643527466141e+00 1.224209707618698184e+00 1.550730897003852915e+00 1.262754253292406315e+00 1.317791237476096278e+00 1.392675449631058271e+00 1.092793345657756099e+00 1.816909101574843532e+00 1.181751027118214115e+00 1.560306419534932987e+00 1.460888817881046409e+00 1.742390606237876893e+00 1.528701405633203558e+00
1.924622378009973378e+00 1.669437521819383097e+00 2.945597527151087469e+00 3.331542901926722261e+05 2.760515404719855237e+00 2.703750302469704714e+00 7.409678434240962088e+04 2.961588115044888614e+00 1.612200203618236992e+05 2.562785558441606160e+00 2.942202112483251142e+00 2.862990589583538803e+00 2.800009087131114072e+00 2.288211413071462808e+00 2.939724037426114656e+00 2.413147321518937183e+00 2.562663858165721731e+00 2.597804705567433370e+00 2.049081200739588660e+00 2.676742763872061115e+00 2.282108739473449610e+00 2.950948633363506435e+00 2.638945193699222980e+00 2.860595546457286087e+00 2.925705638622572380e+00
1.661222083779531733e+00 2.945597527151087469e+00 1.378114944045655266e+00 3.331541066204011440e+05 2.466200403125677010e+00 2.453744295726780322e+00 7.409688478688577015e+04 2.450729961937479828e+00 1.612199320425398473e+05 2.314914369409336370e+00 2.452796498147103765e+00 2.509253844585388471e+00 3.104579325790735034e+00 2.205243517698408429e+00 2.548500149838700768e+00 2.251214380653227209e+00 2.213017442282866565e+00 2.387671542532085578e+00 1.963047358561808009e+00 2.728327491556644002e+00 2.124663386638390161e+00 2.457899270031107974e+00 2.375075211436184830e+00 2.577724533946409213e+00 2.532547294910271862e+00
3.331535227381014265e+05 3.331542901926722261e+05 3.331541066204011440e+05 1.648743298516109935e+05 3.331539885507583967e+05 3.331540372782232589e+05 3.331542404845055426e+05 3.331540432618093910e+05 2.788853981708103674e+05 3.331538871547393501e+05 3.331540630791418953e+05 3.331540002744483645e+05 3.331543023575714906e+05 3.331537531497760792e+05 3.331539111292031594e+05 3.331538441093804431e+05 3.331538371168496669e+05 3.331539363415210973e+05 3.331535411339724669e+05 3.331542030973918736e+05 3.331535268583116704e+05 3.331541243784818216e+05 3.331538914601327269e+05 3.331541101468970301e+05 3.331541081934883259e+05
1.462627851708007576e+00 2.760515404719855237e+00 2.466200403125677010e+00 3.331539885507585132e+05 1.190073211406473597e+00 2.033346571880250586e+00 7.409671485038385435e+04 2.496033530354659025e+00 1.612198036778963578e+05 2.100221216739439178e+00 2.376070835678102622e+00 2.061685389059972451e+00 2.854579485888413259e+00 1.936858237490583390e+00 2.215691716911881048e+00 1.986622729115093300e+00 2.061682636785913569e+00 2.107535051410551308e+00 1.779185668782530705e+00 2.609050552450725036e+00 1.841856187506207387e+00 2.257802310157608350e+00 2.041075641961351828e+00 2.552444926556977300e+00 2.240503477244342179e+00
1.437148400404136384e+00 2.703750302469704714e+00 2.453744295726780322e+00 3.331540372782233753e+05 2.033346571880250586e+00 1.147073262684028983e+00 7.409671536618263053e+04 2.516191185875165992e+00 1.612198758580822614e+05 2.022353784877307881e+00 2.386894382883729460e+00 2.186719271275459064e+00 2.820232580214935059e+00 1.935576050778935908e+00 2.223899784411887293e+00 1.958858430904995451e+00 2.049028608845721244e+00 2.090399801921174028e+00 1.755380096845909232e+00 2.606440818977258989e+00 1.880078021519518305e+00 2.270246660695366181e+00 2.126200123741242010e+00 2.524610845028020467e+00 2.212895362088326934e+00
7.409593674517338513e+04 7.409678434240962088e+04 7.409688478688577015e+04 3.331542404845055426e+05 7.409671485038383980e+04 7.409671536618261598e+04 4.097404354681473342e+04 7.409692062296450604e+04 1.455285084731388488e+05 7.409662146962352563e+04 7.409692806517530698e+04 7.409676812059630174e+04 7.409671243701600179e+04 7.409623539124598028e+04 7.409676352492273145e+04 7.409640182772805565e+04 7.409654573001037352e+04 7.409662763684923993e+04 7.409611139878150425e+04 7.409684154837905953e+04 7.409623852196735970e+04 7.409689351819135481e+04 7.409671001114152023e+04 7.409690363615137176e+04 7.409680065714502416e+04
1.681810978620015273e+00 2.961588115044888614e+00 2.450729961937479828e+00 3.331540432618093910e+05 2.496033530354659025e+00 2.516191185875165992e+00 7.409692062296452059e+04 1.358540180090693106e+00 1.612199139137103630e+05 2.379314557964309795e+00 2.526584176631342604e+00 2.571807718604766535e+00 3.050625602876119391e+00 2.240772658050459221e+00 2.554407688506002749e+00 2.257263941082850778e+00 2.324086601639634875e+00 2.478064639040160611e+00 2.064962804831352639e+00 2.704763700628010081e+00 2.029926454170305039e+00 2.598589845603703541e+00 2.442169051887984832e+00 2.425724487045999744e+00 2.603947915892067755e+00
1.612191328045763948e+05 1.612200203618236701e+05 1.612199320425398182e+05 2.788853981708103674e+05 1.612198036778963578e+05 1.612198758580822323e+05 1.455285084731388488e+05 1.612199139137103339e+05 1.108426001923133299e+05 1.612195746978083043e+05 1.612199695854938182e+05 1.612198240284405183e+05 1.612200945667945780e+05 1.612194980237956916e+05 1.612198464985168248e+05 1.612195891616606386e+05 1.612196100115229783e+05 1.612196637166178843e+05 1.612192980422160472e+05 1.612199949302203313e+05 1.612192805783231743e+05 1.612199272379351896e+05 1.612196914082109288e+05 1.612199637224713806e+05 1.612199202960540133e+05
1.340500108922525691e+00 2.562785558441606160e+00 2.314914369409336370e+00 3.331538871547394083e+05 2.100221216739439178e+00 2.022353784877308325e+00 7.409662146962354018e+04 2.379314557964310239e+00 1.612195746978083043e+05 1.093343786748362412e+00 2.329229423223718509e+00 2.167455343993980765e+00 2.682212770570723048e+00 1.846502271523000838e+00 2.190285966048872712e+00 1.891656069823052233e+00 1.933996038069909940e+00 1.942587952600055567e+00 1.642645730311736330e+00 2.508852255988192947e+00 1.780381378052592556e+00 2.244460947385888527e+00 2.052153860150969233e+00 2.377475848703914707e+00 2.194410209130551070e+00
1.632799899726005144e+00 2.942202112483251142e+00 2.452796498147103765e+00 3.331540630791418953e+05 2.376070835678102622e+00 2.386894382883729460e+00 7.409692806517529243e+04 2.526584176631342604e+00 1.612199695854938182e+05 2.329229423223718509e+00 1.320688589127789525e+00 2.413139536641942140e+00 3.110795317523358694e+00 2.167540511509147727e+00 2.355136092998191710e+00 2.238447155548681788e+00 2.176035545098470969e+00 2.356157256895085705e+00 1.913837460197718832e+00 2.757042472745033113e+00 2.043250730417581096e+00 2.264903748504370817e+00 2.346465783095649460e+00 2.626686657067165420e+00 2.351983610152713844e+00
1.517231586932274556e+00 2.862990589583538803e+00 2.509253844585388471e+00 3.331540002744484227e+05 2.061685389059972451e+00 2.186719271275459509e+00 7.409676812059630174e+04 2.571807718604766535e+00 1.612198240284405183e+05 2.167455343993980765e+00 2.413139536641942140e+00 1.301941202323875002e+00 2.950382224539155995e+00 2.032753782524040709e+00 2.196124644220342148e+00 2.024997582371773852e+00 2.122501623837385498e+00 2.123280713342256210e+00 1.889360640174916783e+00 2.733230610502505709e+00 1.916746348681926504e+00 2.254235393168306345e+00 2.130490076746021533e+00 2.594938012954028039e+00 2.178619493012267316e+00
2.018171643527466141e+00 2.800009087131114072e+00 3.104579325790735034e+00 3.331543023575714906e+05 2.854579485888413259e+00 2.820232580214935059e+00 7.409671243701600179e+04 3.050625602876119391e+00 1.612200945667945780e+05 2.682212770570721716e+00 3.110795317523359138e+00 2.950382224539155995e+00 1.685364658389877368e+00 2.422875357796232532e+00 2.935200422484578020e+00 2.491416651316138875e+00 2.674998007119214538e+00 2.805960587109367133e+00 2.209989009873437382e+00 2.960104742902680108e+00 2.360311418567917485e+00 3.058612880930557498e+00 2.830749982200621240e+00 3.053049384156277579e+00 2.969187726690711404e+00
1.224209707618698184e+00 2.288211413071462363e+00 2.205243517698408429e+00 3.331537531497760792e+05 1.936858237490583390e+00 1.935576050778935908e+00 7.409623539124599483e+04 2.240772658050459221e+00 1.612194980237956916e+05 1.846502271523000838e+00 2.167540511509147727e+00 2.032753782524041153e+00 2.422875357796232532e+00 1.031034640171917927e+00 2.049342042764076499e+00 1.730350708991739594e+00 1.863535353515660242e+00 1.838780729271830339e+00 1.432680797468379064e+00 2.262467451755340697e+00 1.569898404362882749e+00 2.097939792505559620e+00 1.942478275861010628e+00 2.232694736166294103e+00 2.065251506640373158e+00
1.550730897003852915e+00 2.939724037426115988e+00 2.548500149838700768e+00 3.331539111292031594e+05 2.215691716911881048e+00 2.223899784411887293e+00 7.409676352492274600e+04 2.554407688506003193e+00 1.612198464985168539e+05 2.190285966048872712e+00 2.355136092998191710e+00 2.196124644220342148e+00 2.935200422484578020e+00 2.049342042764076499e+00 1.282824719377970490e+00 2.062473712939470794e+00 2.160782923176267634e+00 2.167156036602964519e+00 1.931006300642714280e+00 2.752850833634464589e+00 1.972791847320828129e+00 2.292551477793464798e+00 2.176998302994300527e+00 2.616966682792889021e+00 2.126793405885886390e+00
1.262754253292406315e+00 2.413147321518937183e+00 2.251214380653227209e+00 3.331538441093805013e+05 1.986622729115093300e+00 1.958858430904995451e+00 7.409640182772807020e+04 2.257263941082850778e+00 1.612195891616606968e+05 1.891656069823052233e+00 2.238447155548681788e+00 2.024997582371774296e+00 2.491416651316138875e+00 1.730350708991739594e+00 2.062473712939470794e+00 1.140822249394268573e+00 1.870242603143867921e+00 1.904035807883968978e+00 1.584558737485979085e+00 2.327652418605156814e+00 1.654047703516922763e+00 2.138109829773782611e+00 1.960034677441009343e+00 2.300561228818148507e+00 2.076817165820455724e+00
1.317791237476096278e+00 2.562663858165721731e+00 2.213017442282866565e+00 3.331538371168496669e+05 2.061682636785913569e+00 2.049028608845721244e+00 7.409654573001038807e+04 2.324086601639634875e+00 1.612196100115230074e+05 1.933996038069909940e+00 2.176035545098470969e+00 2.122501623837385498e+00 2.674998007119214538e+00 1.863535353515660242e+00 2.160782923176267634e+00 1.870242603143867921e+00 1.105703420169788620e+00 2.005379152204287863e+00 1.571040110410296231e+00 2.452920971120007287e+00 1.809640364822456826e+00 2.079458649279992688e+00 1.942423901520628826e+00 2.388298133372777965e+00 2.064801539548880349e+00
1.392675449631058271e+00 2.597804705567433370e+00 2.387671542532085578e+00 3.331539363415210973e+05 2.107535051410551308e+00 2.090399801921174028e+00 7.409662763684923993e+04 2.478064639040160611e+00 1.612196637166178843e+05 1.942587952600055567e+00 2.356157256895085261e+00 2.123280713342256210e+00 2.805960587109367577e+00 1.838780729271830339e+00 2.167156036602964075e+00 1.904035807883968978e+00 2.005379152204287863e+00 1.141659702433927448e+00 1.696098539662136195e+00 2.561044353628425085e+00 1.853724955554535203e+00 2.255160070663212668e+00 1.971002675914135915e+00 2.479986646606212819e+00 2.196816182706649467e+00
1.092793345657755877e+00 2.049081200739589104e+00 1.963047358561808453e+00 3.331535411339724669e+05 1.779185668782530705e+00 1.755380096845909232e+00 7.409611139878150425e+04 2.064962804831352639e+00 1.612192980422160181e+05 1.642645730311736330e+00 1.913837460197718832e+00 1.889360640174916561e+00 2.209989009873437382e+00 1.432680797468379064e+00 1.931006300642714502e+00 1.584558737485979085e+00 1.571040110410296231e+00 1.696098539662136195e+00 8.386325696985413858e-01 1.979979312646430012e+00 1.334678793734923374e+00 1.887394131858761037e+00 1.694059745560063668e+00 2.018295982197620297e+00 1.886627901502641036e+00
1.816909101574843532e+00 2.676742763872061115e+00 2.728327491556644446e+00 3.331542030973919318e+05 2.609050552450725036e+00 2.606440818977259433e+00 7.409684154837905953e+04 2.704763700628009637e+00 1.612199949302203022e+05 2.508852255988192503e+00 2.757042472745033113e+00 2.733230610502505709e+00 2.960104742902680108e+00 2.262467451755340697e+00 2.752850833634464589e+00 2.327652418605156814e+00 2.452920971120006399e+00 2.561044353628425085e+00 1.979979312646430012e+00 1.562427401623519563e+00 2.161947461990547215e+00 2.793352336666538260e+00 2.587501291578963691e+00 2.576787466442996166e+00 2.739053863642609166e+00
1.181751027118214115e+00 2.282108739473450498e+00 2.124663386638390161e+00 3.331535268583117286e+05 1.841856187506207165e+00 1.880078021519518305e+00 7.409623852196735970e+04 2.029926454170305039e+00 1.612192805783231452e+05 1.780381378052592112e+00 2.043250730417581096e+00 1.916746348681926504e+00 2.360311418567917485e+00 1.569898404362882749e+00 1.972791847320828129e+00 1.654047703516922763e+00 1.809640364822456826e+00 1.853724955554534759e+00 1.334678793734923374e+00 2.161947461990546770e+00 8.593903083132559129e-01 2.030411300583340406e+00 1.803453777789954415e+00 2.042394946894816599e+00 2.049470789226074174e+00
1.560306419534932987e+00 2.950948633363506435e+00 2.457899270031107974e+00 3.331541243784818798e+05 2.257802310157607906e+00 2.270246660695366181e+00 7.409689351819135481e+04 2.598589845603703541e+00 1.612199272379351896e+05 2.244460947385888527e+00 2.264903748504370817e+00 2.254235393168306345e+00 3.058612880930557498e+00 2.097939792505559620e+00 2.292551477793464798e+00 2.138109829773782611e+00 2.079458649279992688e+00 2.255160070663212668e+00 1.887394131858761037e+00 2.793352336666538260e+00 2.030411300583340406e+00 1.303045350990918561e+00 2.223504894691239908e+00 2.681233226813064530e+00 2.155876454826507693e+00
1.460888817881046409e+00 2.638945193699223868e+00 2.375075211436184830e+00 3.331538914601327851e+05 2.041075641961351828e+00 2.126200123741242010e+00 7.409671001114153478e+04 2.442169051887984832e+00 1.612196914082109288e+05 2.052153860150969233e+00 2.346465783095649904e+00 2.130490076746021533e+00 2.830749982200621240e+00 1.942478275861010406e+00 2.176998302994300527e+00 1.960034677441009343e+00 1.942423901520629048e+00 1.971002675914135693e+00 1.694059745560063668e+00 2.587501291578963691e+00 1.803453777789954415e+00 2.223504894691239908e+00 1.161315597386733067e+00 2.475725924465136174e+00 2.267506296243782860e+00
1.742390606237876893e+00 2.860595546457286087e+00 2.577724533946409213e+00 3.331541101468970301e+05 2.552444926556977745e+00 2.524610845028020467e+00 7.409690363615137176e+04 2.425724487045999744e+00 1.612199637224713806e+05 2.377475848703914707e+00 2.626686657067165420e+00 2.594938012954028039e+00 3.053049384156277135e+00 2.232694736166294103e+00 2.616966682792889021e+00 2.300561228818148951e+00 2.388298133372777965e+00 2.479986646606212819e+00 2.018295982197620297e+00 2.576787466442995722e+00 2.042394946894816599e+00 2.681233226813064530e+00 2.475725924465136174e+00 1.500536391536861691e+00 2.663490131497338709e+00
1.528701405633203558e+00 2.925705638622572380e+00 2.532547294910271862e+00 3.331541081934883259e+05 2.240503477244342179e+00 2.212895362088327378e+00 7.409680065714502416e+04 2.603947915892067755e+00 1.612199202960540133e+05 2.194410209130551070e+00 2.351983610152713844e+00 2.178619493012267316e+00 2.969187726690711404e+00 2.065251506640373158e+00 2.126793405885886834e+00 2.076817165820455724e+00 2.064801539548879905e+00 2.196816182706649467e+00 1.886627901502641036e+00 2.739053863642609166e+00 2.049470789226074174e+00 2.155876454826507693e+00 2.267506296243782860e+00 2.663490131497338709e+00 1.214180505977700886e+00
