2.945301886129017555e-01 9.996294165986970848e-01 1.250016107510649308e+05 1.784090909090909394e+00 1.406266075106534699e+05 1.034090909090909172e+00 2.500014659090908826e+05 1.909090909090909394e+00 1.773760330578512789e+00 2.034090909090909616e+00 1.132281623048668528e+00 8.920315795315804097e-01 6.720232892107885769e-01 6.944617126623407239e+04 2.500014487387611589e+05 1.784090909090909394e+00 1.065713734675884705e+00 2.034090909090909616e+00 1.626623376623377082e+00 1.498390813731723004e+00 1.590909090909091050e+00 1.955965909090909172e+00 1.457167832167832744e+00 2.012626262626262541e+00 2.500013750000000000e+05
9.996294165986970848e-01 2.300542140407425551e-01 1.250017055785119883e+05 1.889462809917355601e+00 1.406267317743521417e+05 1.126783590963139625e+00 2.500016294083071989e+05 1.979338842975207013e+00 1.659607438016529102e+00 2.250000000000000444e+00 1.528925619834711203e+00 9.238575328423717092e-01 1.274362050145158465e+00 6.944618055555586761e+04 2.500016294083071116e+05 1.862012987012987342e+00 1.223534111177170924e+00 2.250000000000000444e+00 1.615259740259740617e+00 1.573380100013622940e+00 1.735795454545454808e+00 1.899147727272727293e+00 1.399451012225983337e+00 2.159090909090909172e+00 2.500015277976705402e+05
1.250016107510649308e+05 1.250017055785119883e+05 7.439849055153834323e-01 1.250022503079362068e+05 1.562631512012373969e+04 1.250015577243334556e+05 1.250020712809917313e+05 1.250024154829541367e+05 1.250019123837805819e+05 1.250024268465904897e+05 1.250017758264458826e+05 1.250017344764606241e+05 1.250016898336034792e+05 5.555729955220058037e+04 1.250019421602511429e+05 1.250022677556814160e+05 1.250016654024682211e+05 1.250024279764975217e+05 1.250022580154216703e+05 1.250022008167609602e+05 1.250022223011359456e+05 1.250023027079838648e+05 1.250022223011359456e+05 1.250021757926503924e+05 1.250014215784215776e+05
1.784090909090909394e+00 1.889462809917355823e+00 1.250022503079362068e+05 5.859222156044285867e-01 1.406273500685737235e+05 1.096786833855800003e+00 2.500023409090908826e+05 1.305555555555555802e+00 1.441444863223590112e+00 2.166083916083916261e+00 1.496150314332133080e+00 1.875000000000000222e+00 1.635513524936602403e+00 6.944665494228024909e+04 2.500023312937062001e+05 1.535481139392852912e+00 1.294154763505725780e+00 2.298016436688311348e+00 1.825239664181971699e+00 1.727392690351606808e+00 1.723776223776223970e+00 1.836687884764808265e+00 1.784090909090909394e+00 1.916849547057880798e+00 2.500021250000000000e+05
1.406266075106534699e+05 1.406267317743521417e+05 1.562631512012373787e+04 1.406273500685737235e+05 2.734406439971025611e+04 1.406267921930737793e+05 1.093768376977615262e+05 1.406276341594828118e+05 1.406269864322100766e+05 1.406277435344828118e+05 1.406268480113636761e+05 1.406267678571429278e+05 1.406266802455357683e+05 7.118232882880404941e+04 1.093767793402118841e+05 1.406272591594828118e+05 1.406268016279759759e+05 1.406277435344828118e+05 1.406273960925556894e+05 1.406273568157328118e+05 1.406273841594828118e+05 1.406275697063578118e+05 1.406272991416468867e+05 1.406274963753919001e+05 1.093762754330612515e+05
1.034090909090909172e+00 1.126783590963139625e+00 1.250015577243334556e+05 1.096786833855800003e+00 1.406267921930737793e+05 2.972651605231939678e-02 2.500021077586206957e+05 1.017241379310345639e+00 1.301332288401254367e+00 1.267241379310345639e+00 7.095959595959597799e-01 1.125000000000000222e+00 9.843750000000001110e-01 6.944574243979233142e+04 2.500020713575216942e+05 1.142241379310345417e+00 2.036034621591257532e-01 1.267241379310345639e+00 1.106527093596059608e+00 1.044027093596059830e+00 1.124384236453203068e+00 1.017241379310345639e+00 1.017241379310345417e+00 1.092998955067921552e+00 2.500017668495297548e+05
2.500014659090908826e+05 2.500016294083071989e+05 1.250020712809917313e+05 2.500023409090908826e+05 1.093768376977614971e+05 2.500021077586206957e+05 2.201500233236455550e-01 2.500026249999999709e+05 2.500019772727272648e+05 2.500030000000000000e+05 2.500018636363636178e+05 2.500014038461538439e+05 2.500016213942307513e+05 1.805579553571425204e+05 5.207191500945215212e-01 2.500022500000000000e+05 2.500020076970443479e+05 2.500028928571428696e+05 2.500023214285714203e+05 2.500023385989010858e+05 2.500022678571428696e+05 2.500026718750000000e+05 2.500022980769230635e+05 2.500027840909090883e+05 1.307200741811695766e+00
1.909090909090909394e+00 1.979338842975207235e+00 1.250024154829541367e+05 1.305555555555555802e+00 1.406276341594828118e+05 1.017241379310345639e+00 2.500026249999999709e+05 1.007753461542240936e-01 1.888946280991735893e+00 2.135868757431628850e+00 1.459595959595960002e+00 2.000000000000000444e+00 1.671016483516484241e+00 6.944663302669583936e+04 2.500026153846152883e+05 2.011363636363636687e+00 1.206473214285714857e+00 2.230242768595041447e+00 1.808697804870516013e+00 1.917656936350861541e+00 1.761363636363636687e+00 1.291958041958042092e+00 1.875000000000000000e+00 1.856601731601732030e+00 2.500024090909090883e+05
1.773760330578512789e+00 1.659607438016529102e+00 1.250019123837805819e+05 1.441444863223590112e+00 1.406269864322100766e+05 1.301332288401254367e+00 2.500019772727272648e+05 1.888946280991735893e+00 5.471951435225677063e-01 2.471590909090909616e+00 1.703914141414141881e+00 1.715909090909091050e+00 1.746347402597402843e+00 6.944628602994258108e+04 2.500019676573425822e+05 1.741321178821178872e+00 1.500179507992009054e+00 2.330965909090908728e+00 2.092126623376623584e+00 1.947724150849150737e+00 1.884120635606961747e+00 2.022727272727272485e+00 2.079545454545454586e+00 2.158459595959596911e+00 2.500017613636363531e+05
2.034090909090909172e+00 2.250000000000000888e+00 1.250024268465904897e+05 2.166083916083916261e+00 1.406277435344828118e+05 1.267241379310345639e+00 2.500030000000000000e+05 2.135868757431628850e+00 2.471590909090909616e+00 1.824999071046372601e-01 1.733585858585858785e+00 2.180555555555555802e+00 1.878605769230770273e+00 6.944620337301617838e+04 2.500029635989009985e+05 2.375000000000000000e+00 1.456473214285714635e+00 1.002904322240259605e+00 1.994792959715670166e+00 2.112710018921699628e+00 1.982142857142857872e+00 2.090144230769230838e+00 1.875000000000000000e+00 2.008838383838383645e+00 2.500026590909090883e+05
1.132281623048668528e+00 1.528925619834711203e+00 1.250017758264458826e+05 1.496150314332133080e+00 1.406268480113636761e+05 7.095959595959597799e-01 2.500018636363636178e+05 1.459595959595960002e+00 1.703914141414141881e+00 1.733585858585858785e+00 2.216967231740409883e-01 1.280022446689113469e+00 6.774866924428469828e-01 6.944618481826846255e+04 2.500018636363635596e+05 1.448107448107448070e+00 6.405368324122034940e-01 1.626443001443001579e+00 1.215909090909091050e+00 1.317803645218418085e+00 1.170454545454545636e+00 1.584595959595960002e+00 1.170454545454545636e+00 1.501351902867054777e+00 2.500017727272727061e+05
8.920315795315804097e-01 9.238575328423717092e-01 1.250017344764606241e+05 1.875000000000000222e+00 1.406267678571429278e+05 1.125000000000000222e+00 2.500014038461538439e+05 2.000000000000000444e+00 1.715909090909091050e+00 2.180555555555555802e+00 1.280022446689113469e+00 2.229580845748916629e-01 1.152796359343174926e+00 6.944613374748078058e+04 2.500014016762769606e+05 1.875000000000000222e+00 1.149916432090078100e+00 2.180555555555555802e+00 1.730158730158730229e+00 1.648834872392564765e+00 1.598763463718820832e+00 2.046875000000000444e+00 1.343486819448358238e+00 2.128226711560045281e+00 2.500013644480519288e+05
6.720232892107885769e-01 1.274362050145158465e+00 1.250016898336034792e+05 1.635513524936602403e+00 1.406266802455357683e+05 9.843750000000001110e-01 2.500016213942307513e+05 1.671016483516484241e+00 1.746347402597402843e+00 1.878605769230770273e+00 6.774866924428469828e-01 1.152796359343174926e+00 2.256422722105649870e-01 6.944620040038974548e+04 2.500016171337247069e+05 1.582213802680836334e+00 9.740662913333545392e-01 1.794422095761382119e+00 1.401883830455259883e+00 1.438669846636880578e+00 1.394230769230770051e+00 1.810246394230770273e+00 1.382396449704142549e+00 1.758926837051837611e+00 2.500015229301948275e+05
6.944617126623410149e+04 6.944618055555586761e+04 5.555729955220058037e+04 6.944665494228026364e+04 7.118232882880404941e+04 6.944574243979233142e+04 1.805579553571425204e+05 6.944663302669585391e+04 6.944628602994259563e+04 6.944620337301619293e+04 6.944618481826847710e+04 6.944613374748079514e+04 6.944620040038977459e+04 6.172871546603443858e+04 1.805578843912917364e+05 6.944678075396857457e+04 6.944591993542393902e+04 6.944617548126509064e+04 6.944657905265092268e+04 6.944657277494361915e+04 6.944662443310688832e+04 6.944665575396857457e+04 6.944653336620675691e+04 6.944637811648259230e+04 1.805576144480516377e+05
2.500014487387611589e+05 2.500016294083071116e+05 1.250019421602511429e+05 2.500023312937062001e+05 1.093767793402118841e+05 2.500020713575216942e+05 5.207191500945215212e-01 2.500026153846152883e+05 2.500019676573425822e+05 2.500029635989009985e+05 2.500018636363635596e+05 2.500014016762769606e+05 2.500016171337247069e+05 1.805578843912917364e+05 2.821928567217509842e-01 2.500022403846153175e+05 2.500019720355903264e+05 2.500028794152275659e+05 2.500023309458397853e+05 2.500023354629573296e+05 2.500022812009418558e+05 2.500026622596153175e+05 2.500022943786981632e+05 2.500027744755244057e+05 1.417840969639424298e+00
1.784090909090909394e+00 1.862012987012987342e+00 1.250022677556814160e+05 1.535481139392852912e+00 1.406272591594828118e+05 1.142241379310345417e+00 2.500022500000000000e+05 2.011363636363636687e+00 1.741321178821178872e+00 2.375000000000000000e+00 1.448107448107448070e+00 1.875000000000000222e+00 1.582213802680836334e+00 6.944678075396856002e+04 2.500022403846153175e+05 3.234510698907182014e-01 1.332212859256129089e+00 2.191326530612244916e+00 1.600296589557885785e+00 1.759938035865234118e+00 1.865384615384615863e+00 1.808035714285714413e+00 1.875000000000000000e+00 1.652119306733865978e+00 2.500020340909090883e+05
1.065713734675884705e+00 1.223534111177170924e+00 1.250016654024682211e+05 1.294154763505726224e+00 1.406268016279759759e+05 2.036034621591257254e-01 2.500020076970443479e+05 1.206473214285714857e+00 1.500179507992009054e+00 1.456473214285715079e+00 6.405368324122034940e-01 1.149916432090078100e+00 9.740662913333545392e-01 6.944591993542393902e+04 2.500019720355903264e+05 1.332212859256129089e+00 1.713073004925319553e-01 1.456473214285714635e+00 1.202806122448979442e+00 1.149463887117347261e+00 1.209183673469387932e+00 1.206473214285714857e+00 1.125000000000000222e+00 1.282230790043290769e+00 2.500016764033380605e+05
2.034090909090909172e+00 2.250000000000000888e+00 1.250024279764975217e+05 2.298016436688311348e+00 1.406277435344828118e+05 1.267241379310345639e+00 2.500028928571428696e+05 2.230242768595041447e+00 2.330965909090908728e+00 1.002904322240259605e+00 1.626443001443001801e+00 2.180555555555555802e+00 1.794422095761382119e+00 6.944617548126507609e+04 2.500028794152275659e+05 2.191326530612244916e+00 1.456473214285714635e+00 3.454483121898121456e-01 2.055729984301413626e+00 2.080152421901024784e+00 1.890306122448980108e+00 2.142857142857143238e+00 1.778846153846153522e+00 1.886215471036899238e+00 2.500026590909090883e+05
1.626623376623377082e+00 1.615259740259740617e+00 1.250022580154216703e+05 1.825239664181971699e+00 1.406273960925556894e+05 1.106527093596059608e+00 2.500023214285714203e+05 1.808697804870516013e+00 2.092126623376623584e+00 1.994792959715670388e+00 1.215909090909091272e+00 1.730158730158730451e+00 1.401883830455259883e+00 6.944657905265092268e+04 2.500023309458397853e+05 1.600296589557885785e+00 1.202806122448979664e+00 2.055729984301413626e+00 4.148424239330010255e-01 1.393971154731755702e+00 1.459183673469387932e+00 1.724967640532544921e+00 1.547795153564385018e+00 1.824211502782931316e+00 2.500021948051947984e+05
1.498390813731723004e+00 1.573380100013622940e+00 1.250022008167609602e+05 1.727392690351606808e+00 1.406273568157328118e+05 1.044027093596059830e+00 2.500023385989010858e+05 1.917656936350861541e+00 1.947724150849150737e+00 2.112710018921700073e+00 1.317803645218418085e+00 1.648834872392564765e+00 1.438669846636880578e+00 6.944657277494361915e+04 2.500023354629573296e+05 1.759938035865234118e+00 1.149463887117347261e+00 2.080152421901024784e+00 1.393971154731755702e+00 4.347718603247462399e-01 1.002219738966390716e+00 1.536196225649350655e+00 1.216385377443069515e+00 2.000114784205693663e+00 2.500021590909091174e+05
1.590909090909091050e+00 1.735795454545455030e+00 1.250022223011359456e+05 1.723776223776223970e+00 1.406273841594828118e+05 1.124384236453203068e+00 2.500022678571428696e+05 1.761363636363636687e+00 1.884120635606961747e+00 1.982142857142857872e+00 1.170454545454545636e+00 1.598763463718821054e+00 1.394230769230770051e+00 6.944662443310688832e+04 2.500022812009418558e+05 1.865384615384615863e+00 1.209183673469387932e+00 1.890306122448980108e+00 1.459183673469387932e+00 1.002219738966390716e+00 1.515887145025960892e-01 1.796875000000000222e+00 8.857886904761905766e-01 1.938131313131313593e+00 2.500021590909091174e+05
1.955965909090909394e+00 1.899147727272727515e+00 1.250023027079838648e+05 1.836687884764808265e+00 1.406275697063578118e+05 1.017241379310345639e+00 2.500026718750000000e+05 1.291958041958042092e+00 2.022727272727272485e+00 2.090144230769230838e+00 1.584595959595960002e+00 2.046875000000000444e+00 1.810246394230770273e+00 6.944665575396856002e+04 2.500026622596153175e+05 1.808035714285714413e+00 1.206473214285714857e+00 2.142857142857143238e+00 1.724967640532544477e+00 1.536196225649350655e+00 1.796875000000000222e+00 2.121434906845187929e-01 1.921875000000000222e+00 1.949276558261398229e+00 2.500024559659090883e+05
1.457167832167832744e+00 1.399451012225983337e+00 1.250022223011359456e+05 1.784090909090909394e+00 1.406272991416469158e+05 1.017241379310345639e+00 2.500022980769230635e+05 1.875000000000000222e+00 2.079545454545454586e+00 1.875000000000000222e+00 1.170454545454545636e+00 1.343486819448358238e+00 1.382396449704142549e+00 6.944653336620675691e+04 2.500022943786981632e+05 1.875000000000000222e+00 1.125000000000000222e+00 1.778846153846153522e+00 1.547795153564385018e+00 1.216385377443069515e+00 8.857886904761905766e-01 1.921875000000000222e+00 3.210119758185258076e-01 1.909935162164650979e+00 2.500020806129067205e+05
2.012626262626262541e+00 2.159090909090909616e+00 1.250021757926503924e+05 1.916849547057880798e+00 1.406274963753919001e+05 1.092998955067921552e+00 2.500027840909090883e+05 1.856601731601732030e+00 2.158459595959596466e+00 2.008838383838383645e+00 1.501351902867054777e+00 2.128226711560045281e+00 1.758926837051837611e+00 6.944637811648259230e+04 2.500027744755244057e+05 1.652119306733865978e+00 1.282230790043290769e+00 1.886215471036899238e+00 1.824211502782931316e+00 2.000114784205693663e+00 1.938131313131313593e+00 1.949276558261398229e+00 1.909935162164650979e+00 5.567685221847455956e-01 2.500025681818181765e+05
2.500013750000000000e+05 2.500015277976705402e+05 1.250014215784215776e+05 2.500021250000000000e+05 1.093762754330612515e+05 2.500017668495297548e+05 1.307200741811695766e+00 2.500024090909090883e+05 2.500017613636363531e+05 2.500026590909090883e+05 2.500017727272727061e+05 2.500013644480519288e+05 2.500015229301948275e+05 1.805576144480516377e+05 1.417840969639424298e+00 2.500020340909090883e+05 2.500016764033380605e+05 2.500026590909091465e+05 2.500021948051947984e+05 2.500021590909091174e+05 2.500021590909091174e+05 2.500024559659090883e+05 2.500020806129067205e+05 2.500025681818181765e+05 1.708709623529642563e-01
