3.417638329679432900e+03 7.761529777386126625e+03 3.632180556866506959e+04 2.570651764750495204e+04 2.270758584170461399e+05 7.761147661699807941e+03 3.550479669528042432e+05 4.860617956680563111e+03 2.826751981298772153e+05 7.730728496382654703e+04 1.175158305537014530e+05 4.405103537964182324e+05 7.761430018393572936e+03 1.815212480014718603e+05 3.824496920464773666e+03 2.193353336365336872e+04 1.511923701691793976e+05 7.160856041336037379e+03 3.287254001347922895e+04 1.677473262367793359e+04 7.761577814715924433e+03 7.761555632471689023e+03 3.824507966078409481e+03 9.233408834476000629e+04 5.523370585554579156e+04
7.761529777386126625e+03 6.339943275031677539e-01 4.014444267908424808e+04 2.952930252553082391e+04 2.270755297680141521e+05 9.595705305921883310e-01 3.550477607643368538e+05 2.902440945863580055e+03 2.826748830014290288e+05 7.850519136702288233e+04 1.175154635434260417e+05 4.405101741145469132e+05 1.061611899489952382e+00 1.815209075047835940e+05 3.938587631803191016e+03 2.575628701262431787e+04 1.511919855705385853e+05 1.181267850951563196e+04 3.669528572155893926e+04 2.059761542666145033e+04 1.319078630874415792e+00 1.212504507311736868e+00 3.938577037337408456e+03 9.280262618756156007e+04 5.643170179173946963e+04
3.632180556866506959e+04 4.014444267908424808e+04 3.667225746832237746e+03 2.031708019793542553e+04 2.192019820992544992e+05 4.014412363037773321e+04 3.464107140136589296e+05 4.014465397447293799e+04 2.748012948508576374e+05 5.909860347527646809e+04 1.096418359755743004e+05 4.305644016849697800e+05 4.014436368883265095e+04 1.736473414723970636e+05 4.014470693177661451e+04 2.362648880730530436e+04 1.433183954715702275e+05 3.227061806583372891e+04 1.315104222799212948e+04 2.720884592186934606e+04 4.014459786217085639e+04 4.014451977845464717e+04 4.014468411499002104e+04 8.001383187690630439e+04 3.141691093028053001e+04
2.570651764750495204e+04 2.952930252553081300e+04 2.031708019793542553e+04 2.594482773035521404e+03 2.251075083534819714e+05 2.952892322685802719e+04 3.530795842123036273e+05 2.952948714585424750e+04 2.807068375309877447e+05 6.866300799724475655e+04 1.155473724242679455e+05 4.385419952120396774e+05 2.952918726365566908e+04 1.795528482919122034e+05 2.952947438498353949e+04 1.040191407187755431e+04 1.492238547999311704e+05 2.165537967976400978e+04 1.076230178021047504e+04 1.659345659291787160e+04 2.952939409213351246e+04 2.952931871778937057e+04 2.952949424336292577e+04 8.591929259973806620e+04 4.658944565066507494e+04
2.270758584170461399e+05 2.270755297680141230e+05 2.192019820992544992e+05 2.251075083534819714e+05 5.031254984500043793e+04 2.270754417880208348e+05 2.652440111326331389e+05 2.270757393651471066e+05 1.588176613409682468e+05 2.070064288690631511e+05 1.741444059746387356e+05 3.562884697761804564e+05 2.270755087274339458e+05 1.205192516349580255e+05 2.270758197211841471e+05 2.270759570631540846e+05 1.537872074578354950e+05 2.270758469198935782e+05 2.217073862804214587e+05 2.270759732637701673e+05 2.270756514328100602e+05 2.270756117695579596e+05 2.270757849434925884e+05 1.988078453536382003e+05 2.137886029002823925e+05
7.761147661699807941e+03 9.595705305921882200e-01 4.014412363037774048e+04 2.952892322685802719e+04 2.270754417880208348e+05 3.987153063609713555e-01 3.550476380184892914e+05 2.902185918630201741e+03 2.826748231036142097e+05 7.850491010399290826e+04 1.175152323494051234e+05 4.405100985853059683e+05 8.068052397306191281e-01 1.815207708154494176e+05 3.938287587940421872e+03 2.575594798817025730e+04 1.511918235758226365e+05 1.181230081868551315e+04 3.669491507232231379e+04 2.059724508518056609e+04 1.147249090532965310e+00 1.053126291218411392e+00 3.938284674887529945e+03 9.280231623070621572e+04 5.643137553449893312e+04
3.550479669528042432e+05 3.550477607643369120e+05 3.464107140136589878e+05 3.530795842123036273e+05 2.652440111326331389e+05 3.550476380184892914e+05 1.067792321123016591e+05 3.550478760730959475e+05 2.030784597552362538e+05 3.353631206805365509e+05 3.085235486068372265e+05 2.517970736770379008e+05 3.550476928257037071e+05 2.825518081420761882e+05 3.550479614962603082e+05 3.550480998516035033e+05 3.002197757037746487e+05 3.550479951926399954e+05 3.496794160254372982e+05 3.550480162985535571e+05 3.550478349673679913e+05 3.550477921777068404e+05 3.550479442672502482e+05 3.252393834112029872e+05 3.406919663450050866e+05
4.860617956680564021e+03 2.902440945863579600e+03 4.014465397447293799e+04 2.952948714585425114e+04 2.270757393651471066e+05 2.902185918630201741e+03 3.550478760730959475e+05 1.527544159200054992e+03 2.826750653747264296e+05 7.850545880950450373e+04 1.175157304510978720e+05 4.405102501148108277e+05 2.902377131338678282e+03 1.815211521705860796e+05 1.037534537202378715e+03 2.575639487853098035e+04 1.511922484338124050e+05 1.120202038550184079e+04 3.669544512689109251e+04 2.059771370256899536e+04 2.902356036841330933e+03 2.902407679160608041e+03 1.037510112193324858e+03 9.280286577029986074e+04 5.643190799554488331e+04
2.826751981298772153e+05 2.826748830014289706e+05 2.748012948508576374e+05 2.807068375309877447e+05 1.588176613409682759e+05 2.826748231036142097e+05 2.030784597552362538e+05 2.826750653747264296e+05 8.331059900078516512e+04 2.643026661073609721e+05 2.364113468224214739e+05 3.109533680088688852e+05 2.826748693024195381e+05 1.983251231851102784e+05 2.826751585819569882e+05 2.826752900439358782e+05 2.220136544825965830e+05 2.826752069792285329e+05 2.773066005716610816e+05 2.826752587349484093e+05 2.826749696187688969e+05 2.826749284026140813e+05 2.826751270547444583e+05 2.548239948810956557e+05 2.693879278164309799e+05
7.730728496382654703e+04 7.850519136702288233e+04 5.909860347527646809e+04 6.866300799724475655e+04 2.070064288690631511e+05 7.850491010399290826e+04 3.353631206805365509e+05 7.850545880950448918e+04 2.643026661073609721e+05 2.120008354156153655e+04 7.688235662941685587e+04 4.201408271270303521e+05 7.850511355324588658e+04 1.631486315276355599e+05 7.850549962863595283e+04 7.054781052711480879e+04 1.197038820514805848e+05 7.456853254064758949e+04 6.411675898918088205e+04 7.344365511887356115e+04 7.850538092288767803e+04 7.850529442497846321e+04 7.850549313938542036e+04 4.154344150611262012e+04 3.681091716568263655e+04
1.175158305537014530e+05 1.175154635434260417e+05 1.096418359755742713e+05 1.155473724242679455e+05 1.741444059746387356e+05 1.175152323494051234e+05 3.085235486068371683e+05 1.175157304510978720e+05 2.364113468224214157e+05 7.688235662941685587e+04 3.111268636007548048e+04 3.948881704202534165e+05 1.175153832107395137e+05 1.231619745595254644e+05 1.175157814256014826e+05 1.175158542988983827e+05 7.548743718182361044e+04 1.175157791811359639e+05 1.121472156021566188e+05 1.175158607523179380e+05 1.175156493103496177e+05 1.175155824451070221e+05 1.175157429764526169e+05 6.142014485657737532e+04 9.365014752172176668e+04
4.405103537964182324e+05 4.405101741145469132e+05 4.305644016849697800e+05 4.385419952120396774e+05 3.562884697761804564e+05 4.405100985853059683e+05 2.517970736770379008e+05 4.405102501148107112e+05 3.109533680088688852e+05 4.201408271270303521e+05 3.948881704202534165e+05 1.198733429536135081e+05 4.405101603647922748e+05 3.713813185807009577e+05 4.405103132129965234e+05 4.405104656886014272e+05 3.886227197638729122e+05 4.405103659535897896e+05 4.351417737394236028e+05 4.405104109069831320e+05 4.405102550371765974e+05 4.405102085998676484e+05 4.405103191821899381e+05 4.067648320702275378e+05 4.243221838469916838e+05
7.761430018393572936e+03 1.061611899489952382e+00 4.014436368883265095e+04 2.952918726365566908e+04 2.270755087274339749e+05 8.068052397306191281e-01 3.550476928257037071e+05 2.902377131338678282e+03 2.826748693024195381e+05 7.850511355324588658e+04 1.175153832107395137e+05 4.405101603647923330e+05 5.906153046969355724e-01 1.815208677442864282e+05 3.938532002865489176e+03 2.575621450394683779e+04 1.511919071230750706e+05 1.181257541550424139e+04 3.669517443099788215e+04 2.059751205628089519e+04 1.329431626671980782e+00 1.216560986903057806e+00 3.938513866381797925e+03 9.280252563710921095e+04 5.643154380375272012e+04
1.815212480014718603e+05 1.815209075047835358e+05 1.736473414723970927e+05 1.795528482919122034e+05 1.205192516349580255e+05 1.815207708154494467e+05 2.825518081420761882e+05 1.815211521705861087e+05 1.983251231851102784e+05 1.631486315276355599e+05 1.231619745595254353e+05 3.713813185807009577e+05 1.815208677442864282e+05 4.351699208121332049e+04 1.815211948850793124e+05 1.815213434377132508e+05 8.918391442194092087e+04 1.815212900071755867e+05 1.761527539512455987e+05 1.815213197846368712e+05 1.815210424593354983e+05 1.815209695938953955e+05 1.815212266711187549e+05 1.493161159594599449e+05 1.682339639940244670e+05
3.824496920464773666e+03 3.938587631803191016e+03 4.014470693177661451e+04 2.952947438498353222e+04 2.270758197211841762e+05 3.938287587940421872e+03 3.550479614962603082e+05 1.037534537202378942e+03 2.826751585819569882e+05 7.850549962863596738e+04 1.175157814256014826e+05 4.405103132129965234e+05 3.938532002865489176e+03 1.815211948850793124e+05 7.059367125996092174e-01 2.575644551746284196e+04 1.511922573719445500e+05 1.098399740973596818e+04 3.669552727055855939e+04 2.059773122725415305e+04 3.938619679723994523e+03 3.938599291257905406e+03 1.398726229575478097e+00 9.280289341347104346e+04 5.643201257086170517e+04
2.193353336365336509e+04 2.575628701262431787e+04 2.362648880730530436e+04 1.040191407187755431e+04 2.270759570631540846e+05 2.575594798817025730e+04 3.550480998516035033e+05 2.575639487853098035e+04 2.826752900439358782e+05 7.054781052711482334e+04 1.175158542988983827e+05 4.405104656886014272e+05 2.575621450394683779e+04 1.815213434377132508e+05 2.575644551746284196e+04 4.932928718998134173e+03 1.511923820649090922e+05 1.526488085838279221e+04 1.819322524456387691e+04 6.955502033033916632e+03 2.575636488609856679e+04 2.575632017068665664e+04 2.575637407101007921e+04 8.784827647239183716e+04 4.851841348728322919e+04
1.511923701691793976e+05 1.511919855705385853e+05 1.433183954715702275e+05 1.492238547999311704e+05 1.537872074578354950e+05 1.511918235758226365e+05 3.002197757037746487e+05 1.511922484338124050e+05 2.220136544825964957e+05 1.197038820514805993e+05 7.548743718182362500e+04 3.886227197638729122e+05 1.511919071230750706e+05 8.918391442194092087e+04 1.511922573719445500e+05 1.511923820649090922e+05 2.867935834641951806e+04 1.511923710666788102e+05 1.458238102629305213e+05 1.511923593798022775e+05 1.511921528910717170e+05 1.511921028295718133e+05 1.511923309644729015e+05 1.134358690498424985e+05 1.288810357145716698e+05
7.160856041336037379e+03 1.181267850951563014e+04 3.227061806583372891e+04 2.165537967976400978e+04 2.270758469198935782e+05 1.181230081868551315e+04 3.550479951926399954e+05 1.120202038550184079e+04 2.826752069792285329e+05 7.456853254064758949e+04 1.175157791811359639e+05 4.405103659535897314e+05 1.181257541550423775e+04 1.815212900071755867e+05 1.098399740973596818e+04 1.526488085838279221e+04 1.511923710666788102e+05 1.309414773642737828e+03 2.882142162736053069e+04 9.615353793519774626e+03 1.181273637226881874e+04 1.181270284808562792e+04 1.098388416768927891e+04 9.126235999357950641e+04 5.249499217263349419e+04
3.287254001347923622e+04 3.669528572155894653e+04 1.315104222799212948e+04 1.076230178021047504e+04 2.217073862804214587e+05 3.669491507232231379e+04 3.496794160254372982e+05 3.669544512689109251e+04 2.773066005716610234e+05 6.411675898918088205e+04 1.121472156021566188e+05 4.351417737394236610e+05 3.669517443099788215e+04 1.761527539512455987e+05 3.669552727055856667e+04 1.819322524456387691e+04 1.458238102629305213e+05 2.882142162736053069e+04 2.150293047532246874e+03 2.375957531330097481e+04 3.669542255760868284e+04 3.669534987157818250e+04 3.669550143832604226e+04 8.251919139680611261e+04 3.942339938379106025e+04
1.677473262367793359e+04 2.059761542666145033e+04 2.720884592186934606e+04 1.659345659291787160e+04 2.270759732637701673e+05 2.059724508518056246e+04 3.550480162985535571e+05 2.059771370256899536e+04 2.826752587349484093e+05 7.344365511887356115e+04 1.175158607523179380e+05 4.405104109069831320e+05 2.059751205628089519e+04 1.815213197846368712e+05 2.059773122725415305e+04 6.955502033033914813e+03 1.511923593798022775e+05 9.615353793519774626e+03 2.375957531330096754e+04 2.012379831820898289e+03 2.059768445366595188e+04 2.059765724757955832e+04 2.059775234428814656e+04 9.029818484365240147e+04 5.137007980698133179e+04
7.761577814715924433e+03 1.319078630874415792e+00 4.014459786217085639e+04 2.952939409213351246e+04 2.270756514328100602e+05 1.147249090532965310e+00 3.550478349673679913e+05 2.902356036841330933e+03 2.826749696187688969e+05 7.850538092288767803e+04 1.175156493103496177e+05 4.405102550371765974e+05 1.329431626671980782e+00 1.815210424593354983e+05 3.938619679723994523e+03 2.575636488609856679e+04 1.511921528910717170e+05 1.181273637226881874e+04 3.669542255760868284e+04 2.059768445366595188e+04 6.904780096039206949e-01 1.320351597754786166e+00 3.938565721979068257e+03 9.280281899247536785e+04 5.643184311140988575e+04
7.761555632471689023e+03 1.212504507311736868e+00 4.014451977845464717e+04 2.952931871778937057e+04 2.270756117695579596e+05 1.053126291218411392e+00 3.550477921777068404e+05 2.902407679160608495e+03 2.826749284026140813e+05 7.850529442497846321e+04 1.175155824451070221e+05 4.405102085998677067e+05 1.216560986903057584e+00 1.815209695938953955e+05 3.938599291257905406e+03 2.575632017068665664e+04 1.511921028295718133e+05 1.181270284808562974e+04 3.669534987157818250e+04 2.059765724757955832e+04 1.320351597754786166e+00 6.306715108254867808e-01 3.938587650288586701e+03 9.280273337151286250e+04 5.643177726334671752e+04
3.824507966078409936e+03 3.938577037337408456e+03 4.014468411499002104e+04 2.952949424336292941e+04 2.270757849434925884e+05 3.938284674887529945e+03 3.550479442672502482e+05 1.037510112193324858e+03 2.826751270547444583e+05 7.850549313938542036e+04 1.175157429764525878e+05 4.405103191821900546e+05 3.938513866381797925e+03 1.815212266711187549e+05 1.398726229575478097e+00 2.575637407101007921e+04 1.511923309644729015e+05 1.098388416768927891e+04 3.669550143832604226e+04 2.059775234428815020e+04 3.938565721979068257e+03 3.938587650288586701e+03 7.090304227513322122e-01 9.280292785435532278e+04 5.643197101648690295e+04
9.233408834476000629e+04 9.280262618756156007e+04 8.001383187690631894e+04 8.591929259973806620e+04 1.988078453536382003e+05 9.280231623070621572e+04 3.252393834112029872e+05 9.280286577029986074e+04 2.548239948810956557e+05 4.154344150611262012e+04 6.142014485657737532e+04 4.067648320702275378e+05 9.280252563710921095e+04 1.493161159594599449e+05 9.280289341347104346e+04 8.784827647239183716e+04 1.134358690498424985e+05 9.126235999357950641e+04 8.251919139680611261e+04 9.029818484365240147e+04 9.280281899247539695e+04 9.280273337151286250e+04 9.280292785435535188e+04 1.466566943556706792e+04 5.987415526671754924e+04
5.523370585554579156e+04 5.643170179173946963e+04 3.141691093028052637e+04 4.658944565066506766e+04 2.137886029002823634e+05 5.643137553449893312e+04 3.406919663450050284e+05 5.643190799554488331e+04 2.693879278164309799e+05 3.681091716568263655e+04 9.365014752172176668e+04 4.243221838469916838e+05 5.643154380375270557e+04 1.682339639940244670e+05 5.643201257086170517e+04 4.851841348728322919e+04 1.288810357145716844e+05 5.249499217263349419e+04 3.942339938379106025e+04 5.137007980698133179e+04 5.643184311140988575e+04 5.643177726334673207e+04 5.643197101648690295e+04 5.987415526671755651e+04 1.147566627165314276e+04
