3.050798745806881374e-01 1.712662337662337997e+00 1.927353896103894959e+00 1.769230769230768940e+00 1.250026590909090592e+05 1.057714360081876512e+05 1.540269254554967659e+00 2.142857142857142794e+00 2.119047619047619069e+00 2.344493169168495594e+00 1.250025992227469251e+05 1.293706293706293531e+00 1.846726190476190910e+00 1.803822124844852270e+00 2.125000000000000000e+00 1.844643992371265195e+00 2.003621378621377680e+00 1.250025340909090592e+05 1.785714285714286031e+00 1.741865457774548931e+00 2.101190476190476719e+00 1.961522108843537726e+00 1.279153138528138944e+00 1.782342657342657732e+00 2.166847909035408914e+00
1.712662337662337997e+00 1.188704648526076185e-01 1.803571428571429047e+00 1.341575091575091916e+00 1.250013080357143044e+05 1.057707243671501783e+05 1.803571428571428825e+00 1.351190476190476497e+00 1.172619047619047894e+00 1.815489074417645510e+00 1.250013349389945652e+05 7.701465201465202970e-01 1.230805342970521687e+00 1.128259637188208986e+00 1.180272108843537726e+00 7.230047977815838856e-01 1.774725274725274637e+00 1.250011047867063899e+05 1.200467687074830314e+00 1.577489970347113468e+00 1.172619047619047894e+00 1.571428571428571841e+00 7.251364087301586103e-01 1.215773809523809978e+00 1.288690476190476719e+00
1.927353896103894959e+00 1.803571428571429047e+00 1.710069444444447528e-01 2.271634615384615863e+00 1.250027499999999709e+05 1.057714501488089300e+05 1.570512820512822261e+00 2.250000000000000000e+00 2.244047619047619069e+00 1.343501984126986848e+00 1.250025579004328756e+05 1.615384615384615863e+00 2.010044642857143238e+00 1.763850732600733329e+00 1.841145833333333481e+00 1.764860139860140453e+00 1.273237179487178850e+00 1.250026249999999563e+05 1.910714285714286031e+00 2.153388278388277399e+00 2.226190476190476719e+00 2.232142857142857206e+00 1.438244047619047894e+00 1.878496503496503989e+00 2.250000000000000000e+00
1.769230769230769384e+00 1.341575091575091916e+00 2.271634615384615419e+00 1.375437749064137571e-01 1.250020000000000437e+05 1.057711089259293221e+05 2.249753451676527849e+00 1.706293706293706247e+00 1.741159481544096721e+00 2.479967948717948900e+00 1.250020000000000437e+05 1.008875739644970571e+00 1.959935897435897800e+00 1.842321140398063495e+00 1.709772370486655646e+00 1.521520146520146888e+00 2.461538461538461231e+00 1.250020000000000437e+05 1.839285714285714857e+00 2.109854888701043762e+00 1.529761904761904878e+00 2.000000000000000444e+00 1.244791666666666741e+00 1.977625739644970793e+00 1.660224390993621846e+00
1.250026590909090592e+05 1.250013080357143044e+05 1.250027499999999709e+05 1.250020000000000291e+05 8.418367346938769591e-02 1.923307281037471694e+04 1.250026666666666279e+05 1.250021250000000146e+05 1.250017797619047924e+05 1.250026306818181474e+05 1.370884324009317812e+00 1.250015000000000437e+05 1.250020178571428696e+05 1.250019895833333576e+05 1.250018928571428842e+05 1.250016965638528345e+05 1.250026249999999854e+05 1.415178571428570731e+00 1.250019642857143190e+05 1.250023988095238019e+05 1.250016726190476620e+05 1.250022916666666570e+05 1.250018065476190968e+05 1.250020000000000291e+05 1.250020625000000146e+05
1.057714360081876512e+05 1.057707243671501783e+05 1.057714501488089300e+05 1.057711089259293076e+05 1.923307281037471694e+04 3.254507332868198864e+04 1.057713904841146432e+05 1.057711521863547532e+05 1.057710733173071785e+05 1.057710873065420601e+05 1.923242757625901868e+04 1.057706313618267450e+05 1.057712039640971343e+05 1.057709970214075292e+05 1.057710374067890953e+05 1.057706617450505000e+05 1.057714532130523585e+05 1.923229837263487934e+04 1.057711469780214538e+05 1.057713773572842329e+05 1.057710733173071494e+05 1.057713742941081000e+05 1.057707327472249599e+05 1.057711797337272728e+05 1.057711268887357146e+05
1.540269254554967659e+00 1.803571428571429047e+00 1.570512820512822261e+00 2.249753451676527405e+00 1.250026666666666279e+05 1.057713904841146577e+05 4.862603818647792675e-01 2.089285714285713969e+00 2.205586080586079856e+00 2.012973137973140592e+00 1.250024745670995326e+05 1.461045364891518039e+00 1.940209096459096338e+00 1.726169930496854299e+00 2.035256410256411019e+00 1.637805570497878893e+00 1.930555555555556912e+00 1.250025416666666279e+05 1.872252747252747040e+00 1.727188409880716202e+00 2.187728937728937950e+00 1.859759288330715243e+00 1.361320970695970356e+00 1.793355149124380210e+00 2.083350943927866794e+00
2.142857142857143238e+00 1.351190476190476497e+00 2.250000000000000000e+00 1.706293706293706247e+00 1.250021250000000146e+05 1.057711521863547532e+05 2.089285714285714413e+00 2.268135904499539723e-01 1.792355371900826944e+00 2.375000000000000444e+00 1.250021250000000146e+05 1.115384615384615641e+00 2.000000000000000444e+00 1.910984848484848841e+00 1.773809523809524169e+00 1.477564102564102866e+00 2.346153846153845812e+00 1.250021250000000146e+05 1.964285714285714635e+00 1.817002442002442431e+00 1.875000000000000222e+00 1.986471861471861944e+00 1.396577380952381375e+00 2.000000000000000444e+00 1.126324433142614323e+00
2.119047619047619069e+00 1.172619047619047894e+00 2.244047619047619069e+00 1.741159481544096721e+00 1.250017797619047924e+05 1.057710733173071494e+05 2.205586080586079856e+00 1.792355371900826944e+00 3.715763091387463413e-01 2.373582766439909619e+00 1.250018568594104581e+05 1.000000000000000222e+00 1.398308288933288512e+00 1.635011383887508218e+00 1.709821428571428825e+00 1.406135531135531691e+00 2.340201465201464881e+00 1.250018750000000291e+05 1.645229770229770905e+00 2.061224489795919101e+00 1.441841888270460226e+00 1.606060606060605966e+00 1.238839285714285587e+00 1.693415486029122174e+00 1.583421386306002265e+00
2.344493169168495594e+00 1.815489074417645066e+00 1.343501984126987292e+00 2.479967948717948900e+00 1.250026306818181474e+05 1.057710873065420601e+05 2.012973137973140592e+00 2.375000000000000444e+00 2.373582766439909619e+00 6.277375447424122790e-01 1.250023484280419943e+05 1.662733100233100503e+00 2.238095238095239470e+00 1.991650530205726133e+00 2.125000000000000000e+00 1.858572073669475966e+00 1.206605894105896803e+00 1.250024521103895677e+05 2.199134199134200163e+00 2.322796296416425488e+00 2.369331065759638033e+00 2.357142857142857650e+00 1.736133658008659486e+00 2.154519722701542239e+00 2.375000000000000444e+00
1.250025992227469396e+05 1.250013349389945797e+05 1.250025579004328902e+05 1.250020000000000437e+05 1.370884324009317812e+00 1.923242757625902232e+04 1.250024745670995471e+05 1.250021250000000291e+05 1.250018568594104872e+05 1.250023484280420089e+05 4.478060984172042014e-01 1.250015909090909699e+05 1.250019829179067747e+05 1.250017431073841872e+05 1.250018928571428987e+05 1.250014256585597759e+05 1.250026147186147136e+05 1.514413971445218943e+00 1.250018444940476620e+05 1.250023540694514959e+05 1.250018364512472181e+05 1.250022916666666715e+05 1.250014996477047534e+05 1.250018802083333867e+05 1.250020625000000291e+05
1.293706293706293531e+00 7.701465201465202970e-01 1.615384615384615641e+00 1.008875739644970571e+00 1.250015000000000728e+05 1.057706313618267595e+05 1.461045364891518039e+00 1.115384615384615641e+00 1.000000000000000222e+00 1.662733100233100503e+00 1.250015909090909699e+05 1.775147928994074212e-02 1.000000000000000222e+00 1.025086291913215097e+00 1.115384615384615641e+00 7.255244755244756316e-01 1.586538461538461231e+00 1.250015000000000728e+05 1.000000000000000222e+00 1.115772048464357402e+00 1.000000000000000222e+00 1.009615384615384803e+00 5.728594322344324752e-01 1.008875739644970571e+00 1.106508875739645292e+00
1.846726190476190910e+00 1.230805342970521687e+00 2.010044642857143238e+00 1.959935897435897800e+00 1.250020178571428696e+05 1.057712039640971343e+05 1.940209096459096338e+00 2.000000000000000444e+00 1.398308288933288512e+00 2.238095238095239470e+00 1.250019829179067601e+05 1.000000000000000222e+00 2.333297902494323450e-01 1.338169642857143460e+00 1.651457979024943512e+00 1.398482469911041637e+00 2.114010989010989050e+00 1.250019813988095411e+05 1.399234693877551505e+00 1.857142857142857428e+00 1.279265873015874133e+00 1.877551020408163795e+00 1.084852430555555802e+00 1.383894751082250796e+00 1.866185897435897800e+00
1.803822124844852270e+00 1.128259637188208986e+00 1.763850732600733329e+00 1.842321140398063495e+00 1.250019895833333576e+05 1.057709970214075292e+05 1.726169930496854299e+00 1.910984848484848841e+00 1.635011383887507996e+00 1.991650530205726133e+00 1.250017431073841581e+05 1.025086291913215097e+00 1.338169642857143238e+00 4.653673468140251401e-01 1.622752247752248467e+00 9.271088508491732716e-01 1.928186396936397040e+00 1.250017693452381209e+05 7.522477522477523104e-01 1.612449952921980456e+00 1.592687074829932659e+00 1.712343212343212517e+00 9.360535298035297380e-01 1.121950395661059918e+00 1.858901515151515582e+00
2.125000000000000000e+00 1.180272108843537726e+00 1.841145833333333481e+00 1.709772370486655646e+00 1.250018928571428842e+05 1.057710374067891098e+05 2.035256410256411019e+00 1.773809523809524169e+00 1.709821428571429047e+00 2.125000000000000000e+00 1.250018928571428842e+05 1.115384615384615641e+00 1.651457979024943512e+00 1.622752247752248467e+00 2.304421768707490270e-01 1.367673992673993144e+00 2.085737179487178850e+00 1.250018928571428842e+05 1.732142857142857650e+00 1.735639360639360529e+00 1.670138888888888618e+00 2.125000000000000444e+00 1.369791666666666963e+00 1.842376373626374075e+00 1.737587932900432897e+00
1.844643992371265195e+00 7.230047977815838856e-01 1.764860139860140009e+00 1.521520146520146888e+00 1.250016965638528345e+05 1.057706617450505000e+05 1.637805570497878893e+00 1.477564102564102866e+00 1.406135531135531691e+00 1.858572073669475966e+00 1.250014256585597614e+05 7.255244755244755206e-01 1.398482469911041637e+00 9.271088508491732716e-01 1.367673992673993144e+00 3.455417281200870994e-01 1.917832167832167700e+00 1.250014158718885446e+05 1.250098116169544804e+00 1.466609536539605685e+00 1.406135531135531691e+00 1.546583376940519949e+00 7.741266669838096082e-01 1.218529133793557540e+00 1.441849816849817278e+00
2.003621378621378124e+00 1.774725274725274637e+00 1.273237179487178850e+00 2.461538461538461231e+00 1.250026249999999854e+05 1.057714532130523876e+05 1.930555555555556912e+00 2.346153846153845812e+00 2.340201465201464881e+00 1.206605894105896803e+00 1.250026147186146845e+05 1.586538461538461231e+00 2.114010989010989050e+00 1.928186396936397040e+00 2.085737179487178850e+00 1.917832167832167700e+00 1.554898093359638467e-01 1.250024999999999709e+05 2.006868131868131844e+00 2.226814851814849838e+00 2.322344322344322531e+00 2.328296703296703019e+00 1.659397893772893706e+00 1.974650349650349579e+00 2.346153846153845812e+00
1.250025340909090592e+05 1.250011047867063899e+05 1.250026249999999563e+05 1.250020000000000291e+05 1.415178571428570731e+00 1.923229837263487570e+04 1.250025416666666279e+05 1.250021250000000146e+05 1.250018750000000291e+05 1.250024521103895677e+05 1.514413971445218943e+00 1.250015000000000437e+05 1.250019813988095411e+05 1.250017693452381209e+05 1.250018928571428842e+05 1.250014158718885446e+05 1.250024999999999709e+05 1.493055555555562464e-01 1.250018392857143335e+05 1.250023333333333285e+05 1.250018750000000291e+05 1.250022916666666570e+05 1.250015617559524399e+05 1.250018750000000437e+05 1.250020625000000146e+05
1.785714285714286031e+00 1.200467687074830314e+00 1.910714285714286031e+00 1.839285714285714857e+00 1.250019642857143190e+05 1.057711469780214538e+05 1.872252747252747040e+00 1.964285714285714635e+00 1.645229770229770905e+00 2.199134199134200163e+00 1.250018444940476475e+05 1.000000000000000222e+00 1.399234693877551505e+00 7.522477522477523104e-01 1.732142857142857650e+00 1.250098116169544804e+00 2.006868131868131844e+00 1.250018392857143335e+05 1.084183673469386183e-01 1.854707792207792583e+00 1.547619047619048338e+00 1.875637755102041115e+00 1.000000000000000222e+00 1.061417748917748760e+00 1.901785714285714635e+00
1.741865457774548931e+00 1.577489970347113468e+00 2.153388278388277399e+00 2.109854888701043318e+00 1.250023988095238019e+05 1.057713773572842329e+05 1.727188409880716202e+00 1.817002442002442875e+00 2.061224489795919101e+00 2.322796296416425932e+00 1.250023540694514668e+05 1.115772048464357402e+00 1.857142857142857428e+00 1.612449952921980456e+00 1.735639360639360751e+00 1.466609536539606129e+00 2.226814851814849838e+00 1.250023333333333285e+05 1.854707792207792583e+00 5.408325718016023798e-01 2.053004535147393117e+00 1.532127594627596734e+00 1.281414765789766541e+00 1.784858110032936596e+00 2.053837479536780641e+00
2.101190476190476275e+00 1.172619047619047894e+00 2.226190476190476719e+00 1.529761904761904878e+00 1.250016726190476620e+05 1.057710733173071494e+05 2.187728937728937950e+00 1.875000000000000222e+00 1.441841888270460226e+00 2.369331065759637589e+00 1.250018364512472035e+05 1.000000000000000222e+00 1.279265873015874133e+00 1.592687074829932659e+00 1.670138888888888840e+00 1.406135531135531691e+00 2.322344322344322531e+00 1.250018750000000291e+05 1.547619047619048338e+00 2.053004535147393117e+00 2.437641723356002432e-01 2.000000000000000444e+00 1.220982142857143238e+00 1.249975718725718776e+00 1.812500000000000444e+00
1.961522108843537726e+00 1.571428571428571841e+00 2.232142857142857206e+00 2.000000000000000444e+00 1.250022916666666570e+05 1.057713742941081000e+05 1.859759288330715465e+00 1.986471861471861944e+00 1.606060606060605966e+00 2.357142857142857206e+00 1.250022916666666570e+05 1.009615384615384803e+00 1.877551020408163795e+00 1.712343212343212517e+00 2.125000000000000444e+00 1.546583376940519949e+00 2.328296703296703019e+00 1.250022916666666570e+05 1.875637755102041115e+00 1.532127594627596734e+00 2.000000000000000444e+00 3.559382086167798831e-01 1.285466269841270215e+00 1.856837606837607346e+00 1.987408424908424731e+00
1.279153138528138944e+00 7.251364087301586103e-01 1.438244047619047894e+00 1.244791666666666741e+00 1.250018065476190968e+05 1.057707327472249599e+05 1.361320970695970356e+00 1.396577380952381375e+00 1.238839285714285587e+00 1.736133658008659486e+00 1.250014996477047389e+05 5.728594322344324752e-01 1.084852430555555802e+00 9.360535298035297380e-01 1.369791666666666963e+00 7.741266669838096082e-01 1.659397893772893706e+00 1.250015617559524399e+05 1.000000000000000222e+00 1.281414765789766541e+00 1.220982142857143238e+00 1.285466269841270215e+00 1.076300311791386216e-01 1.009615384615384803e+00 1.373569139194139588e+00
1.782342657342657732e+00 1.215773809523809978e+00 1.878496503496503767e+00 1.977625739644970571e+00 1.250020000000000437e+05 1.057711797337272874e+05 1.793355149124380210e+00 2.000000000000000444e+00 1.693415486029122174e+00 2.154519722701542239e+00 1.250018802083333867e+05 1.008875739644970571e+00 1.383894751082250796e+00 1.121950395661059918e+00 1.842376373626374075e+00 1.218529133793557540e+00 1.974650349650349579e+00 1.250018750000000582e+05 1.061417748917748760e+00 1.784858110032936596e+00 1.249975718725718776e+00 1.856837606837607346e+00 1.009615384615384803e+00 2.506444301133989860e-01 1.937500000000000222e+00
2.166847909035409359e+00 1.288690476190476719e+00 2.250000000000000000e+00 1.660224390993621846e+00 1.250020625000000291e+05 1.057711268887357292e+05 2.083350943927866794e+00 1.126324433142614323e+00 1.583421386306002487e+00 2.375000000000000444e+00 1.250020625000000291e+05 1.106508875739645292e+00 1.866185897435897800e+00 1.858901515151515582e+00 1.737587932900432897e+00 1.441849816849817278e+00 2.346153846153845812e+00 1.250020625000000291e+05 1.901785714285714635e+00 2.053837479536780641e+00 1.812500000000000444e+00 1.987408424908425175e+00 1.373569139194139588e+00 1.937500000000000444e+00 4.393998823631689032e-01
