1.092624458889341232e+00 2.592614264946763869e+05 3.067853804936736706e+05 7.246606962809473043e+04 1.949315615440988081e+00 2.036301539001208916e+00 7.407641314084317128e+04 2.161415636127284490e+00 2.112186668244558252e+00 3.703932955056011269e+04 3.703930850389390980e+04 1.111137236626306258e+05 2.090529069738856549e+00 4.074091714830083074e+05 3.703939367303196195e+04 1.602712421172545199e+00 1.782992044872253318e+05 1.817547058965651940e+00 4.733595149466135190e+05 8.203311665191634092e+05 6.336774551241680747e+05 1.764257784451576105e+00 7.407642896807704528e+04 1.973043001781307648e+00 8.642231222358740342e+04
2.592614264946763578e+05 2.795701972209916494e+04 1.583140184903628833e+05 2.592616657517429267e+05 2.592610788089965645e+05 2.592615819937771303e+05 2.592615933958150272e+05 2.592615222174720548e+05 2.592615475778459804e+05 2.592615787188662216e+05 2.592616706832037889e+05 2.592615053668480250e+05 2.592615522692142986e+05 3.611129807972912677e+05 2.592616720858878689e+05 2.592611188089781790e+05 2.014157439426608616e+05 2.592611316270287498e+05 4.301497664397436893e+05 7.832942754652161384e+05 5.596035075296685100e+05 2.592611090410493780e+05 2.592617090235304204e+05 2.592612663067409012e+05 2.592616393649539677e+05
3.067853804936736706e+05 1.583140184903628833e+05 1.212764750170793850e+05 3.067855952893268550e+05 3.067849851651259814e+05 3.067854568296637153e+05 3.067856545280795544e+05 3.067854212860169355e+05 3.067853925008415827e+05 3.067854989931823802e+05 3.067855783218527795e+05 3.067855692196851014e+05 3.067854726400427753e+05 3.266129510312903440e+05 3.067855278001094121e+05 3.067850049172941362e+05 2.827699099134032731e+05 3.067851261671512621e+05 4.017703938272626256e+05 7.737666134951316053e+05 5.474506729869754054e+05 3.067851159314616816e+05 3.067856184720609454e+05 3.067851826082242769e+05 3.067856709232666180e+05
7.246606962809473043e+04 2.592616657517429267e+05 3.067855952893268550e+05 3.081934927936717486e+03 7.246590695930417860e+04 7.246605122852181375e+04 1.612538694394469985e+03 7.246612578027354903e+04 7.246613587298369384e+04 7.246616290101091727e+04 7.246614862113523122e+04 1.111139776894638926e+05 7.246609949114672781e+04 4.074092635022624163e+05 7.246614883581723552e+04 7.246546456071379362e+04 1.782994706654725887e+05 7.246586740121159528e+04 4.733596508045777446e+05 7.832942209552548593e+05 6.336773938206521561e+05 7.246575462730559229e+04 1.612723895817788616e+03 7.246606331304316700e+04 3.860321959337998123e+04
1.949315615440988081e+00 2.592610788089965645e+05 3.067849851651259814e+05 7.246590695930417860e+04 9.820485376960454982e-01 2.037380741645613558e+00 7.407631498645489046e+04 2.034225660042820572e+00 1.993553336402122733e+00 3.703928840949363803e+04 3.703925720125692897e+04 1.111135501636644185e+05 2.014880145979982107e+00 4.074089192956842599e+05 3.703929848653593217e+04 1.485645746232545639e+00 1.782989242535967787e+05 1.669562875130095492e+00 4.733593413901177701e+05 8.203311200985590694e+05 6.336772331731572049e+05 1.536741925844690826e+00 7.407636436341195076e+04 1.749247997595432258e+00 8.642219079281883023e+04
2.036301539001208916e+00 2.592615819937771594e+05 3.067854568296637153e+05 7.246605122852179920e+04 2.037380741645613558e+00 1.121897644098005076e+00 7.407644034243177157e+04 2.098952159194482192e+00 2.024585547239012406e+00 3.703930387713317759e+04 3.703922822128613188e+04 1.111138262560879230e+05 2.066582289572424180e+00 4.074092627183537697e+05 3.703933166336249997e+04 1.514094744334438136e+00 1.782993706857768993e+05 1.921704367515462142e+00 4.733596104523010436e+05 8.203311138061220990e+05 6.336774090429646894e+05 1.793579123178965506e+00 7.407644020809548965e+04 2.123619811008192304e+00 8.642231408102548448e+04
7.407641314084317128e+04 2.592615933958149981e+05 3.067856545280794962e+05 1.612538694394469758e+03 7.407631498645489046e+04 7.407644034243177157e+04 1.340409882070441094e+00 7.407649088915495668e+04 7.407653912643149670e+04 7.407653555525283446e+04 7.407654064808889234e+04 1.111139061473776092e+05 7.407650707363395486e+04 4.074093496357764234e+05 7.407658676891891810e+04 7.407587618898692017e+04 1.782994257059094671e+05 7.407620495492182090e+04 4.733596842114200699e+05 7.832942496880160179e+05 6.336774552966868505e+05 7.407608236764320463e+04 2.272788482221234752e+00 7.407641245280488511e+04 3.811322654136730125e+04
2.161415636127284490e+00 2.592615222174720548e+05 3.067854212860169355e+05 7.246612578027354903e+04 2.034225660042820127e+00 2.098952159194482636e+00 7.407649088915495668e+04 1.122517931963889826e+00 2.117613187921950857e+00 3.703928609550990222e+04 3.703931931251461356e+04 1.111139033737738355e+05 2.029994764260758089e+00 4.074093033663553651e+05 3.703943855475055170e+04 1.573159120115235510e+00 1.782993716449955537e+05 2.018516453043277981e+00 4.733596492214510217e+05 8.203311322299814783e+05 6.336774627401371254e+05 1.915729562788242690e+00 7.407655705279049289e+04 2.069883472954231252e+00 8.642240473130698956e+04
2.112186668244558252e+00 2.592615475778459804e+05 3.067853925008415827e+05 7.246613587298367929e+04 1.993553336402122733e+00 2.024585547239012406e+00 7.407653912643149670e+04 2.117613187921950857e+00 1.069438948329003880e+00 3.703923212925580447e+04 3.703932900767102547e+04 1.111138007953078632e+05 2.050285260954277877e+00 4.074092633214918897e+05 3.703936035685279057e+04 1.483574793110916001e+00 1.782992959609725513e+05 1.959692901906702645e+00 4.733595911200680421e+05 8.203311834611506201e+05 6.336774704646818573e+05 1.840514791889682700e+00 7.407655023788192193e+04 2.070672663682024073e+00 8.642241862853015482e+04
3.703932955056011269e+04 2.592615787188661925e+05 3.067854989931823802e+05 7.246616290101090271e+04 3.703928840949363803e+04 3.703930387713317759e+04 7.407653555525283446e+04 3.703928609550990222e+04 3.703923212925580447e+04 1.143115492475114126e+00 2.178067143808660511e+00 7.407662212292534241e+04 3.703917688844935037e+04 4.074093129276388208e+05 2.150490318123631006e+00 3.703861773092480871e+04 1.412622536143795005e+05 3.703913260405814799e+04 4.733596924187683035e+05 8.203312391575861257e+05 6.336774701325274073e+05 3.703899705663812347e+04 7.407660340414999519e+04 3.703925312167622178e+04 8.642235636769633857e+04
3.703930850389390980e+04 2.592616706832037889e+05 3.067855783218527795e+05 7.246614862113523122e+04 3.703925720125692897e+04 3.703922822128613188e+04 7.407654064808889234e+04 3.703931931251461356e+04 3.703932900767102547e+04 2.178067143808660511e+00 1.045127728240773379e+00 7.407666820323042339e+04 3.703929936347495823e+04 4.074093706061219564e+05 2.025510032863203413e+00 3.703867696077971050e+04 1.412623131288404111e+05 3.703917889853522502e+04 4.733597210132536129e+05 8.203311249800516525e+05 6.336775038021790097e+05 3.703891745893166080e+04 7.407660424526281713e+04 3.703935387478944176e+04 8.642239400926268718e+04
1.111137236626306258e+05 2.592615053668480541e+05 3.067855692196851014e+05 1.111139776894638926e+05 1.111135501636644185e+05 1.111138262560879084e+05 1.111139061473776092e+05 1.111139033737738355e+05 1.111138007953078632e+05 7.407662212292534241e+04 7.407666820323042339e+04 1.597582523008074906e+00 1.111138196766345500e+05 3.703722969351806678e+05 7.407677100498008076e+04 1.111132391854798771e+05 8.651159446259416291e+04 1.111134466049947659e+05 4.424954805054393364e+05 8.203313026806355920e+05 6.336774818357249023e+05 1.111132036240435991e+05 1.111139846823960252e+05 1.111136545386147773e+05 7.300325523688145040e+04
2.090529069738856549e+00 2.592615522692142986e+05 3.067854726400427753e+05 7.246609949114672781e+04 2.014880145979982107e+00 2.066582289572423736e+00 7.407650707363395486e+04 2.029994764260758977e+00 2.050285260954277877e+00 3.703917688844935037e+04 3.703929936347495823e+04 1.111138196766345500e+05 1.130385988187611046e+00 4.074092841330530937e+05 3.703935661936051474e+04 1.562125473183253233e+00 1.782993279143183609e+05 1.913001256807398631e+00 4.733595839190596016e+05 8.203311699083127314e+05 6.336774589163844939e+05 1.787089648035377509e+00 7.407646285378710309e+04 2.015071090793921549e+00 8.642235260536349961e+04
4.074091714830083074e+05 3.611129807972911512e+05 3.266129510312903440e+05 4.074092635022624163e+05 4.074089192956842599e+05 4.074092627183537115e+05 4.074093496357764816e+05 4.074093033663553069e+05 4.074092633214918897e+05 4.074093129276388208e+05 4.074093706061219564e+05 3.703722969351806678e+05 4.074092841330530937e+05 9.436190353649399185e+04 4.074093105491891620e+05 4.074088723336319090e+05 3.680574429551471840e+05 4.074090240090525476e+05 3.174116936731701135e+05 7.458870945197442779e+05 5.842947358601255110e+05 4.074089573528670007e+05 4.074093493808355415e+05 4.074090650597869535e+05 3.950636335481136921e+05
3.703939367303196195e+04 2.592616720858878689e+05 3.067855278001094703e+05 7.246614883581723552e+04 3.703929848653593217e+04 3.703933166336249997e+04 7.407658676891891810e+04 3.703943855475055170e+04 3.703936035685279057e+04 2.150490318123631006e+00 2.025510032863203413e+00 7.407677100498008076e+04 3.703935661936051474e+04 4.074093105491891620e+05 1.156095966452765911e+00 3.703869492647876177e+04 1.412623427091265039e+05 3.703922983067669702e+04 4.733596153137648362e+05 8.203312471853729803e+05 6.336774558296055766e+05 3.703903444395982660e+04 7.407674910407923744e+04 3.703939309892169695e+04 8.642243486188066890e+04
1.602712421172545199e+00 2.592611188089781790e+05 3.067850049172940780e+05 7.246546456071379362e+04 1.485645746232545639e+00 1.514094744334438136e+00 7.407587618898692017e+04 1.573159120115235288e+00 1.483574793110916001e+00 3.703861773092480871e+04 3.703867696077971050e+04 1.111132391854798771e+05 1.562125473183253233e+00 4.074088723336319090e+05 3.703869492647876177e+04 6.777349510193766413e-01 1.782988503938594658e+05 1.370775193065240316e+00 4.733592950987314107e+05 8.203310926614127820e+05 6.336772224623253569e+05 1.250431725098388513e+00 7.407593928833518294e+04 1.525445356440760403e+00 8.642173350301734172e+04
1.782992044872253318e+05 2.014157439426608616e+05 2.827699099134033313e+05 1.782994706654725887e+05 1.782989242535967787e+05 1.782993706857768993e+05 1.782994257059094671e+05 1.782993716449955537e+05 1.782992959609725513e+05 1.412622536143795005e+05 1.412623131288404402e+05 8.651159446259416291e+04 1.782993279143183609e+05 3.680574429551473004e+05 1.412623427091265330e+05 1.782988503938594658e+05 6.578877272215756238e+04 1.782989557538328227e+05 4.424955034849793883e+05 8.203312745048468933e+05 6.336774444274019916e+05 1.782987620418124425e+05 1.782995132375299581e+05 1.782990953569918347e+05 1.536313710610563576e+05
1.817547058965651940e+00 2.592611316270287498e+05 3.067851261671512621e+05 7.246586740121159528e+04 1.669562875130095492e+00 1.921704367515461920e+00 7.407620495492182090e+04 2.018516453043277981e+00 1.959692901906702645e+00 3.703913260405814799e+04 3.703917889853522502e+04 1.111134466049947659e+05 1.913001256807398853e+00 4.074090240090525476e+05 3.703922983067669702e+04 1.370775193065240316e+00 1.782989557538328227e+05 1.003325793056682791e+00 4.733593861092433799e+05 8.203311130618703319e+05 6.336772707499306416e+05 1.507340898608712898e+00 7.407622126734847552e+04 1.826026787061012513e+00 8.642204826722000143e+04
4.733595149466136354e+05 4.301497664397436893e+05 4.017703938272626838e+05 4.733596508045778028e+05 4.733593413901178283e+05 4.733596104523011600e+05 4.733596842114201281e+05 4.733596492214510799e+05 4.733595911200680421e+05 4.733596924187683617e+05 4.733597210132536711e+05 4.424954805054393364e+05 4.733595839190596598e+05 3.174116936731701135e+05 4.733596153137648362e+05 4.733592950987314107e+05 4.424955034849793301e+05 4.733593861092434381e+05 2.039535730850230029e+05 8.015651631027472904e+05 4.584900320480097434e+05 4.733593356577510131e+05 4.733596987370331772e+05 4.733594056487375055e+05 4.630715362200936070e+05
8.203311665191632928e+05 7.832942754652162548e+05 7.737666134951316053e+05 7.832942209552548593e+05 8.203311200985590694e+05 8.203311138061220990e+05 7.832942496880161343e+05 8.203311322299814783e+05 8.203311834611506201e+05 8.203312391575861257e+05 8.203311249800516525e+05 8.203313026806355920e+05 8.203311699083127314e+05 7.458870945197440451e+05 8.203312471853727475e+05 8.203310926614127820e+05 8.203312745048468933e+05 8.203311130618703319e+05 8.015651631027474068e+05 2.462269148477363342e+05 6.049059439920790028e+05 8.203310961655506399e+05 7.832942231043133652e+05 8.203311799196888460e+05 7.832942216329593211e+05
6.336774551241679583e+05 5.596035075296685100e+05 5.474506729869754054e+05 6.336773938206521561e+05 6.336772331731570885e+05 6.336774090429648058e+05 6.336774552966868505e+05 6.336774627401371254e+05 6.336774704646818573e+05 6.336774701325274073e+05 6.336775038021790097e+05 6.336774818357249023e+05 6.336774589163843775e+05 5.842947358601255110e+05 6.336774558296055766e+05 6.336772224623253569e+05 6.336774444274019916e+05 6.336772707499306416e+05 4.584900320480097434e+05 6.049059439920791192e+05 2.691310384306164342e+05 6.336772472377493978e+05 6.336775561104905792e+05 6.336773762842543656e+05 6.336774410903699463e+05
1.764257784451576105e+00 2.592611090410494071e+05 3.067851159314616816e+05 7.246575462730557774e+04 1.536741925844690826e+00 1.793579123178965506e+00 7.407608236764320463e+04 1.915729562788243134e+00 1.840514791889682700e+00 3.703899705663812347e+04 3.703891745893166080e+04 1.111132036240435991e+05 1.787089648035377509e+00 4.074089573528670007e+05 3.703903444395982660e+04 1.250431725098388513e+00 1.782987620418124425e+05 1.507340898608712676e+00 4.733593356577509549e+05 8.203310961655506399e+05 6.336772472377493978e+05 9.055509891760915586e-01 7.407604493345941592e+04 1.800073377256364182e+00 8.642177485790826904e+04
7.407642896807703073e+04 2.592617090235304204e+05 3.067856184720609454e+05 1.612723895817788389e+03 7.407636436341195076e+04 7.407644020809547510e+04 2.272788482221234752e+00 7.407655705279049289e+04 7.407655023788190738e+04 7.407660340414998063e+04 7.407660424526280258e+04 1.111139846823960252e+05 7.407646285378707398e+04 4.074093493808355415e+05 7.407674910407923744e+04 7.407593928833516838e+04 1.782995132375299581e+05 7.407622126734846097e+04 4.733596987370331190e+05 7.832942231043133652e+05 6.336775561104904627e+05 7.407604493345940136e+04 1.312203036422754376e+00 7.407644765498825291e+04 3.811316290404603933e+04
1.973043001781307204e+00 2.592612663067409012e+05 3.067851826082242769e+05 7.246606331304316700e+04 1.749247997595432258e+00 2.123619811008192748e+00 7.407641245280488511e+04 2.069883472954231252e+00 2.070672663682024517e+00 3.703925312167622178e+04 3.703935387478944176e+04 1.111136545386147773e+05 2.015071090793921993e+00 4.074090650597869535e+05 3.703939309892169695e+04 1.525445356440760403e+00 1.782990953569918347e+05 1.826026787061012513e+00 4.733594056487375055e+05 8.203311799196888460e+05 6.336773762842543656e+05 1.800073377256364182e+00 7.407644765498826746e+04 1.042615090452456483e+00 8.642228957664125483e+04
8.642231222358740342e+04 2.592616393649539677e+05 3.067856709232666180e+05 3.860321959337998123e+04 8.642219079281883023e+04 8.642231408102545538e+04 3.811322654136730125e+04 8.642240473130698956e+04 8.642241862853015482e+04 8.642235636769633857e+04 8.642239400926268718e+04 7.300325523688145040e+04 8.642235260536349961e+04 3.950636335481136921e+05 8.642243486188066890e+04 8.642173350301734172e+04 1.536313710610563576e+05 8.642204826722000143e+04 4.630715362200936070e+05 7.832942216329592047e+05 6.336774410903701792e+05 8.642177485790826904e+04 3.811316290404603933e+04 8.642228957664125483e+04 3.214528833389795909e+04
