1.086356979002099266e+00 3.333599881357837148e+04 2.222872295187275693e+00 2.094851117973167032e+00 1.367825967662231967e+00 2.189969149642496227e+00 1.863311406636581680e+00 1.770881687317715558e+00 1.849337244694164717e+00 2.472051364164868481e+00 2.036834174482596183e+00 1.851965118957573875e+00 2.131732174072124231e+00 1.779280032879123397e+00 1.995139209775221412e+00 2.078981663738733054e+00 1.796325861076771391e+00 2.441347572069485494e+00 2.223443866686802828e+00 2.602310523712679569e+05 2.415298900726375209e+00 9.060201480391006044e+04 1.989688544892392885e+00 2.581803609886132556e+00 1.628164017114055059e+04
3.333599881357837148e+04 1.803461193475222712e+00 3.333632794386061141e+04 3.333619908571235283e+04 3.333540606052230578e+04 3.333630607389685611e+04 3.333584599952711869e+04 3.333567574634736229e+04 3.333602112259039859e+04 3.333648569319962553e+04 3.333612946380241192e+04 3.333590556450276927e+04 3.333622158052726445e+04 3.333555022910924890e+04 3.333610592619218369e+04 3.333621086813876900e+04 3.333582824108719069e+04 3.333652826222292788e+04 3.333635230424635665e+04 2.602316331286687346e+05 3.333644850183681410e+04 9.060227499504562002e+04 3.333609726652242534e+04 3.333636926157357084e+04 2.790989444949559038e+04
2.222872295187275693e+00 3.333632794386061141e+04 1.329809478215219887e+00 2.262793054699707263e+00 1.541539911568730492e+00 2.182297367213949624e+00 2.150504469792825279e+00 2.045957249339166673e+00 2.201877447072260185e+00 2.574999738262273574e+00 2.278714791944444151e+00 2.141274828262150987e+00 2.284736676250193721e+00 1.864040325177872548e+00 2.233920953539741738e+00 2.293803401172885170e+00 2.091481451154975080e+00 2.459832169158876702e+00 2.276187037930825774e+00 2.602313081494297076e+05 2.439358326204358551e+00 9.060218761468153389e+04 2.235653629451118451e+00 2.681175828357690083e+00 1.628201706349359665e+04
2.094851117973167032e+00 3.333619908571235283e+04 2.262793054699707263e+00 1.199865209700123669e+00 1.452657413125809871e+00 2.198859550522222595e+00 2.039113554991387467e+00 1.857919165690046004e+00 2.005081797106435637e+00 2.573495233253955128e+00 2.074839448319063084e+00 2.036237158021814153e+00 2.011362470343497133e+00 1.789726845529250321e+00 2.046722048062298516e+00 2.038639609887567428e+00 1.919024547887878240e+00 2.564031868835449313e+00 2.359183818608239669e+00 2.602311538550951227e+05 2.532871430754854547e+00 9.060209169558472058e+04 2.032378194551078820e+00 2.639704068246939705e+00 1.628186445495007865e+04
1.367825967662232189e+00 3.333540606052230578e+04 1.541539911568730492e+00 1.452657413125810093e+00 5.651369767258282995e-01 1.507032767317326272e+00 1.306145091717950901e+00 1.173707912261664044e+00 1.339155667745941525e+00 1.729992807245600783e+00 1.412567968003856311e+00 1.261177734899113778e+00 1.490232050518566442e+00 1.090017938811697062e+00 1.397619213843618091e+00 1.459527823562094095e+00 1.215552526589092741e+00 1.740011320364574621e+00 1.546649174325482656e+00 2.602306884895236290e+05 1.676956008738611059e+00 9.060140806359825365e+04 1.358179326775957874e+00 1.778557397920720096e+00 1.628106745410483745e+04
2.189969149642496227e+00 3.333630607389685611e+04 2.182297367213949624e+00 2.198859550522222595e+00 1.507032767317326272e+00 1.202913544078225261e+00 2.126397100263585749e+00 1.985496630204505619e+00 2.161896092939107561e+00 2.639144359837194198e+00 2.253057681225555609e+00 2.125303222575371631e+00 2.201473482823140593e+00 1.861024341699446971e+00 2.230863850319461328e+00 2.273209738507645294e+00 2.081125605183376415e+00 2.573932179828592570e+00 2.293206087239381130e+00 2.602312842600660515e+05 2.475021539954620931e+00 9.060219014540375792e+04 2.208776169363509734e+00 2.694646433356522763e+00 1.628195279505267899e+04
1.863311406636581680e+00 3.333584599952711869e+04 2.150504469792825724e+00 2.039113554991387467e+00 1.306145091717950901e+00 2.126397100263585749e+00 1.103450831963293854e+00 1.683068729035625433e+00 1.859244848130123140e+00 2.372463395491839933e+00 1.957522782369177428e+00 1.751629974315112914e+00 2.061116808696698222e+00 1.609209711531892406e+00 1.963162876786062938e+00 2.022408511963841971e+00 1.702212185960056301e+00 2.293254683059218646e+00 2.160974298607868160e+00 2.602310750152174151e+05 2.262634959121441192e+00 9.060184466968968627e+04 1.908303931000193243e+00 2.429093141957253010e+00 1.628159266979142922e+04
1.770881687317715558e+00 3.333567574634736229e+04 2.045957249339167117e+00 1.857919165690046004e+00 1.173707912261664044e+00 1.985496630204505619e+00 1.683068729035625433e+00 9.599764545272109206e-01 1.758877731791140597e+00 2.142392449953335110e+00 1.824606865409930334e+00 1.660076042859415901e+00 1.926393575816315984e+00 1.304896269662518815e+00 1.839592727891363966e+00 1.937158921241038056e+00 1.599728190400825811e+00 2.148360579586197083e+00 2.051462049608642424e+00 2.602308291344569006e+05 2.073669391881423074e+00 9.060160531595928478e+04 1.846582779472469849e+00 2.200135533093153573e+00 1.628127116852288600e+04
1.849337244694164939e+00 3.333602112259039859e+04 2.201877447072260630e+00 2.005081797106435193e+00 1.339155667745941525e+00 2.161896092939107561e+00 1.859244848130123140e+00 1.758877731791140597e+00 1.130584311256404018e+00 2.416280012627380458e+00 2.006467531714437147e+00 1.768397038716252867e+00 2.086152986484732796e+00 1.620516532177995961e+00 1.959120218381778189e+00 1.968340746233791405e+00 1.763208825258358203e+00 2.391347684002724350e+00 2.166176579477857800e+00 2.602309409603827808e+05 2.358437461742428631e+00 9.060193850236780418e+04 1.961565745513510040e+00 2.536608831213427173e+00 1.628164310181022302e+04
2.472051364164868925e+00 3.333648569319962553e+04 2.574999738262273574e+00 2.573495233253955128e+00 1.729992807245600339e+00 2.639144359837194198e+00 2.372463395491839933e+00 2.142392449953335554e+00 2.416280012627380458e+00 1.485719884567296534e+00 2.570644621184701606e+00 2.270699812192838341e+00 2.558116037213383986e+00 1.943736660749427747e+00 2.537426047200034063e+00 2.578730240216970948e+00 2.202942774911155421e+00 2.527669836375606049e+00 2.552337054686630413e+00 2.602313987183170102e+05 2.480000278785408963e+00 9.060232352897607780e+04 2.501869158674827176e+00 2.565747384503087591e+00 1.628201568359517296e+04
2.036834174482596183e+00 3.333612946380241192e+04 2.278714791944444151e+00 2.074839448319063084e+00 1.412567968003856311e+00 2.253057681225555609e+00 1.957522782369177428e+00 1.824606865409930334e+00 2.006467531714437147e+00 2.570644621184701162e+00 1.206787373671673880e+00 1.886393089458205274e+00 2.106033299719643370e+00 1.730890571646424014e+00 1.946359332024959921e+00 2.074141993984345955e+00 1.887877888350395716e+00 2.546248503347235292e+00 2.356757309705984405e+00 2.602311401701814611e+05 2.469635259756627566e+00 9.060208130868899752e+04 1.967579019016771902e+00 2.621087698537690081e+00 1.628179583086355160e+04
1.851965118957573875e+00 3.333590556450276927e+04 2.141274828262151431e+00 2.036237158021814153e+00 1.261177734899113778e+00 2.125303222575371631e+00 1.751629974315112914e+00 1.660076042859415901e+00 1.768397038716252867e+00 2.270699812192838341e+00 1.886393089458205274e+00 1.081275829232017704e+00 2.001635167527946013e+00 1.536143177954847561e+00 1.871146971699252592e+00 1.972184395154072289e+00 1.668700335662658851e+00 2.290525435327114945e+00 2.150604164952759412e+00 2.602310284758153430e+05 2.276968637247863025e+00 9.060172664868707943e+04 1.870594756192479835e+00 2.318858379113943435e+00 1.628149379990799389e+04
2.131732174072124231e+00 3.333622158052726445e+04 2.284736676250193721e+00 2.011362470343497133e+00 1.490232050518566886e+00 2.201473482823140593e+00 2.061116808696698222e+00 1.926393575816316428e+00 2.086152986484732796e+00 2.558116037213383986e+00 2.106033299719643370e+00 2.001635167527946013e+00 1.238215086533854592e+00 1.821824573817445891e+00 2.127048818503129990e+00 2.072369702248502588e+00 1.979237795218535378e+00 2.570633435737078365e+00 2.365236000656974813e+00 2.602312348147705779e+05 2.553023964871944163e+00 9.060205587752343854e+04 1.998382629126691512e+00 2.613618748166520511e+00 1.628186315825676138e+04
1.779280032879123397e+00 3.333555022910924890e+04 1.864040325177872548e+00 1.789726845529250099e+00 1.090017938811697062e+00 1.861024341699447415e+00 1.609209711531892406e+00 1.304896269662518815e+00 1.620516532177996183e+00 1.943736660749427747e+00 1.730890571646423570e+00 1.536143177954847561e+00 1.821824573817445891e+00 7.860604523130012566e-01 1.797016158248356144e+00 1.795397427619413788e+00 1.495663662413085682e+00 1.896831084494935871e+00 1.859250503039662883e+00 2.602307505581834994e+05 1.929576043978928235e+00 9.060141879747444182e+04 1.719240960491033254e+00 2.035683183855934164e+00 1.628117860581094465e+04
1.995139209775221856e+00 3.333610592619218369e+04 2.233920953539741738e+00 2.046722048062298516e+00 1.397619213843618091e+00 2.230863850319460884e+00 1.963162876786062938e+00 1.839592727891363966e+00 1.959120218381778189e+00 2.537426047200034063e+00 1.946359332024959921e+00 1.871146971699252592e+00 2.127048818503129546e+00 1.797016158248356144e+00 1.190768470082667507e+00 2.036784893376484273e+00 1.922472984419170805e+00 2.536113097087536516e+00 2.363141972881849462e+00 2.602311876777290599e+05 2.507696351878399010e+00 9.060201863913457782e+04 2.004882029816338118e+00 2.609543516030066623e+00 1.628181804962496062e+04
2.078981663738733054e+00 3.333621086813876900e+04 2.293803401172885170e+00 2.038639609887567428e+00 1.459527823562093873e+00 2.273209738507645294e+00 2.022408511963841971e+00 1.937158921241038056e+00 1.968340746233791405e+00 2.578730240216970948e+00 2.074141993984345955e+00 1.972184395154072289e+00 2.072369702248502144e+00 1.795397427619413788e+00 2.036784893376484273e+00 1.199270820515204727e+00 1.977623360345467596e+00 2.578347271358672366e+00 2.282896863251988151e+00 2.602312225632467889e+05 2.563113325774262208e+00 9.060212934044327994e+04 2.027371819279738752e+00 2.655611066354317540e+00 1.628186645671482620e+04
1.796325861076771169e+00 3.333582824108719069e+04 2.091481451154975524e+00 1.919024547887878240e+00 1.215552526589092741e+00 2.081125605183376415e+00 1.702212185960056523e+00 1.599728190400825589e+00 1.763208825258358203e+00 2.202942774911154977e+00 1.887877888350395716e+00 1.668700335662658851e+00 1.979237795218535378e+00 1.495663662413085682e+00 1.922472984419170583e+00 1.977623360345467596e+00 1.062484864186835853e+00 2.241099859413360207e+00 2.079106847000254721e+00 2.602309567107257026e+05 2.204419188742486657e+00 9.060173639382579131e+04 1.908356204166996806e+00 2.283865513503345657e+00 1.628149317980476917e+04
2.441347572069485938e+00 3.333652826222292788e+04 2.459832169158876702e+00 2.564031868835449313e+00 1.740011320364574621e+00 2.573932179828592570e+00 2.293254683059218646e+00 2.148360579586197083e+00 2.391347684002724350e+00 2.527669836375606049e+00 2.546248503347235292e+00 2.290525435327114945e+00 2.570633435737078365e+00 1.896831084494935871e+00 2.536113097087536516e+00 2.578347271358672366e+00 2.241099859413360651e+00 1.509901107471239179e+00 2.485326530418938695e+00 2.602313535753156175e+05 2.406586612451009799e+00 9.060230773979598598e+04 2.472881670087961226e+00 2.638167352443034464e+00 1.628200552995168800e+04
2.223443866686802828e+00 3.333635230424635665e+04 2.276187037930825774e+00 2.359183818608239669e+00 1.546649174325482656e+00 2.293206087239381130e+00 2.160974298607868160e+00 2.051462049608642424e+00 2.166176579477857800e+00 2.552337054686630413e+00 2.356757309705984405e+00 2.150604164952759412e+00 2.365236000656974813e+00 1.859250503039662883e+00 2.363141972881849906e+00 2.282896863251988151e+00 2.079106847000254721e+00 2.485326530418938695e+00 1.300022020977669834e+00 2.602313596508498304e+05 2.322813301096468663e+00 9.060223894899323932e+04 2.253861127527454489e+00 2.669850452790829998e+00 1.628196593881130320e+04
2.602310523712679569e+05 2.602316331286687346e+05 2.602313081494296785e+05 2.602311538550951518e+05 2.602306884895236290e+05 2.602312842600660515e+05 2.602310750152174151e+05 2.602308291344569006e+05 2.602309409603828099e+05 2.602313987183170102e+05 2.602311401701815194e+05 2.602310284758154012e+05 2.602312348147705779e+05 2.602307505581834703e+05 2.602311876777290599e+05 2.602312225632467889e+05 2.602309567107256153e+05 2.602313535753156466e+05 2.602313596508498013e+05 1.627939151683620003e+05 2.602313396883180831e+05 2.581474899010948720e+05 2.602311184701549355e+05 2.602314444915752683e+05 2.548049834845713631e+05
2.415298900726375209e+00 3.333644850183681410e+04 2.439358326204358551e+00 2.532871430754854547e+00 1.676956008738611059e+00 2.475021539954620486e+00 2.262634959121441192e+00 2.073669391881422630e+00 2.358437461742428631e+00 2.480000278785408963e+00 2.469635259756627566e+00 2.276968637247863914e+00 2.553023964871944163e+00 1.929576043978928457e+00 2.507696351878399010e+00 2.563113325774262208e+00 2.204419188742486657e+00 2.406586612451009355e+00 2.322813301096468663e+00 2.602313396883180249e+05 1.502592438165774702e+00 9.060235624414266204e+04 2.445753147592232501e+00 2.667429745030955424e+00 1.628204600808050418e+04
9.060201480391007499e+04 9.060227499504562002e+04 9.060218761468153389e+04 9.060209169558472058e+04 9.060140806359826820e+04 9.060219014540374337e+04 9.060184466968970082e+04 9.060160531595929933e+04 9.060193850236781873e+04 9.060232352897604869e+04 9.060208130868899752e+04 9.060172664868709398e+04 9.060205587752343854e+04 9.060141879747445637e+04 9.060201863913459238e+04 9.060212934044329450e+04 9.060173639382582041e+04 9.060230773979598598e+04 9.060223894899323932e+04 2.581474899010948720e+05 9.060235624414266204e+04 6.108897268934609747e+04 9.060204375734752102e+04 9.060243247909836646e+04 8.517597546188349952e+04
1.989688544892392885e+00 3.333609726652242534e+04 2.235653629451118007e+00 2.032378194551078820e+00 1.358179326775958096e+00 2.208776169363510178e+00 1.908303931000193243e+00 1.846582779472469849e+00 1.961565745513510484e+00 2.501869158674827176e+00 1.967579019016772124e+00 1.870594756192479613e+00 1.998382629126691512e+00 1.719240960491033254e+00 2.004882029816338118e+00 2.027371819279738752e+00 1.908356204166996584e+00 2.472881670087961226e+00 2.253861127527454489e+00 2.602311184701549355e+05 2.445753147592232501e+00 9.060204375734752102e+04 1.184873825610514020e+00 2.558545207024485180e+00 1.628176353030011342e+04
2.581803609886132556e+00 3.333636926157357084e+04 2.681175828357689639e+00 2.639704068246939705e+00 1.778557397920720318e+00 2.694646433356522763e+00 2.429093141957253010e+00 2.200135533093153573e+00 2.536608831213427173e+00 2.565747384503088036e+00 2.621087698537690525e+00 2.318858379113943879e+00 2.613618748166520511e+00 2.035683183855934164e+00 2.609543516030066623e+00 2.655611066354317540e+00 2.283865513503345657e+00 2.638167352443034464e+00 2.669850452790829554e+00 2.602314444915752683e+05 2.667429745030955424e+00 9.060243247909836646e+04 2.558545207024485180e+00 1.501382572949930383e+00 1.628186937803408182e+04
1.628164017114055059e+04 2.790989444949559402e+04 1.628201706349360211e+04 1.628186445495007865e+04 1.628106745410483745e+04 1.628195279505267899e+04 1.628159266979143285e+04 1.628127116852288600e+04 1.628164310181022302e+04 1.628201568359517296e+04 1.628179583086355160e+04 1.628149379990799389e+04 1.628186315825676138e+04 1.628117860581094465e+04 1.628181804962496062e+04 1.628186645671482620e+04 1.628149317980476917e+04 1.628200552995168800e+04 1.628196593881130320e+04 2.548049834845713922e+05 1.628204600808050418e+04 8.517597546188351407e+04 1.628176353030011342e+04 1.628186937803408182e+04 2.195958391710608339e+04
