3.220228948264223789e-01 1.596787827557058614e+00 1.840397923875432662e+00 1.789473684210526550e+00 2.125000000000000444e+00 1.860294117647059098e+00 2.125000000000000444e+00 1.805821441002436245e+00 2.478997192313959097e+00 1.337071051330749105e+00 1.436903244269844393e+00 2.125000000000000444e+00 5.236109184668366057e-01 1.957945900253593274e+00 1.000000000000000000e+00 1.542546112621606902e+00 2.164473684210526550e+00 2.625000000000000444e+00 1.864644970414201408e+00 1.382352941176470784e+00 1.316176470588235281e+00 1.855769230769230393e+00 2.164473684210526550e+00 1.172292914107270434e+00 1.163267531137857080e+00
1.596787827557058614e+00 4.392128086079562510e-01 9.654934848433299743e-01 2.185897435897436125e+00 2.250000000000000000e+00 2.000000000000000444e+00 2.224687705456936282e+00 1.998520710059171313e+00 2.792629197427957788e+00 1.822478991596638398e+00 1.797118847539015629e+00 2.203947368421053099e+00 1.526098901098901228e+00 1.984573119188504320e+00 1.044871794871794712e+00 1.711207874370716420e+00 2.329081632653061451e+00 2.955128205128204844e+00 1.935501319477454407e+00 1.278195488721804329e+00 1.677083333333333259e+00 2.105769230769230393e+00 2.447916666666666963e+00 1.220141700404858476e+00 1.805103550295858339e+00
1.840397923875432440e+00 9.654934848433299743e-01 2.534641887849234387e-01 2.185897435897436125e+00 2.099687705456936282e+00 2.000000000000000444e+00 2.250000000000000000e+00 1.882352941176470340e+00 2.792629197427957788e+00 1.867029164607019176e+00 1.771873455264459052e+00 2.203947368421053099e+00 1.744747899159664106e+00 1.596153846153846478e+00 1.044871794871794712e+00 1.818019855000824192e+00 2.267857142857143238e+00 2.955128205128204844e+00 2.000000000000000444e+00 1.735294117647058876e+00 1.677083333333333259e+00 2.105769230769230393e+00 2.447916666666666963e+00 1.255176302480982997e+00 1.867647058823529660e+00
1.789473684210526550e+00 2.185897435897436125e+00 2.185897435897436125e+00 2.473667968173463017e-01 2.184335963182117091e+00 2.185897435897436125e+00 2.181213017751479466e+00 2.185897435897435681e+00 1.712554750956751359e+00 1.141088014153029739e+00 1.264879636064952129e+00 2.125138921965547212e+00 1.946428571428571841e+00 1.875457875457875678e+00 1.164036817882971864e+00 2.069277761711972197e+00 2.000000000000000444e+00 1.814783507091199510e+00 2.185897435897435681e+00 2.185897435897436125e+00 1.364583333333333259e+00 7.569958950049452406e-01 1.789738306565229919e+00 1.244601889338731393e+00 1.390796703296704129e+00
2.125000000000000000e+00 2.250000000000000000e+00 2.099687705456936282e+00 2.184335963182117091e+00 3.110618014464168746e-01 2.221218727291602413e+00 1.374506903353057252e+00 2.125000000000000000e+00 2.657109802293177836e+00 2.005921485172497576e+00 1.757952573742047608e+00 1.251509567805114687e+00 2.125000000000000444e+00 1.548358692589461238e+00 1.293721236028928079e+00 2.217661078238001515e+00 1.973247089762927065e+00 2.828073635765943283e+00 2.250000000000000444e+00 2.224687705456936282e+00 1.427083333333333481e+00 2.000000000000000444e+00 2.444711538461538769e+00 1.380910544431621201e+00 2.045282708744248001e+00
1.860294117647058654e+00 2.000000000000000444e+00 2.000000000000000444e+00 2.185897435897436125e+00 2.221218727291602413e+00 2.090065035941865712e-01 2.223684210526316374e+00 9.186866327554589207e-01 2.599138619535078742e+00 1.748949579831932999e+00 1.638652552433715881e+00 2.181786703601108712e+00 1.946428571428571841e+00 2.094674556213018235e+00 1.044871794871794712e+00 1.279099482980263103e+00 2.276315789473684070e+00 2.830128205128205288e+00 1.500000000000000222e+00 1.750000000000000222e+00 1.588267543859649411e+00 2.105769230769230393e+00 2.286732456140351033e+00 1.235486872878608144e+00 1.750000000000000222e+00
2.125000000000000000e+00 2.224687705456936282e+00 2.250000000000000000e+00 2.181213017751479466e+00 1.374506903353057252e+00 2.223684210526316374e+00 1.259040105193951486e-01 2.125000000000000000e+00 2.666889552457543555e+00 2.004606560780649804e+00 1.757952573742047608e+00 5.726363419861870696e-01 2.125000000000000444e+00 2.118131868131868156e+00 1.291420118343195034e+00 2.229166666666666519e+00 2.099605522682445713e+00 2.823964497041420163e+00 2.250000000000000444e+00 2.250000000000000000e+00 1.427083333333333481e+00 2.000000000000000444e+00 2.438301282051282382e+00 1.389375370204139148e+00 2.039694280078896416e+00
1.805821441002436023e+00 1.998520710059171313e+00 1.882352941176470340e+00 2.185897435897435681e+00 2.125000000000000000e+00 9.186866327554589207e-01 2.125000000000000000e+00 9.303090072320825688e-02 2.667629197427957344e+00 1.785714285714285365e+00 1.732142857142857206e+00 2.098684210526314597e+00 1.811813186813186594e+00 2.091715976331360860e+00 1.044871794871794490e+00 1.495650183150182722e+00 2.125000000000000000e+00 2.830128205128204844e+00 1.498520710059171535e+00 1.999999999999999778e+00 1.489583333333333037e+00 2.105769230769229949e+00 2.385416666666666519e+00 1.246844486782567207e+00 1.867603550295857673e+00
2.478997192313959097e+00 2.792629197427957788e+00 2.792629197427957788e+00 1.712554750956751359e+00 2.657109802293177836e+00 2.599138619535078742e+00 2.666889552457543555e+00 2.667629197427957344e+00 5.472845838938102947e-01 2.025565458198227198e+00 1.509753512664606889e+00 2.643390970281143559e+00 2.533013812812573651e+00 2.690311643187326407e+00 1.789177520899358109e+00 2.529329247147398707e+00 2.403314564692273780e+00 7.968289153095049482e-01 2.792629197427957788e+00 2.792629197427957788e+00 1.467945601109746034e+00 1.679944400681479211e+00 1.790403201922314835e+00 1.782994904212674925e+00 2.237720290545368584e+00
1.337071051330749105e+00 1.822478991596638620e+00 1.867029164607019398e+00 1.141088014153029961e+00 2.005921485172497576e+00 1.748949579831932999e+00 2.004606560780650248e+00 1.785714285714285365e+00 2.025565458198227198e+00 3.153621243050190870e-01 9.962958466338363017e-01 1.998964813235054372e+00 1.528195488721804551e+00 1.862244897959183909e+00 1.000000000000000000e+00 1.654829841746051411e+00 1.876397107166338118e+00 2.231591058514135639e+00 1.822478991596638398e+00 1.873949579831932999e+00 1.072970543454587089e+00 1.135054126070894176e+00 1.802083333333333481e+00 1.006071531419321596e+00 6.760318318129709958e-01
1.436903244269844393e+00 1.797118847539015851e+00 1.771873455264459052e+00 1.264879636064952129e+00 1.757952573742047608e+00 1.638652552433715881e+00 1.757952573742047608e+00 1.732142857142857206e+00 1.509753512664606889e+00 9.962958466338363017e-01 3.909328533070584033e-01 1.750338439608680963e+00 1.525360144057623213e+00 1.612516604274845999e+00 8.571428571428570953e-01 1.572972793484348486e+00 1.682221985648822082e+00 1.776107188437505258e+00 1.827731092436975180e+00 1.857142857142857428e+00 5.608359805564493428e-01 1.382854568907270654e+00 1.603074615771528988e+00 8.683830949913028396e-01 1.316981214784263887e+00
2.125000000000000000e+00 2.203947368421053099e+00 2.203947368421053099e+00 2.125138921965547212e+00 1.251509567805114687e+00 2.181786703601108712e+00 5.726363419861870696e-01 2.098684210526314597e+00 2.643390970281143559e+00 1.998964813235054372e+00 1.750338439608680963e+00 4.690225490268549735e-01 2.125000000000000444e+00 1.939639278321107385e+00 1.248819163292847367e+00 2.183114035087719618e+00 2.113905325443787397e+00 2.764338731443995112e+00 2.203947368421053099e+00 2.203947368421053099e+00 1.419730392156862697e+00 1.928155162993991478e+00 2.447916666666666963e+00 1.373651731910221940e+00 2.048076923076923794e+00
5.236109184668366057e-01 1.526098901098901228e+00 1.744747899159664106e+00 1.946428571428571841e+00 2.125000000000000444e+00 1.946428571428571841e+00 2.125000000000000444e+00 1.811813186813186594e+00 2.533013812812573651e+00 1.528195488721804551e+00 1.525360144057622991e+00 2.125000000000000444e+00 1.762803740825720500e-01 2.021389324960754408e+00 1.000000000000000000e+00 1.653273809523809978e+00 2.250000000000000000e+00 2.625000000000000444e+00 1.936813186813187038e+00 1.428571428571428381e+00 1.250000000000000000e+00 1.927197802197802012e+00 2.250000000000000000e+00 1.211588076526156854e+00 1.460851648351648047e+00
1.957945900253593052e+00 1.984573119188504320e+00 1.596153846153846478e+00 1.875457875457875678e+00 1.548358692589461238e+00 2.094674556213018235e+00 2.118131868131868156e+00 2.091715976331360860e+00 2.690311643187326407e+00 1.862244897959183687e+00 1.612516604274845999e+00 1.939639278321107385e+00 2.021389324960754408e+00 3.202645949898693667e-01 1.141025641025641191e+00 1.857663627581210841e+00 2.230361671295737480e+00 2.858974358974359031e+00 1.987456313367244931e+00 2.096153846153846700e+00 1.580929487179486781e+00 1.810122569737954379e+00 2.447916666666666519e+00 1.361515409651871122e+00 1.907650042265427448e+00
9.999999999999998890e-01 1.044871794871794712e+00 1.044871794871794712e+00 1.164036817882971864e+00 1.293721236028928079e+00 1.044871794871794712e+00 1.291420118343195034e+00 1.044871794871794490e+00 1.789177520899358109e+00 9.999999999999998890e-01 8.571428571428570953e-01 1.248819163292847367e+00 1.000000000000000000e+00 1.141025641025641191e+00 5.752794214332654366e-02 1.044871794871794712e+00 1.330128205128205066e+00 1.926364234056541669e+00 1.044871794871794712e+00 1.044871794871794712e+00 6.770833333333330373e-01 1.105769230769230171e+00 1.403044871794871806e+00 2.736620237215614537e-01 1.000000000000000000e+00
1.542546112621607346e+00 1.711207874370715754e+00 1.818019855000824192e+00 2.069277761711972197e+00 2.217661078238001515e+00 1.279099482980263103e+00 2.229166666666666519e+00 1.495650183150182722e+00 2.529329247147398707e+00 1.654829841746051411e+00 1.572972793484348486e+00 2.183114035087719618e+00 1.653273809523809978e+00 1.857663627581210841e+00 1.044871794871794712e+00 9.141690358071069555e-01 2.216143036161833280e+00 2.830128205128205288e+00 1.416322607244474785e+00 1.793242296918767797e+00 1.588541666666666741e+00 2.041781135531135494e+00 2.266401681286550396e+00 1.137221845783223717e+00 1.568411980176685372e+00
2.164473684210526550e+00 2.329081632653061451e+00 2.267857142857143238e+00 2.000000000000000444e+00 1.973247089762927065e+00 2.276315789473684070e+00 2.099605522682445713e+00 2.125000000000000000e+00 2.403314564692273780e+00 1.876397107166337896e+00 1.682221985648822082e+00 2.113905325443787397e+00 2.250000000000000000e+00 2.230361671295737480e+00 1.330128205128205066e+00 2.216143036161833280e+00 5.377757553885921249e-01 2.732142857142857206e+00 2.125000000000000000e+00 2.375000000000000444e+00 1.667467948717948900e+00 2.107248520710058859e+00 1.434025909064170712e+00 1.359127783782463794e+00 1.942143326758712263e+00
2.625000000000000444e+00 2.955128205128204844e+00 2.955128205128204844e+00 1.814783507091199510e+00 2.828073635765943283e+00 2.830128205128205288e+00 2.823964497041420163e+00 2.830128205128204844e+00 7.968289153095050592e-01 2.231591058514135639e+00 1.776107188437505258e+00 2.764338731443995112e+00 2.625000000000000444e+00 2.858974358974359031e+00 1.926364234056541669e+00 2.830128205128205288e+00 2.732142857142857206e+00 2.301117685733070350e-01 2.955128205128204844e+00 2.955128205128204844e+00 1.624280900723208632e+00 1.611816916115559106e+00 2.108383368140155589e+00 2.035141659695125060e+00 2.408653846153847145e+00
1.864644970414201408e+00 1.935501319477454407e+00 2.000000000000000444e+00 2.185897435897436125e+00 2.250000000000000000e+00 1.500000000000000222e+00 2.250000000000000000e+00 1.498520710059171535e+00 2.792629197427957788e+00 1.822478991596638398e+00 1.827731092436975180e+00 2.203947368421053099e+00 1.936813186813187038e+00 1.987456313367244931e+00 1.044871794871794712e+00 1.416322607244475007e+00 2.125000000000000000e+00 2.955128205128204844e+00 2.585920838637649766e-01 1.769230769230769384e+00 1.677083333333333259e+00 2.105769230769230393e+00 2.114583333333333481e+00 1.220141700404858476e+00 1.867603550295858117e+00
1.382352941176470784e+00 1.278195488721804329e+00 1.735294117647058876e+00 2.185897435897436125e+00 2.224687705456936282e+00 1.750000000000000222e+00 2.250000000000000000e+00 1.999999999999999778e+00 2.792629197427957788e+00 1.873949579831932777e+00 1.857142857142857428e+00 2.203947368421053099e+00 1.428571428571428381e+00 2.096153846153846700e+00 1.044871794871794712e+00 1.793242296918767797e+00 2.375000000000000444e+00 2.955128205128204844e+00 1.769230769230768940e+00 1.150558842866535175e-01 1.677083333333333259e+00 2.105769230769230393e+00 2.447916666666666963e+00 1.286318170993093979e+00 1.687500000000000000e+00
1.316176470588235281e+00 1.677083333333333259e+00 1.677083333333333259e+00 1.364583333333333259e+00 1.427083333333333481e+00 1.588267543859649411e+00 1.427083333333333481e+00 1.489583333333333037e+00 1.467945601109746034e+00 1.072970543454587089e+00 5.608359805564493428e-01 1.419730392156862697e+00 1.250000000000000000e+00 1.580929487179486781e+00 6.770833333333330373e-01 1.588541666666666741e+00 1.667467948717948900e+00 1.624280900723208632e+00 1.677083333333333259e+00 1.677083333333333259e+00 1.391251643655489478e-01 1.221092209072978108e+00 1.661049836601307117e+00 6.245425879788227830e-01 1.298076923076923572e+00
1.855769230769230171e+00 2.105769230769230393e+00 2.105769230769230393e+00 7.569958950049454627e-01 2.000000000000000444e+00 2.105769230769230393e+00 2.000000000000000444e+00 2.105769230769229949e+00 1.679944400681479211e+00 1.135054126070894176e+00 1.382854568907270654e+00 1.928155162993991478e+00 1.927197802197802012e+00 1.810122569737954379e+00 1.105769230769230171e+00 2.041781135531135494e+00 2.107248520710058859e+00 1.611816916115559328e+00 2.105769230769230393e+00 2.105769230769230393e+00 1.221092209072978108e+00 2.835004288291493313e-01 2.003368711738088503e+00 1.272356693057349775e+00 1.264423076923077316e+00
2.164473684210526550e+00 2.447916666666666963e+00 2.447916666666666963e+00 1.789738306565229919e+00 2.444711538461538769e+00 2.286732456140351033e+00 2.438301282051281937e+00 2.385416666666666519e+00 1.790403201922315057e+00 1.802083333333333259e+00 1.603074615771528988e+00 2.447916666666666963e+00 2.250000000000000000e+00 2.447916666666666963e+00 1.403044871794871806e+00 2.266401681286550396e+00 1.434025909064170712e+00 2.108383368140155589e+00 2.114583333333333481e+00 2.447916666666666963e+00 1.661049836601307117e+00 2.003368711738088503e+00 4.296273380857157376e-01 1.432784095419544323e+00 1.929487179487180848e+00
1.172292914107270434e+00 1.220141700404858476e+00 1.255176302480982997e+00 1.244601889338731393e+00 1.380910544431621201e+00 1.235486872878608144e+00 1.389375370204139148e+00 1.246844486782567207e+00 1.782994904212674925e+00 1.006071531419321596e+00 8.683830949913027286e-01 1.373651731910221940e+00 1.211588076526156854e+00 1.361515409651871122e+00 2.736620237215614537e-01 1.137221845783223939e+00 1.359127783782463572e+00 2.035141659695125060e+00 1.220141700404858476e+00 1.286318170993093979e+00 6.245425879788227830e-01 1.272356693057349553e+00 1.432784095419544323e+00 2.260897146486519349e-01 1.093441814595660810e+00
1.163267531137857080e+00 1.805103550295858339e+00 1.867647058823529660e+00 1.390796703296704129e+00 2.045282708744248001e+00 1.750000000000000222e+00 2.039694280078896416e+00 1.867603550295857673e+00 2.237720290545368584e+00 6.760318318129709958e-01 1.316981214784263887e+00 2.048076923076923794e+00 1.460851648351648047e+00 1.907650042265427448e+00 1.000000000000000000e+00 1.568411980176685372e+00 1.942143326758712263e+00 2.408653846153847145e+00 1.867603550295858117e+00 1.687500000000000000e+00 1.298076923076923572e+00 1.264423076923077094e+00 1.929487179487180848e+00 1.093441814595660810e+00 3.037886259040109005e-01
