3.990141228393532802e-01 4.025451408851949382e+05 2.506107249143294175e+05 1.444993588143408415e+05 2.799785963567993531e+04 3.938279290730432422e+03 1.291963161148905783e+04 1.230390718421756180e+00 2.165489865048443608e+04 1.204980825259264421e+00 3.149746508775422262e+04 1.120047622113563790e+00 8.440259026040168828e+04 1.974723306853187387e+05 4.827668153708019963e+04 5.493218235166035447e+04 8.093073443577168957e-01 5.092238313920303767e+02 1.060191476669842814e+00 4.330849938260797353e+04 1.074757886368337204e+05 3.214285162714437465e+05 8.531466518781386185e+03 9.712288117516781893e-01 1.215409964060487846e+00
4.025451408851949382e+05 1.252205070259087806e+05 2.676467460271837772e+05 3.443413279544984107e+05 3.907345703823399963e+05 4.025454796931641176e+05 4.025455249680120032e+05 4.025453610751624219e+05 3.966400800495151780e+05 4.025453284607793321e+05 3.907345850901765516e+05 4.025452914078463218e+05 3.621912991307718330e+05 3.098121235367738991e+05 3.776112495507969288e+05 3.732993123076137272e+05 4.025452096397972782e+05 4.025454610034645884e+05 4.025452789286460611e+05 3.789235252315147081e+05 3.556453050296467263e+05 2.332385408315341338e+05 4.025454635686816764e+05 4.025451996458091307e+05 4.025453892630534829e+05
2.506107249143294175e+05 2.676467460271837190e+05 6.525772705254056928e+04 1.756192444129763171e+05 2.388002371207943361e+05 2.506111295991506486e+05 2.506112050883938500e+05 2.506110555192886968e+05 2.447057353493116098e+05 2.506110018502462772e+05 2.388002549106941151e+05 2.506109723817094055e+05 2.056624397385505144e+05 1.370495267461527546e+05 2.256769873146375758e+05 2.213650095911378448e+05 2.506108018135037273e+05 2.506111238243839471e+05 2.506109393174620054e+05 2.269892543343662401e+05 1.924445427549270971e+05 1.705844146039294137e+05 2.506112021068017057e+05 2.506108939114318346e+05 2.506111027507077379e+05
1.444993588143408415e+05 3.443413279544984107e+05 1.756192444129763171e+05 2.749593717884408034e+04 1.326889378170544514e+05 1.444999468333676050e+05 1.444999586237511248e+05 1.444998082272186293e+05 1.385944258631312696e+05 1.444998026700068440e+05 1.326889694137034821e+05 1.444997269283885835e+05 8.602850481460854644e+04 9.783037036916649959e+04 1.159098092719940760e+05 1.100619358563663991e+05 1.444994448000282282e+05 1.444998933994521794e+05 1.444996704620835662e+05 1.208779695147989260e+05 6.224710708135947061e+04 2.610865251665087999e+05 1.444999435320060002e+05 1.444995735473147652e+05 1.444998505164642120e+05
2.799785963567993531e+04 3.907345703823399963e+05 2.388002371207943361e+05 1.326889378170544223e+05 2.370150498764870918e+03 2.406140011639117802e+04 1.587592406000501978e+04 2.799844228807873151e+04 9.174324363995730891e+03 2.799839814682737415e+04 8.596127673422393855e+03 2.799838070656922719e+04 6.961512973706105549e+04 1.856619466484083387e+05 3.209170122832452398e+04 3.874728497999213869e+04 2.799810036254958322e+04 2.749034479765366996e+04 2.799831163886013383e+04 2.712354614509438761e+04 9.566532818759807560e+04 3.096179652127490845e+05 1.946818643115710074e+04 2.799822491098213504e+04 2.799839914982419577e+04
3.938279290730432422e+03 4.025454796931641176e+05 2.506111295991506486e+05 1.444999468333676050e+05 2.406140011639117802e+04 7.065433254247781569e-01 8.983002334052198421e+03 3.938733802663616643e+03 1.771834280806236711e+04 3.938754768358253386e+03 2.946596842934783126e+04 3.938765324804970987e+03 8.440319911502693139e+04 1.974728299966831109e+05 4.827734597794638830e+04 5.493279092692953418e+04 3.938533516679355216e+03 3.430500751855622639e+03 3.938734092819793204e+03 4.330906489731870533e+04 1.074763906580537150e+05 3.214288834423966473e+05 4.594746924374375340e+03 3.938655247418468662e+03 3.938787633873857430e+03
1.291963161148905783e+04 4.025455249680120032e+05 2.506112050883938500e+05 1.444999586237511248e+05 1.587592406000501978e+04 8.983002334052198421e+03 1.592465228072019727e+03 1.292013061057789128e+04 8.736924443150683146e+03 1.292012802070169164e+04 2.323239348631326357e+04 1.292012246090045301e+04 8.145042973962533870e+04 1.974728765128556697e+05 4.434027323599517695e+04 5.099575905600793340e+04 1.291986570849851705e+04 1.241205164474117555e+04 1.292010196027370876e+04 3.937210111165048875e+04 1.074763710302314139e+05 3.214289164612666355e+05 4.389688576510829989e+03 1.292002063820441981e+04 1.292019757392268912e+04
1.230390718421756180e+00 4.025453610751624219e+05 2.506110555192886968e+05 1.444998082272186293e+05 2.799844228807873151e+04 3.938733802663617098e+03 1.292013061057789128e+04 7.438396079749513001e-01 2.165540931806976005e+04 1.470137667587439578e+00 3.149799242938726093e+04 1.553131963699788454e+00 8.440307114737335360e+04 1.974727504546812270e+05 4.827729708037222008e+04 5.493272832568604645e+04 1.400420863239107971e+00 5.096352959535702212e+02 1.514152619914982845e+00 4.330909130897742580e+04 1.074763174169827398e+05 3.214288075295229210e+05 8.531960821000458964e+03 1.513429240707900414e+00 1.496281420255373362e+00
2.165489865048443608e+04 3.966400800495151780e+05 2.447057353493116098e+05 1.385944258631312987e+05 9.174324363995732710e+03 1.771834280806236711e+04 8.736924443150684965e+03 2.165540931806976005e+04 5.906345904157185032e+03 2.165539556628638093e+04 1.732678897215292091e+04 2.165541017198546615e+04 7.554493472003897477e+04 1.915674063467264932e+05 3.843475807547921431e+04 4.509026284241629764e+04 2.165510401263480890e+04 2.114734657049814996e+04 2.165534603142185006e+04 3.346656037466881389e+04 1.015709086331165017e+05 3.155234309704260086e+05 1.312508898662297725e+04 2.165527890547981951e+04 2.165541333268277594e+04
1.204980825259264421e+00 4.025453284607793321e+05 2.506110018502462772e+05 1.444998026700068440e+05 2.799839814682737415e+04 3.938754768358253386e+03 1.292012802070169164e+04 1.470137667587440022e+00 2.165539556628637729e+04 7.115579538894831746e-01 3.149799831952097520e+04 1.352482036008192834e+00 8.440301448302427889e+04 1.974727177226278000e+05 4.827719735908100120e+04 5.493261472592530481e+04 1.388841581525880331e+00 5.096785694436907761e+02 1.462846103456897806e+00 4.330901487776832801e+04 1.074762750903704873e+05 3.214287215076077846e+05 8.531978004058899387e+03 1.477093562382927106e+00 1.544782304202403145e+00
3.149746508775422262e+04 3.907345850901764934e+05 2.388002549106941151e+05 1.326889694137034821e+05 8.596127673422393855e+03 2.946596842934783126e+04 2.323239348631326357e+04 3.149799242938726093e+04 1.732678897215292091e+04 3.149799831952097520e+04 4.919164344045792859e+03 3.149798344808994443e+04 6.942068100612031412e+04 1.856619555708692933e+05 2.479678698011338929e+04 3.267237578205519094e+04 3.149767411668613204e+04 3.123581845215323119e+04 3.149790541218925500e+04 1.946323147779490318e+04 9.566536279737022414e+04 3.096179622852501925e+05 2.582971804596451329e+04 3.149782573183401109e+04 3.149802688835398294e+04
1.120047622113563568e+00 4.025452914078463218e+05 2.506109723817094055e+05 1.444997269283885835e+05 2.799838070656922719e+04 3.938765324804970987e+03 1.292012246090045301e+04 1.553131963699788454e+00 2.165541017198546615e+04 1.352482036008192834e+00 3.149798344808995171e+04 6.929504821195164865e-01 8.440298615762717964e+04 1.974726933181650529e+05 4.827716538387984474e+04 5.493263234767366521e+04 1.306947029417954598e+00 5.096738715470378907e+02 1.357209518067263421e+00 4.330897782010961237e+04 1.074762153167877550e+05 3.214287223963849829e+05 8.531979959146558031e+03 1.365554399118313000e+00 1.477454888950965106e+00
8.440259026040168828e+04 3.621912991307717748e+05 2.056624397385505144e+05 8.602850481460854644e+04 6.961512973706105549e+04 8.440319911502693139e+04 8.145042973962533870e+04 8.440307114737335360e+04 7.554493472003897477e+04 8.440301448302427889e+04 6.942068100612031412e+04 8.440298615762717964e+04 1.043632405154505977e+04 1.470834921877211891e+05 5.264150723540792387e+04 4.434129743474068528e+04 8.440270272604981437e+04 8.440317744078252872e+04 8.440292729353033064e+04 5.760959571219953796e+04 3.328299321150554897e+04 2.799853349092811695e+05 8.268077911232411861e+04 8.440283841081595165e+04 8.440312086431686475e+04
1.974723306853187387e+05 3.098121235367739573e+05 1.370495267461527546e+05 9.783037036916651414e+04 1.856619466484082805e+05 1.974728299966831109e+05 1.974728765128556697e+05 1.974727504546812270e+05 1.915674063467264932e+05 1.974727177226278000e+05 1.856619555708692933e+05 1.974726933181650529e+05 1.470834921877212182e+05 5.763073779593562358e+04 1.709718365162336850e+05 1.665393468977021112e+05 1.974724589741049276e+05 1.974728191781403148e+05 1.974726322193813685e+05 1.738508922597167257e+05 1.266175743191466026e+05 2.273676815213939990e+05 1.974728988500073610e+05 1.974725753667668032e+05 1.974727521280442597e+05
4.827668153708019963e+04 3.776112495507969288e+05 2.256769873146376049e+05 1.159098092719940760e+05 3.209170122832452398e+04 4.827734597794638830e+04 4.434027323599517695e+04 4.827729708037221280e+04 3.843475807547920704e+04 4.827719735908100120e+04 2.479678698011338201e+04 4.827716538387984474e+04 5.264150723540792387e+04 1.709718365162336850e+05 4.172188728771705428e+03 1.049403259882533166e+04 4.827688788891256263e+04 4.827724412496831792e+04 4.827707835259132116e+04 7.307607951105809661e+03 7.888618694429904281e+04 2.964946335900597624e+05 4.598067586045998905e+04 4.827705179854917515e+04 4.827723628432252735e+04
5.493218235166035447e+04 3.732993123076137272e+05 2.213650095911378448e+05 1.100619358563663991e+05 3.874728497999214596e+04 5.493279092692954146e+04 5.099575905600793340e+04 5.493272832568604645e+04 4.509026284241629764e+04 5.493261472592531936e+04 3.267237578205519094e+04 5.493263234767366521e+04 4.434129743474069255e+04 1.665393468977021112e+05 1.049403259882533166e+04 9.087213660233635892e+03 5.493234833261903987e+04 5.493276013172528474e+04 5.493256385551504354e+04 1.772692951931797143e+04 7.154892715180607047e+04 2.921827287960812100e+05 5.263621592646779027e+04 5.493252419195153925e+04 5.493272797266741691e+04
8.093073443577168957e-01 4.025452096397972782e+05 2.506108018135037273e+05 1.444994448000282282e+05 2.799810036254958322e+04 3.938533516679355216e+03 1.291986570849851705e+04 1.400420863239107971e+00 2.165510401263480526e+04 1.388841581525880109e+00 3.149767411668613931e+04 1.306947029417954820e+00 8.440270272604981437e+04 1.974724589741049276e+05 4.827688788891256263e+04 5.493234833261903987e+04 6.003853577234933292e-01 5.094951693497835095e+02 1.239236916624411489e+00 4.330871391097224114e+04 1.074759281851185515e+05 3.214285588236798067e+05 8.531748414755249541e+03 1.100298447703940363e+00 1.452188700590608228e+00
5.092238313920303199e+02 4.025454610034646466e+05 2.506111238243839471e+05 1.444998933994521794e+05 2.749034479765366996e+04 3.430500751855623093e+03 1.241205164474117737e+04 5.096352959535702212e+02 2.114734657049814268e+04 5.096785694436907761e+02 3.123581845215324211e+04 5.096738715470378907e+02 8.440317744078252872e+04 1.974728191781403148e+05 4.827724412496833247e+04 5.493276013172528474e+04 5.094951693497835095e+02 8.856864758198504433e+02 5.096222077963602715e+02 4.330907219266489119e+04 1.074763354402226541e+05 3.214288736688425415e+05 8.023842792843799543e+03 5.096069371396128531e+02 5.096570695728469786e+02
1.060191476669842814e+00 4.025452789286460611e+05 2.506109393174620054e+05 1.444996704620835662e+05 2.799831163886013383e+04 3.938734092819793204e+03 1.292010196027370876e+04 1.514152619914982845e+00 2.165534603142184642e+04 1.462846103456897806e+00 3.149790541218925500e+04 1.357209518067263421e+00 8.440292729353033064e+04 1.974726322193813685e+05 4.827707835259132116e+04 5.493256385551504354e+04 1.239236916624411489e+00 5.096222077963602715e+02 6.626072249210418486e-01 4.330893725750532030e+04 1.074761117483733251e+05 3.214286347307070973e+05 8.531930803450188250e+03 1.268345327203513451e+00 1.554837973041274024e+00
4.330849938260797353e+04 3.789235252315148246e+05 2.269892543343662692e+05 1.208779695147989260e+05 2.712354614509438761e+04 4.330906489731870533e+04 3.937210111165048875e+04 4.330909130897741852e+04 3.346656037466882117e+04 4.330901487776832801e+04 1.946323147779490318e+04 4.330897782010960509e+04 5.760959571219953796e+04 1.738508922597167257e+05 7.307607951105811480e+03 1.772692951931797143e+04 4.330871391097224114e+04 4.330907219266489119e+04 4.330893725750532030e+04 8.186612794045788899e-01 8.385433670983204502e+04 2.978069705632080440e+05 4.101251921272658365e+04 4.330883516948707256e+04 4.330906508243808639e+04
1.074757886368337204e+05 3.556453050296467263e+05 1.924445427549270971e+05 6.224710708135947061e+04 9.566532818759807560e+04 1.074763906580537296e+05 1.074763710302314139e+05 1.074763174169827398e+05 1.015709086331165163e+05 1.074762750903704873e+05 9.566536279737023870e+04 1.074762153167877550e+05 3.328299321150554169e+04 1.266175743191466026e+05 7.888618694429905736e+04 7.154892715180605592e+04 1.074759281851185515e+05 1.074763354402226396e+05 1.074761117483733542e+05 8.385433670983204502e+04 1.891572699229496357e+04 2.715337972146434477e+05 1.074763791726830823e+05 1.074760173885298718e+05 1.074763165639836370e+05
3.214285162714437465e+05 2.332385408315341338e+05 1.705844146039294137e+05 2.610865251665087999e+05 3.096179652127490845e+05 3.214288834423966473e+05 3.214289164612666355e+05 3.214288075295228628e+05 3.155234309704260086e+05 3.214287215076077846e+05 3.096179622852501925e+05 3.214287223963849829e+05 2.799853349092811695e+05 2.273676815213939990e+05 2.964946335900597624e+05 2.921827287960812100e+05 3.214285588236797485e+05 3.214288736688425415e+05 3.214286347307070973e+05 2.978069705632081022e+05 2.715337972146434477e+05 8.647940428339035134e+04 3.214288942735760938e+05 3.214286210686651175e+05 3.214288118527965853e+05
8.531466518781386185e+03 4.025454635686816764e+05 2.506112021068017057e+05 1.444999435320060002e+05 1.946818643115710074e+04 4.594746924374375340e+03 4.389688576510829989e+03 8.531960821000458964e+03 1.312508898662297725e+04 8.531978004058901206e+03 2.582971804596451329e+04 8.531979959146558031e+03 8.268077911232411861e+04 1.974728988500073610e+05 4.598067586045998905e+04 5.263621592646779027e+04 8.531748414755249541e+03 8.023842792843799543e+03 8.531930803450188250e+03 4.101251921272658365e+04 1.074763791726830823e+05 3.214288942735760938e+05 3.828430305199650775e+03 8.531866912909172243e+03 8.532006139040557173e+03
9.712288117516781893e-01 4.025451996458091307e+05 2.506108939114318346e+05 1.444995735473147652e+05 2.799822491098213504e+04 3.938655247418468662e+03 1.292002063820441981e+04 1.513429240707900414e+00 2.165527890547981588e+04 1.477093562382927106e+00 3.149782573183401109e+04 1.365554399118313000e+00 8.440283841081595165e+04 1.974725753667668614e+05 4.827705179854917515e+04 5.493252419195153925e+04 1.100298447703940363e+00 5.096069371396129668e+02 1.268345327203513229e+00 4.330883516948707256e+04 1.074760173885298718e+05 3.214286210686651175e+05 8.531866912909172243e+03 6.616803113476805720e-01 1.534860793697499837e+00
1.215409964060487846e+00 4.025453892630534829e+05 2.506111027507077379e+05 1.444998505164642120e+05 2.799839914982420305e+04 3.938787633873857430e+03 1.292019757392269094e+04 1.496281420255373362e+00 2.165541333268277594e+04 1.544782304202403145e+00 3.149802688835399022e+04 1.477454888950965106e+00 8.440312086431686475e+04 1.974727521280442597e+05 4.827723628432252735e+04 5.493272797266741691e+04 1.452188700590608228e+00 5.096570695728469786e+02 1.554837973041274024e+00 4.330906508243808639e+04 1.074763165639836370e+05 3.214288118527965853e+05 8.532006139040557173e+03 1.534860793697499837e+00 7.074059401577258432e-01
