5.831666295006018297e-01 1.655799542321217510e+00 1.478477705386213703e+00 1.675245961303653663e+00 1.295731399925099447e+00 2.028711672942442590e+00 8.333565263568772934e+04 8.333555938942950161e+04 1.436802433835411503e+05 1.233325361383871943e+00 4.629827037536432181e+04 1.015025728519922454e+00 1.798104229008208321e+00 1.912471095321441661e+00 1.778949780143451287e+00 8.333550131086161127e+04 1.758891838834279797e+00 1.720838726012401843e+00 1.923538267288267267e+00 1.797627975102575215e+00 1.666687584207297186e+05 1.867715617715618004e+00 1.928986416007769211e+00 1.734570998420146948e+00 1.058870097340115501e+00
1.655799542321217066e+00 3.828708505530589168e-01 1.708849304647025447e+00 1.452939154862232130e+00 1.666543392504931331e+00 2.250000000000000444e+00 8.333558441304499866e+04 8.333589063581376104e+04 1.436806120692252298e+05 1.561751666080374967e+00 4.629822869559225364e+04 1.145098638407202163e+00 1.844307270233196627e+00 2.248738465974625456e+00 1.963948448718197071e+00 8.333560987193633628e+04 1.602469737576143638e+00 1.529658642639411648e+00 2.166666666666666963e+00 2.214012041598249159e+00 1.666692939634262293e+05 2.246918145956608104e+00 2.190678729598217078e+00 1.981812076526582755e+00 1.749876725838264813e+00
1.478477705386213703e+00 1.708849304647025669e+00 6.869355284561905473e-01 1.802746193904122940e+00 1.499209959279403481e+00 2.038059963540733044e+00 8.333590802501389408e+04 8.333587120104301721e+04 1.436806865379403753e+05 1.498564723780624774e+00 4.629834409782651346e+04 1.230846039289972715e+00 1.964104021440203907e+00 1.885400063894030698e+00 1.819626703885963481e+00 8.333556887616604217e+04 1.913167246388443488e+00 1.759345800211185029e+00 1.956959919145313753e+00 1.820786050579425108e+00 1.666689552463255823e+05 2.097327441077441623e+00 1.943065590773955131e+00 1.901142664643669100e+00 1.454426848749084344e+00
1.675245961303653885e+00 1.452939154862232130e+00 1.802746193904122940e+00 4.166363984482394089e-01 1.663114037223723862e+00 2.194444444444444642e+00 8.333571564337862947e+04 8.333580823035984940e+04 1.436806966934684897e+05 1.410126008719334578e+00 4.629832640221746988e+04 1.139840293642684577e+00 1.861111111111111605e+00 2.309366329766151971e+00 1.797619047619047450e+00 8.333563108939008089e+04 1.562867974083705036e+00 1.609384342794836664e+00 2.221572642797375874e+00 2.047345374931582640e+00 1.666690288119110919e+05 2.219140368178830425e+00 2.138288183187608826e+00 1.854938271604938516e+00 1.798958506786871192e+00
1.295731399925099447e+00 1.666543392504931331e+00 1.499209959279403703e+00 1.663114037223723862e+00 3.680050295011769168e-01 1.616142696918787536e+00 8.333545746383057849e+04 8.333565769423618622e+04 1.436803764259684831e+05 1.014575738157857954e+00 4.629783572151423868e+04 8.600378681174825068e-01 1.768518518518518823e+00 1.720745424149110692e+00 1.752645502645503228e+00 8.333519524831225863e+04 1.703799583607276569e+00 1.571544924554184153e+00 1.766991364630584371e+00 1.770136102028009306e+00 1.666690896385389497e+05 1.774351386377477580e+00 1.586652296529717621e+00 1.827353138339298022e+00 1.166153534169284800e+00
2.028711672942442590e+00 2.250000000000000444e+00 2.038059963540733044e+00 2.194444444444444642e+00 1.616142696918787536e+00 4.699258194323797655e-01 8.333617216597446532e+04 8.333635828476278402e+04 1.436811014651941077e+05 1.554163190150567919e+00 4.629874204478820320e+04 1.423240636039504459e+00 1.990996948444679893e+00 2.084930165836715421e+00 2.154151404151404048e+00 8.333594176082334889e+04 2.104166666666666963e+00 2.069095167652860390e+00 2.046991385232276084e+00 2.155794648934623137e+00 1.666696689746329794e+05 1.836980096582919719e+00 1.806012992576295328e+00 2.166063992987070641e+00 1.909785528691593459e+00
8.333565263568772934e+04 8.333558441304499866e+04 8.333590802501389408e+04 8.333571564337862947e+04 8.333545746383057849e+04 8.333617216597446532e+04 5.178007840503916492e-01 2.336608675402733315e+00 6.034800384528920404e+04 8.333540782290657808e+04 3.703921041988334764e+04 8.333516808466157818e+04 8.333589801603036176e+04 8.333628406322095543e+04 8.333606913846320822e+04 2.002726642637582710e+00 8.333556775567961449e+04 8.333578578176864539e+04 8.333619431105628610e+04 8.333606415737126372e+04 8.333656790432309208e+04 8.333617228924862866e+04 8.333602165442821570e+04 8.333600132625998231e+04 8.333532399678353977e+04
8.333555938942950161e+04 8.333589063581376104e+04 8.333587120104298810e+04 8.333580823035984940e+04 8.333565769423617166e+04 8.333635828476278402e+04 2.336608675402733315e+00 9.851750518824028413e-01 6.034710910428905481e+04 8.333559336744858592e+04 3.703966461840984994e+04 8.333526009487744886e+04 8.333596773000335088e+04 8.333642845469091844e+04 8.333580564991223218e+04 2.478535195351715181e+00 8.333588281641810318e+04 8.333599378599012562e+04 8.333637167397521262e+04 8.333595568840509804e+04 8.333602015616756398e+04 8.333636112006852636e+04 8.333625192676718871e+04 8.333576270857393683e+04 8.333548992283789266e+04
1.436802433835411503e+05 1.436806120692252007e+05 1.436806865379403753e+05 1.436806966934684897e+05 1.436803764259684831e+05 1.436811014651941077e+05 6.034800384528919676e+04 6.034710910428903298e+04 4.760715561204736150e+04 1.436804165630580683e+05 9.738437155879737111e+04 1.436801270133575308e+05 1.436809847969248658e+05 1.436810683811236231e+05 1.436806250085650827e+05 6.034751372860058473e+04 1.436808690424870001e+05 1.436808702135915228e+05 1.436811615731476923e+05 1.436808866679652710e+05 7.803963045889066416e+04 1.436809204987246776e+05 1.436810040576941974e+05 1.436807219764120237e+05 1.436803490400793962e+05
1.233325361383871943e+00 1.561751666080374967e+00 1.498564723780624997e+00 1.410126008719334578e+00 1.014575738157857954e+00 1.554163190150567919e+00 8.333540782290657808e+04 8.333559336744858592e+04 1.436804165630580974e+05 4.338313656179775268e-01 4.629800837675856019e+04 6.602759783374859692e-01 1.564894171858250527e+00 1.681299489749252141e+00 1.643008781015835806e+00 8.333520450881644501e+04 1.578067178096975498e+00 1.553157048141616148e+00 1.597146605321397628e+00 1.668666029376068671e+00 1.666689171680669533e+05 1.719652506324737651e+00 1.613205265353648388e+00 1.649050084492402979e+00 1.287631208733657884e+00
4.629827037536432908e+04 4.629822869559225364e+04 4.629834409782651346e+04 4.629832640221747715e+04 4.629783572151424596e+04 4.629874204478820320e+04 3.703921041988334036e+04 3.703966461840984266e+04 9.738437155879737111e+04 4.629800837675856019e+04 4.115298801350028953e+04 4.629781975870804308e+04 4.629858445931811730e+04 4.629853179497826204e+04 4.629855239449452347e+04 3.703884266227390617e+04 4.629803776295892021e+04 4.629833103797094373e+04 4.629869376925675169e+04 4.629884829007193184e+04 1.203732097709968366e+05 4.629864435001502716e+04 4.629871199496962799e+04 4.629865793071852386e+04 4.629823420993931359e+04
1.015025728519922232e+00 1.145098638407201941e+00 1.230846039289972715e+00 1.139840293642684577e+00 8.600378681174823958e-01 1.423240636039504459e+00 8.333516808466157818e+04 8.333526009487744886e+04 1.436801270133575308e+05 6.602759783374859692e-01 4.629781975870804308e+04 1.957079149709363142e-01 1.142480467199668448e+00 1.630006446142115761e+00 1.228555245902271054e+00 8.333505988385475939e+04 1.163836310991028355e+00 1.134083762833200559e+00 1.483585463625711087e+00 1.432383203297411089e+00 1.666687387802835146e+05 1.508446534671498140e+00 1.404533794211149322e+00 1.224701808636229794e+00 1.017032296249858581e+00
1.798104229008208321e+00 1.844307270233196627e+00 1.964104021440204129e+00 1.861111111111111605e+00 1.768518518518518823e+00 1.990996948444679893e+00 8.333589801603036176e+04 8.333596773000335088e+04 1.436809847969248658e+05 1.564894171858250527e+00 4.629858445931811730e+04 1.142480467199668448e+00 4.114107506131783887e-01 2.295202195358259978e+00 1.742825226092212576e+00 8.333586025605676696e+04 1.769342137322935882e+00 1.754650682578410503e+00 2.166666666666667851e+00 1.999820250483381079e+00 1.666695289351852261e+05 2.315167243367935779e+00 2.060656929466639919e+00 1.810832163158848651e+00 1.833333333333333925e+00
1.912471095321441661e+00 2.248738465974625456e+00 1.885400063894030698e+00 2.309366329766151971e+00 1.720745424149110248e+00 2.084930165836715421e+00 8.333628406322095543e+04 8.333642845469091844e+04 1.436810683811236231e+05 1.681299489749252141e+00 4.629853179497825477e+04 1.630006446142115761e+00 2.295202195358259978e+00 6.556338241561792124e-01 2.464781746031746046e+00 8.333618269862813759e+04 2.447916666666666963e+00 2.283854166666667407e+00 1.820263105007805304e+00 2.185482219118930480e+00 1.666694910283804929e+05 1.953757402335222881e+00 2.197885153226303068e+00 2.468750000000000444e+00 1.860925713593668984e+00
1.778949780143451287e+00 1.963948448718197071e+00 1.819626703885963481e+00 1.797619047619047450e+00 1.752645502645503006e+00 2.154151404151404492e+00 8.333606913846320822e+04 8.333580564991223218e+04 1.436806250085651118e+05 1.643008781015835806e+00 4.629855239449452347e+04 1.228555245902271054e+00 1.742825226092211910e+00 2.464781746031746046e+00 5.501881495813977230e-01 8.333580482936103363e+04 1.785380412477526990e+00 1.859004268548120731e+00 2.305555555555556246e+00 1.796022623608831248e+00 1.666691916335979186e+05 2.301587301587302292e+00 2.193034705576117016e+00 1.439354564253782165e+00 1.750181696610268567e+00
8.333550131086161127e+04 8.333560987193633628e+04 8.333556887616604217e+04 8.333563108939008089e+04 8.333519524831225863e+04 8.333594176082334889e+04 2.002726642637582710e+00 2.478535195351715181e+00 6.034751372860059200e+04 8.333520450881644501e+04 3.703884266227391345e+04 8.333505988385475939e+04 8.333586025605676696e+04 8.333618269862813759e+04 8.333580482936103363e+04 8.389683203705050607e-01 8.333534225314772630e+04 8.333568615809964831e+04 8.333603733939009544e+04 8.333603150307566102e+04 8.333591994521718880e+04 8.333611734432105732e+04 8.333599696792865871e+04 8.333588910221059632e+04 8.333538712777408364e+04
1.758891838834279797e+00 1.602469737576143638e+00 1.913167246388443932e+00 1.562867974083704814e+00 1.703799583607276347e+00 2.104166666666666963e+00 8.333556775567961449e+04 8.333588281641810318e+04 1.436808690424870001e+05 1.578067178096975276e+00 4.629803776295892021e+04 1.163836310991028355e+00 1.769342137322935438e+00 2.447916666666666963e+00 1.785380412477526990e+00 8.333534225314772630e+04 4.767480844892653113e-01 1.697069762705575968e+00 2.243055555555556246e+00 2.151512041598249159e+00 1.666694642162503151e+05 2.298693293885601729e+00 2.049219826683383427e+00 1.897023215696055587e+00 1.827292899408284654e+00
1.720838726012401843e+00 1.529658642639411648e+00 1.759345800211185029e+00 1.609384342794836664e+00 1.571544924554184153e+00 2.069095167652860390e+00 8.333578578176864539e+04 8.333599378599012562e+04 1.436808702135915519e+05 1.553157048141616148e+00 4.629833103797094373e+04 1.134083762833200559e+00 1.754650682578410503e+00 2.283854166666667407e+00 1.859004268548120731e+00 8.333568615809964831e+04 1.697069762705575968e+00 4.995863601300981616e-01 2.239583333333333925e+00 2.182762041598249159e+00 1.666694143518519122e+05 2.239583333333333925e+00 2.100199200317772519e+00 1.788523175542406696e+00 1.731846412134873558e+00
1.923538267288267267e+00 2.166666666666666963e+00 1.956959919145313753e+00 2.221572642797375874e+00 1.766991364630584371e+00 2.046991385232276084e+00 8.333619431105628610e+04 8.333637167397521262e+04 1.436811615731476923e+05 1.597146605321397628e+00 4.629869376925675169e+04 1.483585463625711531e+00 2.166666666666667851e+00 1.820263105007805304e+00 2.305555555555556246e+00 8.333603733939009544e+04 2.243055555555556246e+00 2.239583333333333925e+00 5.560542140076781825e-01 1.963270737056538762e+00 1.666696956018519413e+05 1.907573051749806181e+00 1.960548142276244299e+00 2.354938271604938738e+00 1.848152552076452571e+00
1.797627975102575215e+00 2.214012041598249603e+00 1.820786050579425108e+00 2.047345374931582640e+00 1.770136102028009528e+00 2.155794648934623581e+00 8.333606415737126372e+04 8.333595568840509804e+04 1.436808866679652710e+05 1.668666029376068671e+00 4.629884829007193184e+04 1.432383203297411089e+00 1.999820250483381079e+00 2.185482219118930480e+00 1.796022623608831248e+00 8.333603150307566102e+04 2.151512041598249603e+00 2.182762041598249603e+00 1.963270737056538762e+00 6.949800066403097887e-01 1.666694019510582730e+05 2.157056182959998569e+00 1.791838459571038600e+00 1.828825291026883626e+00 1.701560383698994983e+00
1.666687584207297186e+05 1.666692939634262293e+05 1.666689552463255532e+05 1.666690288119110919e+05 1.666690896385389497e+05 1.666696689746329794e+05 8.333656790432309208e+04 8.333602015616756398e+04 7.803963045889064961e+04 1.666689171680669242e+05 1.203732097709968220e+05 1.666687387802835146e+05 1.666695289351852261e+05 1.666694910283804929e+05 1.666691916335979186e+05 8.333591994521717425e+04 1.666694642162503151e+05 1.666694143518519122e+05 1.666696956018519413e+05 1.666694019510582730e+05 4.073688270599615498e+04 1.666697661146724131e+05 1.666697362823252624e+05 1.666692661146723840e+05 1.666690780956110393e+05
1.867715617715618226e+00 2.246918145956608104e+00 2.097327441077441623e+00 2.219140368178830425e+00 1.774351386377477580e+00 1.836980096582919719e+00 8.333617228924862866e+04 8.333636112006852636e+04 1.436809204987246776e+05 1.719652506324737651e+00 4.629864435001501988e+04 1.508446534671497918e+00 2.315167243367935779e+00 1.953757402335222881e+00 2.301587301587301848e+00 8.333611734432105732e+04 2.298693293885601729e+00 2.239583333333333925e+00 1.907573051749806181e+00 2.157056182959998125e+00 1.666697661146724131e+05 3.891575555409221288e-01 1.842509699988682303e+00 2.333333333333333925e+00 1.823370341314867638e+00
1.928986416007769211e+00 2.190678729598217078e+00 1.943065590773955131e+00 2.138288183187608382e+00 1.586652296529717621e+00 1.806012992576295773e+00 8.333602165442821570e+04 8.333625192676720326e+04 1.436810040576941974e+05 1.613205265353648388e+00 4.629871199496962799e+04 1.404533794211149322e+00 2.060656929466639919e+00 2.197885153226303068e+00 2.193034705576117016e+00 8.333599696792865871e+04 2.049219826683383427e+00 2.100199200317772519e+00 1.960548142276244299e+00 1.791838459571038156e+00 1.666697362823252624e+05 1.842509699988682303e+00 5.432823599539310377e-01 2.138016692561179877e+00 1.796417404324657907e+00
1.734570998420146948e+00 1.981812076526582755e+00 1.901142664643669544e+00 1.854938271604938516e+00 1.827353138339298022e+00 2.166063992987070641e+00 8.333600132625998231e+04 8.333576270857396594e+04 1.436807219764120528e+05 1.649050084492402979e+00 4.629865793071851658e+04 1.224701808636229794e+00 1.810832163158848651e+00 2.468750000000000444e+00 1.439354564253782165e+00 8.333588910221059632e+04 1.897023215696055587e+00 1.788523175542406696e+00 2.354938271604938738e+00 1.828825291026883626e+00 1.666692661146723840e+05 2.333333333333333925e+00 2.138016692561179877e+00 4.620828386151206169e-01 1.716592702169625451e+00
1.058870097340115501e+00 1.749876725838264813e+00 1.454426848749084344e+00 1.798958506786871192e+00 1.166153534169284800e+00 1.909785528691593459e+00 8.333532399678353977e+04 8.333548992283789266e+04 1.436803490400793962e+05 1.287631208733657884e+00 4.629823420993930631e+04 1.017032296249858581e+00 1.833333333333333925e+00 1.860925713593668984e+00 1.750181696610268567e+00 8.333538712777408364e+04 1.827292899408284654e+00 1.731846412134873558e+00 1.848152552076452571e+00 1.701560383698994983e+00 1.666690780956110393e+05 1.823370341314867638e+00 1.796417404324657907e+00 1.716592702169625451e+00 3.985521720550437852e-01
