6.219429920728622996e-01 2.000019545454545587e+05 1.985714285714285987e+00 2.000020000000000000e+05 1.966666666666667451e+00 1.519047619047619424e+00 1.588888888888889239e+00 1.111130777777783369e+05 1.700000000000000178e+00 1.544444444444444731e+00 1.814285714285714501e+00 1.896825396825396970e+00 2.000019333333333489e+05 1.714285714285714413e+00 1.100000000000000089e+00 2.000021000000000349e+05 2.000022999999993481e+05 1.605481531455557498e+00 1.700000000000000178e+00 1.700000000000000178e+00 1.394949494949495605e+00 1.700000000000000178e+00 1.960887164783268410e+00 2.300000000000000266e+00 1.800000000000000044e+00
2.000019545454545587e+05 3.071523313947554512e-01 2.000020545454545354e+05 2.365656565656566901e+00 2.000021130992464314e+05 2.000020545454545354e+05 2.000022397306397033e+05 8.889054343434289331e+04 2.000022545454545470e+05 2.000015578002244874e+05 2.000020545454545354e+05 2.000020545454545354e+05 2.580471380471380360e+00 2.000021545454545412e+05 2.000014545454545296e+05 2.123258559622196451e+00 2.298989898989897807e+00 2.000016545454545703e+05 2.000014989898990025e+05 2.000013572084481129e+05 2.000015852362003934e+05 2.000017767676767835e+05 2.000017831168831326e+05 2.000020545454545354e+05 2.000021884297520737e+05
1.985714285714285987e+00 2.000020545454545354e+05 0.000000000000000000e+00 2.000022000000000116e+05 2.066666666666667318e+00 1.600000000000000089e+00 1.945454545454545769e+00 1.111131777777783282e+05 1.688888888888889328e+00 1.544444444444444287e+00 1.444444444444444642e+00 1.400000000000000133e+00 2.000020333333333547e+05 1.899999999999999467e+00 1.200000000000000178e+00 2.000024000000000233e+05 2.000023999999993539e+05 1.742857142857143105e+00 1.800000000000000044e+00 1.800000000000000044e+00 1.294949494949495961e+00 1.600000000000000755e+00 2.100000000000000533e+00 2.600000000000000533e+00 2.000000000000000000e+00
2.000020000000000000e+05 2.365656565656566901e+00 2.000022000000000116e+05 4.691358024691351658e-01 2.000015920634920476e+05 2.000022000000000116e+05 2.000017333333333372e+05 8.889097530864142755e+04 2.000017714285714319e+05 2.000013777777777577e+05 2.000022000000000116e+05 2.000022000000000116e+05 1.455555555555555269e+00 2.000019454545454646e+05 2.000013999999999942e+05 1.742857142857143327e+00 2.244444444444442244e+00 2.000022000000000116e+05 2.000015999999999767e+05 2.000020000000000000e+05 2.000014505050505104e+05 2.000015666666666511e+05 2.000022428571428463e+05 2.000020000000000000e+05 2.000017999999999884e+05
1.966666666666667451e+00 2.000021130992464314e+05 2.066666666666667318e+00 2.000015920634920476e+05 3.152431342907539569e-01 2.066666666666667318e+00 1.407407407407408106e+00 1.111130846560851933e+05 1.587755102040817157e+00 1.406261022927689508e+00 2.066666666666667318e+00 2.066666666666667318e+00 2.000013272486772621e+05 1.966666666666667451e+00 9.523809523809531052e-01 2.000020979591836804e+05 2.000016857142850640e+05 2.066666666666667318e+00 1.070562770562772048e+00 1.930158730158731073e+00 1.255755972422639699e+00 1.056036556036556773e+00 1.849659863945577909e+00 1.819047619047619024e+00 1.610493827160494495e+00
1.519047619047619424e+00 2.000020545454545354e+05 1.600000000000000089e+00 2.000022000000000116e+05 2.066666666666667318e+00 1.111111111111109523e-01 1.688888888888889328e+00 1.111131777777783282e+05 2.000000000000000444e+00 1.544444444444444287e+00 1.599999999999999867e+00 1.385185185185185075e+00 2.000020333333333547e+05 1.914814814814814969e+00 1.200000000000000178e+00 2.000024000000000233e+05 2.000023999999993539e+05 1.742857142857143105e+00 1.800000000000000044e+00 1.800000000000000044e+00 1.294949494949495961e+00 1.600000000000000755e+00 2.245454545454545592e+00 2.600000000000000533e+00 2.000000000000000000e+00
1.588888888888889239e+00 2.000022397306397033e+05 1.945454545454545769e+00 2.000017333333333372e+05 1.407407407407408106e+00 1.688888888888889328e+00 5.937353331292725134e-01 1.111133777777783253e+05 1.420939554272887539e+00 1.493827160493827799e+00 1.880991735537190346e+00 2.000000000000000000e+00 2.000014222222222306e+05 1.811111111111111116e+00 1.000000000000000000e+00 2.000022000000000116e+05 2.000017999999993190e+05 1.762468844287026659e+00 1.600000000000000089e+00 1.866666666666667362e+00 1.454208754208755172e+00 1.788888888888889195e+00 2.328571428571428736e+00 2.400000000000000355e+00 1.089307213549637776e+00
1.111130777777783514e+05 8.889054343434290786e+04 1.111131777777783427e+05 8.889097530864145665e+04 1.111130846560852224e+05 1.111131777777783427e+05 1.111133777777783398e+05 9.876543209876533365e+04 1.111133492063497688e+05 1.111127888888894086e+05 1.111131777777783427e+05 1.111130222222227749e+05 8.889072222222169512e+04 1.111132777777783485e+05 1.111126888888894318e+05 8.889154285714233993e+04 8.889179999999915890e+04 1.111127777777783485e+05 1.111130000000005675e+05 1.111127777777783485e+05 1.111125838383843802e+05 1.111126000000005588e+05 1.111125539682545204e+05 1.111134565656571212e+05 1.111133777777783398e+05
1.700000000000000178e+00 2.000022545454545470e+05 1.688888888888889328e+00 2.000017714285714319e+05 1.587755102040817157e+00 2.000000000000000444e+00 1.420939554272887539e+00 1.111133492063497542e+05 1.872511967750063733e-01 1.505996472663140295e+00 1.688888888888889106e+00 2.000000000000000000e+00 2.000018047619047575e+05 1.611111111111111382e+00 1.000000000000000000e+00 2.000017877551020356e+05 2.000021999999993423e+05 1.788662131519274334e+00 1.600000000000000089e+00 2.000000000000000444e+00 1.466378066378067224e+00 1.604761904761904390e+00 2.324489795918367463e+00 2.000000000000000444e+00 1.264373897707231631e+00
1.544444444444444287e+00 2.000015578002244874e+05 1.544444444444444287e+00 2.000013777777777577e+05 1.406261022927689508e+00 1.544444444444444287e+00 1.493827160493827799e+00 1.111127888888894377e+05 1.505996472663140295e+00 3.691358024691359097e-01 1.544444444444444287e+00 1.544444444444444287e+00 2.000014796296296408e+05 1.500000000000000666e+00 7.444444444444447972e-01 2.000014385842552292e+05 2.000019444444437977e+05 1.500000000000000666e+00 1.144444444444443931e+00 1.422222222222222054e+00 6.354657687991027704e-01 9.574074074074068186e-01 1.799999999999999378e+00 2.099999999999999645e+00 1.534567901234568543e+00
1.814285714285714501e+00 2.000020545454545354e+05 1.444444444444444642e+00 2.000022000000000116e+05 2.066666666666667318e+00 1.600000000000000089e+00 1.880991735537190346e+00 1.111131777777783282e+05 1.688888888888889328e+00 1.544444444444444287e+00 3.488011427405368625e-01 1.799999999999999822e+00 2.000020333333333547e+05 1.700000000000000178e+00 1.200000000000000178e+00 2.000024000000000233e+05 2.000023999999993539e+05 1.857142857142857428e+00 1.800000000000000044e+00 1.800000000000000044e+00 1.294949494949495961e+00 1.600000000000000755e+00 1.767019400352733971e+00 2.505785123966942418e+00 2.000000000000000000e+00
1.896825396825396748e+00 2.000020545454545354e+05 1.400000000000000133e+00 2.000022000000000116e+05 2.066666666666667318e+00 1.385185185185185075e+00 2.000000000000000444e+00 1.111130222222227603e+05 2.000000000000000000e+00 1.544444444444444287e+00 1.799999999999999822e+00 4.592592592592593115e-01 2.000020333333333547e+05 1.999999999999999778e+00 1.199999999999999956e+00 2.000024000000000233e+05 2.000023999999993539e+05 1.532756132756132983e+00 1.800000000000000044e+00 1.400000000000000133e+00 1.294949494949495961e+00 1.600000000000000755e+00 2.200000000000000178e+00 2.600000000000000533e+00 1.688888888888889106e+00
2.000019333333333489e+05 2.580471380471380360e+00 2.000020333333333547e+05 1.455555555555555269e+00 2.000013272486772621e+05 2.000020333333333547e+05 2.000014222222222306e+05 8.889072222222168057e+04 2.000018047619047575e+05 2.000014796296296408e+05 2.000020333333333547e+05 2.000020333333333547e+05 1.666666666666679342e-01 2.000017851851852029e+05 2.000012333333333372e+05 2.502116402116402405e+00 1.999999999999998224e+00 2.000019787878787902e+05 2.000015999999999767e+05 2.000020000000000000e+05 2.000014875420875615e+05 2.000015944444444322e+05 2.000020761904761894e+05 2.000022333333333372e+05 2.000015962962962803e+05
1.714285714285714413e+00 2.000021545454545412e+05 1.899999999999999467e+00 2.000019454545454646e+05 1.966666666666667451e+00 1.914814814814814969e+00 1.811111111111111116e+00 1.111132777777783194e+05 1.611111111111111382e+00 1.500000000000000666e+00 1.699999999999999956e+00 1.999999999999999778e+00 2.000017851851852029e+05 5.917457402305890124e-01 1.100000000000000089e+00 2.000021000000000349e+05 2.000022999999993481e+05 1.462927981109799269e+00 1.700000000000000178e+00 1.900000000000000133e+00 1.394949494949495605e+00 1.699999999999999956e+00 1.957142857142856629e+00 2.300000000000000711e+00 1.691358024691358208e+00
1.100000000000000089e+00 2.000014545454545296e+05 1.200000000000000178e+00 2.000013999999999942e+05 9.523809523809531052e-01 1.200000000000000178e+00 1.000000000000000222e+00 1.111126888888894318e+05 1.000000000000000000e+00 7.444444444444447972e-01 1.200000000000000178e+00 1.199999999999999956e+00 2.000012333333333372e+05 1.100000000000000089e+00 0.000000000000000000e+00 2.000014857142857218e+05 2.000013999999992957e+05 1.200000000000000178e+00 5.999999999999999778e-01 1.000000000000000222e+00 6.949494949494959828e-01 1.000000000000000000e+00 1.528571428571428914e+00 1.400000000000000133e+00 1.000000000000000000e+00
2.000021000000000349e+05 2.123258559622196451e+00 2.000024000000000233e+05 1.742857142857143327e+00 2.000020979591836804e+05 2.000024000000000233e+05 2.000022000000000116e+05 8.889154285714232537e+04 2.000017877551020356e+05 2.000014385842552292e+05 2.000024000000000233e+05 2.000024000000000233e+05 2.502116402116402405e+00 2.000021000000000349e+05 2.000014857142857218e+05 6.724307598766479099e-01 1.992496392496391655e+00 2.000024000000000233e+05 2.000014708382526587e+05 2.000022857142857101e+05 2.000018874364132062e+05 2.000020468079058919e+05 2.000024918367346982e+05 2.000014571428571362e+05 2.000020000000000000e+05
2.000022999999993481e+05 2.298989898989897807e+00 2.000023999999993539e+05 2.244444444444442244e+00 2.000016857142850640e+05 2.000023999999993539e+05 2.000017999999993190e+05 8.889179999999915890e+04 2.000021999999993423e+05 2.000019444444437977e+05 2.000023999999993539e+05 2.000023999999993539e+05 1.999999999999998224e+00 2.000022999999993481e+05 2.000013999999992957e+05 1.992496392496391655e+00 0.000000000000000000e+00 2.000023999999993539e+05 2.000012909090902249e+05 2.000021999999993423e+05 2.000020949494942615e+05 2.000018545454538835e+05 2.000025285714279162e+05 2.000019999999993306e+05 2.000019999999993306e+05
1.605481531455557498e+00 2.000016545454545703e+05 1.742857142857143105e+00 2.000022000000000116e+05 2.066666666666667318e+00 1.742857142857143105e+00 1.762468844287026659e+00 1.111127777777783194e+05 1.788662131519274334e+00 1.500000000000000666e+00 1.857142857142857428e+00 1.532756132756132983e+00 2.000019787878787902e+05 1.462927981109799269e+00 1.200000000000000178e+00 2.000024000000000233e+05 2.000023999999993539e+05 3.692359588463483555e-01 1.800000000000000044e+00 1.400000000000000133e+00 1.294949494949495961e+00 1.600000000000000755e+00 1.977551020408163440e+00 2.600000000000000533e+00 1.754204381477109109e+00
1.700000000000000178e+00 2.000014989898990025e+05 1.800000000000000044e+00 2.000015999999999767e+05 1.070562770562771826e+00 1.800000000000000044e+00 1.600000000000000311e+00 1.111130000000005530e+05 1.600000000000000089e+00 1.144444444444444153e+00 1.800000000000000044e+00 1.800000000000000044e+00 2.000015999999999767e+05 1.700000000000000178e+00 6.000000000000000888e-01 2.000014708382526587e+05 2.000012909090902249e+05 1.800000000000000044e+00 2.107438016528927760e-01 1.428925619834711114e+00 1.129660238751148515e+00 1.094628099173553748e+00 1.728571428571428870e+00 1.600000000000000089e+00 1.600000000000000089e+00
1.699999999999999956e+00 2.000013572084481129e+05 1.800000000000000044e+00 2.000020000000000000e+05 1.930158730158730851e+00 1.800000000000000044e+00 1.866666666666667362e+00 1.111127777777783194e+05 2.000000000000000444e+00 1.422222222222222054e+00 1.800000000000000044e+00 1.400000000000000133e+00 2.000020000000000000e+05 1.900000000000000133e+00 1.000000000000000222e+00 2.000022857142857101e+05 2.000021999999993423e+05 1.400000000000000133e+00 1.428925619834711114e+00 1.190082644628114028e-01 1.053719008264463630e+00 1.566666666666667540e+00 1.928571428571428825e+00 2.400000000000000355e+00 1.672359963269054450e+00
1.394949494949495605e+00 2.000015852362003934e+05 1.294949494949495961e+00 2.000014505050505104e+05 1.255755972422639699e+00 1.294949494949495961e+00 1.454208754208755172e+00 1.111125838383843802e+05 1.466378066378067224e+00 6.354657687991025483e-01 1.294949494949495961e+00 1.294949494949495961e+00 2.000014875420875615e+05 1.394949494949495605e+00 6.949494949494959828e-01 2.000018874364132062e+05 2.000020949494942615e+05 1.294949494949495961e+00 1.129660238751148515e+00 1.053719008264463408e+00 2.215080093867966837e-01 7.325221916131019473e-01 1.594949494949495783e+00 2.094949494949495783e+00 1.494949494949495916e+00
1.699999999999999956e+00 2.000017767676767835e+05 1.600000000000000755e+00 2.000015666666666511e+05 1.056036556036556773e+00 1.600000000000000755e+00 1.788888888888889195e+00 1.111126000000005442e+05 1.604761904761904390e+00 9.574074074074068186e-01 1.600000000000000311e+00 1.600000000000000755e+00 2.000015944444444322e+05 1.699999999999999956e+00 1.000000000000000000e+00 2.000020468079058919e+05 2.000018545454538835e+05 1.600000000000000755e+00 1.094628099173553748e+00 1.566666666666667540e+00 7.325221916131019473e-01 1.497704315886144166e-01 1.500000000000000666e+00 1.999999999999999778e+00 1.799999999999999822e+00
1.960887164783268410e+00 2.000017831168831326e+05 2.100000000000000089e+00 2.000022428571428463e+05 1.849659863945577909e+00 2.245454545454545592e+00 2.328571428571428736e+00 1.111125539682545204e+05 2.324489795918367463e+00 1.799999999999999378e+00 1.767019400352733971e+00 2.200000000000000178e+00 2.000020761904761894e+05 1.957142857142857073e+00 1.528571428571428914e+00 2.000024918367346982e+05 2.000025285714279162e+05 1.977551020408163440e+00 1.728571428571428870e+00 1.928571428571428825e+00 1.594949494949495783e+00 1.500000000000000666e+00 6.304456646447993418e-01 2.039682539682539986e+00 2.313756613756614122e+00
2.300000000000000266e+00 2.000020545454545354e+05 2.600000000000000533e+00 2.000020000000000000e+05 1.819047619047619246e+00 2.600000000000000533e+00 2.400000000000000355e+00 1.111134565656571212e+05 2.000000000000000444e+00 2.099999999999999645e+00 2.505785123966942418e+00 2.600000000000000533e+00 2.000022333333333372e+05 2.300000000000000711e+00 1.400000000000000133e+00 2.000014571428571362e+05 2.000019999999993306e+05 2.600000000000000533e+00 1.600000000000000089e+00 2.400000000000000355e+00 2.094949494949496227e+00 1.999999999999999556e+00 2.039682539682539986e+00 9.421487603305797598e-02 2.133333333333333748e+00
1.800000000000000044e+00 2.000021884297520737e+05 2.000000000000000000e+00 2.000017999999999884e+05 1.610493827160494495e+00 2.000000000000000000e+00 1.089307213549637776e+00 1.111133777777783253e+05 1.264373897707231187e+00 1.534567901234568543e+00 2.000000000000000000e+00 1.688888888888889106e+00 2.000015962962962803e+05 1.691358024691358208e+00 1.000000000000000000e+00 2.000020000000000000e+05 2.000019999999993306e+05 1.754204381477109109e+00 1.600000000000000089e+00 1.672359963269054228e+00 1.494949494949495916e+00 1.799999999999999822e+00 2.313756613756614122e+00 2.133333333333333748e+00 6.540761146821748584e-01
