9.655053206244970099e-01 2.126999217454372371e+00 2.011132323240289988e+05 6.095469781417959166e+04 2.236383728775955593e+00 3.970184996557417908e+05 1.710862808176168981e+00 1.857359274402748728e+00 2.000020193571563286e+05 2.563656313906015421e+05 1.643018992849978765e+00 2.037726217419514096e+00 2.163281391280552857e+00 1.927292132006528554e+05 4.000227275212403038e+04 1.600020093170710315e+05 1.846813081135884493e+00 5.683968968725125305e+05 2.234365575440594665e+00 1.389889005072947326e+00 2.000226980959661159e+04 4.000225833822999994e+04 1.919454908798708503e+00 1.221073215449950367e+05 2.932223516918019741e+05
2.126999217454372371e+00 1.087785283712647377e+00 2.011134166740896471e+05 6.095476041632508714e+04 2.197862647560679950e+00 3.970186753645296558e+05 1.914102455416942794e+00 1.995499999345212272e+00 2.000021759530914424e+05 2.563657358052750351e+05 1.845232467023920186e+00 1.999612082726827111e+00 2.145768051169430812e+00 1.927293389001312025e+05 4.000231830450151028e+04 1.600021124604030047e+05 2.108743029583658668e+00 5.683970993742456194e+05 2.070170406117559647e+00 1.470576567639682031e+00 2.000222760634473889e+04 4.000226853385252616e+04 2.018669789618552368e+00 1.221075412439822539e+05 2.932225368869416416e+05
2.011132323240289988e+05 2.011134166740896180e+05 6.394338402800798940e+04 1.969147221803089778e+05 2.011134073469667928e+05 3.970189166659055627e+05 2.011131985475617403e+05 2.011132392308198323e+05 1.056172900690844835e+05 1.999957694445275411e+05 2.011128460762183822e+05 2.011134436172172136e+05 2.011133732609229919e+05 1.422390170552887139e+05 2.011134570146727201e+05 1.938407838829111424e+05 2.011133921025999298e+05 5.683971969351322623e+05 2.011134501762704167e+05 2.011128039605657978e+05 2.011134517261622241e+05 2.011134080971972435e+05 2.011133109306319675e+05 1.938407953209827538e+05 2.617794029550161504e+05
6.095469781417961349e+04 6.095476041632508714e+04 1.969147221803089487e+05 3.092107765705925704e+04 6.095486521750086831e+04 3.970188646361623541e+05 6.095467737662027503e+04 6.095471126554405055e+04 2.000023129997287760e+05 2.506516027009777026e+05 6.095448899792792508e+04 6.095484209588976228e+04 6.095492089433444926e+04 1.927294155219524982e+05 2.459092074011507066e+04 1.411277762130988413e+05 6.095477654265947785e+04 5.683970984010634711e+05 6.095489922932023183e+04 6.095412987083015469e+04 4.277293703998786805e+04 2.459110791201552274e+04 6.095478013311669929e+04 1.032330229299585189e+05 2.896852650496066199e+05
2.236383728775955593e+00 2.197862647560679505e+00 2.011134073469667928e+05 6.095486521750085376e+04 1.028003355877876057e+00 3.970185783776493627e+05 2.029550813536759257e+00 2.174694663240979597e+00 2.000020898229029262e+05 2.563658042214680754e+05 1.795629351255820794e+00 2.192509090463257593e+00 2.088949306195289068e+00 1.927292846279975201e+05 4.000241367156994238e+04 1.600021973835461831e+05 2.225069963557797958e+00 5.683970859889085405e+05 2.165007654108352497e+00 1.564996670691608527e+00 2.000240058926042548e+04 4.000248786280783679e+04 2.172045650247903747e+00 1.221075468450930348e+05 2.932225572056160308e+05
3.970184996557417908e+05 3.970186753645296558e+05 3.970189166659055627e+05 3.970188646361623541e+05 3.970185783776493627e+05 1.855313308108172205e+05 3.970183215099786175e+05 3.970184616931957426e+05 3.970189044800982228e+05 3.653749060986872646e+05 3.970184126331054140e+05 3.970185968467203202e+05 3.970187137884916738e+05 3.970189104982486460e+05 3.970188305313016754e+05 3.970189048475925229e+05 3.970185601421490428e+05 4.112465186179179582e+05 3.970187415317659616e+05 3.970183111985175638e+05 3.970187782402166049e+05 3.970188312427673372e+05 3.970184109840158490e+05 3.970188557990560657e+05 3.062855623975721537e+05
1.710862808176168981e+00 1.914102455416943016e+00 2.011131985475617403e+05 6.095467737662026775e+04 2.029550813536759257e+00 3.970183215099786175e+05 9.251111216569004592e-01 1.781251889710142366e+00 2.000018640436166606e+05 2.563653988931191270e+05 1.443060338675523857e+00 1.827042972551313982e+00 1.997022330441818871e+00 1.927290954281492450e+05 4.000212697727004706e+04 1.600019268183419190e+05 1.794908139286108817e+00 5.683968193907082314e+05 2.066908860243343415e+00 1.272778666494674082e+00 2.000203554614315362e+04 4.000206635620500310e+04 1.644159653485315342e+00 1.221073318921539321e+05 2.932220779711533687e+05
1.857359274402748728e+00 1.995499999345212272e+00 2.011132392308198323e+05 6.095471126554404327e+04 2.174694663240979597e+00 3.970184616931957426e+05 1.781251889710142366e+00 1.116953738806804708e+00 2.000020179912926396e+05 2.563655613340782002e+05 1.690695751826201576e+00 1.899469265352604408e+00 2.113768645864797513e+00 1.927292663463790377e+05 4.000235130438984925e+04 1.600020519229720230e+05 1.904215130926443234e+00 5.683967693225929979e+05 2.081875704344980704e+00 1.389399428093375244e+00 2.000222799565259629e+04 4.000231162617976952e+04 1.725655065492475382e+00 1.221075072952688643e+05 2.932222760162902996e+05
2.000020193571563286e+05 2.000021759530914424e+05 1.056172900690844835e+05 2.000023129997287760e+05 2.000020898229029262e+05 3.970189044800983393e+05 2.000018640436166606e+05 2.000020179912926396e+05 3.932253470776134782e+04 2.478811801030248753e+05 2.000016422606180422e+05 2.000021025032281177e+05 2.000021729114699119e+05 5.246195894673703151e+04 2.000022756595207611e+05 1.800022401048826869e+05 2.000021901048118598e+05 5.683973066452450585e+05 2.000022563536251255e+05 2.000015933667216159e+05 2.000022747690677934e+05 2.000023536044436332e+05 2.000019856043774926e+05 1.900022515409350162e+05 2.932228790215786430e+05
2.563656313906015421e+05 2.563657358052750351e+05 1.999957694445275411e+05 2.506516027009777026e+05 2.563658042214680754e+05 3.653749060986872646e+05 2.563653988931191270e+05 2.563655613340782002e+05 2.478811801030248753e+05 7.878651007161282178e+04 2.563653853597774578e+05 2.563656791000737285e+05 2.563657448647711135e+05 2.494238999149104930e+05 2.563659365301749494e+05 2.563660273016899591e+05 2.563656342524391657e+05 5.520333585810976801e+05 2.563657484802609251e+05 2.563652675472831179e+05 2.563658424100400589e+05 2.563659031607043871e+05 2.563655252839040768e+05 2.563660089554167935e+05 1.869781984906939033e+05
1.643018992849978765e+00 1.845232467023919964e+00 2.011128460762183822e+05 6.095448899792791053e+04 1.795629351255820350e+00 3.970184126331054140e+05 1.443060338675524301e+00 1.690695751826201576e+00 2.000016422606180422e+05 2.563653853597774578e+05 8.944147482584254849e-01 1.798199667956258185e+00 1.709220174195325681e+00 1.927288828885285475e+05 4.000203183877198899e+04 1.600017209590557322e+05 1.810101444266863702e+00 5.683968421412641183e+05 1.897010263532246777e+00 1.115379030424048068e+00 2.000193116585865209e+04 4.000196399134801322e+04 1.679019423202796402e+00 1.221071821327541547e+05 2.932222254192262772e+05
2.037726217419514096e+00 1.999612082726827111e+00 2.011134436172172136e+05 6.095484209588974772e+04 2.192509090463258481e+00 3.970185968467203202e+05 1.827042972551313982e+00 1.899469265352604408e+00 2.000021025032281177e+05 2.563656791000737285e+05 1.798199667956258185e+00 1.126976309500982154e+00 2.127002814684657128e+00 1.927293847470856854e+05 4.000233112749267457e+04 1.600021407450396218e+05 1.975035721086430662e+00 5.683970056515062461e+05 2.145672763063490418e+00 1.479345819227390280e+00 2.000222050034508356e+04 4.000230956459599111e+04 1.947677010212713222e+00 1.221073945511686907e+05 2.932224123388552107e+05
2.163281391280552857e+00 2.145768051169430812e+00 2.011133732609230501e+05 6.095492089433444198e+04 2.088949306195289068e+00 3.970187137884916156e+05 1.997022330441818649e+00 2.113768645864797513e+00 2.000021729114699119e+05 2.563657448647711135e+05 1.709220174195325237e+00 2.127002814684657128e+00 1.137655591382971565e+00 1.927293865407785634e+05 4.000240204166487820e+04 1.600020909693758877e+05 2.098856830759816106e+00 5.683971367362021701e+05 2.193708063127215890e+00 1.578217786591016747e+00 2.000227634665691221e+04 4.000231985989098030e+04 2.078899621313362367e+00 1.221075199150397966e+05 2.932224846712762373e+05
1.927292132006528554e+05 1.927293389001312025e+05 1.422390170552887139e+05 1.927294155219524982e+05 1.927292846279975493e+05 3.970189104982486460e+05 1.927290954281492450e+05 1.927292663463790377e+05 5.246195894673703151e+04 2.494238999149104930e+05 1.927288828885285475e+05 1.927293847470856854e+05 1.927293865407785634e+05 1.859192260722740684e+04 1.927294531995399157e+05 1.490452277653740020e+05 1.927293683111563732e+05 5.683972922135720728e+05 1.927294360414278635e+05 1.927287565170962480e+05 1.927294290929812123e+05 1.927294057507610705e+05 1.927291886865784181e+05 1.706935312297252240e+05 2.932228201043072622e+05
4.000227275212403038e+04 4.000231830450149573e+04 2.011134570146727492e+05 2.459092074011507066e+04 4.000241367156994238e+04 3.970188305313016172e+05 4.000212697727004706e+04 4.000235130438984925e+04 2.000022756595207611e+05 2.563659365301749785e+05 4.000203183877198899e+04 4.000233112749267457e+04 4.000240204166487092e+04 1.927294531995399157e+05 1.106783388081801434e+00 1.600021544216635521e+05 4.000236139348813595e+04 5.683972126182360807e+05 4.000241513856569509e+04 4.000163749282916979e+04 2.000209865900571458e+04 2.072211857338610574e+00 4.000230079511956865e+04 1.221075227284379798e+05 2.932226320848946925e+05
1.600020093170710315e+05 1.600021124604030047e+05 1.938407838829111424e+05 1.411277762130988413e+05 1.600021973835461831e+05 3.970189048475925229e+05 1.600019268183419190e+05 1.600020519229720230e+05 1.800022401048826869e+05 2.563660273016899882e+05 1.600017209590557322e+05 1.600021407450396218e+05 1.600020909693758877e+05 1.490452277653740312e+05 1.600021544216635521e+05 1.113179874518721357e+00 1.600021008515677240e+05 5.683973125349209877e+05 1.600021439146652410e+05 1.600015664005782746e+05 1.600021169477319927e+05 1.600020875211328093e+05 1.600020165463671729e+05 3.789690491680608102e+04 2.932228528031310998e+05
1.846813081135884493e+00 2.108743029583658668e+00 2.011133921025999298e+05 6.095477654265947058e+04 2.225069963557797958e+00 3.970185601421490428e+05 1.794908139286108817e+00 1.904215130926443234e+00 2.000021901048118598e+05 2.563656342524391657e+05 1.810101444266863702e+00 1.975035721086430662e+00 2.098856830759816106e+00 1.927293683111563732e+05 4.000236139348813595e+04 1.600021008515677240e+05 9.949564563704127451e-01 5.683969881967344554e+05 2.192236235237084330e+00 1.470436579055685700e+00 2.000222890869477851e+04 4.000235513831635035e+04 1.781440261217870580e+00 1.221074803795400658e+05 2.932223907095988980e+05
5.683968968725125305e+05 5.683970993742456194e+05 5.683971969351323787e+05 5.683970984010634711e+05 5.683970859889085405e+05 4.112465186179180164e+05 5.683968193907081150e+05 5.683967693225929979e+05 5.683973066452450585e+05 5.520333585810975637e+05 5.683968421412641183e+05 5.683970056515062461e+05 5.683971367362021701e+05 5.683972922135719564e+05 5.683972126182360807e+05 5.683973125349209877e+05 5.683969881967344554e+05 2.572070521034722333e+05 5.683971033405724447e+05 5.683968113883483456e+05 5.683972115043300437e+05 5.683972344639530638e+05 5.683968717822392937e+05 5.683973017890368355e+05 5.022497884743038449e+05
2.234365575440594665e+00 2.070170406117560091e+00 2.011134501762704167e+05 6.095489922932021000e+04 2.165007654108352941e+00 3.970187415317659616e+05 2.066908860243343415e+00 2.081875704344980704e+00 2.000022563536251255e+05 2.563657484802609251e+05 1.897010263532246777e+00 2.145672763063490862e+00 2.193708063127215890e+00 1.927294360414278635e+05 4.000241513856569509e+04 1.600021439146652410e+05 2.192236235237084330e+00 5.683971033405723283e+05 1.086025983004317075e+00 1.513851321654303472e+00 2.000221288302647372e+04 4.000243756798349204e+04 2.139833051080994419e+00 1.221076084809634776e+05 2.932226182481868891e+05
1.389889005072947326e+00 1.470576567639682031e+00 2.011128039605657978e+05 6.095412987083014741e+04 1.564996670691608527e+00 3.970183111985175638e+05 1.272778666494674082e+00 1.389399428093375244e+00 2.000015933667216159e+05 2.563652675472831179e+05 1.115379030424048068e+00 1.479345819227390724e+00 1.578217786591016747e+00 1.927287565170962480e+05 4.000163749282916979e+04 1.600015664005782746e+05 1.470436579055685700e+00 5.683968113883484621e+05 1.513851321654303250e+00 6.142223042749439532e-01 2.000159362758252610e+04 4.000162997805000487e+04 1.386712241577408022e+00 1.221069006357809703e+05 2.932221395460377098e+05
2.000226980959661159e+04 2.000222760634473889e+04 2.011134517261622532e+05 4.277293703998786805e+04 2.000240058926042548e+04 3.970187782402166049e+05 2.000203554614315362e+04 2.000222799565259993e+04 2.000022747690677934e+05 2.563658424100400589e+05 2.000193116585865573e+04 2.000222050034508356e+04 2.000227634665690857e+04 1.927294290929812123e+05 2.000209865900571458e+04 1.600021169477319927e+05 2.000222890869477851e+04 5.683972115043300437e+05 2.000221288302647372e+04 2.000159362758252610e+04 2.000117631992535462e+04 2.000200968123106577e+04 2.000223454149015743e+04 1.221074331164836767e+05 2.932225248280565720e+05
4.000225833822999994e+04 4.000226853385251889e+04 2.011134080971972435e+05 2.459110791201551910e+04 4.000248786280783679e+04 3.970188312427673372e+05 4.000206635620500310e+04 4.000231162617976952e+04 2.000023536044436332e+05 2.563659031607043871e+05 4.000196399134801322e+04 4.000230956459599111e+04 4.000231985989096574e+04 1.927294057507610705e+05 2.072211857338610574e+00 1.600020875211328093e+05 4.000235513831635035e+04 5.683972344639530638e+05 4.000243756798349204e+04 4.000162997805000487e+04 2.000200968123106577e+04 1.022718035805119108e+00 4.000228589861887303e+04 1.221075101619301713e+05 2.932226159301204025e+05
1.919454908798708281e+00 2.018669789618552368e+00 2.011133109306319675e+05 6.095478013311669201e+04 2.172045650247903747e+00 3.970184109840158490e+05 1.644159653485315342e+00 1.725655065492475382e+00 2.000019856043774635e+05 2.563655252839040768e+05 1.679019423202796180e+00 1.947677010212713444e+00 2.078899621313362367e+00 1.927291886865784181e+05 4.000230079511956865e+04 1.600020165463671729e+05 1.781440261217870580e+00 5.683968717822392937e+05 2.139833051080994419e+00 1.386712241577408022e+00 2.000223454149015743e+04 4.000228589861887303e+04 1.013764694683909395e+00 1.221075135107455280e+05 2.932221678596597631e+05
1.221073215449950367e+05 1.221075412439822539e+05 1.938407953209827538e+05 1.032330229299585189e+05 1.221075468450930348e+05 3.970188557990560657e+05 1.221073318921539321e+05 1.221075072952688643e+05 1.900022515409350162e+05 2.563660089554167935e+05 1.221071821327541693e+05 1.221073945511686907e+05 1.221075199150398112e+05 1.706935312297252240e+05 1.221075227284379653e+05 3.789690491680608102e+04 1.221074803795400658e+05 5.683973017890368355e+05 1.221076084809634776e+05 1.221069006357809703e+05 1.221074331164836767e+05 1.221075101619301859e+05 1.221075135107455280e+05 3.977943194522096019e+04 2.932227534852547105e+05
2.932223516918019741e+05 2.932225368869416416e+05 2.617794029550161795e+05 2.896852650496066199e+05 2.932225572056160308e+05 3.062855623975721537e+05 2.932220779711533687e+05 2.932222760162902996e+05 2.932228790215786430e+05 1.869781984906939033e+05 2.932222254192262772e+05 2.932224123388552107e+05 2.932224846712761791e+05 2.932228201043072622e+05 2.932226320848946925e+05 2.932228528031310998e+05 2.932223907095988980e+05 5.022497884743039031e+05 2.932226182481868891e+05 2.932221395460377098e+05 2.932225248280565720e+05 2.932226159301204025e+05 2.932221678596597631e+05 2.932227534852547105e+05 1.009287003478523693e+05
