7.493072796009730974e-01 1.262417618110923213e+05 3.501754217895445763e+05 2.631785913625891772e+04 1.787048992153255522e+00 1.622846112541910246e+00 1.315947883571170496e+04 1.695006978625040210e+05 1.268275717876305997e+00 1.660073990396242927e+00 4.292188450611714507e+04 1.773354272956521926e+00 1.026439772298749158e+05 1.315961780366135645e+04 1.814664309777523021e+00 1.644363210696251132e+00 1.839901009733484694e+00 1.643624074806506297e+00 6.925430731653299881e+04 2.470546049626723980e+05 5.592321552157519181e+04 6.580619491043716152e+03 1.511381200580051765e+00 1.714045139745374868e+00 5.263370763373755472e+04
1.262417618110923213e+05 2.680460492327806060e+04 2.971524746940666810e+05 9.992607492894765164e+04 1.262418206458344503e+05 1.262416471275847871e+05 1.130833513417336217e+05 8.153314674195824773e+04 1.262412447637119039e+05 1.262417833609532099e+05 9.468982294946345792e+04 1.262417865706157318e+05 3.897673112463094003e+04 1.130835869907245215e+05 1.262419608742827550e+05 1.262415764386141818e+05 1.262418713946005155e+05 1.262415394619459548e+05 7.545304489755682880e+04 1.902344256220288516e+05 9.140857504413933202e+04 1.196625016313969099e+05 1.262413863507085334e+05 1.262418626169423078e+05 9.428698859840110526e+04
3.501754217895445763e+05 2.971524746940666810e+05 9.342362256555334898e+04 3.238598160311855027e+05 3.501755607473821146e+05 3.501753811332728947e+05 3.370172363121624803e+05 2.384753316224521259e+05 3.501750901430844679e+05 3.501754500055992976e+05 3.238597283807190834e+05 3.501755565827216487e+05 3.107020052493055700e+05 3.370174103128621937e+05 3.501755800836512353e+05 3.501753827907068771e+05 3.501755583911750582e+05 3.501753394780756207e+05 3.238598507742892252e+05 1.583505782105772523e+05 3.238598746966090403e+05 3.435962923420839943e+05 3.501752097825327073e+05 3.501754762506327243e+05 3.238598153341844445e+05
2.631785913625891772e+04 9.992607492894765164e+04 3.238598160311855609e+05 7.605059594312953974e-01 2.631776212938417302e+04 2.631783891813286391e+04 1.315948579515202255e+04 1.431850710549971845e+05 2.631725067336149732e+04 2.631782537215081538e+04 1.660574116053454054e+04 2.631783727668532083e+04 7.632821687286750239e+04 1.315968164911749227e+04 2.631782346765874172e+04 2.631778756993638308e+04 2.631781301897019875e+04 2.631774957508965963e+04 4.293856900981516810e+04 2.207388616220453696e+05 2.960748180260985464e+04 1.973864644032480282e+04 2.631759166603266931e+04 2.631780100373586902e+04 2.631777611689945479e+04
1.787048992153255966e+00 1.262418206458344503e+05 3.501755607473821146e+05 2.631776212938417302e+04 8.496670187851277367e-01 1.808338476032245845e+00 1.315955069589833511e+04 1.695008384762885107e+05 1.304471774616878132e+00 1.779759326571563438e+00 4.292191060969935643e+04 1.759699752062882538e+00 1.026440758908894495e+05 1.315976571616036381e+04 1.879528786384109917e+00 1.779048964512639053e+00 1.747148697644343995e+00 1.792949721137008678e+00 6.925441926579760911e+04 2.470546463271882094e+05 5.592334787469448202e+04 6.580763596810536910e+03 1.661507240538808938e+00 1.792088554549799539e+00 5.263376408128685580e+04
1.622846112541910246e+00 1.262416471275847871e+05 3.501753811332728947e+05 2.631783891813286391e+04 1.808338476032245845e+00 7.782763929388826218e-01 1.315945282056805809e+04 1.695005250580885331e+05 1.199010442737824533e+00 1.703016405149766266e+00 4.292188894794676889e+04 1.675813646559782821e+00 1.026439434293231898e+05 1.315955292648351133e+04 1.896511732385750548e+00 1.534841209412255880e+00 1.843508217412036521e+00 1.639941368985969428e+00 6.925423001508427842e+04 2.470544852084066952e+05 5.592324611340118281e+04 6.580606199254277271e+03 1.468955723847255701e+00 1.765416765630462015e+00 5.263369885136806261e+04
1.315947883571170496e+04 1.130833513417336217e+05 3.370172363121624803e+05 1.315948579515202255e+04 1.315955069589833511e+04 1.315945282056805809e+04 5.448503563892016510e-01 1.563423799708038277e+05 1.315875510742273400e+04 1.315950062952948429e+04 2.976350608491092498e+04 1.315948749236483673e+04 8.948560663295160339e+04 1.286506414655380626e+00 1.315957265794098021e+04 1.315942199907569739e+04 1.315955456195218721e+04 1.315934732092161539e+04 5.609600483651113609e+04 2.338963206271863601e+05 4.276491007581156009e+04 6.580245982929814090e+03 1.315910412586164057e+04 1.315951814350513814e+04 3.947533412199112354e+04
1.695006978625040210e+05 8.153314674195824773e+04 2.384753316224521259e+05 1.431850710549971845e+05 1.695008384762885398e+05 1.695005250580885331e+05 1.563423799708038277e+05 3.528625498677195719e+04 1.695002429235259769e+05 1.695007199699975026e+05 1.431850880322301236e+05 1.695007663652122137e+05 1.170292138567398652e+05 1.563425614927764691e+05 1.695009315857637557e+05 1.695005302309528342e+05 1.695008808872358932e+05 1.695005291688764992e+05 1.419093367200494104e+05 1.251270303197987378e+05 1.431850540920917992e+05 1.629214692090831522e+05 1.695003659711225191e+05 1.695007930657282704e+05 1.431850388294603908e+05
1.268275717876305997e+00 1.262412447637119039e+05 3.501750901430844679e+05 2.631725067336149732e+04 1.304471774616878132e+00 1.199010442737824533e+00 1.315875510742273400e+04 1.695002429235259769e+05 4.097890212969927948e-01 1.231980745589684068e+00 4.292131352707430779e+04 1.261464627839117503e+00 1.026434404484895203e+05 1.315910968922193751e+04 1.337132663957865564e+00 1.216052111372354805e+00 1.339683137612621922e+00 1.144063119056617284e+00 6.925379777018715686e+04 2.470541687802782108e+05 5.592268303358139383e+04 6.580065912957090404e+03 9.844820963540168446e-01 1.264382309917972069e+00 5.263312394382265484e+04
1.660073990396242927e+00 1.262417833609532099e+05 3.501754500055992976e+05 2.631782537215081538e+04 1.779759326571563216e+00 1.703016405149766266e+00 1.315950062952948429e+04 1.695007199699974735e+05 1.231980745589683846e+00 7.242100111612099766e-01 4.292196575106425007e+04 1.717247671319332758e+00 1.026440171527126513e+05 1.315969853645795047e+04 1.880415168905637868e+00 1.755568571750921292e+00 1.810294319174006406e+00 1.721692806263547926e+00 6.925437530982980388e+04 2.470545731713489222e+05 5.592331272432972037e+04 6.580684062777227155e+03 1.597826055556839986e+00 1.675168989892595217e+00 5.263378929729069932e+04
4.292188450611714507e+04 9.468982294946345792e+04 3.238597283807190252e+05 1.660574116053454054e+04 4.292191060969935643e+04 4.292188894794676889e+04 2.976350608491092498e+04 1.431850880322300945e+05 4.292131352707430779e+04 4.292196575106425007e+04 7.594255559204031670e+03 4.292197112101643143e+04 6.411020106484740973e+04 2.976377870478129262e+04 4.292189742919030687e+04 4.292190188332932303e+04 4.292186312265578454e+04 4.292184658847597893e+04 2.877115710341949671e+04 2.207389187646935461e+05 1.300336739034652237e+04 3.634275277911680314e+04 4.292164278482618829e+04 4.292198288627923466e+04 9.713733606189844068e+03
1.773354272956521926e+00 1.262417865706157318e+05 3.501755565827216487e+05 2.631783727668532083e+04 1.759699752062881872e+00 1.675813646559782821e+00 1.315948749236483673e+04 1.695007663652122137e+05 1.261464627839117281e+00 1.717247671319332758e+00 4.292197112101643143e+04 7.452182925548074266e-01 1.026440426625798136e+05 1.315968002424210681e+04 1.823490340591313874e+00 1.753202108062160480e+00 1.818334082513658689e+00 1.745056600749605558e+00 6.925442463617735484e+04 2.470546431388589845e+05 5.592331827739276196e+04 6.580719404767327433e+03 1.646658519450977076e+00 1.685180589112389660e+00 5.263378180509362574e+04
1.026439772298749158e+05 3.897673112463094003e+04 3.107020052493056282e+05 7.632821687286750239e+04 1.026440758908894495e+05 1.026439434293231898e+05 8.948560663295160339e+04 1.170292138567398652e+05 1.026434404484895203e+05 1.026440171527126513e+05 6.411020106484740973e+04 1.026440426625798136e+05 1.152891515632514347e+04 8.948583975691196974e+04 1.026441212707781669e+05 1.026439072443508194e+05 1.026441280992242973e+05 1.026437662613142602e+05 3.923964170386489423e+04 2.075811661615954363e+05 5.988068190508215775e+04 9.606472733602882363e+04 1.026436052052308805e+05 1.026441156993515469e+05 6.317037950245980028e+04
1.315961780366135645e+04 1.130835869907245215e+05 3.370174103128621355e+05 1.315968164911749227e+04 1.315976571616036381e+04 1.315955292648351133e+04 1.286506414655380626e+00 1.563425614927764691e+05 1.315910968922193751e+04 1.315969853645795047e+04 2.976377870478129262e+04 1.315968002424210681e+04 8.948583975691196974e+04 7.203991456726361875e-01 1.315981361513571210e+04 1.315941702859990073e+04 1.315983807079128383e+04 1.315937617778247659e+04 5.609619612374505959e+04 2.338964647604564088e+05 4.276513114356771257e+04 6.580376082506214516e+03 1.315934282279469153e+04 1.315967792136319076e+04 3.947563268476446683e+04
1.814664309777523243e+00 1.262419608742827550e+05 3.501755800836512353e+05 2.631782346765874172e+04 1.879528786384110139e+00 1.896511732385750548e+00 1.315957265794098021e+04 1.695009315857637557e+05 1.337132663957865564e+00 1.880415168905637868e+00 4.292189742919030687e+04 1.823490340591313874e+00 1.026441212707781669e+05 1.315981361513571210e+04 7.517574109845993613e-01 1.856890309258825145e+00 1.724538689188010787e+00 1.776690756301228857e+00 6.925441595300116751e+04 2.470546744753882231e+05 5.592333542413303076e+04 6.580751660074215579e+03 1.704683959519070591e+00 1.754897957475558989e+00 5.263381159243149887e+04
1.644363210696251132e+00 1.262415764386141818e+05 3.501753827907068771e+05 2.631778756993638308e+04 1.779048964512639053e+00 1.534841209412255436e+00 1.315942199907569739e+04 1.695005302309527760e+05 1.216052111372354583e+00 1.755568571750921958e+00 4.292190188332932303e+04 1.753202108062160702e+00 1.026439072443508194e+05 1.315941702859990073e+04 1.856890309258825145e+00 7.656047615243376514e-01 1.828737428652679187e+00 1.509234462569231328e+00 6.925426819560302829e+04 2.470544442825322330e+05 5.592319311426060449e+04 6.580519142589391777e+03 1.435640368213871421e+00 1.764479114190216968e+00 5.263369989412768336e+04
1.839901009733484694e+00 1.262418713946005155e+05 3.501755583911750582e+05 2.631781301897019875e+04 1.747148697644343995e+00 1.843508217412036521e+00 1.315955456195218721e+04 1.695008808872358932e+05 1.339683137612622144e+00 1.810294319174006406e+00 4.292186312265578454e+04 1.818334082513658689e+00 1.026441280992242973e+05 1.315983807079128383e+04 1.724538689188010787e+00 1.828737428652679187e+00 7.314416093239942684e-01 1.809321187769596495e+00 6.925446064572296746e+04 2.470546758901172143e+05 5.592337839228297526e+04 6.580767776462831534e+03 1.665625446720058855e+00 1.850469018029075929e+00 5.263381135613634251e+04
1.643624074806506297e+00 1.262415394619459548e+05 3.501753394780756207e+05 2.631774957508965963e+04 1.792949721137008678e+00 1.639941368985969872e+00 1.315934732092161539e+04 1.695005291688764992e+05 1.144063119056617284e+00 1.721692806263547926e+00 4.292184658847597893e+04 1.745056600749605558e+00 1.026437662613142747e+05 1.315937617778247659e+04 1.776690756301228857e+00 1.509234462569231994e+00 1.809321187769596495e+00 7.049873856370123537e-01 6.925413638348822133e+04 2.470543435822846950e+05 5.592309925320066395e+04 6.580428387914438645e+03 1.385371714315921876e+00 1.787199943287302251e+00 5.263366038866808231e+04
6.925430731653299881e+04 7.545304489755682880e+04 3.238598507742891088e+05 4.293856900981516810e+04 6.925441926579760911e+04 6.925423001508427842e+04 5.609600483651113609e+04 1.419093367200494104e+05 6.925379777018715686e+04 6.925437530982980388e+04 2.877115710341949671e+04 6.925442463617735484e+04 3.923964170386489423e+04 5.609619612374505959e+04 6.925441595300116751e+04 6.925426819560302829e+04 6.925446064572296746e+04 6.925413638348822133e+04 1.160136265936962445e+04 2.207390435145700758e+05 2.064292217119109046e+04 6.267518053864996909e+04 6.925395695745431294e+04 6.925437740748641954e+04 2.393269374515243180e+04
2.470546049626723689e+05 1.902344256220288225e+05 1.583505782105772523e+05 2.207388616220453696e+05 2.470546463271882094e+05 2.470544852084066952e+05 2.338963206271863892e+05 1.251270303197987378e+05 2.470541687802782108e+05 2.470545731713489222e+05 2.207389187646935461e+05 2.470546431388589845e+05 2.075811661615954363e+05 2.338964647604564088e+05 2.470546744753881940e+05 2.470544442825322330e+05 2.470546758901172143e+05 2.470543435822846950e+05 2.207390435145700758e+05 5.819498737683073705e+04 2.207389992366201768e+05 2.404754141631206148e+05 2.470542846619936463e+05 2.470545808998572174e+05 2.207390725704486249e+05
5.592321552157519181e+04 9.140857504413933202e+04 3.238598746966090403e+05 2.960748180260985464e+04 5.592334787469448202e+04 5.592324611340118281e+04 4.276491007581156009e+04 1.431850540920917701e+05 5.592268303358139383e+04 5.592331272432972037e+04 1.300336739034652237e+04 5.592331827739276196e+04 5.988068190508215775e+04 4.276513114356771257e+04 5.592333542413303076e+04 5.592319311426060449e+04 5.592337839228297526e+04 5.592309925320066395e+04 2.064292217119109046e+04 2.207389992366201768e+05 4.935159786615284247e+03 4.934408371728163911e+04 5.592289381487550418e+04 5.592337475169774552e+04 3.291389645501136329e+03
6.580619491043716152e+03 1.196625016313969099e+05 3.435962923420839361e+05 1.973864644032480282e+04 6.580763596810536910e+03 6.580606199254277271e+03 6.580245982929814090e+03 1.629214692090831522e+05 6.580065912957090404e+03 6.580684062777227155e+03 3.634275277911681042e+04 6.580719404767327433e+03 9.606472733602882363e+04 6.580376082506214516e+03 6.580751660074215579e+03 6.580519142589391777e+03 6.580767776462831534e+03 6.580428387914438645e+03 6.267518053864996909e+04 2.404754141631206148e+05 4.934408371728163911e+04 6.579662500550386540e+03 6.580216908473040348e+03 6.580752050659555607e+03 4.605456503347096441e+04
1.511381200580051765e+00 1.262413863507085334e+05 3.501752097825327073e+05 2.631759166603266931e+04 1.661507240538808938e+00 1.468955723847255701e+00 1.315910412586164057e+04 1.695003659711225191e+05 9.844820963540168446e-01 1.597826055556839986e+00 4.292164278482618829e+04 1.646658519450976854e+00 1.026436052052308805e+05 1.315934282279469153e+04 1.704683959519070591e+00 1.435640368213871421e+00 1.665625446720058855e+00 1.385371714315921876e+00 6.925395695745431294e+04 2.470542846619936463e+05 5.592289381487550418e+04 6.580216908473038529e+03 6.844112544841127743e-01 1.679017805416509024e+00 5.263342384142882656e+04
1.714045139745375090e+00 1.262418626169423078e+05 3.501754762506327243e+05 2.631780100373586902e+04 1.792088554549799539e+00 1.765416765630462015e+00 1.315951814350513814e+04 1.695007930657282704e+05 1.264382309917972069e+00 1.675168989892595217e+00 4.292198288627923466e+04 1.685180589112389660e+00 1.026441156993515469e+05 1.315967792136319076e+04 1.754897957475558767e+00 1.764479114190217635e+00 1.850469018029075929e+00 1.787199943287302251e+00 6.925437740748641954e+04 2.470545808998572174e+05 5.592337475169774552e+04 6.580752050659555607e+03 1.679017805416508802e+00 7.044469420296658457e-01 5.263377068255237828e+04
5.263370763373756199e+04 9.428698859840110526e+04 3.238598153341844445e+05 2.631777611689945479e+04 5.263376408128685580e+04 5.263369885136806261e+04 3.947533412199112354e+04 1.431850388294603908e+05 5.263312394382265484e+04 5.263378929729070660e+04 9.713733606189844068e+03 5.263378180509362574e+04 6.317037950245980028e+04 3.947563268476446683e+04 5.263381159243149887e+04 5.263369989412769792e+04 5.263381135613634251e+04 5.263366038866808958e+04 2.393269374515243180e+04 2.207390725704486249e+05 3.291389645501135874e+03 4.605456503347096441e+04 5.263342384142882656e+04 5.263377068255237828e+04 7.561426151369370352e-01
