1.250297921642109213e+04 5.280015712888927374e+04 2.340948046485263039e+05 4.720302103913380415e+04 1.884280137370042503e+05 4.570314583196334570e+04 1.533400214703908387e+04 1.564048894745016587e+05 4.720314164304041333e+04 1.107287988641682605e+05 3.149857517394607421e+05 4.720296639006515761e+04 3.903043228826111299e+05 3.143484154609741017e+04 4.335117724757755059e+05 4.720282788430657092e+04 4.720296699022175744e+04 1.288276305444301106e+05 3.738656539396351582e+04 9.240263410669320729e+04 4.720298766109612916e+04 2.621420339466079604e+05 4.720305578796187910e+04 6.480006911321833468e+04 8.497100268913514446e+04
5.280015712888927374e+04 1.200070199858388332e+04 2.260946794424034306e+05 9.200171052849457192e+04 1.768725468073993688e+05 9.050156391789038025e+04 6.800166874789059511e+04 1.404048684377203463e+05 9.200150531196061638e+04 7.308946948739208165e+04 3.069859140733220847e+05 9.200166768618562492e+04 3.823042658908631420e+05 7.623355702999628556e+04 4.255119988770869677e+05 9.200122144561447203e+04 9.200156775842097704e+04 1.005882597852290928e+05 1.541486670748479992e+04 4.809150194229867338e+04 9.200136834964882291e+04 2.541419604331043374e+05 9.200139468974294141e+04 1.908352487429089888e+04 4.017246531959711865e+04
2.340948046485263039e+05 2.260946794424034306e+05 5.206444876084643329e+04 2.340946865322796511e+05 1.151186244732891792e+05 2.340946399429831072e+05 2.340948340513818548e+05 1.627747342382181669e+05 2.340944614985664666e+05 2.030382937866545108e+05 2.237548354333192401e+05 2.340945668940086907e+05 3.149727297855300712e+05 2.340947884075343027e+05 3.504643128153588623e+05 2.340942591480452975e+05 2.340944811032026191e+05 1.904556673348833865e+05 2.340946473218738392e+05 2.097642538938018843e+05 2.340943054630117258e+05 1.287861383025649411e+05 2.340943461375688203e+05 2.180948052221732214e+05 2.123804682703665458e+05
4.720302103913380415e+04 9.200171052849457192e+04 2.340946865322796511e+05 3.948031764018829563e+03 1.884279485834458610e+05 5.960449315119081803e+03 3.194346594524421016e+04 1.564048921955744445e+05 8.001509917011986545e+03 1.244229928387786495e+05 3.149856356577231782e+05 3.542327316856956713e+03 3.903042299358624732e+05 2.022856887493556133e+04 4.335116404560794472e+05 8.001274941850654614e+03 8.001404814214923135e+03 1.331447846714975894e+05 7.711280020872884779e+04 1.127289923884764867e+05 4.785023357052934443e+03 2.621418781051475089e+05 3.542384175588545986e+03 1.040016463380617206e+05 1.097159626017683477e+05
1.884280137370042503e+05 1.768725468073993688e+05 1.151186244732891792e+05 1.884279485834458610e+05 2.816286652317607150e+04 1.884281013230250974e+05 1.884279459717810096e+05 9.740710269739688374e+04 1.884279599141802464e+05 1.479666433999341680e+05 2.412120351772360445e+05 1.884277728154260549e+05 3.193044478037066874e+05 1.884280115715439897e+05 3.685118638507398427e+05 1.884277117116150039e+05 1.884277153386815626e+05 1.285199053451704094e+05 1.852676048632013262e+05 1.601451886808019481e+05 1.884277804560591467e+05 1.766975053988786531e+05 1.884277875384062645e+05 1.688725065013608255e+05 1.631580654462489183e+05
4.570314583196334570e+04 9.050156391789038025e+04 2.340946399429830781e+05 5.960449315119081803e+03 1.884281013230250683e+05 2.438180906304658038e+03 3.037046293478045845e+04 1.564049139772271155e+05 9.501474033150987452e+03 1.244228037493079464e+05 3.149857676315591088e+05 9.501576648460497381e+03 3.903041321184444823e+05 1.426947528684347344e+04 4.335118628604826517e+05 9.501204919773337679e+03 9.501561001442121778e+03 1.331446309569155273e+05 7.561267936277898843e+04 1.127291447970336449e+05 9.501347387578905909e+03 2.621417833227830124e+05 9.501388878314643080e+03 1.025018044833971217e+05 1.096223601534070331e+05
1.533400214703908568e+04 6.800166874789059511e+04 2.340948340513818548e+05 3.194346594524421016e+04 1.884279459717810096e+05 3.037046293478045845e+04 2.586781538359813339e+02 1.564048763939612545e+05 3.200165541970522463e+04 1.190897343508784252e+05 3.149857517560667475e+05 3.200144356308731585e+04 3.903042816444580094e+05 1.610214574873935999e+04 4.335117610574725550e+05 3.200134799605471926e+04 3.200148585449285383e+04 1.331448494772579579e+05 5.259671073882867495e+04 1.047289993550981890e+05 3.200150930589657582e+04 2.621419101724704378e+05 3.200155646264965253e+04 8.000160612687867251e+04 1.001723990088609135e+05
1.564048894745016587e+05 1.404048684377203754e+05 1.627747342382181669e+05 1.564048921955744445e+05 9.740710269739688374e+04 1.564049139772271446e+05 1.564048763939612545e+05 2.330833242453103230e+04 1.564048240357484610e+05 1.007576016617674177e+05 2.523069857455096499e+05 1.564047657161274983e+05 3.250583170184267801e+05 1.564049382012655260e+05 3.675119895908024046e+05 1.564045050259901036e+05 1.564046834448070440e+05 7.083544391840109893e+04 1.492938062388741528e+05 1.145788072422839032e+05 1.564046313384449750e+05 1.918038703616512066e+05 1.564046199947253917e+05 1.324048372595205146e+05 1.177385795621171565e+05
4.720314164304041333e+04 9.200150531196061638e+04 2.340944614985664957e+05 8.001509917011985635e+03 1.884279599141803046e+05 9.501474033150987452e+03 3.200165541970522463e+04 1.564048240357484610e+05 6.365592184885850990e-01 1.244227892807613098e+05 3.149856743190195994e+05 8.001368062361278135e+03 3.903040342962020659e+05 2.376968915018079133e+04 4.335117506216457114e+05 9.855162287558938417e-01 1.288150082999259372e+00 1.331446025952813216e+05 7.711256868843856500e+04 1.127291079681360425e+05 5.771643720972877418e+03 2.621416754683585023e+05 8.001276365077435003e+03 1.040017061204939382e+05 1.097160408107997937e+05
1.107287988641682605e+05 7.308946948739208165e+04 2.030382937866544817e+05 1.244229928387786495e+05 1.479666433999341680e+05 1.244228037493079464e+05 1.190897343508784106e+05 1.007576016617674177e+05 1.244227892807613098e+05 1.621386061807603437e+04 2.883192507404841599e+05 1.244228778907420201e+05 3.636376869692192995e+05 1.208673861463434441e+05 4.068453795038849348e+05 1.244224384783377463e+05 1.244227930765666533e+05 4.951276010058895918e+04 8.647843169458657212e+04 3.045918501393571569e+04 1.244226029296045162e+05 2.354753429049169936e+05 1.244225982142637804e+05 6.108965135288435704e+04 4.091878008593180130e+04
3.149857517394607421e+05 3.069859140733220847e+05 2.237548354333192401e+05 3.149856356577231782e+05 2.412120351772361028e+05 3.149857676315591088e+05 3.149857517560668057e+05 2.523069857455096499e+05 3.149856743190195994e+05 2.883192507404841599e+05 1.311483061585800897e+05 3.149855621741306968e+05 2.465462052529888169e+05 3.149856285224757157e+05 3.145192707800567150e+05 3.149855199337147060e+05 3.149854587441313197e+05 2.795573682058021659e+05 3.149859149073279696e+05 2.909858395959140034e+05 3.149855896664573811e+05 2.098454755753339850e+05 3.149856007388427970e+05 2.989857999415469239e+05 2.932715421447896515e+05
4.720296639006515761e+04 9.200166768618562492e+04 2.340945668940086907e+05 3.542327316856956713e+03 1.884277728154260549e+05 9.501576648460497381e+03 3.200144356308731221e+04 1.564047657161274692e+05 8.001368062361278135e+03 1.244228778907420201e+05 3.149855621741305804e+05 6.200037080011139290e-01 3.903041519429967157e+05 2.376957382153969957e+04 4.335116296782510472e+05 8.001241632860670506e+03 8.001238996629946087e+03 1.331447068347750464e+05 7.711270150812252541e+04 1.127289452551340073e+05 2.230770682064071934e+03 2.621417915795133449e+05 1.259000741676205237e+00 1.040015794124022650e+05 1.097158923785686638e+05
3.903043228826111299e+05 3.823042658908632002e+05 3.149727297855300712e+05 3.903042299358625896e+05 3.193044478037066874e+05 3.903041321184444823e+05 3.903042816444580676e+05 3.250583170184267801e+05 3.903040342962020659e+05 3.636376869692192995e+05 2.465462052529888460e+05 3.903041519429967157e+05 1.350347002684802865e+05 3.903042839704508660e+05 2.819929685595644405e+05 3.903039149120058864e+05 3.903040821634177119e+05 3.541001892350795679e+05 3.903042564262970700e+05 3.663044137374368729e+05 3.903039350855938974e+05 3.058809075712240301e+05 3.903039831968738581e+05 3.743043211824175669e+05 3.685901585897124605e+05
3.143484154609740654e+04 7.623355702999628556e+04 2.340947884075343027e+05 2.022856887493556133e+04 1.884280115715439897e+05 1.426947528684347344e+04 1.610214574873936181e+04 1.564049382012655260e+05 2.376968915018079133e+04 1.208673861463434441e+05 3.149856285224756575e+05 2.376957382153969957e+04 3.903042839704508660e+05 6.943762548204494124e+03 4.335117292929251562e+05 2.376941745344597075e+04 2.376954249743401670e+04 1.331447721923413046e+05 6.134462606257919833e+04 1.073956504904893227e+05 2.376958434761230819e+04 2.621419497090303630e+05 2.376967366826088619e+04 8.823353352710347099e+04 1.035650748709418258e+05
4.335117724757756223e+05 4.255119988770869677e+05 3.504643128153588623e+05 4.335116404560794472e+05 3.685118638507398427e+05 4.335118628604827682e+05 4.335117610574725550e+05 3.675119895908024046e+05 4.335117506216457114e+05 4.068453795038849348e+05 3.145192707800566568e+05 4.335116296782510472e+05 2.819929685595644405e+05 4.335117292929251562e+05 1.378573612345582806e+05 4.335116320900776773e+05 4.335115708720010007e+05 3.959782095817858935e+05 4.335120200494276942e+05 4.095118243812522851e+05 4.335116703655064339e+05 3.451931793286750908e+05 4.335117435233418946e+05 4.175118342484491877e+05 4.117976041167308576e+05
4.720282788430657092e+04 9.200122144561445748e+04 2.340942591480452975e+05 8.001274941850655523e+03 1.884277117116150039e+05 9.501204919773339498e+03 3.200134799605472654e+04 1.564045050259901036e+05 9.855162287558937306e-01 1.244224384783377463e+05 3.149855199337147060e+05 8.001241632860673235e+03 3.903039149120059446e+05 2.376941745344597075e+04 4.335116320900776773e+05 4.470009321503046196e-01 1.021751769272728261e+00 1.331442674566615315e+05 7.711230770804604981e+04 1.127287208831896714e+05 5.771298033614261840e+03 2.621414992526368587e+05 8.000962600988780650e+03 1.040013917185074970e+05 1.097156977752796083e+05
4.720296699022175744e+04 9.200156775842097704e+04 2.340944811032026191e+05 8.001404814214922226e+03 1.884277153386815626e+05 9.501561001442121778e+03 3.200148585449285383e+04 1.564046834448070440e+05 1.288150082999259372e+00 1.244227930765666533e+05 3.149854587441313197e+05 8.001238996629946087e+03 3.903040821634177119e+05 2.376954249743400942e+04 4.335115708720010007e+05 1.021751769272728261e+00 6.041209733097577805e-01 1.331446055655156088e+05 7.711264289099155576e+04 1.127288781847524951e+05 5.771676920937790783e+03 2.621417301045932400e+05 8.001310211700240870e+03 1.040014970066024835e+05 1.097158314353456954e+05
1.288276305444301106e+05 1.005882597852290928e+05 1.904556673348833865e+05 1.331447846714975894e+05 1.285199053451704094e+05 1.331446309569155273e+05 1.331448494772579870e+05 7.083544391840109893e+04 1.331446025952813216e+05 4.951276010058895918e+04 2.795573682058021077e+05 1.331447068347750464e+05 3.541001892350795679e+05 1.331447721923413046e+05 3.959782095817858935e+05 1.331442674566615315e+05 1.331446055655156088e+05 2.224535294371336568e+04 1.114772136426883080e+05 6.649083328047262330e+04 1.331444269340862229e+05 2.267134292491565575e+05 1.331444289309324231e+05 9.058845011069595057e+04 7.041758554670278681e+04
3.738656539396353037e+04 1.541486670748479810e+04 2.340946473218738392e+05 7.711280020872884779e+04 1.852676048632013262e+05 7.561267936277898843e+04 5.259671073882867495e+04 1.492938062388741237e+05 7.711256868843856500e+04 8.647843169458658667e+04 3.149859149073279696e+05 7.711270150812252541e+04 3.903042564262970700e+05 6.134462606257919833e+04 4.335120200494276942e+05 7.711230770804604981e+04 7.711264289099155576e+04 1.114772136426883080e+05 5.561300480128203162e+03 6.298040785560199583e+04 7.711243332636820560e+04 2.621419343892075703e+05 7.711248564172712213e+04 3.403274441148407641e+04 5.506143842285699793e+04
9.240263410669320729e+04 4.809150194229867338e+04 2.097642538938018843e+05 1.127289923884764867e+05 1.601451886808019481e+05 1.127291447970336449e+05 1.047289993550981890e+05 1.145788072422838886e+05 1.127291079681360425e+05 3.045918501393571569e+04 2.909858395959140034e+05 1.127289452551340073e+05 3.663044137374368729e+05 1.073956504904893227e+05 4.095118243812522851e+05 1.127287208831896714e+05 1.127288781847524951e+05 6.649083328047262330e+04 6.298040785560199583e+04 9.134346752931971423e+03 1.127288961156515579e+05 2.381420353721725405e+05 1.127289378364223958e+05 3.609122370149561175e+04 1.291040606819933782e+04
4.720298766109612916e+04 9.200136834964882291e+04 2.340943054630116967e+05 4.785023357052934443e+03 1.884277804560591467e+05 9.501347387578905909e+03 3.200150930589657582e+04 1.564046313384450041e+05 5.771643720972877418e+03 1.244226029296045162e+05 3.149855896664574393e+05 2.230770682064071480e+03 3.903039350855938974e+05 2.376958434761230819e+04 4.335116703655064339e+05 5.771298033614259111e+03 5.771676920937788964e+03 1.331444269340862229e+05 7.711243332636819105e+04 1.127288961156515579e+05 3.216911884736618049e+03 2.621415458739237220e+05 2.230456319770739356e+03 1.040015508808231825e+05 1.097158389972923615e+05
2.621420339466079895e+05 2.541419604331043665e+05 1.287861383025649411e+05 2.621418781051475089e+05 1.766975053988786531e+05 2.621417833227830415e+05 2.621419101724704378e+05 1.918038703616512066e+05 2.621416754683585023e+05 2.354753429049169936e+05 2.098454755753339850e+05 2.621417915795133449e+05 3.058809075712240301e+05 2.621419497090303921e+05 3.451931793286750908e+05 2.621414992526369169e+05 2.621417301045932400e+05 2.267134292491565575e+05 2.621419343892075703e+05 2.381420353721725405e+05 2.621415458739237220e+05 5.101095396036572492e+04 2.621415779420884210e+05 2.461421038998062140e+05 2.404277499171762902e+05
4.720305578796187910e+04 9.200139468974294141e+04 2.340943461375688203e+05 3.542384175588545531e+03 1.884277875384062645e+05 9.501388878314643080e+03 3.200155646264965253e+04 1.564046199947253917e+05 8.001276365077435003e+03 1.244225982142637804e+05 3.149856007388427970e+05 1.259000741676205237e+00 3.903039831968738581e+05 2.376967366826088619e+04 4.335117435233418946e+05 8.000962600988777922e+03 8.001310211700240870e+03 1.331444289309324231e+05 7.711248564172712213e+04 1.127289378364223958e+05 2.230456319770739810e+03 2.621415779420884210e+05 6.033047739677123156e-01 1.040015926922386279e+05 1.097158651759251079e+05
6.480006911321833468e+04 1.908352487429089888e+04 2.180948052221732505e+05 1.040016463380617206e+05 1.688725065013608255e+05 1.025018044833971217e+05 8.000160612687870162e+04 1.324048372595205146e+05 1.040017061204939382e+05 6.108965135288435704e+04 2.989857999415469239e+05 1.040015794124022941e+05 3.743043211824175669e+05 8.823353352710347099e+04 4.175118342484491877e+05 1.040013917185074970e+05 1.040014970066024835e+05 9.058845011069595057e+04 3.403274441148407641e+04 3.609122370149561175e+04 1.040015508808231825e+05 2.461421038998061558e+05 1.040015926922386279e+05 1.626095063397556032e+03 2.573428328570637677e+04
8.497100268913514446e+04 4.017246531959711865e+04 2.123804682703665458e+05 1.097159626017683477e+05 1.631580654462489183e+05 1.096223601534070331e+05 1.001723990088609135e+05 1.177385795621171565e+05 1.097160408107997937e+05 4.091878008593180130e+04 2.932715421447896515e+05 1.097158923785686638e+05 3.685901585897124605e+05 1.035650748709418403e+05 4.117976041167308576e+05 1.097156977752796083e+05 1.097158314353456954e+05 7.041758554670277226e+04 5.506143842285699793e+04 1.291040606819933600e+04 1.097158389972923615e+05 2.404277499171762902e+05 1.097158651759251079e+05 2.573428328570637677e+04 9.630192365180986599e+03
