4.752209048238497102e-01 2.809063339031100622e+05 1.406264309093267075e+05 6.250158020452484925e+04 6.250135994450419093e+04 3.125111422493255304e+04 2.425607537210833107e+05 4.435569669800533447e+05 3.125128300450705501e+04 1.074578485286241225e+00 7.143001737374848744e+04 1.924618792661972984e+05 1.171888764238247240e+05 1.562516501764051500e+05 1.219875793999612323e+00 1.160259083344516329e+00 4.375008475016595330e+05 3.711071933959968737e+04 3.790406391618101043e+05 1.673746020169508702e+05 2.083469867133756270e+04 1.607158731573176919e+05 1.562514482655126194e+05 1.562517001010893146e+05 1.562516117765765812e+05
2.809063339031100622e+05 6.168991215519142133e+04 2.965317811224589241e+05 3.121563510283563519e+05 3.121564449598638457e+05 3.121560442530811997e+05 1.195297195204407326e+05 3.497205047179365065e+05 3.121560365721197450e+05 2.809063526750054443e+05 3.121564891637879773e+05 1.832501390438785893e+05 3.121565530438464484e+05 2.809064441954467911e+05 2.809061659085576539e+05 2.809061084615076543e+05 3.084798544205173384e+05 3.121564451698018820e+05 2.454623684215665562e+05 1.871564513551344571e+05 3.017396136049802299e+05 2.719781983087633853e+05 2.809065968088188674e+05 2.809064312143473653e+05 2.809064106624576962e+05
1.406264309093267075e+05 2.965317811224589241e+05 2.951447850279645718e+04 9.895977333391390857e+04 9.895970714600177598e+04 1.197929226693132077e+05 2.581859277794819791e+05 4.175156257017591270e+05 1.197931702489584568e+05 1.406262718279950204e+05 9.003107264983588539e+04 2.080869550070399710e+05 4.427224655519530643e+04 5.729328045065028709e+04 1.406264594702094910e+05 1.406265892331227078e+05 4.114594584918232285e+05 1.139336006859101035e+05 3.529993258055035258e+05 1.829996677838247560e+05 1.267377502308010735e+05 1.078883510060868284e+05 5.533979093584472139e+04 8.073080221791539225e+04 2.604316255739046755e+04
6.250158020452484925e+04 3.121563510283563519e+05 9.895977333391390857e+04 5.006627005354177262e-01 1.199586319517538691e+00 6.250098572098594013e+04 2.738110827532756375e+05 4.123073604676653049e+05 6.250130183093778032e+04 6.250146791302078054e+04 8.929988812382303877e+03 2.237118717448128155e+05 5.468901602428228216e+04 1.562515145603441051e+05 6.250135179982682894e+04 6.250141009441221104e+04 4.062509373681707657e+05 5.664197587581985135e+04 3.477910381417983444e+05 1.986245122098033899e+05 6.250142408779833204e+04 1.294660283378949098e+05 1.542984641533476242e+05 1.562514353305507684e+05 1.250013795206494833e+05
6.250135994450419093e+04 3.121564449598638457e+05 9.895970714600177598e+04 1.199586319517538691e+00 5.664796281212037821e-01 6.250119570177622518e+04 2.738109608090231195e+05 4.123071640378646553e+05 6.250141329003230931e+04 6.250128099852072774e+04 8.929892275075813814e+03 2.237120819720122090e+05 5.468887753038098890e+04 1.562516860084496439e+05 6.250149574842240690e+04 6.250158531603680603e+04 4.062510149050683831e+05 5.664167779271075415e+04 3.477907649956498644e+05 1.986246709194786090e+05 6.250157909272635879e+04 1.294658337342705636e+05 1.542982551282619534e+05 1.562516059276099550e+05 1.250015880427986413e+05
3.125111422493255304e+04 3.121560442530811997e+05 1.197929226693132077e+05 6.250098572098594013e+04 6.250119570177622518e+04 3.298817799885803148e-01 2.738107719828578411e+05 4.435571459695392405e+05 7.399412728470636802e-01 3.125094659676222727e+04 7.142982871530264674e+04 2.237114305860443565e+05 1.171887710785065574e+05 1.250011290174276946e+05 3.125073582845246710e+04 3.125086898553253195e+04 4.375008304012853187e+05 5.860467904409744733e+03 3.790408195629784605e+05 1.986240246962631354e+05 1.041766057797534268e+04 1.607157071967013471e+05 1.250012766709336429e+05 1.250011479011280317e+05 1.250010534535381594e+05
2.425607537210833107e+05 1.195297195204407326e+05 2.581859277794819500e+05 2.738110827532755793e+05 2.738109608090231195e+05 2.738107719828578411e+05 5.637448787339874980e+04 3.498071723469896242e+05 2.738108241769343731e+05 2.425606775599918037e+05 2.738111045365056489e+05 1.215923128537292359e+05 2.738109833442303934e+05 2.425613407844416506e+05 2.425608512010940176e+05 2.425608558572979528e+05 3.125009985914267600e+05 2.738109833606834291e+05 2.644969634974493529e+05 1.401580139610181504e+05 2.633944560045742546e+05 2.336322991725488973e+05 2.425611580717582838e+05 2.425612040086789639e+05 2.425613224397689046e+05
4.435569669800533447e+05 3.497205047179365065e+05 4.175156257017591270e+05 4.123073604676652467e+05 4.123071640378646553e+05 4.435571459695392405e+05 3.498071723469896242e+05 1.123826655544239329e+05 4.435571442935503437e+05 4.435570123467319645e+05 4.123070677360754926e+05 3.224637261546893278e+05 4.123072158144661807e+05 4.123073858161241515e+05 4.435572728583446005e+05 4.435571265787091688e+05 2.114988760708254704e+05 4.435571915034733247e+05 2.368162858600370528e+05 3.419950104231554433e+05 4.435572916690599523e+05 3.721288654292434221e+05 4.123072543592146249e+05 4.123075763898768928e+05 4.123073224335947889e+05
3.125128300450705501e+04 3.121560365721197450e+05 1.197931702489584568e+05 6.250130183093778032e+04 6.250141329003230931e+04 7.399412728470636802e-01 2.738108241769343731e+05 4.435571442935503437e+05 5.076102832765839734e-01 3.125111196365876094e+04 7.143011278644586855e+04 2.237115854457304813e+05 1.171889874767677247e+05 1.250013268580804724e+05 3.125085309751046952e+04 3.125102301070043177e+04 4.375008381341222557e+05 5.860672345740560559e+03 3.790408033613662119e+05 1.986242028006199689e+05 1.041774755804948836e+04 1.607158781439836021e+05 1.250015210274486308e+05 1.250013311937174294e+05 1.250012785525434592e+05
1.074578485286241225e+00 2.809063526750054443e+05 1.406262718279950204e+05 6.250146791302078054e+04 6.250128099852072774e+04 3.125094659676222727e+04 2.425606775599918328e+05 4.435570123467319645e+05 3.125111196365876094e+04 5.208405271890682586e-01 7.142992985138006043e+04 1.924617832385556540e+05 1.171887781450057810e+05 1.562514162522394035e+05 1.082169888743431008e+00 1.158267346025903644e+00 4.375008652570427512e+05 3.711057608403278573e+04 3.790406511265554000e+05 1.673744200469167845e+05 2.083470233367247056e+04 1.607156680417626339e+05 1.562512499724217632e+05 1.562515177635235304e+05 1.562514921875198488e+05
7.143001737374848744e+04 3.121564891637879773e+05 9.003107264983588539e+04 8.929988812382305696e+03 8.929892275075815633e+03 7.142982871530264674e+04 2.738111045365056489e+05 4.123070677360754926e+05 7.143011278644586855e+04 7.142992985138006043e+04 1.275564520012979847e+04 2.237120872333239822e+05 4.576012942180484242e+04 1.473228980036232097e+05 7.143012166314158821e+04 7.143022297052685462e+04 4.062511486883267644e+05 6.557045874628730235e+04 3.477909259604554391e+05 1.986245905640826095e+05 7.143021366291986487e+04 1.218129324583100242e+05 1.453695810628118052e+05 1.473231677830997505e+05 1.160727730461104511e+05
1.924618792661972984e+05 1.832501390438785893e+05 2.080869550070399710e+05 2.237118717448128155e+05 2.237120819720122090e+05 2.237114305860443565e+05 1.215923128537292359e+05 3.224637261546893278e+05 2.237115854457304813e+05 1.924617832385556540e+05 2.237120872333239822e+05 2.326207851216932249e+04 2.237121155396287213e+05 1.924618928953782888e+05 1.924615547029852751e+05 1.924615980788391316e+05 3.398447628058321425e+05 2.237120113143321360e+05 2.579474606890294235e+05 8.236662843439035350e+04 2.132951616411417490e+05 1.835333776099427196e+05 1.924621909319945844e+05 1.924618062358172901e+05 1.924619868752459006e+05
1.171888764238247531e+05 3.121565530438465066e+05 4.427224655519530643e+04 5.468901602428228216e+04 5.468887753038098890e+04 1.171887710785065574e+05 2.738109833442304516e+05 4.123072158144661807e+05 1.171889874767677247e+05 1.171887781450057810e+05 4.576012942180484242e+04 2.237121155396287213e+05 1.171924936917692503e+04 1.015640435319910030e+05 1.171889573129457131e+05 1.171890908733005199e+05 4.062511848941660719e+05 1.113293096127322642e+05 3.477909862362169079e+05 1.986244824516926892e+05 1.171891299311645271e+05 1.026801234315719776e+05 9.961069992385673686e+04 1.191424007719032234e+05 7.031401413296039391e+04
1.562516501764051500e+05 2.809064441954467911e+05 5.729328045065028709e+04 1.562515145603441051e+05 1.562516860084496439e+05 1.250011290174276946e+05 2.425613407844416506e+05 4.123073858161241515e+05 1.250013268580804724e+05 1.562514162522394035e+05 1.473228980036232097e+05 1.924618928953782888e+05 1.015640435319909884e+05 5.185605592010338327e-01 1.562512394455045287e+05 1.562514232660821872e+05 4.062512799456903595e+05 1.250014791493504890e+05 3.477912428001511144e+05 1.439368033052237588e+05 1.354181147084659315e+05 7.143029955926018010e+04 1.954612536092689425e+03 2.343903759708795042e+04 3.125130444144396824e+04
1.219875793999612323e+00 2.809061659085576539e+05 1.406264594702094910e+05 6.250135179982682894e+04 6.250149574842240690e+04 3.125073582845246710e+04 2.425608512010940176e+05 4.435572728583446005e+05 3.125085309751046952e+04 1.082169888743431008e+00 7.143012166314158821e+04 1.924615547029852751e+05 1.171889573129457131e+05 1.562512394455045287e+05 5.015142556955277664e-01 1.071814270183093942e+00 4.375009630805107881e+05 3.711070765066224703e+04 3.790409485898003331e+05 1.673741433323120291e+05 2.083446651157269298e+04 1.607157771805703524e+05 1.562514398454181210e+05 1.562512708508181677e+05 1.562513045357880474e+05
1.160259083344516329e+00 2.809061084615076543e+05 1.406265892331227078e+05 6.250141009441221104e+04 6.250158531603680603e+04 3.125086898553253195e+04 2.425608558572979819e+05 4.435571265787091688e+05 3.125102301070043177e+04 1.158267346025903644e+00 7.143022297052685462e+04 1.924615980788391316e+05 1.171890908733005199e+05 1.562514232660821872e+05 1.071814270183093942e+00 5.063757832001278825e-01 4.375008194601427531e+05 3.711091948642532952e+04 3.790407747988290503e+05 1.673743937694716442e+05 2.083455814629619636e+04 1.607160411689767789e+05 1.562516027197082876e+05 1.562514987509475905e+05 1.562513974230358435e+05
4.375008475016595330e+05 3.084798544205173384e+05 4.114594584918232285e+05 4.062509373681707657e+05 4.062510149050683831e+05 4.375008304012853187e+05 3.125009985914267600e+05 2.114988760708254704e+05 4.375008381341222557e+05 4.375008652570427512e+05 4.062511486883267644e+05 3.398447628058321425e+05 4.062511848941660719e+05 4.062512799456903595e+05 4.375009630805107881e+05 4.375008194601427531e+05 9.055067841847198724e+04 4.375010074346336187e+05 2.780116061128396541e+05 3.437512656249997672e+05 4.375009452260002727e+05 3.660725457821660675e+05 4.062512744841003441e+05 4.062511401722572045e+05 4.062512187499998254e+05
3.711071933959968737e+04 3.121564451698018820e+05 1.139336006859101035e+05 5.664197587581984408e+04 5.664167779271075415e+04 5.860467904409744733e+03 2.738109833606834291e+05 4.435571915034732083e+05 5.860672345740560559e+03 3.711057608403278573e+04 6.557045874628730235e+04 2.237120113143321360e+05 1.113293096127322642e+05 1.250014791493504890e+05 3.711070765066223976e+04 3.711091948642532952e+04 4.375010074346336187e+05 9.521924610054840741e+03 3.790406952797209960e+05 1.986245288227282581e+05 1.627741233213084888e+04 1.607157815574216947e+05 1.246350201660964522e+05 1.250014984971940430e+05 1.191420950258890662e+05
3.790406391618101043e+05 2.454623684215665562e+05 3.529993258055035258e+05 3.477910381417982862e+05 3.477907649956498644e+05 3.790408195629784605e+05 2.644969634974493529e+05 2.368162858600370528e+05 3.790408033613662119e+05 3.790406511265554000e+05 3.477909259604554391e+05 2.579474606890294235e+05 3.477909862362169079e+05 3.477912428001511144e+05 3.790409485898003331e+05 3.790407747988290503e+05 2.780116061128396541e+05 3.790406952797209960e+05 1.369272333293193078e+05 2.774788724383134977e+05 3.790408476291559637e+05 3.076125230421994929e+05 3.477910027727003908e+05 3.477911486207534326e+05 3.477911927499255980e+05
1.673746020169508702e+05 1.871564513551344571e+05 1.829996677838247560e+05 1.986245122098033899e+05 1.986246709194786090e+05 1.986240246962631354e+05 1.401580139610181504e+05 3.419950104231554433e+05 1.986242028006199689e+05 1.673744200469167845e+05 1.986245905640826095e+05 8.236662843439035350e+04 1.986244824516926892e+05 1.439368033052237588e+05 1.673741433323120291e+05 1.673743937694716442e+05 3.437512656249997672e+05 1.986245288227282872e+05 2.774788724383134977e+05 3.776584576114107040e+04 1.882077870465683227e+05 1.115708298726261273e+05 1.454018741902598995e+05 1.263587668401272676e+05 1.673744798900523747e+05
2.083469867133756270e+04 3.017396136049802299e+05 1.267377502308010735e+05 6.250142408779833204e+04 6.250157909272635879e+04 1.041766057797534449e+04 2.633944560045743128e+05 4.435572916690599523e+05 1.041774755804949018e+04 2.083470233367246692e+04 7.143021366291986487e+04 2.132951616411417490e+05 1.171891299311645271e+05 1.354181147084659315e+05 2.083446651157269298e+04 2.083455814629619636e+04 4.375009452260002727e+05 1.627741233213084888e+04 3.790408476291559637e+05 1.882077870465683227e+05 1.388951682181680371e+04 1.607161085600251099e+05 1.354182381295201485e+05 1.354181599804341386e+05 1.354180862493090972e+05
1.607158731573176919e+05 2.719781983087633853e+05 1.078883510060868284e+05 1.294660283378949098e+05 1.294658337342705636e+05 1.607157071967013471e+05 2.336322991725488973e+05 3.721288654292434221e+05 1.607158781439836021e+05 1.607156680417626048e+05 1.218129324583100242e+05 1.835333776099426905e+05 1.026801234315719776e+05 7.143029955926018010e+04 1.607157771805703524e+05 1.607160411689767789e+05 3.660725457821660675e+05 1.607157815574216947e+05 3.076125230421994929e+05 1.115708298726261273e+05 1.607161085600251099e+05 1.530667820159859730e+04 7.338333704618181218e+04 4.799260473695959809e+04 1.026805053427397361e+05
1.562514482655126194e+05 2.809065968088188674e+05 5.533979093584472139e+04 1.542984641533476242e+05 1.542982551282619534e+05 1.250012766709336429e+05 2.425611580717582838e+05 4.123072543592146249e+05 1.250015210274486308e+05 1.562512499724217632e+05 1.453695810628118052e+05 1.924621909319945844e+05 9.961069992385673686e+04 1.954612536092689425e+03 1.562514398454181210e+05 1.562516027197082876e+05 4.062512744841004023e+05 1.246350201660964522e+05 3.477910027727003908e+05 1.454018741902598995e+05 1.354182381295201485e+05 7.338333704618181218e+04 3.662748873795581403e+03 2.539221728443402026e+04 2.929826952226506910e+04
1.562517001010893146e+05 2.809064312143473653e+05 8.073080221791540680e+04 1.562514353305507684e+05 1.562516059276099550e+05 1.250011479011280317e+05 2.425612040086789930e+05 4.123075763898768928e+05 1.250013311937174294e+05 1.562515177635235304e+05 1.473231677830997505e+05 1.924618062358172901e+05 1.191424007719032234e+05 2.343903759708795042e+04 1.562512708508181677e+05 1.562514987509475905e+05 4.062511401722572045e+05 1.250014984971940430e+05 3.477911486207534326e+05 1.263587668401272676e+05 1.354181599804341386e+05 4.799260473695959809e+04 2.539221728443402390e+04 1.171935120539708805e+04 5.468899690996149002e+04
1.562516117765765812e+05 2.809064106624576962e+05 2.604316255739046755e+04 1.250013795206494833e+05 1.250015880427986413e+05 1.250010534535381594e+05 2.425613224397689337e+05 4.123073224335947889e+05 1.250012785525434592e+05 1.562514921875198488e+05 1.160727730461104511e+05 1.924619868752459006e+05 7.031401413296037936e+04 3.125130444144396824e+04 1.562513045357880474e+05 1.562513974230358435e+05 4.062512187499998254e+05 1.191420950258890662e+05 3.477911927499255980e+05 1.673744798900523747e+05 1.354180862493090972e+05 1.026805053427397361e+05 2.929826952226506182e+04 5.468899690996149002e+04 6.134645050070273165e-01
