6.910970153906862834e+04 2.991247591795678018e+05 2.991246672288387199e+05 2.991246396571627702e+05 3.169816734398108092e+05 3.169814403194396291e+05 3.169816058080902440e+05 2.991247455629232572e+05 2.787860646872016368e+05 3.169814184841611423e+05 2.975957456059677643e+05 2.076643065651256184e+05 2.991247334110594238e+05 3.169818473270523828e+05 3.169815702192431781e+05 3.080528083505636896e+05 2.991247201697048149e+05 3.169814012283284101e+05 3.169817248036187375e+05 2.991247793656850117e+05 3.169813738724527648e+05 3.169816178509856691e+05 3.169818180449559586e+05 2.457350979227536882e+05 3.169814063761829748e+05
2.991247591795678018e+05 1.321591747610793846e+03 4.737109141391322191e+04 3.567644470010752411e+04 5.357344429285817750e+04 5.357333225145921460e+04 5.357339218976088159e+04 1.783268862224421537e+04 1.350218013783778588e+05 5.357309564391414460e+04 6.504166027129543363e+04 1.868807741132293013e+05 1.783256641919168032e+04 5.357344589957746211e+04 5.357337336367923854e+04 4.464450342825290863e+04 1.783263805883642272e+04 5.357321211003186909e+04 5.357344258309139695e+04 2.293457300631021644e+04 5.357287749138584331e+04 5.357343820997510193e+04 5.357348642867487069e+04 3.754633959997552447e+05 5.357340773816636647e+04
2.991246672288387199e+05 4.737109141391322191e+04 1.867130718343015178e+04 4.820807366909649863e+04 6.610499996242816269e+04 6.610476825314546295e+04 6.610484781005971308e+04 4.737099867927742889e+04 1.173552919335472252e+05 6.610457311617465166e+04 3.550313799782967544e+04 1.763524940414263692e+05 4.737118224038973131e+04 6.610504399657250906e+04 6.610493997104364098e+04 5.717592707805165264e+04 4.737093081424719276e+04 6.610459553573335870e+04 6.610495433024058002e+04 4.761399992867264518e+04 6.610441307199985022e+04 6.610498697103506129e+04 6.610498538632501732e+04 3.754633761370350840e+05 6.610482825019097072e+04
2.991246396571627702e+05 3.567644470010752411e+04 4.820807366909649863e+04 1.942175468606845243e+03 1.888935294635002720e+04 1.888931861643124648e+04 1.888931207243882091e+04 3.567657902471105626e+04 1.350083881776310736e+05 1.888897352129579303e+04 6.502835518972628779e+04 1.868408933537767152e+05 3.567632811931731703e+04 1.888923737452621572e+04 1.888932397957459762e+04 9.960357854980655247e+03 3.567656642156670569e+04 1.888922967041688753e+04 1.888934071223309729e+04 3.057434150879397930e+04 1.888874645841212987e+04 1.888937817535395880e+04 1.888933251439150263e+04 3.754635252377896104e+05 1.888930294191468784e+04
3.169816734398107510e+05 5.357344429285817750e+04 6.610499996242814814e+04 1.888935294635002720e+04 7.010625330942986677e-01 1.755726818394135691e+00 1.629678111005548047e+00 5.357354821283967613e+04 1.529051629053995421e+05 1.562050152904001621e+00 8.292505310468199605e+04 2.048169611968703975e+05 5.357330147280436358e+04 1.833760999688513360e+00 1.776777247821902606e+00 8.930266190814145375e+03 5.357365148711413349e+04 1.649004098374889704e+00 1.785989424767229661e+00 4.847131690197406715e+04 1.301715365865435015e+00 1.775085562761117952e+00 1.915914298462599197e+00 3.933204348450097605e+05 1.761343602961596755e+00
3.169814403194395709e+05 5.357333225145921460e+04 6.610476825314546295e+04 1.888931861643124648e+04 1.755726818394135247e+00 6.550587938523643183e-01 1.523889639041515753e+00 5.357341871023397107e+04 1.529047877628359129e+05 1.264122013581233439e+00 8.292470889281223936e+04 2.048165744688106934e+05 5.357337873590110394e+04 1.783619967575248433e+00 1.523200844716000146e+00 8.930101353636895510e+03 5.357340601217883523e+04 1.356226913579280380e+00 1.654161804328014185e+00 4.847123867477591557e+04 1.061113063473489548e+00 1.598109114924583851e+00 1.725575869510782345e+00 3.933202500265569543e+05 1.391316951761968568e+00
3.169816058080902440e+05 5.357339218976088159e+04 6.610484781005969853e+04 1.888931207243881727e+04 1.629678111005547825e+00 1.523889639041515753e+00 7.462502836620658053e-01 5.357349008296245302e+04 1.529050108786970959e+05 1.471877152731479343e+00 8.292498587156893336e+04 2.048167413648808433e+05 5.357334946508173016e+04 1.806001794590190945e+00 1.541017172049668815e+00 8.930223303616685371e+03 5.357350783847461571e+04 1.561446443806623341e+00 1.708512355457221465e+00 4.847125402527417464e+04 1.213023345348897886e+00 1.631675993077287279e+00 1.865633946618095784e+00 3.933204073635842069e+05 1.549655778211944668e+00
2.991247455629232572e+05 1.783268862224421537e+04 4.737099867927742889e+04 3.567657902471105626e+04 5.357354821283969068e+04 5.357341871023397107e+04 5.357349008296245302e+04 9.576536247705424103e+03 1.350217749089161516e+05 5.357308933701975911e+04 6.504151711138038809e+04 1.868806399919409305e+05 1.783291037373139261e+04 5.357350821819404518e+04 5.357350588722885004e+04 4.464462154387811461e+04 1.783276489508197119e+04 5.357333688835259818e+04 5.357366959628020413e+04 2.293484897173279387e+04 5.357297004797083355e+04 5.357355558260792895e+04 5.357362967134722567e+04 3.754635317824081867e+05 5.357346101079718210e+04
2.787860646872016368e+05 1.350218013783778588e+05 1.173552919335472252e+05 1.350083881776310445e+05 1.529051629053995421e+05 1.529047877628358838e+05 1.529050108786970668e+05 1.350217749089161516e+05 4.651663772639777744e+04 1.529047324511668703e+05 1.052261566163303942e+05 1.276355927566513274e+05 1.350215647201191750e+05 1.529050617581331753e+05 1.529050334475637355e+05 1.439761779399914376e+05 1.350216760261746822e+05 1.529048970989799709e+05 1.529050937036461837e+05 1.350216467623626231e+05 1.529045969192080083e+05 1.529050570489398087e+05 1.529051229340334248e+05 3.302889933866222273e+05 1.529048343338318227e+05
3.169814184841610841e+05 5.357309564391414460e+04 6.610457311617463711e+04 1.888897352129579303e+04 1.562050152904001621e+00 1.264122013581233439e+00 1.471877152731479343e+00 5.357308933701975911e+04 1.529047324511668703e+05 6.220309857492589689e-01 8.292466837922335253e+04 2.048165868806146027e+05 5.357307556193573691e+04 1.548498372481513785e+00 1.468601798040604089e+00 8.929712248151436143e+03 5.357310391971817444e+04 1.248658420346121956e+00 1.495222461943199521e+00 4.847094595683021180e+04 7.504530776196191022e-01 1.452196483982616027e+00 1.528802796416501630e+00 3.933202487981582526e+05 1.419575174458385769e+00
2.975957456059677643e+05 6.504166027129543363e+04 3.550313799782968272e+04 6.502835518972628779e+04 8.292505310468199605e+04 8.292470889281223936e+04 8.292498587156893336e+04 6.504151711138038809e+04 1.052261566163303942e+05 8.292466837922335253e+04 2.714128758742826176e+04 1.702843934576136817e+05 6.504172675027723744e+04 8.292516946259938413e+04 8.292496733401995152e+04 7.399611009817759623e+04 6.504165362836977147e+04 8.292474744040575752e+04 8.292506231297869817e+04 6.504165656986372051e+04 8.292450363936995564e+04 8.292503876277997915e+04 8.292499600958789233e+04 3.695108928576151375e+05 8.292489558467699680e+04
2.076643065651256184e+05 1.868807741132293013e+05 1.763524940414263401e+05 1.868408933537766570e+05 2.048169611968703684e+05 2.048165744688106934e+05 2.048167413648808433e+05 1.868806399919409305e+05 1.276355927566513274e+05 2.048165868806146027e+05 1.702843934576137108e+05 5.909110773868923570e+04 1.868807360248075856e+05 2.048169314637634088e+05 2.048168762420782004e+05 1.958880098324983555e+05 1.868807188020886970e+05 2.048166130382480042e+05 2.048168577721681504e+05 1.868806764489352063e+05 2.048164730830369517e+05 2.048168345407579327e+05 2.048169101499255048e+05 3.246435248571715783e+05 2.048165786186970072e+05
2.991247334110594238e+05 1.783256641919168032e+04 4.737118224038973131e+04 3.567632811931731703e+04 5.357330147280436358e+04 5.357337873590110394e+04 5.357334946508173016e+04 1.783291037373139261e+04 1.350215647201192332e+05 5.357307556193573691e+04 6.504172675027723744e+04 1.868807360248075856e+05 1.321517708084116521e+03 5.357335063478690427e+04 5.357338438825319463e+04 4.464448028675554087e+04 1.783283751607415979e+04 5.357325352289590955e+04 5.357350402391094394e+04 2.293453149250864226e+04 5.357284897832506977e+04 5.357341075851779897e+04 5.357344465340154420e+04 3.754634360527334502e+05 5.357336770628858358e+04
3.169818473270523828e+05 5.357344589957745484e+04 6.610504399657249451e+04 1.888923737452621572e+04 1.833760999688513360e+00 1.783619967575248877e+00 1.806001794590190945e+00 5.357350821819404518e+04 1.529050617581332044e+05 1.548498372481513785e+00 8.292516946259938413e+04 2.048169314637634379e+05 5.357335063478690427e+04 7.816556072174675185e-01 1.811579856146466883e+00 8.930330973299882316e+03 5.357349465265618346e+04 1.790415804041556314e+00 1.802141025330518120e+00 4.847126466143766447e+04 1.282091125992660618e+00 1.793868378389558371e+00 1.752001319648362587e+00 3.933206273747594678e+05 1.808202471901229735e+00
3.169815702192431781e+05 5.357337336367923854e+04 6.610493997104362643e+04 1.888932397957459762e+04 1.776777247821902384e+00 1.523200844716000146e+00 1.541017172049668815e+00 5.357350588722885004e+04 1.529050334475637646e+05 1.468601798040604089e+00 8.292496733401995152e+04 2.048168762420782004e+05 5.357338438825318735e+04 1.811579856146467105e+00 7.110360756427812623e-01 8.930219501669658712e+03 5.357341587246741983e+04 1.543118481884576454e+00 1.723587478268596707e+00 4.847129665623446635e+04 1.222196986015071207e+00 1.615725720290305256e+00 1.823718495826635477e+00 3.933204300996320671e+05 1.599455021246714237e+00
3.080528083505636896e+05 4.464450342825290863e+04 5.717592707805165264e+04 9.960357854980655247e+03 8.930266190814145375e+03 8.930101353636895510e+03 8.930223303616685371e+03 4.464462154387812188e+04 1.439761779399914376e+05 8.929712248151436143e+03 7.399611009817759623e+04 1.958880098324983555e+05 4.464448028675554087e+04 8.930330973299882316e+03 8.930219501669658712e+03 8.929185122676999526e+03 4.464454047794865619e+04 8.929842091323091154e+03 8.930283811983008491e+03 3.954244115288723697e+04 8.929590659625691842e+03 8.930269478085203446e+03 8.930375699542599250e+03 3.843915991478509386e+05 8.930138095918295221e+03
2.991247201697048149e+05 1.783263805883642272e+04 4.737093081424719276e+04 3.567656642156670569e+04 5.357365148711414804e+04 5.357340601217883523e+04 5.357350783847461571e+04 1.783276489508197119e+04 1.350216760261746822e+05 5.357310391971817444e+04 6.504165362836977147e+04 1.868807188020886970e+05 1.783283751607415979e+04 5.357349465265618346e+04 5.357341587246741983e+04 4.464454047794865619e+04 9.576509355390589917e+03 5.357335149759348860e+04 5.357346678828378208e+04 2.293477733190460640e+04 5.357290734440599044e+04 5.357353967432066565e+04 5.357350131625858194e+04 3.754635779273405205e+05 5.357349422829462856e+04
3.169814012283283519e+05 5.357321211003186909e+04 6.610459553573335870e+04 1.888922967041688753e+04 1.649004098374889704e+00 1.356226913579280380e+00 1.561446443806623341e+00 5.357333688835259818e+04 1.529048970989799709e+05 1.248658420346121956e+00 8.292474744040575752e+04 2.048166130382480042e+05 5.357325352289590955e+04 1.790415804041556314e+00 1.543118481884576454e+00 8.929842091323091154e+03 5.357335149759348860e+04 6.170348570598221949e-01 1.645275721162180460e+00 4.847121460584995657e+04 1.064180975827079267e+00 1.616877321636551068e+00 1.757766094761376907e+00 3.933201690755253076e+05 1.439516944256676867e+00
3.169817248036187375e+05 5.357344258309139695e+04 6.610495433024056547e+04 1.888934071223309729e+04 1.785989424767229661e+00 1.654161804328014185e+00 1.708512355457221465e+00 5.357366959628020413e+04 1.529050937036462128e+05 1.495222461943199521e+00 8.292506231297869817e+04 2.048168577721681504e+05 5.357350402391092939e+04 1.802141025330518342e+00 1.723587478268596707e+00 8.930283811983006672e+03 5.357346678828378208e+04 1.645275721162180460e+00 7.702688598872559078e-01 4.847124887608236895e+04 1.267717395896704513e+00 1.583865034563703089e+00 1.763530825693301773e+00 3.933205190347239841e+05 1.780484996536436881e+00
2.991247793656850117e+05 2.293457300631020917e+04 4.761399992867265973e+04 3.057434150879397566e+04 4.847131690197406715e+04 4.847123867477591557e+04 4.847125402527417464e+04 2.293484897173279387e+04 1.350216467623626231e+05 4.847094595683021180e+04 6.504165656986371323e+04 1.868806764489352063e+05 2.293453149250864226e+04 4.847126466143766447e+04 4.847129665623446635e+04 3.954244115288723697e+04 2.293477733190461004e+04 4.847121460584995657e+04 4.847124887608236895e+04 8.610082555568445969e+03 4.847071372005617013e+04 4.847127732716414903e+04 4.847132902923509391e+04 3.754635130944884731e+05 4.847130004189703322e+04
3.169813738724527648e+05 5.357287749138584331e+04 6.610441307199986477e+04 1.888874645841212987e+04 1.301715365865435015e+00 1.061113063473489548e+00 1.213023345348897664e+00 5.357297004797083355e+04 1.529045969192080665e+05 7.504530776196191022e-01 8.292450363936995564e+04 2.048164730830369517e+05 5.357284897832506977e+04 1.282091125992660618e+00 1.222196986015071207e+00 8.929590659625691842e+03 5.357290734440599044e+04 1.064180975827079711e+00 1.267717395896704291e+00 4.847071372005617741e+04 3.784082765248680258e-01 1.219674213233826743e+00 1.261489998145196578e+00 3.933202146737324074e+05 1.133413763286533094e+00
3.169816178509856691e+05 5.357343820997510193e+04 6.610498697103504674e+04 1.888937817535395880e+04 1.775085562761117952e+00 1.598109114924583851e+00 1.631675993077286835e+00 5.357355558260792895e+04 1.529050570489398378e+05 1.452196483982616027e+00 8.292503876277997915e+04 2.048168345407579327e+05 5.357341075851779897e+04 1.793868378389558371e+00 1.615725720290305256e+00 8.930269478085203446e+03 5.357353967432066565e+04 1.616877321636551068e+00 1.583865034563703089e+00 4.847127732716414903e+04 1.219674213233826743e+00 8.332585389907071205e-01 1.754252575426250571e+00 3.933204291556936805e+05 1.649571153772476650e+00
3.169818180449559586e+05 5.357348642867487069e+04 6.610498538632500276e+04 1.888933251439150263e+04 1.915914298462599197e+00 1.725575869510782345e+00 1.865633946618096006e+00 5.357362967134722567e+04 1.529051229340334248e+05 1.528802796416501630e+00 8.292499600958789233e+04 2.048169101499255048e+05 5.357344465340154420e+04 1.752001319648362587e+00 1.823718495826635477e+00 8.930375699542599250e+03 5.357350131625858194e+04 1.757766094761376907e+00 1.763530825693301773e+00 4.847132902923509391e+04 1.261489998145196578e+00 1.754252575426250571e+00 6.478417504970935825e-01 3.933205028341222205e+05 1.795312439171897534e+00
2.457350979227536882e+05 3.754633959997551865e+05 3.754633761370350840e+05 3.754635252377896104e+05 3.933204348450097605e+05 3.933202500265569543e+05 3.933204073635842069e+05 3.754635317824081285e+05 3.302889933866222273e+05 3.933202487981582526e+05 3.695108928576150211e+05 3.246435248571715783e+05 3.754634360527334502e+05 3.933206273747594678e+05 3.933204300996320671e+05 3.843915991478509386e+05 3.754635779273405205e+05 3.933201690755253076e+05 3.933205190347239259e+05 3.754635130944884731e+05 3.933202146737322910e+05 3.933204291556936223e+05 3.933205028341222205e+05 1.262004878157562489e+05 3.933201982382269925e+05
3.169814063761829748e+05 5.357340773816636647e+04 6.610482825019095617e+04 1.888930294191468784e+04 1.761343602961596533e+00 1.391316951761968568e+00 1.549655778211944446e+00 5.357346101079718210e+04 1.529048343338318227e+05 1.419575174458385769e+00 8.292489558467699680e+04 2.048165786186970072e+05 5.357336770628858358e+04 1.808202471901229735e+00 1.599455021246714237e+00 8.930138095918295221e+03 5.357349422829462856e+04 1.439516944256676867e+00 1.780484996536436881e+00 4.847130004189703322e+04 1.133413763286533094e+00 1.649571153772476650e+00 1.795312439171897534e+00 3.933201982382270508e+05 6.394319971444188955e-01
