5.143960253054042919e-01 4.255491291730440571e+04 2.127797420101865282e+04 4.996502186191980145e+05 2.127802610261808877e+04 1.631222681572571746e+05 1.060944479225769843e+00 2.127802303813666367e+04 1.253571155694149120e+00 2.146690973225732741e+05 2.127788369721582785e+04 6.383150240138067602e+04 8.510810124093541526e+04 2.353470557334934128e+05 8.510810313310634228e+04 3.039945293679391616e+05 9.220052094049965672e+04 1.219439424735445643e+00 2.127827452578008888e+04 2.340443451911500597e+05 2.735732073753880468e+04 3.809358709278521128e+05 8.510825665142107755e+04 1.180924932211192354e+05 1.421239099211144996e+00
4.255491291730440571e+04 5.699533729367531887e-01 4.255493024189744756e+04 4.783737610233222949e+05 4.255481697302512475e+04 1.631223831058923388e+05 4.255464531831052591e+04 4.255499270194792916e+04 4.255477810707444587e+04 2.146691817164652748e+05 4.255458043868575623e+04 2.127809718453554160e+04 6.383143013098806114e+04 2.353471175208970672e+05 6.383152417391906056e+04 3.039947859837654396e+05 7.092376266047915851e+04 4.255447033779652702e+04 4.255496537708247342e+04 2.340443414643949072e+05 1.519891969761249857e+04 3.596595877024932997e+05 6.383143504578673310e+04 9.985546254774706904e+04 4.255471417279047455e+04
2.127797420101865282e+04 4.255493024189744756e+04 4.406945935558691518e-01 4.996501869470897363e+05 1.244844544402205377e+00 1.631223853456139914e+05 2.127782007170116412e+04 1.344807482905898466e+00 2.127800064993709384e+04 2.146690818398339907e+05 1.121488714006250387e+00 6.383153205140266800e+04 8.510805426287911541e+04 2.353470656341943250e+05 8.510814131359109888e+04 3.039945333445304423e+05 9.220051858019708015e+04 2.127772108751953783e+04 1.334174018439005849e+00 2.340443256259082118e+05 2.735726031987359602e+04 3.809358458238280145e+05 8.510818168062480981e+04 1.180925284737477486e+05 2.127788896255714280e+04
4.996502186191980727e+05 4.783737610233222949e+05 4.996501869470897946e+05 7.632628464901306143e+04 4.996500778736724751e+05 3.932673989533027634e+05 4.996500842886473401e+05 4.996503335744747892e+05 4.996500533653944149e+05 3.696266574391113827e+05 4.996500360987083404e+05 4.570970903762393864e+05 4.570973414178235107e+05 3.286496907697272254e+05 4.570971881258903886e+05 3.076393723863028572e+05 4.500050186878450913e+05 4.996501058984654373e+05 4.996502023995404597e+05 3.507141107277151896e+05 4.783737081309109926e+05 2.204920918736173480e+05 4.570972021983281011e+05 4.297414945773607469e+05 4.996501980051066494e+05
2.127802610261808877e+04 4.255481697302512475e+04 1.244844544402205377e+00 4.996500778736724751e+05 4.811725668536877554e-01 1.631222048317533045e+05 2.127781315888265090e+04 1.337409306653423169e+00 2.127787605372782127e+04 2.146691026833275973e+05 9.426037557907370745e-01 6.383145800050936668e+04 8.510809134167939192e+04 2.353469910614090622e+05 8.510803475424378121e+04 3.039944778901549871e+05 9.220035263262403896e+04 2.127770813523791367e+04 1.324386326080787102e+00 2.340441876092567109e+05 2.735713739401456405e+04 3.809359380245035863e+05 8.510804612890364660e+04 1.180925114695831871e+05 2.127781064956420960e+04
1.631222681572571746e+05 1.631223831058923388e+05 1.631223853456139914e+05 3.932673989533027634e+05 1.631222048317533045e+05 9.456952065956085789e+03 1.631219776916775736e+05 1.631223481622392428e+05 1.631222744830353768e+05 5.154870004707672342e+04 1.631220029050048906e+05 1.418458813466111897e+05 1.205691364333497768e+05 9.192731102872206247e+04 1.205690671593961015e+05 1.763351359758537728e+05 1.134767768863299716e+05 1.631220827570848633e+05 1.631223216337402409e+05 7.092386593265400734e+04 1.631223441323405423e+05 2.745531659943281556e+05 1.205691216045636393e+05 8.454526337044624961e+04 1.631222117580706836e+05
1.060944479225769843e+00 4.255464531831052591e+04 2.127782007170116412e+04 4.996500842886473401e+05 2.127781315888265090e+04 1.631219776916775736e+05 4.374302951925008731e-01 2.127785683490286465e+04 1.142987550107808836e+00 2.146688084567804181e+05 2.127752142732588982e+04 6.383127608509144193e+04 8.510777705420658458e+04 2.353467603655473504e+05 8.510779875368373177e+04 3.039943254399668658e+05 9.220014762374448765e+04 8.745959666632182605e-01 2.127802546769373294e+04 2.340440657800126355e+05 2.735704253275759038e+04 3.809357501612035558e+05 8.510794362310980796e+04 1.180921735614721692e+05 1.155458825892847541e+00
2.127802303813666367e+04 4.255499270194792916e+04 1.344807482905898466e+00 4.996503335744747892e+05 1.337409306653423169e+00 1.631223481622392137e+05 2.127785683490286465e+04 5.316523483428259311e-01 2.127809022819497113e+04 2.146692111279369856e+05 1.209286869362284245e+00 6.383158897005396284e+04 8.510790183552338567e+04 2.353469679911013518e+05 8.510802148550655693e+04 3.039946048041139147e+05 9.220035309868190961e+04 2.127783664448724812e+04 1.355401762414060185e+00 2.340443195530637749e+05 2.735731576697737910e+04 3.809360170472546597e+05 8.510809959494935174e+04 1.180925550604954769e+05 2.127795158299663308e+04
1.253571155694149342e+00 4.255477810707444587e+04 2.127800064993709384e+04 4.996500533653944149e+05 2.127787605372782127e+04 1.631222744830353768e+05 1.142987550107808836e+00 2.127809022819497113e+04 5.049026168977462925e-01 2.146691346006210952e+05 2.127772832596080843e+04 6.383144946009815612e+04 8.510807038457329327e+04 2.353469637752319686e+05 8.510807144443588913e+04 3.039946295621897443e+05 9.220036721400174429e+04 1.252561166483695310e+00 2.127810302246563879e+04 2.340442255658785289e+05 2.735724156198354103e+04 3.809359038140609628e+05 8.510815034936403390e+04 1.180926132189006021e+05 1.414203828117688966e+00
2.146690973225732741e+05 2.146691817164652748e+05 2.146690818398339907e+05 3.696266574391113827e+05 2.146691026833275973e+05 5.154870004707672342e+04 2.146688084567804181e+05 2.146692111279369856e+05 2.146691346006210952e+05 2.191951945556998180e+04 2.146688763414141431e+05 1.933924005244053842e+05 1.721160397930312029e+05 4.274440650976272445e+04 1.721160866536911926e+05 1.468122248758448695e+05 1.650237995120695559e+05 2.146688177197211189e+05 2.146692068828851916e+05 1.937674680651309609e+04 2.146692490137791610e+05 2.509123724234109104e+05 1.721159747839578777e+05 1.360920908251385263e+05 2.146689879111465125e+05
2.127788369721582785e+04 4.255458043868575623e+04 1.121488714006250387e+00 4.996500360987083404e+05 9.426037557907370745e-01 1.631220029050048906e+05 2.127752142732588982e+04 1.209286869362284245e+00 2.127772832596080843e+04 2.146688763414141431e+05 3.770224672855972958e-01 6.383126200291817804e+04 8.510782658830868604e+04 2.353467383413517673e+05 8.510781837646142230e+04 3.039943651589093497e+05 9.220009750966116553e+04 2.127746879510051076e+04 1.229427754489303970e+00 2.340438837538380176e+05 2.735698705577059081e+04 3.809357512954822159e+05 8.510782200155920873e+04 1.180922774432247970e+05 2.127755423404722751e+04
6.383150240138067602e+04 2.127809718453554160e+04 6.383153205140266800e+04 4.570970903762393864e+05 6.383145800050936668e+04 1.418458813466111897e+05 6.383127608509144193e+04 6.383158897005396284e+04 6.383144946009815612e+04 1.933924005244053842e+05 6.383126200291817804e+04 2.127713973438233370e+04 4.255495812997220492e+04 2.140706080341739580e+05 4.255505359888685052e+04 2.827180467044682591e+05 4.964731621206516866e+04 6.383099770642006479e+04 6.383155871622958512e+04 2.127677337464735610e+05 3.647578573025228980e+04 3.383828218946561101e+05 4.255505333976035763e+04 7.857900397521762352e+04 6.383123903292742034e+04
8.510810124093541526e+04 6.383143013098806114e+04 8.510805426287911541e+04 4.570973414178235107e+05 8.510809134167939192e+04 1.205691364333497768e+05 8.510777705420658458e+04 8.510790183552338567e+04 8.510807038457329327e+04 1.721160397930312029e+05 8.510782658830868604e+04 4.255495812997220492e+04 5.081147186937898796e-01 1.927938428148220119e+05 1.402015455215737783e+00 2.614414971149204939e+05 7.093900946076358196e+03 8.510772852164498181e+04 8.510812046161275066e+04 1.914912209197126504e+05 7.902907481400582765e+04 3.383829230311411666e+05 1.449587328838146894e+00 3.602568572952885734e+04 8.510796629978598503e+04
2.353470557334934128e+05 2.353471175208970672e+05 2.353470656341943250e+05 3.286496907697272254e+05 2.353469910614090622e+05 9.192731102872204792e+04 2.353467603655473504e+05 2.353469679911013518e+05 2.353469637752319686e+05 4.274440650976272445e+04 2.353467383413517673e+05 2.140706080341739580e+05 1.927938428148220119e+05 2.077532407485294243e+04 1.927939034598338767e+05 1.193739532362793398e+05 1.857017128307127568e+05 2.353467915865501564e+05 2.353470577832365234e+05 2.336910554362590119e+04 2.353471097859200381e+05 2.220780700811636052e+05 1.927939189024572552e+05 1.628699712335902150e+05 2.353467903780300985e+05
8.510810313310634228e+04 6.383152417391906056e+04 8.510814131359109888e+04 4.570971881258903304e+05 8.510803475424378121e+04 1.205690671593961015e+05 8.510779875368373177e+04 8.510802148550655693e+04 8.510807144443588913e+04 1.721160866536911926e+05 8.510781837646142230e+04 4.255505359888685052e+04 1.402015455215737783e+00 1.927939034598338767e+05 6.160116719846585598e-01 2.614415020438079373e+05 7.093913048635685300e+03 8.510779630606390128e+04 8.510810785930925340e+04 1.914911621532489371e+05 7.902897490629779350e+04 3.383829471974355401e+05 1.586138159761040889e+00 3.602572637814098562e+04 8.510809804778524267e+04
3.039945293679391616e+05 3.039947859837654396e+05 3.039945333445304423e+05 3.076393723863028572e+05 3.039944778901549871e+05 1.763351359758537728e+05 3.039943254399668658e+05 3.039946048041139147e+05 3.039946295621897443e+05 1.468122248758448695e+05 3.039943651589093497e+05 2.827180467044682591e+05 2.614414971149204939e+05 1.193739532362793398e+05 2.614415020438079373e+05 3.639505664211859403e+04 2.543494316337788187e+05 3.039943135337646236e+05 3.039945898266559816e+05 1.277689443723130971e+05 3.039947515238520573e+05 1.367397049065481115e+05 2.614415103079669352e+05 2.340859234733748890e+05 3.039943869591822731e+05
9.220052094049965672e+04 7.092376266047915851e+04 9.220051858019708015e+04 4.500050186878450913e+05 9.220035263262403896e+04 1.134767768863299716e+05 9.220014762374448765e+04 9.220035309868190961e+04 9.220036721400174429e+04 1.650237995120695559e+05 9.220009750966116553e+04 4.964731621206516866e+04 7.093900946076358196e+03 1.857017128307127568e+05 7.093913048635685300e+03 2.543494316337788187e+05 9.456873880563047351e+03 9.220010994996494264e+04 9.220048130934657820e+04 1.843987544082588574e+05 8.612123333416815149e+04 3.312908577630621148e+05 7.094023153104097219e+03 2.893321597744424434e+04 9.220031610395541065e+04
1.219439424735445643e+00 4.255447033779652702e+04 2.127772108751953783e+04 4.996501058984654373e+05 2.127770813523791367e+04 1.631220827570848633e+05 8.745959666632182605e-01 2.127783664448724812e+04 1.252561166483695310e+00 2.146688177197211189e+05 2.127746879510051076e+04 6.383099770642006479e+04 8.510772852164498181e+04 2.353467915865501564e+05 8.510779630606390128e+04 3.039943135337646236e+05 9.220010994996494264e+04 3.653341021631516528e-01 2.127790504143377620e+04 2.340440384203660651e+05 2.735682381578177956e+04 3.809357238304118509e+05 8.510786646388456575e+04 1.180922356639262580e+05 8.362986393980820221e-01
2.127827452578008888e+04 4.255496537708247342e+04 1.334174018439005849e+00 4.996502023995404597e+05 1.324386326080787102e+00 1.631223216337402409e+05 2.127802546769373294e+04 1.355401762414060185e+00 2.127810302246563879e+04 2.146692068828851916e+05 1.229427754489304192e+00 6.383155871622958512e+04 8.510812046161275066e+04 2.353470577832364652e+05 8.510810785930925340e+04 3.039945898266559816e+05 9.220048130934657820e+04 2.127790504143377620e+04 4.456538749225456009e-01 2.340442436417321733e+05 2.735731349162494735e+04 3.809359392235836713e+05 8.510810678901249776e+04 1.180926973213185411e+05 2.127807901390779443e+04
2.340443451911500597e+05 2.340443414643949072e+05 2.340443256259082118e+05 3.507141107277151896e+05 2.340441876092567109e+05 7.092386593265399279e+04 2.340440657800126355e+05 2.340443195530637749e+05 2.340442255658785289e+05 1.937674680651309609e+04 2.340438837538380176e+05 2.127677337464735610e+05 1.914912209197126504e+05 2.336910554362590119e+04 1.914911621532489371e+05 1.277689443723130971e+05 1.843987544082588574e+05 2.340440384203660651e+05 2.340442436417321733e+05 6.141360073647202933e-01 2.340442900434651237e+05 2.319999309737086005e+05 1.914912492529192823e+05 1.554672895537506556e+05 2.340441089447672712e+05
2.735732073753880468e+04 1.519891969761249857e+04 2.735726031987359602e+04 4.783737081309110508e+05 2.735713739401456405e+04 1.631223441323405423e+05 2.735704253275759038e+04 2.735731576697738274e+04 2.735724156198354103e+04 2.146692490137791610e+05 2.735698705577059081e+04 3.647578573025228980e+04 7.902907481400582765e+04 2.353471097859200381e+05 7.902897490629779350e+04 3.039947515238520573e+05 8.612123333416815149e+04 2.735682381578177956e+04 2.735731349162495098e+04 2.340442900434651237e+05 8.684830277715072953e+03 3.596595673997910344e+05 7.902913593877130188e+04 1.128819572252099897e+05 2.735703503001371064e+04
3.809358709278521128e+05 3.596595877024932997e+05 3.809358458238280145e+05 2.204920918736174062e+05 3.809359380245035863e+05 2.745531659943281556e+05 3.809357501612035558e+05 3.809360170472546597e+05 3.809359038140609046e+05 2.509123724234109104e+05 3.809357512954822159e+05 3.383828218946559937e+05 3.383829230311411666e+05 2.220780700811636052e+05 3.383829471974354237e+05 1.367397049065481406e+05 3.312908577630621148e+05 3.809357238304118509e+05 3.809359392235836713e+05 2.319999309737086005e+05 3.596595673997911508e+05 8.382269953989426722e+04 3.383829440903612413e+05 3.110272891423614346e+05 3.809358131609638222e+05
8.510825665142107755e+04 6.383143504578673310e+04 8.510818168062480981e+04 4.570972021983281011e+05 8.510804612890364660e+04 1.205691216045636393e+05 8.510794362310980796e+04 8.510809959494935174e+04 8.510815034936403390e+04 1.721159747839578777e+05 8.510782200155920873e+04 4.255505333976035763e+04 1.449587328838146894e+00 1.927939189024572552e+05 1.586138159761040889e+00 2.614415103079669352e+05 7.094023153104097219e+03 8.510786646388456575e+04 8.510810678901249776e+04 1.914912492529192823e+05 7.902913593877130188e+04 3.383829440903612413e+05 4.579989830248135108e-01 3.602571140957706666e+04 8.510810438063406036e+04
1.180924932211192354e+05 9.985546254774706904e+04 1.180925284737477486e+05 4.297414945773608051e+05 1.180925114695831871e+05 8.454526337044624961e+04 1.180921735614721692e+05 1.180925550604954769e+05 1.180926132189006021e+05 1.360920908251385263e+05 1.180922774432247970e+05 7.857900397521762352e+04 3.602568572952886461e+04 1.628699712335902441e+05 3.602572637814098562e+04 2.340859234733748890e+05 2.893321597744424798e+04 1.180922356639262580e+05 1.180926973213185411e+05 1.554672895537506556e+05 1.128819572252099897e+05 3.110272891423613182e+05 3.602571140957706666e+04 2.069520154577632638e+04 1.180924565961204207e+05
1.421239099211144996e+00 4.255471417279047455e+04 2.127788896255714280e+04 4.996501980051066494e+05 2.127781064956420960e+04 1.631222117580706836e+05 1.155458825892847541e+00 2.127795158299663308e+04 1.414203828117688966e+00 2.146689879111465125e+05 2.127755423404722751e+04 6.383123903292742034e+04 8.510796629978598503e+04 2.353467903780300985e+05 8.510809804778524267e+04 3.039943869591822731e+05 9.220031610395541065e+04 8.362986393980820221e-01 2.127807901390779443e+04 2.340441089447672712e+05 2.735703503001370700e+04 3.809358131609638222e+05 8.510810438063406036e+04 1.180924565961204207e+05 4.563019261949694538e-01
