2.625381901510075999e-01 1.037736241177964480e+00 3.915955975696311216e+05 1.392196953029233075e+00 1.050329854905261540e+00 2.731494020309236948e+05 1.425698913421718395e+00 5.416673743280700874e+05 8.333491110201342963e+04 1.666679426008413720e+05 4.791674461908735102e+05 1.004424002152454198e+00 1.785727472022031434e+05 1.533629437560511954e+00 2.500010872019738308e+05 8.333500868464271480e+04 9.120783143797871473e-01 1.190640456081075536e+04 1.300256721406049198e+00 5.146404075635188492e+05 8.333470469633975881e+04 4.583343664214984747e+05 1.380733920811562275e+05 1.047799594140259805e+00 4.687670249636162043e+04
1.037736241177964702e+00 2.511253076912002280e-01 3.915953730738424929e+05 1.028754987546196542e+00 1.235178720235893035e+00 2.731492155384024954e+05 1.154370325923645080e+00 5.416673612843053415e+05 8.333442460303122061e+04 1.666679261529320502e+05 4.791675069030828890e+05 8.788129118066285717e-01 1.785726636462904571e+05 1.305273430183198968e+00 2.500012161295290280e+05 8.333447800742923573e+04 4.497132365338628590e-01 1.190590678039717568e+04 1.009871565614808953e+00 5.146405018044728204e+05 8.333457621816506435e+04 4.583341241832884261e+05 1.380731608447201434e+05 9.086122799147334783e-01 4.687612724084049842e+04
3.915955975696311216e+05 3.915953730738424929e+05 1.183868675475826167e+05 3.915956297843613429e+05 3.915956631274279207e+05 1.898833820251919387e+05 3.915958399340900942e+05 3.015729606966228457e+05 3.915956081599007593e+05 3.112386899713170715e+05 2.364689225344248116e+05 3.915955626061423100e+05 2.807327071222492377e+05 3.915958095152044552e+05 2.214049407343030616e+05 3.915957104186577490e+05 3.915954290463601938e+05 3.915957264634766034e+05 3.915956083818991319e+05 2.745460169347046758e+05 3.915958735465976060e+05 2.003823803001621272e+05 3.499291957617513253e+05 3.915955790533151012e+05 3.915956775737965363e+05
1.392196953029233075e+00 1.028754987546196542e+00 3.915956297843613429e+05 2.309332068900966095e-01 1.355130759925690098e+00 2.731495617877493496e+05 1.321088886214937030e+00 5.416674182692306349e+05 8.333500401559229067e+04 1.666683384081196855e+05 4.791677224586961092e+05 1.165401836743750641e+00 1.785730415361664491e+05 1.434614464964455882e+00 2.500015672250046919e+05 8.333499000148297637e+04 8.065590444691127514e-01 1.190632127196287365e+04 1.045984444557108928e+00 5.146405375980061945e+05 8.333500528746670170e+04 4.583342468877954525e+05 1.380736151646556682e+05 1.237421745296332087e+00 4.687668814968816150e+04
1.050329854905261540e+00 1.235178720235893035e+00 3.915956631274279207e+05 1.355130759925690098e+00 2.322450401369363371e-01 2.731495467369522667e+05 1.379066415290699732e+00 5.416672601819593692e+05 8.333504426130652428e+04 1.666680297852337244e+05 4.791675099328449578e+05 1.136642552829887354e+00 1.785729563389881514e+05 1.525890404765603670e+00 2.500013758043083944e+05 8.333499936127022374e+04 9.526212769398690883e-01 1.190647260599288347e+04 1.175817574390239040e+00 5.146403021851300728e+05 8.333479453541895782e+04 4.583343654746686225e+05 1.380734052287582308e+05 1.097044929681091796e+00 4.687676698641860276e+04
2.731494020309236948e+05 2.731492155384024954e+05 1.898833820251919387e+05 2.731495617877492914e+05 2.731495467369522667e+05 3.620145685723109636e+04 2.731496701284618466e+05 3.935195516456580954e+05 2.731497434228396742e+05 1.927925983212731662e+05 3.232074694373960956e+05 2.731494639394456171e+05 1.779114085686833714e+05 2.731496357101046015e+05 6.011811065698730818e+04 2.731497189989929320e+05 2.731492154958189931e+05 2.731495829554044176e+05 2.731494903653654037e+05 3.664927400812791311e+05 2.731497123909624643e+05 2.923294255286909174e+05 2.314830141387091135e+05 2.731493894895802950e+05 2.731495846146133845e+05
1.425698913421717728e+00 1.154370325923645080e+00 3.915958399340900942e+05 1.321088886214937030e+00 1.379066415290699732e+00 2.731496701284618466e+05 4.834441125788234150e-01 5.416673333333332557e+05 8.333507142786434270e+04 1.666682777557195222e+05 4.791675915943681612e+05 1.382324569063729358e+00 1.785731737417673867e+05 1.257456292087480554e+00 2.500014974924768321e+05 8.333518369210786477e+04 1.104554686946497499e+00 1.190625225080323798e+04 1.410645831460311861e+00 5.146404051863701316e+05 8.333481807504194148e+04 4.583344203032156802e+05 1.380736044670662377e+05 1.182650998384644936e+00 4.687675526119269489e+04
5.416673743280700874e+05 5.416673612843053415e+05 3.015729606966228457e+05 5.416674182692306349e+05 5.416672601819593692e+05 3.935195516456580954e+05 5.416673333333332557e+05 1.602108256548015788e+03 5.416677181372548221e+05 5.000009613769172574e+05 2.187346543915267393e+05 5.416674224728886038e+05 4.880961194993068348e+05 5.416673611111110076e+05 4.166676171421818435e+05 5.416674644069165224e+05 5.416673465780540137e+05 5.416676531531531364e+05 5.416674552514791721e+05 1.936783419602230133e+05 5.416674479166665114e+05 1.845087804518824269e+05 5.000007083333332557e+05 5.416672865534451557e+05 5.416674264705881942e+05
8.333491110201342963e+04 8.333442460303122061e+04 3.915956081599008176e+05 8.333500401559229067e+04 8.333504426130652428e+04 2.731497434228396742e+05 8.333507142786435725e+04 5.416677181372548221e+05 9.115082917913161509e+03 1.636919668086646707e+05 4.791677426685431274e+05 8.333480768715460727e+04 1.785731861248120840e+05 8.333503876055165892e+04 2.500016749413701764e+05 3.645962830443341227e+04 8.333438201710286376e+04 7.143002057324987254e+04 8.333496057093734271e+04 5.146406237521850271e+05 5.209627645285930157e+03 4.583343772141208174e+05 9.640705398300399247e+04 8.333482041254431533e+04 4.101700709756906144e+04
1.666679426008413720e+05 1.666679261529320502e+05 3.112386899713170715e+05 1.666683384081196855e+05 1.666680297852337244e+05 1.927925983212731662e+05 1.666682777557195222e+05 5.000009613769172574e+05 1.636919668086646707e+05 5.527439769694610732e+03 4.375010640267672134e+05 1.666681858087356668e+05 4.613212550221211859e+04 1.666682336309523962e+05 1.639253132843133935e+05 1.636918960345014639e+05 1.666678210541699082e+05 1.658179488282925740e+05 1.666682951388889342e+05 4.729738474243462551e+05 1.636919347231905558e+05 4.000862341123949154e+05 1.089531525457423559e+05 1.666678146669930429e+05 1.636921463808160916e+05
4.791674461908735102e+05 4.791675069030828890e+05 2.364689225344248116e+05 4.791677224586961092e+05 4.791675099328449578e+05 3.232074694373959792e+05 4.791675915943681612e+05 2.187346543915267393e+05 4.791677426685431274e+05 4.375010640267672134e+05 5.368550324512562656e+04 4.791675783378033666e+05 4.255964681533495896e+05 4.791676164135660511e+05 3.541680416004240979e+05 4.791678017811996979e+05 4.791675599121854175e+05 4.791678163610039628e+05 4.791676266893243301e+05 1.083743945391990565e+05 4.791676534537071129e+05 1.949253406516952091e+05 4.375011121876815450e+05 4.791675005161326262e+05 4.791676216252024169e+05
1.004424002152454198e+00 8.788129118066285717e-01 3.915955626061423100e+05 1.165401836743750641e+00 1.136642552829887354e+00 2.731494639394456171e+05 1.382324569063729358e+00 5.416674224728886038e+05 8.333480768715460727e+04 1.666681858087356668e+05 4.791675783378033666e+05 3.472979098985191082e-01 1.785729627337751444e+05 1.411909057475187357e+00 2.500014565306201403e+05 8.333491802057926543e+04 6.961541807467787057e-01 1.190613088897904709e+04 1.162138239699989306e+00 5.146404169288176345e+05 8.333479324396199081e+04 4.583341353692632983e+05 1.380735150772430643e+05 1.151625164092404452e+00 4.687646360170724074e+04
1.785727472022031434e+05 1.785726636462904571e+05 2.807327071222492377e+05 1.785730415361664491e+05 1.785729563389881514e+05 1.779114085686833714e+05 1.785731737417673867e+05 4.880961194993068348e+05 1.785731861248120840e+05 4.613212550221211859e+04 4.255964681533495896e+05 1.785729627337751444e+05 4.645027232458477374e+04 1.785731554589456937e+05 1.490440700179777341e+05 1.785729015730962274e+05 1.785726910129568423e+05 1.785731842700559355e+05 1.785729502435261675e+05 4.610693901323522441e+05 1.785731748646789929e+05 3.869060900717655313e+05 1.134173917145371088e+05 1.785726305764976132e+05 1.785731534655015857e+05
1.533629437560511954e+00 1.305273430183198968e+00 3.915958095152044552e+05 1.434614464964455882e+00 1.525890404765603670e+00 2.731496357101046015e+05 1.257456292087480554e+00 5.416673611111110076e+05 8.333503876055165892e+04 1.666682336309523962e+05 4.791676164135660511e+05 1.411909057475187357e+00 1.785731554589456937e+05 4.032201278341568385e-01 2.500014680248430232e+05 8.333519241068272095e+04 1.144237546777285619e+00 1.190628814631547175e+04 1.539135257065026297e+00 5.146404250981739024e+05 8.333478812665086298e+04 4.583344347850332852e+05 1.380734923000394774e+05 1.281654027610879210e+00 4.687681433184818889e+04
2.500010872019738308e+05 2.500012161295290280e+05 2.214049407343030616e+05 2.500015672250046919e+05 2.500013758043083944e+05 6.011811065698730818e+04 2.500014974924768321e+05 4.166676171421818435e+05 2.500016749413701764e+05 1.639253132843133935e+05 3.541680416004240979e+05 2.500014565306201403e+05 1.490440700179777050e+05 2.500014680248430232e+05 9.868336973269191731e+03 2.500016502044667141e+05 2.500012185437418520e+05 2.500015382231404656e+05 2.500014913462928380e+05 3.896408043694943772e+05 2.500015688751768321e+05 3.154778199302706635e+05 2.065403890133428795e+05 2.500011366854207881e+05 2.500017274774774851e+05
8.333500868464271480e+04 8.333447800742923573e+04 3.915957104186577490e+05 8.333499000148297637e+04 8.333499936127022374e+04 2.731497189989929320e+05 8.333518369210787932e+04 5.416674644069165224e+05 3.645962830443341227e+04 1.636918960345014639e+05 4.791678017811996979e+05 8.333491802057926543e+04 1.785729015730962274e+05 8.333519241068272095e+04 2.500016502044667141e+05 5.222926832956300558e-01 8.333447844050588901e+04 7.143029016179908649e+04 8.333490848822837870e+04 5.146407464108145214e+05 4.166837690150761773e+04 4.583344544045558432e+05 9.640672442101316119e+04 8.333478021724404243e+04 3.645983589113206108e+04
9.120783143797871473e-01 4.497132365338628035e-01 3.915954290463601938e+05 8.065590444691127514e-01 9.526212769398690883e-01 2.731492154958189931e+05 1.104554686946497721e+00 5.416673465780540137e+05 8.333438201710286376e+04 1.666678210541699082e+05 4.791675599121854175e+05 6.961541807467787057e-01 1.785726910129568423e+05 1.144237546777285619e+00 2.500012185437418520e+05 8.333447844050588901e+04 1.179496307763352875e-01 1.190578385070917648e+04 8.539579596564895736e-01 5.146403890718956245e+05 8.333444994742314157e+04 4.583341093519754941e+05 1.380730891384394490e+05 7.615094206354992012e-01 4.687606724025704898e+04
1.190640456081075536e+04 1.190590678039717568e+04 3.915957264634766034e+05 1.190632127196287365e+04 1.190647260599288347e+04 2.731495829554044176e+05 1.190625225080323980e+04 5.416676531531531364e+05 7.143002057324987254e+04 1.658179488282925740e+05 4.791678163610039628e+05 1.190613088897904709e+04 1.785731842700559355e+05 1.190628814631547175e+04 2.500015382231404656e+05 7.143029016179908649e+04 1.190578385070917648e+04 1.700730908822387573e+04 1.190643229166661513e+04 5.146406312558621285e+05 7.143013491940824315e+04 4.583344125930776354e+05 1.261687990905324259e+05 1.190623050430846888e+04 3.497164444597973488e+04
1.300256721406049198e+00 1.009871565614808953e+00 3.915956083818991319e+05 1.045984444557108928e+00 1.175817574390239040e+00 2.731494903653654037e+05 1.410645831460311861e+00 5.416674552514791721e+05 8.333496057093734271e+04 1.666682951388889342e+05 4.791676266893243301e+05 1.162138239699989306e+00 1.785729502435261675e+05 1.539135257065026297e+00 2.500014913462928380e+05 8.333490848822837870e+04 8.539579596564895736e-01 1.190643229166661513e+04 1.615248222344592421e-01 5.146404977477465873e+05 8.333497266384033719e+04 4.583343037035078742e+05 1.380735627646725043e+05 1.251207067117368510e+00 4.687668302212687558e+04
5.146404075635188492e+05 5.146405018044728204e+05 2.745460169347046758e+05 5.146405375980061945e+05 5.146403021851300728e+05 3.664927400812791311e+05 5.146404051863701898e+05 1.936783419602230133e+05 5.146406237521850271e+05 4.729738474243462551e+05 1.083743945391990565e+05 5.146404169288176345e+05 4.610693901323522441e+05 5.146404250981739024e+05 3.896408043694943772e+05 5.146407464108145214e+05 5.146403890718956245e+05 5.146406312558621285e+05 5.146404977477465873e+05 2.059415729110145548e+04 5.146404209668707335e+05 2.408150146855145867e+05 4.729740418687906349e+05 5.146403573304035235e+05 5.146405003573133145e+05
8.333470469633975881e+04 8.333457621816506435e+04 3.915958735465976060e+05 8.333500528746670170e+04 8.333479453541895782e+04 2.731497123909624643e+05 8.333481807504195604e+04 5.416674479166665114e+05 5.209627645285930157e+03 1.636919347231905558e+05 4.791676534537071129e+05 8.333479324396199081e+04 1.785731748646789929e+05 8.333478812665086298e+04 2.500015688751768321e+05 4.166837690150761773e+04 8.333444994742314157e+04 7.143013491940824315e+04 8.333497266384033719e+04 5.146404209668707335e+05 4.378676397612906723e-01 4.583344767925750348e+05 9.640693147917347960e+04 8.333462380802484404e+04 4.166800771927949972e+04
4.583343664214984747e+05 4.583341241832884261e+05 2.003823803001621272e+05 4.583342468877954525e+05 4.583343654746686225e+05 2.923294255286909174e+05 4.583344203032156802e+05 1.845087804518824269e+05 4.583343772141208174e+05 4.000862341123949154e+05 1.949253406516952091e+05 4.583341353692632983e+05 3.869060900717655313e+05 4.583344347850332852e+05 3.154778199302706635e+05 4.583344544045558432e+05 4.583341093519754941e+05 4.583344125930776354e+05 4.583343037035078742e+05 2.408150146855144994e+05 4.583344767925750348e+05 2.201055501096681110e+04 4.166679675245096441e+05 4.583343106946535408e+05 4.583341719254585914e+05
1.380733920811562275e+05 1.380731608447201434e+05 3.499291957617513253e+05 1.380736151646556682e+05 1.380734052287582308e+05 2.314830141387091135e+05 1.380736044670662377e+05 5.000007083333332557e+05 9.640705398300399247e+04 1.089531525457423559e+05 4.375011121876816032e+05 1.380735150772430643e+05 1.134173917145371088e+05 1.380734923000394774e+05 2.065403890133428795e+05 9.640672442101316119e+04 1.380730891384394490e+05 1.261687990905324259e+05 1.380735627646725043e+05 4.729740418687906349e+05 9.640693147917347960e+04 4.166679675245097023e+05 1.794206356350022907e+04 1.380730983420013799e+05 9.640699946059509239e+04
1.047799594140259805e+00 9.086122799147334783e-01 3.915955790533151012e+05 1.237421745296332087e+00 1.097044929681091796e+00 2.731493894895803533e+05 1.182650998384644714e+00 5.416672865534451557e+05 8.333482041254431533e+04 1.666678146669931011e+05 4.791675005161326262e+05 1.151625164092404452e+00 1.785726305764976423e+05 1.281654027610879210e+00 2.500011366854207881e+05 8.333478021724404243e+04 7.615094206354992012e-01 1.190623050430846888e+04 1.251207067117368510e+00 5.146403573304035235e+05 8.333462380802484404e+04 4.583343106946535991e+05 1.380730983420013799e+05 3.070117933315230641e-01 4.687654681520054874e+04
4.687670249636162043e+04 4.687612724084049842e+04 3.915956775737965363e+05 4.687668814968816150e+04 4.687676698641860276e+04 2.731495846146133845e+05 4.687675526119270216e+04 5.416674264705881942e+05 4.101700709756906144e+04 1.636921463808160916e+05 4.791676216252024169e+05 4.687646360170724074e+04 1.785731534655015857e+05 4.687681433184818889e+04 2.500017274774774851e+05 3.645983589113206108e+04 4.687606724025704898e+04 3.497164444597973488e+04 4.687668302212687558e+04 5.146405003573133145e+05 4.166800771927949972e+04 4.583341719254585914e+05 9.640699946059509239e+04 4.687654681520054874e+04 9.115040121295640347e+03
