8.451935199039142753e+04 2.336367525312565558e+05 1.771612992577145051e+05 3.371528330129953683e+05 3.118490053602853441e+05 3.371526829454298131e+05 3.175450648601347348e+05 3.371527517107372987e+05 3.371525412111041951e+05 2.084525357352883148e+05 3.371529016883848817e+05 3.371526299019468133e+05 3.371526737329795724e+05 2.704876718584570917e+05 3.371527060727946227e+05 3.371528164494865341e+05 3.371525654766961234e+05 3.371525968978953897e+05 3.219022100193506922e+05 3.297998696161960834e+05 2.573690230468703958e+05 2.462800693402347679e+05 3.371525144354442018e+05 2.828510957810715772e+05 2.781574147181686130e+05
2.336367525312565558e+05 1.015761729294145043e+05 2.743101879091846058e+05 4.060238938177262899e+05 2.464233686698424863e+05 4.060238039695821935e+05 3.864161238264517160e+05 4.060238012215390336e+05 4.060236138500331435e+05 2.989891469633760280e+05 4.011218773734280257e+05 4.060238627729146974e+05 4.060237295637513744e+05 3.465002573476422695e+05 4.060239468669392518e+05 4.011220127110647736e+05 4.060237525417202851e+05 4.060236409035935649e+05 3.907735468215685105e+05 3.937691412111197133e+05 3.382135750518337009e+05 3.163818718864508555e+05 4.060235933410818106e+05 3.570045451947794645e+05 3.537364821062844712e+05
1.771612992577145051e+05 2.743101879091846058e+05 6.772785366604507726e+04 2.794098261900636717e+05 3.476993633928494528e+05 2.794097602737070411e+05 2.549002832113606564e+05 2.794097922142904135e+05 2.794095254616638995e+05 1.242642761864419736e+05 2.794099279145972687e+05 2.794097797919120057e+05 2.794096529367789626e+05 2.091726196802225895e+05 2.794098742763284827e+05 2.794100015252900776e+05 2.794096783385221497e+05 2.794095315082802554e+05 2.592574319975488470e+05 2.720569944516595569e+05 1.912311938356663159e+05 1.693070530865248584e+05 2.794094544334117672e+05 2.293583867611401365e+05 2.196738644720891898e+05
3.371528330129954265e+05 4.060238938177264063e+05 2.794098261900636717e+05 2.801806267972430305e+03 4.735196455441718572e+05 1.213985176196711291e+04 6.660250314227829222e+04 7.237813486597238807e+03 7.237651545087564045e+03 2.349173289646720223e+05 9.338563925037457011e+03 7.237894414932772634e+03 1.213982900790927124e+04 1.517438105561828415e+05 3.969710795012882045e+03 1.284021204075862079e+04 1.213988055787071426e+04 1.213973057468687512e+04 3.990477239260259375e+04 2.552569909309555806e+04 1.715401968483986566e+05 1.987994346352805733e+05 1.213946013701179436e+04 1.049601883759351913e+05 1.270164166177039006e+05
3.118490053602853441e+05 2.464233686698424863e+05 3.476993633928495110e+05 4.735196455441718572e+05 1.212463265570226067e+05 4.735195630315097515e+05 4.539118587235806044e+05 4.735195478875742410e+05 4.735194067229388747e+05 3.685672784245595103e+05 4.686176111096546520e+05 4.735195994283704786e+05 4.735194831437173416e+05 4.112386785803579260e+05 4.735196904446512344e+05 4.686177468019867665e+05 4.735195024343710393e+05 4.735194011818037834e+05 4.582692755336643313e+05 4.612648244648536784e+05 4.057093343551009893e+05 3.866348974141166545e+05 4.735193549165197765e+05 4.245002386907594046e+05 4.212321930749810417e+05
3.371526829454298713e+05 4.060238039695820771e+05 2.794097602737070993e+05 1.213985176196711291e+04 4.735195630315097515e+05 6.719599328997051257e-01 6.660242622198844037e+04 4.903433628879090065e+03 4.903293604003247310e+03 2.349171938312817074e+05 1.610816050559019277e+04 4.903454907658388947e+03 1.356435689646547482e+00 1.517437053805828909e+05 8.171505814245101647e+03 1.960958557952845513e+04 1.372402728729603227e+00 1.340364672618607145e+00 4.472889478492415219e+04 3.052769918509955824e+04 1.715402017487887933e+05 1.987994297202139569e+05 1.117573569169692638e+00 1.051824791294540482e+05 1.270163342352016771e+05
3.175450648601347930e+05 3.864161238264517742e+05 2.549002832113607437e+05 6.660250314227829222e+04 4.539118587235806044e+05 6.660242622198844037e+04 3.094062242679435712e+03 6.660247694312158274e+04 6.660220115046323917e+04 2.081794878546038526e+05 6.520183027273529297e+04 6.660236809284785704e+04 6.660239395463421533e+04 1.136206784599678940e+05 6.660241117120317358e+04 6.170039077731178259e+04 6.660225565050070873e+04 6.660227166315840441e+04 3.559071040785605146e+04 4.693073653851542622e+04 1.392318857669972349e+05 1.650305508181942569e+05 6.660201056539273122e+04 6.199251168370817322e+04 8.429913775915950828e+04
3.371527517107374151e+05 4.060238012215390336e+05 2.794097922142904135e+05 7.237813486597238807e+03 4.735195478875742410e+05 4.903433628879090065e+03 6.660247694312158274e+04 6.511475761755574077e-01 1.213775091720445509e+00 2.349172905572016316e+05 1.610819094042939287e+04 1.338273865798030426e+00 4.903398556022490084e+03 1.517437213557953946e+05 3.269463653528875511e+03 1.960968209147407833e+04 4.903507352390509368e+03 4.903378564850589100e+03 4.472896593549809040e+04 3.052770876699533619e+04 1.715401399984240998e+05 1.987994193562209257e+05 4.903121499600028073e+03 1.051824488559640595e+05 1.270163578349129093e+05
3.371525412111041951e+05 4.060236138500330853e+05 2.794095254616639577e+05 7.237651545087565864e+03 4.735194067229387583e+05 4.903293604003247310e+03 6.660220115046323917e+04 1.213775091720445731e+00 5.555888095251705350e-01 2.349170259864162363e+05 1.610794104926242835e+04 1.202188842236922017e+00 4.903196418809100578e+03 1.517434590766690671e+05 3.269389819535341758e+03 1.960944664238805490e+04 4.903213064708867023e+03 4.903047446046146433e+03 4.472869424493271072e+04 3.052747309466041406e+04 1.715398874599681585e+05 1.987991331045693369e+05 4.902791139493975606e+03 1.051822400129713060e+05 1.270161171900710615e+05
2.084525357352883148e+05 2.989891469633759116e+05 1.242642761864419444e+05 2.349173289646720223e+05 3.685672784245593357e+05 2.349171938312817365e+05 2.081794878546038526e+05 2.349172905572016025e+05 2.349170259864162363e+05 4.744462701004069095e+04 2.349174233443161356e+05 2.349171370449544920e+05 2.349171717650360661e+05 1.591051428556260944e+05 2.349172086828724132e+05 2.349173142439697112e+05 2.349170513597257668e+05 2.349170041356600705e+05 2.139545536946381326e+05 2.275643293437180400e+05 1.294057153638214368e+05 9.761428596383164404e+04 2.349169264557041752e+05 1.848657455367456714e+05 1.734767348606608866e+05
3.371529016883849981e+05 4.011218773734280257e+05 2.794099279145973269e+05 9.338563925037457011e+03 4.686176111096547684e+05 1.610816050559019459e+04 6.520183027273530024e+04 1.610819094042939469e+04 1.610794104926242835e+04 2.349174233443161065e+05 2.001495135548492271e+03 1.610821041721800430e+04 1.610807710695118112e+04 1.505432558866803593e+05 1.284021313512334018e+04 3.502907716377285851e+03 1.610816237831397848e+04 1.610800278149820042e+04 3.897107742468543438e+04 1.932308528047980508e+04 1.715401994852904463e+05 1.987995624135210819e+05 1.610772487672154966e+04 1.037820291237624624e+05 1.256158463137470826e+05
3.371526299019468133e+05 4.060238627729146392e+05 2.794097797919119475e+05 7.237894414932772634e+03 4.735195994283704786e+05 4.903454907658388947e+03 6.660236809284785704e+04 1.338273865798030426e+00 1.202188842236922017e+00 2.349171370449544629e+05 1.610821041721800248e+04 6.169906116540772034e-01 4.903410447167976599e+03 1.517436208279269340e+05 3.269455667919835378e+03 1.960954256067389724e+04 4.903327402853054082e+03 4.903376651202012908e+03 4.472884793960092065e+04 3.052759184699004618e+04 1.715402270883191086e+05 1.987994575613355846e+05 4.903142248755018954e+03 1.051823968571169680e+05 1.270162804202211992e+05
3.371526737329796888e+05 4.060237295637513744e+05 2.794096529367790208e+05 1.213982900790927124e+04 4.735194831437173416e+05 1.356435689646547482e+00 6.660239395463421533e+04 4.903398556022490084e+03 4.903196418809100578e+03 2.349171717650360952e+05 1.610807710695118112e+04 4.903410447167976599e+03 6.085336270175933926e-01 1.517436876939102367e+05 8.171606590990209043e+03 1.960958049015198412e+04 1.238574827366282438e+00 1.156607226858303417e+00 4.472884445436271199e+04 3.052759769031559699e+04 1.715400984916201851e+05 1.987992909964094579e+05 9.726553591857600711e-01 1.051824288686648651e+05 1.270163233925804234e+05
2.704876718584570917e+05 3.465002573476422112e+05 2.091726196802225895e+05 1.517438105561828415e+05 4.112386785803578678e+05 1.517437053805828909e+05 1.136206784599678940e+05 1.517437213557953655e+05 1.517434590766690671e+05 1.591051428556260944e+05 1.505432558866803593e+05 1.517436208279269340e+05 1.517436876939102076e+05 1.914793912240987265e+04 1.517436800198416749e+05 1.475420300957368163e+05 1.517435339226377837e+05 1.517434986758311279e+05 1.303900171829803876e+05 1.401891231689347187e+05 6.486603481836128049e+04 1.148631538046109345e+05 1.517433000436934526e+05 6.876069617408567865e+04 4.802547253908818675e+04
3.371527060727946227e+05 4.060239468669392518e+05 2.794098742763285409e+05 3.969710795012882045e+03 4.735196904446512344e+05 8.171505814245101647e+03 6.660241117120317358e+04 3.269463653528875511e+03 3.269389819535341758e+03 2.349172086828724132e+05 1.284021313512333472e+04 3.269455667919835378e+03 8.171606590990209043e+03 1.517436800198416749e+05 2.179341639869093797e+03 1.634159432808119891e+04 8.171473161593542500e+03 8.171502518406574382e+03 4.182397106054941105e+04 2.725963939692503118e+04 1.715402675973205769e+05 1.987994832586908597e+05 8.171231023088690563e+03 1.051824086020452087e+05 1.270163429056537134e+05
3.371528164494865923e+05 4.011220127110647154e+05 2.794100015252900776e+05 1.284021204075862079e+04 4.686177468019867083e+05 1.960958557952845513e+04 6.170039077731178259e+04 1.960968209147407833e+04 1.960944664238805490e+04 2.349173142439696821e+05 3.502907716377286306e+03 1.960954256067389724e+04 1.960958049015198048e+04 1.475420300957368163e+05 1.634159432808119891e+04 6.563929503053838044e-01 1.960950695313688266e+04 1.960949116329784010e+04 3.546955262957251398e+04 1.582155864613358244e+04 1.715403010545571742e+05 1.987996142889159382e+05 1.960922837144884397e+04 1.002804945055830467e+05 1.221143457913633611e+05
3.371525654766961816e+05 4.060237525417202851e+05 2.794096783385221497e+05 1.213988055787071426e+04 4.735195024343710393e+05 1.372402728729603227e+00 6.660225565050070873e+04 4.903507352390509368e+03 4.903213064708867023e+03 2.349170513597257377e+05 1.610816237831397848e+04 4.903327402853054082e+03 1.238574827366282438e+00 1.517435339226377837e+05 8.171473161593542500e+03 1.960950695313688266e+04 6.076971060412904579e-01 1.113531680282115133e+00 4.472872540645291883e+04 3.052748084626052514e+04 1.715400853632671642e+05 1.987993118319166824e+05 1.006004701130251755e+00 1.051822907536171551e+05 1.270161837484417920e+05
3.371525968978953897e+05 4.060236409035935067e+05 2.794095315082802554e+05 1.213973057468687512e+04 4.735194011818037252e+05 1.340364672618607145e+00 6.660227166315840441e+04 4.903378564850589100e+03 4.903047446046146433e+03 2.349170041356600705e+05 1.610800278149819860e+04 4.903376651202012908e+03 1.156607226858303195e+00 1.517434986758311279e+05 8.171502518406574382e+03 1.960949116329784010e+04 1.113531680282115133e+00 5.784143764470950355e-01 4.472872676778474124e+04 3.052749044893424798e+04 1.715399338128148520e+05 1.987991422025364882e+05 7.922666634817535636e-01 1.051822774262235034e+05 1.270161423583242868e+05
3.219022100193506922e+05 3.907735468215685105e+05 2.592574319975488470e+05 3.990477239260259375e+04 4.582692755336643313e+05 4.472889478492415947e+04 3.559071040785605874e+04 4.472896593549809768e+04 4.472869424493271072e+04 2.139545536946381326e+05 3.897107742468543438e+04 4.472884793960092793e+04 4.472884445436272654e+04 1.303900171829803876e+05 4.182397106054941105e+04 3.546955262957251398e+04 4.472872540645291883e+04 4.472872676778474124e+04 8.420996561367148388e+03 2.674187939905497478e+04 1.541471677265758917e+05 1.763803604457236943e+05 4.472848479936911463e+04 7.491543555620107509e+04 1.031349672792453057e+05
3.297998696161962580e+05 3.937691412111198297e+05 2.720569944516596152e+05 2.552569909309555806e+04 4.612648244648536784e+05 3.052769918509955824e+04 4.693073653851542622e+04 3.052770876699533619e+04 3.052747309466041406e+04 2.275643293437180400e+05 1.932308528047980508e+04 3.052759184699004618e+04 3.052759769031559699e+04 1.401891231689347187e+05 2.725963939692503118e+04 1.582155864613358244e+04 3.052748084626052514e+04 3.052749044893424798e+04 2.674187939905496751e+04 1.094893910682513342e+04 1.641874146247873141e+05 1.914465611283205508e+05 3.052723840829522669e+04 9.242725550984403526e+04 1.147614547775668616e+05
2.573690230468703958e+05 3.382135750518336426e+05 1.912311938356663159e+05 1.715401968483986566e+05 4.057093343551009893e+05 1.715402017487887933e+05 1.392318857669972349e+05 1.715401399984240998e+05 1.715398874599681585e+05 1.294057153638214368e+05 1.715401994852904463e+05 1.715402270883191086e+05 1.715400984916201851e+05 6.486603481836128049e+04 1.715402675973205769e+05 1.715403010545571742e+05 1.715400853632671642e+05 1.715399338128148520e+05 1.541471677265758917e+05 1.641874146247873141e+05 3.846576140592154115e+04 7.810314668311207788e+04 1.715397538286012132e+05 1.034464770882382873e+05 8.672638948222628096e+04
2.462800693402347388e+05 3.163818718864507391e+05 1.693070530865248002e+05 1.987994346352805442e+05 3.866348974141165963e+05 1.987994297202139569e+05 1.650305508181942860e+05 1.987994193562208966e+05 1.987991331045693078e+05 9.761428596383164404e+04 1.987995624135210528e+05 1.987994575613355555e+05 1.987992909964094288e+05 1.148631538046109490e+05 1.987994832586908597e+05 1.987996142889159091e+05 1.987993118319166533e+05 1.987991422025364882e+05 1.763803604457236943e+05 1.914465611283205508e+05 7.810314668311207788e+04 2.881026010251827392e+04 1.987990188160439429e+05 1.443906168354209512e+05 1.304544659770021972e+05
3.371525144354442600e+05 4.060235933410818106e+05 2.794094544334117672e+05 1.213946013701179436e+04 4.735193549165198347e+05 1.117573569169692638e+00 6.660201056539273122e+04 4.903121499600028073e+03 4.902791139493975606e+03 2.349169264557041752e+05 1.610772487672154966e+04 4.903142248755018954e+03 9.726553591857600711e-01 1.517433000436934526e+05 8.171231023088690563e+03 1.960922837144884397e+04 1.006004701130251755e+00 7.922666634817534526e-01 4.472848479936911463e+04 3.052723840829522669e+04 1.715397538286012132e+05 1.987990188160440011e+05 3.729802341057288362e-01 1.051820471075336827e+05 1.270159296728897025e+05
2.828510957810715772e+05 3.570045451947793481e+05 2.293583867611401656e+05 1.049601883759351913e+05 4.245002386907592881e+05 1.051824791294540482e+05 6.199251168370816595e+04 1.051824488559640595e+05 1.051822400129713351e+05 1.848657455367456714e+05 1.037820291237624624e+05 1.051823968571169680e+05 1.051824288686648651e+05 6.876069617408567865e+04 1.051824086020452087e+05 1.002804945055830467e+05 1.051822907536171551e+05 1.051822774262235034e+05 7.491543555620107509e+04 9.242725550984404981e+04 1.034464770882382873e+05 1.443906168354209512e+05 1.051820471075336827e+05 1.108509790626068752e+04 3.387813446919994021e+04
2.781574147181685548e+05 3.537364821062842966e+05 2.196738644720891898e+05 1.270164166177039006e+05 4.212321930749809253e+05 1.270163342352016771e+05 8.429913775915949373e+04 1.270163578349128948e+05 1.270161171900710615e+05 1.734767348606608866e+05 1.256158463137470826e+05 1.270162804202211846e+05 1.270163233925804234e+05 4.802547253908818675e+04 1.270163429056537134e+05 1.221143457913633611e+05 1.270161837484417920e+05 1.270161423583242868e+05 1.031349672792453057e+05 1.147614547775668616e+05 8.672638948222628096e+04 1.304544659770021972e+05 1.270159296728897025e+05 3.387813446919994021e+04 1.962362937275699369e+04
