1.126828386062246500e+04 2.729475202836998506e+05 5.862962052493977535e+04 8.148667173406553047e+04 8.148677472068635689e+04 3.622714349716615397e+05 3.762737377836673841e+04 8.148681442211937974e+04 8.148672933818188903e+04 8.148670160986698465e+04 7.005823006809105573e+04 6.115168304614171939e+04 7.822144314658231451e+04 1.693138211268519226e+05 8.148644858534431842e+04 1.313129789509326802e+05 8.148660405349577195e+04 8.148627601212951413e+04 4.368228118033517385e+05 3.250929851194962976e+04 9.743464288568556367e+04 8.148686841648090922e+04 8.148674394464095531e+04 4.371872557915144716e+04 2.132568783909068443e+05
2.729475202836999088e+05 8.039352130846632645e+04 2.900903168495881837e+05 3.015186382319780532e+05 3.015187606338078040e+05 2.292425611164407455e+05 2.710428218198756222e+05 3.015187457640162320e+05 3.015188059725985513e+05 3.015186279124112916e+05 3.015188332054558559e+05 2.632877568648927845e+05 3.015188846331521054e+05 1.974526018766292837e+05 3.015185034465708886e+05 2.232701682299136301e+05 3.015186180388002540e+05 3.015184282204389456e+05 3.156456912932157866e+05 2.786617765831672587e+05 2.408387054590366897e+05 3.015187947658224148e+05 3.015186839371702517e+05 2.786617552577308379e+05 1.633932724079597101e+05
5.862962052493976080e+04 2.900903168495881837e+05 1.142930104766418299e+04 4.000172806851905625e+04 4.000198363855595380e+04 3.808429041419397108e+05 7.940885720050566306e+04 4.000182379575172672e+04 4.000198836320281407e+04 4.000173987221670541e+04 1.643012665631108757e+04 9.212593624214082956e+04 2.530781372345803175e+04 1.864989632237792830e+05 4.000159847199254000e+04 1.544505939167889883e+05 4.000165903394847555e+04 4.000136546867380821e+04 4.553942757608078537e+05 3.754197496957058320e+04 1.262604174994950736e+05 4.000190011347730615e+04 3.898138909050550865e+04 1.665797145822872335e+04 2.303996184573011997e+05
8.148667173406551592e+04 3.015186382319780532e+05 4.000172806851905625e+04 5.809050041649859164e-01 1.143019561953384982e+04 3.922711467297674390e+05 9.695970027178361488e+04 1.143001549159131173e+04 1.143025495787392356e+04 1.193488257798576813e+00 2.357314574096440629e+04 1.084522195385689556e+05 1.469550883716250246e+04 1.979272518779212842e+05 1.192523454229081237e+00 1.658789107266536739e+05 1.159444753626733160e+00 1.017727088861841267e+00 4.668225243753973627e+05 6.611350947272327903e+04 1.376887697795479035e+05 1.143006136845440960e+04 9.389108700441229303e+03 5.176007871707017330e+04 2.418279395380727656e+05
8.148677472068635689e+04 3.015187606338078040e+05 4.000198363855595380e+04 1.143019561953384982e+04 6.625002953071134071e-01 3.922712668617934105e+05 9.695990410027193138e+04 1.493661174325793262e+00 1.398837648692947244e+00 1.143025893077176443e+04 2.357329536999432094e+04 1.084524424259630614e+05 1.469561720601431443e+04 1.979274293246588495e+05 1.143002285635959925e+04 1.658791727471276827e+05 1.143014014536242939e+04 1.142979340270977082e+04 4.668225384954898618e+05 6.611355811413199990e+04 1.376891218290505349e+05 1.385581120165460645e+00 3.062786344202613236e+03 5.176014258482471632e+04 2.418280668763725553e+05
3.622714349716615397e+05 2.292425611164407455e+05 3.808429041419397108e+05 3.922711467297674390e+05 3.922712668617934105e+05 1.006392295369726780e+05 3.617953650522967218e+05 3.922712964947091532e+05 3.922713271145813051e+05 3.922711312184808194e+05 3.922714290890028933e+05 3.539041579279417056e+05 3.922714574903745670e+05 3.014079469508780167e+05 3.922710707361320965e+05 3.243803162750983611e+05 3.922711379920431646e+05 3.922710070120827295e+05 2.498783321189746785e+05 3.694143272623877274e+05 3.351286540426997235e+05 3.922712864540116861e+05 3.922712206664468395e+05 3.694142597726446693e+05 2.847154799455383909e+05
3.762737377836673841e+04 2.710428218198756222e+05 7.940885720050566306e+04 9.695970027178361488e+04 9.695990410027193138e+04 3.617953650522967800e+05 1.586677792126046916e+04 9.695984625523246359e+04 9.695991269651346374e+04 9.695971466985372535e+04 9.083741493995361088e+04 4.287602621351503331e+04 9.521059853332553757e+04 1.620575641657211527e+05 9.695956588234798983e+04 1.241020167369863775e+05 9.695962573100636655e+04 9.695943961703430978e+04 4.363465348423988326e+05 5.859477096692512714e+04 8.967759871035815740e+04 9.695985749654902611e+04 9.695976588957152853e+04 6.771966965249765781e+04 2.090781132865493710e+05
8.148681442211937974e+04 3.015187457640162320e+05 4.000182379575172672e+04 1.143001549159131173e+04 1.493661174325793262e+00 3.922712964947091532e+05 9.695984625523246359e+04 6.304150469515914512e-01 1.541224274354820567e+00 1.143004563843301366e+04 2.357327858435046437e+04 1.084523216424128186e+05 1.469563187258906510e+04 1.979274100762112939e+05 1.143000086155288227e+04 1.658790719716218009e+05 1.143003532106449347e+04 1.142977549671766246e+04 4.668226759776410763e+05 6.611363416315334325e+04 1.376889372352573846e+05 1.321268911645344657e+00 3.062564214699023978e+03 5.176017858887549664e+04 2.418280648763214413e+05
8.148672933818185993e+04 3.015188059725985513e+05 4.000198836320281407e+04 1.143025495787392356e+04 1.398837648692947244e+00 3.922713271145813051e+05 9.695991269651346374e+04 1.541224274354820789e+00 6.214180905886244055e-01 1.143030082542259152e+04 2.357328676624404397e+04 1.084524558953854867e+05 1.469558503156264851e+04 1.979273837756222347e+05 1.143005156522419020e+04 1.658792064643357007e+05 1.143019804844368628e+04 1.142981644243457231e+04 4.668226630288488232e+05 6.611359922360301425e+04 1.376891558558877732e+05 1.581271494265951594e+00 3.062867234597960305e+03 5.176012313649040880e+04 2.418280940559652227e+05
8.148670160986698465e+04 3.015186279124112916e+05 4.000173987221670541e+04 1.193488257798576813e+00 1.143025893077176443e+04 3.922711312184808194e+05 9.695971466985372535e+04 1.143004563843301366e+04 1.143030082542259152e+04 6.005176937099471202e-01 2.357315544325165683e+04 1.084522297004462016e+05 1.469552379395617572e+04 1.979272872808115790e+05 1.213517976959640254e+00 1.658789556379043206e+05 1.260815192787679617e+00 1.051054187915714921e+00 4.668225226801231038e+05 6.611355194149295858e+04 1.376888810510286130e+05 1.143013375732721033e+04 9.389062962606682049e+03 5.176008858839961613e+04 2.418279253643610282e+05
7.005823006809105573e+04 3.015188332054558559e+05 1.643012665631108757e+04 2.357314574096440629e+04 2.357329536999432094e+04 3.922714290890029515e+05 9.083741493995361088e+04 2.357327858435046437e+04 2.357328676624404397e+04 2.357315544325166047e+04 1.250694452949920333e+03 1.035545489082138520e+05 8.879154715460594161e+03 1.979275007561389648e+05 2.357297325953428299e+04 1.658792067224617349e+05 2.357308717334836911e+04 2.357274629254323736e+04 4.668227934068365721e+05 4.897061827731920494e+04 1.376890634406481113e+05 2.357330380401395814e+04 2.255279348202778419e+04 3.183659817740864310e+04 2.418281640443717479e+05
6.115168304614171939e+04 2.632877568648927845e+05 9.212593624214082956e+04 1.084522195385689847e+05 1.084524424259630614e+05 3.539041579279417056e+05 4.287602621351503331e+04 1.084523216424127895e+05 1.084524558953854867e+05 1.084522297004462016e+05 1.035545489082138520e+05 2.465088432174672926e+04 1.070529891259289871e+05 1.513007440841814387e+05 1.084520505988970253e+05 1.112142057019561180e+05 1.084520942541587865e+05 1.084519716929721035e+05 4.292718175720123691e+05 7.609291748714992718e+04 7.310561676325854205e+04 1.084523555979577068e+05 1.084523059294230916e+05 8.068453399867602275e+04 2.003222331926636398e+05
7.822144314658231451e+04 3.015188846331521054e+05 2.530781372345803175e+04 1.469550883716250246e+04 1.469561720601431443e+04 3.922714574903745670e+05 9.521059853332555213e+04 1.469563187258906510e+04 1.469558503156264851e+04 1.469552379395617572e+04 8.879154715460594161e+03 1.070529891259289579e+05 4.665481253389794801e+03 1.979275293387692655e+05 1.469542312253279670e+04 1.658792048129920731e+05 1.469546699226809869e+04 1.469519464805075950e+04 4.668227590583001729e+05 5.713402213275284885e+04 1.376890510907592252e+05 1.469563678108080057e+04 1.367509691210168239e+04 4.053555279615811742e+04 2.418282473815962439e+05
1.693138211268519517e+05 1.974526018766292837e+05 1.864989632237792830e+05 1.979272518779213424e+05 1.979274293246588495e+05 3.014079469508780167e+05 1.620575641657211527e+05 1.979274100762113230e+05 1.979273837756222347e+05 1.979272872808115790e+05 1.979275007561389648e+05 1.513007440841814387e+05 1.979275293387692655e+05 4.712886082475207513e+04 1.979270757250880997e+05 8.167634936701612605e+04 1.979271785937027889e+05 1.979269779035681277e+05 3.799397850555470213e+05 1.750280699217151559e+05 1.175365963924073003e+05 1.979274303240692243e+05 1.979273536772490770e+05 1.750068613130057347e+05 1.053683872020473500e+05
8.148644858534431842e+04 3.015185034465708886e+05 4.000159847199254000e+04 1.192523454229081237e+00 1.143002285635959925e+04 3.922710707361320965e+05 9.695956588234798983e+04 1.143000086155288227e+04 1.143005156522419020e+04 1.213517976959640254e+00 2.357297325953428299e+04 1.084520505988970253e+05 1.469542312253279670e+04 1.979270757250880997e+05 5.574106380725287746e-01 1.658788079787606839e+05 1.046214805588953523e+00 7.357858868104734107e-01 4.668224499592856155e+05 6.611326600252384378e+04 1.376886929732696444e+05 1.143003310825260451e+04 9.389106281001031675e+03 5.175978582146392000e+04 2.418277537324318546e+05
1.313129789509326802e+05 2.232701682299136010e+05 1.544505939167889883e+05 1.658789107266536739e+05 1.658791727471276827e+05 3.243803162750984193e+05 1.241020167369863775e+05 1.658790719716218009e+05 1.658792064643357007e+05 1.658789556379043206e+05 1.658792067224617058e+05 1.112142057019561180e+05 1.658792048129920731e+05 8.167634936701612605e+04 1.658788079787606839e+05 3.544075298387611838e+04 1.658788181719922286e+05 1.658787169115635916e+05 4.001561862775241607e+05 1.428192089037609694e+05 6.576492061102636217e+04 1.658790953426185297e+05 1.658790346434951934e+05 1.430093828977786470e+05 1.487172233100796875e+05
8.148660405349575740e+04 3.015186180388002540e+05 4.000165903394847555e+04 1.159444753626733382e+00 1.143014014536242939e+04 3.922711379920431064e+05 9.695962573100636655e+04 1.143003532106449347e+04 1.143019804844368628e+04 1.260815192787679617e+00 2.357308717334836911e+04 1.084520942541587865e+05 1.469546699226809869e+04 1.979271785937027307e+05 1.046214805588953523e+00 1.658788181719922286e+05 5.903433806875737488e-01 9.191786398327010943e-01 4.668225088642999181e+05 6.611344037647922232e+04 1.376887225816778373e+05 1.143003629246053970e+04 9.389139114050998614e+03 5.175994696737826598e+04 2.418278801878382510e+05
8.148627601212948503e+04 3.015184282204389456e+05 4.000136546867380821e+04 1.017727088861841267e+00 1.142979340270977082e+04 3.922710070120826713e+05 9.695943961703430978e+04 1.142977549671766246e+04 1.142981644243457231e+04 1.051054187915715143e+00 2.357274629254323736e+04 1.084519716929721035e+05 1.469519464805075950e+04 1.979269779035681277e+05 7.357858868104732997e-01 1.658787169115635916e+05 9.191786398327010943e-01 3.727871610895885368e-01 4.668224160804413259e+05 6.611308532505160838e+04 1.376885978325361211e+05 1.142981939688462626e+04 9.388874551416145550e+03 5.175959440880267357e+04 2.418276882669370971e+05
4.368228118033517385e+05 3.156456912932157866e+05 4.553942757608078537e+05 4.668225243753973627e+05 4.668225384954898618e+05 2.498783321189746202e+05 4.363465348423988326e+05 4.668226759776410763e+05 4.668226630288487650e+05 4.668225226801231038e+05 4.668227934068365721e+05 4.292718175720123691e+05 4.668227590583001147e+05 3.799397850555470213e+05 4.668224499592856155e+05 4.001561862775241607e+05 4.668225088642999181e+05 4.668224160804413259e+05 1.154558908917086228e+05 4.439656319262739271e+05 4.096799827289210516e+05 4.668226115536247380e+05 4.668225748797459528e+05 4.439656101184667205e+05 3.604099616296696477e+05
3.250929851194962976e+04 2.786617765831672587e+05 3.754197496957057592e+04 6.611350947272327903e+04 6.611355811413199990e+04 3.694143272623877274e+05 5.859477096692512714e+04 6.611363416315334325e+04 6.611359922360301425e+04 6.611355194149295858e+04 4.897061827731920494e+04 7.609291748714992718e+04 5.713402213275284885e+04 1.750280699217151559e+05 6.611326600252385833e+04 1.428192089037609694e+05 6.611344037647922232e+04 6.611308532505160838e+04 4.439656319262739271e+05 4.170438104751759965e+03 1.107417683302775258e+05 6.611367169987403031e+04 6.611357764659046370e+04 2.120271654946871058e+04 2.189710293423813127e+05
9.743464288568556367e+04 2.408387054590366897e+05 1.262604174994950736e+05 1.376887697795479035e+05 1.376891218290505349e+05 3.351286540426997235e+05 8.967759871035812830e+04 1.376889372352573846e+05 1.376891558558877732e+05 1.376888810510286130e+05 1.376890634406481113e+05 7.310561676325855660e+04 1.376890510907591961e+05 1.175365963924073003e+05 1.376886929732696444e+05 6.576492061102634761e+04 1.376887225816778373e+05 1.376885978325361211e+05 4.096799827289210516e+05 1.107417683302775258e+05 2.071477925327720004e+04 1.376889323853462993e+05 1.376889134577258956e+05 1.148192822898179002e+05 1.722893966878801875e+05
8.148686841648089467e+04 3.015187947658224148e+05 4.000190011347730615e+04 1.143006136845440960e+04 1.385581120165460645e+00 3.922712864540116861e+05 9.695985749654904066e+04 1.321268911645344657e+00 1.581271494265951594e+00 1.143013375732721033e+04 2.357330380401395814e+04 1.084523555979577068e+05 1.469563678108079876e+04 1.979274303240692243e+05 1.143003310825260451e+04 1.658790953426185297e+05 1.143003629246053970e+04 1.142981939688462626e+04 4.668226115536246798e+05 6.611367169987403031e+04 1.376889323853462993e+05 6.158045937978763318e-01 3.062604799377202198e+03 5.176022120687710412e+04 2.418281211073673330e+05
8.148674394464092620e+04 3.015186839371702517e+05 3.898138909050550865e+04 9.389108700441229303e+03 3.062786344202613236e+03 3.922712206664468395e+05 9.695976588957152853e+04 3.062564214699023978e+03 3.062867234597960760e+03 9.389062962606682049e+03 2.255279348202778419e+04 1.084523059294230916e+05 1.367509691210168239e+04 1.979273536772490479e+05 9.389106281001031675e+03 1.658790346434951934e+05 9.389139114050998614e+03 9.388874551416145550e+03 4.668225748797458946e+05 6.611357764659046370e+04 1.376889134577258956e+05 3.062604799377202653e+03 3.572070467376240231e+03 5.135926842376650893e+04 2.418280412403639930e+05
4.371872557915144716e+04 2.786617552577307797e+05 1.665797145822872335e+04 5.176007871707015875e+04 5.176014258482471632e+04 3.694142597726447275e+05 6.771966965249765781e+04 5.176017858887549664e+04 5.176012313649040880e+04 5.176008858839961613e+04 3.183659817740864310e+04 8.068453399867602275e+04 4.053555279615812469e+04 1.750068613130056765e+05 5.175978582146392000e+04 1.430093828977786470e+05 5.175994696737826598e+04 5.175959440880267357e+04 4.439656101184667205e+05 2.120271654946871058e+04 1.148192822898179002e+05 5.176022120687710412e+04 5.135926842376650893e+04 5.490818305045289890e+03 2.189710956856243138e+05
2.132568783909068443e+05 1.633932724079597101e+05 2.303996184573011997e+05 2.418279395380727656e+05 2.418280668763725553e+05 2.847154799455383909e+05 2.090781132865493419e+05 2.418280648763214413e+05 2.418280940559652227e+05 2.418279253643610282e+05 2.418281640443717479e+05 2.003222331926636398e+05 2.418282473815962439e+05 1.053683872020473646e+05 2.418277537324318255e+05 1.487172233100796875e+05 2.418278801878382510e+05 2.418276882669370971e+05 3.604099616296696477e+05 2.189710293423813127e+05 1.722893966878801875e+05 2.418281211073673330e+05 2.418280412403639930e+05 2.189710956856243138e+05 4.869848022213560034e+04
