3.899376407825992374e-01 5.472118625420877943e+05 2.608708339810865582e+05 1.292747923244638077e+05 2.042082404909396719e+05 2.657017298377591651e+05 1.449423560077608272e+04 3.343457553160466487e+05 2.741175132431355451e+04 4.892940374053479754e+05 8.967393929762060845e-01 9.515435256453831370e-01 3.878658853071494959e+05 1.021543577889315493e+05 2.898562522967478726e+05 1.449289313977165148e+05 6.914906331396640553e+02 3.202042908974224119e+05 4.490152892875880934e+05 1.666679234548746317e+05 7.796253929961733229e+04 9.262801328447034521e-01 2.277445223690228595e+05 7.599065046989874617e-01 2.774338494000753271e+05
5.472118625420877943e+05 8.022345692739915103e+04 4.457631067300143186e+05 5.472122075171071338e+05 5.021237345932579483e+05 4.264393761343668448e+05 5.472120404894220410e+05 3.298210691439599032e+05 5.472121206764193485e+05 2.142546269886096125e+05 5.472118381298758322e+05 5.472118590937590925e+05 2.870212864762654644e+05 5.472121674324769992e+05 3.732991918611953151e+05 5.472122461599523667e+05 5.472120062559600919e+05 3.540994500750561128e+05 2.287623354813198966e+05 5.254729992801506305e+05 5.472120999972899444e+05 5.472118989560169866e+05 4.788892055694539449e+05 5.472118522369388957e+05 3.851178686520140618e+05
2.608708339810865582e+05 4.457631067300143186e+05 1.041497094310314424e+04 1.987591508876333246e+05 1.344492524542741303e+05 4.581254629933097021e+04 2.608709241467793181e+05 2.328966361227359157e+05 2.608708535420174303e+05 3.878452717248322442e+05 2.608708702673035441e+05 2.608708083328851499e+05 2.864168812962349039e+05 2.166890672402571072e+05 1.594219793319560122e+05 1.884071156480779755e+05 2.608708411660844577e+05 1.922687739249841543e+05 3.475665241355315084e+05 1.666681588994305639e+05 2.318853297402981843e+05 2.608707374975798884e+05 8.135610075535778014e+04 2.608706597279496782e+05 1.274575619621178339e+05
1.292747923244637786e+05 5.472122075171071338e+05 1.987591508876333246e+05 1.568052986696069820e+04 8.942773906389619515e+04 2.182236031426655245e+05 1.275493286298736202e+05 3.343459341348728049e+05 1.146318269774102373e+05 4.892943614936651429e+05 1.292747480382259819e+05 1.292746710419010924e+05 3.878659972899078857e+05 3.988914650865192380e+04 2.898564740156881744e+05 1.738056846585068706e+04 1.291924579151415528e+05 3.202046213550011744e+05 4.490156837042679545e+05 4.550386807759901421e+04 6.408091179912889493e+04 1.292745736657483794e+05 1.395303739522129472e+05 1.292744973139069771e+05 2.738849655926969135e+05
2.042082404909397010e+05 5.021237345932579483e+05 1.344492524542741303e+05 8.942773906389622425e+04 3.454532653729124377e+03 1.627830151069098501e+05 2.042082441182869661e+05 2.892573712333911681e+05 1.912907656214197923e+05 4.442058424571437063e+05 2.042082585905679443e+05 2.042082108676366624e+05 3.427774785974363913e+05 1.165480911322661559e+05 2.447681112537932931e+05 7.377341956317509175e+04 2.042081965055123728e+05 2.751161482917180983e+05 4.039270789822561783e+05 4.478791437451519596e+04 1.407400806069043465e+05 2.042081197766877012e+05 5.700220593843760435e+04 2.042079823016487062e+05 2.199232770257152442e+05
2.657017298377591651e+05 4.264393761343669030e+05 4.581254629933097021e+04 2.182236031426655245e+05 1.627830151069098501e+05 3.749692453831683088e+04 2.657018720620906097e+05 2.135526303999502270e+05 2.657017679162538843e+05 3.685216381001732079e+05 2.657018426030144910e+05 2.657017685100517119e+05 2.670932540568885743e+05 2.360196192327972094e+05 1.397491271564770141e+05 2.078716875299413805e+05 2.657017618898926303e+05 1.728903710523109476e+05 3.282428460200576228e+05 1.861326356961383135e+05 2.463781086200063583e+05 2.657017061078869738e+05 1.219076560846598732e+05 2.657016012256263639e+05 9.349819543110071390e+04
1.449423560077608272e+04 5.472120404894220410e+05 2.608709241467793181e+05 1.275493286298736202e+05 2.042082441182869661e+05 2.657018720620906097e+05 4.527329136522197373e-01 3.343457549382763682e+05 1.291842399807401853e+04 4.892941892914113705e+05 1.449421633978100363e+04 1.449417673572919011e+04 3.878658427956660162e+05 8.766145067757328798e+04 2.898564981247645919e+05 1.449289134515970945e+05 1.380355557706227410e+04 3.202045248279740335e+05 4.490154604124057805e+05 1.666682150049838529e+05 6.346953259357493516e+04 1.449405732485785848e+04 2.277446148775872716e+05 1.449399673231341512e+04 2.774341298348741257e+05
3.343457553160466487e+05 3.298210691439599032e+05 2.328966361227359157e+05 3.343459341348728049e+05 2.892573712333911681e+05 2.135526303999502270e+05 3.343457549382763682e+05 2.035825679461765685e+04 3.343458016036073677e+05 2.666241423809520202e+05 3.343458451715852716e+05 3.343458198159624590e+05 1.251394043108545447e+05 3.343458209083547117e+05 1.364270707436621306e+05 3.343458735124955419e+05 3.343456646058530896e+05 9.853982119605880871e+04 2.110405758398243925e+05 3.126068835038588732e+05 3.343457973837795435e+05 3.343457254523920128e+05 2.660232026930400752e+05 3.343456741830075625e+05 1.641939218906158640e+05
2.741175132431355451e+04 5.472121206764193485e+05 2.608708535420174303e+05 1.146318269774102373e+05 1.912907656214197923e+05 2.657017679162538843e+05 1.291842399807401853e+04 3.343458016036073677e+05 1.415081114877561049e+04 4.892942740406804951e+05 2.741173129962975509e+04 2.741168712615077311e+04 3.878659099931932869e+05 7.474385403743460483e+04 2.898565919741370599e+05 1.320114034320451028e+05 2.672118479779425252e+04 3.202046275780205033e+05 4.490155105347433127e+05 1.537507128856955387e+05 5.055192457763508719e+04 2.741149786528061304e+04 2.197585732421616558e+05 2.741144853862215314e+04 2.774341525598524604e+05
4.892940374053479754e+05 2.142546269886096416e+05 3.878452717248322442e+05 4.892943614936651429e+05 4.442058424571438227e+05 3.685216381001732079e+05 4.892941892914113705e+05 2.666241423809520202e+05 4.892942740406804951e+05 6.663267912646457262e+04 4.892939805828300305e+05 4.892940263462479925e+05 2.152879427935847489e+05 4.892942532101647230e+05 3.153814075644850964e+05 4.892944296268862090e+05 4.892941694951566169e+05 2.953240262800164637e+05 1.808404143431403791e+05 4.675551705013050232e+05 4.892943008403718122e+05 4.892940425370829180e+05 4.209714122885256656e+05 4.892939679055162705e+05 3.271999823045208468e+05
8.967393929762061955e-01 5.472118381298758322e+05 2.608708702673035441e+05 1.292747480382259964e+05 2.042082585905679443e+05 2.657018426030145492e+05 1.449421633978100363e+04 3.343458451715853298e+05 2.741173129962975509e+04 4.892939805828300305e+05 4.205583694955348228e-01 8.501796911569591275e-01 3.878658918773186742e+05 1.021543649936924921e+05 2.898562275162994047e+05 1.449289680136546958e+05 6.914432739132888628e+02 3.202043122477885336e+05 4.490152873095686664e+05 1.666679405022569990e+05 7.796252946449990850e+04 9.652179284380666413e-01 2.277444354286874295e+05 7.941142037457314951e-01 2.774339208117527887e+05
9.515435256453831370e-01 5.472118590937590925e+05 2.608708083328851499e+05 1.292746710419010924e+05 2.042082108676366624e+05 2.657017685100517701e+05 1.449417673572919011e+04 3.343458198159624590e+05 2.741168712615077311e+04 4.892940263462479343e+05 8.501796911569593496e-01 4.233476779304071735e-01 3.878658871050805319e+05 1.021543034086584667e+05 2.898562302174116485e+05 1.449288584123750334e+05 6.914701568124185087e+02 3.202043011792441830e+05 4.490153233487181715e+05 1.666678637709213654e+05 7.796245285192230949e+04 8.370432497886378664e-01 2.277444301384911523e+05 7.482008129171222599e-01 2.774338327572818380e+05
3.878658853071494959e+05 2.870212864762654644e+05 2.864168812962348456e+05 3.878659972899078857e+05 3.427774785974363913e+05 2.670932540568885743e+05 3.878658427956660162e+05 1.251394043108545739e+05 3.878659099931933451e+05 2.152879427935847780e+05 3.878658918773186742e+05 3.878658871050805319e+05 6.456179818073450588e+04 3.878659067400229978e+05 2.077419791107590136e+05 3.878660116582643241e+05 3.878657777431590948e+05 1.721345950822533050e+05 1.656322981296112121e+05 3.661269820594215998e+05 3.878658882038787124e+05 3.878658407115025911e+05 3.195431810280421050e+05 3.878658199823651812e+05 2.248843641687345516e+05
1.021543577889315493e+05 5.472121674324769992e+05 2.166890672402571072e+05 3.988914650865192380e+04 1.165480911322661559e+05 2.360196192327972094e+05 8.766145067757330253e+04 3.343458209083547699e+05 7.474385403743460483e+04 4.892942532101647230e+05 1.021543649936924921e+05 1.021543034086584667e+05 3.878659067400229978e+05 1.339237511908456327e+03 2.898566502832038095e+05 5.726874218850406032e+04 1.014640207543286961e+05 3.202046049166776356e+05 4.490155488905111561e+05 7.900797788778810354e+04 2.419293621920973237e+04 1.021541133316976920e+05 1.576845202989981044e+05 1.021540422101504228e+05 2.774341776342805824e+05
2.898562522967478726e+05 3.732991918611953151e+05 1.594219793319560122e+05 2.898564740156881744e+05 2.447681112537932931e+05 1.397491271564770432e+05 2.898564981247645919e+05 1.364270707436621306e+05 2.898565919741370599e+05 3.153814075644851546e+05 2.898562275162994047e+05 2.898562302174116485e+05 2.077419791107590136e+05 2.898566502832038095e+05 8.201717973636418719e+02 2.898565784648912959e+05 2.898564375473137479e+05 9.001420463036811270e+04 2.751027313879230642e+05 2.681173797298397403e+05 2.898565774364238605e+05 2.898562345581190311e+05 2.148107479695095972e+05 2.898561267578770639e+05 8.469060403907424188e+04
1.449289313977165148e+05 5.472122461599523667e+05 1.884071156480779755e+05 1.738056846585068706e+04 7.377341956317509175e+04 2.078716875299414096e+05 1.449289134515970945e+05 3.343458735124956002e+05 1.320114034320451028e+05 4.892944296268862090e+05 1.449289680136546958e+05 1.449288584123750334e+05 3.878660116582643241e+05 5.726874218850406760e+04 2.898565784648912959e+05 4.349078933321811613e-01 1.449288643717680825e+05 3.202047042120829574e+05 4.490156801707535633e+05 2.898678094924564357e+04 8.146051692436165467e+04 1.449287060586714942e+05 1.290490815465191990e+05 1.449286529634133331e+05 2.650118879836834385e+05
6.914906331396640553e+02 5.472120062559600919e+05 2.608708411660844577e+05 1.291924579151415674e+05 2.042081965055123728e+05 2.657017618898926303e+05 1.380355557706227410e+04 3.343456646058530896e+05 2.672118479779425616e+04 4.892941694951565587e+05 6.914432739132888628e+02 6.914701568124186224e+02 3.878657777431590948e+05 1.014640207543286961e+05 2.898564375473137479e+05 1.449288643717680825e+05 1.315083995235960856e+03 3.202044534485914046e+05 4.490154849448997993e+05 1.666681540609481162e+05 7.727208241026844189e+04 6.913026661412427529e+02 2.277446132181619760e+05 6.912995511883259496e+02 2.774341140991601278e+05
3.202042908974224119e+05 3.540994500750561128e+05 1.922687739249841543e+05 3.202046213550011162e+05 2.751161482917180983e+05 1.728903710523109476e+05 3.202045248279740335e+05 9.853982119605882326e+04 3.202046275780205033e+05 2.953240262800164637e+05 3.202043122477885336e+05 3.202043011792441830e+05 1.721345950822532759e+05 3.202046049166776356e+05 9.001420463036811270e+04 3.202047042120829574e+05 3.202044534485914046e+05 3.599751978337042965e+04 2.385939765804216149e+05 2.984654009985474986e+05 3.202045949427283485e+05 3.202042777329189121e+05 2.476636495097308361e+05 3.202042068077288568e+05 1.192024102982455224e+05
4.490152892875880934e+05 2.287623354813199257e+05 3.475665241355315084e+05 4.490156837042679545e+05 4.039270789822561783e+05 3.282428460200576228e+05 4.490154604124057805e+05 2.110405758398243634e+05 4.490155105347433127e+05 1.808404143431403791e+05 4.490152873095686664e+05 4.490153233487181715e+05 1.656322981296112121e+05 4.490155488905111561e+05 2.751027313879230642e+05 4.490156801707536215e+05 4.490154849448997993e+05 2.385939765804216149e+05 5.777992816498471075e+04 4.272763731027689064e+05 4.490155907848339994e+05 4.490152703485706006e+05 3.806927176587628201e+05 4.490152118456503376e+05 2.869211573920181836e+05
1.666679234548746317e+05 5.254729992801506305e+05 1.666681588994305639e+05 4.550386807759901421e+04 4.478791437451519596e+04 1.861326356961383135e+05 1.666682150049838237e+05 3.126068835038588732e+05 1.537507128856955387e+05 4.675551705013050232e+05 1.666679405022569699e+05 1.666678637709213654e+05 3.661269820594215998e+05 7.900797788778810354e+04 2.681173797298397403e+05 2.898678094924563629e+04 1.666681540609481162e+05 2.984654009985474986e+05 4.272763731027689064e+05 2.898598579279716796e+04 1.031999380365674006e+05 1.666677702462266898e+05 1.009262553437682218e+05 1.666677009192190890e+05 2.432726005920648749e+05
7.796253929961733229e+04 5.472120999972899444e+05 2.318853297402981843e+05 6.408091179912889493e+04 1.407400806069043465e+05 2.463781086200063583e+05 6.346953259357494971e+04 3.343457973837795435e+05 5.055192457763508719e+04 4.892943008403718122e+05 7.796252946449990850e+04 7.796245285192230949e+04 3.878658882038787706e+05 2.419293621920973237e+04 2.898565774364238605e+05 8.146051692436165467e+04 7.727208241026844189e+04 3.202045949427283485e+05 4.490155907848339994e+05 1.031999380365674006e+05 2.614834349520250544e+04 7.796231399900234828e+04 1.787743758119782433e+05 7.796229249942237220e+04 2.774342308056541951e+05
9.262801328447034521e-01 5.472118989560169866e+05 2.608707374975798884e+05 1.292745736657483794e+05 2.042081197766876721e+05 2.657017061078869738e+05 1.449405732485785848e+04 3.343457254523920128e+05 2.741149786528061304e+04 4.892940425370829180e+05 9.652179284380666413e-01 8.370432497886378664e-01 3.878658407115025911e+05 1.021541133316976920e+05 2.898562345581190311e+05 1.449287060586714651e+05 6.913026661412426392e+02 3.202042777329189121e+05 4.490152703485706006e+05 1.666677702462266898e+05 7.796231399900234828e+04 3.798693852172030372e-01 2.277444451250820712e+05 6.553936927109056398e-01 2.774338051676923060e+05
2.277445223690228595e+05 4.788892055694539449e+05 8.135610075535779470e+04 1.395303739522129472e+05 5.700220593843760435e+04 1.219076560846598732e+05 2.277446148775872716e+05 2.660232026930400752e+05 2.197585732421616558e+05 4.209714122885256656e+05 2.277444354286874295e+05 2.277444301384911523e+05 3.195431810280421050e+05 1.576845202989981044e+05 2.148107479695095972e+05 1.290490815465191990e+05 2.277446132181619760e+05 2.476636495097308361e+05 3.806927176587628201e+05 1.009262553437682218e+05 1.787743758119782142e+05 2.277444451250821003e+05 1.948152717571479297e+04 2.277443110885616334e+05 1.867599390258932253e+05
7.599065046989874617e-01 5.472118522369388957e+05 2.608706597279496782e+05 1.292744973139069771e+05 2.042079823016487062e+05 2.657016012256263639e+05 1.449399673231341512e+04 3.343456741830075625e+05 2.741144853862215314e+04 4.892939679055162705e+05 7.941142037457314951e-01 7.482008129171222599e-01 3.878658199823651812e+05 1.021540422101504228e+05 2.898561267578770639e+05 1.449286529634133331e+05 6.912995511883259496e+02 3.202042068077288568e+05 4.490152118456503376e+05 1.666677009192190890e+05 7.796229249942237220e+04 6.553936927109056398e-01 2.277443110885616334e+05 3.069200111772669159e-01 2.774336900709893671e+05
2.774338494000753271e+05 3.851178686520140618e+05 1.274575619621178339e+05 2.738849655926969135e+05 2.199232770257152442e+05 9.349819543110072846e+04 2.774341298348741257e+05 1.641939218906158931e+05 2.774341525598524604e+05 3.271999823045208468e+05 2.774339208117527887e+05 2.774338327572818380e+05 2.248843641687345516e+05 2.774341776342805824e+05 8.469060403907425643e+04 2.650118879836834385e+05 2.774341140991601278e+05 1.192024102982455224e+05 2.869211573920181836e+05 2.432726005920648749e+05 2.774342308056541951e+05 2.774338051676923060e+05 1.867599390258932253e+05 2.774336900709893671e+05 2.876486175672527679e+04
