8.642020203700219172e-01 1.388906712872276257e+05 3.789201247485502390e+05 5.555729756485237158e+04 4.563646175582339492e+04 1.646121010099305713e+05 1.530152990939401159e+00 1.389037727760022062e+04 1.388906386806868832e+05 5.555755129640604719e+04 5.555734448401826376e+04 4.223342101695680176e+05 1.230175349440789578e+05 7.317709537092126266e+04 5.555726579781030887e+04 2.777905757535177327e+04 8.730330510453048919e+04 5.555737639230590139e+04 4.638549616420813254e+04 2.592872492333462287e+05 5.555739561614854756e+04 2.777933994314943266e+04 5.555756149381065188e+04 5.555718255551887705e+04 5.555749509399331146e+04
1.388906712872276257e+05 4.773562220165682083e+04 3.787421963769976865e+05 1.666686235088066896e+05 1.666685038532191538e+05 1.353810380271560862e+05 1.388905721635538212e+05 1.527794458086686500e+05 5.804577401465982257e+04 1.666688428012324439e+05 1.666686505180711683e+05 4.221562969783443259e+05 1.007211796232614288e+05 1.379184774268637411e+05 1.666685814113801462e+05 1.666682108981634374e+05 1.336472550412497367e+05 1.666686666119638248e+05 1.388909362303393136e+05 2.418932667522511329e+05 1.666688006718546385e+05 1.666684503923090815e+05 1.666687870888022589e+05 1.666685201905125869e+05 1.666687594938730763e+05
3.789201247485502390e+05 3.787421963769975700e+05 1.637983938783509366e+05 4.066980327361300006e+05 4.066979510529687977e+05 3.785918313545998535e+05 3.789201113539850339e+05 3.928089755689335871e+05 3.789203353507703287e+05 4.066981840595851536e+05 4.066981088020349271e+05 3.353390495442745159e+05 3.787128699510188890e+05 3.789204932037660037e+05 4.066980681563725229e+05 4.066977607248652494e+05 3.570951255012935144e+05 4.066981908763069077e+05 3.789205261947933468e+05 3.336978098005140200e+05 4.066982106664349558e+05 4.066977716956376098e+05 4.066981771844602772e+05 4.066979610556203406e+05 4.066981976741535473e+05
5.555729756485237158e+04 1.666686235088067479e+05 4.066980327361300006e+05 8.632893127454042137e-01 1.488241185982403476e+04 1.923900071545516839e+05 5.555733618581577321e+04 4.166829342633987835e+04 1.666685940867625177e+05 2.777974006413892857e+04 1.620970356975283355e+00 4.501121161896809936e+05 1.507955032825373928e+05 1.009551271852430218e+05 1.475611773850085795e+00 2.777913687235656107e+04 1.150813461863042758e+05 2.777956903483613860e+04 7.416342852411634522e+04 2.870651616532031912e+05 2.777961504854651139e+04 2.777943739080566957e+04 2.777965933193403544e+04 1.414304369313857945e+00 2.777959351946621246e+04
4.563646175582339492e+04 1.666685038532191829e+05 4.066979510529687977e+05 1.488241185982403658e+04 1.736194325547964036e+04 1.923898542209517327e+05 4.563651782329965499e+04 3.174750791705469601e+04 1.666685107496138662e+05 2.565375738997861117e+04 1.488254556588875312e+04 4.501119680679779849e+05 1.507954063134364842e+05 1.006007205446749867e+05 1.488250275830429746e+04 1.785832566700872485e+04 1.150811739314327133e+05 2.777952296163080973e+04 6.920304441677150317e+04 2.870650710923209554e+05 2.777954474105533882e+04 1.785863762388013492e+04 2.281930495521750345e+04 1.488240489934137076e+04 2.777957497176162360e+04
1.646121010099305713e+05 1.353810380271560862e+05 3.785918313545998535e+05 1.923900071545516839e+05 1.923898542209517618e+05 6.894733816502570699e+04 1.646119181689042598e+05 1.785008208743782307e+05 1.368345468162935576e+05 1.923901097832527594e+05 1.923901179000027769e+05 4.220057681513983407e+05 1.226707488653398177e+05 1.637620937843600404e+05 1.923900851768662105e+05 1.923895805930997885e+05 1.593686754765076621e+05 1.923901742495464568e+05 1.646124979081981583e+05 2.123806778244326997e+05 1.923901451814179018e+05 1.923897687867798377e+05 1.923901441478129418e+05 1.923899179073813430e+05 1.923901373848631047e+05
1.530152990939401159e+00 1.388905721635537629e+05 3.789201113539850339e+05 5.555733618581577321e+04 4.563651782329965499e+04 1.646119181689042598e+05 8.299047865269533197e-01 1.389025419725679421e+04 1.388904172112656233e+05 5.555744647643734061e+04 5.555734710619442922e+04 4.223342719464161200e+05 1.230173267769844824e+05 7.317684495405298367e+04 5.555727620220829704e+04 2.777899114167959488e+04 8.730310476951744931e+04 5.555743640001117456e+04 4.638538914931776526e+04 2.592870909275579615e+05 5.555725132886395295e+04 2.777926255707869132e+04 5.555745094355284527e+04 5.555727562758783461e+04 5.555738771931515657e+04
1.389037727760022062e+04 1.527794458086686500e+05 3.928089755689335871e+05 4.166829342633987835e+04 3.174750791705469601e+04 1.785008208743782016e+05 1.389025419725679421e+04 1.388971229920749101e+04 1.527792834223423852e+05 4.166842697552643949e+04 4.166831350150306389e+04 4.362231546046342701e+05 1.369063232585848600e+05 8.706587599707192567e+04 4.166830749755336001e+04 1.388998117391371488e+04 1.011921214995926130e+05 4.166841183096778695e+04 6.027438050239092263e+04 2.731760769742227276e+05 4.166831124006530445e+04 1.389014179069823876e+04 4.166843851953440026e+04 4.166823335560913983e+04 4.166834429703553906e+04
1.388906386806868832e+05 5.804577401465982257e+04 3.789203353507702705e+05 1.666685940867625177e+05 1.666685107496138662e+05 1.368345468162935576e+05 1.388904172112656233e+05 1.527792834223423852e+05 3.221171041208566749e+04 1.666686782579965948e+05 1.666686726663410955e+05 4.223344093216209440e+05 1.071448312629130814e+05 1.388909046199301665e+05 1.666686349363882036e+05 1.666680989687243709e+05 1.349225684961627121e+05 1.666686145674044092e+05 1.388909826037503080e+05 2.420917829202275607e+05 1.666686363275588374e+05 1.666682618507347943e+05 1.666686482045722660e+05 1.666685425206384389e+05 1.666686079705145967e+05
5.555755129640604719e+04 1.666688428012324730e+05 4.066981840595851536e+05 2.777974006413892857e+04 2.565375738997861117e+04 1.923901097832527594e+05 5.555744647643734061e+04 4.166842697552643949e+04 1.666686782579965948e+05 1.360622063621077359e+04 2.777964507127527759e+04 4.501122875911878655e+05 1.507956890079749865e+05 1.001048006668800081e+05 2.777972210401138364e+04 2.777929896575229941e+04 1.150812943017184734e+05 1.190650760953379358e+04 6.225859028994708933e+04 2.870652695203182520e+05 1.190658043732948499e+04 2.777949316013026328e+04 1.587472859144096219e+04 2.777972255417944325e+04 1.190654502978821438e+04
5.555734448401826376e+04 1.666686505180711683e+05 4.066981088020349271e+05 1.620970356975283355e+00 1.488254556588875312e+04 1.923901179000027769e+05 5.555734710619442922e+04 4.166831350150306389e+04 1.666686726663410955e+05 2.777964507127527759e+04 8.330270907534090830e-01 4.501122367395771435e+05 1.507955603980675223e+05 1.009551067918030458e+05 1.510251465334977894e+00 2.777910545580312464e+04 1.150813516925391014e+05 2.777961259051173693e+04 7.416344382713016239e+04 2.870652812247813563e+05 2.777951789861798898e+04 2.777944839635569224e+04 2.777976434354228331e+04 1.512430526150953636e+00 2.777965296351353390e+04
4.223342101695680176e+05 4.221562969783443259e+05 3.353390495442745159e+05 4.501121161896809936e+05 4.501119680679779849e+05 4.220057681513983407e+05 4.223342719464161200e+05 4.362231546046342701e+05 4.223344093216209440e+05 4.501122875911878655e+05 4.501122367395771435e+05 1.857785371871760290e+05 4.221267919481786666e+05 4.005092407633239054e+05 4.501121177760117571e+05 4.501118629223161261e+05 4.223344297631001682e+05 4.501122598134101136e+05 4.223345584158166312e+05 3.784743850805403781e+05 4.501123705536999041e+05 4.501120083917560987e+05 4.501123402156704688e+05 4.501120845357225044e+05 4.501123308711602585e+05
1.230175349440789578e+05 1.007211796232614433e+05 3.787128699510188890e+05 1.507955032825373928e+05 1.507954063134364842e+05 1.226707488653398177e+05 1.230173267769844824e+05 1.369063232585848891e+05 1.071448312629130814e+05 1.507956890079749865e+05 1.507955603980675223e+05 4.221267919481786666e+05 4.771921597767493950e+04 1.178772498647468456e+05 1.507954830877587083e+05 1.507950730770757073e+05 1.128448192924608593e+05 1.507954429979454726e+05 1.230176648474336107e+05 2.407442133957532933e+05 1.507954413535690110e+05 1.507954034180600138e+05 1.507955832497338997e+05 1.507954495614114567e+05 1.507955752948798763e+05
7.317709537092126266e+04 1.379184774268637411e+05 3.789204932037660037e+05 1.009551271852430218e+05 1.006007205446749867e+05 1.637620937843600404e+05 7.317684495405298367e+04 8.706587599707192567e+04 1.388909046199301665e+05 1.001048006668800081e+05 1.009551067918030458e+05 4.005092407633239054e+05 1.178772498647468456e+05 3.559612528464242496e+04 1.009550716293280420e+05 1.009547238748456730e+05 8.586124252028939372e+04 1.009552671096208360e+05 5.732640636860308587e+04 2.592740359152315359e+05 1.009550152241649921e+05 1.009549224329005519e+05 9.897092051743390039e+04 1.009551281631858728e+05 1.009550747777275828e+05
5.555726579781030887e+04 1.666685814113801462e+05 4.066980681563725229e+05 1.475611773850085795e+00 1.488250275830429382e+04 1.923900851768662105e+05 5.555727620220829704e+04 4.166830749755336001e+04 1.666686349363882036e+05 2.777972210401138364e+04 1.510251465334977894e+00 4.501121177760117571e+05 1.507954830877587083e+05 1.009550716293280420e+05 8.492835022293580005e-01 2.777908784737226233e+04 1.150812739170193818e+05 2.777957090125393734e+04 7.416342420131385734e+04 2.870652807424427592e+05 2.777954102332547700e+04 2.777941361307501575e+04 2.777975158747951718e+04 1.441171308318853095e+00 2.777965141566528473e+04
2.777905757535177327e+04 1.666682108981634374e+05 4.066977607248651912e+05 2.777913687235656107e+04 1.785832566700871757e+04 1.923895805930997885e+05 2.777899114167959488e+04 1.388998117391371670e+04 1.666680989687243709e+05 2.777929896575229941e+04 2.777910545580312464e+04 4.501118629223161261e+05 1.507950730770757073e+05 1.009547238748456730e+05 2.777908784737226233e+04 5.315171486888314867e-01 1.150808951340861531e+05 2.777917690838625276e+04 7.416301234047184698e+04 2.870648394416443189e+05 2.777919609995959399e+04 1.081366053393024718e+00 2.777941902199616743e+04 2.777901816532004159e+04 2.777929101435298799e+04
8.730330510453048919e+04 1.336472550412497367e+05 3.570951255012935144e+05 1.150813461863042758e+05 1.150811739314327133e+05 1.593686754765076621e+05 8.730310476951746386e+04 1.011921214995926130e+05 1.349225684961627121e+05 1.150812943017184734e+05 1.150813516925391014e+05 4.223344297631001682e+05 1.128448192924608593e+05 8.586124252028939372e+04 1.150812739170193818e+05 1.150808951340861531e+05 3.278301225766647985e+04 1.150812790536330722e+05 8.730341722797496186e+04 2.568311543447394506e+05 1.150813241483912570e+05 1.150811731718423543e+05 1.150813750507550430e+05 1.150812609662047034e+05 1.150813780518414133e+05
5.555737639230590139e+04 1.666686666119638248e+05 4.066981908763069077e+05 2.777956903483613860e+04 2.777952296163080973e+04 1.923901742495464568e+05 5.555743640001117456e+04 4.166841183096778695e+04 1.666686145674044092e+05 1.190650760953379358e+04 2.777961259051173693e+04 4.501122598134101136e+05 1.507954429979454726e+05 1.009552671096208360e+05 2.777957090125393734e+04 2.777917690838625276e+04 1.150812790536330722e+05 9.282716826703524271e-01 7.416325100134161767e+04 2.870652068285868154e+05 1.650722048629303274e+00 2.777948049001629261e+04 2.777967196233740106e+04 2.777950889461673796e+04 1.723120445952672997e+00
4.638549616420813982e+04 1.388909362303393136e+05 3.789205261947933468e+05 7.416342852411634522e+04 6.920304441677150317e+04 1.646124979081981583e+05 4.638538914931777981e+04 6.027438050239092263e+04 1.388909826037503080e+05 6.225859028994708933e+04 7.416344382713017694e+04 4.223345584158166312e+05 1.230176648474336107e+05 5.732640636860307859e+04 7.416342420131387189e+04 7.416301234047186153e+04 8.730341722797497641e+04 7.416325100134163222e+04 1.228793486221603962e+04 2.592876196852669818e+05 7.416340051838217187e+04 7.416338788543156988e+04 4.638558160878909257e+04 7.416345692214337760e+04 7.416344586074356630e+04
2.592872492333462869e+05 2.418932667522511329e+05 3.336978098005140200e+05 2.870651616532031912e+05 2.870650710923210136e+05 2.123806778244326997e+05 2.592870909275580198e+05 2.731760769742227276e+05 2.420917829202275898e+05 2.870652695203182520e+05 2.870652812247813563e+05 3.784743850805403781e+05 2.407442133957532933e+05 2.592740359152315650e+05 2.870652807424427592e+05 2.870648394416443189e+05 2.568311543447394797e+05 2.870652068285868736e+05 2.592876196852670109e+05 1.263604510693313059e+05 2.870652528224134585e+05 2.870649519542497583e+05 2.870652759906626889e+05 2.870651252329333220e+05 2.870652706822079490e+05
5.555739561614854756e+04 1.666688006718546385e+05 4.066982106664349558e+05 2.777961504854651139e+04 2.777954474105533882e+04 1.923901451814178727e+05 5.555725132886395295e+04 4.166831124006530445e+04 1.666686363275588374e+05 1.190658043732948317e+04 2.777951789861798898e+04 4.501123705536999041e+05 1.507954413535690401e+05 1.009550152241649776e+05 2.777954102332547700e+04 2.777919609995959399e+04 1.150813241483912570e+05 1.650722048629303274e+00 7.416340051838215732e+04 2.870652528224134003e+05 8.304038546107044283e-01 2.777942452482186854e+04 2.777962414987349985e+04 2.777960880256782184e+04 1.659751440569179559e+00
2.777933994314943266e+04 1.666684503923090815e+05 4.066977716956376098e+05 2.777943739080566957e+04 1.785863762388012765e+04 1.923897687867798377e+05 2.777926255707869132e+04 1.389014179069824058e+04 1.666682618507347943e+05 2.777949316013026328e+04 2.777944839635569224e+04 4.501120083917560987e+05 1.507954034180600138e+05 1.009549224329005519e+05 2.777941361307501575e+04 1.081366053393024496e+00 1.150811731718423543e+05 2.777948049001629261e+04 7.416338788543155533e+04 2.870649519542497583e+05 2.777942452482186854e+04 7.769077830318178446e-01 2.777964767166719321e+04 2.777936959016182300e+04 2.777947871920308171e+04
5.555756149381065188e+04 1.666687870888022589e+05 4.066981771844602772e+05 2.777965933193403544e+04 2.281930495521749981e+04 1.923901441478129418e+05 5.555745094355284527e+04 4.166843851953440026e+04 1.666686482045723242e+05 1.587472859144096583e+04 2.777976434354228331e+04 4.501123402156704688e+05 1.507955832497339579e+05 9.897092051743390039e+04 2.777975158747951718e+04 2.777941902199616743e+04 1.150813750507550430e+05 2.777967196233740106e+04 4.638558160878907802e+04 2.870652759906626889e+05 2.777962414987349985e+04 2.777964767166719321e+04 8.962124793004708767e-01 2.777976925852498607e+04 2.777939913493098356e+04
5.555718255551887705e+04 1.666685201905125869e+05 4.066979610556203406e+05 1.414304369313858167e+00 1.488240489934136895e+04 1.923899179073813430e+05 5.555727562758783461e+04 4.166823335560914711e+04 1.666685425206384389e+05 2.777972255417944325e+04 1.512430526150954080e+00 4.501120845357225044e+05 1.507954495614114567e+05 1.009551281631858728e+05 1.441171308318853095e+00 2.777901816532004159e+04 1.150812609662047034e+05 2.777950889461673796e+04 7.416345692214337760e+04 2.870651252329333220e+05 2.777960880256782184e+04 2.777936959016182300e+04 2.777976925852498607e+04 8.623013822398996053e-01 2.777966563613549806e+04
5.555749509399331146e+04 1.666687594938730763e+05 4.066981976741535473e+05 2.777959351946621246e+04 2.777957497176162360e+04 1.923901373848631047e+05 5.555738771931515657e+04 4.166834429703553906e+04 1.666686079705145967e+05 1.190654502978821438e+04 2.777965296351353390e+04 4.501123308711602585e+05 1.507955752948798763e+05 1.009550747777275828e+05 2.777965141566528473e+04 2.777929101435298799e+04 1.150813780518413696e+05 1.723120445952672997e+00 7.416344586074355175e+04 2.870652706822078908e+05 1.659751440569179115e+00 2.777947871920308171e+04 2.777939913493098356e+04 2.777966563613549806e+04 8.454858051507064820e-01
