3.915360254112419170e+03 2.431498804324353696e+05 2.631746862180049720e+04 1.889127181495518889e+05 2.631708553617384678e+04 2.588213661698929354e+04 1.734573372590253348e+04 2.631743595847543838e+04 3.040353714234516374e+05 6.997788575976251741e+04 2.393868295058108288e+03 2.631754836441505904e+04 9.000079889486009779e+04 5.024100119449872000e+04 2.393953496606715362e+03 2.631751706321301026e+04 2.394048693763094889e+03 2.092749451922123844e+05 2.394073367253938613e+03 5.840802114612310834e+04 2.393466899005666164e+03 2.394043657749924932e+03 2.631754663212719242e+04 1.316799956144084863e+05 4.465225479205147130e+05
2.431498804324354569e+05 6.915895387203943392e+04 2.431500665997994656e+05 1.433017063984327251e+05 2.431496922835382575e+05 2.431497664442574896e+05 2.431498505515139259e+05 2.431499680059367092e+05 1.365398881754699978e+05 2.102554697689946333e+05 2.431499251585179300e+05 2.431501125033009157e+05 1.832029561099479033e+05 2.168343358811301587e+05 2.431499986786939262e+05 2.431501804534574621e+05 2.431501724413071061e+05 1.127989579423354153e+05 2.431501773122343875e+05 2.168343851588208054e+05 2.431496888989474392e+05 2.431501766924594995e+05 2.431501604209278012e+05 1.651730019038762548e+05 3.025470858777509420e+05
2.631746862180049720e+04 2.431500665997994656e+05 8.222152876481714223e-01 1.900003001430318400e+05 1.400479893624740013e+00 2.393951977303633157e+03 1.973856474908866221e+04 1.539207152472431783e+00 3.040355766809094348e+05 7.237058169496974733e+04 2.631741547538661325e+04 1.741636557304174326e+00 9.239350875157309929e+04 5.263365630650592357e+04 2.631741794473413029e+04 1.674836285571897898e+00 2.631750758690878865e+04 2.092751190053286264e+05 2.631770052348670652e+04 6.080067789291152440e+04 2.631712598908192376e+04 2.631760798476016862e+04 1.799686839263822336e+00 1.340726765369794448e+05 4.465227411495546694e+05
1.889127181495518889e+05 1.433017063984327251e+05 1.900003001430318400e+05 2.261383077436991516e+04 1.899998892070269503e+05 1.889125392709906737e+05 1.840192559124385880e+05 1.900002313842314470e+05 2.442271319963762362e+05 1.379668630796220095e+05 1.900001976031666854e+05 1.900004026950022380e+05 1.047861135396176978e+05 1.577036966518473055e+05 1.900002840801281272e+05 1.900003758460245735e+05 1.900003236349318759e+05 5.677097576983688487e+04 1.900004059711843147e+05 1.495367756222911121e+05 1.899998854795057850e+05 1.900003891019103758e+05 1.900004073968176381e+05 7.144628519055506331e+04 3.735562883479034645e+05
2.631708553617384678e+04 2.431496922835382866e+05 1.400479893624740235e+00 1.899998892070269503e+05 5.917003779919897122e-01 2.393467963220685760e+03 1.973814919777618343e+04 1.379360742110691929e+00 3.040352653726240969e+05 7.237012514636128617e+04 2.631713875883842047e+04 1.481264385105538706e+00 9.239298860420259007e+04 5.263320494726322067e+04 2.631723642212904815e+04 1.466886855003649570e+00 2.631728732866752398e+04 2.092747196656178567e+05 2.631731190268612409e+04 6.080020124369567202e+04 2.631665361657276662e+04 2.631726488961055293e+04 1.460355817543939505e+00 1.340721479809178854e+05 4.465224559325133450e+05
2.588213661698929354e+04 2.431497664442574896e+05 2.393951977303633157e+03 1.889125392709906737e+05 2.393467963220685760e+03 3.915426924286823578e+03 1.734570721805072026e+04 2.393918787935162982e+03 3.040352332022954361e+05 6.997778059816206223e+04 2.631730179623625736e+04 2.394012589249563462e+03 9.000066551196851651e+04 5.024093973913733498e+04 2.631741925368796001e+04 2.394052837027029909e+03 2.631749317294337743e+04 2.092747489659695420e+05 2.631757226232709945e+04 5.840792470963967207e+04 2.631692070553568192e+04 2.631750602907697976e+04 2.394076535931540093e+03 1.316798869106721249e+05 4.465225174808340380e+05
1.734573372590253348e+04 2.431498505515139550e+05 1.973856474908866221e+04 1.840192559124385880e+05 1.973814919777618343e+04 1.734570721805072026e+04 6.579603497340701324e+03 1.973844969089264487e+04 3.040352833503760630e+05 5.921222572730206593e+04 1.973833586343479328e+04 1.973865839127133222e+04 7.923515816352899128e+04 3.947540429190758005e+04 1.973850919860406430e+04 1.973870323831824498e+04 1.973858767985210943e+04 2.092749156919807137e+05 1.973872177174019453e+04 4.764240640879305283e+04 1.973808541846069420e+04 1.973869462089453373e+04 1.973865429693784608e+04 1.209144066104001977e+05 4.465225394873275654e+05
2.631743595847543838e+04 2.431499680059367092e+05 1.539207152472431783e+00 1.900002313842314470e+05 1.379360742110691262e+00 2.393918787935162982e+03 1.973844969089264487e+04 7.256264585227136799e-01 3.040354350635533920e+05 7.237053976322356903e+04 2.631728702373614215e+04 1.712846830865015102e+00 9.239343488658693968e+04 5.263364556476756115e+04 2.631733487924305155e+04 1.740139702910159292e+00 2.631748137494837283e+04 2.092750237556073989e+05 2.631771147621248747e+04 6.080064173936555017e+04 2.631705143129641510e+04 2.631764606058450590e+04 1.779529252106964554e+00 1.340725895175492042e+05 4.465226832881240407e+05
3.040353714234516374e+05 1.365398881754699687e+05 3.040355766809094930e+05 2.442271319963762653e+05 3.040352653726242133e+05 3.040352332022954361e+05 3.040352833503760630e+05 3.040354350635534502e+05 4.017039932422481070e+04 2.579831064827859518e+05 3.040353999842258054e+05 3.040355430053590680e+05 2.645621091598953353e+05 2.645620739199242671e+05 3.040354537060611765e+05 3.040356648692582385e+05 3.040355956575334421e+05 2.181177235429006978e+05 3.040357044167047716e+05 2.645621395236596582e+05 3.040352376690017409e+05 3.040356217524835956e+05 3.040356428636942292e+05 2.572521644439214724e+05 2.561164487627913186e+05
6.997788575976251741e+04 2.102554697689946333e+05 7.237058169496976188e+04 1.379668630796220095e+05 7.237012514636128617e+04 6.997778059816206223e+04 5.921222572730207321e+04 7.237053976322356903e+04 2.579831064827859518e+05 6.579792018428316624e+03 7.237048560056138376e+04 7.237052499703428475e+04 3.318252849163253268e+04 1.973875371343254665e+04 7.237055685006172280e+04 7.237063921357748040e+04 7.237062333983687859e+04 1.691209934384977096e+05 7.237061295114769018e+04 1.157168424242858964e+04 7.237001019799818459e+04 7.237058141018103925e+04 7.237061847015345120e+04 7.486201165490409767e+04 4.004702688381929765e+05
2.393868295058108288e+03 2.431499251585179591e+05 2.631741547538661325e+04 1.900001976031666854e+05 2.631713875883842047e+04 2.631730179623625736e+04 1.973833586343479328e+04 2.631728702373614215e+04 3.040353999842258054e+05 7.237048560056138376e+04 6.916990096873841809e-01 2.631759302755044700e+04 9.239336818307083740e+04 5.263357890363616025e+04 1.444610226000027753e+00 2.631759960029532522e+04 1.606948146995572646e+00 2.092749727589211834e+05 1.777782826013975637e+00 6.080061072381794656e+04 1.248167785588031986e+00 1.751136767242539083e+00 2.631765412335239307e+04 1.340724843419823737e+05 4.465226400550933322e+05
2.631754836441505904e+04 2.431501125033009448e+05 1.741636557304174326e+00 1.900004026950022380e+05 1.481264385105538484e+00 2.394012589249563007e+03 1.973865839127133222e+04 1.712846830865015324e+00 3.040355430053590680e+05 7.237052499703428475e+04 2.631759302755044700e+04 7.533025763848167911e-01 9.239356231704851962e+04 5.263352067092093785e+04 2.631762044065595182e+04 1.718899714716860538e+00 2.631763979672750429e+04 2.092751899464168237e+05 2.631772473190164965e+04 6.080065674841225700e+04 2.631716062864022024e+04 2.631752434054274272e+04 1.720552636716078609e+00 1.340726723328350054e+05 4.465228568486438016e+05
9.000079889486008324e+04 1.832029561099478742e+05 9.239350875157308474e+04 1.047861135396176978e+05 9.239298860420259007e+04 9.000066551196851651e+04 7.923515816352899128e+04 9.239343488658693968e+04 2.645621091598952771e+05 3.318252849163252540e+04 9.239336818307083740e+04 9.239356231704851962e+04 1.643577854291512995e+04 5.291965708385722974e+04 9.239350392489210935e+04 9.239346020546479849e+04 9.239352456423785770e+04 1.363514279734402371e+05 9.239343801647241344e+04 4.475264369808243646e+04 9.239292694732805830e+04 9.239347105446274509e+04 9.239352698959977715e+04 4.168103658068441291e+04 4.070491040799849434e+05
5.024100119449872000e+04 2.168343358811301587e+05 5.263365630650592357e+04 1.577036966518473055e+05 5.263320494726322067e+04 5.024093973913733498e+04 3.947540429190758005e+04 5.263364556476756115e+04 2.645620739199242671e+05 1.973875371343254301e+04 5.263357890363616025e+04 5.263352067092093785e+04 5.291965708385722974e+04 8.672214129935695848e-01 5.263367484019689437e+04 5.263365418604580918e+04 5.263366403440662543e+04 1.829594246675266477e+05 5.263359381366135494e+04 8.168586918295658506e+03 5.263304236908202438e+04 5.263352390780582937e+04 5.263359118872112595e+04 9.459891723705433833e+04 4.070491661069140537e+05
2.393953496606715362e+03 2.431499986786939553e+05 2.631741794473413029e+04 1.900002840801281272e+05 2.631723642212904815e+04 2.631741925368796001e+04 1.973850919860406430e+04 2.631733487924305155e+04 3.040354537060611183e+05 7.237055685006172280e+04 1.444610226000028197e+00 2.631762044065595182e+04 9.239350392489210935e+04 5.263367484019689437e+04 7.598054613266458368e-01 2.631764447055082201e+04 1.611960340759542420e+00 2.092750737231761450e+05 1.801541472354167839e+00 6.080069446549488202e+04 1.295583865309700489e+00 1.732009278845375810e+00 2.631769756414324365e+04 1.340726155026417400e+05 4.465226928120421362e+05
2.631751706321301026e+04 2.431501804534574912e+05 1.674836285571897898e+00 1.900003758460245735e+05 1.466886855003649348e+00 2.394052837027029909e+03 1.973870323831824498e+04 1.740139702910159292e+00 3.040356648692582385e+05 7.237063921357748040e+04 2.631759960029532522e+04 1.718899714716860538e+00 9.239346020546479849e+04 5.263365418604580918e+04 2.631764447055082201e+04 7.218843083287546092e-01 2.631754855813737595e+04 2.092752488865436462e+05 2.631761020769970128e+04 6.080059705735297030e+04 2.631714813005714677e+04 2.631753865149805642e+04 1.709251072958233753e+00 1.340726515314474236e+05 4.465227926830999204e+05
2.394048693763094889e+03 2.431501724413071352e+05 2.631750758690878865e+04 1.900003236349318759e+05 2.631728732866752398e+04 2.631749317294337743e+04 1.973858767985210943e+04 2.631748137494837283e+04 3.040355956575334421e+05 7.237062333983687859e+04 1.606948146995572646e+00 2.631763979672750429e+04 9.239352456423785770e+04 5.263366403440662543e+04 1.611960340759542420e+00 2.631754855813737595e+04 7.360798116221689558e-01 2.092751524459605571e+05 1.735858157275023128e+00 6.080069883700070204e+04 1.296330351069707287e+00 1.741513511936902736e+00 2.631754134094492838e+04 1.340726168833254487e+05 4.465227550949028227e+05
2.092749451922123844e+05 1.127989579423354153e+05 2.092751190053286264e+05 5.677097576983688487e+04 2.092747196656178567e+05 2.092747489659695420e+05 2.092749156919807428e+05 2.092750237556074280e+05 2.181177235429006687e+05 1.691209934384977096e+05 2.092749727589212125e+05 2.092751899464168237e+05 1.363514279734402371e+05 1.829594246675266477e+05 2.092750737231761450e+05 2.092752488865436462e+05 2.092751524459605571e+05 4.079731852181012073e+04 2.092752443413350848e+05 1.784536038350752206e+05 2.092747002584151051e+05 2.092752272702523333e+05 2.092751768571307475e+05 1.042452640164370823e+05 3.547064946297185379e+05
2.394073367253938159e+03 2.431501773122344166e+05 2.631770052348670652e+04 1.900004059711843147e+05 2.631731190268612409e+04 2.631757226232709945e+04 1.973872177174019453e+04 2.631771147621248747e+04 3.040357044167047716e+05 7.237061295114769018e+04 1.777782826013975637e+00 2.631772473190164965e+04 9.239343801647242799e+04 5.263359381366135494e+04 1.801541472354168283e+00 2.631761020769970128e+04 1.735858157275022906e+00 2.092752443413350848e+05 7.254320957833049199e-01 6.080060172151208099e+04 1.313874881583440235e+00 1.848926317217873594e+00 2.631765349058832362e+04 1.340726165042874927e+05 4.465227812052089721e+05
5.840802114612310834e+04 2.168343851588208054e+05 6.080067789291152440e+04 1.495367756222911121e+05 6.080020124369567202e+04 5.840792470963965752e+04 4.764240640879305283e+04 6.080064173936555017e+04 2.645621395236596582e+05 1.157168424242858782e+04 6.080061072381794656e+04 6.080065674841225700e+04 4.475264369808243646e+04 8.168586918295655778e+03 6.080069446549488202e+04 6.080059705735297030e+04 6.080069883700069477e+04 1.784536038350751915e+05 6.080060172151208099e+04 6.196436993685008019e+03 6.080005686982830230e+04 6.080066966471337219e+04 6.080067132900071010e+04 8.643197613691617153e+04 4.070491196742331376e+05
2.393466899005666164e+03 2.431496888989474683e+05 2.631712598908192376e+04 1.899998854795057850e+05 2.631665361657276662e+04 2.631692070553568192e+04 1.973808541846069420e+04 2.631705143129641510e+04 3.040352376690017409e+05 7.237001019799818459e+04 1.248167785588032430e+00 2.631716062864022024e+04 9.239292694732807286e+04 5.263304236908202438e+04 1.295583865309700489e+00 2.631714813005714677e+04 1.296330351069707287e+00 2.092747002584151051e+05 1.313874881583440235e+00 6.080005686982830230e+04 4.576396262270681081e-01 1.283559909986431657e+00 2.631715533435568068e+04 1.340721323292409652e+05 4.465224334153995151e+05
2.394043657749924932e+03 2.431501766924595286e+05 2.631760798476016862e+04 1.900003891019103758e+05 2.631726488961055293e+04 2.631750602907697976e+04 1.973869462089453373e+04 2.631764606058450590e+04 3.040356217524835956e+05 7.237058141018103925e+04 1.751136767242538417e+00 2.631752434054274272e+04 9.239347105446274509e+04 5.263352390780582937e+04 1.732009278845375144e+00 2.631753865149805642e+04 1.741513511936902736e+00 2.092752272702523333e+05 1.848926317217873150e+00 6.080066966471337219e+04 1.283559909986431657e+00 7.788622997442344875e-01 2.631758764939598768e+04 1.340726767836340587e+05 4.465228046896936721e+05
2.631754663212719242e+04 2.431501604209278303e+05 1.799686839263821891e+00 1.900004073968176381e+05 1.460355817543939505e+00 2.394076535931540093e+03 1.973865429693784608e+04 1.779529252106964554e+00 3.040356428636942292e+05 7.237061847015345120e+04 2.631765412335239307e+04 1.720552636716078609e+00 9.239352698959977715e+04 5.263359118872112595e+04 2.631769756414324365e+04 1.709251072958233086e+00 2.631754134094492838e+04 2.092751768571307475e+05 2.631765349058832362e+04 6.080067132900071010e+04 2.631715533435568068e+04 2.631758764939598768e+04 6.861389835492813782e-01 1.340726983729710337e+05 4.465227596570168389e+05
1.316799956144084863e+05 1.651730019038762839e+05 1.340726765369794739e+05 7.144628519055506331e+04 1.340721479809179145e+05 1.316798869106721249e+05 1.209144066104001977e+05 1.340725895175492042e+05 2.572521644439214724e+05 7.486201165490409767e+04 1.340724843419823737e+05 1.340726723328350054e+05 4.168103658068439836e+04 9.459891723705433833e+04 1.340726155026417400e+05 1.340726515314474236e+05 1.340726168833254487e+05 1.042452640164370823e+05 1.340726165042875218e+05 8.643197613691617153e+04 1.340721323292409652e+05 1.340726767836340587e+05 1.340726983729710337e+05 1.260638869196565793e+04 3.997392298286661389e+05
4.465225479205146548e+05 3.025470858777509420e+05 4.465227411495546112e+05 3.735562883479033480e+05 4.465224559325133450e+05 4.465225174808340962e+05 4.465225394873275654e+05 4.465226832881240407e+05 2.561164487627913186e+05 4.004702688381929765e+05 4.465226400550933322e+05 4.465228568486438598e+05 4.070491040799850598e+05 4.070491661069141119e+05 4.465226928120422526e+05 4.465227926830999786e+05 4.465227550949029392e+05 3.547064946297185379e+05 4.465227812052089721e+05 4.070491196742331376e+05 4.465224334153995151e+05 4.465228046896936721e+05 4.465227596570168389e+05 3.997392298286661389e+05 1.240417838154342608e+05
