6.577659104680965152e-01 1.509418513523395511e+00 1.873229133951973054e+05 1.081093940025297488e+05 1.081095476479846402e+05 1.138167287049172955e+04 1.081094418074298446e+05 1.081095460078875622e+05 3.207053160417386680e+05 1.081092844195849029e+05 1.081094416236422257e+05 1.544819705752830785e+00 1.081092255485800270e+05 1.030324759598410164e+05 1.747330241533050943e+00 1.482683552382412673e+00 1.081094232889294217e+05 8.022485160721266584e+04 2.702719889196341974e+05 1.081093814876817487e+05 1.081095421669275675e+05 1.081094944929017511e+05 1.311565434433304755e+00 1.351370075087721634e+05 1.560445805447560269e+05
1.509418513523395511e+00 7.287246979013121129e-01 1.873228576005689392e+05 1.081096888552685414e+05 1.081096205259742565e+05 1.138163552431888456e+04 1.081096940060834313e+05 1.081097322410639463e+05 3.207054215896798996e+05 1.081093943363784201e+05 1.081096518384938972e+05 1.551955825416421630e+00 1.081093366532191867e+05 1.030325562427898549e+05 1.720111276105678488e+00 1.540430210494651009e+00 1.081096985383523570e+05 8.022486623286195390e+04 2.702719144981373684e+05 1.081095435251731687e+05 1.081097274726633041e+05 1.081097030711632397e+05 1.497542826284683937e+00 1.351369734866675863e+05 1.560448193207384320e+05
1.873229133951973345e+05 1.873228576005689683e+05 8.973019645733597281e+04 2.143497265197582601e+05 2.143493463522123348e+05 1.873226728503024788e+05 2.143495822420564655e+05 2.143496258204300248e+05 2.273296864254222310e+05 2.143494556714822829e+05 2.066276996941396792e+05 1.873229389423945686e+05 2.143493031317614950e+05 1.678523482990292250e+05 1.873228615279021906e+05 1.873226328789069958e+05 2.143495815702585969e+05 1.911838221514424367e+05 1.677802980737132602e+05 2.143494425064541574e+05 2.143495848342535028e+05 2.143497195555785729e+05 1.873228744467472134e+05 1.173052659353032650e+05 1.101586564671217202e+05
1.081093940025297488e+05 1.081096888552685414e+05 2.143497265197582601e+05 6.635622475514770802e-01 1.420816017448634394e+00 1.081099119156489905e+05 1.274725987975624308e+00 1.624918065480293494e+00 3.477322000149852247e+05 1.248419559297123671e+00 2.052601878132983620e+04 1.081096589497467503e+05 1.226381293868016975e+00 1.150444706620578509e+05 1.081098459452009702e+05 1.081097740300771839e+05 1.211083347271631139e+00 7.807982532892064773e+04 2.972987864950455842e+05 1.318708122284315110e+00 1.422022643181052981e+00 1.643719795049919385e+00 1.081095110631873686e+05 1.621639070620351704e+05 1.830713784417633433e+05
1.081095476479846402e+05 1.081096205259742565e+05 2.143493463522123348e+05 1.420816017448634172e+00 6.106047542093507863e-01 1.081096361254565563e+05 1.363703354621641273e+00 1.388006642834969551e+00 3.477320686141310143e+05 1.234325991238437670e+00 2.052575982381878202e+04 1.081097560352536384e+05 9.187974190032711652e-01 1.150444034171599778e+05 1.081096331949376618e+05 1.081095256971354538e+05 1.415929178767092900e+00 7.807979138187356875e+04 2.972984888975954964e+05 1.197706823812066279e+00 1.355010418135546901e+00 1.437779308678975632e+00 1.081095754142469959e+05 1.621635969534221222e+05 1.830713797167468874e+05
1.138167287049173319e+04 1.138163552431888638e+04 1.873226728503024788e+05 1.081099119156489905e+05 1.081096361254565563e+05 1.317733782893041280e+04 1.081099077412030310e+05 1.081098477413055662e+05 3.207054101240566815e+05 1.081096327159685025e+05 1.027194290680026897e+05 1.138175236077915906e+04 1.081094225013618270e+05 9.464733758094937366e+04 1.138137067648813536e+04 1.138162584022437477e+04 1.081098431984846247e+05 6.884511024683971482e+04 2.702718424388607382e+05 1.081097186733908457e+05 1.081097855128035008e+05 1.081098969101378461e+05 1.138160691739853974e+04 1.351368172532485914e+05 1.560446728996569873e+05
1.081094418074298446e+05 1.081096940060834313e+05 2.143495822420564655e+05 1.274725987975624308e+00 1.363703354621641273e+00 1.081099077412030310e+05 5.947283859549939988e-01 1.511972832600670058e+00 3.477320810008226545e+05 1.128435891854124629e+00 2.052590656933592254e+04 1.081096935345377133e+05 1.190829015575452843e+00 1.150443982718621846e+05 1.081099223334712879e+05 1.081097200958238245e+05 1.304169773700680324e+00 7.807970368377986597e+04 2.972986759724330041e+05 1.136933013197632958e+00 1.372290923265528706e+00 1.678308724136779784e+00 1.081095233950419788e+05 1.621638583779350156e+05 1.830713509510119038e+05
1.081095460078875622e+05 1.081097322410639463e+05 2.143496258204300248e+05 1.624918065480293938e+00 1.388006642834969551e+00 1.081098477413055662e+05 1.511972832600670280e+00 6.178521870334487964e-01 3.477323061702265986e+05 1.393096606326362785e+00 2.052562699282532776e+04 1.081097176140842057e+05 1.015924944511404915e+00 1.150446582235371898e+05 1.081097378351429943e+05 1.081096030088097177e+05 1.552242077970821477e+00 7.807995119677705225e+04 2.972986121760265087e+05 1.531238603920369368e+00 1.439765703162714461e+00 1.220190826448610100e+00 1.081096873386883672e+05 1.621638607405998919e+05 1.830716436278271140e+05
3.207053160417386680e+05 3.207054215896798996e+05 2.273296864254222310e+05 3.477322000149852247e+05 3.477320686141310143e+05 3.207054101240566815e+05 3.477320810008226545e+05 3.477323061702265986e+05 1.273407808243650215e+05 3.477319701112778275e+05 3.400104483669162728e+05 3.207053934805704048e+05 3.477320751945080119e+05 3.071916772884550737e+05 3.207054036704869941e+05 3.207055276352846995e+05 3.477319814842523192e+05 3.245663259833320626e+05 2.042757912396620668e+05 3.477320114408038789e+05 3.477321797251815442e+05 3.477323505545100779e+05 3.207052389495693496e+05 2.666513470075772493e+05 2.666513441964953672e+05
1.081092844195849029e+05 1.081093943363784201e+05 2.143494556714822829e+05 1.248419559297123671e+00 1.234325991238437670e+00 1.081096327159685025e+05 1.128435891854124629e+00 1.393096606326362785e+00 3.477319701112777693e+05 5.005480077477266754e-01 2.052570641562396850e+04 1.081093565969281335e+05 8.453433343166297798e-01 1.150440937198488100e+05 1.081096295459489193e+05 1.081094926193606952e+05 1.125405132323740620e+00 7.807946975060063414e+04 2.972985606183580821e+05 8.700501739645301047e-01 1.349000881297675036e+00 1.423563601151590197e+00 1.081093102143333381e+05 1.621636553068915673e+05 1.830711445033286000e+05
1.081094416236422257e+05 1.081096518384938972e+05 2.066276996941396792e+05 2.052601878132983620e+04 2.052575982381878202e+04 1.027194290680026752e+05 2.052590656933592254e+04 2.052562699282532776e+04 3.400104483669162728e+05 2.052570641562396850e+04 2.450816159934767711e+04 1.081097685928075371e+05 2.052534615821646366e+04 9.788933771358997910e+04 1.081097987487141072e+05 1.081094979448033992e+05 2.052598961573188353e+04 5.865871609778972197e+04 2.895767608475642046e+05 2.052587445144475350e+04 2.052579770202893997e+04 2.052556192123468645e+04 1.081096301546508766e+05 1.544418397197983286e+05 1.753496644676008436e+05
1.544819705752830785e+00 1.551955825416420964e+00 1.873229389423945686e+05 1.081096589497467503e+05 1.081097560352536384e+05 1.138175236077916088e+04 1.081096935345377133e+05 1.081097176140842057e+05 3.207053934805704048e+05 1.081093565969281335e+05 1.081097685928075371e+05 6.130274776414729176e-01 1.081094037188206858e+05 1.030323878314317262e+05 1.744351152922213766e+00 1.645880666948278837e+00 1.081096435961660463e+05 8.022482519816524291e+04 2.702719644043787848e+05 1.081095335448653641e+05 1.081098681821097125e+05 1.081097492733373074e+05 1.536895632068168593e+00 1.351370365799514984e+05 1.560446166660572635e+05
1.081092255485800270e+05 1.081093366532191867e+05 2.143493031317614950e+05 1.226381293868016975e+00 9.187974190032710542e-01 1.081094225013618270e+05 1.190829015575452843e+00 1.015924944511404915e+00 3.477320751945080119e+05 8.453433343166297798e-01 2.052534615821646366e+04 1.081094037188206858e+05 3.661137709961932996e-01 1.150441393266547821e+05 1.081093194094884821e+05 1.081092400831244013e+05 1.148223188093487224e+00 7.807954896803782322e+04 2.972984081922136247e+05 1.009517913866605721e+00 1.088383733954178423e+00 1.057073122844299107e+00 1.081092766837596428e+05 1.621634001940857561e+05 1.830712012560606818e+05
1.030324759598410019e+05 1.030325562427898549e+05 1.678523482990292250e+05 1.150444706620578509e+05 1.150444034171599778e+05 9.464733758094937366e+04 1.150443982718621846e+05 1.150446582235371898e+05 3.071916772884550737e+05 1.150440937198488100e+05 9.788933771358997910e+04 1.030323878314317262e+05 1.150441393266547821e+05 4.729726031901601527e+04 1.030326487981911778e+05 1.030327759882230457e+05 1.150443384712087573e+05 6.128614230197697907e+04 2.567585613007833599e+05 1.150441865745833493e+05 1.150445608240503789e+05 1.150446738872742426e+05 1.030324344230798015e+05 9.815060241494546062e+04 1.204036566917790333e+05
1.747330241533050943e+00 1.720111276105678488e+00 1.873228615279021906e+05 1.081098459452009702e+05 1.081096331949376763e+05 1.138137067648813354e+04 1.081099223334712879e+05 1.081097378351429943e+05 3.207054036704869941e+05 1.081096295459489193e+05 1.081097987487141072e+05 1.744351152922214210e+00 1.081093194094884821e+05 1.030326487981911778e+05 6.076680410688656275e-01 1.625346860944425487e+00 1.081098383152973547e+05 8.022504082303824543e+04 2.702718464744856465e+05 1.081097356990336411e+05 1.081097509989035316e+05 1.081097798665205191e+05 1.791365360919868532e+00 1.351368654522218276e+05 1.560446912661828683e+05
1.482683552382412673e+00 1.540430210494651009e+00 1.873226328789069958e+05 1.081097740300771839e+05 1.081095256971354829e+05 1.138162584022437477e+04 1.081097200958238245e+05 1.081096030088097177e+05 3.207055276352845831e+05 1.081094926193606952e+05 1.081094979448033992e+05 1.645880666948279059e+00 1.081092400831244013e+05 1.030327759882230457e+05 1.625346860944425487e+00 6.530263076090057073e-01 1.081097913886720344e+05 8.022502537402273447e+04 2.702717140028143767e+05 1.081095868558056245e+05 1.081096328573637438e+05 1.081095073696091858e+05 1.526777701088969597e+00 1.351369311647340946e+05 1.560447608777699061e+05
1.081094232889294217e+05 1.081096985383523570e+05 2.143495815702585969e+05 1.211083347271631139e+00 1.415929178767093566e+00 1.081098431984846247e+05 1.304169773700680324e+00 1.552242077970821699e+00 3.477319814842523192e+05 1.125405132323740842e+00 2.052598961573188717e+04 1.081096435961660463e+05 1.148223188093487224e+00 1.150443384712087573e+05 1.081098383152973547e+05 1.081097913886720344e+05 6.167707304660837719e-01 7.807979505806264933e+04 2.972986431575011229e+05 1.217269303319380214e+00 1.429288179780124235e+00 1.660059865874937701e+00 1.081094991707927402e+05 1.621638537717650761e+05 1.830713465514107666e+05
8.022485160721266584e+04 8.022486623286195390e+04 1.911838221514424658e+05 7.807982532892064773e+04 7.807979138187358330e+04 6.884511024683974392e+04 7.807970368377986597e+04 7.807995119677703769e+04 3.245663259833320626e+05 7.807946975060066325e+04 5.865871609778972197e+04 8.022482519816524291e+04 7.807954896803782322e+04 6.128614230197698635e+04 8.022504082303824543e+04 8.022502537402274902e+04 7.807979505806266388e+04 1.195829924431854488e+04 2.741330102226408198e+05 7.807960128044747398e+04 7.807994683362694923e+04 7.807997702575627773e+04 8.022494914172164863e+04 1.389979649771018303e+05 1.599055826319790503e+05
2.702719889196341974e+05 2.702719144981373684e+05 1.677802980737132311e+05 2.972987864950456424e+05 2.972984888975954964e+05 2.702718424388607382e+05 2.972986759724330041e+05 2.972986121760265087e+05 2.042757912396620668e+05 2.972985606183580821e+05 2.895767608475642046e+05 2.702719644043787848e+05 2.972984081922136247e+05 2.567585613007833308e+05 2.702718464744856465e+05 2.702717140028143767e+05 2.972986431575011229e+05 2.741330102226408198e+05 8.503357283442292828e+04 2.972986312693629880e+05 2.972986336402745801e+05 2.972986731537724845e+05 2.702719734414088889e+05 2.162177161151253677e+05 2.162176956825587258e+05
1.081093814876817487e+05 1.081095435251731687e+05 2.143494425064541574e+05 1.318708122284315110e+00 1.197706823812066279e+00 1.081097186733908457e+05 1.136933013197632958e+00 1.531238603920369146e+00 3.477320114408038789e+05 8.700501739645301047e-01 2.052587445144475350e+04 1.081095335448653641e+05 1.009517913866605721e+00 1.150441865745833493e+05 1.081097356990336411e+05 1.081095868558056245e+05 1.217269303319380214e+00 7.807960128044747398e+04 2.972986312693629880e+05 5.952343557982604505e-01 1.392203015549515976e+00 1.599530308744165241e+00 1.081093935306665808e+05 1.621636618829601794e+05 1.830711908737996710e+05
1.081095421669275675e+05 1.081097274726633041e+05 2.143495848342535028e+05 1.422022643181052981e+00 1.355010418135546901e+00 1.081097855128035008e+05 1.372290923265529150e+00 1.439765703162714461e+00 3.477321797251815442e+05 1.349000881297675036e+00 2.052579770202893997e+04 1.081098681821097125e+05 1.088383733954178645e+00 1.150445608240503789e+05 1.081097509989035316e+05 1.081096328573637438e+05 1.429288179780124901e+00 7.807994683362693468e+04 2.972986336402745801e+05 1.392203015549515976e+00 6.863737149950505101e-01 1.548054880046644044e+00 1.081096675205171923e+05 1.621637123784044525e+05 1.830716008500107855e+05
1.081094944929017511e+05 1.081097030711632397e+05 2.143497195555785729e+05 1.643719795049919385e+00 1.437779308678975410e+00 1.081098969101378461e+05 1.678308724136779784e+00 1.220190826448610100e+00 3.477323505545100779e+05 1.423563601151590197e+00 2.052556192123468645e+04 1.081097492733373074e+05 1.057073122844299107e+00 1.150446738872741989e+05 1.081097798665205191e+05 1.081095073696091858e+05 1.660059865874937257e+00 7.807997702575627773e+04 2.972986731537724845e+05 1.599530308744164797e+00 1.548054880046643378e+00 6.616076348375823368e-01 1.081097016736543301e+05 1.621638436078070081e+05 1.830716783688075375e+05
1.311565434433304755e+00 1.497542826284683937e+00 1.873228744467471843e+05 1.081095110631873686e+05 1.081095754142469959e+05 1.138160691739853974e+04 1.081095233950419788e+05 1.081096873386883672e+05 3.207052389495693496e+05 1.081093102143333381e+05 1.081096301546508766e+05 1.536895632068168815e+00 1.081092766837596428e+05 1.030324344230798015e+05 1.791365360919868532e+00 1.526777701088970485e+00 1.081094991707927402e+05 8.022494914172163408e+04 2.702719734414088889e+05 1.081093935306665808e+05 1.081096675205171923e+05 1.081097016736543301e+05 7.455839318679318151e-01 1.351369897152795456e+05 1.560446005450269149e+05
1.351370075087721634e+05 1.351369734866675863e+05 1.173052659353032504e+05 1.621639070620351704e+05 1.621635969534221222e+05 1.351368172532486205e+05 1.621638583779350156e+05 1.621638607405998919e+05 2.666513470075772493e+05 1.621636553068915673e+05 1.544418397197983286e+05 1.351370365799514984e+05 1.621634001940857561e+05 9.815060241494546062e+04 1.351368654522218276e+05 1.351369311647340946e+05 1.621638537717650761e+05 1.389979649771018303e+05 2.162177161151253677e+05 1.621636618829602085e+05 1.621637123784044525e+05 1.621638436078070081e+05 1.351369897152795456e+05 1.507945389654579776e+04 4.730937184024933958e+04
1.560445805447560269e+05 1.560448193207384320e+05 1.101586564671217202e+05 1.830713784417633724e+05 1.830713797167468874e+05 1.560446728996569873e+05 1.830713509510119038e+05 1.830716436278271140e+05 2.666513441964954254e+05 1.830711445033286000e+05 1.753496644676008436e+05 1.560446166660572926e+05 1.830712012560606818e+05 1.204036566917790624e+05 1.560446912661828683e+05 1.560447608777699061e+05 1.830713465514107666e+05 1.599055826319790503e+05 2.162176956825587549e+05 1.830711908737996710e+05 1.830716008500107855e+05 1.830716783688075375e+05 1.560446005450269149e+05 4.730937184024933958e+04 2.830674669828011247e+04
