9.456781732540845042e+03 3.546249575838827877e+04 1.722521595606278424e+04 4.154228769250950427e+05 2.749177052580312593e+05 3.412810022471828270e+05 3.546241074871866294e+04 3.546260088381868263e+04 4.964697295899859455e+04 2.340440748886233778e+05 3.546221323449253396e+04 2.451450564651161840e+05 3.546251336963173526e+04 6.056916104215071537e+05 2.054965461331683618e+05 3.546254146608137671e+04 3.546237505338911433e+04 3.444942090457210725e+04 1.489377526996570523e+05 4.781091202108291327e+05 5.318167458115244517e+05 1.129697427408789081e+05 3.546248461665912328e+04 1.914909797444603755e+05 6.028524325317671173e+04
3.546249575838827877e+04 4.315928886401243503e-01 5.268636211670273042e+04 4.154228788488428690e+05 2.749172753761938075e+05 3.412806454244716442e+05 2.127789525979839163e+04 1.086811732832945410e+00 8.510771499346542987e+04 2.340438890173523105e+05 2.127751687372572633e+04 2.451446298792315938e+05 2.127757889910055383e+04 6.056914835835975828e+05 2.054963165790633648e+05 2.127768119487594959e+04 2.127803758866727367e+04 6.991026001518547127e+04 1.276608087010313320e+05 4.781090645201209700e+05 5.318166877106081229e+05 1.043012556644706783e+05 1.068912590890202408e+00 1.914905455217835843e+05 9.574600149436318316e+04
1.722521595606278424e+04 5.268636211670273042e+04 1.061481254647225614e+04 4.154229613126212498e+05 2.749175514108682401e+05 3.412808415762010845e+05 5.268644507863424951e+04 5.268642776014756964e+04 3.338802744662197802e+04 2.340441454091023770e+05 5.268623706316613243e+04 2.451450934853533399e+05 5.268632430847318028e+04 6.056916535914115375e+05 2.054966298980766733e+05 5.268640909392494359e+04 5.268642674641928897e+04 1.722518203574622385e+04 1.489378378457965737e+05 4.781092468993033399e+05 5.318168587808319135e+05 1.066657152148276364e+05 5.268654913716067676e+04 1.914909916675846034e+05 5.319326097731096525e+04
4.154228769250950427e+05 4.154228788488428690e+05 4.154229613126212498e+05 5.640873085243974492e+04 2.742981543482583365e+05 1.640267898572055856e+05 4.154228335630589863e+05 4.154229651053814450e+05 4.154231561053630430e+05 3.276706325764553621e+05 4.154227817588466569e+05 2.973258020725836395e+05 4.154228528944699210e+05 4.011825036073490046e+05 3.192628604970087763e+05 4.154230106999629643e+05 4.154228993100782973e+05 4.154231596996372100e+05 3.941464962774269516e+05 2.090376821357533045e+05 3.197835427409694530e+05 3.941465209723074222e+05 4.154228197910482995e+05 3.303167581869732239e+05 4.047847504190762411e+05
2.749177052580312593e+05 2.749172753761938075e+05 2.749175514108682401e+05 2.742981543482583365e+05 2.174198177536229196e+04 1.426567496631328540e+05 2.749176446235851035e+05 2.749175264898883179e+05 2.749176308159041218e+05 1.202515147436071420e+05 2.749174027594173094e+05 7.635962492589009344e+04 2.749173850995707326e+05 4.874884718051129603e+05 1.888768991771925939e+05 2.749174429836395429e+05 2.749176109099104651e+05 2.749174849611604004e+05 2.441847129814724321e+05 3.636065720665559638e+05 4.136138286271876423e+05 2.525905705274591164e+05 2.749175607637481880e+05 2.016316365548709000e+05 2.642795127947371802e+05
3.412810022471827688e+05 3.412806454244716442e+05 3.412808415762010845e+05 1.640267898572055856e+05 1.426567496631328831e+05 5.654412513944477541e+04 3.412809853555912268e+05 3.412808239478114992e+05 3.412809569460459170e+05 2.291735917903805384e+05 3.412807960099229240e+05 1.928494735729437089e+05 3.412807817053178442e+05 4.512213828114812495e+05 2.428553838639505266e+05 3.412807691608018358e+05 3.412809111295010080e+05 3.412808955839741975e+05 3.200043531276464346e+05 2.727896528223493369e+05 3.779244447319484316e+05 3.200045890989253530e+05 3.412809148915242404e+05 2.561747477935954812e+05 3.306428908087479067e+05
3.546241074871866294e+04 2.127789525979839163e+04 5.268644507863424951e+04 4.154228335630589863e+05 2.749176446235851035e+05 3.412809853555912268e+05 5.374167162885421511e-01 2.127794646301397006e+04 8.510796065800361976e+04 2.340440359485949739e+05 1.007702035734513446e+00 2.451450424016185279e+05 1.257144065225116236e+00 6.056914958730892977e+05 2.054966412781648105e+05 1.290804694352547743e+00 1.240085485619309091e+00 6.991034135439839156e+04 1.489377193066654436e+05 4.781090530262511456e+05 5.318166305534805870e+05 1.255780953152982402e+05 2.127796026955618800e+04 1.914910212967871630e+05 9.574627147111957311e+04
3.546260088381868263e+04 1.086811732832945410e+00 5.268642776014756964e+04 4.154229651053814450e+05 2.749175264898883179e+05 3.412808239478116157e+05 2.127794646301397006e+04 5.188660930611390665e-01 8.510791590394328523e+04 2.340440408253713103e+05 2.127781155419111383e+04 2.451449893152689037e+05 2.127792622952608508e+04 6.056915755772271659e+05 2.054965928448964842e+05 2.127800924282519190e+04 2.127801903330416462e+04 6.991032814595858508e+04 1.276610555078951147e+05 4.781092353328514728e+05 5.318168356436092872e+05 1.043016010604321928e+05 1.293951439464108955e+00 1.914909250253536738e+05 9.574631566332073999e+04
4.964697295899859455e+04 8.510771499346542987e+04 3.338802744662197802e+04 4.154231561053630430e+05 2.749176308159041218e+05 3.412809569460459170e+05 8.510796065800361976e+04 8.510791590394328523e+04 3.667264672554862045e+03 2.152763327906314807e+05 8.510768977923472994e+04 2.451449616731084243e+05 8.510776456315044197e+04 6.056916429531137692e+05 1.842200733844016504e+05 8.510781879587941512e+04 8.510799004868471820e+04 1.722518656009545884e+04 1.276610325521088671e+05 4.781093144555741455e+05 5.318169252691110596e+05 8.495496147328907682e+04 8.510797445184603566e+04 1.697802739758387324e+05 2.989013737090232462e+04
2.340440748886233778e+05 2.340438890173523978e+05 2.340441454091023770e+05 3.276706325764553621e+05 1.202515147436071420e+05 2.291735917903805384e+05 2.340440359485949739e+05 2.340440408253712230e+05 2.152763327906314807e+05 2.434803855870217012e+04 2.340437407591315859e+05 5.066177493290716666e+04 2.340439340259314340e+05 5.175457716648275964e+05 1.105538029369961587e+05 2.340440951503944234e+05 2.340440649566389329e+05 2.288334464379862184e+05 1.657399404003097443e+05 4.112401898596362444e+05 4.436712337340473896e+05 1.870956299324883148e+05 2.340440142732538225e+05 1.219927610095060518e+05 1.995963914409299323e+05
3.546221323449253396e+04 2.127751687372572633e+04 5.268623706316613243e+04 4.154227817588466569e+05 2.749174027594173094e+05 3.412807960099229240e+05 1.007702035734513446e+00 2.127781155419111383e+04 8.510768977923472994e+04 2.340437407591315859e+05 3.547758940590048371e-01 2.451446938445669948e+05 8.134324394722453055e-01 6.056914024586994201e+05 2.054963635492927278e+05 9.711455627933932577e-01 1.044046206608050031e+00 6.991015052794462827e+04 1.489374939254560450e+05 4.781089527599544381e+05 5.318165909759441856e+05 1.255777916564085463e+05 2.127766058559851081e+04 1.914906748735846195e+05 9.574593746304874367e+04
2.451450564651161840e+05 2.451446298792316811e+05 2.451450934853534272e+05 2.973258020725836395e+05 7.635962492589007888e+04 1.928494735729437089e+05 2.451450424016185862e+05 2.451449893152689037e+05 2.451449616731084243e+05 5.066177493290716666e+04 2.451446938445669948e+05 2.071463176453951382e+04 2.451447420812805067e+05 4.993086614041905850e+05 1.474056567250282387e+05 2.451448061301870039e+05 2.451451021074070304e+05 2.451449798144022934e+05 2.025919698311142274e+05 3.838326553516617278e+05 4.254339449447494117e+05 2.215044049220153538e+05 2.451448354062985745e+05 1.600385800116226310e+05 2.345068051230289566e+05
3.546251336963173526e+04 2.127757889910055383e+04 5.268632430847318028e+04 4.154228528944699210e+05 2.749173850995707326e+05 3.412807817053178442e+05 1.257144065225116236e+00 2.127792622952608508e+04 8.510776456315044197e+04 2.340439340259314922e+05 8.134324394722453055e-01 2.451447420812805067e+05 4.756831911421727233e-01 6.056914956399202347e+05 2.054963854586776288e+05 1.015385774562355792e+00 1.377247859515884132e+00 6.991019385353532562e+04 1.489376075746643473e+05 4.781090739091309370e+05 5.318167160433918471e+05 1.255780147652096057e+05 2.127793995346625161e+04 1.914906808015870629e+05 9.574613213142179302e+04
6.056916104215072701e+05 6.056914835835975828e+05 6.056916535914115375e+05 4.011825036073490046e+05 4.874884718051129021e+05 4.512213828114813077e+05 6.056914958730892977e+05 6.056915755772272823e+05 6.056916429531136528e+05 5.175457716648275964e+05 6.056914024586994201e+05 4.993086614041905850e+05 6.056914956399203511e+05 1.082987809223288350e+05 5.415964045514324680e+05 6.056915045631349785e+05 6.056915273651001044e+05 6.056916394070144743e+05 5.844151048030782258e+05 3.657988331579723163e+05 2.705627960957395844e+05 5.844150027737803757e+05 6.056914666613204172e+05 5.418619109035019064e+05 5.950533415346738184e+05
2.054965461331683910e+05 2.054963165790633648e+05 2.054966298980766733e+05 3.192628604970087763e+05 1.888768991771925648e+05 2.428553838639504684e+05 2.054966412781648105e+05 2.054965928448964842e+05 1.842200733844016504e+05 1.105538029369961732e+05 2.054963635492927278e+05 1.474056567250282387e+05 2.054963854586776288e+05 5.415964045514324680e+05 1.287745862114527154e+04 2.054964753404822550e+05 2.054966793297291151e+05 1.994176426976771327e+05 9.911357103729782102e+04 3.930030295199503889e+05 4.677215708211901365e+05 1.413858603705306014e+05 2.054966601958530373e+05 1.856621892903453409e+04 1.735818012829604850e+05
3.546254146608137671e+04 2.127768119487594959e+04 5.268640909392493631e+04 4.154230106999629643e+05 2.749174429836395429e+05 3.412807691608018358e+05 1.290804694352547743e+00 2.127800924282519190e+04 8.510781879587941512e+04 2.340440951503944234e+05 9.711455627933932577e-01 2.451448061301869457e+05 1.015385774562355570e+00 6.056915045631349785e+05 2.054964753404822550e+05 5.004558929276921031e-01 1.325447983440841249e+00 6.991033440201064514e+04 1.489377087247546006e+05 4.781091300141034299e+05 5.318167245224399958e+05 1.255781394195113680e+05 2.127805268726706709e+04 1.914908677999378415e+05 9.574626016159044229e+04
3.546237505338911433e+04 2.127803758866727367e+04 5.268642674641928897e+04 4.154228993100782973e+05 2.749176109099104651e+05 3.412809111295010080e+05 1.240085485619308647e+00 2.127801903330416462e+04 8.510799004868471820e+04 2.340440649566388456e+05 1.044046206608049809e+00 2.451451021074070304e+05 1.377247859515884132e+00 6.056915273651001044e+05 2.054966793297291151e+05 1.325447983440841249e+00 6.235842618742273302e-01 6.991040633813662862e+04 1.489377351689051138e+05 4.781091697434620000e+05 5.318168083111342276e+05 1.255782353693886107e+05 2.127811878443776004e+04 1.914911113388335798e+05 9.574637486202240689e+04
3.444942090457210725e+04 6.991026001518547127e+04 1.722518203574622385e+04 4.154231596996372100e+05 2.749174849611604004e+05 3.412808955839741975e+05 6.991034135439839156e+04 6.991032814595858508e+04 1.722518656009545884e+04 2.288334464379863057e+05 6.991015052794462827e+04 2.451449798144022934e+05 6.991019385353532562e+04 6.056916394070144743e+05 1.994176426976770745e+05 6.991033440201064514e+04 6.991040633813662862e+04 8.684827519684849904e+03 1.428586883271074912e+05 4.781093637218458462e+05 5.318169895924945595e+05 1.005867810047573294e+05 6.991051044713573356e+04 1.854119856824603921e+05 4.711427051271767414e+04
1.489377526996570523e+05 1.276608087010313320e+05 1.489378378457965737e+05 3.941464962774269516e+05 2.441847129814724321e+05 3.200043531276464928e+05 1.489377193066654436e+05 1.276610555078951002e+05 1.276610325521088671e+05 1.657399404003097443e+05 1.489374939254560450e+05 2.025919698311141983e+05 1.489376075746643473e+05 5.844151048030782258e+05 9.911357103729782102e+04 1.489377087247546006e+05 1.489377351689051138e+05 1.428586883271074912e+05 6.062445416827922928e-01 4.568328204810807365e+05 5.105404481677443837e+05 4.683294341744080884e+04 1.276611149244314583e+05 8.510800665486813523e+04 1.170228068768512167e+05
4.781091202108290745e+05 4.781090645201209118e+05 4.781092468993031653e+05 2.090376821357532172e+05 3.636065720665559638e+05 2.727896528223493369e+05 4.781090530262511456e+05 4.781092353328514146e+05 4.781093144555740873e+05 4.112401898596361862e+05 4.781089527599543217e+05 3.838326553516617278e+05 4.781090739091309370e+05 3.657988331579723163e+05 3.930030295199502725e+05 4.781091300141033716e+05 4.781091697434619418e+05 4.781093637218457879e+05 4.568328204810806783e+05 7.410183618157901219e+04 2.280147377642007195e+05 4.568325367668664549e+05 4.781089569323295145e+05 3.930028928437675349e+05 4.674708579843727639e+05
5.318167458115244517e+05 5.318166877106081229e+05 5.318168587808317970e+05 3.197835427409694530e+05 4.136138286271876423e+05 3.779244447319484898e+05 5.318166305534807034e+05 5.318168356436092872e+05 5.318169252691110596e+05 4.436712337340473314e+05 5.318165909759440692e+05 4.254339449447494117e+05 5.318167160433919635e+05 2.705627960957395844e+05 4.677215708211901365e+05 5.318167245224399958e+05 5.318168083111342276e+05 5.318169895924945595e+05 5.105404481677443837e+05 2.280147377642007195e+05 1.164431820287796145e+05 5.105401032635233132e+05 5.318166440467789071e+05 4.679870982435086626e+05 5.211784639532612637e+05
1.129697427408789081e+05 1.043012556644706929e+05 1.066657152148276218e+05 3.941465209723074222e+05 2.525905705274591164e+05 3.200045890989253530e+05 1.255780953152982402e+05 1.043016010604321782e+05 8.495496147328907682e+04 1.870956299324883148e+05 1.255777916564085463e+05 2.215044049220153247e+05 1.255780147652095911e+05 5.844150027737803757e+05 1.413858603705306014e+05 1.255781394195113680e+05 1.255782353693886107e+05 1.005867810047573294e+05 4.683294341744082340e+04 4.568325367668664549e+05 5.105401032635232550e+05 3.179023082338466702e+04 1.043014154387309827e+05 1.264030503926447273e+05 7.019107493293983862e+04
3.546248461665912328e+04 1.068912590890202408e+00 5.268654913716066949e+04 4.154228197910482995e+05 2.749175607637480716e+05 3.412809148915242404e+05 2.127796026955618800e+04 1.293951439464108955e+00 8.510797445184602111e+04 2.340440142732538225e+05 2.127766058559851081e+04 2.451448354062985163e+05 2.127793995346625161e+04 6.056914666613203008e+05 2.054966601958530373e+05 2.127805268726706709e+04 2.127811878443776004e+04 6.991051044713573356e+04 1.276611149244314583e+05 4.781089569323295727e+05 5.318166440467789071e+05 1.043014154387309827e+05 4.692757767378702427e-01 1.914909440926579991e+05 9.574609503900120035e+04
1.914909797444603755e+05 1.914905455217835843e+05 1.914909916675846034e+05 3.303167581869732239e+05 2.016316365548709291e+05 2.561747477935956267e+05 1.914910212967871630e+05 1.914909250253536738e+05 1.697802739758387324e+05 1.219927610095060663e+05 1.914906748735846195e+05 1.600385800116226310e+05 1.914906808015870629e+05 5.418619109035019064e+05 1.856621892903453409e+04 1.914908677999378415e+05 1.914911113388336671e+05 1.854119856824603921e+05 8.510800665486813523e+04 3.930028928437675931e+05 4.679870982435087208e+05 1.264030503926447273e+05 1.914909440926579991e+05 7.165197639913951207e+03 1.550167763170918624e+05
6.028524325317671173e+04 9.574600149436318316e+04 5.319326097731095797e+04 4.047847504190762411e+05 2.642795127947371802e+05 3.306428908087479067e+05 9.574627147111957311e+04 9.574631566332073999e+04 2.989013737090232462e+04 1.995963914409299323e+05 9.574593746304874367e+04 2.345068051230289566e+05 9.574613213142179302e+04 5.950533415346738184e+05 1.735818012829604850e+05 9.574626016159044229e+04 9.574637486202240689e+04 4.711427051271768869e+04 1.170228068768512167e+05 4.674708579843728221e+05 5.211784639532612637e+05 7.019107493293980951e+04 9.574609503900120035e+04 1.550167763170918624e+05 1.063887816959696102e+04
