2.844067983561124335e-01 7.692446708108638995e+04 3.846234369127392711e+04 2.571884092022393888e+05 1.282065176807209646e+05 1.282063798129073693e+05 7.692457172818458639e+04 1.263750135491148249e+05 1.709503330115538483e+04 5.128338413490570383e+04 6.477879904733093281e+04 7.326143205826918711e+04 7.925564411243288487e+04 5.128344617612720322e+04 3.699643692420343868e+05 1.630049916485344875e+05 5.128315810109150334e+04 3.131780945995410439e+05 7.692454104692493274e+04 3.846163322140821256e+05 1.126788544611459386e+00 7.692455000839299464e+04 8.903400370185898804e-01 1.985988139046070573e+05 9.209833611772819673e-01
7.692446708108638995e+04 2.528148735650194712e-01 3.846258712638256111e+04 2.571888394105892803e+05 1.538477273050245421e+05 1.538477541139415407e+05 1.356188612635693680e+00 1.520162847549275320e+05 5.983046838887039485e+04 5.983063684350874246e+04 9.042007481595252466e+04 2.564255797789234930e+04 1.048968524020389013e+05 7.692475794432600378e+04 3.699646663614163408e+05 1.373644874140636530e+05 2.564248793168111297e+04 3.131783646621623775e+05 1.201713898692116089e+00 3.846165341880341293e+05 7.692455546079932537e+04 1.099039335755342108e+04 7.692440885503382015e+04 1.729582880968329264e+05 7.692443416537162557e+04
3.846234369127392711e+04 3.846258712638256839e+04 1.282061557747677216e+04 2.700087591362705571e+05 1.410268452001443948e+05 1.410268665136948985e+05 3.846259547531525459e+04 1.391952360928455309e+05 2.136838803974998154e+04 4.700961341780170187e+04 7.759901559647545218e+04 3.479945049191907310e+04 9.207571369265217800e+04 6.410369804434802791e+04 3.827848399107506848e+05 1.501844424591812131e+05 1.282114769437264476e+04 3.259984868986420915e+05 3.846261225839919643e+04 3.974369013532763929e+05 3.846241634430264094e+04 3.846254941113387031e+04 3.846207048397670587e+04 1.857782744850995077e+05 3.846219258630948752e+04
2.571884092022393888e+05 2.571888394105891930e+05 2.700087591362705571e+05 3.272286648484513717e+04 2.608518870514027949e+05 2.671312633381827618e+05 2.571887719276605931e+05 2.726256122922489303e+05 2.742824906266395119e+05 2.781202241469672299e+05 2.828296763422962977e+05 2.477694214041427185e+05 2.828298556941117859e+05 2.828296827968214639e+05 2.177072761067053943e+05 2.370421471907352679e+05 2.571884007429674966e+05 1.372341473196463485e+05 2.571888411330730305e+05 2.014665951000057976e+05 2.571883394982716418e+05 2.524790495058390079e+05 2.571883489886627067e+05 1.943221620170528186e+05 2.571882998207632336e+05
1.282065176807209646e+05 1.538477273050245421e+05 1.410268452001443948e+05 2.608518870514027949e+05 3.834520435206794642e-01 1.735250964490209662e+04 1.538478448569403845e+05 5.311516243217431474e+04 1.282067074876419647e+05 1.086706846961512201e+05 1.025656924781954876e+05 1.318698558470930147e+05 1.002346863129545964e+05 1.025656943688700267e+05 3.956057763914325624e+05 6.718884216450166423e+04 1.538476996654907416e+05 3.388194856983682257e+05 1.538476135914395563e+05 4.102576188949937350e+05 1.282066897236024379e+05 1.428588524543363892e+05 1.282063591575598402e+05 1.356620840162815293e+05 1.282064243489318033e+05
1.282063798129073693e+05 1.538477541139415407e+05 1.410268665136948985e+05 2.671312633381827618e+05 1.735250964490209662e+04 1.738918107833118484e+04 1.538478225865043642e+05 3.576416026857504039e+04 1.282066035935492255e+05 1.149501781328097713e+05 1.011452099285193253e+05 1.444287001968618424e+05 9.753564990011908230e+04 1.025657099795808754e+05 3.956057249298319221e+05 5.452567529732166440e+04 1.538476548990673618e+05 3.388194390668641427e+05 1.538477858579328749e+05 4.102576702464201371e+05 1.282067250534513878e+05 1.491383153711367340e+05 1.282064554034824396e+05 1.210103132335710397e+05 1.282064596315906383e+05
7.692457172818458639e+04 1.356188612635693680e+00 3.846259547531525459e+04 2.571887719276605931e+05 1.538478448569403845e+05 1.538478225865043642e+05 2.541949346345589444e-01 1.520161746494245599e+05 5.983064455608800199e+04 5.983077507564697589e+04 9.042014401461102534e+04 2.564244119395396046e+04 1.048967544701821025e+05 7.692486295586514461e+04 3.699646145243644714e+05 1.373644874627730460e+05 2.564246013246012808e+04 3.131782497546699014e+05 1.336598229555891582e+00 3.846166313131313073e+05 7.692459476408862974e+04 1.099047160036230161e+04 7.692428008693979064e+04 1.729584398315773869e+05 7.692437546098108578e+04
1.263750135491148249e+05 1.520162847549275320e+05 1.391952360928455018e+05 2.726256122922489303e+05 5.311516243217431474e+04 3.576416026857504767e+04 1.520161746494245599e+05 3.401661844055381607e+03 1.263752109330911335e+05 1.178282698983491427e+05 8.723873313998739468e+04 1.520162125264634087e+05 7.276212992059483076e+04 1.007343787319900002e+05 3.956057282254782040e+05 6.227286258343994268e+04 1.520161454126807512e+05 3.388194279012820916e+05 1.520162798110696604e+05 4.102576733821733505e+05 1.263751388218826614e+05 1.520161810861095728e+05 1.263747768745803914e+05 1.118526153182778653e+05 1.263748325854039431e+05
1.709503330115538483e+04 5.983046838887039485e+04 2.136838803974998154e+04 2.742824906266395701e+05 1.282067074876419647e+05 1.282066035935492255e+05 5.983064455608800199e+04 1.263752109330911335e+05 1.139632594031217559e+04 3.988750931802597916e+04 6.477891127339013474e+04 5.616739305825122574e+04 7.925576344613838592e+04 5.128355392994127760e+04 3.870584381856568507e+05 1.630051712773910258e+05 3.418893637577716436e+04 3.302722439091677079e+05 5.983062550112618919e+04 4.017105302059050300e+05 1.709514268640031878e+04 5.983057001274098002e+04 1.709512264300321112e+04 1.985989311714396754e+05 1.709513984860094206e+04
5.128338413490570383e+04 5.983063684350874246e+04 4.700961341780168732e+04 2.781202241469672299e+05 1.086706846961512201e+05 1.149501781328097713e+05 5.983077507564697589e+04 1.178282698983491427e+05 3.988750931802597916e+04 2.395519313079327185e+04 4.157977403221638087e+04 5.041132508070782205e+04 5.605660098768650641e+04 2.808415668127545359e+04 3.956056269968456472e+05 1.544581899418995890e+05 5.983051536135340575e+04 3.388194572547549615e+05 5.983063356527301221e+04 4.102575726495725685e+05 5.128353768353538908e+04 5.512106595340261993e+04 5.128330896639804996e+04 1.900522582783060789e+05 5.128341991613886785e+04
6.477879904733093281e+04 9.042007481595252466e+04 7.759901559647543763e+04 2.828296763422962977e+05 1.025656924781954876e+05 1.011452099285193253e+05 9.042014401461102534e+04 8.723873313998739468e+04 6.477891127339013474e+04 4.157977403221638815e+04 1.278546216293140242e+04 9.042007225617146469e+04 1.447796053655639116e+04 1.349658338590269159e+04 3.956055957650153432e+05 1.373641706576967263e+05 9.041994393793129711e+04 3.388195333701077616e+05 9.042021480063651688e+04 4.102577564102563192e+05 6.477901558109515463e+04 9.042003589305293281e+04 6.477859190897709777e+04 1.729581569378881832e+05 6.477878359466716211e+04
7.326143205826918711e+04 2.564255797789234930e+04 3.479945049191906583e+04 2.477694214041427185e+05 1.318698558470930147e+05 1.444287001968618424e+05 2.564244119395396046e+04 1.520162125264634087e+05 5.616739305825122574e+04 5.041132508070782205e+04 9.042007225617146469e+04 6.279786523915417092e+03 1.048967979830935947e+05 7.692456400661967928e+04 3.699645691519127577e+05 1.373645257034712413e+05 2.197919739234514782e+04 3.131781505672294297e+05 2.564257862329092677e+04 3.846166109584858641e+05 7.326134148115650169e+04 1.622312512261927259e+04 7.326113317256742448e+04 1.729582892060330487e+05 7.326125874767413188e+04
7.925564411243288487e+04 1.048968524020389013e+05 9.207571369265217800e+04 2.828298556941118441e+05 1.002346863129546109e+05 9.753564990011908230e+04 1.048967544701821025e+05 7.276212992059483076e+04 7.925576344613838592e+04 5.605660098768651369e+04 1.447796053655639298e+04 1.048967979830935947e+05 4.238495053248282602e+03 2.797364539458202489e+04 3.956057279919979628e+05 1.350333939360447112e+05 1.048966819739073835e+05 3.388194526513887686e+05 1.048968072055644589e+05 4.102575673076921958e+05 7.925574177838156174e+04 1.048968919467744563e+05 7.925526912113909202e+04 1.718987946750199189e+05 7.925547773752706416e+04
5.128344617612720322e+04 7.692475794432600378e+04 6.410369804434802791e+04 2.828296827968214639e+05 1.025656943688700267e+05 1.025657099795808754e+05 7.692486295586514461e+04 1.007343787319900002e+05 5.128355392994127033e+04 2.808415668127545359e+04 1.349658338590268977e+04 7.692456400661967928e+04 2.797364539458202489e+04 2.578142469417289973e-01 3.956056305066460045e+05 1.373641415252708830e+05 7.692458449092625233e+04 3.388195037933693966e+05 7.692477588242948696e+04 4.102577686896434752e+05 5.128358562808017450e+04 7.692471679289275198e+04 5.128340032947010332e+04 1.729580545735649939e+05 5.128351999128647003e+04
3.699643692420343868e+05 3.699646663614163408e+05 3.827848399107506848e+05 2.177072761067053943e+05 3.956057763914325624e+05 3.956057249298319803e+05 3.699646145243644714e+05 3.956057282254782040e+05 3.870584381856568507e+05 3.956056269968456472e+05 3.956055957650153432e+05 3.699645691519127577e+05 3.956057279919979628e+05 3.956056305066460045e+05 4.439794088899861526e+04 3.540594778787245159e+05 3.699644265873015393e+05 1.133140102291038202e+05 3.699648421855921624e+05 1.214592614505917591e+05 3.699645167669631192e+05 3.699646025386649999e+05 3.699644330865893280e+05 2.950537536682393402e+05 3.699644475501349661e+05
1.630049916485344875e+05 1.373644874140636530e+05 1.501844424591812131e+05 2.370421471907352679e+05 6.718884216450166423e+04 5.452567529732166440e+04 1.373644874627730460e+05 6.227286258343994268e+04 1.630051712773910258e+05 1.544581899418995890e+05 1.373641706576967263e+05 1.373645257034712413e+05 1.350333939360447403e+05 1.373641415252708830e+05 3.540594778787245159e+05 2.171815139840159100e+04 1.373642768941740796e+05 3.015350315039762063e+05 1.373645682964166044e+05 3.754591274420024129e+05 1.630053048024947639e+05 1.373643623722734628e+05 1.630050213553762005e+05 6.847448717167404538e+04 1.630049784154776717e+05
5.128315810109150334e+04 2.564248793168111297e+04 1.282114769437264295e+04 2.571884007429674966e+05 1.538476996654907416e+05 1.538476548990673618e+05 2.564246013246012808e+04 1.520161454126807512e+05 3.418893637577716436e+04 5.983051536135340575e+04 9.041994393793129711e+04 2.197919739234514782e+04 1.048966819739073835e+05 7.692458449092625233e+04 3.699644265873015393e+05 1.373642768941740796e+05 2.722145951215328985e-01 3.131780408231526380e+05 2.564241359229660520e+04 3.846164871794871287e+05 5.128307331842769781e+04 2.564236419663726338e+04 5.128301001758021448e+04 1.729579701182453719e+05 5.128307619768779114e+04
3.131780945995410439e+05 3.131783646621623775e+05 3.259984868986420915e+05 1.372341473196463485e+05 3.388194856983682257e+05 3.388194390668642591e+05 3.131782497546699014e+05 3.388194279012820916e+05 3.302722439091677079e+05 3.388194572547549615e+05 3.388195333701077616e+05 3.131781505672294297e+05 3.388194526513887686e+05 3.388195037933693966e+05 1.133140102291038202e+05 3.015350315039762063e+05 3.131780408231526380e+05 3.738319800303523516e+04 3.131783150798002607e+05 1.834502421516409959e+05 3.131780485571126337e+05 3.131783704873556853e+05 3.131780088747884147e+05 2.496590935581289814e+05 3.131780462296145270e+05
7.692454104692493274e+04 1.201713898692116089e+00 3.846261225839919643e+04 2.571888411330730305e+05 1.538476135914395563e+05 1.538477858579328749e+05 1.336598229555891582e+00 1.520162798110696604e+05 5.983062550112618919e+04 5.983063356527301221e+04 9.042021480063651688e+04 2.564257862329092677e+04 1.048968072055644589e+05 7.692477588242948696e+04 3.699648421855921624e+05 1.373645682964166044e+05 2.564241359229660520e+04 3.131783150798002607e+05 3.126796128891053961e-01 3.846165982905981946e+05 7.692459698652506631e+04 1.099042544110950075e+04 7.692428662294874084e+04 1.729582816796630505e+05 7.692442861710414581e+04
3.846163322140821256e+05 3.846165341880341293e+05 3.974369013532763929e+05 2.014665951000057976e+05 4.102576188949937350e+05 4.102576702464201371e+05 3.846166313131313073e+05 4.102576733821733505e+05 4.017105302059050300e+05 4.102575726495725685e+05 4.102577564102563192e+05 3.846166109584858641e+05 4.102575673076921958e+05 4.102577686896434752e+05 1.214592614505917591e+05 3.754591274420024129e+05 3.846164871794871287e+05 1.834502421516409959e+05 3.846165982905981946e+05 6.097844035975140287e+03 3.846164871794870705e+05 3.846166520146520343e+05 3.846164113247862551e+05 3.407159921652419725e+05 3.846164687904687598e+05
1.126788544611459386e+00 7.692455546079932537e+04 3.846241634430263366e+04 2.571883394982716418e+05 1.282066897236024379e+05 1.282067250534513878e+05 7.692459476408862974e+04 1.263751388218826614e+05 1.709514268640031878e+04 5.128353768353538908e+04 6.477901558109515463e+04 7.326134148115650169e+04 7.925574177838156174e+04 5.128358562808017450e+04 3.699645167669631192e+05 1.630053048024947639e+05 5.128307331842769781e+04 3.131780485571126337e+05 7.692459698652506631e+04 3.846164871794870705e+05 1.895988766681868942e-01 7.692459276375490299e+04 9.914825039139043561e-01 1.985991726547181315e+05 9.510583363812331603e-01
7.692455000839299464e+04 1.099039335755342108e+04 3.846254941113386303e+04 2.524790495058390079e+05 1.428588524543363892e+05 1.491383153711367340e+05 1.099047160036230161e+04 1.520161810861095728e+05 5.983057001274098002e+04 5.512106595340261993e+04 9.042003589305293281e+04 1.622312512261927259e+04 1.048968919467744563e+05 7.692471679289275198e+04 3.699646025386649999e+05 1.373643623722734628e+05 2.564236419663726338e+04 3.131783704873556853e+05 1.099042544110949893e+04 3.846166520146520343e+05 7.692459276375490299e+04 1.255918377748578496e+04 7.692429794839660462e+04 1.729582896352529642e+05 7.692435914360119205e+04
8.903400370185898804e-01 7.692440885503382015e+04 3.846207048397670587e+04 2.571883489886627067e+05 1.282063591575598402e+05 1.282064554034824396e+05 7.692428008693979064e+04 1.263747768745803914e+05 1.709512264300321112e+04 5.128330896639804996e+04 6.477859190897709050e+04 7.326113317256742448e+04 7.925526912113909202e+04 5.128340032947010332e+04 3.699644330865893280e+05 1.630050213553762005e+05 5.128301001758021448e+04 3.131780088747884147e+05 7.692428662294874084e+04 3.846164113247862551e+05 9.914825039139043561e-01 7.692429794839660462e+04 2.287434182521352888e-01 1.985989245046731376e+05 5.986363273390223894e-01
1.985988139046070573e+05 1.729582880968329264e+05 1.857782744850995077e+05 1.943221620170528186e+05 1.356620840162815293e+05 1.210103132335710397e+05 1.729584398315773869e+05 1.118526153182778653e+05 1.985989311714396754e+05 1.900522582783060789e+05 1.729581569378881832e+05 1.729582892060330487e+05 1.718987946750199189e+05 1.729580545735649939e+05 2.950537536682393402e+05 6.847448717167404538e+04 1.729579701182453719e+05 2.496590935581289814e+05 1.729582816796630505e+05 3.407159921652419725e+05 1.985991726547181315e+05 1.729582896352529642e+05 1.985989245046731376e+05 4.088051101449614362e+04 1.985988433819097991e+05
9.209833611772819673e-01 7.692443416537162557e+04 3.846219258630948025e+04 2.571882998207632918e+05 1.282064243489318033e+05 1.282064596315906383e+05 7.692437546098108578e+04 1.263748325854039431e+05 1.709513984860094206e+04 5.128341991613886785e+04 6.477878359466716211e+04 7.326125874767413188e+04 7.925547773752706416e+04 5.128351999128647003e+04 3.699644475501349661e+05 1.630049784154776717e+05 5.128307619768779114e+04 3.131780462296145270e+05 7.692442861710414581e+04 3.846164687904687598e+05 9.510583363812331603e-01 7.692435914360119205e+04 5.986363273390223894e-01 1.985988433819097991e+05 2.255645623751157125e-01
