3.125048339833483624e+04 9.375133958180327318e+04 1.875016056672699924e+05 3.125150405030490583e+04 2.221217251232716080e+05 3.125134203788233208e+04 3.125136624407632553e+04 7.291821084815704671e+04 3.125148411231297723e+04 3.125117723967723941e+04 3.125146229023696287e+04 1.814916863638978393e+05 1.015638690483232058e+05 1.423626707460760954e+05 3.125118439688736180e+04 3.100976406060486333e+05 3.125073170643433332e+04 3.125148924504266688e+04 3.125106435318439617e+04 3.125158980986452661e+04 3.399133236917777685e+05 6.250154176545918745e+04 3.125089389917556036e+04 3.125094823719273336e+04 3.125108241791528053e+04
9.375133958180327318e+04 4.429023435817124321e-01 9.375198591895969003e+04 1.250017252965856023e+05 1.283720782779402653e+05 1.250015577338587464e+05 1.250015689446058677e+05 2.083472201275864791e+04 1.250017261187656259e+05 1.250015505174353020e+05 1.250016950482706015e+05 8.774197570730476582e+04 7.813688522344031298e+03 4.861282492122455733e+04 6.250152876275395101e+04 2.163478152407130110e+05 1.250009606265112961e+05 1.250017103877174959e+05 1.250015072703442711e+05 1.250016791277635493e+05 2.461634564487104362e+05 3.125155794448469533e+04 1.250010991107354203e+05 1.250012475670012936e+05 6.250154392807176191e+04
1.875016056672699924e+05 9.375198591895969003e+04 3.731110455625339939e-01 2.187516315150684968e+05 3.462130065242050478e+04 2.187518666959049006e+05 2.187520199447404302e+05 1.145850818785343581e+05 2.187515346561903134e+05 2.187518029074277147e+05 2.187514814790287346e+05 6.011102437867891240e+03 8.593945055624919769e+04 4.514007608047290705e+04 1.562518019351031980e+05 1.514437147552066017e+05 2.187513272512467229e+05 2.187515642291372351e+05 2.187514135822224489e+05 2.187516683269224013e+05 1.836637366040163033e+05 1.250016722148149565e+05 2.187514331898267556e+05 2.187514197581619374e+05 1.562514097565103439e+05
3.125150405030490583e+04 1.250017252965856023e+05 2.187516315150684968e+05 2.953212528635683065e-01 2.533717156893219217e+05 1.559197921838586076e+00 1.584545209625844997e+00 1.041682243874664273e+05 1.295677546784689715e+00 1.351824190531394576e+00 1.283970675050044363e+00 2.127420928651792638e+05 1.328143099447838322e+05 1.736127316233183665e+05 6.250147613240577630e+04 3.413474535443961504e+05 1.078479633094554302e+00 1.279030734331300545e+00 1.364546068057400863e+00 1.221918608169198617e+00 3.711636802189625450e+05 9.375147598951689724e+04 1.269185441057887331e+00 1.418256338936122907e+00 6.250126512453938631e+04
2.221217251232716080e+05 1.283720782779402798e+05 3.462130065242050478e+04 2.533717156893219217e+05 1.311762843267675271e+04 2.533719257059131924e+05 2.533718886389292893e+05 1.492050926477055764e+05 2.533715074692355411e+05 2.533718028467169206e+05 2.533714839439544303e+05 4.063147351388064999e+04 1.205597087142833188e+05 7.976056819272489520e+04 1.908718731014601653e+05 1.181254702968520869e+05 2.533714848939103249e+05 2.533716322519859823e+05 2.533714644236540480e+05 2.533717019715400820e+05 1.503456444606772275e+05 1.596217288840510591e+05 2.533715343859163695e+05 2.533715007924132515e+05 1.908714938288695121e+05
3.125134203788233208e+04 1.250015577338587464e+05 2.187518666959049006e+05 1.559197921838586298e+00 2.533719257059131924e+05 2.929544540834391753e-01 1.278696765922142653e+00 1.041684312293152616e+05 1.559785357114279902e+00 1.210296287631855927e+00 1.539535936701983410e+00 2.127419571418521809e+05 1.328141445525579038e+05 1.736129604833245103e+05 6.250134916712360427e+04 3.413477354013823206e+05 8.213553074035506718e-01 1.616068166283705754e+00 1.351410955890347543e+00 1.393487565160627772e+00 3.711634322510585189e+05 9.375154862049347139e+04 1.022109916022255760e+00 1.184142136043649485e+00 6.250151742204555921e+04
3.125136624407632553e+04 1.250015689446058677e+05 2.187520199447404302e+05 1.584545209625844997e+00 2.533718886389292893e+05 1.278696765922142653e+00 2.502343486305127485e-01 1.041682443606415181e+05 1.604714545824339034e+00 1.275507883846527468e+00 1.623897750075151691e+00 2.127420876967056538e+05 1.328141627967860550e+05 1.736130965449480282e+05 6.250136780954793358e+04 3.413477902681882842e+05 9.909200649964821084e-01 1.520523416679140816e+00 1.444939380911057558e+00 1.649203560862214202e+00 3.711634433838502155e+05 9.375159076742178877e+04 1.091213968264042045e+00 1.133531725095430209e+00 6.250153596707112592e+04
7.291821084815704671e+04 2.083472201275864791e+04 1.145850818785343581e+05 1.041682243874664273e+05 1.492050926477055764e+05 1.041684312293152616e+05 1.041682443606415181e+05 1.388927958414763634e+04 1.041680860054047225e+05 1.041683991614653351e+05 1.041681027503599180e+05 1.085756129953868076e+05 2.864742447470974002e+04 6.944606059682439081e+04 4.166835052719566011e+04 2.371810040086549125e+05 1.041678210645204963e+05 1.041680733477134490e+05 1.041681595073585631e+05 1.041682165840344387e+05 2.669970856718147988e+05 1.041772195550076685e+04 1.041679551425292739e+05 1.041680700181498978e+05 4.166792782287207228e+04
3.125148411231297359e+04 1.250017261187656259e+05 2.187515346561903134e+05 1.295677546784689715e+00 2.533715074692355411e+05 1.559785357114280124e+00 1.604714545824339034e+00 1.041680860054047225e+05 3.504261510772889165e-01 1.401163666276941111e+00 1.097676927090767363e+00 2.127421015423280478e+05 1.328142956574140699e+05 1.736126711437606718e+05 6.250157628444396687e+04 3.413474628844645340e+05 1.054138500927776168e+00 1.230428819876847601e+00 1.281575224375222533e+00 1.228549529325413836e+00 3.711635015317875077e+05 9.375143709137756377e+04 1.236670139822902303e+00 1.222498090144445770e+00 6.250118307697598357e+04
3.125117723967723941e+04 1.250015505174353020e+05 2.187518029074277147e+05 1.351824190531394576e+00 2.533718028467169497e+05 1.210296287631855927e+00 1.275507883846527468e+00 1.041683991614653351e+05 1.401163666276941111e+00 3.572984492180686367e-01 1.481222298325438835e+00 2.127418192551955290e+05 1.328140608499915979e+05 1.736128839866360941e+05 6.250140277997430530e+04 3.413477401726031676e+05 8.683356793046110855e-01 1.397407412657487802e+00 1.406705764421683602e+00 1.590291722744991532e+00 3.711633881703122752e+05 9.375172129456540279e+04 1.063051525450962265e+00 1.087822572217340911e+00 6.250141848203026893e+04
3.125146229023696287e+04 1.250016950482706015e+05 2.187514814790287346e+05 1.283970675050044363e+00 2.533714839439544594e+05 1.539535936701983410e+00 1.623897750075151691e+00 1.041681027503599180e+05 1.097676927090767363e+00 1.481222298325438835e+00 2.773555326610431249e-01 2.127420436468243715e+05 1.328142646508850157e+05 1.736126780018096906e+05 6.250164359425583098e+04 3.413474143327630591e+05 9.706951423258602940e-01 1.250254659155328962e+00 1.159749677917188526e+00 1.221435764810732127e+00 3.711635034611499868e+05 9.375145378246463952e+04 1.157929229645822566e+00 1.159358898683348960e+00 6.250120939659915894e+04
1.814916863638978393e+05 8.774197570730476582e+04 6.011102437867892149e+03 2.127420928651792638e+05 4.063147351388064999e+04 2.127419571418521518e+05 2.127420876967056538e+05 1.085756129953868076e+05 2.127421015423280478e+05 2.127418192551955290e+05 2.127420436468243715e+05 9.708292325181124397e+03 7.992928634634699847e+04 3.913071639616997709e+04 1.502419799540262902e+05 1.519062166765961447e+05 2.127414211210660287e+05 2.127420550112098863e+05 2.127417213359838643e+05 2.127421023250519065e+05 1.836635041654160013e+05 1.189923799772935745e+05 2.127414601530441432e+05 2.127415603603370546e+05 1.502418553576488630e+05
1.015638690483232058e+05 7.813688522344031298e+03 8.593945055624919769e+04 1.328143099447838322e+05 1.205597087142833043e+05 1.328141445525579038e+05 1.328141627967860550e+05 2.864742447470974002e+04 1.328142956574140408e+05 1.328140608499915979e+05 1.328142646508850157e+05 7.992928634634699847e+04 1.171919677045690696e+04 4.080003871899894148e+04 7.031405962836380058e+04 2.085353585594091273e+05 1.328135150168731925e+05 1.328142621397243347e+05 1.328140208823410794e+05 1.328143137651821598e+05 2.383510458600070269e+05 3.906431059180912416e+04 1.328136731585269736e+05 1.328137909811020654e+05 7.031404457544951583e+04
1.423626707460760954e+05 4.861282492122455733e+04 4.514007608047290705e+04 1.736127316233183665e+05 7.976056819272489520e+04 1.736129604833245103e+05 1.736130965449480573e+05 6.944606059682439081e+04 1.736126711437606718e+05 1.736128839866361523e+05 1.736126780018096906e+05 3.913071639616997709e+04 4.080003871899894148e+04 1.543247756490714346e+04 1.111128878607411025e+05 1.677366125506449607e+05 1.736123576710771886e+05 1.736126185147937213e+05 1.736125320056284545e+05 1.736127543558442849e+05 1.975525712924322288e+05 7.986272711415046069e+04 1.736124947625708010e+05 1.736125938112563163e+05 1.111124127111756970e+05
3.125118439688736180e+04 6.250152876275395101e+04 1.562518019351031980e+05 6.250147613240577630e+04 1.908718731014601653e+05 6.250134916712360427e+04 6.250136780954793358e+04 4.166835052719566011e+04 6.250157628444396687e+04 6.250140277997430530e+04 6.250164359425583098e+04 1.502419799540262902e+05 7.031405962836380058e+04 1.111128878607411025e+05 4.055116006548514784e-01 2.788477553241198766e+05 6.250088036782407289e+04 6.250159447165588062e+04 6.250127766425033769e+04 6.250149551243641326e+04 3.086634178158870782e+05 3.125139172234278885e+04 6.250102767886468791e+04 6.250116600260069390e+04 1.220487732365012734e+00
3.100976406060486333e+05 2.163478152407130110e+05 1.514437147552066017e+05 3.413474535443961504e+05 1.181254702968521160e+05 3.413477354013823206e+05 3.413477902681882842e+05 2.371810040086549125e+05 3.413474628844645340e+05 3.413477401726031676e+05 3.413474143327629426e+05 1.519062166765961447e+05 2.085353585594091273e+05 1.677366125506449607e+05 2.788477553241198766e+05 8.876023141907480749e+03 3.413474178279986372e+05 3.413475954012056463e+05 3.413474610501979478e+05 3.413473750070081442e+05 6.347107401389063307e+04 2.475976383838272013e+05 3.413474505587245221e+05 3.413474363709241152e+05 2.788472645283993334e+05
3.125073170643433332e+04 1.250009606265112961e+05 2.187513272512467229e+05 1.078479633094554524e+00 2.533714848939103249e+05 8.213553074035506718e-01 9.909200649964821084e-01 1.041678210645204963e+05 1.054138500927776168e+00 8.683356793046110855e-01 9.706951423258602940e-01 2.127414211210660287e+05 1.328135150168731925e+05 1.736123576710771886e+05 6.250088036782407289e+04 3.413474178279986372e+05 6.645921004135904586e-02 1.063772513267456921e+00 7.786357636667875504e-01 1.086300479782588813e+00 3.711631247559273033e+05 9.375112676747016667e+04 3.167008409076071951e-01 5.247795504383208076e-01 6.250089417274716834e+04
3.125148924504266688e+04 1.250017103877174959e+05 2.187515642291372351e+05 1.279030734331300545e+00 2.533716322519860114e+05 1.616068166283705310e+00 1.520523416679140816e+00 1.041680733477134490e+05 1.230428819876847601e+00 1.397407412657487802e+00 1.250254659155328962e+00 2.127420550112098863e+05 1.328142621397243347e+05 1.736126185147937213e+05 6.250159447165588062e+04 3.413475954012056463e+05 1.063772513267456921e+00 2.601798084285796842e-01 1.362492476515538398e+00 1.377166777938369835e+00 3.711636211967208073e+05 9.375147049735081964e+04 1.264429127725262392e+00 1.341731816366678487e+00 6.250115513733535772e+04
3.125106435318439617e+04 1.250015072703442711e+05 2.187514135822224489e+05 1.364546068057400863e+00 2.533714644236540480e+05 1.351410955890347321e+00 1.444939380911057558e+00 1.041681595073585631e+05 1.281575224375222533e+00 1.406705764421683602e+00 1.159749677917188526e+00 2.127417213359838643e+05 1.328140208823411085e+05 1.736125320056284254e+05 6.250127766425033769e+04 3.413474610501979478e+05 7.786357636667875504e-01 1.362492476515538398e+00 3.866169959658795618e-01 1.330927226891126525e+00 3.711632731492889579e+05 9.375143271223304328e+04 9.394855914186494017e-01 9.273522004629021209e-01 6.250103920752028353e+04
3.125158980986452661e+04 1.250016791277635493e+05 2.187516683269224013e+05 1.221918608169199061e+00 2.533717019715400820e+05 1.393487565160627772e+00 1.649203560862214202e+00 1.041682165840344387e+05 1.228549529325413836e+00 1.590291722744991532e+00 1.221435764810732127e+00 2.127421023250519356e+05 1.328143137651821889e+05 1.736127543558442558e+05 6.250149551243641326e+04 3.413473750070081442e+05 1.086300479782588591e+00 1.377166777938369835e+00 1.330927226891126525e+00 2.142104363296530589e-01 3.711636232333978405e+05 9.375143008494711830e+04 1.249068979470787211e+00 1.417119405701136037e+00 6.250127454762259003e+04
3.399133236917777685e+05 2.461634564487104362e+05 1.836637366040163615e+05 3.711636802189625450e+05 1.503456444606772566e+05 3.711634322510585189e+05 3.711634433838502155e+05 2.669970856718147988e+05 3.711635015317875077e+05 3.711633881703122752e+05 3.711635034611499868e+05 1.836635041654160013e+05 2.383510458600070269e+05 1.975525712924321997e+05 3.086634178158870782e+05 6.347107401389064762e+04 3.711631247559273033e+05 3.711636211967208073e+05 3.711632731492889579e+05 3.711636232333978405e+05 6.733029285483680724e+03 2.774137397793102427e+05 3.711631054298301460e+05 3.711630827856122050e+05 3.086634140611391049e+05
6.250154176545918745e+04 3.125155794448469533e+04 1.250016722148149565e+05 9.375147598951689724e+04 1.596217288840510300e+05 9.375154862049347139e+04 9.375159076742178877e+04 1.041772195550076685e+04 9.375143709137756377e+04 9.375172129456540279e+04 9.375145378246463952e+04 1.189923799772935745e+05 3.906431059180912416e+04 7.986272711415046069e+04 3.125139172234278885e+04 2.475976383838272013e+05 9.375112676747016667e+04 9.375147049735081964e+04 9.375143271223304328e+04 9.375143008494711830e+04 2.774137397793102427e+05 3.557727449529096697e-01 9.375123550323705422e+04 9.375136623278875777e+04 3.125117344933927234e+04
3.125089389917556036e+04 1.250010991107354203e+05 2.187514331898267556e+05 1.269185441057887331e+00 2.533715343859163695e+05 1.022109916022255760e+00 1.091213968264042045e+00 1.041679551425292739e+05 1.236670139822902303e+00 1.063051525450962265e+00 1.157929229645822788e+00 2.127414601530441723e+05 1.328136731585269736e+05 1.736124947625708010e+05 6.250102767886468791e+04 3.413474505587245221e+05 3.167008409076071951e-01 1.264429127725262392e+00 9.394855914186494017e-01 1.249068979470787211e+00 3.711631054298301460e+05 9.375123550323705422e+04 1.642127786801358680e-01 5.548663410301518661e-01 6.250103881819602975e+04
3.125094823719273336e+04 1.250012475670012936e+05 2.187514197581619374e+05 1.418256338936122907e+00 2.533715007924132806e+05 1.184142136043649707e+00 1.133531725095430431e+00 1.041680700181498978e+05 1.222498090144445770e+00 1.087822572217340911e+00 1.159358898683348960e+00 2.127415603603370546e+05 1.328137909811020654e+05 1.736125938112563163e+05 6.250116600260069390e+04 3.413474363709241152e+05 5.247795504383208076e-01 1.341731816366678487e+00 9.273522004629021209e-01 1.417119405701136481e+00 3.711630827856122050e+05 9.375136623278875777e+04 5.548663410301517551e-01 1.657809582931823456e-01 6.250105938056206651e+04
3.125108241791528053e+04 6.250154392807176191e+04 1.562514097565103439e+05 6.250126512453938631e+04 1.908714938288694830e+05 6.250151742204557377e+04 6.250153596707112592e+04 4.166792782287207228e+04 6.250118307697599812e+04 6.250141848203026893e+04 6.250120939659916621e+04 1.502418553576488630e+05 7.031404457544951583e+04 1.111124127111756970e+05 1.220487732365012734e+00 2.788472645283993334e+05 6.250089417274717562e+04 6.250115513733536500e+04 6.250103920752029808e+04 6.250127454762259731e+04 3.086634140611391049e+05 3.125117344933926506e+04 6.250103881819602975e+04 6.250105938056206651e+04 1.893988216328407748e-01
