5.064055989245191958e-01 5.084889513672741305e+04 1.389561200698982812e+00 4.321293057544038747e+05 3.208416795892393566e+05 1.234443842116829337e+00 4.980373492255285382e+05 5.084895030032140494e+04 5.084880281191488757e+04 1.807923513316717872e+05 2.885868033389215707e+05 1.181225253899047534e+00 1.594240996349065681e+05 6.368816412118203374e-01 1.158206700040411670e+05 5.423737007592787268e+05 1.089784459615592116e+00 3.552494769944691216e+05 2.262312259892588772e+05 2.102964720364959212e+05 1.406250505016183094e+00 2.948575861935843204e+04 1.016963156397484127e+05 1.024847300363768587e+00 7.627261026994894200e+04
5.084889513672741305e+04 5.046711014426260578e-01 5.084927654784306651e+04 4.321294918653896311e+05 3.208418639307923731e+05 5.084935911930222937e+04 4.980374803228517994e+05 1.112429335557450759e+04 1.411008953665932930e+00 1.694933164342679956e+05 2.885869759473297745e+05 5.084919316166763747e+04 1.424754246488478966e+05 5.084875185614213842e+04 9.887185737458980293e+04 5.423740448198667727e+05 5.084916542883225338e+04 3.552496970562017523e+05 2.262315951668567432e+05 2.102967512719832011e+05 5.084926757868849381e+04 2.825016263544409958e+04 6.968167419486874132e+04 5.084899868836504174e+04 4.237459545603833249e+04
1.389561200698982812e+00 5.084927654784306651e+04 5.900125365917383569e-01 4.321293227212896454e+05 3.208417226532496861e+05 1.497608667956098483e+00 4.980373858686803142e+05 5.084929439657097100e+04 5.084927528336790419e+04 1.807928130327115650e+05 2.885869639713106444e+05 1.430153096026422599e+00 1.594246033903078351e+05 1.159625239798618868e+00 1.158210644262458954e+05 5.423739449675399810e+05 1.550546307631660126e+00 3.552494844334293157e+05 2.262315168925432081e+05 2.102967145036340517e+05 1.401079654612312098e+00 2.948611857707205854e+04 1.016968197314664721e+05 1.374195290834002492e+00 7.627307844657752139e+04
4.321293057544038747e+05 4.321294918653896311e+05 4.321293227212896454e+05 1.079099813707289577e+05 2.676931760578815592e+05 4.321292969917175360e+05 2.376703669981673593e+05 4.321294719552013557e+05 4.321294845550683094e+05 3.692766035598430899e+05 2.889657914699612884e+05 4.321292907884122687e+05 3.812822048730946844e+05 4.321292508870110614e+05 3.982313017121883458e+05 2.955584316798905493e+05 4.321293015317239333e+05 2.024139341240933863e+05 3.431467170093996101e+05 3.473838423224060680e+05 4.321292644708793960e+05 4.321294282248784439e+05 3.982313890215901774e+05 4.321292109969105222e+05 4.151804772172571393e+05
3.208416795892393566e+05 3.208418639307923731e+05 3.208417226532496861e+05 2.676931760578815010e+05 3.327587491067598603e+04 3.208418710298656370e+05 3.398454936217301292e+05 3.208419719985291595e+05 3.208419311683747801e+05 2.283279030797753949e+05 1.105993715995767125e+05 3.208418216621242464e+05 2.417460255523318483e+05 3.208415161443862016e+05 2.751733294697596575e+05 3.779205804787056404e+05 3.208418237535133376e+05 1.578890904553410073e+05 1.864513451079034712e+05 2.001698686681964609e+05 3.208418480837227544e+05 3.208419304439019179e+05 2.869437559798379079e+05 3.208415724917036132e+05 3.038927759503074922e+05
1.234443842116829337e+00 5.084935911930222937e+04 1.497608667956098483e+00 4.321292969917175360e+05 3.208418710298656952e+05 6.185486765802159503e-01 4.980373909024990280e+05 5.084938332672218530e+04 5.084916574765932455e+04 1.807926908442038985e+05 2.885870682871647296e+05 1.357703401787899500e+00 1.594244457793303882e+05 1.055782541999763069e+00 1.158210912001923571e+05 5.423738084865497658e+05 1.198980255482338997e+00 3.552495878181036678e+05 2.262314046704194916e+05 2.102967691311569652e+05 1.502367119049537347e+00 2.948597037296199778e+04 1.016967336338606401e+05 1.445319977041553461e+00 7.627297632743621944e+04
4.980373492255285382e+05 4.980374803228517994e+05 4.980373858686803142e+05 2.376703669981673593e+05 3.398454936217301292e+05 4.980373909024990280e+05 7.586342714960830926e+04 4.980375928848257172e+05 4.980375601539367344e+05 4.351846431316520320e+05 3.644725141915486893e+05 4.980373319444223889e+05 4.355377318938467652e+05 4.980373433441537200e+05 4.576656586636795546e+05 2.969884157670614077e+05 4.980373706999920541e+05 3.022891112477552961e+05 4.090547025404581218e+05 4.132919931184854941e+05 4.980373903168587130e+05 4.980374308230950846e+05 4.641393521590314340e+05 4.980372521914943936e+05 4.810884658641931601e+05
5.084895030032140494e+04 1.112429335557450759e+04 5.084929439657097100e+04 4.321294719552013557e+05 3.208419719985291595e+05 5.084938332672218530e+04 4.980375928848257172e+05 7.647589115272183335e+03 1.112440197709132553e+04 1.694933790736928058e+05 2.885869638450123020e+05 5.084919369999613264e+04 1.424753633102934982e+05 5.084878872472536023e+04 9.887180993885392672e+04 5.423740996196646011e+05 5.084924608360690763e+04 3.552497188351909863e+05 2.262316901541050174e+05 2.102967258192584850e+05 5.084929381121257029e+04 2.373153632258548532e+04 6.968168797259635176e+04 5.084906192999784253e+04 3.681306496778471774e+04
5.084880281191488757e+04 1.411008953665933374e+00 5.084927528336790419e+04 4.321294845550683094e+05 3.208419311683747801e+05 5.084916574765932455e+04 4.980375601539367344e+05 1.112440197709132553e+04 6.638479211713622652e-01 1.694932497340662521e+05 2.885871212311034906e+05 5.084917174611677183e+04 1.424752983826590353e+05 5.084864057032503479e+04 9.887193469727627235e+04 5.423738843650068156e+05 5.084908358557404426e+04 3.552496946274901857e+05 2.262315458047610882e+05 2.102967697374212148e+05 5.084927239678917977e+04 2.825005969725803152e+04 6.968156996289877861e+04 5.084906261817818449e+04 4.237453545713040512e+04
1.807923513316717872e+05 1.694933164342679956e+05 1.807928130327115650e+05 3.692766035598430899e+05 2.283279030797753949e+05 1.807926908442038985e+05 4.351846431316520320e+05 1.694933790736928058e+05 1.694932497340662521e+05 2.913197432540243608e+04 1.828903618608257384e+05 1.807926125389622175e+05 5.103071681724453083e+04 1.807921762618904177e+05 1.045214816333314957e+05 4.653967713709568488e+05 1.807925529977477563e+05 2.923968197520015528e+05 1.104122708083447797e+05 8.995686389663418231e+04 1.807928051178826718e+05 1.732597582305740216e+05 1.337117447657391895e+05 1.807925890686945932e+05 1.525441385744045838e+05
2.885868033389215707e+05 2.885869759473297745e+05 2.885869639713106444e+05 2.889657914699612884e+05 1.105993715995767125e+05 2.885870682871647296e+05 3.644725141915486893e+05 2.885869638450123603e+05 2.885871212311034906e+05 1.828903618608257384e+05 3.852731600238219835e+04 2.885869358486368437e+05 1.963084252572871046e+05 2.885866227880732040e+05 2.330314613247522502e+05 4.088089733691308065e+05 2.885869779561404139e+05 2.101743690084258851e+05 1.377146773239661707e+05 1.553503537878789939e+05 2.885870182198514231e+05 2.885870961607554345e+05 2.538517746003961656e+05 2.885867503536336008e+05 2.716378913525630487e+05
1.181225253899047534e+00 5.084919316166763747e+04 1.430153096026422599e+00 4.321292907884122687e+05 3.208418216621242464e+05 1.357703401787899500e+00 4.980373319444223889e+05 5.084919369999613264e+04 5.084917174611677183e+04 1.807926125389622175e+05 2.885869358486368437e+05 6.184339910852815203e-01 1.594244244873776042e+05 9.892331981599500335e-01 1.158209468167230079e+05 5.423738370136258891e+05 1.257645226339271449e+00 3.552495592312313966e+05 2.262314103394815756e+05 2.102966678576806153e+05 1.495478819474121979e+00 2.948604832793284004e+04 1.016967063923752285e+05 1.309081279473851556e+00 7.627292669648953597e+04
1.594240996349065681e+05 1.424754246488478966e+05 1.594246033903078351e+05 3.812822048730946844e+05 2.417460255523318483e+05 1.594244457793303882e+05 4.355377318938467652e+05 1.424753633102934982e+05 1.424752983826590062e+05 5.103071681724453083e+04 1.963084252572871046e+05 1.594244244873776042e+05 2.247621843334723962e+04 1.594239438815748435e+05 6.227571523260087997e+04 4.872893459988129907e+05 1.594243373426263861e+05 3.044024012944243150e+05 1.245365946242438513e+05 1.068650841868317366e+05 1.594246233208668418e+05 1.481250025325194292e+05 1.066937129795576329e+05 1.594243782641754660e+05 1.255261428433688270e+05
6.368816412118202264e-01 5.084875185614213842e+04 1.159625239798618868e+00 4.321292508870110614e+05 3.208415161443862016e+05 1.055782541999763069e+00 4.980373433441537200e+05 5.084878872472536023e+04 5.084864057032503479e+04 1.807921762618904177e+05 2.885866227880732040e+05 9.892331981599500335e-01 1.594239438815748435e+05 2.817338990026730938e-01 1.158205302236937714e+05 5.423737338921336923e+05 9.259804855018914926e-01 3.552493633848762256e+05 2.262310126201343082e+05 2.102963173459194368e+05 1.168695885395689693e+00 2.948559244626150394e+04 1.016961939195875602e+05 9.288600772828247143e-01 7.627244492841852480e+04
1.158206700040411670e+05 9.887185737458980293e+04 1.158210644262458954e+05 3.982313017121883458e+05 2.751733294697596575e+05 1.158210912001923571e+05 4.576656586636795546e+05 9.887180993885392672e+04 9.887193469727624324e+04 1.045214816333315248e+05 2.330314613247522502e+05 1.158209468167230079e+05 6.227571523260087997e+04 1.158205302236937714e+05 2.670436838012458611e+04 5.084758361942289630e+05 1.158209676989071595e+05 3.213515073969395016e+05 1.612599299108049017e+05 1.453249620158401376e+05 1.158211191877886449e+05 1.045215187592868897e+05 5.214387533203583007e+04 1.158207797258474893e+05 7.644948915568228404e+04
5.423737007592787268e+05 5.423740448198667727e+05 5.423739449675399810e+05 2.955584316798905493e+05 3.779205804787056404e+05 5.423738084865497658e+05 2.969884157670614077e+05 5.423740996196646011e+05 5.423738843650068156e+05 4.653967713709568488e+05 4.088089733691308065e+05 5.423738370136258891e+05 4.872893459988129907e+05 5.423737338921336923e+05 5.084758361942289630e+05 9.950479106917219178e+04 5.423737393759398255e+05 3.448715054374127649e+05 4.533911594356283895e+05 4.576284867877557408e+05 5.423739552302879747e+05 5.423738385979712475e+05 5.084756900372139644e+05 5.423737780952937901e+05 5.254248688571087550e+05
1.089784459615592116e+00 5.084916542883225338e+04 1.550546307631660126e+00 4.321293015317239333e+05 3.208418237535133958e+05 1.198980255482338997e+00 4.980373706999920541e+05 5.084924608360690763e+04 5.084908358557404426e+04 1.807925529977477563e+05 2.885869779561403557e+05 1.257645226339271449e+00 1.594243373426263861e+05 9.259804855018914926e-01 1.158209676989071304e+05 5.423737393759398255e+05 5.688459781622463574e-01 3.552495744869722985e+05 2.262313383434125572e+05 2.102966447438735631e+05 1.549597608691743345e+00 2.948600050586241196e+04 1.016966246869183669e+05 1.273039088416702880e+00 7.627290951591925113e+04
3.552494769944691216e+05 3.552496970562017523e+05 3.552494844334293157e+05 2.024139341240933863e+05 1.578890904553409782e+05 3.552495878181036096e+05 3.022891112477552379e+05 3.552497188351909863e+05 3.552496946274901857e+05 2.923968197520015528e+05 2.101743690084258851e+05 3.552495592312313966e+05 3.044024012944243150e+05 3.552493633848761092e+05 3.213515073969395016e+05 3.448715054374127067e+05 3.552495744869722985e+05 5.505000810223715234e+04 2.575373090762087668e+05 2.684580695159473689e+05 3.552495270513520809e+05 3.552496736750175478e+05 3.213515704933248926e+05 3.552493148064271081e+05 3.383005780927521992e+05
2.262312259892588772e+05 2.262315951668567432e+05 2.262315168925432081e+05 3.431467170093996101e+05 1.864513451079034712e+05 2.262314046704194916e+05 4.090547025404581218e+05 2.262316901541050174e+05 2.262315458047610882e+05 1.104122708083447797e+05 1.377146773239661707e+05 2.262314103394815756e+05 1.245365946242438513e+05 2.262310126201343082e+05 1.612599299108049017e+05 4.533911594356283895e+05 2.262313383434125572e+05 2.575373090762087668e+05 1.602931645702720743e+04 3.935184980302733311e+04 2.262315988878462813e+05 2.262315024059512652e+05 1.904500651131578779e+05 2.262313907794571132e+05 2.092823371521717636e+05
2.102964720364959212e+05 2.102967512719832011e+05 2.102967145036340517e+05 3.473838423224060680e+05 2.001698686681964318e+05 2.102967691311569652e+05 4.132919931184854941e+05 2.102967258192584850e+05 2.102967697374212148e+05 8.995686389663416776e+04 1.553503537878789939e+05 2.102966678576806153e+05 1.068650841868317366e+05 2.102963173459194368e+05 1.453249620158401376e+05 4.576284867877558572e+05 2.102966447438735631e+05 2.684580695159473689e+05 3.935184980302733311e+04 1.582114309271856837e+04 2.102967246212079190e+05 2.102968338915667264e+05 1.745152938086445793e+05 2.102965021209880942e+05 1.933477023428296961e+05
1.406250505016183316e+00 5.084926757868849381e+04 1.401079654612312542e+00 4.321292644708793960e+05 3.208418480837227544e+05 1.502367119049537347e+00 4.980373903168587130e+05 5.084929381121257029e+04 5.084927239678916521e+04 1.807928051178826718e+05 2.885870182198514231e+05 1.495478819474121979e+00 1.594246233208668418e+05 1.168695885395689693e+00 1.158211191877886449e+05 5.423739552302879747e+05 1.549597608691743345e+00 3.552495270513520809e+05 2.262315988878462813e+05 2.102967246212079190e+05 5.127157236405701646e-01 2.948612654133830074e+04 1.016968469831090042e+05 1.393925607672115818e+00 7.627313368106853159e+04
2.948575861935843204e+04 2.825016263544409958e+04 2.948611857707205854e+04 4.321294282248784439e+05 3.208419304439019179e+05 2.948597037296199778e+04 4.980374308230950846e+05 2.373153632258547441e+04 2.825005969725802788e+04 1.732597582305740507e+05 2.885870961607554345e+05 2.948604832793284004e+04 1.481250025325194292e+05 2.948559244626150394e+04 1.045215187592868897e+05 5.423738385979712475e+05 2.948600050586241196e+04 3.552496736750175478e+05 2.262315024059512652e+05 2.102968338915667264e+05 2.948612654133830074e+04 2.324315726137256934e+04 8.035318715757760219e+04 2.948598715017235736e+04 5.023111464338805672e+04
1.016963156397484127e+05 6.968167419486874132e+04 1.016968197314664721e+05 3.982313890215901774e+05 2.869437559798379079e+05 1.016967336338606401e+05 4.641393521590314340e+05 6.968168797259635176e+04 6.968156996289877861e+04 1.337117447657391895e+05 2.538517746003961656e+05 1.016967063923752721e+05 1.066937129795576329e+05 1.016961939195875602e+05 5.214387533203583735e+04 5.084756900372140226e+05 1.016966246869183669e+05 3.213515704933248926e+05 1.904500651131578779e+05 1.745152938086445793e+05 1.016968469831090042e+05 8.035318715757763130e+04 3.348556236632292439e+03 1.016966324945361266e+05 3.578290212977756892e+04
1.024847300363768587e+00 5.084899868836504174e+04 1.374195290834002492e+00 4.321292109969105222e+05 3.208415724917036132e+05 1.445319977041553461e+00 4.980372521914943936e+05 5.084906192999784980e+04 5.084906261817818449e+04 1.807925890686945932e+05 2.885867503536335425e+05 1.309081279473851556e+00 1.594243782641754660e+05 9.288600772828247143e-01 1.158207797258474893e+05 5.423737780952937901e+05 1.273039088416702880e+00 3.552493148064270499e+05 2.262313907794571714e+05 2.102965021209881234e+05 1.393925607672116262e+00 2.948598715017235736e+04 1.016966324945361266e+05 4.814557741712182648e-01 7.627289211342998897e+04
7.627261026994894200e+04 4.237459545603833249e+04 7.627307844657752139e+04 4.151804772172571393e+05 3.038927759503074922e+05 7.627297632743621944e+04 4.810884658641931601e+05 3.681306496778471774e+04 4.237453545713039784e+04 1.525441385744045838e+05 2.716378913525629905e+05 7.627292669648953597e+04 1.255261428433688270e+05 7.627244492841852480e+04 7.644948915568228404e+04 5.254248688571087550e+05 7.627290951591925113e+04 3.383005780927521992e+05 2.092823371521717636e+05 1.933477023428296961e+05 7.627313368106854614e+04 5.023111464338805672e+04 3.578290212977756892e+04 7.627289211342998897e+04 3.389899013447290781e+04
