1.141270495358774228e+00 3.571601796158587968e+04 3.571615988567636668e+04 1.428596498216281761e+05 3.571609200673778105e+04 3.571633184869267279e+04 3.571614731907415990e+04 4.040334218861898407e+05 6.122663551197611378e+04 3.092353469920125790e+05 1.851247066913055023e+05 5.242134051190825412e+05 7.467770652618489112e+04 1.890000952583151816e+00 3.571621144439148338e+04 3.571600009016785043e+04 6.117508317380615044e+05 2.678494053178639151e+05 1.517883101921011403e+05 3.571612045934625348e+04 3.395996031118866085e+04 3.571614633732269431e+04 3.571620294320904941e+04 3.571613970563815383e+04 1.268821130497349368e+05
3.571601796158587968e+04 9.667021561800991369e-01 3.571605013105036778e+04 1.428592479161591618e+05 9.369017859129766293e+03 3.571606531983733294e+04 1.420108067646126626e+00 4.040331178083476261e+05 6.122658390922799299e+04 3.092350157241884153e+05 1.851241961746081943e+05 5.242132020881379140e+05 7.467750359829208173e+04 3.571603985186294449e+04 3.571600048486526794e+04 3.571563970686512039e+04 6.117506578572345898e+05 2.678489717144891038e+05 1.517878967265726533e+05 1.639507331079495270e+04 3.571625390803241316e+04 3.571584079804771318e+04 3.571604698601936252e+04 3.571581104528405558e+04 1.268817423392354394e+05
3.571615988567636668e+04 3.571605013105036778e+04 1.113808024014440123e+00 1.428595440468389716e+05 3.571600528085600672e+04 3.571637225999759539e+04 3.571611758715257747e+04 4.040334158350273501e+05 6.122664293321459991e+04 3.092353006964687374e+05 1.851245824651232979e+05 5.242133370850022766e+05 7.467766866824396129e+04 3.571623419418179401e+04 1.669409107481165666e+00 3.571598023076928075e+04 6.117506973948889645e+05 2.678493361582714715e+05 1.517881740941701573e+05 1.932262255103293137e+04 3.571644727774539206e+04 3.571602045140972041e+04 3.571626322546077427e+04 3.571612648848736717e+04 1.268821207775828807e+05
1.428596498216281761e+05 1.428592479161591618e+05 1.428595440468389424e+05 2.836441309849388563e+04 1.428592374347966106e+05 1.428595880752511730e+05 1.428592654911956342e+05 3.683191531896842644e+05 1.091142290025831899e+05 2.735212558820395498e+05 7.940766089791465492e+04 4.884992301898768055e+05 1.065548236649023893e+05 1.428594004197380273e+05 1.428594664362372423e+05 1.428590880875974544e+05 5.760364611698385561e+05 2.047552593902191729e+05 7.386612882932199864e+04 1.428595085475403466e+05 1.428597264116395381e+05 1.428593248669838067e+05 1.428594392955354415e+05 1.428593370540609758e+05 6.828358053188613849e+04
3.571609200673778105e+04 9.369017859129768112e+03 3.571600528085600672e+04 1.428592374347966106e+05 1.382204001358961796e+04 3.571602666586564010e+04 9.369057305309146614e+03 4.040331536818501772e+05 6.122647424237329687e+04 3.092350654809928383e+05 1.851241906955281156e+05 5.242131870401925407e+05 7.467735158828140993e+04 3.571598529251033324e+04 3.571599076720871381e+04 2.634789763946559106e+04 6.117506357211653376e+05 2.678489520437511965e+05 1.517879679150674492e+05 2.146280991730926326e+04 3.556256090953204694e+04 2.634811140615189288e+04 3.571596615086858219e+04 2.634812575747792289e+04 1.268817459096765815e+05
3.571633184869267279e+04 3.571606531983733294e+04 3.571637225999759539e+04 1.428595880752511439e+05 3.571602666586564010e+04 1.144748024527363572e+00 3.571615262488609005e+04 4.040334065791388857e+05 6.122694994833258534e+04 3.092352695679903263e+05 1.851246565699991188e+05 5.242134244922783691e+05 7.467775441656282055e+04 3.571614948117220774e+04 3.571628580681434687e+04 3.571597361344167439e+04 6.117508648146854248e+05 2.678492551089845365e+05 1.517883438376541890e+05 3.571620570796727407e+04 3.395994162673321989e+04 3.571618525620407308e+04 1.779014220968332838e+00 3.571617310901323799e+04 1.268820475990566483e+05
3.571614731907415990e+04 1.420108067646126848e+00 3.571611758715257747e+04 1.428592654911956342e+05 9.369057305309144795e+03 3.571615262488609005e+04 9.403448032871615236e-01 4.040332454287093133e+05 6.122649080622634210e+04 3.092351303655664087e+05 1.851242486572894559e+05 5.242132503271513851e+05 7.467747863990096084e+04 3.571607501963643881e+04 3.571611447310123913e+04 3.571570401045253675e+04 6.117506849836793263e+05 2.678490392197257606e+05 1.517878958259555802e+05 1.639508108573043864e+04 3.571625619887740322e+04 3.571596537205855566e+04 3.571610586335956759e+04 3.571592482110972924e+04 1.268817919113407406e+05
4.040334218861898407e+05 4.040331178083476261e+05 4.040334158350273501e+05 3.683191531896842062e+05 4.040331536818501772e+05 4.040334065791389439e+05 4.040332454287093133e+05 1.971474765132782049e+05 3.785233408080660156e+05 2.764820699957204051e+05 3.326050466233308543e+05 4.197836821532874019e+05 3.683191558298746240e+05 4.040333286007522256e+05 4.040334018849899294e+05 4.040330844082065742e+05 5.239579791350339656e+05 3.001130493298505316e+05 3.593906307736556628e+05 4.040333892386260559e+05 4.040334594899807125e+05 4.040333257585503743e+05 4.040334190820382792e+05 4.040332386520602158e+05 3.683191590886387276e+05
6.122663551197611378e+04 6.122658390922799299e+04 6.122664293321459991e+04 1.091142290025831899e+05 6.122647424237329687e+04 6.122694994833258534e+04 6.122649080622634210e+04 3.785233408080660738e+05 3.769052814607046457e+04 2.837252275215259288e+05 1.556215676066008455e+05 4.987032321371936123e+05 4.097044776715790067e+04 6.122685273256323126e+04 6.122663814277744677e+04 6.122635461235605908e+04 5.862406300746242050e+05 2.423391545090840664e+05 1.262780837267168681e+05 6.122661421147346846e+04 5.034246823465035413e+04 6.122655693818748841e+04 6.122681990431958548e+04 6.122658507851682225e+04 1.013717172185490199e+05
3.092353469920125790e+05 3.092350157241884153e+05 3.092353006964687374e+05 2.735212558820396662e+05 3.092350654809928383e+05 3.092352695679903845e+05 3.092351303655665251e+05 2.764820699957205215e+05 2.837252275215259288e+05 7.333020061136380536e+04 2.378069325991676014e+05 4.425104400028904201e+05 2.735211867176129017e+05 3.092353726932593272e+05 3.092352348363115452e+05 3.092349970726066385e+05 5.384811108185257763e+05 1.780286637564535777e+05 2.645924545470344019e+05 3.092352494073577691e+05 3.092353641133267665e+05 3.092351006281910231e+05 3.092353273594056373e+05 3.092350668181927176e+05 2.735211915185980033e+05
1.851247066913055023e+05 1.851241961746081943e+05 1.851245824651232979e+05 7.940766089791465492e+04 1.851241906955281156e+05 1.851246565699991188e+05 1.851242486572894559e+05 3.326050466233309126e+05 1.556215676066008164e+05 2.378069325991676014e+05 2.452090967189248477e+04 4.527848098875854630e+05 1.494103558244132728e+05 1.851245959079235326e+05 1.851244035447416536e+05 1.851241028514283535e+05 5.403224050785391591e+05 1.625190564009145892e+05 1.047677391754653509e+05 1.851244954326510488e+05 1.851247092517832061e+05 1.851243167493029905e+05 1.851246140002219763e+05 1.851242681827989290e+05 1.296736234383351257e+05
5.242134051190825412e+05 5.242132020881379722e+05 5.242133370850022766e+05 4.884992301898768637e+05 5.242131870401926572e+05 5.242134244922784274e+05 5.242132503271514433e+05 4.197836821532875183e+05 4.987032321371934959e+05 4.425104400028903619e+05 4.527848098875852884e+05 2.358324264591499523e+05 4.884991931541712256e+05 5.242134097480775090e+05 5.242132431833835435e+05 5.242131709978548461e+05 4.601291941065203864e+05 4.352773166385150398e+05 4.795706082226809231e+05 5.242133496038461453e+05 5.242134569937592605e+05 5.242133048034380772e+05 5.242134292393012438e+05 5.242133022003613296e+05 4.884992370686618378e+05
7.467770652618489112e+04 7.467750359829208173e+04 7.467766866824396129e+04 1.065548236649024038e+05 7.467735158828140993e+04 7.467775441656282055e+04 7.467747863990097539e+04 3.683191558298746240e+05 4.097044776715790067e+04 2.735211867176128435e+05 1.494103558244132728e+05 4.884991931541712256e+05 5.904582614316665058e+03 7.467774838234471099e+04 7.467764099568624806e+04 7.467725402596632193e+04 5.760365089505086653e+05 2.321351084231005807e+05 1.128272714996990399e+05 7.467762192193779629e+04 7.467764107432895980e+04 7.467755624941184942e+04 7.467758069633248670e+04 7.467755412131984485e+04 8.792080384403049538e+04
1.890000952583151816e+00 3.571603985186294449e+04 3.571623419418179401e+04 1.428594004197380273e+05 3.571598529251033324e+04 3.571614948117220774e+04 3.571607501963643881e+04 4.040333286007522256e+05 6.122685273256323126e+04 3.092353726932592108e+05 1.851245959079235326e+05 5.242134097480775090e+05 7.467774838234471099e+04 1.117592152371558845e+00 3.571634207238847739e+04 3.571601037064888078e+04 6.117507272466248833e+05 2.678493691764377290e+05 1.517880921517220268e+05 3.571621961648433353e+04 3.396013327152540296e+04 3.571620540808230726e+04 3.571602972247760772e+04 3.571619749360551214e+04 1.268819519726785365e+05
3.571621144439148338e+04 3.571600048486526794e+04 1.669409107481165666e+00 1.428594664362372132e+05 3.571599076720871381e+04 3.571628580681434687e+04 3.571611447310123913e+04 4.040334018849899294e+05 6.122663814277744677e+04 3.092352348363114870e+05 1.851244035447416536e+05 5.242132431833835435e+05 7.467764099568624806e+04 3.571634207238847739e+04 1.069809145552103047e+00 3.571592058861946862e+04 6.117507114904047921e+05 2.678492121872730786e+05 1.517881660380582034e+05 1.932262879432836417e+04 3.571642695076143718e+04 3.571594788990054076e+04 3.571636082400129817e+04 3.571606382859550649e+04 1.268820044574563653e+05
3.571600009016785771e+04 3.571563970686513494e+04 3.571598023076928803e+04 1.428590880875974835e+05 2.634789763946559833e+04 3.571597361344168166e+04 3.571570401045254403e+04 4.040330844082065742e+05 6.122635461235606635e+04 3.092349970726065803e+05 1.851241028514283535e+05 5.242131709978548461e+05 7.467725402596633648e+04 3.571601037064889533e+04 3.571592058861947589e+04 7.884830454873248406e-01 6.117506146749039181e+05 2.678488214279731037e+05 1.517878343108940462e+05 3.571585558886385843e+04 3.513056625773306587e+04 1.399142814947325730e+00 3.571598606568781543e+04 1.311859109492104603e+00 1.268815246883105283e+05
6.117508317380613880e+05 6.117506578572345898e+05 6.117506973948889645e+05 5.760364611698385561e+05 6.117506357211653376e+05 6.117508648146854248e+05 6.117506849836794427e+05 5.239579791350339656e+05 5.862406300746242050e+05 5.384811108185257763e+05 5.403224050785390427e+05 4.601291941065203864e+05 5.760365089505085489e+05 6.117507272466248833e+05 6.117507114904047921e+05 6.117506146749039181e+05 2.257586579095042835e+05 5.396889821037222864e+05 5.671079406701237895e+05 6.117507383214340080e+05 6.117508853766188258e+05 6.117507136243319837e+05 6.117508141463468783e+05 6.117507457867552293e+05 5.760365508994553238e+05
2.678494053178639151e+05 2.678489717144891038e+05 2.678493361582715297e+05 2.047552593902191729e+05 2.678489520437511965e+05 2.678492551089845365e+05 2.678490392197258188e+05 3.001130493298505316e+05 2.423391545090840664e+05 1.780286637564536068e+05 1.625190564009145892e+05 4.352773166385150398e+05 2.321351084231005807e+05 2.678493691764377290e+05 2.678492121872731368e+05 2.678488214279731037e+05 5.396889821037222864e+05 1.072729701935386547e+05 2.091089428725566831e+05 2.678491559145741630e+05 2.678493305155176204e+05 2.678490076620114851e+05 2.678493613708265475e+05 2.678489336799581652e+05 2.243442330425928230e+05
1.517883101921011403e+05 1.517878967265726533e+05 1.517881740941701573e+05 7.386612882932199864e+04 1.517879679150674492e+05 1.517883438376541890e+05 1.517878958259555802e+05 3.593906307736556628e+05 1.262780837267168681e+05 2.645924545470344019e+05 1.047677391754653509e+05 4.795706082226809231e+05 1.128272714996990399e+05 1.517880921517220268e+05 1.517881660380582034e+05 1.517878343108940171e+05 5.671079406701237895e+05 2.091089428725566249e+05 1.339455791292228969e+04 1.517881976584004879e+05 1.517884575772745011e+05 1.517880283112012839e+05 1.517881798963643087e+05 1.517880653038794117e+05 5.242612308108828438e+04
3.571612045934625348e+04 1.639507331079495270e+04 1.932262255103293137e+04 1.428595085475403757e+05 2.146280991730926326e+04 3.571620570796727407e+04 1.639508108573043501e+04 4.040333892386260559e+05 6.122661421147346846e+04 3.092352494073577109e+05 1.851244954326510488e+05 5.242133496038461453e+05 7.467762192193779629e+04 3.571621961648433353e+04 1.932262879432836417e+04 3.571585558886385115e+04 6.117507383214340080e+05 2.678491559145741630e+05 1.517881976584004879e+05 1.773829452308554391e+04 3.571631060599599732e+04 3.571597135095583508e+04 3.571622272263301420e+04 3.571601322442181845e+04 1.268819775871191378e+05
3.395996031118866085e+04 3.571625390803241316e+04 3.571644727774539206e+04 1.428597264116395381e+05 3.556256090953204694e+04 3.395994162673321989e+04 3.571625619887740322e+04 4.040334594899807125e+05 5.034246823465035413e+04 3.092353641133267083e+05 1.851247092517832061e+05 5.242134569937592023e+05 7.467764107432895980e+04 3.396013327152540296e+04 3.571642695076143718e+04 3.513056625773305859e+04 6.117508853766188258e+05 2.678493305155176204e+05 1.517884575772745011e+05 3.571631060599599732e+04 7.545230000832649239e+03 3.513084980522615660e+04 3.395995802633095445e+04 3.513080677265178383e+04 1.268821628490608564e+05
3.571614633732269431e+04 3.571584079804771318e+04 3.571602045140972041e+04 1.428593248669838358e+05 2.634811140615189288e+04 3.571618525620407308e+04 3.571596537205855566e+04 4.040333257585503161e+05 6.122655693818748841e+04 3.092351006281910231e+05 1.851243167493029905e+05 5.242133048034379608e+05 7.467755624941184942e+04 3.571620540808230726e+04 3.571594788990054076e+04 1.399142814947325730e+00 6.117507136243319837e+05 2.678490076620114269e+05 1.517880283112012839e+05 3.571597135095583508e+04 3.513084980522615660e+04 1.002324328516160490e+00 3.571624836746213259e+04 1.577135982616181931e+00 1.268817902415420249e+05
3.571620294320904941e+04 3.571604698601936252e+04 3.571626322546077427e+04 1.428594392955354124e+05 3.571596615086858219e+04 1.779014220968332616e+00 3.571610586335956759e+04 4.040334190820382792e+05 6.122681990431958548e+04 3.092353273594056373e+05 1.851246140002219763e+05 5.242134292393012438e+05 7.467758069633248670e+04 3.571602972247760772e+04 3.571636082400129817e+04 3.571598606568780087e+04 6.117508141463468783e+05 2.678493613708264311e+05 1.517881798963642796e+05 3.571622272263301420e+04 3.395995802633096173e+04 3.571624836746213259e+04 1.126992240533192691e+00 3.571621847106987116e+04 1.268819985087365931e+05
3.571613970563815383e+04 3.571581104528405558e+04 3.571612648848736717e+04 1.428593370540609758e+05 2.634812575747792289e+04 3.571617310901323799e+04 3.571592482110972924e+04 4.040332386520602158e+05 6.122658507851682225e+04 3.092350668181926594e+05 1.851242681827989290e+05 5.242133022003613296e+05 7.467755412131984485e+04 3.571619749360551214e+04 3.571606382859550649e+04 1.311859109492104603e+00 6.117507457867553458e+05 2.678489336799581652e+05 1.517880653038794117e+05 3.571601322442181845e+04 3.513080677265176928e+04 1.577135982616182153e+00 3.571621847106987116e+04 1.024574392075343621e+00 1.268818128558899916e+05
1.268821130497349368e+05 1.268817423392354394e+05 1.268821207775828807e+05 6.828358053188613849e+04 1.268817459096765815e+05 1.268820475990566483e+05 1.268817919113407406e+05 3.683191590886387276e+05 1.013717172185490199e+05 2.735211915185980033e+05 1.296736234383351257e+05 4.884992370686618378e+05 8.792080384403049538e+04 1.268819519726785365e+05 1.268820044574563653e+05 1.268815246883105137e+05 5.760365508994553238e+05 2.243442330425928230e+05 5.242612308108828438e+04 1.268819775871191378e+05 1.268821628490608564e+05 1.268817902415420249e+05 1.268819985087365931e+05 1.268818128558899916e+05 3.029160717954294159e+04
