4.311940050655332016e+04 2.563244319237589953e+05 2.563245884371706634e+05 8.196172455652590725e+04 2.563245243550989835e+05 2.207104325674695137e+05 2.563241710148643760e+05 2.563241524373136344e+05 2.563246148641733162e+05 2.563245578239641909e+05 2.563246401354371919e+05 2.563244258184091304e+05 2.483880843489902618e+05 2.563240978038478352e+05 1.432293617883143597e+05 2.735521193515774794e+05 2.563244707744086918e+05 2.563246107895521272e+05 2.677887461727602058e+05 2.563243411884004308e+05 2.563244384337006195e+05 2.563244503399028617e+05 1.744793745248644263e+05 1.821208322988824220e+05 2.563240444497809513e+05
2.563244319237589370e+05 1.097510250647033354e+04 2.232284909806032374e+04 2.034646719758045510e+05 7.442120245791772504e+03 1.189493717863415804e+05 1.785843825458738502e+04 1.785836843097607562e+04 4.613270260231275461e+04 7.442135480924424883e+03 6.845407633699715370e+04 1.785831088168908900e+04 7.936703525049597374e+04 1.785837147681229180e+04 1.666682994340716104e+05 3.571441759837429854e+05 7.441792760630676639e+03 7.050016995594876062e+04 3.520421057937465957e+05 1.785837957149566137e+04 3.422795286912334996e+04 7.441942974214563037e+03 1.666683490234396595e+05 3.098236499627513113e+05 1.785817542948177288e+04
2.563245884371706634e+05 2.232284909806031646e+04 4.196768979755964302e-01 2.034649451011373021e+05 2.381126073899486073e+04 1.189493565692898992e+05 2.381109218030221746e+04 2.381086184739633973e+04 2.381109205408754497e+04 2.381115464326933215e+04 4.613263383612660982e+04 2.381107939319048091e+04 7.936703234253513801e+04 2.381081356781336945e+04 1.666685208695071633e+05 3.571440712014322635e+05 2.381100403633586029e+04 5.654945779702639993e+04 3.520420591340048122e+05 2.381110090828506145e+04 1.190617467335283982e+04 2.381117540989493500e+04 1.666683944748954091e+05 3.098236535215394688e+05 2.381063355815842442e+04
8.196172455652590725e+04 2.034646719758046384e+05 2.034649451011373021e+05 1.842070757094415239e+04 2.034650504631414951e+05 1.678509643928798905e+05 2.034646742058990349e+05 2.034646058382071205e+05 2.034649944238961325e+05 2.034650188898463966e+05 2.034650519876790058e+05 2.034647352441429975e+05 1.955286460387794650e+05 2.034645799971628294e+05 8.441696146172672161e+04 2.965382739987547393e+05 2.034648253637556336e+05 2.034649336335209664e+05 2.907747706391786342e+05 2.034647166557675810e+05 2.034651002044491761e+05 2.034649177890360879e+05 1.201317037038943527e+05 2.226848812542909873e+05 2.034644175640871981e+05
2.563245243550989835e+05 7.442120245791772504e+03 2.381126073899486073e+04 2.034650504631414951e+05 2.711228386517480216e-01 1.189494386007479625e+05 2.381106024820895618e+04 2.381102434995872318e+04 4.762079046061014378e+04 1.477277542715080161e+00 6.994236308579925389e+04 2.381111521891343727e+04 7.936687900944698777e+04 2.381087981513204431e+04 1.666684813606794050e+05 3.571442712441878975e+05 1.637171180572339235e+00 7.143043374448842951e+04 3.520423049886618392e+05 2.381123604456265457e+04 3.571592866394483281e+04 1.434508309921552094e+00 1.666684552345801494e+05 3.098236141924425610e+05 2.381067159663445273e+04
2.207104325674695137e+05 1.189493717863415804e+05 1.189493565692898992e+05 1.678509643928798905e+05 1.189494386007479625e+05 4.051579500203727366e+04 1.189491664731190394e+05 1.189491048951557896e+05 1.189495065458858007e+05 1.189494083964519959e+05 9.662808238177078601e+04 1.189492405010189686e+05 5.446497619790080353e+04 1.189489612607409508e+05 1.102210513564358262e+05 3.299333906926406780e+05 1.189492821339278307e+05 8.621124861939829134e+04 3.248314349278128357e+05 1.189492506937305734e+05 1.189495923889383848e+05 1.189495308925875433e+05 8.343489144996131654e+04 2.821185077438117005e+05 1.189488742176047963e+05
2.563241710148643760e+05 1.785843825458739229e+04 2.381109218030222110e+04 2.034646742058990931e+05 2.381106024820895982e+04 1.189491664731190540e+05 3.552961999783030844e-01 9.026235330440417481e-01 4.762069916613579699e+04 2.381104745021657072e+04 6.994203422447494813e+04 1.091165122551182476e+00 7.936666794275723805e+04 9.620596633073306148e-01 1.666681653050098394e+05 3.571439319725647802e+05 2.381099157663371079e+04 7.143019071592122782e+04 3.520418998506450444e+05 1.023916615320817236e+00 3.571590928129102394e+04 2.381111645047564889e+04 1.666681264822796802e+05 3.098233766722669243e+05 7.170252800737260124e-01
2.563241524373136344e+05 1.785836843097607562e+04 2.381086184739633973e+04 2.034646058382071496e+05 2.381102434995872318e+04 1.189491048951557896e+05 9.026235330440415261e-01 3.009380702187196555e-01 4.762051226009619859e+04 2.381107846004600287e+04 6.994191306839293975e+04 1.153154570510100063e+00 7.936662292829250509e+04 6.504282898987684414e-01 1.666680786503525160e+05 3.571439211342598428e+05 2.381090955867892626e+04 7.143003908111393685e+04 3.520418390427446575e+05 1.126995784141167301e+00 3.571579706661214004e+04 2.381093925313672298e+04 1.666680653228315641e+05 3.098233272529859096e+05 6.368130401014246988e-01
2.563246148641733162e+05 4.613270260231275461e+04 2.381109205408754860e+04 2.034649944238961325e+05 4.762079046061014378e+04 1.189495065458858007e+05 4.762069916613579699e+04 4.762051226009620586e+04 2.775761371741369832e-01 4.762084600726124336e+04 3.224373238460273569e+04 4.762076637996364298e+04 7.936706682831881335e+04 4.762042389812060719e+04 1.666684014943446382e+05 3.571443845321344561e+05 4.762088353764842032e+04 5.654951910487490386e+04 3.520423391806602594e+05 4.762075614444711391e+04 1.190594192702609143e+04 4.762091627223831892e+04 1.666682742382131692e+05 3.098237963257327792e+05 4.762022523915409693e+04
2.563245578239641909e+05 7.442135480924424883e+03 2.381115464326933215e+04 2.034650188898463966e+05 1.477277542715080161e+00 1.189494083964519959e+05 2.381104745021657072e+04 2.381107846004600287e+04 4.762084600726124336e+04 4.848640540249250508e-01 6.994219841617444763e+04 2.381124491097498321e+04 7.936684741451437003e+04 2.381088869262164008e+04 1.666685076975653647e+05 3.571442324318179744e+05 1.561480356598127672e+00 7.143047942130181764e+04 3.520422213972254540e+05 2.381113827949656115e+04 3.571602846577582386e+04 1.496096104166258600e+00 1.666684050494667317e+05 3.098237699859854183e+05 2.381071819273631991e+04
2.563246401354371919e+05 6.845407633699715370e+04 4.613263383612661710e+04 2.034650519876790058e+05 6.994236308579926845e+04 9.662808238177075691e+04 6.994203422447494813e+04 6.994191306839292520e+04 3.224373238460274297e+04 6.994219841617444763e+04 1.436468473732447274e+04 6.994204507870790258e+04 5.456529861183676985e+04 6.994183744116613525e+04 1.666684606169286126e+05 3.571444122187335743e+05 6.994225967296284216e+04 2.430713861725827155e+04 3.520423476886458811e+05 6.994196897181383974e+04 3.918813964969621884e+04 6.994210081628133776e+04 1.499273392130254069e+05 3.098238726249768515e+05 6.994165165553445695e+04
2.563244258184091304e+05 1.785831088168908900e+04 2.381107939319048091e+04 2.034647352441429975e+05 2.381111521891343727e+04 1.189492405010189977e+05 1.091165122551182476e+00 1.153154570510100063e+00 4.762076637996363570e+04 2.381124491097498321e+04 6.994204507870791713e+04 2.602409534694721804e-01 7.936680947713844944e+04 1.077387345047699618e+00 1.666681446685392875e+05 3.571440749770415132e+05 2.381092428785747688e+04 7.143013946276303614e+04 3.520420850193943479e+05 9.744705059101235189e-01 3.571602912802322680e+04 2.381116224051150493e+04 1.666682213107357384e+05 3.098235783266206854e+05 9.805632220447215719e-01
2.483880843489902618e+05 7.936703525049597374e+04 7.936703234253513801e+04 1.955286460387794941e+05 7.936687900944698777e+04 5.446497619790080353e+04 7.936666794275720895e+04 7.936662292829250509e+04 7.936706682831881335e+04 7.936684741451437003e+04 5.456529861183676985e+04 7.936680947713844944e+04 1.951096556437317849e+04 7.936654473004718602e+04 1.587321115479680593e+05 3.492078531746030785e+05 7.936696392845222726e+04 4.067641856701711367e+04 3.441059109977320768e+05 7.936682284106436418e+04 7.936708204588681110e+04 7.936703115185475326e+04 1.230175688662437024e+05 3.018873473332048161e+05 7.936640003510664974e+04
2.563240978038478352e+05 1.785837147681228817e+04 2.381081356781336945e+04 2.034645799971628294e+05 2.381087981513204431e+04 1.189489612607409508e+05 9.620596633073305037e-01 6.504282898987683303e-01 4.762042389812059992e+04 2.381088869262164008e+04 6.994183744116613525e+04 1.077387345047699618e+00 7.936654473004718602e+04 2.270966707652987693e-01 1.666680046153060102e+05 3.571439641160568572e+05 2.381072508468675369e+04 7.142986164477987040e+04 3.520419085409266409e+05 1.073414926360442667e+00 3.571563195254676975e+04 2.381079118201939127e+04 1.666679416681871808e+05 3.098232494792807265e+05 4.629240119492758487e-01
1.432293617883143597e+05 1.666682994340716104e+05 1.666685208695071633e+05 8.441696146172672161e+04 1.666684813606794050e+05 1.102210513564358262e+05 1.666681653050098394e+05 1.666680786503525160e+05 1.666684014943446382e+05 1.666685076975653647e+05 1.666684606169286417e+05 1.666681446685392875e+05 1.587321115479680593e+05 1.666680046153060102e+05 8.929043881003326533e+03 3.095253114478064235e+05 1.666683748689884087e+05 1.666685040314460348e+05 3.044233321452886448e+05 1.666681744009834656e+05 1.666684206546872447e+05 1.666685510278709116e+05 5.357313940400653519e+04 2.608042813149982248e+05 1.666679047757111839e+05
2.735521193515774794e+05 3.571441759837429854e+05 3.571440712014322635e+05 2.965382739987547393e+05 3.571442712441878975e+05 3.299333906926406780e+05 3.571439319725647802e+05 3.571439211342599592e+05 3.571443845321344561e+05 3.571442324318179744e+05 3.571444122187335743e+05 3.571440749770415132e+05 3.492078531746030785e+05 3.571439641160569154e+05 3.095253114478064235e+05 1.932771604771959028e+04 3.571441056379278889e+05 3.571443699752627872e+05 8.800817714409537439e+04 3.571440532190616941e+05 3.571444277549154358e+05 3.571442353479852900e+05 3.095254307359305676e+05 1.264412597925599403e+05 3.571439540462409495e+05
2.563244707744086918e+05 7.441792760630676639e+03 2.381100403633586029e+04 2.034648253637556918e+05 1.637171180572339235e+00 1.189492821339278307e+05 2.381099157663370715e+04 2.381090955867892626e+04 4.762088353764842032e+04 1.561480356598127672e+00 6.994225967296284216e+04 2.381092428785747688e+04 7.936696392845222726e+04 2.381072508468675369e+04 1.666683748689884087e+05 3.571441056379278889e+05 3.665053281023019083e-01 7.143028111078895745e+04 3.520421727636867436e+05 2.381096332080443972e+04 3.571607149382113130e+04 1.342978819251781752e+00 1.666683687204070739e+05 3.098235661128029460e+05 2.381059763558271152e+04
2.563246107895521272e+05 7.050016995594876062e+04 5.654945779702639993e+04 2.034649336335209664e+05 7.143043374448842951e+04 8.621124861939829134e+04 7.143019071592122782e+04 7.143003908111393685e+04 5.654951910487489658e+04 7.143047942130181764e+04 2.430713861725827155e+04 7.143013946276303614e+04 4.067641856701711367e+04 7.142986164477987040e+04 1.666685040314460348e+05 3.571443699752627872e+05 7.143028111078895745e+04 1.116108878186045331e+04 3.520423518346729106e+05 7.143026379433623515e+04 5.654952397375485452e+04 7.143039869742892915e+04 1.421149149245303415e+05 3.098238858625425491e+05 7.142976062061908306e+04
2.677887461727602058e+05 3.520421057937465957e+05 3.520420591340048122e+05 2.907747706391786342e+05 3.520423049886618392e+05 3.248314349278128357e+05 3.520418998506450444e+05 3.520418390427446575e+05 3.520423391806602594e+05 3.520422213972254540e+05 3.520423476886458811e+05 3.520420850193943479e+05 3.441059109977320768e+05 3.520419085409266409e+05 3.044233321452886448e+05 8.800817714409535984e+04 3.520421727636867436e+05 3.520423518346729106e+05 1.463153060165301031e+04 3.520420005695338477e+05 3.520423752834463376e+05 3.520421551566491835e+05 3.044233731704797829e+05 1.308200375216954417e+05 3.520418790226783021e+05
2.563243411884004308e+05 1.785837957149566137e+04 2.381110090828506145e+04 2.034647166557676101e+05 2.381123604456265457e+04 1.189492506937305734e+05 1.023916615320817236e+00 1.126995784141167301e+00 4.762075614444711391e+04 2.381113827949656115e+04 6.994196897181382519e+04 9.744705059101235189e-01 7.936682284106436418e+04 1.073414926360442667e+00 1.666681744009834656e+05 3.571440532190616359e+05 2.381096332080443972e+04 7.143026379433623515e+04 3.520420005695338477e+05 2.901190981033331950e-01 3.571588385236763861e+04 2.381105937121486568e+04 1.666681820375602983e+05 3.098234816399833653e+05 9.223995281606177654e-01
2.563244384337006195e+05 3.422795286912334996e+04 1.190617467335283800e+04 2.034651002044491761e+05 3.571592866394483281e+04 1.189495923889383703e+05 3.571590928129102394e+04 3.571579706661213277e+04 1.190594192702608962e+04 3.571602846577582386e+04 3.918813964969622612e+04 3.571602912802322680e+04 7.936708204588681110e+04 3.571563195254676975e+04 1.666684206546872447e+05 3.571444277549154358e+05 3.571607149382113130e+04 5.654952397375485452e+04 3.520423752834463376e+05 3.571588385236763861e+04 1.190514909246144816e+04 3.571609957951925753e+04 1.666683738427108037e+05 3.098236589699444594e+05 3.571540834249756881e+04
2.563244503399028617e+05 7.441942974214563947e+03 2.381117540989493500e+04 2.034649177890360879e+05 1.434508309921552094e+00 1.189495308925875433e+05 2.381111645047564525e+04 2.381093925313672298e+04 4.762091627223831892e+04 1.496096104166258600e+00 6.994210081628135231e+04 2.381116224051150493e+04 7.936703115185475326e+04 2.381079118201939127e+04 1.666685510278709116e+05 3.571442353479852900e+05 1.342978819251781752e+00 7.143039869742892915e+04 3.520421551566491835e+05 2.381105937121486568e+04 3.571609957951925753e+04 3.698038757997052506e-01 1.666684793228656054e+05 3.098236328239969444e+05 2.381059305503262658e+04
1.744793745248644263e+05 1.666683490234396595e+05 1.666683944748954091e+05 1.201317037038943527e+05 1.666684552345801494e+05 8.343489144996131654e+04 1.666681264822796802e+05 1.666680653228315641e+05 1.666682742382131692e+05 1.666684050494667317e+05 1.499273392130254360e+05 1.666682213107357384e+05 1.230175688662437315e+05 1.666679416681871808e+05 5.357313940400653519e+04 3.095254307359305676e+05 1.666683687204070739e+05 1.421149149245303706e+05 3.044233731704797829e+05 1.666681820375602983e+05 1.666683738427108037e+05 1.666684793228656054e+05 1.785761656045562995e+04 2.608042095183467027e+05 1.666678624015123351e+05
1.821208322988824802e+05 3.098236499627513113e+05 3.098236535215394688e+05 2.226848812542909291e+05 3.098236141924425610e+05 2.821185077438117005e+05 3.098233766722669243e+05 3.098233272529859096e+05 3.098237963257327792e+05 3.098237699859854183e+05 3.098238726249769097e+05 3.098235783266206854e+05 3.018873473332048161e+05 3.098232494792807265e+05 2.608042813149982248e+05 1.264412597925599403e+05 3.098235661128029460e+05 3.098238858625425491e+05 1.308200375216954417e+05 3.098234816399833653e+05 3.098236589699444594e+05 3.098236328239969444e+05 2.608042095183467027e+05 8.656338942083036818e+04 3.098232971732141450e+05
2.563240444497809513e+05 1.785817542948176924e+04 2.381063355815842442e+04 2.034644175640872272e+05 2.381067159663445273e+04 1.189488742176047963e+05 7.170252800737260124e-01 6.368130401014246988e-01 4.762022523915409693e+04 2.381071819273631991e+04 6.994165165553445695e+04 9.805632220447215719e-01 7.936640003510664974e+04 4.629240119492759042e-01 1.666679047757111839e+05 3.571439540462409495e+05 2.381059763558271152e+04 7.142976062061908306e+04 3.520418790226783021e+05 9.223995281606178764e-01 3.571540834249756881e+04 2.381059305503262658e+04 1.666678624015123351e+05 3.098232971732141450e+05 7.979573642019914537e-02
