2.561196496418864377e-01 1.713723002739947697e+04 6.976870838028848812e+04 2.831389214229082572e+05 2.325721634357047151e+04 2.325713235239672213e+04 2.325711854143718665e+04 2.325711218830713187e+04 6.976874789476055594e+04 2.325709938592038088e+04 2.122106080016458873e+05 8.139673447945446242e+04 1.271815687542626401e+05 2.389019888155526714e+05 2.325701940339884095e+04 6.976869746791051875e+04 1.042504650225629437e+00 2.325708965402649483e+04 3.488384153936258517e+05 1.835659185640093638e+05 8.415529043259694086e-01 5.395850152553803491e+04 1.122663169279539463e+00 6.976874585989402840e+04 4.981397105992997343e-01
1.713723002739947333e+04 9.019315661748902130e+03 6.976916066242157831e+04 2.831392575288944645e+05 1.694410907311747360e+04 2.325741160056549052e+04 2.325745347754924296e+04 2.325726357972554615e+04 6.976921707271727792e+04 2.235542922855890356e+04 2.122109925994630903e+05 8.139723762471997179e+04 1.271822069760060403e+05 2.389022356636007316e+05 2.325732649373796085e+04 6.345608685925416648e+04 1.713747042383760709e+04 2.325739016368093507e+04 3.488386445121929282e+05 1.835664265655886556e+05 1.713737730080087931e+04 3.682302795953099121e+04 1.713736995913365899e+04 6.796551885977889469e+04 1.713695476011050050e+04
6.976870838028848812e+04 6.976916066242157831e+04 3.832659762771077894e-01 2.598836210329192400e+05 6.976915961037210946e+04 6.976928593697340693e+04 6.976910730386285286e+04 6.976932086526251805e+04 1.294447588732507981e+00 6.976928022994162166e+04 1.889553762166348170e+05 5.814140311201723671e+04 1.039262681784204178e+05 2.156467007708012534e+05 6.976920296247738588e+04 2.474746529144123633e+04 6.976911139629877289e+04 6.976926501937987632e+04 3.255829904411488678e+05 1.603105780654994887e+05 6.976890450312585745e+04 3.906766249895130750e+04 6.976914185831921350e+04 4.651328784862408065e+04 6.976857898322035908e+04
2.831389214229082572e+05 2.831392575288944645e+05 2.598836210329192400e+05 6.596488946845153987e+04 2.831393850400497904e+05 2.831392149351299158e+05 2.831393799560844200e+05 2.831391215434308397e+05 2.598835347995587508e+05 2.831392849812447676e+05 1.846653017609685776e+05 2.598835403970242187e+05 2.598833440872607462e+05 1.127152760654104204e+05 2.831390369900808437e+05 2.598836103641180671e+05 2.831390346015165560e+05 2.831392048312007682e+05 1.034914657419209107e+05 2.158536532096537703e+05 2.831388741313550854e+05 2.746826341931566712e+05 2.831389595739031793e+05 2.598836111895373615e+05 2.831388091770589235e+05
2.325721634357047151e+04 1.694410907311747360e+04 6.976915961037210946e+04 2.831393850400497904e+05 1.082314426354683383e+04 8.569452785982019122e+03 8.569564387298223664e+03 2.325766620609628444e+04 6.976914127800201823e+04 2.280646247159055565e+04 2.122111077003679820e+05 8.139712530941489968e+04 1.271821184360808984e+05 2.389024404848159465e+05 2.325756255887607767e+04 6.661255797531611461e+04 2.325740634371190754e+04 2.325755601258451134e+04 3.488387967269594083e+05 1.835665935221630789e+05 2.325722508283297066e+04 4.539086394296895014e+04 2.325741334270098378e+04 6.886744579363845696e+04 2.325686550299342707e+04
2.325713235239672213e+04 2.325741160056549052e+04 6.976928593697340693e+04 2.831392149351299158e+05 8.569452785982019122e+03 2.837241098942959172e-01 1.475128849011853482e+00 2.325747756114634103e+04 6.976927094436372863e+04 2.325731301243708367e+04 2.122110356729295454e+05 8.139712927694332029e+04 1.271821228267634724e+05 2.389024151224970992e+05 2.325749298799495955e+04 6.976926017441862496e+04 2.325741420018084682e+04 2.325754412806528489e+04 3.488387407546973554e+05 1.835664425708346535e+05 2.325730073149978489e+04 5.395891268242109800e+04 2.325739771424319406e+04 6.976929721572184644e+04 2.325694181113295781e+04
2.325711854143718665e+04 2.325745347754924296e+04 6.976910730386285286e+04 2.831393799560844200e+05 8.569564387298223664e+03 1.475128849011853482e+00 4.431758283849989155e-01 2.325751629612932084e+04 6.976927087753804517e+04 2.325735702441896501e+04 2.122111088968087279e+05 8.139724767180730123e+04 1.271820734990149358e+05 2.389025090764450433e+05 2.325745752948768131e+04 6.976928467642172473e+04 2.325735356040614352e+04 2.325744328567389675e+04 3.488387258258349029e+05 1.835663504318434861e+05 2.325726893715995539e+04 5.395886612484361831e+04 2.325738308791864256e+04 6.976916128814767580e+04 2.325694368687981114e+04
2.325711218830713187e+04 2.325726357972554615e+04 6.976932086526251805e+04 2.831391215434308397e+05 2.325766620609628444e+04 2.325747756114634103e+04 2.325751629612932084e+04 3.800598344913025950e-01 6.976927157017121499e+04 1.225349671407698224e+03 2.122110358072191884e+05 8.139729462502937531e+04 1.271819978743261890e+05 2.389024068860629341e+05 1.351697681629190573e+00 6.976919549418607494e+04 2.325719385675805461e+04 1.149414980054288105e+00 3.488386457256674184e+05 1.835662705805526639e+05 2.325722614876778607e+04 5.395882698657336732e+04 2.325718221536045166e+04 6.976916523195369518e+04 2.325684260127360903e+04
6.976874789476055594e+04 6.976921707271727792e+04 1.294447588732507981e+00 2.598835347995587508e+05 6.976914127800201823e+04 6.976927094436372863e+04 6.976927087753804517e+04 6.976927157017121499e+04 4.236046731191623338e-01 6.976914643895351037e+04 1.889552705868607154e+05 5.814125165926182672e+04 1.039261793398362352e+05 2.156467755778882711e+05 6.976916163407306885e+04 2.474747496311733266e+04 6.976907233956325217e+04 6.976927107558140415e+04 3.255829961595219211e+05 1.603106478299647861e+05 6.976892432806751458e+04 3.906764898643900960e+04 6.976914327494373720e+04 4.651326524123668059e+04 6.976854151454486419e+04
2.325709938592038088e+04 2.235542922855890356e+04 6.976928022994162166e+04 2.831392849812447676e+05 2.280646247159054838e+04 2.325731301243708367e+04 2.325735702441896501e+04 1.225349671407698224e+03 6.976914643895351037e+04 2.319546120081873141e+03 2.122110616878832516e+05 8.139712930301499728e+04 1.271819949877895851e+05 2.389023886665153259e+05 1.225409717227375722e+03 6.931835397787873808e+04 2.325727264108970849e+04 1.225332373399708331e+03 3.488387480350989499e+05 1.835663444120225031e+05 2.325728455090912394e+04 5.273500508152376278e+04 2.325723650331866884e+04 6.964044038902467582e+04 2.325685379132224261e+04
2.122106080016458873e+05 2.122109925994630903e+05 1.889553762166348170e+05 1.846653017609685776e+05 2.122111077003679820e+05 2.122110356729295454e+05 2.122111088968087279e+05 2.122110358072191884e+05 1.889552705868607154e+05 2.122110616878832516e+05 2.398294238835138094e+04 1.824146434020629968e+05 1.471341626058629481e+05 1.158245384641703276e+05 2.122108737753279274e+05 1.889553992249739822e+05 2.122108159301084816e+05 2.122108198522479797e+05 2.529082362383525178e+05 5.190182142482054769e+04 2.122106151769494172e+05 2.037546009297380224e+05 2.122108475962409575e+05 1.889553981585350703e+05 2.122105184356638929e+05
8.139673447945446242e+04 8.139723762471997179e+04 5.814140311201723671e+04 2.598835403970242187e+05 8.139712530941489968e+04 8.139712927694332029e+04 8.139724767180730123e+04 8.139729462502937531e+04 5.814125165926182672e+04 8.139712930301499728e+04 1.824146434020630259e+05 2.904825508618471576e+04 6.302860517983242607e+04 2.077335522430270212e+05 8.139709639486522065e+04 5.040403935989258753e+04 8.139698767831173609e+04 8.139720886921543570e+04 3.255829967301495490e+05 1.486826295149453217e+05 8.139683382461419387e+04 7.294058729196961212e+04 8.139713194896910863e+04 2.621101488599802906e+04 8.139660150866399636e+04
1.271815687542626401e+05 1.271822069760060403e+05 1.039262681784204178e+05 2.598833440872607462e+05 1.271821184360808984e+05 1.271821228267634724e+05 1.271820734990149358e+05 1.271819978743261890e+05 1.039261793398362352e+05 1.271819949877895851e+05 1.471341626058629481e+05 6.302860517983242607e+04 2.060170933059986419e+04 1.982252246084674844e+05 1.271819083442496922e+05 1.039261994123742334e+05 1.271817606789132842e+05 1.271820392147708044e+05 3.255828203660747386e+05 9.677761286140009179e+04 1.271815790448998450e+05 1.187253755917369563e+05 1.271818236224124703e+05 8.859414715517390869e+04 1.271814868391362543e+05
2.389019888155526714e+05 2.389022356636007316e+05 2.156467007708012534e+05 1.127152760654104204e+05 2.389024404848159465e+05 2.389024151224970992e+05 2.389025090764450433e+05 2.389024068860629341e+05 2.156467755778882711e+05 2.389023886665153259e+05 1.158245384641703276e+05 2.077335522430270212e+05 1.982252246084674844e+05 4.363395213666168274e+04 2.389022901837188401e+05 2.156468062149183825e+05 2.389021623578087019e+05 2.389023390899973747e+05 2.074846168992441380e+05 1.590043434194586007e+05 2.389019880004143342e+05 2.304458441217923246e+05 2.389020941538757761e+05 2.156467838731992233e+05 2.389019569778775331e+05
2.325701940339884095e+04 2.325732649373796085e+04 6.976920296247738588e+04 2.831390369900808437e+05 2.325756255887607767e+04 2.325749298799495955e+04 2.325745752948768131e+04 1.351697681629190573e+00 6.976916163407306885e+04 1.225409717227375722e+03 2.122108737753279274e+05 8.139709639486522065e+04 1.271819083442496922e+05 2.389022901837188401e+05 2.501744336984884631e-01 6.976925961867306614e+04 2.325707973904536266e+04 1.202380700214911835e+00 3.488384574549345416e+05 1.835662138048835332e+05 2.325717404294228618e+04 5.395898378303003119e+04 2.325698741893611805e+04 6.976927145539880439e+04 2.325683796996626188e+04
6.976869746791051875e+04 6.345608685925416648e+04 2.474746529144123633e+04 2.598836103641180671e+05 6.661255797531611461e+04 6.976926017441862496e+04 6.976928467642172473e+04 6.976919549418607494e+04 2.474747496311733266e+04 6.931835397787873808e+04 1.889553992249739822e+05 5.040403935989257297e+04 1.039261994123742334e+05 2.156468062149183825e+05 6.976925961867306614e+04 2.067046659385339080e+04 6.976911054029794468e+04 6.976923134689923609e+04 3.255832012371780002e+05 1.603106659860275977e+05 6.976890578263252974e+04 4.597418708915460593e+04 6.976917089122282050e+04 2.943311516480243881e+04 6.976857977179436421e+04
1.042504650225629215e+00 1.713747042383760709e+04 6.976911139629877289e+04 2.831390346015165560e+05 2.325740634371190754e+04 2.325741420018084682e+04 2.325735356040614352e+04 2.325719385675805461e+04 6.976907233956325217e+04 2.325727264108970849e+04 2.122108159301084816e+05 8.139698767831173609e+04 1.271817606789132842e+05 2.389021623578087019e+05 2.325707973904536266e+04 6.976911054029794468e+04 3.991324818181776202e-01 2.325706780273898039e+04 3.488385062466104282e+05 1.835662208735684690e+05 1.032541693555500517e+00 5.395870979103735590e+04 9.729921698412681286e-01 6.976909929472288059e+04 8.471232694245891537e-01
2.325708965402649483e+04 2.325739016368093507e+04 6.976926501937987632e+04 2.831392048312007682e+05 2.325755601258451134e+04 2.325754412806528489e+04 2.325744328567389675e+04 1.149414980054288105e+00 6.976927107558140415e+04 1.225332373399708331e+03 2.122108198522479797e+05 8.139720886921543570e+04 1.271820392147708044e+05 2.389023390899973747e+05 1.202380700214911835e+00 6.976923134689923609e+04 2.325706780273898039e+04 3.771073439423812124e-01 3.488385199071626412e+05 1.835662256014118902e+05 2.325717230188752001e+04 5.395896405439325463e+04 2.325716235656951176e+04 6.976928346183015674e+04 2.325681694894564498e+04
3.488384153936257935e+05 3.488386445121929282e+05 3.255829904411488678e+05 1.034914657419209107e+05 3.488387967269594083e+05 3.488387407546973554e+05 3.488387258258349029e+05 3.488386457256674184e+05 3.255829961595219211e+05 3.488387480350989499e+05 2.529082362383525178e+05 3.255829967301495490e+05 3.255828203660747386e+05 2.074846168992441380e+05 3.488384574549345416e+05 3.255832012371779419e+05 3.488385062466104282e+05 3.488385199071626412e+05 1.423479028374461108e-01 2.815531352345223422e+05 3.488383413724334096e+05 3.403820740769741824e+05 3.488384536518859095e+05 3.255832133936261525e+05 3.488382693007221096e+05
1.835659185640093638e+05 1.835664265655886556e+05 1.603105780654994887e+05 2.158536532096537412e+05 1.835665935221630789e+05 1.835664425708346535e+05 1.835663504318434861e+05 1.835662705805526639e+05 1.603106478299647861e+05 1.835663444120225322e+05 5.190182142482055497e+04 1.486826295149453217e+05 9.677761286140007724e+04 1.590043434194586007e+05 1.835662138048835332e+05 1.603106659860275977e+05 1.835662208735684690e+05 1.835662256014118902e+05 2.815531352345223422e+05 2.208312971328632193e+04 1.835660678722107841e+05 1.751099325332149165e+05 1.835661944196612458e+05 1.603106003343619814e+05 1.835659331303949584e+05
8.415529043259694086e-01 1.713737730080087931e+04 6.976890450312585745e+04 2.831388741313550854e+05 2.325722508283297066e+04 2.325730073149978489e+04 2.325726893715995539e+04 2.325722614876778607e+04 6.976892432806751458e+04 2.325728455090912394e+04 2.122106151769494172e+05 8.139683382461419387e+04 1.271815790448998450e+05 2.389019880004143342e+05 2.325717404294228618e+04 6.976890578263252974e+04 1.032541693555500517e+00 2.325717230188752001e+04 3.488383413724334096e+05 1.835660678722107841e+05 2.846599406637151941e-01 5.395858319226132153e+04 1.070856983244418359e+00 6.976893559240734612e+04 6.460568814500690094e-01
5.395850152553804219e+04 3.682302795953099121e+04 3.906766249895131477e+04 2.746826341931566712e+05 4.539086394296895014e+04 5.395891268242109800e+04 5.395886612484361831e+04 5.395882698657336732e+04 3.906764898643900960e+04 5.273500508152376278e+04 2.037546009297380224e+05 7.294058729196961212e+04 1.187253755917369563e+05 2.304458441217923246e+05 5.395898378303003847e+04 4.597418708915460593e+04 5.395870979103735590e+04 5.395896405439325463e+04 3.403820740769741824e+05 1.751099325332149165e+05 5.395858319226132153e+04 1.269768298273086475e+04 5.395878144615520432e+04 5.886434324206338351e+04 5.395821226208853477e+04
1.122663169279539463e+00 1.713736995913366263e+04 6.976914185831921350e+04 2.831389595739031793e+05 2.325741334270098378e+04 2.325739771424319406e+04 2.325738308791864256e+04 2.325718221536045166e+04 6.976914327494373720e+04 2.325723650331866884e+04 2.122108475962409575e+05 8.139713194896910863e+04 1.271818236224124703e+05 2.389020941538757761e+05 2.325698741893611805e+04 6.976917089122282050e+04 9.729921698412681286e-01 2.325716235656951176e+04 3.488384536518859095e+05 1.835661944196612458e+05 1.070856983244418359e+00 5.395878144615521160e+04 3.673395851034924608e-01 6.976918728120464948e+04 9.339024225082691588e-01
6.976874585989402840e+04 6.796551885977889469e+04 4.651328784862408065e+04 2.598836111895373615e+05 6.886744579363845696e+04 6.976929721572184644e+04 6.976916128814767580e+04 6.976916523195369518e+04 4.651326524123668059e+04 6.964044038902467582e+04 1.889553981585350703e+05 2.621101488599802906e+04 8.859414715517390869e+04 2.156467838731992233e+05 6.976927145539880439e+04 2.943311516480243881e+04 6.976909929472288059e+04 6.976928346183015674e+04 3.255832133936261525e+05 1.603106003343619814e+05 6.976893559240734612e+04 5.886434324206337624e+04 6.976918728120464948e+04 4.381026394116060146e+03 6.976863155063534214e+04
4.981397105992997898e-01 1.713695476011050050e+04 6.976857898322035908e+04 2.831388091770589235e+05 2.325686550299342707e+04 2.325694181113295781e+04 2.325694368687981114e+04 2.325684260127360903e+04 6.976854151454486419e+04 2.325685379132224261e+04 2.122105184356638638e+05 8.139660150866399636e+04 1.271814868391362543e+05 2.389019569778775331e+05 2.325683796996626188e+04 6.976857977179436421e+04 8.471232694245894868e-01 2.325681694894564498e+04 3.488382693007221096e+05 1.835659331303949584e+05 6.460568814500690094e-01 5.395821226208852022e+04 9.339024225082688258e-01 6.976863155063534214e+04 1.182904395685287213e-01
