4.442613648870168408e-01 6.666829548955628707e+04 6.666826618373626843e+04 1.294837215335093242e+04 1.422697156182454403e+00 4.326030875147104380e+05 1.042830689578560177e+00 5.001724598059958080e+05 2.666818643091797639e+04 3.839148018225170672e+05 8.469941996496701542e-01 5.478719171524151461e+05 1.249194885900879237e+00 1.452502425363105587e+00 1.809540309878037951e+05 1.377793071716818085e+05 1.429328804335623593e+00 3.049407332208993030e+05 6.666822626768378541e+04 3.396549129247997189e+05 2.541882508297557069e+05 5.641970089283253037e+04 1.023643762832169068e+00 6.666826540663733613e+04 1.065400107507736102e+05
6.666829548955628707e+04 5.469817079981745822e-01 1.333524682711499190e+04 5.372165114140798687e+04 6.666862761350820074e+04 4.326033721382774529e+05 6.666838920201089059e+04 5.001727327066544676e+05 4.000185743172953516e+04 3.839150392470742227e+05 6.666792722765437793e+04 5.478722322117913282e+05 6.666843236633342167e+04 6.666863354235641600e+04 1.643082480218250421e+05 1.111131259101718315e+05 6.666843585011313553e+04 3.049409416832668940e+05 1.217560665781013995e+04 3.396552332360793953e+05 2.541886555093920615e+05 2.285891746945410705e+04 6.666820952711981954e+04 1.333499703150752248e+04 7.987377069816972653e+04
6.666826618373626843e+04 1.333524682711499008e+04 5.430073774014794186e-01 5.372162167218291870e+04 6.666861387106445909e+04 4.326032976187472232e+05 6.666840156570753607e+04 5.001727523996689706e+05 4.000181989758623968e+04 3.839151808600714430e+05 6.666794910344034724e+04 5.478722075353015680e+05 6.666848881650353724e+04 6.666864898355652986e+04 1.643083515277819242e+05 1.111129515002669214e+05 6.666866218094022770e+04 3.049411064346019411e+05 1.217559042845899421e+04 3.396552441702747601e+05 2.541885917487767583e+05 2.285906378740282889e+04 6.666817956970352679e+04 1.333493203000389440e+04 7.987358131493555265e+04
1.294837215335093242e+04 5.372165114140797959e+04 5.372162167218291870e+04 1.157240748437878574e+04 1.294855253801725667e+04 4.326032158474391908e+05 1.294847737624475667e+04 5.001726719014295959e+05 1.372122616174130053e+04 3.839151548772901879e+05 1.294799762180228572e+04 5.478721033229680033e+05 1.294846975820668195e+04 1.294845353968926611e+04 1.793663761895442149e+05 1.337217153130318038e+05 1.294846504446792460e+04 3.049409440739305574e+05 5.372146722871853126e+04 3.396550692899065907e+05 2.541885456674879533e+05 4.347281475048757420e+04 1.294826591419834949e+04 5.372164910155061079e+04 1.024823654741157079e+05
1.422697156182454403e+00 6.666862761350820074e+04 6.666861387106445909e+04 1.294855253801725667e+04 5.297516832340183335e-01 4.326032479291552445e+05 1.450700933947857596e+00 5.001726909227010328e+05 2.666825182867329204e+04 3.839149188777399249e+05 1.220045130849857884e+00 5.478721247558936011e+05 1.455932925092647157e+00 1.443583290828907684e+00 1.809542158220697020e+05 1.377796356980708370e+05 1.479907549282746704e+00 3.049408707474109251e+05 6.666847189038102806e+04 3.396551240437465021e+05 2.541884716457815666e+05 5.641991808570626745e+04 1.437658668195819667e+00 6.666855966849884135e+04 1.065402910775429336e+05
4.326030875147104380e+05 4.326033721382774529e+05 4.326032976187472232e+05 4.326032158474392490e+05 4.326032479291552445e+05 7.297049622695890139e+04 4.326031012042126385e+05 2.106475043605802639e+05 4.326032778447556193e+05 1.998322617490686534e+05 4.326030067539574229e+05 2.828691822887620656e+05 4.326031710130201536e+05 4.326031669331528246e+05 3.649465864753915230e+05 3.970478096261789324e+05 4.326032255492873956e+05 2.749224937070176820e+05 4.326033752289988333e+05 2.304360851400076936e+05 3.060335249557698844e+05 4.326032643981187721e+05 4.326030258691046038e+05 4.326033744839332066e+05 4.142699599265408469e+05
1.042830689578560399e+00 6.666838920201089059e+04 6.666840156570753607e+04 1.294847737624475667e+04 1.450700933947857596e+00 4.326031012042126385e+05 4.577562447542092849e-01 5.001725278905517189e+05 2.666824561597430511e+04 3.839148286510246689e+05 9.496900159879331227e-01 5.478719823965401156e+05 1.181145858032887297e+00 1.475798322789331207e+00 1.809540915552328806e+05 1.377794056335506903e+05 1.423971659726832595e+00 3.049407356431813678e+05 6.666834035928173398e+04 3.396550046116114245e+05 2.541883239805785124e+05 5.641979710305177287e+04 1.172280675247350912e+00 6.666834649433036975e+04 1.065400973692214611e+05
5.001724598059958080e+05 5.001727327066544676e+05 5.001727523996689706e+05 5.001726719014296541e+05 5.001726909227010328e+05 2.106475043605802639e+05 5.001725278905517189e+05 9.501054604626000219e+04 5.001727154849442304e+05 2.918650464667666820e+05 5.001724420842901454e+05 2.210956618878693553e+05 5.001725609074245440e+05 5.001726639399084961e+05 4.258872233305247501e+05 4.601728290070936200e+05 5.001725451545181568e+05 3.668396622487812419e+05 5.001727105442477041e+05 3.231184807777972892e+05 3.757284828590493416e+05 5.001727107521599974e+05 5.001725005279530305e+05 5.001728387080812245e+05 4.818393529698348721e+05
2.666818643091797276e+04 4.000185743172953516e+04 4.000181989758623968e+04 1.372122616174129871e+04 2.666825182867328476e+04 4.326032778447555611e+05 2.666824561597430147e+04 5.001727154849442304e+05 5.017556605889479382e-01 3.839150856235773535e+05 2.666785278569313959e+04 5.478721440416791011e+05 2.666839303564704460e+04 2.666834279744238665e+04 1.757369087324098218e+05 1.244463238397488312e+05 2.666842195180213821e+04 3.049408837060870137e+05 4.000170907956513111e+04 3.396552450006186846e+05 2.541885584760442725e+05 2.975300149498839892e+04 2.666814443054169897e+04 4.000177933854650473e+04 9.320695864317931409e+04
3.839148018225170672e+05 3.839150392470742227e+05 3.839151808600714430e+05 3.839151548772901879e+05 3.839149188777399249e+05 1.998322617490686534e+05 3.839148286510246689e+05 2.918650464667666238e+05 3.839150856235773535e+05 5.827994933325847524e+04 3.839147063763589249e+05 3.377269040915809455e+05 3.839149301538132713e+05 3.839150223630374530e+05 3.148468528551377240e+05 3.483596409518052242e+05 3.839148714811004465e+05 2.098231829063293990e+05 3.839151239898322383e+05 1.530046267780605995e+05 2.476015095528886013e+05 3.839151402809248539e+05 3.839147648556356435e+05 3.839151803058664664e+05 3.655818520462013548e+05
8.469941996496701542e-01 6.666792722765437793e+04 6.666794910344036180e+04 1.294799762180228572e+04 1.220045130849857884e+00 4.326030067539574229e+05 9.496900159879331227e-01 5.001724420842901454e+05 2.666785278569314323e+04 3.839147063763589249e+05 2.680372516657034687e-01 5.478718765028606867e+05 9.823121209100895701e-01 1.205073940103719599e+00 1.809537311858086032e+05 1.377791845905424561e+05 1.197897100528226177e+00 3.049404931566557498e+05 6.666783508048347721e+04 3.396547535999992397e+05 2.541880894284827227e+05 5.641943544477226533e+04 6.513973405856794407e-01 6.666793540704456973e+04 1.065398232065444317e+05
5.478719171524151461e+05 5.478722322117913282e+05 5.478722075353015680e+05 5.478721033229680033e+05 5.478721247558936011e+05 2.828691822887620656e+05 5.478719823965401156e+05 2.210956618878693553e+05 5.478721440416791011e+05 3.377269040915809455e+05 5.478718765028606867e+05 1.012319435391224397e+05 5.478719399222618667e+05 5.478720720545924269e+05 4.735864793140902184e+05 5.078721476855669171e+05 5.478720051574500976e+05 4.033352874581046635e+05 5.478722078059306368e+05 3.805995888296309276e+05 4.203722483509717276e+05 5.478722130383427721e+05 5.478718990789488889e+05 5.478721777376419632e+05 5.295388568770758575e+05
1.249194885900879237e+00 6.666843236633342167e+04 6.666848881650355179e+04 1.294846975820668195e+04 1.455932925092647157e+00 4.326031710130201536e+05 1.181145858032887519e+00 5.001725609074245440e+05 2.666839303564704460e+04 3.839149301538132713e+05 9.823121209100895701e-01 5.478719399222618667e+05 5.454541504423430220e-01 1.492115379300367195e+00 1.809540811292028811e+05 1.377795305606026377e+05 1.307438078614139743e+00 3.049408376901386073e+05 6.666833567964166286e+04 3.396550738142295158e+05 2.541883630909357744e+05 5.641992313481549354e+04 1.191775987047266616e+00 6.666845204954639485e+04 1.065401991979483282e+05
1.452502425363105587e+00 6.666863354235641600e+04 6.666864898355652986e+04 1.294845353968926611e+04 1.443583290828907684e+00 4.326031669331528246e+05 1.475798322789331207e+00 5.001726639399084961e+05 2.666834279744238665e+04 3.839150223630374530e+05 1.205073940103719599e+00 5.478720720545924269e+05 1.492115379300367195e+00 4.874275102363310186e-01 1.809542959371148027e+05 1.377796706563812913e+05 1.500138973846349533e+00 3.049409493306987570e+05 6.666851751455936756e+04 3.396551058269359637e+05 2.541885933970157930e+05 5.641990676983100275e+04 1.459572578930606879e+00 6.666853948637923168e+04 1.065403457793377893e+05
1.809540309878037951e+05 1.643082480218250421e+05 1.643083515277819242e+05 1.793663761895442149e+05 1.809542158220697020e+05 3.649465864753916394e+05 1.809540915552328806e+05 4.258872233305247501e+05 1.757369087324098218e+05 3.148468528551377240e+05 1.809537311858086032e+05 4.735864793140903348e+05 1.809540811292028811e+05 1.809542959371148027e+05 2.903035614922041350e+04 6.431855295589110756e+04 1.809541933300702658e+05 2.079814862819317495e+05 1.643082873640394246e+05 2.705869480949284043e+05 1.257272445095184812e+05 1.724716164307374856e+05 1.809538167917846586e+05 1.643083410376946558e+05 9.776982507553473988e+04
1.377793071716818085e+05 1.111131259101718315e+05 1.111129515002669214e+05 1.337217153130318038e+05 1.377796356980708370e+05 3.970478096261789324e+05 1.377794056335506903e+05 4.601728290070936200e+05 1.244463238397488312e+05 3.483596409518052242e+05 1.377791845905424561e+05 5.078721476855669171e+05 1.377795305606026377e+05 1.377796706563812913e+05 6.431855295589110756e+04 3.021668534117448144e+04 1.377796810835420038e+05 2.427188449733558809e+05 1.111130779876053130e+05 3.040997641182516818e+05 1.768950412075434579e+05 1.206368777148629160e+05 1.377792951088485715e+05 1.111130448433304118e+05 4.273741884241037769e+04
1.429328804335623593e+00 6.666843585011313553e+04 6.666866218094022770e+04 1.294846504446792460e+04 1.479907549282746482e+00 4.326032255492873956e+05 1.423971659726832595e+00 5.001725451545181568e+05 2.666842195180214185e+04 3.839148714811004465e+05 1.197897100528226177e+00 5.478720051574500976e+05 1.307438078614139743e+00 1.500138973846349533e+00 1.809541933300702658e+05 1.377796810835420038e+05 4.952784359975103690e-01 3.049408654318003100e+05 6.666837693501006288e+04 3.396550395259148791e+05 2.541884457790651941e+05 5.641999134014425363e+04 1.312522000522254428e+00 6.666854750207345933e+04 1.065403722684049862e+05
3.049407332208993030e+05 3.049409416832668940e+05 3.049411064346019411e+05 3.049409440739305574e+05 3.049408707474109251e+05 2.749224937070177402e+05 3.049407356431813678e+05 3.668396622487812419e+05 3.049408837060870137e+05 2.098231829063293990e+05 3.049404931566557498e+05 4.033352874581046635e+05 3.049408376901386073e+05 3.049409493306987570e+05 2.079814862819317495e+05 2.427188449733558809e+05 3.049408654318003100e+05 3.680591555923260603e+04 3.049410093001388013e+05 1.364335339865362621e+05 1.083612263028051530e+05 3.049410277994321077e+05 3.049406164464930771e+05 3.049409539393322193e+05 2.599410721817182784e+05
6.666822626768379996e+04 1.217560665781014359e+04 1.217559042845899421e+04 5.372146722871853854e+04 6.666847189038102806e+04 4.326033752289988333e+05 6.666834035928174853e+04 5.001727105442475877e+05 4.000170907956513111e+04 3.839151239898322383e+05 6.666783508048349177e+04 5.478722078059306368e+05 6.666833567964166286e+04 6.666851751455936756e+04 1.643082873640394246e+05 1.111130779876053275e+05 6.666837693501007743e+04 3.049410093001388013e+05 6.739707723454593179e+03 3.396552272789354320e+05 2.541884524878670927e+05 1.422445648899236221e+04 6.666807083194992447e+04 1.217555591641282081e+04 7.932236762624332914e+04
3.396549129247997189e+05 3.396552332360793953e+05 3.396552441702747601e+05 3.396550692899065907e+05 3.396551240437465021e+05 2.304360851400076936e+05 3.396550046116114245e+05 3.231184807777972310e+05 3.396552450006187428e+05 1.530046267780605995e+05 3.396547535999991233e+05 3.805995888296309276e+05 3.396550738142295158e+05 3.396551058269359637e+05 2.705869480949284043e+05 3.040997641182516818e+05 3.396550395259148791e+05 1.364335339865362621e+05 3.396552272789354902e+05 5.196282806474872632e+04 1.913584750252410013e+05 3.396552140647034394e+05 3.396548379840674461e+05 3.396553205086249509e+05 3.213219708688330138e+05
2.541882508297557069e+05 2.541886555093920615e+05 2.541885917487767583e+05 2.541885456674879533e+05 2.541884716457815666e+05 3.060335249557698844e+05 2.541883239805785124e+05 3.757284828590493416e+05 2.541885584760442725e+05 2.476015095528886013e+05 2.541880894284827227e+05 4.203722483509717276e+05 2.541883630909358035e+05 2.541885933970157930e+05 1.257272445095184812e+05 1.768950412075434579e+05 2.541884457790651941e+05 1.083612263028051530e+05 2.541884524878670636e+05 1.913584750252410013e+05 4.627602653039278084e+04 2.541885789182300505e+05 2.541881392053115123e+05 2.541886251540640660e+05 2.025349716447455576e+05
5.641970089283253037e+04 2.285891746945410705e+04 2.285906378740282889e+04 4.347281475048758148e+04 5.641991808570626745e+04 4.326032643981187721e+05 5.641979710305176559e+04 5.001727107521599974e+05 2.975300149498839528e+04 3.839151402809248539e+05 5.641943544477226533e+04 5.478722130383427721e+05 5.641992313481549354e+04 5.641990676983100275e+04 1.724716164307374856e+05 1.206368777148629160e+05 5.641999134014425363e+04 3.049410277994321077e+05 1.422445648899236039e+04 3.396552140647034394e+05 2.541885789182300505e+05 6.813224280352312235e+03 5.641967085642374877e+04 2.285894707362475310e+04 8.939760522921258234e+04
1.023643762832169068e+00 6.666820952711981954e+04 6.666817956970352679e+04 1.294826591419834949e+04 1.437658668195819667e+00 4.326030258691047202e+05 1.172280675247350912e+00 5.001725005279530305e+05 2.666814443054169897e+04 3.839147648556356435e+05 6.513973405856793297e-01 5.478718990789488889e+05 1.191775987047266616e+00 1.459572578930606657e+00 1.809538167917846586e+05 1.377792951088485715e+05 1.312522000522254650e+00 3.049406164464930771e+05 6.666807083194992447e+04 3.396548379840674461e+05 2.541881392053115123e+05 5.641967085642376333e+04 4.746714293015344976e-01 6.666819927220926911e+04 1.065399461200128571e+05
6.666826540663735068e+04 1.333499703150752248e+04 1.333493203000389622e+04 5.372164910155060352e+04 6.666855966849884135e+04 4.326033744839331484e+05 6.666834649433038430e+04 5.001728387080811663e+05 4.000177933854650473e+04 3.839151803058664664e+05 6.666793540704456973e+04 5.478721777376419632e+05 6.666845204954639485e+04 6.666853948637924623e+04 1.643083410376946558e+05 1.111130448433304118e+05 6.666854750207345933e+04 3.049409539393322775e+05 1.217555591641281899e+04 3.396553205086249509e+05 2.541886251540640369e+05 2.285894707362475310e+04 6.666819927220926911e+04 5.887272197053354805e-01 7.987369620766639127e+04
1.065400107507736102e+05 7.987377069816972653e+04 7.987358131493555265e+04 1.024823654741157079e+05 1.065402910775429336e+05 4.142699599265408469e+05 1.065400973692214611e+05 4.818393529698348721e+05 9.320695864317932865e+04 3.655818520462013548e+05 1.065398232065444317e+05 5.295388568770758575e+05 1.065401991979483282e+05 1.065403457793378038e+05 9.776982507553473988e+04 4.273741884241037769e+04 1.065403722684050153e+05 2.599410721817182784e+05 7.932236762624332914e+04 3.213219708688330138e+05 2.025349716447455576e+05 8.939760522921258234e+04 1.065399461200128571e+05 7.987369620766639127e+04 1.741418978090593373e+04
