1.043634085655060699e+04 7.554489984604534402e+04 6.961505834475164011e+04 3.340609230966795440e+04 8.440293274666507205e+04 4.434133702664256998e+04 8.145045500541062211e+04 6.942062999536846473e+04 8.440315928341698600e+04 8.440311136632077978e+04 8.440305180680501508e+04 2.790010741637502215e+05 2.046781670184277464e+05 1.479447140601476422e+05 8.440299312846561952e+04 5.760963893478825776e+04 8.440256913688356872e+04 3.621913111704537296e+05 5.264145791886325605e+04 8.268080135573203734e+04 8.701275177066269680e+04 8.440312138231463905e+04 8.440269215681678907e+04 8.440317654377188592e+04 8.440281417861784576e+04
7.554489984604534402e+04 5.906341889976566563e+03 9.174414401957379596e+03 1.015708779637532425e+05 2.165535338851844426e+04 4.509023097034216335e+04 8.736886066393348301e+03 1.732683413332040072e+04 2.114737188001727918e+04 2.165541694199505582e+04 2.165537811500942553e+04 3.155234473705291166e+05 2.447057160031152598e+05 1.915673976658971515e+05 2.165539066958929106e+04 3.346653300268195017e+04 2.165487284299040039e+04 3.966400149086482124e+05 3.843472686659091414e+04 1.312513828940566418e+04 1.385945003427602351e+05 2.165544491778186784e+04 2.165510853418375700e+04 1.771832640350269867e+04 2.165526594130989906e+04
6.961505834475164011e+04 9.174414401957379596e+03 2.370161544445880281e+03 9.566532181023556041e+04 2.799833362135363495e+04 3.874731201734981732e+04 1.587590032539739150e+04 8.596129056573729031e+03 2.749038223841413856e+04 2.799838975938764270e+04 2.799841211468042457e+04 3.096179452526476816e+05 2.388002851439824153e+05 1.856619286566911614e+05 2.799836025226926722e+04 2.712352383773682595e+04 2.799784753500137595e+04 3.907345674774546060e+05 3.209177021486209196e+04 1.946815975934539529e+04 1.326888991759081255e+05 2.799839677158432823e+04 2.799809076289169025e+04 2.406137932360865670e+04 2.799825291700297385e+04
3.340609230966795440e+04 1.015708779637532716e+05 9.566532181023556041e+04 1.977695220096416233e+04 1.074761038021893473e+05 7.154894528688743594e+04 1.074764000013031473e+05 9.566536944255308481e+04 1.074763525554460648e+05 1.074762774301086174e+05 1.074762888158037094e+05 2.680888695157640032e+05 1.889996337245172181e+05 1.299792961758160527e+05 1.074762118168200104e+05 8.385433626029673906e+04 1.074758190461247432e+05 3.551531564046060084e+05 7.888619842370337574e+04 1.074763784335848468e+05 6.528302920140168862e+04 1.074762848227384529e+05 1.074759318455962348e+05 1.074763961297447386e+05 1.074760205043180322e+05
8.440293274666507205e+04 2.165535338851844426e+04 2.799833362135363495e+04 1.074761038021893182e+05 6.872733977328844279e-01 5.493258896902165725e+04 1.292006189813948185e+04 3.149790151709370184e+04 5.096217519575572510e+02 1.566528272468393990e+00 1.463321708853747793e+00 3.214286339905591449e+05 2.506109427983068454e+05 1.974726597774048860e+05 1.355327455238821033e+00 4.330894609150159522e+04 1.053638076217569886e+00 4.025452536607248476e+05 4.827712999280224176e+04 8.531927427401844398e+03 1.444996421034981031e+05 1.529172522112761223e+00 1.251813983782943396e+00 3.938718989036309267e+03 1.295453322144689334e+00
4.434133702664256998e+04 4.509023097034215607e+04 3.874731201734981732e+04 7.154894528688743594e+04 5.493258896902165725e+04 9.087179821521112899e+03 5.099581447918625781e+04 3.267233486432736390e+04 5.493276149436751439e+04 5.493269967069412814e+04 5.493263726277849491e+04 2.921827150976415724e+05 2.213650040407111810e+05 1.665393417381914624e+05 5.493264276516506652e+04 1.772691913742890756e+04 5.493216444144247362e+04 3.732993278845525929e+05 1.049402078239009825e+04 5.263618336054896645e+04 1.100619287991986057e+05 5.493274513136119640e+04 5.493232235996103554e+04 5.493285208482135931e+04 5.493247436402580206e+04
8.145045500541062211e+04 8.736886066393348301e+03 1.587590032539739150e+04 1.074764000013031473e+05 1.292006189813948185e+04 5.099581447918625781e+04 1.592487441726497309e+03 2.323240445192563857e+04 1.241204947017089216e+04 1.292015672029397319e+04 1.292011811957841564e+04 3.214289719783611363e+05 2.506112125397145282e+05 1.974728888092972920e+05 1.292009687836415105e+04 3.937209971140157722e+04 1.291960966727957930e+04 4.025454672784058494e+05 4.434029872240910481e+04 4.389705722005988719e+03 1.444999223001514038e+05 1.292014205980188672e+04 1.291989782758968431e+04 8.982993231789445417e+03 1.292002986384672658e+04
6.942062999536846473e+04 1.732683413332039709e+04 8.596129056573729031e+03 9.566536944255308481e+04 3.149790151709370184e+04 3.267233486432736390e+04 2.323240445192563857e+04 4.919141359127538635e+03 3.123580049122963101e+04 3.149800584872280888e+04 3.149798474174190051e+04 3.096179730179932085e+05 2.388003129887181276e+05 1.856619719283694285e+05 3.149794709793311995e+04 1.946315547006975612e+04 3.149744050848215920e+04 3.907346061243824079e+05 2.479683886587381494e+04 2.582971501033384993e+04 1.326889145695804909e+05 3.149801782552120130e+04 3.149768868615824613e+04 2.946603161258947512e+04 3.149782601297097426e+04
8.440315928341698600e+04 2.114737188001727554e+04 2.749038223841413856e+04 1.074763525554460648e+05 5.096217519575572510e+02 5.493276149436751439e+04 1.241204947017089216e+04 3.123580049122963101e+04 8.857052527361698822e+02 5.096601998328367245e+02 5.097248035793059557e+02 3.214288664782786509e+05 2.506111061536235211e+05 1.974728257078371826e+05 5.096509839292210700e+02 4.330908863924515754e+04 5.092244945988242648e+02 4.025454614330342738e+05 4.827730199088625523e+04 8.023838159584760433e+03 1.444998880866940017e+05 5.096349740605490410e+02 5.095347180478187283e+02 3.430489702235157893e+03 5.096235164141433529e+02
8.440311136632077978e+04 2.165541694199505218e+04 2.799838975938764270e+04 1.074762774301085883e+05 1.566528272468394434e+00 5.493269967069413542e+04 1.292015672029397319e+04 3.149800584872280888e+04 5.096601998328367245e+02 7.064851503607978422e-01 1.470030375747113593e+00 3.214288269925237400e+05 2.506110713582167809e+05 1.974727319852364308e+05 1.530796948108015920e+00 4.330907533612992120e+04 1.227332785430460094e+00 4.025453725848122849e+05 4.827722629757614777e+04 8.532007423522460158e+03 1.444998443226634990e+05 1.498051031855397897e+00 1.387040400533472218e+00 3.938727500690130000e+03 1.494728579724845741e+00
8.440305180680501508e+04 2.165537811500942189e+04 2.799841211468042457e+04 1.074762888158037094e+05 1.463321708853747793e+00 5.493263726277849491e+04 1.292011811957841383e+04 3.149798474174190051e+04 5.097248035793059557e+02 1.470030375747113593e+00 6.993172442672329625e-01 3.214287349494427326e+05 2.506109821819817880e+05 1.974727216639721300e+05 1.371644428440966346e+00 4.330902647630809224e+04 1.205323611080046264e+00 4.025453174478291767e+05 4.827718558838053286e+04 8.531988743928921394e+03 1.444998403941687429e+05 1.493297989784496016e+00 1.361181906879723069e+00 3.938787804854518072e+03 1.433616146868224028e+00
2.790010741637502215e+05 3.155234473705291166e+05 3.096179452526476816e+05 2.680888695157639449e+05 3.214286339905591449e+05 2.921827150976415724e+05 3.214289719783611363e+05 3.096179730179932085e+05 3.214288664782786509e+05 3.214288269925237400e+05 3.214287349494427326e+05 8.815739646598605032e+04 1.761447588103587332e+05 2.232884822876175749e+05 3.214286949690422625e+05 2.978069908767607412e+05 3.214285051479291287e+05 2.360525167582045542e+05 2.964946672458746471e+05 3.214289173259769450e+05 2.595424972007370379e+05 3.214287995963605936e+05 3.214285629612136399e+05 3.214288979639974423e+05 3.214286093798292568e+05
2.046781670184277464e+05 2.447057160031152598e+05 2.388002851439824153e+05 1.889996337245171890e+05 2.506109427983068454e+05 2.213650040407111810e+05 2.506112125397145282e+05 2.388003129887181276e+05 2.506111061536235211e+05 2.506110713582167809e+05 2.506109821819817880e+05 1.761447588103587332e+05 6.454291006204693258e+04 1.358192604221203947e+05 2.506109803545564646e+05 2.269892858372397313e+05 2.506107211264986836e+05 2.686042247804286308e+05 2.256769239485482394e+05 2.506112192919298541e+05 1.754756628935895860e+05 2.506110476526865968e+05 2.506107996534621634e+05 2.506111668712346000e+05 2.506108782299113227e+05
1.479447140601476131e+05 1.915673976658971224e+05 1.856619286566911614e+05 1.299792961758160527e+05 1.974726597774048860e+05 1.665393417381914624e+05 1.974728888092972920e+05 1.856619719283694285e+05 1.974728257078371826e+05 1.974727319852364308e+05 1.974727216639721300e+05 2.232884822876175749e+05 1.358192604221203947e+05 5.449147308818804595e+04 1.974726661720835255e+05 1.738509056562711776e+05 1.974723461166600464e+05 3.120502328734570183e+05 1.709718029751713038e+05 1.974728779598848487e+05 9.981809795209133881e+04 1.974727745787652093e+05 1.974724571444561007e+05 1.974728535851065244e+05 1.974725164201025909e+05
8.440299312846561952e+04 2.165539066958928379e+04 2.799836025226926722e+04 1.074762118168199959e+05 1.355327455238821033e+00 5.493264276516506652e+04 1.292009687836414923e+04 3.149794709793311995e+04 5.096509839292210700e+02 1.530796948108015920e+00 1.371644428440966124e+00 3.214286949690422625e+05 2.506109803545564646e+05 1.974726661720835255e+05 7.031011611154952545e-01 4.330900587323425134e+04 1.124683849506879829e+00 4.025452922635397408e+05 4.827718645259105688e+04 8.531910304649312820e+03 1.444997556013533031e+05 1.538513425845795979e+00 1.320854590844344312e+00 3.938696299479283425e+03 1.380916326437426678e+00
5.760963893478825776e+04 3.346653300268195017e+04 2.712352383773682595e+04 8.385433626029670995e+04 4.330894609150159522e+04 1.772691913742890756e+04 3.937209971140157722e+04 1.946315547006975612e+04 4.330908863924515754e+04 4.330907533612992120e+04 4.330902647630809224e+04 2.978069908767607994e+05 2.269892858372397022e+05 1.738509056562711776e+05 4.330900587323425134e+04 7.994886732564847609e-01 4.330850501817867189e+04 3.789235575268888497e+05 7.307588467058574679e+03 4.101246844355486246e+04 1.208779386607960041e+05 4.330910380787045870e+04 4.330872006673520809e+04 4.330904349313685088e+04 4.330887321962701390e+04
8.440256913688356872e+04 2.165487284299040039e+04 2.799784753500137595e+04 1.074758190461247432e+05 1.053638076217569886e+00 5.493216444144247362e+04 1.291960966727957930e+04 3.149744050848215920e+04 5.092244945988243217e+02 1.227332785430460094e+00 1.205323611080046264e+00 3.214285051479291287e+05 2.506107211264986836e+05 1.974723461166600464e+05 1.124683849506879829e+00 4.330850501817867189e+04 4.024690974617369799e-01 4.025451443160253693e+05 4.827667613718943176e+04 8.531469150897517466e+03 1.444993234321964555e+05 1.225988527923687288e+00 8.188166697725389742e-01 3.938269991259735889e+03 9.641822464474437693e-01
3.621913111704537296e+05 3.966400149086482124e+05 3.907345674774546060e+05 3.551531564046060666e+05 4.025452536607248476e+05 3.732993278845525347e+05 4.025454672784058494e+05 3.907346061243824079e+05 4.025454614330342738e+05 4.025453725848123431e+05 4.025453174478291767e+05 2.360525167582045542e+05 2.686042247804286308e+05 3.120502328734570183e+05 4.025452922635397408e+05 3.789235575268888497e+05 4.025451443160253111e+05 1.252499544362991583e+05 3.776112742556672893e+05 4.025454919649162330e+05 3.387944136423007585e+05 4.025454145925858174e+05 4.025452106938519282e+05 4.025454813715070486e+05 4.025452344490452670e+05
5.264145791886325605e+04 3.843472686659091414e+04 3.209177021486209196e+04 7.888619842370337574e+04 4.827712999280224176e+04 1.049402078239009825e+04 4.434029872240910481e+04 2.479683886587381494e+04 4.827730199088625523e+04 4.827722629757614777e+04 4.827718558838053286e+04 2.964946672458746471e+05 2.256769239485482685e+05 1.709718029751713038e+05 4.827718645259105688e+04 7.307588467058574679e+03 4.827667613718943176e+04 3.776112742556672893e+05 4.172182279313430627e+03 4.598070175134792225e+04 1.159098160416710889e+05 4.827723647325814090e+04 4.827686098156780645e+04 4.827733349182012171e+04 4.827701243728301779e+04
8.268080135573203734e+04 1.312513828940566236e+04 1.946815975934539529e+04 1.074763784335848322e+05 8.531927427401844398e+03 5.263618336054896645e+04 4.389705722005987809e+03 2.582971501033384993e+04 8.023838159584759524e+03 8.532007423522460158e+03 8.531988743928921394e+03 3.214289173259769450e+05 2.506112192919298541e+05 1.974728779598848487e+05 8.531910304649312820e+03 4.101246844355486246e+04 8.531469150897517466e+03 4.025454919649162330e+05 4.598070175134792225e+04 3.828401241092328291e+03 1.444999247122382512e+05 8.531998035955552041e+03 8.531736150371314579e+03 4.594757616680520186e+03 8.531880922950798777e+03
8.701275177066271135e+04 1.385945003427602351e+05 1.326888991759081255e+05 6.528302920140168862e+04 1.444996421034981031e+05 1.100619287991986203e+05 1.444999223001514038e+05 1.326889145695804909e+05 1.444998880866940017e+05 1.444998443226634990e+05 1.444998403941687429e+05 2.595424972007370379e+05 1.754756628935895860e+05 9.981809795209133881e+04 1.444997556013533031e+05 1.208779386607960041e+05 1.444993234321964555e+05 3.387944136423007585e+05 1.159098160416710889e+05 1.444999247122382512e+05 2.872260014492602204e+04 1.444998718113527866e+05 1.444994918435041327e+05 1.444999136708003934e+05 1.444995729821646237e+05
8.440312138231463905e+04 2.165544491778186784e+04 2.799839677158432823e+04 1.074762848227384529e+05 1.529172522112761223e+00 5.493274513136120368e+04 1.292014205980188854e+04 3.149801782552120130e+04 5.096349740605490410e+02 1.498051031855397897e+00 1.493297989784496016e+00 3.214287995963605936e+05 2.506110476526865968e+05 1.974727745787652093e+05 1.538513425845795979e+00 4.330910380787045870e+04 1.225988527923687288e+00 4.025454145925858174e+05 4.827723647325814818e+04 8.531998035955553860e+03 1.444998718113527866e+05 7.181092832027432538e-01 1.461250760225824230e+00 3.938785494245854352e+03 1.537726884398778582e+00
8.440269215681678907e+04 2.165510853418375336e+04 2.799809076289169025e+04 1.074759318455962348e+05 1.251813983782943174e+00 5.493232235996103554e+04 1.291989782758968067e+04 3.149768868615824613e+04 5.095347180478187283e+02 1.387040400533472218e+00 1.361181906879723069e+00 3.214285629612136399e+05 2.506107996534621634e+05 1.974724571444561007e+05 1.320854590844344312e+00 4.330872006673520809e+04 8.188166697725389742e-01 4.025452106938519282e+05 4.827686098156780645e+04 8.531736150371314579e+03 1.444994918435041327e+05 1.461250760225824230e+00 5.982600614940518646e-01 3.938558460223440761e+03 1.082795446109983351e+00
8.440317654377188592e+04 1.771832640350269503e+04 2.406137932360865670e+04 1.074763961297447386e+05 3.938718989036309267e+03 5.493285208482135931e+04 8.982993231789443598e+03 2.946603161258947512e+04 3.430489702235156983e+03 3.938727500690130000e+03 3.938787804854518072e+03 3.214288979639974423e+05 2.506111668712346000e+05 1.974728535851065244e+05 3.938696299479283425e+03 4.330904349313685088e+04 3.938269991259735889e+03 4.025454813715070486e+05 4.827733349182012171e+04 4.594757616680520186e+03 1.444999136708003934e+05 3.938785494245854352e+03 3.938558460223440761e+03 7.403804186234510532e-01 3.938684462648846420e+03
8.440281417861783120e+04 2.165526594130989906e+04 2.799825291700297385e+04 1.074760205043180322e+05 1.295453322144689334e+00 5.493247436402579478e+04 1.292002986384672658e+04 3.149782601297097426e+04 5.096235164141433529e+02 1.494728579724845741e+00 1.433616146868224028e+00 3.214286093798292568e+05 2.506108782299113227e+05 1.974725164201025909e+05 1.380916326437426678e+00 4.330887321962701390e+04 9.641822464474439913e-01 4.025452344490452670e+05 4.827701243728301779e+04 8.531880922950798777e+03 1.444995729821646237e+05 1.537726884398778138e+00 1.082795446109983128e+00 3.938684462648846420e+03 6.561614352054934152e-01
