1.303615305783145217e+00 1.731467601481701131e+05 2.272953920192502846e+04 1.316036802003058438e+04 2.272929160996323844e+04 2.166534231464354754e+00 2.272955926843019552e+04 2.173680568715496047e+05 2.272955063532327404e+04 2.320466584361996709e+00 2.272961791077737143e+04 2.272900109437363062e+04 2.272952006486509345e+04 2.272942432955186086e+04 2.272955963615764631e+04 9.469950824054457189e+04 2.272947238662631207e+04 4.725611883239847375e+05 1.136581571327159509e+04 3.827754684342024848e+04 2.272934377882858462e+04 2.105006159401909827e+00 1.987325403664136569e+00 3.133132006504712626e+05 2.272951645012796871e+04
1.731467601481701131e+05 7.877509742642423953e+04 1.958739301209079276e+05 1.731467585443036223e+05 1.958736906515062146e+05 1.731466965377581364e+05 1.958740917966429843e+05 1.847960891472079675e+05 1.958740469592568697e+05 1.731467837827655312e+05 1.958739357862222532e+05 1.958735271886418050e+05 1.958739518822890241e+05 1.958740588516742282e+05 1.958739189230063639e+05 1.436456413337585109e+05 1.958738145938875386e+05 4.473783959939558408e+05 1.845102850815774291e+05 1.627661441709076462e+05 1.958737248626223591e+05 1.731467452322361642e+05 1.731463536473657005e+05 2.879563199397798162e+05 1.958738060448291944e+05
2.272953920192502846e+04 1.958739301209079567e+05 1.054109350641317944e+00 3.588765704984420154e+04 1.674231397308220348e+00 2.272948460432897627e+04 1.990655900554859858e+00 2.400951701990099391e+05 1.816292790463602813e+00 2.272961801791232938e+04 1.879771046696991910e+00 1.396947915774554572e+00 1.726213136256129266e+00 1.929708010111900629e+00 1.704204546439468615e+00 1.174266438317857101e+05 1.703662706441724906e+00 4.952882062793042860e+05 1.136561519835570471e+04 6.100474217165828304e+04 1.738657036775788312e+00 2.272942431756279984e+04 2.272918176321985811e+04 3.360402063738926663e+05 1.702263986289361597e+00
1.316036802003058619e+04 1.731467585443036223e+05 3.588765704984420881e+04 1.108179803134615031e+04 3.588733634961446660e+04 1.316037340468787079e+04 3.588770361976608547e+04 2.173681840886213176e+05 3.588771694568504608e+04 1.316028218079226463e+04 3.588774852951275534e+04 3.588711773686591187e+04 3.588767553158922965e+04 3.588767806129310338e+04 3.588762587431082648e+04 9.469939493886929995e+04 3.588752300958532578e+04 4.725610269443282741e+05 2.452392709971883596e+04 2.858197845538080583e+04 3.588733567643463903e+04 1.316027167685628410e+04 1.316002714386062871e+04 3.133132792760118609e+05 3.588750966185174912e+04
2.272929160996323844e+04 1.958736906515062146e+05 1.674231397308220348e+00 3.588733634961446660e+04 9.555221345961573132e-01 2.272923162197161219e+04 1.824927357486621382e+00 2.400950080309928162e+05 1.766153909273215028e+00 2.272931379662454492e+04 1.759607804580096024e+00 1.110620856487633645e+00 1.658033806720021763e+00 1.766546455325136433e+00 1.697659905278242842e+00 1.174263661541793408e+05 1.675712063840966159e+00 4.952881030674522044e+05 1.136537522068077305e+04 6.100441273055585043e+04 1.487639759602320533e+00 2.272924616220438475e+04 2.272894250371395901e+04 3.360400789139841218e+05 1.678069864889031981e+00
2.166534231464354754e+00 1.731466965377581364e+05 2.272948460432897627e+04 1.316037340468786897e+04 2.272923162197161219e+04 1.222116628908018754e+00 2.272942815901484573e+04 2.173680460596957710e+05 2.272945828933233497e+04 2.436517463446197240e+00 2.272944271671306706e+04 2.272892878555349671e+04 2.272948976707270049e+04 2.272949378421000802e+04 2.272948216712518843e+04 9.469928882914986752e+04 2.272944537931450395e+04 4.725611750509224366e+05 1.136570929129401338e+04 3.827744777932522265e+04 2.272927901874633608e+04 2.064082157659759886e+00 1.884505335481163391e+00 3.133132356181062059e+05 2.272943315493525733e+04
2.272955926843019552e+04 1.958740917966429843e+05 1.990655900554859858e+00 3.588770361976608547e+04 1.824927357486621382e+00 2.272942815901484573e+04 1.122479894014591473e+00 2.400953905816184124e+05 1.829661504124488580e+00 2.272973938608398021e+04 1.960964721935839261e+00 1.513480070933618027e+00 2.009674991715136194e+00 1.909996839621941112e+00 1.972518117043502883e+00 1.174267348828879185e+05 1.956052014798644212e+00 4.952884084849416395e+05 1.136562620676142978e+04 6.100475327255323646e+04 1.887571940610592192e+00 2.272947384077830429e+04 2.272932579735036052e+04 3.360403979666297673e+05 1.967109107047402050e+00
2.173680568715496338e+05 1.847960891472079675e+05 2.400951701990099391e+05 2.173681840886213467e+05 2.400950080309928162e+05 2.173680460596957710e+05 2.400953905816184124e+05 9.598090274231803778e+04 2.400953352867889334e+05 2.173681723314846458e+05 2.400952548471939226e+05 2.400948499925152864e+05 2.400952634616830619e+05 2.400953104882964399e+05 2.400952281739201862e+05 2.133757306067481695e+05 2.400951068011961179e+05 4.123129473955573631e+05 2.287316201022224850e+05 2.153221746502839960e+05 2.400950387802318146e+05 2.173680915894994978e+05 2.173677353094441933e+05 2.509456096134106047e+05 2.400951056607661303e+05
2.272955063532327404e+04 1.958740469592568697e+05 1.816292790463602813e+00 3.588771694568504608e+04 1.766153909273215250e+00 2.272945828933233497e+04 1.829661504124488580e+00 2.400953352867889334e+05 1.103715152130216204e+00 2.272970387601820039e+04 1.922957177654897265e+00 1.484845838031430887e+00 1.904896839669898201e+00 1.920471182072027938e+00 1.868920295356058858e+00 1.174267046097173879e+05 1.843654292222124846e+00 4.952883522939631366e+05 1.136556766835245435e+04 6.100480073674239247e+04 1.804379049129237966e+00 2.272943575120929381e+04 2.272932310703840994e+04 3.360403446077533299e+05 1.873741731456093351e+00
2.320466584361997153e+00 1.731467837827655312e+05 2.272961801791232938e+04 1.316028218079225917e+04 2.272931379662454492e+04 2.436517463446197240e+00 2.272973938608398021e+04 2.173681723314846458e+05 2.272970387601820039e+04 1.293526981913614149e+00 2.272968160720562446e+04 2.272908369585423861e+04 2.272969773142039412e+04 2.272963766524508173e+04 2.272960304587863720e+04 9.469928156600863440e+04 2.272950525187000312e+04 4.725610613986381213e+05 1.136595891479743659e+04 3.827742410020063107e+04 2.272943537828450644e+04 2.290471163044435876e+00 2.014843199982260469e+00 3.133131533532504109e+05 2.272957494151215724e+04
2.272961791077737143e+04 1.958739357862222532e+05 1.879771046696992132e+00 3.588774852951274806e+04 1.759607804580096246e+00 2.272944271671306706e+04 1.960964721935839261e+00 2.400952548471939226e+05 1.922957177654897265e+00 2.272968160720562446e+04 1.113713680000739004e+00 1.445558276306195378e+00 1.862741741042289512e+00 1.956753176459262722e+00 1.897350903694444479e+00 1.174266577176143037e+05 1.933425878228903105e+00 4.952883358472185209e+05 1.136566659018076098e+04 6.100477084356787964e+04 1.827562517762650662e+00 2.272948034261478824e+04 2.272934685778917265e+04 3.360403624842406134e+05 1.935366615902053278e+00
2.272900109437363062e+04 1.958735271886418050e+05 1.396947915774554350e+00 3.588711773686591187e+04 1.110620856487633645e+00 2.272892878555349671e+04 1.513480070933618027e+00 2.400948499925152864e+05 1.484845838031430887e+00 2.272908369585423861e+04 1.445558276306195378e+00 6.755001741467373533e-01 1.428675942667510634e+00 1.476696854705968898e+00 1.421476800145287767e+00 1.174261300221634592e+05 1.403589823385191115e+00 4.952880002918738173e+05 1.136509754935463206e+04 6.100417630248775822e+04 1.285671712807868738e+00 2.272893017462606804e+04 2.272868852124539262e+04 3.360399652532944456e+05 1.410885885127159955e+00
2.272952006486509345e+04 1.958739518822890241e+05 1.726213136256129266e+00 3.588767553158922965e+04 1.658033806720021763e+00 2.272948976707270049e+04 2.009674991715136194e+00 2.400952634616830328e+05 1.904896839669898201e+00 2.272969773142039412e+04 1.862741741042289068e+00 1.428675942667510634e+00 1.074809381675771558e+00 2.002735711931620699e+00 1.785739164539690504e+00 1.174266348115489091e+05 1.842081732440573161e+00 4.952882876079427078e+05 1.136549735321692242e+04 6.100473631196613860e+04 1.767626582565247739e+00 2.272950574065546607e+04 2.272926299567092428e+04 3.360403010677021230e+05 1.830684908074910133e+00
2.272942432955186086e+04 1.958740588516742282e+05 1.929708010111900407e+00 3.588767806129310338e+04 1.766546455325136211e+00 2.272949378421000802e+04 1.909996839621940667e+00 2.400953104882964399e+05 1.920471182072027494e+00 2.272963766524508173e+04 1.956753176459262278e+00 1.476696854705968898e+00 2.002735711931620699e+00 1.104925461711039780e+00 1.993233228129982049e+00 1.174267549737562513e+05 1.930532754439941989e+00 4.952884064061058452e+05 1.136567970893461097e+04 6.100479022100177826e+04 1.890521382252597027e+00 2.272954534030057766e+04 2.272938474787315499e+04 3.360403993148873560e+05 1.958134735661656967e+00
2.272955963615764631e+04 1.958739189230063639e+05 1.704204546439468615e+00 3.588762587431082648e+04 1.697659905278242842e+00 2.272948216712518843e+04 1.972518117043503327e+00 2.400952281739201862e+05 1.868920295356058858e+00 2.272960304587863720e+04 1.897350903694444479e+00 1.421476800145287767e+00 1.785739164539690504e+00 1.993233228129982049e+00 1.042456209424533320e+00 1.174266441302988387e+05 1.695802988298672043e+00 4.952881991430340568e+05 1.136547311383115994e+04 6.100469855975461542e+04 1.753156108463851170e+00 2.272950659953779905e+04 2.272920243935559847e+04 3.360402317147884169e+05 1.731166104599211719e+00
9.469950824054457189e+04 1.436456413337585109e+05 1.174266438317856810e+05 9.469939493886929995e+04 1.174263661541793408e+05 9.469928882914985297e+04 1.174267348828878894e+05 2.133757306067481695e+05 1.174267046097173588e+05 9.469928156600863440e+04 1.174266577176143037e+05 1.174261300221634447e+05 1.174266348115488800e+05 1.174267549737562222e+05 1.174266441302988242e+05 3.717804312768562522e+04 1.174264794177371805e+05 4.687731234082027222e+05 1.060629502654739335e+05 8.105191073269097251e+04 1.174263917885228439e+05 9.469928598916219198e+04 9.469900503854463750e+04 3.070700344381633913e+05 1.174265609399197128e+05
2.272947238662631207e+04 1.958738145938875386e+05 1.703662706441724906e+00 3.588752300958532578e+04 1.675712063840965937e+00 2.272944537931450395e+04 1.956052014798644212e+00 2.400951068011961470e+05 1.843654292222124846e+00 2.272950525187000312e+04 1.933425878228903105e+00 1.403589823385191115e+00 1.842081732440573161e+00 1.930532754439941989e+00 1.695802988298671599e+00 1.174264794177371950e+05 1.049820294920882136e+00 4.952881252393691102e+05 1.136556145045770609e+04 6.100456140900031460e+04 1.597437671389187130e+00 2.272947101076425679e+04 2.272901154930951088e+04 3.360400952649836545e+05 1.597139777712251796e+00
4.725611883239847957e+05 4.473783959939557826e+05 4.952882062793042860e+05 4.725610269443282741e+05 4.952881030674522044e+05 4.725611750509224366e+05 4.952884084849416395e+05 4.123129473955573631e+05 4.952883522939631366e+05 4.725610613986381213e+05 4.952883358472185209e+05 4.952880002918738173e+05 4.952882876079427078e+05 4.952884064061058452e+05 4.952881991430340568e+05 4.687731234082028386e+05 4.952881252393691102e+05 2.420200973918332602e+05 4.839246777939527528e+05 4.725610354933573981e+05 4.952880476340173045e+05 4.725610908890503924e+05 4.725607863740800531e+05 3.796812362291419413e+05 4.952881330259484821e+05
1.136581571327159509e+04 1.845102850815774291e+05 1.136561519835570471e+04 2.452392709971883596e+04 1.136537522068077305e+04 1.136570929129401338e+04 1.136562620676142978e+04 2.287316201022224850e+05 1.136556766835245435e+04 1.136595891479743659e+04 1.136566659018076098e+04 1.136509754935463206e+04 1.136549735321692242e+04 1.136567970893461097e+04 1.136547311383115994e+04 1.060629502654739481e+05 1.136556145045770791e+04 4.839246777939527528e+05 1.136479398318180029e+04 4.964105882639197807e+04 1.136549854294166471e+04 1.136577883280541755e+04 1.136548471757078187e+04 3.246766919419534970e+05 1.136552536090901231e+04
3.827754684342024120e+04 1.627661441709077044e+05 6.100474217165828304e+04 2.858197845538080219e+04 6.100441273055585043e+04 3.827744777932522265e+04 6.100475327255323646e+04 2.153221746502839960e+05 6.100480073674239247e+04 3.827742410020063835e+04 6.100477084356787964e+04 6.100417630248775822e+04 6.100473631196613860e+04 6.100479022100177826e+04 6.100469855975461542e+04 8.105191073269097251e+04 6.100456140900032187e+04 4.725610354933573981e+05 4.964105882639197807e+04 2.376489951787754762e+04 6.100443958770480094e+04 3.827741941107147431e+04 3.827713586038669746e+04 3.133132324193108361e+05 6.100461780132392596e+04
2.272934377882858462e+04 1.958737248626223591e+05 1.738657036775788312e+00 3.588733567643463175e+04 1.487639759602320533e+00 2.272927901874633608e+04 1.887571940610592192e+00 2.400950387802318437e+05 1.804379049129238188e+00 2.272943537828450644e+04 1.827562517762650662e+00 1.285671712807868738e+00 1.767626582565247739e+00 1.890521382252597693e+00 1.753156108463851170e+00 1.174263917885228875e+05 1.597437671389187130e+00 4.952880476340173045e+05 1.136549854294166471e+04 6.100443958770480822e+04 1.012977900085008542e+00 2.272925473118241644e+04 2.272887093707409440e+04 3.360400421220034477e+05 1.643251166215022208e+00
2.105006159401910271e+00 1.731467452322361642e+05 2.272942431756279984e+04 1.316027167685628046e+04 2.272924616220438475e+04 2.064082157659759886e+00 2.272947384077830429e+04 2.173680915894994978e+05 2.272943575120929381e+04 2.290471163044435876e+00 2.272948034261478824e+04 2.272893017462606804e+04 2.272950574065546607e+04 2.272954534030057766e+04 2.272950659953779905e+04 9.469928598916222109e+04 2.272947101076425679e+04 4.725610908890503924e+05 1.136577883280541755e+04 3.827741941107147431e+04 2.272925473118241644e+04 1.185037633498029042e+00 1.909785973274322757e+00 3.133131668934577610e+05 2.272941385824336248e+04
1.987325403664136569e+00 1.731463536473657005e+05 2.272918176321985811e+04 1.316002714386062507e+04 2.272894250371395901e+04 1.884505335481163391e+00 2.272932579735036052e+04 2.173677353094441933e+05 2.272932310703840994e+04 2.014843199982260469e+00 2.272934685778917265e+04 2.272868852124539262e+04 2.272926299567092428e+04 2.272938474787315499e+04 2.272920243935559847e+04 9.469900503854465205e+04 2.272901154930951088e+04 4.725607863740800531e+05 1.136548471757078187e+04 3.827713586038669746e+04 2.272887093707409440e+04 1.909785973274322757e+00 1.004891609519656948e+00 3.133127941328627639e+05 2.272907683307136176e+04
3.133132006504713208e+05 2.879563199397797580e+05 3.360402063738927827e+05 3.133132792760118609e+05 3.360400789139841218e+05 3.133132356181062059e+05 3.360403979666297673e+05 2.509456096134106047e+05 3.360403446077532135e+05 3.133131533532504109e+05 3.360403624842404970e+05 3.360399652532944456e+05 3.360403010677021230e+05 3.360403993148874142e+05 3.360402317147884169e+05 3.070700344381633913e+05 3.360400952649836545e+05 3.796812362291419413e+05 3.246766919419534970e+05 3.133132324193108361e+05 3.360400421220034477e+05 3.133131668934577610e+05 3.133127941328627639e+05 1.839219583257957711e+05 3.360401070557222120e+05
2.272951645012796871e+04 1.958738060448292235e+05 1.702263986289361375e+00 3.588750966185174912e+04 1.678069864889031981e+00 2.272943315493525733e+04 1.967109107047402050e+00 2.400951056607661303e+05 1.873741731456093351e+00 2.272957494151215724e+04 1.935366615902053278e+00 1.410885885127159955e+00 1.830684908074910133e+00 1.958134735661656967e+00 1.731166104599211719e+00 1.174265609399197565e+05 1.597139777712252018e+00 4.952881330259484821e+05 1.136552536090901231e+04 6.100461780132391868e+04 1.643251166215022208e+00 2.272941385824336248e+04 2.272907683307136176e+04 3.360401070557222120e+05 1.005411840730621176e+00
