3.052872507648343170e-01 6.571569105748113361e+04 2.053296410665641888e+05 1.327657420031391084e+05 2.666785387663279835e+04 1.575868461313230509e+05 2.666794751255229130e+04 2.666798125186513425e+04 7.746190672128440929e+04 1.132412293392821123e+00 1.333460312512815290e+04 1.333434501891524633e+04 1.333456547463920833e+04 4.347485757141731447e+05 3.648254520465082605e+05 4.993497092656304594e+05 1.333452067592357162e+04 2.862699875535318279e+05 1.157969850722588401e+00 6.793706642981749422e-01 1.037145882189078216e+00 1.333456015998145449e+04 7.778997304559806253e+03 2.666789806471994234e+04 9.393919773543168983e-01
6.571569105748113361e+04 1.769273164178932120e+03 1.529492642811798141e+05 7.038525008737716416e+04 3.904948931311228807e+04 1.052064427289819578e+05 3.904949959445019340e+04 3.904942130056516908e+04 1.174768657459632595e+04 6.571634457349937293e+04 5.238295786895376659e+04 5.238279407542070840e+04 5.238302511414691253e+04 3.947490402655595681e+05 3.248259732367498800e+05 4.593501313320032787e+05 5.238304683730305260e+04 2.409644633192624897e+05 6.571624385868784157e+04 6.571595327746184194e+04 6.571622493878114619e+04 5.238292642509756843e+04 5.793857745273449837e+04 3.904952333616321994e+04 6.571619202472250618e+04
2.053296410665641597e+05 1.529492642811798141e+05 4.573736456602130784e+04 1.208468330117159931e+05 1.786634251626773621e+05 9.236087405768186727e+04 1.786634852054616786e+05 1.919969248160018469e+05 1.481875049126879021e+05 2.053301962024118402e+05 2.053303181384789059e+05 1.919966829057174327e+05 2.053302294835830689e+05 3.105024885351837147e+05 2.468837502814479521e+05 3.740218818274125806e+05 2.053302775794906192e+05 1.482373970661121130e+05 2.053301503890877066e+05 2.053298081776682811e+05 2.053300245093904377e+05 2.053301564292440889e+05 2.053302911216640787e+05 1.786634273208192899e+05 2.053299652007918630e+05
1.327657420031391084e+05 7.038525008737716416e+04 1.208468330117159931e+05 2.205185755715839696e+04 1.060993496060765610e+05 5.573860279473979608e+04 1.060994349092621414e+05 1.094328754306368501e+05 6.081587172229045245e+04 1.327662396424591134e+05 1.227662650570799597e+05 1.194327506521354080e+05 1.227663337597734790e+05 3.614156759760425193e+05 2.914926846859303769e+05 4.160167826811041450e+05 1.227663399117324880e+05 2.105562518951288366e+05 1.327662638234002516e+05 1.327657827810171875e+05 1.327660692501838203e+05 1.227663917792539287e+05 1.269328774458678672e+05 1.060992974201542238e+05 1.327659702992005041e+05
2.666785387663279835e+04 3.904948931311229535e+04 1.786634251626773621e+05 1.060993496060765610e+05 5.644663033425798560e-01 1.309204945917440782e+05 1.459890076042710039e+00 5.333529520242850413e+04 5.079563992046237399e+04 2.666831670651620516e+04 4.000196238370288484e+04 1.333477497527558808e+04 4.000191006058245694e+04 4.080821871401197277e+05 3.381591113278064295e+05 4.726833343396604178e+05 4.000184169067198673e+04 2.596036845927549293e+05 2.666836869773815124e+04 2.666808167460549521e+04 2.666832496625360727e+04 4.000186657158526214e+04 3.444624247083187947e+04 1.445761382036315101e+00 2.666830554859499171e+04
1.575868461313230509e+05 1.052064427289819578e+05 9.236087405768185272e+04 5.573860279473978881e+04 1.309204945917440637e+05 2.972194107179557250e+04 1.309205915311495046e+05 1.442540577244284796e+05 9.999109295558791200e+04 1.575872978160442144e+05 1.575874375521909096e+05 1.442539375849062344e+05 1.575873940222443198e+05 3.281617649904941791e+05 2.683975256726423395e+05 4.097470205935601261e+05 1.575873946879274445e+05 1.941276204898422293e+05 1.575873955858791596e+05 1.575870229165046476e+05 1.575873176900606195e+05 1.575873241773344926e+05 1.575874623861197033e+05 1.309206051473262632e+05 1.575871514126144757e+05
2.666794751255229130e+04 3.904949959445020068e+04 1.786634852054616786e+05 1.060994349092621269e+05 1.459890076042710039e+00 1.309205915311495046e+05 6.822706205519356581e-01 5.333526306913540611e+04 5.079572598128140817e+04 2.666852006577399879e+04 4.000192990880903380e+04 1.333491145500398306e+04 4.000199169150402304e+04 4.080822443786073709e+05 3.381591425560158095e+05 4.726832847756480915e+05 4.000176303243179427e+04 2.596037700476804457e+05 2.666837917032095720e+04 2.666819539002510282e+04 2.666842547364122947e+04 4.000189217598493997e+04 3.444624526970164879e+04 1.569647821328580051e+00 2.666838885523611316e+04
2.666798125186513425e+04 3.904942130056517635e+04 1.919969248160018178e+05 1.094328754306368501e+05 5.333529520242850413e+04 1.442540577244284796e+05 5.333526306913540611e+04 5.826613767097290619e-01 5.079562597050867771e+04 2.666864814980903247e+04 1.333506576270341066e+04 4.000185651379460614e+04 1.333521875522763185e+04 4.214156762839305447e+05 3.514925976593150990e+05 4.860166886574876844e+05 1.333521596552099072e+04 2.729372017748765065e+05 2.666862079320225894e+04 2.666825825664389049e+04 2.666859734039211617e+04 1.333523899618289579e+04 1.889080481818204134e+04 5.333534570398192591e+04 2.666849619455778156e+04
7.746190672128440929e+04 1.174768657459632959e+04 1.481875049126879021e+05 6.081587172229044518e+04 5.079563992046237399e+04 9.999109295558791200e+04 5.079572598128140817e+04 5.079562597050868499e+04 1.608540306860615965e+04 7.746244751169942901e+04 6.412907453411271854e+04 6.412894502658856072e+04 6.412908357453552890e+04 3.909395418378480827e+05 3.210164646596483071e+05 4.536358635492635658e+05 6.412920492573061347e+04 2.367466978334719024e+05 7.746249810108648671e+04 7.746198629907380382e+04 7.746225551586714573e+04 6.412925088777774363e+04 6.968464592239436752e+04 5.079553767424212128e+04 7.746219644566085481e+04
1.132412293392821123e+00 6.571634457349937293e+04 2.053301962024118402e+05 1.327662396424591134e+05 2.666831670651620516e+04 1.575872978160442144e+05 2.666852006577399879e+04 2.666864814980903247e+04 7.746244751169942901e+04 5.653847152921308572e-01 1.333516291892916161e+04 1.333498672202864509e+04 1.333507035344597170e+04 4.347487678708598251e+05 3.648256725010940572e+05 4.993500688190974179e+05 1.333515070610430121e+04 2.862703785533439368e+05 1.431395686485553709e+00 1.283907579335027416e+00 1.445586222603054471e+00 1.333518931583207632e+04 7.779386662172643810e+03 2.666833191410658765e+04 1.424900385186291585e+00
1.333460312512815290e+04 5.238295786895376659e+04 2.053303181384789059e+05 1.227662650570799451e+05 4.000196238370288484e+04 1.575874375521909096e+05 4.000192990880903380e+04 1.333506576270341066e+04 6.412907453411271854e+04 1.333516291892916161e+04 5.556619019012648542e-01 2.666856013263274508e+04 1.665575513348989789e+00 4.347489988239628728e+05 3.648259100672436762e+05 4.993501378856330412e+05 1.684318816383276296e+00 2.862704815823471290e+05 1.333524941765988478e+04 1.333481080838732487e+04 1.333512751171364107e+04 1.618455839407863195e+00 5.557256332815797577e+03 4.000191045378142735e+04 1.333500662825404470e+04
1.333434501891524633e+04 5.238279407542070840e+04 1.919966829057174327e+05 1.194327506521354080e+05 1.333477497527558808e+04 1.442539375849062344e+05 1.333491145500398306e+04 4.000185651379460614e+04 6.412894502658856072e+04 1.333498672202864509e+04 2.666856013263274508e+04 1.333395795637284573e+04 2.666850872065094518e+04 4.214152660191895557e+05 3.514923050957935629e+05 4.860164457692189026e+05 2.666845330109966017e+04 2.729369354417735594e+05 1.333497724161477163e+04 1.333456433828685840e+04 1.333472864148482950e+04 2.666852230353839695e+04 2.111288650379731553e+04 1.333473757507668961e+04 1.333475733717679941e+04
1.333456547463920833e+04 5.238302511414691980e+04 2.053302294835830689e+05 1.227663337597734790e+05 4.000191006058245694e+04 1.575873940222443198e+05 4.000199169150402304e+04 1.333521875522763185e+04 6.412908357453550707e+04 1.333507035344597170e+04 1.665575513348989789e+00 2.666850872065094518e+04 7.146916224636716830e-01 4.347488774878353579e+05 3.648258439513613121e+05 4.993501436762313824e+05 1.560756501925962603e+00 2.862704670504751266e+05 1.333519464780043381e+04 1.333476137377338637e+04 1.333508377068267146e+04 1.654440592672171251e+00 5.557117629420779849e+03 4.000187596347746876e+04 1.333499778085603248e+04
4.347485757141731447e+05 3.947490402655595681e+05 3.105024885351837147e+05 3.614156759760425193e+05 4.080821871401197859e+05 3.281617649904941791e+05 4.080822443786073709e+05 4.214156762839305447e+05 3.909395418378480244e+05 4.347487678708598251e+05 4.347489988239628728e+05 4.214152660191896139e+05 4.347488774878353579e+05 9.647228393931225582e+04 1.856431748867955757e+05 2.489264971647249768e+05 4.347489620975997532e+05 2.561124596303763974e+05 4.347488060957216658e+05 4.347485348275515134e+05 4.347486246074991650e+05 4.347490094226339716e+05 4.347488176979700220e+05 4.080820581799338688e+05 4.347485982158232364e+05
3.648254520465082023e+05 3.248259732367498800e+05 2.468837502814479521e+05 2.914926846859304351e+05 3.381591113278064877e+05 2.683975256726423395e+05 3.381591425560159259e+05 3.514925976593150990e+05 3.210164646596483071e+05 3.648256725010940572e+05 3.648259100672436762e+05 3.514923050957936211e+05 3.648258439513613121e+05 1.856431748867955757e+05 6.240519276230521064e+04 2.664804475511956261e+05 3.648258547313068411e+05 1.639994298028883059e+05 3.648257142592115561e+05 3.648254655143701821e+05 3.648255539515767596e+05 3.648259041557639139e+05 3.648257727095213486e+05 3.381590127048400464e+05 3.648255555361278821e+05
4.993497092656304594e+05 4.593501313320032787e+05 3.740218818274125806e+05 4.160167826811041450e+05 4.726833343396604178e+05 4.097470205935601261e+05 4.726832847756480915e+05 4.860166886574876844e+05 4.536358635492635658e+05 4.993500688190974179e+05 4.993501378856330412e+05 4.860164457692189026e+05 4.993501436762313824e+05 2.489264971647249768e+05 2.664804475511956261e+05 1.276071598328834225e+05 4.993499572528114659e+05 3.059182127077743644e+05 4.993499840505108004e+05 4.993497537759740953e+05 4.993498047375374590e+05 4.993500971235248144e+05 4.993499993380898959e+05 4.726833543940077652e+05 4.993497223474027123e+05
1.333452067592357162e+04 5.238304683730306715e+04 2.053302775794906192e+05 1.227663399117324880e+05 4.000184169067198673e+04 1.575873946879274445e+05 4.000176303243179427e+04 1.333521596552099072e+04 6.412920492573059164e+04 1.333515070610430121e+04 1.684318816383276296e+00 2.666845330109966017e+04 1.560756501925962603e+00 4.347489620975997532e+05 3.648258547313068411e+05 4.993499572528114659e+05 5.990608780163720892e-01 2.862704983154633082e+05 1.333507915235927976e+04 1.333482292605763905e+04 1.333513111384095282e+04 1.508301240399573695e+00 5.557188010434689204e+03 4.000186189885027125e+04 1.333502963354932217e+04
2.862699875535318279e+05 2.409644633192625188e+05 1.482373970661121130e+05 2.105562518951288366e+05 2.596036845927549293e+05 1.941276204898422002e+05 2.596037700476804166e+05 2.729372017748765065e+05 2.367466978334718733e+05 2.862703785533439368e+05 2.862704815823471290e+05 2.729369354417735594e+05 2.862704670504751266e+05 2.561124596303763974e+05 1.639994298028882768e+05 3.059182127077743644e+05 2.862704983154633082e+05 6.840701912823638122e+04 2.862703614944505971e+05 2.862700959975790465e+05 2.862702767099812627e+05 2.862704540266823606e+05 2.862703833093625726e+05 2.596035403797412873e+05 2.862702233482230222e+05
1.157969850722588401e+00 6.571624385868784157e+04 2.053301503890877066e+05 1.327662638234002516e+05 2.666836869773815124e+04 1.575873955858791596e+05 2.666837917032095720e+04 2.666862079320225894e+04 7.746249810108648671e+04 1.431395686485553709e+00 1.333524941765988478e+04 1.333497724161477163e+04 1.333519464780043381e+04 4.347488060957216658e+05 3.648257142592115561e+05 4.993499840505108004e+05 1.333507915235927976e+04 2.862703614944505971e+05 5.438945847182357074e-01 1.376025128473647996e+00 1.521498436953918842e+00 1.333520707306027543e+04 7.779442305300975022e+03 2.666839588085128707e+04 1.532926415923367092e+00
6.793706642981750532e-01 6.571595327746184194e+04 2.053298081776682811e+05 1.327657827810171875e+05 2.666808167460549521e+04 1.575870229165046476e+05 2.666819539002510282e+04 2.666825825664389049e+04 7.746198629907383292e+04 1.283907579335027416e+00 1.333481080838732487e+04 1.333456433828685840e+04 1.333476137377338637e+04 4.347485348275515134e+05 3.648254655143701821e+05 4.993497537759740953e+05 1.333482292605763905e+04 2.862700959975790465e+05 1.376025128473647996e+00 5.010447577468500890e-01 1.112736100355357527e+00 1.333483922348388296e+04 7.779145625611105970e+03 2.666801477426416022e+04 9.461048323347915900e-01
1.037145882189078216e+00 6.571622493878114619e+04 2.053300245093904377e+05 1.327660692501838203e+05 2.666832496625360727e+04 1.575873176900606195e+05 2.666842547364122947e+04 2.666859734039211617e+04 7.746225551586714573e+04 1.445586222603054471e+00 1.333512751171364289e+04 1.333472864148482950e+04 1.333508377068267328e+04 4.347486246074991650e+05 3.648255539515767596e+05 4.993498047375374590e+05 1.333513111384095464e+04 2.862702767099812627e+05 1.521498436953918842e+00 1.112736100355357305e+00 6.033272156923492613e-01 1.333519383591882615e+04 7.779351097201489210e+03 2.666817638322867424e+04 1.199148054386968587e+00
1.333456015998145449e+04 5.238292642509757570e+04 2.053301564292440889e+05 1.227663917792539141e+05 4.000186657158526214e+04 1.575873241773344635e+05 4.000189217598493997e+04 1.333523899618289579e+04 6.412925088777774363e+04 1.333518931583207632e+04 1.618455839407863195e+00 2.666852230353839695e+04 1.654440592672171251e+00 4.347490094226339716e+05 3.648259041557639721e+05 4.993500971235248144e+05 1.508301240399573695e+00 2.862704540266824188e+05 1.333520707306027543e+04 1.333483922348388296e+04 1.333519383591882433e+04 6.213365767491256797e-01 5.557309916407785749e+03 4.000192179902898351e+04 1.333505611839990161e+04
7.778997304559807162e+03 5.793857745273451292e+04 2.053302911216640787e+05 1.269328774458678672e+05 3.444624247083187947e+04 1.575874623861197033e+05 3.444624526970165607e+04 1.889080481818204134e+04 6.968464592239436752e+04 7.779386662172643810e+03 5.557256332815798487e+03 2.111288650379731553e+04 5.557117629420779849e+03 4.347488176979700220e+05 3.648257727095213486e+05 4.993499993380899541e+05 5.557188010434688294e+03 2.862703833093626308e+05 7.779442305300974112e+03 7.779145625611105970e+03 7.779351097201486482e+03 5.557309916407785749e+03 6.482006433400444621e+03 3.444623133357538609e+04 7.779310558058769857e+03
2.666789806471994234e+04 3.904952333616322721e+04 1.786634273208192899e+05 1.060992974201542238e+05 1.445761382036315101e+00 1.309206051473262778e+05 1.569647821328580051e+00 5.333534570398192591e+04 5.079553767424212128e+04 2.666833191410658765e+04 4.000191045378142735e+04 1.333473757507668961e+04 4.000187596347746876e+04 4.080820581799338688e+05 3.381590127048400464e+05 4.726833543940077652e+05 4.000186189885027125e+04 2.596035403797413164e+05 2.666839588085128707e+04 2.666801477426416022e+04 2.666817638322867424e+04 4.000192179902898351e+04 3.444623133357538609e+04 6.231690906097026028e-01 2.666816881396600729e+04
9.393919773543168983e-01 6.571619202472250618e+04 2.053299652007918630e+05 1.327659702992005041e+05 2.666830554859499171e+04 1.575871514126145048e+05 2.666838885523611316e+04 2.666849619455778156e+04 7.746219644566085481e+04 1.424900385186291585e+00 1.333500662825404470e+04 1.333475733717679941e+04 1.333499778085603248e+04 4.347485982158232364e+05 3.648255555361278821e+05 4.993497223474027705e+05 1.333502963354932217e+04 2.862702233482230222e+05 1.532926415923367092e+00 9.461048323347915900e-01 1.199148054386968587e+00 1.333505611839990161e+04 7.779310558058770766e+03 2.666816881396600729e+04 5.417101699410309390e-01
