1.005674902728004305e+00 1.975251964796856496e+00 1.013725959765158477e+05 2.631778663969824629e+04 2.631796398597762891e+04 1.303222821372020553e+05 2.631784976349308272e+04 2.631745715725138871e+04 2.631794478626709679e+04 1.980960379739018729e+00 6.287652237152269663e+04 2.631791433696345121e+04 2.631756443183251031e+04 2.631729844653663167e+04 9.210744928991752386e+04 2.711543779221588920e+04 2.170189454280024802e+04 2.763492058539155987e+05 2.631792594870510584e+04 2.631781793182013280e+04 2.631785086802309888e+04 2.631784481988984771e+04 2.631766267922070256e+04 2.631786963931865466e+04 1.723269732890193118e+05
1.975251964796856274e+00 9.511960464423110384e-01 1.013726095776676375e+05 2.631775940288806669e+04 2.631800777197374191e+04 1.303221811490543623e+05 2.631784610766824335e+04 2.631747555997389645e+04 2.631802554128336124e+04 1.997229592474523807e+00 6.287650315367668372e+04 2.631807373593496959e+04 2.631755941899250683e+04 2.631732873963181191e+04 9.210756657962605823e+04 2.711527545926985476e+04 2.170201305646267792e+04 2.763491662520606187e+05 2.631808775603873801e+04 2.631788836827494742e+04 2.631788936850953178e+04 2.631787382879047072e+04 2.631767433910470572e+04 2.631797592477961007e+04 1.723270051000761450e+05
1.013725959765158477e+05 1.013726095776676375e+05 1.866772519585123518e+04 1.013723049637666263e+05 1.013724939209789300e+05 6.981978013477344939e+04 1.013723363806756533e+05 1.013720636835389014e+05 1.013725602515229402e+05 1.013726186290111655e+05 6.481411310558056721e+04 1.013726094787445327e+05 1.013720072458845825e+05 1.013718850577636913e+05 3.333644069536817551e+04 1.005752662199615734e+05 1.013726617509742064e+05 2.381658607704605383e+05 1.013726691348943714e+05 1.013724459692368837e+05 1.013723585436770227e+05 1.013724388329605863e+05 1.013721999419918866e+05 1.013725653863233165e+05 1.499504792506163649e+05
2.631778663969824629e+04 2.631775940288806669e+04 1.013723049637666263e+05 8.368040522629900391e-01 2.083503092032181303e+04 1.303217819119276101e+05 1.483187121431484679e+00 1.342896110140745947e+00 2.631755631137188175e+04 2.631769388999199873e+04 6.287634067661174049e+04 2.631757182314322927e+04 1.421005518070769913e+00 1.164281704958269659e+00 9.210726391707902076e+04 2.711524808870762718e+04 2.631770772575527008e+04 2.763488526253396994e+05 2.631762709009883474e+04 1.699477335823357862e+03 1.601869355741990741e+00 1.643491550294092551e+00 1.413586295816963823e+00 1.315953322556905368e+04 1.723266127807534649e+05
2.631796398597762891e+04 2.631800777197374191e+04 1.013724939209789300e+05 2.083503092032181667e+04 6.397081251894675006e+03 1.303220997663932212e+05 2.083508786280921049e+04 2.083488281978758459e+04 5.484109080270108279e+03 2.631785146095426171e+04 6.287654951018255815e+04 5.484194326866370830e+03 2.083495244317282777e+04 2.083462229626264161e+04 9.210750118928040320e+04 2.711548971868912122e+04 1.335145713823847109e+04 2.763490584331075661e+05 5.484232495610503975e+03 2.083509282234840794e+04 2.083513274816561898e+04 2.083513972539494716e+04 2.083508685507835980e+04 7.677125539463704627e+03 1.723269125752581749e+05
1.303222821372020553e+05 1.303221811490543623e+05 6.981978013477344939e+04 1.303217819119276101e+05 1.303220997663932212e+05 3.022502733081424230e+04 1.303218116333843354e+05 1.303215974468321947e+05 1.303221302046125493e+05 1.303222152050977747e+05 1.014404649139472313e+05 1.303221282403969672e+05 1.303216583851531468e+05 1.303214764354073850e+05 7.727138374619885872e+04 1.295247742949064559e+05 1.303222476432419935e+05 2.307244158875229477e+05 1.303222002266312775e+05 1.303219585065113934e+05 1.303218582212837646e+05 1.303219148519525625e+05 1.303217495906330878e+05 1.303220514787021966e+05 9.956297544441421633e+04
2.631784976349308272e+04 2.631784610766824335e+04 1.013723363806756533e+05 1.483187121431484679e+00 2.083508786280920685e+04 1.303218116333843500e+05 7.903830728535569117e-01 1.472807017193668466e+00 2.631758697368748835e+04 2.631781460924467319e+04 6.287647739207579434e+04 2.631763184553281098e+04 1.517800340067156251e+00 1.242414954696009044e+00 9.210733381038045627e+04 2.711533371345068736e+04 2.631770659317412719e+04 2.763488383833998232e+05 2.631764658867035541e+04 1.699579254700875936e+03 1.569037801096268447e+00 1.637406921921112257e+00 1.490005934344132976e+00 1.315963206582296152e+04 1.723265785907415266e+05
2.631745715725138871e+04 2.631747555997389645e+04 1.013720636835389014e+05 1.342896110140745947e+00 2.083488281978758096e+04 1.303215974468321947e+05 1.472807017193668466e+00 6.608037153263160990e-01 2.631739145456082406e+04 2.631742620827793507e+04 6.287601914079511334e+04 2.631739018489936643e+04 1.142233368756825573e+00 8.741489766621103330e-01 9.210695190917783475e+04 2.711492886848428680e+04 2.631739270375197520e+04 2.763487297460209811e+05 2.631737985614271383e+04 1.699342126612595393e+03 1.475302131969231656e+00 1.513446750912718519e+00 1.306911809967414406e+00 1.315942013937439151e+04 1.723264658869348350e+05
2.631794478626709679e+04 2.631802554128336124e+04 1.013725602515229402e+05 2.631755631137188175e+04 5.484109080270108279e+03 1.303221302046125493e+05 2.631758697368748835e+04 2.631739145456082406e+04 8.731675342019377117e-01 2.631791091145970495e+04 6.287663494995998917e+04 1.736640309669586157e+00 2.631742673671721059e+04 2.631713794439007324e+04 9.210748007636457623e+04 2.711555066133317086e+04 1.015338886635923154e+04 2.763491005639997893e+05 1.727506384281557228e+00 2.631763177258482756e+04 2.631767643909201070e+04 2.631769095105217275e+04 2.631753776620815552e+04 1.315971280168591875e+04 1.723269397971281433e+05
1.980960379739018729e+00 1.997229592474523807e+00 1.013726186290111655e+05 2.631769388999199873e+04 2.631785146095426171e+04 1.303222152050977602e+05 2.631781460924467319e+04 2.631742620827793507e+04 2.631791091145970495e+04 8.979294229484973133e-01 6.287653189997718437e+04 2.631794396645657980e+04 2.631756712895518285e+04 2.631727464796228378e+04 9.210760560876327509e+04 2.711533431421050045e+04 2.170188603363164293e+04 2.763492386260272469e+05 2.631786126317397066e+04 2.631779979274643119e+04 2.631781662694622355e+04 2.631777025806312668e+04 2.631761155407682236e+04 2.631781954833122654e+04 1.723270320989621396e+05
6.287652237152269663e+04 6.287650315367666917e+04 6.481411310558056721e+04 6.287634067661174777e+04 6.287654951018256543e+04 1.014404649139472313e+05 6.287647739207579434e+04 6.287601914079511334e+04 6.287663494995998917e+04 6.287653189997718437e+04 2.416021520347259866e+04 6.287662027622311871e+04 6.287618299054141244e+04 6.287590985324447684e+04 4.246152792840236361e+04 3.576300431374768959e+04 5.734098663323881192e+04 2.690393000057377503e+05 6.287653836248523294e+04 6.117859966652782168e+04 6.287649844091490377e+04 6.287650654028213467e+04 6.287627591888808092e+04 6.287656022124803712e+04 1.586375673318654008e+05
2.631791433696345121e+04 2.631807373593496959e+04 1.013726094787445327e+05 2.631757182314322927e+04 5.484194326866370830e+03 1.303221282403969817e+05 2.631763184553281098e+04 2.631739018489936643e+04 1.736640309669585713e+00 2.631794396645657980e+04 6.287662027622310416e+04 8.892480362257192406e-01 2.631750180952885057e+04 2.631714559875777559e+04 9.210749329513475823e+04 2.711560099175849246e+04 1.015328934891288554e+04 2.763491616867145058e+05 1.748438290436204134e+00 2.631762119310448179e+04 2.631764073836814350e+04 2.631761669733311646e+04 2.631760253529660622e+04 1.315969274893895818e+04 1.723269833554695942e+05
2.631756443183251031e+04 2.631755941899250683e+04 1.013720072458845825e+05 1.421005518070769913e+00 2.083495244317282777e+04 1.303216583851531468e+05 1.517800340067156251e+00 1.142233368756825573e+00 2.631742673671721059e+04 2.631756712895518285e+04 6.287618299054140516e+04 2.631750180952885057e+04 7.088228373469263044e-01 9.927470234718347442e-01 9.210702304567258398e+04 2.711506377137255186e+04 2.631751712061786020e+04 2.763487331773110782e+05 2.631751063557615635e+04 1.699414712435425827e+03 1.563152500333033323e+00 1.615671007573716400e+00 1.311776357381404079e+00 1.315951759220283566e+04 1.723265114786371705e+05
2.631729844653663167e+04 2.631732873963181191e+04 1.013718850577636913e+05 1.164281704958269659e+00 2.083462229626264525e+04 1.303214764354073704e+05 1.242414954696009266e+00 8.741489766621103330e-01 2.631713794439007324e+04 2.631727464796228378e+04 6.287590985324446956e+04 2.631714559875777559e+04 9.927470234718347442e-01 4.388172626806217669e-01 9.210678240359872871e+04 2.711481746704690522e+04 2.631721923651512043e+04 2.763486035614996217e+05 2.631715878646219426e+04 1.699058547687953023e+03 1.234720993526159161e+00 1.225440912823319684e+00 1.100493441077761592e+00 1.315916588397755913e+04 1.723263746343670937e+05
9.210744928991752386e+04 9.210756657962605823e+04 3.333644069536818279e+04 9.210726391707902076e+04 9.210750118928040320e+04 7.727138374619885872e+04 9.210733381038045627e+04 9.210695190917783475e+04 9.210748007636457623e+04 9.210760560876327509e+04 4.246152792840236361e+04 9.210749329513475823e+04 9.210702304567258398e+04 9.210678240359872871e+04 1.104065729541711335e+04 7.822285112646900234e+04 8.863556457844578836e+04 2.620947593590533943e+05 9.210741132483002730e+04 9.183352142527098476e+04 9.210736034086870495e+04 9.210738365136558423e+04 9.210715510520571843e+04 9.210746996467806457e+04 1.436285613245052518e+05
2.711543779221588920e+04 2.711527545926985476e+04 1.005752662199615734e+05 2.711524808870762718e+04 2.711548971868912122e+04 1.295247742949064414e+05 2.711533371345068736e+04 2.711492886848428680e+04 2.711555066133317086e+04 2.711533431421050045e+04 3.576300431374767504e+04 2.711560099175849246e+04 2.711506377137255186e+04 2.711481746704690522e+04 7.822285112646900234e+04 1.499118372035443144e+03 2.157985679749170595e+04 2.763492890973973554e+05 2.711552171528679173e+04 2.541751476051034842e+04 2.711538598644307785e+04 2.711541551750295548e+04 2.711515585540220127e+04 2.711550035570528053e+04 1.719404060136539047e+05
2.170189454280024438e+04 2.170201305646267429e+04 1.013726617509742064e+05 2.631770772575526644e+04 1.335145713823847109e+04 1.303222476432419935e+05 2.631770659317412719e+04 2.631739270375196793e+04 1.015338886635923154e+04 2.170188603363163929e+04 5.734098663323880464e+04 1.015328934891288554e+04 2.631751712061786020e+04 2.631721923651512043e+04 8.863556457844578836e+04 2.157985679749170595e+04 1.414766372363867958e+04 2.763491499744395260e+05 1.015335862622010063e+04 2.609862552300213792e+04 2.631779024287401626e+04 2.631774819712239332e+04 2.631761518388849800e+04 1.782875178025834248e+04 1.723270280965800048e+05
2.763492058539155987e+05 2.763491662520606187e+05 2.381658607704605383e+05 2.763488526253396412e+05 2.763490584331075661e+05 2.307244158875229768e+05 2.763488383833998814e+05 2.763487297460209811e+05 2.763491005639997311e+05 2.763492386260272469e+05 2.690393000057377503e+05 2.763491616867144476e+05 2.763487331773110782e+05 2.763486035614996217e+05 2.620947593590533070e+05 2.763492890973973554e+05 2.763491499744395842e+05 1.015990617836284364e+05 2.763491839749348001e+05 2.763489814930787543e+05 2.763487988737045089e+05 2.763489576018074877e+05 2.763488108977624797e+05 2.763490314447988058e+05 2.065007002462994133e+05
2.631792594870510584e+04 2.631808775603874528e+04 1.013726691348943714e+05 2.631762709009883474e+04 5.484232495610503975e+03 1.303222002266312920e+05 2.631764658867035905e+04 2.631737985614271747e+04 1.727506384281557228e+00 2.631786126317397429e+04 6.287653836248523294e+04 1.748438290436203912e+00 2.631751063557615998e+04 2.631715878646219426e+04 9.210741132483002730e+04 2.711552171528679537e+04 1.015335862622010427e+04 2.763491839749348001e+05 9.199248235200591095e-01 2.631767109038651324e+04 2.631768000563624446e+04 2.631766384472054415e+04 2.631760867092357876e+04 1.315977893128546020e+04 1.723270101643628732e+05
2.631781793182013280e+04 2.631788836827494742e+04 1.013724459692368837e+05 1.699477335823357862e+03 2.083509282234840066e+04 1.303219585065113934e+05 1.699579254700875936e+03 1.699342126612595393e+03 2.631763177258482756e+04 2.631779979274643119e+04 6.117859966652781441e+04 2.631762119310448179e+04 1.699414712435425827e+03 1.699058547687952796e+03 9.183352142527098476e+04 2.541751476051034842e+04 2.609862552300213792e+04 2.763489814930787543e+05 2.631767109038650597e+04 2.958286842259431523e+03 1.699425837437669770e+03 1.699439976205747826e+03 1.699502820198309337e+03 1.315950089279125132e+04 1.723267893624616554e+05
2.631785086802309888e+04 2.631788936850953178e+04 1.013723585436770081e+05 1.601869355741990741e+00 2.083513274816561534e+04 1.303218582212837646e+05 1.569037801096268447e+00 1.475302131969231656e+00 2.631767643909201070e+04 2.631781662694622355e+04 6.287649844091488922e+04 2.631764073836814350e+04 1.563152500333033323e+00 1.234720993526159161e+00 9.210736034086870495e+04 2.711538598644307785e+04 2.631779024287402353e+04 2.763487988737045671e+05 2.631768000563624446e+04 1.699425837437669770e+03 8.445305753130317727e-01 1.543715279624038095e+00 1.550980319606065860e+00 1.315962457195134266e+04 1.723267063040081412e+05
2.631784481988984771e+04 2.631787382879047072e+04 1.013724388329605863e+05 1.643491550294092329e+00 2.083513972539494716e+04 1.303219148519525625e+05 1.637406921921112257e+00 1.513446750912718075e+00 2.631769095105217275e+04 2.631777025806312668e+04 6.287650654028213467e+04 2.631761669733311646e+04 1.615671007573716400e+00 1.225440912823319461e+00 9.210738365136558423e+04 2.711541551750295548e+04 2.631774819712239332e+04 2.763489576018074877e+05 2.631766384472054051e+04 1.699439976205747826e+03 1.543715279624038539e+00 8.518292712154482693e-01 1.651435128794828344e+00 1.315953711972068959e+04 1.723268246451188170e+05
2.631766267922070256e+04 2.631767433910470572e+04 1.013721999419918866e+05 1.413586295816963823e+00 2.083508685507835980e+04 1.303217495906330878e+05 1.490005934344132754e+00 1.306911809967414406e+00 2.631753776620815552e+04 2.631761155407682236e+04 6.287627591888808092e+04 2.631760253529660622e+04 1.311776357381404079e+00 1.100493441077761592e+00 9.210715510520571843e+04 2.711515585540220127e+04 2.631761518388849800e+04 2.763488108977624215e+05 2.631760867092357876e+04 1.699502820198308882e+03 1.550980319606065860e+00 1.651435128794828122e+00 7.961146991178201793e-01 1.315957114385456771e+04 1.723264942554508161e+05
2.631786963931865466e+04 2.631797592477961007e+04 1.013725653863233165e+05 1.315953322556905368e+04 7.677125539463704627e+03 1.303220514787021966e+05 1.315963206582296152e+04 1.315942013937439151e+04 1.315971280168591875e+04 2.631781954833122654e+04 6.287656022124803712e+04 1.315969274893895818e+04 1.315951759220283566e+04 1.315916588397755913e+04 9.210746996467806457e+04 2.711550035570528053e+04 1.782875178025834248e+04 2.763490314447988640e+05 1.315977893128545657e+04 1.315950089279125132e+04 1.315962457195134266e+04 1.315953711972068959e+04 1.315957114385456771e+04 8.578000764244710918e-01 1.723268590142447210e+05
1.723269732890193409e+05 1.723270051000761741e+05 1.499504792506163649e+05 1.723266127807534649e+05 1.723269125752582331e+05 9.956297544441418722e+04 1.723265785907415266e+05 1.723264658869348350e+05 1.723269397971281724e+05 1.723270320989621978e+05 1.586375673318654008e+05 1.723269833554695942e+05 1.723265114786371705e+05 1.723263746343671228e+05 1.436285613245052518e+05 1.719404060136539338e+05 1.723270280965800048e+05 2.065007002462994424e+05 1.723270101643628732e+05 1.723267893624616554e+05 1.723267063040081412e+05 1.723268246451188170e+05 1.723264942554508161e+05 1.723268590142447210e+05 2.301569593924146466e+04
