5.387858064614595060e+04 2.373755034525977098e+05 2.373755376803269319e+05 2.095976681783977547e+05 2.198230853873380984e+05 1.589675411121509096e+05 2.095977577071906708e+05 2.373755393514698662e+05 1.720361594212417840e+05 2.373750416016865347e+05 2.373754116066861898e+05 2.234865605749241950e+05 2.373755331600450154e+05 2.095977749814306153e+05 2.095977909537201340e+05 2.095977407961498830e+05 2.373753463223801809e+05 2.373755198031977925e+05 2.373754540693724121e+05 4.038196811899924069e+05 2.373754829435336287e+05 2.373754646727345244e+05 1.868705213101590634e+05 2.743276564115711953e+05 2.373752197491937550e+05
2.373755034525977098e+05 9.030116261657339383e-01 1.862819953124003947e+00 2.777982612493581473e+04 2.905300360704243649e+05 1.354210379945963505e+05 2.777982330392116637e+04 1.871407744914851623e+00 2.613653762911341619e+05 1.267750206094276244e+00 1.676568184581037402e+00 1.389081140183932257e+04 1.652814764296458128e+00 2.777981096607694053e+04 2.777987874723601999e+04 7.936719467209457071e+04 1.602327688742485545e+00 1.775562672525767827e+00 1.528470005307442037e+00 4.745264326786283054e+05 1.756350933815502113e+00 1.512170083447951401e+04 1.060627530751611048e+05 3.521404492941153585e+05 1.587577318876195021e+00
2.373755376803269028e+05 1.862819953124003947e+00 1.034237318321736598e+00 2.777984528578000391e+04 2.905301548620664398e+05 1.354211816274849989e+05 2.777987330787407336e+04 1.929120243354233599e+00 2.613654777740427235e+05 1.430009723809917421e+00 1.842216044898235872e+00 1.389078075419371453e+04 1.898673150430334911e+00 2.777985564595186224e+04 2.777987135783998383e+04 7.936723459960361652e+04 1.872709404527553412e+00 1.815625022322821858e+00 1.928669933982862128e+00 4.745266356253045960e+05 1.903466900363901093e+00 1.512168548824880236e+04 1.060627922092981025e+05 3.521405773388508242e+05 1.802411565922988457e+00
2.095976681783977256e+05 2.777982612493581473e+04 2.777984528578000391e+04 1.057385424889006220e+00 2.627524580650581047e+05 1.076432738713127037e+05 1.773885338644220822e+00 2.777979419468272317e+04 2.335876478103620757e+05 2.777927427110456847e+04 2.777978561059737331e+04 1.389090948884780300e+04 2.777980514439335093e+04 1.925231963181611272e+00 1.977293879570541479e+00 5.158944584880823822e+04 2.777976410953106097e+04 2.777979238593784976e+04 2.777980813763791230e+04 4.467488543068511644e+05 2.777992437774276914e+04 4.289952415706175816e+04 7.828508515160472598e+04 3.243629111829389003e+05 2.777961503466826252e+04
2.198230853873380402e+05 2.905300360704243649e+05 2.905301548620663816e+05 2.627524580650581047e+05 7.742943267829372780e+04 2.473204545614533708e+05 2.627524657274792553e+05 2.905301961697869119e+05 1.493302922475044616e+05 2.905296584872107487e+05 2.905299583016988472e+05 2.766412113293225411e+05 2.905300228889121790e+05 2.627524006207113853e+05 2.627524362818470108e+05 2.627525326068241266e+05 2.905298233475592569e+05 2.905300656224026461e+05 2.905300098937473958e+05 3.611162843530641403e+05 2.905300082525688922e+05 2.905301751929051243e+05 2.627524773773514316e+05 2.114057584052457532e+05 2.905298334606928402e+05
1.589675411121508805e+05 1.354210379945963505e+05 1.354211816274849989e+05 1.076432738713127037e+05 2.473204545614533708e+05 5.420859539952834893e+04 1.076433196487352543e+05 1.354210137340761721e+05 2.101497556749763316e+05 1.354205895110857091e+05 1.354209590508915135e+05 1.215322739905897324e+05 1.354210892294086807e+05 1.076432494154317828e+05 1.076431750864062633e+05 1.025412757408292382e+05 1.354209177613455395e+05 1.354210899062860990e+05 1.354210035474921751e+05 4.313167644525535288e+05 1.354210878455274215e+05 1.354211987110229966e+05 7.748397928249597317e+04 3.072782806864242302e+05 1.354207632532085408e+05
2.095977577071906126e+05 2.777982330392116637e+04 2.777987330787407336e+04 1.773885338644220155e+00 2.627524657274792553e+05 1.076433196487352543e+05 1.051180808134015043e+00 2.777981930450088112e+04 2.335876343667722249e+05 2.777927985799677117e+04 2.777981740791061748e+04 1.389095686507586288e+04 2.777982979921628794e+04 1.911140322920496182e+00 1.968320096253965090e+00 5.158942861735925544e+04 2.777975608658671263e+04 2.777982930597221275e+04 2.777980547302342165e+04 4.467488542843579198e+05 2.777988590141993700e+04 4.289962799098979303e+04 7.828504348488524556e+04 3.243628924302760861e+05 2.777966433484970912e+04
2.373755393514698371e+05 1.871407744914851623e+00 1.929120243354233599e+00 2.777979419468272317e+04 2.905301961697869701e+05 1.354210137340761721e+05 2.777981930450088112e+04 9.490325447512855117e-01 2.613653570207582670e+05 1.409591081588111861e+00 1.898565973382430716e+00 1.389078650915551771e+04 1.863871379421560670e+00 2.777969363495166181e+04 2.777985640231127763e+04 7.936722960280645930e+04 1.837485026555589096e+00 1.746668101574920806e+00 1.868204124510414843e+00 4.745265381804421777e+05 1.852644185180412295e+00 1.512180926703994555e+04 1.060628157333770214e+05 3.521406323132437537e+05 1.719057870874341809e+00
1.720361594212417840e+05 2.613653762911341910e+05 2.613654777740427235e+05 2.335876478103620757e+05 1.493302922475044616e+05 2.101497556749763608e+05 2.335876343667722249e+05 2.613653570207582670e+05 9.801955982558574760e+04 2.613649607292404689e+05 2.613652872989322641e+05 2.474766186298641842e+05 2.613653600984274526e+05 2.335875892873666598e+05 2.335876200232311676e+05 2.335878968533482403e+05 2.613651922036324395e+05 2.613653648519804410e+05 2.613653340493380383e+05 3.798297102246472496e+05 2.613654250838469598e+05 2.613655843851929239e+05 2.287669042111250747e+05 2.445519077591744426e+05 2.613652009626212530e+05
2.373750416016864765e+05 1.267750206094276688e+00 1.430009723809917421e+00 2.777927427110456847e+04 2.905296584872107487e+05 1.354205895110857091e+05 2.777927985799677117e+04 1.409591081588111861e+00 2.613649607292404689e+05 5.672832739814487324e-01 1.230561002407316806e+00 1.389033178601083455e+04 1.270447744862723383e+00 2.777928348830109462e+04 2.777930741580732865e+04 7.936669718140822079e+04 1.135496330561441169e+00 1.329442039357163541e+00 1.229050365594392957e+00 4.745262312360254000e+05 1.386685532107632124e+00 1.512119780114002788e+04 1.060622653551922995e+05 3.521401575914900750e+05 1.053336107448630266e+00
2.373754116066861898e+05 1.676568184581036958e+00 1.842216044898235872e+00 2.777978561059737331e+04 2.905299583016988472e+05 1.354209590508915135e+05 2.777981740791061748e+04 1.898565973382430716e+00 2.613652872989322641e+05 1.230561002407316806e+00 8.735608172991429221e-01 1.389082882391852218e+04 1.704604847452926508e+00 2.777980363893094182e+04 2.777985074555341635e+04 7.936713733299753221e+04 1.567255853826769352e+00 1.710874607571307493e+00 1.562176889256082335e+00 4.745264938236714806e+05 1.770322560978500492e+00 1.512168251981698268e+04 1.060626804889825580e+05 3.521403855779174482e+05 1.488649797020452858e+00
2.234865605749241950e+05 1.389081140183932257e+04 1.389078075419371271e+04 1.389090948884780300e+04 2.766412113293225411e+05 1.215322739905897179e+05 1.389095686507586470e+04 1.389078650915551771e+04 2.474766186298641842e+05 1.389033178601083455e+04 1.389082882391852218e+04 1.388995687230707881e+04 1.389074408728945127e+04 1.389084243326963406e+04 1.389102345231773688e+04 6.547821223854339041e+04 1.389079508315704334e+04 1.389081389621399467e+04 1.389082813392671960e+04 4.606377998018086655e+05 1.389076515878082500e+04 2.901058897258065554e+04 9.217380839496586123e+04 3.382516286894196528e+05 1.389071226962693072e+04
2.373755331600449281e+05 1.652814764296458128e+00 1.898673150430334911e+00 2.777980514439335093e+04 2.905300228889121790e+05 1.354210892294086807e+05 2.777982979921628794e+04 1.863871379421560670e+00 2.613653600984274235e+05 1.270447744862723383e+00 1.704604847452926730e+00 1.389074408728945309e+04 9.508558881186909284e-01 2.777982145397069689e+04 2.777988733132915877e+04 7.936722695961529098e+04 1.652522508442813010e+00 1.656227334639789328e+00 1.624262378498206205e+00 4.745264637523791753e+05 1.785358508693464019e+00 1.512170671753651004e+04 1.060627656045595504e+05 3.521404580655212631e+05 1.650788895875589857e+00
2.095977749814305571e+05 2.777981096607694053e+04 2.777985564595186224e+04 1.925231963181610828e+00 2.627524006207113853e+05 1.076432494154317828e+05 1.911140322920496182e+00 2.777969363495166181e+04 2.335875892873666307e+05 2.777928348830109462e+04 2.777980363893094182e+04 1.389084243326963406e+04 2.777982145397069689e+04 1.034399201291201775e+00 1.945520363684393406e+00 5.158945370596915745e+04 2.777975720069352610e+04 2.777983128324224890e+04 2.777980373692273497e+04 4.467488263810835197e+05 2.777985554731925367e+04 4.289963742588815512e+04 7.828495591433782829e+04 3.243628779801884666e+05 2.777965037140625645e+04
2.095977909537201340e+05 2.777987874723601999e+04 2.777987135783998383e+04 1.977293879570541257e+00 2.627524362818470108e+05 1.076431750864062633e+05 1.968320096253965090e+00 2.777985640231127763e+04 2.335876200232311676e+05 2.777930741580732865e+04 2.777985074555341635e+04 1.389102345231773688e+04 2.777988733132915877e+04 1.945520363684393406e+00 1.028836641132442775e+00 5.158938708832335396e+04 2.777981457563812728e+04 2.777989590917037276e+04 2.777986018819648234e+04 4.467487794662230881e+05 2.777992745323123745e+04 4.289963651095068781e+04 7.828494086843753757e+04 3.243628234065027209e+05 2.777971700635713569e+04
2.095977407961498830e+05 7.936719467209457071e+04 7.936723459960361652e+04 5.158944584880823822e+04 2.627525326068241266e+05 1.025412757408292382e+05 5.158942861735925544e+04 7.936722960280645930e+04 2.335878968533482112e+05 7.936669718140822079e+04 7.936713733299753221e+04 6.547821223854337586e+04 7.936722695961529098e+04 5.158945370596915018e+04 5.158938708832335396e+04 9.474387215786240631e+03 7.936708766952299629e+04 7.936716826719741221e+04 7.936715525353327394e+04 4.467490390280836727e+05 7.936711218241759343e+04 7.860162538719503209e+04 7.778640769290721801e+04 3.243629507578926859e+05 7.936699160643722280e+04
2.373753463223801809e+05 1.602327688742485545e+00 1.872709404527553412e+00 2.777976410953106097e+04 2.905298233475592569e+05 1.354209177613455395e+05 2.777975608658671263e+04 1.837485026555589096e+00 2.613651922036324395e+05 1.135496330561441392e+00 1.567255853826769352e+00 1.389079508315704334e+04 1.652522508442813010e+00 2.777975720069352610e+04 2.777981457563812728e+04 7.936708766952299629e+04 9.325517653675455820e-01 1.651369100395523981e+00 1.640722743001594264e+00 4.745263570421951008e+05 1.759920621629710080e+00 1.512160764975002166e+04 1.060626293496373401e+05 3.521402565854562563e+05 1.419417526159397536e+00
2.373755198031977052e+05 1.775562672525767605e+00 1.815625022322821414e+00 2.777979238593784976e+04 2.905300656224027043e+05 1.354210899062860990e+05 2.777982930597221275e+04 1.746668101574920806e+00 2.613653648519804410e+05 1.329442039357163541e+00 1.710874607571307493e+00 1.389081389621399467e+04 1.656227334639789328e+00 2.777983128324224890e+04 2.777989590917037276e+04 7.936716826719741221e+04 1.651369100395523981e+00 9.562234120090224998e-01 1.802765076490476126e+00 4.745265836652399739e+05 1.780574559814306568e+00 1.512170945737213879e+04 1.060627376822654769e+05 3.521405332256900729e+05 1.608755529249925376e+00
2.373754540693724121e+05 1.528470005307441815e+00 1.928669933982861684e+00 2.777980813763791230e+04 2.905300098937473958e+05 1.354210035474921751e+05 2.777980547302342165e+04 1.868204124510415065e+00 2.613653340493380383e+05 1.229050365594392957e+00 1.562176889256082335e+00 1.389082813392671960e+04 1.624262378498206205e+00 2.777980373692273497e+04 2.777986018819648234e+04 7.936715525353327394e+04 1.640722743001594264e+00 1.802765076490476126e+00 9.837262233704407999e-01 4.745264417318909545e+05 1.734759786223864619e+00 1.512168061427760404e+04 1.060627237617404899e+05 3.521404376747196075e+05 1.520234255905118959e+00
4.038196811899924069e+05 4.745264326786283054e+05 4.745266356253045960e+05 4.467488543068511644e+05 3.611162843530641403e+05 4.313167644525534706e+05 4.467488542843579198e+05 4.745265381804421777e+05 3.798297102246472496e+05 4.745262312360254000e+05 4.745264938236714806e+05 4.606377998018086073e+05 4.745264637523791753e+05 4.467488263810834615e+05 4.467487794662230881e+05 4.467490390280836727e+05 4.745263570421951590e+05 4.745265836652399739e+05 4.745264417318909545e+05 1.784070358544884948e+05 4.745266195854047546e+05 4.745267434478329960e+05 4.467490423839790747e+05 2.866325929950631689e+05 4.745263758010129677e+05
2.373754829435335996e+05 1.756350933815501891e+00 1.903466900363900649e+00 2.777992437774276914e+04 2.905300082525689504e+05 1.354210878455274215e+05 2.777988590141993700e+04 1.852644185180411851e+00 2.613654250838469306e+05 1.386685532107632124e+00 1.770322560978500492e+00 1.389076515878082500e+04 1.785358508693464241e+00 2.777985554731925367e+04 2.777992745323123745e+04 7.936711218241759343e+04 1.759920621629710080e+00 1.780574559814306568e+00 1.734759786223864619e+00 4.745266195854047546e+05 1.012046376965333616e+00 1.512166523666808462e+04 1.060627011210686615e+05 3.521404987071231008e+05 1.702881787972742256e+00
2.373754646727345244e+05 1.512170083447951401e+04 1.512168548824879690e+04 4.289952415706175816e+04 2.905301751929051825e+05 1.354211987110229966e+05 4.289962799098979303e+04 1.512180926703994555e+04 2.613655843851929239e+05 1.512119780114002424e+04 1.512168251981698268e+04 2.901058897258065190e+04 1.512170671753650458e+04 4.289963742588815512e+04 4.289963651095068053e+04 7.860162538719503209e+04 1.512160764975002166e+04 1.512170945737213879e+04 1.512168061427760404e+04 4.745267434478329960e+05 1.512166523666808462e+04 1.378106206256642872e+04 1.007039244651539339e+05 3.521406273886345443e+05 1.512157677423261885e+04
1.868705213101590343e+05 1.060627530751611048e+05 1.060627922092981025e+05 7.828508515160471143e+04 2.627524773773514316e+05 7.748397928249597317e+04 7.828504348488523101e+04 1.060628157333770214e+05 2.287669042111250747e+05 1.060622653551923140e+05 1.060626804889825580e+05 9.217380839496584667e+04 1.060627656045595504e+05 7.828495591433782829e+04 7.828494086843753757e+04 7.778640769290721801e+04 1.060626293496373401e+05 1.060627376822654769e+05 1.060627237617404899e+05 4.467490423839790747e+05 1.060627011210686615e+05 1.007039244651539339e+05 2.097735975585372580e+04 3.243629300629444188e+05 1.060625323696755368e+05
2.743276564115711953e+05 3.521404492941154167e+05 3.521405773388509406e+05 3.243629111829389003e+05 2.114057584052457532e+05 3.072782806864242302e+05 3.243628924302760861e+05 3.521406323132437537e+05 2.445519077591745008e+05 3.521401575914900750e+05 3.521403855779175065e+05 3.382516286894196528e+05 3.521404580655212631e+05 3.243628779801884666e+05 3.243628234065027209e+05 3.243629507578927442e+05 3.521402565854562563e+05 3.521405332256900729e+05 3.521404376747196075e+05 2.866325929950631689e+05 3.521404987071231008e+05 3.521406273886345443e+05 3.243629300629444770e+05 1.259034933308978507e+05 3.521402687857018900e+05
2.373752197491937550e+05 1.587577318876195243e+00 1.802411565922988457e+00 2.777961503466826252e+04 2.905298334606928402e+05 1.354207632532085408e+05 2.777966433484970912e+04 1.719057870874342475e+00 2.613652009626212530e+05 1.053336107448630266e+00 1.488649797020452858e+00 1.389071226962693072e+04 1.650788895875589857e+00 2.777965037140625645e+04 2.777971700635713569e+04 7.936699160643723735e+04 1.419417526159397536e+00 1.608755529249925376e+00 1.520234255905118959e+00 4.745263758010129095e+05 1.702881787972742256e+00 1.512157677423261885e+04 1.060625323696755368e+05 3.521402687857018318e+05 8.417473754209139347e-01
