9.502154000004855439e-01 1.927046861137504230e+00 5.293160977203757284e+03 1.361984650491210092e+00 1.862059417429488439e+00 1.587527439016718199e+04 1.994306290843214091e+00 4.762160985370453272e+04 1.621211005628415691e+00 2.778579674748430989e+04 1.730085709432978902e+00 1.887402466844353865e+00 2.937679377637002617e+05 6.445026512704358174e+04 4.762134419136831275e+04 1.950182358445577524e+00 1.587515533254462571e+04 1.846964984526193954e+00 1.745787204246967095e+00 1.808130594386657020e+00 1.802157969826428507e+00 1.897016551134171447e+00 1.918841630638711937e+00 1.852025180256662296e+00 1.490937666173308680e+05
1.927046861137504452e+00 8.573954925880366007e-01 5.293065738580541620e+03 1.312256254156098700e+00 1.859841864135623357e+00 1.587528424561093016e+04 2.050211028275614744e+00 4.762142336251440429e+04 1.569156987218837784e+00 2.778574654957081293e+04 1.716190954769434507e+00 1.765016894359007882e+00 2.937678551392788067e+05 6.445014141468594607e+04 4.762132406799521414e+04 1.660559081327587450e+00 1.587519554494654585e+04 2.036167438399230534e+00 1.696080933796342505e+00 1.873327598851986631e+00 1.732312539357769854e+00 1.648104285935785507e+00 1.742392501673482252e+00 1.742624027802246234e+00 1.490936541405452299e+05
5.293160977203757284e+03 5.293065738580541620e+03 7.055577956601113328e+03 5.292440708582461411e+03 5.293162085630069669e+03 1.058413176899904101e+04 5.292954130889662338e+03 4.762164353387866140e+04 5.292679896595119317e+03 2.543422439998722984e+04 5.293135291369025254e+03 5.293014423925000301e+03 2.937678397675018059e+05 6.445031877131710644e+04 4.762148218517514033e+04 5.293028771369231436e+03 1.058396710474768952e+04 5.293098061294474064e+03 5.292781032376441544e+03 5.293088234335971720e+03 5.292887522997022643e+03 5.293089421961055450e+03 5.293032517289861062e+03 5.292969236406266646e+03 1.490937805610931537e+05
1.361984650491209869e+00 1.312256254156098700e+00 5.292440708582461411e+03 4.514506178140683113e-01 1.324995622380064741e+00 1.587457058875800612e+04 1.446762964705148979e+00 4.762086627844810573e+04 8.184570169293305941e-01 2.778509397766565598e+04 1.314937551153349649e+00 1.242522359310650026e+00 2.937673659024031367e+05 6.444957553496623586e+04 4.762067662372477207e+04 1.281526668696173044e+00 1.587449354167181446e+04 1.378534684170868330e+00 9.818648279873719575e-01 1.328203439696661325e+00 1.083330248579599697e+00 1.308178136179907192e+00 1.257005997785841656e+00 1.159084955222341451e+00 1.490931125026552763e+05
1.862059417429488439e+00 1.859841864135623357e+00 5.293162085630069669e+03 1.324995622380065186e+00 8.550185726285941534e-01 1.587534878895964539e+04 2.153178932268485113e+00 4.762147885200824385e+04 1.606245414565830698e+00 2.778578327661834192e+04 1.776368712618487722e+00 1.854506726929502802e+00 2.937678548377776169e+05 6.445020992195207509e+04 4.762135748652675829e+04 1.803752419170032484e+00 1.587525351048146877e+04 1.892939987879773467e+00 1.732531180597119080e+00 1.752632461241515616e+00 1.799375786757565265e+00 1.838462749532167262e+00 1.829592926856631996e+00 1.812718131594003745e+00 1.490936768088588724e+05
1.587527439016718199e+04 1.587528424561093016e+04 1.058413176899904101e+04 1.587457058875800612e+04 1.587534878895964539e+04 1.008046098493581733e+00 1.587526778167988414e+04 4.762168765330570750e+04 1.587478747194692733e+04 2.073093901523119348e+04 1.587528276655723676e+04 1.587514015252759236e+04 2.937679267425143626e+05 6.445027967065334815e+04 4.762125898955624143e+04 1.587528256434232389e+04 2.009165737751060998e+00 1.587526707925616211e+04 1.587492866509941632e+04 1.587532846307357067e+04 1.587497279339699890e+04 1.587525670082626857e+04 1.587516857511347007e+04 1.587504595884398077e+04 1.490938236929887789e+05
1.994306290843214535e+00 2.050211028275614744e+00 5.292954130889661428e+03 1.446762964705148979e+00 2.153178932268484225e+00 1.587526778167988414e+04 9.795300741925548893e-01 4.762166641515886295e+04 1.688951583570398984e+00 2.778590910493703996e+04 2.101988918156774577e+00 1.953986689954155809e+00 2.937679091556031490e+05 6.445022923923119379e+04 4.762143196350090147e+04 2.012397684877230475e+00 1.587508761098886316e+04 1.947864435851300646e+00 1.812907225548767709e+00 2.092443987502078162e+00 1.881496941886471541e+00 1.966550593170270478e+00 1.975788776481258058e+00 1.921397478291221761e+00 1.490937878689088684e+05
4.762160985370453272e+04 4.762142336251440429e+04 4.762164353387866140e+04 4.762086627844809846e+04 4.762147885200824385e+04 4.762168765330570750e+04 4.762166641515885567e+04 7.454496769053551361e+03 4.762095138943877828e+04 2.882011805958437981e+04 4.762151628092164901e+04 4.762124214349984686e+04 2.778947907883150619e+05 4.264284267706760875e+04 5.980526593687729473e+03 4.762136479720145871e+04 4.762171390162788884e+04 4.762165837628510053e+04 4.762104242045900901e+04 4.762161272107704281e+04 4.762107139441233448e+04 4.762142440164145955e+04 4.762122537804005697e+04 4.762117251579585718e+04 1.332205785627501318e+05
1.621211005628415691e+00 1.569156987218837562e+00 5.292679896595120226e+03 8.184570169293305941e-01 1.606245414565830698e+00 1.587478747194692733e+04 1.688951583570398984e+00 4.762095138943877828e+04 6.698354374462434091e-01 2.778526550513491020e+04 1.582162254583322492e+00 1.471537718370439229e+00 2.937674656321050134e+05 6.444969689346123778e+04 4.762082155294519907e+04 1.498453231582515199e+00 1.587469834918790730e+04 1.662156777552057152e+00 1.124206569030972158e+00 1.633968849965091064e+00 1.308025732762801541e+00 1.529450476371121637e+00 1.476271512592387314e+00 1.402821549311711546e+00 1.490932227444303571e+05
2.778579674748431353e+04 2.778574654957081293e+04 2.543422439998722984e+04 2.778509397766565598e+04 2.778578327661834555e+04 2.073093901523119348e+04 2.778590910493704359e+04 2.882011805958437981e+04 2.778526550513491020e+04 2.065755627808953068e+04 2.778577994080708231e+04 2.778569060349939173e+04 2.849495794670046889e+05 5.242752902202466794e+04 2.998440290289216136e+04 2.778570409324608045e+04 2.073109462280909793e+04 2.778589430295993589e+04 2.778539987708269837e+04 2.778584128273697934e+04 2.778551000656914766e+04 2.778578219154464750e+04 2.778565116185823717e+04 2.778559666495554484e+04 1.402753679826189473e+05
1.730085709432978902e+00 1.716190954769434951e+00 5.293135291369025254e+03 1.314937551153349649e+00 1.776368712618487722e+00 1.587528276655723676e+04 2.101988918156774577e+00 4.762151628092164901e+04 1.582162254583322492e+00 2.778577994080708231e+04 8.557072056770814727e-01 1.833218504654816616e+00 2.937679001672695158e+05 6.445018701478006551e+04 4.762133237270048994e+04 1.778042573913444224e+00 1.587519540384852735e+04 1.905360707876927906e+00 1.717690092417412773e+00 1.821611722757367158e+00 1.751058292209288103e+00 1.739494897631303161e+00 1.827898890169681767e+00 1.784181961413495943e+00 1.490937264402867295e+05
1.887402466844354310e+00 1.765016894359007882e+00 5.293014423925000301e+03 1.242522359310650026e+00 1.854506726929502802e+00 1.587514015252759236e+04 1.953986689954155809e+00 4.762124214349984686e+04 1.471537718370439229e+00 2.778569060349939173e+04 1.833218504654816616e+00 7.745867984488767899e-01 2.937676295645687496e+05 6.444989496741446783e+04 4.762118495857856760e+04 1.697233067741535040e+00 1.587512404767430417e+04 1.905100040650131499e+00 1.552570186306874600e+00 1.876741658222558673e+00 1.553559470323855995e+00 1.758027813828044073e+00 1.534142964506033602e+00 1.451005042875394002e+00 1.490934202174725651e+05
2.937679377637002617e+05 2.937678551392788067e+05 2.937678397675018059e+05 2.937673659024031367e+05 2.937678548377776169e+05 2.937679267425143626e+05 2.937679091556031490e+05 2.778947907883150619e+05 2.937674656321050134e+05 2.849495794670046889e+05 2.937679001672695158e+05 2.937676295645687496e+05 1.211648527023021888e+05 2.547068623038351361e+05 2.778950022936947644e+05 2.937677671197600430e+05 2.937679967107305420e+05 2.937679207952820580e+05 2.937675074698223616e+05 2.937678934654915938e+05 2.937675179723192705e+05 2.937678526110658422e+05 2.937676516309226281e+05 2.937675312035714742e+05 2.048835552824591578e+05
6.445026512704359629e+04 6.445014141468594607e+04 6.445031877131710644e+04 6.444957553496624314e+04 6.445020992195207509e+04 6.445027967065334815e+04 6.445022923923120106e+04 4.264284267706760875e+04 6.444969689346124505e+04 5.242752902202466794e+04 6.445018701478006551e+04 6.444989496741446055e+04 2.547068623038351070e+05 3.954477428471823805e+04 4.504996206279291800e+04 6.445011214334535907e+04 6.445038238107115467e+04 6.445018318166334211e+04 6.444971046039165230e+04 6.445022211725290981e+04 6.444972991502182413e+04 6.445013650587875600e+04 6.444995518369688943e+04 6.444976148329437274e+04 1.060292440557004447e+05
4.762134419136832730e+04 4.762132406799522141e+04 4.762148218517514033e+04 4.762067662372477935e+04 4.762135748652675829e+04 4.762125898955624143e+04 4.762143196350090147e+04 5.980526593687729473e+03 4.762082155294520635e+04 2.998440290289216500e+04 4.762133237270050449e+04 4.762118495857856760e+04 2.778950022936947644e+05 4.504996206279292528e+04 1.074414292497822165e+00 4.762127428080575191e+04 4.762136273973273637e+04 4.762143140406093880e+04 4.762096086810014822e+04 4.762140299394740578e+04 4.762106063398250262e+04 4.762128444537993346e+04 4.762119762451667339e+04 4.762111985438593547e+04 1.332207866391333519e+05
1.950182358445577524e+00 1.660559081327587450e+00 5.293028771369231436e+03 1.281526668696173044e+00 1.803752419170032928e+00 1.587528256434232389e+04 2.012397684877230475e+00 4.762136479720145871e+04 1.498453231582515199e+00 2.778570409324608045e+04 1.778042573913444224e+00 1.697233067741535040e+00 2.937677671197600430e+05 6.445011214334535907e+04 4.762127428080573736e+04 7.819806688306976117e-01 1.587515519279777254e+04 1.971687017081779736e+00 1.646203824274707461e+00 1.833265089562003958e+00 1.728876450719118107e+00 1.614320194992731716e+00 1.698461491007208668e+00 1.665538248798404064e+00 1.490935647007377702e+05
1.587515533254462571e+04 1.587519554494654585e+04 1.058396710474769134e+04 1.587449354167181446e+04 1.587525351048146877e+04 2.009165737751060998e+00 1.587508761098886316e+04 4.762171390162788884e+04 1.587469834918790730e+04 2.073109462280909793e+04 1.587519540384852735e+04 1.587512404767430417e+04 2.937679967107305420e+05 6.445038238107115467e+04 4.762136273973273637e+04 1.587515519279777254e+04 9.250380802104569700e-01 1.587522821704468333e+04 1.587485725703605749e+04 1.587516938134405791e+04 1.587496373793697421e+04 1.587518022865552484e+04 1.587514429212749201e+04 1.587504598536117192e+04 1.490939029183251550e+05
1.846964984526193954e+00 2.036167438399230978e+00 5.293098061294474064e+03 1.378534684170868330e+00 1.892939987879773023e+00 1.587526707925616211e+04 1.947864435851300646e+00 4.762165837628510053e+04 1.662156777552057152e+00 2.778589430295993225e+04 1.905360707876927906e+00 1.905100040650131277e+00 2.937679207952820580e+05 6.445018318166333484e+04 4.762143140406093880e+04 1.971687017081779736e+00 1.587522821704468333e+04 9.115135399131760741e-01 1.774009660190693172e+00 1.922656249542569196e+00 1.817573015713388918e+00 1.969025372383428119e+00 1.907487118039274288e+00 1.885943656868004581e+00 1.490937608761305455e+05
1.745787204246967095e+00 1.696080933796342505e+00 5.292781032376441544e+03 9.818648279873720686e-01 1.732531180597119080e+00 1.587492866509941632e+04 1.812907225548767931e+00 4.762104242045900901e+04 1.124206569030972158e+00 2.778539987708269837e+04 1.717690092417412995e+00 1.552570186306874600e+00 2.937675074698223616e+05 6.444971046039164503e+04 4.762096086810014822e+04 1.646203824274707461e+00 1.587485725703605749e+04 1.774009660190693172e+00 7.771591667287397476e-01 1.731494261164054693e+00 1.259940454394132159e+00 1.667288245559539916e+00 1.607463751316239975e+00 1.480355996030607191e+00 1.490932776802059961e+05
1.808130594386657242e+00 1.873327598851986631e+00 5.293088234335971720e+03 1.328203439696661547e+00 1.752632461241515616e+00 1.587532846307357067e+04 2.092443987502078162e+00 4.762161272107704281e+04 1.633968849965091064e+00 2.778584128273697206e+04 1.821611722757367158e+00 1.876741658222558451e+00 2.937678934654915356e+05 6.445022211725290981e+04 4.762140299394739850e+04 1.833265089562003958e+00 1.587516938134405791e+04 1.922656249542569196e+00 1.731494261164054915e+00 9.001166625834832180e-01 1.792310387576536268e+00 1.840477514551723370e+00 1.925800581962596958e+00 1.815846916310579484e+00 1.490937007607630803e+05
1.802157969826428507e+00 1.732312539357769632e+00 5.292887522997022643e+03 1.083330248579599697e+00 1.799375786757565265e+00 1.587497279339699890e+04 1.881496941886471541e+00 4.762107139441233448e+04 1.308025732762801319e+00 2.778551000656914766e+04 1.751058292209288103e+00 1.553559470323856218e+00 2.937675179723193287e+05 6.444972991502182413e+04 4.762106063398250262e+04 1.728876450719118107e+00 1.587496373793697421e+04 1.817573015713388918e+00 1.259940454394132159e+00 1.792310387576536046e+00 7.839723588629120554e-01 1.707993010547288026e+00 1.639277696213476521e+00 1.379798792270327201e+00 1.490932853019870818e+05
1.897016551134171447e+00 1.648104285935785285e+00 5.293089421961055450e+03 1.308178136179907414e+00 1.838462749532167262e+00 1.587525670082626857e+04 1.966550593170270256e+00 4.762142440164145955e+04 1.529450476371121637e+00 2.778578219154464750e+04 1.739494897631303161e+00 1.758027813828043850e+00 2.937678526110658422e+05 6.445013650587875600e+04 4.762128444537993346e+04 1.614320194992731716e+00 1.587518022865552484e+04 1.969025372383428119e+00 1.667288245559539916e+00 1.840477514551723370e+00 1.707993010547288026e+00 9.464184096586371053e-01 1.739964716689306856e+00 1.739596526183445180e+00 1.490936619995262299e+05
1.918841630638711937e+00 1.742392501673482252e+00 5.293032517289861062e+03 1.257005997785841878e+00 1.829592926856632218e+00 1.587516857511347007e+04 1.975788776481258058e+00 4.762122537804005697e+04 1.476271512592387536e+00 2.778565116185822990e+04 1.827898890169682211e+00 1.534142964506033602e+00 2.937676516309226281e+05 6.444995518369688216e+04 4.762119762451667339e+04 1.698461491007208890e+00 1.587514429212749201e+04 1.907487118039274288e+00 1.607463751316240197e+00 1.925800581962596958e+00 1.639277696213476521e+00 1.739964716689307078e+00 8.693049323621708790e-01 1.614459069251381829e+00 1.490934021153346694e+05
1.852025180256662518e+00 1.742624027802246234e+00 5.292969236406266646e+03 1.159084955222341229e+00 1.812718131594003745e+00 1.587504595884398077e+04 1.921397478291221983e+00 4.762117251579585718e+04 1.402821549311711546e+00 2.778559666495553756e+04 1.784181961413496165e+00 1.451005042875394002e+00 2.937675312035714742e+05 6.444976148329437274e+04 4.762111985438593547e+04 1.665538248798404064e+00 1.587504598536117192e+04 1.885943656868005025e+00 1.480355996030607191e+00 1.815846916310579040e+00 1.379798792270327201e+00 1.739596526183445180e+00 1.614459069251381385e+00 8.313455455142769734e-01 1.490933215057264897e+05
1.490937666173308680e+05 1.490936541405452299e+05 1.490937805610931537e+05 1.490931125026552763e+05 1.490936768088588724e+05 1.490938236929887789e+05 1.490937878689088684e+05 1.332205785627501318e+05 1.490932227444303571e+05 1.402753679826189473e+05 1.490937264402867295e+05 1.490934202174725651e+05 2.048835552824591578e+05 1.060292440557004156e+05 1.332207866391333519e+05 1.490935647007377702e+05 1.490939029183251550e+05 1.490937608761305455e+05 1.490932776802059961e+05 1.490937007607630803e+05 1.490932853019870818e+05 1.490936619995262590e+05 1.490934021153346694e+05 1.490933215057264897e+05 5.248397365068121144e+04
