6.965624111314921985e-01 3.045250105554220499e+05 9.435856676242288813e+03 1.303126688001165157e+00 2.392770346601362980e+05 1.669315189181866590e+05 3.486629901475068891e+02 1.774094909977838324e+04 1.407238003032460494e+00 1.211416407332144008e+05 1.372379141915612832e+00 5.701671651335596835e+04 1.678511715646748392e+00 7.988176925853472494e+04 1.363942661995253713e+00 3.948071315349815995e+05 4.718815511933474227e+03 1.709662206173498955e+00 1.026142755191435135e+05 4.718815633641424029e+03 3.167304356701640063e+04 1.130854750425849486e+00 3.726044482819481345e+04 2.037736934624480782e+05 1.586014655978086774e+00
3.045250105554220499e+05 7.987053991857318033e+04 3.021667672512123827e+05 3.045248987619156251e+05 1.598534278279153805e+05 2.457129621328055800e+05 3.045252127801939496e+05 2.992842378754865495e+05 3.045250557121676975e+05 2.636449604038330726e+05 3.045249124020980671e+05 2.935191414307917585e+05 3.045250799713064334e+05 2.890267573657908360e+05 3.045249238452399150e+05 2.215613545252308541e+05 3.045252322711706511e+05 3.045251709679174819e+05 2.785820252493604785e+05 3.045252427220952814e+05 2.950913547433263739e+05 3.045247921358427266e+05 2.950913171013495303e+05 2.207738852553505567e+05 3.045250524819103885e+05
9.435856676242286994e+03 3.021667672512123827e+05 4.717742134344434817e+03 9.435621323677663895e+03 2.369189099665009417e+05 1.645732960379782598e+05 9.088879170507047093e+03 1.017969788729972970e+04 9.435894930087155444e+03 1.187834125542591937e+05 9.435793526652571018e+03 5.465829865640193748e+04 9.435919996369142609e+03 7.752341148348971910e+04 9.435710850552861302e+03 3.924489083817959763e+05 8.672723301360738333e+03 9.435949550625617121e+03 1.002560814118577400e+05 9.435850841111107002e+03 2.695603846327926294e+04 9.435313663663542684e+03 3.275801103530434921e+04 2.014155012916257838e+05 9.435889634023595136e+03
1.303126688001165157e+00 3.045248987619156251e+05 9.435621323677663895e+03 5.822729185359695192e-01 2.392769377285619557e+05 1.669312784910642949e+05 3.483839435222348584e+02 1.774070396164125850e+04 1.389660822371346693e+00 1.211413742783533235e+05 1.266208399315528643e+00 5.701643697232419800e+04 1.444229581772670246e+00 7.988149083268472168e+04 1.077517545495863205e+00 3.948070789504344575e+05 4.718570638078843331e+03 1.483620012310679082e+00 1.026139919136534445e+05 4.718544835040748694e+03 3.167280672410583429e+04 7.756089338080626172e-01 3.726024507833840471e+04 2.037735813213362999e+05 1.448208134527431357e+00
2.392770346601362980e+05 1.598534278279153805e+05 2.369189099665009417e+05 2.392769377285619557e+05 6.298543329723242641e+04 1.719946817758152611e+05 2.392772770188876311e+05 2.340362756637083367e+05 2.392771552773186995e+05 1.977983230479749909e+05 2.392770086556436727e+05 2.280426919104443223e+05 2.392772354003418004e+05 2.237788713528314838e+05 2.392769620344310242e+05 2.702300296912398189e+05 2.392773626386796241e+05 2.392772444205077481e+05 2.133340708739376278e+05 2.392773518356074637e+05 2.298434081792287761e+05 2.392768469823505438e+05 2.298434198085793469e+05 1.352523625001426262e+05 2.392771711911805614e+05
1.669315189181866590e+05 2.457129621328055509e+05 1.645732960379782598e+05 1.669312784910642367e+05 1.719946817758152611e+05 3.445925096027921973e+04 1.669316840973209182e+05 1.591508249017831986e+05 1.669315950328712352e+05 9.906968350658216514e+04 1.669314613532767980e+05 1.445767155041003134e+05 1.669316014111239347e+05 1.454091716240068781e+05 1.669314029076667503e+05 3.367826684794561006e+05 1.669317101083064044e+05 1.669316782739951450e+05 1.273581141077065986e+05 1.669318011715861794e+05 1.494115687146066339e+05 1.669311615246323345e+05 1.462949659277481842e+05 1.050759053425060847e+05 1.669316066539273888e+05
3.486629901475068891e+02 3.045252127801939496e+05 9.088879170507047093e+03 3.483839435222348584e+02 2.392772770188876602e+05 1.669316840973209182e+05 6.434750251983846283e+02 1.753180564666758437e+04 3.486275092241202174e+02 1.211418308728527336e+05 3.485780849725461508e+02 5.701685377210197476e+04 3.486069328420343822e+02 7.988193268597338465e+04 3.485304684129513362e+02 3.948073899418736692e+05 4.662622028856948418e+03 3.486133035138704486e+02 1.026144938074774545e+05 4.718816049431097781e+03 3.167309129117755583e+04 3.481095716022244346e+02 3.726059022523144085e+04 2.037738794116808567e+05 3.485946203347672281e+02
1.774094909977838324e+04 2.992842378754865495e+05 1.017969788729972970e+04 1.774070396164125850e+04 2.340362756637083367e+05 1.591508249017831986e+05 1.753180564666758437e+04 6.467345572682342208e+03 1.774101828830990780e+04 1.156678500039899518e+05 1.774090911431684435e+04 5.086081742861100793e+04 1.774107606389416469e+04 7.411673603868500504e+04 1.774080286241647991e+04 3.895663630950656370e+05 1.728095240854831354e+04 1.774107079483443158e+04 9.684934229725411569e+04 1.774099897683297240e+04 1.865086850757900902e+04 1.774044863350427113e+04 2.334514321773052507e+04 1.981421638836176426e+05 1.774106370384517140e+04
1.407238003032460494e+00 3.045250557121676975e+05 9.435894930087153625e+03 1.389660822371346693e+00 2.392771552773186995e+05 1.669315950328712352e+05 3.486275092241202174e+02 1.774101828830990780e+04 6.704391278279353550e-01 1.211417351442718646e+05 1.525982573167002254e+00 5.701675534027814865e+04 1.564688772648969772e+00 7.988182705719844671e+04 1.489793217673801351e+00 3.948072001059812028e+05 4.718871318116192924e+03 1.634917536913225611e+00 1.026143997899423412e+05 4.718827955298198503e+03 3.167305963868081017e+04 1.199850210051347066e+00 3.726055812357236573e+04 2.037737483399237972e+05 1.538479440419354471e+00
1.211416407332143863e+05 2.636449604038330726e+05 1.187834125542591937e+05 1.211413742783533235e+05 1.977983230479749909e+05 9.906968350658216514e+04 1.211418308728527336e+05 1.156678500039899518e+05 1.211417351442718646e+05 2.918419191606115419e+04 1.211416404172919720e+05 9.452276253373893269e+04 1.211418141601630487e+05 7.255071962529644952e+04 1.211414847019353620e+05 3.539270416199042229e+05 1.211418968330500938e+05 1.211417932760692347e+05 4.561223541215272417e+04 1.211418669826232217e+05 1.096114362294418970e+05 1.211412656766391156e+05 1.078426716098192846e+05 1.516838485061672691e+05 1.211418326381307852e+05
1.372379141915612832e+00 3.045249124020980671e+05 9.435793526652571018e+03 1.266208399315528421e+00 2.392770086556437309e+05 1.669314613532767980e+05 3.485780849725460939e+02 1.774090911431684435e+04 1.525982573167002254e+00 1.211416404172919720e+05 6.656320935130596306e-01 5.701667258237725036e+04 1.684237387325592694e+00 7.988168401400583389e+04 1.267980487209585228e+00 3.948070957388464012e+05 4.718789430450012333e+03 1.727258373822308846e+00 1.026142759520890686e+05 4.718784747755275930e+03 3.167303096138593173e+04 1.050756875759693454e+00 3.726041657863009459e+04 2.037736247526729421e+05 1.622089430417375411e+00
5.701671651335596835e+04 2.935191414307917585e+05 5.465829865640193748e+04 5.701643697232419800e+04 2.280426919104443805e+05 1.445767155041003134e+05 5.701685377210197476e+04 5.086081742861100793e+04 5.701675534027814865e+04 9.452276253373893269e+04 5.701667258237725036e+04 1.689297494753007777e+04 5.701683211298051174e+04 3.986016974542757089e+04 5.701655595599944354e+04 3.790842188759245910e+05 5.701686874461423577e+04 5.701685232202465704e+04 7.131655707385377900e+04 5.701690090769371454e+04 4.069615869634303817e+04 5.701625529441035178e+04 3.462772512194715819e+04 1.837778907919801422e+05 5.701686835979841271e+04
1.678511715646748392e+00 3.045250799713064334e+05 9.435919996369142609e+03 1.444229581772670246e+00 2.392772354003418295e+05 1.669316014111239347e+05 3.486069328420343822e+02 1.774107606389416469e+04 1.564688772648969772e+00 1.211418141601630487e+05 1.684237387325592694e+00 5.701683211298051174e+04 7.372357189452839465e-01 7.988184576058971288e+04 1.584331059231987471e+00 3.948073033954738639e+05 4.718875391928935642e+03 1.547593298554475583e+00 1.026144173169286660e+05 4.718860204136029097e+03 3.167313838400157692e+04 1.251192241988922538e+00 3.726062444869950559e+04 2.037738843393187562e+05 1.553221793540539242e+00
7.988176925853472494e+04 2.890267573657907778e+05 7.752341148348971910e+04 7.988149083268472168e+04 2.237788713528314838e+05 1.454091716240068781e+05 7.988193268597338465e+04 7.411673603868500504e+04 7.988182705719844671e+04 7.255071962529644952e+04 7.988168401400583389e+04 3.986016974542757089e+04 7.988184576058971288e+04 1.260590359368902682e+04 7.988161800909119484e+04 3.784511970858716522e+05 7.988191665093079791e+04 7.988183538020978449e+04 4.525281021714959206e+04 7.988195569202832121e+04 6.573095195562914887e+04 7.988128018957538006e+04 6.176623102923037368e+04 1.841480641986541741e+05 7.988181321828157525e+04
1.363942661995253713e+00 3.045249238452399150e+05 9.435710850552861302e+03 1.077517545495863205e+00 2.392769620344310242e+05 1.669314029076667503e+05 3.485304684129512793e+02 1.774080286241647991e+04 1.489793217673801573e+00 1.211414847019353620e+05 1.267980487209585228e+00 5.701655595599944354e+04 1.584331059231987693e+00 7.988161800909119484e+04 6.905181064412241332e-01 3.948071240016731317e+05 4.718712735633508601e+03 1.626984879949669338e+00 1.026141495265788399e+05 4.718693488254781187e+03 3.167291756714587245e+04 9.437114455790126533e-01 3.726035631209069106e+04 2.037736293955586443e+05 1.590966203250410826e+00
3.948071315349815995e+05 2.215613545252308249e+05 3.924489083817959181e+05 3.948070789504344575e+05 2.702300296912397607e+05 3.367826684794561588e+05 3.948073899418736692e+05 3.895663630950656370e+05 3.948072001059812028e+05 3.539270416199042811e+05 3.948070957388464012e+05 3.790842188759245910e+05 3.948073033954738639e+05 3.784511970858716522e+05 3.948071240016731317e+05 1.164311773053805809e+05 3.948073835837850347e+05 3.948073432562290691e+05 3.688640787749292213e+05 3.948073880214290111e+05 3.853735614397023455e+05 3.948069965872336761e+05 3.849446506271813414e+05 3.112033331947210827e+05 3.948072231647314038e+05
4.718815511933474227e+03 3.045252322711706511e+05 8.672723301360738333e+03 4.718570638078844240e+03 2.392773626386796823e+05 1.669317101083064044e+05 4.662622028856948418e+03 1.728095240854831718e+04 4.718871318116193834e+03 1.211418968330500938e+05 4.718789430450012333e+03 5.701686874461423577e+04 4.718875391928935642e+03 7.988191665093079791e+04 4.718712735633509510e+03 3.948073835837850347e+05 1.280006684324785056e+03 4.718867532771590959e+03 1.026144980828613188e+05 7.647436251831403524e+02 3.167316558255311247e+04 4.718273514625691860e+03 3.726058698215019831e+04 2.037740088928779296e+05 4.718811556002186080e+03
1.709662206173498955e+00 3.045251709679174819e+05 9.435949550625617121e+03 1.483620012310679082e+00 2.392772444205077772e+05 1.669316782739951450e+05 3.486133035138705623e+02 1.774107079483443158e+04 1.634917536913225611e+00 1.211417932760692347e+05 1.727258373822308846e+00 5.701685232202465704e+04 1.547593298554475583e+00 7.988183538020979904e+04 1.626984879949669338e+00 3.948073432562290691e+05 4.718867532771590959e+03 7.353507674557401286e-01 1.026144165211801301e+05 4.718840744112570064e+03 3.167311167520815070e+04 1.269465029914234266e+00 3.726061545109385042e+04 2.037739041000354337e+05 1.676832496548290585e+00
1.026142755191434990e+05 2.785820252493604785e+05 1.002560814118577400e+05 1.026139919136534445e+05 2.133340708739376278e+05 1.273581141077066422e+05 1.026144938074774545e+05 9.684934229725411569e+04 1.026143997899423412e+05 4.561223541215272417e+04 1.026142759520890686e+05 7.131655707385377900e+04 1.026144173169286660e+05 4.525281021714959206e+04 1.026141495265788399e+05 3.688640787749292213e+05 1.026144980828613188e+05 1.026144165211801301e+05 8.503823695974302609e+03 1.026144943796596635e+05 8.846356957258289913e+04 1.026138958182296628e+05 8.669467455560638336e+04 1.728846938712866686e+05 1.026144037729240517e+05
4.718815633641424029e+03 3.045252427220952231e+05 9.435850841111107002e+03 4.718544835040748694e+03 2.392773518356074637e+05 1.669318011715861794e+05 4.718816049431097781e+03 1.774099897683297240e+04 4.718827955298200322e+03 1.211418669826232217e+05 4.718784747755275930e+03 5.701690090769371454e+04 4.718860204136029097e+03 7.988195569202832121e+04 4.718693488254783006e+03 3.948073880214290111e+05 7.647436251831404661e+02 4.718840744112570064e+03 1.026144943796596490e+05 7.102510381157369768e-01 3.167321963141526066e+04 4.718309532789226068e+03 3.726063838114940154e+04 2.037739387667482079e+05 4.718847204862585386e+03
3.167304356701640063e+04 2.950913547433263739e+05 2.695603846327925567e+04 3.167280672410583429e+04 2.298434081792287761e+05 1.494115687146066630e+05 3.167309129117755583e+04 1.865086850757900902e+04 3.167305963868081017e+04 1.096114362294418970e+05 3.167303096138593173e+04 4.069615869634303817e+04 3.167313838400157329e+04 6.573095195562914887e+04 3.167291756714587245e+04 3.853735614397023455e+05 3.167316558255310883e+04 3.167311167520815070e+04 8.846356957258289913e+04 3.167321963141526066e+04 1.926073930660765427e+03 3.167255656203250328e+04 1.024946186347096773e+04 1.921704452255983779e+05 3.167312316291721436e+04
1.130854750425849709e+00 3.045247921358427266e+05 9.435313663663540865e+03 7.756089338080626172e-01 2.392768469823505438e+05 1.669311615246323345e+05 3.481095716022244346e+02 1.774044863350427113e+04 1.199850210051347066e+00 1.211412656766391156e+05 1.050756875759693454e+00 5.701625529441035178e+04 1.251192241988922538e+00 7.988128018957538006e+04 9.437114455790126533e-01 3.948069965872336761e+05 4.718273514625690950e+03 1.269465029914234044e+00 1.026138958182296628e+05 4.718309532789225159e+03 3.167255656203250328e+04 3.766739602385025809e-01 3.725997418545169785e+04 2.037734568311947805e+05 1.195884854622926818e+00
3.726044482819481345e+04 2.950913171013494721e+05 3.275801103530434557e+04 3.726024507833840471e+04 2.298434198085793469e+05 1.462949659277481842e+05 3.726059022523143358e+04 2.334514321773052143e+04 3.726055812357236573e+04 1.078426716098192846e+05 3.726041657863009459e+04 3.462772512194715819e+04 3.726062444869950559e+04 6.176623102923037368e+04 3.726035631209069106e+04 3.849446506271813414e+05 3.726058698215019831e+04 3.726061545109385042e+04 8.669467455560638336e+04 3.726063838114940154e+04 1.024946186347096773e+04 3.725997418545169785e+04 7.488979943215839739e+03 1.900451124430717900e+05 3.726057637374576734e+04
2.037736934624480491e+05 2.207738852553505567e+05 2.014155012916257838e+05 2.037735813213362999e+05 1.352523625001426262e+05 1.050759053425060993e+05 2.037738794116808567e+05 1.981421638836176135e+05 2.037737483399237972e+05 1.516838485061672982e+05 2.037736247526729421e+05 1.837778907919800840e+05 2.037738843393187562e+05 1.841480641986541741e+05 2.037736293955586443e+05 3.112033331947210827e+05 2.037740088928779296e+05 2.037739041000354337e+05 1.728846938712866686e+05 2.037739387667482079e+05 1.921704452255983488e+05 2.037734568311947805e+05 1.900451124430717900e+05 5.244738671472378337e+04 2.037737978662112728e+05
1.586014655978086774e+00 3.045250524819103885e+05 9.435889634023595136e+03 1.448208134527431135e+00 2.392771711911806196e+05 1.669316066539273888e+05 3.485946203347672849e+02 1.774106370384517140e+04 1.538479440419354471e+00 1.211418326381307998e+05 1.622089430417375411e+00 5.701686835979841271e+04 1.553221793540539242e+00 7.988181321828157525e+04 1.590966203250411048e+00 3.948072231647314038e+05 4.718811556002186080e+03 1.676832496548290585e+00 1.026144037729240517e+05 4.718847204862585386e+03 3.167312316291722163e+04 1.195884854622926596e+00 3.726057637374576734e+04 2.037737978662112728e+05 7.650962737853478357e-01
