3.774839166353475273e-01 2.173514110467684513e+05 1.546643488572272185e+00 3.872068105890247971e+05 4.650986370662517729e+05 1.446975784332160675e+00 1.388761180953277163e+00 1.818199929082781018e+05 1.860156049819917667e+00 1.799385814713239773e+00 1.870537974088352096e+00 4.662193565927498275e+04 1.056895166380788620e+00 1.223600199171527736e+00 1.515335074298504333e+04 1.161632362258953654e+05 1.741803709162044411e+00 4.848496997433152865e+05 1.558460664928505721e+05 1.818200858322670392e+05 1.596991324771533716e+00 2.904055711515945732e+05 6.060789186504141981e+04 7.197145482076145709e+04 1.545440842796299341e+00
2.173514110467684513e+05 3.474807599301281152e+04 2.173515104976457951e+05 2.929248054850264452e+05 3.708164903568716836e+05 2.173511539993716870e+05 2.173513001448136929e+05 7.272338907190307509e+04 2.173516123816834588e+05 2.173517687278547673e+05 2.173516703261389048e+05 2.173517393911465479e+05 2.173510708311056660e+05 2.173511658423437329e+05 2.173517519880136533e+05 1.769473936646125221e+05 2.173516417667064234e+05 3.905675897884058650e+05 1.314374801965583465e+05 9.613933027052780380e+04 2.173514943787613593e+05 1.346433579482104687e+05 2.173518322821839247e+05 2.059880878525076841e+05 2.173514472532940563e+05
1.546643488572272185e+00 2.173515104976457951e+05 3.576154324733283318e-01 3.872068500281748711e+05 4.650986661355337710e+05 1.584066650374792662e+00 1.675828671879099119e+00 1.818200992718132038e+05 1.707391702331051642e+00 1.861460714185159127e+00 1.850391127292088544e+00 4.662191212489840836e+04 1.110462421653579002e+00 1.357210469595234281e+00 1.515350389621571230e+04 1.161634604843554553e+05 1.603332437033198277e+00 4.848497395040962729e+05 1.558461454243430926e+05 1.818201834233810659e+05 1.545962266246355910e+00 2.904057108800382121e+05 6.060784468247526820e+04 7.197150777742403443e+04 1.738313014248577204e+00
3.872068105890247971e+05 2.929248054850264452e+05 3.872068500281748711e+05 3.764809370679118001e+04 1.605379432636071288e+05 3.872065970081304549e+05 3.872065959394519450e+05 3.105728913925290690e+05 3.872067334006928722e+05 3.872067571546960389e+05 3.872068338244467159e+05 3.872069686904627015e+05 3.872064966405166779e+05 3.872065072147193132e+05 3.872069114228267572e+05 3.771061191060525016e+05 3.872069099841470597e+05 1.651376956790348631e+05 3.525751004713549628e+05 3.085695018533525290e+05 3.872068354075743700e+05 2.188893040442962374e+05 3.872069834362553083e+05 3.872069492008166853e+05 3.872065755143101560e+05
4.650986370662517729e+05 3.708164903568718000e+05 4.650986661355337710e+05 1.605379432636071288e+05 2.511922500154672525e+04 4.650983635527711012e+05 4.650985208915133262e+05 4.044928659055886092e+05 4.650987394646943430e+05 4.650987136295469245e+05 4.650986074993363000e+05 4.650988212453165906e+05 4.650983669203097816e+05 4.650983173179586302e+05 4.650986822650224203e+05 4.549977947617087630e+05 4.650986852265733760e+05 8.035868634716594534e+04 4.304668065462206723e+05 4.044927837663384853e+05 4.650985326249317150e+05 2.967810414958643378e+05 4.650988580104537541e+05 4.650988449326368282e+05 4.650984396628579707e+05
1.446975784332160675e+00 2.173511539993716870e+05 1.584066650374792662e+00 3.872065970081304549e+05 4.650983635527711012e+05 3.179481829786316438e-01 1.377460832787609002e+00 1.818196610218733549e+05 1.662161486512197417e+00 1.617227119902306942e+00 1.602658868510180357e+00 4.662160199445275794e+04 8.202373310059237754e-01 8.865037543899987327e-01 1.515311881790947700e+04 1.161631496236591192e+05 1.638583611754521163e+00 4.848495139043109375e+05 1.558455913109400426e+05 1.818195097719618061e+05 1.487292548434969719e+00 2.904054520035192254e+05 6.060772671016682580e+04 7.197138620963113499e+04 1.071782615481037482e+00
1.388761180953277163e+00 2.173513001448136929e+05 1.675828671879099119e+00 3.872065959394519450e+05 4.650985208915132098e+05 1.377460832787609002e+00 3.951782852526967149e-01 1.818197811478280055e+05 1.808498858903868634e+00 1.806766095762361690e+00 1.806718451154193383e+00 4.662183639463713916e+04 9.846909601427455971e-01 1.173329235894228662e+00 1.515331091671309150e+04 1.161633113838412246e+05 1.585647252243018945e+00 4.848495156686308910e+05 1.558458494515935308e+05 1.818198856616448029e+05 1.547701750486461858e+00 2.904053686644253321e+05 6.060781971647131286e+04 7.197134268296124355e+04 1.259051476939652137e+00
1.818199929082781018e+05 7.272338907190307509e+04 1.818200992718132329e+05 3.105728913925290690e+05 4.044928659055886092e+05 1.818196610218733840e+05 1.818197811478280055e+05 2.717291811451842659e+04 1.818201137217223295e+05 1.818201031199410500e+05 1.818201471374594257e+05 1.818201404761336162e+05 1.818195695141351607e+05 1.818196677327147336e+05 1.818201813350026205e+05 1.338404347148906090e+05 1.818199730368858727e+05 4.242437739108693786e+05 8.075448209534988564e+04 2.742458711210697948e+04 1.818201503245990607e+05 1.903583694559205614e+05 1.818202180596505932e+05 1.704565101026609482e+05 1.818197386481068679e+05
1.860156049819917667e+00 2.173516123816834588e+05 1.707391702331051642e+00 3.872067334006928722e+05 4.650987394646943430e+05 1.662161486512197417e+00 1.808498858903868634e+00 1.818201137217223295e+05 3.695448033502882201e-01 1.712091363722461956e+00 1.596358329795761755e+00 4.662187462659294397e+04 1.148848903234717111e+00 1.370546587596296328e+00 1.515348340688950339e+04 1.161635528247592592e+05 1.902128598176786145e+00 4.848497373145109741e+05 1.558460347721204453e+05 1.818199614708794688e+05 1.845730682325306793e+00 2.904057871978301555e+05 6.060800710789054574e+04 7.197180771684883803e+04 1.692989598765953341e+00
1.799385814713239773e+00 2.173517687278547673e+05 1.861460714185159127e+00 3.872067571546960389e+05 4.650987136295469245e+05 1.617227119902306942e+00 1.806766095762361690e+00 1.818201031199410500e+05 1.712091363722461956e+00 4.200993433542283273e-01 1.752062065735549456e+00 4.662202766869652260e+04 1.207785224610194774e+00 1.419009324581148146e+00 1.515349695053699543e+04 1.161636146053559351e+05 1.840421766717370122e+00 4.848498402710186201e+05 1.558461574209997780e+05 1.818199935229514667e+05 1.829977374913956734e+00 2.904058801320192870e+05 6.060802589537401218e+04 7.197172994268096227e+04 1.649416321446894429e+00
1.870537974088352096e+00 2.173516703261389048e+05 1.850391127292088544e+00 3.872068338244467159e+05 4.650986074993363000e+05 1.602658868510180357e+00 1.806718451154193383e+00 1.818201471374594257e+05 1.596358329795761755e+00 1.752062065735549456e+00 4.402494658773876690e-01 4.662195655979689036e+04 1.144411308437936370e+00 1.363998486843040370e+00 1.515345413942348205e+04 1.161636335151530366e+05 1.799642912861799671e+00 4.848498025993083138e+05 1.558460488828179077e+05 1.818199879483055265e+05 1.844771223216091771e+00 2.904058016043553944e+05 6.060809372483137849e+04 7.197173011177306762e+04 1.645335026535683864e+00
4.662193565927498275e+04 2.173517393911465188e+05 4.662191212489840836e+04 3.872069686904627015e+05 4.650988212453165906e+05 4.662160199445275794e+04 4.662183639463713916e+04 1.818201404761336162e+05 4.662187462659294397e+04 4.662202766869652260e+04 4.662195655979689036e+04 1.506234136547807793e+04 4.662128885317310051e+04 4.662153225045868749e+04 3.422482069483800296e+04 9.984671291577191732e+04 4.662186581362986908e+04 4.848498230016965535e+05 1.508255995152833639e+05 1.818202359038906870e+05 4.662198315225276019e+04 2.904056918957984890e+05 1.398764670580756865e+04 2.535179862145448715e+04 4.662174971051885950e+04
1.056895166380788620e+00 2.173510708311056660e+05 1.110462421653579002e+00 3.872064966405166779e+05 4.650983669203097816e+05 8.202373310059239975e-01 9.846909601427455971e-01 1.818195695141351607e+05 1.148848903234717111e+00 1.207785224610194774e+00 1.144411308437936370e+00 4.662128885317309323e+04 1.111824760488294844e-01 5.987081345224327666e-01 1.515273763031663293e+04 1.161629006401845691e+05 1.102653244599953952e+00 4.848494295524199260e+05 1.558455193270532473e+05 1.818195156330887403e+05 1.056027171808790355e+00 2.904052107145003974e+05 6.060731973361002019e+04 7.197109933707088931e+04 9.374635599526837115e-01
1.223600199171527736e+00 2.173511658423437329e+05 1.357210469595234281e+00 3.872065072147193132e+05 4.650983173179586302e+05 8.865037543899987327e-01 1.173329235894228662e+00 1.818196677327147336e+05 1.370546587596296106e+00 1.419009324581147924e+00 1.363998486843040370e+00 4.662153225045868749e+04 5.987081345224327666e-01 2.858386061039744908e-01 1.515300983519515103e+04 1.161629453450928268e+05 1.362024837862514159e+00 4.848495563299269415e+05 1.558455169229677122e+05 1.818195730153896147e+05 1.255678042353843393e+00 2.904054374859315576e+05 6.060759503440612752e+04 7.197119522933848202e+04 1.051360405242924845e+00
1.515335074298504514e+04 2.173517519880136533e+05 1.515350389621571412e+04 3.872069114228267572e+05 4.650986822650224203e+05 1.515311881790947700e+04 1.515331091671309150e+04 1.818201813350026205e+05 1.515348340688950520e+04 1.515349695053699725e+04 1.515345413942348387e+04 3.422482069483800296e+04 1.515273763031663293e+04 1.515300983519515285e+04 1.740592486576148440e+04 1.134089075693511404e+05 1.515342984666582743e+04 4.848497301689613960e+05 1.530912620557737537e+05 1.813193649739757820e+05 1.515337657515955107e+04 2.904056650971439085e+05 4.821133890467090532e+04 5.957505725031423935e+04 1.515319116706152454e+04
1.161632362258953654e+05 1.769473936646125221e+05 1.161634604843554553e+05 3.771061191060525016e+05 4.549977947617087630e+05 1.161631496236591192e+05 1.161633113838412246e+05 1.338404347148906090e+05 1.161635528247592592e+05 1.161636146053559351e+05 1.161636335151530366e+05 9.984671291577191732e+04 1.161629006401845691e+05 1.161629453450928268e+05 1.134089075693511404e+05 2.861981419266594094e+04 1.161636135972124612e+05 4.747489485152145498e+05 6.066315554776809586e+04 1.207547405759299727e+05 1.161634949969721783e+05 2.537895367636580486e+05 8.586061969992630475e+04 7.449676942750233866e+04 1.161632803481241135e+05
1.741803709162044411e+00 2.173516417667064816e+05 1.603332437033198277e+00 3.872069099841470597e+05 4.650986852265733760e+05 1.638583611754521163e+00 1.585647252243018945e+00 1.818199730368858727e+05 1.902128598176786145e+00 1.840421766717370122e+00 1.799642912861799671e+00 4.662186581362986908e+04 1.102653244599953952e+00 1.362024837862514159e+00 1.515342984666582925e+04 1.161636135972124612e+05 3.197801821878148987e-01 4.848497946509909234e+05 1.558461488304976665e+05 1.818201355592570908e+05 1.721485424932216235e+00 2.904056230240460136e+05 6.060783678685883206e+04 7.197174281108817377e+04 1.730863468283437623e+00
4.848496997433152865e+05 3.905675897884058650e+05 4.848497395040962729e+05 1.651376956790348631e+05 8.035868634716594534e+04 4.848495139043109375e+05 4.848495156686308910e+05 4.242437739108693786e+05 4.848497373145109741e+05 4.848498402710186201e+05 4.848498025993083138e+05 4.848498230016965535e+05 4.848494295524199260e+05 4.848495563299269415e+05 4.848497301689613960e+05 4.747489485152145498e+05 4.848497946509909234e+05 1.515180261660530596e+04 4.502176631616792874e+05 4.242438449798610527e+05 4.848496099117236445e+05 3.165321536508553545e+05 4.848499007115970599e+05 4.848497166324332939e+05 4.848494369740320253e+05
1.558460664928505721e+05 1.314374801965583465e+05 1.558461454243430926e+05 3.525751004713549628e+05 4.304668065462206723e+05 1.558455913109400426e+05 1.558458494515935308e+05 8.075448209534990019e+04 1.558460347721204453e+05 1.558461574209997780e+05 1.558460488828178786e+05 1.508255995152833639e+05 1.558455193270532473e+05 1.558455169229677122e+05 1.530912620557737537e+05 6.066315554776809586e+04 1.558461488304976665e+05 4.502176631616792874e+05 2.033161366956599159e+04 6.009313499117565516e+04 1.558459259519298794e+05 2.260312572086153377e+05 1.465222179597848153e+05 1.351583686990863353e+05 1.558455985041743843e+05
1.818200858322670101e+05 9.613933027052780380e+04 1.818201834233810659e+05 3.085695018533525290e+05 4.044927837663384853e+05 1.818195097719618061e+05 1.818198856616448029e+05 2.742458711210697584e+04 1.818199614708794688e+05 1.818199935229514667e+05 1.818199879483055265e+05 1.818202359038906870e+05 1.818195156330887403e+05 1.818195730153896147e+05 1.813193649739757820e+05 1.207547405759299727e+05 1.818201355592570908e+05 4.242438449798610527e+05 6.009313499117564788e+04 9.016242323999485961e+03 1.818200884637383569e+05 1.986226341424724087e+05 1.818202922718513582e+05 1.704566605909299396e+05 1.818197248356126074e+05
1.596991324771533716e+00 2.173514943787613884e+05 1.545962266246355910e+00 3.872068354075743700e+05 4.650985326249316568e+05 1.487292548434969719e+00 1.547701750486461858e+00 1.818201503245990607e+05 1.845730682325306793e+00 1.829977374913956734e+00 1.844771223216091771e+00 4.662198315225276747e+04 1.056027171808790355e+00 1.255678042353843393e+00 1.515337657515954925e+04 1.161634949969721492e+05 1.721485424932216235e+00 4.848496099117236445e+05 1.558459259519298794e+05 1.818200884637383569e+05 4.407181166724380983e-01 2.904056658057734021e+05 6.060792814543681015e+04 7.197164329111146799e+04 1.658965608810369030e+00
2.904055711515945732e+05 1.346433579482104687e+05 2.904057108800382121e+05 2.188893040442962374e+05 2.967810414958643378e+05 2.904054520035192254e+05 2.904053686644253321e+05 1.903583694559205614e+05 2.904057871978301555e+05 2.904058801320192870e+05 2.904058016043553944e+05 2.904056918957984890e+05 2.904052107145003974e+05 2.904054374859315576e+05 2.904056650971439085e+05 2.537895367636580486e+05 2.904056230240460136e+05 3.165321536508553545e+05 2.260312572086153377e+05 1.986226341424723796e+05 2.904056658057734021e+05 4.124434731361997547e+04 2.904057307905668276e+05 2.804626891402173787e+05 2.904054247592877946e+05
6.060789186504141981e+04 2.173518322821839247e+05 6.060784468247526820e+04 3.872069834362553083e+05 4.650988580104537541e+05 6.060772671016682580e+04 6.060781971647131286e+04 1.818202180596505932e+05 6.060800710789054574e+04 6.060802589537401218e+04 6.060809372483137849e+04 1.398764670580756865e+04 6.060731973361002019e+04 6.060759503440612752e+04 4.821133890467090532e+04 8.586061969992630475e+04 6.060783678685882478e+04 4.848499007115970599e+05 1.465222179597848153e+05 1.818202922718513582e+05 6.060792814543681015e+04 2.904057307905668276e+05 5.562755552993394748e-01 1.136548812452823222e+04 6.060779374292725697e+04
7.197145482076144253e+04 2.059880878525076841e+05 7.197150777742404898e+04 3.872069492008166853e+05 4.650988449326368282e+05 7.197138620963113499e+04 7.197134268296124355e+04 1.704565101026609482e+05 7.197180771684883803e+04 7.197172994268096227e+04 7.197173011177306762e+04 2.535179862145449079e+04 7.197109933707088931e+04 7.197119522933846747e+04 5.957505725031424663e+04 7.449676942750233866e+04 7.197174281108817377e+04 4.848497166324332939e+05 1.351583686990863353e+05 1.704566605909299396e+05 7.197164329111146799e+04 2.804626891402173787e+05 1.136548812452823222e+04 1.420506523326873867e+04 7.197140340579020267e+04
1.545440842796299341e+00 2.173514472532940563e+05 1.738313014248577204e+00 3.872065755143101560e+05 4.650984396628579707e+05 1.071782615481037482e+00 1.259051476939652137e+00 1.818197386481068679e+05 1.692989598765953341e+00 1.649416321446894429e+00 1.645335026535683864e+00 4.662174971051885950e+04 9.374635599526838226e-01 1.051360405242924845e+00 1.515319116706152454e+04 1.161632803481241426e+05 1.730863468283437623e+00 4.848494369740320253e+05 1.558455985041744134e+05 1.818197248356126074e+05 1.658965608810369030e+00 2.904054247592877946e+05 6.060779374292725697e+04 7.197140340579021722e+04 4.182027674935452910e-01
