5.722550576181227866e-01 1.773793642284817729e+00 1.060496504034087462e+00 1.590925758177809475e+05 1.515327892330363102e+04 1.852033894946647706e+04 1.115854166527688903e+03 2.224721451171398803e+05 1.639267701121195353e+00 3.843328825974143692e+05 2.936408847285382217e+05 1.166886808854462609e+00 5.627881501635735913e+04 6.854441076384112239e+04 2.727287691635125666e+05 9.661032424331734364e+04 1.515329124574959860e+04 1.202273040976523433e+00 1.515328462984279577e+04 1.202218384368582192e+05 1.826711206174420950e+05 3.354711723392921267e+05 1.597759665231279103e+00 1.510884305142088602e+00 1.221041732071167285e+00
1.773793642284817729e+00 6.409176871866010261e-01 1.267211115697455925e+00 1.590927945013395511e+05 1.515337944389301811e+04 1.852057927075792759e+04 1.115750208579397395e+03 2.224722929463543405e+05 1.499608824109447180e+00 3.843329528589687543e+05 2.936410756650324329e+05 1.414549825478027101e+00 5.627905520103142771e+04 6.854466959032388695e+04 2.727289805986203719e+05 9.661050965403993905e+04 1.515339973615788040e+04 1.635885753880317317e+00 1.515345814280015657e+04 1.202220869748244731e+05 1.826713732905399811e+05 3.354712348456276231e+05 1.595759799696832903e+00 1.593651198854003415e+00 1.782475542661485335e+00
1.060496504034087462e+00 1.267211115697455925e+00 3.175429967860327607e-01 1.590923077917311166e+05 1.515283203498963303e+04 1.851987842884400015e+04 1.115370257919578535e+03 2.224719228278796654e+05 1.193698450794945298e+00 3.843328337480176706e+05 2.936407429108642391e+05 6.970628926233951583e-01 5.627834169222336641e+04 6.854393178993425681e+04 2.727285996905603097e+05 9.660988700298301410e+04 1.515282772138445034e+04 8.615594931504209075e-01 1.515275574805995166e+04 1.202214030044840474e+05 1.826708381014001789e+05 3.354709926582548651e+05 1.246973708763339017e+00 1.143424543378675828e+00 1.047241411926748356e+00
1.590925758177809475e+05 1.590927945013395511e+05 1.590923077917311166e+05 1.389835983177064372e+04 1.590928515639715770e+05 1.557258690236836555e+05 1.590928386673550413e+05 1.525771014413363882e+05 1.590928118651229306e+05 3.313030388959884294e+05 2.557625539506831265e+05 1.590923224216810777e+05 1.287897329610386369e+05 1.287898705629286997e+05 2.283569078302466078e+05 1.155409843976075790e+05 1.590927945200427785e+05 1.590925136073199974e+05 1.590929367615365481e+05 9.438550964607138303e+04 8.365069947751317522e+04 2.975928732015831629e+05 1.590927530080486322e+05 1.590928509504690883e+05 1.590926983796045824e+05
1.515327892330363102e+04 1.515337944389301629e+04 1.515283203498963303e+04 1.590928515639715770e+05 7.156541316734110758e-01 5.819724831833804274e+03 1.515328253838770979e+04 2.224725220388146117e+05 1.515332655241350767e+04 3.843331147436056635e+05 2.936412733918537851e+05 1.515295063267475052e+04 5.627900655696447939e+04 6.854462344023783226e+04 2.727290385209056549e+05 9.661058706359643838e+04 1.515342202176381761e+04 1.515313502913059710e+04 1.515351434095274089e+04 1.202220573064794589e+05 1.826713349689255410e+05 3.354714800489732297e+05 1.515334434505546415e+04 1.515335851885685952e+04 1.515333651608842229e+04
1.852033894946647342e+04 1.852057927075792395e+04 1.851987842884399652e+04 1.557258690236836555e+05 5.819724831833804274e+03 1.009559465982232541e+04 1.834022688926539195e+04 2.207890751199799415e+05 1.852051669737109114e+04 3.826497201195730595e+05 2.919577759312581620e+05 1.852000598450737380e+04 5.291181136554639670e+04 6.344735150893058017e+04 2.710456631036230247e+05 9.324344725511177967e+04 1.812375115235919657e+04 1.852024589940577061e+04 1.852057908797658456e+04 1.168551117099670082e+05 1.802396880070242914e+05 3.337879114195675938e+05 1.852047949702775441e+04 1.852052530133764230e+04 1.852039247327234625e+04
1.115854166527689131e+03 1.115750208579397395e+03 1.115370257919578535e+03 1.590928386673550413e+05 1.515328253838770979e+04 1.834022688926539195e+04 2.065073441836585516e+03 2.224724070894713223e+05 1.115808406517814774e+03 3.843330791057069437e+05 2.936410536087343935e+05 1.115529565166966449e+03 5.627905981782010349e+04 6.775811794372832810e+04 2.727290012008287595e+05 9.661050203350714582e+04 1.497311073526018663e+04 1.115774868929696822e+03 1.515330861515254946e+04 1.202220729287797294e+05 1.826714504860819725e+05 3.354713017186219804e+05 1.115871001726766508e+03 1.115857131347794621e+03 1.115881952249386813e+03
2.224721451171398803e+05 2.224722929463543114e+05 2.224719228278796654e+05 1.525771014413363591e+05 2.224725220388146117e+05 2.207890751199799415e+05 2.224724070894713223e+05 5.178699884681073308e+04 2.224723171252213360e+05 2.781550183846800937e+05 1.938248915360547253e+05 2.224719796754098497e+05 2.073210392030482762e+05 2.073209659728418628e+05 1.529573597048482334e+05 2.073209320464532066e+05 2.224725374200304504e+05 2.224720200885515369e+05 2.224724742417130619e+05 1.991622328894036473e+05 8.838798929969839810e+04 2.414291912471168325e+05 2.224722216047362308e+05 2.224722044390075898e+05 2.224721862888704054e+05
1.639267701121195575e+00 1.499608824109447180e+00 1.193698450794945298e+00 1.590928118651229306e+05 1.515332655241351313e+04 1.852051669737109842e+04 1.115808406517814774e+03 2.224723171252213360e+05 7.023589106197933862e-01 3.843329493466413114e+05 2.936409423875854118e+05 1.362479888438116182e+00 5.627899522989465186e+04 6.854460452132917999e+04 2.727289250340554863e+05 9.661049169745367544e+04 1.515341790496633257e+04 1.565077695384264223e+00 1.515341121918592762e+04 1.202220177300534269e+05 1.826712856878268358e+05 3.354712376165527967e+05 1.430768367209601433e+00 1.557216387796696910e+00 1.619504846345049875e+00
3.843328825974143692e+05 3.843329528589687543e+05 3.843328337480176706e+05 3.313030388959884294e+05 3.843331147436056635e+05 3.826497201195730595e+05 3.843330791057069437e+05 2.781550183846800355e+05 3.843329493466413114e+05 1.084282822534498409e+05 2.637656026850522612e+05 3.843328066169313970e+05 3.691817464074077434e+05 3.691817714992347755e+05 2.755423942941370187e+05 3.691817491034466075e+05 3.843331963061966235e+05 3.843329023342955043e+05 3.843332947826895979e+05 3.594416250801053247e+05 3.019408529026230099e+05 2.274859665640955791e+05 3.843330026269758819e+05 3.843328717033083085e+05 3.843329467025185586e+05
2.936408847285382799e+05 2.936410756650324911e+05 2.936407429108642973e+05 2.557625539506831847e+05 2.936412733918537851e+05 2.919577759312581620e+05 2.936410536087343935e+05 1.938248915360547253e+05 2.936409423875854118e+05 2.637656026850522030e+05 5.463800594048325729e+04 2.936408307716313284e+05 2.784896989213995985e+05 2.784897535364252981e+05 1.185348807853030448e+05 2.784897889937316068e+05 2.936412818279139465e+05 2.936408700936861569e+05 2.936411613189060590e+05 2.763252486289415974e+05 2.234382519148839929e+05 1.688568920618669072e+05 2.936410849025275093e+05 2.936409243345878203e+05 2.936408937707301229e+05
1.166886808854462609e+00 1.414549825478027101e+00 6.970628926233951583e-01 1.590923224216810777e+05 1.515295063267475052e+04 1.852000598450737743e+04 1.115529565166966449e+03 2.224719796754098497e+05 1.362479888438116182e+00 3.843328066169313970e+05 2.936408307716312702e+05 4.959904427435057883e-01 5.627859876031173917e+04 6.854423717818420846e+04 2.727286259542931220e+05 9.661007478628402168e+04 1.515297552876396185e+04 9.290230551914325785e-01 1.515300437136732762e+04 1.202216192091642297e+05 1.826709179523612547e+05 3.354710845535563421e+05 1.336912299605481858e+00 1.340143017880840892e+00 1.277291159411021892e+00
5.627881501635735913e+04 5.627905520103142771e+04 5.627834169222336641e+04 1.287897329610386369e+05 5.627900655696447939e+04 5.291181136554639670e+04 5.627905981782010349e+04 2.073210392030482762e+05 5.627899522989465186e+04 3.691817464074077434e+05 2.784896989213995403e+05 5.627859876031173917e+04 6.184901404208201711e+03 2.585895525324155460e+04 2.575776268717104394e+05 5.548487858117307042e+04 5.627891818844493537e+04 5.627882371658720513e+04 5.627897646676011209e+04 8.064244577320065582e+04 1.607859459146073787e+05 3.203200007043275400e+05 5.627903207671721611e+04 5.627903636342443497e+04 5.627893555586766888e+04
6.854441076384112239e+04 6.854466959032388695e+04 6.854393178993424226e+04 1.287898705629286997e+05 6.854462344023783226e+04 6.344735150893058017e+04 6.775811794372834265e+04 2.073209659728418628e+05 6.854460452132916544e+04 3.691817714992347755e+05 2.784897535364252399e+05 6.854423717818420846e+04 2.585895525324155460e+04 1.444686736995395950e+04 2.575776725381172728e+05 4.057825783833370224e+04 6.681438170380302472e+04 6.854438051114213886e+04 6.854451851061766502e+04 7.012919544510572450e+04 1.607859520162605040e+05 3.203199469552575611e+05 6.854464926779248344e+04 6.854457566317680175e+04 6.854441631442563084e+04
2.727287691635125666e+05 2.727289805986203719e+05 2.727285996905603097e+05 2.283569078302466078e+05 2.727290385209056549e+05 2.710456631036230247e+05 2.727290012008287013e+05 1.529573597048482334e+05 2.727289250340554863e+05 2.755423942941369605e+05 1.185348807853030448e+05 2.727286259542931220e+05 2.575776268717104394e+05 2.575776725381172728e+05 6.657011583183387120e+04 2.575776377399125777e+05 2.727292166431426303e+05 2.727286301125454484e+05 2.727290474601557362e+05 2.544855129269380122e+05 1.887925256542547431e+05 2.067115839573774429e+05 2.727288836355083040e+05 2.727287698978372500e+05 2.727287642442244105e+05
9.661032424331734364e+04 9.661050965403993905e+04 9.660988700298301410e+04 1.155409843976075790e+05 9.661058706359643838e+04 9.324344725511177967e+04 9.661050203350714582e+04 2.073209320464532066e+05 9.661049169745366089e+04 3.691817491034466657e+05 2.784897889937316068e+05 9.661007478628402168e+04 5.548487858117307769e+04 4.057825783833370224e+04 2.575776377399125777e+05 1.433434691554431811e+04 9.661055452304374194e+04 9.661019570683299389e+04 9.661050553923223924e+04 4.175685778224927344e+04 1.592982194537089090e+05 3.203199907188733923e+05 9.661045494428944949e+04 9.661049603151172050e+04 9.661039051911667048e+04
1.515329124574960042e+04 1.515339973615788040e+04 1.515282772138445216e+04 1.590927945200427785e+05 1.515342202176382125e+04 1.812375115235920384e+04 1.497311073526018663e+04 2.224725374200304504e+05 1.515341790496633075e+04 3.843331963061966235e+05 2.936412818279139465e+05 1.515297552876396367e+04 5.627891818844494264e+04 6.681438170380303927e+04 2.727292166431426303e+05 9.661055452304375649e+04 4.109690366547397389e+03 1.515323049525019997e+04 2.452576985660307400e+03 1.202221572607077978e+05 1.826715203269797203e+05 3.354713989460049779e+05 1.515346304158036401e+04 1.515342889444197317e+04 1.515332878969013836e+04
1.202273040976523433e+00 1.635885753880317317e+00 8.615594931504209075e-01 1.590925136073199974e+05 1.515313502913059710e+04 1.852024589940577789e+04 1.115774868929696595e+03 2.224720200885515369e+05 1.565077695384264000e+00 3.843329023342955043e+05 2.936408700936861569e+05 9.290230551914325785e-01 5.627882371658720513e+04 6.854438051114213886e+04 2.727286301125454484e+05 9.661019570683299389e+04 1.515323049525019815e+04 5.853548900997617155e-01 1.515320209009435166e+04 1.202217063971310708e+05 1.826709781060729874e+05 3.354710798088610172e+05 1.509410073430329291e+00 1.436895411279444756e+00 1.220280623584172330e+00
1.515328462984279577e+04 1.515345814280015293e+04 1.515275574805995166e+04 1.590929367615365481e+05 1.515351434095274089e+04 1.852057908797658820e+04 1.515330861515254946e+04 2.224724742417130619e+05 1.515341121918592398e+04 3.843332947826895979e+05 2.936411613189060008e+05 1.515300437136732762e+04 5.627897646676011209e+04 6.854451851061766502e+04 2.727290474601557362e+05 9.661050553923223924e+04 2.452576985660307400e+03 1.515320209009435166e+04 5.513453690417002839e-01 1.202220225367403764e+05 1.826714082551007159e+05 3.354714437316380208e+05 1.515342487285236166e+04 1.515341091625787158e+04 1.515327749218983081e+04
1.202218384368582338e+05 1.202220869748244731e+05 1.202214030044840474e+05 9.438550964607138303e+04 1.202220573064794589e+05 1.168551117099670082e+05 1.202220729287797294e+05 1.991622328894036473e+05 1.202220177300534124e+05 3.594416250801053247e+05 2.763252486289415974e+05 1.202216192091642297e+05 8.064244577320065582e+04 7.012919544510572450e+04 2.544855129269380413e+05 4.175685778224927344e+04 1.202221572607077978e+05 1.202217063971310708e+05 1.202220225367403764e+05 2.528433997597667621e+04 1.484991235429855878e+05 3.175242335014049895e+05 1.202219811185279978e+05 1.202220221192347090e+05 1.202218831695000990e+05
1.826711206174420950e+05 1.826713732905399811e+05 1.826708381014001789e+05 8.365069947751318978e+04 1.826713349689255410e+05 1.802396880070242914e+05 1.826714504860819725e+05 8.838798929969839810e+04 1.826712856878268358e+05 3.019408529026230099e+05 2.234382519148839929e+05 1.826709179523612547e+05 1.607859459146073787e+05 1.607859520162605331e+05 1.887925256542547431e+05 1.592982194537088799e+05 1.826715203269797203e+05 1.826709781060729874e+05 1.826714082551007159e+05 1.484991235429855587e+05 2.602240283401695706e+04 2.664480846339327400e+05 1.826712796836926718e+05 1.826713080472264264e+05 1.826711745463199040e+05
3.354711723392921267e+05 3.354712348456276231e+05 3.354709926582548069e+05 2.975928732015831629e+05 3.354714800489732297e+05 3.337879114195675356e+05 3.354713017186219222e+05 2.414291912471168616e+05 3.354712376165527967e+05 2.274859665640955791e+05 1.688568920618669072e+05 3.354710845535563421e+05 3.203200007043275982e+05 3.203199469552575611e+05 2.067115839573774429e+05 3.203199907188733923e+05 3.354713989460049779e+05 3.354710798088610172e+05 3.354714437316380208e+05 3.175242335014049895e+05 2.664480846339327400e+05 8.535102051806209784e+04 3.354712463301165844e+05 3.354711233030778822e+05 3.354710628087572404e+05
1.597759665231279103e+00 1.595759799696832903e+00 1.246973708763339017e+00 1.590927530080486322e+05 1.515334434505546596e+04 1.852047949702775804e+04 1.115871001726766508e+03 2.224722216047362308e+05 1.430768367209601433e+00 3.843330026269758819e+05 2.936410849025275093e+05 1.336912299605481858e+00 5.627903207671721611e+04 6.854464926779251255e+04 2.727288836355083040e+05 9.661045494428944949e+04 1.515346304158036401e+04 1.509410073430329291e+00 1.515342487285236348e+04 1.202219811185279978e+05 1.826712796836926718e+05 3.354712463301165844e+05 5.901044493652345402e-01 1.528615372341513901e+00 1.635142112994208308e+00
1.510884305142088602e+00 1.593651198854003415e+00 1.143424543378675828e+00 1.590928509504690883e+05 1.515335851885685952e+04 1.852052530133764594e+04 1.115857131347794621e+03 2.224722044390075898e+05 1.557216387796696910e+00 3.843328717033083085e+05 2.936409243345878203e+05 1.340143017880840892e+00 5.627903636342443497e+04 6.854457566317683086e+04 2.727287698978372500e+05 9.661049603151172050e+04 1.515342889444197135e+04 1.436895411279444756e+00 1.515341091625787158e+04 1.202220221192347090e+05 1.826713080472264264e+05 3.354711233030778822e+05 1.528615372341513901e+00 5.801862125964620809e-01 1.411460167444444691e+00
1.221041732071167285e+00 1.782475542661485335e+00 1.047241411926748134e+00 1.590926983796045824e+05 1.515333651608842229e+04 1.852039247327234989e+04 1.115881952249386586e+03 2.224721862888704054e+05 1.619504846345049875e+00 3.843329467025185586e+05 2.936408937707302393e+05 1.277291159411021892e+00 5.627893555586766888e+04 6.854441631442563084e+04 2.727287642442244105e+05 9.661039051911667048e+04 1.515332878969013655e+04 1.220280623584172330e+00 1.515327749218983081e+04 1.202218831695000990e+05 1.826711745463199040e+05 3.354710628087572404e+05 1.635142112994208308e+00 1.411460167444444691e+00 6.473794602194082870e-01
