8.699922811359612751e+03 2.631593270676692482e+05 1.100494798786739266e+05 1.100490316131237050e+05 1.910158981551067845e+05 4.784828267847618554e+04 5.741745001320447773e+04 3.110198230259449701e+04 1.444949837149906089e+05 1.100489681732740864e+05 4.785934567547108600e+03 2.631591578947369126e+05 1.100495194896196626e+05 4.785832275493924499e+03 1.578966795112781692e+05 5.536690610565668612e+04 9.501157583020126913e+04 1.100489462119816744e+05 1.100490793823401182e+05 1.100493361244018888e+05 1.100488780495863030e+05 1.100491741090846481e+05 1.100491082108680566e+05 1.052647856420497556e+05 1.052642683270676498e+05
2.631593270676691900e+05 4.606362029768270440e+04 3.157902816131236614e+05 3.157906860902255867e+05 1.379648047324137297e+05 2.631591109022556921e+05 3.157907255639097420e+05 2.894748796992482385e+05 2.105273921198419412e+05 3.157905565252417000e+05 2.631593229665072286e+05 9.617376404801833269e+04 3.157905204081632546e+05 2.631594442925495678e+05 2.105271038317458588e+05 2.556401889952152851e+05 3.157906025778732728e+05 3.157902724117986509e+05 3.157904430625765817e+05 3.157905639097744715e+05 3.157905656448814552e+05 3.157902103986239526e+05 3.157904644303065725e+05 2.105274661654130614e+05 2.105278815789473883e+05
1.100494798786739266e+05 3.157902816131237196e+05 2.268749732286275689e-01 1.501226222494406404e+00 2.436470531186158187e+05 1.578958922689739557e+05 5.263308914590194036e+04 7.894853833539935295e+04 1.979964795671349857e+05 1.427009965625525956e+00 1.052647825102528877e+05 3.157905334928229568e+05 9.092696022422595004e-01 1.052646634127512079e+05 2.105275472549067636e+05 1.578959333993928158e+05 1.503899174330452843e+04 8.118287081809167915e-01 1.411869122389689757e+00 1.099965823650033814e+00 1.213980856083070714e+00 9.435263074914326253e-01 1.478592483644175060e+00 1.578960425819774391e+05 1.578959875378381112e+05
1.100490316131237050e+05 3.157906860902255867e+05 1.501226222494406404e+00 2.322507974043939993e-01 2.436470929767032212e+05 1.578961801322502724e+05 5.263279806049213948e+04 7.894879088345858327e+04 1.979962818150476960e+05 8.968343566015634094e-01 1.052643626537935634e+05 3.157903552631578641e+05 1.434438368648895290e+00 1.052644368164729967e+05 2.105278663315655140e+05 1.578961376311364875e+05 1.503887506903926442e+04 1.007500517574530852e+00 8.225253161926272538e-01 1.250111475949782447e+00 8.136780744373292018e-01 1.218655355091698533e+00 8.616294871265229860e-01 1.578961933992347040e+05 1.578958811593716382e+05
1.910158981551067845e+05 1.379648047324137297e+05 2.436470531186158187e+05 2.436470929767032212e+05 8.013515313372164383e+04 1.910158257782942092e+05 2.436474297155928507e+05 2.173315612945402681e+05 1.126084546887473989e+05 2.436471118743938277e+05 1.910159105768368463e+05 1.813236839126374689e+05 2.436471049975477217e+05 1.910160206246837042e+05 1.058022847074692545e+05 1.834966798136209545e+05 2.436471527410694980e+05 2.436467918140742113e+05 2.436469576331640128e+05 2.436470358430767374e+05 2.436470860640134779e+05 2.436466768318357354e+05 2.436470563664619694e+05 1.300109796205532621e+05 1.300113923938466178e+05
4.784828267847618554e+04 2.631591109022556921e+05 1.578958922689739557e+05 1.578961801322502724e+05 1.910158257782942092e+05 4.413256026874700644e-01 1.052646076322463050e+05 7.894850510204087186e+04 1.357957369312985975e+05 1.578959695388023683e+05 5.263304921394393750e+04 2.631593853383458918e+05 1.578958994193071849e+05 5.263303832301300281e+04 1.578961530947905267e+05 7.520066919124390552e+03 1.428585100206104689e+05 1.578955364882414578e+05 1.578961515995752416e+05 1.578958703007518488e+05 1.578959116242785822e+05 1.578957301700883545e+05 1.578961052799409372e+05 1.052642747408547730e+05 1.052645151797642611e+05
5.741745001320447773e+04 3.157907255639097420e+05 5.263308914590194036e+04 5.263279806049213948e+04 2.436474297155928798e+05 1.052646076322463050e+05 2.220888160594020888e-01 2.631730952380947201e+04 1.979962707592273364e+05 5.263273665180513490e+04 5.263273520912286767e+04 3.157906842105263495e+05 5.263311109643944656e+04 5.263283183369412291e+04 2.105281005639097712e+05 1.127833736685523618e+05 3.759501509137936955e+04 5.263274514630106569e+04 5.263273798390604497e+04 5.263307994824723573e+04 5.263252618464503757e+04 5.263293433868762077e+04 5.263268332504815044e+04 1.578963672798066400e+05 1.578959318609022303e+05
3.110198230259450065e+04 2.894748796992482385e+05 7.894853833539936750e+04 7.894879088345859782e+04 2.173315612945402972e+05 7.894850510204087186e+04 2.631730952380947565e+04 2.631608187011919654e+04 1.716810038419341436e+05 7.894876362781949865e+04 2.631725127046873240e+04 2.894751315789474174e+05 7.894875187969919352e+04 2.631721996092313202e+04 1.842120549140709336e+05 8.646753622693101352e+04 6.391118135005165095e+04 7.894821883051148325e+04 7.894882535885162361e+04 7.894864567669168173e+04 7.894868981557148800e+04 7.894841742139433336e+04 7.894882471804505622e+04 1.315801339453545224e+05 1.315801619856001926e+05
1.444949837149905798e+05 2.105273921198419412e+05 1.979964795671349857e+05 1.979962818150476960e+05 1.126084546887474135e+05 1.357957369312985975e+05 1.979962707592273364e+05 1.716810038419341436e+05 4.318229474811257387e+04 1.979960894492602674e+05 1.453646764325014083e+05 2.105271967243283580e+05 1.979963697319272324e+05 1.453648917435062176e+05 2.808292666296758398e+04 1.282768442459390790e+05 1.979963774741172383e+05 1.979962514899348025e+05 1.979960583035538730e+05 1.979965986601310724e+05 1.979959876167550101e+05 1.979962180317458406e+05 1.979960755096140201e+05 8.675247876834438648e+04 8.675249400253656495e+04
1.100489681732740573e+05 3.157905565252417000e+05 1.427009965625525956e+00 8.968343566015631874e-01 2.436471118743938860e+05 1.578959695388023392e+05 5.263273665180512035e+04 7.894876362781949865e+04 1.979960894492602674e+05 3.372120008477075825e-01 1.052642940447709989e+05 3.157902998120300472e+05 1.320294135961020521e+00 1.052643042976759898e+05 2.105277401987110497e+05 1.578960383751586487e+05 1.503886043274692383e+04 8.443530447466067734e-01 8.019372898344669931e-01 1.252800748771882855e+00 6.105003696610998842e-01 9.902052891834494108e-01 7.801048481921886157e-01 1.578959062961533200e+05 1.578956715141648892e+05
4.785934567547107690e+03 2.631593229665072286e+05 1.052647825102528877e+05 1.052643626537935634e+05 1.910159105768368463e+05 5.263304921394393750e+04 5.263273520912286767e+04 2.631725127046872876e+04 1.453646764325014083e+05 1.052642940447709989e+05 3.189992688117919140e-01 2.631591650717703742e+05 1.052644999999999709e+05 1.091596825224217415e+00 1.578964183025034145e+05 6.015189208819463965e+04 9.022673428185991361e+04 1.052642322058920690e+05 1.052643551544149523e+05 1.052646913875597820e+05 1.052641634997820365e+05 1.052644556212328025e+05 1.052643893113465310e+05 1.052647188568010752e+05 1.052644852454288921e+05
2.631591578947369126e+05 9.617376404801833269e+04 3.157905334928229568e+05 3.157903552631579223e+05 1.813236839126374689e+05 2.631593853383458918e+05 3.157906842105263495e+05 2.894751315789474756e+05 2.105271967243283580e+05 3.157902998120300472e+05 2.631591650717703742e+05 3.104866145645960569e+04 3.157907932330826879e+05 2.631590645933014457e+05 2.105273713017751579e+05 2.556404521531101200e+05 3.157905977443609154e+05 3.157905242914978880e+05 3.157901871549503994e+05 3.157907218045113259e+05 3.157903137651822180e+05 3.157904671118355473e+05 3.157902125506073353e+05 2.105277293233077799e+05 2.105276184210526117e+05
1.100495194896196626e+05 3.157905204081633128e+05 9.092696022422595004e-01 1.434438368648895290e+00 2.436471049975477217e+05 1.578958994193071849e+05 5.263311109643944656e+04 7.894875187969917897e+04 1.979963697319272324e+05 1.320294135961020521e+00 1.052644999999999709e+05 3.157907932330826879e+05 3.513178605863409021e-01 1.052646698564593098e+05 2.105275345059076499e+05 1.578960077610065928e+05 1.503884871436806316e+04 7.968242179115599955e-01 1.426686736025424063e+00 1.057352408166326585e+00 1.218138204418443449e+00 9.701160368453604077e-01 1.408820947365462040e+00 1.578959229434533045e+05 1.578961578947368544e+05
4.785832275493922680e+03 2.631594442925495678e+05 1.052646634127512079e+05 1.052644368164729967e+05 1.910160206246837042e+05 5.263303832301300281e+04 5.263283183369412291e+04 2.631721996092312838e+04 1.453648917435062176e+05 1.052643042976760044e+05 1.091596825224217637e+00 2.631590645933014457e+05 1.052646698564593098e+05 3.329525543364331153e-01 1.578963794261424628e+05 6.015196289868706663e+04 9.022685720887964999e+04 1.052642033074579667e+05 1.052643561874728039e+05 1.052646832828825136e+05 1.052641721448450990e+05 1.052644440634126222e+05 1.052644443352699745e+05 1.052646313653451652e+05 1.052642826643516164e+05
1.578966795112781692e+05 2.105271038317458588e+05 2.105275472549067636e+05 2.105278663315655140e+05 1.058022847074692545e+05 1.578961530947905267e+05 2.105281005639097712e+05 1.842120549140709336e+05 2.808292666296758034e+04 2.105277401987110497e+05 1.578964183025034145e+05 2.105273713017751579e+05 2.105275345059076499e+05 1.578963794261424628e+05 4.625919538293338240e-01 1.503774831597561133e+05 2.105279088261949655e+05 2.105273862091267656e+05 2.105276544490225206e+05 2.105276985476112750e+05 2.105276628908593266e+05 2.105273573004767823e+05 2.105277316161282361e+05 1.052644696730660944e+05 1.052650540329618671e+05
5.536690610565668612e+04 2.556401889952153433e+05 1.578959333993928158e+05 1.578961376311364875e+05 1.834966798136209545e+05 7.520066919124390552e+03 1.127833736685523618e+05 8.646753622693101352e+04 1.282768442459390935e+05 1.578960383751586487e+05 6.015189208819463965e+04 2.556404521531100327e+05 1.578960077610065928e+05 6.015196289868706663e+04 1.503774831597561424e+05 1.288976044378370170e+04 1.450066182683645748e+05 1.578955392604926892e+05 1.578960885661939392e+05 1.578956669636031729e+05 1.578959264845064317e+05 1.578957039487901202e+05 1.578961717468386923e+05 9.774573902885765710e+04 9.774576106844232709e+04
9.501157583020126913e+04 3.157906025778732728e+05 1.503899174330452843e+04 1.503887506903926624e+04 2.436471527410694980e+05 1.428585100206104689e+05 3.759501509137936227e+04 6.391118135005162912e+04 1.979963774741172383e+05 1.503886043274692383e+04 9.022673428185988450e+04 3.157905977443609154e+05 1.503884871436806316e+04 9.022685720887963544e+04 2.105279088261949655e+05 1.450066182683645748e+05 2.148282713537018208e+04 1.503855584455273674e+04 1.503878439753455677e+04 1.503883323773244956e+04 1.503875995087880256e+04 1.503880320816613676e+04 1.503880347017557506e+04 1.578962165682062041e+05 1.578961843615735415e+05
1.100489462119816744e+05 3.157902724117986509e+05 8.118287081809167915e-01 1.007500517574530852e+00 2.436467918140742404e+05 1.578955364882414578e+05 5.263274514630106569e+04 7.894821883051148325e+04 1.979962514899348607e+05 8.443530447466067734e-01 1.052642322058920836e+05 3.157905242914978880e+05 7.968242179115599955e-01 1.052642033074579667e+05 2.105273862091268238e+05 1.578955392604926892e+05 1.503855584455273492e+04 1.233710436699057139e-01 9.824723284218149777e-01 7.559545717440453449e-01 6.507360353145219545e-01 4.142947597548096716e-01 1.069413508790949097e+00 1.578955722654635319e+05 1.578957835889731941e+05
1.100490793823401182e+05 3.157904430625765817e+05 1.411869122389689757e+00 8.225253161926272538e-01 2.436469576331640128e+05 1.578961515995752416e+05 5.263273798390604497e+04 7.894882535885162361e+04 1.979960583035538148e+05 8.019372898344668821e-01 1.052643551544149523e+05 3.157901871549503412e+05 1.426686736025424063e+00 1.052643561874728039e+05 2.105276544490225206e+05 1.578960885661939101e+05 1.503878439753455496e+04 9.824723284218149777e-01 3.786420724533988702e-01 1.342746069719754187e+00 8.550974397642836511e-01 1.155385162283691480e+00 6.717000591854552782e-01 1.578960854408749146e+05 1.578958510365046095e+05
1.100493361244018888e+05 3.157905639097744715e+05 1.099965823650033814e+00 1.250111475949782447e+00 2.436470358430767374e+05 1.578958703007518488e+05 5.263307994824723573e+04 7.894864567669166718e+04 1.979965986601310724e+05 1.252800748771882855e+00 1.052646913875597820e+05 3.157907218045113259e+05 1.057352408166326585e+00 1.052646832828825136e+05 2.105276985476112750e+05 1.578956669636031729e+05 1.503883323773244956e+04 7.559545717440453449e-01 1.342746069719754187e+00 2.837165161105554834e-01 1.171018579056336550e+00 9.382085525810223148e-01 1.373136984473017019e+00 1.578959430719656229e+05 1.578961052631578932e+05
1.100488780495863030e+05 3.157905656448814552e+05 1.213980856083070936e+00 8.136780744373292018e-01 2.436470860640134779e+05 1.578959116242785822e+05 5.263252618464503757e+04 7.894868981557147345e+04 1.979959876167550101e+05 6.105003696610998842e-01 1.052641634997820365e+05 3.157903137651822180e+05 1.218138204418443449e+00 1.052641721448450990e+05 2.105276628908593266e+05 1.578959264845064317e+05 1.503875995087879892e+04 6.507360353145219545e-01 8.550974397642836511e-01 1.171018579056336550e+00 1.470658440745293005e-01 7.721623722751189689e-01 8.509679309131394920e-01 1.578959580209622218e+05 1.578956418119128211e+05
1.100491741090846481e+05 3.157902103986239526e+05 9.435263074914326253e-01 1.218655355091698533e+00 2.436466768318357645e+05 1.578957301700883545e+05 5.263293433868762077e+04 7.894841742139433336e+04 1.979962180317458406e+05 9.902052891834494108e-01 1.052644556212328025e+05 3.157904671118355473e+05 9.701160368453604077e-01 1.052644440634126222e+05 2.105273573004767823e+05 1.578957039487901202e+05 1.503880320816613676e+04 4.142947597548096716e-01 1.155385162283691480e+00 9.382085525810223148e-01 7.721623722751189689e-01 2.215726573724660364e-01 1.223520110436647768e+00 1.578957397867639665e+05 1.578959560822459753e+05
1.100491082108680566e+05 3.157904644303065725e+05 1.478592483644175060e+00 8.616294871265227640e-01 2.436470563664619986e+05 1.578961052799409372e+05 5.263268332504815044e+04 7.894882471804505622e+04 1.979960755096140201e+05 7.801048481921886157e-01 1.052643893113465310e+05 3.157902125506073353e+05 1.408820947365462040e+00 1.052644443352699745e+05 2.105277316161282361e+05 1.578961717468386923e+05 1.503880347017557324e+04 1.069413508790948875e+00 6.717000591854552782e-01 1.373136984473017019e+00 8.509679309131394920e-01 1.223520110436647768e+00 1.659950511395117123e-01 1.578960695950255322e+05 1.578958402507384308e+05
1.052647856420497556e+05 2.105274661654130614e+05 1.578960425819774391e+05 1.578961933992347040e+05 1.300109796205532330e+05 1.052642747408547730e+05 1.578963672798066400e+05 1.315801339453545224e+05 8.675247876834438648e+04 1.578959062961533200e+05 1.052647188568010752e+05 2.105277293233077799e+05 1.578959229434533045e+05 1.052646313653451652e+05 1.052644696730660944e+05 9.774573902885765710e+04 1.578962165682062041e+05 1.578955722654635028e+05 1.578960854408749146e+05 1.578959430719656229e+05 1.578959580209622218e+05 1.578957397867639665e+05 1.578960695950255322e+05 3.247229422006502331e-01 1.384205056463861716e+00
1.052642683270676498e+05 2.105278815789473883e+05 1.578959875378381112e+05 1.578958811593716382e+05 1.300113923938466178e+05 1.052645151797642611e+05 1.578959318609022303e+05 1.315801619856001926e+05 8.675249400253656495e+04 1.578956715141648601e+05 1.052644852454288921e+05 2.105276184210526117e+05 1.578961578947368544e+05 1.052642826643516164e+05 1.052650540329618671e+05 9.774576106844232709e+04 1.578961843615735415e+05 1.578957835889731941e+05 1.578958510365046386e+05 1.578961052631578932e+05 1.578956418119128211e+05 1.578959560822459753e+05 1.578958402507384308e+05 1.384205056463861716e+00 2.452637937605272045e-01
