4.389715259278363192e+03 1.580258010582010611e+05 1.580258081128748017e+05 2.320999865569272079e+05 3.530873268077598768e+05 1.469147951058200561e+05 1.580256854119425407e+05 1.580254870977346436e+05 1.382728291982559895e+05 1.580255838554351067e+05 4.143391593463761092e+04 6.913712655300805636e+04 2.469260260808533349e+04 2.652088439331586123e+05 3.282264034929242916e+04 4.691485416593502305e+04 2.007067288119286241e+05 1.580257664399091445e+05 3.313188598387500388e+05 3.308652598443489987e+05 3.012356688271603198e+05 1.358141204079703311e+04 2.197544036801798793e+05 1.580256938271604886e+05 1.086431945946615597e+05
1.580258010582010611e+05 1.715376050307046707e-01 7.200625304198569054e-01 2.790135994753555860e+05 3.555563808767949813e+05 1.111218281913487954e+04 7.866202535244020133e-01 7.367209946830269862e-01 2.296308929453260207e+05 7.322400609047531317e-01 1.777788897065896599e+05 8.888991344095599197e+04 1.333345502645501401e+05 2.898999140165827703e+05 1.252044937854180898e+05 1.111122647404859454e+05 2.476201759301249112e+05 9.545014601448325031e-01 3.337879720939317485e+05 3.333341550688754069e+05 3.037046059922731947e+05 1.444457242063491140e+05 2.666679181884088903e+05 8.780724394545535993e-01 2.222235148148145818e+05
1.580258081128748017e+05 7.200625304198569054e-01 2.884798592661043659e-01 2.790135993169282447e+05 3.555564174855125020e+05 1.111218221788798110e+04 9.284774856055286740e-01 7.813212159007565383e-01 2.296308739103046246e+05 8.146377264196624779e-01 1.777788895554180781e+05 8.888998795550159412e+04 1.333345844846168184e+05 2.898999974666371127e+05 1.252044655119224044e+05 1.111123723441536422e+05 2.476201368858652422e+05 1.025957980674373715e+00 3.337880368131074938e+05 3.333341641538246768e+05 3.037046452398946858e+05 1.444456905423279677e+05 2.666679142965120263e+05 7.300202788314144042e-01 2.222234433862431324e+05
2.320999865569272079e+05 2.790135994753555860e+05 2.790135993169282447e+05 1.097413672250705531e+04 1.876556360544215713e+05 2.790132554974664235e+05 2.790134446963969385e+05 2.790133060726944823e+05 1.160504382422105846e+05 2.790133919712365023e+05 2.123469951739617391e+05 2.567910659947927925e+05 2.567911218106995220e+05 7.755458578987918736e+04 2.567910894375857024e+05 2.567910894197072193e+05 4.873859754798172071e+04 2.790131874779540813e+05 1.658868185442278918e+05 1.654336479297890037e+05 1.262800883841085451e+05 2.456800993827159982e+05 3.456876798788977612e+04 2.790135234567899606e+05 1.456801469246032066e+05
3.530873268077598768e+05 3.555563808767949813e+05 3.555564174855125020e+05 1.876556360544215713e+05 1.978945268889198269e+04 3.555564382275129319e+05 3.555562132275131298e+05 3.555562168682286283e+05 2.592603619047617831e+05 3.555562648778028088e+05 3.333341854497353197e+05 3.777786778029727284e+05 3.777788626102289418e+05 1.356302246753246873e+05 3.777788798941795249e+05 3.777786937830685056e+05 2.000013904761903686e+05 3.555564939279413084e+05 8.237539359815933858e+04 7.685335072691124515e+04 9.706684854715998517e+04 3.666676743386240560e+05 2.000014650478708500e+05 3.555564815948599135e+05 2.888901302910051309e+05
1.469147951058200561e+05 1.111218281913487954e+04 1.111218221788798110e+04 2.790132554974664235e+05 3.555564382275129319e+05 1.111124022852842791e+04 1.111194030642648067e+04 1.111196966292291108e+04 2.296305767678674893e+05 1.111196770535048199e+04 1.666678439960831311e+05 7.777834979187302815e+04 1.222231802910052356e+05 2.899000272800464300e+05 1.140931172971964697e+05 1.000007951440870820e+05 2.476200875556393585e+05 1.111171944956542757e+04 3.337875604481927585e+05 3.333342294780721422e+05 3.037047005064794794e+05 1.333343228835978662e+05 2.666675518829173525e+05 1.111219951128525463e+04 2.222231209876541980e+05
1.580256854119425407e+05 7.866202535244020133e-01 9.284774856055286740e-01 2.790134446963969385e+05 3.555562132275131298e+05 1.111194030642648067e+04 1.413868956151242973e-01 5.065575673874722629e-01 2.296308300201559323e+05 6.346070673904945503e-01 1.777787396687967703e+05 8.888971720833968720e+04 1.333344668934239016e+05 2.898998712280629552e+05 1.252044102450444043e+05 1.111120772784921719e+05 2.476201532879816368e+05 8.127402050430246883e-01 3.337877978666294366e+05 3.333340811606273055e+05 3.037045549823630718e+05 1.444456335600905877e+05 2.666677955740261823e+05 8.939797053345613920e-01 2.222234752267571457e+05
1.580254870977346436e+05 7.367209946830269862e-01 7.813212159007565383e-01 2.790133060726944823e+05 3.555562168682286283e+05 1.111196966292291108e+04 5.065575673874722629e-01 8.440728264279004356e-02 2.296306350947109459e+05 2.945383563699078278e-01 1.777786007902150159e+05 8.888980321502163133e+04 1.333342821594628913e+05 2.898997954542965745e+05 1.252042242060107237e+05 1.111120589275361272e+05 2.476199786573211895e+05 4.589084429719401670e-01 3.337877950606997474e+05 3.333340602917505894e+05 3.037044748092356022e+05 1.444454920360061224e+05 2.666677158910355647e+05 8.187184466589845222e-01 2.222232929619319912e+05
1.382728291982559895e+05 2.296308929453260207e+05 2.296308739103046246e+05 1.160504382422105846e+05 2.592603619047617831e+05 2.296305767678674893e+05 2.296308300201559323e+05 2.296306350947109459e+05 3.950637784900763654e+04 2.296307450961787545e+05 1.185196536220098496e+05 1.777787772192825505e+05 1.629640506760727731e+05 1.713819473126323719e+05 1.629641303742895252e+05 1.629640331264902197e+05 6.948083800028124824e+04 2.296305068979029602e+05 2.374916628231034847e+05 2.370384395778734761e+05 2.074088005633938592e+05 1.518530045351472218e+05 1.037047795266217727e+05 2.296309899974802101e+05 4.860065091680971818e+04
1.580255838554351067e+05 7.322400609047531317e-01 8.146377264196624779e-01 2.790133919712365023e+05 3.555562648778028088e+05 1.111196770535048199e+04 6.346070673904945503e-01 2.945383563699078278e-01 2.296307450961787545e+05 1.712345872939536051e-01 1.777786832817975373e+05 8.888981941994899535e+04 1.333343734301949444e+05 2.898997720477929106e+05 1.252043215315030975e+05 1.111121631551438040e+05 2.476199670949858846e+05 4.968534740295506014e-01 3.337878362528985017e+05 3.333340437582303421e+05 3.037044401153580402e+05 1.444455350214157952e+05 2.666676817761401180e+05 9.460755322250290478e-01 2.222232964411688736e+05
4.143391593463761092e+04 1.777788897065896599e+05 1.777788895554181072e+05 2.123469951739616808e+05 3.333341854497353197e+05 1.666678439960831311e+05 1.777787396687967703e+05 1.777786007902150159e+05 1.185196536220098351e+05 1.777786832817975373e+05 1.057738863996777127e+03 8.889022353962906345e+04 6.612594537508934445e+04 2.454557191026424698e+05 6.632428378445138515e+04 6.666789264775499760e+04 1.809536369740139926e+05 1.777788826015253435e+05 3.115656912698411033e+05 3.111122054547743173e+05 2.814826354938269942e+05 5.501477368590483820e+04 2.000013108585856389e+05 1.777787690716690267e+05 7.038258235208105179e+04
6.913712655300805636e+04 8.888991344095599197e+04 8.888998795550159412e+04 2.567910659947927925e+05 3.777786778029727284e+05 7.777834979187302815e+04 8.888971720833968720e+04 8.888980321502161678e+04 1.777787772192825505e+05 8.888981941994899535e+04 8.889022353962906345e+04 2.962979342737927800e+04 4.444540076425630104e+04 2.899000905673677917e+05 3.631519372169808776e+04 2.222276779838780203e+04 2.253978721424369141e+05 8.888958225973510707e+04 3.560098510306917015e+05 3.555565187928664964e+05 3.259269687797689694e+05 5.555656208112874447e+04 2.444453498742520169e+05 8.889006333900651953e+04 1.555565601949832344e+05
2.469260260808533349e+04 1.333345502645501401e+05 1.333345844846168184e+05 2.567911218106995220e+05 3.777788626102289418e+05 1.222231802910052356e+05 1.333344668934239016e+05 1.333342821594628913e+05 1.629640506760727731e+05 1.333343734301949444e+05 6.612594537508934445e+04 4.444540076425630104e+04 1.483315967481794451e-01 2.899002904352160986e+05 8.130947368631213067e+03 2.222302367896653959e+04 2.253979320791688806e+05 1.333341269337363483e+05 3.560100623078859062e+05 3.555567410514819203e+05 3.259271931412891136e+05 1.111188285916684617e+04 2.444456444444442750e+05 1.333345259259258455e+05 1.333344262534642767e+05
2.652088439331586123e+05 2.898999140165827703e+05 2.898999974666371127e+05 7.755458578987918736e+04 1.356302246753246873e+05 2.899000272800464300e+05 2.898998712280629552e+05 2.898997954542965745e+05 1.713819473126323719e+05 2.898997720477929106e+05 2.454557191026424989e+05 2.899000905673677917e+05 2.899002904352160986e+05 2.688971896280206420e+04 2.899002893378224107e+05 2.899001337003359804e+05 1.086833243640525761e+05 2.898999839220804279e+05 1.226769988091380801e+05 1.222231676803903101e+05 6.428552396918852901e+04 2.787893204335014452e+05 8.719008799089615059e+04 2.898999205476835486e+05 2.010114879994832154e+05
3.282264034929242916e+04 1.252044937854180898e+05 1.252044655119224044e+05 2.567910894375857024e+05 3.777788798941795249e+05 1.140931172971964697e+05 1.252044102450444043e+05 1.252042242060107237e+05 1.629641303742895252e+05 1.252043215315030975e+05 6.632428378445138515e+04 3.631519372169808776e+04 8.130947368631213067e+03 2.899002893378224107e+05 1.031147822442565121e+04 1.409296788925225701e+04 2.253980832451497263e+05 1.252040689993792039e+05 3.560099875535397441e+05 3.555567961955148494e+05 3.259271697530861129e+05 1.924196304052348205e+04 2.444454790123455750e+05 1.252045008130080532e+05 1.333344806584361068e+05
4.691485416593502305e+04 1.111122647404859454e+05 1.111123723441536422e+05 2.567910894197072193e+05 3.777786937830685056e+05 1.000007951440870820e+05 1.111120772784921719e+05 1.111120589275361272e+05 1.629640331264902197e+05 1.111121631551438040e+05 6.666789264775499760e+04 2.222276779838780203e+04 2.222302367896653959e+04 2.899001337003359804e+05 1.409296788925225519e+04 1.699869770772480804e-01 2.253979396618615137e+05 1.111119206492206868e+05 3.560097932724789716e+05 3.555566096077505499e+05 3.259270494474535808e+05 3.333436418822582345e+04 2.444454160058517882e+05 1.111123799270264863e+05 1.333344543716962216e+05
2.007067288119286241e+05 2.476201759301249112e+05 2.476201368858652422e+05 4.873859754798172071e+04 2.000013904761903977e+05 2.476200875556393585e+05 2.476201532879816368e+05 2.476199786573211895e+05 6.948083800028124824e+04 2.476199670949858846e+05 1.809536369740139926e+05 2.253978721424368850e+05 2.253979320791688806e+05 1.086833243640525616e+05 2.253980832451497263e+05 2.253979396618615137e+05 1.601815862428445143e+04 2.476199893592001754e+05 1.782326882086167170e+05 1.777790326278658467e+05 1.467888116255142086e+05 2.142869789241620747e+05 3.910280740041017270e+04 2.476203306598357158e+05 1.120658982386367861e+05
1.580257664399091445e+05 9.545014601448325031e-01 1.025957980674373715e+00 2.790131874779540813e+05 3.555564939279413084e+05 1.111171944956542757e+04 8.127402050430246883e-01 4.589084429719401670e-01 2.296305068979029602e+05 4.968534740295506014e-01 1.777788826015253435e+05 8.888958225973510707e+04 1.333341269337363483e+05 2.898999839220804279e+05 1.252040689993792039e+05 1.111119206492206868e+05 2.476199893592001754e+05 1.291380282475265706e-01 3.337876189319263212e+05 3.333342563962542918e+05 3.037046682566674426e+05 1.444452775510203210e+05 2.666674594090397004e+05 1.125377379966139069e+00 2.222230410283865349e+05
3.313188598387500970e+05 3.337879720939318649e+05 3.337880368131074938e+05 1.658868185442278918e+05 8.237539359815933858e+04 3.337875604481927585e+05 3.337877978666294366e+05 3.337877950606997474e+05 2.374916628231035138e+05 3.337878362528985017e+05 3.115656912698411033e+05 3.560098510306917015e+05 3.560100623078859062e+05 1.226769988091380801e+05 3.560099875535397441e+05 3.560097932724789716e+05 1.782326882086167170e+05 3.337876189319263212e+05 1.186263968130080684e+04 3.892340847669846698e+04 9.145999625580395514e+04 3.448989184807253769e+05 1.782325201439985831e+05 3.337879911495207925e+05 2.671213907596371137e+05
3.308652598443489987e+05 3.333341550688754069e+05 3.333341641538246768e+05 1.654336479297890328e+05 7.685335072691123059e+04 3.333342294780721422e+05 3.333340811606273055e+05 3.333340602917505894e+05 2.370384395778734761e+05 3.333340437582303421e+05 3.111122054547743755e+05 3.555565187928664964e+05 3.555567410514819203e+05 1.222231676803903392e+05 3.555567961955148494e+05 3.555566096077505499e+05 1.777790326278657885e+05 3.333342563962542918e+05 3.892340847669846698e+04 2.680507677703027730e+04 8.115051572312001372e+04 3.444455165658852202e+05 1.777792010577294859e+05 3.333342784799027140e+05 2.666677749874021974e+05
3.012356688271603198e+05 3.037046059922731947e+05 3.037046452398946858e+05 1.262800883841085451e+05 9.706684854715999973e+04 3.037047005064794794e+05 3.037045549823630718e+05 3.037044748092356022e+05 2.074088005633938592e+05 3.037044401153580402e+05 2.814826354938269942e+05 3.259269687797689694e+05 3.259271931412891136e+05 6.428552396918852901e+04 3.259271697530861129e+05 3.259270494474535808e+05 1.467888116255142086e+05 3.037046682566674426e+05 9.145999625580394058e+04 8.115051572312001372e+04 4.063172525764568854e+04 3.148160843364193570e+05 1.386255762756599870e+05 3.037046656264620251e+05 2.370382805102388083e+05
1.358141204079703311e+04 1.444457242063491140e+05 1.444456905423279677e+05 2.456800993827159982e+05 3.666676743386240560e+05 1.333343228835978662e+05 1.444456335600905877e+05 1.444454920360061224e+05 1.518530045351472218e+05 1.444455350214157952e+05 5.501477368590483820e+04 5.555656208112875174e+04 1.111188285916684436e+04 2.787893204335014452e+05 1.924196304052348205e+04 3.333436418822581618e+04 2.142869789241620747e+05 1.444452775510203210e+05 3.448989184807253769e+05 3.444455165658852202e+05 3.148160843364193570e+05 1.111141090756260201e+04 2.333345495370369463e+05 1.444457842592592060e+05 1.222232032407406514e+05
2.197544036801798793e+05 2.666679181884088903e+05 2.666679142965120263e+05 3.456876798788977612e+04 2.000014650478708500e+05 2.666675518829173525e+05 2.666677955740261823e+05 2.666677158910355647e+05 1.037047795266217727e+05 2.666676817761401180e+05 2.000013108585856680e+05 2.444453498742520169e+05 2.444456444444442750e+05 8.719008799089615059e+04 2.444454790123455750e+05 2.444454160058517882e+05 3.910280740041017270e+04 2.666674594090397004e+05 1.782325201439985831e+05 1.777792010577294859e+05 1.386255762756599870e+05 2.333345495370369463e+05 2.155743965109304106e-01 2.666679089669425739e+05 1.333343183742184192e+05
1.580256938271604886e+05 8.780724394545535993e-01 7.300202788314144042e-01 2.790135234567899606e+05 3.555564815948599135e+05 1.111219951128525463e+04 8.939797053345612809e-01 8.187184466589845222e-01 2.296309899974802101e+05 9.460755322250290478e-01 1.777787690716690267e+05 8.889006333900651953e+04 1.333345259259258455e+05 2.898999205476834904e+05 1.252045008130080532e+05 1.111123799270264863e+05 2.476203306598357158e+05 1.125377379966139069e+00 3.337879911495207925e+05 3.333342784799027140e+05 3.037046656264620251e+05 1.444457842592592060e+05 2.666679089669425739e+05 2.073340429811722507e-01 2.222235888888886548e+05
1.086431945946615597e+05 2.222235148148145818e+05 2.222234433862431324e+05 1.456801469246032066e+05 2.888901302910051309e+05 2.222231209876541980e+05 2.222234752267571457e+05 2.222232929619319330e+05 4.860065091680972546e+04 2.222232964411688736e+05 7.038258235208105179e+04 1.555565601949832344e+05 1.333344262534642767e+05 2.010114879994831863e+05 1.333344806584361068e+05 1.333344543716962216e+05 1.120658982386367861e+05 2.222230410283865349e+05 2.671213907596371137e+05 2.666677749874021974e+05 2.370382805102388083e+05 1.222232032407406514e+05 1.333343183742184192e+05 2.222235888888886548e+05 5.552439011527371804e+03
