4.057070531490092336e-01 1.020426682982750353e+05 1.428588584019183181e+05 1.785726825183886394e+05 1.428588423529502470e+05 1.587449472431197864e+04 1.785730244404779223e+05 1.607161237182584300e+05 5.827233377249832847e+04 1.785731168466557865e+05 1.785727594176010462e+05 1.139447395292595611e+05 1.428589539110503974e+05 1.785729216849883960e+05 1.785726593897828425e+05 1.785727993069907243e+05 1.785731798443259031e+05 1.785729637772354181e+05 1.785730949494813976e+05 1.785727469771608012e+05 1.190616463664142793e+04 4.762077681791276700e+04 1.785729491396608355e+05 1.309542607818317047e+05 1.785726035608446400e+05
1.020426682982750353e+05 8.746571660616637018e+03 4.081800636227358336e+04 1.071442374001080461e+05 4.081800817794849718e+04 8.616940571132479818e+04 1.071446363188469841e+05 5.867527617867988010e+04 1.245991288602645509e+05 1.071445803348325426e+05 1.071443683245594148e+05 1.802714079717642162e+05 4.081796193668442720e+04 1.071445332309790538e+05 1.071439863669789047e+05 1.071443889518472715e+05 7.653218988598296710e+04 1.071447589482626499e+05 9.839816738519602222e+04 2.448996133065593021e+05 1.020425670258194441e+05 5.442323649311252666e+04 1.071444867901653488e+05 2.891269516198181373e+04 1.071441337498188368e+05
1.428588584019183181e+05 4.081800636227358336e+04 2.283316109278576422e-01 7.142994259186901036e+04 1.143013923098296747e+00 1.269858407445949269e+05 7.143013539037933515e+04 1.785869365038855540e+04 1.654154043798448984e+05 7.143021857022798213e+04 7.143015765018404636e+04 2.210877068527469237e+05 1.516688282451316816e+00 7.143032837506468059e+04 7.142966489474778064e+04 7.143015373695974995e+04 3.571601971136964858e+04 7.143015718791320978e+04 6.122601843852658203e+04 2.857157732693803264e+05 1.428592782081013138e+05 9.523949725857526937e+04 7.143037725759239402e+04 1.190646381163773367e+04 7.142978502849068900e+04
1.785726825183886394e+05 1.071442374001080461e+05 7.142994259186901036e+04 2.414150562777577780e-01 7.142983400855486980e+04 1.626995862479146163e+05 1.111889860778769501e+00 5.357277328271882288e+04 2.011293577380167262e+05 1.269829911253202992e+00 6.567025240300210509e-01 2.568015581382076780e+05 7.142992114930751268e+04 1.025081460646944276e+00 6.570453056521774471e-01 7.971727006633941848e-01 3.571563380554502510e+04 1.246137258767536338e+00 1.020522792289087374e+04 3.214295645212822710e+05 1.785728922305474989e+05 1.309536163071878836e+05 1.228971662481287419e+00 8.333472109021877986e+04 4.275910113503547660e-01
1.428588423529502470e+05 4.081800817794849718e+04 1.143013923098296747e+00 7.142983400855486980e+04 2.993520830938073418e-01 1.269857965738944622e+05 7.143000353206689761e+04 1.785868393998886313e+04 1.654155965487358626e+05 7.143017758463948849e+04 7.143000333530160424e+04 2.210878233459787734e+05 1.193777619961412295e+00 7.143011146677457145e+04 7.142951231236092281e+04 7.143003199509734986e+04 3.571575594892547088e+04 7.143010875582521840e+04 6.122595705894229468e+04 2.857158898467432591e+05 1.428592535895488691e+05 9.523974521742202342e+04 7.143020346020004945e+04 1.190643107719489853e+04 7.142968367197809857e+04
1.587449472431197682e+04 8.616940571132479818e+04 1.269858407445949269e+05 1.626995862479146163e+05 1.269857965738944622e+05 1.763713915512588210e+04 1.627001182827884622e+05 1.448428414369565435e+05 7.414560667145313346e+04 1.626999903981937969e+05 1.626998208035113057e+05 1.298180665484975616e+05 1.269857461387061048e+05 1.626999092616044509e+05 1.626994620201524231e+05 1.626998626521071419e+05 1.626999284830410033e+05 1.627000542205031379e+05 1.627000263408602332e+05 1.944461864899316279e+05 2.777971449413900700e+04 3.174734490731102414e+04 1.626999484138023108e+05 1.150808154106863076e+05 1.626995914210522897e+05
1.785730244404779223e+05 1.071446363188469841e+05 7.143013539037933515e+04 1.111889860778769501e+00 7.143000353206689761e+04 1.627001182827884622e+05 2.465663083866931338e-01 5.357313303949628607e+04 2.011295070142207260e+05 1.169692703286353330e+00 1.139143099538156623e+00 2.568018434262164228e+05 7.143020025663363049e+04 1.144898135792734806e+00 1.030230982441955767e+00 1.166343817838688457e+00 3.571581870478090423e+04 1.201024507839882904e+00 1.020570858260506793e+04 3.214298263546798262e+05 1.785732462350784335e+05 1.309539734746523754e+05 1.254079194186822566e+00 8.333516920555809338e+04 1.047888544296772473e+00
1.607161237182584300e+05 5.867527617867988010e+04 1.785869365038855540e+04 5.357277328271882288e+04 1.785868393998886313e+04 1.448428414369565435e+05 5.357313303949628607e+04 1.785761354334344287e+04 1.832724579440052039e+05 5.357301644746022794e+04 5.357305243283756135e+04 2.389448055950019625e+05 1.785828309016290586e+04 5.357313944531978632e+04 5.357248242786443006e+04 5.357306937403827033e+04 1.785880481859112479e+04 5.357304422266007168e+04 4.336878691826379509e+04 3.035729226102004177e+05 1.607161739437190699e+05 1.130969838170913572e+05 5.357311991269942519e+04 2.976348405423108488e+04 5.357267887337606226e+04
5.827233377249832847e+04 1.245991288602645654e+05 1.654154043798448984e+05 2.011293577380167262e+05 1.654155965487359208e+05 7.414560667145313346e+04 2.011295070142207260e+05 1.832724579440052039e+05 1.662108071348629892e+04 2.011294653573223331e+05 2.011293481800381560e+05 5.567346999554819195e+04 1.654154110844813695e+05 2.011294336452485295e+05 2.011291619666212646e+05 2.011294200943182223e+05 2.011298096726519580e+05 2.011295246350512316e+05 2.011297948355797853e+05 1.203018951293433201e+05 4.636721283349528676e+04 9.398698591240031237e+04 2.011293608431690081e+05 1.535106849155461823e+05 2.011293016011030995e+05
1.785731168466557865e+05 1.071445803348325426e+05 7.143021857022798213e+04 1.269829911253202992e+00 7.143017758463948849e+04 1.626999903981937969e+05 1.169692703286353330e+00 5.357301644746022794e+04 2.011294653573222749e+05 4.314729890779439581e-01 1.427841883080008145e+00 2.568017909100533579e+05 7.143015161294913560e+04 1.402602311977206861e+00 9.968753887852251916e-01 1.500466996360293015e+00 3.571583078944827867e+04 1.401105529116996706e+00 1.020560365043951606e+04 3.214298382594416616e+05 1.785731089855957835e+05 1.309540968785056029e+05 1.128843505580478856e+00 8.333496316281061445e+04 1.162312547045166289e+00
1.785727594176010462e+05 1.071443683245594148e+05 7.143015765018404636e+04 6.567025240300210509e-01 7.143000333530160424e+04 1.626998208035113057e+05 1.139143099538156623e+00 5.357305243283755408e+04 2.011293481800381560e+05 1.427841883080008145e+00 1.890168855983717366e-01 2.568016152509964304e+05 7.143013876699232787e+04 9.697505249599066568e-01 8.445448135655373445e-01 7.917606766010433228e-01 3.571579639223901904e+04 1.233532043502058695e+00 1.020549952638954710e+04 3.214296462483922951e+05 1.785728340105398966e+05 1.309537855757596262e+05 1.313375588277579720e+00 8.333492444333215826e+04 7.110284053340444332e-01
1.139447395292595611e+05 1.802714079717642162e+05 2.210877068527469237e+05 2.568015581382076780e+05 2.210878233459787734e+05 1.298180665484975616e+05 2.568018434262164228e+05 2.389448055950019625e+05 5.567346999554818467e+04 2.568017909100533579e+05 2.568016152509964304e+05 3.911605698234408919e+04 2.210877970734654227e+05 2.568017352954127709e+05 2.568015365401821327e+05 2.568016539591811888e+05 2.568019428135437483e+05 2.568019179243828694e+05 2.568020075115837390e+05 7.359426351180604252e+04 1.020396413318160048e+05 1.496593941057031043e+05 2.568016540042273700e+05 2.091827986458532687e+05 2.568015926095997565e+05
1.428589539110503974e+05 4.081796193668442720e+04 1.516688282451316816e+00 7.142992114930751268e+04 1.193777619961412295e+00 1.269857461387061048e+05 7.143020025663363049e+04 1.785828309016290586e+04 1.654154110844813695e+05 7.143015161294913560e+04 7.143013876699232787e+04 2.210877970734654227e+05 3.452444388647947227e-01 7.143017278737902234e+04 7.142949926509449142e+04 7.143015625727953739e+04 3.571585872714825382e+04 7.143001043968358135e+04 6.122601444682148576e+04 2.857159102790045436e+05 1.428589979625901906e+05 9.523988166314922273e+04 7.143019383846959681e+04 1.190635872022653530e+04 7.142977953805569268e+04
1.785729216849883960e+05 1.071445332309790247e+05 7.143032837506468059e+04 1.025081460646944276e+00 7.143011146677455690e+04 1.626999092616044218e+05 1.144898135792734806e+00 5.357313944531978632e+04 2.011294336452485295e+05 1.402602311977206861e+00 9.697505249599066568e-01 2.568017352954127709e+05 7.143017278737902234e+04 3.219661933682806954e-01 9.339720020941912892e-01 9.984463815086356275e-01 3.571585452357974282e+04 1.291356892955120905e+00 1.020564550432170290e+04 3.214297488384461030e+05 1.785730016046419623e+05 1.309539389901005197e+05 1.098704774301673348e+00 8.333505079222460336e+04 9.933009709564590839e-01
1.785726593897828425e+05 1.071439863669789047e+05 7.142966489474778064e+04 6.570453056521774471e-01 7.142951231236092281e+04 1.626994620201523649e+05 1.030230982441955767e+00 5.357248242786443006e+04 2.011291619666212646e+05 9.968753887852251916e-01 8.445448135655375665e-01 2.568015365401821327e+05 7.142949926509449142e+04 9.339720020941912892e-01 7.388399931539926802e-02 9.461320242998370045e-01 3.571536462597928767e+04 1.037731716439916907e+00 1.020521930106374202e+04 3.214297227790045436e+05 1.785727693044951884e+05 1.309535237738607102e+05 9.517552787849465901e-01 8.333451436556948465e+04 4.664558500864678936e-01
1.785727993069907243e+05 1.071443889518472715e+05 7.143015373695974995e+04 7.971727006633941848e-01 7.143003199509734986e+04 1.626998626521071419e+05 1.166343817838688235e+00 5.357306937403827033e+04 2.011294200943182223e+05 1.500466996360293015e+00 7.917606766010431008e-01 2.568016539591811888e+05 7.143015625727953739e+04 9.984463815086356275e-01 9.461320242998370045e-01 2.980113130053867465e-01 3.571585879414789815e+04 1.397873591672073035e+00 1.020554081028679320e+04 3.214297093782653101e+05 1.785728817023364827e+05 1.309538915927148337e+05 1.296916688646626792e+00 8.333498364039577427e+04 7.735617209672657202e-01
1.785731798443259031e+05 7.653218988598296710e+04 3.571601971136964858e+04 3.571563380554502510e+04 3.571575594892547088e+04 1.626999284830410033e+05 3.571581870478090423e+04 1.785880481859112479e+04 2.011298096726519580e+05 3.571583078944827867e+04 3.571579639223901904e+04 2.568019428135437483e+05 3.571585872714825382e+04 3.571585452357975009e+04 3.571536462597928767e+04 3.571585879414789815e+04 2.656070058580210502e-01 3.571603767648069334e+04 2.551163124965545649e+04 3.214301376620802912e+05 1.785733061299863912e+05 1.309541666996959975e+05 3.571585817670325923e+04 4.762061995886793011e+04 3.571546647871226742e+04
1.785729637772354181e+05 1.071447589482626499e+05 7.143015718791320978e+04 1.246137258767536338e+00 7.143010875582521840e+04 1.627000542205031379e+05 1.201024507839882904e+00 5.357304422266007168e+04 2.011295246350512316e+05 1.401105529116996706e+00 1.233532043502058695e+00 2.568019179243828694e+05 7.143001043968358135e+04 1.291356892955120905e+00 1.037731716439916907e+00 1.397873591672073035e+00 3.571603767648069334e+04 2.669447686845664580e-01 1.020565064617317512e+04 3.214299140739780269e+05 1.785732448420872388e+05 1.309539668208292278e+05 1.510661566241303211e+00 8.333522470238090318e+04 1.153256681290340646e+00
1.785730949494813976e+05 9.839816738519602222e+04 6.122601843852658203e+04 1.020522792289087556e+04 6.122595705894229468e+04 1.627000263408602332e+05 1.020570858260506793e+04 4.336878691826379509e+04 2.011297948355797271e+05 1.020560365043951606e+04 1.020549952638954892e+04 2.568020075115837390e+05 6.122601444682148576e+04 1.020564550432170290e+04 1.020521930106374384e+04 1.020554081028679320e+04 2.551163124965545285e+04 1.020565064617317512e+04 1.457755736653325221e+04 3.214300406403940287e+05 1.785733485700758756e+05 1.309538789262668724e+05 1.020554625622311687e+04 7.313119304847567400e+04 1.020517652722841194e+04
1.785727469771608012e+05 2.448996133065592439e+05 2.857157732693803264e+05 3.214295645212822710e+05 2.857158898467432591e+05 1.944461864899316570e+05 3.214298263546798262e+05 3.035729226102004177e+05 1.203018951293433347e+05 3.214298382594416616e+05 3.214296462483922951e+05 7.359426351180604252e+04 2.857159102790045436e+05 3.214297488384461030e+05 3.214297227790045436e+05 3.214297093782653101e+05 3.214301376620802912e+05 3.214299140739780269e+05 3.214300406403940287e+05 1.745850734763109722e+04 1.666679192146005225e+05 2.142873803078097699e+05 3.214297915047517745e+05 2.738109200425633462e+05 3.214296291199442348e+05
1.190616463664142793e+04 1.020425670258194441e+05 1.428592782081013138e+05 1.785728922305474989e+05 1.428592535895488691e+05 2.777971449413901064e+04 1.785732462350784335e+05 1.607161739437190699e+05 4.636721283349528676e+04 1.785731089855957835e+05 1.785728340105398966e+05 1.020396413318160048e+05 1.428589979625901906e+05 1.785730016046419623e+05 1.785727693044951884e+05 1.785728817023364827e+05 1.785733061299863912e+05 1.785732448420872388e+05 1.785733485700758756e+05 1.666679192146005225e+05 1.587331867366607912e+04 5.555762271631811745e+04 1.785729698047798593e+05 1.309542448931969702e+05 1.785727827495961974e+05
4.762077681791275245e+04 5.442323649311252666e+04 9.523949725857526937e+04 1.309536163071878836e+05 9.523974521742203797e+04 3.174734490731102414e+04 1.309539734746523900e+05 1.130969838170913572e+05 9.398698591240031237e+04 1.309540968785056175e+05 1.309537855757596262e+05 1.496593941057031043e+05 9.523988166314922273e+04 1.309539389901005197e+05 1.309535237738607102e+05 1.309538915927148337e+05 1.309541666996959975e+05 1.309539668208292278e+05 1.309538789262669015e+05 2.142873803078097699e+05 5.555762271631811745e+04 1.587339374731497446e+04 1.309539578553724714e+05 8.333505342711092089e+04 1.309535263717939379e+05
1.785729491396608355e+05 1.071444867901653488e+05 7.143037725759239402e+04 1.228971662481287419e+00 7.143020346020004945e+04 1.626999484138023108e+05 1.254079194186822566e+00 5.357311991269942519e+04 2.011293608431690081e+05 1.128843505580478856e+00 1.313375588277579720e+00 2.568016540042273700e+05 7.143019383846959681e+04 1.098704774301673348e+00 9.517552787849465901e-01 1.296916688646626792e+00 3.571585817670325923e+04 1.510661566241303211e+00 1.020554625622311687e+04 3.214297915047517745e+05 1.785729698047798593e+05 1.309539578553724714e+05 3.572337256094385016e-01 8.333500021621155611e+04 1.100586565204357159e+00
1.309542607818317047e+05 2.891269516198181736e+04 1.190646381163773367e+04 8.333472109021877986e+04 1.190643107719489853e+04 1.150808154106863076e+05 8.333516920555810793e+04 2.976348405423108488e+04 1.535106849155461532e+05 8.333496316281061445e+04 8.333492444333215826e+04 2.091827986458532687e+05 1.190635872022653530e+04 8.333505079222461791e+04 8.333451436556948465e+04 8.333498364039577427e+04 4.762061995886793011e+04 8.333522470238090318e+04 7.313119304847567400e+04 2.738109200425633462e+05 1.309542448931969702e+05 8.333505342711092089e+04 8.333500021621155611e+04 1.587343284716923517e+04 8.333461297609844769e+04
1.785726035608446400e+05 1.071441337498188368e+05 7.142978502849068900e+04 4.275910113503547660e-01 7.142968367197809857e+04 1.626995914210522897e+05 1.047888544296772473e+00 5.357267887337605498e+04 2.011293016011030995e+05 1.162312547045166289e+00 7.110284053340445443e-01 2.568015926095997565e+05 7.142977953805569268e+04 9.933009709564591949e-01 4.664558500864678936e-01 7.735617209672657202e-01 3.571546647871226742e+04 1.153256681290340646e+00 1.020517652722841012e+04 3.214296291199442348e+05 1.785727827495961974e+05 1.309535263717939233e+05 1.100586565204357159e+00 8.333461297609844769e+04 1.939628099121241123e-01
