6.660347710550154066e-01 1.656083498912376273e+00 1.691523101785917360e+00 1.648252228152547794e+00 3.750195835178757261e+04 7.144644738912332286e+03 5.144425899078149087e+04 2.500193398766833707e+04 1.261283580883403976e+00 2.823949954269041191e+05 1.000019572343871841e+05 1.745333648365391177e+00 1.659449417276772420e+00 9.285898722200609336e+04 5.080423443876416422e+05 1.603034162897072346e+00 1.000019696128789656e+05 1.250020037586240505e+05 1.832476991922108573e+05 4.187736400047870120e+05 1.250021942969789961e+05 1.035734570251740661e+05 2.531269571222990635e+05 1.668883528866214272e+00 1.684176794909421515e+00
1.656083498912376273e+00 7.065950089726027450e-01 1.396354833475411228e+00 1.651635231494507083e+00 3.750184008632505720e+04 7.144669975250147218e+03 5.144408123551149765e+04 2.500180097486765953e+04 1.072633083764010564e+00 2.823947108099813340e+05 1.000017574458755989e+05 1.602297040503801062e+00 1.492694596669293272e+00 9.285885606605239445e+04 5.080420569892782369e+05 1.243825417288921376e+00 1.000017930997083749e+05 1.250019102516928688e+05 1.832473948061021802e+05 4.187733626263720798e+05 1.250019378082664334e+05 1.035732749333402171e+05 2.531265290838283836e+05 1.678398528462986095e+00 1.516625982428538855e+00
1.691523101785917360e+00 1.396354833475411228e+00 6.709110373176919717e-01 1.763317778848475292e+00 3.750182947287567367e+04 7.144667466288384276e+03 5.144427776945204823e+04 2.500181519030287745e+04 1.087896325522305974e+00 2.823947482727646711e+05 1.000019332148696267e+05 1.552144798620332722e+00 1.506177561424635769e+00 9.285899708742306393e+04 5.080420432837297558e+05 1.298673954785044105e+00 1.000019060437076841e+05 1.250019329403881275e+05 1.832474832105538226e+05 4.187733328089651768e+05 1.250019392250895180e+05 1.035733193480909977e+05 2.531267560748125834e+05 1.672100470798825178e+00 1.535045610906184743e+00
1.648252228152547794e+00 1.651635231494507083e+00 1.763317778848475292e+00 7.186964168791936114e-01 3.750196963418962696e+04 7.144548616882319038e+03 5.144431344218068261e+04 2.500193378717463202e+04 1.320157101430128987e+00 2.823948688450956834e+05 1.000020413145741040e+05 1.784715338422863340e+00 1.852415540591256793e+00 9.285909874341682007e+04 5.080423284597327583e+05 1.631141461859023201e+00 1.000020958452697232e+05 1.250021571986103518e+05 1.832477459313753061e+05 4.187736253605245147e+05 1.250022263066567830e+05 1.035735162824315194e+05 2.531268322734158428e+05 1.565886395677562604e+00 1.789952270024330439e+00
3.750195835178757261e+04 3.750184008632505720e+04 3.750182947287567367e+04 3.750196963418962696e+04 1.250099140402691592e+04 3.035904149736870386e+04 1.394414209993005716e+04 1.250163527245998739e+04 3.750139492869671085e+04 2.698950212281660060e+05 6.250175114062810462e+04 3.750192949593477533e+04 3.750181193835953309e+04 7.857326092826770036e+04 4.955424407158098766e+05 3.750161537320973730e+04 6.250183872670267738e+04 1.125020851754917239e+05 1.707477832409734547e+05 4.062737372141351225e+05 1.125021322549587203e+05 9.107325944536013412e+04 2.406269710966851853e+05 3.750198592012403242e+04 3.750187876986580522e+04
7.144644738912333196e+03 7.144669975250148127e+03 7.144667466288386095e+03 7.144548616882319948e+03 3.035904149736870386e+04 1.020503931029421983e+04 4.430143588477536105e+04 1.785892998200790316e+04 7.144243009555803837e+03 2.823949925128316972e+05 9.285921326488516934e+04 7.144711184471997512e+03 7.144689487823853597e+03 9.234882401167278294e+04 5.080422871688439627e+05 7.144513924525906987e+03 9.285911946130746219e+04 1.250020323722249159e+05 1.832476307627425122e+05 4.187735942178526893e+05 1.250022071015350666e+05 1.035734879609302589e+05 2.531269938418919919e+05 7.144619179798073674e+03 7.144742268545054685e+03
5.144425899078149087e+04 5.144408123551149765e+04 5.144427776945205551e+04 5.144431344218068989e+04 1.394414209993005716e+04 4.430143588477536105e+04 2.718910454295309137e+03 2.644425934862883878e+04 5.144376570743000048e+04 2.573396030974386085e+05 4.994619175788743451e+04 5.144431386494654726e+04 5.144421050148970971e+04 6.601750637515676499e+04 4.829869023385499604e+05 5.144399160932259110e+04 4.994626900640797976e+04 9.994643035930140468e+04 1.581921866770049965e+05 3.937182216039892519e+05 9.994661750486522214e+04 7.851782942265142628e+04 2.280714760186935600e+05 5.144435100708068785e+04 5.144417188854338019e+04
2.500193398766833707e+04 2.500180097486765953e+04 2.500181519030287745e+04 2.500193378717463202e+04 1.250163527245998739e+04 1.785892998200790316e+04 2.644425934862883878e+04 7.129095671315427429e-01 2.500134197129939639e+04 2.823950162919846480e+05 7.500187265395701979e+04 2.500181306128435972e+04 2.500182237301479836e+04 9.107336621950090921e+04 5.080423931190634612e+05 2.500159924089787455e+04 7.500191136348464352e+04 1.250021331331477413e+05 1.832477392201074981e+05 4.187736657346499851e+05 1.250021944584344747e+05 1.035733937014407566e+05 2.531269642572728626e+05 2.500193159938322424e+04 2.500184216638290309e+04
1.261283580883403976e+00 1.072633083764010564e+00 1.087896325522305974e+00 1.320157101430128987e+00 3.750139492869671085e+04 7.144243009555803837e+03 5.144376570743000048e+04 2.500134197129939639e+04 4.309346258422215858e-01 2.823945234289005166e+05 1.000014556916000583e+05 1.239654688784287639e+00 1.128259658138404564e+00 9.285856845707415778e+04 5.080420040915492573e+05 8.625626710393323737e-01 1.000014955685099558e+05 1.250015458029946894e+05 1.832472174129436025e+05 4.187732660203017294e+05 1.250016186605619878e+05 1.035729474866796954e+05 2.531264613863534760e+05 1.318935014969424557e+00 1.142614336406132525e+00
2.823949954269041191e+05 2.823947108099813340e+05 2.823947482727646711e+05 2.823948688450956834e+05 2.698950212281660060e+05 2.823949925128316972e+05 2.573396030974386085e+05 2.823950162919846480e+05 2.823945234289005166e+05 5.909063087203712348e+04 2.573581876121641835e+05 2.823948974065905786e+05 2.823948176949981134e+05 2.573582262812016706e+05 3.523621063296481152e+05 2.823946600140726659e+05 2.573582658282839402e+05 2.323580705662395922e+05 1.737781084109449876e+05 2.332801588575123169e+05 2.176189118420999439e+05 2.537868173225852079e+05 1.158130883877662563e+05 2.823949549084109603e+05 2.823948649893694092e+05
1.000019572343871841e+05 1.000017574458755989e+05 1.000019332148696267e+05 1.000020413145741040e+05 6.250175114062811190e+04 9.285921326488516934e+04 4.994619175788742723e+04 7.500187265395701979e+04 1.000014556916000583e+05 2.573581876121641835e+05 1.849825884810340540e+03 1.000019651031104586e+05 1.000018968361353618e+05 5.532194370798913587e+04 4.830055333535881946e+05 1.000017216591165343e+05 2.496476271455622918e+04 7.496514426238939632e+04 1.582109001185894303e+05 3.937367731613884680e+05 9.877470018968105433e+04 5.353631594512319134e+04 2.280899243690431467e+05 1.000020621928106266e+05 1.000018425648343400e+05
1.745333648365391177e+00 1.602297040503801062e+00 1.552144798620333166e+00 1.784715338422863340e+00 3.750192949593476806e+04 7.144711184471996603e+03 5.144431386494653998e+04 2.500181306128435972e+04 1.239654688784287639e+00 2.823948974065905786e+05 1.000019651031104440e+05 7.758294832721057688e-01 1.607061785936176435e+00 9.285900062021758640e+04 5.080421734282482066e+05 1.550825157449445824e+00 1.000020048592040257e+05 1.250021357519631565e+05 1.832476165139349177e+05 4.187733975980653777e+05 1.250021669264442608e+05 1.035734578230484913e+05 2.531268838362425158e+05 1.665222033218851649e+00 1.672212201561470657e+00
1.659449417276772420e+00 1.492694596669293050e+00 1.506177561424635325e+00 1.852415540591256127e+00 3.750181193835953309e+04 7.144689487823851778e+03 5.144421050148969516e+04 2.500182237301479836e+04 1.128259658138404564e+00 2.823948176949981134e+05 1.000018968361353618e+05 1.607061785936176435e+00 6.959084792488494653e-01 9.285897512691718293e+04 5.080421640301255975e+05 1.321783091864181303e+00 1.000019201819140435e+05 1.250019965992322395e+05 1.832477104534184036e+05 4.187734533724531648e+05 1.250020253212553944e+05 1.035732900381677027e+05 2.531267587605686567e+05 1.801349542293555261e+00 1.521710292704073986e+00
9.285898722200612247e+04 9.285885606605239445e+04 9.285899708742306393e+04 9.285909874341682007e+04 7.857326092826770036e+04 9.234882401167278294e+04 6.601750637515676499e+04 9.107336621950089466e+04 9.285856845707414323e+04 2.573582262812016706e+05 5.532194370798913587e+04 9.285900062021760095e+04 9.285897512691718293e+04 1.537026401769611221e+04 4.830054104854956968e+05 9.285879111393695348e+04 5.532179813118754100e+04 5.889350109559773409e+04 1.349963711523772217e+05 3.937367195780015318e+05 7.590050187530119729e+04 3.746494255372008047e+04 2.181411161281866953e+05 9.285908250028808834e+04 9.285895325634942856e+04
5.080423443876416422e+05 5.080420569892782369e+05 5.080420432837297558e+05 5.080423284597327583e+05 4.955424407158098766e+05 5.080422871688439627e+05 4.829869023385499604e+05 5.080423931190634612e+05 5.080420040915492573e+05 3.523621063296481152e+05 4.830055333535881946e+05 5.080421734282482066e+05 5.080421640301255975e+05 4.830054104854956968e+05 1.436662093007457443e+05 5.080420446406637784e+05 4.830054222772862995e+05 4.580054109094688902e+05 4.405495747984646005e+05 2.259129241994641197e+05 4.580053419932266115e+05 4.794340506590295117e+05 3.926779110987293534e+05 5.080421634381824988e+05 5.080421990130352788e+05
1.603034162897072346e+00 1.243825417288921376e+00 1.298673954785044105e+00 1.631141461859023201e+00 3.750161537320973730e+04 7.144513924525906987e+03 5.144399160932259110e+04 2.500159924089787455e+04 8.625626710393323737e-01 2.823946600140726659e+05 1.000017216591165343e+05 1.550825157449445379e+00 1.321783091864181081e+00 9.285879111393695348e+04 5.080420446406637784e+05 6.814768469972757314e-01 1.000017308375250868e+05 1.250016640409331303e+05 1.832473179166050686e+05 4.187733479022706742e+05 1.250016739107398171e+05 1.035731468759775016e+05 2.531265249676792882e+05 1.616116359124042834e+00 1.419252674565607775e+00
1.000019696128789656e+05 1.000017930997083749e+05 1.000019060437076841e+05 1.000020958452697378e+05 6.250183872670268465e+04 9.285911946130746219e+04 4.994626900640796521e+04 7.500191136348465807e+04 1.000014955685099558e+05 2.573582658282839402e+05 2.496476271455622918e+04 1.000020048592040257e+05 1.000019201819140435e+05 5.532179813118754100e+04 4.830054222772862995e+05 1.000017308375251159e+05 1.849839292694665801e+03 7.496495059714710806e+04 1.582107313309235615e+05 3.937367237994215684e+05 9.877473080095733167e+04 5.353636196285188635e+04 2.280901122297350375e+05 1.000020834344455216e+05 1.000018843135863863e+05
1.250020037586240505e+05 1.250019102516928688e+05 1.250019329403881275e+05 1.250021571986103518e+05 1.125020851754917385e+05 1.250020323722249159e+05 9.994643035930139013e+04 1.250021331331477413e+05 1.250015458029946894e+05 2.323580705662396504e+05 7.496514426238939632e+04 1.250021357519631565e+05 1.250019965992322395e+05 5.889350109559773409e+04 4.580054109094688902e+05 1.250016640409331303e+05 7.496495059714710806e+04 1.340686874223396808e+04 1.082106883793528978e+05 3.687368856883432018e+05 4.877443418932023633e+04 4.639366996247805218e+04 1.923758165949315880e+05 1.250021197341047373e+05 1.250019697752871143e+05
1.832476991922108573e+05 1.832473948061021802e+05 1.832474832105537644e+05 1.832477459313753061e+05 1.707477832409734547e+05 1.832476307627425122e+05 1.581921866770049965e+05 1.832477392201074981e+05 1.832472174129436607e+05 1.737781084109449876e+05 1.582109001185894886e+05 1.832476165139349177e+05 1.832477104534184036e+05 1.349963711523772217e+05 4.405495747984647169e+05 1.832473179166050686e+05 1.582107313309235615e+05 1.082106883793528978e+05 6.491658466124488768e+04 3.529598877374946605e+05 8.440111481672263471e+04 1.296395845122808823e+05 1.091300978835517162e+05 1.832477317075919709e+05 1.832475757768582262e+05
4.187736400047870120e+05 4.187733626263720798e+05 4.187733328089652350e+05 4.187736253605245729e+05 4.062737372141351225e+05 4.187735942178528057e+05 3.937182216039892519e+05 4.187736657346499851e+05 4.187732660203017294e+05 2.332801588575122878e+05 3.937367731613884680e+05 4.187733975980653777e+05 4.187734533724531648e+05 3.937367195780015318e+05 2.259129241994641197e+05 4.187733479022706742e+05 3.937367237994215684e+05 3.687368856883432018e+05 3.529598877374946605e+05 7.033411726375798753e+04 3.687366897117602639e+05 3.901654086755702738e+05 3.194295065687817987e+05 4.187735405997398193e+05 4.187734903113663313e+05
1.250021942969789961e+05 1.250019378082664334e+05 1.250019392250895180e+05 1.250022263066567830e+05 1.125021322549587203e+05 1.250022071015350812e+05 9.994661750486522214e+04 1.250021944584344747e+05 1.250016186605619878e+05 2.176189118420999439e+05 9.877470018968105433e+04 1.250021669264442608e+05 1.250020253212553944e+05 7.590050187530119729e+04 4.580053419932266697e+05 1.250016739107398171e+05 9.877473080095733167e+04 4.877443418932023633e+04 8.440111481672260561e+04 3.687366897117602639e+05 1.567460971199436244e+04 7.020314925370650599e+04 1.685661102995254623e+05 1.250022431875401380e+05 1.250021142117553973e+05
1.035734570251740661e+05 1.035732749333402171e+05 1.035733193480910122e+05 1.035735162824315194e+05 9.107325944536013412e+04 1.035734879609302589e+05 7.851782942265142628e+04 1.035733937014407566e+05 1.035729474866796954e+05 2.537868173225852079e+05 5.353631594512319134e+04 1.035734578230484913e+05 1.035732900381677027e+05 3.746494255372007319e+04 4.794340506590295117e+05 1.035731468759775016e+05 5.353636196285188635e+04 4.639366996247805218e+04 1.296395845122808969e+05 3.901654086755702156e+05 7.020314925370650599e+04 1.952932926368839617e+04 2.138043615974528366e+05 1.035735934865148301e+05 1.035733388901718281e+05
2.531269571222990635e+05 2.531265290838283836e+05 2.531267560748125834e+05 2.531268322734158428e+05 2.406269710966851853e+05 2.531269938418919919e+05 2.280714760186935309e+05 2.531269642572728626e+05 2.531264613863534760e+05 1.158130883877662563e+05 2.280899243690431176e+05 2.531268838362425158e+05 2.531267587605686567e+05 2.181411161281866953e+05 3.926779110987293534e+05 2.531265249676792882e+05 2.280901122297350375e+05 1.923758165949316171e+05 1.091300978835517162e+05 3.194295065687817987e+05 1.685661102995254623e+05 2.138043615974528366e+05 3.112056899807639275e+04 2.531269178208097874e+05 2.531268294577173947e+05
1.668883528866214272e+00 1.678398528462986095e+00 1.672100470798825400e+00 1.565886395677562604e+00 3.750198592012403242e+04 7.144619179798073674e+03 5.144435100708068785e+04 2.500193159938322424e+04 1.318935014969424557e+00 2.823949549084109603e+05 1.000020621928106266e+05 1.665222033218851649e+00 1.801349542293555039e+00 9.285908250028808834e+04 5.080421634381824988e+05 1.616116359124042834e+00 1.000020834344455216e+05 1.250021197341047373e+05 1.832477317075919709e+05 4.187735405997398193e+05 1.250022431875401380e+05 1.035735934865148593e+05 2.531269178208097874e+05 7.233082486034289049e-01 1.721196424578706363e+00
1.684176794909421515e+00 1.516625982428538633e+00 1.535045610906184299e+00 1.789952270024329994e+00 3.750187876986580522e+04 7.144742268545053776e+03 5.144417188854338019e+04 2.500184216638290309e+04 1.142614336406132525e+00 2.823948649893694092e+05 1.000018425648343400e+05 1.672212201561470879e+00 1.521710292704074208e+00 9.285895325634942856e+04 5.080421990130352788e+05 1.419252674565607997e+00 1.000018843135863863e+05 1.250019697752871143e+05 1.832475757768582262e+05 4.187734903113663313e+05 1.250021142117554118e+05 1.035733388901718281e+05 2.531268294577173947e+05 1.721196424578706363e+00 7.222877152973934400e-01
