2.543702504495705119e-01 3.333466464646464738e+04 3.333461854788138589e+04 4.021376414529914618e+05 3.152787280469947727e+05 9.524971623724406527e+03 3.333452623926987144e+04 3.333464135101010470e+04 1.777791173998044396e+05 3.333459435371349537e+04 1.000013018874138506e+05 4.915967919899104891e+04 1.666681381352978933e+05 1.111207414185090965e+04 3.333460252525252145e+04 3.333459438541256532e+04 3.333447474747474917e+04 2.000015301854829595e+05 2.371793665489111154e+05 2.000013394129466324e+05 3.333437808681278693e+04 4.333342833333333256e+05 2.000013102009313297e+05 4.333340000000000000e+05 3.333465990372474334e+04
3.333466464646464738e+04 2.617107764676637194e-01 6.666800404040403373e+04 4.021374952729329234e+05 3.152789345836039283e+05 4.285834525990347902e+04 7.434232960956237424e-01 5.662367838050311741e-01 1.777791134920634504e+05 6.666797720612720877e+04 1.000013999999999942e+05 7.878911407254353981e+04 1.666678409627739165e+05 2.222338116883108523e+04 1.030204050583670927e+00 1.031563470199833965e+00 1.048836142998230914e+00 2.000010887608806952e+05 2.371796357080708258e+05 2.000013152840635739e+05 5.050855655694365121e-01 4.333338945603218162e+05 2.000013895145774295e+05 4.333340857142855530e+05 9.314393939393940114e-01
3.333461854788138589e+04 6.666800404040403373e+04 3.794392465970316541e-01 4.021378844729345292e+05 3.152789793303915067e+05 2.381066662172648284e+04 6.666790789892076282e+04 6.666794149167978321e+04 1.444457999999999010e+05 1.113759723504544441e+00 6.666797092638544564e+04 1.582617730502739505e+04 1.333348181634937355e+05 4.444565473224875313e+04 6.666792808527451416e+04 6.666808762626262615e+04 6.666784351851850806e+04 1.714297685567832959e+05 2.371796182958505524e+05 2.000012611547095585e+05 6.666776922762009781e+04 4.333340666666667094e+05 2.000011878963858762e+05 4.333341000000000349e+05 6.666805000000000291e+04
4.021376414529914618e+05 4.021374952729329234e+05 4.021378844729345292e+05 6.598441730898221431e+04 1.522230979529435281e+05 4.021376557387058274e+05 4.021373621879081475e+05 4.021375139007068938e+05 3.243599313797313953e+05 4.021376603550296277e+05 4.021376532051282702e+05 4.021377226495727664e+05 3.354709018256876152e+05 4.021378192307692370e+05 4.021376962012549629e+05 4.021374463675213628e+05 4.021376762668548035e+05 2.973760588173730648e+05 1.981423844957896799e+05 2.688047504273504019e+05 4.021374000470456667e+05 1.201640905939788645e+05 2.502862018676796288e+05 1.221065131799314695e+05 4.021374935897436226e+05
3.152787280469947727e+05 3.152789345836039283e+05 3.152789793303915067e+05 1.522230979529435281e+05 2.210670919196485920e+04 3.152790924823189271e+05 3.152787320999703370e+05 3.152788495777078788e+05 2.375011719891217945e+05 3.152789169982791645e+05 3.152788831852668081e+05 3.152791618700740510e+05 2.486123757095306064e+05 3.152789063145184773e+05 3.152786682091054390e+05 3.152788736141381087e+05 3.152787306595311384e+05 2.105174012408223934e+05 9.325180949199500901e+04 1.819457790947764879e+05 3.152787376356804743e+05 2.180566868074343656e+05 1.634270946081693692e+05 2.180563712662336766e+05 3.152789201290025958e+05
9.524971623724408346e+03 4.285834525990347902e+04 2.381066662172647921e+04 4.021376557387058274e+05 3.152790924823189271e+05 1.360574350723290991e+04 4.285818917984524887e+04 4.285836774235203484e+04 1.682554133512544213e+05 2.381065111527390400e+04 9.047759532685544400e+04 3.963571472520608222e+04 1.571441327212940960e+05 2.063619129324949245e+04 4.285860291858678102e+04 4.285820357496503857e+04 4.285840219708605582e+04 1.918379398365624365e+05 2.371797724462495826e+05 2.000014766824732360e+05 4.285810516666437616e+04 4.333340476190476911e+05 2.000015868034612504e+05 4.333343476190476213e+05 4.285833273638052196e+04
3.333452623926987144e+04 7.434232960956237424e-01 6.666790789892076282e+04 4.021373621879081475e+05 3.152787320999703370e+05 4.285818917984524887e+04 2.577164189965174823e-01 6.676200791284924163e-01 1.777789483907966060e+05 6.666780717297291267e+04 1.000012326118996134e+05 7.878903587846129085e+04 1.666676759397502465e+05 2.222340889920248446e+04 1.035415846779483173e+00 7.978743883010271931e-01 9.445351417446726794e-01 2.000010634407060570e+05 2.371793816236584389e+05 2.000012514562666474e+05 4.778040734766045849e-01 4.333339603174601216e+05 2.000012213859045878e+05 4.333341269841267494e+05 8.706785633107497757e-01
3.333464135101010470e+04 5.662367838050312852e-01 6.666794149167978321e+04 4.021375139007068938e+05 3.152788495777078206e+05 4.285836774235203484e+04 6.676200791284924163e-01 2.200629374337439159e-01 1.777790633012820035e+05 6.666795163881055487e+04 1.000013414529914589e+05 7.878908782748582598e+04 1.666677722980577673e+05 2.222337514328809266e+04 1.063339384974000490e+00 1.033679767202494437e+00 1.067012692119529538e+00 2.000010313438303128e+05 2.371795646786925499e+05 2.000011662312631379e+05 4.835697594382456499e-01 4.333339151974287233e+05 2.000011974152221519e+05 4.333340450719313230e+05 9.887233715358718644e-01
1.777791173998044396e+05 1.777791134920634504e+05 1.444457999999999010e+05 3.243599313797313953e+05 2.375011719891217945e+05 1.682554133512544213e+05 1.777789483907966060e+05 1.777790633012820035e+05 1.481506555330900119e+04 1.444459836511971953e+05 7.777872938912933751e+04 1.286211685559128236e+05 1.111187374661077411e+04 1.777790336182335159e+05 1.777791333333332441e+05 1.777791972222221375e+05 1.777790159722221724e+05 5.880356687260382023e+04 1.594018295001893421e+05 8.889025301882466010e+04 1.777789102313456824e+05 3.555565000000000000e+05 1.074091627712319023e+05 3.555565333333333256e+05 1.777792341750841006e+05
3.333459435371349537e+04 6.666797720612720877e+04 1.113759723504544441e+00 4.021376603550296277e+05 3.152789169982791645e+05 2.381065111527390764e+04 6.666780717297291267e+04 6.666795163881055487e+04 1.444459836511971953e+05 4.260650159316793362e-01 6.666811216570167744e+04 1.582595414961021561e+04 1.333348677707390743e+05 4.444575763081046171e+04 6.666805512820513104e+04 6.666799831002330757e+04 6.666793012820513104e+04 1.714299373263371235e+05 2.371795509641034005e+05 2.000013728098290158e+05 6.666773301241079753e+04 4.333342833333334420e+05 2.000012158154477365e+05 4.333341166666666977e+05 6.666800512820512813e+04
1.000013018874138506e+05 1.000013999999999942e+05 6.666797092638544564e+04 4.021376532051282702e+05 3.152788831852667499e+05 9.047759532685544400e+04 1.000012326118996134e+05 1.000013414529914589e+05 7.777872938912933751e+04 6.666811216570167744e+04 2.003724764430500072e-01 5.084319604793536564e+04 6.666763462301582331e+04 1.000011874606816709e+05 1.000012944444444438e+05 1.000014694444444322e+05 1.000011981186924822e+05 1.365815505803966371e+05 2.371795258500605414e+05 1.666680054521510610e+05 1.000010927099781984e+05 4.333343166666667094e+05 1.851867367311914859e+05 4.333340500000000466e+05 1.000014611111111008e+05
4.915967919899104891e+04 7.878911407254353981e+04 1.582617730502739505e+04 4.021377226495727664e+05 3.152791618700740510e+05 3.963571472520608222e+04 7.878903587846129085e+04 7.878908782748582598e+04 1.286211685559128528e+05 1.582595414961021743e+04 5.084319604793536564e+04 2.201160995343545073e+04 1.175098472060789063e+05 5.903629322941433929e+04 7.878936789634120942e+04 7.878923505509636016e+04 7.878933829756104387e+04 1.671751594300430443e+05 2.371797951931351854e+05 1.962975615571572271e+05 7.878883569624467054e+04 4.333340333333333838e+05 1.983551302485103661e+05 4.333340666666665929e+05 7.878928787878779985e+04
1.666681381352978933e+05 1.666678409627739165e+05 1.333348181634937355e+05 3.354709018256876152e+05 2.486123757095306064e+05 1.571441327212940960e+05 1.666676759397502465e+05 1.666677722980577673e+05 1.111187374661077411e+04 1.333348677707390743e+05 6.666763462301582331e+04 1.175098472060788918e+05 2.897654757794426716e-01 1.666680618061424757e+05 1.666681445513029757e+05 1.666679237103174091e+05 1.666680566530257638e+05 6.991462357087989221e+04 1.705130609453594079e+05 1.000015927641369199e+05 1.666675964416630741e+05 3.666673841269841651e+05 1.185204069614439068e+05 3.666677841269840719e+05 1.666679580853174266e+05
1.111207414185090965e+04 2.222338116883108523e+04 4.444565473224875313e+04 4.021378192307692370e+05 3.152789063145184773e+05 2.063619129324949245e+04 2.222340889920248446e+04 2.222337514328809266e+04 1.777790336182335159e+05 4.444575763081046171e+04 1.000011874606816709e+05 5.903629322941433202e+04 1.666680618061424757e+05 1.481514528064231854e+04 2.222325555555547544e+04 2.222351251803743435e+04 2.222333604912569717e+04 2.000013419274793705e+05 2.371795340510789829e+05 2.000011693535787344e+05 2.222312048775588846e+04 4.333341222222222132e+05 2.000013178111324378e+05 4.333340444444444147e+05 2.222344512783985192e+04
3.333460252525252145e+04 1.030204050583670927e+00 6.666792808527451416e+04 4.021376962012549629e+05 3.152786682091053808e+05 4.285860291858678102e+04 1.035415846779483173e+00 1.063339384974000490e+00 1.777791333333332441e+05 6.666805512820513104e+04 1.000012944444444438e+05 7.878936789634120942e+04 1.666681445513029757e+05 2.222325555555547544e+04 2.221390939767259598e-01 1.035995218631495129e+00 7.940308798558707304e-01 2.000014419354838319e+05 2.371793470326972601e+05 2.000012342803030042e+05 8.333082687921399279e-01 4.333340755695482367e+05 2.000011524196016544e+05 4.333339226769861998e+05 1.104327364554637203e+00
3.333459438541256532e+04 1.031563470199833965e+00 6.666808762626262615e+04 4.021374463675213628e+05 3.152788736141380505e+05 4.285820357496503857e+04 7.978743883010271931e-01 1.033679767202494437e+00 1.777791972222221375e+05 6.666799831002330757e+04 1.000014694444444322e+05 7.878923505509633105e+04 1.666679237103174091e+05 2.222351251803743435e+04 1.035995218631495129e+00 2.138561775016759037e-01 1.097153078403078297e+00 2.000013383640552347e+05 2.371796041011855996e+05 2.000014666666666162e+05 7.853645458484169728e-01 4.333340249999999651e+05 2.000015347045725503e+05 4.333341749999998719e+05 9.175865800865800059e-01
3.333447474747474917e+04 1.048836142998230914e+00 6.666784351851850806e+04 4.021376762668548035e+05 3.152787306595311384e+05 4.285840219708605582e+04 9.445351417446726794e-01 1.067012692119529538e+00 1.777790159722221724e+05 6.666793012820513104e+04 1.000011981186924822e+05 7.878933829756102932e+04 1.666680566530257638e+05 2.222333604912569717e+04 7.940308798558707304e-01 1.097153078403078297e+00 2.500508044189581058e-01 2.000014023521505296e+05 2.371794212097714772e+05 2.000012402345706942e+05 9.397897502736215491e-01 4.333341416065415251e+05 2.000012425343663781e+05 4.333339857142855763e+05 1.015003434492598444e+00
2.000015301854829595e+05 2.000010887608806952e+05 1.714297685567832959e+05 2.973760588173730648e+05 2.105174012408223934e+05 1.918379398365624365e+05 2.000010634407060570e+05 2.000010313438303128e+05 5.880356687260382751e+04 1.714299373263371235e+05 1.365815505803966371e+05 1.671751594300430443e+05 6.991462357087989221e+04 2.000013419274793705e+05 2.000014419354838319e+05 2.000013383640552347e+05 2.000014023521505296e+05 1.105606717829897570e+04 1.179552547695212706e+05 3.008785431818691359e+04 2.000009086126614711e+05 3.285721333333333605e+05 4.860654255318751530e+04 3.285724312925169361e+05 2.000012821140552405e+05
2.371793665489111154e+05 2.371796357080708258e+05 2.371796182958505524e+05 1.981423844957897381e+05 9.325180949199500901e+04 2.371797724462495826e+05 2.371793816236584389e+05 2.371795646786925499e+05 1.594018295001893421e+05 2.371795509641034005e+05 2.371795258500605414e+05 2.371797951931351854e+05 1.705130609453594079e+05 2.371795340510790120e+05 2.371793470326972601e+05 2.371796041011855996e+05 2.371794212097714772e+05 1.179552547695212706e+05 4.939918518380781461e+04 8.869487015676262672e+04 2.371793981726830825e+05 2.484858944444443914e+05 7.017610045181770693e+04 2.484857002689229266e+05 2.371795778729946178e+05
2.000013394129466324e+05 2.000013152840635739e+05 2.000012611547095585e+05 2.688047504273504019e+05 1.819457790947764879e+05 2.000014766824732360e+05 2.000012514562666474e+05 2.000011662312631379e+05 8.889025301882467465e+04 2.000013728098290158e+05 1.666680054521510610e+05 1.962975615571572271e+05 1.000015927641369199e+05 2.000011693535787344e+05 2.000012342803030042e+05 2.000014666666666162e+05 2.000012402345706942e+05 3.008785431818690995e+04 8.869487015676262672e+04 3.371727366617176536e-01 2.000011039813457464e+05 3.000009777777777053e+05 1.851958964444978483e+04 3.000007634920634446e+05 2.000015696351535444e+05
3.333437808681278693e+04 5.050855655694365121e-01 6.666776922762009781e+04 4.021374000470456085e+05 3.152787376356804743e+05 4.285810516666437616e+04 4.778040734766045849e-01 4.835697594382456499e-01 1.777789102313456824e+05 6.666773301241079753e+04 1.000010927099781984e+05 7.878883569624467054e+04 1.666675964416630741e+05 2.222312048775588846e+04 8.333082687921399279e-01 7.853645458484169728e-01 9.397897502736215491e-01 2.000009086126614711e+05 2.371793981726830825e+05 2.000011039813457464e+05 8.183733332143712513e-02 4.333338414141413523e+05 2.000011247027959907e+05 4.333340080808079801e+05 8.333082687921399279e-01
4.333342833333333256e+05 4.333338945603218162e+05 4.333340666666667094e+05 1.201640905939788645e+05 2.180566868074343656e+05 4.333340476190476911e+05 4.333339603174601216e+05 4.333339151974288397e+05 3.555565000000000000e+05 4.333342833333334420e+05 4.333343166666667094e+05 4.333340333333334420e+05 3.666673841269841651e+05 4.333341222222222132e+05 4.333340755695482367e+05 4.333340249999999651e+05 4.333341416065415251e+05 3.285721333333333605e+05 2.484858944444443914e+05 3.000009777777777053e+05 4.333338414141413523e+05 1.851481053886292648e+04 2.814824888888888527e+05 6.550757175796528463e+04 4.333339666666666744e+05
2.000013102009313297e+05 2.000013895145774295e+05 2.000011878963858762e+05 2.502862018676796579e+05 1.634270946081693692e+05 2.000015868034612504e+05 2.000012213859045878e+05 2.000011974152221519e+05 1.074091627712319168e+05 2.000012158154477365e+05 1.851867367311914859e+05 1.983551302485103661e+05 1.185204069614439213e+05 2.000013178111324378e+05 2.000011524196016544e+05 2.000015347045725503e+05 2.000012425343663781e+05 4.860654255318751530e+04 7.017610045181770693e+04 1.851958964444978483e+04 2.000011247027959907e+05 2.814824888888888527e+05 1.646133383605222480e+04 2.814821857142857043e+05 2.000015360092863848e+05
4.333340000000000000e+05 4.333340857142855530e+05 4.333341000000000349e+05 1.221065131799314840e+05 2.180563712662336766e+05 4.333343476190476213e+05 4.333341269841267494e+05 4.333340450719313230e+05 3.555565333333333256e+05 4.333341166666666977e+05 4.333340500000000466e+05 4.333340666666667094e+05 3.666677841269840719e+05 4.333340444444444147e+05 4.333339226769862580e+05 4.333341749999998719e+05 4.333339857142856927e+05 3.285724312925169361e+05 2.484857002689229266e+05 3.000007634920634446e+05 4.333340080808079801e+05 6.550757175796527736e+04 2.814821857142857043e+05 1.657241905549119474e+04 4.333341999999998952e+05
3.333465990372474334e+04 9.314393939393940114e-01 6.666805000000000291e+04 4.021374935897436226e+05 3.152789201290025958e+05 4.285833273638052196e+04 8.706785633107497757e-01 9.887233715358718644e-01 1.777792341750841006e+05 6.666800512820512813e+04 1.000014611111111008e+05 7.878928787878779985e+04 1.666679580853174266e+05 2.222344512783985192e+04 1.104327364554637203e+00 9.175865800865800059e-01 1.015003434492598444e+00 2.000012821140552405e+05 2.371795778729946178e+05 2.000015696351535444e+05 8.333082687921399279e-01 4.333339666666666744e+05 2.000015360092863848e+05 4.333341999999998952e+05 2.249116631716098769e-01
