3.620196213675790919e-01 1.500696017222419520e+00 3.843347070688616368e+05 6.779841415607741510e+04 3.390004636233657220e+04 1.271293959153816468e+04 8.961802744520864508e+04 1.695061068081748090e+04 1.186458005111326493e+05 9.854309796938701682e-01 1.225537823090349088e+00 1.228830850838405604e+05 1.695046228841498669e+04 2.370408286078413366e+05 2.669503855649583274e+05 5.084923348586170323e+04 1.047028409911458846e+00 4.237449375391970534e+04 2.179349230018054732e+04 3.513852317024351214e+05 1.687912410466617439e+05 3.077763062302137259e+05 1.193285806811658301e+00 1.695047357159202875e+04 5.084906373400435405e+04
1.500696017222419520e+00 4.273829332089011390e-01 3.843346702123241848e+05 6.779836003351086401e+04 3.389999291100308619e+04 1.271325489973141703e+04 8.961794749629356374e+04 1.695078296064290043e+04 1.186458890050783666e+05 1.150823493442814760e+00 1.225802822803493619e+00 1.228831638057607779e+05 1.695053372285693695e+04 2.370411563522575889e+05 2.669507031813269132e+05 5.084925173239026481e+04 1.288800419843403766e+00 4.237469547162283561e+04 2.179327532521994726e+04 3.513851925606766017e+05 1.687914807903718611e+05 3.077765210257903091e+05 1.341671042742120790e+00 1.695046074245914497e+04 5.084921006794671121e+04
3.843347070688616368e+05 3.843346702123241266e+05 5.134710452339181938e+04 3.504364825959172449e+05 3.843347157765349257e+05 3.758600791474189609e+05 3.391371421656885068e+05 3.673856513367629377e+05 3.165382866074473131e+05 3.843345658343774849e+05 3.843346736807192792e+05 3.165384317277123337e+05 3.673853808053628891e+05 2.733950913658320205e+05 2.496497605044650845e+05 3.673856758011427009e+05 3.843345659301070846e+05 3.758602915721059544e+05 3.843347392373025650e+05 1.100145412486584828e+05 2.940843794884683448e+05 1.911507374057306733e+05 3.843345466105950181e+05 3.673855259051652392e+05 3.673858146141414181e+05
6.779841415607741510e+04 6.779836003351086401e+04 3.504364825959172449e+05 5.639956829362736679e-01 5.084911307824400865e+04 6.356098107884576893e+04 4.603412655200074369e+04 6.779851454329623084e+04 8.474749869189385208e+04 6.779793612054662663e+04 6.779830641786930209e+04 8.898493589139304822e+04 6.779809255895629758e+04 2.031429678810043843e+05 2.330526249995114922e+05 1.695052932977182354e+04 6.779804424979687610e+04 4.237471433919441915e+04 5.084914028219086322e+04 3.174871968746353523e+05 1.348931392338288133e+05 2.738783648663376225e+05 6.779805966659079422e+04 6.779833197297761217e+04 1.695094602572438816e+04
3.390004636233657220e+04 3.389999291100308619e+04 3.843347157765349257e+05 5.084911307824400865e+04 4.398692747031648920e-01 2.966259134979176088e+04 8.235396557831137034e+04 3.390005127822861687e+04 1.041180895296254457e+05 3.389962725720791059e+04 3.389994567629361700e+04 1.228833374018367613e+05 3.389965611808147514e+04 2.370412387147084228e+05 2.669509143166599097e+05 3.389999808513870812e+04 3.389974787649374048e+04 8.475982201041013468e+03 1.210790325318064242e+04 3.513854628051414038e+05 1.687914638410464104e+05 3.077766983141317032e+05 3.389983901816677826e+04 3.389991558993842045e+04 3.389989101617762935e+04
1.271293959153816650e+04 1.271325489973141885e+04 3.758600791474189027e+05 6.356098107884576893e+04 2.966259134979176815e+04 1.059358421753236325e+04 8.961778443400489050e+04 8.475852150073647863e+03 1.186455200664736913e+05 1.271266598988757323e+04 1.271321897714302577e+04 1.228828745910127618e+05 8.475585964431764296e+03 2.370407390395468974e+05 2.669503190830693929e+05 4.661180330127766501e+04 1.271274843131480156e+04 3.813700139593105268e+04 1.755591226180633021e+04 3.429106709473049268e+05 1.687910990646804566e+05 3.014202672578213969e+05 1.271293252827141259e+04 8.475816627937740122e+03 4.661164950215776480e+04
8.961802744520864508e+04 8.961794749629356374e+04 3.391371421656885068e+05 4.603412655200074369e+04 8.235396557831137034e+04 8.961778443400489050e+04 3.134883101597148197e+04 8.961798534815132734e+04 3.975234367739154550e+04 8.961753257774656231e+04 8.961794383183616446e+04 5.021607471828962298e+04 8.961766713543138758e+04 1.643741866159990313e+05 1.989998543820481282e+05 6.298347098193223064e+04 8.961758300621541275e+04 7.387952826274684048e+04 8.754248434005521995e+04 3.061878284255530452e+05 9.612441380800430488e+04 2.583416299700723321e+05 8.961765848132978135e+04 8.961795159304108529e+04 6.298360491141127568e+04
1.695061068081748090e+04 1.695078296064290043e+04 3.673856513367629377e+05 6.779851454329623084e+04 3.390005127822861687e+04 8.475852150073647863e+03 8.961798534815132734e+04 3.737906848422421491e-01 1.186457679224267631e+05 1.695025610281806075e+04 1.695076073362600073e+04 1.228831066339860263e+05 1.296506494958620248e+00 2.370409945096798765e+05 2.669506768504218198e+05 5.084915243841460324e+04 1.695035900987698187e+04 4.237448012940783519e+04 2.179322673860841678e+04 3.344362320534036844e+05 1.687913183416372340e+05 2.950646894026148948e+05 1.695076764364737028e+04 1.341574338571476899e+00 5.084919890991225111e+04
1.186458005111326493e+05 1.186458890050783666e+05 3.165382866074473131e+05 8.474749869189385208e+04 1.041180895296254457e+05 1.186455200664736913e+05 3.975234367739154550e+04 1.186457679224267631e+05 4.151282290114520038e+03 1.186452370125580201e+05 1.186459311090663541e+05 1.876668733222478841e+04 1.186456377601800341e+05 1.329248572538309672e+05 1.718161287750189367e+05 1.016967889824415906e+05 1.186453057277959597e+05 9.564335494491942518e+04 1.144951491731156129e+05 2.835890676023334381e+05 6.467507121710081265e+04 2.357428794331450772e+05 1.186456642474533728e+05 1.186459191608482361e+05 1.016967601962939225e+05
9.854309796938701682e-01 1.150823493442814760e+00 3.843345658343774849e+05 6.779793612054662663e+04 3.389962725720791059e+04 1.271266598988756778e+04 8.961753257774657686e+04 1.695025610281806075e+04 1.186452370125580201e+05 2.249514467278873331e-01 1.146719904757949493e+00 1.228825943603976484e+05 1.695005966655524026e+04 2.370406223179244844e+05 2.669502747009475133e+05 5.084876368395813188e+04 4.736576605870637113e-01 4.237407812337837095e+04 2.179301576597553139e+04 3.513851641603266471e+05 1.687908807626631460e+05 3.077762028844674933e+05 9.578085625416836724e-01 1.695029703447952852e+04 5.084863735543153598e+04
1.225537823090349088e+00 1.225802822803493619e+00 3.843346736807192210e+05 6.779830641786930209e+04 3.389994567629361700e+04 1.271321897714302395e+04 8.961794383183616446e+04 1.695076073362600073e+04 1.186459311090663541e+05 1.146719904757949493e+00 4.023584902142192110e-01 1.228832269554116501e+05 1.695045612101910956e+04 2.370410557479294657e+05 2.669506308094379492e+05 5.084919529128382419e+04 1.262084307996607313e+00 4.237464534421540156e+04 2.179339545145662123e+04 3.513851865381603711e+05 1.687914424089338572e+05 3.077764805002182839e+05 1.193628949693385399e+00 1.695037529955782884e+04 5.084914077199971507e+04
1.228830850838405604e+05 1.228831638057607779e+05 3.165384317277122755e+05 8.898493589139303367e+04 1.228833374018367467e+05 1.228828745910127473e+05 5.021607471828962298e+04 1.228831066339860117e+05 1.876668733222478841e+04 1.228825943603976193e+05 1.228832269554116501e+05 6.356500149634226545e+03 1.228829765700302669e+05 1.141598663013586920e+05 1.613525802007449383e+05 1.059341726173993375e+05 1.228825517692662106e+05 1.144085926915827004e+05 1.228832067003410630e+05 2.835890643063089810e+05 4.590974749740772677e+04 2.336242311542991956e+05 1.228830169253244676e+05 1.228831916000414058e+05 1.059340149015072384e+05
1.695046228841498669e+04 1.695053372285693695e+04 3.673853808053628891e+05 6.779809255895629758e+04 3.389965611808147514e+04 8.475585964431764296e+03 8.961766713543138758e+04 1.296506494958620248e+00 1.186456377601800341e+05 1.695005966655524026e+04 1.695045612101910956e+04 1.228829765700302669e+05 3.663863903016890688e-01 2.370408162551356945e+05 2.669503401874898700e+05 5.084890415341156768e+04 1.695007397812909039e+04 4.237440024705947144e+04 2.179303265657919110e+04 3.344359526759909349e+05 1.687911530728250509e+05 2.950643728746026754e+05 1.695015534018047765e+04 1.011535008843255312e+00 5.084899395533154166e+04
2.370408286078413366e+05 2.370411563522575889e+05 2.733950913658319623e+05 2.031429678810043843e+05 2.370412387147084228e+05 2.370407390395468974e+05 1.643741866159990313e+05 2.370409945096799056e+05 1.329248572538309672e+05 2.370406223179244844e+05 2.370410557479294657e+05 1.141598663013586920e+05 2.370408162551356945e+05 2.966699096143448332e+04 6.981523305327560229e+04 2.200920518726332230e+05 2.370406312150782906e+05 2.285665532102736179e+05 2.370411412449688942e+05 2.404457982232297654e+05 7.823722906361208879e+04 1.719731085331510112e+05 2.370408403643294296e+05 2.370410799575855199e+05 2.200920048816234630e+05
2.669503855649583274e+05 2.669507031813269132e+05 2.496497605044650554e+05 2.330526249995114922e+05 2.669509143166599097e+05 2.669503190830693929e+05 1.989998543820481282e+05 2.669506768504218198e+05 1.718161287750189367e+05 2.669502747009475133e+05 2.669506308094379492e+05 1.613525802007449383e+05 2.669503401874898700e+05 6.981523305327560229e+04 3.946142981481074094e+04 2.500017656874840322e+05 2.669502857619390124e+05 2.584761938259733724e+05 2.669508645381734823e+05 2.209603105230458605e+05 1.261867271620604733e+05 1.429349671646204370e+05 2.669504575636540540e+05 2.669506213765182765e+05 2.500015670055123337e+05
5.084923348586170323e+04 5.084925173239026481e+04 3.673856758011427592e+05 1.695052932977182354e+04 3.389999808513870812e+04 4.661180330127766501e+04 6.298347098193223064e+04 5.084915243841460324e+04 1.016967889824415906e+05 5.084876368395813188e+04 5.084919529128382419e+04 1.059341726173993375e+05 5.084890415341156768e+04 2.200920518726332230e+05 2.500017656874840322e+05 4.364929254025082250e-01 5.084890297658930649e+04 2.542537677860329131e+04 3.389984184596331761e+04 3.344363403178076260e+05 1.518424884523293294e+05 2.908274341555046849e+05 5.084901845304697781e+04 5.084913528852860327e+04 1.489416487109409326e+00
1.047028409911458846e+00 1.288800419843403766e+00 3.843345659301070846e+05 6.779804424979687610e+04 3.389974787649374048e+04 1.271274843131479793e+04 8.961758300621541275e+04 1.695035900987698187e+04 1.186453057277959597e+05 4.736576605870637113e-01 1.262084307996607313e+00 1.228825517692662252e+05 1.695007397812909039e+04 2.370406312150782906e+05 2.669502857619390124e+05 5.084890297658930649e+04 2.668064517287824233e-01 4.237416245422315114e+04 2.179310425883873540e+04 3.513851911955940304e+05 1.687908851008223137e+05 3.077762289219663362e+05 9.932046109011122281e-01 1.695043521027635143e+04 5.084877292628703435e+04
4.237449375391970534e+04 4.237469547162283561e+04 3.758602915721059544e+05 4.237471433919441915e+04 8.475982201041013468e+03 3.813700139593105268e+04 7.387952826274684048e+04 4.237448012940783519e+04 9.564335494491942518e+04 4.237407812337837095e+04 4.237464534421540156e+04 1.144085926915827004e+05 4.237440024705947144e+04 2.285665532102736179e+05 2.584761938259733724e+05 2.542537677860329131e+04 4.237416245422315114e+04 8.475016392739807998e+03 2.058269758461186575e+04 3.429110676346141845e+05 1.603168312476525898e+05 2.993020879986666259e+05 4.237451348869191133e+04 4.237462157086368825e+04 2.542514894883483430e+04
2.179349230018054732e+04 2.179327532521994726e+04 3.843347392373024486e+05 5.084914028219086322e+04 1.210790325318064242e+04 1.755591226180633021e+04 8.754248434005521995e+04 2.179322673860841678e+04 1.144951491731156129e+05 2.179301576597553139e+04 2.179339545145662123e+04 1.228832067003410630e+05 2.179303265657919110e+04 2.370411412449688651e+05 2.669508645381734823e+05 3.389984184596331761e+04 2.179310425883873540e+04 2.058269758461186575e+04 6.918463879189116597e+03 3.513854410762600601e+05 1.687914933575962496e+05 3.077766132293603150e+05 2.179324765148774895e+04 2.179315077073877546e+04 3.389993487238516536e+04
3.513852317024351214e+05 3.513851925606766017e+05 1.100145412486584828e+05 3.174871968746353523e+05 3.513854628051414038e+05 3.429106709473049268e+05 3.061878284255530452e+05 3.344362320534036844e+05 2.835890676023334381e+05 3.513851641603266471e+05 3.513851865381603711e+05 2.835890643063089810e+05 3.344359526759909349e+05 2.404457982232297654e+05 2.209603105230458605e+05 3.344363403178076260e+05 3.513851911955940304e+05 3.429110676346141845e+05 3.513854410762600601e+05 4.690608826026465977e+04 2.611350919058686122e+05 1.553903820092941460e+05 3.513851708776584710e+05 3.344360890858892817e+05 3.344363960972214118e+05
1.687912410466617148e+05 1.687914807903718611e+05 2.940843794884682866e+05 1.348931392338288424e+05 1.687914638410464104e+05 1.687910990646804566e+05 9.612441380800430488e+04 1.687913183416372340e+05 6.467507121710081265e+04 1.687908807626631460e+05 1.687914424089338572e+05 4.590974749740773404e+04 1.687911530728250509e+05 7.823722906361208879e+04 1.261867271620604733e+05 1.518424884523293294e+05 1.687908851008223137e+05 1.603168312476525898e+05 1.687914933575962496e+05 2.611350919058686122e+05 2.225567446837921307e+04 2.048143836155868485e+05 1.687911706846288289e+05 1.687913812087358092e+05 1.518423809457553143e+05
3.077763062302137259e+05 3.077765210257903091e+05 1.911507374057306733e+05 2.738783648663376225e+05 3.077766983141317032e+05 3.014202672578213969e+05 2.583416299700723321e+05 2.950646894026148948e+05 2.357428794331450772e+05 3.077762028844674933e+05 3.077764805002182839e+05 2.336242311542991665e+05 2.950643728746026754e+05 1.719731085331509821e+05 1.429349671646204370e+05 2.908274341555046849e+05 3.077762289219663362e+05 2.993020879986666259e+05 3.077766132293603150e+05 1.553903820092941460e+05 2.048143836155868194e+05 5.936282936786033679e+04 3.077762476460809703e+05 2.950645598384662881e+05 2.908275023389828275e+05
1.193285806811658301e+00 1.341671042742120790e+00 3.843345466105950181e+05 6.779805966659079422e+04 3.389983901816677826e+04 1.271293252827141077e+04 8.961765848132978135e+04 1.695076764364737028e+04 1.186456642474533728e+05 9.578085625416836724e-01 1.193628949693385399e+00 1.228830169253244821e+05 1.695015534018047765e+04 2.370408403643294587e+05 2.669504575636541122e+05 5.084901845304697781e+04 9.932046109011122281e-01 4.237451348869191133e+04 2.179324765148774895e+04 3.513851708776584710e+05 1.687911706846288289e+05 3.077762476460809703e+05 3.595145567734763792e-01 1.695044598346580460e+04 5.084907882037999661e+04
1.695047357159202875e+04 1.695046074245914497e+04 3.673855259051652392e+05 6.779833197297761217e+04 3.389991558993842045e+04 8.475816627937740122e+03 8.961795159304108529e+04 1.341574338571476899e+00 1.186459191608482361e+05 1.695029703447952852e+04 1.695037529955782884e+04 1.228831916000414349e+05 1.011535008843255312e+00 2.370410799575855199e+05 2.669506213765182765e+05 5.084913528852860327e+04 1.695043521027635143e+04 4.237462157086368825e+04 2.179315077073877546e+04 3.344360890858892817e+05 1.687913812087358092e+05 2.950645598384662881e+05 1.695044598346580460e+04 4.695068130144111063e-01 5.084920447447292827e+04
5.084906373400435405e+04 5.084921006794671121e+04 3.673858146141414181e+05 1.695094602572438816e+04 3.389989101617762935e+04 4.661164950215776480e+04 6.298360491141127568e+04 5.084919890991225111e+04 1.016967601962939225e+05 5.084863735543153598e+04 5.084914077199971507e+04 1.059340149015072384e+05 5.084899395533154166e+04 2.200920048816234630e+05 2.500015670055123337e+05 1.489416487109409326e+00 5.084877292628703435e+04 2.542514894883483430e+04 3.389993487238516536e+04 3.344363960972214118e+05 1.518423809457553143e+05 2.908275023389828275e+05 5.084907882037999661e+04 5.084920447447292827e+04 4.176547228462477168e-01
