4.987353141708120529e+04 1.796964881344208843e+05 1.796960807010448480e+05 3.333347101816678769e+05 1.796959368627744261e+05 1.796965865339120792e+05 1.796965752521991089e+05 1.301814420255103323e+05 1.796964039278452983e+05 1.320775245314242784e+05 1.558870796883067233e+05 1.796961131239636743e+05 1.671318738157915650e+05 1.796963424956927192e+05 1.796963080270554638e+05 1.796964330829529208e+05 1.796960775264843251e+05 1.796963585204747214e+05 1.796963137043275347e+05 1.796963650598479144e+05 2.033830493648195988e+05 1.796962855894122913e+05 4.221938995532384724e+05 1.796962248480707058e+05 1.796965077500826737e+05
1.796964881344208843e+05 2.374444136202745358e+04 2.255791077968627360e+04 3.333349797354869079e+05 2.255770114723526422e+04 7.268343064078043972e+04 2.506427439070419859e+04 1.312676956666275219e+05 7.268358700669686368e+04 9.524007689621516329e+04 9.286572770125459647e+04 2.255797686476536910e+04 1.428591942297618953e+05 2.255812290452649177e+04 2.255821321620548406e+04 4.887395429844042519e+04 2.255794509426176955e+04 2.255826106351849012e+04 2.255831838114670609e+04 7.268348520031508815e+04 2.335184550872195687e+05 2.255810985277547297e+04 4.221939363452347461e+05 2.255795613532324933e+04 7.268321417689062946e+04
1.796960807010448480e+05 2.255791077968627360e+04 8.486525430137812354e-01 3.333346958833760582e+05 9.388609289658959023e-01 9.523965067366462608e+04 4.762055889810329245e+04 1.312672795884444495e+05 9.523983029419697414e+04 9.523983423920482164e+04 9.523979328777967021e+04 1.216619148865079492e+00 1.428587225593297626e+05 1.577501611274346294e+00 1.589753206090250393e+00 7.143017640972681693e+04 1.247548287304954151e+00 1.723205978283787410e+00 1.666233483569967255e+00 9.523968229298555525e+04 2.335181180827241333e+05 1.510833661834837693e+00 4.221936579458072665e+05 1.601841331877729147e+00 9.523961095821337949e+04
3.333347101816678769e+05 3.333349797354869079e+05 3.333346958833760582e+05 1.300353775856660504e+05 3.333345825442579226e+05 3.333351941958519164e+05 3.333350854980966542e+05 3.333351197854797938e+05 3.333350902240272844e+05 3.333352113653538399e+05 3.333349464075212600e+05 3.333346618005788187e+05 3.333349258647571551e+05 3.333348197961709229e+05 3.333347118574228371e+05 3.333349872443350614e+05 3.333346434089432587e+05 3.333348869358329102e+05 3.333347161977522192e+05 3.333347341322948341e+05 2.610953453722473641e+05 3.333347235292001860e+05 3.167609999689342221e+05 3.333348329270103713e+05 3.333350546423775377e+05
1.796959368627744552e+05 2.255770114723526422e+04 9.388609289658959023e-01 3.333345825442579226e+05 5.059561238281133910e-01 9.523946583661432669e+04 4.762032629274592182e+04 1.312670717429912474e+05 9.523961568311339943e+04 9.523963522756913153e+04 9.523968414780413150e+04 1.000297120867529310e+00 1.428585552191799216e+05 1.431409183975367982e+00 1.286815744685953611e+00 7.142994825317028153e+04 1.093379622500487480e+00 1.390371106830751158e+00 1.388311390242623400e+00 9.523953116334388324e+04 2.335179515174183180e+05 1.209273286028022421e+00 4.221935747411437915e+05 1.480453273857507135e+00 9.523940810640866403e+04
1.796965865339120792e+05 7.268343064078045427e+04 9.523965067366462608e+04 3.333351941958519164e+05 9.523946583661432669e+04 8.847690603317113212e-01 4.762065446444792178e+04 1.312674173484136700e+05 1.781898688773170258e+00 9.523994308785152680e+04 6.641790633076544327e+04 9.523972594324525562e+04 1.428591954895682575e+05 9.523994418648444116e+04 9.523999361507421418e+04 2.381116161854517850e+04 9.523962548147056077e+04 9.523978644720678858e+04 9.523991739575663814e+04 1.947634207592627176e+00 2.335186345363004948e+05 9.523982687907255604e+04 4.221939459111519973e+05 9.523997399144498922e+04 1.615301574957760389e+00
1.796965752521991089e+05 2.506427439070419859e+04 4.762055889810329245e+04 3.333350854980966542e+05 4.762032629274592182e+04 4.762065446444792178e+04 8.924488400196005644e-01 1.312676561600394780e+05 4.762088960496120853e+04 9.524009547317748365e+04 9.022754285849814187e+04 4.762064994939051394e+04 1.428592501320141018e+05 4.762077448805906897e+04 4.762076919106447895e+04 2.381111168681702475e+04 4.762055794189433800e+04 4.762066993904791161e+04 4.762076366026013420e+04 4.762081895553880895e+04 2.335185339891085459e+05 4.762057663052913267e+04 4.221939415986903477e+05 4.762085049819551932e+04 4.762077546167757100e+04
1.301814420255103469e+05 1.312676956666275510e+05 1.312672795884444495e+05 3.333351197854799102e+05 1.312670717429912474e+05 1.312674173484136991e+05 1.312676561600394780e+05 1.754068396378827674e+04 1.312676221638382704e+05 1.312672496526956966e+05 1.312676083999677794e+05 1.312674403472901322e+05 8.223446343540803355e+04 1.312677309922044806e+05 1.312677562458059110e+05 1.312676839974785689e+05 1.312672683828158188e+05 1.312677355154741381e+05 1.312676384232110868e+05 1.312677997215688229e+05 1.921652255138402688e+05 1.312675576748932071e+05 4.221939265080046025e+05 1.312678116346395691e+05 1.312675716462328855e+05
1.796964039278452983e+05 7.268358700669687823e+04 9.523983029419697414e+04 3.333350902240272844e+05 9.523961568311339943e+04 1.781898688773170036e+00 4.762088960496120853e+04 1.312676221638382704e+05 9.177111336220422633e-01 9.523986493361653993e+04 6.641783559373629396e+04 9.523991920562135056e+04 1.428591297408097889e+05 9.523997166537588055e+04 9.524000161982714781e+04 2.381140750303595632e+04 9.523962579337794159e+04 9.523995041173520440e+04 9.523995191430083651e+04 1.772455486112947121e+00 2.335186903473305283e+05 9.523995392863111920e+04 4.221939868971803226e+05 9.524004564809695876e+04 1.957508897726036201e+00
1.320775245314243075e+05 9.524007689621516329e+04 9.523983423920482164e+04 3.333352113653538399e+05 9.523963522756913153e+04 9.523994308785152680e+04 9.524009547317748365e+04 1.312672496526956966e+05 9.523986493361653993e+04 1.022730799702718629e+00 2.882395955837870861e+04 9.523993184844029020e+04 1.077714066121288488e+05 9.524024186881874630e+04 9.524023017697138130e+04 9.524012204959357041e+04 9.523983703623349720e+04 9.524023463228788751e+04 9.524021437610944849e+04 9.524023205542011419e+04 2.335186513763228722e+05 9.523996254056486941e+04 4.221938478341706796e+05 9.524029970598625368e+04 9.524007314734671672e+04
1.558870796883066942e+05 9.286572770125459647e+04 9.523979328777967021e+04 3.333349464075212600e+05 9.523968414780413150e+04 6.641790633076542872e+04 9.022754285849814187e+04 1.312676083999677794e+05 6.641783559373627941e+04 2.882395955837870497e+04 3.278026450171339093e+04 9.523986890529716038e+04 1.114650036198310409e+05 9.523998029945869348e+04 9.524000739362060267e+04 7.832271502539626090e+04 9.523974470274057239e+04 9.524013288250635378e+04 9.524007163869850046e+04 6.641772597238748858e+04 2.335185704327870917e+05 9.523999492949337582e+04 4.221938777201687335e+05 9.524011878548738605e+04 6.641798754655056109e+04
1.796961131239636743e+05 2.255797686476536910e+04 1.216619148865079492e+00 3.333346618005788187e+05 1.000297120867529754e+00 9.523972594324528472e+04 4.762064994939051394e+04 1.312674403472901613e+05 9.523991920562135056e+04 9.523993184844030475e+04 9.523986890529716038e+04 8.030895925813344993e-01 1.428588837040690996e+05 1.644230885269698739e+00 1.548366816400354340e+00 7.143026480865191843e+04 1.411715803616444553e+00 1.700328872906524680e+00 1.669046678501871162e+00 9.523973558933765162e+04 2.335181064979735529e+05 1.460145679901583060e+00 4.221935969398191664e+05 1.631384544181971208e+00 9.523968936164076149e+04
1.671318738157915941e+05 1.428591942297618953e+05 1.428587225593297626e+05 3.333349258647571551e+05 1.428585552191799216e+05 1.428591954895682575e+05 1.428592501320141018e+05 8.223446343540803355e+04 1.428591297408097889e+05 1.077714066121288342e+05 1.114650036198310409e+05 1.428588837040690996e+05 4.289198277902612608e+04 1.428590809660450614e+05 1.428590546479508921e+05 1.428591544946527283e+05 1.428587012567936326e+05 1.428591105890909384e+05 1.428590827839174308e+05 1.428590424742503674e+05 2.050922325245617249e+05 1.428590637144013017e+05 4.221940722968335613e+05 1.428589859901115706e+05 1.428590310892176058e+05
1.796963424956927192e+05 2.255812290452649177e+04 1.577501611274346294e+00 3.333348197961709229e+05 1.431409183975367982e+00 9.523994418648444116e+04 4.762077448805906897e+04 1.312677309922044806e+05 9.523997166537585144e+04 9.524024186881873175e+04 9.523998029945866438e+04 1.644230885269698517e+00 1.428590809660450614e+05 9.227086663786568943e-01 1.526962044196268353e+00 7.143019606030981231e+04 1.397532026116751647e+00 1.678825383828041362e+00 1.705543222209263909e+00 9.523977629995688039e+04 2.335184358941162354e+05 1.792537798257359594e+00 4.221938243125863955e+05 1.586721259550804008e+00 9.523998399392633291e+04
1.796963080270554929e+05 2.255821321620548406e+04 1.589753206090250170e+00 3.333347118574228371e+05 1.286815744685953611e+00 9.523999361507421418e+04 4.762076919106447895e+04 1.312677562458059110e+05 9.524000161982714781e+04 9.524023017697138130e+04 9.524000739362060267e+04 1.548366816400353896e+00 1.428590546479508921e+05 1.526962044196268353e+00 8.191282382125044670e-01 7.143025780234529520e+04 1.557953191157294581e+00 1.625654543716582134e+00 1.580051916323566896e+00 9.523973339580862375e+04 2.335183354194260610e+05 1.516660541162784259e+00 4.221937919546497869e+05 1.837657100424856305e+00 9.523993917300652538e+04
1.796964330829529499e+05 4.887395429844043974e+04 7.143017640972681693e+04 3.333349872443350614e+05 7.142994825317029608e+04 2.381116161854517486e+04 2.381111168681703202e+04 1.312676839974785398e+05 2.381140750303594905e+04 9.524012204959357041e+04 7.832271502539626090e+04 7.143026480865191843e+04 1.428591544946527283e+05 7.143019606030981231e+04 7.143025780234530976e+04 2.381047336114481004e+04 7.143002209442165622e+04 7.143003093154728413e+04 7.143024693966988707e+04 2.381132156343189126e+04 2.335186405683098710e+05 7.143025988345957012e+04 4.221939902742744307e+05 7.143024460446072044e+04 2.381141976936285209e+04
1.796960775264843251e+05 2.255794509426176955e+04 1.247548287304954151e+00 3.333346434089433169e+05 1.093379622500487480e+00 9.523962548147056077e+04 4.762055794189433800e+04 1.312672683828158188e+05 9.523962579337794159e+04 9.523983703623349720e+04 9.523974470274057239e+04 1.411715803616444553e+00 1.428587012567936326e+05 1.397532026116751647e+00 1.557953191157294581e+00 7.143002209442164167e+04 6.962447899459031087e-01 1.573221839816545620e+00 1.535636823813160134e+00 9.523964399988279911e+04 2.335182464069984853e+05 1.622047987753592491e+00 4.221937235887236893e+05 1.463947443718186525e+00 9.523968465367789031e+04
1.796963585204747214e+05 2.255826106351848648e+04 1.723205978283787410e+00 3.333348869358329684e+05 1.390371106830751158e+00 9.523978644720678858e+04 4.762066993904791161e+04 1.312677355154741381e+05 9.523995041173520440e+04 9.524023463228788751e+04 9.524013288250635378e+04 1.700328872906524680e+00 1.428591105890909384e+05 1.678825383828041362e+00 1.625654543716582134e+00 7.143003093154725502e+04 1.573221839816545620e+00 8.554872588242913301e-01 1.518161948359304070e+00 9.523993693939762306e+04 2.335185336908246391e+05 1.670484850625171935e+00 4.221938993620455731e+05 1.846593647435734731e+00 9.523995151941744552e+04
1.796963137043275347e+05 2.255831838114670245e+04 1.666233483569967477e+00 3.333347161977522192e+05 1.388311390242623400e+00 9.523991739575663814e+04 4.762076366026013420e+04 1.312676384232110868e+05 9.523995191430083651e+04 9.524021437610944849e+04 9.524007163869850046e+04 1.669046678501871162e+00 1.428590827839174308e+05 1.705543222209264131e+00 1.580051916323566896e+00 7.143024693966988707e+04 1.535636823813160134e+00 1.518161948359304070e+00 8.906259623849689389e-01 9.523987906379805645e+04 2.335184173494309653e+05 1.563415493681314938e+00 4.221938836245234124e+05 1.825644130585169389e+00 9.523996722277015215e+04
1.796963650598479144e+05 7.268348520031508815e+04 9.523968229298555525e+04 3.333347341322948341e+05 9.523953116334388324e+04 1.947634207592627176e+00 4.762081895553880895e+04 1.312677997215688229e+05 1.772455486112947343e+00 9.524023205542011419e+04 6.641772597238750313e+04 9.523973558933765162e+04 1.428590424742503674e+05 9.523977629995689495e+04 9.523973339580862375e+04 2.381132156343189490e+04 9.523964399988279911e+04 9.523993693939762306e+04 9.523987906379805645e+04 8.839485620174631908e-01 2.335184422023944207e+05 9.523990828562468232e+04 4.221940133250340004e+05 9.523983935891458532e+04 1.766170541101512725e+00
2.033830493648195406e+05 2.335184550872195396e+05 2.335181180827240751e+05 2.610953453722473350e+05 2.335179515174183180e+05 2.335186345363004657e+05 2.335185339891085168e+05 1.921652255138402397e+05 2.335186903473305283e+05 2.335186513763228431e+05 2.335185704327870917e+05 2.335181064979735529e+05 2.050922325245617249e+05 2.335184358941161772e+05 2.335183354194260319e+05 2.335186405683098419e+05 2.335182464069984853e+05 2.335185336908245808e+05 2.335184173494309362e+05 2.335184422023944207e+05 1.629397940266381192e+05 2.335182497710183088e+05 3.671001883288462996e+05 2.335185041033016460e+05 2.335184767094383424e+05
1.796962855894122913e+05 2.255810985277546934e+04 1.510833661834837693e+00 3.333347235292001860e+05 1.209273286028022421e+00 9.523982687907255604e+04 4.762057663052913267e+04 1.312675576748932071e+05 9.523995392863111920e+04 9.523996254056486941e+04 9.523999492949337582e+04 1.460145679901583060e+00 1.428590637144013017e+05 1.792537798257359594e+00 1.516660541162784481e+00 7.143025988345957012e+04 1.622047987753592491e+00 1.670484850625171935e+00 1.563415493681314938e+00 9.523990828562468232e+04 2.335182497710183088e+05 8.894517094468028517e-01 4.221936781338410801e+05 1.949996510284562445e+00 9.523983816109431791e+04
4.221938995532384724e+05 4.221939363452347461e+05 4.221936579458072665e+05 3.167609999689342221e+05 4.221935747411437333e+05 4.221939459111519973e+05 4.221939415986902313e+05 4.221939265080046025e+05 4.221939868971803226e+05 4.221938478341706214e+05 4.221938777201687335e+05 4.221935969398191664e+05 4.221940722968335613e+05 4.221938243125862791e+05 4.221937919546497869e+05 4.221939902742743725e+05 4.221937235887236893e+05 4.221938993620455731e+05 4.221938836245234124e+05 4.221940133250340004e+05 3.671001883288462996e+05 4.221936781338410801e+05 2.034918948328198458e+05 4.221938698825145839e+05 4.221940475882986211e+05
1.796962248480707058e+05 2.255795613532324933e+04 1.601841331877729147e+00 3.333348329270103713e+05 1.480453273857507135e+00 9.523997399144498922e+04 4.762085049819551932e+04 1.312678116346395691e+05 9.524004564809695876e+04 9.524029970598625368e+04 9.524011878548738605e+04 1.631384544181971208e+00 1.428589859901115706e+05 1.586721259550804008e+00 1.837657100424856305e+00 7.143024460446072044e+04 1.463947443718186747e+00 1.846593647435734731e+00 1.825644130585169389e+00 9.523983935891458532e+04 2.335185041033016751e+05 1.949996510284562445e+00 4.221938698825145839e+05 9.180515368410198107e-01 9.523990923711119103e+04
1.796965077500826737e+05 7.268321417689064401e+04 9.523961095821337949e+04 3.333350546423775377e+05 9.523940810640866403e+04 1.615301574957760389e+00 4.762077546167757100e+04 1.312675716462328855e+05 1.957508897726036423e+00 9.524007314734671672e+04 6.641798754655057564e+04 9.523968936164074694e+04 1.428590310892176058e+05 9.523998399392633291e+04 9.523993917300652538e+04 2.381141976936285573e+04 9.523968465367789031e+04 9.523995151941744552e+04 9.523996722277015215e+04 1.766170541101512725e+00 2.335184767094383424e+05 9.523983816109431791e+04 4.221940475882986793e+05 9.523990923711119103e+04 8.805193804777177169e-01
