8.664846940021530827e+03 6.334479578927518014e+04 5.391065002598652063e+04 4.447635160413104313e+04 6.334465257149007084e+04 4.447654187511823693e+04 4.447683312726217264e+04 2.695656091922115229e+04 6.334466283584538178e+04 2.560873181823999039e+04 1.308225264887450467e+05 6.334471657295321347e+04 4.447628986378292757e+04 4.447678341303628986e+04 5.117049528881742299e+04 3.865303160145341535e+05 6.334434898459780379e+04 6.334479143201819534e+04 2.916649728067613905e+05 4.447606952027387160e+04 4.447685589172731852e+04 6.334458101333717059e+04 2.089138889930033110e+04 2.106792531779342098e+05 4.447660267394732364e+04
6.334479578927518014e+04 8.684642381665993449e-01 9.435813622548761487e+03 1.886973960008151698e+04 1.813546300722212790e+00 1.886981950814933589e+04 1.886981584592259969e+04 3.639037652941841225e+04 2.027909009701584164e+00 3.773818163332455151e+04 1.432890829788601841e+05 1.909397634838468027e+00 1.886950773696742908e+04 1.886986216374847936e+04 7.677724676907567482e+04 3.744008452721114736e+05 1.677754908191103400e+00 1.799023096793267662e+00 2.795355429475234705e+05 1.886932636592049676e+04 1.886977238679488073e+04 1.734435760456697562e+00 4.245525920614478673e+04 1.985499683960675320e+05 1.886971992504335503e+04
5.391065002598652063e+04 9.435813622548761487e+03 9.434787301460166418e+03 9.435601114063605564e+03 9.435607734008450279e+03 9.435671411199251452e+03 9.435810265263939073e+03 2.695632570072923409e+04 9.435976065908840610e+03 2.830415541644584300e+04 1.527228810861548118e+05 9.435776376356550827e+03 9.435518744725008219e+03 9.435791575400866350e+03 8.621102686556961271e+04 3.838346431295268121e+05 9.435574927843405021e+03 9.435921247096996012e+03 2.889693666599509306e+05 9.435267191661403558e+03 9.435899353875403904e+03 9.435604370076038322e+03 3.302107906018240465e+04 2.079837663944937522e+05 9.435609496643126477e+03
4.447635160413104313e+04 1.886973960008151698e+04 9.435601114063605564e+03 7.717434284227372432e-01 1.886963732094732404e+04 1.482103595535666507e+00 1.838476363195277630e+00 1.752211480746486632e+04 1.886982320450797852e+04 1.886986418350090389e+04 1.621565802159315790e+05 1.886971021999717777e+04 1.330882267774330607e+00 1.744953378596387106e+00 9.564470439490294666e+04 3.932684873416965129e+05 1.886940937692611624e+04 1.886981334643143418e+04 2.984031572218894726e+05 1.103985663522102367e+00 1.800277611961226043e+00 1.886950476153937052e+04 2.358683554708562588e+04 2.174175067278001516e+05 1.515575417449174900e+00
6.334465257149005629e+04 1.813546300722212568e+00 9.435607734008450279e+03 1.886963732094732404e+04 7.416013865369489588e-01 1.886965245269911247e+04 1.886992827924394078e+04 3.639034926741926756e+04 2.015983608634968505e+00 3.773808275399256672e+04 1.432889839735159476e+05 1.828800963121033130e+00 1.886944933630995001e+04 1.886976896748353465e+04 7.677709722805136698e+04 3.744007295602005324e+05 1.587729249605952075e+00 1.910560654276326487e+00 2.795354243470701622e+05 1.886921514815928094e+04 1.886977105974007645e+04 1.678712314096552749e+00 4.245517077657742630e+04 1.985498078629470256e+05 1.886969436508266153e+04
4.447654187511823693e+04 1.886981950814933589e+04 9.435671411199251452e+03 1.482103595535666285e+00 1.886965245269911247e+04 7.773541114310641431e-01 1.873856699674733894e+00 1.752233041526590387e+04 1.886987562730169157e+04 1.887004846199748135e+04 1.621567416433856997e+05 1.886976149596206596e+04 1.443618761918682658e+00 1.690014188640731829e+00 9.564486526849117945e+04 3.932685954350399552e+05 1.886953038492172345e+04 1.886987166126584998e+04 2.984032088365037926e+05 1.200762683638615602e+00 1.745013486888961740e+00 1.886955324351700983e+04 2.358706376731957425e+04 2.174176473168189113e+05 1.671915045516028542e+00
4.447683312726217991e+04 1.886981584592259969e+04 9.435810265263939073e+03 1.838476363195278074e+00 1.886992827924394078e+04 1.873856699674734116e+00 8.031322768980173610e-01 1.752236408820339057e+04 1.886995543193341655e+04 1.887014021479549046e+04 1.621570448144505208e+05 1.886985272994292245e+04 1.591158205362485312e+00 1.841487463013236292e+00 9.564516313538741088e+04 3.932686729831794510e+05 1.886978865964868965e+04 1.886990599678012586e+04 2.984034138915101648e+05 1.393494677023171757e+00 1.885746148678773659e+00 1.886982761767390548e+04 2.358726659437338458e+04 2.174179533633732353e+05 1.846162244634513172e+00
2.695656091922115229e+04 3.639037652941841225e+04 2.695632570072923409e+04 1.752211480746486632e+04 3.639034926741926756e+04 1.752233041526590387e+04 1.752236408820338693e+04 2.503733704400798615e+03 3.639036682707765431e+04 1.349729043322048710e+03 1.546483042619868356e+05 3.639034760306288081e+04 1.752185341301220978e+04 1.752241020314962952e+04 7.812483687846835528e+04 3.932686490005974192e+05 3.639016037425523973e+04 3.639026695554562320e+04 2.984033697989503271e+05 1.752178190412710683e+04 1.752231530042000304e+04 3.639022813438713638e+04 6.066982609755598787e+03 2.174179048328225035e+05 1.752226881262149254e+04
6.334466283584538178e+04 2.027909009701584608e+00 9.435976065908840610e+03 1.886982320450797852e+04 2.015983608634968505e+00 1.886987562730169157e+04 1.886995543193341655e+04 3.639036682707766158e+04 8.413571480250731094e-01 3.773802768161557469e+04 1.432890687824147171e+05 1.953518212806053089e+00 1.886961192978620238e+04 1.886996042366114852e+04 7.677723746951787325e+04 3.744009056830606423e+05 1.797732604365009035e+00 1.939580169664496534e+00 2.795355262256637798e+05 1.886932814358921314e+04 1.886996058946389167e+04 1.943279687464217309e+00 4.245518234391343140e+04 1.985499086493484792e+05 1.886992582869265607e+04
2.560873181823999039e+04 3.773818163332455151e+04 2.830415541644584300e+04 1.886986418350090389e+04 3.773808275399256672e+04 1.887004846199748135e+04 1.887014021479549046e+04 1.349729043322048710e+03 3.773802768161557469e+04 8.817305910920861800e-01 1.540707162198582373e+05 3.773817542198640149e+04 1.886956735766564816e+04 1.887011930595380545e+04 7.677712823357232264e+04 3.932687725032104063e+05 3.773785533447698253e+04 3.773813205640763772e+04 2.984034994579383638e+05 1.886949924062548598e+04 1.887011262848337356e+04 3.773802768278258009e+04 4.719008117506797134e+03 2.174178357048794278e+05 1.887006431845477346e+04
1.308225264887450467e+05 1.432890829788601841e+05 1.527228810861548118e+05 1.621565802159315790e+05 1.432889839735159476e+05 1.621567416433856997e+05 1.621570448144505208e+05 1.546483042619868356e+05 1.432890687824147171e+05 1.540707162198582373e+05 3.323396519315838668e+04 1.432890690819195588e+05 1.621565267246927251e+05 1.621570069724087953e+05 8.026900935646280413e+04 3.007763549439983326e+05 1.432886421588573430e+05 1.432891363292820752e+05 2.241033655773354403e+05 1.621564134106564452e+05 1.621569996347900305e+05 1.432888341214023822e+05 1.499432261659906944e+05 1.211876699723685451e+05 1.621567614367211936e+05
6.334471657295321347e+04 1.909397634838468027e+00 9.435776376356550827e+03 1.886971021999717777e+04 1.828800963121033574e+00 1.886976149596206596e+04 1.886985272994292245e+04 3.639034760306288081e+04 1.953518212806053089e+00 3.773817542198640149e+04 1.432890690819195588e+05 8.364105376021886418e-01 1.886955053479762864e+04 1.886968971137159679e+04 7.677722152317027212e+04 3.744006738406029181e+05 1.739504684323121442e+00 1.904151548436931352e+00 2.795354252361504477e+05 1.886928128554389332e+04 1.886981082188680011e+04 1.720991497608341581e+00 4.245518554752163618e+04 1.985499166334945476e+05 1.886976989019967004e+04
4.447628986378292757e+04 1.886950773696742908e+04 9.435518744725008219e+03 1.330882267774330163e+00 1.886944933630995001e+04 1.443618761918682658e+00 1.591158205362485312e+00 1.752185341301220978e+04 1.886961192978620238e+04 1.886956735766564816e+04 1.621565267246927251e+05 1.886955053479762864e+04 6.401976526765662534e-01 1.588235629061201193e+00 9.564460407023224980e+04 3.932683690471428563e+05 1.886919520766337155e+04 1.886952219908594634e+04 2.984030617233262747e+05 8.879622532342388297e-01 1.538353714246831982e+00 1.886932993658232226e+04 2.358672219671654966e+04 2.174174309267577191e+05 1.431944107159486279e+00
4.447678341303628986e+04 1.886986216374847936e+04 9.435791575400866350e+03 1.744953378596387106e+00 1.886976896748353465e+04 1.690014188640732051e+00 1.841487463013236736e+00 1.752241020314962952e+04 1.886996042366114852e+04 1.887011930595380545e+04 1.621570069724087953e+05 1.886968971137159679e+04 1.588235629061201415e+00 7.720585199524715447e-01 9.564516110758041032e+04 3.932686176420662086e+05 1.886971002337082609e+04 1.886984576924124121e+04 2.984033034256767132e+05 1.305255974649900397e+00 1.729919030145729675e+00 1.886972850809082593e+04 2.358723271978191769e+04 2.174178854149353865e+05 1.782215250366762982e+00
5.117049528881742299e+04 7.677724676907567482e+04 8.621102686556962726e+04 9.564470439490294666e+04 7.677709722805136698e+04 9.564486526849117945e+04 9.564516313538741088e+04 7.812483687846835528e+04 7.677723746951787325e+04 7.677712823357232264e+04 8.026900935646280413e+04 7.677722152317027212e+04 9.564460407023224980e+04 9.564516110758042487e+04 2.393960934310939047e+04 3.507155978887762758e+05 7.677673069016520458e+04 7.677733188255217101e+04 2.567167786586124566e+05 9.564449532885014196e+04 9.564511071544581500e+04 7.677698401216753700e+04 7.206004078601117362e+04 1.671349850155040331e+05 9.564493415179465956e+04
3.865303160145341535e+05 3.744008452721114736e+05 3.838346431295268121e+05 3.932684873416965129e+05 3.744007295602005324e+05 3.932685954350398388e+05 3.932686729831794510e+05 3.932686490005974192e+05 3.744009056830607005e+05 3.932687725032104063e+05 3.007763549439983326e+05 3.744006738406029181e+05 3.932683690471428563e+05 3.932686176420662669e+05 3.507155978887762758e+05 1.019830091036009690e+05 3.744005712435347959e+05 3.744007986230603419e+05 1.818899805060675717e+05 3.932683250038920087e+05 3.932686459707195754e+05 3.744006186700674589e+05 3.932687978747530724e+05 2.721554686099104583e+05 3.932685900658344617e+05
6.334434898459779652e+04 1.677754908191103400e+00 9.435574927843406840e+03 1.886940937692611624e+04 1.587729249605952075e+00 1.886953038492172345e+04 1.886978865964868965e+04 3.639016037425524701e+04 1.797732604365009035e+00 3.773785533447698253e+04 1.432886421588573430e+05 1.739504684323121442e+00 1.886919520766337155e+04 1.886971002337082609e+04 7.677673069016520458e+04 3.744005712435347959e+05 7.760037004153158557e-01 1.831532432468083060e+00 2.795352408864672179e+05 1.886905290548291305e+04 1.886967801872138443e+04 1.417266414834754240e+00 4.245485663577312516e+04 1.985495485288035707e+05 1.886951859805509957e+04
6.334479143201818079e+04 1.799023096793267440e+00 9.435921247096996012e+03 1.886981334643143418e+04 1.910560654276326487e+00 1.886987166126584998e+04 1.886990599678012586e+04 3.639026695554562320e+04 1.939580169664496534e+00 3.773813205640763772e+04 1.432891363292820752e+05 1.904151548436931352e+00 1.886952219908594634e+04 1.886984576924124121e+04 7.677733188255217101e+04 3.744007986230603419e+05 1.831532432468083060e+00 8.101313598256865145e-01 2.795355030784514965e+05 1.886937213269132553e+04 1.886987407381893354e+04 1.833827440310705326e+00 4.245531202694469539e+04 1.985500444702170498e+05 1.886977781185912318e+04
2.916649728067613905e+05 2.795355429475234705e+05 2.889693666599509306e+05 2.984031572218894726e+05 2.795354243470701622e+05 2.984032088365037926e+05 2.984034138915101648e+05 2.984033697989503271e+05 2.795355262256637798e+05 2.984034994579383638e+05 2.241033655773354403e+05 2.795354252361504477e+05 2.984030617233262747e+05 2.984033034256767132e+05 2.567167786586124566e+05 1.818899805060675717e+05 2.795352408864672179e+05 2.795355030784514965e+05 5.391412525116745383e+04 2.984030042166635394e+05 2.984034174419534393e+05 2.795353039414563100e+05 2.984035427595800138e+05 1.235000841956456134e+05 2.984032572023152607e+05
4.447606952027387160e+04 1.886932636592049676e+04 9.435267191661403558e+03 1.103985663522102367e+00 1.886921514815928094e+04 1.200762683638615824e+00 1.393494677023171757e+00 1.752178190412711047e+04 1.886932814358921314e+04 1.886949924062548598e+04 1.621564134106564452e+05 1.886928128554389332e+04 8.879622532342388297e-01 1.305255974649900619e+00 9.564449532885014196e+04 3.932683250038920669e+05 1.886905290548291305e+04 1.886937213269132553e+04 2.984030042166635394e+05 4.510308111078799032e-01 1.341552447951799731e+00 1.886915082046521275e+04 2.358653443880903433e+04 2.174173373287188006e+05 1.230283059554047265e+00
4.447685589172731852e+04 1.886977238679488073e+04 9.435899353875403904e+03 1.800277611961226043e+00 1.886977105974007645e+04 1.745013486888961740e+00 1.885746148678773659e+00 1.752231530042000304e+04 1.886996058946389167e+04 1.887011262848337356e+04 1.621569996347900305e+05 1.886981082188680011e+04 1.538353714246831982e+00 1.729919030145729897e+00 9.564511071544581500e+04 3.932686459707195754e+05 1.886967801872138443e+04 1.886987407381893354e+04 2.984034174419534393e+05 1.341552447951799509e+00 8.786487965571823100e-01 1.886979144468836603e+04 2.358726197941691862e+04 2.174178603486550564e+05 1.763424374133873096e+00
6.334458101333716331e+04 1.734435760456697562e+00 9.435604370076038322e+03 1.886950476153937052e+04 1.678712314096552971e+00 1.886955324351700983e+04 1.886982761767390548e+04 3.639022813438713638e+04 1.943279687464217087e+00 3.773802768278258009e+04 1.432888341214023822e+05 1.720991497608341358e+00 1.886932993658232226e+04 1.886972850809082593e+04 7.677698401216753700e+04 3.744006186700674589e+05 1.417266414834754240e+00 1.833827440310705326e+00 2.795353039414563100e+05 1.886915082046521275e+04 1.886979144468836603e+04 7.049092231123258445e-01 4.245508792654720310e+04 1.985497319644248637e+05 1.886954487624176909e+04
2.089138889930033474e+04 4.245525920614478673e+04 3.302107906018240465e+04 2.358683554708562588e+04 4.245517077657742630e+04 2.358706376731957425e+04 2.358726659437338822e+04 6.066982609755599697e+03 4.245518234391343140e+04 4.719008117506798044e+03 1.499432261659906944e+05 4.245518554752165073e+04 2.358672219671654966e+04 2.358723271978192497e+04 7.206004078601117362e+04 3.932687978747530724e+05 4.245485663577312516e+04 4.245531202694469539e+04 2.984035427595800138e+05 2.358653443880903433e+04 2.358726197941691862e+04 4.245508792654720310e+04 7.076407141605383003e+03 2.174177442749608017e+05 2.358713444577501650e+04
2.106792531779342098e+05 1.985499683960675320e+05 2.079837663944937522e+05 2.174175067278001516e+05 1.985498078629470256e+05 2.174176473168189405e+05 2.174179533633732353e+05 2.174179048328225035e+05 1.985499086493484792e+05 2.174178357048794278e+05 1.211876699723685451e+05 1.985499166334945476e+05 2.174174309267577191e+05 2.174178854149353865e+05 1.671349850155040331e+05 2.721554686099104583e+05 1.985495485288035998e+05 1.985500444702170498e+05 1.235000841956456279e+05 2.174173373287188006e+05 2.174178603486550564e+05 1.985497319644248637e+05 2.174177442749608017e+05 3.631979264643094939e+04 2.174176785678059678e+05
4.447660267394732364e+04 1.886971992504335503e+04 9.435609496643126477e+03 1.515575417449174900e+00 1.886969436508266153e+04 1.671915045516028764e+00 1.846162244634513172e+00 1.752226881262149254e+04 1.886992582869265607e+04 1.887006431845477346e+04 1.621567614367211936e+05 1.886976989019967004e+04 1.431944107159486945e+00 1.782215250366762982e+00 9.564493415179465956e+04 3.932685900658344617e+05 1.886951859805509594e+04 1.886977781185912318e+04 2.984032572023152607e+05 1.230283059554046821e+00 1.763424374133872874e+00 1.886954487624176909e+04 2.358713444577501650e+04 2.174176785678059678e+05 7.486350812073643279e-01
