2.290430197599289386e+04 1.316428808417679684e+05 1.114464582711077383e+05 9.127893006867813529e+04 1.242967094734677084e+05 2.663352264781406266e+05 1.316427985665531887e+05 1.020688114253041858e+05 3.355968976540979929e+05 1.316428321229902795e+05 1.316425142509646830e+05 1.316425830241220829e+05 2.092949460084319871e+05 1.123993140898288111e+05 1.153509108839015826e+05 1.316426814784008893e+05 8.577418417212205532e+04 1.545455321356596251e+05 1.316427743258739065e+05 5.905677736690977326e+04 4.110967393335167435e+05 1.204250003511002433e+05 4.271843551724283316e+04 7.418166292027995223e+04 1.316427536835207138e+05
1.316428808417679684e+05 5.047215912254107025e+03 1.798094359385346470e+05 7.986443771297911007e+04 1.938552587611937270e+04 3.145455078365033260e+05 1.135880613760005508e+04 6.036833614488870808e+04 3.838072731991148321e+05 7.226283120279900686e+03 1.135853014168546360e+04 1.135869825921327720e+04 2.607941695775859116e+05 5.003765699988744018e+04 4.255231293735347572e+04 1.135878991444176245e+04 1.583947469378129172e+05 2.124804722352592507e+05 1.135881225614557479e+04 1.475444372221614467e+05 4.593070711439995794e+05 3.016729871457767149e+04 1.128176590728485317e+05 9.376025062157213688e+04 1.116181829752721751e+04
1.114464582711077383e+05 1.798094359385346470e+05 3.534752673360832705e+04 1.586892093449967215e+05 1.798094239463808190e+05 2.336874726604758471e+05 1.798092536471938365e+05 1.694788771195921581e+05 3.062894755741546978e+05 1.798093756703552499e+05 1.798089905781753187e+05 1.798090745542857621e+05 1.721778919566076365e+05 1.798093855348700017e+05 1.798095178460647585e+05 1.798090863749206474e+05 6.721098881621548207e+04 1.001735173808927648e+05 1.798091696499093086e+05 8.498106466733191337e+04 3.820727111789145856e+05 1.798093853146416659e+05 1.305595879966292414e+05 1.508853501411185425e+05 1.798092832831870182e+05
9.127893006867813529e+04 7.986443771297911007e+04 1.586892093449967506e+05 6.011673207874996478e+03 6.269633429762289597e+04 2.934254562299475656e+05 8.354741617982438765e+04 2.297418303457598449e+04 3.626870680840183049e+05 8.354747896035040321e+04 8.354715057685531792e+04 8.354727118597118533e+04 2.396740424269042851e+05 3.809292855360023532e+04 4.550789463156183047e+04 8.354735776280179562e+04 1.372744408833673515e+05 1.913603366270410770e+05 8.354744104419917858e+04 1.227134569438605686e+05 4.381869465181134292e+05 5.442129023318734835e+04 6.408276362891453755e+04 3.136787880461750683e+04 8.354736676834912214e+04
1.242967094734677084e+05 1.938552587611937270e+04 1.798094239463807899e+05 6.269633429762289597e+04 1.126489805690400499e+04 3.145456104817570304e+05 3.074300877102720187e+04 4.320023521247186727e+04 3.838072642726399936e+05 2.661069852819239168e+04 3.074272124097407868e+04 3.074288823854105794e+04 2.607941780018933059e+05 3.286955169294998632e+04 2.389643031646105374e+04 3.074298069178751757e+04 1.583947621604965534e+05 2.124805091167877545e+05 3.074302841151394750e+04 1.475444541020464094e+05 4.593071171249817125e+05 1.078293489032887919e+04 1.017983672581316932e+05 7.931980959950183751e+04 3.054611943965028695e+04
2.663352264781406266e+05 3.145455078365032678e+05 2.336874726604758762e+05 2.934254562299475074e+05 3.145456104817569721e+05 6.586953253581066383e+04 3.145453660258684540e+05 3.042151051550264820e+05 1.968917025328652235e+05 3.145454382909316337e+05 3.145453188843266107e+05 3.145453547269930714e+05 1.671199067206233449e+05 3.145457546013203682e+05 3.145456191967329360e+05 3.145453801835838822e+05 2.475271806808713882e+05 2.066308626061397663e+05 3.145453886859441409e+05 2.519603935021311627e+05 2.907845559856619220e+05 3.145456874718825566e+05 2.730512097488516592e+05 2.868007394361270708e+05 3.145453775876537547e+05
1.316427985665531887e+05 1.135880613760005508e+04 1.798092536471938365e+05 8.354741617982438765e+04 3.074300877102720187e+04 3.145453660258684540e+05 5.833833296525684498e-01 6.405135012667282717e+04 3.838071118429269409e+05 4.133704060167567150e+03 1.128391541163210610e+00 1.246596344216747365e+00 2.607939713827261585e+05 5.372073090955139196e+04 4.925724823873257264e+04 1.254408104148315717e+00 1.583945981129526044e+05 2.124803226965645445e+05 1.195435715713764502e+00 1.475442800241922378e+05 4.593069706710352330e+05 4.152460390748985083e+04 1.128175408284691221e+05 9.603720316822142922e+04 1.980402027154106293e+02
1.020688114253041858e+05 6.036833614488870808e+04 1.694788771195921581e+05 2.297418303457598449e+04 4.320023521247186727e+04 3.042151051550265402e+05 6.405135012667282717e+04 1.411656715897692993e+04 3.734768863096699351e+05 6.405139287239375699e+04 6.405098979425081052e+04 6.405110897992781975e+04 2.504636329800666135e+05 1.531118975326860527e+04 2.377177795346858693e+04 6.405121864965065470e+04 1.480641961306244484e+05 2.021499400003706396e+05 6.405127695188255893e+04 1.336718691012589552e+05 4.489765807536831708e+05 3.492511748396253097e+04 7.769362334491600632e+04 5.043323856565851747e+04 6.405130233710558969e+04
3.355968976540979929e+05 3.838072731991149485e+05 3.062894755741547560e+05 3.626870680840183049e+05 3.838072642726399936e+05 1.968917025328652235e+05 3.838071118429268827e+05 3.734768863096699351e+05 1.066673045776848885e+05 3.838072097450143192e+05 3.838070695437714458e+05 3.838071181620350108e+05 2.509094258601174224e+05 3.838073924170891405e+05 3.838073475200416869e+05 3.838071316549900803e+05 3.158992676512334147e+05 2.853282610922746826e+05 3.838071276072504697e+05 3.209772311597549706e+05 2.313002706453102001e+05 3.838073735809717909e+05 3.423129468396384036e+05 3.560623735400814330e+05 3.838071109593433794e+05
1.316428321229902795e+05 7.226283120279899777e+03 1.798093756703552208e+05 8.354747896035040321e+04 2.661069852819239168e+04 3.145454382909316337e+05 4.133704060167567150e+03 6.405139287239375699e+04 3.838072097450143774e+05 6.327132267677478827e-01 4.133470265488940640e+03 4.133651598441055285e+03 2.607940776606176805e+05 5.372075125383812701e+04 4.876532233803180134e+04 4.133728081704591204e+03 1.583947019937895238e+05 2.124804348282287829e+05 4.133734437237690145e+03 1.475443773290350509e+05 4.593070192447401350e+05 3.739232947258865170e+04 1.128176320241191424e+05 9.603726360612463031e+04 3.936622362969801998e+03
1.316425142509646830e+05 1.135853014168546360e+04 1.798089905781753187e+05 8.354715057685531792e+04 3.074272124097407868e+04 3.145453188843266107e+05 1.128391541163210610e+00 6.405098979425081052e+04 3.838070695437713875e+05 4.133470265488940640e+03 4.193580895945759890e-01 7.811799408251883792e-01 2.607937444552382512e+05 5.372035706701284653e+04 4.925700975278516853e+04 9.358367891606705902e-01 1.583943126486277033e+05 2.124800668531668489e+05 1.011050495597801469e+00 1.475439245222454483e+05 4.593068639728127164e+05 4.152421488907370076e+04 1.128172773121879873e+05 9.603692704416112974e+04 1.978850914659255977e+02
1.316425830241220829e+05 1.135869825921327720e+04 1.798090745542857621e+05 8.354727118597118533e+04 3.074288823854105794e+04 3.145453547269930714e+05 1.246596344216747365e+00 6.405110897992781975e+04 3.838071181620350108e+05 4.133651598441055285e+03 7.811799408251883792e-01 5.399025118022723335e-01 2.607938314150474325e+05 5.372050361522837193e+04 4.925714584991965239e+04 9.871799506895080345e-01 1.583943966050173913e+05 2.124801468668033194e+05 1.109862788127917277e+00 1.475439992029926507e+05 4.593068928793843952e+05 4.152438419411909126e+04 1.128173582492006099e+05 9.603703776054145419e+04 1.980721153384224635e+02
2.092949460084319871e+05 2.607941695775859116e+05 1.721778919566076365e+05 2.396740424269041978e+05 2.607941780018932477e+05 1.671199067206233449e+05 2.607939713827260712e+05 2.504636329800666426e+05 2.509094258601174224e+05 2.607940776606176805e+05 2.607937444552382512e+05 2.607938314150474325e+05 5.583884166929446656e+04 2.607942556830432732e+05 2.607942226724255888e+05 2.607938509373489651e+05 1.884306559361761610e+05 1.183416131308220065e+05 2.607938793661670934e+05 1.943997816409473598e+05 3.347392732913202490e+05 2.607941673626734118e+05 2.192998322224379517e+05 2.330493203351772972e+05 2.607939991048434458e+05
1.123993140898288111e+05 5.003765699988744018e+04 1.798093855348700017e+05 3.809292855360023532e+04 3.286955169294998632e+04 3.145457546013203682e+05 5.372073090955139196e+04 1.531118975326860527e+04 3.838073924170892569e+05 5.372075125383812701e+04 5.372035706701284653e+04 5.372050361522837193e+04 2.607942556830433023e+05 6.502228344041625085e-01 1.061816513424636287e+04 5.372057640212206752e+04 1.583947077239621140e+05 2.124805281465198495e+05 5.372064787375009473e+04 1.440024875683426508e+05 4.593072400475597824e+05 2.459441047458672620e+04 8.802434733009886986e+04 6.258399241257346148e+04 5.372066015714318200e+04
1.153509108839015826e+05 4.255231293735347572e+04 1.798095178460647003e+05 4.550789463156183047e+04 2.389643031646105374e+04 3.145456191967329360e+05 4.925724823873256537e+04 2.377177795346858693e+04 3.838073475200416869e+05 4.876532233803180134e+04 4.925700975278516853e+04 4.925714584991965239e+04 2.607942226724255597e+05 1.061816513424636287e+04 8.023772741001062059e+03 4.925723419917131105e+04 1.583948077249701892e+05 2.124805488821077743e+05 4.925728879815660912e+04 1.465324208657184499e+05 4.593071629935498931e+05 1.397778216955610696e+04 9.097580400726356311e+04 6.641572221200150670e+04 4.923374887046175718e+04
1.316426814784008893e+05 1.135878991444176245e+04 1.798090863749206474e+05 8.354735776280179562e+04 3.074298069178751757e+04 3.145453801835838822e+05 1.254408104148315939e+00 6.405121864965065470e+04 3.838071316549900221e+05 4.133728081704591204e+03 9.358367891606705902e-01 9.871799506895080345e-01 2.607938509373489651e+05 5.372057640212206752e+04 4.925723419917131105e+04 5.888364302000105299e-01 1.583944307907877665e+05 2.124801631987694127e+05 1.086337572403742291e+00 1.475441147465825779e+05 4.593069154563444317e+05 4.152445173519119999e+04 1.128174636443905620e+05 9.603715814236235747e+04 1.981101360731570367e+02
8.577418417212206987e+04 1.583947469378129172e+05 6.721098881621551118e+04 1.372744408833673515e+05 1.583947621604965534e+05 2.475271806808714173e+05 1.583945981129526044e+05 1.480641961306244484e+05 3.158992676512334729e+05 1.583947019937895238e+05 1.583943126486277033e+05 1.583943966050173913e+05 1.884306559361761610e+05 1.583947077239621140e+05 1.583948077249701892e+05 1.583944307907877665e+05 1.640564683595793031e+04 1.273458782359483157e+05 1.583944932588240190e+05 5.083193042896449333e+04 3.890377773683631094e+05 1.583947035424902570e+05 1.080660962483352923e+05 1.292248828214268869e+05 1.583946156492427690e+05
1.545455321356596251e+05 2.124804722352592507e+05 1.001735173808927648e+05 1.913603366270410770e+05 2.124805091167877545e+05 2.066308626061397663e+05 2.124803226965645445e+05 2.021499400003706396e+05 2.853282610922747990e+05 2.124804348282288702e+05 2.124800668531669362e+05 2.124801468668033194e+05 1.183416131308220065e+05 2.124805281465198786e+05 2.124805488821078325e+05 2.124801631987694127e+05 1.273458782359483157e+05 3.965075415020355285e+04 2.124802277490560955e+05 1.373528350697045680e+05 3.676747376052357140e+05 2.124804676217710658e+05 1.709875516618082183e+05 1.847357306148639764e+05 2.124803593770127336e+05
1.316427743258739356e+05 1.135881225614557479e+04 1.798091696499093086e+05 8.354744104419917858e+04 3.074302841151394750e+04 3.145453886859441409e+05 1.195435715713764502e+00 6.405127695188255893e+04 3.838071276072504115e+05 4.133734437237690145e+03 1.011050495597801469e+00 1.109862788127917277e+00 2.607938793661670934e+05 5.372064787375009473e+04 4.925728879815660912e+04 1.086337572403742291e+00 1.583944932588240190e+05 2.124802277490560664e+05 5.825892783247401674e-01 1.475441560386893980e+05 4.593069099696112680e+05 4.152451991276293120e+04 1.128175127959586825e+05 9.603718713867187034e+04 1.981217278534008699e+02
5.905677736690977326e+04 1.475444372221614467e+05 8.498106466733192792e+04 1.227134569438605686e+05 1.475444541020464094e+05 2.519603935021311627e+05 1.475442800241922669e+05 1.336718691012589552e+05 3.209772311597550288e+05 1.475443773290350509e+05 1.475439245222454774e+05 1.475439992029926507e+05 1.943997816409473598e+05 1.440024875683426508e+05 1.465324208657184499e+05 1.475441147465825779e+05 5.083193042896449333e+04 1.373528350697045680e+05 1.475441560386893980e+05 2.110575515250404715e+04 3.961391980924290256e+05 1.475444053262036759e+05 8.716325857192625699e+04 1.092751184369920666e+05 1.475443044159019191e+05
4.110967393335166271e+05 4.593070711439996376e+05 3.820727111789146438e+05 4.381869465181134292e+05 4.593071171249817125e+05 2.907845559856619220e+05 4.593069706710352912e+05 4.489765807536831126e+05 2.313002706453102001e+05 4.593070192447401932e+05 4.593068639728127746e+05 4.593068928793843952e+05 3.347392732913203072e+05 4.593072400475597242e+05 4.593071629935498931e+05 4.593069154563444317e+05 3.890377773683631094e+05 3.676747376052356558e+05 4.593069099696112680e+05 3.961391980924289674e+05 1.024001529999490012e+05 4.593071112973100971e+05 4.178127306057996466e+05 4.315622157448523212e+05 4.593069795354532544e+05
1.204250003511002433e+05 3.016729871457767149e+04 1.798093853146416659e+05 5.442129023318734835e+04 1.078293489032888101e+04 3.145456874718825566e+05 4.152460390748985083e+04 3.492511748396253097e+04 3.838073735809717909e+05 3.739232947258865170e+04 4.152421488907370076e+04 4.152438419411909126e+04 2.607941673626734118e+05 2.459441047458672620e+04 1.397778216955610696e+04 4.152445173519119999e+04 1.583947035424902861e+05 2.124804676217710366e+05 4.152451991276293120e+04 1.475444053262036759e+05 4.593071112973101554e+05 3.823876290988761752e+02 9.608817761685169535e+04 7.192922254544579482e+04 4.132771051573251316e+04
4.271843551724282588e+04 1.128176590728485317e+05 1.305595879966292414e+05 6.408276362891453027e+04 1.017983672581316932e+05 2.730512097488516010e+05 1.128175408284691221e+05 7.769362334491600632e+04 3.423129468396384618e+05 1.128176320241191424e+05 1.128172773121879873e+05 1.128173582492006099e+05 2.192998322224379517e+05 8.802434733009886986e+04 9.097580400726356311e+04 1.128174636443905620e+05 1.080660962483352923e+05 1.709875516618082183e+05 1.128175127959586825e+05 8.716325857192625699e+04 4.178127306057996466e+05 9.608817761685169535e+04 1.118962267641317339e+04 4.154153065195914678e+04 1.128175326562919363e+05
7.418166292027995223e+04 9.376025062157213688e+04 1.508853501411185425e+05 3.136787880461751047e+04 7.931980959950183751e+04 2.868007394361270708e+05 9.603720316822142922e+04 5.043323856565851747e+04 3.560623735400814912e+05 9.603726360612463031e+04 9.603692704416112974e+04 9.603703776054145419e+04 2.330493203351773845e+05 6.258399241257345420e+04 6.641572221200150670e+04 9.603715814236235747e+04 1.292248828214268869e+05 1.847357306148639764e+05 9.603718713867184124e+04 1.092751184369920666e+05 4.315622157448522048e+05 7.192922254544579482e+04 4.154153065195914678e+04 1.437877538220787756e+04 9.603719716421778139e+04
1.316427536835207138e+05 1.116181829752721751e+04 1.798092832831870473e+05 8.354736676834912214e+04 3.054611943965029059e+04 3.145453775876537547e+05 1.980402027154106008e+02 6.405130233710558969e+04 3.838071109593433794e+05 3.936622362969801998e+03 1.978850914659255977e+02 1.980721153384224635e+02 2.607939991048434749e+05 5.372066015714318200e+04 4.923374887046175718e+04 1.981101360731570651e+02 1.583946156492427690e+05 2.124803593770127336e+05 1.981217278534008983e+02 1.475443044159019191e+05 4.593069795354532544e+05 4.132771051573251316e+04 1.128175326562919363e+05 9.603719716421778139e+04 3.753654648772680957e+02
