5.455171335273244493e-01 2.500142019362730571e+04 2.500161719111008642e+04 2.500177633146491644e+04 2.500150510946445866e+04 2.500155402485365994e+04 1.678047939537100610e+05 3.126417564296411001e+03 2.500120973314185903e+04 3.676069694858128205e+05 1.314346555200671719e+05 2.500107230786218133e+04 2.500164735047949580e+04 5.784484296611902391e+04 3.337852462658504955e+05 1.000019517906385736e+05 2.359410622153629665e+05 2.500152443136483271e+04 7.500160136836362653e+04 2.918494900485242833e+05 7.857339056026532489e+04 2.500169902635771723e+04 2.500168432824425690e+04 2.500178960124502919e+04 2.500180946411929835e+04
2.500142019362730571e+04 3.537572183028806494e-01 1.147688797765426649e+00 1.346558362665293496e+00 9.263356902904869017e-01 2.500154389200556034e+04 1.678044720952408970e+05 2.500162924031143120e+04 8.198533890015538006e-01 3.676065505479683634e+05 1.314342598402832809e+05 7.692271418149632112e-01 1.135467526429397855e+00 5.784461324558484921e+04 3.337848607095583575e+05 1.000016256583439826e+05 2.359406400375833036e+05 1.052948668659234865e+00 7.500141758591348480e+04 2.918490320071331225e+05 7.857303255781433836e+04 3.126671473196168790e+03 1.526304252452887145e+00 1.412056631713080046e+00 1.552688687638662302e+00
2.500161719111008642e+04 1.147688797765426649e+00 3.645256723688335421e-01 1.287615188116041365e+00 1.092532681163500330e+00 2.500167499904402575e+04 1.678045573757205857e+05 2.500185348094418441e+04 1.063048368376757757e+00 3.676065805271639256e+05 1.314344749205917760e+05 8.913359165582342980e-01 1.136088517793214958e+00 5.784482930857410247e+04 3.337848048707933049e+05 1.000017968353976030e+05 2.359407004474868590e+05 1.194166279069587278e+00 7.500170849259039096e+04 2.918490374084605137e+05 7.857319748998757859e+04 3.126782291906002229e+03 1.599553374690250829e+00 1.454370773554691354e+00 1.652835039209458845e+00
2.500177633146491644e+04 1.346558362665293496e+00 1.287615188116041365e+00 4.915158840537357521e-01 1.313986845141150051e+00 2.500186024194623315e+04 1.678047502830007870e+05 2.500174695383249855e+04 1.220618535260820536e+00 3.676067463981905603e+05 1.314344314194092585e+05 1.104323441494966751e+00 1.330963712986372727e+00 5.784497716005897382e+04 3.337849015726371435e+05 1.000016786728777661e+05 2.359406933465562761e+05 1.100427502521285961e+00 7.500177564869211346e+04 2.918489898448396707e+05 7.857309396907665359e+04 3.126700475457440461e+03 1.407403412227751005e+00 1.203389240803776739e+00 1.626951705391998626e+00
2.500150510946445866e+04 9.263356902904869017e-01 1.092532681163500330e+00 1.313986845141150051e+00 4.014457448332768297e-01 2.500164441377553885e+04 1.678044165238809655e+05 2.500173132084567987e+04 9.525642476733162667e-01 3.676065898403362371e+05 1.314342340252693393e+05 7.936488069788737443e-01 1.112793202942819137e+00 5.784476015090768487e+04 3.337848625653072959e+05 1.000016144727166393e+05 2.359406210221506190e+05 1.147171769679139031e+00 7.500153041652511456e+04 2.918490221949326806e+05 7.857310043940339528e+04 3.126714614515131416e+03 1.561877068351313680e+00 1.453766264707423206e+00 1.592336464332452017e+00
2.500155402485365994e+04 2.500154389200556034e+04 2.500167499904402575e+04 2.500186024194623315e+04 2.500164441377553885e+04 4.479933710335949337e-01 1.678048779186054308e+05 2.187660077899087628e+04 2.500124682724637387e+04 3.676068456618185155e+05 1.314346524291318783e+05 2.500117289246765722e+04 2.500181885319307912e+04 5.784469631976982055e+04 3.337851872244236292e+05 1.000020927314134606e+05 2.359411634421453346e+05 2.500145781193314906e+04 7.500161139501887374e+04 2.918494296762437443e+05 7.857327550039220660e+04 2.187677316393369620e+04 2.500191197065529559e+04 2.500183893766391702e+04 2.500187251235107396e+04
1.678047939537100610e+05 1.678044720952408970e+05 1.678045573757205857e+05 1.678047502830007870e+05 1.678044165238809655e+05 1.678048779186054308e+05 2.411031966014126010e+04 1.678049958414657449e+05 1.678043968274479848e+05 2.764451981397492345e+05 8.392098961554198468e+04 1.678042951676775119e+05 1.678045743977933307e+05 1.428049047150932311e+05 2.426235079178829619e+05 1.156902233220334747e+05 1.372131383344168717e+05 1.678044999201625469e+05 1.428047911280241387e+05 2.006875723316511430e+05 1.392334451849998441e+05 1.678048967365116114e+05 1.678048705534605833e+05 1.678047771148901666e+05 1.678049451769203879e+05
3.126417564296411001e+03 2.500162924031143120e+04 2.500185348094418441e+04 2.500174695383249855e+04 2.500173132084567987e+04 2.187660077899087628e+04 1.678049958414657449e+05 5.469274624295090689e+03 2.500137330428360292e+04 3.676070140555808321e+05 1.314344645794596581e+05 2.500121256213089509e+04 2.500186916835420561e+04 5.784494074501747673e+04 3.337852501597076771e+05 1.000018050673816324e+05 2.359409473647892883e+05 2.500142469233833981e+04 7.500180284761737857e+04 2.918494175515549141e+05 7.857327212071701069e+04 2.461092816773321101e+04 2.500161025364732268e+04 2.500167848026880165e+04 2.500169090119042448e+04
2.500120973314185903e+04 8.198533890015536896e-01 1.063048368376757757e+00 1.220618535260820536e+00 9.525642476733162667e-01 2.500124682724637387e+04 1.678043968274479557e+05 2.500137330428360292e+04 2.388837976873602609e-01 3.676065434952030773e+05 1.314342372780092119e+05 4.745448260046223332e-01 1.108212867822788938e+00 5.784434670100229414e+04 3.337848186971403775e+05 1.000014357594528556e+05 2.359406173030221253e+05 8.597016125069567583e-01 7.500113784131121065e+04 2.918490596108571044e+05 7.857279323959515023e+04 3.126428447279614375e+03 1.340473594990932327e+00 1.244562338386313138e+00 1.337104463028416568e+00
3.676069694858128205e+05 3.676065505479683634e+05 3.676065805271639256e+05 3.676067463981905603e+05 3.676065898403362371e+05 3.676068456618185155e+05 2.764451981397492927e+05 3.676070140555808321e+05 3.676065434952030773e+05 3.779527378049799881e+04 3.037181497199070291e+05 3.676065882943008328e+05 3.676066668970626779e+05 3.426068613525836845e+05 1.803598140081152669e+05 3.176071417846240220e+05 2.279368461214754789e+05 3.676066401703141164e+05 3.426070230456202989e+05 2.175602217291867710e+05 3.390357345935815829e+05 3.676068971962251235e+05 3.676068834135867073e+05 3.676068355483971536e+05 3.676069608393628150e+05
1.314346555200671719e+05 1.314342598402832809e+05 1.314344749205917760e+05 1.314344314194092585e+05 1.314342340252693393e+05 1.314346524291318783e+05 8.392098961554199923e+04 1.314344645794596581e+05 1.314342372780092119e+05 3.037181497199070291e+05 2.281096439815899066e+04 1.314341141219942656e+05 1.314345267493068823e+05 1.064347067412024626e+05 2.698964869440774783e+05 5.361574755114951404e+04 1.711287344863553008e+05 1.314341128898116003e+05 1.064345413113868563e+05 2.279606153540014056e+05 1.028630242707313737e+05 1.314345484250684967e+05 1.314345396783516626e+05 1.314344001683074166e+05 1.314346084102683817e+05
2.500107230786218133e+04 7.692271418149632112e-01 8.913359165582341870e-01 1.104323441494966751e+00 7.936488069788737443e-01 2.500117289246765722e+04 1.678042951676774537e+05 2.500121256213089509e+04 4.745448260046223332e-01 3.676065882943008328e+05 1.314341141219942656e+05 1.634148755076463844e-01 9.225301204903791907e-01 5.784436980167719594e+04 3.337848776479643420e+05 1.000013147896300216e+05 2.359405397392766899e+05 7.778167291763854463e-01 7.500116353171845549e+04 2.918490781332506449e+05 7.857281660330174782e+04 3.126234131298855118e+03 1.145210047196858705e+00 1.156822226117525831e+00 1.111905649128552831e+00
2.500164735047949580e+04 1.135467526429398077e+00 1.136088517793214958e+00 1.330963712986372949e+00 1.112793202942819137e+00 2.500181885319307912e+04 1.678045743977933307e+05 2.500186916835420561e+04 1.108212867822788938e+00 3.676066668970626779e+05 1.314345267493068823e+05 9.225301204903793018e-01 4.093119149111916211e-01 5.784484627046311653e+04 3.337849735872724559e+05 1.000017914360610739e+05 2.359406895571931964e+05 1.322866482116350495e+00 7.500166914141489542e+04 2.918491106006021146e+05 7.857323237620807777e+04 3.126801234953782568e+03 1.668729500119118914e+00 1.527178471741655885e+00 1.660775443718359501e+00
5.784484296611902391e+04 5.784461324558484921e+04 5.784482930857410247e+04 5.784497716005897382e+04 5.784476015090768487e+04 5.784469631976984238e+04 1.428049047150932311e+05 5.784494074501748401e+04 5.784434670100229414e+04 3.426068613525836845e+05 1.064347067412024626e+05 5.784436980167719594e+04 5.784484627046311653e+04 2.326556969618455696e+04 3.087853339546743664e+05 6.455053933283712104e+04 2.109410860269295808e+05 5.784462014982326218e+04 4.215828853498994431e+04 2.668494605902260519e+05 3.635505422676212038e+04 5.784485679151886870e+04 5.784508784122912039e+04 5.784492469816927769e+04 5.784501462220988469e+04
3.337852462658504955e+05 3.337848607095583575e+05 3.337848048707933049e+05 3.337849015726371435e+05 3.337848625653072959e+05 3.337851872244236292e+05 2.426235079178829619e+05 3.337852501597076771e+05 3.337848186971403775e+05 1.803598140081152669e+05 2.698964869440775365e+05 3.337848776479644002e+05 3.337849735872724559e+05 3.087853339546743664e+05 4.253571936822606949e+04 2.837853483378682286e+05 2.194897655514682410e+05 3.337848334494841984e+05 3.087853714127055136e+05 1.546038982503354200e+05 3.052139038525139913e+05 3.337851565048802877e+05 3.337849938853567000e+05 3.337849693231591373e+05 3.337851248722200398e+05
1.000019517906385736e+05 1.000016256583439826e+05 1.000017968353976030e+05 1.000016786728777661e+05 1.000016144727166393e+05 1.000020927314134606e+05 1.156902233220334747e+05 1.000018050673816324e+05 1.000014357594528556e+05 3.176071417846240220e+05 5.361574755114951404e+04 1.000013147896300216e+05 1.000017914360610739e+05 6.455053933283709921e+04 2.837853483378682286e+05 1.529626283463905020e+04 1.859408709080564440e+05 1.000013442677249695e+05 7.157062082756312157e+04 2.418495308143963339e+05 6.799889793489727890e+04 1.000016669755583571e+05 1.000018211997646140e+05 1.000016741688285401e+05 1.000017859286418970e+05
2.359410622153629956e+05 2.359406400375833327e+05 2.359407004474868590e+05 2.359406933465562761e+05 2.359406210221506190e+05 2.359411634421453346e+05 1.372131383344168717e+05 2.359409473647893756e+05 2.359406173030221253e+05 2.279368461214755080e+05 1.711287344863553299e+05 2.359405397392766899e+05 2.359406895571932255e+05 2.109410860269295808e+05 2.194897655514682410e+05 1.859408709080564440e+05 4.943930114006951044e+04 2.359405503681388509e+05 2.109409494940274453e+05 1.473693490426434437e+05 2.073696497102365247e+05 2.359407585142355529e+05 2.359408227610685281e+05 2.359407566273509292e+05 2.359407737818424648e+05
2.500152443136483271e+04 1.052948668659234865e+00 1.194166279069587056e+00 1.100427502521285961e+00 1.147171769679139031e+00 2.500145781193314906e+04 1.678044999201625469e+05 2.500142469233833981e+04 8.597016125069567583e-01 3.676066401703141164e+05 1.314341128898116003e+05 7.778167291763854463e-01 1.322866482116350495e+00 5.784462014982326218e+04 3.337848334494841984e+05 1.000013442677249695e+05 2.359405503681388509e+05 3.282172974614627203e-01 7.500157435054157395e+04 2.918489112330912030e+05 7.857277870144930785e+04 3.126314150197687468e+03 1.215266035335300199e+00 1.151046358076952769e+00 1.293072302672193530e+00
7.500160136836362653e+04 7.500141758591348480e+04 7.500170849259039096e+04 7.500177564869211346e+04 7.500153041652511456e+04 7.500161139501887374e+04 1.428047911280241387e+05 7.500180284761737857e+04 7.500113784131121065e+04 3.426070230456202407e+05 1.064345413113868563e+05 7.500116353171845549e+04 7.500166914141489542e+04 4.215828853498994431e+04 3.087853714127055136e+05 7.157062082756312157e+04 2.109409494940274162e+05 7.500157435054157395e+04 5.647617227314266630e-01 2.668496032392961788e+05 2.232315112857173153e+04 7.500183328768127831e+04 7.500186552097089589e+04 7.500185232341004303e+04 7.500181526660354575e+04
2.918494900485242833e+05 2.918490320071331225e+05 2.918490374084605137e+05 2.918489898448396707e+05 2.918490221949326806e+05 2.918494296762437443e+05 2.006875723316511430e+05 2.918494175515549141e+05 2.918490596108571044e+05 2.175602217291867710e+05 2.279606153540014056e+05 2.918490781332506449e+05 2.918491106006021146e+05 2.668494605902260519e+05 1.546038982503354200e+05 2.418495308143963339e+05 1.473693490426434437e+05 2.918489112330912030e+05 2.668496032392961788e+05 7.237304999220324680e+04 2.632778419583004434e+05 2.918492798633424100e+05 2.918491151959752897e+05 2.918491691474986146e+05 2.918492659377567470e+05
7.857339056026532489e+04 7.857303255781433836e+04 7.857319748998757859e+04 7.857309396907665359e+04 7.857310043940339528e+04 7.857327550039220660e+04 1.392334451849998441e+05 7.857327212071701069e+04 7.857279323959515023e+04 3.390357345935815829e+05 1.028630242707313737e+05 7.857281660330174782e+04 7.857323237620807777e+04 3.635505422676211310e+04 3.052139038525139913e+05 6.799889793489727890e+04 2.073696497102364956e+05 7.857277870144930785e+04 2.232315112857173153e+04 2.632778419583004434e+05 1.549796471621403180e+04 7.857329019348639122e+04 7.857311292675021105e+04 7.857318145482377440e+04 7.857324569703469751e+04
2.500169902635771723e+04 3.126671473196168790e+03 3.126782291906002683e+03 3.126700475457440461e+03 3.126714614515131871e+03 2.187677316393369620e+04 1.678048967365116114e+05 2.461092816773321101e+04 3.126428447279613920e+03 3.676068971962251235e+05 1.314345484250684676e+05 3.126234131298855573e+03 3.126801234953782568e+03 5.784485679151886870e+04 3.337851565048802877e+05 1.000016669755583571e+05 2.359407585142354947e+05 3.126314150197687468e+03 7.500183328768127831e+04 2.918492798633424100e+05 7.857329019348640577e+04 5.469296261988638435e+03 3.126666248607418311e+03 3.126598774715298532e+03 3.126524550165850542e+03
2.500168432824425690e+04 1.526304252452887145e+00 1.599553374690250829e+00 1.407403412227751005e+00 1.561877068351313680e+00 2.500191197065529559e+04 1.678048705534605833e+05 2.500161025364732268e+04 1.340473594990932327e+00 3.676068834135867073e+05 1.314345396783516626e+05 1.145210047196858705e+00 1.668729500119118692e+00 5.784508784122911311e+04 3.337849938853567000e+05 1.000018211997646140e+05 2.359408227610685281e+05 1.215266035335299977e+00 7.500186552097089589e+04 2.918491151959752897e+05 7.857311292675021105e+04 3.126666248607418311e+03 4.302170945317236317e-01 1.410399020253924718e+00 1.433042078475767367e+00
2.500178960124502919e+04 1.412056631713080046e+00 1.454370773554691354e+00 1.203389240803776739e+00 1.453766264707423206e+00 2.500183893766391702e+04 1.678047771148901666e+05 2.500167848026880165e+04 1.244562338386313138e+00 3.676068355483971536e+05 1.314344001683074166e+05 1.156822226117525831e+00 1.527178471741655885e+00 5.784492469816927769e+04 3.337849693231591373e+05 1.000016741688285401e+05 2.359407566273509001e+05 1.151046358076952769e+00 7.500185232341004303e+04 2.918491691474986146e+05 7.857318145482377440e+04 3.126598774715298532e+03 1.410399020253924718e+00 4.789813476622943877e-01 1.605266958930398280e+00
2.500180946411929835e+04 1.552688687638662302e+00 1.652835039209458845e+00 1.626951705391998626e+00 1.592336464332452017e+00 2.500187251235107396e+04 1.678049451769203879e+05 2.500169090119042448e+04 1.337104463028416568e+00 3.676069608393628150e+05 1.314346084102683235e+05 1.111905649128553053e+00 1.660775443718359501e+00 5.784501462220988469e+04 3.337851248722200398e+05 1.000017859286418970e+05 2.359407737818424648e+05 1.293072302672193752e+00 7.500181526660354575e+04 2.918492659377567470e+05 7.857324569703471207e+04 3.126524550165850997e+03 1.433042078475767367e+00 1.605266958930398280e+00 5.286187431171598394e-01
