3.688545700289002707e+04 2.202004422656045062e+05 2.202006592740271881e+05 1.990085273289008182e+05 3.411015409760221373e+05 2.202006203130907961e+05 2.007600849141080980e+05 1.609739638901774888e+05 2.631891475977525697e+05 2.202004462916191551e+05 2.202002923727975285e+05 2.202006496067381813e+05 1.270386153033668088e+05 2.202006806107967568e+05 9.530847193503900780e+04 4.389778003899427131e+05 2.202004746150276624e+05 2.202002210042976658e+05 2.202006826824266172e+05 2.202004333199959074e+05 1.508976579804199573e+05 1.230487661526650918e+05 1.925452913167583756e+05 2.093506312650853069e+05 2.202005285318839597e+05
2.202004422656045062e+05 6.100214877472257546e-01 3.650264204379974399e+04 3.070346898260321468e+05 4.344487960891611874e+05 1.184071868411092692e+04 6.906819511862471700e+04 1.081048136198177672e+05 3.659755757840687293e+05 1.311590739875055478e+00 1.275252063003956771e+00 3.378130720019909495e+04 1.589626553959164885e+05 2.528616956250675503e+04 1.770763301047165296e+05 5.235816154460659600e+05 1.258161477164604136e+00 1.140953630647385308e+00 3.964937240088941326e+04 4.106309153086281185e+03 1.290209839797630993e+05 2.585663659264088783e+05 7.704616227402965887e+04 5.323601312227680319e+04 1.397650358343805577e+00
2.202006592740271590e+05 3.650264204379974399e+04 2.565308169506774902e+03 3.070349551470500301e+05 4.344490120662289555e+05 2.466341667572603183e+04 5.227989106640560203e+04 1.036996441936230112e+05 3.659758377227404853e+05 3.650267469099682785e+04 3.650249569770018570e+04 3.006067151771378121e+03 1.589628386461693153e+05 1.149339820031768795e+04 1.770764580093232507e+05 5.235818017346871784e+05 3.650271228870513733e+04 3.650233495949033386e+04 1.153472578011668338e+04 3.239762726379014930e+04 1.260843215703969763e+05 2.585665708119554620e+05 6.787613021497943555e+04 2.989501705950879114e+04 3.650275217081912706e+04
1.990085273289008182e+05 3.070346898260321468e+05 3.070349551470500301e+05 5.685720860281142086e+04 2.886553505861550802e+05 3.070347914649264421e+05 2.894138465753970668e+05 2.717926554864019272e+05 1.869090270468935487e+05 3.070347014911996666e+05 3.070345833206141251e+05 3.070348730055569322e+05 2.443317554042872507e+05 3.070349153670229134e+05 2.313358323527723551e+05 3.821012091310719843e+05 3.070347007055586437e+05 3.070345535867616418e+05 3.070349905242904788e+05 3.070346684557610424e+05 2.629420479815888684e+05 1.424034910009099403e+05 2.894138885694522178e+05 2.961849302300027339e+05 3.070347293296258431e+05
3.411015409760220791e+05 4.344487960891611874e+05 4.344490120662289555e+05 2.886553505861550220e+05 9.695161285153937934e+04 4.344488310711313970e+05 4.205805325865109335e+05 4.029594467564978404e+05 2.396981513162216288e+05 4.344488265677421005e+05 4.344487863544502179e+05 4.344489628997877589e+05 3.787304889198083547e+05 4.344490015884168097e+05 3.723601705824857345e+05 2.880811005623122910e+05 4.344487704521680716e+05 4.344487518897080445e+05 4.344490916647855192e+05 4.344488086771142553e+05 3.956173921118993312e+05 3.230684498576557380e+05 4.205806410407248768e+05 4.272126346831466653e+05 4.344488215693235979e+05
2.202006203130907961e+05 1.184071868411092692e+04 2.466341667572603183e+04 3.070347914649264421e+05 4.344488310711313970e+05 3.545502637907028202e+03 6.406228003316558170e+04 1.081049376169614843e+05 3.659756637141066603e+05 1.184078473279573882e+04 1.184068241286842385e+04 2.194196743306939243e+04 1.589627918027808482e+05 1.344675011266287765e+04 1.770764642188988801e+05 5.235816807765381527e+05 1.184071201407330409e+04 1.184049784209341669e+04 2.781015181497670710e+04 7.735602822449635823e+03 1.290211183152720623e+05 2.585664596777976549e+05 7.484360477401771641e+04 4.401242567614819563e+04 1.184065633312725367e+04
2.007600849141080980e+05 6.906819511862471700e+04 5.227989106640559476e+04 2.894138465753970668e+05 4.205805325865108753e+05 6.406228003316558170e+04 6.960402046705879002e+03 7.616096721888522734e+04 3.483547272010963643e+05 6.906823574226822529e+04 6.906805069167484180e+04 5.353853595123035484e+04 1.348450381129782472e+05 5.631227832688544731e+04 1.540599954159100016e+05 5.103659535956248292e+05 6.906823921434994554e+04 6.906785826193337562e+04 4.913324015382413199e+04 6.855846897890428954e+04 1.019663773979332909e+05 2.402172890857352468e+05 3.084125403773079233e+04 2.891402348566200089e+04 6.906831280034843076e+04
1.609739638901774888e+05 1.081048136198177672e+05 1.036996441936230112e+05 2.717926554864019272e+05 4.029594467564978404e+05 1.081049376169614843e+05 7.616096721888522734e+04 1.538822961979563843e+04 3.307335961300210911e+05 1.081048552148503659e+05 1.081046683583955892e+05 1.036997048942551046e+05 8.014177460643809172e+04 1.051681764054801752e+05 1.106422577760882268e+05 4.927448545321083511e+05 1.081049034979867138e+05 1.081045029927263968e+05 1.036997674836212391e+05 1.081048047895881900e+05 4.126733806413118873e+04 2.109510707617241424e+05 5.539892201164705330e+04 8.918938197051806492e+04 1.081049538112232840e+05
2.631891475977525697e+05 3.659755757840687293e+05 3.659758377227404853e+05 1.869090270468934905e+05 2.396981513162216288e+05 3.659756637141066603e+05 3.483547272010963643e+05 3.307335961300210911e+05 9.592245490508306830e+04 3.659755295870715054e+05 3.659755170705883647e+05 3.659757423407270107e+05 3.065046061405177461e+05 3.659757330982727581e+05 2.976850278741056100e+05 3.370008362618002575e+05 3.659755914452639990e+05 3.659754616110795178e+05 3.659758537029621075e+05 3.659755265508783632e+05 3.233915089387964108e+05 2.328036303843884962e+05 3.483547204574065399e+05 3.551257984532866394e+05 3.659756373394036200e+05
2.202004462916191551e+05 1.311590739875055478e+00 3.650267469099682785e+04 3.070347014911996666e+05 4.344488265677421005e+05 1.184078473279573882e+04 6.906823574226822529e+04 1.081048552148503659e+05 3.659755295870715054e+05 6.214196733686028207e-01 1.111657562213137940e+00 3.378130279307580349e+04 1.589624879205685575e+05 2.528607930898863196e+04 1.770761860305501614e+05 5.235815229569094372e+05 1.353998641356034760e+00 1.013016380912725722e+00 3.964927258419119607e+04 4.106167440189883564e+03 1.290208460398106108e+05 2.585662307777326496e+05 7.704604676311560615e+04 5.323602919596601714e+04 1.488611924603666203e+00
2.202002923727975285e+05 1.275252063003956771e+00 3.650249569770018570e+04 3.070345833206141251e+05 4.344487863544502179e+05 1.184068241286842385e+04 6.906805069167484180e+04 1.081046683583955892e+05 3.659755170705883647e+05 1.111657562213137940e+00 5.749028381419815092e-01 3.378118418048330932e+04 1.589623339942287712e+05 2.528596164839333869e+04 1.770760137792449095e+05 5.235814791711251601e+05 1.344069336523383118e+00 7.731667153552148619e-01 3.964910358349572925e+04 4.106036989491960412e+03 1.290206766424356611e+05 2.585660747652904247e+05 7.704587720962267485e+04 5.323584898635721765e+04 1.403946671906509680e+00
2.202006496067381813e+05 3.378130720019909495e+04 3.006067151771379031e+03 3.070348730055569322e+05 4.344489628997877589e+05 2.194196743306939243e+04 5.353853595123034029e+04 1.036997048942551046e+05 3.659757423407270107e+05 3.378130279307581077e+04 3.378118418048330932e+04 1.954696250259402404e+03 1.589628599002385745e+05 8.771951371761972041e+03 1.770765297611652641e+05 5.235817369226688752e+05 3.378131595960557752e+04 3.378099628198119171e+04 1.321755755233836317e+04 2.967626299452562307e+04 1.260842823332180124e+05 2.585665104030047369e+05 6.823569729320556507e+04 3.120950943217654276e+04 3.378133926205352327e+04
1.270386153033668088e+05 1.589626553959164885e+05 1.589628386461693153e+05 2.443317554042872507e+05 3.787304889198083547e+05 1.589627918027808773e+05 1.348450381129782472e+05 8.014177460643809172e+04 3.065046061405177461e+05 1.589624879205685575e+05 1.589623339942287712e+05 1.589628599002385745e+05 2.496261472367217721e+04 1.589627590017301554e+05 6.284007204305430787e+04 4.685157332937569008e+05 1.589627125332493742e+05 1.589622358121318975e+05 1.589627766414048383e+05 1.589625013765567273e+05 5.433689170355097303e+04 1.802812728734367993e+05 1.188688031314588879e+05 1.459101324364781030e+05 1.589627590862517536e+05
2.202006806107967568e+05 2.528616956250675867e+04 1.149339820031768795e+04 3.070349153670229134e+05 4.344490015884168097e+05 1.344675011266287765e+04 5.631227832688545459e+04 1.051681764054801752e+05 3.659757330982727581e+05 2.528607930898863196e+04 2.528596164839333869e+04 8.771951371761972041e+03 1.589627590017301554e+05 6.231005486881852448e+03 1.770764317074817081e+05 5.235816318900226033e+05 2.528615498830851720e+04 2.528576800982894565e+04 1.587902267219974601e+04 2.118099518716098828e+04 1.270631557318414416e+05 2.585664176486489014e+05 6.970403220999772020e+04 3.400872835809239041e+04 2.528618721596497198e+04
9.530847193503899325e+04 1.770763301047165296e+05 1.770764580093232507e+05 2.313358323527723551e+05 3.723601705824857345e+05 1.770764642188988801e+05 1.540599954159100016e+05 1.106422577760882268e+05 2.976850278741055517e+05 1.770761860305501614e+05 1.770760137792449095e+05 1.770765297611652641e+05 6.284007204305430787e+04 1.770764317074817081e+05 3.705645218969245616e+04 4.622749101891203318e+05 1.770763850686460210e+05 1.770759301380900724e+05 1.770764833590139751e+05 1.770761971651766798e+05 9.667126331268039939e+04 1.606729227175067062e+05 1.435749771211596963e+05 1.645744693532742967e+05 1.770764433138038148e+05
4.389778003899427131e+05 5.235816154460659600e+05 5.235818017346871784e+05 3.821012091310719843e+05 2.880811005623122910e+05 5.235816807765381527e+05 5.103659535956248292e+05 4.927448545321083511e+05 3.370008362618002575e+05 5.235815229569093790e+05 5.235814791711251601e+05 5.235817369226688752e+05 4.685157332937569008e+05 5.235816318900226033e+05 4.622749101891203318e+05 1.258508843762275937e+05 5.235815799211933627e+05 5.235814599903167109e+05 5.235816989455032744e+05 5.235815073191169067e+05 4.854026378703926457e+05 4.056705373629771639e+05 5.103659601598689333e+05 5.169738559270614060e+05 5.235816404767429340e+05
2.202004746150276624e+05 1.258161477164604136e+00 3.650271228870513733e+04 3.070347007055586437e+05 4.344487704521680716e+05 1.184071201407330409e+04 6.906823921434994554e+04 1.081049034979867138e+05 3.659755914452639990e+05 1.353998641356035204e+00 1.344069336523383118e+00 3.378131595960557752e+04 1.589627125332493451e+05 2.528615498830851720e+04 1.770763850686460210e+05 5.235815799211933627e+05 6.118051718618607859e-01 1.202031235852975222e+00 3.964943202441717585e+04 4.106356479798387227e+03 1.290210235099954589e+05 2.585663626064440468e+05 7.704623357589551597e+04 5.323604267033782526e+04 1.363736131433329613e+00
2.202002210042976949e+05 1.140953630647385086e+00 3.650233495949033386e+04 3.070345535867616418e+05 4.344487518897080445e+05 1.184049784209341669e+04 6.906785826193337562e+04 1.081045029927263968e+05 3.659754616110794013e+05 1.013016380912725722e+00 7.731667153552149729e-01 3.378099628198119171e+04 1.589622358121319267e+05 2.528576800982894565e+04 1.770759301380900724e+05 5.235814599903167109e+05 1.202031235852975444e+00 4.033498773676352789e-01 3.964895516040866642e+04 4.105907988465876770e+03 1.290205259267997753e+05 2.585660182525016426e+05 7.704570951578751556e+04 5.323566576914373582e+04 1.267627580699487888e+00
2.202006826824266172e+05 3.964937240088941326e+04 1.153472578011668156e+04 3.070349905242904788e+05 4.344490916647855192e+05 2.781015181497670710e+04 4.913324015382413199e+04 1.036997674836212391e+05 3.659758537029621075e+05 3.964927258419119607e+04 3.964910358349572925e+04 1.321755755233836135e+04 1.589627766414048383e+05 1.587902267219974237e+04 1.770764833590139751e+05 5.235816989455032744e+05 3.964943202441717585e+04 3.964895516040866642e+04 6.605617828618531862e-01 3.554423890741886134e+04 1.260842760968473303e+05 2.585664958516191400e+05 6.697702919926836330e+04 2.402168596105439428e+04 3.964944733799688402e+04
2.202004333199959074e+05 4.106309153086281185e+03 3.239762726379014930e+04 3.070346684557610424e+05 4.344488086771142553e+05 7.735602822449635823e+03 6.855846897890428954e+04 1.081048047895881900e+05 3.659755265508783632e+05 4.106167440189883564e+03 4.106036989491961322e+03 2.967626299452562307e+04 1.589625013765566982e+05 2.118099518716098828e+04 1.770761971651766798e+05 5.235815073191169067e+05 4.106356479798387227e+03 4.105907988465876770e+03 3.554423890741886862e+04 2.963216073039686307e+03 1.290208530187994329e+05 2.585661929979205015e+05 7.704601615779502026e+04 5.078298065991921612e+04 4.106383016000028874e+03
1.508976579804199282e+05 1.290209839797630993e+05 1.260843215703969909e+05 2.629420479815888684e+05 3.956173921118993312e+05 1.290211183152720623e+05 1.019663773979332909e+05 4.126733806413118145e+04 3.233915089387964108e+05 1.290208460398106108e+05 1.290206766424356611e+05 1.260842823332180124e+05 5.433689170355097303e+04 1.270631557318414561e+05 9.667126331268038484e+04 4.854026378703926457e+05 1.290210235099954589e+05 1.290205259267997899e+05 1.260842760968473303e+05 1.290208530187994329e+05 2.072641381214812645e+04 2.039032108317048114e+05 8.554070074903148634e+04 1.130315048127599439e+05 1.290210929395843559e+05
1.230487661526650918e+05 2.585663659264088783e+05 2.585665708119554620e+05 1.424034910009099403e+05 3.230684498576557380e+05 2.585664596777976549e+05 2.402172890857352468e+05 2.109510707617241424e+05 2.328036303843884671e+05 2.585662307777326496e+05 2.585660747652903956e+05 2.585665104030047369e+05 1.802812728734367993e+05 2.585664176486489014e+05 1.606729227175067062e+05 4.056705373629771639e+05 2.585663626064440468e+05 2.585660182525016426e+05 2.585664958516191400e+05 2.585661929979204724e+05 2.039032108317047823e+05 5.070743545811453805e+04 2.345070855088050594e+05 2.477165598131382139e+05 2.585664033894709137e+05
1.925452913167583756e+05 7.704616227402965887e+04 6.787613021497943555e+04 2.894138885694522178e+05 4.205806410407248768e+05 7.484360477401771641e+04 3.084125403773079233e+04 5.539892201164705330e+04 3.483547204574065399e+05 7.704604676311559160e+04 7.704587720962267485e+04 6.823569729320556507e+04 1.188688031314588879e+05 6.970403220999773475e+04 1.435749771211596963e+05 5.103659601598689333e+05 7.704623357589551597e+04 7.704570951578751556e+04 6.697702919926836330e+04 7.704601615779502026e+04 8.554070074903148634e+04 2.345070855088050594e+05 1.628458165931615804e+04 4.970032071549766988e+04 7.704622487207950326e+04
2.093506312650853069e+05 5.323601312227680319e+04 2.989501705950879114e+04 2.961849302300027339e+05 4.272126346831466653e+05 4.401242567614819563e+04 2.891402348566200089e+04 8.918938197051805037e+04 3.551257984532865812e+05 5.323602919596601714e+04 5.323584898635721765e+04 3.120950943217654276e+04 1.459101324364781030e+05 3.400872835809239041e+04 1.645744693532742967e+05 5.169738559270614060e+05 5.323604267033782526e+04 5.323566576914373582e+04 2.402168596105439428e+04 5.078298065991921612e+04 1.130315048127599439e+05 2.477165598131382139e+05 4.970032071549766988e+04 1.792475531505264007e+04 5.323609129817366920e+04
2.202005285318839597e+05 1.397650358343805577e+00 3.650275217081912706e+04 3.070347293296258431e+05 4.344488215693235979e+05 1.184065633312725367e+04 6.906831280034843076e+04 1.081049538112232840e+05 3.659756373394036200e+05 1.488611924603666203e+00 1.403946671906509680e+00 3.378133926205352327e+04 1.589627590862517536e+05 2.528618721596497198e+04 1.770764433138038148e+05 5.235816404767429340e+05 1.363736131433329613e+00 1.267627580699487888e+00 3.964944733799688402e+04 4.106383016000028874e+03 1.290210929395843559e+05 2.585664033894709428e+05 7.704622487207950326e+04 5.323609129817366920e+04 6.310300871039783432e-01
