3.783467995306002418e-01 1.456382966157241832e+00 1.754499902245357225e+04 2.501922003848591703e+05 1.412349301139176339e+00 1.150608166807589594e+00 9.141435146063285356e+04 1.432763257624985417e+05 1.111126203116182151e+05 1.531641258290347141e+00 3.838116118896624539e+05 1.373460505297972256e+00 2.908569805721415323e+05 1.035648787654072533e+00 3.508917654740894795e+04 3.508870204621997254e+04 1.072329887976710916e+00 2.221392195375482843e+05 1.228084937758394954e+05 1.452701972514763185e+00 3.532137915619278210e+05 1.851866090372096805e+05 1.527622714665259673e+00 9.332748660580653111e-01 1.331663807957957024e+00
1.456382966157241832e+00 4.153330400291214697e-01 1.754540489340960266e+04 2.501922176381407771e+05 1.638465172308097850e+00 1.622088846881952540e+00 9.141437073069361213e+04 1.432766756170713343e+05 1.111128487597555650e+05 1.490862835604334746e+00 3.838115103974247468e+05 1.276436530657485191e+00 2.908572599835442961e+05 1.025199308994396707e+00 3.508914323194815370e+04 3.508925863951436622e+04 1.189839148283664549e+00 2.221395689667126280e+05 1.228088426700871642e+05 1.461180859828947076e+00 3.532139849520393764e+05 1.851869330727188208e+05 1.275508518561500271e+00 9.491313850624812920e-01 1.396678142168267245e+00
1.754499902245357225e+04 1.754540489340960266e+04 1.754425516097510263e+04 2.326483136556196841e+05 1.754538215132811092e+04 1.754498509092533277e+04 7.387046060188481351e+04 1.257324470221655065e+05 9.356878015232685721e+04 1.754557421372648969e+04 3.662677413244612399e+05 1.754528083088230778e+04 2.733131881139188772e+05 1.754499698605658705e+04 1.754515253043561097e+04 1.754483409268964169e+04 1.754506978405285918e+04 2.045954039707530756e+05 1.052646709572911495e+05 1.754550721276965487e+04 3.356699603981541004e+05 1.676427593857447209e+05 1.754551325641169024e+04 1.754493969957941226e+04 1.754531708233597237e+04
2.501922003848591703e+05 2.501922176381407771e+05 2.326483136556196841e+05 2.388345491320466317e+04 2.501925453077985439e+05 2.501923050495777570e+05 1.587796824361011968e+05 1.108163066485917079e+05 1.390814215076489781e+05 2.501924098393451713e+05 2.025251936379791587e+05 2.501921545244167792e+05 8.068605230094102444e+04 2.501919076369916147e+05 2.151043428007975745e+05 2.151043729940925841e+05 2.501919228404571768e+05 4.294828992429529899e+04 1.273855732650190621e+05 2.501923374859734031e+05 1.705780408536491741e+05 7.085534584030462429e+04 2.501923117739301233e+05 2.501918591091753624e+05 2.501924540228749102e+05
1.412349301139176339e+00 1.638465172308097850e+00 1.754538215132811092e+04 2.501925453077985439e+05 3.590289004360675551e-01 1.450019584484613988e+00 9.141446097874942643e+04 1.432765894668529800e+05 1.111127262816924194e+05 1.588536302128001676e+00 3.838117267730061430e+05 1.633006951320176148e+00 2.908571707737683901e+05 1.295504398331269735e+00 3.508958051105109917e+04 3.508928111775957223e+04 1.469965436585622509e+00 2.221395741454984527e+05 1.228087105103147042e+05 1.494854857944949211e+00 3.532139470674773911e+05 1.851868460958948126e+05 1.584998949373710442e+00 1.251027865183570453e+00 1.423274318586631004e+00
1.150608166807589594e+00 1.622088846881952540e+00 1.754498509092533277e+04 2.501923050495777570e+05 1.450019584484613988e+00 3.555972096316388775e-01 9.141447389514329552e+04 1.432764725724096934e+05 1.111126836357910361e+05 1.671770729021992086e+00 3.838116067305371398e+05 1.368598615547438113e+00 2.908569669578261673e+05 1.178146446089311850e+00 3.508916484680442227e+04 3.508898949534251733e+04 1.300680228571493791e+00 2.221393446979045111e+05 1.228086600893957220e+05 1.599646976150770117e+00 3.532138089732209919e+05 1.851866874874581408e+05 1.644304052274848660e+00 1.094796473197005460e+00 1.483177155077524789e+00
9.141435146063285356e+04 9.141437073069361213e+04 7.387046060188482807e+04 1.587796824361011968e+05 9.141446097874942643e+04 9.141447389514329552e+04 5.832193664745037495e+03 5.186381630659227085e+04 1.969976026853191797e+04 9.141424142456904519e+04 2.960924596379068680e+05 9.141440255837993755e+04 2.017775067323015537e+05 9.141387720916974649e+04 5.632637540259942762e+04 5.632650311554996006e+04 9.141408942556472903e+04 1.307270876479693979e+05 3.139595543688410544e+04 9.141436944886224228e+04 2.654949074514810345e+05 9.377423459210188594e+04 9.141436026293761097e+04 9.141383827013956034e+04 9.141444594877959753e+04
1.432763257624985417e+05 1.432766756170713343e+05 1.257324470221654919e+05 1.108163066485916934e+05 1.432765894668529800e+05 1.432764725724096934e+05 5.186381630659227085e+04 2.095569532905728192e+04 3.216541871954328599e+04 1.432766668036317278e+05 2.697769471148585435e+05 1.432766054333870125e+05 1.703588743328939308e+05 1.432762853493794100e+05 1.081887873366745771e+05 1.081884978535732953e+05 1.432763269797893008e+05 7.886473363445462019e+04 2.046916358558263892e+04 1.432766652929787233e+05 2.391790503946492390e+05 4.191178305745084072e+04 1.432766145795747580e+05 1.432761322817393229e+05 1.432764682152391470e+05
1.111126203116182151e+05 1.111128487597555650e+05 9.356878015232685721e+04 1.390814215076489781e+05 1.111127262816924194e+05 1.111126836357910361e+05 1.969976026853191797e+04 3.216541871954328599e+04 7.797860901283985186e+03 1.111128121011347539e+05 2.902445858407164342e+05 1.111127805949121976e+05 1.908265863675416331e+05 1.111123761378780764e+05 7.602494071695285675e+04 7.602483583182729490e+04 1.111125168424034782e+05 1.110285765590308729e+05 1.169740666168199277e+04 1.111128195948411158e+05 2.596469244452269631e+05 7.407561322424116952e+04 1.111128951601471053e+05 1.111122813169412111e+05 1.111128066394333146e+05
1.531641258290347141e+00 1.490862835604334746e+00 1.754557421372648969e+04 2.501924098393451713e+05 1.588536302128001676e+00 1.671770729021992308e+00 9.141424142456904519e+04 1.432766668036317278e+05 1.111128121011347539e+05 4.469125121119761901e-01 3.838116693432625034e+05 1.532947563464784002e+00 2.908574063931935234e+05 1.173921730077456038e+00 3.508934813786709128e+04 3.508944067490144516e+04 1.324135723482540383e+00 2.221398304926824057e+05 1.228088905783658556e+05 1.394373902789193487e+00 3.532141508856856963e+05 1.851870328827039048e+05 1.397648950630367315e+00 1.109329023932549063e+00 1.620803605656047086e+00
3.838116118896625121e+05 3.838115103974248632e+05 3.662677413244612399e+05 2.025251936379791587e+05 3.838117267730061430e+05 3.838116067305371398e+05 2.960924596379068680e+05 2.697769471148585435e+05 2.902445858407164342e+05 3.838116693432625034e+05 3.748797324995960662e+04 3.838114408931159996e+05 1.583436696075715008e+05 3.838113193259130931e+05 3.487237833647428197e+05 3.487238461175521370e+05 3.838113630086869234e+05 2.229930739065253292e+05 2.785488095094869495e+05 3.838115992349287262e+05 1.160970994519247906e+05 2.337144387898319692e+05 3.838116058565086569e+05 3.838112962011172203e+05 3.838117277631831821e+05
1.373460505297972034e+00 1.276436530657485191e+00 1.754528083088230778e+04 2.501921545244167792e+05 1.633006951320176148e+00 1.368598615547438113e+00 9.141440255837993755e+04 1.432766054333870125e+05 1.111127805949121976e+05 1.532947563464784002e+00 3.838114408931159996e+05 3.872154102728852521e-01 2.908571245181690319e+05 1.049859211335693931e+00 3.508903340632859909e+04 3.508915751919032482e+04 1.073897296645143662e+00 2.221395463492053095e+05 1.228088177082426701e+05 1.520695390735894437e+00 3.532139305472025299e+05 1.851868973086232727e+05 1.423122878350193687e+00 9.119245504596219520e-01 1.508389123401436605e+00
2.908569805721415323e+05 2.908572599835442961e+05 2.733131881139189354e+05 8.068605230094102444e+04 2.908571707737684483e+05 2.908569669578261673e+05 2.017775067323015828e+05 1.703588743328939308e+05 1.908265863675416331e+05 2.908574063931935234e+05 1.583436696075715008e+05 2.908571245181690902e+05 3.888315709102400433e+04 2.908569817887482932e+05 2.557695790820253605e+05 2.557692145850440429e+05 2.908570188524450641e+05 1.094049669378721446e+05 1.791307754573885177e+05 2.908574010816346272e+05 1.274926026668849081e+05 1.342964825866168540e+05 2.908574442556787399e+05 2.908569972023760783e+05 2.908571848087885301e+05
1.035648787654072756e+00 1.025199308994396707e+00 1.754499698605658705e+04 2.501919076369916147e+05 1.295504398331270179e+00 1.178146446089311850e+00 9.141387720916974649e+04 1.432762853493794100e+05 1.111123761378780764e+05 1.173921730077456038e+00 3.838113193259130931e+05 1.049859211335693931e+00 2.908569817887482932e+05 2.556175263149897958e-01 3.508880773980972299e+04 3.508877611442736088e+04 6.810630198019460568e-01 2.221392612159187265e+05 1.228084296697547834e+05 1.139864260772319948e+00 3.532138014152738033e+05 1.851865619878686848e+05 1.093007624281854717e+00 3.923839002882877902e-01 1.194484895899408317e+00
3.508917654740894795e+04 3.508914323194815370e+04 1.754515253043561097e+04 2.151043428007975745e+05 3.508958051105109917e+04 3.508916484680442227e+04 5.632637540259942762e+04 1.081887873366745771e+05 7.602494071695285675e+04 3.508934813786709128e+04 3.487237833647428197e+05 3.508903340632859909e+04 2.557695790820253605e+05 3.508880773980972299e+04 3.973699148142587623e-01 1.141671113039180785e+00 3.508894517792935949e+04 1.870517445184346288e+05 8.772102232912956970e+04 3.508932268785643828e+04 3.181262677045082091e+05 1.500991611179148604e+05 3.508930136933160975e+04 3.508871693136556860e+04 3.508938349939786713e+04
3.508870204621997254e+04 3.508925863951436622e+04 1.754483409268964169e+04 2.151043729940925841e+05 3.508928111775957223e+04 3.508898949534251733e+04 5.632650311554996006e+04 1.081884978535732953e+05 7.602483583182729490e+04 3.508944067490144516e+04 3.487238461175521370e+05 3.508915751919032482e+04 2.557692145850440429e+05 3.508877611442736088e+04 1.141671113039180785e+00 3.820136449083934016e-01 3.508881069830991328e+04 1.870514035526808293e+05 8.772072838549222797e+04 3.508931418092737295e+04 3.181259842828951078e+05 1.500988028889588604e+05 3.508929653315042378e+04 3.508868662153028708e+04 3.508910844792044372e+04
1.072329887976710916e+00 1.189839148283664549e+00 1.754506978405285918e+04 2.501919228404571477e+05 1.469965436585622509e+00 1.300680228571493791e+00 9.141408942556472903e+04 1.432763269797893008e+05 1.111125168424034782e+05 1.324135723482540383e+00 3.838113630086869234e+05 1.073897296645143662e+00 2.908570188524450641e+05 6.810630198019460568e-01 3.508894517792935949e+04 3.508881069830991328e+04 3.484952102190656542e-01 2.221392777404278750e+05 1.228085151676029345e+05 1.327197590525905913e+00 3.532138296802089899e+05 1.851866119035657612e+05 1.278893460102152213e+00 6.237321591210643890e-01 1.388615204329086028e+00
2.221392195375482843e+05 2.221395689667126280e+05 2.045954039707530756e+05 4.294828992429529899e+04 2.221395741454984527e+05 2.221393446979045111e+05 1.307270876479693979e+05 7.886473363445462019e+04 1.110285765590308729e+05 2.221398304926824057e+05 2.229930739065253292e+05 2.221395463492053095e+05 1.094049669378721155e+05 2.221392612159187265e+05 1.870517445184346288e+05 1.870514035526808293e+05 2.221392777404278750e+05 1.786223919777924311e+04 9.933242697599426901e+04 2.221396120592188963e+05 1.913053074731335510e+05 3.695411645515752753e+04 2.221396577018722310e+05 2.221392100110916072e+05 2.221394964832199621e+05
1.228084937758394954e+05 1.228088426700871642e+05 1.052646709572911495e+05 1.273855732650190475e+05 1.228087105103147042e+05 1.228086600893957220e+05 3.139595543688411271e+04 2.046916358558263892e+04 1.169740666168199277e+04 1.228088905783658556e+05 2.785488095094869495e+05 1.228088177082426701e+05 1.791307754573885177e+05 1.228084296697547834e+05 8.772102232912956970e+04 8.772072838549222797e+04 1.228085151676029345e+05 9.933242697599426901e+04 4.631471723690936959e-01 1.228088292780390620e+05 2.479509861375926994e+05 6.237966570703730395e+04 1.228088245516133320e+05 1.228082714273495076e+05 1.228086990475226485e+05
1.452701972514763185e+00 1.461180859828947076e+00 1.754550721276965487e+04 2.501923374859734031e+05 1.494854857944949211e+00 1.599646976150770117e+00 9.141436944886224228e+04 1.432766652929787233e+05 1.111128195948411158e+05 1.394373902789193487e+00 3.838115992349286680e+05 1.520695390735894437e+00 2.908574010816346272e+05 1.139864260772319948e+00 3.508932268785643828e+04 3.508931418092737295e+04 1.327197590525905913e+00 2.221396120592188963e+05 1.228088292780390620e+05 5.441966073565385198e-01 3.532141323106858181e+05 1.851869831439706613e+05 1.280625501261734689e+00 1.013405643953704249e+00 1.419272991655355476e+00
3.532137915619278210e+05 3.532139849520393764e+05 3.356699603981541004e+05 1.705780408536491741e+05 3.532139470674773329e+05 3.532138089732209919e+05 2.654949074514810345e+05 2.391790503946492390e+05 2.596469244452269340e+05 3.532141508856856381e+05 1.160970994519247761e+05 3.532139305472025299e+05 1.274926026668849081e+05 3.532138014152738033e+05 3.181262677045082091e+05 3.181259842828951078e+05 3.532138296802089899e+05 1.913053074731335510e+05 2.479509861375926994e+05 3.532141323106858181e+05 3.942148615781409899e+04 2.031167494533282588e+05 3.532140693308056216e+05 3.532137733137307223e+05 3.532138838877798407e+05
1.851866090372097096e+05 1.851869330727188208e+05 1.676427593857447209e+05 7.085534584030462429e+04 1.851868460958948126e+05 1.851866874874581408e+05 9.377423459210188594e+04 4.191178305745084799e+04 7.407561322424116952e+04 1.851870328827039048e+05 2.337144387898319692e+05 1.851868973086232727e+05 1.342964825866168540e+05 1.851865619878686848e+05 1.500991611179148604e+05 1.500988028889588604e+05 1.851866119035657612e+05 3.695411645515752753e+04 6.237966570703730395e+04 1.851869831439706613e+05 2.031167494533282588e+05 8.664192953753785332e+03 1.851869520015409507e+05 1.851864799464450916e+05 1.851868061918160820e+05
1.527622714665259673e+00 1.275508518561500049e+00 1.754551325641169024e+04 2.501923117739301233e+05 1.584998949373710442e+00 1.644304052274848660e+00 9.141436026293761097e+04 1.432766145795747580e+05 1.111128951601471053e+05 1.397648950630367315e+00 3.838116058565086569e+05 1.423122878350193687e+00 2.908574442556787399e+05 1.093007624281854495e+00 3.508930136933160975e+04 3.508929653315042378e+04 1.278893460102152213e+00 2.221396577018722310e+05 1.228088245516133320e+05 1.280625501261734689e+00 3.532140693308056216e+05 1.851869520015409507e+05 3.916141607357299659e-01 9.454967209269340422e-01 1.479101099782239581e+00
9.332748660580653111e-01 9.491313850624811810e-01 1.754493969957941226e+04 2.501918591091753624e+05 1.251027865183570453e+00 1.094796473197005238e+00 9.141383827013956034e+04 1.432761322817393229e+05 1.111122813169412111e+05 1.109329023932548841e+00 3.838112962011172203e+05 9.119245504596217300e-01 2.908569972023760783e+05 3.923839002882877902e-01 3.508871693136556860e+04 3.508868662153028708e+04 6.237321591210643890e-01 2.221392100110916072e+05 1.228082714273495076e+05 1.013405643953704249e+00 3.532137733137307223e+05 1.851864799464450916e+05 9.454967209269340422e-01 1.564061710066486088e-01 1.085048963945020040e+00
1.331663807957957024e+00 1.396678142168267245e+00 1.754531708233597237e+04 2.501924540228749102e+05 1.423274318586631004e+00 1.483177155077524789e+00 9.141444594877959753e+04 1.432764682152391470e+05 1.111128066394333146e+05 1.620803605656047086e+00 3.838117277631831821e+05 1.508389123401436605e+00 2.908571848087885301e+05 1.194484895899408539e+00 3.508938349939786713e+04 3.508910844792044372e+04 1.388615204329085362e+00 2.221394964832199621e+05 1.228086990475226485e+05 1.419272991655355476e+00 3.532138838877798407e+05 1.851868061918160820e+05 1.479101099782239581e+00 1.085048963945020262e+00 4.555356640137867008e-01
