7.796105331920245574e-01 1.569690738615863390e+00 1.791452203862807568e+00 1.105754694342208386e+05 2.316838105381430978e+03 4.166868450557972392e+04 3.370654059447731124e+05 4.166888732092760620e+04 1.827932067153906326e+00 6.250243031188360328e+04 1.931320527846040136e+00 1.971787523843163914e+00 1.868539041793934485e+00 1.696438126249092456e+05 2.517139111275527976e+05 1.675702080407085903e+00 1.735232927760030686e+00 1.796538951397270045e+00 4.329663982996754930e+04 4.166887524995378044e+04 1.789791689674262942e+00 1.904471015230120745e+00 3.571635054729122930e+04 4.166872812350137974e+04 1.365636975159753685e+00
1.569690738615863390e+00 6.469366823632565211e-01 1.072765017418629396e+00 1.105748058607557905e+05 2.316486750050172759e+03 4.166838534497517685e+04 3.370648978408753756e+05 4.166836771625276015e+04 1.244527787788779927e+00 6.250169815951291093e+04 1.614008218628359970e+00 1.478779897734732396e+00 1.318239283900396464e+00 1.696431879314625112e+05 2.517133235239266360e+05 1.560812211141793249e+00 1.528257355222444769e+00 1.480412858972636636e+00 4.329607114238561189e+04 4.166839867298780882e+04 1.510950459833427795e+00 1.418636555008492950e+00 3.571592132501814194e+04 4.166835297409315535e+04 8.030432848774501364e-01
1.791452203862807568e+00 1.072765017418629396e+00 6.521794453175666639e-01 1.105748940498315496e+05 2.316584969696417829e+03 4.166845593042487599e+04 3.370648206075315829e+05 4.166857354631455382e+04 1.190883390870727254e+00 6.250190064823407738e+04 1.706271513803218731e+00 1.532123126662524149e+00 1.377622031017427640e+00 1.696432807451847184e+05 2.517133130276566662e+05 1.726914462134765404e+00 1.711300119963236721e+00 1.589738455448144627e+00 4.329625758454842435e+04 4.166852368662387016e+04 1.636219651417676557e+00 1.465649465549664576e+00 3.571600537704478484e+04 4.166848798579523282e+04 1.006452903531958709e+00
1.105754694342208531e+05 1.105748058607557905e+05 1.105748940498315496e+05 5.355065235913306969e+04 1.082605458522718982e+05 8.974222958307532826e+04 3.034591939391767373e+05 8.081356327973834414e+04 1.105750562528910377e+05 7.886005254307556606e+04 1.105754281727043417e+05 1.105753273070326541e+05 1.105750821632853622e+05 1.122064671130924835e+05 2.106465304249062610e+05 1.105755153412155050e+05 1.105754049138762202e+05 1.105753311036857049e+05 8.066080332073873433e+04 8.846672863814674201e+04 1.105754346565752203e+05 1.105751792700225924e+05 8.974201597739012504e+04 8.974207816805317998e+04 1.105747609747075621e+05
2.316838105381430978e+03 2.316486750050172759e+03 2.316584969696417829e+03 1.082605458522719273e+05 4.116007097595016603e+03 3.935373024221740343e+04 3.347504668669018429e+05 3.935394586957576394e+04 2.316605079362457218e+03 6.018749663209914434e+04 2.316746869724907810e+03 2.316787443533811711e+03 2.316681586696548948e+03 1.673288187125956465e+05 2.493990892519360641e+05 2.316784012085002360e+03 2.316809802276440678e+03 2.316871907935649233e+03 4.098180249234696385e+04 3.935381489057359431e+04 2.316889712019897161e+03 2.316681138224156712e+03 3.340121478922526148e+04 3.935372404258996539e+04 2.316197872223200648e+03
4.166868450557972392e+04 4.166838534497517685e+04 4.166845593042487599e+04 8.974222958307529916e+04 3.935373024221740343e+04 7.834749980201018982e-01 3.162320535533506190e+05 2.083557483632837102e+04 4.166850322778646660e+04 4.166909446307562757e+04 4.166864209125077468e+04 4.166868076436505362e+04 4.166863345064513123e+04 1.488105188939343207e+05 2.308805084320916794e+05 4.166864158570617292e+04 4.166870290132866648e+04 4.166870271963794949e+04 2.246342515306154019e+04 2.978257099538719558e+03 4.166870391645884956e+04 4.166864383204985643e+04 5.954161206112513355e+03 1.820800441213068499e+00 4.166803895449465199e+04
3.370654059447731124e+05 3.370648978408753756e+05 3.370648206075315829e+05 3.034591939391767373e+05 3.347504668669018429e+05 3.162320535533506190e+05 1.226400287644699129e+05 3.162320323061692179e+05 3.370648791157649248e+05 3.162319606184755685e+05 3.370652460690761218e+05 3.370650203214273206e+05 3.370650320121399127e+05 2.789438550991577213e+05 2.312745645402910595e+05 3.370653684892401798e+05 3.370653005391543848e+05 3.370652379355570301e+05 3.162320700532835326e+05 3.162320136986601865e+05 3.370651655635246425e+05 3.370650994719868177e+05 3.162320912861335673e+05 3.162320994211756624e+05 3.370648301155713270e+05
4.166888732092760620e+04 4.166836771625276015e+04 4.166857354631455382e+04 8.081356327973832958e+04 3.935394586957577121e+04 2.083557483632837102e+04 3.162320323061691597e+05 9.202440480292973790e-01 4.166871433019536198e+04 2.083578151672729655e+04 4.166887598209045973e+04 4.166882464706378232e+04 4.166878463151627511e+04 1.488104743366126204e+05 2.308805957724016625e+05 4.166897621392521251e+04 4.166875659478647140e+04 4.166890084288361686e+04 1.629726260683813052e+03 1.785905940489624481e+04 4.166879223445705429e+04 4.166884441185025935e+04 2.083548263305636283e+04 2.083548854854286765e+04 4.166823226977849117e+04
1.827932067153906326e+00 1.244527787788780149e+00 1.190883390870727254e+00 1.105750562528910377e+05 2.316605079362457218e+03 4.166850322778646660e+04 3.370648791157649248e+05 4.166871433019536198e+04 7.044754107779618302e-01 6.250200665369327180e+04 1.784945580146380051e+00 1.614809759796256294e+00 1.357612423156440373e+00 1.696433202040325559e+05 2.517132395282578364e+05 1.758782205904277252e+00 1.812501575816947819e+00 1.693263997156866374e+00 4.329636808845865744e+04 4.166862656793190399e+04 1.761647549798739831e+00 1.469304389158388124e+00 3.571608297339965065e+04 4.166858760502370569e+04 1.062826661178550847e+00
6.250243031188360328e+04 6.250169815951291093e+04 6.250190064823407738e+04 7.886005254307555151e+04 6.018749663209914434e+04 4.166909446307562757e+04 3.162319606184755685e+05 2.083578151672730019e+04 6.250200665369327180e+04 1.048195481415527430e+00 6.250235600651453569e+04 6.250224458930470428e+04 6.250204076602879650e+04 1.488103406278227922e+05 2.308804308879610326e+05 6.250237866151932394e+04 6.250238294295796368e+04 6.250231709430814954e+04 1.920799931823169754e+04 3.869287869684518955e+04 6.250231274137477158e+04 6.250218372258084855e+04 4.166899431999087392e+04 4.166914590861884062e+04 6.250169332995044533e+04
1.931320527846040136e+00 1.614008218628359970e+00 1.706271513803218731e+00 1.105754281727043417e+05 2.316746869724907810e+03 4.166864209125077468e+04 3.370652460690761218e+05 4.166887598209045973e+04 1.784945580146380495e+00 6.250235600651453569e+04 8.192234421938382471e-01 1.792995117949167660e+00 1.731953225019679410e+00 1.696437115525018307e+05 2.517137996687143459e+05 1.884422301311106107e+00 1.856332029762814972e+00 1.754100730875613134e+00 4.329656063099136372e+04 4.166876636120091280e+04 1.768787401258410164e+00 1.685759846967413988e+00 3.571622197498311289e+04 4.166880618686239177e+04 1.332543800964232528e+00
1.971787523843163914e+00 1.478779897734732396e+00 1.532123126662524149e+00 1.105753273070326541e+05 2.316787443533811711e+03 4.166868076436505362e+04 3.370650203214273206e+05 4.166882464706378232e+04 1.614809759796256294e+00 6.250224458930470428e+04 1.792995117949167660e+00 8.415939446716984573e-01 1.541441279013694654e+00 1.696436579255453544e+05 2.517135933173426602e+05 1.939205594880984984e+00 1.816412110028440718e+00 1.691114628791901886e+00 4.329662380302943347e+04 4.166875227968238323e+04 1.667282080024609758e+00 1.589920855856315596e+00 3.571621150944733381e+04 4.166866056683723582e+04 1.270744278685877804e+00
1.868539041793934485e+00 1.318239283900396019e+00 1.377622031017427640e+00 1.105750821632853476e+05 2.316681586696548948e+03 4.166863345064513123e+04 3.370650320121398545e+05 4.166878463151627511e+04 1.357612423156440151e+00 6.250204076602879650e+04 1.731953225019679410e+00 1.541441279013694654e+00 7.591290323944092089e-01 1.696433639677132596e+05 2.517134600713863329e+05 1.856878626880429151e+00 1.826119354584731624e+00 1.642764148262942259e+00 4.329642034526272619e+04 4.166872240760067507e+04 1.824116526232304913e+00 1.428376276864372185e+00 3.571617260394017649e+04 4.166866092753154226e+04 1.143217353688808835e+00
1.696438126249092456e+05 1.696431879314625112e+05 1.696432807451847184e+05 1.122064671130924689e+05 1.673288187125956465e+05 1.488105188939343498e+05 2.789438550991577213e+05 1.488104743366126495e+05 1.696433202040325559e+05 1.488103406278227922e+05 1.696437115525018307e+05 1.696436579255453544e+05 1.696433639677132596e+05 6.019815013946741965e+04 1.798751985372390191e+05 1.696438036221513757e+05 1.696437480245718325e+05 1.696436775807822996e+05 1.488103953019219916e+05 1.488105223221106280e+05 1.696437648184353602e+05 1.696434799536264036e+05 1.488104777508869884e+05 1.488105342632928514e+05 1.696431407652873604e+05
2.517139111275527976e+05 2.517133235239266360e+05 2.517133130276566662e+05 2.106465304249062610e+05 2.493990892519360641e+05 2.308805084320916794e+05 2.312745645402910595e+05 2.308805957724016625e+05 2.517132395282578364e+05 2.308804308879609744e+05 2.517137996687143459e+05 2.517135933173426893e+05 2.517134600713864202e+05 1.798751985372390191e+05 9.216972767542875954e+04 2.517138656246956380e+05 2.517138596885157749e+05 2.517137491386136680e+05 2.308805310444580100e+05 2.308806625114721246e+05 2.517136910784283536e+05 2.517135892897855374e+05 2.308804542576451204e+05 2.308804718000192079e+05 2.517132957599857473e+05
1.675702080407085903e+00 1.560812211141793249e+00 1.726914462134765404e+00 1.105755153412155050e+05 2.316784012085002814e+03 4.166864158570617292e+04 3.370653684892402380e+05 4.166897621392522706e+04 1.758782205904277252e+00 6.250237866151933849e+04 1.884422301311106107e+00 1.939205594880984984e+00 1.856878626880429151e+00 1.696438036221514049e+05 2.517138656246956380e+05 6.796409506260845390e-01 1.925898062192405114e+00 1.750239522244072088e+00 4.329652801962623926e+04 4.166884594254832336e+04 1.788649625230470885e+00 1.874067957997040512e+00 3.571627666728078475e+04 4.166872862747018371e+04 1.347602614067801907e+00
1.735232927760030686e+00 1.528257355222444769e+00 1.711300119963236721e+00 1.105754049138762202e+05 2.316809802276440678e+03 4.166870290132866648e+04 3.370653005391542683e+05 4.166875659478647140e+04 1.812501575816947819e+00 6.250238294295796368e+04 1.856332029762814972e+00 1.816412110028440718e+00 1.826119354584731624e+00 1.696437480245718325e+05 2.517138596885157749e+05 1.925898062192405114e+00 7.817711898611969801e-01 1.728908413026645885e+00 4.329669123276390019e+04 4.166868243553601496e+04 1.731553498037985417e+00 1.841422181541225278e+00 3.571630941065388470e+04 4.166871699621131120e+04 1.325801692065661674e+00
1.796538951397270045e+00 1.480412858972636636e+00 1.589738455448144627e+00 1.105753311036856903e+05 2.316871907935648778e+03 4.166870271963794949e+04 3.370652379355570301e+05 4.166890084288361686e+04 1.693263997156866374e+00 6.250231709430814954e+04 1.754100730875612912e+00 1.691114628791901886e+00 1.642764148262942481e+00 1.696436775807822996e+05 2.517137491386137553e+05 1.750239522244071866e+00 1.728908413026645663e+00 7.828898861272417520e-01 4.329650989393380587e+04 4.166878315525659127e+04 1.576276440225339970e+00 1.637147197018209877e+00 3.571627961207312183e+04 4.166871271566746145e+04 1.254510787216896794e+00
4.329663982996754930e+04 4.329607114238561189e+04 4.329625758454842435e+04 8.066080332073874888e+04 4.098180249234696385e+04 2.246342515306154019e+04 3.162320700532835326e+05 1.629726260683813280e+03 4.329636808845865744e+04 1.920799931823169754e+04 4.329656063099136372e+04 4.329662380302943347e+04 4.329642034526272619e+04 1.488103953019219916e+05 2.308805310444580100e+05 4.329652801962622470e+04 4.329669123276390019e+04 4.329650989393380587e+04 3.002009420496251096e+03 1.948712597209964224e+04 4.329661046721389721e+04 4.329648980914681306e+04 2.246332467677182649e+04 2.246334530300439656e+04 4.329598382330928871e+04
4.166887524995378044e+04 4.166839867298780882e+04 4.166852368662387016e+04 8.846672863814674201e+04 3.935381489057359431e+04 2.978257099538719558e+03 3.162320136986601865e+05 1.785905940489624481e+04 4.166862656793190399e+04 3.869287869684518228e+04 4.166876636120091280e+04 4.166875227968238323e+04 4.166872240760067507e+04 1.488105223221106280e+05 2.308806625114721246e+05 4.166884594254832336e+04 4.166868243553601496e+04 4.166878315525659127e+04 1.948712597209964224e+04 5.102912046116310194e+03 4.166876816133846296e+04 4.166878264406303788e+04 8.080142804606906793e+03 2.978242059518681344e+03 4.166815812948767416e+04
1.789791689674262942e+00 1.510950459833427795e+00 1.636219651417676335e+00 1.105754346565752203e+05 2.316889712019896706e+03 4.166870391645884956e+04 3.370651655635246425e+05 4.166879223445705429e+04 1.761647549798739387e+00 6.250231274137477158e+04 1.768787401258410164e+00 1.667282080024609758e+00 1.824116526232304913e+00 1.696437648184353602e+05 2.517136910784283536e+05 1.788649625230470441e+00 1.731553498037985417e+00 1.576276440225339970e+00 4.329661046721389721e+04 4.166876816133846296e+04 8.237492628568848785e-01 1.806686378848923580e+00 3.571628453002545575e+04 4.166872311430035188e+04 1.317258493896819038e+00
1.904471015230120745e+00 1.418636555008492950e+00 1.465649465549664576e+00 1.105751792700225924e+05 2.316681138224156712e+03 4.166864383204985643e+04 3.370650994719868177e+05 4.166884441185025935e+04 1.469304389158388124e+00 6.250218372258084855e+04 1.685759846967413766e+00 1.589920855856315596e+00 1.428376276864372185e+00 1.696434799536263745e+05 2.517135892897855374e+05 1.874067957997040512e+00 1.841422181541225500e+00 1.637147197018210099e+00 4.329648980914681306e+04 4.166878264406303788e+04 1.806686378848923358e+00 7.631591735268592469e-01 3.571620638126580161e+04 4.166870193147019017e+04 1.192527784877482899e+00
3.571635054729122930e+04 3.571592132501814194e+04 3.571600537704478484e+04 8.974201597739011049e+04 3.340121478922526148e+04 5.954161206112513355e+03 3.162320912861335673e+05 2.083548263305636283e+04 3.571608297339965065e+04 4.166899431999087392e+04 3.571622197498311289e+04 3.571621150944733381e+04 3.571617260394017649e+04 1.488104777508869884e+05 2.308804542576451204e+05 3.571627666728077747e+04 3.571630941065388470e+04 3.571627961207312183e+04 2.246332467677182649e+04 8.080142804606906793e+03 3.571628453002545575e+04 3.571620638126580161e+04 8.504139143330437946e+03 5.954074588786429558e+03 3.571562092824427236e+04
4.166872812350137974e+04 4.166835297409315535e+04 4.166848798579523282e+04 8.974207816805317998e+04 3.935372404258996539e+04 1.820800441213068499e+00 3.162320994211756042e+05 2.083548854854286765e+04 4.166858760502370569e+04 4.166914590861884062e+04 4.166880618686239177e+04 4.166866056683723582e+04 4.166866092753154226e+04 1.488105342632928223e+05 2.308804718000192079e+05 4.166872862747018371e+04 4.166871699621131120e+04 4.166871271566746145e+04 2.246334530300439656e+04 2.978242059518680890e+03 4.166872311430035188e+04 4.166870193147019017e+04 5.954074588786429558e+03 8.496442476576563374e-01 4.166809420994708489e+04
1.365636975159753685e+00 8.030432848774501364e-01 1.006452903531958487e+00 1.105747609747075476e+05 2.316197872223200193e+03 4.166803895449465199e+04 3.370648301155713270e+05 4.166823226977849117e+04 1.062826661178550847e+00 6.250169332995044533e+04 1.332543800964232528e+00 1.270744278685878026e+00 1.143217353688808835e+00 1.696431407652873604e+05 2.517132957599857473e+05 1.347602614067801907e+00 1.325801692065661674e+00 1.254510787216896794e+00 4.329598382330928871e+04 4.166815812948767416e+04 1.317258493896819038e+00 1.192527784877482899e+00 3.571562092824427236e+04 4.166809420994708489e+04 4.048290749040925340e-01
