1.120816375321487035e+00 9.756281302666083502e+04 4.878240928316732607e+04 6.467954458465754578e+04 6.176300856727773789e+05 4.878244178124336031e+04 9.756286248747578065e+04 9.756287510401010513e+04 5.691249954486564093e+04 5.531216729210709454e+05 6.099267356749976898e+03 2.319251676041641258e+04 9.756293512241232384e+04 9.756263751396979205e+04 1.855130285935149586e+05 9.756286585135020141e+04 4.588524977701156749e+05 9.756264345417026198e+04 9.298973484176970669e+04 1.498282926990734995e+05 3.048733157504103146e+05 2.278597870180576283e+05 1.130746017653704039e+05 7.317282693766847660e+04 3.572577872549262247e+05
9.756281302666083502e+04 8.915084757251627856e-01 7.317255975956638576e+04 1.149844081610026915e+05 6.176299443136766786e+05 7.317253777919846470e+04 2.439179319807317006e+04 1.479867847383748547e+00 6.504236117897264194e+04 5.531214998630417977e+05 9.146521616566658486e+04 9.756284551589093462e+04 1.079731902281951079e+04 6.798615353377485917e+03 1.855126001192561234e+05 2.439189670393834967e+04 4.588522744643141632e+05 2.439167181569974491e+04 2.896508765304532426e+04 1.498278628330801148e+05 3.048729438703111373e+05 2.278592810307955660e+05 1.354320161083400308e+05 1.219531065086806484e+05 3.572574954860623693e+05
4.878240928316732607e+04 7.317255975956638576e+04 9.817862675435135023e-01 8.907003828919857915e+04 6.176299884074522415e+05 1.566951700969093642e+00 7.317256593451343360e+04 7.317245762053287763e+04 3.252196909521819180e+04 5.531216111458251253e+05 4.268468805634047749e+04 4.758294368100778229e+04 7.317250072677002754e+04 7.317240260777153890e+04 1.855129529547420389e+05 7.317257222931469732e+04 4.588523694085383904e+05 7.317226225170206453e+04 6.859938539386696357e+04 1.498280933040345553e+05 3.048732442057855078e+05 2.278596163651572715e+05 1.191721789784698485e+05 9.756316860622230161e+04 3.572577667425606633e+05
6.467954458465754578e+04 1.149844081610026915e+05 8.907003828919857915e+04 2.859835747642405840e+04 6.002085548874757951e+05 8.907002837681863457e+04 1.149844869358580181e+05 1.149845420304694853e+05 9.720010435932363907e+04 5.357000739572803723e+05 7.077722654198015516e+04 5.724650403851598821e+04 1.149846236040161311e+05 1.149843436059599189e+05 1.509417825215546181e+05 1.149845599394404708e+05 4.414309010852103820e+05 1.149842997144774563e+05 1.146987805848415446e+05 1.095405992662712670e+05 2.874516505903639481e+05 2.104379250025229703e+05 6.443617321584935416e+04 2.728739345161520760e+04 3.398361646280197310e+05
6.176300856727773789e+05 6.176299443136766786e+05 6.176299884074521251e+05 6.002085548874759115e+05 2.266291021850724355e+05 6.176300242585473461e+05 6.176299625878891675e+05 6.176300103544112062e+05 6.176298954015474301e+05 4.103209755130495760e+05 6.176300468088646885e+05 6.176300613563834922e+05 6.176299807363481959e+05 6.176299173252682667e+05 5.383619171042141970e+05 6.176300205788641470e+05 4.600448087489337195e+05 6.176298866169676185e+05 6.176299883526246995e+05 5.653653554068168160e+05 5.196366670219883090e+05 5.200692597305938834e+05 5.851097632724528667e+05 5.932398359453415032e+05 5.157630361623871140e+05
4.878244178124336031e+04 7.317253777919846470e+04 1.566951700969093642e+00 8.907002837681860547e+04 6.176300242585473461e+05 1.031458054598784368e+00 7.317253799715047353e+04 7.317248471099874587e+04 3.252192300184904525e+04 5.531215901771388017e+05 4.268461249572927045e+04 4.758287782807460462e+04 7.317255763603500964e+04 7.317243884760925721e+04 1.855129611711754114e+05 7.317260518162987137e+04 4.588523932284386829e+05 7.317230068384647893e+04 6.859938010065580602e+04 1.498280845661713975e+05 3.048732673089875607e+05 2.278596675946485484e+05 1.191721057180058269e+05 9.756317899057928298e+04 3.572577904526746715e+05
9.756286248747578065e+04 2.439179319807317006e+04 7.317256593451343360e+04 1.149844869358580181e+05 6.176299625878891675e+05 7.317253799715047353e+04 9.125673200835110466e-01 2.439192577798492130e+04 6.504238632907752617e+04 5.531215113466050243e+05 9.146527304365082819e+04 9.756291520741507702e+04 2.439202282041063154e+04 1.759438637572608422e+04 1.855127101805782295e+05 1.470587376821358871e+00 4.588522827386791469e+05 1.292110289778485743e+00 2.896515549994770481e+04 1.498279303543014976e+05 3.048729699370148592e+05 2.278593958341479010e+05 1.354320495223850012e+05 1.219532194375778636e+05 3.572575346792378114e+05
9.756287510401010513e+04 1.479867847383748547e+00 7.317245762053287763e+04 1.149845420304694853e+05 6.176300103544112062e+05 7.317248471099874587e+04 2.439192577798492130e+04 9.528509341021622614e-01 6.504243437926658225e+04 5.531215633078051032e+05 9.146520377403324528e+04 9.756284150031318131e+04 1.079726393968097364e+04 6.798703475562027961e+03 1.855128198355358327e+05 2.439187580084635556e+04 4.588522990042133024e+05 2.439165426933833805e+04 2.896519727389440231e+04 1.498279613682562194e+05 3.048729672598455218e+05 2.278593778281848354e+05 1.354321804293055029e+05 1.219533019284135953e+05 3.572576179153076955e+05
5.691249954486564093e+04 6.504236117897264194e+04 3.252196909521819180e+04 9.720010435932362452e+04 6.176298954015474301e+05 3.252192300184904525e+04 6.504238632907752617e+04 6.504243437926658225e+04 1.084115763888318543e+04 5.531215574166271836e+05 5.081477183840113139e+04 5.651276663466783066e+04 5.424672872355872096e+04 6.504223001835763716e+04 1.855129466678318568e+05 6.504244100467945827e+04 4.588523255230657523e+05 6.504220677365200390e+04 3.607880174683540827e+04 1.498281066362704441e+05 3.048732852047694614e+05 2.278596566594832984e+05 1.245921167885461182e+05 1.056932284000664949e+05 3.572576777886128402e+05
5.531216729210708290e+05 5.531214998630417977e+05 5.531216111458251253e+05 5.357000739572803723e+05 4.103209755130495760e+05 5.531215901771386852e+05 5.531215113466049079e+05 5.531215633078051032e+05 5.531215574166271836e+05 2.101493218986837601e+05 5.531216956792466808e+05 5.531215742884206120e+05 5.531215915511763887e+05 5.531214769265892683e+05 4.738534335581910564e+05 5.531215956487929216e+05 3.954185741725201951e+05 5.531213868001151131e+05 5.531215310559732607e+05 5.008568242319200654e+05 4.551281378267430118e+05 4.555607627647716436e+05 5.206013917275063577e+05 5.287315417597168125e+05 4.504336319405133254e+05
6.099267356749977807e+03 9.146521616566658486e+04 4.268468805634047749e+04 7.077722654198014061e+04 6.176300468088646885e+05 4.268461249572927045e+04 9.146527304365082819e+04 9.146520377403324528e+04 5.081477183840113139e+04 5.531216956792466808e+05 9.147362523328973111e+03 2.929016814700802206e+04 9.146522034594594152e+04 9.146507817926320422e+04 1.855130267056403391e+05 9.146529687080853910e+04 4.588524121065562940e+05 9.146498329233251570e+04 8.689207451392222720e+04 1.498282243859466980e+05 3.048732495925315889e+05 2.278596562014925876e+05 1.145989600580975966e+05 7.927041877296943858e+04 3.572578043061817298e+05
2.319251676041642349e+04 9.756284551589093462e+04 4.758294368100778229e+04 5.724650403851600277e+04 6.176300613563834922e+05 4.758287782807460462e+04 9.756291520741509157e+04 9.756284150031318131e+04 5.651276663466784521e+04 5.531215742884207284e+05 2.929016814700802570e+04 5.153107887012659376e+03 9.738595327277768229e+04 9.756276576874153398e+04 1.855130843143450911e+05 9.756298167024856957e+04 4.588524125752445543e+05 9.756266183110710699e+04 9.258996530490824080e+04 1.498281901408453996e+05 3.048732678624390392e+05 2.278597076033865742e+05 1.130746377638938138e+05 7.317291040112721385e+04 3.572578769859799067e+05
9.756293512241232384e+04 1.079731902281950897e+04 7.317250072677002754e+04 1.149846236040161311e+05 6.176299807363480795e+05 7.317255763603499508e+04 2.439202282041063154e+04 1.079726393968097182e+04 5.424672872355872096e+04 5.531215915511763887e+05 9.146522034594594152e+04 9.738595327277765318e+04 1.203557174231151475e+04 1.458590427489397007e+04 1.855129386499807588e+05 2.439203511522853296e+04 4.588522410565635073e+05 2.439176662980299807e+04 1.816938965129469216e+04 1.498280597874902887e+05 3.048731166801622021e+05 2.278595204697004519e+05 1.354322570960353478e+05 1.219533710228842683e+05 3.572576944262927282e+05
9.756263751396979205e+04 6.798615353377485008e+03 7.317240260777153890e+04 1.149843436059599189e+05 6.176299173252682667e+05 7.317243884760925721e+04 1.759438637572608059e+04 6.798703475562027961e+03 6.504223001835762989e+04 5.531214769265892683e+05 9.146507817926318967e+04 9.756276576874153398e+04 1.458590427489397007e+04 9.806802046725331820e+03 1.855126411568769254e+05 1.759445617453478553e+04 4.588521925619352260e+05 1.759415988632244989e+04 2.896501070364510815e+04 1.498278501779775834e+05 3.048729366408385104e+05 2.278592941433872911e+05 1.354320004978340585e+05 1.219531283528756612e+05 3.572574325020788237e+05
1.855130285935149586e+05 1.855126001192561234e+05 1.855129529547420389e+05 1.509417825215546181e+05 5.383619171042141970e+05 1.855129611711753823e+05 1.855127101805782295e+05 1.855128198355358327e+05 1.855129466678318568e+05 4.738534335581910564e+05 1.855130267056403391e+05 1.855130843143450911e+05 1.855129386499807588e+05 1.855126411568769836e+05 4.017018854164102959e+04 1.855127310567106470e+05 3.795843258149751346e+05 1.855125402117605554e+05 1.855129862049695512e+05 7.147267026520885702e+04 2.011923580633756937e+05 1.064275605139443214e+05 1.073441924359264231e+05 1.428299528334510978e+05 2.726541164294030168e+05
9.756286585135023051e+04 2.439189670393834967e+04 7.317257222931469732e+04 1.149845599394404708e+05 6.176300205788641470e+05 7.317260518162987137e+04 1.470587376821358871e+00 2.439187580084636284e+04 6.504244100467945827e+04 5.531215956487929216e+05 9.146529687080853910e+04 9.756298167024858412e+04 2.439203511522854023e+04 1.759445617453479281e+04 1.855127310567106470e+05 1.002762435513638195e+00 4.588523736469389405e+05 1.277445010707245032e+00 2.896522200428794895e+04 1.498279712729675812e+05 3.048729578678089310e+05 2.278593992956906150e+05 1.354320930966353917e+05 1.219531962901853403e+05 3.572574994644412072e+05
4.588524977701156749e+05 4.588522744643141632e+05 4.588523694085383904e+05 4.414309010852103820e+05 4.600448087489336613e+05 4.588523932284386829e+05 4.588522827386791469e+05 4.588522990042133024e+05 4.588523255230657523e+05 3.954185741725201951e+05 4.588524121065562940e+05 4.588524125752445543e+05 4.588522410565635073e+05 4.588521925619352842e+05 3.795843258149751346e+05 4.588523736469389405e+05 2.132485754263116396e+05 4.588521298848358565e+05 4.588523641009427374e+05 4.065876373676241492e+05 3.344082259588669403e+05 3.612916428254388738e+05 4.263321839410607354e+05 4.344623694978196290e+05 3.195226950573786162e+05
9.756264345417026198e+04 2.439167181569974491e+04 7.317226225170206453e+04 1.149842997144774126e+05 6.176298866169676185e+05 7.317230068384646438e+04 1.292110289778485743e+00 2.439165426933833805e+04 6.504220677365200390e+04 5.531213868001151131e+05 9.146498329233250115e+04 9.756266183110710699e+04 2.439176662980299807e+04 1.759415988632244989e+04 1.855125402117605554e+05 1.277445010707245032e+00 4.588521298848358565e+05 7.306774286136386021e-01 2.896498032727944883e+04 1.498276647723027854e+05 3.048727824754373287e+05 2.278591550994919962e+05 1.354318955529565574e+05 1.219530474293958978e+05 3.572573877124842256e+05
9.298973484176970669e+04 2.896508765304532426e+04 6.859938539386696357e+04 1.146987805848415446e+05 6.176299883526246995e+05 6.859938010065580602e+04 2.896515549994770481e+04 2.896519727389440231e+04 3.607880174683540827e+04 5.531215310559732607e+05 8.689207451392222720e+04 9.258996530490824080e+04 1.816938965129469580e+04 2.896501070364511179e+04 1.855129862049695512e+05 2.896522200428794167e+04 4.588523641009427374e+05 2.896498032727944883e+04 7.432374129591447854e+03 1.498281044278962363e+05 3.048731879367045476e+05 2.278596119193730410e+05 1.354323448139922984e+05 1.219533685922695149e+05 3.572576056024769205e+05
1.498282926990734995e+05 1.498278628330801148e+05 1.498280933040345844e+05 1.095405992662712670e+05 5.653653554068168160e+05 1.498280845661713975e+05 1.498279303543014976e+05 1.498279613682562194e+05 1.498281066362704441e+05 5.008568242319199489e+05 1.498282243859467271e+05 1.498281901408453996e+05 1.498280597874902887e+05 1.498278501779775834e+05 7.147267026520885702e+04 1.498279712729675812e+05 4.065876373676242656e+05 1.498276647723027854e+05 1.498281044278962363e+05 5.974417802755801858e+03 2.429806896814433567e+05 1.512045082295116445e+05 5.634777631696920434e+04 1.010475170407153346e+05 3.049929895963192685e+05
3.048733157504103146e+05 3.048729438703111373e+05 3.048732442057855078e+05 2.874516505903639481e+05 5.196366670219883090e+05 3.048732673089875607e+05 3.048729699370148592e+05 3.048729672598455218e+05 3.048732852047694614e+05 4.551281378267430118e+05 3.048732495925315889e+05 3.048732678624390392e+05 3.048731166801622021e+05 3.048729366408385104e+05 2.011923580633756646e+05 3.048729578678089310e+05 3.344082259588669986e+05 3.048727824754373287e+05 3.048731879367045476e+05 2.429806896814433858e+05 9.589776289890918997e+04 1.538984330641770503e+05 2.670323964925506152e+05 2.804829604014427750e+05 1.917642816771780199e+05
2.278597870180576283e+05 2.278592810307955660e+05 2.278596163651572715e+05 2.104379250025229703e+05 5.200692597305938252e+05 2.278596675946485484e+05 2.278593958341479010e+05 2.278593778281848354e+05 2.278596566594832984e+05 4.555607627647716436e+05 2.278596562014925876e+05 2.278597076033865742e+05 2.278595204697004519e+05 2.278592941433872911e+05 1.064275605139443214e+05 2.278593992956906150e+05 3.612916428254388738e+05 2.278591550994919962e+05 2.278596119193730410e+05 1.512045082295116445e+05 1.538984330641770503e+05 2.733755776854306896e+04 1.818604482347574958e+05 2.034693140488119971e+05 2.382325148306158662e+05
1.130746017653704039e+05 1.354320161083400308e+05 1.191721789784698485e+05 6.443617321584935416e+04 5.851097632724528667e+05 1.191721057180058269e+05 1.354320495223850012e+05 1.354321804293055029e+05 1.245921167885461182e+05 5.206013917275063577e+05 1.145989600580975966e+05 1.130746377638937993e+05 1.354322570960353478e+05 1.354320004978340585e+05 1.073441924359264231e+05 1.354320930966353917e+05 4.263321839410607354e+05 1.354318955529565574e+05 1.354323448139922984e+05 5.634777631696920434e+04 2.670323964925506152e+05 1.818604482347574958e+05 3.975609181971662474e+04 6.429378142416012270e+04 3.247374459738405421e+05
7.317282693766847660e+04 1.219531065086806484e+05 9.756316860622230161e+04 2.728739345161519668e+04 5.932398359453415032e+05 9.756317899057925388e+04 1.219532194375778636e+05 1.219533019284135953e+05 1.056932284000664949e+05 5.287315417597168125e+05 7.927041877296943858e+04 7.317291040112721385e+04 1.219533710228842683e+05 1.219531283528756903e+05 1.428299528334510978e+05 1.219531962901853258e+05 4.344623694978196290e+05 1.219530474293958978e+05 1.219533685922695149e+05 1.010475170407153346e+05 2.804829604014427750e+05 2.034693140488119971e+05 6.429378142416012270e+04 1.221267198148171751e+00 3.328674286033788230e+05
3.572577872549262247e+05 3.572574954860624275e+05 3.572577667425607215e+05 3.398361646280197310e+05 5.157630361623871140e+05 3.572577904526746715e+05 3.572575346792378114e+05 3.572576179153076955e+05 3.572576777886128402e+05 4.504336319405133254e+05 3.572578043061817880e+05 3.572578769859799067e+05 3.572576944262927282e+05 3.572574325020788237e+05 2.726541164294030168e+05 3.572574994644412072e+05 3.195226950573786162e+05 3.572573877124842838e+05 3.572576056024769787e+05 3.049929895963192685e+05 1.917642816771780490e+05 2.382325148306158662e+05 3.247374459738405421e+05 3.328674286033788230e+05 9.320651646048514522e+04
