6.475636348909168116e-02 1.785725679639494338e+05 2.420291733452804910e+05 6.305464706543512099e-01 5.714378128229072900e+04 1.428581260648704483e+05 2.857193805533191698e+04 3.714294517482516239e+05 1.714296366261922230e+05 3.714294472527470789e+05 2.979887795648311148e+05 8.571531882916872564e+04 9.789389695617228826e-01 3.989019093829247286e+05 4.761991767740073556e+04 7.167339411394838544e-01 8.571526208322035382e+04 1.523820516562431003e+05 5.714378067832495435e+04 5.714378199585444236e+04 9.237347394864355854e-01 1.904825245740126411e+04 9.054807712324675073e-01 3.989019952518176869e+05 8.571537523840845097e+04
1.785725679639493756e+05 1.071453094359656097e+04 1.079023275641175424e+05 1.785726021854515420e+05 1.785730729638590128e+05 1.182555259341125929e+05 1.785726619967834267e+05 2.785726437788705225e+05 7.143858750660685473e+03 2.785725899701792514e+05 2.051321346885207167e+05 1.214301908499672572e+05 1.785728302198925521e+05 3.060453935997228255e+05 1.785729844355712412e+05 1.785726142724719830e+05 1.214303025686488691e+05 7.143005272000556579e+04 1.785730383217326307e+05 1.785730266315212357e+05 1.785726949775707326e+05 1.785728388733472966e+05 1.785727654093825549e+05 3.060451873059175559e+05 1.642872261842907465e+05
2.420291733452804910e+05 1.079023275641175569e+05 3.621305975402890181e+04 2.420290996065922664e+05 2.420295678472590807e+05 1.834758511651898443e+05 2.420292702643749944e+05 2.031124244952120935e+05 1.150452626187178103e+05 2.143684931029374129e+05 1.220427814541638218e+05 2.007598328216226655e+05 2.420294093950274109e+05 2.467657472890967911e+05 2.420295678633457574e+05 2.420291469571197813e+05 2.007597091377608012e+05 1.459976509748594835e+05 2.420294958464741649e+05 2.420296273824195669e+05 2.420293971064917278e+05 2.420294284953872848e+05 2.420293529910180077e+05 2.467654748408535088e+05 2.277437184205357917e+05
6.305464706543512099e-01 1.785726021854515420e+05 2.420290996065922664e+05 2.286599649388278699e-01 5.714415168433242798e+04 1.428584478119644627e+05 2.857226997945776020e+04 3.714295299049115274e+05 1.714297401630054810e+05 3.714293393663024763e+05 2.979888419030475197e+05 8.571556250040988380e+04 9.856463521663971772e-01 3.989020901756971725e+05 4.762028282000358740e+04 7.305101794276122051e-01 8.571550660337651789e+04 1.523820893309904786e+05 5.714419612405718362e+04 5.714419342387983488e+04 9.457496834328337210e-01 1.904848882102559946e+04 9.281210527672398847e-01 3.989018850177034037e+05 8.571544742505661270e+04
5.714378128229072900e+04 1.785730729638590128e+05 2.420295678472590807e+05 5.714415168433242798e+04 2.078377120904131847e-01 8.889022445267907460e+04 2.857246688622528382e+04 3.714296288392258575e+05 1.714301889590081701e+05 3.714295704915961251e+05 2.979890283334856504e+05 1.142870169015944412e+05 5.714418788947245775e+04 3.989020388630598900e+05 9.524769306709200464e+03 5.714421215542977006e+04 1.142869400716903037e+05 1.333348389472919516e+05 1.043397935307319502e+00 1.037903325116751541e+00 5.714420524172774458e+04 3.809644194973637059e+04 5.714417001053669810e+04 3.989021120335401502e+05 2.857295925613670624e+04
1.428581260648704483e+05 1.182555259341125929e+05 1.834758511651898152e+05 1.428584478119644627e+05 8.889022445267904550e+04 5.644066349893741972e+03 1.142867651428036334e+05 3.428583304429543787e+05 1.111126428034316632e+05 3.428582962339741644e+05 2.694178735449996311e+05 1.111122675727453316e+05 1.428586620741995575e+05 3.703308354395604692e+05 9.735592151553781878e+04 1.428585388892441697e+05 1.111122648372018739e+05 5.396945209923150833e+04 8.889021334515119088e+04 8.889038364947261289e+04 1.428585855152825243e+05 1.238107066106876155e+05 1.428586668598579417e+05 3.703309974989296170e+05 6.269981482838834199e+04
2.857193805533191698e+04 1.785726619967834267e+05 2.420292702643749944e+05 2.857226997945776020e+04 2.857246688622528382e+04 1.142867651428036334e+05 1.670310936898687926e-01 3.714294950165966293e+05 1.714297621164412121e+05 3.714294805825647782e+05 2.979887923317920649e+05 1.142868319550685846e+05 2.857255123503633513e+04 3.989018659615413635e+05 1.904844053675118266e+04 2.857235609132742320e+04 1.142868695168773556e+05 1.333345544677982689e+05 2.857252657117591298e+04 2.857254831285051478e+04 2.857254924900452897e+04 9.524489701981545295e+03 2.857255191421826385e+04 3.989020153099003364e+05 5.714412731973749760e+04
3.714294517482516239e+05 2.785726437788705807e+05 2.031124244952121226e+05 3.714295299049115274e+05 3.714296288392258575e+05 3.428583304429543787e+05 3.714294950165966293e+05 2.181191109004258760e+04 2.857155586551268352e+05 1.057728978556510265e+05 1.526779816335808137e+05 3.428583660339659546e+05 3.714296078770129243e+05 1.672727603287051315e+05 3.714294987886197050e+05 3.714294355836095638e+05 3.428584295870795031e+05 3.238108745034879539e+05 3.714297636248365743e+05 3.714297649350647116e+05 3.714293556544491439e+05 3.714294724780268734e+05 3.714295780090052285e+05 9.148612415598634107e+04 3.571440383913704427e+05
1.714296366261922230e+05 7.143858750660685473e+03 1.150452626187177957e+05 1.714297401630054810e+05 1.714301889590081701e+05 1.111126428034316632e+05 1.714297621164412121e+05 2.857155586551268352e+05 2.716708369994785266e-01 2.857153772682444542e+05 2.122750656730276824e+05 1.142872891568682680e+05 1.714299300008986902e+05 3.131882255917159491e+05 1.714300241405130946e+05 1.714297209401387372e+05 1.142874954128339596e+05 6.428705637351869518e+04 1.714301626036743401e+05 1.714300747629835387e+05 1.714298579466417723e+05 1.714299344773532357e+05 1.714299091864276270e+05 3.131880130479105865e+05 1.571442107137844432e+05
3.714294472527470789e+05 2.785725899701793096e+05 2.143684931029374420e+05 3.714293393663024763e+05 3.714295704915960669e+05 3.428582962339741644e+05 3.714294805825647782e+05 1.057728978556510265e+05 2.857153772682445124e+05 1.058821199926226291e+04 1.090308391263509693e+05 3.428583276852921117e+05 3.714293989870671649e+05 1.131880810265131149e+05 3.714295771652045078e+05 3.714293762397138635e+05 3.428584249833956128e+05 3.238106500581149594e+05 3.714296919856698951e+05 3.714298761904759449e+05 3.714294200237402692e+05 3.714295980368423625e+05 3.714294202643855242e+05 1.703307771499474766e+05 3.571439907956249663e+05
2.979887795648311148e+05 2.051321346885207458e+05 1.220427814541638218e+05 2.979888419030475197e+05 2.979890283334855922e+05 2.694178735449996311e+05 2.979887923317920649e+05 1.526779816335807845e+05 2.122750656730276824e+05 1.090308391263509693e+05 3.628074212022715801e+04 2.694177593619028339e+05 2.979890707150751259e+05 1.893783349381386943e+05 2.979888904838120216e+05 2.979889996434543282e+05 2.694177949277186417e+05 2.444179266343495401e+05 2.979891728501025354e+05 2.979890750076214317e+05 2.979891472487401334e+05 2.979888583268996445e+05 2.979890706408796832e+05 1.893784946354520216e+05 2.837034576874523773e+05
8.571531882916872564e+04 1.214301908499672572e+05 2.007598328216226655e+05 8.571556250040988380e+04 1.142870169015944266e+05 1.111122675727453170e+05 1.142868319550685846e+05 3.428583660339659546e+05 1.142872891568682680e+05 3.428583276852920535e+05 2.694177593619028339e+05 2.067010285394688951e-01 8.571593837445229292e+04 3.703307104818258667e+05 1.142870473341591569e+05 8.571570280990938772e+04 1.114531570406816607e+00 9.523954676188241865e+04 1.142870685504132853e+05 1.142870429488310037e+05 8.571568877778763999e+04 1.047631290781824064e+05 8.571581712614870048e+04 3.703310439697664697e+05 9.762036650703962368e+04
9.789389695617228826e-01 1.785728302198925521e+05 2.420294093950274109e+05 9.856463521663971772e-01 5.714418788947245775e+04 1.428586620741995575e+05 2.857255123503633513e+04 3.714296078770129243e+05 1.714299300008986902e+05 3.714293989870671649e+05 2.979890707150750677e+05 8.571593837445229292e+04 2.153710597428811768e-01 3.989022104395602946e+05 4.762030297619051271e+04 1.007233942531343462e+00 8.571582076525187586e+04 1.523823668997594796e+05 5.714429067133105127e+04 5.714436862843720155e+04 9.312599662280629520e-01 1.904875263056539188e+04 8.012949395798686369e-01 3.989020125701961224e+05 8.571564932001054694e+04
3.989019093829247286e+05 3.060453935997228255e+05 2.467657472890967911e+05 3.989020901756971725e+05 3.989020388630598318e+05 3.703308354395604110e+05 3.989018659615413635e+05 1.672727603287051315e+05 3.131882255917159491e+05 1.131880810265131149e+05 1.893783349381387234e+05 3.703307104818258667e+05 3.989022104395602364e+05 2.017148156715850200e+04 3.989019945829809876e+05 3.989020223054416711e+05 3.703307534023668268e+05 3.512833062482389505e+05 3.989021739316238090e+05 3.989020532967031468e+05 3.989020665257817018e+05 3.989019918248416507e+05 3.989021221046046121e+05 1.358551432067343558e+05 3.846165286368392408e+05
4.761991767740073556e+04 1.785729844355712412e+05 2.420295678633457574e+05 4.762028282000358740e+04 9.524769306709202283e+03 9.735592151553781878e+04 1.904844053675118266e+04 3.714294987886196468e+05 1.714300241405130946e+05 3.714295771652044496e+05 2.979888904838120216e+05 1.142870473341591569e+05 4.762030297619051271e+04 3.989019945829809876e+05 1.269870555166867416e+04 4.762032243716935045e+04 1.142871297417095338e+05 1.333348883889626886e+05 9.525016233234151514e+03 9.524916594345193516e+03 4.762019063793642999e+04 2.857247789882748475e+04 4.762028696660485730e+04 3.989021511839763261e+05 3.809667599999797676e+04
7.167339411394838544e-01 1.785726142724719830e+05 2.420291469571197813e+05 7.305101794276122051e-01 5.714421215542977006e+04 1.428585388892441697e+05 2.857235609132742320e+04 3.714294355836095638e+05 1.714297209401387372e+05 3.714293762397138635e+05 2.979889996434543282e+05 8.571570280990938772e+04 1.007233942531343462e+00 3.989020223054416711e+05 4.762032243716935045e+04 1.712747496440185369e-01 8.571573128976285807e+04 1.523821303496660548e+05 5.714424681362335832e+04 5.714422696177053149e+04 8.981867181799202404e-01 1.904854656389784941e+04 9.282736818648967825e-01 3.989018543680503499e+05 8.571553380177513463e+04
8.571526208322035382e+04 1.214303025686488691e+05 2.007597091377607430e+05 8.571550660337651789e+04 1.142869400716903037e+05 1.111122648372018739e+05 1.142868695168773556e+05 3.428584295870795031e+05 1.142874954128339596e+05 3.428584249833955546e+05 2.694177949277186417e+05 1.114531570406816607e+00 8.571582076525187586e+04 3.703307534023668268e+05 1.142871297417095338e+05 8.571573128976285807e+04 2.424081415035704012e-01 9.523937366899779590e+04 1.142868898692680668e+05 1.142870551314275508e+05 8.571573437664848461e+04 1.047630554980276211e+05 8.571583943316267687e+04 3.703307743052734877e+05 9.762031968813249841e+04
1.523820516562431003e+05 7.143005272000556579e+04 1.459976509748594835e+05 1.523820893309904786e+05 1.333348389472919516e+05 5.396945209923149378e+04 1.333345544677982398e+05 3.238108745034879539e+05 6.428705637351869518e+04 3.238106500581149594e+05 2.444179266343495401e+05 9.523954676188241865e+04 1.523823668997594796e+05 3.512833062482389505e+05 1.333348883889627177e+05 1.523821303496660548e+05 9.523937366899779590e+04 3.928614424870197399e+04 1.333348651512358047e+05 1.333349203588468081e+05 1.523822840490790259e+05 1.396838872974781261e+05 1.523823879003062902e+05 3.512831450271848589e+05 1.111124729995254456e+05
5.714378067832495435e+04 1.785730383217326307e+05 2.420294958464741649e+05 5.714419612405718362e+04 1.043397935307319502e+00 8.889021334515119088e+04 2.857252657117591298e+04 3.714297636248365743e+05 1.714301626036743401e+05 3.714296919856698951e+05 2.979891728501025354e+05 1.142870685504132853e+05 5.714429067133105127e+04 3.989021739316238672e+05 9.525016233234151514e+03 5.714424681362335832e+04 1.142868898692680668e+05 1.333348651512358047e+05 2.221483818082753692e-01 1.111986106835859189e+00 5.714433135780153680e+04 3.809638290125368076e+04 5.714434415869112127e+04 3.989022767821242451e+05 2.857269729672307585e+04
5.714378199585444236e+04 1.785730266315212357e+05 2.420296273824195669e+05 5.714419342387983488e+04 1.037903325116751541e+00 8.889038364947261289e+04 2.857254831285051478e+04 3.714297649350647116e+05 1.714300747629835387e+05 3.714298761904759449e+05 2.979890750076214317e+05 1.142870429488310037e+05 5.714436862843720155e+04 3.989020532967031468e+05 9.524916594345193516e+03 5.714422696177053149e+04 1.142870551314275508e+05 1.333349203588467790e+05 1.111986106835859189e+00 1.694130566961026263e-01 5.714437116201472963e+04 3.809637696328417223e+04 5.714433920666848280e+04 3.989022006168432999e+05 2.857263287981857502e+04
9.237347394864355854e-01 1.785726949775707326e+05 2.420293971064917278e+05 9.457496834328337210e-01 5.714420524172774458e+04 1.428585855152825243e+05 2.857254924900452897e+04 3.714293556544491439e+05 1.714298579466417723e+05 3.714294200237402692e+05 2.979891472487401334e+05 8.571568877778763999e+04 9.312599662280628410e-01 3.989020665257817018e+05 4.762019063793642999e+04 8.981867181799202404e-01 8.571573437664848461e+04 1.523822840490790259e+05 5.714433135780153680e+04 5.714437116201472963e+04 1.422276789189663160e-01 1.904874039455877210e+04 9.336169783627217278e-01 3.989018782306177309e+05 8.571560228247680061e+04
1.904825245740126047e+04 1.785728388733472966e+05 2.420294284953872848e+05 1.904848882102559946e+04 3.809644194973637059e+04 1.238107066106876155e+05 9.524489701981547114e+03 3.714294724780268734e+05 1.714299344773532357e+05 3.714295980368423625e+05 2.979888583268996445e+05 1.047631290781824064e+05 1.904875263056539188e+04 3.989019918248416507e+05 2.857247789882748475e+04 1.904854656389784941e+04 1.047630554980276211e+05 1.396838872974781261e+05 3.809638290125368076e+04 3.809637696328417223e+04 1.904874039455877210e+04 1.269865213865973783e+04 1.904877114303794224e+04 3.989020720625934191e+05 6.666799026251526084e+04
9.054807712324675073e-01 1.785727654093825549e+05 2.420293529910180077e+05 9.281210527672398847e-01 5.714417001053669810e+04 1.428586668598579417e+05 2.857255191421826385e+04 3.714295780090052285e+05 1.714299091864276270e+05 3.714294202643855242e+05 2.979890706408797414e+05 8.571581712614870048e+04 8.012949395798686369e-01 3.989021221046046121e+05 4.762028696660485730e+04 9.282736818648967825e-01 8.571583943316267687e+04 1.523823879003062902e+05 5.714434415869112127e+04 5.714433920666848280e+04 9.336169783627217278e-01 1.904877114303794224e+04 2.457778028619865551e-01 3.989019679382243194e+05 8.571568599773242022e+04
3.989019952518176869e+05 3.060451873059175559e+05 2.467654748408534797e+05 3.989018850177034037e+05 3.989021120335401502e+05 3.703309974989296170e+05 3.989020153099003364e+05 9.148612415598634107e+04 3.131880130479105865e+05 1.703307771499474766e+05 1.893784946354520216e+05 3.703310439697664697e+05 3.989020125701961224e+05 1.358551432067343558e+05 3.989021511839763261e+05 3.989018543680503499e+05 3.703307743052734877e+05 3.512831450271848589e+05 3.989022767821242451e+05 3.989022006168432999e+05 3.989018782306177309e+05 3.989020720625934191e+05 3.989019679382243194e+05 1.592025942686421331e+04 3.846164089258813765e+05
8.571537523840845097e+04 1.642872261842907465e+05 2.277437184205357917e+05 8.571544742505661270e+04 2.857295925613671352e+04 6.269981482838834199e+04 5.714412731973749760e+04 3.571440383913704427e+05 1.571442107137844432e+05 3.571439907956249663e+05 2.837034576874523773e+05 9.762036650703963824e+04 8.571564932001054694e+04 3.846165286368392408e+05 3.809667599999797676e+04 8.571553380177513463e+04 9.762031968813249841e+04 1.111124729995254456e+05 2.857269729672307585e+04 2.857263287981857502e+04 8.571560228247680061e+04 6.666799026251526084e+04 8.571568599773242022e+04 3.846164089258813765e+05 3.055598933116763510e+04
