5.874347625330007538e-01 3.903041044659336912e+05 5.771584487322917994e+03 2.376953680971737413e+04 1.046376209541190150e+00 4.720293492005461303e+04 1.097158065356956067e+05 8.001502133821065399e+03 1.564047572719143936e+05 2.621415845103283937e+05 1.040015146561990987e+05 8.001135837375784831e+03 9.501405378049776118e+03 9.200158562504278962e+04 1.256607343055895720e+00 1.127290293417808425e+05 8.001344707499410106e+03 3.149855294887272175e+05 1.331446342754761863e+05 4.335117056256850483e+05 1.244228233523708623e+05 3.200144750336887228e+04 1.884277053444967023e+05 2.340943490488485841e+05 7.711267428925663990e+04
3.903041044659336912e+05 1.355129772553241346e+05 3.903040620166758308e+05 3.903042179595269845e+05 3.903039267627724330e+05 3.903043519819033681e+05 3.685900696726724855e+05 3.903041002627048874e+05 3.295217994757496635e+05 3.151658591451257817e+05 3.743043725971630192e+05 3.903041005246988498e+05 3.903042251517072436e+05 3.823042001571146538e+05 3.903040704035165254e+05 3.663043627020218992e+05 3.903040190505174105e+05 2.493803036614323210e+05 3.548757518471293151e+05 2.678925742486063973e+05 3.636376262616072199e+05 3.903043166988077573e+05 3.263043932388656540e+05 3.042172341981321806e+05 3.903042954878917080e+05
5.771584487322919813e+03 3.903040620166758308e+05 3.216903649217461407e+03 2.376945747018177644e+04 5.771426903423436670e+03 4.720282806890693610e+04 1.097156802679880493e+05 4.785067931292469439e+03 1.564046777113470598e+05 2.621415357158076367e+05 1.040013731306989794e+05 2.230491741061622179e+03 9.501387898827653771e+03 9.200147009907143365e+04 5.771774130537645760e+03 1.127288845089021343e+05 2.230732486442518621e+03 3.149855122459054692e+05 1.331445271660372382e+05 4.335116789614232257e+05 1.244226897274333460e+05 3.200133103773689436e+04 1.884276536544798873e+05 2.340943277628810320e+05 7.711256490603378916e+04
2.376953680971737413e+04 3.903042179595269845e+05 2.376945747018177644e+04 6.943736875795186279e+03 2.376948082062728645e+04 3.143480228643964074e+04 1.035650347663087450e+05 2.022866117314910662e+04 1.564049834101174201e+05 2.621418224397667218e+05 8.823349784139936673e+04 2.376950292412670387e+04 1.426944114160571371e+04 7.623350625924910128e+04 2.376972719250788214e+04 1.073957918657549308e+05 2.376969354145595935e+04 3.149857750283067580e+05 1.331448210517123225e+05 4.335118299590140232e+05 1.208674512446516601e+05 1.610217370591447616e+04 1.884279836135607038e+05 2.340946714140099648e+05 6.134464459588604223e+04
1.046376209541190150e+00 3.903039267627724330e+05 5.771426903423436670e+03 2.376948082062728645e+04 4.473400242668079119e-01 4.720283613924361271e+04 1.097157092443455331e+05 8.001173818991723238e+03 1.564044152474422008e+05 2.621416089573089848e+05 1.040013821182632964e+05 8.001069117423963689e+03 9.501340422651763220e+03 9.200123994036717340e+04 1.003920492081917804e+00 1.127286211370525125e+05 8.001059653536668520e+03 3.149854614295713836e+05 1.331442492812801211e+05 4.335115444585484802e+05 1.244224331850200106e+05 3.200133858352223979e+04 1.884276667880994792e+05 2.340943653258648992e+05 7.711231067820683529e+04
4.720293492005461303e+04 3.903043519819033681e+05 4.720282806890693610e+04 3.143480228643964438e+04 4.720283613924361271e+04 1.250298759568912101e+04 8.497100828017122694e+04 4.720320385444496787e+04 1.564049825304360711e+05 2.621418960434904147e+05 6.480012869338213932e+04 4.720296937578215875e+04 4.570301440689850278e+04 5.280009004729401204e+04 4.720311075132287078e+04 9.240267169264164113e+04 4.720315334343080031e+04 3.149858599795179907e+05 1.288275386865791806e+05 4.335119732620560681e+05 1.107288103422693821e+05 1.533396118325087446e+04 1.884280320005301619e+05 2.340946542103547836e+05 3.738656221594398812e+04
1.097158065356956067e+05 3.685900696726724855e+05 1.097156802679880493e+05 1.035650347663087450e+05 1.097157092443455331e+05 8.497100828017122694e+04 9.630193520901486409e+03 1.097160663842524518e+05 1.177386596590136469e+05 2.404276479352123861e+05 2.573429143645670410e+04 1.097157214198314759e+05 1.096222130252872739e+05 4.017253086158340011e+04 1.097160168798821542e+05 1.291051357994195860e+04 1.097159766837095085e+05 2.932716166283113998e+05 7.041757611562850070e+04 4.117977452602741541e+05 4.091861681337522168e+04 1.001724800332671293e+05 1.631581918870363443e+05 2.123804094563586987e+05 5.506147177181252482e+04
8.001502133821065399e+03 3.903041002627048874e+05 4.785067931292469439e+03 2.022866117314910662e+04 8.001173818991723238e+03 4.720320385444496787e+04 1.097160663842524518e+05 3.948057908414616577e+03 1.564048093810983410e+05 2.621418544486793107e+05 1.040017459926737210e+05 3.542365677204122676e+03 5.960448439926913125e+03 9.200156188147571811e+04 8.001406024686474666e+03 1.127290113127213845e+05 3.542290188259494244e+03 3.149856901671464439e+05 1.331446773920492851e+05 4.335117135184811777e+05 1.244228001570640918e+05 3.194362291905971870e+04 1.884280589793399558e+05 2.340946589145730541e+05 7.711264175360984518e+04
1.564047572719143936e+05 3.295217994757496635e+05 1.564046777113470598e+05 1.564049834101174201e+05 1.564044152474422008e+05 1.564049825304360711e+05 1.177386596590136323e+05 1.564048093810983410e+05 3.020170358479799688e+04 1.948365054494093929e+05 1.324049261354710907e+05 1.564047145734372316e+05 1.564049808039913769e+05 1.404048677166779235e+05 1.564047147214357974e+05 1.144464631597221887e+05 1.564047477421750664e+05 2.542985318207877281e+05 7.220719605083651550e+04 3.741206177801352460e+05 1.014848938736114214e+05 1.564049539638616261e+05 7.815752001131066936e+04 1.572777185539587808e+05 1.492937175052018138e+05
2.621415845103284519e+05 3.151658591451258399e+05 2.621415357158076367e+05 2.621418224397667218e+05 2.621416089573089848e+05 2.621418960434904147e+05 2.404276479352124443e+05 2.621418544486793107e+05 1.948365054494093929e+05 5.609151193375241564e+04 2.461419560162099078e+05 2.621415797928950342e+05 2.621418266301246185e+05 2.541420522871577123e+05 2.621418326327371760e+05 2.381420659786750039e+05 2.621417716394408490e+05 2.065614551055193588e+05 2.267135179352818814e+05 3.517380386907536886e+05 2.354753989773121721e+05 2.621419142682196107e+05 1.685518995951073011e+05 1.162727513064772938e+05 2.621420890492210747e+05
1.040015146561990987e+05 3.743043725971630192e+05 1.040013731306989794e+05 8.823349784139936673e+04 1.040013821182632964e+05 6.480012869338213932e+04 2.573429143645670047e+04 1.040017459926737210e+05 1.324049261354711198e+05 2.461419560162099078e+05 1.626052494629302601e+03 1.040014750411700952e+05 1.025016810905858001e+05 1.908345693507477336e+04 1.040017103916940250e+05 3.609147728810801345e+04 1.040016993723917694e+05 2.989858684707401553e+05 9.058842270206817193e+04 4.175119340862386744e+05 6.108965514962888119e+04 8.000160845851043996e+04 1.688723662076426554e+05 2.180947106919104117e+05 3.403275372680720466e+04
8.001135837375784831e+03 3.903041005246988498e+05 2.230491741061622179e+03 2.376950292412670387e+04 8.001069117423963689e+03 4.720296937578215875e+04 1.097157214198314759e+05 3.542365677204122221e+03 1.564047145734372316e+05 2.621415797928950342e+05 1.040014750411700952e+05 5.924474999182267609e-01 9.501357779006755663e+03 9.200155783022881951e+04 8.001411218328285031e+03 1.127289445843072172e+05 1.224659195099922160e+00 3.149855273317457177e+05 1.331445774294269213e+05 4.335117123777095694e+05 1.244227048764739884e+05 3.200149188747419976e+04 1.884276514557340997e+05 2.340943565596874687e+05 7.711263113914201676e+04
9.501405378049776118e+03 3.903042251517071854e+05 9.501387898827653771e+03 1.426944114160571371e+04 9.501340422651763220e+03 4.570301440689850278e+04 1.096222130252872739e+05 5.960448439926914034e+03 1.564049808039913769e+05 2.621418266301246185e+05 1.025016810905858001e+05 9.501357779006755663e+03 2.438161581550730261e+03 9.050171954903706501e+04 9.501576144445547470e+03 1.127291586626923818e+05 9.501599035530192850e+03 3.149857161512220046e+05 1.331447525482764759e+05 4.335117990514857229e+05 1.244229942340299458e+05 3.037030398943149703e+04 1.884279950492250209e+05 2.340946420752769045e+05 7.561272431308214436e+04
9.200158562504278962e+04 3.823042001571146538e+05 9.200147009907143365e+04 7.623350625924910128e+04 9.200123994036717340e+04 5.280009004729402659e+04 4.017253086158340011e+04 9.200156188147573266e+04 1.404048677166779235e+05 2.541420522871577123e+05 1.908345693507477336e+04 9.200155783022881951e+04 9.050171954903705046e+04 1.200073877457148228e+04 9.200153772944735829e+04 4.809132582464048755e+04 9.200151412586543302e+04 3.069858801946594613e+05 1.005882682646118483e+05 4.255118394033237710e+05 7.308957671789737651e+04 6.800167647675186163e+04 1.768725796906709729e+05 2.260948478140290827e+05 1.541489304145310962e+04
1.256607343055895720e+00 3.903040704035165254e+05 5.771774130537645760e+03 2.376972719250788214e+04 1.003920492081917804e+00 4.720311075132287078e+04 1.097160168798821542e+05 8.001406024686474666e+03 1.564047147214357974e+05 2.621418326327371760e+05 1.040017103916940250e+05 8.001411218328285031e+03 9.501576144445547470e+03 9.200153772944735829e+04 6.025290341440010522e-01 1.127289847813868255e+05 8.001259784833100639e+03 3.149856380989359459e+05 1.331445971017172560e+05 4.335116382710997714e+05 1.244227834596878529e+05 3.200161668331107649e+04 1.884279353300487564e+05 2.340945980989087839e+05 7.711259694555368333e+04
1.127290293417808425e+05 3.663043627020218992e+05 1.127288845089021343e+05 1.073957918657549308e+05 1.127286211370525125e+05 9.240267169264164113e+04 1.291051357994196042e+04 1.127290113127214136e+05 1.144464631597221887e+05 2.381420659786750039e+05 3.609147728810801345e+04 1.127289445843072317e+05 1.127291586626924109e+05 4.809132582464048755e+04 1.127289847813868255e+05 9.134380085153870823e+03 1.127289297015536577e+05 2.909859335225834511e+05 6.576337028677685885e+04 4.095119414795297780e+05 3.026061215710659599e+04 1.047291449725605635e+05 1.608726154406456044e+05 2.100947852012762160e+05 6.298031683924770186e+04
8.001344707499410106e+03 3.903040190505174105e+05 2.230732486442518621e+03 2.376969354145595935e+04 8.001059653536668520e+03 4.720315334343080031e+04 1.097159766837095085e+05 3.542290188259493789e+03 1.564047477421750664e+05 2.621417716394408490e+05 1.040016993723917694e+05 1.224659195099922160e+00 9.501599035530192850e+03 9.200151412586543302e+04 8.001259784833100639e+03 1.127289297015536577e+05 6.272281948767017834e-01 3.149855832968821633e+05 1.331445994457275956e+05 4.335116226325886673e+05 1.244227431954296626e+05 3.200165210584157467e+04 1.884278880809466355e+05 2.340945980517231219e+05 7.711257788732774497e+04
3.149855294887272175e+05 2.493803036614323210e+05 3.149855122459054692e+05 3.149857750283067580e+05 3.149854614295713254e+05 3.149858599795180489e+05 2.932716166283113998e+05 3.149856901671464439e+05 2.542985318207876699e+05 2.065614551055194170e+05 2.989858684707401553e+05 3.149855273317457177e+05 3.149857161512220046e+05 3.069858801946594613e+05 3.149856380989359459e+05 2.909859335225834511e+05 3.149855832968821633e+05 1.325944467076272704e+05 2.795573787008263171e+05 3.141797456202058238e+05 2.883192320844903588e+05 3.149857872981516994e+05 2.434448133121290884e+05 2.188735496045963955e+05 3.149858529601766495e+05
1.331446342754761863e+05 3.548757518471293151e+05 1.331445271660372382e+05 1.331448210517123225e+05 1.331442492812801502e+05 1.288275386865791661e+05 7.041757611562850070e+04 1.331446773920492851e+05 7.220719605083651550e+04 2.267135179352818814e+05 9.058842270206817193e+04 1.331445774294269213e+05 1.331447525482764759e+05 1.005882682646118483e+05 1.331445971017172560e+05 6.576337028677685885e+04 1.331445994457275956e+05 2.795573787008263171e+05 1.583561709093868558e+04 3.980833372188770445e+05 4.369478377583148540e+04 1.331448308154479309e+05 1.321698190784440085e+05 1.955083477092192625e+05 1.114772061177315627e+05
4.335117056256850483e+05 2.678925742486063973e+05 4.335116789614232257e+05 4.335118299590140232e+05 4.335115444585484802e+05 4.335119732620560681e+05 4.117977452602741541e+05 4.335117135184811777e+05 3.741206177801352460e+05 3.517380386907536886e+05 4.175119340862386744e+05 4.335117123777095694e+05 4.335117990514857229e+05 4.255118394033237710e+05 4.335116382710997714e+05 4.095119414795297780e+05 4.335116226325886673e+05 3.141797456202058238e+05 3.980833372188770445e+05 1.367202114510051615e+05 4.068452121584366541e+05 4.335118541599668097e+05 3.615119275145321153e+05 3.578021773268653196e+05 4.335118115670636762e+05
1.244228233523708623e+05 3.636376262616072199e+05 1.244226897274333460e+05 1.208674512446516601e+05 1.244224331850200106e+05 1.107288103422693821e+05 4.091861681337522168e+04 1.244228001570640918e+05 1.014848938736114360e+05 2.354753989773121721e+05 6.108965514962888119e+04 1.244227048764739884e+05 1.244229942340299458e+05 7.308957671789737651e+04 1.244227834596878529e+05 3.026061215710659599e+04 1.244227431954296626e+05 2.883192320844903588e+05 4.369478377583149268e+04 4.068452121584366541e+05 1.304035264759614438e+04 1.190897074926695641e+05 1.537848493668725423e+05 2.056830046541012125e+05 8.647843978045978292e+04
3.200144750336887228e+04 3.903043166988077573e+05 3.200133103773690164e+04 1.610217370591447616e+04 3.200133858352223979e+04 1.533396118325087446e+04 1.001724800332671293e+05 3.194362291905971870e+04 1.564049539638616552e+05 2.621419142682196107e+05 8.000160845851043996e+04 3.200149188747419976e+04 3.037030398943149703e+04 6.800167647675187618e+04 3.200161668331107649e+04 1.047291449725605489e+05 3.200165210584157467e+04 3.149857872981516994e+05 1.331448308154479309e+05 4.335118541599668097e+05 1.190897074926695641e+05 2.587207062443227983e+02 1.884280105004871730e+05 2.340946374592214997e+05 5.259662113812042662e+04
1.884277053444967023e+05 3.263043932388656540e+05 1.884276536544798873e+05 1.884279836135607038e+05 1.884276667880995083e+05 1.884280320005301619e+05 1.631581918870363443e+05 1.884280589793399558e+05 7.815752001131066936e+04 1.685518995951073011e+05 1.688723662076426554e+05 1.884276514557340997e+05 1.884279950492250209e+05 1.768725796906709729e+05 1.884279353300487855e+05 1.608726154406456044e+05 1.884278880809466646e+05 2.434448133121290884e+05 1.321698190784440376e+05 3.615119275145321153e+05 1.537848493668725423e+05 1.884280105004871730e+05 3.037040182081752209e+04 1.276680343494460831e+05 1.852676304108811892e+05
2.340943490488485841e+05 3.042172341981321806e+05 2.340943277628810320e+05 2.340946714140099648e+05 2.340943653258648992e+05 2.340946542103547545e+05 2.123804094563586987e+05 2.340946589145730541e+05 1.572777185539587808e+05 1.162727513064772938e+05 2.180947106919104117e+05 2.340943565596874687e+05 2.340946420752769045e+05 2.260948478140290827e+05 2.340945980989087839e+05 2.100947852012762160e+05 2.340945980517231219e+05 2.188735496045963955e+05 1.955083477092192625e+05 3.578021773268653196e+05 2.056830046541012125e+05 2.340946374592214997e+05 1.276680343494460540e+05 5.779658238108887599e+04 2.340947729615272547e+05
7.711267428925663990e+04 3.903042954878917080e+05 7.711256490603378916e+04 6.134464459588604223e+04 7.711231067820683529e+04 3.738656221594400267e+04 5.506147177181252482e+04 7.711264175360984518e+04 1.492937175052018138e+05 2.621420890492210747e+05 3.403275372680720466e+04 7.711263113914201676e+04 7.561272431308214436e+04 1.541489304145311326e+04 7.711259694555368333e+04 6.298031683924770186e+04 7.711257788732774497e+04 3.149858529601766495e+05 1.114772061177315627e+05 4.335118115670636762e+05 8.647843978045978292e+04 5.259662113812042662e+04 1.852676304108811892e+05 2.340947729615272547e+05 5.561281883598121567e+03
