9.009043268751228961e-01 2.762320955869845930e+05 1.886980901023271872e+04 1.886977282480054419e+04 5.105670580653110665e+04 3.773814930311276112e+04 1.669485262351816637e+05 1.769045710639065510e+04 1.886982756549877740e+04 1.886928115559339858e+04 1.886956994496466359e+04 1.886964548553429995e+04 1.886978890154752662e+04 1.886970802718210325e+04 2.594552614815319612e+04 1.886982024352094231e+04 7.547402188406781352e+04 7.547398451279397705e+04 1.886976260578970687e+04 1.886993032174963446e+04 2.098320238074122699e+03 9.434196679790943745e+04 1.609115106798072459e+00 1.195307620466077351e+05 4.257024778019117657e+05
2.762320955869846512e+05 1.028164557058704959e+05 2.762321592498133541e+05 2.762319989211984794e+05 2.678465441834032536e+05 2.573643892362135230e+05 1.722319253364346223e+05 2.762321046850046259e+05 2.762322747585491743e+05 2.762316741123806569e+05 2.762317238450065488e+05 2.762319119786971132e+05 2.762322496403346886e+05 2.762319568933297996e+05 2.573643811128994275e+05 2.762322161859430489e+05 2.762323274365153047e+05 2.762322932131509879e+05 2.762319480605759891e+05 2.573643596525817411e+05 2.741358390822407091e+05 2.762323893861669931e+05 2.762321211187736480e+05 2.671165369653369416e+05 2.695767685711324448e+05
1.886980901023271872e+04 2.762321592498133541e+05 9.875335315373202638e-01 1.886990625165124584e+04 5.105673839852337551e+04 3.773815557084237662e+04 1.669486488814302429e+05 5.898071882956136506e+03 1.840750823341873676e+00 1.886938976039303088e+04 1.886962383844036231e+04 1.886969409474027270e+04 1.945925758298357788e+00 1.886978760953534584e+04 3.773811699683639745e+04 1.816512252047442155e+00 7.547419523176398070e+04 7.547397749927698169e+04 1.886984251931310428e+04 3.773797674027215544e+04 2.096636605477667399e+04 9.434214950145799958e+04 1.886978813460363381e+04 1.195309392771406710e+05 4.257026436192157562e+05
1.886977282480054419e+04 2.762319989211984212e+05 1.886990625165124584e+04 8.770759625413326876e-01 5.105654354244041315e+04 3.773800369954895723e+04 1.669484396099275036e+05 1.415261942782524966e+04 1.886984129048688192e+04 1.303840023705960638e+00 1.560357970821161455e+00 1.560710571886910980e+00 1.886980271568146418e+04 1.578439097729022578e+00 3.773795308890577144e+04 1.886977115065517137e+04 7.547382183500776591e+04 7.547377130977583874e+04 1.620323448059053373e+00 3.773789005796430865e+04 2.096633513841065724e+04 9.434171836202626582e+04 1.886974499585202648e+04 1.195305520110125362e+05 4.257025236978011671e+05
5.105670580653110665e+04 2.678465441834032536e+05 5.105673839852337551e+04 5.105654354244041315e+04 2.655428897498266451e+04 2.380264833479881781e+04 1.560749722133293399e+05 5.105662306736645405e+04 5.105673594831116498e+04 5.105595961266349332e+04 5.105622954997770285e+04 5.105626986513136217e+04 5.105670935332596855e+04 5.105642662403036957e+04 3.559529092499252147e+04 5.105664291015195340e+04 5.265260782627638400e+04 3.752206885349852382e+04 5.105649096512438700e+04 4.267087611385362106e+04 5.012492736833261006e+04 7.720064750782615738e+04 5.105668972101172403e+04 1.023895817568384809e+05 4.173169791516112164e+05
3.773814930311276112e+04 2.573643892362135230e+05 3.773815557084237662e+04 3.773800369954895723e+04 2.380264833479881418e+04 9.773751436128688130e-01 1.669488319988348812e+05 3.773805094327918778e+04 3.773821695700589044e+04 3.773744291212779353e+04 3.773766644061866100e+04 3.773774288791459549e+04 3.773818465970378020e+04 3.773791224090814649e+04 1.179447266574536843e+04 3.773810146628496295e+04 7.547399949263584858e+04 6.132291597695888777e+04 3.773803999985277187e+04 1.887017921626234602e+04 3.564165785638558009e+04 9.434210324514200329e+04 3.773812973616715317e+04 1.195309665774080786e+05 4.068348572645666427e+05
1.669485262351816928e+05 1.722319253364346514e+05 1.669486488814302429e+05 1.669484396099275036e+05 1.560749722133293399e+05 1.669488319988348812e+05 2.818033328824276759e+04 1.669485105354151165e+05 1.669486619853151788e+05 1.669480758362083288e+05 1.669481056071985804e+05 1.669482366695294622e+05 1.669486508093391603e+05 1.669483413236173510e+05 1.669487343238222238e+05 1.669486785067806195e+05 1.468078288082997024e+05 1.469710955218654417e+05 1.669483627579101885e+05 1.669487030809110729e+05 1.669486765193684550e+05 1.364270073140135792e+05 1.669484849520521821e+05 1.143345190373267978e+05 3.618846892288922681e+05
1.769045710639065510e+04 2.762321046850046259e+05 5.898071882956136506e+03 1.415261942782525330e+04 5.105662306736645405e+04 3.773805094327918778e+04 1.669485105354150874e+05 8.697826250413661910e+03 5.898029802291006490e+03 1.415224593971644572e+04 1.415251988547360634e+04 1.415258454499616710e+04 5.898044704166876727e+03 1.415260803043885062e+04 3.700097049054555828e+04 5.897956461375806612e+03 7.547395785136635823e+04 7.547384908272493340e+04 1.415257866580285554e+04 3.655869694936617452e+04 1.978711484404571092e+04 9.434189128240522405e+04 1.769039883772363828e+04 1.195307043855745433e+05 4.257025318103403552e+05
1.886982756549877740e+04 2.762322747585491743e+05 1.840750823341873676e+00 1.886984129048688192e+04 5.105673594831116498e+04 3.773821695700589044e+04 1.669486619853151788e+05 5.898029802291007400e+03 9.459173222262791114e-01 1.886931133691161449e+04 1.886961553167028251e+04 1.886966693512307029e+04 1.802467457370686255e+00 1.886974499630808350e+04 3.773809140275535174e+04 1.811227532270623275e+00 7.547411160806333646e+04 7.547403529141571198e+04 1.886976104457344991e+04 3.773798614440707752e+04 2.096638012498819808e+04 9.434208825518173398e+04 1.886978727567897295e+04 1.195308977550597483e+05 4.257026424366212450e+05
1.886928115559339858e+04 2.762316741123805987e+05 1.886938976039303088e+04 1.303840023705960416e+00 5.105595961266349332e+04 3.773744291212779353e+04 1.669480758362083288e+05 1.415224593971644572e+04 1.886931133691161449e+04 4.988672388774608168e-01 9.489721517926269501e-01 1.054546399306102833e+00 1.886931000629322079e+04 1.181019693339189658e+00 3.773736691230414726e+04 1.886928681706091447e+04 7.547335927835888288e+04 7.547330559831004939e+04 1.244308934740703698e+00 3.773731188576993009e+04 2.096582844130700323e+04 9.434135756713229057e+04 1.886927050002230317e+04 1.195302246258424129e+05 4.257022755031979177e+05
1.886956994496466359e+04 2.762317238450065488e+05 1.886962383844036231e+04 1.560357970821161455e+00 5.105622954997770285e+04 3.773766644061866100e+04 1.669481056071985804e+05 1.415251988547360452e+04 1.886961553167028251e+04 9.489721517926269501e-01 6.747874184644875317e-01 1.166356515240558833e+00 1.886967692232916670e+04 1.417222717723419123e+00 3.773755664877155505e+04 1.886960700533478303e+04 7.547354116194664675e+04 7.547347101006323646e+04 1.501241833519236124e+00 3.773759696453170181e+04 2.096608443719874413e+04 9.434146698089966958e+04 1.886956624078278401e+04 1.195303131283444673e+05 4.257022695628366200e+05
1.886964548553429995e+04 2.762319119786971132e+05 1.886969409474027270e+04 1.560710571886910980e+00 5.105626986513136217e+04 3.773774288791459549e+04 1.669482366695294622e+05 1.415258454499616528e+04 1.886966693512307029e+04 1.054546399306102833e+00 1.166356515240558833e+00 7.572213085970470603e-01 1.886970956411929365e+04 1.416974046224785955e+00 3.773768295892838796e+04 1.886969789595075054e+04 7.547360438421282743e+04 7.547350473453800078e+04 1.571102597438083448e+00 3.773765663382432103e+04 2.096609829019390963e+04 9.434146552903570409e+04 1.886960151592016700e+04 1.195303632643938472e+05 4.257023579016105505e+05
1.886978890154752662e+04 2.762322496403346886e+05 1.945925758298357788e+00 1.886980271568146418e+04 5.105670935332596855e+04 3.773818465970378020e+04 1.669486508093391312e+05 5.898044704166876727e+03 1.802467457370686255e+00 1.886931000629322079e+04 1.886967692232916670e+04 1.886970956411929365e+04 9.631498885765674700e-01 1.886973275184050726e+04 3.773804953052876954e+04 1.790568021384802311e+00 7.547403527379376465e+04 7.547403018847582280e+04 1.886976595667806396e+04 3.773796721310055727e+04 2.096635353757441408e+04 9.434206211420247564e+04 1.886986173197951211e+04 1.195308807701947808e+05 4.257025920249415794e+05
1.886970802718210325e+04 2.762319568933297996e+05 1.886978760953534584e+04 1.578439097729022356e+00 5.105642662403036957e+04 3.773791224090814649e+04 1.669483413236173510e+05 1.415260803043884880e+04 1.886974499630808350e+04 1.181019693339189658e+00 1.417222717723418679e+00 1.416974046224785955e+00 1.886973275184050726e+04 8.148203541247135417e-01 3.773786951603414491e+04 1.886970580878096371e+04 7.547373718309200194e+04 7.547369345015326689e+04 1.568821418480366825e+00 3.773778895016625029e+04 2.096630009885239633e+04 9.434165591475911788e+04 1.886968452378979055e+04 1.195304373208171164e+05 4.257023878526079934e+05
2.594552614815319612e+04 2.573643811128994275e+05 3.773811699683639745e+04 3.773795308890577144e+04 3.559529092499252147e+04 1.179447266574536843e+04 1.669487343238222238e+05 3.700097049054555828e+04 3.773809140275535174e+04 3.773736691230414726e+04 3.773755664877155505e+04 3.773768295892838796e+04 3.773804953052876954e+04 3.773786951603414491e+04 8.845366191579265433e+03 3.773806359147891635e+04 7.547402279093794641e+04 7.016738021970189584e+04 3.773790621984271274e+04 7.077401530433764492e+03 2.384909922622037993e+04 9.434205571039019560e+04 2.594550952207042428e+04 1.195309850828204653e+05 4.068348045995465363e+05
1.886982024352094231e+04 2.762322161859430489e+05 1.816512252047442377e+00 1.886977115065517137e+04 5.105664291015195340e+04 3.773810146628496295e+04 1.669486785067806195e+05 5.897956461375806612e+03 1.811227532270623497e+00 1.886928681706091447e+04 1.886960700533478303e+04 1.886969789595075054e+04 1.790568021384802977e+00 1.886970580878096371e+04 3.773806359147891635e+04 9.163873106068781693e-01 7.547401997118408326e+04 7.547393424180489092e+04 1.886971102691639680e+04 3.773787988386225334e+04 2.096643903142934141e+04 9.434205169262611889e+04 1.886976052573990091e+04 1.195308871412044100e+05 4.257026812977844966e+05
7.547402188406781352e+04 2.762323274365153047e+05 7.547419523176399525e+04 7.547382183500776591e+04 5.265260782627639855e+04 7.547399949263586313e+04 1.468078288082997024e+05 7.547395785136635823e+04 7.547411160806333646e+04 7.547335927835888288e+04 7.547354116194664675e+04 7.547360438421282743e+04 7.547403527379376465e+04 7.547373718309203105e+04 7.547402279093794641e+04 7.547401997118408326e+04 4.734318460596457953e+03 1.692770275769572254e+04 7.547373317065581796e+04 7.547406702664763725e+04 7.547408221321248857e+04 3.496328032985566097e+04 7.547402268498015474e+04 6.251092608322439628e+04 4.257027694095344050e+05
7.547398451279397705e+04 2.762322932131509879e+05 7.547397749927698169e+04 7.547377130977583874e+04 3.752206885349852382e+04 6.132291597695888777e+04 1.469710955218654417e+05 7.547384908272493340e+04 7.547403529141571198e+04 7.547330559831004939e+04 7.547347101006323646e+04 7.547350473453800078e+04 7.547403018847582280e+04 7.547369345015326689e+04 7.016738021970189584e+04 7.547393424180489092e+04 1.692770275769571890e+04 7.076497697172952940e+03 7.547365380978552275e+04 7.547402025218098424e+04 7.547403782989605679e+04 5.188915608596909442e+04 7.547392146674577089e+04 7.766780356527950789e+04 4.257027983843153925e+05
1.886976260578970687e+04 2.762319480605759891e+05 1.886984251931310428e+04 1.620323448059053373e+00 5.105649096512438700e+04 3.773803999985277187e+04 1.669483627579101885e+05 1.415257866580285372e+04 1.886976104457344991e+04 1.244308934740703698e+00 1.501241833519236124e+00 1.571102597438083448e+00 1.886976595667806396e+04 1.568821418480367491e+00 3.773790621984271274e+04 1.886971102691639680e+04 7.547373317065580341e+04 7.547365380978552275e+04 8.761971835751013460e-01 3.773784099454318493e+04 2.096633679869617117e+04 9.434179785375563370e+04 1.886972478547010178e+04 1.195305713930768688e+05 4.257024975667888066e+05
1.886993032174963446e+04 2.573643596525817411e+05 3.773797674027215544e+04 3.773789005796430865e+04 4.267087611385362106e+04 1.887017921626234238e+04 1.669487030809110438e+05 3.655869694936617452e+04 3.773798614440707024e+04 3.773731188576993009e+04 3.773759696453170181e+04 3.773765663382431376e+04 3.773796721310055727e+04 3.773778895016624301e+04 7.077401530433763583e+03 3.773787988386224606e+04 7.547406702664763725e+04 7.547402025218098424e+04 3.773784099454318493e+04 9.473102520616052402e-01 1.677341403790878758e+04 9.434210972324247996e+04 1.886989890494460997e+04 1.195309757005692954e+05 4.068348639413917554e+05
2.098320238074122699e+03 2.741358390822406509e+05 2.096636605477667399e+04 2.096633513841065724e+04 5.012492736833261006e+04 3.564165785638558009e+04 1.669486765193684550e+05 1.978711484404571092e+04 2.096638012498819808e+04 2.096582844130700323e+04 2.096608443719874413e+04 2.096609829019390963e+04 2.096635353757441408e+04 2.096630009885239633e+04 2.384909922622037266e+04 2.096643903142934141e+04 7.547408221321248857e+04 7.547403782989605679e+04 2.096633679869617117e+04 1.677341403790878758e+04 3.727954876654003783e+03 9.434208885736649972e+04 2.098305150982056603e+03 1.195309415021866735e+05 4.236062871604891261e+05
9.434196679790943745e+04 2.762323893861669931e+05 9.434214950145799958e+04 9.434171836202626582e+04 7.720064750782615738e+04 9.434210324514200329e+04 1.364270073140135792e+05 9.434189128240522405e+04 9.434208825518173398e+04 9.434135756713229057e+04 9.434146698089966958e+04 9.434146552903570409e+04 9.434206211420247564e+04 9.434165591475911788e+04 9.434205571039021015e+04 9.434205169262611889e+04 3.496328032985566097e+04 5.188915608596909442e+04 9.434179785375563370e+04 9.434210972324247996e+04 9.434208885736649972e+04 1.129600835790466551e+00 9.434200710483345028e+04 2.754953562759970737e+04 4.257027591971972724e+05
1.609115106798072459e+00 2.762321211187736480e+05 1.886978813460363381e+04 1.886974499585202648e+04 5.105668972101172403e+04 3.773812973616715317e+04 1.669484849520521529e+05 1.769039883772363828e+04 1.886978727567897295e+04 1.886927050002230317e+04 1.886956624078278401e+04 1.886960151592016700e+04 1.886986173197951211e+04 1.886968452378979055e+04 2.594550952207042428e+04 1.886976052573990091e+04 7.547402268498015474e+04 7.547392146674577089e+04 1.886972478547010178e+04 1.886989890494460997e+04 2.098305150982056603e+03 9.434200710483345028e+04 8.983422021133509183e-01 1.195307543906512583e+05 4.257025924274612335e+05
1.195307620466077351e+05 2.671165369653369416e+05 1.195309392771406710e+05 1.195305520110125362e+05 1.023895817568384809e+05 1.195309665774080786e+05 1.143345190373267833e+05 1.195307043855745433e+05 1.195308977550597483e+05 1.195302246258424129e+05 1.195303131283444673e+05 1.195303632643938472e+05 1.195308807701947808e+05 1.195304373208171164e+05 1.195309850828204653e+05 1.195308871412044100e+05 6.251092608322438173e+04 7.766780356527950789e+04 1.195305713930768688e+05 1.195309757005693100e+05 1.195309415021866735e+05 2.754953562759970737e+04 1.195307543906512583e+05 2.087296078570048121e+04 4.233441006673084921e+05
4.257024778019117657e+05 2.695767685711324448e+05 4.257026436192157562e+05 4.257025236978011671e+05 4.173169791516112164e+05 4.068348572645665845e+05 3.618846892288922681e+05 4.257025318103403552e+05 4.257026424366211868e+05 4.257022755031979177e+05 4.257022695628366200e+05 4.257023579016105505e+05 4.257025920249415794e+05 4.257023878526079934e+05 4.068348045995464199e+05 4.257026812977843801e+05 4.257027694095344050e+05 4.257027983843153925e+05 4.257024975667888066e+05 4.068348639413917554e+05 4.236062871604891261e+05 4.257027591971972724e+05 4.257025924274612335e+05 4.233441006673084921e+05 1.266824013474118838e+05
