3.122090452196270780e+04 1.379641907291397220e+05 1.541677389984852343e+05 1.541676717919192160e+05 5.738613746207600343e+04 1.541675714902233740e+05 2.030483808735068887e+05 1.217604871979791642e+05 1.541677013487853983e+05 1.541679080198928132e+05 7.604196787199251412e+04 1.755178410755930236e+05 4.285133430295249127e+04 1.541677996665308310e+05 9.706913613091177831e+04 1.541678661868440686e+05 1.293280224560139468e+05 1.541677933807554946e+05 8.472339948774750519e+04 1.541673736165814043e+05 1.541674143948331475e+05 1.217605197510329017e+05 1.541679129283024813e+05 1.541679845342963235e+05 2.332878767276325379e+05
1.379641907291396928e+05 1.851899414415248611e+04 5.555689208660271106e+04 4.321128629198962881e+04 9.523995442689258198e+04 3.703830688997179823e+04 2.910111464991012472e+05 1.851963378240493330e+04 3.703836219813799107e+04 5.555695428554687533e+04 2.008871564837884507e+05 2.674306591671701171e+05 1.676969144155786780e+05 3.086531181528966408e+04 5.555725599741387123e+04 5.555714882581814163e+04 2.366813038785745739e+05 5.555701589746027457e+04 6.790293635909413570e+04 5.555655115299069439e+04 5.555662139111197757e+04 1.851983826003369904e+04 5.555704551864504901e+04 5.555695705021337199e+04 3.212506072661644430e+05
1.541677389984852052e+05 5.555689208660271106e+04 2.536634770317256482e-01 1.234665035271038869e+04 1.137583194659700530e+05 1.851960201090154442e+04 3.002701357338869129e+05 7.407550401630227861e+04 1.851955888040586069e+04 1.118763650503880935e+00 2.101463296773966285e+05 2.766896507610931876e+05 1.769561510425265878e+05 2.469270655385504870e+04 9.259427056422577880e+04 1.175785986957315066e+00 2.459402714543922048e+05 7.922447687277737183e-01 9.876710778838275291e+04 7.198571512673520578e-01 8.075311250206080871e-01 7.407557125166954938e+04 1.077695827414405061e+00 1.273978615802264125e+00 3.305095497264818987e+05
1.541676717919192160e+05 4.321128629198962881e+04 1.234665035271038869e+04 8.230648536102005892e+03 1.137579457588912192e+05 6.173503817384812464e+03 3.002700362379327998e+05 6.172981442240558681e+04 6.173549782318592406e+03 1.234707265526787160e+04 2.101462650937140279e+05 2.766896995967613766e+05 1.769560607100729540e+05 1.234703161268123404e+04 8.024817287650103390e+04 1.234684379621407606e+04 2.459401096672116837e+05 1.234682129519693444e+04 9.053627409331948729e+04 1.234641894634363962e+04 1.234638612126006592e+04 6.172971828499069670e+04 1.234679138824806614e+04 1.234694754047255628e+04 3.305093440610416001e+05
5.738613746207601798e+04 9.523995442689261108e+04 1.137583194659700530e+05 1.137579457588912192e+05 4.535516195868373870e+03 1.137578872867045866e+05 2.235509128502488020e+05 7.672143865884946717e+04 1.137580344541058439e+05 1.137584810446271877e+05 1.334269064929177985e+05 1.999704095915019279e+05 1.002365531243630394e+05 1.137583704561414488e+05 3.968392757622659701e+04 1.137582035932859435e+05 1.692208496633047471e+05 1.137583540809438127e+05 2.733812568245816510e+04 1.137579228888024809e+05 1.137579206325387349e+05 7.672115655302414962e+04 1.137582777651272772e+05 1.137583935491758893e+05 2.537902786736083508e+05
1.541675714902233740e+05 3.703830688997180550e+04 1.851960201090154442e+04 6.173503817384809736e+03 1.137578872867046157e+05 1.994251296131960283e-01 3.002700641872794949e+05 5.555687396326954331e+04 6.046647948477967827e-01 1.851988262751954971e+04 2.101462032161535753e+05 2.766897154626284027e+05 1.769559976853339758e+05 6.173987142240215690e+03 7.407528934099183243e+04 1.851977872365871372e+04 2.459400544441780949e+05 1.851975128680892885e+04 8.642103831120709947e+04 1.851918246591801289e+04 1.851918664664740209e+04 5.555674941531664808e+04 1.851964695617732650e+04 1.851980178542959402e+04 3.305093860294504557e+05
2.030483808735068887e+05 2.910111464991012472e+05 3.002701357338869129e+05 3.002700362379327998e+05 2.235509128502488020e+05 3.002700641872794949e+05 2.658173839964708532e+04 2.817519017584196990e+05 3.002700649793515913e+05 3.002701844172663405e+05 1.521225131541351147e+05 4.601131999579909461e+04 1.788715744653877919e+05 3.002702338048750535e+05 2.632335455129670445e+05 3.002703349429655354e+05 1.222327127775141271e+05 3.002702317949026474e+05 2.508879423278190370e+05 3.002700779047997203e+05 3.002700796984889312e+05 2.817517510829194216e+05 3.002702807264689473e+05 3.002702750671430258e+05 7.664845037583832163e+04
1.217604871979791642e+05 1.851963378240493330e+04 7.407550401630227861e+04 6.172981442240558681e+04 7.672143865884946717e+04 5.555687396326953603e+04 2.817519017584196990e+05 3.405795382475433897e-01 5.555697590934801701e+04 7.407554829752640217e+04 1.916280466117500619e+05 2.581715221275944205e+05 1.584378404491301917e+05 4.938413405425910605e+04 3.703856259248239076e+04 7.407582744782678492e+04 2.274219480979856162e+05 7.407558542224200210e+04 4.938425464672472299e+04 7.407514790214101959e+04 7.407523530854188721e+04 1.155657770279029606e+00 7.407573954007278371e+04 7.407554830713474075e+04 3.119913409833275364e+05
1.541677013487853983e+05 3.703836219813799107e+04 1.851955888040586069e+04 6.173549782318590587e+03 1.137580344541058439e+05 6.046647948477967827e-01 3.002700649793515913e+05 5.555697590934801701e+04 1.788997803676787568e-01 1.851990245482461978e+04 2.101463000534640450e+05 2.766897070814438630e+05 1.769561061693239899e+05 6.174104486371336861e+03 7.407542264595127199e+04 1.851976857459468374e+04 2.459401448059838440e+05 1.851972018600642332e+04 8.642116623896292003e+04 1.851937105462214095e+04 1.851942282380952020e+04 5.555686871782819071e+04 1.851972199445549631e+04 1.851983409001514156e+04 3.305094352879186044e+05
1.541679080198928132e+05 5.555695428554687533e+04 1.118763650503880935e+00 1.234707265526787160e+04 1.137584810446271877e+05 1.851988262751954971e+04 3.002701844172663405e+05 7.407554829752640217e+04 1.851990245482461978e+04 2.758912568233657936e-01 2.101465035217493132e+05 2.766897478893572697e+05 1.769563255844911328e+05 2.469274286375247539e+04 9.259438148297602311e+04 1.045110720221806178e+00 2.459404533671748068e+05 1.193882367076400719e+00 9.876724875609316223e+04 9.381817204364184537e-01 1.038613935847600089e+00 7.407559656027812161e+04 1.161737411967703526e+00 1.258719968110439735e+00 3.305096378731604200e+05
7.604196787199252867e+04 2.008871564837884507e+05 2.101463296773966285e+05 2.101462650937140279e+05 1.334269064929177985e+05 2.101462032161535753e+05 1.521225131541351147e+05 1.916280466117500328e+05 2.101463000534640450e+05 2.101465035217493132e+05 8.401956172563601285e+03 1.217192487703601073e+05 3.319131180573614984e+04 2.101465070035104291e+05 1.731094302972393343e+05 2.101464682936063327e+05 5.989867424907317036e+04 2.101462521340761159e+05 1.607638868842667143e+05 2.101460517635484866e+05 2.101460664584218175e+05 1.916282892361267295e+05 2.101463635678659193e+05 2.101466196159723622e+05 1.770409319251101697e+05
1.755178410755930236e+05 2.674306591671701171e+05 2.766896507610931876e+05 2.766896995967613766e+05 1.999704095915019279e+05 2.766897154626284027e+05 4.601131999579909461e+04 2.581715221275944205e+05 2.766897070814438630e+05 2.766897478893572697e+05 1.217192487703601073e+05 1.940317914904170175e+04 1.484683439335386502e+05 2.766898861961546936e+05 2.396528223644985410e+05 2.766898142216762062e+05 8.072958897015935509e+04 2.766897006409018068e+05 2.273072009615322168e+05 2.766895714785348973e+05 2.766895465919728740e+05 2.581716094267941371e+05 2.766898633235793095e+05 2.766899509566538618e+05 9.446019890099110489e+04
4.285133430295249127e+04 1.676969144155786780e+05 1.769561510425265878e+05 1.769560607100728957e+05 1.002365531243630394e+05 1.769559976853339758e+05 1.788715744653877919e+05 1.584378404491301917e+05 1.769561061693239899e+05 1.769563255844911037e+05 3.319131180573615711e+04 1.484683439335386211e+05 9.145311074819534042e+03 1.769563053758262540e+05 1.399191979142765631e+05 1.769562865640293167e+05 9.308915694970886398e+04 1.769561425083717622e+05 1.275736070839656895e+05 1.769558058012518741e+05 1.769558251309107582e+05 1.584380337142197823e+05 1.769562843264260155e+05 1.769563408341894392e+05 2.091110293061178527e+05
1.541677996665308310e+05 3.086531181528966408e+04 2.469270655385504870e+04 1.234703161268123040e+04 1.137583704561414488e+05 6.173987142240214780e+03 3.002702338048750535e+05 4.938413405425910605e+04 6.174104486371338680e+03 2.469274286375247539e+04 2.101465070035104291e+05 2.766898861961546936e+05 1.769563053758262540e+05 8.230669470823630036e+03 7.407574716244422598e+04 2.469290360758245151e+04 2.459406203451157198e+05 2.469280175619010697e+04 8.642151720480207587e+04 2.469234296965199974e+04 2.469237510774644397e+04 4.938410432222596864e+04 2.469288493665818896e+04 2.469272818448776161e+04 3.305097186189293279e+05
9.706913613091177831e+04 5.555725599741387123e+04 9.259427056422579335e+04 8.024817287650103390e+04 3.968392757622659701e+04 7.407528934099183243e+04 2.632335455129670445e+05 3.703856259248239076e+04 7.407542264595127199e+04 9.259438148297602311e+04 1.731094302972393343e+05 2.396528223644985410e+05 1.399191979142765631e+05 7.407574716244422598e+04 2.165543652947633235e-01 9.259415912016476796e+04 2.089032996806775627e+05 9.259426968293194659e+04 1.234672432440973171e+04 9.259387360032284050e+04 9.259389749411004595e+04 3.703853251865858329e+04 9.259426040800285409e+04 9.259429573420700035e+04 2.934728944009544211e+05
1.541678661868440686e+05 5.555714882581814163e+04 1.175785986957315066e+00 1.234684379621407606e+04 1.137582035932859435e+05 1.851977872365871372e+04 3.002703349429655354e+05 7.407582744782678492e+04 1.851976857459468374e+04 1.045110720221806178e+00 2.101464682936063327e+05 2.766898142216762062e+05 1.769562865640293167e+05 2.469290360758245151e+04 9.259415912016476796e+04 2.778477246394234212e-01 2.459402849565168144e+05 1.198960058167963139e+00 9.876701772057250491e+04 1.035409333169978296e+00 1.080515036397659223e+00 7.407565650035235740e+04 9.749264332408116296e-01 1.291188430280311827e+00 3.305096723393104039e+05
1.293280224560139468e+05 2.366813038785745739e+05 2.459402714543922048e+05 2.459401096672116837e+05 1.692208496633047471e+05 2.459400544441780949e+05 1.222327127775141271e+05 2.274219480979856162e+05 2.459401448059838440e+05 2.459404533671748068e+05 5.989867424907317036e+04 8.072958897015935509e+04 9.308915694970886398e+04 2.459406203451157198e+05 2.089032996806775627e+05 2.459402849565168144e+05 1.944651876460312633e+04 2.459402864675443852e+05 1.965575891029584745e+05 2.459401189514377620e+05 2.459401534774412576e+05 2.274219457235368318e+05 2.459401727106377948e+05 2.459404092646197532e+05 1.371741215610778017e+05
1.541677933807554946e+05 5.555701589746027457e+04 7.922447687277737183e-01 1.234682129519693444e+04 1.137583540809438127e+05 1.851975128680892885e+04 3.002702317949026474e+05 7.407558542224200210e+04 1.851972018600642332e+04 1.193882367076400719e+00 2.101462521340761450e+05 2.766897006409018068e+05 1.769561425083717622e+05 2.469280175619010697e+04 9.259426968293193204e+04 1.198960058167963139e+00 2.459402864675443852e+05 1.926156818779030111e-01 9.876717298647845746e+04 9.017415517836794292e-01 9.376316850175584472e-01 7.407564439135002613e+04 1.180491653288996190e+00 1.185629295195328670e+00 3.305097029451769195e+05
8.472339948774750519e+04 6.790293635909413570e+04 9.876710778838275291e+04 9.053627409331948729e+04 2.733812568245816510e+04 8.642103831120709947e+04 2.508879423278190370e+05 4.938425464672472299e+04 8.642116623896292003e+04 9.876724875609316223e+04 1.607638868842667143e+05 2.273072009615322168e+05 1.275736070839656895e+05 8.642151720480207587e+04 1.234672432440973171e+04 9.876701772057250491e+04 1.965575891029584745e+05 9.876717298647845746e+04 1.646123955544091586e+04 9.876672503587749088e+04 9.876676298614402185e+04 4.938427180941529514e+04 9.876706043217098340e+04 9.876721304999421409e+04 2.811271895794098964e+05
1.541673736165814043e+05 5.555655115299069439e+04 7.198571512673520578e-01 1.234641894634363962e+04 1.137579228888024809e+05 1.851918246591801289e+04 3.002700779047997203e+05 7.407514790214101959e+04 1.851937105462214095e+04 9.381817204364184537e-01 2.101460517635484866e+05 2.766895714785348973e+05 1.769558058012518741e+05 2.469234296965199974e+04 9.259387360032281140e+04 1.035409333169978296e+00 2.459401189514377620e+05 9.017415517836794292e-01 9.876672503587749088e+04 1.162206914782617923e-01 3.095133975373203228e-01 7.407524499244954495e+04 9.364927107641192183e-01 1.098848601496667188e+00 3.305095287094332161e+05
1.541674143948331475e+05 5.555662139111197757e+04 8.075311250206080871e-01 1.234638612126006592e+04 1.137579206325387349e+05 1.851918664664740209e+04 3.002700796984889312e+05 7.407523530854188721e+04 1.851942282380952020e+04 1.038613935847600089e+00 2.101460664584218175e+05 2.766895465919728740e+05 1.769558251309107582e+05 2.469237510774644397e+04 9.259389749411004595e+04 1.080515036397659223e+00 2.459401534774412867e+05 9.376316850175584472e-01 9.876676298614402185e+04 3.095133975373203228e-01 2.064379714786636899e-01 7.407529541246253939e+04 1.017549462254615067e+00 1.137591648975571745e+00 3.305095072400320205e+05
1.217605197510329017e+05 1.851983826003369904e+04 7.407557125166956394e+04 6.172971828499069670e+04 7.672115655302414962e+04 5.555674941531664081e+04 2.817517510829194216e+05 1.155657770279029606e+00 5.555686871782819071e+04 7.407559656027812161e+04 1.916282892361267295e+05 2.581716094267941371e+05 1.584380337142197823e+05 4.938410432222596864e+04 3.703853251865858329e+04 7.407565650035235740e+04 2.274219457235368318e+05 7.407564439135002613e+04 4.938427180941529514e+04 7.407524499244954495e+04 7.407529541246253939e+04 2.265137730911060132e-01 7.407557389897694520e+04 7.407562214591284283e+04 3.119910470809793333e+05
1.541679129283025104e+05 5.555704551864504901e+04 1.077695827414405061e+00 1.234679138824806614e+04 1.137582777651272772e+05 1.851964695617732650e+04 3.002702807264689473e+05 7.407573954007278371e+04 1.851972199445549631e+04 1.161737411967703526e+00 2.101463635678659193e+05 2.766898633235793095e+05 1.769562843264260155e+05 2.469288493665818896e+04 9.259426040800283954e+04 9.749264332408116296e-01 2.459401727106377948e+05 1.180491653288996190e+00 9.876706043217098340e+04 9.364927107641192183e-01 1.017549462254615067e+00 7.407557389897694520e+04 2.902863514718655447e-01 1.262593919584017454e+00 3.305095748587570852e+05
1.541679845342963235e+05 5.555695705021337199e+04 1.273978615802264125e+00 1.234694754047255628e+04 1.137583935491758893e+05 1.851980178542959402e+04 3.002702750671430258e+05 7.407554830713474075e+04 1.851983409001514156e+04 1.258719968110439735e+00 2.101466196159723622e+05 2.766899509566538618e+05 1.769563408341894392e+05 2.469272818448776161e+04 9.259429573420698580e+04 1.291188430280311827e+00 2.459404092646197532e+05 1.185629295195328670e+00 9.876721304999421409e+04 1.098848601496667188e+00 1.137591648975571745e+00 7.407562214591284283e+04 1.262593919584017454e+00 2.599304583153160819e-01 3.305096023849803605e+05
2.332878767276325379e+05 3.212506072661644430e+05 3.305095497264818987e+05 3.305093440610416001e+05 2.537902786736083508e+05 3.305093860294504557e+05 7.664845037583832163e+04 3.119913409833275364e+05 3.305094352879186044e+05 3.305096378731604200e+05 1.770409319251101697e+05 9.446019890099110489e+04 2.091110293061178527e+05 3.305097186189293279e+05 2.934728944009544211e+05 3.305096723393104039e+05 1.371741215610778017e+05 3.305097029451768030e+05 2.811271895794098964e+05 3.305095287094330997e+05 3.305095072400320205e+05 3.119910470809793333e+05 3.305095748587570852e+05 3.305096023849803605e+05 2.477948651273502401e+04
