4.689028644221202025e-01 2.142972340425726434e+05 1.070361769990396715e+05 1.592262564559855598e+00 1.218182031915150398e+00 1.439562044120244682e+05 1.538644200679978530e+04 1.693435526185316675e+00 1.756089233352744028e+00 1.687607795079214767e+00 3.077112533626702134e+04 2.727699128096179920e+05 1.780595477440388708e+00 1.374894952663354486e+00 2.980945624082623544e+04 3.589940159523025795e+04 2.459175205886001932e+05 7.692503641760646133e+04 1.646138685425144077e+00 7.694088700434041129e+03 1.692134809544006080e+00 1.427450038705540880e+00 8.547205047242970613e+04 1.644055994676275390e+00 5.604592747986761970e+04
2.142972340425726725e+05 4.044975895581040095e+04 1.512594963913384709e+05 2.142971423830882704e+05 2.142967513970791188e+05 1.282769181828312430e+05 2.142972667800450872e+05 2.142969399324004771e+05 2.142971761171469698e+05 2.142968682106605265e+05 2.142973113644188852e+05 1.213725069307124068e+05 2.142971815520248201e+05 2.142967394848755212e+05 2.142974199680921156e+05 2.091692104671954294e+05 8.981922388707182836e+04 1.835281418336778588e+05 2.142969552145967318e+05 2.142972494567153917e+05 2.142970426967319800e+05 2.142967616227655089e+05 1.749811090769641451e+05 2.142970738243067754e+05 1.967149535581524833e+05
1.070361769990396715e+05 1.512594963913384709e+05 1.935566573650540158e+04 1.070362138520521694e+05 1.070355546093101584e+05 5.380207953191438719e+04 1.070362724238849187e+05 1.070358126751844684e+05 1.070359966175338341e+05 1.070357675686024013e+05 1.070362969477145816e+05 2.177973088296272326e+05 1.070363052121799119e+05 1.070356798129939853e+05 1.070361965445802052e+05 1.019080082181515463e+05 1.909447545841177634e+05 7.242081436125883192e+04 1.070358756336155348e+05 1.070362590495944896e+05 1.070360287091596401e+05 1.070357976097711507e+05 5.233504113461865927e+04 1.070361833153937623e+05 8.945367579785997805e+04
1.592262564559855598e+00 2.142971423830882704e+05 1.070362138520521694e+05 5.816387200025638915e-01 1.169566561166275109e+00 1.439562499087656906e+05 1.538655192061269008e+04 1.623754717785068635e+00 1.566798468732379490e+00 1.596607327195735726e+00 3.077115076388709713e+04 2.727698353111450560e+05 1.707895508650838723e+00 1.320099137344953100e+00 2.980949340180787112e+04 3.589942383056916879e+04 2.459174427062926115e+05 7.692495224193927424e+04 1.653760869108908960e+00 7.694090610462539189e+03 1.488948067116734109e+00 1.438246589932141051e+00 8.547200224831605738e+04 1.485203410152315051e+00 5.604590863684919896e+04
1.218182031915150620e+00 2.142967513970791188e+05 1.070355546093101584e+05 1.169566561166275331e+00 1.735480075147312895e-01 1.439556515636081749e+05 1.538581448204407388e+04 9.775389670991762037e-01 1.109608666329999105e+00 8.613988582063902832e-01 3.077047168823476022e+04 2.727694920104033081e+05 1.230461515929759608e+00 4.977645390848880469e-01 2.980888433687407814e+04 3.589871016008020524e+04 2.459170666488423594e+05 7.692431555887826835e+04 1.012761829746013920e+00 7.693510844822576473e+03 1.068681789719737818e+00 7.350560766953287972e-01 8.547143108515620406e+04 1.124867289563587169e+00 5.604521181480778614e+04
1.439562044120244682e+05 1.282769181828312139e+05 5.380207953191437991e+04 1.439562499087656906e+05 1.439556515636081749e+05 2.430853163864036105e+04 1.439563199141251389e+05 1.439558779002373631e+05 1.439560790382570704e+05 1.439558421160530415e+05 1.439564380661506148e+05 2.010215958861568070e+05 1.439561895433533937e+05 1.439556759087211685e+05 1.439563863073735847e+05 1.388281272697423701e+05 1.741690310315916722e+05 1.098218519387300621e+05 1.439560319990795979e+05 1.439562419185781619e+05 1.439561000902313390e+05 1.439557561172703281e+05 9.117837510769021173e+04 1.439561480519906036e+05 1.263738614946457819e+05
1.538644200679978530e+04 2.142972667800450872e+05 1.070362724238849041e+05 1.538655192061269008e+04 1.538581448204407388e+04 1.439563199141251389e+05 4.334337197507095452e-01 1.538630173311291946e+04 1.538640983564348608e+04 1.538624591947500085e+04 3.077108565475822616e+04 2.727699963521939935e+05 1.538633127293885082e+04 1.538607300764441425e+04 2.083493191113082503e+04 3.589945607689726603e+04 2.459176111241613980e+05 7.692511663262348156e+04 1.538639402279668320e+04 7.693809185546792833e+03 1.538648260919610766e+04 1.538622496644650528e+04 8.547210461952662445e+04 1.538642233478925300e+04 5.604599747629676858e+04
1.693435526185316675e+00 2.142969399324004480e+05 1.070358126751844393e+05 1.623754717785068635e+00 9.775389670991762037e-01 1.439558779002373631e+05 1.538630173311291946e+04 4.117006110479142222e-01 1.365399888962544939e+00 9.916944294406784266e-01 3.077097554851411405e+04 2.727695975349843502e+05 1.715213925098950876e+00 1.152556905393317788e+00 2.980937745693981196e+04 3.589919264721799846e+04 2.459172438687571848e+05 7.692484173670104065e+04 1.162809481135524514e+00 7.694038500925489643e+03 1.376388004920264363e+00 1.154050623385282082e+00 8.547182261201694200e+04 1.561318509428087475e+00 5.604577261866781191e+04
1.756089233352744028e+00 2.142971761171469407e+05 1.070359966175338195e+05 1.566798468732379490e+00 1.109608666329998883e+00 1.439560790382570412e+05 1.538640983564348608e+04 1.365399888962544939e+00 4.287225970630528238e-01 1.418690679892044226e+00 3.077111320198520116e+04 2.727698637363279704e+05 1.824935934145410998e+00 1.266039309884771535e+00 2.980944652938052241e+04 3.589929079510855809e+04 2.459174777421141625e+05 7.692485424254990357e+04 1.425153768225289275e+00 7.694089629659137245e+03 1.368120615451510647e+00 1.427149465987392896e+00 8.547191588275540562e+04 1.500382903649107869e+00 5.604589806702941860e+04
1.687607795079214767e+00 2.142968682106605265e+05 1.070357675686024013e+05 1.596607327195735726e+00 8.613988582063902832e-01 1.439558421160530415e+05 1.538624591947500085e+04 9.916944294406784266e-01 1.418690679892044226e+00 3.932385011062327629e-01 3.077087850982266536e+04 2.727695531448262045e+05 1.664202917292278538e+00 1.027614345252446659e+00 2.980930901614644608e+04 3.589913354291389260e+04 2.459171481947801367e+05 7.692473962892306736e+04 1.214058682655484223e+00 7.694023218590424221e+03 1.424543209489658624e+00 9.798196297194601279e-01 8.547171466550316836e+04 1.566081562978761221e+00 5.604565835835872713e+04
3.077112533626702134e+04 2.142973113644188852e+05 1.070362969477145816e+05 3.077115076388709713e+04 3.077047168823476022e+04 1.439564380661506148e+05 3.077108565475822616e+04 3.077097554851411405e+04 3.077111320198520116e+04 3.077087850982266536e+04 5.057870116795877280e-01 2.727700752834041486e+05 3.077107178546523937e+04 3.077065967462908884e+04 9.937586791526533489e+03 1.666838979203937924e+04 2.459177425053070765e+05 6.538650658346978162e+04 3.077096971943134122e+04 3.077114849238479292e+04 3.077105198359212591e+04 3.077078635018598652e+04 8.547219140397345473e+04 3.077108244759433728e+04 4.066117624565552978e+04
2.727699128096179920e+05 1.213725069307124068e+05 2.177973088296272326e+05 2.727698353111450560e+05 2.727694920104033081e+05 2.010215958861568070e+05 2.727699963521939935e+05 2.727695975349843502e+05 2.727698637363279704e+05 2.727695531448262045e+05 2.727700752834041486e+05 3.758378539617428760e+04 2.727698291452879785e+05 2.727695550874415785e+05 2.727700781854225788e+05 2.676419438605805626e+05 9.962383654998381098e+04 2.420008082275275374e+05 2.727696422657290241e+05 2.727699547235288192e+05 2.727697555419098353e+05 2.727695048386916169e+05 2.334538302679596527e+05 2.727697492100985255e+05 2.551877316713624168e+05
1.780595477440388930e+00 2.142971815520248201e+05 1.070363052121799119e+05 1.707895508650838723e+00 1.230461515929759386e+00 1.439561895433533937e+05 1.538633127293885082e+04 1.715213925098951098e+00 1.824935934145410998e+00 1.664202917292278538e+00 3.077107178546523937e+04 2.727698291452879785e+05 5.664960037039217244e-01 1.448560162435067911e+00 2.980962678400856748e+04 3.589940806354877714e+04 2.459175185563683335e+05 7.692515232476065285e+04 1.745111628697697759e+00 7.693875065040225309e+03 1.749087620156516198e+00 1.538737279668029867e+00 8.547213710939363227e+04 1.640285291763727837e+00 5.604596139291617146e+04
1.374894952663354486e+00 2.142967394848755212e+05 1.070356798129939707e+05 1.320099137344952878e+00 4.977645390848880469e-01 1.439556759087211394e+05 1.538607300764441425e+04 1.152556905393318010e+00 1.266039309884771535e+00 1.027614345252446659e+00 3.077065967462908884e+04 2.727695550874415785e+05 1.448560162435067689e+00 3.092762637673914239e-01 2.980910499113175320e+04 3.589888180810501217e+04 2.459170449388564739e+05 7.692447833540049032e+04 1.210244040753013506e+00 7.693741210032413619e+03 1.236450247687166382e+00 7.005472593044261842e-01 8.547156812629821070e+04 1.292769920828705343e+00 5.604536969074485387e+04
2.980945624082623544e+04 2.142974199680921156e+05 1.070361965445801761e+05 2.980949340180787112e+04 2.980888433687407814e+04 1.439563863073735847e+05 2.083493191113082503e+04 2.980937745693981196e+04 2.980944652938052241e+04 2.980930901614644608e+04 9.937586791526535308e+03 2.727700781854225788e+05 2.980962678400856748e+04 2.980910499113175320e+04 9.282057895385351003e+03 1.987357431864556202e+04 2.459176392376092554e+05 6.610775430188910104e+04 2.980945394283227142e+04 2.532230565959421801e+04 2.980946486104848736e+04 2.980929314258218437e+04 8.547214253236250079e+04 2.980958045830173069e+04 4.162288701414353272e+04
3.589940159523025795e+04 2.091692104671954294e+05 1.019080082181515463e+05 3.589942383056916879e+04 3.589871016008020524e+04 1.388281272697423992e+05 3.589945607689726603e+04 3.589919264721799846e+04 3.589929079510855809e+04 3.589913354291389260e+04 1.666838979203937924e+04 2.676419438605805626e+05 3.589940806354877714e+04 3.589888180810501217e+04 1.987357431864555838e+04 1.260739370273964960e+04 2.407894883755353221e+05 6.025815864885536575e+04 3.589929517099020450e+04 3.589943495323279785e+04 3.589935272246065142e+04 3.589901860695188952e+04 8.034391075849386107e+04 3.589950092802287691e+04 2.976359313134218246e+04
2.459175205886001932e+05 8.981922388707182836e+04 1.909447545841177634e+05 2.459174427062926407e+05 2.459170666488423885e+05 1.741690310315916722e+05 2.459176111241613980e+05 2.459172438687572139e+05 2.459174777421141625e+05 2.459171481947801367e+05 2.459177425053070765e+05 9.962383654998381098e+04 2.459175185563683626e+05 2.459170449388564739e+05 2.459176392376092554e+05 2.407894883755353221e+05 2.887301546857475478e+04 2.151484369663561811e+05 2.459172339502266841e+05 2.459176139814094349e+05 2.459173915694484022e+05 2.459170797189869918e+05 2.066014504211567400e+05 2.459173912431925710e+05 2.283352966884426714e+05
7.692503641760646133e+04 1.835281418336778588e+05 7.242081436125883192e+04 7.692495224193927424e+04 7.692431555887826835e+04 1.098218519387300621e+05 7.692511663262348156e+04 7.692484173670104065e+04 7.692485424254990357e+04 7.692473962892306736e+04 6.538650658346978162e+04 2.420008082275275374e+05 7.692515232476065285e+04 7.692447833540049032e+04 6.610775430188910104e+04 6.025815864885536575e+04 2.151484369663561811e+05 1.153906290599396561e+04 7.692482317028602120e+04 7.692512964253516111e+04 7.692483417935935722e+04 7.692462920244962152e+04 3.162564724763692720e+04 7.692498136931710178e+04 3.434225417024845956e+04
1.646138685425144077e+00 2.142969552145967318e+05 1.070358756336155348e+05 1.653760869108908960e+00 1.012761829746013920e+00 1.439560319990795979e+05 1.538639402279668320e+04 1.162809481135524514e+00 1.425153768225289275e+00 1.214058682655484223e+00 3.077096971943134122e+04 2.727696422657290241e+05 1.745111628697697759e+00 1.210244040753013506e+00 2.980945394283227142e+04 3.589929517099020450e+04 2.459172339502266841e+05 7.692482317028602120e+04 4.521168468821593067e-01 7.694105765839092783e+03 1.282585962550965020e+00 1.263893595284139026e+00 8.547184236683072231e+04 1.542331066491550162e+00 5.604580608517523069e+04
7.694088700434039310e+03 2.142972494567153335e+05 1.070362590495944896e+05 7.694090610462538280e+03 7.693510844822575564e+03 1.439562419185781619e+05 7.693809185546794652e+03 7.694038500925488734e+03 7.694089629659136335e+03 7.694023218590423312e+03 3.077114849238479292e+04 2.727699547235288192e+05 7.693875065040225309e+03 7.693741210032413619e+03 2.532230565959421801e+04 3.589943495323279785e+04 2.459176139814094349e+05 7.692512964253516111e+04 7.694105765839091873e+03 7.692876085243393391e+03 7.694093385137785845e+03 7.693891486631435328e+03 8.547210001515374461e+04 7.694105152566960896e+03 5.604594707607452438e+04
1.692134809544006302e+00 2.142970426967319800e+05 1.070360287091596110e+05 1.488948067116734109e+00 1.068681789719737596e+00 1.439561000902313390e+05 1.538648260919610766e+04 1.376388004920264363e+00 1.368120615451510647e+00 1.424543209489658624e+00 3.077105198359212591e+04 2.727697555419098353e+05 1.749087620156516198e+00 1.236450247687166382e+00 2.980946486104848736e+04 3.589935272246065142e+04 2.459173915694484022e+05 7.692483417935935722e+04 1.282585962550965020e+00 7.694093385137786754e+03 5.029988366842411684e-01 1.334209108173390890e+00 8.547189952254082891e+04 1.538789956493468392e+00 5.604584784269953525e+04
1.427450038705540880e+00 2.142967616227654798e+05 1.070357976097711362e+05 1.438246589932141051e+00 7.350560766953287972e-01 1.439557561172703281e+05 1.538622496644650710e+04 1.154050623385282082e+00 1.427149465987392896e+00 9.798196297194601279e-01 3.077078635018599380e+04 2.727695048386916169e+05 1.538737279668029423e+00 7.005472593044262952e-01 2.980929314258218437e+04 3.589901860695188952e+04 2.459170797189869918e+05 7.692462920244962152e+04 1.263893595284139026e+00 7.693891486631437147e+03 1.334209108173390890e+00 3.522095296061409364e-01 8.547166247521605692e+04 1.416692566586548407e+00 5.604552359372945648e+04
8.547205047242970613e+04 1.749811090769641451e+05 5.233504113461865927e+04 8.547200224831605738e+04 8.547143108515620406e+04 9.117837510769021173e+04 8.547210461952662445e+04 8.547182261201694200e+04 8.547191588275542017e+04 8.547171466550316836e+04 8.547219140397345473e+04 2.334538302679596527e+05 8.547213710939363227e+04 8.547156812629821070e+04 8.547214253236251534e+04 8.034391075849386107e+04 2.066014504211566818e+05 3.162564724763693084e+04 8.547184236683072231e+04 8.547210001515374461e+04 8.547189952254082891e+04 8.547166247521605692e+04 7.597995529211464600e+03 8.547207456343676313e+04 6.019734941119777068e+04
1.644055994676275390e+00 2.142970738243067754e+05 1.070361833153937623e+05 1.485203410152315051e+00 1.124867289563587391e+00 1.439561480519906327e+05 1.538642233478925300e+04 1.561318509428087475e+00 1.500382903649107869e+00 1.566081562978761443e+00 3.077108244759433728e+04 2.727697492100985255e+05 1.640285291763727837e+00 1.292769920828705343e+00 2.980958045830172705e+04 3.589950092802287691e+04 2.459173912431925419e+05 7.692498136931710178e+04 1.542331066491550384e+00 7.694105152566962715e+03 1.538789956493468392e+00 1.416692566586548407e+00 8.547207456343676313e+04 5.371735837698704552e-01 5.604591512999271072e+04
5.604592747986761970e+04 1.967149535581524833e+05 8.945367579785997805e+04 5.604590863684919896e+04 5.604521181480778614e+04 1.263738614946458110e+05 5.604599747629676858e+04 5.604577261866781191e+04 5.604589806702941860e+04 5.604565835835872713e+04 4.066117624565552978e+04 2.551877316713624168e+05 5.604596139291617146e+04 5.604536969074485387e+04 4.162288701414353272e+04 2.976359313134218246e+04 2.283352966884426714e+05 3.434225417024845956e+04 5.604580608517523069e+04 5.604594707607452438e+04 5.604584784269953525e+04 5.604552359372944920e+04 6.019734941119777068e+04 5.604591512999271072e+04 1.915282578100574756e+04
