1.062309602452986113e+00 1.873924343165758177e+00 2.136721242361977347e+05 1.909697240145796115e+00 2.567387915829161939e+05 1.653385484667107219e+00 9.741007919791298627e+04 1.441564149064998492e+05 1.492699186283825293e+04 1.774374915561682586e+00 1.492735406451669587e+04 9.990259479892866511e+04 4.248592105084393406e+05 3.931791329307679553e+04 5.870873567800500896e+05 7.462913588993696612e+04 2.985294027850357816e+04 1.791065602556213271e+05 3.073574915496347821e+05 1.492718122922886141e+04 4.975346282336262811e+04 2.620084578672808129e+04 8.955459873213818355e+04 1.140154921032246784e+05 1.044799595033079240e+05
1.873924343165758177e+00 1.085579393821007876e+00 2.136720715355113789e+05 1.782717095836692689e+00 2.567387679627344769e+05 1.642004499031947784e+00 9.741005407238721091e+04 1.441564477603606356e+05 1.492702725488293436e+04 1.768509743487454822e+00 1.492735549801774687e+04 9.990254665973901865e+04 4.248591421960489824e+05 3.931782313310795143e+04 5.870873103010935010e+05 7.462911101735672855e+04 2.985286477044085041e+04 1.791065402320321591e+05 3.073575405912377173e+05 1.492722744625462474e+04 4.975348883235583344e+04 2.620087674179894384e+04 8.955459130887406354e+04 1.140155011213588296e+05 1.044798568369842105e+05
2.136721242361976765e+05 2.136720715355113498e+05 6.018380880416018772e+04 2.136719132612110989e+05 1.495687885063967551e+05 2.136718284811823396e+05 1.987469379840710899e+05 1.695756445488138415e+05 2.136717941415933019e+05 2.136719105090636294e+05 2.136720154363870097e+05 1.987469492135754554e+05 3.863706220702194260e+05 2.136722464317190752e+05 5.420875587522271089e+05 2.062096257297936827e+05 2.136722047947581159e+05 1.413980920544183173e+05 2.340092740440378839e+05 2.136719821222376195e+05 2.136723076189154235e+05 2.136721559315032791e+05 1.987469360582749650e+05 1.921134542446043924e+05 1.987468603061967879e+05
1.909697240145796115e+00 1.782717095836692467e+00 2.136719132612111571e+05 1.093286472777198703e+00 2.567386583202392794e+05 1.553133920669542922e+00 9.741007866331824334e+04 1.441562996385101869e+05 1.492689528629284723e+04 1.579055882356994678e+00 1.492713817685625872e+04 9.990250668050163949e+04 4.248590354522070847e+05 3.931775100628306973e+04 5.870872755308265332e+05 7.462908795747537806e+04 2.985286020582166020e+04 1.791064282985617174e+05 3.073573960985070444e+05 1.492709028618931552e+04 4.975340677522464102e+04 2.620082737401768100e+04 8.955454648092604475e+04 1.140153269124223152e+05 1.044797383498609706e+05
2.567387915829161939e+05 2.567387679627344769e+05 1.495687885063967551e+05 2.567386583202392794e+05 8.854509156918892404e+04 2.567385836569214880e+05 2.418136324901870976e+05 2.253855912270617555e+05 2.567385367171052494e+05 2.567386484709705692e+05 2.567387536660536425e+05 2.418137821847430896e+05 3.513586212646040949e+05 2.567390269819592359e+05 5.412400776377378497e+05 2.492763802186449466e+05 2.567388708945350081e+05 2.094769130805238383e+05 1.842385752002435911e+05 2.567387104546327901e+05 2.567390623933238967e+05 2.567389296303990413e+05 2.418136861592296336e+05 2.418137225541483494e+05 2.418136735374037817e+05
1.653385484667107219e+00 1.642004499031947784e+00 2.136718284811823687e+05 1.553133920669542922e+00 2.567385836569214880e+05 8.247738133738395927e-01 9.740977108654160111e+04 1.441560787646833633e+05 1.492663799738354282e+04 1.404891792675938111e+00 1.492706324830367339e+04 9.990213367163874500e+04 4.248590072769482504e+05 3.931753201371980686e+04 5.870871623847488081e+05 7.462880431056732778e+04 2.985266628655860040e+04 1.791062445148781408e+05 3.073572528936758172e+05 1.492687680833548802e+04 4.975316607353171275e+04 2.620063602373492540e+04 8.955421877777222835e+04 1.140150997543259728e+05 1.044794826793002867e+05
9.741007919791298627e+04 9.741005407238721091e+04 1.987469379840711772e+05 9.741007866331824334e+04 2.418136324901871558e+05 9.740977108654160111e+04 1.490260146746446298e+04 1.259237505769038980e+05 8.248424004460449214e+04 9.740996487931191223e+04 8.248471696533179784e+04 5.814225428040125553e+04 4.099338947270383360e+05 7.301980550788644177e+04 5.721619894734220579e+05 3.430301352826717630e+04 8.248469074953629752e+04 1.714620542122582556e+05 2.924323143842793652e+05 8.248455335906877008e+04 6.258406292543268501e+04 8.248481559973525873e+04 2.183027772156223728e+04 8.377217213512703893e+04 6.677361881347565213e+04
1.441564149064998492e+05 1.441564477603606356e+05 1.695756445488138415e+05 1.441562996385101869e+05 2.253855912270617555e+05 1.441560787646833924e+05 1.259237505769038980e+05 5.489090505172967823e+04 1.590814724153334391e+05 1.441562757072794775e+05 1.590817969486510265e+05 1.080214603599024558e+05 4.099339249004141311e+05 1.496171302610526618e+05 5.721621155984550714e+05 1.366939247209866298e+05 1.590819391380365996e+05 8.846883814777243242e+04 2.828159604333272437e+05 1.590816741700399725e+05 1.441565546616289648e+05 1.590818702300618752e+05 1.292312667142650316e+05 7.936882048921899695e+04 1.080216242123143602e+05
1.492699186283825293e+04 1.492702725488293436e+04 2.136717941415934183e+05 1.492689528629284723e+04 2.567385367171051912e+05 1.492663799738354282e+04 8.248424004460449214e+04 1.590814724153334391e+05 7.600365138032020296e-01 1.492680869089404405e+04 1.468580001289525150e+00 1.148274605152927688e+05 4.248589660371684004e+05 2.439186169372910081e+04 5.870871218010698212e+05 5.970321520034226705e+04 1.492697988387124315e+04 1.940316030699617695e+05 3.073572181667271070e+05 1.282645866314406691e+00 3.482751355258445255e+04 1.127500755016989569e+04 7.462861871437367518e+04 1.289405064331289759e+05 1.194048254579701897e+05
1.774374915561682808e+00 1.768509743487454822e+00 2.136719105090636585e+05 1.579055882356994678e+00 2.567386484709705692e+05 1.404891792675937889e+00 9.740996487931191223e+04 1.441562757072794775e+05 1.492680869089404405e+04 1.014420900973932227e+00 1.492711083941638390e+04 9.990242736807996698e+04 4.248589888808066025e+05 3.931771677439768973e+04 5.870871762477189768e+05 7.462903848243421817e+04 2.985281884661904769e+04 1.791063778795590624e+05 3.073573797526085400e+05 1.492696493226278290e+04 4.975338131580554182e+04 2.620076792168293832e+04 8.955445714629942086e+04 1.140153556868222950e+05 1.044796989009437675e+05
1.492735406451669587e+04 1.492735549801774687e+04 2.136720154363870388e+05 1.492713817685625872e+04 2.567387536660536425e+05 1.492706324830367339e+04 8.248471696533179784e+04 1.590817969486510265e+05 1.468580001289525150e+00 1.492711083941638390e+04 1.066101008395395455e+00 1.148279716106584528e+05 4.248591699381100480e+05 2.439219494964004480e+04 5.870873181063699303e+05 5.970365908676089748e+04 1.492734110269294615e+04 1.940318925616793567e+05 3.073574961930704303e+05 1.642053802798007389e+00 3.482799018411336147e+04 1.127527574228357844e+04 7.462908087189345679e+04 1.289408390156518872e+05 1.194052228005224024e+05
9.990259479892866511e+04 9.990254665973901865e+04 1.987469492135755427e+05 9.990250668050163949e+04 2.418137821847430896e+05 9.990213367163874500e+04 5.814225428040127008e+04 1.080214603599024558e+05 1.148274605152927688e+05 9.990242736807996698e+04 1.148279716106584237e+05 1.364544382384492746e+04 4.099339434269857011e+05 1.053629901334351453e+05 5.572366612456355942e+05 8.497706387508379703e+04 1.148279497422535496e+05 1.565367253473157762e+05 2.924323432461692719e+05 1.148278149897343974e+05 9.990238257779447304e+04 1.148280291150876728e+05 7.005171129472283064e+04 5.661918858374657430e+04 2.651042939002743515e+04
4.248592105084393406e+05 4.248591421960489824e+05 3.863706220702194260e+05 4.248590354522071430e+05 3.513586212646040949e+05 4.248590072769483086e+05 4.099338947270383360e+05 4.099339249004142475e+05 4.248589660371684004e+05 4.248589888808066025e+05 4.248591699381101062e+05 4.099339434269857011e+05 1.786993813464764098e+05 4.248592974511674838e+05 4.532256805416333373e+05 4.173965312535579433e+05 4.248592979098650394e+05 4.099339178197248257e+05 3.092901050282113138e+05 4.248590360441166558e+05 4.248592251532499213e+05 4.248592132634990849e+05 4.099339462962459656e+05 4.099339893852181849e+05 4.099338530947812251e+05
3.931791329307679553e+04 3.931782313310795143e+04 2.136722464317190752e+05 3.931775100628306973e+04 2.567390269819593232e+05 3.931753201371980686e+04 7.301980550788644177e+04 1.496171302610526618e+05 2.439186169372910081e+04 3.931771677439768973e+04 2.439219494964004116e+04 1.053629901334351453e+05 4.248592974511674256e+05 1.390281515619832862e+04 5.870873919794551330e+05 4.804622809498156857e+04 1.883490842801695544e+04 1.891841700905664766e+05 3.073576596174861188e+05 2.439215908102779213e+04 1.599490144429453358e+04 2.019470060286401713e+04 6.516410296933268546e+04 1.194760626097409549e+05 1.099403444199895021e+05
5.870873567800500896e+05 5.870873103010936175e+05 5.420875587522272253e+05 5.870872755308265332e+05 5.412400776377378497e+05 5.870871623847488081e+05 5.721619894734220579e+05 5.721621155984550714e+05 5.870871218010700541e+05 5.870871762477189768e+05 5.870873181063699303e+05 5.572366612456355942e+05 4.532256805416333373e+05 5.870873919794551330e+05 2.589804509773504979e+05 5.796247030535880476e+05 5.870874092277432792e+05 5.721620694544196595e+05 5.156793391128354124e+05 5.870871552713930141e+05 5.870873946784302825e+05 5.870873268482934218e+05 5.721620008824958932e+05 5.671869572418081807e+05 5.572365918714597356e+05
7.462913588993696612e+04 7.462911101735672855e+04 2.062096257297937700e+05 7.462908795747537806e+04 2.492763802186449466e+05 7.462880431056732778e+04 3.430301352826718357e+04 1.366939247209866298e+05 5.970321520034226705e+04 7.462903848243421817e+04 5.970365908676089748e+04 8.497706387508379703e+04 4.173965312535579433e+05 4.804622809498156857e+04 5.796247030535879312e+05 2.027789100799447624e+04 5.970369411557408603e+04 1.789246679178757186e+05 2.998950443825388211e+05 5.970350610077605234e+04 3.630967069813630224e+04 5.970377053214864281e+04 2.985279511420036215e+04 1.028216078116889403e+05 8.955452622097068524e+04
2.985294027850357816e+04 2.985286477044085041e+04 2.136722047947581450e+05 2.985286020582166020e+04 2.567388708945350081e+05 2.985266628655860040e+04 8.248469074953629752e+04 1.590819391380365705e+05 1.492697988387124315e+04 2.985281884661904769e+04 1.492734110269294069e+04 1.148279497422535496e+05 4.248592979098650394e+05 1.883490842801695544e+04 5.870874092277433956e+05 5.970369411557408603e+04 1.093970437936741202e+00 1.940319846949493804e+05 3.073576247565018130e+05 1.492726959859270210e+04 3.482796139258940093e+04 3.653869675289339739e+03 7.462914824729031534e+04 1.289409473022383609e+05 1.194052752363645559e+05
1.791065602556213271e+05 1.791065402320321591e+05 1.413980920544183173e+05 1.791064282985617174e+05 2.094769130805238383e+05 1.791062445148781408e+05 1.714620542122582847e+05 8.846883814777243242e+04 1.940316030699617695e+05 1.791063778795590624e+05 1.940318925616793567e+05 1.565367253473157762e+05 4.099339178197248257e+05 1.891841700905664766e+05 5.721620694544196595e+05 1.789246679178757186e+05 1.940319846949493804e+05 4.439142522074583394e+04 2.676939598071259679e+05 1.940318052186793066e+05 1.863872956813572382e+05 1.940319933133663144e+05 1.714619612083205138e+05 1.348857545639681048e+05 1.565366754862576490e+05
3.073574915496347821e+05 3.073575405912377755e+05 2.340092740440378839e+05 3.073573960985070444e+05 1.842385752002435911e+05 3.073572528936758754e+05 2.924323143842793652e+05 2.828159604333272437e+05 3.073572181667271652e+05 3.073573797526085400e+05 3.073574961930704303e+05 2.924323432461692719e+05 3.092901050282113138e+05 3.073576596174861188e+05 5.156793391128354124e+05 2.998950443825388211e+05 3.073576247565017547e+05 2.676939598071259679e+05 1.339879578439099714e+05 3.073573770281709149e+05 3.073577040551764658e+05 3.073575906173084513e+05 2.924322823364918586e+05 2.924323627779965173e+05 2.924323655354709481e+05
1.492718122922886141e+04 1.492722744625462474e+04 2.136719821222376195e+05 1.492709028618931552e+04 2.567387104546327901e+05 1.492687680833548802e+04 8.248455335906877008e+04 1.590816741700399725e+05 1.282645866314406691e+00 1.492696493226278290e+04 1.642053802798007389e+00 1.148278149897343974e+05 4.248590360441166558e+05 2.439215908102779213e+04 5.870871552713930141e+05 5.970350610077605234e+04 1.492726959859270210e+04 1.940318052186793066e+05 3.073573770281709149e+05 1.082566720381363812e+00 3.482782443201756541e+04 1.127522480345594704e+04 7.462895310901173798e+04 1.289407361059650866e+05 1.194050954578022647e+05
4.975346282336262811e+04 4.975348883235583344e+04 2.136723076189154526e+05 4.975340677522464102e+04 2.567390623933238967e+05 4.975316607353171275e+04 6.258406292543267773e+04 1.441565546616289648e+05 3.482751355258445255e+04 4.975338131580554182e+04 3.482799018411335419e+04 9.990238257779447304e+04 4.248592251532499213e+05 1.599490144429453358e+04 5.870873946784301661e+05 3.630967069813629496e+04 3.482796139258940093e+04 1.863872956813572382e+05 3.073577040551764076e+05 3.482782443201756541e+04 6.634697682140568759e+03 3.482805068808757642e+04 5.472844834641154739e+04 1.140155802889159240e+05 1.044798536349397764e+05
2.620084578672808129e+04 2.620087674179894384e+04 2.136721559315033082e+05 2.620082737401768100e+04 2.567389296303990413e+05 2.620063602373492540e+04 8.248481559973522963e+04 1.590818702300618752e+05 1.127500755016989569e+04 2.620076792168293832e+04 1.127527574228357662e+04 1.148280291150876728e+05 4.248592132634990267e+05 2.019470060286401713e+04 5.870873268482933054e+05 5.970377053214864281e+04 3.653869675289339739e+03 1.940319933133663144e+05 3.073575906173084513e+05 1.127522480345594704e+04 3.482805068808757642e+04 5.517959065751491835e+03 7.462917213785475178e+04 1.289409280167881516e+05 1.194053008641556808e+05
8.955459873213818355e+04 8.955459130887406354e+04 1.987469360582749941e+05 8.955454648092604475e+04 2.418136861592295754e+05 8.955421877777222835e+04 2.183027772156223364e+04 1.292312667142650316e+05 7.462861871437367518e+04 8.955445714629942086e+04 7.462908087189345679e+04 7.005171129472284520e+04 4.099339462962459656e+05 6.516410296933268546e+04 5.721620008824958932e+05 2.985279511420035851e+04 7.462914824729031534e+04 1.714619612083205138e+05 2.924322823364917422e+05 7.462895310901173798e+04 5.472844834641154739e+04 7.462917213785475178e+04 1.235974187260150181e+00 9.162741068797887419e+04 7.462916433200090250e+04
1.140154921032246784e+05 1.140155011213588296e+05 1.921134542446043924e+05 1.140153269124223152e+05 2.418137225541483494e+05 1.140150997543259728e+05 8.377217213512703893e+04 7.936882048921898240e+04 1.289405064331289759e+05 1.140153556868222950e+05 1.289408390156518872e+05 5.661918858374657430e+04 4.099339893852181849e+05 1.194760626097409549e+05 5.671869572418081807e+05 1.028216078116889257e+05 1.289409473022383609e+05 1.348857545639681048e+05 2.924323627779965173e+05 1.289407361059650866e+05 1.140155802889159240e+05 1.289409280167881516e+05 9.162741068797887419e+04 3.825324290040715277e+04 5.646574173654155311e+04
1.044799595033079386e+05 1.044798568369842105e+05 1.987468603061967879e+05 1.044797383498609706e+05 2.418136735374037817e+05 1.044794826793002867e+05 6.677361881347565213e+04 1.080216242123143602e+05 1.194048254579701897e+05 1.044796989009437675e+05 1.194052228005224169e+05 2.651042939002743515e+04 4.099338530947812833e+05 1.099403444199895021e+05 5.572365918714597356e+05 8.955452622097068524e+04 1.194052752363645559e+05 1.565366754862576490e+05 2.924323655354709481e+05 1.194050954578022647e+05 1.044798536349397764e+05 1.194053008641557099e+05 7.462916433200090250e+04 5.646574173654155311e+04 1.545051963403243099e+04
