1.030251375050348361e+04 3.676065091616514837e+05 4.179243414790538372e+04 2.491041968699884819e+04 4.377852782504539937e+04 4.377841640953265596e+04 1.643884410421212378e+05 4.377830923690610507e+04 4.974473187070121639e+04 3.169690438192229340e+04 4.377858395865857892e+04 4.377849537446821341e+04 9.062566237363568507e+04 4.377850320487093995e+04 4.377820575438088417e+04 3.169703126949936632e+04 2.440845634224179958e+05 4.377852197443773184e+04 4.278550019554368191e+04 4.896918254682939732e+04 4.974474771098458586e+04 4.377837469934986439e+04 4.377793462800943962e+04 1.063489728227894957e+05 6.851980572209817183e+04
3.676065091616514837e+05 1.162328224106366106e+05 3.744674113693303661e+05 3.744675314545483561e+05 3.744675231478651986e+05 3.744673722434745287e+05 3.126973256322327070e+05 3.744672210882451036e+05 3.555997112069664290e+05 3.555996615218022489e+05 3.744673704713677289e+05 3.744674221698952606e+05 3.367319814432826824e+05 3.744674252806447330e+05 3.744672071420358843e+05 3.555997219671891653e+05 2.291549398089759052e+05 3.744674206760731759e+05 3.744674735613286612e+05 3.555997611788174836e+05 3.555997275382654043e+05 3.744672590120712412e+05 3.744671025926606962e+05 3.486483546488300781e+05 3.506346110786712961e+05
4.179243414790538372e+04 3.744674113693303661e+05 9.826936571753702083e+03 1.688374257605593812e+04 6.953145496471410297e+03 1.390450076024094778e+04 1.712493055597974744e+05 1.390442931066718302e+04 5.660587764045252698e+04 5.660577266193702962e+04 6.953224648069820432e+03 1.886972422913470655e+04 9.748662008681370935e+04 1.886979696523180974e+04 1.390434931902044809e+04 5.660574732003459940e+04 2.509454238179372041e+05 1.886979622777622353e+04 1.876516182062334337e+04 6.132310752997755480e+04 5.660606641613625106e+04 1.390449212673918009e+04 1.390404373343676161e+04 1.132098563788540923e+05 8.337762886780769622e+04
2.491041968699884455e+04 3.744675314545482979e+05 1.688374257605593812e+04 1.014327072054767687e+00 1.886983847801930460e+04 1.886978077305082115e+04 1.712494225421748124e+05 1.886972656454578464e+04 5.660593353845914680e+04 5.660572100175025844e+04 1.886992753699180685e+04 1.886988159332416762e+04 9.748672847136795463e+04 1.886988736796607191e+04 1.886964264284445380e+04 5.660585927745967638e+04 2.509455818081884354e+05 1.886987458777778738e+04 1.787679374375195039e+04 6.132314312051564048e+04 5.660599376522826060e+04 1.886978108491378589e+04 1.886932696880715230e+04 1.132099777999060898e+05 7.538092059421497106e+04
4.377852782504539937e+04 3.744675231478651986e+05 6.953145496471409388e+03 1.886983847801930460e+04 1.007897371890100091e+00 1.886977763107065039e+04 1.712493868077991647e+05 1.886965365706107696e+04 5.660594605918065645e+04 5.660579936230303429e+04 1.768965063027616358e+00 1.886982228747066983e+04 9.748668789407887380e+04 1.886977125987549880e+04 1.886961315618153822e+04 5.660582660327172198e+04 2.509455536087862565e+05 1.886981509723475028e+04 1.886978517398513577e+04 6.132310565124336426e+04 5.660600662795879180e+04 1.886975305775347442e+04 1.886928868570387931e+04 1.132099630343041063e+05 8.431843469417732558e+04
4.377841640953265596e+04 3.744673722434745287e+05 1.390450076024094778e+04 1.886978077305082115e+04 1.886977763107065039e+04 8.810323049168442555e-01 1.712491028187517950e+05 1.587740785019212453e+00 5.660573291936849273e+04 5.660573094247494009e+04 1.886980205253383974e+04 1.886954504200864540e+04 9.748632601856702240e+04 1.886960285370610291e+04 1.438001905802734681e+00 5.660571561700700840e+04 2.509453141279277916e+05 1.886953693067110362e+04 1.886964950366922130e+04 6.132291688095500285e+04 5.660580143396898347e+04 1.508966516507240563e+00 1.250509108336306463e+00 1.132096461337332003e+05 8.431808887036363012e+04
1.643884410421212378e+05 3.126973256322327070e+05 1.712493055597974744e+05 1.712494225421748415e+05 1.712493868077991938e+05 1.712491028187517950e+05 3.324426730212951952e+04 1.712489038694873743e+05 1.367950088664660288e+05 1.523815505231446296e+05 1.712493414443287184e+05 1.712492674094293907e+05 1.492369495591956365e+05 1.712492696596337482e+05 1.712488785476307385e+05 1.523816335723697848e+05 1.247928983424831094e+05 1.712492014286202611e+05 1.712493185942276032e+05 1.523815959293610649e+05 1.469602461769768561e+05 1.712490583681412681e+05 1.712488731843119313e+05 1.121628773880183726e+05 1.523815958200263558e+05
4.377830923690610507e+04 3.744672210882450454e+05 1.390442931066718302e+04 1.886972656454578464e+04 1.886965365706107696e+04 1.587740785019212231e+00 1.712489038694873743e+05 8.183968290603582663e-01 5.660557583563987282e+04 5.660555182701038575e+04 1.886963268992281883e+04 1.886960003148320538e+04 9.748619339117044001e+04 1.886961480885548008e+04 1.167193023957166176e+00 5.660557784472323692e+04 2.509452415879144392e+05 1.886959901013687704e+04 1.886961371586606401e+04 6.132267199538413843e+04 5.660562415205959405e+04 1.471365738449375460e+00 1.097601416241585026e+00 1.132095088231965783e+05 8.431789470573147992e+04
4.974473187070121639e+04 3.555997112069664290e+05 5.660587764045252698e+04 5.660593353845914680e+04 5.660594605918065645e+04 5.660573291936849273e+04 1.367950088664660288e+05 5.660557583563987282e+04 9.469518003578110132e-01 3.773780158993740042e+04 5.660593688776424824e+04 5.660583956580728409e+04 7.861881317764997948e+04 5.660586656136593956e+04 5.660544073740988824e+04 3.773777997406723443e+04 2.320777707969603653e+05 5.660586609929752740e+04 5.660589836655393447e+04 3.550361217379153823e+04 1.230705181042620643e+04 5.660567570352447365e+04 5.660524212160108436e+04 9.434212989832786843e+04 6.048528322495370230e+04
3.169690438192229340e+04 3.555996615218022489e+05 5.660577266193702962e+04 5.660572100175025844e+04 5.660579936230303429e+04 5.660573094247494009e+04 1.523815505231446004e+05 5.660555182701038575e+04 3.773780158993740042e+04 9.836723406041646411e-01 5.660579398380726343e+04 5.660577046082625748e+04 7.861872524807685113e+04 5.660574252933410025e+04 5.660544388027967943e+04 1.770127094270902868e+00 2.320777298616956978e+05 5.660575849205772829e+04 5.660577541445847601e+04 2.479610924242831607e+04 3.773783175690063945e+04 5.660566435506998096e+04 5.660515728693017445e+04 9.434204738745033683e+04 6.545040725996555557e+04
4.377858395865857892e+04 3.744673704713677289e+05 6.953224648069820432e+03 1.886992753699180685e+04 1.768965063027616358e+00 1.886980205253383974e+04 1.712493414443286601e+05 1.886963268992281883e+04 5.660593688776424824e+04 5.660579398380726343e+04 9.984151685119441177e-01 1.886979445210693666e+04 9.748668491091110627e+04 1.886975939436587214e+04 1.886962052502559163e+04 5.660583934629004216e+04 2.509454586070882797e+05 1.886973787833836832e+04 1.886978023456656592e+04 6.132305558437666332e+04 5.660603076972530835e+04 1.886978130196049460e+04 1.886932145434128324e+04 1.132099257291594258e+05 8.431840910025463381e+04
4.377849537446821341e+04 3.744674221698952606e+05 1.886972422913470655e+04 1.886988159332416762e+04 1.886982228747066983e+04 1.886954504200864540e+04 1.712492674094293907e+05 1.886960003148320538e+04 5.660583956580728409e+04 5.660577046082625748e+04 1.886979445210693666e+04 8.758318066131558499e-01 9.748648798841300595e+04 1.646031628477413244e+00 1.886949238736345069e+04 5.660574267868640891e+04 2.509453831302590843e+05 1.658460576631282546e+00 9.947505767262017571e+02 6.132294969250159193e+04 5.660592388256311824e+04 1.886959140465861492e+04 1.886923290730900044e+04 1.132098053602439322e+05 8.431824216316298407e+04
9.062566237363568507e+04 3.367319814432826824e+05 9.748662008681370935e+04 9.748672847136795463e+04 9.748668789407887380e+04 9.748632601856702240e+04 1.492369495591956365e+05 9.748619339117044001e+04 7.861881317764997948e+04 7.861872524807685113e+04 9.748668491091110627e+04 9.748648798841300595e+04 5.242210961352885533e+03 9.748648764354562445e+04 9.748606557008517848e+04 7.861871959599776892e+04 2.295321720323824266e+05 9.748643098362792807e+04 9.748652924734244880e+04 7.390173311208529049e+04 7.861884419425226224e+04 9.748629580176503805e+04 9.748600909497431712e+04 4.415145588210796996e+04 4.265950287115383981e+04
4.377850320487093995e+04 3.744674252806447330e+05 1.886979696523180974e+04 1.886988736796607191e+04 1.886977125987549880e+04 1.886960285370610291e+04 1.712492696596337191e+05 1.886961480885548008e+04 5.660586656136593956e+04 5.660574252933410025e+04 1.886975939436587214e+04 1.646031628477413244e+00 9.748648764354562445e+04 8.681245298764295182e-01 1.886949562343687285e+04 5.660576089899569342e+04 2.509454043111970241e+05 1.535130196858774276e+00 9.947575278631117044e+02 6.132295401067988860e+04 5.660586741551786690e+04 1.886969282577104605e+04 1.886923652623732414e+04 1.132098387155772361e+05 8.431819045103136159e+04
4.377820575438088417e+04 3.744672071420358843e+05 1.390434931902044809e+04 1.886964264284445380e+04 1.886961315618153822e+04 1.438001905802734681e+00 1.712488785476307385e+05 1.167193023957166176e+00 5.660544073740988824e+04 5.660544388027967943e+04 1.886962052502559163e+04 1.886949238736345069e+04 9.748606557008517848e+04 1.886949562343687285e+04 7.512177174200944663e-01 5.660544379767644568e+04 2.509451675399221713e+05 1.886945268750384275e+04 1.886952017516823253e+04 6.132251963007851009e+04 5.660549579569544585e+04 1.320190531621497243e+00 9.628519593548440225e-01 1.132094079085022095e+05 8.431776405359130877e+04
3.169703126949936632e+04 3.555997219671891653e+05 5.660574732003459940e+04 5.660585927745967638e+04 5.660582660327172198e+04 5.660571561700700840e+04 1.523816335723697848e+05 5.660557784472323692e+04 3.773777997406723443e+04 1.770127094270902868e+00 5.660583934629004216e+04 5.660574267868640891e+04 7.861871959599776892e+04 5.660576089899569342e+04 5.660544379767644568e+04 9.694636315690828843e-01 2.320777932961649494e+05 5.660573533071474958e+04 5.660578522000423254e+04 2.479603911216298002e+04 3.773789177406265662e+04 5.660565169151112059e+04 5.660517237452416157e+04 9.434206825212549302e+04 6.545043984890353022e+04
2.440845634224179958e+05 2.291549398089759343e+05 2.509454238179372041e+05 2.509455818081884354e+05 2.509455536087862565e+05 2.509453141279277916e+05 1.247928983424831094e+05 2.509452415879144392e+05 2.320777707969603653e+05 2.320777298616956978e+05 2.509454586070882797e+05 2.509453831302590843e+05 2.295321720323824557e+05 2.509454043111970241e+05 2.509451675399221713e+05 2.320777932961649203e+05 6.036238523918412102e+04 2.509453860733398469e+05 2.509454490085300640e+05 2.320778620913431805e+05 2.320778452284774103e+05 2.509452098769216682e+05 2.509450661820110399e+05 2.038552965356733766e+05 2.320778783276964095e+05
4.377852197443773184e+04 3.744674206760732341e+05 1.886979622777622353e+04 1.886987458777778738e+04 1.886981509723475028e+04 1.886953693067110362e+04 1.712492014286202611e+05 1.886959901013687704e+04 5.660586609929752740e+04 5.660575849205772829e+04 1.886973787833836832e+04 1.658460576631282546e+00 9.748643098362792807e+04 1.535130196858774276e+00 1.886945268750384275e+04 5.660573533071474958e+04 2.509453860733398760e+05 8.543004827246409860e-01 9.947600169230154279e+02 6.132289832431555260e+04 5.660586801025673776e+04 1.886964221297967742e+04 1.886920861545186199e+04 1.132097544235390815e+05 8.431814080862642732e+04
4.278550019554368191e+04 3.744674735613286612e+05 1.876516182062334337e+04 1.787679374375195039e+04 1.886978517398513577e+04 1.886964950366922130e+04 1.712493185942276032e+05 1.886961371586606401e+04 5.660589836655393447e+04 5.660577541445847601e+04 1.886978023456656592e+04 9.947505767262017571e+02 9.748652924734244880e+04 9.947575278631117044e+02 1.886952017516823253e+04 5.660578522000423254e+04 2.509454490085300640e+05 9.947600169230154279e+02 1.882512734982291022e+03 6.132307684234083717e+04 5.660599862109828973e+04 1.886970413176899092e+04 1.886927814019925790e+04 1.132098648621870816e+05 8.384788254109583795e+04
4.896918254682939732e+04 3.555997611788174836e+05 6.132310752997755480e+04 6.132314312051564048e+04 6.132310565124336426e+04 6.132291688095500285e+04 1.523815959293610649e+05 6.132267199538413843e+04 3.550361217379154550e+04 2.479610924242831607e+04 6.132305558437666332e+04 6.132294969250159193e+04 7.390173311208530504e+04 6.132295401067988860e+04 6.132251963007851009e+04 2.479603911216298002e+04 2.320778620913431805e+05 6.132289832431555260e+04 6.132307684234083717e+04 2.384657095940068757e+04 2.694342170647084276e+04 6.132282608246666496e+04 6.132234701474467147e+04 9.316294983343819331e+04 4.806105628565168445e+04
4.974474771098458586e+04 3.555997275382654043e+05 5.660606641613625834e+04 5.660599376522826060e+04 5.660600662795879180e+04 5.660580143396898347e+04 1.469602461769768561e+05 5.660562415205959405e+04 1.230705181042620825e+04 3.773783175690063945e+04 5.660603076972530835e+04 5.660592388256312552e+04 7.861884419425226224e+04 5.660586741551786690e+04 5.660549579569544585e+04 3.773789177406265662e+04 2.320778452284774103e+05 5.660586801025673776e+04 5.660599862109828973e+04 2.694342170647084276e+04 8.561127753496009973e+03 5.660573002249810088e+04 5.660524462160693656e+04 9.434214986274496187e+04 5.032002611528324633e+04
4.377837469934986439e+04 3.744672590120712412e+05 1.390449212673918009e+04 1.886978108491378589e+04 1.886975305775347442e+04 1.508966516507240563e+00 1.712490583681412681e+05 1.471365738449375460e+00 5.660567570352447365e+04 5.660566435506998096e+04 1.886978130196049460e+04 1.886959140465861492e+04 9.748629580176503805e+04 1.886969282577104605e+04 1.320190531621497243e+00 5.660565169151112059e+04 2.509452098769216682e+05 1.886964221297967742e+04 1.886970413176899092e+04 6.132282608246666496e+04 5.660573002249810088e+04 9.121970155305582084e-01 1.189884258906730885e+00 1.132095718483462551e+05 8.431805165922790184e+04
4.377793462800943962e+04 3.744671025926606962e+05 1.390404373343675979e+04 1.886932696880715230e+04 1.886928868570387931e+04 1.250509108336306463e+00 1.712488731843119313e+05 1.097601416241585026e+00 5.660524212160108436e+04 5.660515728693017445e+04 1.886932145434128324e+04 1.886923290730900044e+04 9.748600909497431712e+04 1.886923652623732414e+04 9.628519593548438005e-01 5.660517237452416157e+04 2.509450661820110399e+05 1.886920861545186199e+04 1.886927814019925790e+04 6.132234701474467147e+04 5.660524462160693656e+04 1.189884258906730885e+00 4.858756116618033194e-01 1.132093126411371777e+05 8.431771357481728774e+04
1.063489728227894957e+05 3.486483546488300781e+05 1.132098563788540923e+05 1.132099777999060898e+05 1.132099630343041063e+05 1.132096461337332003e+05 1.121628773880183726e+05 1.132095088231965783e+05 9.434212989832786843e+04 9.434204738745036593e+04 1.132099257291594258e+05 1.132098053602439322e+05 4.415145588210796996e+04 1.132098387155772507e+05 1.132094079085022095e+05 9.434206825212549302e+04 2.038552965356733766e+05 1.132097544235390815e+05 1.132098648621870816e+05 9.316294983343819331e+04 9.434214986274496187e+04 1.132095718483462551e+05 1.132093126411371777e+05 1.998463014405480862e+04 7.677562025706520944e+04
6.851980572209817183e+04 3.506346110786712961e+05 8.337762886780769622e+04 7.538092059421497106e+04 8.431843469417734013e+04 8.431808887036363012e+04 1.523815958200263558e+05 8.431789470573147992e+04 6.048528322495369503e+04 6.545040725996555557e+04 8.431840910025463381e+04 8.431824216316301317e+04 4.265950287115383981e+04 8.431819045103136159e+04 8.431776405359130877e+04 6.545043984890353022e+04 2.320778783276964095e+05 8.431814080862642732e+04 8.384788254109583795e+04 4.806105628565167717e+04 5.032002611528324633e+04 8.431805165922790184e+04 8.431771357481728774e+04 7.677562025706519489e+04 2.684070816173993080e+04
