4.636031521451934312e-01 1.639302465771228512e+00 1.788889904453820456e+00 1.114044759251070063e+05 1.553293251055996693e+00 1.515332501446940296e+04 1.703151067389376827e+00 1.652450742335630940e+00 1.126847913266018741e+00 1.065548058317415059e+00 1.749183884281946266e+00 1.524941385776134695e+00 9.496413112134401979e-01 1.523110923530405225e+00 1.903735045206013601e+05 1.401206348506929267e+00 1.401600001980394028e+00 1.404571156941830212e+00 1.080087742450727362e+00 3.789612338441311749e+03 6.250185200162926049e+04 2.781027470067067770e+05 1.575128692701477817e+00 1.297980766720204127e+00 4.383938338078610104e+04
1.639302465771228512e+00 5.338426734687957698e-01 1.933888369296628440e+00 1.114049732156084647e+05 1.684138222839916654e+00 1.515371978375533217e+04 1.649250971568756219e+00 1.786822373137542330e+00 1.824601220774161314e+00 1.625983292790276424e+00 1.919568934780923719e+00 1.677556804980028682e+00 1.150636173446214050e+00 1.816895684125829469e+00 1.903738887873281492e+05 1.777462056647381772e+00 1.825645737970885252e+00 1.874451927714104293e+00 1.412827970411701273e+00 3.789996747949073779e+03 6.250223403879679972e+04 2.781030697040612577e+05 1.695460125011871266e+00 1.822634148454228997e+00 4.383985595431631373e+04
1.788889904453820456e+00 1.933888369296628440e+00 4.839515300681759280e-01 1.114050842751361924e+05 1.913745950101172877e+00 1.515347518398287866e+04 1.733436293202541556e+00 1.907610975581230495e+00 1.795898413278529171e+00 1.535474312574054645e+00 1.716098578342422298e+00 2.049396221584021571e+00 1.261271947503790569e+00 1.968602402676553176e+00 1.903739652043512615e+05 1.973015191226456855e+00 1.915128513869415627e+00 1.877298992478101614e+00 1.399072214658841684e+00 3.789818358665679170e+03 6.250238346605461993e+04 2.781032231458685128e+05 1.938216855230148417e+00 1.920943454114051985e+00 4.383970719639569143e+04
1.114044759251070063e+05 1.114049732156084647e+05 1.114050842751361924e+05 3.229003708596479919e+04 1.114048928049276728e+05 1.114050297997306479e+05 1.114050133676911792e+05 1.114049449309518095e+05 1.114045912383737596e+05 1.114044418205347320e+05 1.114051305873822566e+05 1.114048263661123201e+05 1.114043778686993464e+05 1.114048539355981920e+05 9.568262646782418597e+04 1.114047380174237042e+05 1.114048037437140301e+05 1.114047830648415402e+05 1.114043827343646117e+05 1.114048699850234552e+05 6.216212420576081058e+04 1.974477022641710064e+05 1.114049529316802073e+05 1.114046242549586023e+05 8.271869341447165061e+04
1.553293251055996693e+00 1.684138222839916654e+00 1.913745950101173099e+00 1.114048928049276728e+05 4.949338764840164884e-01 1.515374617356656381e+04 1.794203003166731758e+00 1.715420744035513589e+00 1.679365408348801214e+00 1.566286755562183330e+00 1.903989759507768609e+00 1.618440375953608790e+00 1.147974352066828407e+00 1.685023977635925707e+00 1.903738142763959477e+05 1.714842958824038588e+00 1.696770944517619339e+00 1.605580605463691191e+00 1.353510347647340017e+00 3.790070848601010312e+03 6.250226927010338113e+04 2.781029485702574020e+05 1.745417219762530170e+00 1.722129416454196038e+00 4.383983211325744924e+04
1.515332501446940296e+04 1.515371978375533217e+04 1.515347518398287866e+04 1.114050297997306188e+05 1.515374617356656381e+04 4.990889249137111516e-01 1.515364608416607007e+04 1.515371591827014345e+04 1.515333869541658532e+04 1.515308937388147388e+04 1.515356029099318948e+04 1.515369110036183156e+04 1.515300218085594133e+04 1.515365160618832670e+04 1.903738135336594423e+05 1.515365236072571315e+04 1.515355370587704601e+04 1.515339104620654507e+04 1.515304547901765909e+04 1.136533253108886674e+04 4.924444290632259072e+04 2.781030680958009907e+05 1.515379908782605162e+04 1.515342131247919679e+04 2.868785674736574947e+04
1.703151067389376605e+00 1.649250971568755775e+00 1.733436293202541556e+00 1.114050133676911646e+05 1.794203003166731758e+00 1.515364608416607007e+04 6.268895450206605213e-01 1.778539091174454523e+00 1.761991357729755903e+00 1.592276938591886237e+00 1.794435216315691584e+00 1.852494955954485878e+00 1.172194684304384005e+00 1.888988991504344295e+00 1.903738698881841265e+05 1.915929885408579780e+00 1.940808754422001403e+00 1.883725275690553591e+00 1.426838689449183573e+00 3.790001975543242224e+03 6.250232437824663066e+04 2.781030267387211788e+05 1.740986799346784686e+00 1.866177991850737516e+00 4.383991403757134685e+04
1.652450742335630940e+00 1.786822373137542330e+00 1.907610975581230495e+00 1.114049449309517950e+05 1.715420744035513589e+00 1.515371591827014345e+04 1.778539091174454523e+00 5.656517137939880424e-01 1.681337356316963128e+00 1.497445953413551578e+00 1.863995412554100284e+00 1.657318056611693846e+00 1.110972629991725302e+00 1.775199642509675879e+00 1.903737270890294167e+05 1.766069175958526527e+00 1.812513961045781219e+00 1.739498893840257798e+00 1.469751896634836852e+00 3.789909184793279110e+03 6.250234499597007380e+04 2.781030446821970399e+05 1.818675999333839055e+00 1.691240609184847976e+00 4.383975148579596862e+04
1.126847913266018741e+00 1.824601220774161314e+00 1.795898413278529171e+00 1.114045912383737596e+05 1.679365408348801214e+00 1.515333869541658532e+04 1.761991357729755903e+00 1.681337356316963128e+00 5.256691041621575078e-01 1.174639128376754993e+00 1.735279207923518197e+00 1.645908410877431782e+00 9.632380044323546331e-01 1.534442794108900276e+00 1.903734782211926649e+05 1.479041196336977171e+00 1.468459427820131724e+00 1.340979635117864666e+00 1.168413347668697533e+00 3.789706438364813039e+03 6.250192986283726350e+04 2.781027778780707158e+05 1.768063970872434609e+00 1.250277909618590089e+00 4.383941834548682527e+04
1.065548058317415281e+00 1.625983292790276424e+00 1.535474312574054645e+00 1.114044418205347320e+05 1.566286755562183330e+00 1.515308937388147388e+04 1.592276938591886237e+00 1.497445953413551578e+00 1.174639128376754993e+00 3.787063628571702978e-01 1.541497989712630634e+00 1.468679539540406198e+00 7.786229718855560700e-01 1.460925329578103726e+00 1.903733233187893638e+05 1.494548803496471567e+00 1.480890348098113263e+00 1.368024406582112551e+00 9.062629938426756127e-01 3.789482858788239355e+03 6.250173624610192201e+04 2.781026687328726985e+05 1.624597027370323854e+00 1.361802944798553350e+00 4.383924398059308442e+04
1.749183884281946488e+00 1.919568934780923719e+00 1.716098578342422298e+00 1.114051305873822566e+05 1.903989759507768609e+00 1.515356029099318948e+04 1.794435216315691806e+00 1.863995412554100284e+00 1.735279207923518197e+00 1.541497989712630634e+00 5.969360348408349060e-01 1.987363941438516024e+00 1.209486883412031810e+00 1.889402799909227992e+00 1.903739229481001094e+05 1.971579200350126015e+00 1.964593323405346093e+00 1.813274763617206409e+00 1.471486514118621969e+00 3.789935289656257737e+03 6.250236870630620979e+04 2.781031692831203691e+05 1.789629635335244995e+00 1.844291987114861309e+00 4.383971236592184869e+04
1.524941385776134695e+00 1.677556804980028682e+00 2.049396221584021571e+00 1.114048263661123055e+05 1.618440375953608790e+00 1.515369110036183156e+04 1.852494955954485656e+00 1.657318056611693846e+00 1.645908410877431782e+00 1.468679539540406198e+00 1.987363941438516024e+00 5.388154991081938183e-01 1.134219232848471703e+00 1.454332313949265876e+00 1.903737376073541527e+05 1.711144862734510497e+00 1.652593455931684607e+00 1.730721356789643561e+00 1.394099889890849431e+00 3.790023253986329109e+03 6.250220819946950360e+04 2.781030177913705120e+05 1.894123244285319085e+00 1.692013341925766357e+00 4.383975477418029186e+04
9.496413112134401979e-01 1.150636173446214050e+00 1.261271947503790569e+00 1.114043778686993464e+05 1.147974352066828407e+00 1.515300218085594133e+04 1.172194684304384005e+00 1.110972629991725302e+00 9.632380044323546331e-01 7.786229718855560700e-01 1.209486883412031810e+00 1.134219232848471925e+00 2.169953836594867846e-01 1.096805287434091891e+00 1.903732758535742178e+05 1.131174825760004277e+00 1.130078575277939867e+00 1.077236998367457899e+00 6.078202442443045861e-01 3.789300545331822377e+03 6.250161173833756038e+04 2.781025807215187233e+05 1.210472478977091093e+00 1.045728711069584760e+00 4.383910533335988293e+04
1.523110923530405225e+00 1.816895684125829469e+00 1.968602402676553176e+00 1.114048539355981920e+05 1.685023977635925707e+00 1.515365160618832670e+04 1.888988991504344295e+00 1.775199642509675879e+00 1.534442794108900276e+00 1.460925329578103504e+00 1.889402799909228214e+00 1.454332313949265654e+00 1.096805287434091891e+00 5.940690041365362939e-01 1.903737066505430557e+05 1.565741967073657426e+00 1.591374848562114641e+00 1.608225324710086612e+00 1.427939636350350261e+00 3.789989824276316995e+03 6.250212359134638973e+04 2.781030415669503855e+05 1.872670420227687593e+00 1.624287908878262909e+00 4.383966661002743058e+04
1.903735045206013601e+05 1.903738887873281492e+05 1.903739652043512615e+05 9.568262646782418597e+04 1.903738142763959477e+05 1.903738135336594423e+05 1.903738698881841556e+05 1.903737270890294749e+05 1.903734782211926649e+05 1.903733233187893638e+05 1.903739229481001094e+05 1.903737376073542109e+05 1.903732758535742178e+05 1.903737066505430557e+05 6.788081151712768769e+04 1.903737327178108972e+05 1.903736948817168304e+05 1.903736110899542691e+05 1.903733711837428273e+05 1.903737785055268323e+05 1.421965848319794459e+05 1.286969866575215128e+05 1.903739256202073593e+05 1.903735139480956423e+05 1.616877522855614079e+05
1.401206348506929267e+00 1.777462056647381772e+00 1.973015191226456855e+00 1.114047380174237042e+05 1.714842958824038588e+00 1.515365236072571133e+04 1.915929885408579780e+00 1.766069175958526527e+00 1.479041196336977171e+00 1.494548803496471567e+00 1.971579200350126460e+00 1.711144862734510497e+00 1.131174825760004277e+00 1.565741967073657204e+00 1.903737327178108972e+05 4.913892899892407518e-01 1.400240311047304287e+00 1.564816145962624860e+00 1.342779187224137472e+00 3.789868075983918061e+03 6.250206455092920078e+04 2.781029429484298453e+05 1.858536979440060577e+00 1.506093720014954451e+00 4.383962906780182675e+04
1.401600001980394028e+00 1.825645737970885252e+00 1.915128513869415627e+00 1.114048037437140156e+05 1.696770944517619339e+00 1.515355370587704601e+04 1.940808754422001403e+00 1.812513961045781219e+00 1.468459427820131724e+00 1.480890348098113263e+00 1.964593323405346093e+00 1.652593455931684607e+00 1.130078575277939867e+00 1.591374848562114641e+00 1.903736948817168304e+05 1.400240311047304287e+00 4.757380189256963932e-01 1.456366731030290795e+00 1.349020402520174855e+00 3.789878452032242421e+03 6.250212420255672623e+04 2.781027751269083819e+05 1.851033658460748521e+00 1.467859794812887753e+00 4.383965237284218892e+04
1.404571156941830212e+00 1.874451927714104293e+00 1.877298992478101392e+00 1.114047830648414965e+05 1.605580605463691413e+00 1.515339104620654507e+04 1.883725275690553591e+00 1.739498893840257798e+00 1.340979635117864666e+00 1.368024406582112551e+00 1.813274763617206409e+00 1.730721356789643561e+00 1.077236998367457899e+00 1.608225324710086612e+00 1.903736110899542691e+05 1.564816145962624860e+00 1.456366731030290795e+00 5.524320721806367240e-01 1.275792018167461794e+00 3.789841825777711620e+03 6.250205478723203851e+04 2.781028273931199801e+05 1.905055631093231616e+00 1.286608018838670153e+00 4.383956419124252716e+04
1.080087742450727362e+00 1.412827970411701273e+00 1.399072214658841684e+00 1.114043827343646117e+05 1.353510347647340017e+00 1.515304547901765909e+04 1.426838689449183573e+00 1.469751896634836852e+00 1.168413347668697533e+00 9.062629938426757237e-01 1.471486514118621969e+00 1.394099889890849209e+00 6.078202442443045861e-01 1.427939636350350261e+00 1.903733711837428273e+05 1.342779187224137472e+00 1.349020402520174855e+00 1.275792018167461794e+00 3.928936187372916722e-01 3.789409017721541204e+03 6.250159783912944113e+04 2.781026310293297283e+05 1.460942244964284153e+00 1.264686430390431049e+00 4.383918760117160855e+04
3.789612338441312204e+03 3.789996747949074233e+03 3.789818358665679625e+03 1.114048699850234552e+05 3.790070848601010766e+03 1.136533253108886674e+04 3.790001975543243134e+03 3.789909184793279564e+03 3.789706438364813948e+03 3.789482858788240264e+03 3.789935289656258192e+03 3.790023253986330019e+03 3.789300545331822832e+03 3.789989824276317449e+03 1.903737785055268323e+05 3.789868075983918516e+03 3.789878452032242421e+03 3.789841825777712074e+03 3.789409017721541659e+03 5.682468034037478901e+03 5.918774413113335322e+04 2.781030020349242259e+05 3.789874024523399839e+03 3.789724139189580455e+03 4.005155829647742212e+04
6.250185200162926049e+04 6.250223403879679972e+04 6.250238346605461993e+04 6.216212420576081058e+04 6.250226927010338113e+04 4.924444290632259072e+04 6.250232437824663066e+04 6.250234499597007380e+04 6.250192986283724895e+04 6.250173624610192201e+04 6.250236870630620979e+04 6.250220819946950360e+04 6.250161173833756038e+04 6.250212359134638973e+04 1.421965848319794459e+05 6.250206455092922261e+04 6.250212420255672623e+04 6.250205478723203851e+04 6.250159783912944113e+04 5.918774413113335322e+04 6.629481346207531715e+03 2.307545636090873741e+05 6.250233643425275659e+04 6.250203626054312917e+04 2.055814338201605642e+04
2.781027470067067770e+05 2.781030697040612577e+05 2.781032231458685128e+05 1.974477022641710064e+05 2.781029485702574020e+05 2.781030680958009907e+05 2.781030267387211788e+05 2.781030446821970399e+05 2.781027778780707158e+05 2.781026687328726985e+05 2.781031692831203691e+05 2.781030177913705120e+05 2.781025807215187233e+05 2.781030415669503855e+05 1.286969866575215128e+05 2.781029429484298453e+05 2.781027751269083819e+05 2.781028273931199801e+05 2.781026310293297283e+05 2.781030020349242841e+05 2.307545636090873741e+05 3.876026107840349869e+04 2.781030016566829872e+05 2.781027163833899540e+05 2.494170323353850399e+05
1.575128692701477817e+00 1.695460125011871488e+00 1.938216855230148417e+00 1.114049529316801927e+05 1.745417219762530170e+00 1.515379908782605162e+04 1.740986799346784686e+00 1.818675999333839055e+00 1.768063970872434609e+00 1.624597027370323854e+00 1.789629635335244995e+00 1.894123244285319085e+00 1.210472478977091093e+00 1.872670420227687149e+00 1.903739256202073593e+05 1.858536979440060577e+00 1.851033658460748521e+00 1.905055631093231616e+00 1.460942244964284153e+00 3.789874024523399385e+03 6.250233643425275659e+04 2.781030016566829290e+05 4.946245638720861426e-01 1.862003110913105663e+00 4.383988373338694510e+04
1.297980766720204127e+00 1.822634148454228997e+00 1.920943454114051985e+00 1.114046242549586023e+05 1.722129416454196038e+00 1.515342131247919679e+04 1.866177991850737516e+00 1.691240609184847976e+00 1.250277909618590089e+00 1.361802944798553128e+00 1.844291987114861309e+00 1.692013341925766357e+00 1.045728711069584760e+00 1.624287908878262909e+00 1.903735139480956423e+05 1.506093720014954451e+00 1.467859794812887753e+00 1.286608018838670153e+00 1.264686430390431049e+00 3.789724139189579546e+03 6.250203626054312917e+04 2.781027163833899540e+05 1.862003110913105663e+00 4.731772719425363372e-01 4.383952540466711071e+04
4.383938338078610104e+04 4.383985595431631373e+04 4.383970719639569870e+04 8.271869341447165061e+04 4.383983211325744924e+04 2.868785674736574947e+04 4.383991403757134685e+04 4.383975148579596862e+04 4.383941834548681800e+04 4.383924398059308442e+04 4.383971236592184869e+04 4.383975477418029186e+04 4.383910533335988293e+04 4.383966661002743058e+04 1.616877522855614370e+05 4.383962906780182675e+04 4.383965237284218892e+04 4.383956419124252716e+04 4.383918760117160855e+04 4.005155829647742212e+04 2.055814338201606006e+04 2.494170323353850399e+05 4.383988373338694510e+04 4.383952540466711071e+04 1.438789455885671123e+04
