3.838176745670878187e-01 1.430008505147568609e+00 1.071446121663659869e+05 5.769361677953548497e+04 5.769333323848328291e+04 5.769388142615481047e+04 1.923217512840432391e+04 8.333508373141162156e+04 2.037903326211018721e+05 3.296845508135991258e+04 5.750888499649107689e+04 5.769393596913613874e+04 3.135071356109712506e+05 4.038475649038458942e+05 9.616668095760351207e+03 5.769390477605349588e+04 2.500017136571328156e+05 5.769369366027707292e+04 5.769390164618693234e+04 5.769345038642511645e+04 5.769395318223439244e+04 3.711896822177619324e+05 1.778862699287995638e+05 2.293971035887065518e+05 5.769374543933246605e+04
1.430008505147568831e+00 3.058451756666462074e-01 1.071445043780975975e+05 5.769367015241932677e+04 5.769335062894543080e+04 5.769395162537400756e+04 1.923228032980904391e+04 8.333490546025926596e+04 2.037904328903667629e+05 3.296860168860445992e+04 5.750891705830371939e+04 5.769399584804829647e+04 3.135071726967210416e+05 4.038475952797200880e+05 9.616807362889747310e+03 5.769404394034035067e+04 2.500016344450108008e+05 5.769384388727231999e+04 5.769405523599666049e+04 5.769347693598880142e+04 5.769408844700972259e+04 3.711896215911565814e+05 1.778862493499185366e+05 2.293971897138611821e+05 5.769380606511775113e+04
1.071446121663659869e+05 1.071445043780975975e+05 1.883866017749443927e+04 1.428585509180078516e+05 1.428582245701130305e+05 1.428588382554945420e+05 1.263752824034939549e+05 2.381086141581236370e+04 1.158781399812121817e+05 1.381493512253724039e+05 4.963707589414061658e+04 1.428587905909855326e+05 2.448259719661761774e+05 3.351661879270569189e+05 1.167598957317451423e+05 1.428588634333815135e+05 1.813203411527052813e+05 1.428587982619146933e+05 1.428588681896011985e+05 1.428584112541743089e+05 1.428587230920662987e+05 3.025085130689759972e+05 8.479626737752424378e+04 1.607159129298593907e+05 1.428586281149431015e+05
5.769361677953548497e+04 5.769367015241932677e+04 1.428585509180078516e+05 1.738289529113769827e-01 6.341028884356064710e-01 1.256956085707686244e+00 3.846294353853381472e+04 1.217962655235947313e+05 2.230206791386825207e+05 2.472662175636590837e+04 9.597023482405299728e+04 1.227166635781104853e+00 3.327375180694910232e+05 4.230778051184923970e+05 4.807832274208253511e+04 1.250978369472856011e+00 2.692320958529868512e+05 9.684179504652443704e-01 1.355959768013448086e+00 5.861561267543164977e-01 1.248799471707375153e+00 3.904200153464456089e+05 1.971166208986182755e+05 2.486275445559822838e+05 8.300420830113000026e-01
5.769333323848327564e+04 5.769335062894543080e+04 1.428582245701130305e+05 6.341028884356064710e-01 6.541062592295415756e-02 1.078259426342143668e+00 3.846248050301607873e+04 1.217959085182456765e+05 2.230206136465638119e+05 2.472629140045195891e+04 9.597003671693320211e+04 9.118244212322429432e-01 3.327373825944457203e+05 4.230778221153843915e+05 4.807790594003322622e+04 1.128062187683366746e+00 2.692318824460449396e+05 8.932179482987433472e-01 1.032709623580802649e+00 4.070115673570561254e-01 9.676825032652208725e-01 3.904201100541420165e+05 1.971163843921527150e+05 2.486274832386550261e+05 6.173350315307479796e-01
5.769388142615481047e+04 5.769395162537400756e+04 1.428588382554945420e+05 1.256956085707686244e+00 1.078259426342143668e+00 2.895576046073190524e-01 3.846319721111399122e+04 1.217966407410758693e+05 2.230209868542996410e+05 2.472669701019412969e+04 9.597066194307370461e+04 1.345001261049682206e+00 3.327376732998182997e+05 4.230780606684978702e+05 4.807851657245467504e+04 1.462524035717378323e+00 2.692322713113598293e+05 1.169485478218787566e+00 1.462000414681171145e+00 1.207154862923836891e+00 1.115437528763245201e+00 3.904202234072794090e+05 1.971170781536172435e+05 2.486278549881492218e+05 1.350521103977438520e+00
1.923217512840432028e+04 1.923228032980904391e+04 1.263752824034939549e+05 3.846294353853381472e+04 3.846248050301607873e+04 3.846319721111399122e+04 1.890949719512918237e-01 1.025658478816231654e+05 2.230211164626714017e+05 1.373767559032048302e+04 7.673993459596169123e+04 3.846308931687148288e+04 3.327378103359772940e+05 4.230782291666664532e+05 9.616616230470295704e+03 3.846309038711534959e+04 2.692324071989099029e+05 3.846308007130934857e+04 3.846297718478357274e+04 3.846277125984458689e+04 3.846306938754866860e+04 3.904205562300042948e+05 1.971169341484488687e+05 2.486279965299604810e+05 3.846290808673706488e+04
8.333508373141162156e+04 8.333490546025926596e+04 2.381086141581236370e+04 1.217962655235947313e+05 1.217959085182456765e+05 1.217966407410758693e+05 1.025658478816231654e+05 8.547346398209583640e+03 1.396878632761784247e+05 1.163021642030234070e+05 2.582714087208692581e+04 1.217964246426401514e+05 2.686352879725214443e+05 3.589755673076921958e+05 9.295055447283713147e+04 1.217966090378360677e+05 2.051298327171637211e+05 1.217964838755192905e+05 1.217966259895299445e+05 1.217961094927271915e+05 1.217965424363434286e+05 3.263180482609494356e+05 1.086060585569911345e+05 1.845254558951787185e+05 1.217962603959225089e+05
2.037903326211018721e+05 2.037904328903667629e+05 1.158781399812121963e+05 2.230206791386825207e+05 2.230206136465638119e+05 2.230209868542996410e+05 2.230211164626714017e+05 1.396878632761784247e+05 9.253713707949962554e+03 2.230211183779441344e+05 1.581172348444005183e+05 2.230210602510060125e+05 1.596612707147055480e+05 2.500015383523218334e+05 2.134057613841486746e+05 2.230209155103382946e+05 9.319695951576123480e+04 2.230209516583436925e+05 2.230211283056560787e+05 2.230206505144264374e+05 2.230211362575707608e+05 2.173436395444930240e+05 3.108326392186373414e+04 5.032249779997600854e+04 2.230209036796397704e+05
3.296845508135990531e+04 3.296860168860445265e+04 1.381493512253724039e+05 2.472662175636591201e+04 2.472629140045196255e+04 2.472669701019412969e+04 1.373767559032048121e+04 1.163021642030234070e+05 2.230211183779441344e+05 7.849604968867268326e+03 9.047615091252658749e+04 2.472683338726048169e+04 3.327377127185112331e+05 4.230781296758793760e+05 2.335310749703825786e+04 2.472675654307263176e+04 2.692324336923265364e+05 2.472670247035424472e+04 2.472671716053328419e+04 2.472640641361021699e+04 2.472672793719879337e+04 3.904203442570492625e+05 1.971170199042029562e+05 2.486279403437658329e+05 2.472672962242214999e+04
5.750888499649107689e+04 5.750891705830372666e+04 4.963707589414060931e+04 9.597023482405299728e+04 9.597003671693320211e+04 9.597066194307370461e+04 7.673993459596169123e+04 2.582714087208692581e+04 1.581172348444005183e+05 9.047615091252658749e+04 1.811807270426628747e+04 9.597063328069225827e+04 2.870647778990416555e+05 3.774050747471255600e+05 6.712443211695957871e+04 9.597065090543424594e+04 2.235594472628184012e+05 9.597041958630623412e+04 9.597069049274086137e+04 9.597010710950702196e+04 9.597071930229577993e+04 3.447473829472907819e+05 1.290270134904271545e+05 2.029548436955515936e+05 9.597037250728921208e+04
5.769393596913613874e+04 5.769399584804829647e+04 1.428587905909855326e+05 1.227166635781104853e+00 9.118244212322429432e-01 1.345001261049682206e+00 3.846308931687148288e+04 1.217964246426401514e+05 2.230210602510060125e+05 2.472683338726048169e+04 9.597063328069225827e+04 1.939029151965627473e-01 3.327374802546864958e+05 4.230779133252878091e+05 4.807859216374042444e+04 1.474380573312627618e+00 2.692319930315377424e+05 1.015764681666943448e+00 1.329981046662105371e+00 1.203227219288419914e+00 1.158088747191024170e+00 3.904202101145089837e+05 1.971169159536545048e+05 2.486278689472468977e+05 1.038946806859377903e+00
3.135071356109712506e+05 3.135071726967210998e+05 2.448259719661761774e+05 3.327375180694910232e+05 3.327373825944457203e+05 3.327376732998182997e+05 3.327378103359772358e+05 2.686352879725214443e+05 1.596612707147055480e+05 3.327377127185112331e+05 2.870647778990416555e+05 3.327374802546864958e+05 4.075897362376666570e+04 1.583360798296880967e+05 3.231225069922966650e+05 3.327377885091801290e+05 9.455208124380657682e+04 3.327375178090225672e+05 3.327376890255969483e+05 3.327374832532593864e+05 3.327375150735224015e+05 1.218687006358798390e+05 1.740841358247445314e+05 1.282850675366560754e+05 3.327374900073710014e+05
4.038475649038458942e+05 4.038475952797200880e+05 3.351661879270569189e+05 4.230778051184923970e+05 4.230778221153843915e+05 4.230780606684978702e+05 4.230782291666664532e+05 3.589755673076922540e+05 2.500015383523218625e+05 4.230781296758793760e+05 3.774050747471255600e+05 4.230779133252878091e+05 1.583360798296880967e+05 1.621878173828443141e+04 4.134629567307689576e+05 4.230780799825171707e+05 2.307706886205897608e+05 4.230779708139080903e+05 4.230780753205125802e+05 4.230778765705656260e+05 4.230779239398419159e+05 5.805276754376311874e+04 2.644243157779719913e+05 2.307706932546619792e+05 4.230777880048634834e+05
9.616668095760351207e+03 9.616807362889747310e+03 1.167598957317451423e+05 4.807832274208253511e+04 4.807790594003322622e+04 4.807851657245467504e+04 9.616616230470295704e+03 9.295055447283713147e+04 2.134057613841486746e+05 2.335310749703826514e+04 6.712443211695957871e+04 4.807859216374042444e+04 3.231225069922966650e+05 4.134629567307689576e+05 9.615736395975774940e+03 4.807866628751069948e+04 2.596170007520373329e+05 4.807847478599206079e+04 4.807856684483230492e+04 4.807812273236468172e+04 4.807860949482322030e+04 3.808050582907085191e+05 1.875016373420315795e+05 2.390124599063827191e+05 4.807837975718286179e+04
5.769390477605348860e+04 5.769404394034035067e+04 1.428588634333815135e+05 1.250978369472856011e+00 1.128062187683366746e+00 1.462524035717378323e+00 3.846309038711534959e+04 1.217966090378360677e+05 2.230209155103382946e+05 2.472675654307263176e+04 9.597065090543424594e+04 1.474380573312627618e+00 3.327377885091801290e+05 4.230780799825171707e+05 4.807866628751069948e+04 1.709080562517553692e-01 2.692324238907822291e+05 1.388808760963649247e+00 1.294270873141293077e+00 1.202160454821301627e+00 1.604456983978904461e+00 3.904203780859097023e+05 1.971168755454736529e+05 2.486277839449648163e+05 1.404613710822350203e+00
2.500017136571328156e+05 2.500016344450108299e+05 1.813203411527052522e+05 2.692320958529868512e+05 2.692318824460449396e+05 2.692322713113598293e+05 2.692324071989099029e+05 2.051298327171637211e+05 9.319695951576123480e+04 2.692324336923265364e+05 2.235594472628184012e+05 2.692319930315377424e+05 9.455208124380657682e+04 2.307706886205897608e+05 2.596170007520373329e+05 2.692324238907822291e+05 1.229000029266513775e+04 2.692320965833298396e+05 2.692322878470633295e+05 2.692320184577271575e+05 2.692321573999560205e+05 1.968610630110088969e+05 1.084166605968401273e+05 5.377839097593704355e+04 2.692320768760864157e+05
5.769369366027707292e+04 5.769384388727231999e+04 1.428587982619146933e+05 9.684179504652443704e-01 8.932179482987433472e-01 1.169485478218787566e+00 3.846308007130934857e+04 1.217964838755192905e+05 2.230209516583436925e+05 2.472670247035424472e+04 9.597041958630623412e+04 1.015764681666943448e+00 3.327375178090225672e+05 4.230779708139080321e+05 4.807847478599206079e+04 1.388808760963649247e+00 2.692320965833298396e+05 2.951664662725320132e-01 1.369364414191654555e+00 1.006305257062896974e+00 1.201411852129641522e+00 3.904200896096335491e+05 1.971169479272479075e+05 2.486276942461201397e+05 9.683713011889183431e-01
5.769390164618692506e+04 5.769405523599666049e+04 1.428588681896011985e+05 1.355959768013448086e+00 1.032709623580802649e+00 1.462000414681171145e+00 3.846297718478357274e+04 1.217966259895299445e+05 2.230211283056560787e+05 2.472671716053328419e+04 9.597069049274086137e+04 1.329981046662105371e+00 3.327376890255969483e+05 4.230780753205125802e+05 4.807856684483230492e+04 1.294270873141293077e+00 2.692322878470633295e+05 1.369364414191654555e+00 3.398205978728851551e-01 1.268396790704565014e+00 1.277637729886831108e+00 3.904203376739578671e+05 1.971169735307775263e+05 2.486278613923922239e+05 1.323394830055999005e+00
5.769345038642510917e+04 5.769347693598880142e+04 1.428584112541743089e+05 5.861561267543164977e-01 4.070115673570561254e-01 1.207154862923836891e+00 3.846277125984458689e+04 1.217961094927271915e+05 2.230206505144264374e+05 2.472640641361021699e+04 9.597010710950702196e+04 1.203227219288419914e+00 3.327374832532593864e+05 4.230778765705656260e+05 4.807812273236467445e+04 1.202160454821301627e+00 2.692320184577271575e+05 1.006305257062896974e+00 1.268396790704565014e+00 1.983987024648836694e-01 1.218384507699102670e+00 3.904200531907678815e+05 1.971165599740332400e+05 2.486274764257570787e+05 8.617977172580610912e-01
5.769395318223439244e+04 5.769408844700972259e+04 1.428587230920662987e+05 1.248799471707375153e+00 9.676825032652208725e-01 1.115437528763245201e+00 3.846306938754866860e+04 1.217965424363434286e+05 2.230211362575707608e+05 2.472672793719879337e+04 9.597071930229577993e+04 1.158088747191023948e+00 3.327375150735224015e+05 4.230779239398419159e+05 4.807860949482322030e+04 1.604456983978904461e+00 2.692321573999560205e+05 1.201411852129641522e+00 1.277637729886831108e+00 1.218384507699102670e+00 2.565182978440128658e-01 3.904203430808944977e+05 1.971169499280197488e+05 2.486278710498705041e+05 1.221105468003832462e+00
3.711896822177619324e+05 3.711896215911565814e+05 3.025085130689759972e+05 3.904200153464456089e+05 3.904201100541420165e+05 3.904202234072794090e+05 3.904205562300042948e+05 3.263180482609494356e+05 2.173436395444930240e+05 3.904203442570492625e+05 3.447473829472907819e+05 3.904202101145089837e+05 1.218687006358798390e+05 5.805276754376311874e+04 3.808050582907085191e+05 3.904203780859097023e+05 1.968610630110088969e+05 3.904200896096336655e+05 3.904203376739578671e+05 3.904200531907678815e+05 3.904203430808944977e+05 3.790424100789123622e+04 2.317668924620547041e+05 1.981130030589851958e+05 3.904201475547120790e+05
1.778862699287995638e+05 1.778862493499185366e+05 8.479626737752425834e+04 1.971166208986182755e+05 1.971163843921527150e+05 1.971170781536172435e+05 1.971169341484488687e+05 1.086060585569911345e+05 3.108326392186373414e+04 1.971170199042029562e+05 1.290270134904271545e+05 1.971169159536545048e+05 1.740841358247445314e+05 2.644243157779719913e+05 1.875016373420315795e+05 1.971168755454736529e+05 1.084166605968401273e+05 1.971169479272479075e+05 1.971169735307775263e+05 1.971165599740332400e+05 1.971169499280197488e+05 2.317668924620547041e+05 1.477902530566652422e+04 7.592079769706391380e+04 1.971166903862564359e+05
2.293971035887065518e+05 2.293971897138611821e+05 1.607159129298593907e+05 2.486275445559822838e+05 2.486274832386550261e+05 2.486278549881492218e+05 2.486279965299604810e+05 1.845254558951787185e+05 5.032249779997600854e+04 2.486279403437658329e+05 2.029548436955515936e+05 2.486278689472468977e+05 1.282850675366560754e+05 2.307706932546619792e+05 2.390124599063827191e+05 2.486277839449648163e+05 5.377839097593705083e+04 2.486276942461201397e+05 2.486278613923922239e+05 2.486274764257570787e+05 2.486278710498705041e+05 1.981130030589851958e+05 7.592079769706391380e+04 2.191547399262278850e+04 2.486276659359055629e+05
5.769374543933245877e+04 5.769380606511775113e+04 1.428586281149431015e+05 8.300420830113000026e-01 6.173350315307479796e-01 1.350521103977438520e+00 3.846290808673706488e+04 1.217962603959225089e+05 2.230209036796397704e+05 2.472672962242214635e+04 9.597037250728921208e+04 1.038946806859377903e+00 3.327374900073708850e+05 4.230777880048634834e+05 4.807837975718286179e+04 1.404613710822350203e+00 2.692320768760864157e+05 9.683713011889183431e-01 1.323394830055999005e+00 8.617977172580610912e-01 1.221105468003832462e+00 3.904201475547120790e+05 1.971166903862564359e+05 2.486276659359055629e+05 2.364568969790912800e-01
