5.756409815369557327e+04 1.571364945698103693e+05 1.751955678882090433e+05 3.145986461977017461e+05 1.751958679969185032e+05 1.751957454783676949e+05 7.718504598274154705e+04 1.751959765993831388e+05 1.751958985456892115e+05 1.751952131863123504e+05 1.751958860301954846e+05 1.751959553972753929e+05 1.020731836480477505e+05 1.253948744972650311e+05 1.751958257073596178e+05 1.751953378088696918e+05 1.751959751848725718e+05 1.779920608148447063e+05 1.751956540728519612e+05 1.751953971009340021e+05 1.751954696096535481e+05 1.751956365704888885e+05 1.751955078246915655e+05 1.751959133483961632e+05 1.751956518703027687e+05
1.571364945698103693e+05 5.649281843427212152e+03 5.579771369061060250e+04 3.563033853390210425e+05 5.579779036994908529e+04 5.579773041261071194e+04 1.232329299152530148e+05 4.785990201124580199e+04 5.579781078131783579e+04 5.579705656111134886e+04 5.579785484987705422e+04 5.579742532072908216e+04 9.525176513463286392e+04 4.275180153601761413e+04 5.579775892136836774e+04 5.579719438392965094e+04 5.579761418969656370e+04 2.457198451089872688e+05 5.579760896150346525e+04 5.579733277358490159e+04 5.579750014338832261e+04 5.579756732015364832e+04 5.579750194304373144e+04 5.579766255379469658e+04 5.336289142468595674e+04
1.751955678882090433e+05 5.579771369061060250e+04 9.000608971874313191e-01 3.563031260500078206e+05 3.773770228735734418e+04 1.886964542652082673e+04 1.412921983199754613e+05 3.773789844867682405e+04 3.773780104142978234e+04 1.333431308494482437e+00 3.773777705176198651e+04 3.773806713266262523e+04 1.320776067556375056e+05 9.854737495706931804e+04 2.987604073578818861e+04 1.660684265479015043e+00 3.773793100208468240e+04 2.509404283763740386e+05 1.692584274200198191e+00 1.709429586109451948e+00 1.728120722670139608e+00 1.672915274563079091e+00 1.667038791959225552e+00 3.773800264254115609e+04 2.436273993916074232e+03
3.145986461977016879e+05 3.563033853390210425e+05 3.563031260500078206e+05 9.349329027768289961e+04 3.563032964477367932e+05 3.563032454007016495e+05 3.563033174406641629e+05 3.563033083026378881e+05 3.563033338891229942e+05 3.563028616744584288e+05 3.563033385520047741e+05 3.563033853637093562e+05 3.563033183022737503e+05 3.563034231361282873e+05 3.563032845062185079e+05 3.563029865152179264e+05 3.563034001992176054e+05 2.111006299815478851e+05 3.563031539724216564e+05 3.563030214003309957e+05 3.563030628347050515e+05 3.563031591874765581e+05 3.563030487558233435e+05 3.563033389893143321e+05 3.563032159634229611e+05
1.751958679969185032e+05 5.579779036994908529e+04 3.773770228735734418e+04 3.563032964477367932e+05 9.492731103257709968e-01 1.886983492843205750e+04 1.412923838371332968e+05 1.455873741916914150e+04 1.797452278597082787e+00 3.773725870564182696e+04 1.804109963878428813e+00 3.773816811663230328e+04 1.320777873252045538e+05 9.854743289024564729e+04 7.863382155585763030e+03 3.773758495425243018e+04 3.773795247995131649e+04 2.509406064999454247e+05 3.773769588762339117e+04 3.773762221522163600e+04 3.773765998037943064e+04 3.773771629075540841e+04 3.773771700653486914e+04 3.773809293096882902e+04 3.773780306434660451e+04
1.751957454783676949e+05 5.579773041261071194e+04 1.886964542652083037e+04 3.563032454007016495e+05 1.886983492843205750e+04 9.556541825080910879e-01 1.412922817932491307e+05 2.556500492683579432e+04 1.886983310594671275e+04 1.886926587729760649e+04 1.886992085522593334e+04 3.773808577345141384e+04 1.320776875383469160e+05 9.854739053045833134e+04 1.100793655478822257e+04 1.886956745151782525e+04 3.773794295169702673e+04 2.509405364185451472e+05 1.886966198757957682e+04 1.886961325239291182e+04 1.886966996490213205e+04 1.886966674764742129e+04 1.886969145181366912e+04 3.773805883416764846e+04 1.886960498323847423e+04
7.718504598274154705e+04 1.232329299152530148e+05 1.412921983199754613e+05 3.563033174406641629e+05 1.412923838371332968e+05 1.412922817932491307e+05 1.602694918254932963e+04 1.412924370647463365e+05 1.412924240889670618e+05 1.412917104162595060e+05 1.412924429581328586e+05 1.412924101105362643e+05 3.155650175410447264e+04 8.048310218478996831e+04 1.412923320281363267e+05 1.412917881829455728e+05 1.412924267042814172e+05 2.349383923977774102e+05 1.412921196899736242e+05 1.412918615111615218e+05 1.412919217862497899e+05 1.412921725534875004e+05 1.412920312113059335e+05 1.412924427890113438e+05 1.412922331572902622e+05
1.751959765993831388e+05 4.785990201124580199e+04 3.773789844867682405e+04 3.563033083026378881e+05 1.455873741916914150e+04 2.556500492683579796e+04 1.412924370647463365e+05 2.028694426455428402e+04 1.455866855617825968e+04 3.773732593601404369e+04 1.455864303056121389e+04 3.111911828369995783e+04 1.270991784110845765e+05 9.060968667448009364e+04 1.914470523990182119e+04 3.773755772153943690e+04 3.111890962094839779e+04 2.509406316695121350e+05 3.773776462007707596e+04 3.773761952855735581e+04 3.773774710946161940e+04 3.773782734366924706e+04 3.773784996430049796e+04 3.111893979059280900e+04 3.742360853370344557e+04
1.751958985456892115e+05 5.579781078131783579e+04 3.773780104142978234e+04 3.563033338891229942e+05 1.797452278597082787e+00 1.886983310594671275e+04 1.412924240889670618e+05 1.455866855617825786e+04 9.147135233025720513e-01 3.773732299489848810e+04 1.854001620533636929e+00 3.773821830462898652e+04 1.320778112060802232e+05 9.854749358827188553e+04 7.863349506991396083e+03 3.773758022215363599e+04 3.773794117074472888e+04 2.509406209514316579e+05 3.773769474984124099e+04 3.773763319464415690e+04 3.773771583522626315e+04 3.773772908858871961e+04 3.773773519843047688e+04 3.773815537723874877e+04 3.773781497228386434e+04
1.751952131863123504e+05 5.579705656111134886e+04 1.333431308494482437e+00 3.563028616744584288e+05 3.773725870564182696e+04 1.886926587729760286e+04 1.412917104162595351e+05 3.773732593601403642e+04 3.773732299489848810e+04 5.016406031573122926e-01 3.773732629469082895e+04 3.773744892932406947e+04 1.320770403744399082e+05 9.854684365897656244e+04 2.987559218166118444e+04 9.700550318965451835e-01 3.773737588488774054e+04 2.509400767169882893e+05 1.308592438859260909e+00 1.055943616490405690e+00 1.132817461817503757e+00 1.275953953982337463e+00 1.176573609370877849e+00 3.773743074034320307e+04 2.435872629690113627e+03
1.751958860301954846e+05 5.579785484987705422e+04 3.773777705176198651e+04 3.563033385520047741e+05 1.804109963878428813e+00 1.886992085522593334e+04 1.412924429581328586e+05 1.455864303056121389e+04 1.854001620533636929e+00 3.773732629469082895e+04 1.015599393465203448e+00 3.773815630272666021e+04 1.320777991306972690e+05 9.854743185667888611e+04 7.863555692749889204e+03 3.773760846249586029e+04 3.773798915561465401e+04 2.509406404668285395e+05 3.773769663979484903e+04 3.773761239759132150e+04 3.773771431844004837e+04 3.773775644938671758e+04 3.773776779785974213e+04 3.773805663233517407e+04 3.773779508440590143e+04
1.751959553972753929e+05 5.579742532072908216e+04 3.773806713266262523e+04 3.563033853637093562e+05 3.773816811663230328e+04 3.773808577345140657e+04 1.412924101105362643e+05 3.111911828369996147e+04 3.773821830462898652e+04 3.773744892932406947e+04 3.773815630272666021e+04 1.002263450042904847e+00 1.320777385409448470e+05 9.854740781258580682e+04 3.773814660531884147e+04 3.773760974100739986e+04 2.121462962103290550e+00 2.509407028685674013e+05 3.773796175138364197e+04 3.773771513179527392e+04 3.773786498702264362e+04 3.773800046377840044e+04 3.773793108102107362e+04 2.138372339862587790e+00 3.773798749112796941e+04
1.020731836480477796e+05 9.525176513463286392e+04 1.320776067556375056e+05 3.563033183022737503e+05 1.320777873252045538e+05 1.320776875383468869e+05 3.155650175410447628e+04 1.270991784110845765e+05 1.320778112060802232e+05 1.320770403744399082e+05 1.320777991306972690e+05 1.320777385409448470e+05 1.034700010638032654e+04 5.250170467552224000e+04 1.320777308843872161e+05 1.320772022571540438e+05 1.320778553269978147e+05 2.365876108142074954e+05 1.320775525208359759e+05 1.320772617556338082e+05 1.320772535876170441e+05 1.320775721824337088e+05 1.320773293475758983e+05 1.320776651455475076e+05 1.316849044732779148e+05
1.253948744972650311e+05 4.275180153601761413e+04 9.854737495706933259e+04 3.563034231361283455e+05 9.854743289024564729e+04 9.854739053045833134e+04 8.048310218478996831e+04 9.060968667448009364e+04 9.854749358827188553e+04 9.854684365897656244e+04 9.854743185667888611e+04 9.854740781258579227e+04 5.250170467552224000e+04 2.532693427197499113e+04 9.854746281490326510e+04 9.854692205515458772e+04 9.854749229587773152e+04 2.365876629362654639e+05 9.854729856017084967e+04 9.854697749923852098e+04 9.854711313473433256e+04 9.854731736867605650e+04 9.854722351220010023e+04 9.854733736121254333e+04 9.611267876360935043e+04
1.751958257073596178e+05 5.579775892136836774e+04 2.987604073578818861e+04 3.563032845062185079e+05 7.863382155585763030e+03 1.100793655478822257e+04 1.412923320281362976e+05 1.914470523990182119e+04 7.863349506991396083e+03 2.987559218166118080e+04 7.863555692749891932e+03 3.773814660531884874e+04 1.320777308843872161e+05 9.854746281490326510e+04 9.172895610130286514e+03 2.987589206787464718e+04 3.773791775114658958e+04 2.509405776405891229e+05 2.987603674024919383e+04 2.987596275925514419e+04 2.987599489228290258e+04 2.987604575020106495e+04 2.987601513477772460e+04 3.773808311562757444e+04 2.987605773896332175e+04
1.751953378088696918e+05 5.579719438392965094e+04 1.660684265479015043e+00 3.563029865152179264e+05 3.773758495425243746e+04 1.886956745151782161e+04 1.412917881829455437e+05 3.773755772153943690e+04 3.773758022215363599e+04 9.700550318965452945e-01 3.773760846249586029e+04 3.773760974100740714e+04 1.320772022571540438e+05 9.854692205515460228e+04 2.987589206787464718e+04 7.735168590166627833e-01 3.773758008886771859e+04 2.509401697936334531e+05 1.583714503356743242e+00 1.259539921230546033e+00 1.460881815896675207e+00 1.580777552489899485e+00 1.492362412112292924e+00 3.773760708528673422e+04 2.436220124271063924e+03
1.751959751848725718e+05 5.579761418969656370e+04 3.773793100208468240e+04 3.563034001992176054e+05 3.773795247995131649e+04 3.773794295169701945e+04 1.412924267042814172e+05 3.111890962094839779e+04 3.773794117074472888e+04 3.773737588488774054e+04 3.773798915561465401e+04 2.121462962103290550e+00 1.320778553269978147e+05 9.854749229587773152e+04 3.773791775114658230e+04 3.773758008886771131e+04 1.095155455912866893e+00 2.509407132222765940e+05 3.773782561563309719e+04 3.773772548558014387e+04 3.773787396437935968e+04 3.773784477591300674e+04 3.773787795189271128e+04 1.978575933624896255e+00 3.773784398592601792e+04
1.779920608148446772e+05 2.457198451089872688e+05 2.509404283763740386e+05 2.111006299815478851e+05 2.509406064999454247e+05 2.509405364185451181e+05 2.349383923977774102e+05 2.509406316695121350e+05 2.509406209514316579e+05 2.509400767169882893e+05 2.509406404668285395e+05 2.509407028685674013e+05 2.365876108142074954e+05 2.365876629362654639e+05 2.509405776405891229e+05 2.509401697936334822e+05 2.509407132222765940e+05 5.808033386015886936e+04 2.509403887267302198e+05 2.509402296074764454e+05 2.509402683285872045e+05 2.509404725867583184e+05 2.509403086409130483e+05 2.509406417501137184e+05 2.509404658058664645e+05
1.751956540728519612e+05 5.579760896150346525e+04 1.692584274200197969e+00 3.563031539724217146e+05 3.773769588762339117e+04 1.886966198757957318e+04 1.412921196899736242e+05 3.773776462007706868e+04 3.773769474984124099e+04 1.308592438859260909e+00 3.773769663979484903e+04 3.773796175138364197e+04 1.320775525208359759e+05 9.854729856017084967e+04 2.987603674024919383e+04 1.583714503356743242e+00 3.773782561563309719e+04 2.509403887267302198e+05 9.586972284297501368e-01 1.652271907955377594e+00 1.618678196197036234e+00 1.606900864281026076e+00 1.645378226025330237e+00 3.773791821565821010e+04 2.436339156169578928e+03
1.751953971009340021e+05 5.579733277358490159e+04 1.709429586109452170e+00 3.563030214003309957e+05 3.773762221522163600e+04 1.886961325239290818e+04 1.412918615111615218e+05 3.773761952855734853e+04 3.773763319464415690e+04 1.055943616490405912e+00 3.773761239759132150e+04 3.773771513179527392e+04 1.320772617556338082e+05 9.854697749923855008e+04 2.987596275925514419e+04 1.259539921230546033e+00 3.773772548558014387e+04 2.509402296074764745e+05 1.652271907955377594e+00 8.483131799880041513e-01 1.420295845620651365e+00 1.699726183927982914e+00 1.593266471751014546e+00 3.773769434483876830e+04 2.436301581323560640e+03
1.751954696096535481e+05 5.579750014338831534e+04 1.728120722670139608e+00 3.563030628347050515e+05 3.773765998037943064e+04 1.886966996490212841e+04 1.412919217862497899e+05 3.773774710946161213e+04 3.773771583522626315e+04 1.132817461817503757e+00 3.773771431844004837e+04 3.773786498702264362e+04 1.320772535876170441e+05 9.854711313473433256e+04 2.987599489228290258e+04 1.460881815896674762e+00 3.773787396437935968e+04 2.509402683285872336e+05 1.618678196197036234e+00 1.420295845620651365e+00 8.990151343067005474e-01 1.672550853290299733e+00 1.532956633122530166e+00 3.773782698236567376e+04 2.436357089045577140e+03
1.751956365704888885e+05 5.579756732015364832e+04 1.672915274563079091e+00 3.563031591874765581e+05 3.773771629075540841e+04 1.886966674764741765e+04 1.412921725534875004e+05 3.773782734366924706e+04 3.773772908858871961e+04 1.275953953982337463e+00 3.773775644938671758e+04 3.773800046377840044e+04 1.320775721824337088e+05 9.854731736867605650e+04 2.987604575020106495e+04 1.580777552489899485e+00 3.773784477591300674e+04 2.509404725867583184e+05 1.606900864281026076e+00 1.699726183927982914e+00 1.672550853290299733e+00 8.482351266528808109e-01 1.671462884970429830e+00 3.773801453026873787e+04 2.436303132269471917e+03
1.751955078246915655e+05 5.579750194304373144e+04 1.667038791959225552e+00 3.563030487558233435e+05 3.773771700653486914e+04 1.886969145181366548e+04 1.412920312113059335e+05 3.773784996430049796e+04 3.773773519843047688e+04 1.176573609370877627e+00 3.773776779785974213e+04 3.773793108102107362e+04 1.320773293475758983e+05 9.854722351220008568e+04 2.987601513477772460e+04 1.492362412112292924e+00 3.773787795189271128e+04 2.509403086409130483e+05 1.645378226025330015e+00 1.593266471751014546e+00 1.532956633122530166e+00 1.671462884970429830e+00 8.896471805699440738e-01 3.773788973001500563e+04 2.436310863553926083e+03
1.751959133483961632e+05 5.579766255379469658e+04 3.773800264254115609e+04 3.563033389893143321e+05 3.773809293096882902e+04 3.773805883416764846e+04 1.412924427890113438e+05 3.111893979059280900e+04 3.773815537723874877e+04 3.773743074034320307e+04 3.773805663233517407e+04 2.138372339862587790e+00 1.320776651455475076e+05 9.854733736121254333e+04 3.773808311562757444e+04 3.773760708528673422e+04 1.978575933624896255e+00 2.509406417501137184e+05 3.773791821565821010e+04 3.773769434483876830e+04 3.773782698236567376e+04 3.773801453026873787e+04 3.773788973001500563e+04 1.109135201956596983e+00 3.773796635195565614e+04
1.751956518703027396e+05 5.336289142468595674e+04 2.436273993916074232e+03 3.563032159634229611e+05 3.773780306434660451e+04 1.886960498323847060e+04 1.412922331572902622e+05 3.742360853370344557e+04 3.773781497228386434e+04 2.435872629690113627e+03 3.773779508440590143e+04 3.773798749112796941e+04 1.316849044732779148e+05 9.611267876360935043e+04 2.987605773896331812e+04 2.436220124271063924e+03 3.773784398592601792e+04 2.509404658058664645e+05 2.436339156169578928e+03 2.436301581323560185e+03 2.436357089045577595e+03 2.436303132269471917e+03 2.436310863553926083e+03 3.773796635195565614e+04 4.241837608329360592e+03
