2.636519283463360625e+04 2.246657315423913533e+05 8.263322726999648148e+04 4.439499795617123018e+05 8.263331253910525993e+04 8.263333429794535914e+04 1.087525113206960086e+05 6.019436123494341882e+04 9.009598389378144930e+04 1.087526012384434871e+05 1.087525378373996064e+05 1.087525764970289310e+05 3.272546102319381316e+05 1.442372714315024205e+05 1.022228124759054626e+05 1.087524692497034412e+05 6.877399413949582959e+04 1.087523359783231281e+05 6.155799245265853824e+05 9.755864200955834531e+04 1.087525494319705613e+05 1.087527056556922907e+05 1.087525497186249122e+05 5.813074167557098554e+04 1.087521563983136002e+05
2.246657315423913533e+05 1.200797381893310667e+05 2.641777989561127033e+05 3.953302431775660370e+05 2.641778973678006441e+05 2.641779067872489686e+05 2.791030780241441098e+05 2.535169721924627956e+05 2.716405347846520599e+05 2.791031106068795198e+05 2.791030284482955467e+05 2.791030667509433697e+05 2.651527776147015975e+05 1.775906512339092151e+05 2.791031897007495281e+05 2.791029941536631668e+05 2.582382663498552574e+05 2.791029242236510036e+05 5.664225226159997983e+05 2.791032024963836884e+05 2.791030451108523412e+05 2.791031826100422186e+05 2.791030803075176664e+05 2.016915532769710408e+05 2.791027871682700352e+05
8.263322726999648148e+04 2.641777989561127033e+05 1.178018456328014496e+00 4.738006426830333658e+05 1.903925733330543490e+00 1.954414129126463395e+00 2.985291525705957247e+04 2.487808794235353707e+04 7.464696098305026680e+03 2.985296374267830470e+04 2.985291861009380227e+04 2.985297741361668159e+04 3.571051642513293191e+05 1.940321310314685397e+05 2.114632988810401366e+04 2.985288978492497336e+04 1.386145560490216849e+04 2.985273227774770930e+04 6.454307038178172661e+05 1.492747449520677583e+04 2.985292594215434292e+04 2.985291843313333811e+04 2.985287286154272442e+04 1.269128794527681894e+05 2.985237781015531436e+04
4.439499795617123018e+05 3.953302431775660370e+05 4.738006426830334240e+05 2.009745589954839670e+05 4.738006903980416828e+05 4.738007210665920866e+05 4.887258641064912081e+05 4.695363825866781408e+05 4.812633238398641115e+05 4.887258812466502422e+05 4.887259106766443001e+05 4.887258873066614615e+05 3.198638063257925096e+05 4.288902952189728967e+05 4.887259922364064259e+05 4.887258255094088381e+05 4.738007113847021828e+05 4.887258062257012352e+05 4.759995708690769970e+05 4.887259933455089922e+05 4.887258857814520597e+05 4.887259971767707029e+05 4.887258340166715207e+05 4.372758916184150730e+05 4.887257067954479135e+05
8.263331253910525993e+04 2.641778973678006441e+05 1.903925733330543490e+00 4.738006903980416828e+05 1.171577185794854925e+00 1.993673836526788090e+00 2.985294221426456352e+04 2.487807823803857173e+04 7.464725584571045147e+03 2.985294748798910950e+04 2.985292362384175794e+04 2.985300409109484463e+04 3.571051636182873626e+05 1.940321553308772563e+05 2.114639270314490204e+04 2.985291293551690251e+04 1.386151617321044614e+04 2.985275695960457233e+04 6.454306798636607127e+05 1.492753533273213179e+04 2.985293207511305809e+04 2.985298410379694178e+04 2.985290368103288347e+04 1.269128831611995120e+05 2.985242151526621092e+04
8.263333429794535914e+04 2.641779067872489686e+05 1.954414129126463395e+00 4.738007210665920866e+05 1.993673836526787868e+00 1.270739208521749042e+00 2.985296529771605128e+04 2.487805224837410788e+04 7.464726465742649452e+03 2.985300771534748128e+04 2.985295883847361256e+04 2.985303310151334881e+04 3.571051528104151366e+05 1.940321716017563012e+05 2.114642807013999118e+04 2.985287610578745443e+04 1.386145859324813318e+04 2.985272044051345438e+04 6.454306672718169866e+05 1.492756078609539327e+04 2.985292062739453104e+04 2.985295855746628513e+04 2.985288520217745099e+04 1.269129814525001275e+05 2.985239941115186230e+04
1.087525113206959795e+05 2.791030780241441098e+05 2.985291525705956519e+04 4.887258641064911499e+05 2.985294221426456352e+04 2.985296529771605128e+04 1.121388299550727607e+00 5.472882409307928901e+04 2.239014170368050327e+04 1.840819679717050183e+00 1.816017060798519545e+00 1.868528502547742942e+00 3.720303678605607711e+05 2.089573666337257309e+05 8.708491853184938009e+03 1.820934868664444872e+00 4.371234918700729031e+04 1.702831236527862391e+00 6.603558966000310611e+05 1.492741033648096709e+04 1.871162910681436475e+00 1.963455702194387253e+00 1.831228790134263207e+00 1.418381396298636100e+05 1.464470132527775359e+00
6.019436123494341882e+04 2.535169721924627956e+05 2.487808794235353344e+04 4.695363825866781408e+05 2.487807823803857173e+04 2.487805224837410788e+04 5.472882409307928901e+04 1.435154393256450749e+04 3.234083934478914307e+04 5.472886642734605994e+04 5.472887440312934632e+04 5.472889784821072681e+04 3.528408336024985765e+05 1.748424421096992155e+05 4.602240020468326111e+04 5.472875655875005759e+04 1.101863919780335345e+04 5.472853753618631163e+04 6.411662180296861334e+05 3.980357545479364489e+04 5.472875952339659125e+04 5.472890483370921720e+04 5.472876882440035115e+04 1.077231141559630923e+05 5.472833586672100500e+04
9.009598389378144930e+04 2.716405347846520599e+05 7.464696098305028499e+03 4.812633238398641115e+05 7.464725584571046056e+03 7.464726465742650362e+03 2.239014170368050327e+04 3.234083934478914671e+04 7.463922761072966750e+03 2.239017613059469295e+04 2.239014451292266313e+04 2.239020147106549484e+04 3.645678153132293373e+05 2.014948236918415641e+05 1.368351289097838708e+04 2.239010496791893820e+04 2.132429327163080598e+04 2.238995814911246634e+04 6.528933374790885719e+05 7.464549964203880336e+03 2.239013167080065250e+04 2.239015931572453701e+04 2.239010039043893994e+04 1.343755715709425858e+05 2.238963428111188477e+04
1.087526012384434871e+05 2.791031106068795198e+05 2.985296374267830470e+04 4.887258812466502422e+05 2.985294748798910950e+04 2.985300771534748128e+04 1.840819679717050183e+00 5.472886642734605994e+04 2.239017613059469295e+04 1.121989346046905700e+00 1.988025045510459554e+00 1.814500686953667952e+00 3.720304057288760087e+05 2.089573581867547473e+05 8.708471312605470303e+03 1.872099062145789139e+00 4.371240936137578683e+04 1.777839328794591056e+00 6.603559816204349045e+05 1.492742117341569610e+04 1.905457015519087527e+00 2.020763762783158057e+00 1.914953143238675493e+00 1.418381850522614841e+05 1.532974684504485596e+00
1.087525378373996064e+05 2.791030284482955467e+05 2.985291861009379863e+04 4.887259106766443001e+05 2.985292362384175794e+04 2.985295883847361256e+04 1.816017060798519767e+00 5.472887440312934632e+04 2.239014451292266313e+04 1.988025045510459554e+00 1.078065113745521719e+00 1.918350752197934828e+00 3.720304613015358336e+05 2.089574392220540612e+05 8.708418880605086088e+03 1.851975528371307744e+00 4.371238451376262674e+04 1.719171180456894987e+00 6.603559837551884120e+05 1.492738282095659451e+04 1.875720352280430880e+00 1.847351106140111110e+00 1.832746047559711489e+00 1.418381821198081307e+05 1.489792317493388696e+00
1.087525764970289310e+05 2.791030667509433115e+05 2.985297741361668159e+04 4.887258873066614615e+05 2.985300409109484463e+04 2.985303310151334881e+04 1.868528502547742942e+00 5.472889784821072681e+04 2.239020147106549484e+04 1.814500686953667952e+00 1.918350752197934606e+00 1.135155510533234491e+00 3.720304128669374040e+05 2.089574469498747785e+05 8.708492402342571950e+03 1.820420097291893580e+00 4.371243631697577803e+04 1.780775664627445076e+00 6.603559696520380676e+05 1.492739207813387293e+04 1.956727796828222621e+00 2.019353234334814839e+00 1.939247557443084746e+00 1.418381728662351670e+05 1.521625784219095667e+00
3.272546102319380734e+05 2.651527776147015975e+05 3.571051642513291445e+05 3.198638063257925096e+05 3.571051636182873044e+05 3.571051528104150784e+05 3.720303678605607711e+05 3.528408336024985765e+05 3.645678153132293955e+05 3.720304057288760669e+05 3.720304613015358336e+05 3.720304128669374040e+05 1.203400561432943214e+05 3.123188818697346142e+05 3.720305033688525436e+05 3.720302852420692798e+05 3.571052126568824169e+05 3.720302422458988149e+05 4.998212639836822054e+05 3.720305189587279456e+05 3.720303495098075364e+05 3.720304433267904678e+05 3.720303382846238092e+05 3.208491624604788958e+05 3.720301215511403861e+05
1.442372714315024205e+05 1.775906512339092151e+05 1.940321310314685397e+05 4.288902952189728967e+05 1.940321553308771690e+05 1.940321716017563595e+05 2.089573666337257309e+05 1.748424421096992155e+05 2.014948236918414768e+05 2.089573581867547473e+05 2.089574392220540612e+05 2.089574469498748367e+05 3.123188818697347306e+05 4.013471063553103886e+04 2.089574854964828119e+05 2.089572352412000182e+05 1.801728767100787081e+05 2.089571090170586249e+05 5.990421659343231004e+05 2.089575063480848621e+05 2.089573551114749862e+05 2.089574579099248513e+05 2.089573572267916170e+05 1.154156588876181340e+05 2.089569688687256421e+05
1.022228124759054626e+05 2.791031897007495863e+05 2.114632988810401366e+04 4.887259922364064259e+05 2.114639270314490204e+04 2.114642807013999118e+04 8.708491853184938009e+03 4.602240020468326111e+04 1.368351289097838344e+04 8.708471312605472122e+03 8.708418880605086088e+03 8.708492402342571950e+03 3.720305033688525436e+05 2.089574854964828119e+05 7.256486607285904938e+03 8.708393057337196296e+03 3.500594524446751893e+04 8.708312680939288839e+03 6.603560133084035479e+05 6.220643492595324460e+03 8.708461378680713096e+03 8.708375655384983475e+03 8.708410881027284631e+03 1.418382077903179161e+05 8.707971148266791715e+03
1.087524692497034412e+05 2.791029941536631086e+05 2.985288978492497336e+04 4.887258255094088381e+05 2.985291293551690251e+04 2.985287610578745443e+04 1.820934868664444872e+00 5.472875655875005759e+04 2.239010496791893820e+04 1.872099062145789139e+00 1.851975528371307744e+00 1.820420097291893580e+00 3.720302852420692798e+05 2.089572352411999309e+05 8.708393057337198115e+03 1.119728885132586171e+00 4.371227757430480415e+04 1.534852662495820086e+00 6.603558106059770798e+05 1.492734815049275494e+04 1.828031906438327248e+00 1.917761636121499746e+00 1.747087948765166932e+00 1.418380448023190838e+05 1.336329794134239579e+00
6.877399413949581503e+04 2.582382663498552574e+05 1.386145560490216667e+04 4.738007113847021828e+05 1.386151617321044432e+04 1.386145859324813136e+04 4.371234918700729031e+04 1.101863919780335345e+04 2.132429327163080234e+04 4.371240936137578683e+04 4.371238451376262674e+04 4.371243631697576348e+04 3.571052126568824169e+05 1.801728767100787081e+05 3.500594524446751893e+04 4.371227757430479687e+04 1.981203434847986045e+03 4.371211874660106696e+04 6.454306918230862357e+05 2.878701382294068753e+04 4.371233284901355364e+04 4.371240020223273314e+04 4.371230781122112239e+04 1.130536982413728692e+05 4.371182693438484421e+04
1.087523359783231135e+05 2.791029242236510036e+05 2.985273227774770930e+04 4.887258062257012352e+05 2.985275695960457233e+04 2.985272044051345438e+04 1.702831236527862391e+00 5.472853753618631163e+04 2.238995814911246271e+04 1.777839328794591278e+00 1.719171180456894987e+00 1.780775664627445076e+00 3.720302422458988149e+05 2.089571090170586249e+05 8.708312680939288839e+03 1.534852662495820086e+00 4.371211874660107424e+04 9.957388018643150707e-01 6.603558173655261053e+05 1.492724008818697621e+04 1.633735010315165104e+00 1.750226332197934775e+00 1.585792403131070172e+00 1.418379138675297145e+05 1.187619082980460483e+00
6.155799245265854988e+05 5.664225226159997983e+05 6.454307038178172661e+05 4.759995708690769970e+05 6.454306798636607127e+05 6.454306672718171030e+05 6.603558966000310611e+05 6.411662180296861334e+05 6.528933374790885719e+05 6.603559816204349045e+05 6.603559837551884120e+05 6.603559696520381840e+05 4.998212639836822054e+05 5.990421659343229840e+05 6.603560133084035479e+05 6.603558106059770798e+05 6.454306918230862357e+05 6.603558173655261053e+05 2.788818211345248274e+05 6.603560236161937937e+05 6.603559080462915590e+05 6.603559747691835510e+05 6.603558311681296909e+05 6.102494735383787192e+05 6.603557813265565783e+05
9.755864200955834531e+04 2.791032024963836884e+05 1.492747449520677765e+04 4.887259933455089922e+05 1.492753533273213361e+04 1.492756078609539509e+04 1.492741033648096709e+04 3.980357545479364489e+04 7.464549964203880336e+03 1.492742117341569610e+04 1.492738282095659451e+04 1.492739207813387293e+04 3.720305189587278874e+05 2.089575063480848621e+05 6.220643492595324460e+03 1.492734815049275494e+04 2.878701382294069117e+04 1.492724008818697621e+04 6.603560236161937937e+05 1.091878728366629359e+00 1.492741280967320017e+04 1.492742645647483550e+04 1.492738991558438647e+04 1.418382786537178617e+05 1.492691040980469734e+04
1.087525494319705613e+05 2.791030451108523412e+05 2.985292594215434292e+04 4.887258857814520015e+05 2.985293207511305809e+04 2.985292062739453104e+04 1.871162910681436253e+00 5.472875952339657670e+04 2.239013167080064886e+04 1.905457015519087527e+00 1.875720352280430214e+00 1.956727796828222621e+00 3.720303495098075364e+05 2.089573551114749862e+05 8.708461378680714915e+03 1.828031906438327470e+00 4.371233284901356092e+04 1.633735010315165326e+00 6.603559080462915590e+05 1.492741280967320017e+04 1.130408931024858399e+00 1.936323213007286492e+00 1.750588852089448366e+00 1.418381231470303901e+05 1.435119146259484557e+00
1.087527056556922762e+05 2.791031826100422186e+05 2.985291843313333811e+04 4.887259971767707029e+05 2.985298410379694178e+04 2.985295855746628513e+04 1.963455702194387253e+00 5.472890483370921720e+04 2.239015931572452973e+04 2.020763762783158057e+00 1.847351106140111110e+00 2.019353234334814839e+00 3.720304433267904678e+05 2.089574579099248513e+05 8.708375655384983475e+03 1.917761636121499746e+00 4.371240020223274041e+04 1.750226332197934775e+00 6.603559747691835510e+05 1.492742645647483550e+04 1.936323213007286492e+00 1.145480518448564577e+00 1.911037880923020849e+00 1.418382557319696352e+05 1.522207030380504644e+00
1.087525497186248977e+05 2.791030803075175500e+05 2.985287286154272442e+04 4.887258340166715207e+05 2.985290368103288347e+04 2.985288520217745099e+04 1.831228790134263207e+00 5.472876882440035115e+04 2.239010039043893994e+04 1.914953143238675493e+00 1.832746047559710822e+00 1.939247557443084746e+00 3.720303382846238092e+05 2.089573572267915588e+05 8.708410881027286450e+03 1.747087948765166932e+00 4.371230781122112239e+04 1.585792403131070394e+00 6.603558311681296909e+05 1.492738991558438647e+04 1.750588852089448366e+00 1.911037880923020849e+00 1.098183104795694254e+00 1.418381263138273498e+05 1.369569298396101864e+00
5.813074167557099281e+04 2.016915532769710408e+05 1.269128794527681894e+05 4.372758916184150730e+05 1.269128831611995120e+05 1.269129814525001275e+05 1.418381396298636100e+05 1.077231141559630923e+05 1.343755715709425858e+05 1.418381850522614841e+05 1.418381821198081307e+05 1.418381728662351670e+05 3.208491624604789540e+05 1.154156588876181340e+05 1.418382077903179452e+05 1.418380448023190838e+05 1.130536982413728692e+05 1.418379138675297145e+05 6.102494735383787192e+05 1.418382786537178617e+05 1.418381231470303901e+05 1.418382557319696352e+05 1.418381263138273498e+05 4.028565082235494629e+04 1.418377240724123549e+05
1.087521563983136002e+05 2.791027871682700934e+05 2.985237781015531436e+04 4.887257067954478553e+05 2.985242151526621092e+04 2.985239941115186230e+04 1.464470132527774915e+00 5.472833586672100500e+04 2.238963428111188477e+04 1.532974684504485596e+00 1.489792317493388696e+00 1.521625784219095889e+00 3.720301215511404444e+05 2.089569688687256421e+05 8.707971148266791715e+03 1.336329794134239579e+00 4.371182693438484421e+04 1.187619082980460483e+00 6.603557813265565783e+05 1.492691040980469734e+04 1.435119146259484557e+00 1.522207030380504644e+00 1.369569298396101864e+00 1.418377240724123549e+05 7.276705780115196864e-01
