1.278132435081327130e+05 3.732992703376789577e+05 4.025454840221982449e+05 4.025452591898875544e+05 4.025452281426761765e+05 3.776112213939249050e+05 3.907345757003898034e+05 4.025455130666741752e+05 3.789235142991269822e+05 4.025452253679518471e+05 3.556452248342389357e+05 3.907345665599043132e+05 4.025451487744005863e+05 4.025454245950684999e+05 3.621913094596811570e+05 4.025453297736565582e+05 4.025453778078992618e+05 2.672953211000346928e+05 2.299845446012494212e+05 3.966400315640910412e+05 4.025453567987072747e+05 3.102962675584282260e+05 4.025454032963326317e+05 4.025455312686329708e+05 3.448699276669193641e+05
3.732992703376789577e+05 9.087227685404157455e+03 5.493282374087833159e+04 5.493255936119711259e+04 5.493248871468731522e+04 1.049401845710226553e+04 3.874724772319224576e+04 5.263625630772210570e+04 1.772683317171188901e+04 5.493234664651616913e+04 7.154899673113523750e+04 3.267240172976428585e+04 5.493219350490075158e+04 5.493278459355104860e+04 4.434131808477146114e+04 5.493262658387504780e+04 5.493265219938652444e+04 2.213650018125457282e+05 2.921826686121048988e+05 4.509026461521984311e+04 5.493268425782534905e+04 1.665393417689277267e+05 5.493274041911216045e+04 5.099581703665607347e+04 1.100619465860504715e+05
4.025454840221982449e+05 5.493282374087833159e+04 7.118727197396214068e-01 3.938745444703039539e+03 3.938669623829024658e+03 4.827732799220552261e+04 2.406142604263195608e+04 4.594757558052874629e+03 4.330906918592027068e+04 3.938558038638441303e+03 1.074763674621239188e+05 2.946600460802595262e+04 3.938293627709038446e+03 3.430503275677514921e+03 8.440317698700660549e+04 3.938709142568673997e+03 3.938711931732329958e+03 2.506111844883030572e+05 3.214288430473022163e+05 1.771837118510917935e+04 3.938718819198171332e+03 1.974728953205339785e+05 3.938725014948134685e+03 8.983070995939928252e+03 1.444999583295671036e+05
4.025452591898875544e+05 5.493255936119711259e+04 3.938745444703039539e+03 6.751372891564187961e-01 1.250897977266404171e+00 4.827712609442832763e+04 2.799833029089799311e+04 8.531895003428731798e+03 4.330895655014632939e+04 1.192073780175406661e+00 1.074761269047768001e+05 3.149789895118957793e+04 1.053707511714176759e+00 5.096888458402679021e+02 8.440290967276656011e+04 1.352388512459436365e+00 1.548661276687581356e+00 2.506109004468104686e+05 3.214286489004352479e+05 2.165534763511113852e+04 1.448413692627205984e+00 1.974726211845720827e+05 1.531549188874859802e+00 1.292004858810400765e+04 1.444996374109590834e+05
4.025452281426761765e+05 5.493248871468731522e+04 3.938669623829024658e+03 1.250897977266404171e+00 6.604808065378285908e-01 4.827704575509763526e+04 2.799823344536427612e+04 8.531841806474520126e+03 4.330886959861036303e+04 1.084025396773053984e+00 1.074760021550714300e+05 3.149782242369542291e+04 9.359103145014785463e-01 5.096362065749935937e+02 8.440283582474416471e+04 1.406641144843984392e+00 1.521797929386701886e+00 2.506108781339719135e+05 3.214286126013628091e+05 2.165527065129249240e+04 1.492951789996592504e+00 1.974725311848533165e+05 1.562702988047536046e+00 1.292000762960263637e+04 1.444995493412573996e+05
3.776112213939249050e+05 1.049401845710226735e+04 4.827732799220552261e+04 4.827712609442832763e+04 4.827704575509763526e+04 4.172183633156972974e+03 3.209171763136900336e+04 4.598074099286318233e+04 7.307544948611612199e+03 4.827687446895632456e+04 7.888621932413939794e+04 2.479685847923533220e+04 4.827670797152904561e+04 4.827729700819553545e+04 5.264144833139263210e+04 4.827716127159902680e+04 4.827721771874718252e+04 2.256769428384941712e+05 2.964946264055659412e+05 3.843470932493497094e+04 4.827721297645795858e+04 1.709718160328189551e+05 4.827725463115266029e+04 4.434030391749671981e+04 1.159098250413911883e+05
3.907345757003898034e+05 3.874724772319224576e+04 2.406142604263195608e+04 2.799833029089799311e+04 2.799823344536427612e+04 3.209171763136900336e+04 2.370148353691506145e+03 1.946815101812336798e+04 2.712353905028668669e+04 2.799806366613327918e+04 9.566536293030489469e+04 8.596151542011230049e+03 2.799784004914913749e+04 2.749043884770203294e+04 6.961508285886036174e+04 2.799836565745782718e+04 2.799841558409053323e+04 2.388002272842030507e+05 3.096179555720676435e+05 9.174416813441997874e+03 2.799836151568161222e+04 1.856619076995223004e+05 2.799844258658514809e+04 1.587589762317696295e+04 1.326888996548035066e+05
4.025455130666741752e+05 5.263625630772210570e+04 4.594757558052874629e+03 8.531895003428731798e+03 8.531841806474520126e+03 4.598074099286318233e+04 1.946815101812336798e+04 3.828430075245981698e+03 4.101252547861248604e+04 8.531705371960721095e+03 1.074763942109307827e+05 2.582974450927622092e+04 8.531480876873893067e+03 8.023876715777520076e+03 8.268076439069749904e+04 8.531962347330405464e+03 8.532023515437307651e+03 2.506111374262374011e+05 3.214288990428648540e+05 1.312511915876244529e+04 8.531987344566810862e+03 1.974728676472656080e+05 8.531979705733834635e+03 4.389670086692406585e+03 1.444999444077471271e+05
3.789235142991270986e+05 1.772683317171188901e+04 4.330906918592027068e+04 4.330895655014632939e+04 4.330886959861036303e+04 7.307544948611613108e+03 2.712353905028668669e+04 4.101252547861248604e+04 8.130944467234263451e-01 4.330869771559772198e+04 8.385438197307307564e+04 1.946322496580415464e+04 4.330852022459944419e+04 4.330905978400699678e+04 5.760960687059320480e+04 4.330898934502484917e+04 4.330907317925153620e+04 2.269892796793971502e+05 2.978069335589047405e+05 3.346648170882885461e+04 4.330903123904782842e+04 1.738509478298312461e+05 4.330910642328845279e+04 3.937213738343030855e+04 1.208779820375358104e+05
4.025452253679518471e+05 5.493234664651616913e+04 3.938558038638441303e+03 1.192073780175406439e+00 1.084025396773054206e+00 4.827687446895631729e+04 2.799806366613327918e+04 8.531705371960721095e+03 4.330869771559772198e+04 5.967045550709443313e-01 1.074759098481119436e+05 3.149768736219319180e+04 7.825560820634790415e-01 5.095253221090188163e+02 8.440269642529389239e+04 1.298056033216308913e+00 1.441322273519447528e+00 2.506108125860021391e+05 3.214285775370466872e+05 2.165510998820127497e+04 1.380206234147320909e+00 1.974724625269584067e+05 1.447418516360771124e+00 1.291987298038763402e+04 1.444994685569559515e+05
3.556452248342389357e+05 7.154899673113523750e+04 1.074763674621239188e+05 1.074761269047768292e+05 1.074760021550714300e+05 7.888621932413939794e+04 9.566536293030489469e+04 1.074763942109307827e+05 8.385438197307307564e+04 1.074759098481119436e+05 1.891576676540562403e+04 9.566535943203972420e+04 1.074758028108493600e+05 1.074762972232697502e+05 3.328300338949380239e+04 1.074761965262729354e+05 1.074762842105788295e+05 1.920901220190584136e+05 2.715065607414971455e+05 1.015708277808601706e+05 1.074762912398514163e+05 1.269992690906961507e+05 1.074763154379835905e+05 1.074763879655569326e+05 6.224707562107453123e+04
3.907345665599043132e+05 3.267240172976428585e+04 2.946600460802594534e+04 3.149789895118957793e+04 3.149782242369542291e+04 2.479685847923533220e+04 8.596151542011230049e+03 2.582974450927622092e+04 1.946322496580415464e+04 3.149768736219319180e+04 9.566535943203972420e+04 4.919126661052954660e+03 3.149745615014436407e+04 3.123584695122230551e+04 6.942062653854361270e+04 3.149793460689381027e+04 3.149800871212880156e+04 2.388002453145664767e+05 3.096179861309502739e+05 1.732679425204957442e+04 3.149794912999452936e+04 1.856619317526283849e+05 3.149802119334354211e+04 2.323243460766991120e+04 1.326889358808473044e+05
4.025451487744005863e+05 5.493219350490075158e+04 3.938293627709038446e+03 1.053707511714176759e+00 9.359103145014785463e-01 4.827670797152903833e+04 2.799784004914913749e+04 8.531480876873893067e+03 4.330852022459944419e+04 7.825560820634790415e-01 1.074758028108493454e+05 3.149745615014436407e+04 4.012811737178413329e-01 5.092532536214820880e+02 8.440258925433072727e+04 1.142456383571924805e+00 1.193057470854508084e+00 2.506107167129625741e+05 3.214285267994940514e+05 2.165488825106484728e+04 1.172305169383668577e+00 1.974723298621347349e+05 1.218411046494366490e+00 1.291960670915874834e+04 1.444993341500027745e+05
4.025454245950684999e+05 5.493278459355104860e+04 3.430503275677515376e+03 5.096888458402679021e+02 5.096362065749935937e+02 4.827729700819552090e+04 2.749043884770203294e+04 8.023876715777520076e+03 4.330905978400699678e+04 5.095253221090188163e+02 1.074762972232697502e+05 3.123584695122230551e+04 5.092532536214820311e+02 8.856887372658404729e+02 8.440316390308194968e+04 5.096446963783077422e+02 5.096265819933428816e+02 2.506111324474915746e+05 3.214288487538396148e+05 2.114734537188025570e+04 5.096525109323850984e+02 1.974728273951279407e+05 5.096003483621360033e+02 1.241206339232810387e+04 1.444999355287320213e+05
3.621913094596811570e+05 4.434131808477146114e+04 8.440317698700660549e+04 8.440290967276656011e+04 8.440283582474416471e+04 5.264144833139263210e+04 6.961508285886036174e+04 8.268076439069749904e+04 5.760960687059320480e+04 8.440269642529389239e+04 3.328300338949380239e+04 6.942062653854361270e+04 8.440258925433072727e+04 8.440316390308194968e+04 1.043631060013748174e+04 8.440299962434693589e+04 8.440309120163388434e+04 2.056624591025082336e+05 2.799853433592297952e+05 7.554496125786591438e+04 8.440308575710238074e+04 1.470835460541749489e+05 8.440313661763265554e+04 8.145041490889934357e+04 8.602847702103669872e+04
4.025453297736565582e+05 5.493262658387504780e+04 3.938709142568673997e+03 1.352388512459436365e+00 1.406641144843984392e+00 4.827716127159902680e+04 2.799836565745782718e+04 8.531962347330405464e+03 4.330898934502484917e+04 1.298056033216308913e+00 1.074761965262729354e+05 3.149793460689381027e+04 1.142456383571924805e+00 5.096446963783077422e+02 8.440299962434693589e+04 7.107075264634341583e-01 1.501663059969954084e+00 2.506109979995245230e+05 3.214286827067845734e+05 2.165534796743993502e+04 1.370223516842272504e+00 1.974726958414241089e+05 1.562132824182026924e+00 1.292012248510643076e+04 1.444997608644615393e+05
4.025453778078992618e+05 5.493265219938652444e+04 3.938711931732329958e+03 1.548661276687581356e+00 1.521797929386701886e+00 4.827721771874718252e+04 2.799841558409053323e+04 8.532023515437307651e+03 4.330907317925153620e+04 1.441322273519447528e+00 1.074762842105788441e+05 3.149800871212880884e+04 1.193057470854508084e+00 5.096265819933428816e+02 8.440309120163388434e+04 1.501663059969954306e+00 7.134089260016559519e-01 2.506110878810368013e+05 3.214288034592804033e+05 2.165542583152138104e+04 1.474801715144836045e+00 1.974727377952978713e+05 1.530600494978542780e+00 1.292016727000375977e+04 1.444998292179040436e+05
2.672953211000346928e+05 2.213650018125457282e+05 2.506111844883030572e+05 2.506109004468104686e+05 2.506108781339719135e+05 2.256769428384941712e+05 2.388002272842030507e+05 2.506111374262374011e+05 2.269892796793971502e+05 2.506108125860021391e+05 1.920901220190584136e+05 2.388002453145664767e+05 2.506107167129625741e+05 2.506111324474915746e+05 2.056624591025082336e+05 2.506109979995245230e+05 2.506110878810368013e+05 6.343181113732803351e+04 1.725431646369772207e+05 2.447057334181702754e+05 2.506110026882723614e+05 1.378402382505858550e+05 2.506110253076374647e+05 2.506112115881067584e+05 1.754016390679664037e+05
2.299845446012494212e+05 2.921826686121048988e+05 3.214288430473022163e+05 3.214286489004352479e+05 3.214286126013628091e+05 2.964946264055659994e+05 3.096179555720676435e+05 3.214288990428648540e+05 2.978069335589047405e+05 3.214285775370467454e+05 2.715065607414971455e+05 3.096179861309502739e+05 3.214285267994940514e+05 3.214288487538396148e+05 2.799853433592297952e+05 3.214286827067845734e+05 3.214288034592804033e+05 1.725431646369772207e+05 8.718038032730320992e+04 3.155234345712490031e+05 3.214287439008910442e+05 2.283173058841684251e+05 3.214288345616544830e+05 3.214289433689442812e+05 2.607584823977738561e+05
3.966400315640910994e+05 4.509026461521984311e+04 1.771837118510917935e+04 2.165534763511113852e+04 2.165527065129249240e+04 3.843470932493497094e+04 9.174416813441996055e+03 1.312511915876244529e+04 3.346648170882885461e+04 2.165510998820127497e+04 1.015708277808601997e+05 1.732679425204957442e+04 2.165488825106484728e+04 2.114734537188025570e+04 7.554496125786591438e+04 2.165534796743993502e+04 2.165542583152138104e+04 2.447057334181702754e+05 3.155234345712490031e+05 5.906380624638044537e+03 2.165540456587477092e+04 1.915674119868362031e+05 2.165540213610440333e+04 8.736881557969685673e+03 1.385944780091066204e+05
4.025453567987072747e+05 5.493268425782534905e+04 3.938718819198171332e+03 1.448413692627205984e+00 1.492951789996592504e+00 4.827721297645795858e+04 2.799836151568161222e+04 8.531987344566810862e+03 4.330903123904782842e+04 1.380206234147320909e+00 1.074762912398514309e+05 3.149794912999452936e+04 1.172305169383668355e+00 5.096525109323850984e+02 8.440308575710238074e+04 1.370223516842272504e+00 1.474801715144836045e+00 2.506110026882723614e+05 3.214287439008910442e+05 2.165540456587477456e+04 6.997008202021660628e-01 1.974727387370122597e+05 1.535826494580320389e+00 1.292013183797613237e+04 1.444998305855036306e+05
3.102962675584282260e+05 1.665393417689277267e+05 1.974728953205339785e+05 1.974726211845721118e+05 1.974725311848533165e+05 1.709718160328189551e+05 1.856619076995223004e+05 1.974728676472656080e+05 1.738509478298312461e+05 1.974724625269584067e+05 1.269992690906961361e+05 1.856619317526283849e+05 1.974723298621347349e+05 1.974728273951279116e+05 1.470835460541749198e+05 1.974726958414241089e+05 1.974727377952978422e+05 1.378402382505858550e+05 2.283173058841684251e+05 1.915674119868362031e+05 1.974727387370122597e+05 5.506214247828228690e+04 1.974727464008766983e+05 1.974728629191069049e+05 9.779277687779213011e+04
4.025454032963326317e+05 5.493274041911215318e+04 3.938725014948134685e+03 1.531549188874859802e+00 1.562702988047536046e+00 4.827725463115266029e+04 2.799844258658514809e+04 8.531979705733834635e+03 4.330910642328845279e+04 1.447418516360771124e+00 1.074763154379835905e+05 3.149802119334354211e+04 1.218411046494366268e+00 5.096003483621360033e+02 8.440313661763265554e+04 1.562132824182026924e+00 1.530600494978542780e+00 2.506110253076374647e+05 3.214288345616544830e+05 2.165540213610440333e+04 1.535826494580320389e+00 1.974727464008766983e+05 7.069420948118241288e-01 1.292010862645777161e+04 1.444998501327268314e+05
4.025455312686329708e+05 5.099581703665607347e+04 8.983070995939928252e+03 1.292004858810400765e+04 1.292000762960263637e+04 4.434030391749671981e+04 1.587589762317696295e+04 4.389670086692407494e+03 3.937213738343030855e+04 1.291987298038763402e+04 1.074763879655569472e+05 2.323243460766991120e+04 1.291960670915874834e+04 1.241206339232810024e+04 8.145041490889934357e+04 1.292012248510643076e+04 1.292016727000375795e+04 2.506112115881067584e+05 3.214289433689442230e+05 8.736881557969685673e+03 1.292013183797613056e+04 1.974728629191069049e+05 1.292010862645777161e+04 1.592491418038214078e+03 1.444999232592376648e+05
3.448699276669193641e+05 1.100619465860504715e+05 1.444999583295671036e+05 1.444996374109590834e+05 1.444995493412573996e+05 1.159098250413912028e+05 1.326888996548035066e+05 1.444999444077471271e+05 1.208779820375358104e+05 1.444994685569559806e+05 6.224707562107453123e+04 1.326889358808473044e+05 1.444993341500027745e+05 1.444999355287320213e+05 8.602847702103669872e+04 1.444997608644615684e+05 1.444998292179040436e+05 1.754016390679664037e+05 2.607584823977739434e+05 1.385944780091066204e+05 1.444998305855036306e+05 9.779277687779215921e+04 1.444998501327268314e+05 1.444999232592376648e+05 2.755057609000370940e+04
