4.615393606907741142e-01 1.629798118868598156e+00 1.702221369474964385e+00 1.771737686799996325e+00 4.461486495886115881e+04 1.683187121989448497e+05 1.731800399536752957e+04 1.594004672640764397e+00 2.139171109365952725e+05 1.122948478987881415e+00 1.342229942967198664e+00 1.522712027183560579e+00 1.582306874256421025e+00 1.948891009539406971e+00 1.729770738095858462e+00 1.488779258854318277e+00 1.617244297545360476e+00 1.687906037591636155e+00 6.060807663315678656e+04 1.389916242938875221e+05 5.052390155466894612e+03 1.934723457086003240e+00 5.387414217593004287e+04 9.970985065867900266e+04 1.659579545024216563e+00
1.629798118868598156e+00 5.587867054835115033e-01 1.569133439600671753e+00 1.803438058120802712e+00 4.461470387727025081e+04 1.683185265399784548e+05 1.731797681231065508e+04 1.298186592819511320e+00 2.139168829489115742e+05 1.070394380101755694e+00 1.241144558438588952e+00 1.687090420627089582e+00 1.770897734593186890e+00 1.879291216684209287e+00 1.327275418711724608e+00 1.321022639014207245e+00 1.672991201339145473e+00 1.326442878922323709e+00 6.060795001702617446e+04 1.389914889732299489e+05 5.052394668681325129e+03 1.825772131415321908e+00 5.387393405813980644e+04 9.970966051412650268e+04 1.254442960196398671e+00
1.702221369474964385e+00 1.569133439600671753e+00 5.289843074092478448e-01 1.669506391411782031e+00 4.461475002285274968e+04 1.683185846646825084e+05 1.731807382184348535e+04 1.567916026814546893e+00 2.139170134581725288e+05 1.100504893197230327e+00 1.307480749349432259e+00 1.546390603861051094e+00 1.644076956510061249e+00 1.871347722829732163e+00 1.590474769465735516e+00 1.453627731948842428e+00 1.510464983196112110e+00 1.438525939687515187e+00 6.060817645839622855e+04 1.389915518333322834e+05 5.052529656635313586e+03 1.937355360694357431e+00 5.387401366606792726e+04 9.970984021948435111e+04 1.512038888348558707e+00
1.771737686799996325e+00 1.803438058120802712e+00 1.669506391411782031e+00 5.201118637648282084e-01 4.461465884642138553e+04 1.683188109173058765e+05 1.731812451298431915e+04 1.690741872329204032e+00 2.139171261238040461e+05 1.156510243900796153e+00 1.357794324573716516e+00 1.784506859036841364e+00 1.651510517630183195e+00 1.839791339058705955e+00 1.872786357995128492e+00 1.571122869825662294e+00 1.795423909651020944e+00 1.738645299723663884e+00 6.060811122757833073e+04 1.389918514264020778e+05 5.052480785762230880e+03 1.731445307650424592e+00 5.387400100224539347e+04 9.970993925609931466e+04 1.703537974499029994e+00
4.461486495886115881e+04 4.461470387727025081e+04 4.461475002285274968e+04 4.461465884642138553e+04 1.590453140411382492e+03 1.380158546307999932e+05 2.729848757863384162e+04 4.461446056776754995e+04 1.836143040151543391e+05 4.461407697675668169e+04 4.461423576049364783e+04 4.461482473317131371e+04 4.461466092237283010e+04 4.461461456631367037e+04 4.461467286017897277e+04 4.461430444885434554e+04 4.461485643902776792e+04 4.461456085400917800e+04 1.599521975416295027e+04 1.055090122815607610e+05 3.956405144273668702e+04 4.461472931792856980e+04 9.260879472181410165e+03 5.509713356533095794e+04 4.461464920773172344e+04
1.683187121989448788e+05 1.683185265399784839e+05 1.683185846646825084e+05 1.683188109173059056e+05 1.380158546307999932e+05 1.670538339023966910e+04 1.510028152213882422e+05 1.683183562765210227e+05 9.124653019349365786e+04 1.683181613206607290e+05 1.683182425872317690e+05 1.683186573470766598e+05 1.683187126624337398e+05 1.683186515198293782e+05 1.683185138147020189e+05 1.683182398688673566e+05 1.683186452342117555e+05 1.683183586730810348e+05 1.228642967873025045e+05 4.129996694185402885e+04 1.632682963944884832e+05 1.683188055544717354e+05 1.295982157327778550e+05 9.811650532807549462e+04 1.683184449379482830e+05
1.731800399536752957e+04 1.731797681231065508e+04 1.731807382184348535e+04 1.731812451298431915e+04 2.729848757863384162e+04 1.510028152213882422e+05 3.711158298734509117e+03 1.731768323351297659e+04 1.966012775716354954e+05 1.731731790337247367e+04 1.731744697906017245e+04 1.731790410838565731e+04 1.731805988423342569e+04 1.731792807186983555e+04 1.731795255213449127e+04 1.731759714687503583e+04 1.731792336766912194e+04 1.731781429420976201e+04 4.329210454546920664e+04 1.216756261478340602e+05 1.226708157542294248e+04 1.731793876987836120e+04 3.655792186061274697e+04 8.239389865634252783e+04 1.731788961639289482e+04
1.594004672640764397e+00 1.298186592819511320e+00 1.567916026814546893e+00 1.690741872329204032e+00 4.461446056776754267e+04 1.683183562765210227e+05 1.731768323351297659e+04 4.264632044785837128e-01 2.139168292518548260e+05 9.207783001306462101e-01 9.999005161703378164e-01 1.559399151165218322e+00 1.681803030888919359e+00 1.711696334394347430e+00 1.419690522770603813e+00 8.800431327418999361e-01 1.553143728506544585e+00 1.059454099612685773e+00 6.060782295356244140e+04 1.389913696347697405e+05 5.052149836273302753e+03 1.671096677502643013e+00 5.387373094538820442e+04 9.970965267053717980e+04 1.238561181760183816e+00
2.139171109365952725e+05 2.139168829489115451e+05 2.139170134581725288e+05 2.139171261238040461e+05 1.836143040151543391e+05 9.124653019349367241e+04 1.966012775716354954e+05 2.139168292518548260e+05 4.593468287750257878e+04 2.139166077184979222e+05 2.139166945008962939e+05 2.139170178597440536e+05 2.139171658484867658e+05 2.139172909547592280e+05 2.139170483314340818e+05 2.139167669063207868e+05 2.139169903269110655e+05 2.139168882695738575e+05 1.684625557504830358e+05 1.028734608315543446e+05 2.088668083271430514e+05 2.139171377915326448e+05 1.751968871337552555e+05 1.450716466673321556e+05 2.139168492778303626e+05
1.122948478987881415e+00 1.070394380101755694e+00 1.100504893197230549e+00 1.156510243900795931e+00 4.461407697675668169e+04 1.683181613206607290e+05 1.731731790337247730e+04 9.207783001306462101e-01 2.139166077184979222e+05 1.976711349478390278e-01 5.567652311738668924e-01 1.123378778013219836e+00 1.121550196644575781e+00 1.261281707887057069e+00 1.071030118399002085e+00 7.753617490274629098e-01 1.102096731208304980e+00 9.897142415487454326e-01 6.060743397812977491e+04 1.389911072659202910e+05 5.051808913716115967e+03 1.222420065349279161e+00 5.387342174278712628e+04 9.970927814116570516e+04 1.005281173686189966e+00
1.342229942967198664e+00 1.241144558438588952e+00 1.307480749349432037e+00 1.357794324573716516e+00 4.461423576049364783e+04 1.683182425872317690e+05 1.731744697906017245e+04 9.999005161703378164e-01 2.139166945008962939e+05 5.567652311738668924e-01 3.335102579511929344e-01 1.308212392313442995e+00 1.345417844215752945e+00 1.434452101264346968e+00 1.232860922212555277e+00 7.861929323397442992e-01 1.332042865554984301e+00 1.119172954242357187e+00 6.060758873317603866e+04 1.389912204590581241e+05 5.051851573185050256e+03 1.353655005864327743e+00 5.387351165426091029e+04 9.970939885435323231e+04 1.138043259143256103e+00
1.522712027183561023e+00 1.687090420627089582e+00 1.546390603861051316e+00 1.784506859036841364e+00 4.461482473317131371e+04 1.683186573470766598e+05 1.731790410838565731e+04 1.559399151165218322e+00 2.139170178597440827e+05 1.123378778013219836e+00 1.308212392313443218e+00 5.068399349653525121e-01 1.744347990702079354e+00 1.889964219036076587e+00 1.657710200466936623e+00 1.449066262411802031e+00 1.543071084978096419e+00 1.567970497597524160e+00 6.060816934716457763e+04 1.389915966170165048e+05 5.052529591491709652e+03 1.871232245152872009e+00 5.387409035442186723e+04 9.970992012623447226e+04 1.632011700290666445e+00
1.582306874256421025e+00 1.770897734593186890e+00 1.644076956510061027e+00 1.651510517630183195e+00 4.461466092237283010e+04 1.683187126624337106e+05 1.731805988423342569e+04 1.681803030888919359e+00 2.139171658484867949e+05 1.121550196644575781e+00 1.345417844215752945e+00 1.744347990702079354e+00 6.311372322710288030e-01 1.817394071134042832e+00 1.872407429135599211e+00 1.541381636258736254e+00 1.700612651801154174e+00 1.721332958299383264e+00 6.060813881236507586e+04 1.389917622669520788e+05 5.052459984001089651e+03 1.724069649512694369e+00 5.387404040628220537e+04 9.970988096645925543e+04 1.641342180736181655e+00
1.948891009539407193e+00 1.879291216684209065e+00 1.871347722829732163e+00 1.839791339058705955e+00 4.461461456631367037e+04 1.683186515198293782e+05 1.731792807186983555e+04 1.711696334394347430e+00 2.139172909547592863e+05 1.261281707887057069e+00 1.434452101264346968e+00 1.889964219036076587e+00 1.817394071134042832e+00 4.927563248810414853e-01 1.958437778792734063e+00 1.586554927691307348e+00 1.973356003303353923e+00 1.726072129740456207e+00 6.060813174152590364e+04 1.389917044997955090e+05 5.052389381514484739e+03 1.765998541822713763e+00 5.387391834797255433e+04 9.970999347158982710e+04 1.839030117655404695e+00
1.729770738095858684e+00 1.327275418711724608e+00 1.590474769465735516e+00 1.872786357995128492e+00 4.461467286017897277e+04 1.683185138147020189e+05 1.731795255213449127e+04 1.419690522770603813e+00 2.139170483314341109e+05 1.071030118399002085e+00 1.232860922212555277e+00 1.657710200466936623e+00 1.872407429135599211e+00 1.958437778792734063e+00 4.366522222888463145e-01 1.380261394011736753e+00 1.574603947311767449e+00 1.374172346225463803e+00 6.060801392675760144e+04 1.389915989004506264e+05 5.052378970344898335e+03 1.957735730508232797e+00 5.387391327830255614e+04 9.970967494967275707e+04 1.357242277207057812e+00
1.488779258854318055e+00 1.321022639014207245e+00 1.453627731948842428e+00 1.571122869825662294e+00 4.461430444885434554e+04 1.683182398688673566e+05 1.731759714687503583e+04 8.800431327418999361e-01 2.139167669063207868e+05 7.753617490274629098e-01 7.861929323397442992e-01 1.449066262411802253e+00 1.541381636258736254e+00 1.586554927691307348e+00 1.380261394011736753e+00 3.677249442494273657e-01 1.418390033502289871e+00 1.158185394269580559e+00 6.060765719749209529e+04 1.389913134304243722e+05 5.052068221205925511e+03 1.564804911593396408e+00 5.387357754218406626e+04 9.970952189926814754e+04 1.234252914491922315e+00
1.617244297545360476e+00 1.672991201339145251e+00 1.510464983196112110e+00 1.795423909651021166e+00 4.461485643902776792e+04 1.683186452342116972e+05 1.731792336766912194e+04 1.553143728506544585e+00 2.139169903269110655e+05 1.102096731208304980e+00 1.332042865554984301e+00 1.543071084978096419e+00 1.700612651801154174e+00 1.973356003303353923e+00 1.574603947311767449e+00 1.418390033502289871e+00 4.982419529421833193e-01 1.560233308263831109e+00 6.060814136213337770e+04 1.389915275406438450e+05 5.052476243306453398e+03 1.850899156019366165e+00 5.387407084101154032e+04 9.970984435767147806e+04 1.634646092548791341e+00
1.687906037591636155e+00 1.326442878922323709e+00 1.438525939687515187e+00 1.738645299723663884e+00 4.461456085400917800e+04 1.683183586730810348e+05 1.731781429420975837e+04 1.059454099612685773e+00 2.139168882695738866e+05 9.897142415487454326e-01 1.119172954242357187e+00 1.567970497597524160e+00 1.721332958299383264e+00 1.726072129740456207e+00 1.374172346225463803e+00 1.158185394269580337e+00 1.560233308263831109e+00 4.978303752648405300e-01 6.060794638349998422e+04 1.389914188986156369e+05 5.052288090174883109e+03 1.794232957110629245e+00 5.387380665080049948e+04 9.970964570055136574e+04 1.092631230260016961e+00
6.060807663315680111e+04 6.060795001702617446e+04 6.060817645839622855e+04 6.060811122757833073e+04 1.599521975416294845e+04 1.228642967873025045e+05 4.329210454546920664e+04 6.060782295356244867e+04 1.684625557504830358e+05 6.060743397812977491e+04 6.060758873317603866e+04 6.060816934716457763e+04 6.060813881236507586e+04 6.060813174152590364e+04 6.060801392675760144e+04 6.060765719749209529e+04 6.060814136213337770e+04 6.060794638349998422e+04 6.765642374371165779e-01 9.017027317785816558e+04 5.555751329703178635e+04 6.060811349157662335e+04 6.735872540077638405e+03 3.910372853728726477e+04 6.060793507681698247e+04
1.389916242938875221e+05 1.389914889732299489e+05 1.389915518333322834e+05 1.389918514264020778e+05 1.055090122815607610e+05 4.129996694185402157e+04 1.216756261478340602e+05 1.389913696347697405e+05 1.028734608315543446e+05 1.389911072659202910e+05 1.389912204590580950e+05 1.389915966170165048e+05 1.389917622669520788e+05 1.389917044997955090e+05 1.389915989004505973e+05 1.389913134304243722e+05 1.389915275406438450e+05 1.389914188986156078e+05 9.017027317785816558e+04 1.936875372368629542e+04 1.339412803040084546e+05 1.389917520074445929e+05 9.690430928803590359e+04 6.013391596170761477e+04 1.389914555866887677e+05
5.052390155466894612e+03 5.052394668681325129e+03 5.052529656635313586e+03 5.052480785762230880e+03 3.956405144273667975e+04 1.632682963944884541e+05 1.226708157542294066e+04 5.052149836273302753e+03 2.088668083271430514e+05 5.051808913716115967e+03 5.051851573185050256e+03 5.052529591491709652e+03 5.052459984001089651e+03 5.052389381514484739e+03 5.052378970344898335e+03 5.052068221205925511e+03 5.052476243306453398e+03 5.052288090174883109e+03 5.555751329703177180e+04 1.339412803040084546e+05 6.734546909822123780e+03 5.052374136923970582e+03 4.882341550173824362e+04 9.465943050349182158e+04 5.052359123140907286e+03
1.934723457086003240e+00 1.825772131415321908e+00 1.937355360694357431e+00 1.731445307650424592e+00 4.461472931792856980e+04 1.683188055544717354e+05 1.731793876987836120e+04 1.671096677502643013e+00 2.139171377915326739e+05 1.222420065349279161e+00 1.353655005864327743e+00 1.871232245152871787e+00 1.724069649512694369e+00 1.765998541822713763e+00 1.957735730508232797e+00 1.564804911593396408e+00 1.850899156019366609e+00 1.794232957110629245e+00 6.060811349157662335e+04 1.389917520074445929e+05 5.052374136923970582e+03 5.577559218703066479e-01 5.387397738574803225e+04 9.970991524553488125e+04 1.769366201673961747e+00
5.387414217593004287e+04 5.387393405813980644e+04 5.387401366606792726e+04 5.387400100224539347e+04 9.260879472181410165e+03 1.295982157327778841e+05 3.655792186061275424e+04 5.387373094538821169e+04 1.751968871337552555e+05 5.387342174278712628e+04 5.387351165426091029e+04 5.387409035442186723e+04 5.387404040628220537e+04 5.387391834797255433e+04 5.387391327830255614e+04 5.387357754218406626e+04 5.387407084101154032e+04 5.387380665080049948e+04 6.735872540077638405e+03 9.690430928803591814e+04 4.882341550173824362e+04 5.387397738574803225e+04 7.482849763006053763e+03 4.583785804588874453e+04 5.387394017708286992e+04
9.970985065867901722e+04 9.970966051412650268e+04 9.970984021948435111e+04 9.970993925609931466e+04 5.509713356533095794e+04 9.811650532807549462e+04 8.239389865634252783e+04 9.970965267053717980e+04 1.450716466673321847e+05 9.970927814116570516e+04 9.970939885435323231e+04 9.970992012623450137e+04 9.970988096645926998e+04 9.970999347158982710e+04 9.970967494967275707e+04 9.970952189926814754e+04 9.970984435767150717e+04 9.970964570055136574e+04 3.910372853728726477e+04 6.013391596170761477e+04 9.465943050349182158e+04 9.970991524553488125e+04 4.583785804588874453e+04 1.800515921929792239e+04 9.970973652698754449e+04
1.659579545024216563e+00 1.254442960196398671e+00 1.512038888348559151e+00 1.703537974499029994e+00 4.461464920773172344e+04 1.683184449379482830e+05 1.731788961639289482e+04 1.238561181760183816e+00 2.139168492778303626e+05 1.005281173686189966e+00 1.138043259143256103e+00 1.632011700290666445e+00 1.641342180736181655e+00 1.839030117655404695e+00 1.357242277207057812e+00 1.234252914491922315e+00 1.634646092548791341e+00 1.092631230260016739e+00 6.060793507681698247e+04 1.389914555866887677e+05 5.052359123140907286e+03 1.769366201673961747e+00 5.387394017708286992e+04 9.970973652698754449e+04 4.490341276299590345e-01
