6.803488057416991978e+03 3.726035591002386354e+04 3.726059811260100832e+04 3.853734968732416164e+05 2.298434366361527063e+05 8.661667480731518299e+04 3.726021392504307732e+04 2.950913674728420447e+05 1.927923778866327775e+05 3.726059403171642771e+04 3.726062721157965279e+04 3.726041694603466021e+04 1.557289919622814050e+05 2.794108375178083588e+04 9.612872992441520182e+03 3.726061325042490353e+04 5.592082143817892938e+04 3.726055063078532839e+04 3.275803206975737339e+04 3.726046649502532091e+04 1.078426258014073974e+05 3.726062174036891520e+04 3.726051383295524283e+04 2.466725290742278958e+04 3.725999369169415149e+04
3.726035591002386354e+04 6.726505692208667453e-01 4.718717222000503170e+03 3.948070817066153395e+05 2.392769386995295354e+05 1.026141557521429495e+05 1.078794437149187768e+00 3.045249290255073574e+05 2.037735924443255062e+05 3.485460597735677766e+02 1.627926647650762559e+00 1.342938291915586113e+00 1.669314077771050797e+05 5.701659498781741422e+04 3.167292726472056165e+04 1.608823921165815962e+00 7.988162457900593290e+04 1.550073001771473447e+00 9.435714634427831697e+03 1.295311296398123257e+00 1.211415095932441182e+05 4.718675151292796727e+03 1.496232437941101612e+00 1.774081946629480080e+04 9.688113100170282488e-01
3.726059811260100832e+04 4.718717222000503170e+03 1.280026122402540295e+03 3.948074766903287382e+05 2.392773441077306634e+05 1.026144939825440379e+05 4.718561900713222713e+03 3.045252397921115626e+05 2.037739769575319951e+05 4.662576096945547761e+03 4.718827289570969697e+03 4.718822170294022726e+03 1.669317528566658730e+05 5.701687630674793763e+04 3.167318128463150060e+04 4.718840848349980661e+03 7.988187945107197447e+04 4.718865866786065453e+03 8.672693830949139738e+03 4.718792959106818671e+03 1.211418873631576571e+05 7.647386727081226354e+02 4.718875113461258479e+03 1.728097864827928424e+04 4.718278922814502039e+03
3.853734968732416164e+05 3.948070817066153395e+05 3.948074766903287382e+05 1.130860483292013523e+05 2.658076287048957311e+05 3.688641027682278072e+05 3.948070553808840923e+05 2.192882358330278948e+05 3.155474897864299128e+05 3.948073888533763820e+05 3.948072850279913400e+05 3.948071153688298655e+05 3.370532825845519546e+05 3.838012267053429969e+05 3.853734693515155232e+05 3.948072927548360894e+05 3.793089143782862811e+05 3.948072319910462829e+05 3.924489550192249008e+05 3.948071300499438075e+05 3.533494182617358165e+05 3.948073700146935298e+05 3.948071737510826206e+05 3.895663536399836885e+05 3.948070159670805442e+05
2.298434366361527354e+05 2.392769386995295354e+05 2.392773441077306634e+05 2.658076287048957311e+05 6.882295470035208564e+04 2.133340697332949203e+05 2.392769287961953378e+05 1.643991076580433582e+05 1.317408339930587390e+05 2.392772991024154180e+05 2.392772695895759098e+05 2.392770058753899357e+05 1.700063615438544366e+05 2.282712348136703658e+05 2.298434444598903647e+05 2.392772629091669223e+05 2.237788252418707416e+05 2.392771647160608263e+05 2.369188723172837344e+05 2.392770446804548847e+05 1.969041107601253316e+05 2.392773556200363964e+05 2.392771137084091606e+05 2.340362806189006369e+05 2.392768760744805622e+05
8.661667480731518299e+04 1.026141557521429495e+05 1.026144939825440379e+05 3.688641027682278072e+05 2.133340697332949203e+05 1.161229710908693050e+04 1.026140125107238709e+05 2.785820154820926837e+05 1.701374710962144891e+05 1.026144648047762312e+05 1.026144869349039072e+05 1.026142798176023935e+05 1.161698911375167663e+05 7.326103222851779719e+04 8.846349904473435890e+04 1.026144455806504557e+05 5.289649157211992861e+04 1.026144035785724118e+05 1.002560761497708590e+05 1.026142671816327493e+05 4.692896933947581419e+04 1.026145553114341456e+05 1.026143959581954259e+05 9.684933930571467499e+04 1.026138975962877303e+05
3.726021392504307732e+04 1.078794437149187768e+00 4.718561900713222713e+03 3.948070553808840923e+05 2.392769287961953378e+05 1.026140125107238709e+05 5.860228446738177110e-01 3.045248898619402898e+05 2.037735548780430108e+05 3.483771830770236875e+02 1.493979208046581686e+00 1.303170475300886366e+00 1.669312856782734452e+05 5.701644520513150928e+04 3.167278874733399061e+04 1.480416242429438256e+00 7.988149268320170813e+04 1.420048298678977750e+00 9.435597178461977819e+03 1.276976523798644569e+00 1.211413876707206800e+05 4.718548654943961992e+03 1.385533588418226492e+00 1.774069291374547174e+04 7.793399198539847639e-01
2.950913674728420447e+05 3.045249290255073574e+05 3.045252397921115626e+05 2.192882358330279530e+05 1.643991076580433000e+05 2.785820154820926837e+05 3.045248898619403481e+05 8.084163778787122283e+04 2.209255996187181736e+05 3.045251875601486536e+05 3.045251126553671202e+05 3.045249839452153537e+05 2.439287133583669493e+05 2.935190960555467173e+05 2.950913935420945054e+05 3.045251241206792765e+05 2.890266653942941339e+05 3.045250526257433230e+05 3.021667873115829425e+05 3.045249137097965577e+05 2.620338421188587672e+05 3.045253217125612427e+05 3.045250656776422984e+05 2.992842400137374061e+05 3.045247937932228087e+05
1.927923778866328066e+05 2.037735924443255353e+05 2.037739769575320242e+05 3.155474897864298546e+05 1.317408339930587099e+05 1.701374710962144891e+05 2.037735548780430108e+05 2.209255996187181736e+05 4.839254748382960679e+04 2.037739180427724496e+05 2.037738882468870725e+05 2.037737112771729880e+05 1.055432927503661485e+05 1.886404882638799900e+05 1.943400560707985715e+05 2.037738713665267278e+05 1.833569062714568572e+05 2.037738246314447897e+05 2.014155194490054855e+05 2.037736476049357443e+05 1.476550851020425907e+05 2.037739779866648314e+05 2.037737724008420482e+05 1.985328951919706014e+05 2.037734434851596889e+05
3.726059403171642771e+04 3.485460597735677766e+02 4.662576096945549580e+03 3.948073888533763820e+05 2.392772991024154180e+05 1.026144648047762312e+05 3.483771830770237443e+02 3.045251875601486536e+05 2.037739180427724496e+05 6.434313894601940547e+02 3.486047955050938185e+02 3.486448755452966566e+02 1.669316982801958511e+05 5.701684572852278507e+04 3.167311970923043918e+04 3.485660541926692986e+02 7.988191735785061610e+04 3.486204375368216688e+02 9.088872691852529897e+03 3.486173584549582642e+02 1.211418862436593190e+05 4.718734130019828626e+03 3.486138177500723145e+02 1.753189315980350875e+04 3.481226769618461958e+02
3.726062721157965279e+04 1.627926647650762559e+00 4.718827289570969697e+03 3.948072850279913400e+05 2.392772695895759098e+05 1.026144869349039218e+05 1.493979208046581686e+00 3.045251126553671202e+05 2.037738882468870725e+05 3.486047955050937617e+02 7.919526883120331373e-01 1.712668640506700424e+00 1.669316387822771794e+05 5.701680907144638331e+04 3.167319080540769937e+04 1.596835458853445910e+00 7.988185261155804619e+04 1.633515818234314798e+00 9.435867505874859489e+03 1.697593905705465644e+00 1.211418466581765970e+05 4.718851774732343074e+03 1.654513308604784738e+00 1.774104006930349351e+04 1.249866368199595401e+00
3.726041694603465294e+04 1.342938291915586113e+00 4.718822170294022726e+03 3.948071153688298655e+05 2.392770058753899066e+05 1.026142798176023935e+05 1.303170475300886144e+00 3.045249839452153537e+05 2.037737112771729589e+05 3.486448755452966566e+02 1.712668640506700424e+00 7.076045746459510566e-01 1.669315181644412805e+05 5.701674199628417409e+04 3.167300436572983381e+04 1.667286990041199068e+00 7.988175314812171564e+04 1.610127386716575071e+00 9.435833041336114547e+03 1.333970244912312308e+00 1.211416320408144966e+05 4.718817478761704479e+03 1.409351580274642579e+00 1.774095114867726079e+04 1.092040729422202316e+00
1.557289919622814341e+05 1.669314077771050797e+05 1.669317528566658730e+05 3.370532825845519546e+05 1.700063615438544366e+05 1.161698911375167663e+05 1.669312856782734452e+05 2.439287133583669784e+05 1.055432927503661485e+05 1.669316982801958220e+05 1.669316387822771794e+05 1.669315181644412805e+05 3.886452417710364534e+04 1.512085162192973658e+05 1.574978061839019065e+05 1.669316190991927870e+05 1.414697516505094245e+05 1.669316382846890774e+05 1.645733055472888809e+05 1.669314697675063217e+05 8.633940790969181398e+04 1.669317458286812762e+05 1.669315831084744132e+05 1.616906652970553259e+05 1.669311527798342577e+05
2.794108375178082861e+04 5.701659498781740695e+04 5.701687630674793036e+04 3.838012267053429969e+05 2.282712348136703658e+05 7.326103222851779719e+04 5.701644520513150928e+04 2.935190960555467173e+05 1.886404882638799900e+05 5.701684572852278507e+04 5.701680907144638331e+04 5.701674199628416682e+04 1.512085162192973949e+05 1.335451473476321007e+04 3.477952539568715292e+04 5.701682832739192963e+04 3.330846296408333001e+04 5.701681394273047044e+04 5.465834223608116008e+04 5.701667959538102150e+04 1.009809908045814955e+05 5.701692738892966008e+04 5.701679928579516127e+04 4.871164012113180070e+04 5.701623186555683787e+04
9.612872992441518363e+03 3.167292726472056165e+04 3.167318128463150060e+04 3.853734693515154650e+05 2.298434444598903647e+05 8.846349904473435890e+04 3.167278874733399061e+04 2.950913935420945054e+05 1.943400560707985424e+05 3.167311970923043918e+04 3.167319080540769937e+04 3.167300436572983381e+04 1.574978061839019356e+05 3.477952539568715292e+04 3.884659080318781434e+03 3.167316342451302626e+04 6.139160372715162521e+04 3.167311024414992062e+04 2.695609661739907460e+04 3.167301660839238684e+04 1.096114840465054585e+05 3.167315520427135198e+04 3.167311075512626121e+04 1.732877901039781864e+04 3.167255928359851532e+04
3.726061325042491080e+04 1.608823921165815962e+00 4.718840848349982480e+03 3.948072927548360894e+05 2.392772629091669514e+05 1.026144455806504557e+05 1.480416242429438256e+00 3.045251241206792765e+05 2.037738713665266987e+05 3.485660541926692986e+02 1.596835458853445910e+00 1.667286990041199068e+00 1.669316190991927870e+05 5.701682832739192963e+04 3.167316342451302626e+04 7.251356186050124109e-01 7.988187659714504844e+04 1.594710318209445754e+00 9.435879010610951809e+03 1.645425424063264863e+00 1.211418175276786933e+05 4.718832133424467429e+03 1.568742654541569914e+00 1.774103690895008549e+04 1.235033940823912380e+00
5.592082143817894394e+04 7.988162457900593290e+04 7.988187945107197447e+04 3.793089143782862229e+05 2.237788252418707416e+05 5.289649157211992861e+04 7.988149268320170813e+04 2.890266653942941339e+05 1.833569062714567990e+05 7.988191735785060155e+04 7.988185261155804619e+04 7.988175314812171564e+04 1.414697516505094245e+05 3.330846296408333001e+04 6.139160372715162521e+04 7.988187659714504844e+04 1.436731416339953103e+04 7.988184250130425789e+04 7.752344717400704394e+04 7.988166887013187807e+04 8.453654677417957282e+04 7.988198503381499904e+04 7.988183534230304940e+04 7.333518705204484286e+04 7.988128835719547351e+04
3.726055063078532839e+04 1.550073001771473447e+00 4.718865866786066363e+03 3.948072319910462829e+05 2.392771647160608263e+05 1.026144035785724118e+05 1.420048298678977750e+00 3.045250526257433230e+05 2.037738246314447897e+05 3.486204375368216688e+02 1.633515818234314798e+00 1.610127386716575071e+00 1.669316382846891065e+05 5.701681394273047044e+04 3.167311024414992062e+04 1.594710318209445754e+00 7.988184250130425789e+04 7.244030769477248777e-01 9.435870999258553638e+03 1.649191272659646046e+00 1.211418208950815315e+05 4.718839248825329378e+03 1.518654742461578833e+00 1.774105462168966551e+04 1.236128455239705826e+00
3.275803206975737339e+04 9.435714634427829878e+03 8.672693830949139738e+03 3.924489550192249008e+05 2.369188723172837344e+05 1.002560761497708590e+05 9.435597178461977819e+03 3.021667873115829425e+05 2.014155194490054855e+05 9.088872691852528078e+03 9.435867505874859489e+03 9.435833041336114547e+03 1.645733055472888518e+05 5.465834223608116008e+04 2.695609661739907460e+04 9.435879010610949990e+03 7.752344717400704394e+04 9.435870999258553638e+03 4.717772368966353497e+03 9.435784214923545733e+03 1.187834151027080225e+05 9.435818356259862412e+03 9.435889217251864466e+03 1.017974386139541093e+04 9.435315008689871320e+03
3.726046649502532091e+04 1.295311296398123257e+00 4.718792959106818671e+03 3.948071300499438075e+05 2.392770446804548847e+05 1.026142671816327493e+05 1.276976523798644569e+00 3.045249137097965577e+05 2.037736476049357443e+05 3.486173584549582642e+02 1.697593905705465644e+00 1.333970244912312308e+00 1.669314697675063217e+05 5.701667959538102878e+04 3.167301660839238684e+04 1.645425424063264863e+00 7.988166887013187807e+04 1.649191272659646046e+00 9.435784214923545733e+03 6.943790735225525701e-01 1.211416166954033251e+05 4.718786829369255429e+03 1.520477864592125528e+00 1.774092689677874660e+04 1.054997554763040801e+00
1.078426258014073974e+05 1.211415095932441182e+05 1.211418873631576571e+05 3.533494182617358165e+05 1.969041107601253316e+05 4.692896933947581419e+04 1.211413876707206800e+05 2.620338421188587963e+05 1.476550851020425325e+05 1.211418862436593190e+05 1.211418466581765970e+05 1.211416320408144966e+05 8.633940790969181398e+04 1.009809908045814955e+05 1.096114840465054585e+05 1.211418175276786933e+05 8.453654677417957282e+04 1.211418208950815315e+05 1.187834151027080225e+05 1.211416166954033251e+05 2.926530859432339639e+04 1.211418870331589860e+05 1.211417506093130942e+05 1.156678203430351132e+05 1.211412679620429117e+05
3.726062174036891520e+04 4.718675151292796727e+03 7.647386727081228628e+02 3.948073700146935880e+05 2.392773556200363964e+05 1.026145553114341456e+05 4.718548654943962902e+03 3.045253217125612427e+05 2.037739779866648314e+05 4.718734130019827717e+03 4.718851774732343074e+03 4.718817478761704479e+03 1.669317458286812762e+05 5.701692738892966008e+04 3.167315520427135198e+04 4.718832133424465610e+03 7.988198503381499904e+04 4.718839248825328468e+03 9.435818356259862412e+03 4.718786829369255429e+03 1.211418870331589860e+05 7.217272738332239923e-01 4.718856361514762284e+03 1.774100470283451068e+04 4.718305100885429056e+03
3.726051383295524283e+04 1.496232437941101612e+00 4.718875113461258479e+03 3.948071737510826206e+05 2.392771137084092188e+05 1.026143959581954259e+05 1.385533588418226492e+00 3.045250656776422984e+05 2.037737724008420191e+05 3.486138177500722009e+02 1.654513308604784738e+00 1.409351580274642579e+00 1.669315831084744132e+05 5.701679928579516854e+04 3.167311075512626485e+04 1.568742654541569914e+00 7.988183534230304940e+04 1.518654742461578833e+00 9.435889217251866285e+03 1.520477864592125528e+00 1.211417506093130942e+05 4.718856361514762284e+03 7.066075938831430925e-01 1.774101927660774891e+04 1.203979765812699831e+00
2.466725290742278958e+04 1.774081946629480080e+04 1.728097864827928424e+04 3.895663536399836885e+05 2.340362806189006369e+05 9.684933930571467499e+04 1.774069291374547174e+04 2.992842400137374643e+05 1.985328951919705432e+05 1.753189315980350511e+04 1.774104006930349351e+04 1.774095114867726079e+04 1.616906652970552968e+05 4.871164012113180797e+04 1.732877901039781864e+04 1.774103690895008185e+04 7.333518705204484286e+04 1.774105462168966551e+04 1.017974386139541093e+04 1.774092689677874660e+04 1.156678203430351132e+05 1.774100470283451068e+04 1.774101927660774891e+04 6.467364783099063970e+03 1.774045570613088057e+04
3.725999369169415149e+04 9.688113100170283598e-01 4.718278922814502948e+03 3.948070159670805442e+05 2.392768760744805622e+05 1.026138975962877303e+05 7.793399198539847639e-01 3.045247937932228087e+05 2.037734434851596598e+05 3.481226769618461958e+02 1.249866368199595623e+00 1.092040729422202316e+00 1.669311527798342577e+05 5.701623186555683787e+04 3.167255928359851532e+04 1.235033940823912380e+00 7.988128835719547351e+04 1.236128455239705826e+00 9.435315008689873139e+03 1.054997554763041023e+00 1.211412679620429117e+05 4.718305100885429965e+03 1.203979765812699831e+00 1.774045570613088057e+04 3.865755219206296611e-01
