5.425295895678538727e+03 8.333567761263858119e+04 8.333542236399184912e+04 8.160991369518268039e+04 8.013069654589070706e+04 7.165034620374852966e+04 8.333528801743233635e+04 7.986634528292696632e+04 6.250234282743489166e+04 8.333570013151755848e+04 8.333562085964983271e+04 5.787261349517291819e+04 8.333507723620688193e+04 8.333542667256190907e+04 4.166907934766986727e+04 8.333556847410139744e+04 6.276961064423619246e+04 1.620640491422662162e+05 8.013070740863982064e+04 2.971744066852621618e+05 8.333528004604323360e+04 8.333542592720176617e+04 8.333561021305256872e+04 8.333512452345291968e+04 8.333537695429565792e+04
8.333567761263858119e+04 9.861584191400996069e-01 1.895135557806547855e+00 1.121977052395246756e+04 2.083535395080232047e+04 1.147414786151126464e+05 1.812311224860863712e+00 6.547846772504086402e+04 8.333560058933704568e+04 1.754971668255735917e+00 1.878342506417182367e+00 8.333562029011409322e+04 1.420418474714638224e+00 1.964270393903047918e+00 8.333579090642611845e+04 2.019893537021009600e+00 3.819671593889267388e+04 2.005254112060654152e+05 2.083554425073630773e+04 3.356357349909752957e+05 1.833841381320674424e+00 1.844446148221908777e+00 2.011455374843303723e+00 1.744978036545079769e+00 1.785064835322505816e+00
8.333542236399184912e+04 1.895135557806547855e+00 9.182475711265177809e-01 1.121982865815573132e+04 2.083535515556487735e+04 1.147413764289731189e+05 1.655272233876970756e+00 6.547826947487892903e+04 8.333540156928563374e+04 1.885049195626170571e+00 1.876074723267328048e+00 8.333543703741357604e+04 1.310650963548913861e+00 1.778235764780325745e+00 8.333565050435878220e+04 1.790600780973200079e+00 3.819660704530541989e+04 2.005252700538810750e+05 2.083545008923219939e+04 3.356356545001780032e+05 1.760320877955091845e+00 1.776254013007671384e+00 1.704490977352605352e+00 1.580179653052874666e+00 1.827038685627566217e+00
8.160991369518268039e+04 1.121977052395246756e+04 1.121982865815573132e+04 1.035602096005789645e+04 9.617272982208995018e+03 1.147414578067854600e+05 1.121972681036660833e+04 6.375260623340798338e+04 8.333563741920325265e+04 1.121983447849976619e+04 1.121990868092503661e+04 8.333562798570333689e+04 1.121938255082553223e+04 1.121992979114788250e+04 8.333580985944739950e+04 1.121994326896085659e+04 2.697869785279910866e+04 2.005254000898243976e+05 9.617515811855208085e+03 3.356357718513293075e+05 1.121980149432316648e+04 1.121987127590237105e+04 1.121990104548796808e+04 1.121972171422464817e+04 1.121983051618998797e+04
8.013069654589070706e+04 2.083535395080232047e+04 2.083535515556487735e+04 9.617272982208996837e+03 9.664121331330923770e-01 1.147414291154081293e+05 2.083516123034658085e+04 6.227330774305635714e+04 8.333561425007940852e+04 2.083530861016532435e+04 2.083536769544964773e+04 8.333572142124481616e+04 2.083478781437116777e+04 2.083528584589529055e+04 8.333592327686121280e+04 2.083533790609985590e+04 1.736318836370616191e+04 2.005254245734198194e+05 1.921419423158102546e+00 3.356358151738343877e+05 2.083516292060564956e+04 2.083521063013937965e+04 2.083528707571893028e+04 2.083510285117951571e+04 2.083521342750668555e+04
7.165034620374852966e+04 1.147414786151126755e+05 1.147413764289731189e+05 1.147414578067854600e+05 1.147414291154081729e+05 3.614513388951283559e+04 1.147409342886051018e+05 1.117655633022638503e+05 9.390826972603268223e+04 1.147414768562541431e+05 1.147414102369116881e+05 9.287953345693656593e+04 1.147408419395484816e+05 1.147412089389856701e+05 8.927851614018026157e+04 1.147413225409091974e+05 1.131982899997408385e+05 1.112494962011473544e+05 1.147414168439797941e+05 2.495137448745910660e+05 1.147410182138641831e+05 1.147411613233487442e+05 1.147413426882981148e+05 1.147409936221630633e+05 1.147410633598110580e+05
8.333528801743230724e+04 1.812311224860863712e+00 1.655272233876970311e+00 1.121972681036660833e+04 2.083516123034658085e+04 1.147409342886051018e+05 7.927776859537357668e-01 6.547806140173178574e+04 8.333521435423387447e+04 1.834244758259134578e+00 1.819601615895514168e+00 8.333521023867223994e+04 1.090170418810963548e+00 1.681498148226270972e+00 8.333535426416699192e+04 1.763314043365054484e+00 3.819630596202090237e+04 2.005250118490254681e+05 2.083521967547085296e+04 3.356354576133313240e+05 1.399510930658315555e+00 1.643238116542426130e+00 1.714216241101243821e+00 1.308877243179434213e+00 1.526411091148013766e+00
7.986634528292696632e+04 6.547846772504086402e+04 6.547826947487892903e+04 6.375260623340798338e+04 6.227330774305635714e+04 1.117655633022638503e+05 6.547806140173178574e+04 1.052709329084847559e+04 2.106425256773802903e+04 6.547840704352910689e+04 6.547838065714578988e+04 2.569398973366439532e+04 6.547769336680106062e+04 6.547827419163077138e+04 6.273145913810195634e+04 6.547840992269928392e+04 6.227316865507072362e+04 1.975493102339636534e+05 6.227326217413672566e+04 3.326595920092203305e+05 6.547813899682657211e+04 6.547827299905791006e+04 6.547833877757519804e+04 6.547789222458695440e+04 6.547823803646922170e+04
6.250234282743489166e+04 8.333560058933704568e+04 8.333540156928563374e+04 8.333563741920325265e+04 8.333561425007940852e+04 9.390826972603268223e+04 8.333521435423387447e+04 2.106425256773802903e+04 9.058247741840845801e-01 8.333562771479673393e+04 8.333548479366187530e+04 4.631684267394679409e+03 8.333487499180264422e+04 8.333541918090886611e+04 4.166925827216261678e+04 8.333553091958639561e+04 8.333559579232199758e+04 1.796922711313569162e+05 8.333565773062346852e+04 3.148025860199292074e+05 8.333530895732888894e+04 8.333546435594859940e+04 8.333549444296973525e+04 8.333501978785957908e+04 8.333539367066982959e+04
8.333570013151755848e+04 1.754971668255735917e+00 1.885049195626170571e+00 1.121983447849976619e+04 2.083530861016532435e+04 1.147414768562541431e+05 1.834244758259134578e+00 6.547840704352910689e+04 8.333562771479673393e+04 9.150451095965252968e-01 1.825925728206313492e+00 8.333560810568800662e+04 1.366247754417131643e+00 1.897233646255305217e+00 8.333581209453493648e+04 1.926732420989699213e+00 3.819673000985049293e+04 2.005253697076926474e+05 2.083557400828305254e+04 3.356357192935725325e+05 1.802657358471580595e+00 1.851239659935345561e+00 1.947094767798981607e+00 1.680261839244382438e+00 1.852340324886748046e+00
8.333562085964983271e+04 1.878342506417182367e+00 1.876074723267328048e+00 1.121990868092503661e+04 2.083536769544964773e+04 1.147414102369116881e+05 1.819601615895514168e+00 6.547838065714578988e+04 8.333548479366187530e+04 1.825925728206313492e+00 9.396257302572159631e-01 8.333556665148980392e+04 1.349777905433980907e+00 1.844236709984008682e+00 8.333570840527219116e+04 1.835652594976832974e+00 3.819665585604008083e+04 2.005253434604508220e+05 2.083557370090232507e+04 3.356356815586943412e+05 1.781543308586869045e+00 1.905879402364038855e+00 1.853116220043300233e+00 1.702658056430411238e+00 1.837677448804202029e+00
5.787261349517291819e+04 8.333562029011409322e+04 8.333543703741359059e+04 8.333562798570335144e+04 8.333572142124483071e+04 9.287953345693658048e+04 8.333521023867223994e+04 2.569398973366439168e+04 4.631684267394680319e+03 8.333560810568800662e+04 8.333556665148980392e+04 7.202708654538328119e+03 8.333490921928540047e+04 8.333544399571571557e+04 3.703965390526854753e+04 8.333551290601826622e+04 8.179238408935746702e+04 1.796922458963309182e+05 8.333565861384727759e+04 3.148026076715227100e+05 8.333528418872780458e+04 8.333550163424445782e+04 8.333558234081063711e+04 8.333511314032939845e+04 8.333538086346328782e+04
8.333507723620688193e+04 1.420418474714638224e+00 1.310650963548913861e+00 1.121938255082553042e+04 2.083478781437116777e+04 1.147408419395484816e+05 1.090170418810963548e+00 6.547769336680106062e+04 8.333487499180264422e+04 1.366247754417131643e+00 1.349777905433980685e+00 8.333490921928540047e+04 4.620985242121146697e-01 1.290525294461648320e+00 8.333510994524290436e+04 1.319468019636823364e+00 3.819601078186810628e+04 2.005247887863028445e+05 2.083485535877768780e+04 3.356352602771222009e+05 1.120152140170755706e+00 1.271755668714843024e+00 1.322301878092053906e+00 9.094102164877136962e-01 1.189775391572375884e+00
8.333542667256190907e+04 1.964270393903047918e+00 1.778235764780325745e+00 1.121992979114788250e+04 2.083528584589529419e+04 1.147412089389856847e+05 1.681498148226270972e+00 6.547827419163078594e+04 8.333541918090886611e+04 1.897233646255305217e+00 1.844236709984008682e+00 8.333544399571571557e+04 1.290525294461648320e+00 8.536023038826153764e-01 8.333563677764669410e+04 1.827899957120292074e+00 3.819648975695926492e+04 2.005252106794929423e+05 2.083540186863909912e+04 3.356356234972805250e+05 1.730041789703603783e+00 1.719156242869956053e+00 1.747141816759068655e+00 1.583070616406737408e+00 1.775585743100571268e+00
4.166907934766986727e+04 8.333579090642611845e+04 8.333565050435878220e+04 8.333580985944739950e+04 8.333592327686121280e+04 8.927851614018026157e+04 8.333535426416699192e+04 6.273145913810194907e+04 4.166925827216261678e+04 8.333581209453493648e+04 8.333570840527219116e+04 3.703965390526854753e+04 8.333510994524290436e+04 8.333563677764667955e+04 1.199205930619789973e+00 8.333563478551754088e+04 7.639149152575647167e+04 1.796921088143997476e+05 8.333593674904391810e+04 3.148025217984550982e+05 8.333541187726146018e+04 8.333554032720673422e+04 8.333573566356908123e+04 8.333524164454531274e+04 8.333546675863691780e+04
8.333556847410139744e+04 2.019893537021009600e+00 1.790600780973200079e+00 1.121994326896085659e+04 2.083533790609985590e+04 1.147413225409091974e+05 1.763314043365054484e+00 6.547840992269928392e+04 8.333553091958639561e+04 1.926732420989699435e+00 1.835652594976832974e+00 8.333551290601826622e+04 1.319468019636823364e+00 1.827899957120292074e+00 8.333563478551754088e+04 9.523900325361854824e-01 3.819660715670878562e+04 2.005252261597292090e+05 2.083549943376469309e+04 3.356356175633594976e+05 1.796762580638066931e+00 1.840881976907193796e+00 1.844914491835219605e+00 1.584647698277034999e+00 1.828509448879907628e+00
6.276961064423619973e+04 3.819671593889267388e+04 3.819660704530541989e+04 2.697869785279910138e+04 1.736318836370616191e+04 1.131982899997408385e+05 3.819630596202090237e+04 6.227316865507072362e+04 8.333559579232199758e+04 3.819673000985049293e+04 3.819665585604008083e+04 8.179238408935745247e+04 3.819601078186810628e+04 3.819648975695926492e+04 7.639149152575647167e+04 3.819660715670878562e+04 1.967694939618443459e+04 2.005254378094859712e+05 1.736300344642557684e+04 3.356357421990563162e+05 3.819638606038728176e+04 3.819642033781383361e+04 3.819655668339882686e+04 3.819619072731649794e+04 3.819642367696850124e+04
1.620640491422662162e+05 2.005254112060654152e+05 2.005252700538810750e+05 2.005254000898244267e+05 2.005254245734198194e+05 1.112494962011473544e+05 2.005250118490254681e+05 1.975493102339636534e+05 1.796922711313569162e+05 2.005253697076926474e+05 2.005253434604508220e+05 1.796922458963309182e+05 2.005247887863028445e+05 2.005252106794929423e+05 1.796921088143997476e+05 2.005252261597292090e+05 2.005254378094859712e+05 1.306165825140260495e+04 2.005254294347486866e+05 1.821030260100162996e+05 2.005250129473130510e+05 2.005251749909970968e+05 2.005252734468803392e+05 2.005249142428417690e+05 2.005250393880497431e+05
8.013070740863984975e+04 2.083554425073631137e+04 2.083545008923220303e+04 9.617515811855209904e+03 1.921419423158102546e+00 1.147414168439797941e+05 2.083521967547085660e+04 6.227326217413673294e+04 8.333565773062346852e+04 2.083557400828305617e+04 2.083557370090232871e+04 8.333565861384727759e+04 2.083485535877769144e+04 2.083540186863909912e+04 8.333593674904391810e+04 2.083549943376470037e+04 1.736300344642558048e+04 2.005254294347486866e+05 1.006361843923182509e+00 3.356357150385710411e+05 2.083524798427468340e+04 2.083530955859375899e+04 2.083539026542061401e+04 2.083516737075382116e+04 2.083529960244675021e+04
2.971744066852622200e+05 3.356357349909753539e+05 3.356356545001780032e+05 3.356357718513293075e+05 3.356358151738344459e+05 2.495137448745910660e+05 3.356354576133313240e+05 3.326595920092203305e+05 3.148025860199292656e+05 3.356357192935725325e+05 3.356356815586943412e+05 3.148026076715226518e+05 3.356352602771222009e+05 3.356356234972805250e+05 3.148025217984550982e+05 3.356356175633594976e+05 3.356357421990563162e+05 1.821030260100162996e+05 3.356357150385710411e+05 1.077548369099485863e+05 3.356354967708390323e+05 3.356355890879750368e+05 3.356356575689378660e+05 3.356353663037150400e+05 3.356354505551701295e+05
8.333528004604323360e+04 1.833841381320674424e+00 1.760320877955091845e+00 1.121980149432316648e+04 2.083516292060565320e+04 1.147410182138641831e+05 1.399510930658315555e+00 6.547813899682657939e+04 8.333530895732888894e+04 1.802657358471580595e+00 1.781543308586869045e+00 8.333528418872780458e+04 1.120152140170755706e+00 1.730041789703603561e+00 8.333541187726146018e+04 1.796762580638066931e+00 3.819638606038728176e+04 2.005250129473129928e+05 2.083524798427468340e+04 3.356354967708390323e+05 8.203455862906087193e-01 1.689620054759414014e+00 1.803230758257987620e+00 1.332405252880893620e+00 1.536794778960804297e+00
8.333542592720176617e+04 1.844446148221908999e+00 1.776254013007671384e+00 1.121987127590237105e+04 2.083521063013938328e+04 1.147411613233487442e+05 1.643238116542426130e+00 6.547827299905791733e+04 8.333546435594861396e+04 1.851239659935345783e+00 1.905879402364038855e+00 8.333550163424445782e+04 1.271755668714843024e+00 1.719156242869955831e+00 8.333554032720674877e+04 1.840881976907193796e+00 3.819642033781384089e+04 2.005251749909970968e+05 2.083530955859375899e+04 3.356355890879750368e+05 1.689620054759414014e+00 8.899001007288843690e-01 1.820572663156985405e+00 1.549237905883924959e+00 1.573677971984544843e+00
8.333561021305256872e+04 2.011455374843303723e+00 1.704490977352605352e+00 1.121990104548796808e+04 2.083528707571893028e+04 1.147413426882981148e+05 1.714216241101243821e+00 6.547833877757519804e+04 8.333549444296973525e+04 1.947094767798981607e+00 1.853116220043300233e+00 8.333558234081062255e+04 1.322301878092053906e+00 1.747141816759068655e+00 8.333573566356908123e+04 1.844914491835219605e+00 3.819655668339882686e+04 2.005252734468803392e+05 2.083539026542061038e+04 3.356356575689378660e+05 1.803230758257987620e+00 1.820572663156985405e+00 8.796568616212110392e-01 1.630572157339472694e+00 1.822597507035341291e+00
8.333512452345291968e+04 1.744978036545079769e+00 1.580179653052874666e+00 1.121972171422464817e+04 2.083510285117951935e+04 1.147409936221630633e+05 1.308877243179434213e+00 6.547789222458695440e+04 8.333501978785957908e+04 1.680261839244382216e+00 1.702658056430410793e+00 8.333511314032939845e+04 9.094102164877136962e-01 1.583070616406737408e+00 8.333524164454531274e+04 1.584647698277034999e+00 3.819619072731650522e+04 2.005249142428417690e+05 2.083516737075382116e+04 3.356353663037150400e+05 1.332405252880893620e+00 1.549237905883924959e+00 1.630572157339472694e+00 7.085503491716153013e-01 1.475748111529300521e+00
8.333537695429565792e+04 1.785064835322506260e+00 1.827038685627566217e+00 1.121983051618998797e+04 2.083521342750668919e+04 1.147410633598110580e+05 1.526411091148013766e+00 6.547823803646922170e+04 8.333539367066984414e+04 1.852340324886748046e+00 1.837677448804202029e+00 8.333538086346328782e+04 1.189775391572375884e+00 1.775585743100571046e+00 8.333546675863691780e+04 1.828509448879907628e+00 3.819642367696850852e+04 2.005250393880497431e+05 2.083529960244675021e+04 3.356354505551701295e+05 1.536794778960804297e+00 1.573677971984544621e+00 1.822597507035341291e+00 1.475748111529300521e+00 8.752930446973546941e-01
