1.067439989250986265e+00 1.920296036164193938e+05 1.892589230547478074e+00 1.874169876057072859e+00 1.800254276752231375e+00 3.615640311117733654e+04 4.904977937599293655e+05 1.269765349673485844e+03 1.003157123204998352e+05 1.724350129321073109e+04 1.365075501914902567e+00 1.724342911867726798e+04 1.099283388248665142e+05 3.670255609125514165e+05 1.724366300222658538e+04 2.484345363197721308e+05 1.880919015042491926e+00 1.823446550836412605e+00 1.724349878989989156e+04 1.677353986376077355e+00 1.724345859589901738e+04 1.812417520354099532e+00 2.903332116384292021e+05 1.724356736264668143e+04 6.896775531334863626e+04
1.920296036164193938e+05 6.285637546679934894e+04 1.920295446706289076e+05 1.920296808965954697e+05 1.920295350086693943e+05 1.920298359137030784e+05 4.715492679114055936e+05 1.920296200445353461e+05 1.606816795494213293e+05 1.920297880682646064e+05 1.920291757551520132e+05 1.920297677829421882e+05 1.459897374338087393e+05 3.406563698958939058e+05 1.920297960148683051e+05 2.114332511263163760e+05 1.920295482963345421e+05 1.920295719133879757e+05 1.920297617052630812e+05 1.920293379822587885e+05 1.920297275416117045e+05 1.920293971515621524e+05 2.556498225234727142e+05 1.920298155926593463e+05 1.895666502940196078e+05
1.892589230547478296e+00 1.920295446706289076e+05 9.864940912252933014e-01 1.833429260970765196e+00 1.663535167598832576e+00 3.615632327388464182e+04 4.904977284164439188e+05 1.269744013907992667e+03 1.003156859328722057e+05 1.724348848934486887e+04 1.341509112678348714e+00 1.724343147875543218e+04 1.099282253876992472e+05 3.670255045983931050e+05 1.724356634067556661e+04 2.484344073350308463e+05 1.806862157478104747e+00 1.708937314755185621e+00 1.724342128155834143e+04 1.600955007349470494e+00 1.724345072622875159e+04 1.637656987302612777e+00 2.903331520314215450e+05 1.724351997093195314e+04 6.896771668031613808e+04
1.874169876057072637e+00 1.920296808965954697e+05 1.833429260970765196e+00 1.078369827741706866e+00 1.921576072867216878e+00 3.615640396138793585e+04 4.904978244129752275e+05 1.269750334691917033e+03 1.003158750020317093e+05 1.724357925669628457e+04 1.500510633940985938e+00 1.724348324781099655e+04 1.099283277445720596e+05 3.670256101966794813e+05 1.724366542470096829e+04 2.484345265579365077e+05 1.873784080659568474e+00 1.938130078448528248e+00 1.724343667769479725e+04 1.757475378031075453e+00 1.724350398478759598e+04 1.860053815964428647e+00 2.903332336344904033e+05 1.724359310917077892e+04 6.896781344993742823e+04
1.800254276752230931e+00 1.920295350086694234e+05 1.663535167598832354e+00 1.921576072867216878e+00 1.038457768348655330e+00 3.615636158363780123e+04 4.904977504763894831e+05 1.269759463437893146e+03 1.003157357358798181e+05 1.724342787086656244e+04 1.317022889345392356e+00 1.724339854275612379e+04 1.099282489643068693e+05 3.670255366464522085e+05 1.724360607469592651e+04 2.484343768531858514e+05 1.882655736130593560e+00 1.714284867311532956e+00 1.724343374554605907e+04 1.637060257126066842e+00 1.724340130356684676e+04 1.679359983780979171e+00 2.903331480116119492e+05 1.724352711245967657e+04 6.896776184119342361e+04
3.615640311117733654e+04 1.920298359137030784e+05 3.615632327388464182e+04 3.615640396138793585e+04 3.615636158363780123e+04 1.707949019105894695e+04 4.904979534564283676e+05 3.615641148839068046e+04 9.984085250142627046e+04 3.438159733896868420e+04 3.615585499450049247e+04 3.615649857572731707e+04 1.061999759006694949e+05 3.670257851776113966e+05 3.615640745120631618e+04 2.484347448152428260e+05 3.615643666931780172e+04 3.615632996592358541e+04 3.615648711953841121e+04 3.615619675079980516e+04 3.615650320690945955e+04 3.615631629789280851e+04 2.903334240528114024e+05 3.615644040618439612e+04 5.896443426861825719e+04
4.904977937599293655e+05 4.715492679114056518e+05 4.904977284164438606e+05 4.904978244129752275e+05 4.904977504763894831e+05 4.904979534564284259e+05 2.277675268441271619e+05 4.904978792468411848e+05 4.732567070939803380e+05 4.904979399300688528e+05 4.904975740037914948e+05 4.904978983971721609e+05 4.732567252120719058e+05 3.720795949094142416e+05 4.904980139315567794e+05 4.531747187506298651e+05 4.904978074544332339e+05 4.904977674376201467e+05 4.904978839430322987e+05 4.904976652884056675e+05 4.904979021918798098e+05 4.904976762645764975e+05 4.362843289702738984e+05 4.904980072158678668e+05 4.880350055441826116e+05
1.269765349673485844e+03 1.920296200445353461e+05 1.269744013907992667e+03 1.269750334691917033e+03 1.269759463437892919e+03 3.615641148839067318e+04 4.904978792468411848e+05 2.350281242551161085e+03 1.003158199738899566e+05 1.720621202855061711e+04 1.269257243590979442e+03 1.724343060687524849e+04 1.099283596606024075e+05 3.670257128459831583e+05 1.597589941110742075e+04 2.484346193635704112e+05 1.269842194681668843e+03 1.269810328820087761e+03 1.724332387884100899e+04 1.269592535036078743e+03 1.724341497189415895e+04 1.269738201212176591e+03 2.903333488492583856e+05 1.724361375582844994e+04 6.896776521806338860e+04
1.003157123204998352e+05 1.606816795494213293e+05 1.003156859328722057e+05 1.003158750020317093e+05 1.003157357358798181e+05 9.984085250142627046e+04 4.732567070939803380e+05 1.003158199738899566e+05 6.788732935343950885e+03 1.003159770873081725e+05 1.003152610957756260e+05 1.003159393771502364e+05 6.986417937877606892e+04 3.497845237456215546e+05 1.003159118788770429e+05 2.282010137908488978e+05 1.003157419213480025e+05 1.003157137763201899e+05 1.003159883932819503e+05 1.003155457339204877e+05 1.003159887983390799e+05 1.003155863608679938e+05 2.730921244948212989e+05 1.003159568157417671e+05 9.780859006398552447e+04
1.724350129321072745e+04 1.920297880682646646e+05 1.724348848934486523e+04 1.724357925669628094e+04 1.724342787086655881e+04 3.438159733896869147e+04 4.904979399300689111e+05 1.720621202855061711e+04 1.003159770873081725e+05 4.915576036041707084e+03 1.724293939457763554e+04 2.790898717243657302e+03 1.099211603979577485e+05 3.670257078906283714e+05 1.673654673473041476e+04 2.484345991635582468e+05 1.724354056732446043e+04 1.724348146246262331e+04 1.724346303910366260e+04 1.724335335927431879e+04 1.721355671173497103e+04 1.724341517571546501e+04 2.903333922067125677e+05 1.724359727444875898e+04 6.846079405370388122e+04
1.365075501914902567e+00 1.920291757551520423e+05 1.341509112678348714e+00 1.500510633940986160e+00 1.317022889345392356e+00 3.615585499450049247e+04 4.904975740037915530e+05 1.269257243590979442e+03 1.003152610957756406e+05 1.724293939457763554e+04 6.298520481910094837e-01 1.724293712237569707e+04 1.099278750386387837e+05 3.670253388005347224e+05 1.724309930754128800e+04 2.484341172078160744e+05 1.452815506409913970e+00 1.359516055831050840e+00 1.724295425547700142e+04 1.127849554989276859e+00 1.724297549534504651e+04 1.245417422184726730e+00 2.903328839281346882e+05 1.724300192099657579e+04 6.896725613992783474e+04
1.724342911867726434e+04 1.920297677829421882e+05 1.724343147875543218e+04 1.724348324781099291e+04 1.724339854275612379e+04 3.615649857572731707e+04 4.904978983971721609e+05 1.724343060687524849e+04 1.003159393771502509e+05 2.790898717243657302e+03 1.724293712237569707e+04 9.722776082286317401e-01 1.099285559733863047e+05 3.670256670244031702e+05 1.724375968855847532e+04 2.484345969141968817e+05 1.724348406184036867e+04 1.724344499133695717e+04 1.724334114329875592e+04 1.724329470871548256e+04 1.724347202621445831e+04 1.724340170710875827e+04 2.903334021455695038e+05 1.724370660254111135e+04 6.896793811115746212e+04
1.099283388248665142e+05 1.459897374338087684e+05 1.099282253876992472e+05 1.099283277445720450e+05 1.099282489643068839e+05 1.061999759006694949e+05 4.732567252120719641e+05 1.099283596606023930e+05 6.986417937877608347e+04 1.099211603979577776e+05 1.099278750386387837e+05 1.099285559733863047e+05 4.621675071008981467e+04 3.487588304768685484e+05 1.099285470001867943e+05 2.257534840798991499e+05 1.099282750125115999e+05 1.099282910286079568e+05 1.099284512561420415e+05 1.099280549016740406e+05 1.099135838867839630e+05 1.099281755650735286e+05 2.713952208139468567e+05 1.099285411451168911e+05 1.021918255794753495e+05
3.670255609125514165e+05 3.406563698958939058e+05 3.670255045983931050e+05 3.670256101966794813e+05 3.670255366464522085e+05 3.670257851776114549e+05 3.720795949094142416e+05 3.670257128459831583e+05 3.497845237456215546e+05 3.670257078906284878e+05 3.670253388005347224e+05 3.670256670244031702e+05 3.487588304768685484e+05 1.682867596608902386e+05 3.670258342518670834e+05 3.233431911937602563e+05 3.670256104650798952e+05 3.670255819467383553e+05 3.670257302323963959e+05 3.670253975633495138e+05 3.670257564257053891e+05 3.670254114324635593e+05 2.765665824831169448e+05 3.670258012950941920e+05 3.645628344274847768e+05
1.724366300222658174e+04 1.920297960148683051e+05 1.724356634067556297e+04 1.724366542470096465e+04 1.724360607469592651e+04 3.615640745120631618e+04 4.904980139315567794e+05 1.597589941110741711e+04 1.003159118788770429e+05 1.673654673473041476e+04 1.724309930754128800e+04 1.724375968855847532e+04 1.099285470001867943e+05 3.670258342518670834e+05 1.266945971902591506e+00 2.484346565617852320e+05 1.724362851956173836e+04 1.724360251893120221e+04 1.724374737342378285e+04 1.724344604208461169e+04 1.724375553497947476e+04 1.724356549856621859e+04 2.903333759169095429e+05 1.724357079247775255e+04 6.896787348639390257e+04
2.484345363197720726e+05 2.114332511263163178e+05 2.484344073350308463e+05 2.484345265579364786e+05 2.484343768531858514e+05 2.484347448152427969e+05 4.531747187506298651e+05 2.484346193635704112e+05 2.282010137908488978e+05 2.484345991635582177e+05 2.484341172078160744e+05 2.484345969141968817e+05 2.257534840798991499e+05 3.233431911937602563e+05 2.484346565617852320e+05 1.129157838582546538e+05 2.484345151119540096e+05 2.484345033577631984e+05 2.484345912621146999e+05 2.484342425912248727e+05 2.484346119973977329e+05 2.484342716374258453e+05 2.147653746561089938e+05 2.484346082402969769e+05 2.459717442243542173e+05
1.880919015042491926e+00 1.920295482963345421e+05 1.806862157478104747e+00 1.873784080659568474e+00 1.882655736130593782e+00 3.615643666931780172e+04 4.904978074544332339e+05 1.269842194681668843e+03 1.003157419213480025e+05 1.724354056732446043e+04 1.452815506409913526e+00 1.724348406184036867e+04 1.099282750125115999e+05 3.670256104650798952e+05 1.724362851956173836e+04 2.484345151119540096e+05 1.035116942713381727e+00 1.763327930603425076e+00 1.724351951431477210e+04 1.728256637734706391e+00 1.724348742900760772e+04 1.741446547613394680e+00 2.903332839239678578e+05 1.724360282525963703e+04 6.896782741274376167e+04
1.823446550836413049e+00 1.920295719133879757e+05 1.708937314755185621e+00 1.938130078448528248e+00 1.714284867311532956e+00 3.615632996592358541e+04 4.904977674376202631e+05 1.269810328820087761e+03 1.003157137763201899e+05 1.724348146246262331e+04 1.359516055831050618e+00 1.724344499133695717e+04 1.099282910286079568e+05 3.670255819467383553e+05 1.724360251893120221e+04 2.484345033577631984e+05 1.763327930603425076e+00 1.008601531331476231e+00 1.724346539847253734e+04 1.665117518220235793e+00 1.724349332779975157e+04 1.761524512502038231e+00 2.903332678635182092e+05 1.724354005859353128e+04 6.896771654966240749e+04
1.724349878989988792e+04 1.920297617052630812e+05 1.724342128155833780e+04 1.724343667769479362e+04 1.724343374554605543e+04 3.615648711953841121e+04 4.904978839430322987e+05 1.724332387884100899e+04 1.003159883932819503e+05 1.724346303910366260e+04 1.724295425547700142e+04 1.724334114329875592e+04 1.099284512561420270e+05 3.670257302323963959e+05 1.724374737342378285e+04 2.484345912621147872e+05 1.724351951431477210e+04 1.724346539847253734e+04 1.022149703530826237e+00 1.724326708121228512e+04 2.791003062189499815e+03 1.724340074463680139e+04 2.903333585386427003e+05 1.724379750400281409e+04 6.896788485504995333e+04
1.677353986376077355e+00 1.920293379822588176e+05 1.600955007349470494e+00 1.757475378031075453e+00 1.637060257126066620e+00 3.615619675079981243e+04 4.904976652884056675e+05 1.269592535036078971e+03 1.003155457339205022e+05 1.724335335927432607e+04 1.127849554989276859e+00 1.724329470871549347e+04 1.099280549016740406e+05 3.670253975633494556e+05 1.724344604208461897e+04 2.484342425912248727e+05 1.728256637734706169e+00 1.665117518220235793e+00 1.724326708121228876e+04 9.598775240837074119e-01 1.724332085094426293e+04 1.505549050992293747e+00 2.903330073581408360e+05 1.724340643628878024e+04 6.896756650638498832e+04
1.724345859589901738e+04 1.920297275416117045e+05 1.724345072622875159e+04 1.724350398478759234e+04 1.724340130356684676e+04 3.615650320690945955e+04 4.904979021918798098e+05 1.724341497189415895e+04 1.003159887983390799e+05 1.721355671173497103e+04 1.724297549534505015e+04 1.724347202621445831e+04 1.099135838867839630e+05 3.670257564257053891e+05 1.724375553497947840e+04 2.484346119973977329e+05 1.724348742900761135e+04 1.724349332779975521e+04 2.791003062189499815e+03 1.724332085094425565e+04 4.885789964242571841e+03 1.724340157223333881e+04 2.903333678520389949e+05 1.546884970918240651e+04 6.795373164393627667e+04
1.812417520354099532e+00 1.920293971515621524e+05 1.637656987302612999e+00 1.860053815964428647e+00 1.679359983780979171e+00 3.615631629789280123e+04 4.904976762645764975e+05 1.269738201212176591e+03 1.003155863608679792e+05 1.724341517571546501e+04 1.245417422184726952e+00 1.724340170710875827e+04 1.099281755650735286e+05 3.670254114324635593e+05 1.724356549856621859e+04 2.484342716374259035e+05 1.741446547613394680e+00 1.761524512502038231e+00 1.724340074463680139e+04 1.505549050992293969e+00 1.724340157223333517e+04 9.929984547158146047e-01 2.903329626467304188e+05 1.724349131927312919e+04 6.896763997207695502e+04
2.903332116384292021e+05 2.556498225234727142e+05 2.903331520314215450e+05 2.903332336344903451e+05 2.903331480116119492e+05 2.903334240528113442e+05 4.362843289702738984e+05 2.903333488492583856e+05 2.730921244948212989e+05 2.903333922067125677e+05 2.903328839281346882e+05 2.903334021455695038e+05 2.713952208139468567e+05 2.765665824831169448e+05 2.903333759169095429e+05 2.147653746561089938e+05 2.903332839239678578e+05 2.903332678635182092e+05 2.903333585386427003e+05 2.903330073581407778e+05 2.903333678520389949e+05 2.903329626467304770e+05 1.188064933214825724e+05 2.903333817863233271e+05 2.878704113605246530e+05
1.724356736264667779e+04 1.920298155926593172e+05 1.724351997093194950e+04 1.724359310917077528e+04 1.724352711245967294e+04 3.615644040618439612e+04 4.904980072158678668e+05 1.724361375582844994e+04 1.003159568157417671e+05 1.724359727444875898e+04 1.724300192099657579e+04 1.724370660254111135e+04 1.099285411451168911e+05 3.670258012950941920e+05 1.724357079247775255e+04 2.484346082402969769e+05 1.724360282525963703e+04 1.724354005859353128e+04 1.724379750400281409e+04 1.724340643628877660e+04 1.546884970918240469e+04 1.724349131927312919e+04 2.903333817863232689e+05 1.243297920170514992e+00 6.896788462034163240e+04
6.896775531334862171e+04 1.895666502940196078e+05 6.896771668031613808e+04 6.896781344993742823e+04 6.896776184119342361e+04 5.896443426861825719e+04 4.880350055441826116e+05 6.896776521806338860e+04 9.780859006398550991e+04 6.846079405370386667e+04 6.896725613992783474e+04 6.896793811115746212e+04 1.021918255794753495e+05 3.645628344274847768e+05 6.896787348639390257e+04 2.459717442243542173e+05 6.896782741274376167e+04 6.896771654966240749e+04 6.896788485504995333e+04 6.896756650638497376e+04 6.795373164393627667e+04 6.896763997207695502e+04 2.878704113605246530e+05 6.896788462034163240e+04 1.010361995098663101e+04
