3.637127117331995230e-01 1.366438670373719244e+00 3.149150445257110405e+05 1.285249021086641852e+00 3.832684614189152489e+05 5.326812246808515505e-01 1.041807199598273655e+04 8.343312039554072745e-01 1.055820345139473648e+00 1.347050346937398668e+00 1.232816418000280745e+00 6.250153796743812563e+04 1.281198257917919081e+00 2.864733451051534576e+04 2.360536955804239551e+05 4.861266602177402820e+04 1.788209707963057444e+05 6.250148155025987944e+04 2.083476415650502895e+04 1.285960971271029848e+05 1.343939403717259840e+00 1.363203254667676889e+00 7.813402421274357766e+04 2.083476856910675269e+04 1.202606264545611703e+00
1.366438670373719244e+00 5.002509775964045780e-01 3.149154629347556038e+05 1.665003553037996298e+00 3.832687866353974678e+05 1.189291422910390361e+00 1.041850221083008000e+04 1.555539130160072059e+00 1.628910355356854689e+00 1.757903505016298329e+00 1.828224499216454246e+00 6.250199752683695988e+04 1.709586761428717683e+00 2.864785771608416690e+04 2.360541707374378748e+05 4.861298214191471197e+04 1.788214103286114114e+05 6.250187695014333440e+04 2.083524459101670436e+04 1.285965404922215384e+05 1.683702833585339009e+00 1.712754208360291575e+00 7.813452832759023295e+04 2.083530285411935256e+04 1.742895625844224528e+00
3.149150445257110405e+05 3.149154629347556038e+05 7.457253123570416938e+04 3.149154701444969978e+05 1.394459338678631175e+05 3.149150115039589582e+05 3.149154574447361520e+05 3.149150958836209029e+05 3.149150733569196309e+05 3.149151550259161741e+05 3.149152345438070479e+05 2.940822417373204371e+05 3.149155089559610351e+05 3.149154841191929881e+05 1.398193420470843848e+05 3.079711443194883759e+05 2.168251545793692931e+05 2.940823217977838940e+05 3.149154907004397828e+05 2.496884934674079705e+05 3.149155112550920458e+05 3.149153986047123326e+05 2.825081855435027974e+05 3.149155771075214143e+05 3.149151701735474053e+05
1.285249021086641852e+00 1.665003553037996298e+00 3.149154701444969978e+05 5.506485525050930363e-01 3.832687597428165027e+05 1.168079355983812295e+00 1.041845899656436632e+04 1.502412501228255648e+00 1.619645609409087861e+00 1.630801077771226959e+00 1.637328167780576438e+00 6.250203515724668978e+04 1.564738662243662093e+00 2.864791343631118070e+04 2.360541646892031422e+05 4.861312810154054023e+04 1.788213001084045973e+05 6.250199950340703072e+04 2.083515908609630424e+04 1.285966225453146471e+05 1.678454448349750328e+00 1.468439182135175880e+00 7.813451949395719566e+04 2.083522219756288541e+04 1.618847042258614533e+00
3.832684614189152489e+05 3.832687866353974678e+05 1.394459338678631175e+05 3.832687597428165027e+05 5.127431819303958764e+04 3.832684025778548676e+05 3.832688691227523959e+05 3.832684775767361862e+05 3.832684549337758217e+05 3.832685768887296435e+05 3.832686020030809450e+05 3.624355670929679181e+05 3.832688398244271521e+05 3.832687481671019923e+05 2.109200505674935121e+05 3.763243801115465467e+05 2.851783929586909362e+05 3.624355389834286179e+05 3.832688855048348778e+05 3.188747957205044804e+05 3.832688781913024723e+05 3.832688091015018872e+05 3.508614922147209872e+05 3.832689108073860989e+05 3.832684143296467955e+05
5.326812246808515505e-01 1.189291422910390361e+00 3.149150115039589582e+05 1.168079355983812295e+00 3.832684025778548676e+05 2.065833029138961496e-01 1.041791489398143858e+04 7.871641763070609255e-01 9.446964119378961078e-01 1.140818702194675405e+00 1.060840761619013195e+00 6.250136082024088682e+04 1.183816775311749891e+00 2.864710613346677928e+04 2.360536838553419802e+05 4.861246211953387683e+04 1.788208571285269572e+05 6.250128954349771811e+04 2.083454512498928307e+04 1.285959655503109534e+05 1.185620326193544294e+00 1.144765242165110664e+00 7.813390861418818531e+04 2.083457727933448768e+04 1.002695900351889824e+00
1.041807199598273837e+04 1.041850221083008364e+04 3.149154574447361520e+05 1.041845899656436632e+04 3.832688691227523959e+05 1.041791489398143858e+04 1.041720171610547004e+04 1.041814739215303052e+04 1.041838785379889123e+04 1.041839914380920709e+04 1.041846829163118673e+04 6.250210796451727947e+04 1.041857073520830272e+04 1.917803226527456718e+04 2.360541052356925793e+05 4.861314914567759115e+04 1.788214218495822861e+05 6.250193559727611864e+04 1.041837853414487836e+04 1.285966602469561622e+05 1.041848071714792241e+04 1.041848553963392442e+04 7.813467675927894015e+04 1.041836730110875760e+04 1.041846839629376336e+04
8.343312039554072745e-01 1.555539130160071837e+00 3.149150958836209029e+05 1.502412501228255426e+00 3.832684775767362444e+05 7.871641763070609255e-01 1.041814739215303052e+04 4.059623103679617651e-01 1.040759761036353481e+00 1.524821945082305730e+00 1.352674545462734468e+00 6.250165502212687716e+04 1.560579149173180413e+00 2.864741429502805840e+04 2.360537602591052710e+05 4.861271260368846561e+04 1.788210177263416117e+05 6.250156933487813512e+04 2.083494632649835694e+04 1.285962050055003347e+05 1.626737641369230492e+00 1.569379824901122156e+00 7.813417883521004114e+04 2.083493336710654694e+04 1.261178977638695020e+00
1.055820345139473648e+00 1.628910355356854689e+00 3.149150733569196309e+05 1.619645609409087861e+00 3.832684549337758799e+05 9.446964119378959968e-01 1.041838785379889123e+04 1.040759761036353481e+00 4.593710412649013031e-01 1.564144965152933109e+00 1.411300058638692123e+00 6.250166526335632807e+04 1.670153956541027496e+00 2.864752151473646154e+04 2.360538116374750098e+05 4.861266752263663511e+04 1.788210911539745284e+05 6.250172507146166754e+04 2.083501751379974667e+04 1.285962590845205268e+05 1.723168162239842260e+00 1.676569252555836886e+00 7.813420228200193378e+04 2.083509719181266337e+04 1.131989605855616476e+00
1.347050346937398668e+00 1.757903505016298773e+00 3.149151550259161741e+05 1.630801077771226959e+00 3.832685768887296435e+05 1.140818702194675183e+00 1.041839914380920709e+04 1.524821945082305730e+00 1.564144965152933109e+00 5.636854528673082010e-01 1.305664891232636737e+00 6.250205666122038383e+04 1.731639055310397746e+00 2.864760368764117811e+04 2.360539350215233862e+05 4.861298207217091112e+04 1.788212898389756447e+05 6.250193689640767843e+04 2.083527699561677946e+04 1.285965349471291265e+05 1.809999690324182620e+00 1.593788838041789724e+00 7.813456344909634208e+04 2.083529234264124534e+04 1.423078621297051649e+00
1.232816418000280967e+00 1.828224499216454246e+00 3.149152345438070479e+05 1.637328167780576438e+00 3.832686020030809450e+05 1.060840761619013195e+00 1.041846829163118673e+04 1.352674545462734468e+00 1.411300058638692345e+00 1.305664891232636737e+00 4.528974208317600447e-01 6.250195910091503902e+04 1.645873767503595042e+00 2.864770014862618336e+04 2.360538900984937500e+05 4.861296325655226974e+04 1.788210161849349970e+05 6.250188892005162052e+04 2.083512362519948510e+04 1.285964672524924390e+05 1.704512323607686675e+00 1.683379319003000196e+00 7.813458706720375631e+04 2.083504558516619363e+04 1.231324675913373357e+00
6.250153796743812563e+04 6.250199752683695988e+04 2.940822417373204371e+05 6.250203515724668978e+04 3.624355670929679764e+05 6.250136082024088682e+04 6.250210796451727947e+04 6.250165502212687716e+04 6.250166526335632807e+04 6.250205666122038383e+04 6.250195910091503902e+04 6.199009030242680637e+03 6.250204421599586203e+04 5.434518658837869589e+04 2.152209619902653212e+05 3.093641187885168983e+04 1.397589359180799220e+05 1.704722765616767720e+04 6.250213791805251094e+04 7.918195474345730327e+04 6.250203573224852153e+04 6.250213762681412481e+04 1.942210004021481291e+04 6.250207342483057437e+04 6.250180677332875348e+04
1.281198257917919081e+00 1.709586761428717683e+00 3.149155089559610351e+05 1.564738662243662093e+00 3.832688398244271521e+05 1.183816775311749891e+00 1.041857073520830090e+04 1.560579149173180413e+00 1.670153956541027496e+00 1.731639055310397746e+00 1.645873767503595042e+00 6.250204421599586203e+04 4.507307482544626320e-01 2.864781293451555757e+04 2.360541155731173640e+05 4.861310510025207623e+04 1.788213579548503330e+05 6.250200885822175769e+04 2.083516331184195951e+04 1.285966636806243041e+05 1.782858654519440922e+00 1.540362836053636109e+00 7.813441119327378692e+04 2.083529579608192944e+04 1.698856538513501491e+00
2.864733451051534939e+04 2.864785771608417053e+04 3.149154841191929881e+05 2.864791343631118434e+04 3.832687481671021669e+05 2.864710613346679020e+04 1.917803226527456718e+04 2.864741429502806204e+04 2.864752151473646882e+04 2.864760368764118175e+04 2.864770014862618700e+04 5.434518658837869589e+04 2.864781293451556121e+04 1.320966093064661800e+04 2.360542094717629661e+05 3.890641438024104718e+04 1.719855325436589774e+05 5.279543851976396400e+04 9.708374210543879599e+03 1.207841307264224743e+05 2.864786093499305207e+04 2.864786684929655894e+04 7.032211559053485689e+04 9.708346740911911184e+03 2.864753663898130981e+04
2.360536955804239551e+05 2.360541707374378748e+05 1.398193420470843848e+05 2.360541646892031713e+05 2.109200505674935121e+05 2.360536838553419802e+05 2.360541052356925793e+05 2.360537602591052710e+05 2.360538116374750098e+05 2.360539350215233862e+05 2.360538900984937500e+05 2.152209619902653212e+05 2.360541155731173640e+05 2.360542094717629661e+05 2.750613907466196906e+04 2.291099039583230624e+05 1.175942043662968790e+05 2.152210899610929482e+05 2.360542449851323327e+05 1.633958575715904008e+05 2.360542309192511893e+05 2.360542096639979864e+05 2.036470052234505711e+05 2.360542819210570888e+05 2.360538477741937095e+05
4.861266602177402820e+04 4.861298214191471197e+04 3.079711443194883759e+05 4.861312810154054023e+04 3.763243801115465467e+05 4.861246211953387683e+04 4.861314914567759115e+04 4.861271260368845833e+04 4.861266752263663511e+04 4.861298207217091112e+04 4.861296325655226974e+04 3.093641187885168983e+04 4.861310510025207623e+04 3.890641438024104718e+04 2.291099039583230624e+05 9.259721881352514174e+03 1.536480575237533776e+05 1.389057460733971857e+04 4.861303117390331317e+04 1.008187074812753417e+05 4.861309497077789274e+04 4.861305853940377710e+04 5.035677143108766904e+04 4.861299736272033624e+04 4.861277946793858428e+04
1.788209707963057444e+05 1.788214103286114114e+05 2.168251545793692931e+05 1.788213001084045973e+05 2.851783929586909944e+05 1.788208571285269572e+05 1.788214218495822861e+05 1.788210177263416117e+05 1.788210911539745284e+05 1.788212898389756447e+05 1.788210161849349970e+05 1.397589359180799220e+05 1.788213579548503330e+05 1.719855325436589483e+05 1.175942043662968354e+05 1.536480575237533776e+05 3.396878549334090349e+04 1.397591049602575949e+05 1.788214635278283677e+05 7.507308413831719372e+04 1.788213061544018274e+05 1.788214041136495071e+05 1.264456454438706132e+05 1.788213937866233173e+05 1.788211110527572164e+05
6.250148155025987944e+04 6.250187695014333440e+04 2.940823217977838940e+05 6.250199950340703072e+04 3.624355389834286179e+05 6.250128954349771811e+04 6.250193559727611864e+04 6.250156933487813512e+04 6.250172507146166754e+04 6.250193689640767843e+04 6.250188892005162052e+04 1.704722765616767720e+04 6.250200885822175769e+04 5.279543851976395672e+04 2.152210899610929482e+05 1.389057460733971857e+04 1.397591049602575949e+05 5.550214336436077867e-01 6.250212323713276419e+04 8.692996632646673243e+04 6.250203248873729899e+04 6.250198668810990785e+04 3.646781219677756599e+04 6.250199779830505577e+04 6.250170244677188748e+04
2.083476415650502895e+04 2.083524459101670436e+04 3.149154907004397828e+05 2.083515908609630424e+04 3.832688855048348778e+05 2.083454512498928307e+04 1.041837853414487836e+04 2.083494632649834966e+04 2.083501751379974667e+04 2.083527699561677946e+04 2.083512362519948510e+04 6.250213791805251094e+04 2.083516331184195951e+04 9.708374210543879599e+03 2.360542449851323327e+05 4.861303117390331317e+04 1.788214635278283677e+05 6.250212323713276419e+04 4.869155283494747133e-01 1.285966651564989879e+05 2.083524156309519822e+04 2.083509345118653073e+04 7.813453473300859332e+04 1.701778244500732118e+00 2.083514505032736633e+04
1.285960971271029848e+05 1.285965404922215821e+05 2.496884934674079705e+05 1.285966225453146471e+05 3.188747957205044804e+05 1.285959655503109534e+05 1.285966602469561622e+05 1.285962050055003638e+05 1.285962590845205559e+05 1.285965349471291265e+05 1.285964672524924681e+05 7.918195474345730327e+04 1.285966636806243478e+05 1.207841307264224597e+05 1.633958575715904008e+05 1.008187074812753417e+05 7.507308413831719372e+04 8.692996632646673243e+04 1.285966651564989879e+05 3.418553377537884080e+04 1.285965814221827895e+05 1.285966424231150449e+05 6.182763723244601715e+04 1.285965940225538943e+05 1.285963068535302446e+05
1.343939403717259840e+00 1.683702833585339009e+00 3.149155112550920458e+05 1.678454448349750328e+00 3.832688781913024723e+05 1.185620326193544294e+00 1.041848071714792059e+04 1.626737641369230492e+00 1.723168162239842260e+00 1.809999690324182620e+00 1.704512323607686675e+00 6.250203573224852153e+04 1.782858654519440922e+00 2.864786093499304843e+04 2.360542309192511893e+05 4.861309497077789274e+04 1.788213061544018274e+05 6.250203248873729899e+04 2.083524156309519822e+04 1.285965814221827895e+05 4.525507931569257569e-01 1.617057907789362980e+00 7.813456244520409382e+04 2.083517424203251358e+04 1.828846112023906345e+00
1.363203254667676889e+00 1.712754208360291130e+00 3.149153986047123326e+05 1.468439182135175214e+00 3.832688091015019454e+05 1.144765242165110442e+00 1.041848553963392624e+04 1.569379824901122156e+00 1.676569252555836886e+00 1.593788838041789724e+00 1.683379319002999974e+00 6.250213762681413937e+04 1.540362836053636109e+00 2.864786684929655894e+04 2.360542096639979864e+05 4.861305853940378438e+04 1.788214041136495071e+05 6.250198668810991512e+04 2.083509345118653437e+04 1.285966424231150449e+05 1.617057907789362980e+00 5.030274974013744238e-01 7.813450767685635947e+04 2.083524221336856499e+04 1.648608460516372887e+00
7.813402421274359222e+04 7.813452832759023295e+04 2.825081855435027974e+05 7.813451949395719566e+04 3.508614922147209872e+05 7.813390861418818531e+04 7.813467675927894015e+04 7.813417883521002659e+04 7.813420228200193378e+04 7.813456344909634208e+04 7.813458706720375631e+04 1.942210004021481291e+04 7.813441119327378692e+04 7.032211559053485689e+04 2.036470052234505711e+05 5.035677143108768360e+04 1.264456454438706132e+05 3.646781219677756599e+04 7.813453473300859332e+04 6.182763723244602443e+04 7.813456244520409382e+04 7.813450767685634491e+04 1.682422935663097451e+04 7.813466839219161193e+04 7.813437616698160127e+04
2.083476856910675269e+04 2.083530285411935256e+04 3.149155771075214143e+05 2.083522219756288541e+04 3.832689108073860989e+05 2.083457727933448768e+04 1.041836730110875760e+04 2.083493336710654330e+04 2.083509719181266337e+04 2.083529234264124534e+04 2.083504558516619363e+04 6.250207342483057437e+04 2.083529579608192944e+04 9.708346740911907546e+03 2.360542819210570888e+05 4.861299736272033624e+04 1.788213937866233173e+05 6.250199779830505577e+04 1.701778244500732118e+00 1.285965940225538943e+05 2.083517424203251358e+04 2.083524221336856135e+04 7.813466839219161193e+04 7.167715762046145134e-01 2.083516035422547429e+04
1.202606264545611703e+00 1.742895625844224528e+00 3.149151701735474053e+05 1.618847042258614533e+00 3.832684143296468537e+05 1.002695900351889824e+00 1.041846839629376336e+04 1.261178977638694798e+00 1.131989605855616476e+00 1.423078621297051649e+00 1.231324675913373357e+00 6.250180677332875348e+04 1.698856538513501713e+00 2.864753663898130617e+04 2.360538477741937095e+05 4.861277946793858428e+04 1.788211110527572164e+05 6.250170244677188748e+04 2.083514505032736633e+04 1.285963068535302446e+05 1.828846112023906345e+00 1.648608460516372665e+00 7.813437616698160127e+04 2.083516035422547429e+04 4.621711463433668676e-01
