3.188645511598911980e+04 1.543577024427206488e+05 1.543573119813115045e+05 1.543575952591154200e+05 1.543575521899976302e+05 2.500016221920326352e+05 1.429940148428023094e+05 2.849792993999457758e+04 1.543576723763370828e+05 1.543576189619282377e+05 1.598589969416898093e+05 1.543571768487433437e+05 1.265798096323311474e+05 1.543575940748495341e+05 2.500017023223545693e+05 2.593327356508779048e+05 7.226133117049660359e+04 1.543576896874721278e+05 1.543577934907526942e+05 2.500017501544309780e+05 9.917850187247400754e+04 1.543571444812378904e+05 1.543577031156512094e+05 5.649118199767837359e+04 2.197967896928619884e+05
1.543577024427206488e+05 4.312756710839906749e-01 1.288225486854783775e+00 1.275390537839336647e+00 1.356686721724381872e+00 2.954558655223270762e+05 1.136538956915409653e+04 1.323545253495602228e+05 1.562312784462531967e+00 1.738208811103956863e+00 2.399005103022146795e+05 1.112062609361034848e+00 2.777962112618268657e+04 1.281538201221751327e+00 3.181830870408714400e+05 3.075151766918231733e+05 8.441729457123765314e+04 1.686079435930018855e+00 1.102120282406608309e+00 2.954558424863310065e+05 1.931834043314640585e+05 9.532915700876782861e-01 1.081525468288103919e+00 1.028155386422530719e+05 2.747947034817521344e+05
1.543573119813115045e+05 1.288225486854783775e+00 3.007521155184876283e-01 1.061872147294589119e+00 7.994627504428815090e-01 2.954557201393727446e+05 1.136504511606064625e+04 1.323542934419494122e+05 1.439697726351024887e+00 1.460618277615713723e+00 2.399000817347856355e+05 5.768122614618791388e-01 2.777917374875015594e+04 1.359395860920936894e+00 3.181830192168713547e+05 3.075151003856780590e+05 8.441702932169867563e+04 1.434575125177888655e+00 1.283081531962014354e+00 2.954557327796231839e+05 1.931830025109044800e+05 6.198584925655052924e-01 1.325767574591820708e+00 1.028153270736316190e+05 2.747945872371335863e+05
1.543575952591154200e+05 1.275390537839336647e+00 1.061872147294589119e+00 3.457973567952074556e-01 9.841565517265714602e-01 2.954558440062553273e+05 1.136532913227872450e+04 1.323545703469038999e+05 1.550788449893134135e+00 1.615095849009648754e+00 2.399002234822596365e+05 9.747165362596088567e-01 2.777944051842585395e+04 1.526232063478446976e+00 3.181830737445180421e+05 3.075152422278327867e+05 8.441720451362365566e+04 1.534275831467342144e+00 1.106425258217712759e+00 2.954558147968763369e+05 1.931832422520662076e+05 8.684751277441961070e-01 1.473327355324057786e+00 1.028154589531168167e+05 2.747946806570800254e+05
1.543575521899976302e+05 1.356686721724381872e+00 7.994627504428815090e-01 9.841565517265714602e-01 2.663379049330087955e-01 2.954557064037389355e+05 1.136519109374120671e+04 1.323544114951957599e+05 1.561771137026239931e+00 1.542646248840446210e+00 2.399002465261409525e+05 8.512623878111664766e-01 2.777939812684718709e+04 1.590399038403240928e+00 3.181831329295782489e+05 3.075151650979329133e+05 8.441711837348576228e+04 1.586214954731893334e+00 1.272986503660022306e+00 2.954558142543329159e+05 1.931831833453005820e+05 7.442817463392761290e-01 1.484265995939192617e+00 1.028153401368596678e+05 2.747945584869952872e+05
2.500016221920326352e+05 2.954558655223270762e+05 2.954557201393727446e+05 2.954558440062553273e+05 2.954557064037389355e+05 3.668331718592598989e-01 2.840925229105637991e+05 2.500017111477638537e+05 2.954560394548214390e+05 2.954559962788831908e+05 1.792945987103854713e+05 2.954556160225391504e+05 2.702036303687596228e+05 2.954560203490485437e+05 9.172234022518371057e+04 9.131990056793243275e+04 2.500016133464748273e+05 2.954561750792466919e+05 2.954558295055941562e+05 1.278014478730614023e+00 2.386380018198565231e+05 2.954555778755908250e+05 2.954558011433533975e+05 2.500015801164470613e+05 1.342988746514247032e+05
1.429940148428023094e+05 1.136538956915409653e+04 1.136504511606064625e+04 1.136532913227872268e+04 1.136519109374120671e+04 2.840925229105637991e+05 1.136409161965727253e+04 1.209909225472301332e+05 1.136534712106729785e+04 1.136539105709913019e+04 2.285368346812324016e+05 1.136482326506855134e+04 1.641564067439419523e+04 1.136535919494450718e+04 3.068198908661382156e+05 2.961518894100298639e+05 7.305344458265908179e+04 1.136524781185523716e+04 1.136538988590087320e+04 2.840925677726180875e+05 1.818198247408679454e+05 1.136473615479470755e+04 1.136545082825615464e+04 9.145163230759055295e+04 2.634314050056345877e+05
2.849792993999457394e+04 1.323545253495602228e+05 1.323542934419494122e+05 1.323545703469038999e+05 1.323544114951957599e+05 2.500017111477638537e+05 1.209909225472301187e+05 6.606255964577404484e+03 1.323546885320772999e+05 1.323545566732926527e+05 1.843449648399792495e+05 1.323540588794179494e+05 1.045765947758526454e+05 1.323545773636687081e+05 2.540125087620341219e+05 2.609601960853996570e+05 4.793888601552092587e+04 1.323545667276099848e+05 1.323546222568042285e+05 2.500018148092950869e+05 1.239005205588512617e+05 1.323539685926978709e+05 1.323545271077541402e+05 2.954055842370379469e+04 2.293404396323265973e+05
1.543576723763370828e+05 1.562312784462531967e+00 1.439697726351024887e+00 1.550788449893133913e+00 1.561771137026239931e+00 2.954560394548214390e+05 1.136534712106729785e+04 1.323546885320772999e+05 2.377125995625375687e-01 1.594725402329619124e+00 2.399005082655512670e+05 1.226038686868441197e+00 2.777957431084662312e+04 1.356216724392572681e+00 3.181832642796035507e+05 3.075154375282799010e+05 8.441739302542383666e+04 1.392725755091111184e+00 1.531027896217597828e+00 2.954559435572724906e+05 1.931832456937003008e+05 1.088160424471095622e+00 1.529268234767281909e+00 1.028156064939819771e+05 2.747948761580913560e+05
1.543576189619282377e+05 1.738208811103956419e+00 1.460618277615713723e+00 1.615095849009648754e+00 1.542646248840446210e+00 2.954559962788831908e+05 1.136539105709913019e+04 1.323545566732926527e+05 1.594725402329619124e+00 3.327236718873624044e-01 2.399004192259054689e+05 1.298515754217841156e+00 2.777945210154883534e+04 1.545885615498882260e+00 3.181834569873047294e+05 3.075155837069877889e+05 8.441728420037677279e+04 1.586111538452697589e+00 1.631129193576065894e+00 2.954561387729129638e+05 1.931832069433364086e+05 1.114068701989108012e+00 1.742330556586637824e+00 1.028154473480716988e+05 2.747949636158721405e+05
1.598589969416898384e+05 2.399005103022146795e+05 2.399000817347856355e+05 2.399002234822596365e+05 2.399002465261409525e+05 1.792945987103854713e+05 2.285368346812324016e+05 1.843449648399792495e+05 2.399005082655512670e+05 2.399004192259054689e+05 2.244698952585585721e+04 2.398999723379853240e+05 2.135256871313221054e+05 2.399004390449921775e+05 2.020219622629568912e+05 1.816138801258061721e+05 1.843449723229962110e+05 2.399004329410050123e+05 2.399003906225241080e+05 1.792946792807925376e+05 6.068168268769051792e+04 2.399000217347915459e+05 2.399004745461162820e+05 1.843449547169490834e+05 8.882799557861642097e+04
1.543571768487433146e+05 1.112062609361034848e+00 5.768122614618790278e-01 9.747165362596088567e-01 8.512623878111664766e-01 2.954556160225391504e+05 1.136482326506855134e+04 1.323540588794179494e+05 1.226038686868441197e+00 1.298515754217841156e+00 2.398999723379853240e+05 1.779492782264849582e-01 2.777905639684715425e+04 1.210103030971427351e+00 3.181829982272204361e+05 3.075150844583983417e+05 8.441677821722834778e+04 1.261345281693166731e+00 1.073364087975846370e+00 2.954557418772769161e+05 1.931828580326083174e+05 3.097982699413859842e-01 1.112237150204865133e+00 1.028150706302745821e+05 2.747944203524740296e+05
1.265798096323311474e+05 2.777962112618268657e+04 2.777917374875014866e+04 2.777944051842585395e+04 2.777939812684718709e+04 2.702036303687596228e+05 1.641564067439419523e+04 1.045765947758526454e+05 2.777957431084662312e+04 2.777945210154883534e+04 2.135256871313221054e+05 2.777905639684715425e+04 8.979062495072001184e+03 2.777965969717016196e+04 2.929309498103646329e+05 2.822631648010359495e+05 5.663929914951973478e+04 2.777942972583778828e+04 2.777964154511240849e+04 2.702036132143861032e+05 1.654055472277925874e+05 2.777894904803761892e+04 2.777967741222832774e+04 7.503771856156221475e+04 2.495424987411245238e+05
1.543575940748495341e+05 1.281538201221751327e+00 1.359395860920936894e+00 1.526232063478446976e+00 1.590399038403240706e+00 2.954560203490485437e+05 1.136535919494450718e+04 1.323545773636687081e+05 1.356216724392572903e+00 1.545885615498882260e+00 2.399004390449921775e+05 1.210103030971427351e+00 2.777965969717016196e+04 3.846076097195946231e-01 3.181831910614543594e+05 3.075152598358058603e+05 8.441739646370387345e+04 1.563773283997873742e+00 1.406329086433337761e+00 2.954560037321553100e+05 1.931834093415776442e+05 1.083027394828262047e+00 1.335110582895541409e+00 1.028155919918423169e+05 2.747948031992629403e+05
2.500017023223545693e+05 3.181830870408714400e+05 3.181830192168713547e+05 3.181830737445180421e+05 3.181831329295782489e+05 9.172234022518372512e+04 3.068198908661382156e+05 2.540125087620341219e+05 3.181832642796035507e+05 3.181834569873047294e+05 2.020219622629568912e+05 3.181829982272204361e+05 2.929309498103646329e+05 3.181831910614543594e+05 3.691441601915084175e+04 9.638065831870464899e+04 2.727291081267216359e+05 3.181833862607025076e+05 3.181829134071512381e+05 9.172198878420724941e+04 2.600284650520675059e+05 3.181829758809652412e+05 3.181830808548835339e+05 2.727289717630851083e+05 1.323392323977518827e+05
2.593327356508779048e+05 3.075151766918231733e+05 3.075151003856780590e+05 3.075152422278327867e+05 3.075151650979329133e+05 9.131990056793243275e+04 2.961518894100298639e+05 2.609601960853996570e+05 3.075154375282799010e+05 3.075155837069877889e+05 1.816138801258061721e+05 3.075150844583983417e+05 2.822631648010359495e+05 3.075152598358058603e+05 9.638065831870464899e+04 2.544286545127362479e+04 2.620610348684927158e+05 3.075155525890590507e+05 3.075150940600749454e+05 9.131974079408324906e+04 2.408786970116587181e+05 3.075150605238403659e+05 3.075151888364325860e+05 2.620610188893736631e+05 9.562792641629418358e+04
7.226133117049660359e+04 8.441729457123765314e+04 8.441702932169867563e+04 8.441720451362365566e+04 8.441711837348576228e+04 2.500016133464748273e+05 7.305344458265908179e+04 4.793888601552092587e+04 8.441739302542383666e+04 8.441728420037677279e+04 1.843449723229962110e+05 8.441677821722834778e+04 5.663929914951973478e+04 8.441739646370387345e+04 2.727291081267216359e+05 2.620610348684927158e+05 9.276732781594284461e+03 8.441718699058936909e+04 8.441728327641224314e+04 2.500017323256875679e+05 1.250015072623680753e+05 8.441659723488749296e+04 8.441734433863082086e+04 1.839959489935783495e+04 2.293403337924702209e+05
1.543576896874721278e+05 1.686079435930018855e+00 1.434575125177888655e+00 1.534275831467342144e+00 1.586214954731893334e+00 2.954561750792466919e+05 1.136524781185523716e+04 1.323545667276099848e+05 1.392725755091111184e+00 1.586111538452697589e+00 2.399004329410050123e+05 1.261345281693167175e+00 2.777942972583778828e+04 1.563773283997873742e+00 3.181833862607025076e+05 3.075155525890590507e+05 8.441718699058936909e+04 3.572610348980098105e-01 1.760954593512985999e+00 2.954560814453055500e+05 1.931833171800229175e+05 1.107366139969108154e+00 1.698181868489530233e+00 1.028155560955741385e+05 2.747950092244257103e+05
1.543577934907526651e+05 1.102120282406608309e+00 1.283081531962014354e+00 1.106425258217712759e+00 1.272986503660022306e+00 2.954558295055941562e+05 1.136538988590087320e+04 1.323546222568042285e+05 1.531027896217598050e+00 1.631129193576066339e+00 2.399003906225241080e+05 1.073364087975846370e+00 2.777964154511240486e+04 1.406329086433337983e+00 3.181829134071512381e+05 3.075150940600749454e+05 8.441728327641224314e+04 1.760954593512985999e+00 2.309743172253897747e-01 2.954558666763380170e+05 1.931834389685627248e+05 9.216948247065086530e-01 1.173516350886224524e+00 1.028155046745777800e+05 2.747946861407046090e+05
2.500017501544309780e+05 2.954558424863310065e+05 2.954557327796231839e+05 2.954558147968763369e+05 2.954558142543329159e+05 1.278014478730614023e+00 2.840925677726181457e+05 2.500018148092950869e+05 2.954559435572724906e+05 2.954561387729129638e+05 1.792946792807925376e+05 2.954557418772769161e+05 2.702036132143861032e+05 2.954560037321553100e+05 9.172198878420722031e+04 9.131974079408324906e+04 2.500017323256875970e+05 2.954560814453055500e+05 2.954558666763380170e+05 3.609159892162868144e-01 2.386380711935224244e+05 2.954556678490912309e+05 2.954558825575179653e+05 2.500017926592122240e+05 1.342991681957341498e+05
9.917850187247399299e+04 1.931834043314640585e+05 1.931830025109044800e+05 1.931832422520662076e+05 1.931831833453005820e+05 2.386380018198565231e+05 1.818198247408679454e+05 1.239005205588512617e+05 1.931832456937003008e+05 1.931832069433364086e+05 6.068168268769051792e+04 1.931828580326083174e+05 1.654055472277925874e+05 1.931834093415776442e+05 2.600284650520675059e+05 2.408786970116587181e+05 1.250015072623680753e+05 1.931833171800229175e+05 1.931834389685627248e+05 2.386380711935224244e+05 1.956223406032439379e+04 1.931828062471041922e+05 1.931833350550964824e+05 1.250016064695246750e+05 1.495084433695933549e+05
1.543571444812378904e+05 9.532915700876782861e-01 6.198584925655052924e-01 8.684751277441961070e-01 7.442817463392761290e-01 2.954555778755908250e+05 1.136473615479470755e+04 1.323539685926978709e+05 1.088160424471095622e+00 1.114068701989108012e+00 2.399000217347915459e+05 3.097982699413859842e-01 2.777894904803761892e+04 1.083027394828262047e+00 3.181829758809652412e+05 3.075150605238403659e+05 8.441659723488749296e+04 1.107366139969108154e+00 9.216948247065086530e-01 2.954556678490911727e+05 1.931828062471041922e+05 8.651933030519776135e-02 9.716510713104760111e-01 1.028149180076998309e+05 2.747944106576222111e+05
1.543577031156512094e+05 1.081525468288103919e+00 1.325767574591820708e+00 1.473327355324057786e+00 1.484265995939192617e+00 2.954558011433533975e+05 1.136545082825615464e+04 1.323545271077541111e+05 1.529268234767281909e+00 1.742330556586637824e+00 2.399004745461162820e+05 1.112237150204865133e+00 2.777967741222832410e+04 1.335110582895541409e+00 3.181830808548835339e+05 3.075151888364325860e+05 8.441734433863082086e+04 1.698181868489530233e+00 1.173516350886224524e+00 2.954558825575179653e+05 1.931833350550964824e+05 9.716510713104760111e-01 3.024720497331103708e-01 1.028155208702283126e+05 2.747946660137460567e+05
5.649118199767837359e+04 1.028155386422530719e+05 1.028153270736316190e+05 1.028154589531168167e+05 1.028153401368596678e+05 2.500015801164470613e+05 9.145163230759055295e+04 2.954055842370379469e+04 1.028156064939819771e+05 1.028154473480716988e+05 1.843449547169490834e+05 1.028150706302745821e+05 7.503771856156221475e+04 1.028155919918423169e+05 2.727289717630851083e+05 2.620610188893736631e+05 1.839959489935783495e+04 1.028155560955741385e+05 1.028155046745777800e+05 2.500017926592122240e+05 1.250016064695246605e+05 1.028149180076998309e+05 1.028155208702283126e+05 1.133823962750843384e+04 2.293404485174421570e+05
2.197967896928619884e+05 2.747947034817521344e+05 2.747945872371335863e+05 2.747946806570800254e+05 2.747945584869952872e+05 1.342988746514247032e+05 2.634314050056345877e+05 2.293404396323265973e+05 2.747948761580913560e+05 2.747949636158721405e+05 8.882799557861643552e+04 2.747944203524740296e+05 2.495424987411245238e+05 2.747948031992629403e+05 1.323392323977518827e+05 9.562792641629418358e+04 2.293403337924702209e+05 2.747950092244257103e+05 2.747946861407046090e+05 1.342991681957341498e+05 1.495084433695933549e+05 2.747944106576222111e+05 2.747946660137460567e+05 2.293404485174421570e+05 3.733536021111250011e+04
