7.771558171604467935e-01 1.087112028384609584e+04 2.174099823961634320e+04 7.211406886939196556e+04 1.087146890086419990e+04 3.323775735745987186e+04 1.087117555772794731e+04 1.087112367062257545e+04 7.764180590799982019e+04 5.824537980851400789e+03 3.520880698913380620e+05 1.156942608926415996e+05 1.575932092993687306e+00 9.161696655801124871e+04 1.054559150881360838e+05 1.683557301482605399e+05 1.087084420351520384e+04 6.163032257392424071e+04 4.155432542978181154e+05 5.124414766054640495e+04 2.370009829719520058e+05 1.087124260292656254e+04 1.087136938920072316e+04 1.545047445140909748e+00 1.518294603378147478e+00
1.087112028384609584e+04 6.553077070546526883e-01 2.174071494839429579e+04 7.211379216608538991e+04 1.087115432980041442e+04 3.323745636645723425e+04 1.219556317469061568e+00 1.120776567953433167e+00 7.764136692567128921e+04 6.989036146567854303e+03 3.520878398210552987e+05 1.156939635509911604e+05 1.087102872521632708e+04 9.161650450154072314e+04 1.054555303676255135e+05 1.683553485409494606e+05 8.657963200089745515e-01 6.163011791341672506e+04 4.155430842133105034e+05 5.124389930511008424e+04 2.370006778858369507e+05 1.319309983942476006e+00 1.087117709520753851e+04 1.087108392048797214e+04 1.087113872826245461e+04
2.174099823961635047e+04 2.174071494839429579e+04 1.087043063814730522e+04 6.124450584026997240e+04 1.087134080418728809e+04 1.809776680099753139e+04 2.174094421318765308e+04 2.174087076177383642e+04 6.677201084013795480e+04 1.980001395566490464e+04 3.412186240100967116e+05 1.048248056427941483e+05 2.174101987134112642e+04 8.074736464835054358e+04 9.458637882755910687e+04 1.574861554839714081e+05 2.174052869988828752e+04 5.076067526607165200e+04 4.046738824573273305e+05 4.037450588346639415e+04 2.261315407122655015e+05 2.174091594877170428e+04 1.087131906990476091e+04 2.174106174095771348e+04 2.174097008555461434e+04
7.211406886939196556e+04 7.211379216608538991e+04 6.124450584026997240e+04 1.229326638345956417e+04 7.211409920552084805e+04 4.987927742537533049e+04 7.211392541891369910e+04 7.211381965737270366e+04 4.478528125605777313e+04 7.211399203540966846e+04 3.303331001372662140e+05 9.393919035792774230e+04 7.211404787962304545e+04 4.951118752314407175e+04 8.278157487694808515e+04 1.466006695533356105e+05 7.211357270894793328e+04 3.328665049043790350e+04 3.937882420840114355e+05 4.181839077639106108e+04 2.152460406132530188e+05 7.211397842236650467e+04 7.211415162457534461e+04 7.211402585462665593e+04 7.211413189722078096e+04
1.087146890086419990e+04 1.087115432980041442e+04 1.087134080418728809e+04 7.211409920552084805e+04 7.991805808930607657e-01 2.896757283175283374e+04 1.087134212774119078e+04 1.087132420539661689e+04 7.764177604830307246e+04 8.930371455312995749e+03 3.520881908140861196e+05 1.156943566833779769e+05 1.087143661155912741e+04 9.161696230518473021e+04 1.054560205557198788e+05 1.683558237642091699e+05 1.087095879645168316e+04 6.163038978180009144e+04 4.155434643339853501e+05 5.124406096402128605e+04 2.370010262595913664e+05 1.087135393622316769e+04 1.712908233466011065e+00 1.087138487836472268e+04 1.087146346475681275e+04
3.323775735745987186e+04 3.323745636645723425e+04 1.809776680099752775e+04 4.987927742537533049e+04 2.896757283175283374e+04 6.367786567797441421e+03 3.323762150866985758e+04 3.323753859476768412e+04 5.587832345818082831e+04 3.247515384635052760e+04 3.303249984793581534e+05 9.393109674328831898e+04 3.323780406848801067e+04 6.985362214712433342e+04 8.369264326140328194e+04 1.465925648585247691e+05 3.323718769054278528e+04 3.326747803638372716e+04 3.937801426480077789e+05 2.288116091200803567e+04 2.152379183832970739e+05 3.323769011581782979e+04 2.896754896848709905e+04 3.323777960550429270e+04 3.323777600965445890e+04
1.087117555772794731e+04 1.219556317469061568e+00 2.174094421318764944e+04 7.211392541891369910e+04 1.087134212774119078e+04 3.323762150866985758e+04 7.045201125292599453e-01 1.307094649846569423e+00 7.764159818868567527e+04 6.989077023522094350e+03 3.520878288333801902e+05 1.156940169549923739e+05 1.087113529596793342e+04 9.161673763551413140e+04 1.054556459806280764e+05 1.683554418044486956e+05 1.038249398831224246e+00 6.163025292104506661e+04 4.155430659326298046e+05 5.124408854211392463e+04 2.370007467975597538e+05 1.325553917400961623e+00 1.087130125116642375e+04 1.087118931099145084e+04 1.087121245789534260e+04
1.087112367062257545e+04 1.120776567953433611e+00 2.174087076177383642e+04 7.211381965737270366e+04 1.087132420539661689e+04 3.323753859476768412e+04 1.307094649846569423e+00 6.518494291843895949e-01 7.764147317397293227e+04 6.988997917847495046e+03 3.520878701408680063e+05 1.156939441256038117e+05 1.087116127811691513e+04 9.161668839082212071e+04 1.054555981123892707e+05 1.683554246465833276e+05 9.579726664481607035e-01 6.163012620180110389e+04 4.155430675420910120e+05 5.124399266761870967e+04 2.370007448821333237e+05 1.349365326033149959e+00 1.087128668132929488e+04 1.087119633198277916e+04 1.087118403238644896e+04
7.764180590799982019e+04 7.764136692567128921e+04 6.677201084013795480e+04 4.478528125605777313e+04 7.764177604830307246e+04 5.587832345818081376e+04 7.764159818868567527e+04 7.764147317397293227e+04 1.499715259074707319e+04 7.764170881012956670e+04 3.303330747389604221e+05 9.238642619342956459e+04 7.764172211885030265e+04 5.570657303457143280e+04 7.457892778503746376e+04 1.450478931599861244e+05 7.764124395796559111e+04 4.501691695899965271e+04 3.937883660710265394e+05 4.812261486863804021e+04 2.142848285873545392e+05 7.764158057192474371e+04 7.764174087912285177e+04 7.764175516071448510e+04 7.764183136684607598e+04
5.824537980851400789e+03 6.989036146567856122e+03 1.980001395566490464e+04 7.211399203540966846e+04 8.930371455312995749e+03 3.247515384635052760e+04 6.989077023522094350e+03 6.988997917847496865e+03 7.764170881012958125e+04 6.794262015650310786e+03 3.520879236903671408e+05 1.156941330419251608e+05 5.824551396650178503e+03 9.161687446662962611e+04 1.054558333766437863e+05 1.683555548019046546e+05 6.988751529500964352e+03 6.163032941930707602e+04 4.155430942133544595e+05 5.124412277155277116e+04 2.370008429410931421e+05 6.989053620810494976e+03 8.930370318538647552e+03 5.824586312609455490e+03 5.824657058930948551e+03
3.520880698913380620e+05 3.520878398210552405e+05 3.412186240100967116e+05 3.303331001372662140e+05 3.520881908140861779e+05 3.303249984793581534e+05 3.520878288333801902e+05 3.520878701408680063e+05 3.303330747389604221e+05 3.520879236903671990e+05 1.090188331027344248e+05 3.275559205695202108e+05 3.520879764559701434e+05 3.303330570360854617e+05 3.302169023814883549e+05 3.195422102970507112e+05 3.520878085034081596e+05 3.303331057882955647e+05 2.793925869360730285e+05 3.303331647756049060e+05 2.466502224674180907e+05 3.520878412503654254e+05 3.520882004318278050e+05 3.520880150781943812e+05 3.520881040662798914e+05
1.156942608926415996e+05 1.156939635509911604e+05 1.048248056427941483e+05 9.393919035792774230e+04 1.156943566833779769e+05 9.393109674328831898e+04 1.156940169549923739e+05 1.156939441256038117e+05 9.238642619342956459e+04 1.156941330419251608e+05 3.275559205695202108e+05 3.146131186325989256e+04 1.156942128259906312e+05 8.151681201488521765e+04 5.010150896229458158e+04 1.144111811880835157e+05 1.156937767374943796e+05 9.393926444275090762e+04 3.919416584962193738e+05 9.393913691862263659e+04 1.965685080551169231e+05 1.156940917512402957e+05 1.156943214633981552e+05 1.156942071262086829e+05 1.156942639918314671e+05
1.575932092993687306e+00 1.087102872521632708e+04 2.174101987134112642e+04 7.211404787962304545e+04 1.087143661155912741e+04 3.323780406848801067e+04 1.087113529596793342e+04 1.087116127811691513e+04 7.764172211885033175e+04 5.824551396650178503e+03 3.520879764559701434e+05 1.156942128259906458e+05 7.319035018592727759e-01 9.161689459561872354e+04 1.054559218809685117e+05 1.683555128284267557e+05 1.087085359942556715e+04 6.163041287784012093e+04 4.155431771729104221e+05 5.124423276790211094e+04 2.370008363923583820e+05 1.087114318949472909e+04 1.087135807903102796e+04 1.497080724673232943e+00 1.626319872446903236e+00
9.161696655801124871e+04 9.161650450154072314e+04 8.074736464835054358e+04 4.951118752314407175e+04 9.161696230518473021e+04 6.985362214712433342e+04 9.161673763551413140e+04 9.161668839082212071e+04 5.570657303457143280e+04 9.161687446662962611e+04 3.303330570360854617e+05 8.151681201488521765e+04 9.161689459561872354e+04 2.669992716228237623e+04 6.936105689747743600e+04 1.326142678291925113e+05 9.161642851298440655e+04 5.899224228113985009e+04 3.937882022273088805e+05 6.209766988438271073e+04 2.080728572138001909e+05 9.161673467848770088e+04 9.161692916703753872e+04 9.161688502258625522e+04 9.161695973911162582e+04
1.054559150881360983e+05 1.054555303676255426e+05 9.458637882755912142e+04 8.278157487694807060e+04 1.054560205557199079e+05 8.369264326140328194e+04 1.054556459806280764e+05 1.054555981123892707e+05 7.457892778503746376e+04 1.054558333766438009e+05 3.302169023814883549e+05 5.010150896229458158e+04 1.054559218809685117e+05 6.936105689747743600e+04 2.971064516449653456e+04 1.231978475465248484e+05 1.054553728157505830e+05 8.318328652548376704e+04 3.936720399117984343e+05 8.333102142859120795e+04 2.019927041447265074e+05 1.054557197907899099e+05 1.054560577096583584e+05 1.054559447123826103e+05 1.054559176898849255e+05
1.683557301482605399e+05 1.683553485409494606e+05 1.574861554839714081e+05 1.466006695533356105e+05 1.683558237642091699e+05 1.465925648585247691e+05 1.683554418044486956e+05 1.683554246465833276e+05 1.450478931599861244e+05 1.683555548019046546e+05 3.195422102970507112e+05 1.144111811880835157e+05 1.683555128284267848e+05 1.326142678291925404e+05 1.231978475465248484e+05 5.363630143933603540e+04 1.683552749225776352e+05 1.466006560091820138e+05 3.582329738352859858e+05 1.466007225997952919e+05 1.698348111235131801e+05 1.683554744027747074e+05 1.683558005202617496e+05 1.683556817221349629e+05 1.683557628747816780e+05
1.087084420351520384e+04 8.657963200089745515e-01 2.174052869988828024e+04 7.211357270894793328e+04 1.087095879645168316e+04 3.323718769054278528e+04 1.038249398831224246e+00 9.579726664481608145e-01 7.764124395796557656e+04 6.988751529500962533e+03 3.520878085034081596e+05 1.156937767374943796e+05 1.087085359942556715e+04 9.161642851298440655e+04 1.054553728157505830e+05 1.683552749225776352e+05 4.544533568143846458e-01 6.162984506671781855e+04 4.155429933130901773e+05 5.124362522742740839e+04 2.370006482683973445e+05 1.158918950814216808e+00 1.087096903569064489e+04 1.087088480343308038e+04 1.087085255553627758e+04
6.163032257392425527e+04 6.163011791341673234e+04 5.076067526607165928e+04 3.328665049043790350e+04 6.163038978180009872e+04 3.326747803638371261e+04 6.163025292104506661e+04 6.163012620180111116e+04 4.501691695899965271e+04 6.163032941930707602e+04 3.303331057882955647e+05 9.393926444275090762e+04 6.163041287784013548e+04 5.899224228113985009e+04 8.318328652548379614e+04 1.466006560091820138e+05 6.162984506671781855e+04 5.612706205192881498e+03 3.937882529377682949e+05 2.124142345618009131e+04 2.152460015949192457e+05 6.163030040535905573e+04 6.163030619460012531e+04 6.163037468480029202e+04 6.163036480192306044e+04
4.155432542978181737e+05 4.155430842133104452e+05 4.046738824573273305e+05 3.937882420840114937e+05 4.155434643339853501e+05 3.937801426480077789e+05 4.155430659326298628e+05 4.155430675420910120e+05 3.937883660710265394e+05 4.155430942133544595e+05 2.793925869360730285e+05 3.919416584962193738e+05 4.155431771729104221e+05 3.937882022273088805e+05 3.936720399117984343e+05 3.582329738352860441e+05 4.155429933130901773e+05 3.937882529377682949e+05 1.495549745483923471e+05 3.937882520308025414e+05 3.453866866694691707e+05 4.155431076065614470e+05 4.155434303185212193e+05 4.155433096513704513e+05 4.155433346833293326e+05
5.124414766054640495e+04 5.124389930511008424e+04 4.037450588346638688e+04 4.181839077639104653e+04 5.124406096402128605e+04 2.288116091200802839e+04 5.124408854211392463e+04 5.124399266761870967e+04 4.812261486863804021e+04 5.124412277155277116e+04 3.303331647756049060e+05 9.393913691862265114e+04 5.124423276790211094e+04 6.209766988438271073e+04 8.333102142859117885e+04 1.466007225997953210e+05 5.124362522742739384e+04 2.124142345618009131e+04 3.937882520308025414e+05 5.241288020582458557e+03 2.152459823261554993e+05 5.124411751400247886e+04 5.124411146802791336e+04 5.124417870102170855e+04 5.124417310812958021e+04
2.370009829719520058e+05 2.370006778858369507e+05 2.261315407122655015e+05 2.152460406132530479e+05 2.370010262595913955e+05 2.152379183832970739e+05 2.370007467975597538e+05 2.370007448821333237e+05 2.142848285873545392e+05 2.370008429410930839e+05 2.466502224674180616e+05 1.965685080551169522e+05 2.370008363923583820e+05 2.080728572138001909e+05 2.019927041447265074e+05 1.698348111235131801e+05 2.370006482683973445e+05 2.152460015949192166e+05 3.453866866694691707e+05 2.152459823261554993e+05 8.855161871053096547e+04 2.370007068039617443e+05 2.370010485282212612e+05 2.370009081961791962e+05 2.370010014758463367e+05
1.087124260292656254e+04 1.319309983942476450e+00 2.174091594877170428e+04 7.211397842236650467e+04 1.087135393622316769e+04 3.323769011581782979e+04 1.325553917400961623e+00 1.349365326033149959e+00 7.764158057192474371e+04 6.989053620810494067e+03 3.520878412503654254e+05 1.156940917512402957e+05 1.087114318949472909e+04 9.161673467848770088e+04 1.054557197907898953e+05 1.683554744027747074e+05 1.158918950814216586e+00 6.163030040535905573e+04 4.155431076065613888e+05 5.124411751400247886e+04 2.370007068039617443e+05 7.410640168634046177e-01 1.087130964151752778e+04 1.087116758828583988e+04 1.087129038625622889e+04
1.087136938920072316e+04 1.087117709520753851e+04 1.087131906990475909e+04 7.211415162457534461e+04 1.712908233466011509e+00 2.896754896848709541e+04 1.087130125116642375e+04 1.087128668132929488e+04 7.764174087912285177e+04 8.930370318538645733e+03 3.520882004318278050e+05 1.156943214633981552e+05 1.087135807903102796e+04 9.161692916703753872e+04 1.054560577096583584e+05 1.683558005202617496e+05 1.087096903569064489e+04 6.163030619460012531e+04 4.155434303185212193e+05 5.124411146802791336e+04 2.370010485282212612e+05 1.087130964151752778e+04 7.709067295185899615e-01 1.087138991594361869e+04 1.087136273891714154e+04
1.545047445140909748e+00 1.087108392048797214e+04 2.174106174095771348e+04 7.211402585462665593e+04 1.087138487836472268e+04 3.323777960550429270e+04 1.087118931099145084e+04 1.087119633198277916e+04 7.764175516071448510e+04 5.824586312609455490e+03 3.520880150781943812e+05 1.156942071262086829e+05 1.497080724673232943e+00 9.161688502258625522e+04 1.054559447123825812e+05 1.683556817221349629e+05 1.087088480343308038e+04 6.163037468480028474e+04 4.155433096513704513e+05 5.124417870102170855e+04 2.370009081961791962e+05 1.087116758828583988e+04 1.087138991594361869e+04 7.069881708492571359e-01 1.683843232470231710e+00
1.518294603378147478e+00 1.087113872826245461e+04 2.174097008555461434e+04 7.211413189722075185e+04 1.087146346475681275e+04 3.323777600965445890e+04 1.087121245789534260e+04 1.087118403238644896e+04 7.764183136684607598e+04 5.824657058930948551e+03 3.520881040662798332e+05 1.156942639918314671e+05 1.626319872446903236e+00 9.161695973911161127e+04 1.054559176898849109e+05 1.683557628747816780e+05 1.087085255553627758e+04 6.163036480192307499e+04 4.155433346833293326e+05 5.124417310812958021e+04 2.370010014758463949e+05 1.087129038625622889e+04 1.087136273891714154e+04 1.683843232470231710e+00 7.674356759862700494e-01
