1.704747748933307957e+04 6.235011039468913805e+04 1.161963041598209093e+05 3.375131816002742562e+04 4.306940902759576566e+05 1.161961459412221593e+05 1.161963533784175816e+05 1.161963317024739663e+05 1.161962236684880045e+05 6.937295659077871824e+04 9.422895875413640169e+04 1.161963279089094140e+05 1.161959127892012039e+05 1.678432466084804619e+05 1.045133037765961490e+05 5.465784690449935442e+04 4.779300415313966369e+04 3.642773445979334647e+05 7.175185149202001048e+04 4.366879960530277458e+04 2.066500304271577334e+05 1.161962731903299718e+05 2.652906287570132408e+05 1.161960674468113430e+05 1.161960553030199808e+05
6.235011039468913805e+04 7.693252819058558089e+03 6.923256284371740185e+04 3.986197624510330206e+04 4.537710171068534255e+05 6.923240755697376153e+04 6.923247764156712219e+04 6.923252575402945513e+04 6.923241404381072789e+04 1.038483843134463095e+05 1.383952922746271361e+05 6.923250383159612829e+04 6.923212097322044428e+04 1.999976903117008624e+05 5.754930174618032470e+04 2.232189961406947987e+04 8.519591448395546468e+04 3.873543428853178048e+05 9.403226121846342721e+03 3.406765065751623479e+04 2.297268754017706960e+05 6.923248166935134213e+04 2.883674163883117144e+05 6.923231498961642501e+04 6.923234192533482565e+04
1.161963041598209093e+05 6.923256284371740185e+04 8.136012423085517975e-01 9.370834429665956122e+04 4.614632824415410287e+05 1.538614841625334157e+04 1.538632108136086026e+04 8.324185285530340479e+03 1.538632062610849971e+04 1.269251413572730817e+05 1.529251397666050179e+05 1.384193753505744473e+00 1.538604171994540957e+04 2.076898733359430917e+05 2.706944066812325400e+04 7.692494153029634617e+04 1.230788775342640292e+05 3.950465602888894500e+05 5.983074464483431802e+04 8.791404008713304938e+04 2.374189131485997059e+05 1.538616612979825368e+04 2.960595369854864548e+05 1.538604811492551380e+04 1.538620403947017985e+04
3.375131816002742562e+04 3.986197624510330934e+04 9.370834429665956122e+04 1.006868714632527917e+04 4.306941775112951873e+05 9.370807182359449507e+04 9.370818951303628273e+04 9.370826457005827979e+04 9.370820145362798939e+04 7.937284002543792303e+04 1.153184464121633791e+05 9.370835282249549346e+04 9.370787279132461117e+04 1.769208265991149237e+05 8.202509097871698032e+04 3.216965653014129566e+04 6.072033252571166668e+04 3.642774767079567537e+05 4.926378401501395274e+04 1.539213962250341319e+04 2.066499044236790796e+05 9.370826594783850305e+04 2.652905474368002033e+05 9.370799170342614525e+04 9.370805278216836450e+04
4.306940902759576566e+05 4.537710171068534255e+05 4.614632824415410287e+05 4.306941775112951873e+05 1.697850983023919398e+05 4.614632184934495017e+05 4.614632879587293719e+05 4.614633195641643833e+05 4.614631622592693893e+05 4.114635334114444559e+05 3.999250183538699639e+05 4.614632900103124557e+05 4.614630192043224233e+05 3.842675807701593149e+05 4.614633664946127683e+05 4.460787616622439236e+05 4.284964052426349954e+05 3.141849552696581814e+05 4.614633434051071526e+05 4.350897538913127501e+05 3.836886819382713293e+05 4.614632610268169665e+05 3.554223120086925919e+05 4.614631689894341980e+05 4.614630991549786413e+05
1.161961459412221593e+05 6.923240755697376153e+04 1.538614841625333793e+04 9.370807182359449507e+04 4.614632184934495017e+05 7.536788756826706681e-01 1.538632754967656547e+04 7.063175529704799374e+03 1.538615300593306529e+04 1.269248822675004049e+05 1.529247770993118174e+05 1.538615058585154293e+04 1.538581393896828922e+04 2.076895669657090330e+05 2.706931634280310391e+04 7.692479279967263574e+04 1.230786659361490165e+05 3.950464572910741554e+05 5.983069475774661259e+04 8.791375756325980183e+04 2.374186774601423240e+05 1.538599848536635727e+04 2.960592759654398542e+05 4.036331555418137668e+03 1.255379110876128079e+00
1.161963533784175816e+05 6.923247764156712219e+04 1.538632108136085662e+04 9.370818951303628273e+04 4.614632879587294883e+05 1.538632754967656547e+04 4.970256625394879393e+02 1.538634922502980589e+04 1.513394043143004819e+04 1.269253042697282654e+05 1.529252223605961481e+05 1.538635991383791952e+04 1.513372214231429462e+04 2.076900126377454144e+05 1.193678062934003538e+04 7.593251638420714880e+04 1.230790124013340392e+05 3.950465427414439037e+05 5.983058011146949138e+04 8.791396065793995513e+04 2.374191060607199324e+05 1.513400795291816212e+04 2.960596815619329573e+05 1.532000116417167010e+04 1.538625790883586342e+04
1.161963317024739663e+05 6.923252575402945513e+04 8.324185285530338660e+03 9.370826457005827979e+04 4.614633195641643833e+05 7.063175529704800283e+03 1.538634922502980771e+04 7.641471436697879653e+03 1.538622415791501408e+04 1.269250835348681139e+05 1.529250590105968586e+05 8.324261826044474219e+03 1.538602550060555041e+04 2.076897767401412711e+05 2.706940739489294720e+04 7.692494979496531596e+04 1.230788966095572978e+05 3.950465972023117938e+05 5.983080713621004543e+04 8.791395216019848885e+04 2.374189526656230737e+05 1.538615637861871619e+04 2.960594823355147382e+05 9.246150790489511564e+03 7.063277830048132273e+03
1.161962236684880045e+05 6.923241404381072789e+04 1.538632062610849607e+04 9.370820145362798939e+04 4.614631622592693893e+05 1.538615300593306529e+04 1.513394043143004819e+04 1.538622415791501226e+04 7.731039923484818166e-01 1.269251776242984051e+05 1.529251047554051620e+05 1.538635785471863346e+04 1.175630369121321017e+00 2.076898518520654470e+05 2.706927669872236584e+04 7.692486361391960236e+04 1.230789249169851682e+05 3.950464366943581263e+05 5.983064230985887116e+04 8.791393735209805891e+04 2.374189471846718516e+05 1.378229022941404480e+00 2.960594865528974333e+05 1.135071077541886007e+04 1.538606751304549834e+04
6.937295659077871824e+04 1.038483843134463095e+05 1.269251413572730817e+05 7.937284002543792303e+04 4.114635334114444559e+05 1.269248822675004049e+05 1.269253042697282654e+05 1.269250835348681139e+05 1.269251776242984051e+05 6.746176224739924692e+03 6.546383802259416552e+04 1.269251641793352610e+05 1.269248677632720937e+05 1.516170110593123536e+05 1.269253242636035284e+05 9.615605282969566179e+04 3.353467158707110502e+04 3.450467604741161340e+05 1.132500750545003393e+05 8.516703705445815285e+04 1.874190670121269068e+05 1.269250114610423334e+05 2.460595981295396923e+05 1.269248445586929156e+05 1.269249807155251328e+05
9.422895875413640169e+04 1.383952922746271361e+05 1.529251397666050179e+05 1.153184464121633791e+05 3.999250183538699639e+05 1.529247770993118174e+05 1.529252223605961481e+05 1.529250590105968586e+05 1.529251047554051620e+05 6.546383802259416552e+04 2.979365314725061762e+04 1.529250909228485543e+05 1.529247949077963131e+05 1.181862795943766105e+05 1.529252388994065113e+05 1.307030062582568353e+05 8.759319455356168328e+04 3.335082748678037315e+05 1.468474118938471365e+05 1.197138485405531537e+05 1.632850899628387124e+05 1.529248945419730735e+05 2.311303279239192780e+05 1.529247603469646710e+05 1.529249532394123380e+05
1.161963279089094140e+05 6.923250383159612829e+04 1.384193753505744029e+00 9.370835282249549346e+04 4.614632900103123975e+05 1.538615058585154293e+04 1.538635991383791952e+04 8.324261826044472400e+03 1.538635785471863346e+04 1.269251641793352610e+05 1.529250909228485543e+05 8.037956530769612140e-01 1.538606435825093286e+04 2.076898437442339782e+05 2.706947239797508519e+04 7.692499285064091964e+04 1.230788859981453279e+05 3.950465594825017033e+05 5.983080127193724911e+04 8.791401086629260681e+04 2.374189817883822543e+05 1.538616391401495275e+04 2.960595525947258575e+05 1.538601539695656356e+04 1.538624802591675689e+04
1.161959127892012039e+05 6.923212097322044428e+04 1.538604171994540411e+04 9.370787279132459662e+04 4.614630192043224233e+05 1.538581393896828922e+04 1.513372214231429280e+04 1.538602550060554677e+04 1.175630369121321239e+00 1.269248677632720937e+05 1.529247949077963131e+05 1.538606435825093286e+04 6.099270585234172204e-01 2.076895783839664364e+05 2.706902949193484892e+04 7.692453491352831770e+04 1.230786667635378399e+05 3.950462997831700486e+05 5.983035620014894084e+04 8.791364806355626206e+04 2.374187449065635737e+05 1.212051382713201786e+00 2.960593586035256158e+05 1.135033769380283047e+04 1.538576903004013730e+04
1.678432466084804910e+05 1.999976903117008915e+05 2.076898733359430917e+05 1.769208265991149528e+05 3.842675807701593149e+05 2.076895669657090330e+05 2.076900126377454435e+05 2.076897767401412711e+05 2.076898518520654470e+05 1.516170110593123536e+05 1.181862795943766105e+05 2.076898437442339782e+05 2.076895783839664946e+05 5.468502412383259798e+04 2.076899781981263659e+05 1.923052950484204339e+05 1.686500238464907743e+05 3.106036140345078893e+05 2.076899725193237828e+05 1.813163197878459468e+05 1.060910174092783709e+05 2.076896535913974512e+05 1.935938926471280283e+05 2.076895338028281985e+05 2.076896899674983288e+05
1.045133037765961490e+05 5.754930174618031742e+04 2.706944066812325036e+04 8.202509097871695121e+04 4.614633664946127683e+05 2.706931634280310391e+04 1.193678062934003719e+04 2.706940739489293992e+04 2.706927669872236947e+04 1.269253242636035284e+05 1.529252388994065113e+05 2.706947239797508519e+04 2.706902949193484892e+04 2.076899781981263659e+05 1.395124758399917482e+04 6.423273373991591507e+04 1.185443167855513602e+05 3.950466314459537389e+05 4.814750634554863791e+04 7.623083407409167557e+04 2.374190909423885169e+05 2.706935359281552155e+04 2.960597196067449986e+05 2.706917936242784708e+04 2.706925353197190634e+04
5.465784690449935442e+04 2.232189961406947259e+04 7.692494153029634617e+04 3.216965653014129202e+04 4.460787616622439236e+05 7.692479279967263574e+04 7.593251638420714880e+04 7.692494979496531596e+04 7.692486361391960236e+04 9.615605282969566179e+04 1.307030062582568353e+05 7.692499285064090509e+04 7.692453491352830315e+04 1.923052950484204339e+05 6.423273373991591507e+04 3.225822916048955449e+03 7.750349416941293748e+04 3.796620799972496461e+05 3.172366856811318939e+04 2.168677949226300916e+04 2.220344445783379197e+05 7.692491164827255125e+04 2.806750831043480430e+05 7.692467423403394059e+04 7.692469149384289631e+04
4.779300415313965641e+04 8.519591448395546468e+04 1.230788775342640292e+05 6.072033252571166668e+04 4.284964052426349954e+05 1.230786659361490165e+05 1.230790124013340392e+05 1.230788966095572978e+05 1.230789249169851682e+05 3.353467158707110502e+04 8.759319455356168328e+04 1.230788859981453279e+05 1.230786667635378399e+05 1.686500238464907743e+05 1.185443167855513602e+05 7.750349416941293748e+04 6.666637153482995018e+03 3.620796953124516294e+05 9.459754510671115713e+04 6.651444682010059478e+04 2.044521097111228155e+05 1.230787653304457781e+05 2.630926201471562381e+05 1.230785919259822404e+05 1.230787774842252402e+05
3.642773445979334647e+05 3.873543428853178048e+05 3.950465602888894500e+05 3.642774767079567537e+05 3.141849552696581814e+05 3.950464572910741554e+05 3.950465427414439037e+05 3.950465972023117938e+05 3.950464366943581263e+05 3.450467604741160176e+05 3.335082748678037315e+05 3.950465594825017033e+05 3.950462997831699904e+05 3.106036140345078893e+05 3.950466314459537389e+05 3.796620799972496461e+05 3.620796953124516294e+05 1.504375137226044899e+05 3.950466244139952469e+05 3.686731223350893124e+05 3.175648382586443331e+05 3.950464724353521015e+05 2.723071714488876169e+05 3.950464348251948832e+05 3.950463608563171001e+05
7.175185149202001048e+04 9.403226121846342721e+03 5.983074464483430347e+04 4.926378401501395274e+04 4.614633434051070362e+05 5.983069475774661259e+04 5.983058011146949138e+04 5.983080713621004543e+04 5.983064230985887116e+04 1.132500750545003393e+05 1.468474118938471365e+05 5.983080127193724911e+04 5.983035620014894084e+04 2.076899725193237828e+05 4.814750634554864519e+04 3.172366856811319303e+04 9.459754510671118624e+04 3.950466244139952469e+05 3.039719664547744742e+03 4.346952668452107173e+04 2.374191768531741691e+05 5.983068196095935855e+04 2.960597412276491523e+05 5.983056366736420023e+04 5.983060743891834136e+04
4.366879960530277458e+04 3.406765065751623479e+04 8.791404008713304938e+04 1.539213962250341319e+04 4.350897538913127501e+05 8.791375756325980183e+04 8.791396065793995513e+04 8.791395216019847430e+04 8.791393735209805891e+04 8.516703705445815285e+04 1.197138485405531828e+05 8.791401086629260681e+04 8.791364806355626206e+04 1.813163197878459468e+05 7.623083407409167557e+04 2.168677949226301280e+04 6.651444682010059478e+04 3.686731223350891960e+05 4.346952668452107173e+04 1.322641162176462603e+04 2.110454283457576821e+05 8.791387973404898366e+04 2.696860852489701938e+05 8.791366230026191624e+04 8.791380848670826526e+04
2.066500304271577334e+05 2.297268754017706960e+05 2.374189131485997059e+05 2.066499044236790796e+05 3.836886819382713293e+05 2.374186774601423531e+05 2.374191060607199324e+05 2.374189526656230737e+05 2.374189471846718516e+05 1.874190670121269650e+05 1.632850899628387706e+05 2.374189817883823125e+05 2.374187449065635737e+05 1.060910174092783709e+05 2.374190909423885751e+05 2.220344445783379197e+05 2.044521097111228155e+05 3.175648382586443913e+05 2.374191768531741691e+05 2.110454283457576821e+05 4.141995947860947490e+04 2.374187866035342740e+05 1.818811314924825274e+05 2.374186256267365534e+05 2.374187966265108553e+05
1.161962731903299573e+05 6.923248166935134213e+04 1.538616612979824822e+04 9.370826594783850305e+04 4.614632610268169665e+05 1.538599848536635727e+04 1.513400795291816030e+04 1.538615637861871255e+04 1.378229022941404480e+00 1.269250114610423334e+05 1.529248945419730735e+05 1.538616391401495275e+04 1.212051382713201786e+00 2.076896535913974512e+05 2.706935359281552155e+04 7.692491164827255125e+04 1.230787653304457781e+05 3.950464724353521015e+05 5.983068196095935855e+04 8.791387973404898366e+04 2.374187866035342449e+05 7.551122157326480844e-01 2.960593495282684453e+05 1.135063478106745060e+04 1.538610893336535082e+04
2.652906287570131826e+05 2.883674163883117144e+05 2.960595369854865130e+05 2.652905474368002033e+05 3.554223120086926501e+05 2.960592759654398542e+05 2.960596815619330155e+05 2.960594823355147382e+05 2.960594865528974333e+05 2.460595981295396632e+05 2.311303279239191907e+05 2.960595525947258575e+05 2.960593586035256740e+05 1.935938926471280283e+05 2.960597196067449986e+05 2.806750831043480430e+05 2.630926201471562381e+05 2.723071714488876169e+05 2.960597412276491523e+05 2.696860852489701938e+05 1.818811314924825274e+05 2.960593495282684453e+05 1.421003318087875668e+05 2.960592836853499757e+05 2.960593778856310528e+05
1.161960674468113430e+05 6.923231498961642501e+04 1.538604811492551016e+04 9.370799170342614525e+04 4.614631689894342562e+05 4.036331555418137214e+03 1.532000116417167010e+04 9.246150790489511564e+03 1.135071077541885825e+04 1.269248445586929156e+05 1.529247603469646710e+05 1.538601539695656356e+04 1.135033769380283047e+04 2.076895338028281985e+05 2.706917936242784708e+04 7.692467423403395514e+04 1.230785919259822404e+05 3.950464348251948832e+05 5.983056366736420023e+04 8.791366230026191624e+04 2.374186256267365243e+05 1.135063478106745060e+04 2.960592836853499757e+05 5.954379526260446255e+03 4.036541251123419897e+03
1.161960553030199808e+05 6.923234192533482565e+04 1.538620403947017439e+04 9.370805278216836450e+04 4.614630991549787577e+05 1.255379110876127635e+00 1.538625790883586342e+04 7.063277830048132273e+03 1.538606751304549834e+04 1.269249807155251328e+05 1.529249532394123380e+05 1.538624802591675689e+04 1.538576903004013730e+04 2.076896899674983288e+05 2.706925353197190634e+04 7.692469149384289631e+04 1.230787774842252402e+05 3.950463608563171001e+05 5.983060743891834136e+04 8.791380848670826526e+04 2.374187966265108262e+05 1.538610893336535082e+04 2.960593778856310528e+05 4.036541251123419897e+03 7.349055855273627369e-01
