3.730531327408709330e+04 2.892143588187939022e+05 2.512400437962768483e+05 1.839821217450960830e+05 2.892145598572070012e+05 1.003140404922106973e+05 3.236244406364320312e+05 2.892143725415646331e+05 2.702272029159300146e+05 1.471097282222210779e+05 2.892145686496445560e+05 2.892142211221379112e+05 2.892143196131746517e+05 2.512400565026896656e+05 2.892142730397504638e+05 1.718847522723905568e+05 2.892146058146300493e+05 2.892145384912547306e+05 1.001852737026263349e+05 2.737144052811205620e+05 2.892146718441273551e+05 2.015301977268226619e+05 2.892142741959044361e+05 2.132651566219600500e+05 2.892144464625738328e+05
2.892143588187939022e+05 4.047765395180515369e-01 1.139255427719719301e+05 3.870761130994682899e+05 1.265973885248184524e+04 2.338826932392437593e+05 5.106927148373349337e+05 1.139181280320776590e+00 6.962162354379049793e+04 1.996439667986978020e+05 2.109862826934180339e+04 9.433493963353625222e-01 1.265949351138777456e+04 1.000281423295694112e+05 9.521817407477609629e-01 1.898748801728184044e+05 3.134574052648880024e+04 4.159275008014144260e+04 3.357585905974080088e+05 4.546644989033144084e+05 5.063441768218024663e+04 1.644522780492162565e+05 1.265944080044378643e+04 1.519002011812030105e+05 1.079085719205986837e+00
2.512400437962768483e+05 1.139255427719719301e+05 4.740383693879228200e-01 3.491017046595735010e+05 1.139256886473515478e+05 1.902822711413025390e+05 4.727183275818706024e+05 1.139255630774847959e+05 6.962155136325889907e+04 1.363528843779303425e+05 1.139257089243425144e+05 1.139252509733011975e+05 1.139254635473427479e+05 3.389078814717109344e+04 1.139253116069066891e+05 1.079484810008544882e+05 1.139257561162082711e+05 1.103088637969446281e+05 2.977843110539050540e+05 4.166900767857081373e+05 1.012674330941515800e+05 7.584465869174145337e+04 1.139255368568257836e+05 6.057998083300064900e+04 1.139255194117408391e+05
1.839821217450960539e+05 3.870761130994682899e+05 3.491017046595735010e+05 5.459216962009242707e+04 3.870762915001775254e+05 2.486310770893727313e+05 2.717169088221592829e+05 3.870762001948450925e+05 3.680889182546783122e+05 2.771903286068473826e+05 3.870763636650110711e+05 3.870760285660415539e+05 3.870760513304540073e+05 3.491017897214955301e+05 3.870761205765922787e+05 2.966604668160270667e+05 3.870764243871651706e+05 3.870762524896861869e+05 1.303252887485698739e+05 1.628610203408186499e+05 3.870764907001607935e+05 3.067495593624852481e+05 3.870761621713642380e+05 3.111270050102688838e+05 3.870761470077723498e+05
2.892145598572070012e+05 1.265973885248184524e+04 1.139256886473515478e+05 3.870762915001775254e+05 4.284416366764071116e-01 2.338826478006267571e+05 5.106928034552740864e+05 1.265951840727999843e+04 6.962195362845128693e+04 1.996437754801341216e+05 8.440072667291560720e+03 1.265959154969005613e+04 1.305866014087938787e+00 1.000280921026680007e+05 1.265928295917281321e+04 1.898750082855706278e+05 1.868727179326859550e+04 4.159287445238581131e+04 3.357585447597838938e+05 4.546648147299737902e+05 5.063439456202043220e+04 1.644521246897626843e+05 1.094361222169651038e+00 1.519003921248735278e+05 1.265966541447492091e+04
1.003140404922106973e+05 2.338826932392437593e+05 1.902822711413025681e+05 2.486310770893727313e+05 2.338826478006267571e+05 1.968676091582826848e+04 3.827042567408441682e+05 2.338824341578218737e+05 2.148954560602602724e+05 7.444926687757309992e+04 2.338826565455666569e+05 2.338825240046323743e+05 2.338826883103867003e+05 1.952828804698530294e+05 2.338823019459791249e+05 1.038916612759386917e+05 2.338826565195696312e+05 2.212246201417562843e+05 1.814748070217732165e+05 3.266762144724682439e+05 2.212244719302967424e+05 1.279139936565293319e+05 2.338824312410443381e+05 1.396494651295274671e+05 2.338828308245386579e+05
3.236244406364320312e+05 5.106927148373349337e+05 4.727183275818706024e+05 2.717169088221592829e+05 5.106928034552740864e+05 3.827042567408441682e+05 6.510348435996477929e+04 5.106926556432752986e+05 4.917056132435204927e+05 4.062627578205341706e+05 5.106928541537596029e+05 5.106926905680728378e+05 5.106928117399349576e+05 4.727182738265530788e+05 5.106926739698581514e+05 4.202771104165898869e+05 5.106928466487395926e+05 5.106928661446708720e+05 2.958753459664105321e+05 1.939054621207860473e+05 5.106928327246446861e+05 4.304452735586910858e+05 5.106927321860587690e+05 4.347436067988447612e+05 5.106927983104733285e+05
2.892143725415646331e+05 1.139181280320776590e+00 1.139255630774847959e+05 3.870762001948450925e+05 1.265951840727999843e+04 2.338824341578218737e+05 5.106926556432752986e+05 3.983362087103682891e-01 6.962174864264158532e+04 1.996436374863847741e+05 2.109839736904633901e+04 9.741438830379303138e-01 1.265955193898335710e+04 1.000278929240122670e+05 6.870694761733279199e-01 1.898748544748648419e+05 3.134557826892613593e+04 4.159284419666829490e+04 3.357583996212351485e+05 4.546645969239331316e+05 5.063429992972028413e+04 1.644519925535020302e+05 1.265918278166070013e+04 1.519002181703668612e+05 1.242773233270141775e+00
2.702272029159300146e+05 6.962162354379049793e+04 6.962155136325889907e+04 3.680889182546783122e+05 6.962195362845128693e+04 2.148954560602602724e+05 4.917056132435204927e+05 6.962174864264158532e+04 1.898791269716306851e+04 1.679983825803232612e+05 6.118309461726417067e+04 6.962145279670922901e+04 6.962173771571299585e+04 3.573215175709075265e+04 6.962145298466156237e+04 1.473794618476636242e+05 5.696362165030134929e+04 5.334689503342883108e+04 3.167714547421236057e+05 4.356774197616651072e+05 4.309965580661064450e+04 1.328066694261717785e+05 6.962173542838061985e+04 1.202546380042058881e+05 6.962173882160711219e+04
1.471097282222210779e+05 1.996439667986978020e+05 1.363528843779303425e+05 2.771903286068473826e+05 1.996437754801341216e+05 7.444926687757309992e+04 4.062627578205341706e+05 1.996436374863847741e+05 1.679983825803232612e+05 1.722891546142373045e+04 1.996437977463017160e+05 1.996436564467678545e+05 1.996439001717049105e+05 1.476044765289855422e+05 1.996434435655279376e+05 3.371392699793907377e+04 1.996438881175185379e+05 1.996439626656988985e+05 2.117007782251836325e+05 3.502346680533643230e+05 1.996439104627765191e+05 9.906372465341116185e+04 1.996436334815330920e+05 1.110364437427770608e+05 1.996439387659550703e+05
2.892145686496445560e+05 2.109862826934180339e+04 1.139257089243425144e+05 3.870763636650110711e+05 8.440072667291560720e+03 2.338826565455666569e+05 5.106928541537596029e+05 2.109839736904633173e+04 6.118309461726417067e+04 1.996437977463017160e+05 5.626361129638812599e+03 2.109850997365987860e+04 8.440259879312206976e+03 9.252697161891256110e+04 2.109813497386222298e+04 1.898750271423658414e+05 1.024837230668238772e+04 3.315406073443444620e+04 3.357585586285087047e+05 4.546647640804637340e+05 4.219553717713413789e+04 1.644521876682728180e+05 8.439979543832905620e+03 1.519003653124370612e+05 2.109871333806491748e+04
2.892142211221379112e+05 9.433493963353625222e-01 1.139252509733011975e+05 3.870760285660415539e+05 1.265959154969005613e+04 2.338825240046323743e+05 5.106926905680728378e+05 9.741438830379302027e-01 6.962145279670922901e+04 1.996436564467678545e+05 2.109850997365987860e+04 3.646824645752163030e-01 1.265937213163548404e+04 1.000278717399785965e+05 7.310134929990069752e-01 1.898746300797999720e+05 3.134561393203470652e+04 4.159258634357702977e+04 3.357585209587808931e+05 4.546644636581672821e+05 5.063433608528921468e+04 1.644519743257698719e+05 1.265935700089127386e+04 1.518999221575090196e+05 1.051383892880714432e+00
2.892143196131746517e+05 1.265949351138777456e+04 1.139254635473427479e+05 3.870760513304540073e+05 1.305866014087938787e+00 2.338826883103867003e+05 5.106928117399349576e+05 1.265955193898335710e+04 6.962173771571299585e+04 1.996439001717049105e+05 8.440259879312206976e+03 1.265937213163548404e+04 4.342024222295171043e-01 1.000281600649724132e+05 1.265933993109373841e+04 1.898749139165405941e+05 1.868751060787280221e+04 4.159274170622075326e+04 3.357586043542593834e+05 4.546645800186929409e+05 5.063449606271343509e+04 1.644522834168864065e+05 1.131218067950704453e+00 1.519002093069598777e+05 1.265949512889096513e+04
2.512400565026896656e+05 1.000281423295694112e+05 3.389078814717108617e+04 3.491017897214955301e+05 1.000280921026680007e+05 1.952828804698530294e+05 4.727182738265530788e+05 1.000278929240122670e+05 3.573215175709075265e+04 1.476044765289855422e+05 9.252697161891256110e+04 1.000278717399785965e+05 1.000281600649724132e+05 2.006139628940518742e+04 1.000276373294262448e+05 1.236532384537174221e+05 8.877632913447415922e+04 8.515976397808405454e+04 2.977840895685059950e+05 4.166902644857151317e+05 7.528552619418143877e+04 1.009937655640168377e+05 1.000279300854422763e+05 8.760240152387479611e+04 1.000281508023095375e+05
2.892142730397504638e+05 9.521817407477609629e-01 1.139253116069066891e+05 3.870761205765922787e+05 1.265928295917281321e+04 2.338823019459790958e+05 5.106926739698581514e+05 6.870694761733279199e-01 6.962145298466156237e+04 1.996434435655279085e+05 2.109813497386222298e+04 7.310134929990070862e-01 1.265933993109373841e+04 1.000276373294262448e+05 2.251209093347364687e-01 1.898746127660545171e+05 3.134529816543872221e+04 4.159257140310121031e+04 3.357582868645911803e+05 4.546645731303913053e+05 5.063398012261162512e+04 1.644517249191656301e+05 1.265902985245363743e+04 1.518999424900333688e+05 1.053910350444240862e+00
1.718847522723905277e+05 1.898748801728184044e+05 1.079484810008544882e+05 2.966604668160270667e+05 1.898750082855706278e+05 1.038916612759386917e+05 4.202771104165898869e+05 1.898748544748648419e+05 1.473794618476636533e+05 3.371392699793908105e+04 1.898750271423658414e+05 1.898746300797999720e+05 1.898749139165405941e+05 1.236532384537174075e+05 1.898746127660545171e+05 1.448567255614435999e+04 1.898751359252740222e+05 1.867749899802764703e+05 2.329188180536662985e+05 3.642489181700061890e+05 1.790252443379791803e+05 7.380347261701378739e+04 1.898748934847433993e+05 8.523661420651758090e+04 1.898749070974047354e+05
2.892146058146300493e+05 3.134574052648880024e+04 1.139257561162082711e+05 3.870764243871651706e+05 1.868727179326859550e+04 2.338826565195696312e+05 5.106928466487395926e+05 3.134557826892613593e+04 5.696362165030134929e+04 1.996438881175185379e+05 1.024837230668238772e+04 3.134561393203470652e+04 1.868751060787280221e+04 8.877632913447415922e+04 3.134529816543872585e+04 1.898751359252740222e+05 6.315220671369824231e+03 2.290666227694622285e+04 3.357586046633461956e+05 4.546647774095383938e+05 3.252236435196442471e+04 1.644522251780022052e+05 1.868719577931016102e+04 1.519005041741005844e+05 3.134581771992473659e+04
2.892145384912547306e+05 4.159275008014144260e+04 1.103088637969446281e+05 3.870762524896861869e+05 4.159287445238581131e+04 2.212246201417562843e+05 5.106928661446708720e+05 4.159284419666829490e+04 5.334689503342882381e+04 1.996439626656988985e+05 3.315406073443444620e+04 4.159258634357702977e+04 4.159274170622075326e+04 8.515976397808405454e+04 4.159257140310121031e+04 1.867749899802764703e+05 2.290666227694622285e+04 5.167049881154267496e+03 3.357588794413258438e+05 4.546647010362485889e+05 1.024857134763414251e+04 1.481774299190840102e+05 4.159272165629763913e+04 1.356255129080206389e+05 4.159276959327134682e+04
1.001852737026263349e+05 3.357585905974080088e+05 2.977843110539050540e+05 1.303252887485698739e+05 3.357585447597838938e+05 1.814748070217732165e+05 2.958753459664105321e+05 3.357583996212351485e+05 3.167714547421236057e+05 2.117007782251836325e+05 3.357585586285087047e+05 3.357585209587808931e+05 3.357586043542593834e+05 2.977840895685059368e+05 3.357582868645911803e+05 2.329188180536662985e+05 3.357586046633461956e+05 3.357588794413258438e+05 4.228485107452845841e+04 2.431270458959628304e+05 3.357586337527414435e+05 2.490136719579639321e+05 3.357583297891543480e+05 2.598093903479505971e+05 3.357586967503915075e+05
2.737144052811205620e+05 4.546644989033144084e+05 4.166900767857081373e+05 1.628610203408186499e+05 4.546648147299737902e+05 3.266762144724682439e+05 1.939054621207861055e+05 4.546645969239331898e+05 4.356774197616651072e+05 3.502346680533643230e+05 4.546647640804637340e+05 4.546644636581672821e+05 4.546645800186929409e+05 4.166902644857151317e+05 4.546645731303913635e+05 3.642489181700061890e+05 4.546647774095385103e+05 4.546647010362485889e+05 2.431270458959628304e+05 7.024443147601217788e+04 4.546647682130375761e+05 3.744171958402554155e+05 4.546646641880122479e+05 3.787153739039100474e+05 4.546646037209962378e+05
2.892146718441273551e+05 5.063441768218024663e+04 1.012674330941515800e+05 3.870764907001607935e+05 5.063439456202043220e+04 2.212244719302967424e+05 5.106928327246446861e+05 5.063429992972028413e+04 4.309965580661064450e+04 1.996439104627765191e+05 4.219553717713413789e+04 5.063433608528922196e+04 5.063449606271343509e+04 7.528552619418143877e+04 5.063398012261162512e+04 1.790252443379791803e+05 3.252236435196442471e+04 1.024857134763414615e+04 3.357586337527414435e+05 4.546647682130375761e+05 2.181888922614101830e+03 1.391357715417449363e+05 5.063419089811879530e+04 1.265840043550496775e+05 5.063453883399101323e+04
2.015301977268226619e+05 1.644522780492162565e+05 7.584465869174145337e+04 3.067495593624852481e+05 1.644521246897626843e+05 1.279139936565293319e+05 4.304452735586910858e+05 1.644519925535020302e+05 1.328066694261718076e+05 9.906372465341116185e+04 1.644521876682728180e+05 1.644519743257698719e+05 1.644522834168864065e+05 1.009937655640168377e+05 1.644517249191656301e+05 7.380347261701378739e+04 1.644522251780022052e+05 1.481774299190840102e+05 2.490136719579639321e+05 3.744171958402554155e+05 1.391357715417449363e+05 1.328728760716189936e+04 1.644520219928372244e+05 1.526577981306561014e+04 1.644522852924645413e+05
2.892142741959044361e+05 1.265944080044378643e+04 1.139255368568257836e+05 3.870761621713642380e+05 1.094361222169651038e+00 2.338824312410443381e+05 5.106927321860587690e+05 1.265918278166070013e+04 6.962173542838061985e+04 1.996436334815330920e+05 8.439979543832905620e+03 1.265935700089127386e+04 1.131218067950704231e+00 1.000279300854422472e+05 1.265902985245363743e+04 1.898748934847433993e+05 1.868719577931015738e+04 4.159272165629763913e+04 3.357583297891543480e+05 4.546646641880122479e+05 5.063419089811879530e+04 1.644520219928372244e+05 3.728453311969810446e-01 1.519002274836605648e+05 1.265955338810296780e+04
2.132651566219600500e+05 1.519002011812030105e+05 6.057998083300064900e+04 3.111270050102688838e+05 1.519003921248735278e+05 1.396494651295274671e+05 4.347436067988447612e+05 1.519002181703668612e+05 1.202546380042058881e+05 1.110364437427770608e+05 1.519003653124370612e+05 1.518999221575090196e+05 1.519002093069598777e+05 8.760240152387479611e+04 1.518999424900333688e+05 8.523661420651755179e+04 1.519005041741005844e+05 1.356255129080206389e+05 2.598093903479505971e+05 3.787153739039100474e+05 1.265840043550496775e+05 1.526577981306561014e+04 1.519002274836605648e+05 4.262986398291927799e+03 1.519002359303614940e+05
2.892144464625738328e+05 1.079085719205987060e+00 1.139255194117408391e+05 3.870761470077723498e+05 1.265966541447492091e+04 2.338828308245386579e+05 5.106927983104733285e+05 1.242773233270141775e+00 6.962173882160711219e+04 1.996439387659550703e+05 2.109871333806491748e+04 1.051383892880714432e+00 1.265949512889096513e+04 1.000281508023095375e+05 1.053910350444240862e+00 1.898749070974047354e+05 3.134581771992473659e+04 4.159276959327134682e+04 3.357586967503915075e+05 4.546646037209962378e+05 5.063453883399100596e+04 1.644522852924645413e+05 1.265955338810296780e+04 1.519002359303614940e+05 4.626357304839897044e-01
