7.152500384039437631e+04 2.794098442786774249e+05 2.794096628868864500e+05 2.794097845308981487e+05 2.794095195843554684e+05 2.794098511743264389e+05 2.050390520189900126e+05 2.137554906338515575e+05 3.477905195377919590e+05 2.751896959477292839e+05 1.223905439113707253e+05 1.731198745457252953e+05 2.794098407677143696e+05 2.794099252028029878e+05 2.720569682904492365e+05 2.794096472511471948e+05 1.929780685924777936e+05 1.739020549337853445e+05 2.794099159034049953e+05 2.583016237834575004e+05 2.265032889155824378e+05 2.794097084190117894e+05 2.794095208706219564e+05 2.637533386757825501e+05 2.794096886823950335e+05
2.794098442786774249e+05 2.446031248577243787e+03 1.213983395508472859e+04 3.969636883605071489e+03 7.237605765295617857e+03 1.213992670522984918e+04 1.517437711850331689e+05 1.270163552310286759e+05 4.735195845616434235e+05 4.060238977938090684e+05 2.349172713171761716e+05 3.371528135061154608e+05 1.213994909650599038e+04 1.259553963803309307e+04 2.562568493006065182e+04 7.237798340229819587e+03 1.715402931427154981e+05 1.987995144044025510e+05 8.871839719145333220e+03 6.660244552926355391e+04 1.051824517485771794e+05 7.237781752775328641e+03 1.213956107388667078e+04 4.037165801196552638e+04 1.213982995730129733e+04
2.794096628868865082e+05 1.213983395508472859e+04 6.194762137365339427e-01 8.171494937225321337e+03 4.903191772684596799e+03 1.422397339844500896e+00 1.517436706459388370e+05 1.270163479311472038e+05 4.735194584697288228e+05 4.060237842465924332e+05 2.349170855186496919e+05 3.371526491423159023e+05 1.362372796277686371e+00 1.960950037975769737e+04 3.052751581254035773e+04 4.903298297619402547e+03 1.715401776384645200e+05 1.987993175447737158e+05 1.610817510753075476e+04 6.660237059212925669e+04 1.051823670752354519e+05 4.903310642597909464e+03 1.076580696947984972e+00 4.472886587477513967e+04 1.284051095065647852e+00
2.794097845308981487e+05 3.969636883605071489e+03 8.171494937225319518e+03 2.179324328621053610e+03 3.269294772197530165e+03 8.171572505100371927e+03 1.517437678459512244e+05 1.270164297650253429e+05 4.735195398487466737e+05 4.060239206684388337e+05 2.349172026046572137e+05 3.371528259440613911e+05 8.171529694038741582e+03 1.634157341999389973e+04 2.725964290606301074e+04 3.269484603670247452e+03 1.715403272760861728e+05 1.987994242704421631e+05 1.284007931373422434e+04 6.660246773633167322e+04 1.051824046143522282e+05 3.269421755230724557e+03 8.171241324067998903e+03 4.182407559684152511e+04 8.171524726024606025e+03
2.794095195843554102e+05 7.237605765295617857e+03 4.903191772684596799e+03 3.269294772197530165e+03 5.025242037070783985e-01 4.903364161800753209e+03 1.517434432484772988e+05 1.270160627359310020e+05 4.735194102826551534e+05 4.060237294881487032e+05 2.349169060495407612e+05 3.371525645321722259e+05 4.903381999776566772e+03 1.960935080510802436e+04 3.052737174620463338e+04 1.049155634278650773e+00 1.715399303325100627e+05 1.987991022326850216e+05 1.610800469583708764e+04 6.660214643244585022e+04 1.051821117647655628e+05 1.175151581956150659e+00 4.902860826705177715e+03 4.472866115471314697e+04 4.903172830353937570e+03
2.794098511743264389e+05 1.213992670522984918e+04 1.422397339844500896e+00 8.171572505100371927e+03 4.903364161800753209e+03 5.959970761530359873e-01 1.517436158562360797e+05 1.270163124107787153e+05 4.735196335079457494e+05 4.060237838348536170e+05 2.349172968762673263e+05 3.371527100440385402e+05 1.308672431572681871e+00 1.960965208000423445e+04 3.052767399847516572e+04 4.903357672655407441e+03 1.715401364166282292e+05 1.987994761288337177e+05 1.610817670035433002e+04 6.660237439119697956e+04 1.051825049858141574e+05 4.903517808812748626e+03 1.099724874858892809e+00 4.472887164332869725e+04 1.317759333971794344e+00
2.050390520189900126e+05 1.517437711850331689e+05 1.517436706459388370e+05 1.517437678459512244e+05 1.517434432484772988e+05 1.517436158562360797e+05 1.564985619945397229e+04 5.588852344345262827e+04 4.146964038345895242e+05 3.465001786331731710e+05 1.519687006620128232e+05 2.711879199738847092e+05 1.517436502411229885e+05 1.517437657166211284e+05 1.443907831003455212e+05 1.517434591945938300e+05 5.613924007592891576e+04 9.766813981323291955e+04 1.517437611078006739e+05 1.218339885724639898e+05 7.771674363935797010e+04 1.517437179386529024e+05 1.517432343446780287e+05 1.322859198947666155e+05 1.517434958621281257e+05
2.137554906338515866e+05 1.270163552310286759e+05 1.270163479311472038e+05 1.270164297650253429e+05 1.270160627359310020e+05 1.270163124107787153e+05 5.588852344345262827e+04 2.103215089017511491e+04 4.212322370981999557e+05 3.530361300207540044e+05 1.657199126390104357e+05 2.781573556442559347e+05 1.270163063162148028e+05 1.270163825130856567e+05 1.196634857383502385e+05 1.270161244074182468e+05 7.886585521921463078e+04 1.137016190006707475e+05 1.270163859464386333e+05 8.320253235060498992e+04 4.813474049697070586e+04 1.270163727753631392e+05 1.270158681791548152e+05 1.084877311684869055e+05 1.270161660572394758e+05
3.477905195377919590e+05 4.735195845616434817e+05 4.735194584697288810e+05 4.735195398487466155e+05 4.735194102826551534e+05 4.735196335079457494e+05 4.146964038345895824e+05 4.212322370982000139e+05 1.184035873917439312e+05 2.441019921708079346e+05 3.686195598403188633e+05 3.080236817319211550e+05 4.735196103278340888e+05 4.686177413457445218e+05 4.612647798009483377e+05 4.735194859632689622e+05 4.122147819730070769e+05 3.967223415728166001e+05 4.721191422802903689e+05 4.490099741616292158e+05 4.195980668956078589e+05 4.735195131138294819e+05 4.735194416407353710e+05 4.533671937787624775e+05 4.735195142752465908e+05
2.751896959477292839e+05 4.060238977938090684e+05 4.060237842465924332e+05 4.060239206684387755e+05 4.060237294881487032e+05 4.060237838348536170e+05 3.465001786331731710e+05 3.530361300207540044e+05 2.441019921708079346e+05 1.055524037388823490e+05 3.000258660484525026e+05 2.202888739050016156e+05 4.060237458370755776e+05 4.018222304964656360e+05 3.944694400383035536e+05 4.060236412575079594e+05 3.440492468206939520e+05 3.285264586827072199e+05 4.048234481173604727e+05 3.822144590799947619e+05 3.528028714130266453e+05 4.060238510863122065e+05 4.060235985849994468e+05 3.865717785053592524e+05 4.060236754495563800e+05
1.223905439113707107e+05 2.349172713171761716e+05 2.349170855186496628e+05 2.349172026046572137e+05 2.349169060495407321e+05 2.349172968762672972e+05 1.519687006620128232e+05 1.657199126390104357e+05 3.686195598403188633e+05 3.000258660484525026e+05 4.597466427202289924e+04 2.110035794498397736e+05 2.349172316165116208e+05 2.349173494767290249e+05 2.275643410835851682e+05 2.349170845075407997e+05 1.357701293991229031e+05 1.085796560738336266e+05 2.349173186831663479e+05 2.118082468509329774e+05 1.750618190969901043e+05 2.349171538657673227e+05 2.349169220574956562e+05 2.170273405843412911e+05 2.349171052257625561e+05
1.731198745457252953e+05 3.371528135061155772e+05 3.371526491423159605e+05 3.371528259440614493e+05 3.371525645321722841e+05 3.371527100440385984e+05 2.711879199738848256e+05 2.781573556442560512e+05 3.080236817319211550e+05 2.202888739050016156e+05 2.110035794498397736e+05 9.082763757171756879e+04 3.371526382927779341e+05 3.371528484188353759e+05 3.298000215072399005e+05 3.371525124250221415e+05 2.640231842167873983e+05 2.465637255680652743e+05 3.371527856630880851e+05 3.175450480482348939e+05 2.877531549385380931e+05 3.371526995118745253e+05 3.371524313721734798e+05 3.219023122101265471e+05 3.371525541872455506e+05
2.794098407677144278e+05 1.213994909650599038e+04 1.362372796277686371e+00 8.171529694038741582e+03 4.903381999776566772e+03 1.308672431572681871e+00 1.517436502411229885e+05 1.270163063162148028e+05 4.735196103278340888e+05 4.060237458370756358e+05 2.349172316165116208e+05 3.371526382927778759e+05 6.301588423122129745e-01 1.960967254515097738e+04 3.052771503673030384e+04 4.903332472505732767e+03 1.715401539344277990e+05 1.987994736161953188e+05 1.610812117991709056e+04 6.660242706339244614e+04 1.051825014094352373e+05 4.903452156181703685e+03 1.078812217874444590e+00 4.472888718511442858e+04 1.303649444906033850e+00
2.794099252028029878e+05 1.259553963803309307e+04 1.960950037975769737e+04 1.634157341999389973e+04 1.960935080510802436e+04 1.960965208000423445e+04 1.517437657166211284e+05 1.270163825130856567e+05 4.686177413457445218e+05 4.018222304964655777e+05 2.349173494767290540e+05 3.371528484188353177e+05 1.960967254515097738e+04 8.454849086130820979e+02 1.535472687604446946e+04 1.960954334656496212e+04 1.715402666553772578e+05 1.987995400463468104e+05 3.969807055062057316e+03 5.679842078169510933e+04 1.002805016619881790e+05 1.960956118657128536e+04 1.960924777980911676e+04 3.024531688637191837e+04 1.960957609915937428e+04
2.720569682904492365e+05 2.562568493006064455e+04 3.052751581254035773e+04 2.725964290606301074e+04 3.052737174620464066e+04 3.052767399847516572e+04 1.443907831003455212e+05 1.196634857383502531e+05 4.612647798009483377e+05 3.944694400383036118e+05 2.275643410835851100e+05 3.298000215072398423e+05 3.052771503673030747e+04 1.535472687604446583e+04 9.298283484415074781e+03 3.052757300943937662e+04 1.641873556028008461e+05 1.914464591782477219e+05 1.932308471585406733e+04 4.588036350236870203e+04 9.292745446958103275e+04 3.052757937908190797e+04 3.052726924251772289e+04 1.950572986660315291e+04 3.052754410905873374e+04
2.794096472511471948e+05 7.237798340229819587e+03 4.903298297619402547e+03 3.269484603670247452e+03 1.049155634278650995e+00 4.903357672655407441e+03 1.517434591945938300e+05 1.270161244074182468e+05 4.735194859632689040e+05 4.060236412575079012e+05 2.349170845075407997e+05 3.371525124250219669e+05 4.903332472505732767e+03 1.960954334656496212e+04 3.052757300943937662e+04 5.925747517042607715e-01 1.715399745700915810e+05 1.987992836569544161e+05 1.610802526150220183e+04 6.660227729589567753e+04 1.051823490537839098e+05 1.302624888268295589e+00 4.902895345921205262e+03 4.472871196816913289e+04 4.903129378084805467e+03
1.929780685924777354e+05 1.715402931427155272e+05 1.715401776384645491e+05 1.715403272760862019e+05 1.715399303325100918e+05 1.715401364166282583e+05 5.613924007592891576e+04 7.886585521921463078e+04 4.122147819730069605e+05 3.440492468206938356e+05 1.357701293991228740e+05 2.640231842167872237e+05 1.715401539344278281e+05 1.715402666553772870e+05 1.641873556028008752e+05 1.715399745700916101e+05 3.500647845545544260e+04 6.970626467493343807e+04 1.715402751916032284e+05 1.372264758127809037e+05 1.057354656964203314e+05 1.715402347873919352e+05 1.715397488913931593e+05 1.552003962422747572e+05 1.715399763328743575e+05
1.739020549337853445e+05 1.987995144044025510e+05 1.987993175447737449e+05 1.987994242704421631e+05 1.987991022326850216e+05 1.987994761288337177e+05 9.766813981323294865e+04 1.137016190006707475e+05 3.967223415728164255e+05 3.285264586827072199e+05 1.085796560738336266e+05 2.465637255680652161e+05 1.987994736161953479e+05 1.987995400463468104e+05 1.914464591782477219e+05 1.987992836569544161e+05 6.970626467493345262e+04 2.639440396886590679e+04 1.987995467882615922e+05 1.699324490816312318e+05 1.394886575097585446e+05 1.987993868218281132e+05 1.987990974055355764e+05 1.830649037193789263e+05 1.987992894229016674e+05
2.794099159034049953e+05 8.871839719145333220e+03 1.610817510753075476e+04 1.284007931373422434e+04 1.610800469583708764e+04 1.610817670035433002e+04 1.517437611078006739e+05 1.270163859464386333e+05 4.721191422802903107e+05 4.048234481173604727e+05 2.349173186831663188e+05 3.371527856630879105e+05 1.610812117991709056e+04 3.969807055062056861e+03 1.932308471585406733e+04 1.610802526150220365e+04 1.715402751916031993e+05 1.987995467882615631e+05 2.001491679941196253e+03 6.029991894946917455e+04 1.037819634512796620e+05 1.610818109645982076e+04 1.610772987079107588e+04 3.406900507385728270e+04 1.610803818329364731e+04
2.583016237834575295e+05 6.660244552926355391e+04 6.660237059212925669e+04 6.660246773633165867e+04 6.660214643244585022e+04 6.660237439119697956e+04 1.218339885724639898e+05 8.320253235060500447e+04 4.490099741616291576e+05 3.822144590799947619e+05 2.118082468509329774e+05 3.175450480482348357e+05 6.660242706339244614e+04 5.679842078169509477e+04 4.588036350236870203e+04 6.660227729589567753e+04 1.372264758127808745e+05 1.699324490816312027e+05 6.029991894946917455e+04 4.744746665705077248e+03 6.094211469608040352e+04 6.660241272411655518e+04 6.660197896882858186e+04 3.790507800583122298e+04 6.660227926056613796e+04
2.265032889155824669e+05 1.051824517485771794e+05 1.051823670752354519e+05 1.051824046143522282e+05 1.051821117647655628e+05 1.051825049858141574e+05 7.771674363935797010e+04 4.813474049697070586e+04 4.195980668956078007e+05 3.528028714130266453e+05 1.750618190969901043e+05 2.877531549385379767e+05 1.051825014094352373e+05 1.002805016619881644e+05 9.292745446958103275e+04 1.051823490537839098e+05 1.057354656964203314e+05 1.394886575097585446e+05 1.037819634512796620e+05 6.094211469608040352e+04 8.639693215485729525e+03 1.051824161644900742e+05 1.051820765165385237e+05 7.394997270165427472e+04 1.051823363144609466e+05
2.794097084190116730e+05 7.237781752775328641e+03 4.903310642597909464e+03 3.269421755230724557e+03 1.175151581956150659e+00 4.903517808812748626e+03 1.517437179386529024e+05 1.270163727753631247e+05 4.735195131138294819e+05 4.060238510863120900e+05 2.349171538657672936e+05 3.371526995118743507e+05 4.903452156181703685e+03 1.960956118657128536e+04 3.052757937908190434e+04 1.302624888268295589e+00 1.715402347873919061e+05 1.987993868218280841e+05 1.610818109645982622e+04 6.660241272411655518e+04 1.051824161644900742e+05 6.361418756567415178e-01 4.903150602069541492e+03 4.472893077555081254e+04 4.903412646084885637e+03
2.794095208706220146e+05 1.213956107388667078e+04 1.076580696947984972e+00 8.171241324068000722e+03 4.902860826705177715e+03 1.099724874858892809e+00 1.517432343446780578e+05 1.270158681791548152e+05 4.735194416407353710e+05 4.060235985849994468e+05 2.349169220574956562e+05 3.371524313721734216e+05 1.078812217874444368e+00 1.960924777980911676e+04 3.052726924251772289e+04 4.902895345921205262e+03 1.715397488913931302e+05 1.987990974055355764e+05 1.610772987079107406e+04 6.660197896882858186e+04 1.051820765165385237e+05 4.903150602069541492e+03 3.791337425437578124e-01 4.472841388921040925e+04 8.777788280520203434e-01
2.637533386757826083e+05 4.037165801196552638e+04 4.472886587477514695e+04 4.182407559684152511e+04 4.472866115471314697e+04 4.472887164332869725e+04 1.322859198947666155e+05 1.084877311684869201e+05 4.533671937787624192e+05 3.865717785053592524e+05 2.170273405843413493e+05 3.219023122101264307e+05 4.472888718511442858e+04 3.024531688637192201e+04 1.950572986660315655e+04 4.472871196816913289e+04 1.552003962422747572e+05 1.830649037193788972e+05 3.406900507385728997e+04 3.790507800583123026e+04 7.394997270165427472e+04 4.472893077555081254e+04 4.472841388921040925e+04 1.051630590544840197e+04 4.472868530898597237e+04
2.794096886823952082e+05 1.213982995730130096e+04 1.284051095065647852e+00 8.171524726024606025e+03 4.903172830353937570e+03 1.317759333971794344e+00 1.517434958621281548e+05 1.270161660572394758e+05 4.735195142752467655e+05 4.060236754495565547e+05 2.349171052257625561e+05 3.371525541872454342e+05 1.303649444906033850e+00 1.960957609915937428e+04 3.052754410905873374e+04 4.903129378084805467e+03 1.715399763328743284e+05 1.987992894229016674e+05 1.610803818329364913e+04 6.660227926056613796e+04 1.051823363144609466e+05 4.903412646084885637e+03 8.777788280520205655e-01 4.472868530898597237e+04 6.213111989631940890e-01
