1.636025454069892476e+04 2.328055233317445091e+05 2.328055779560143128e+05 2.328053591744438454e+05 2.328055949007268937e+05 2.328054562916386640e+05 2.248693047086197766e+05 3.337694977191353100e+05 2.063507629142944934e+05 5.331941347567809134e+04 2.328056473347212304e+05 1.451274802126055874e+05 2.305381714233360253e+05 8.320376539488096023e+04 2.328055837187498400e+05 1.259116402857873472e+05 3.760634420863157138e+05 1.868033564525587426e+05 2.872210858707018197e+05 8.203286678250849945e+04 2.328054967669556790e+05 2.328055685758353502e+05 2.237080751025787613e+05 1.651026786708861764e+05 2.328056900208089210e+05
2.328055233317445091e+05 3.752340345990896608e-01 6.524199731875661382e+04 7.505244917895045331e-01 9.260669042362358596e+03 9.002279394502759047e-01 1.111124280074163398e+05 4.554619994077206939e+05 1.296309487241203606e+05 2.407420677956183499e+05 2.545003474232579174e+04 2.853260841467145365e+05 1.011111437828385533e+05 2.634378709700237378e+05 4.421868473577860073e+02 2.045466726726534544e+05 4.977560562498311629e+05 1.582446808216508944e+05 4.092223081726856763e+05 2.246485855655249325e+05 8.387242880548568813e-01 9.706091488967433234e-01 3.499360457748569897e+05 1.781550635515499744e+05 8.378421335948396882e+04
2.328055779560143128e+05 6.524199731875663565e+04 2.082124761619968558e+04 6.524172635106517555e+04 5.598252820853872254e+04 6.524178943811429781e+04 6.439055140737051261e+04 4.554622973342958139e+05 8.290910592558346980e+04 2.407422645990916935e+05 3.979307549990488042e+04 2.853261572431030218e+05 4.667309995096513740e+04 2.634382462166086189e+05 6.480088869085565238e+04 1.798556264240070595e+05 4.977563127855936764e+05 1.115228043217058876e+05 4.092224057459709584e+05 2.081878044540158589e+05 6.524194244454309955e+04 6.524197929326895246e+04 3.499361798013669322e+05 1.406956645446048351e+05 1.854352360999454686e+04
2.328053591744438454e+05 7.505244917895045331e-01 6.524172635106516827e+04 2.571448062165256898e-01 9.260410537429048418e+03 5.523188538572576523e-01 1.111121730984667374e+05 4.554619684284428949e+05 1.296307000593873381e+05 2.407419479359113029e+05 2.544977560934227222e+04 2.853260096060938668e+05 1.011108840060802177e+05 2.634377658198173158e+05 4.419759430860147518e+02 2.045464732164345041e+05 4.977560443861131789e+05 1.582444625628523354e+05 4.092222386094782851e+05 2.246483846277742123e+05 6.641431786930318548e-01 8.784266970586623868e-01 3.499359632447824115e+05 1.781548790210392617e+05 8.378391995586549456e+04
2.328055949007268937e+05 9.260669042362358596e+03 5.598252820853870799e+04 9.260410537429048418e+03 4.123263551489939616e-01 9.260525814759541390e+03 1.111126080494621274e+05 4.554621520347152837e+05 1.296312174854915502e+05 2.407421785876179638e+05 1.619033675180868886e+04 2.853261149002129096e+05 1.000090098713811167e+05 2.634381690676620929e+05 8.819287054126074509e+03 2.045469694671352918e+05 4.977562748160527553e+05 1.582447459151350777e+05 4.092222533420029213e+05 2.246486729840847838e+05 9.260615405592012394e+03 9.260590491181907055e+03 3.499360592028721585e+05 1.781551933105862990e+05 7.452505125507836055e+04
2.328054562916386640e+05 9.002279394502759047e-01 6.524178943811429053e+04 5.523188538572576523e-01 9.260525814759541390e+03 2.881007637285912248e-01 1.111122510814740817e+05 4.554619658839600743e+05 1.296307762178821868e+05 2.407420268835570896e+05 2.544987140333443313e+04 2.853260376001838595e+05 1.011109377658559242e+05 2.634378230406952207e+05 4.420260143011099672e+02 2.045465738060818985e+05 4.977560493714006734e+05 1.582445328812687658e+05 4.092223167019789107e+05 2.246484774695081869e+05 8.147032186139139265e-01 9.892903611356541616e-01 3.499360337140804040e+05 1.781549217811767885e+05 8.378401978093940124e+04
2.248693047086197766e+05 1.111124280074163544e+05 6.439055140737050533e+04 1.111121730984667374e+05 1.111126080494621419e+05 1.111122510814740817e+05 3.820933900183914322e-01 4.554622373267036164e+05 2.314938690811696142e+04 2.407422917651183961e+05 1.028597717633054417e+05 2.853263641624568845e+05 1.771849801200989168e+04 2.634381229698851239e+05 1.111125557475684618e+05 1.489913676893681113e+05 4.977563041836884222e+05 5.639299975728212303e+04 4.092226303076338954e+05 1.815289418874802650e+05 1.111123518607406731e+05 1.111125065220028482e+05 3.499363961066329503e+05 1.031950183373951586e+05 4.584812044911643898e+04
3.337694977191353100e+05 4.554619994077206939e+05 4.554622973342958139e+05 4.554619684284428949e+05 4.554621520347152837e+05 4.554619658839600743e+05 4.554622373267036164e+05 5.413609371270923293e+04 4.369436962102772668e+05 3.258328835224297945e+05 4.554622417653355515e+05 2.791545930018175277e+05 4.554622749082470546e+05 3.097114401142408024e+05 4.554621361792109092e+05 3.813883431877245894e+05 1.693516655299534905e+05 4.173965420324506704e+05 1.509654972768235893e+05 3.655705177671277779e+05 4.554620091353850439e+05 4.554620579713902553e+05 2.236141671317307919e+05 4.025523829940454452e+05 4.554622073557921103e+05
2.063507629142944934e+05 1.296309487241203606e+05 8.290910592558346980e+04 1.296307000593873381e+05 1.296312174854915502e+05 1.296307762178821868e+05 2.314938690811696142e+04 4.369436962102772668e+05 2.314858826954343021e+04 2.222237582624640490e+05 1.213784047127499798e+05 2.668078513014920172e+05 4.031573186854833330e+04 2.449195935511368152e+05 1.296311003132465703e+05 1.304729235693548981e+05 4.792378100116292480e+05 3.324470065639613313e+04 3.907040607060703333e+05 1.630103664578660391e+05 1.296308833498424792e+05 1.296310621144547622e+05 3.314178241451469366e+05 8.059790699668339221e+04 6.436674724475706898e+04
5.331941347567809134e+04 2.407420677956183499e+05 2.407422645990916935e+05 2.407419479359112447e+05 2.407421785876179638e+05 2.407420268835570896e+05 2.407422917651183961e+05 3.258328835224298527e+05 2.222237582624640490e+05 6.067077819964116316e+03 2.407422321619816648e+05 1.265345393904400116e+05 2.407423162716946099e+05 6.193047468150385976e+04 2.407420673091327772e+05 1.473081360505853372e+05 3.648515896160016418e+05 2.026763575110693928e+05 2.795930130635194946e+05 1.094198789378135407e+05 2.407420586849052052e+05 2.407420732244633255e+05 2.123701410225033469e+05 1.846393864366986963e+05 2.407423787897758011e+05
2.328056473347212304e+05 2.545003474232579174e+04 3.979307549990488042e+04 2.544977560934227222e+04 1.619033675180868886e+04 2.544987140333443313e+04 1.028597717633054272e+05 4.554622417653355515e+05 1.213784047127499798e+05 2.407422321619816648e+05 1.130846376953538129e+04 2.853262244345498038e+05 8.608724730404763250e+04 2.634382086219420307e+05 2.500880460159261929e+04 2.045469927700906119e+05 4.977563480241529760e+05 1.499919204160160734e+05 4.092223681963997078e+05 2.246486879665913875e+05 2.544999564511788049e+04 2.545004206914882525e+04 3.499361541158677428e+05 1.730529391655368963e+05 5.833556044337093772e+04
1.451274802126055874e+05 2.853260841467145365e+05 2.853261572431030218e+05 2.853260096060938668e+05 2.853261149002129096e+05 2.853260376001838595e+05 2.853263641624568845e+05 2.791545930018175277e+05 2.668078513014920172e+05 1.265345393904400116e+05 2.853262244345498038e+05 2.864163242984667158e+04 2.853263241101260064e+05 9.780252591939126432e+04 2.853260132584139938e+05 2.016104601729013666e+05 3.208790894065039465e+05 2.472605567678122607e+05 2.165195577608556487e+05 1.761478959153753822e+05 2.853260615307235275e+05 2.853260638237706735e+05 1.292078593855205836e+05 2.258025367478480912e+05 2.853263169142742991e+05
2.305381714233360253e+05 1.011111437828385533e+05 4.667309995096513012e+04 1.011108840060802177e+05 1.000090098713811021e+05 1.011109377658559242e+05 1.771849801200989168e+04 4.554622749082469963e+05 4.031573186854833330e+04 2.407423162716946099e+05 8.608724730404763250e+04 2.853263241101260064e+05 1.379752701720705591e+04 2.634381504225850804e+05 1.010587165081369021e+05 1.556051425573199231e+05 4.977562758447111701e+05 7.300807929414568935e+04 4.092226059416955104e+05 1.881426621319435071e+05 1.011110639764048392e+05 1.011112048986417940e+05 3.499363847647212679e+05 1.117810510042965034e+05 2.813062237792591623e+04
8.320376539488096023e+04 2.634378709700237378e+05 2.634382462166086189e+05 2.634377658198173158e+05 2.634381690676620929e+05 2.634378230406952207e+05 2.634381229698851239e+05 3.097114401142408024e+05 2.449195935511368152e+05 6.193047468150385976e+04 2.634382086219420307e+05 9.780252591939126432e+04 2.634381504225850804e+05 2.847084615349230080e+04 2.634380839773316402e+05 1.716003362620773551e+05 3.525535144236417254e+05 2.253724353590125102e+05 2.528712493189064844e+05 1.334516235405695043e+05 2.634378696360276663e+05 2.634379909751141677e+05 1.856411953911901219e+05 2.078859575088678685e+05 2.634381712413937785e+05
2.328055837187498400e+05 4.421868473577860641e+02 6.480088869085563783e+04 4.419759430860146381e+02 8.819287054126074509e+03 4.420260143011099672e+02 1.111125557475684618e+05 4.554621361792109092e+05 1.296311003132465703e+05 2.407420673091327772e+05 2.500880460159261929e+04 2.853260132584139938e+05 1.010587165081369021e+05 2.634380839773316402e+05 8.402911639477142671e+02 2.045469319756345358e+05 4.977562438872634084e+05 1.582447012269920378e+05 4.092222460055451957e+05 2.246485677387839823e+05 4.421689118414909103e+02 4.420756330133550591e+02 3.499360175056722946e+05 1.781551184385512606e+05 8.334334853840094001e+04
1.259116402857873472e+05 2.045466726726534544e+05 1.798556264240070013e+05 2.045464732164345041e+05 2.045469694671352918e+05 2.045465738060818985e+05 1.489913676893681113e+05 3.813883431877245894e+05 1.304729235693548981e+05 1.473081360505853372e+05 2.045469927700906119e+05 2.016104601729013666e+05 1.556051425573199231e+05 1.716003362620773551e+05 2.045469319756345358e+05 8.184527756375138779e+03 4.236823271597478888e+05 1.052590454989415739e+05 3.351486133867535973e+05 5.576486749383938150e+04 2.045466197880961699e+05 2.045467818285973335e+05 2.718941255405413103e+05 5.874892833990084910e+04 1.670604016948212520e+05
3.760634420863155974e+05 4.977560562498311629e+05 4.977563127855936764e+05 4.977560443861131789e+05 4.977562748160527553e+05 4.977560493714006734e+05 4.977563041836884222e+05 1.693516655299534905e+05 4.792378100116292480e+05 3.648515896160016418e+05 4.977563480241529760e+05 3.208790894065039465e+05 4.977562758447111701e+05 3.525535144236417254e+05 4.977562438872634084e+05 4.236823271597478888e+05 6.299787390395848342e+04 4.596906164428116172e+05 2.181097932199781935e+05 4.078645900886644959e+05 4.977560873259011423e+05 4.977561256651739823e+05 2.590991405038929661e+05 4.448463920160062844e+05 4.977562296734373667e+05
1.868033564525587426e+05 1.582446808216508944e+05 1.115228043217058876e+05 1.582444625628523354e+05 1.582447459151350777e+05 1.582445328812687658e+05 5.639299975728212303e+04 4.173965420324506704e+05 3.324470065639613313e+04 2.026763575110693928e+05 1.499919204160160734e+05 2.472605567678122607e+05 7.300807929414568935e+04 2.253724353590125102e+05 1.582447012269920378e+05 1.052590454989415739e+05 4.596906164428116172e+05 2.207146197369190759e+03 3.711566105525340536e+05 1.434628152972836688e+05 1.582446237647644011e+05 1.582447223700171744e+05 3.118703596105984179e+05 4.790555635867229284e+04 9.298055396910653508e+04
2.872210858707018197e+05 4.092223081726856763e+05 4.092224057459709584e+05 4.092222386094782851e+05 4.092222533420029213e+05 4.092223167019789107e+05 4.092226303076338954e+05 1.509654972768235893e+05 3.907040607060703333e+05 2.795930130635194946e+05 4.092223681963997078e+05 2.165195577608556487e+05 4.092226059416955104e+05 2.528712493189064844e+05 4.092222460055451957e+05 3.351486133867535973e+05 2.181097932199781935e+05 3.711566105525340536e+05 4.678758176213041588e+04 3.197164007486109622e+05 4.092223066654936993e+05 4.092222308113787440e+05 1.571065997537581134e+05 3.563125082156172139e+05 4.092225352723380784e+05
8.203286678250849945e+04 2.246485855655249325e+05 2.081878044540158589e+05 2.246483846277741832e+05 2.246486729840847838e+05 2.246484774695081869e+05 1.815289418874802650e+05 3.655705177671277779e+05 1.630103664578660391e+05 1.094198789378135407e+05 2.246486879665913875e+05 1.761478959153753822e+05 1.881426621319435071e+05 1.334516235405695334e+05 2.246485677387839823e+05 5.576486749383937422e+04 4.078645900886644959e+05 1.434628152972836688e+05 3.197164007486109040e+05 3.558439098379411007e+04 2.246485072582221183e+05 2.246485994213693193e+05 2.543051527986855363e+05 1.089316874644795753e+05 1.995123685086240293e+05
2.328054967669556790e+05 8.387242880548568813e-01 6.524194244454307773e+04 6.641431786930318548e-01 9.260615405592012394e+03 8.147032186139139265e-01 1.111123518607406586e+05 4.554620091353850439e+05 1.296308833498424792e+05 2.407420586849052052e+05 2.544999564511788776e+04 2.853260615307235275e+05 1.011110639764048392e+05 2.634378696360276663e+05 4.421689118414908535e+02 2.045466197880961699e+05 4.977560873259011423e+05 1.582446237647644011e+05 4.092223066654936993e+05 2.246485072582221183e+05 3.456335036610266864e-01 9.750980980153693967e-01 3.499360226929191267e+05 1.781550382129167556e+05 8.378410100452389452e+04
2.328055685758353502e+05 9.706091488967432124e-01 6.524197929326893791e+04 8.784266970586623868e-01 9.260590491181907055e+03 9.892903611356541616e-01 1.111125065220028337e+05 4.554620579713902553e+05 1.296310621144547622e+05 2.407420732244633255e+05 2.545004206914882525e+04 2.853260638237706735e+05 1.011112048986417940e+05 2.634379909751141677e+05 4.420756330133550591e+02 2.045467818285973335e+05 4.977561256651739823e+05 1.582447223700171744e+05 4.092222308113787440e+05 2.246485994213693193e+05 9.750980980153693967e-01 4.152062819752292411e-01 3.499360269122717436e+05 1.781550919775196235e+05 8.378428705083206296e+04
2.237080751025787613e+05 3.499360457748569897e+05 3.499361798013669322e+05 3.499359632447824697e+05 3.499360592028721585e+05 3.499360337140804040e+05 3.499363961066329503e+05 2.236141671317307337e+05 3.314178241451469366e+05 2.123701410225033178e+05 3.499361541158678010e+05 1.292078593855205982e+05 3.499363847647212679e+05 1.856411953911901219e+05 3.499360175056722946e+05 2.718941255405413103e+05 2.590991405038929661e+05 3.118703596105984179e+05 1.571065997537581134e+05 2.543051527986855363e+05 3.499360226929191267e+05 3.499360269122717436e+05 4.962321376423876063e+04 2.941918349177585333e+05 3.499363112920938293e+05
1.651026786708861764e+05 1.781550635515499744e+05 1.406956645446048351e+05 1.781548790210392617e+05 1.781551933105862990e+05 1.781549217811767885e+05 1.031950183373951440e+05 4.025523829940454452e+05 8.059790699668339221e+04 1.846393864366986963e+05 1.730529391655368963e+05 2.258025367478480912e+05 1.117810510042965034e+05 2.078859575088678685e+05 1.781551184385512606e+05 5.874892833990085637e+04 4.448463920160062844e+05 4.790555635867229284e+04 3.563125082156172139e+05 1.089316874644795753e+05 1.781550382129167556e+05 1.781550919775196235e+05 2.941918349177585333e+05 2.084275215804457184e+04 1.241353412320955686e+05
2.328056900208089210e+05 8.378421335948399792e+04 1.854352360999454322e+04 8.378391995586549456e+04 7.452505125507836055e+04 8.378401978093940124e+04 4.584812044911643898e+04 4.554622073557921103e+05 6.436674724475707626e+04 2.407423787897758011e+05 5.833556044337093772e+04 2.853263169142742991e+05 2.813062237792592350e+04 2.634381712413937785e+05 8.334334853840094001e+04 1.670604016948212520e+05 4.977562296734373667e+05 9.298055396910653508e+04 4.092225352723380784e+05 1.995123685086240293e+05 8.378410100452389452e+04 8.378428705083206296e+04 3.499363112920938293e+05 1.241353412320955686e+05 8.557063147896100190e+02
