2.995508492494440844e-01 1.030115466647613794e+05 1.173723202030285320e+05 4.401541352029396512e+04 1.408551359131700883e+04 1.036507553898726508e+00 3.107228049082326470e+05 7.042378768462278822e+04 8.450833264859906922e+04 1.385362885234594578e+05 8.203606749882740301e-01 8.450835607917654852e+04 4.261317111741302651e+05 2.213414322273618745e+04 1.071744765253262566e+00 2.344369109103548399e+05 1.182328755734999293e+00 1.408512781399952109e+04 2.873007894785451354e+05 1.924895641943553346e+05 5.138531169158207485e+05 1.408585888886940847e+04 1.408541762728540198e+04 3.632077589678774821e+05 1.408565305579833512e+04
1.030115466647613794e+05 6.065260191922222475e+03 3.800410788595844497e+04 7.484304834155751450e+04 1.030118459448117937e+05 1.030119685323943850e+05 2.684696430442411802e+05 6.075832769223339710e+04 4.667384280906490312e+04 6.570744047489958757e+04 1.030117314501849032e+05 4.667381577564484178e+04 3.838785622673496837e+05 9.496375462393037742e+04 1.030119304533674731e+05 1.780993873399812437e+05 1.030120618222714984e+05 1.030114713579860254e+05 2.450476006454160670e+05 1.355454005863448838e+05 4.715998533754736418e+05 1.030119953709851252e+05 1.030118093017640203e+05 3.209545300880657160e+05 1.030119547763869487e+05
1.173723202030285320e+05 3.800410788595844497e+04 1.341036361896573544e+04 1.022820911044406530e+05 1.173725802505646134e+05 1.173726773259845650e+05 2.581697447524754680e+05 8.819773359611877822e+04 7.411293407750726328e+04 3.298645491278706322e+04 1.173725585728727165e+05 7.411294677060579124e+04 3.791835899081652751e+05 1.130611035977605789e+05 1.173725579837665136e+05 1.603256540660862520e+05 1.173725364938414132e+05 1.173722352738526097e+05 2.272744276508332114e+05 1.164453644327060756e+05 4.669050087048085406e+05 1.173727677936700638e+05 1.173723808825894521e+05 3.162597531990649877e+05 1.173726646746484912e+05
4.401541352029396512e+04 7.484304834155751450e+04 1.022820911044406530e+05 3.081544709287427850e+03 4.401571499908445548e+04 4.401576824514026521e+04 3.107231209915425861e+05 2.640991742652393077e+04 4.093465818545388902e+04 1.264642269380945218e+05 4.401568208481614420e+04 4.225529471152179030e+04 4.261318516559021082e+05 2.188260902622699723e+04 4.401570310907885869e+04 2.344371599113036063e+05 4.401565538861505047e+04 4.401534317493801791e+04 2.873012420314394403e+05 1.924900603741419327e+05 5.138532797068118816e+05 4.401572954135686450e+04 4.401551295094198576e+04 3.632081626458368846e+05 4.401577264075975836e+04
1.408551359131700883e+04 1.030118459448117937e+05 1.173725802505646134e+05 4.401571499908445548e+04 4.281034978395051871e-01 1.408580749814929368e+04 3.107229083157838904e+05 7.042405475963228673e+04 8.450856599292444298e+04 1.385365647962299408e+05 1.408562626973886472e+04 8.450869235721271252e+04 4.261317925689895055e+05 2.213432375743586090e+04 1.408594995298923095e+04 2.344371692137822683e+05 1.408604103699652842e+04 8.679247643780433341e-01 2.873009500032217475e+05 1.924899015292474360e+05 5.138531990514157806e+05 1.442425710516769044e+00 1.102524789688737794e+00 3.632078659921209910e+05 1.225175006039450398e+00
1.036507553898726508e+00 1.030119685323943850e+05 1.173726773259845650e+05 4.401576824514026521e+04 1.408580749814929368e+04 3.915981606623168410e-01 3.107230080961764324e+05 7.042420424099078809e+04 8.450871728754627111e+04 1.385367435161321773e+05 1.033824163093207238e+00 8.450871087224141229e+04 4.261318469870251138e+05 2.213444943364265782e+04 1.155284455172802094e+00 2.344372607977322768e+05 1.299162210726885203e+00 1.408553486003327271e+04 2.873010501277477015e+05 1.924900142841527995e+05 5.138532284069090965e+05 1.408609895935019267e+04 1.408584426440640345e+04 3.632078961772934417e+05 1.408586938385669237e+04
3.107228049082326470e+05 2.684696430442411802e+05 2.581697447524754680e+05 3.107231209915425861e+05 3.107229083157838904e+05 3.107230080961764324e+05 2.647457047033813797e+04 2.966385382126435870e+05 2.825540504570769263e+05 2.386006088494244614e+05 3.107228669255762943e+05 2.825542217246910441e+05 2.108962403894040617e+05 3.107231410861359909e+05 3.107230103922254639e+05 1.411955661173825210e+05 3.107230350408418453e+05 3.107227749280640855e+05 7.815909685082426586e+04 1.815780590191603987e+05 2.790635990923540085e+05 3.107230579498145962e+05 3.107228337240635883e+05 1.348849672539197782e+05 3.107230531335068517e+05
7.042378768462278822e+04 6.075832769223339710e+04 8.819773359611877822e+04 2.640991742652393441e+04 7.042405475963228673e+04 7.042420424099078809e+04 2.966385382126435870e+05 1.408495332726049128e+04 1.760697406875402521e+04 1.123798756165951636e+05 7.042399911302098189e+04 2.817056194246626183e+04 4.120475992796843639e+05 4.829141970714552735e+04 7.042426104169219616e+04 2.203529296245781006e+05 7.042438269050352392e+04 7.042366708383901278e+04 2.732166152246608981e+05 1.784054462880678184e+05 4.997688648122154991e+05 7.042419707950890006e+04 7.042396563014815911e+04 3.491234936451989342e+05 7.042418476242787438e+04
8.450833264859906922e+04 4.667384280906490312e+04 7.411293407750726328e+04 4.093465818545388902e+04 8.450856599292444298e+04 8.450871728754627111e+04 2.825540504570769263e+05 1.760697406875402521e+04 5.282272111656203379e+03 9.829519356317947677e+04 8.450860507439392677e+04 1.056479109031433836e+04 3.979630340121917543e+05 6.237595728924734431e+04 8.450884311294207873e+04 2.062681421815189824e+05 8.450880767203915457e+04 8.450822038291751232e+04 2.591320913537811430e+05 1.643209740452944243e+05 4.856844656748899142e+05 8.450885373805962445e+04 8.450853432540778886e+04 3.350390174915404059e+05 8.450873439689807128e+04
1.385362885234594578e+05 6.570744047489958757e+04 3.298645491278706322e+04 1.264642269380945218e+05 1.385365647962299408e+05 1.385367435161321773e+05 2.386006088494244614e+05 1.123798756165951636e+05 9.829519356317947677e+04 2.764053919413983385e+04 1.385364654568435217e+05 9.829529355072480394e+04 3.617455605682965252e+05 1.350874142750162864e+05 1.385365866142865561e+05 1.308619210691671033e+05 1.385365346798292885e+05 1.385362887431848212e+05 2.030923586072091130e+05 9.226306208598108788e+04 4.494670210392761510e+05 1.385367019707777072e+05 1.385363950404407224e+05 2.988220466839597211e+05 1.385367587694826361e+05
8.203606749882740301e-01 1.030117314501849032e+05 1.173725585728727165e+05 4.401568208481614420e+04 1.408562626973886472e+04 1.033824163093207238e+00 3.107228669255762943e+05 7.042399911302098189e+04 8.450860507439392677e+04 1.385364654568435217e+05 4.456181059547292267e-01 8.450860977676247421e+04 4.261317628494594828e+05 2.213438101173979521e+04 1.210806503851634019e+00 2.344370877976135234e+05 1.357785960848837625e+00 1.408536752955916745e+04 2.873009200887188781e+05 1.924897182119043719e+05 5.138531413768614293e+05 1.408606789870027205e+04 1.408561601243630867e+04 3.632077997165066772e+05 1.408586777552662352e+04
8.450835607917654852e+04 4.667381577564484178e+04 7.411294677060579124e+04 4.225529471152179030e+04 8.450869235721271252e+04 8.450871087224141229e+04 2.825542217246910441e+05 2.817056194246626183e+04 1.056479109031433836e+04 9.829529355072480394e+04 8.450860977676247421e+04 5.073574847281622224e-01 3.979629545247475617e+05 6.237600786383807281e+04 8.450881464065790351e+04 2.062682939473150182e+05 8.450892584613834333e+04 8.450828174289257731e+04 2.591323218760541931e+05 1.643209536685470666e+05 4.856843618155638105e+05 8.450894827418526984e+04 8.450858266948710661e+04 3.350389924380650627e+05 8.450877264042547904e+04
4.261317111741302651e+05 3.838785622673496837e+05 3.791835899081652751e+05 4.261318516559021664e+05 4.261317925689895055e+05 4.261318469870251138e+05 2.108962403894040617e+05 4.120475992796843639e+05 3.979630340121917543e+05 3.617455605682965252e+05 4.261317628494594828e+05 3.979629545247475617e+05 6.021636220311424404e+04 4.261318352413678076e+05 4.261317854052794282e+05 2.899817277029775432e+05 4.261317583042167244e+05 4.261317026985012926e+05 2.361658002819025132e+05 3.134560576400206191e+05 2.019079772815086471e+05 4.261318297704730066e+05 4.261316711899088696e+05 1.243832921002413204e+05 4.261318622425393551e+05
2.213414322273619109e+04 9.496375462393037742e+04 1.130611035977605789e+05 2.188260902622699359e+04 2.213432375743586454e+04 2.213444943364266146e+04 3.107231410861359909e+05 4.829141970714552735e+04 6.237595728924734431e+04 1.350874142750162864e+05 2.213438101173979885e+04 6.237600786383807281e+04 4.261318352413678076e+05 1.149805916873905699e+04 2.213434987670096598e+04 2.344371361910061387e+05 2.213433087224057817e+04 2.213400475110733896e+04 2.873011668675914989e+05 1.924899805903396918e+05 5.138532643820662051e+05 2.213426127331065800e+04 2.213416217910431442e+04 3.632081522326119011e+05 2.213443829616876974e+04
1.071744765253262566e+00 1.030119304533674731e+05 1.173725579837665136e+05 4.401570310907885869e+04 1.408594995298923095e+04 1.155284455172802316e+00 3.107230103922254639e+05 7.042426104169219616e+04 8.450884311294207873e+04 1.385365866142865561e+05 1.210806503851634019e+00 8.450881464065790351e+04 4.261317854052794282e+05 2.213434987670096598e+04 3.995753635447282237e-01 2.344371608513602114e+05 1.240845079134775597e+00 1.408563495910667189e+04 2.873011230794870644e+05 1.924898458616766438e+05 5.138530932097889599e+05 1.408603376757003025e+04 1.408571405827694070e+04 3.632080637178592151e+05 1.408599061061625980e+04
2.344369109103548399e+05 1.780993873399812437e+05 1.603256540660862520e+05 2.344371599113036063e+05 2.344371692137822683e+05 2.344372607977322768e+05 1.411955661173825210e+05 2.203529296245781006e+05 2.062681421815189824e+05 1.308619210691671178e+05 2.344370877976135234e+05 2.062682939473150182e+05 2.899817277029775432e+05 2.344371361910061387e+05 2.344371608513602114e+05 2.674718996658799369e+04 2.344370639953200589e+05 2.344369022236161691e+05 9.373813020520407008e+04 5.444538394124515617e+04 3.777031450265674503e+05 2.344372202453165373e+05 2.344368848527627124e+05 2.231641711441208608e+05 2.344372830733915616e+05
1.182328755734999293e+00 1.030120618222714984e+05 1.173725364938414132e+05 4.401565538861505047e+04 1.408604103699652842e+04 1.299162210726885203e+00 3.107230350408418453e+05 7.042438269050352392e+04 8.450880767203915457e+04 1.385365346798292885e+05 1.357785960848837625e+00 8.450892584613834333e+04 4.261317583042167244e+05 2.213433087224057817e+04 1.240845079134775153e+00 2.344370639953200589e+05 4.689848546168844390e-01 1.408574785525731932e+04 2.873011144339452148e+05 1.924899525975996803e+05 5.138531234495093813e+05 1.408608756019797329e+04 1.408588071197327554e+04 3.632080656258316012e+05 1.408607661338957951e+04
1.408512781399952109e+04 1.030114713579860254e+05 1.173722352738526097e+05 4.401534317493801791e+04 8.679247643780432231e-01 1.408553486003327271e+04 3.107227749280640855e+05 7.042366708383901278e+04 8.450822038291751232e+04 1.385362887431848212e+05 1.408536752955916745e+04 8.450828174289257731e+04 4.261317026985012344e+05 2.213400475110733532e+04 1.408563495910667189e+04 2.344369022236161691e+05 1.408574785525731932e+04 2.363003830819856432e-01 2.873007284530288307e+05 1.924895872198656434e+05 5.138531210430715582e+05 1.186104317461193824e+00 7.251171236844179413e-01 3.632077311205178266e+05 9.471402018068105777e-01
2.873007894785451354e+05 2.450476006454160670e+05 2.272744276508332114e+05 2.873012420314394403e+05 2.873009500032217475e+05 2.873010501277477015e+05 7.815909685082426586e+04 2.732166152246608981e+05 2.591320913537811430e+05 2.030923586072091130e+05 2.873009200887188781e+05 2.591323218760541931e+05 2.361658002819025132e+05 2.873011668675914989e+05 2.873011230794870644e+05 9.373813020520407008e+04 2.873011144339452148e+05 2.873007284530288307e+05 2.855363619387239669e+04 1.358752642319239094e+05 3.292253130826090928e+05 2.873010168502821471e+05 2.873008995291488245e+05 1.600249179358158144e+05 2.873010286800062750e+05
1.924895641943553346e+05 1.355454005863448838e+05 1.164453644327060756e+05 1.924900603741419327e+05 1.924899015292474360e+05 1.924900142841527995e+05 1.815780590191603987e+05 1.784054462880678475e+05 1.643209740452944243e+05 9.226306208598107332e+04 1.924897182119044010e+05 1.643209536685470666e+05 3.134560576400205609e+05 1.924899805903396918e+05 1.924898458616766438e+05 5.444538394124514161e+04 1.924899525975996803e+05 1.924895872198656434e+05 1.358752642319239094e+05 9.595980624334088134e+03 4.011772836220607278e+05 1.924899928562876594e+05 1.924896270511815674e+05 2.505322072687797772e+05 1.924899860998037911e+05
5.138531169158207485e+05 4.715998533754736418e+05 4.669050087048085406e+05 5.138532797068118816e+05 5.138531990514157806e+05 5.138532284069090965e+05 2.790635990923540667e+05 4.997688648122154991e+05 4.856844656748898560e+05 4.494670210392761510e+05 5.138531413768614293e+05 4.856843618155638105e+05 2.019079772815086471e+05 5.138532643820662051e+05 5.138530932097889599e+05 3.777031450265674503e+05 5.138531234495093813e+05 5.138531210430715582e+05 3.292253130826090928e+05 4.011772836220607278e+05 5.106738656823096244e+04 5.138531600868217647e+05 5.138530273795473040e+05 2.505940768653705018e+05 5.138532386217699386e+05
1.408585888886940847e+04 1.030119953709851252e+05 1.173727677936700638e+05 4.401572954135686450e+04 1.442425710516769488e+00 1.408609895935019267e+04 3.107230579498145962e+05 7.042419707950890006e+04 8.450885373805962445e+04 1.385367019707777072e+05 1.408606789870027205e+04 8.450894827418526984e+04 4.261318297704730066e+05 2.213426127331065436e+04 1.408603376757003025e+04 2.344372202453165373e+05 1.408608756019797329e+04 1.186104317461193824e+00 2.873010168502821471e+05 1.924899928562876594e+05 5.138531600868217647e+05 3.919506496771989479e-01 1.292265193148841140e+00 3.632080701202226919e+05 1.376292888429812233e+00
1.408541762728540198e+04 1.030118093017640203e+05 1.173723808825894521e+05 4.401551295094198576e+04 1.102524789688737794e+00 1.408584426440640345e+04 3.107228337240635883e+05 7.042396563014815911e+04 8.450853432540778886e+04 1.385363950404407224e+05 1.408561601243630867e+04 8.450858266948710661e+04 4.261316711899088696e+05 2.213416217910431442e+04 1.408571405827694070e+04 2.344368848527627124e+05 1.408588071197327554e+04 7.251171236844178303e-01 2.873008995291488245e+05 1.924896270511815674e+05 5.138530273795473040e+05 1.292265193148841140e+00 4.591549976744129236e-01 3.632078903748391895e+05 1.199515316506063467e+00
3.632077589678775985e+05 3.209545300880657160e+05 3.162597531990649877e+05 3.632081626458368846e+05 3.632078659921209328e+05 3.632078961772934417e+05 1.348849672539197782e+05 3.491234936451989342e+05 3.350390174915404059e+05 2.988220466839597211e+05 3.632077997165066772e+05 3.350389924380650627e+05 1.243832921002413204e+05 3.632081522326119011e+05 3.632080637178592151e+05 2.231641711441208608e+05 3.632080656258316012e+05 3.632077311205178266e+05 1.600249179358158144e+05 2.505322072687797772e+05 2.505940768653705018e+05 3.632080701202226919e+05 3.632078903748391895e+05 5.570643412411403551e+04 3.632079399440506240e+05
1.408565305579833512e+04 1.030119547763869487e+05 1.173726646746484912e+05 4.401577264075975836e+04 1.225175006039450176e+00 1.408586938385669237e+04 3.107230531335068517e+05 7.042418476242787438e+04 8.450873439689807128e+04 1.385367587694826361e+05 1.408586777552662352e+04 8.450877264042547904e+04 4.261318622425393551e+05 2.213443829616876246e+04 1.408599061061625980e+04 2.344372830733915616e+05 1.408607661338957951e+04 9.471402018068105777e-01 2.873010286800062750e+05 1.924899860998037911e+05 5.138532386217699386e+05 1.376292888429811789e+00 1.199515316506063689e+00 3.632079399440506240e+05 3.885728867519832597e-01
