1.200078253404755378e+04 7.623348496001728927e+04 9.200163270315337286e+04 9.200148981534595077e+04 2.180947497955246654e+05 1.541498940886508353e+04 9.200144064029795118e+04 9.050152070499779074e+04 1.908342802259420569e+04 9.200129944059610716e+04 1.688725734662745672e+05 9.200168478402646724e+04 9.200160029050742742e+04 3.823042797101943870e+05 4.817242177686864306e+04 1.074454069314848166e+05 3.069859281370589160e+05 2.461421072010231728e+05 4.255118120917546330e+05 5.609126727151116938e+04 1.335478775974437012e+05 5.279999741707786598e+04 9.200140209282192518e+04 6.800169143628157326e+04 8.108962530716843321e+04
7.623348496001728927e+04 6.943851615055843467e+03 2.376966125703007128e+04 2.376961924455589906e+04 2.340947199024905276e+05 6.134456351909664954e+04 2.376946701646509246e+04 1.426947365992539198e+04 8.823354863686114550e+04 2.376944131090606243e+04 1.884280148895070888e+05 2.022854689108001548e+04 2.376962573905944373e+04 3.903041930971014081e+05 1.035650945075013296e+05 1.331447389818749798e+05 3.149857670906246640e+05 2.621418595423914085e+05 4.335117622931647929e+05 1.073957684660025552e+05 1.564049037337844784e+05 3.143493194230685913e+04 2.376957653582040439e+04 1.610215345231579340e+04 1.208673296887662145e+05
9.200163270315337286e+04 2.376966125703007128e+04 6.009145852005984834e-01 8.001347797712446663e+03 2.340944995466789405e+05 7.711259043074361398e+04 8.001196518056765854e+03 9.501607920580197970e+03 1.040017380040534917e+05 2.230705431318473984e+03 1.884278512344802148e+05 3.542308167531966774e+03 8.001291176680831086e+03 3.903041944417066406e+05 1.097160161796957691e+05 1.331447181450464122e+05 3.149855472312837373e+05 2.621417079918973031e+05 4.335117691908103880e+05 1.127290815050147066e+05 1.564047337842036213e+05 4.720311604000091756e+04 1.263055240339737928e+00 3.200150027204236176e+04 1.244227587416156894e+05
9.200148981534595077e+04 2.376961924455589906e+04 8.001347797712445754e+03 6.273125534810531923e-01 2.340945720398340491e+05 7.711269026618156931e+04 1.167367666858751152e+00 9.501466804937808774e+03 1.040015651543287386e+05 5.771556020442224508e+03 1.884279224667263625e+05 8.001440733711530811e+03 1.230411466030605139e+00 3.903040312170438119e+05 1.097158450405370531e+05 1.331445521028309013e+05 3.149856557482691132e+05 2.621417703747605847e+05 4.335116302366908640e+05 1.127289133773423237e+05 1.564048646454983682e+05 4.720299957810175692e+04 8.001222808097272718e+03 3.200164669219668212e+04 1.244228577685237979e+05
2.180947497955246072e+05 2.340947199024905567e+05 2.340944995466789405e+05 2.340945720398340200e+05 5.586021015095269831e+04 2.260946983978583885e+05 2.340942531438093865e+05 2.340946599338533997e+05 2.100948156124813249e+05 2.340944065762605751e+05 1.345103702486524999e+05 2.340945919587075477e+05 2.340943715340467752e+05 3.199402328045636532e+05 2.123805547753744759e+05 1.966512120841054711e+05 2.125293964014681114e+05 1.193797907513751124e+05 3.614971427511719521e+05 2.100947393972415884e+05 1.613336746245746326e+05 2.318090635333646205e+05 2.340944759332747199e+05 2.340947048104183923e+05 2.056828946023008029e+05
1.541498940886508353e+04 6.134456351909664954e+04 7.711259043074361398e+04 7.711269026618156931e+04 2.260946983978583885e+05 5.561274857844790859e+03 7.711239622304429940e+04 7.561279544101265492e+04 3.403273826982034370e+04 7.711251032704701356e+04 1.772674758292556799e+05 7.711264856833133672e+04 7.711254882932684268e+04 3.903043524524678360e+05 6.306143850225774804e+04 1.183344483949923306e+05 3.149858367457026616e+05 2.541419472225065692e+05 4.335119049111359636e+05 7.098041996286141512e+04 1.424366489886124327e+05 3.738654374473982170e+04 7.711263938178437820e+04 5.259656721003084385e+04 9.447843313564627897e+04
9.200144064029795118e+04 2.376946701646509246e+04 8.001196518056765854e+03 1.167367666858751152e+00 2.340942531438093865e+05 7.711239622304429940e+04 4.951854592037352454e-01 9.501445329949443476e+03 1.040014650914295053e+05 5.771412955189072818e+03 1.884275643146784278e+05 8.001251817078070417e+03 9.658513162061422852e-01 3.903040773054715828e+05 1.097157577181071974e+05 1.331444561809612496e+05 3.149854553100038902e+05 2.621415342402501265e+05 4.335116913425926468e+05 1.127288068593015923e+05 1.564044781506027211e+05 4.720292809835887601e+04 8.001098571309918043e+03 3.200133289305192011e+04 1.244224922880927770e+05
9.050152070499779074e+04 1.426947365992539198e+04 9.501607920580197970e+03 9.501466804937810593e+03 2.340946599338533997e+05 7.561279544101265492e+04 9.501445329949443476e+03 2.438156479312764077e+03 1.025016409780895192e+05 9.501297931732644429e+03 1.884281068382161029e+05 5.960443640623064312e+03 9.501555336202185572e+03 3.903041024998675566e+05 1.096222486690083315e+05 1.331446960630276008e+05 3.149857240343193989e+05 2.621419276469411561e+05 4.335117001873020199e+05 1.127290278145940974e+05 1.564049732159067062e+05 4.570302518694220635e+04 9.501395965804562366e+03 3.037045783084559298e+04 1.244230043134870939e+05
1.908342802259420205e+04 8.823354863686114550e+04 1.040017380040534917e+05 1.040015651543287386e+05 2.100948156124813249e+05 3.403273826982034370e+04 1.040014650914295053e+05 1.025016409780895192e+05 1.626096450110249634e+03 1.040013420525698457e+05 1.608725757617051131e+05 1.040017205621128378e+05 1.040016494310097914e+05 3.743042379548617755e+05 3.373426233159119874e+04 9.744540575524243468e+04 2.989858781382779707e+05 2.381420348986616009e+05 4.175118455295907916e+05 4.409136029122625041e+04 1.255477573906873731e+05 6.480012953043798188e+04 1.040014616064539878e+05 8.000177593162124685e+04 6.908966939363612619e+04
9.200129944059610716e+04 2.376944131090606243e+04 2.230705431318473984e+03 5.771556020442223598e+03 2.340944065762605751e+05 7.711251032704702811e+04 5.771412955189072818e+03 9.501297931732644429e+03 1.040013420525698457e+05 3.216845163804273852e+03 1.884277447333354212e+05 4.784988189153009444e+03 5.771637557265221403e+03 3.903039161697175005e+05 1.097156400713682378e+05 1.331443422484327748e+05 3.149855487596165040e+05 2.621416426576577651e+05 4.335115186623852933e+05 1.127287131052015902e+05 1.564046097811588261e+05 4.720276269481637428e+04 2.230425093011202534e+03 3.200140466054719946e+04 1.244226405032288312e+05
1.688725734662745672e+05 1.884280148895070888e+05 1.884278512344801857e+05 1.884279224667263625e+05 1.345103702486524999e+05 1.772674758292556799e+05 1.884275643146784278e+05 1.884281068382161029e+05 1.608725757617051131e+05 1.884277447333354212e+05 3.126533839848995194e+04 1.884279361637007096e+05 1.884276903765972238e+05 3.273043503801673069e+05 1.631582279485011240e+05 1.333126108731188579e+05 2.502066709630466648e+05 1.745518866729174915e+05 3.660675636967334431e+05 1.608726015603979758e+05 7.745567375170315790e+04 1.861424477916169853e+05 1.884278160837623873e+05 1.884279155426983489e+05 1.537847217343922530e+05
9.200168478402646724e+04 2.022854689108001185e+04 3.542308167531966319e+03 8.001440733711532630e+03 2.340945919587075477e+05 7.711264856833135127e+04 8.001251817078072236e+03 5.960443640623064312e+03 1.040017205621128378e+05 4.784988189153010353e+03 1.884279361637007096e+05 3.948020264504792976e+03 8.001385757688854937e+03 3.903042816521913046e+05 1.097160801121712138e+05 1.331447927283701429e+05 3.149856279608510667e+05 2.621417433923324279e+05 4.335118527492172434e+05 1.127291385475170246e+05 1.564047653280697414e+05 4.720315947555397724e+04 3.542371921593987281e+03 3.194342750839558721e+04 1.244227965501982544e+05
9.200160029050742742e+04 2.376962573905944737e+04 8.001291176680833814e+03 1.230411466030605139e+00 2.340943715340467752e+05 7.711254882932685723e+04 9.658513162061421742e-01 9.501555336202187391e+03 1.040016494310097914e+05 5.771637557265223222e+03 1.884276903765972238e+05 8.001385757688854937e+03 6.197072773873565366e-01 3.903041076794713154e+05 1.097159740462853806e+05 1.331446597502104414e+05 3.149854447682750179e+05 2.621415990335997776e+05 4.335117108614379540e+05 1.127289972799683455e+05 1.564046591226329911e+05 4.720310617946898856e+04 8.001295345919468673e+03 3.200147197111627611e+04 1.244227088546979066e+05
3.823042797101943870e+05 3.903041930971014081e+05 3.903041944417066989e+05 3.903040312170438701e+05 3.199402328045636532e+05 3.903043524524678360e+05 3.903040773054715828e+05 3.903041024998675566e+05 3.743042379548617755e+05 3.903039161697175005e+05 3.273043503801673651e+05 3.903042816521913046e+05 3.903041076794713154e+05 1.324810090775513672e+05 3.605899761166849639e+05 3.480186526027545333e+05 2.542404875506707176e+05 3.180136152996547753e+05 2.697110233416803530e+05 3.583043375650745584e+05 3.371616163373158197e+05 3.903042207324063638e+05 3.903039575226079905e+05 3.903042667531728512e+05 3.556377943162070005e+05
4.817242177686864306e+04 1.035650945075013296e+05 1.097160161796957691e+05 1.097158450405370531e+05 2.123805547753744759e+05 6.306143850225774804e+04 1.097157577181071974e+05 1.096222486690083169e+05 3.373426233159119874e+04 1.097156400713682378e+05 1.631582279485011240e+05 1.097160801121712138e+05 1.097159740462853806e+05 3.605899761166849639e+05 9.630182434046835624e+03 6.927451349454963929e+04 2.852717385576796951e+05 2.404278317510260968e+05 4.037975547920386307e+05 1.291034697505337863e+04 1.165957472072155651e+05 8.725674237069784431e+04 1.097157230842593563e+05 1.001726315744178719e+05 4.091877380319650547e+04
1.074454069314848166e+05 1.331447389818749798e+05 1.331447181450464122e+05 1.331445521028309013e+05 1.966512120841054711e+05 1.183344483949923306e+05 1.331444561809612496e+05 1.331446960630276008e+05 9.744540575524243468e+04 1.331443422484327748e+05 1.333126108731188579e+05 1.331447927283701138e+05 1.331446597502104414e+05 3.480186526027544751e+05 6.927451349454963929e+04 1.387642150922286055e+04 2.727003591174539761e+05 2.278564525830491039e+05 3.912261986227572197e+05 6.462058778133586748e+04 7.220734486510623537e+04 1.307866276944107231e+05 1.331444088570959284e+05 1.331448627937179117e+05 4.255190610957775789e+04
3.069859281370589160e+05 3.149857670906246640e+05 3.149855472312837373e+05 3.149856557482691132e+05 2.125293964014681114e+05 3.149858367457026616e+05 3.149854553100039484e+05 3.149857240343193407e+05 2.989858781382779707e+05 3.149855487596165040e+05 2.502066709630466357e+05 3.149856279608510085e+05 3.149854447682750179e+05 2.542404875506707176e+05 2.852717385576796951e+05 2.727003591174539761e+05 1.413282825270140311e+05 2.129370935487536772e+05 3.195059457859366084e+05 2.829859628128547920e+05 2.594418971573496819e+05 3.149858481650674948e+05 3.149856067269688356e+05 3.149857601744160638e+05 2.803192186105711153e+05
2.461421072010231437e+05 2.621418595423914085e+05 2.621417079918973031e+05 2.621417703747606138e+05 1.193797907513751124e+05 2.541419472225065692e+05 2.621415342402501265e+05 2.621419276469411852e+05 2.381420348986616009e+05 2.621416426576577651e+05 1.745518866729174915e+05 2.621417433923324279e+05 2.621415990335997776e+05 3.180136152996547753e+05 2.404278317510260968e+05 2.278564525830491039e+05 2.129370935487536772e+05 5.101091312075519818e+04 3.607380381215400412e+05 2.381421108180519077e+05 1.977291839832893456e+05 2.598562729434595676e+05 2.621417180089984904e+05 2.621418416422678274e+05 2.354753428562325716e+05
4.255118120917545166e+05 4.335117622931647347e+05 4.335117691908103880e+05 4.335116302366908640e+05 3.614971427511719521e+05 4.335119049111359636e+05 4.335116913425926468e+05 4.335117001873020199e+05 4.175118455295907916e+05 4.335115186623852351e+05 3.660675636967334431e+05 4.335118527492172434e+05 4.335117108614379540e+05 2.697110233416803530e+05 4.037975547920386307e+05 3.912261986227572197e+05 3.195059457859366084e+05 3.607380381215400412e+05 1.369337761840512394e+05 4.015119427967151278e+05 3.803691917717235629e+05 4.335118286375023890e+05 4.335115723367884057e+05 4.335118563633279991e+05 3.988453528258563601e+05
5.609126727151116938e+04 1.073957684660025843e+05 1.127290815050147066e+05 1.127289133773423237e+05 2.100947393972415884e+05 7.098041996286141512e+04 1.127288068593016069e+05 1.127290278145941120e+05 4.409136029122626496e+04 1.127287131052015902e+05 1.608726015603979758e+05 1.127291385475170246e+05 1.127289972799683455e+05 3.583043375650745584e+05 1.291034697505338227e+04 6.462058778133586748e+04 2.829859628128547920e+05 2.381421108180519077e+05 4.015119427967151278e+05 9.134341223346182232e+03 1.133038054902808362e+05 9.468823434506823833e+04 1.127287990200904314e+05 1.047291801064537431e+05 3.026072926552432182e+04
1.335478775974437012e+05 1.564049037337844784e+05 1.564047337842036213e+05 1.564048646454983682e+05 1.613336746245746326e+05 1.424366489886124327e+05 1.564044781506027211e+05 1.564049732159067062e+05 1.255477573906873731e+05 1.564046097811588261e+05 7.745567375170315790e+04 1.564047653280697414e+05 1.564046591226329911e+05 3.371616163373158197e+05 1.165957472072155651e+05 7.220734486510623537e+04 2.594418971573496819e+05 1.977291839832893456e+05 3.803691917717235629e+05 1.133038054902808217e+05 3.067213526157240631e+04 1.544457640548232011e+05 1.564047004809162172e+05 1.564048415101242135e+05 1.003419985047704831e+05
5.279999741707786598e+04 3.143493194230685913e+04 4.720311604000091756e+04 4.720299957810175692e+04 2.318090635333646205e+05 3.738654374473982170e+04 4.720292809835887601e+04 4.570302518694220635e+04 6.480012953043796006e+04 4.720276269481637428e+04 1.861424477916169853e+05 4.720315947555397724e+04 4.720310617946897401e+04 3.903042207324063638e+05 8.725674237069785886e+04 1.307866276944107231e+05 3.149858481650674948e+05 2.598562729434595676e+05 4.335118286375023890e+05 9.468823434506823833e+04 1.544457640548232011e+05 1.250299794354693586e+04 4.720291005562851205e+04 1.533416954911938592e+04 1.130145092024768383e+05
9.200140209282192518e+04 2.376957653582040439e+04 1.263055240339737928e+00 8.001222808097273628e+03 2.340944759332746617e+05 7.711263938178437820e+04 8.001098571309918043e+03 9.501395965804562366e+03 1.040014616064539878e+05 2.230425093011202534e+03 1.884278160837623873e+05 3.542371921593987281e+03 8.001295345919466854e+03 3.903039575226079905e+05 1.097157230842593563e+05 1.331444088570959284e+05 3.149856067269688356e+05 2.621417180089984904e+05 4.335115723367884057e+05 1.127287990200904314e+05 1.564047004809162172e+05 4.720291005562851205e+04 6.321925532983998508e-01 3.200159436492216628e+04 1.244227081400209136e+05
6.800169143628155871e+04 1.610215345231578976e+04 3.200150027204236176e+04 3.200164669219668212e+04 2.340947048104183923e+05 5.259656721003084385e+04 3.200133289305192011e+04 3.037045783084560389e+04 8.000177593162124685e+04 3.200140466054719946e+04 1.884279155426983489e+05 3.194342750839558721e+04 3.200147197111627611e+04 3.903042667531728512e+05 1.001726315744178719e+05 1.331448627937179117e+05 3.149857601744160638e+05 2.621418416422678274e+05 4.335118563633279991e+05 1.047291801064537431e+05 1.564048415101242135e+05 1.533416954911938592e+04 3.200159436492217355e+04 2.587008564913174951e+02 1.190895484142689820e+05
8.108962530716843321e+04 1.208673296887662145e+05 1.244227587416156894e+05 1.244228577685237979e+05 2.056828946023008029e+05 9.447843313564627897e+04 1.244224922880927770e+05 1.244230043134871084e+05 6.908966939363612619e+04 1.244226405032288312e+05 1.537847217343922530e+05 1.244227965501982544e+05 1.244227088546979212e+05 3.556377943162070005e+05 4.091877380319650547e+04 4.255190610957776516e+04 2.803192186105711153e+05 2.354753428562325425e+05 3.988453528258563601e+05 3.026072926552432182e+04 1.003419985047704831e+05 1.130145092024768383e+05 1.244227081400209281e+05 1.190895484142689966e+05 1.304037943408233696e+04
