6.258311927620296046e+04 2.980164709198458586e+05 2.980163371392865665e+05 2.997877216873274301e+05 2.690913293422679417e+05 3.104135271699799923e+05 2.980164099189715344e+05 1.660847405565674999e+05 2.980166303299784195e+05 2.980165438728980371e+05 2.980164259164732066e+05 2.895801389154452481e+05 3.133650219516721554e+05 2.252462477462725365e+05 2.681917218331800541e+05 2.980165608996074297e+05 3.058220860059378319e+05 3.145456468527954421e+05 3.083472660264269798e+05 2.828652839780657669e+05 2.913600639531953493e+05 2.980165002800659277e+05 1.958443084118276311e+05 2.570394274121155904e+05 3.145456160112603684e+05
2.980164709198458586e+05 5.265994226462769046e-01 8.021497872429111942e-01 9.603707322851756180e+04 1.475440143046451558e+05 7.024942341570748249e+04 1.027859333987890533e+00 2.442649009358422772e+05 1.135870730286577418e+04 1.980685545748042671e+02 1.208440906713180718e+00 1.128173339990829409e+05 6.578604822791890183e+04 2.042156690300685586e+05 1.583944691697595408e+05 4.133670983057528247e+03 8.354724518878418894e+04 5.805334196249544038e+04 7.231565358189522522e+04 1.316426031534871727e+05 4.427779300882807001e+05 1.176253037610025087e+00 3.672781469026994309e+05 1.798091492479734006e+05 4.727172869455890759e+04
2.980163371392865665e+05 8.021497872429111942e-01 3.816611663004693122e-01 9.603685837296878162e+04 1.475439379170918255e+05 7.024929819252171728e+04 8.630034718023588125e-01 2.442648668737796252e+05 1.135844148786956976e+04 1.979097180880926032e+02 9.723928589814039292e-01 1.128172501295827969e+05 6.578581116727227345e+04 2.042156331214475795e+05 1.583942587336768338e+05 4.133430644221977673e+03 8.354714498409802036e+04 5.805309611918821611e+04 7.231541617046229658e+04 1.316424001590195694e+05 4.427779796766156214e+05 1.074222375328292678e+00 3.672781606822999893e+05 1.798089435964355944e+05 4.727157078985813860e+04
2.997877216873274301e+05 9.603707322851756180e+04 9.603685837296878162e+04 1.539076891974694081e+04 1.122267602044615487e+05 4.664543824494819273e+04 9.603708631669865281e+04 2.489878820374225033e+05 9.376021414014024776e+04 9.603726070468379476e+04 9.603714207570608414e+04 4.508346466782025527e+04 5.005543930559125874e+04 1.924098568591453659e+05 1.286346063631235447e+05 9.603729371838868246e+04 3.195830337205941760e+04 5.540028735549678095e+04 4.275898749065564334e+04 7.772352221756285871e+04 4.445492489461927325e+05 9.603727095199904579e+04 3.690494444180101273e+05 1.502949417204992496e+05 6.279096673974557052e+04
2.690913293422679999e+05 1.475440143046451558e+05 1.475439379170918255e+05 1.122267602044615487e+05 1.908849866672374264e+04 1.310154332349524921e+05 1.475441842731285433e+05 2.071596713121596258e+05 1.475443861381101597e+05 1.475442933951947489e+05 1.475442278269101516e+05 8.657290068352925300e+04 1.310154813055595587e+05 1.414347761891259579e+05 4.684387609652792162e+04 1.475443619703258155e+05 1.262553356400756020e+05 1.310154615687199839e+05 1.289494541286555468e+05 5.989305417865620984e+04 4.138521379033399280e+05 1.475442115050416905e+05 3.383529256973856827e+05 8.141947770838838187e+04 1.310153592069137230e+05
3.104135271699800505e+05 7.024942341570748249e+04 7.024929819252171728e+04 4.664543824494820001e+04 1.310154332349524921e+05 6.384920635219367702e-01 7.024954369782845606e+04 2.607942365664960234e+05 6.656663839442741300e+04 7.024958713166300731e+04 7.024962327259605809e+04 7.562766704517637845e+04 1.061812741754013769e+04 2.042160561489296379e+05 1.418658581011929491e+05 7.024966907466547855e+04 2.156395406873607499e+04 2.459445959864411998e+04 7.046699934496083188e+03 1.000027010139597114e+05 4.551748613312497619e+05 7.024961185185229988e+04 3.796751522187872906e+05 1.632805082969955693e+05 3.286948928937166056e+04
2.980164099189715926e+05 1.027859333987890533e+00 8.630034718023588125e-01 9.603708631669865281e+04 1.475441842731285724e+05 7.024954369782845606e+04 5.764590957628443757e-01 2.442649709086147195e+05 1.135872313083945119e+04 1.981608456202386890e+02 1.119473170550843166e+00 1.128174702970352228e+05 6.578607389149245864e+04 2.042157706617410586e+05 1.583944382238129037e+05 4.133707459423345426e+03 8.354739010327619326e+04 5.805336740665020625e+04 7.231565086925464857e+04 1.316426437277799123e+05 4.427780212112835725e+05 1.274435907309625859e+00 3.672782277361212764e+05 1.798091023112476687e+05 4.727185429681517417e+04
1.660847405565674999e+05 2.442649009358422772e+05 2.442648668737795961e+05 2.489878820374223869e+05 2.071596713121595676e+05 2.607942365664959943e+05 2.442649709086146613e+05 5.646498842808272457e+04 2.442652393328190665e+05 2.442650624450172763e+05 2.442649901189066004e+05 2.318686205083227833e+05 2.607942505851952010e+05 1.400440400617701816e+05 2.032197890752681124e+05 2.442651444914609601e+05 2.562028572614775039e+05 2.607942501411063713e+05 2.587281376453124394e+05 2.209301900840472081e+05 3.372394387742879335e+05 2.442650142840972112e+05 2.511772627590592892e+05 1.878880519029692805e+05 2.607941229277009843e+05
2.980166303299784195e+05 1.135870730286577418e+04 1.135844148786956976e+04 9.376021414014024776e+04 1.475443861381101597e+05 6.656663839442741300e+04 1.135872313083945119e+04 2.442652393328190956e+05 5.047229318784232419e+03 1.116194334145831817e+04 1.135877264995426958e+04 1.128176778696198162e+05 5.908118749199146259e+04 2.042160173780704208e+05 1.583947107717434992e+05 7.226338124908362261e+03 7.986446222714021860e+04 4.669612801060341735e+04 6.863272708000578859e+04 1.316428616339025029e+05 4.427782209423980676e+05 1.135883760806642749e+04 3.672783597313174396e+05 1.798093978249003412e+05 3.591458154172806098e+04
2.980165438728980371e+05 1.980685545748043239e+02 1.979097180880926317e+02 9.603726070468379476e+04 1.475442933951947489e+05 7.024958713166300731e+04 1.981608456202387174e+02 2.442650624450172763e+05 1.116194334145831817e+04 3.754666535432543810e+02 1.981499549859477156e+02 1.128175654732908297e+05 6.576279255662993819e+04 2.042158715992803045e+05 1.583946554415577848e+05 3.936672029638098593e+03 8.354745522537811485e+04 5.785668261741368042e+04 7.231583156566583784e+04 1.316428916657185764e+05 4.427780438270820887e+05 1.980699948483039350e+02 3.672782267703067046e+05 1.798093207587429206e+05 4.707501296574578009e+04
2.980164259164732066e+05 1.208440906713180718e+00 9.723928589814039292e-01 9.603714207570608414e+04 1.475442278269101516e+05 7.024962327259605809e+04 1.119473170550843166e+00 2.442649901189066004e+05 1.135877264995426958e+04 1.981499549859476588e+02 6.074303762991448696e-01 1.128175392769171885e+05 6.578615741993791016e+04 2.042158067886283097e+05 1.583944792640076193e+05 4.133729893106659802e+03 8.354743880077353970e+04 5.805342636179609690e+04 7.231573596390442981e+04 1.316427279449152702e+05 4.427780346361721167e+05 1.196265377409039488e+00 3.672782257396397763e+05 1.798091380411394348e+05 4.727190957041968795e+04
2.895801389154453063e+05 1.128173339990829409e+05 1.128172501295827969e+05 4.508346466782025527e+04 8.657290068352925300e+04 7.562766704517637845e+04 1.128174702970352228e+05 2.318686205083228997e+05 1.128176778696198162e+05 1.128175654732908297e+05 1.128175392769171885e+05 1.111789664733661084e+04 7.562763802967008087e+04 1.751198059851758881e+05 1.039338495248068939e+05 1.128176497702982160e+05 6.821501319766454981e+04 7.955924653961211152e+04 7.356144570185929479e+04 4.261798294972430449e+04 4.343416312256829115e+05 1.128175461517593940e+05 3.588417892842555302e+05 1.264273850237761217e+05 8.526937848246820795e+04
3.133650219516721554e+05 6.578604822791890183e+04 6.578581116727227345e+04 5.005543930559125874e+04 1.310154813055595587e+05 1.061812741754013587e+04 6.578607389149245864e+04 2.607942505851952010e+05 5.908118749199146259e+04 6.576279255662993819e+04 6.578615741993791016e+04 7.562763802967008087e+04 8.023757055277335894e+03 2.042160965557868185e+05 1.418657928209585953e+05 6.529431476561183081e+04 2.897903828767676168e+04 1.397761620128081449e+04 1.550728766634832573e+04 1.000026095243977470e+05 4.581265485054599703e+05 6.578623145382544317e+04 3.826268018068221863e+05 1.632804945932267292e+05 2.389638968093119911e+04
2.252462477462724783e+05 2.042156690300685586e+05 2.042156331214475795e+05 1.924098568591453659e+05 1.414347761891259579e+05 2.042160561489296088e+05 2.042157706617410295e+05 1.400440400617701816e+05 2.042160173780703626e+05 2.042158715992803045e+05 2.042158067886283097e+05 1.751198059851758881e+05 2.042160965557868185e+05 5.001459690573877015e+04 1.322544831079335127e+05 2.042159498170043225e+05 1.996247769696965988e+05 2.042160683905596379e+05 2.021500431885237631e+05 1.577840347513608576e+05 3.704252622142258333e+05 2.042158320028459711e+05 2.967444521625469788e+05 1.022239589023846493e+05 2.042159404327303346e+05
2.681917218331800541e+05 1.583944691697595408e+05 1.583942587336768338e+05 1.286346063631235447e+05 4.684387609652792162e+04 1.418658581011929491e+05 1.583944382238129037e+05 2.032197890752681124e+05 1.583947107717434992e+05 1.583946554415577848e+05 1.583944792640076193e+05 1.039338495248068939e+05 1.418657928209585953e+05 1.322544831079334836e+05 1.687845441230647702e+04 1.583946928331415693e+05 1.372744986958452791e+05 1.418657497238883225e+05 1.397997290140073164e+05 8.233080365446934593e+04 4.138346763096307404e+05 1.583946247202722298e+05 3.368731683077336638e+05 6.713929952881697682e+04 1.418657680766550184e+05
2.980165608996074880e+05 4.133670983057530066e+03 4.133430644221978582e+03 9.603729371838868246e+04 1.475443619703258155e+05 7.024966907466547855e+04 4.133707459423346336e+03 2.442651444914610765e+05 7.226338124908362261e+03 3.936672029638099502e+03 4.133729893106660711e+03 1.128176497702982160e+05 6.529431476561183081e+04 2.042159498170043225e+05 1.583946928331415693e+05 6.727691392534606019e-01 8.354750622500566533e+04 5.392123592937241483e+04 7.231587150418858801e+04 1.316429064912936883e+05 4.427781223999414942e+05 4.133717514816262337e+03 3.672782802196234115e+05 1.798093642123502505e+05 4.313961044454017974e+04
3.058220860059378319e+05 8.354724518878418894e+04 8.354714498409802036e+04 3.195830337205941760e+04 1.262553356400756020e+05 2.156395406873607863e+04 8.354739010327619326e+04 2.562028572614775039e+05 7.986446222714021860e+04 8.354745522537811485e+04 8.354743880077353970e+04 6.821501319766454981e+04 2.897903828767676532e+04 1.996247769696965988e+05 1.372744986958452791e+05 8.354750622500566533e+04 6.011652537353051230e+03 3.789236029067834170e+04 1.470970400037042964e+04 9.541129493267092039e+04 4.505835795099810930e+05 8.354741206589175272e+04 3.750837418559823418e+05 1.586892785985654336e+05 4.616737077852380753e+04
3.145456468527954421e+05 5.805334196249544038e+04 5.805309611918821611e+04 5.540028735549678095e+04 1.310154615687199839e+05 2.459445959864411998e+04 5.805336740665020625e+04 2.607942501411064004e+05 4.669612801060341735e+04 5.785668261741368042e+04 5.805342636179609690e+04 7.955924653961211152e+04 1.397761620128081449e+04 2.042160683905596379e+05 1.418657497238883225e+05 5.392123592937241483e+04 3.789236029067834170e+04 3.823764020996986233e+02 2.666065374853237518e+04 1.038960714704057900e+05 4.593071702728273813e+05 5.805350395505399501e+04 3.838073922214743798e+05 1.632804619385078840e+05 1.078291401139698610e+04
3.083472660264269216e+05 7.231565358189522522e+04 7.231541617046229658e+04 4.275898749065564334e+04 1.289494541286555468e+05 7.046699934496083188e+03 7.231565086925464857e+04 2.587281376453124394e+05 6.863272708000578859e+04 7.231583156566583784e+04 7.231573596390442981e+04 7.356144570185929479e+04 1.550728766634832755e+04 2.021500431885237631e+05 1.397997290140073164e+05 7.231587150418858801e+04 1.470970400037042964e+04 2.666065374853237154e+04 5.852102725489182376e+03 9.793646856615343131e+04 4.531088857331121690e+05 7.231582639507993008e+04 3.776090436846202356e+05 1.612144245042653056e+05 3.493576310775388265e+04
2.828652839780657669e+05 1.316426031534871727e+05 1.316424001590195694e+05 7.772352221756285871e+04 5.989305417865620257e+04 1.000027010139597114e+05 1.316426437277799123e+05 2.209301900840472081e+05 1.316428616339025029e+05 1.316428916657185764e+05 1.316427279449152702e+05 4.261798294972430449e+04 1.000026095243977470e+05 1.577840347513608576e+05 8.233080365446933138e+04 1.316429064912936883e+05 9.541129493267092039e+04 1.038960714704057900e+05 9.793646856615343131e+04 2.357394223388252431e+04 4.276268059615766397e+05 1.316428337986654078e+05 3.521270017549764016e+05 1.062812271227235760e+05 1.077677805139854463e+05
2.913600639531952911e+05 4.427779300882807584e+05 4.427779796766156214e+05 4.445492489461927908e+05 4.138521379033399862e+05 4.551748613312497619e+05 4.427780212112835725e+05 3.372394387742879917e+05 4.427782209423980676e+05 4.427780438270820305e+05 4.427780346361721167e+05 4.343416312256829115e+05 4.581265485054599703e+05 3.704252622142258333e+05 4.138346763096307404e+05 4.427781223999415524e+05 4.505835795099810930e+05 4.593071702728273813e+05 4.531088857331121690e+05 4.276268059615766397e+05 1.023284429402523238e+05 4.427780142171342159e+05 2.349774846426860313e+05 4.051004423976977123e+05 4.593070955538736889e+05
2.980165002800659859e+05 1.176253037610025309e+00 1.074222375328292678e+00 9.603727095199904579e+04 1.475442115050416905e+05 7.024961185185229988e+04 1.274435907309625859e+00 2.442650142840972694e+05 1.135883760806642931e+04 1.980699948483039350e+02 1.196265377409039488e+00 1.128175461517593940e+05 6.578623145382544317e+04 2.042158320028459711e+05 1.583946247202722298e+05 4.133717514816262337e+03 8.354741206589175272e+04 5.805350395505399501e+04 7.231582639507993008e+04 1.316428337986654078e+05 4.427780142171342159e+05 5.800027959693127011e-01 3.672782076475738431e+05 1.798093217775046360e+05 4.727186984260331519e+04
1.958443084118276311e+05 3.672781469026994891e+05 3.672781606822999893e+05 3.690494444180101273e+05 3.383529256973856827e+05 3.796751522187872906e+05 3.672782277361212764e+05 2.511772627590592892e+05 3.672783597313174396e+05 3.672782267703067046e+05 3.672782257396397763e+05 3.588417892842554720e+05 3.826268018068221863e+05 2.967444521625469788e+05 3.368731683077336638e+05 3.672782802196234115e+05 3.750837418559823418e+05 3.838073922214743216e+05 3.776090436846202938e+05 3.521270017549762852e+05 2.349774846426860022e+05 3.672782076475739013e+05 1.060111436495729577e+05 3.292513828722632607e+05 3.838073125676807249e+05
2.570394274121155904e+05 1.798091492479734006e+05 1.798089435964355944e+05 1.502949417204992496e+05 8.141947770838838187e+04 1.632805082969955693e+05 1.798091023112476687e+05 1.878880519029692805e+05 1.798093978249003412e+05 1.798093207587429206e+05 1.798091380411394348e+05 1.264273850237761217e+05 1.632804945932267292e+05 1.022239589023846784e+05 6.713929952881697682e+04 1.798093642123502505e+05 1.586892785985654336e+05 1.632804619385078840e+05 1.612144245042653056e+05 1.062812271227235760e+05 4.051004423976977123e+05 1.798093217775046360e+05 3.292513828722633189e+05 3.614659612227727484e+04 1.632804420179579174e+05
3.145456160112603684e+05 4.727172869455890759e+04 4.727157078985813860e+04 6.279096673974557052e+04 1.310153592069137085e+05 3.286948928937166056e+04 4.727185429681517417e+04 2.607941229277009843e+05 3.591458154172806098e+04 4.707501296574578009e+04 4.727190957041968795e+04 8.526937848246820795e+04 2.389638968093119911e+04 2.042159404327303346e+05 1.418657680766550184e+05 4.313961044454017974e+04 4.616737077852380753e+04 1.078291401139698610e+04 3.493576310775388265e+04 1.077677805139854318e+05 4.593070955538736889e+05 4.727186984260331519e+04 3.838073125676807249e+05 1.632804420179579174e+05 1.126487087665839499e+04
