6.881065014056109248e+03 3.438771266970302095e+05 1.400013540988654713e+05 2.197807371251533332e+05 3.614263844591884845e+04 5.957459333418269671e+04 1.400015447622752399e+05 1.400014415493337438e+05 1.247402735409728630e+05 2.625870778656956973e+05 3.222001639919633744e+05 1.400009502980326652e+05 1.400011360838008113e+05 3.859947285129014745e+03 1.161425967533732764e+05 2.552668727482676331e+04 1.104284295946645725e+05 1.631764400980075879e+05 1.246240211854150111e+05 8.114283443527598865e+04 1.952397875812705315e+05 1.400015249381508329e+05 5.614273141271103668e+04 1.397671101297543210e+05 1.400013725604086940e+05
3.438771266970302095e+05 6.841578939415561035e+04 3.638770279363730806e+05 2.838770378876952454e+05 3.438773634369857027e+05 3.181629826698405668e+05 3.638770696261735866e+05 3.638769737956432509e+05 2.813772674402582925e+05 2.267522591460333497e+05 1.448188467717365420e+05 3.638767953328770818e+05 3.638768102762880153e+05 3.438772875034403987e+05 3.638770089272778714e+05 3.372104945960392361e+05 3.638770499457594706e+05 2.838773066978756106e+05 3.638768941123027471e+05 3.638772575502382242e+05 2.838769349953684141e+05 3.638770080635451013e+05 3.538773491926360293e+05 3.638771811962404754e+05 3.638768914077664958e+05
1.400013540988654713e+05 3.638770279363730806e+05 3.781656317341943740e-01 2.397805871461375209e+05 1.400011636582667707e+05 1.428585283525676932e+05 1.088427281571457295e+00 8.182405798102226901e-01 1.671199148889844946e+05 2.825865225372151472e+05 3.421996024277013494e+05 8.585638306235303663e-01 9.853045824996585766e-01 1.400011483484167256e+05 6.000143581144768541e+04 1.400013524928699189e+05 6.571573724979461986e+04 1.831758156465102511e+05 3.942167883035203704e+04 9.500121792865410680e+04 2.152394503701298963e+05 9.534171465997113293e-01 1.200011892611923977e+05 3.751223347378958351e+03 1.221759672167558763e+00
2.197807371251533332e+05 2.838770378876952454e+05 2.397805871461375209e+05 3.915582104535455437e+04 2.197808853597473935e+05 1.940664602582481166e+05 2.397806818206531752e+05 2.397805841387977998e+05 1.572808144147941784e+05 1.600628019858768967e+05 2.621999160888583283e+05 2.397802897374047607e+05 2.397803066497274267e+05 2.197808950179809763e+05 2.397806011567673413e+05 2.131139939790520293e+05 2.397807049674829177e+05 1.397807289141127258e+05 2.397806678835963248e+05 2.397809764565091173e+05 7.775172262656083331e+04 2.397806046199503762e+05 2.297809096384388686e+05 2.397807472837400273e+05 2.397805017217205022e+05
3.614263844591884845e+04 3.438773634369857027e+05 1.400011636582667707e+05 2.197808853597473935e+05 4.931598473734769006e-01 9.571597717660901253e+04 1.400013754531101440e+05 1.400011946210055030e+05 1.471202925327640551e+05 2.625868286378951743e+05 3.221999714307382819e+05 1.400011299327651504e+05 1.400013104358376877e+05 4.000135627708086395e+04 8.000151733253321436e+04 6.166820826056355145e+04 7.428727808211369847e+04 1.631761860434208938e+05 1.005811259864369931e+05 4.500133012498025346e+04 1.952398782932021713e+05 1.400012631481031422e+05 2.000119966443874364e+04 1.362513756843690353e+05 1.400015292365585046e+05
5.957459333418269671e+04 3.181629826698405668e+05 1.428585283525676932e+05 1.940664602582481166e+05 9.571597717660901253e+04 1.979645919873858293e+04 1.428589072770108760e+05 1.428586708830744610e+05 7.184055496720566589e+04 2.368729626002789882e+05 2.964857768172782380e+05 1.428582577933414723e+05 1.428583782110234897e+05 5.571591858033229073e+04 1.428587071532749396e+05 3.404880806630184088e+04 1.379605444197441102e+05 1.274619787583379366e+05 1.428586600456338201e+05 1.257159237250401784e+05 1.695253908402498346e+05 1.428588006044458016e+05 1.107158542667695874e+05 1.428588398889407690e+05 1.428586145250644477e+05
1.400015447622752399e+05 3.638770696261735866e+05 1.088427281571457295e+00 2.397806818206531461e+05 1.400013754531101440e+05 1.428589072770108760e+05 4.678146737984382186e-01 1.125757844699555088e+00 1.671201778146427823e+05 2.825865082480177516e+05 3.421997152036204352e+05 1.090868910495678357e+00 1.274648681095551295e+00 1.400014401027581771e+05 6.000150952139485889e+04 1.400017280009274546e+05 6.571590274933030014e+04 1.831760440519490221e+05 3.942170785065084783e+04 9.500139052165398607e+04 2.152395787207441172e+05 1.159332435805204620e+00 1.200012932674228068e+05 3.751146301243646121e+03 1.378706539068069059e+00
1.400014415493337438e+05 3.638769737956432509e+05 8.182405798102225791e-01 2.397805841387977998e+05 1.400011946210055030e+05 1.428586708830744610e+05 1.125757844699555088e+00 4.287548796285386987e-01 1.671200636715288565e+05 2.825864539519239333e+05 3.421995488496753387e+05 9.007762239435531670e-01 1.075531972189203822e+00 1.400012528267839807e+05 6.000141743589637190e+04 1.400014933769912168e+05 6.571573208328509645e+04 1.831758804503924039e+05 3.942170356364364852e+04 9.500121009781400790e+04 2.152394533926957229e+05 8.713674919207269332e-01 1.200011881862683367e+05 3.751209383823374537e+03 1.179617939445036567e+00
1.247402735409728630e+05 2.813772674402583507e+05 1.671199148889844946e+05 1.572808144147942076e+05 1.471202925327640551e+05 7.184055496720566589e+04 1.671201778146427823e+05 1.671200636715288565e+05 3.477653891631177976e+04 1.975870422641793557e+05 2.597000017543718859e+05 1.671198988143794995e+05 1.671199833574760414e+05 1.225550413036151731e+05 1.671203580999505357e+05 1.046382693921216560e+05 1.671202245968985953e+05 6.174213353900698712e+04 1.671202787094874366e+05 1.671202347888957593e+05 1.253092493918150722e+05 1.671201633223306271e+05 1.571202795648855972e+05 1.671203118777563213e+05 1.671202060613032372e+05
2.625870778656956973e+05 2.267522591460333788e+05 2.825865225372151472e+05 1.600628019858768967e+05 2.625868286378951743e+05 2.368729626002790174e+05 2.825865082480177516e+05 2.825864539519239333e+05 1.975870422641794139e+05 1.088854442904741009e+05 1.947785256891594618e+05 2.825866355558113428e+05 2.825866674452472362e+05 2.625868712513877545e+05 2.825869063024283969e+05 2.559204266643529118e+05 2.825870599938553642e+05 1.925868453603863018e+05 2.825869389312334242e+05 2.825869332983657368e+05 1.742409499747591617e+05 2.825865259537769598e+05 2.725868728123508045e+05 2.825866528527793707e+05 2.825868134407757898e+05
3.222001639919633162e+05 1.448188467717365420e+05 3.421996024277013494e+05 2.621999160888583283e+05 3.221999714307382819e+05 2.964857768172782380e+05 3.421997152036204352e+05 3.421995488496753387e+05 2.597000017543718859e+05 1.947785256891594618e+05 8.478224504801136209e+04 3.421997161256397958e+05 3.421997278944497230e+05 3.222000191345600761e+05 3.421999116415922763e+05 3.155335173522705445e+05 3.421998628605908016e+05 2.621998096842234954e+05 3.421999043955490342e+05 3.421998551114157890e+05 2.621999255644733203e+05 3.421995494972838787e+05 3.321998861171879107e+05 3.421997002338347374e+05 3.421998364989881520e+05
1.400009502980326652e+05 3.638767953328770818e+05 8.585638306235304773e-01 2.397802897374047607e+05 1.400011299327651504e+05 1.428582577933414723e+05 1.090868910495678357e+00 9.007762239435532781e-01 1.671198988143794995e+05 2.825866355558113428e+05 3.421997161256397958e+05 2.157453854457945519e-01 5.518417009512995852e-01 1.400011760601587594e+05 6.000096855330504332e+04 1.400010657156735542e+05 6.571527092606172664e+04 1.831759551194487431e+05 3.942116086996863305e+04 9.500115030683412624e+04 2.152392045209985226e+05 1.003537404924525145e+00 1.200011430069443595e+05 3.751078774483087727e+03 8.242210034658248308e-01
1.400011360838008113e+05 3.638768102762880153e+05 9.853045824996585766e-01 2.397803066497273976e+05 1.400013104358376877e+05 1.428583782110234897e+05 1.274648681095551295e+00 1.075531972189203822e+00 1.671199833574760123e+05 2.825866674452472362e+05 3.421997278944496647e+05 5.518417009512995852e-01 4.271533818721691689e-01 1.400013520521649334e+05 6.000118385868006590e+04 1.400012164741166926e+05 6.571546347559797869e+04 1.831760066395060567e+05 3.942138064102475619e+04 9.500134313414440840e+04 2.152392283498694887e+05 1.151386086761595484e+00 1.200013191122417629e+05 3.751259327250927981e+03 1.005618445677883832e+00
3.859947285129014745e+03 3.438772875034403987e+05 1.400011483484167256e+05 2.197808950179809472e+05 4.000135627708086395e+04 5.571591858033229073e+04 1.400014401027581771e+05 1.400012528267839807e+05 1.225550413036151731e+05 2.625868712513877545e+05 3.222000191345600761e+05 1.400011760601587594e+05 1.400013520521649334e+05 4.142312366595151119e-01 1.200016306718679407e+05 2.166808120986214271e+04 1.142873999379374145e+05 1.631762064582921157e+05 1.266681931386967190e+05 8.500150953836982080e+04 1.952399439444548916e+05 1.400013807761707576e+05 6.000146191879361140e+04 1.400014258111072704e+05 1.400015409089230816e+05
1.161425967533732910e+05 3.638770089272778714e+05 6.000143581144769269e+04 2.397806011567673413e+05 8.000151733253321436e+04 1.428587071532749396e+05 6.000150952139485889e+04 6.000141743589637917e+04 1.671203580999505357e+05 2.825869063024283969e+05 3.421999116415922763e+05 6.000096855330504332e+04 6.000118385868006590e+04 1.200016306718679407e+05 4.289201270176098979e-01 1.266681671616989188e+05 5.715384869561798041e+03 1.831763683559568890e+05 2.058087131630458680e+04 3.500157467411944526e+04 2.152396494821288507e+05 6.000145959822954319e+04 6.000140581104170269e+04 5.625134537937091227e+04 6.000136707855950226e+04
2.552668727482676331e+04 3.372104945960392361e+05 1.400013524928699189e+05 2.131139939790520293e+05 6.166820826056355145e+04 3.404880806630184088e+04 1.400017280009274546e+05 1.400014933769912168e+05 1.046382693921216560e+05 2.559204266643529118e+05 3.155335173522705445e+05 1.400010657156735542e+05 1.400012164741166926e+05 2.166808120986214271e+04 1.266681671616989188e+05 1.638942394975483330e+04 1.209538675576862006e+05 1.565097618604134477e+05 1.311125543578114884e+05 1.029183559673477284e+05 1.885730002888030722e+05 1.400016232200570812e+05 8.166825259544278379e+04 1.400017301363237493e+05 1.400014593487394741e+05
1.104284295946645725e+05 3.638770499457594706e+05 6.571573724979463441e+04 2.397807049674829177e+05 7.428727808211369847e+04 1.379605444197441102e+05 6.571590274933030014e+04 6.571573208328511100e+04 1.671202245968985953e+05 2.825870599938553642e+05 3.421998628605908016e+05 6.571527092606172664e+04 6.571546347559797869e+04 1.142873999379374145e+05 5.715384869561798951e+03 1.209538675576862006e+05 8.163767622376802137e+03 1.831763365727120254e+05 2.629516116949830393e+04 2.928701367245059737e+04 2.152396134188582946e+05 6.571578605668240925e+04 5.428717203761877317e+04 6.196570224752575450e+04 6.571567194008747174e+04
1.631764400980076171e+05 2.838773066978756106e+05 1.831758156465102511e+05 1.397807289141127549e+05 1.631761860434208938e+05 1.274619787583379220e+05 1.831760440519490221e+05 1.831758804503924330e+05 6.174213353900698712e+04 1.925868453603862436e+05 2.621998096842234954e+05 1.831759551194487431e+05 1.831760066395060567e+05 1.631762064582921157e+05 1.831763683559568890e+05 1.565097618604134477e+05 1.831763365727120254e+05 1.533901606379674195e+04 1.831763525359658524e+05 1.831760949300301436e+05 9.486303800130508898e+04 1.831759621722117590e+05 1.731761651042025187e+05 1.831761916970217717e+05 1.831761635782551020e+05
1.246240211854150111e+05 3.638768941123027471e+05 3.942167883035203704e+04 2.397806678835963248e+05 1.005811259864370077e+05 1.428586600456338201e+05 3.942170785065084783e+04 3.942170356364364852e+04 1.671202787094874366e+05 2.825869389312334242e+05 3.421999043955490342e+05 3.942116086996863305e+04 3.942138064102474891e+04 1.266681931386967190e+05 2.058087131630458680e+04 1.311125543578114884e+05 2.629516116949830393e+04 1.831763525359658524e+05 1.735811871077800242e+04 5.558112346276654716e+04 2.152395842269820860e+05 3.942169188250864681e+04 8.058125461011857260e+04 3.567156982490974042e+04 3.942152112649871560e+04
8.114283443527598865e+04 3.638772575502382242e+05 9.500121792865410680e+04 2.397809764565091173e+05 4.500133012498025346e+04 1.257159237250401784e+05 9.500139052165398607e+04 9.500121009781400790e+04 1.671202347888957593e+05 2.825869332983657368e+05 3.421998551114157890e+05 9.500115030683412624e+04 9.500134313414440840e+04 8.500150953836982080e+04 3.500157467411944526e+04 1.029183559673477284e+05 2.928701367245060828e+04 1.831760949300301436e+05 5.558112346276654716e+04 7.500444787683027243e+03 2.152398009154216852e+05 9.500124655343439372e+04 2.500116619369750697e+04 9.125127225388954685e+04 9.500151957397397200e+04
1.952397875812705315e+05 2.838769349953684141e+05 2.152394503701298963e+05 7.775172262656083331e+04 1.952398782932021713e+05 1.695253908402498346e+05 2.152395787207441172e+05 2.152394533926957229e+05 1.253092493918150722e+05 1.742409499747591617e+05 2.621999255644733785e+05 2.152392045209985226e+05 2.152392283498694887e+05 1.952399439444548916e+05 2.152396494821288507e+05 1.885730002888030722e+05 2.152396134188582946e+05 9.486303800130508898e+04 2.152395842269820860e+05 2.152398009154216852e+05 4.373588215047820268e+04 2.152394991844675678e+05 2.052398839474528795e+05 2.152397466436538671e+05 2.152393761668520747e+05
1.400015249381508620e+05 3.638770080635451013e+05 9.534171465997113293e-01 2.397806046199503762e+05 1.400012631481031422e+05 1.428588006044458016e+05 1.159332435805204620e+00 8.713674919207269332e-01 1.671201633223306271e+05 2.825865259537769598e+05 3.421995494972838787e+05 1.003537404924525145e+00 1.151386086761595484e+00 1.400013807761707576e+05 6.000145959822954319e+04 1.400016232200570812e+05 6.571578605668240925e+04 1.831759621722117299e+05 3.942169188250864681e+04 9.500124655343439372e+04 2.152394991844675678e+05 4.420489874009547182e-01 1.200012686464618018e+05 3.751274937869395671e+03 1.122402322784604944e+00
5.614273141271103668e+04 3.538773491926360293e+05 1.200011892611923977e+05 2.297809096384388686e+05 2.000119966443874364e+04 1.107158542667695874e+05 1.200012932674228068e+05 1.200011881862683367e+05 1.571202795648855972e+05 2.725868728123507462e+05 3.321998861171878525e+05 1.200011430069443595e+05 1.200013191122417775e+05 6.000146191879361140e+04 6.000140581104170269e+04 8.166825259544279834e+04 5.428717203761877317e+04 1.731761651042025187e+05 8.058125461011854350e+04 2.500116619369750697e+04 2.052398839474528795e+05 1.200012686464618018e+05 2.000056812068049112e+04 1.162511787296060356e+05 1.200015134864917636e+05
1.397671101297543210e+05 3.638771811962404754e+05 3.751223347378958351e+03 2.397807472837400855e+05 1.362513756843690353e+05 1.428588398889407690e+05 3.751146301243646121e+03 3.751209383823374537e+03 1.671203118777563213e+05 2.825866528527793707e+05 3.421997002338347374e+05 3.751078774483087727e+03 3.751259327250927981e+03 1.400014258111072704e+05 5.625134537937091227e+04 1.400017301363237493e+05 6.196570224752575450e+04 1.831761916970217717e+05 3.567156982490974042e+04 9.125127225388953229e+04 2.152397466436538671e+05 3.751274937869395671e+03 1.162511787296060356e+05 6.094220406619095229e+03 3.751471593896983450e+03
1.400013725604086940e+05 3.638768914077664958e+05 1.221759672167558763e+00 2.397805017217204731e+05 1.400015292365585046e+05 1.428586145250644477e+05 1.378706539068069059e+00 1.179617939445036567e+00 1.671202060613032372e+05 2.825868134407757898e+05 3.421998364989881520e+05 8.242210034658248308e-01 1.005618445677883832e+00 1.400015409089230816e+05 6.000136707855950226e+04 1.400014593487394741e+05 6.571567194008747174e+04 1.831761635782551020e+05 3.942152112649871560e+04 9.500151957397397200e+04 2.152393761668520747e+05 1.122402322784604944e+00 1.200015134864917636e+05 3.751471593896983450e+03 3.555488356194606014e-01
