2.565306370570706804e+03 3.650231951566981297e+04 4.344490667545114411e+05 1.770765041071666055e+05 5.227984527866789722e+04 1.149338393044762233e+04 3.659758752144225291e+05 3.650272311318080028e+04 3.070349364993231720e+05 3.650245471528586495e+04 3.650268547181112081e+04 5.235817540596974432e+05 1.260843121437315858e+05 1.153472591620873391e+04 2.989501537802436724e+04 3.006094186804982201e+03 2.466344003743130452e+04 3.650280505990190431e+04 2.202006117199267319e+05 3.239756777789650369e+04 6.787614759177477390e+04 2.585665796725285763e+05 1.036996760591242928e+05 1.589627667196908442e+05 3.650270235325834074e+04
3.650231951566981297e+04 3.996056201712719913e-01 4.344486988213947625e+05 1.770759133126084052e+05 6.906783609138346219e+04 2.528582237279987385e+04 3.659754394587361603e+05 1.071546468843313615e+00 3.070345629851960693e+05 8.445487005947774906e-01 1.028415144296442429e+00 5.235814845161354751e+05 1.290205345629109070e+05 3.964891892324218497e+04 5.323564551386430685e+04 3.378090845107171481e+04 1.184046914914035187e+04 1.201032164506972588e+00 2.202002247964968847e+05 4.105966749523963699e+03 7.704570415187228355e+04 2.585660273549805861e+05 1.081044918230728654e+05 1.589622773431614623e+05 1.208427677944973855e+00
4.344490667545114411e+05 4.344486988213947625e+05 1.013312474866440898e+05 3.711129590030019754e+05 4.205806291141583351e+05 4.344489945600118954e+05 2.394615700197055703e+05 4.344488033915343694e+05 2.860145555377852288e+05 4.344487936071056756e+05 4.344487558235221659e+05 2.916703042895656545e+05 3.956173343066168018e+05 4.344490114127452835e+05 4.272126871587769710e+05 4.344489275051003788e+05 4.344489096892538364e+05 4.344488382701000082e+05 3.446051739750042325e+05 4.344487976014887099e+05 4.205805967228429508e+05 3.168217771053811884e+05 4.029595324160493910e+05 3.776291628116971697e+05 4.344488467423927505e+05
1.770765041071666055e+05 1.770759133126084052e+05 3.711129590030019754e+05 3.729200584601393348e+04 1.540600482781012834e+05 1.770764812186667114e+05 2.978144405971600208e+05 1.770762524866694584e+05 2.313358127524334996e+05 1.770760770218517864e+05 1.770762099628622818e+05 4.622749678891077056e+05 9.633016376384678006e+04 1.770764979544021480e+05 1.645744618423348584e+05 1.770764815539802948e+05 1.770764802753928816e+05 1.770763246305084613e+05 9.727298267706166371e+04 1.770762781389420270e+05 1.435749587844831985e+05 1.593080156560612086e+05 1.106422500134429283e+05 6.346375689069690998e+04 1.770763880474682956e+05
5.227984527866789722e+04 6.906783609138346219e+04 4.205806291141583351e+05 1.540600482781012834e+05 6.960396018212737545e+03 5.631221273647925409e+04 3.483547511294928263e+05 6.906826131846490898e+04 2.894138461933265789e+05 6.906798121374471521e+04 6.906819772742387431e+04 5.103659631895475904e+05 1.019664027872622974e+05 4.913319754463751451e+04 2.891406755930180225e+04 5.353858928211123566e+04 6.406223785115071951e+04 6.906839452526607784e+04 2.007600638558670471e+05 6.855840170338989992e+04 3.084113791223984299e+04 2.402172946293635760e+05 7.616095037013333058e+04 1.348449764458029240e+05 6.906828808410243073e+04
1.149338393044762051e+04 2.528582237279987385e+04 4.344489945600118954e+05 1.770764812186667114e+05 5.631221273647925409e+04 6.231027147025826707e+03 3.659757320276835235e+05 2.528616455659934218e+04 3.070348276907579857e+05 2.528597007480391039e+04 2.528614033381601621e+04 5.235816724490558263e+05 1.270632305950072041e+05 1.587905212770027356e+04 3.400869213280649274e+04 8.771978610799904345e+03 1.344669495531164830e+04 2.528617904868627738e+04 2.202006004061647691e+05 2.118098846279991994e+04 6.970412669853688567e+04 2.585664893615124747e+05 1.051681045228334697e+05 1.589627528075790324e+05 2.528609627758421630e+04
3.659758752144225291e+05 3.659754394587361603e+05 2.394615700197055412e+05 2.978144405971600208e+05 3.483547511294928263e+05 3.659757320276834653e+05 8.800263773813711305e+04 3.659755396540106740e+05 1.969331443565481168e+05 3.659755291267040302e+05 3.659755056364666088e+05 3.391633043161529349e+05 3.233914837558256113e+05 3.659757760700289509e+05 3.551258508459067671e+05 3.659757355856923969e+05 3.659756844499526778e+05 3.659756010240640608e+05 2.703921942668971024e+05 3.659755616066161310e+05 3.466721171387013746e+05 2.261521778486186813e+05 3.277050130603220314e+05 3.065046016393970349e+05 3.659756329531784286e+05
3.650272311318080028e+04 1.071546468843313615e+00 4.344488033915343694e+05 1.770762524866694584e+05 6.906826131846490898e+04 2.528616455659934218e+04 3.659755396540106740e+05 5.947991760355387791e-01 3.070347190478371340e+05 1.265847731336660065e+00 1.218294900388981583e+00 5.235815716747003025e+05 1.290209242968255567e+05 3.964930537673906656e+04 5.323605771969234775e+04 3.378129476040018926e+04 1.184080063760809571e+04 1.376486268649377065e+00 2.202005078109582828e+05 4.106332793493907957e+03 7.704612227731036546e+04 2.585662702932241373e+05 1.081049071517875709e+05 1.589626448386601696e+05 1.330244115177577013e+00
3.070349364993231720e+05 3.070345629851960693e+05 2.860145555377852288e+05 2.313358127524334996e+05 2.894138461933266371e+05 3.070348276907579857e+05 1.969331443565481168e+05 3.070347190478371340e+05 5.491468455801564414e+04 3.070345448079409543e+05 3.070347279451807262e+05 3.807044500536289997e+05 2.629420476393183344e+05 3.070350362364592729e+05 2.961849203267447301e+05 3.070349457661540364e+05 3.070347779433256364e+05 3.070348112301513320e+05 1.919614976824843616e+05 3.070345979095819057e+05 2.894138953137682402e+05 1.454064518206523790e+05 2.717927253726820927e+05 2.443316813762893726e+05 3.070347314488540287e+05
3.650245471528587223e+04 8.445487005947774906e-01 4.344487936071055592e+05 1.770760770218517864e+05 6.906798121374471521e+04 2.528597007480391039e+04 3.659755291267040302e+05 1.265847731336660065e+00 3.070345448079409543e+05 5.575141716355416222e-01 1.215147632641503161e+00 5.235815059654256329e+05 1.290207505981927097e+05 3.964918310173187638e+04 5.323579434008036333e+04 3.378116977790561214e+04 1.184061310032947949e+04 1.384093108459874433e+00 2.202002245039482368e+05 4.106039276092780710e+03 7.704592938450227666e+04 2.585661423221091682e+05 1.081045967215956334e+05 1.589623403509223426e+05 1.248921686631522698e+00
3.650268547181112081e+04 1.028415144296442429e+00 4.344487558235221659e+05 1.770762099628622818e+05 6.906819772742387431e+04 2.528614033381601621e+04 3.659755056364666088e+05 1.218294900388981583e+00 3.070347279451807262e+05 1.215147632641503161e+00 5.967215467611428625e-01 5.235815457203774713e+05 1.290208295373792353e+05 3.964925907754392392e+04 5.323600249109142896e+04 3.378126289633101260e+04 1.184081306610184947e+04 1.405363574626620649e+00 2.202004543721405207e+05 4.106244636718406582e+03 7.704605495231709210e+04 2.585662422462303366e+05 1.081048287895319518e+05 1.589625991129406611e+05 1.397736504882420183e+00
5.235817540596974432e+05 5.235814845161354751e+05 2.916703042895657127e+05 4.622749678891077056e+05 5.103659631895475904e+05 5.235816724490558263e+05 3.391633043161529349e+05 5.235815716747003025e+05 3.807044500536289997e+05 5.235815059654255747e+05 5.235815457203774713e+05 1.237808960458041402e+05 4.854027005597075331e+05 5.235817641036130372e+05 5.169738489659745828e+05 5.235817146253621904e+05 5.235816607945184805e+05 5.235815974051266676e+05 4.343904287113287719e+05 5.235815364268285339e+05 5.078879947410285822e+05 4.104507529679717263e+05 4.927448633576896391e+05 4.685157702413344523e+05 5.235815761334740091e+05
1.260843121437316004e+05 1.290205345629109070e+05 3.956173343066167436e+05 9.633016376384676551e+04 1.019664027872622974e+05 1.270632305950072041e+05 3.233914837558256113e+05 1.290209242968255712e+05 2.629420476393183344e+05 1.290207505981927243e+05 1.290208295373792353e+05 4.854027005597075913e+05 2.343268932228285848e+04 1.260842888680134056e+05 1.130315077539303165e+05 1.260842822644773405e+05 1.290211095645300811e+05 1.290209904384506808e+05 1.508975923548552091e+05 1.290209282144375029e+05 8.523091878673060273e+04 2.012509239596367697e+05 4.139495212665551662e+04 5.480606608157223673e+04 1.290210509242067492e+05
1.153472591620873391e+04 3.964891892324219225e+04 4.344490114127452835e+05 1.770764979544021771e+05 4.913319754463751451e+04 1.587905212770027356e+04 3.659757760700289509e+05 3.964930537673905928e+04 3.070350362364592729e+05 3.964918310173187638e+04 3.964925907754392392e+04 5.235817641036130372e+05 1.260842888680133765e+05 6.665069100212365205e-01 2.402162815543900069e+04 1.321750671292307743e+04 2.781013993232531357e+04 3.964944397591690358e+04 2.202007952773415309e+05 3.554430064430001221e+04 6.697700119660758355e+04 2.585664974935146456e+05 1.036997476558665803e+05 1.589628079355268274e+05 3.964942016799631529e+04
2.989501537802436724e+04 5.323564551386430685e+04 4.272126871587769710e+05 1.645744618423348584e+05 2.891406755930180225e+04 3.400869213280649274e+04 3.551258508459067671e+05 5.323605771969234775e+04 2.961849203267447301e+05 5.323579434008036333e+04 5.323600249109142896e+04 5.169738489659745828e+05 1.130315077539303165e+05 2.402162815543900069e+04 1.792476711045733464e+04 3.120966960145577104e+04 4.401243710937420838e+04 5.323618968682648847e+04 2.093505808372836327e+05 5.078291360623742366e+04 4.970034389664601622e+04 2.477165383097103913e+05 8.918931216538594163e+04 1.459100437335367606e+05 5.323605481170015264e+04
3.006094186804982201e+03 3.378090845107171481e+04 4.344489275051003788e+05 1.770764815539802948e+05 5.353858928211122839e+04 8.771978610799906164e+03 3.659757355856923969e+05 3.378129476040018926e+04 3.070349457661540364e+05 3.378116977790561214e+04 3.378126289633101260e+04 5.235817146253621904e+05 1.260842822644773405e+05 1.321750671292307925e+04 3.120966960145577468e+04 1.954710095088213393e+03 2.194205205171616763e+04 3.378128233384335181e+04 2.202006766046734701e+05 2.967622829657057810e+04 6.823569064703625918e+04 2.585663973798836232e+05 1.036997528162914823e+05 1.589628303692932241e+05 3.378135393460555497e+04
2.466344003743130452e+04 1.184046914914035187e+04 4.344489096892538364e+05 1.770764802753928816e+05 6.406223785115071951e+04 1.344669495531164830e+04 3.659756844499526778e+05 1.184080063760809571e+04 3.070347779433256364e+05 1.184061310032947949e+04 1.184081306610184947e+04 5.235816607945184805e+05 1.290211095645300811e+05 2.781013993232531357e+04 4.401243710937420838e+04 2.194205205171616763e+04 3.545508862318861247e+03 1.184071330600459078e+04 2.202006085931425623e+05 7.735525597051610021e+03 7.484360503468604293e+04 2.585664344772978802e+05 1.081049413179578405e+05 1.589627391550627653e+05 1.184071978733224751e+04
3.650280505990190431e+04 1.201032164506972588e+00 4.344488382701000082e+05 1.770763246305084613e+05 6.906839452526609239e+04 2.528617904868627738e+04 3.659756010240640608e+05 1.376486268649377065e+00 3.070348112301513320e+05 1.384093108459874433e+00 1.405363574626620649e+00 5.235815974051266676e+05 1.290209904384506808e+05 3.964944397591690358e+04 5.323618968682648847e+04 3.378128233384335181e+04 1.184071330600459078e+04 6.227156931101455184e-01 2.202005561381607258e+05 4.106424744985982215e+03 7.704620817195923883e+04 2.585663287009910564e+05 1.081050259872960887e+05 1.589627126780759427e+05 1.378378624078303361e+00
2.202006117199267319e+05 2.202002247964968847e+05 3.446051739750042325e+05 9.727298267706166371e+04 2.007600638558670762e+05 2.202006004061647691e+05 2.703921942668971606e+05 2.202005078109582828e+05 1.919614976824843616e+05 2.202002245039482368e+05 2.202004543721405207e+05 4.343904287113287137e+05 1.508975923548552091e+05 2.202007952773415309e+05 2.093505808372836327e+05 2.202006766046734701e+05 2.202006085931425623e+05 2.202005561381607258e+05 3.378659222342223802e+04 2.202003725739161891e+05 1.925453389274117944e+05 1.251135814487377938e+05 1.609739976505379600e+05 1.270359206823095883e+05 2.202004830378142942e+05
3.239756777789650369e+04 4.105966749523963699e+03 4.344487976014887099e+05 1.770762781389420270e+05 6.855840170338989992e+04 2.118098846279991994e+04 3.659755616066161310e+05 4.106332793493907957e+03 3.070345979095819057e+05 4.106039276092780710e+03 4.106244636718406582e+03 5.235815364268285339e+05 1.290209282144375029e+05 3.554430064430001221e+04 5.078291360623742366e+04 2.967622829657057810e+04 7.735525597051610021e+03 4.106424744985982215e+03 2.202003725739161891e+05 2.963196302431326330e+03 7.704611838970932877e+04 2.585662574036720325e+05 1.081047691506131523e+05 1.589625211812877969e+05 4.106299726277641639e+03
6.787614759177477390e+04 7.704570415187228355e+04 4.205805967228429508e+05 1.435749587844831985e+05 3.084113791223985027e+04 6.970412669853688567e+04 3.466721171387013164e+05 7.704612227731036546e+04 2.894138953137682402e+05 7.704592938450227666e+04 7.704605495231709210e+04 5.078879947410285822e+05 8.523091878673060273e+04 6.697700119660758355e+04 4.970034389664600894e+04 6.823569064703625918e+04 7.484360503468604293e+04 7.704620817195923883e+04 1.925453389274117944e+05 7.704611838970932877e+04 1.814301053497049361e+04 2.358837362611507415e+05 5.663408026130865619e+04 1.188689381514205015e+05 7.704623632734696730e+04
2.585665796725285763e+05 2.585660273549805861e+05 3.168217771053811884e+05 1.593080156560612086e+05 2.402172946293635760e+05 2.585664893615124747e+05 2.261521778486186813e+05 2.585662702932241373e+05 1.454064518206523790e+05 2.585661423221091682e+05 2.585662422462303366e+05 4.104507529679717263e+05 2.012509239596367697e+05 2.585664974935146456e+05 2.477165383097103913e+05 2.585663973798836232e+05 2.585664344772978802e+05 2.585663287009910564e+05 1.251135814487377938e+05 2.585662574036720325e+05 2.358837362611507415e+05 5.271635737590877397e+04 2.138401067504775710e+05 1.810740419082620647e+05 2.585663811775654322e+05
1.036996760591242928e+05 1.081044918230728799e+05 4.029595324160493910e+05 1.106422500134428992e+05 7.616095037013333058e+04 1.051681045228334697e+05 3.277050130603220314e+05 1.081049071517875709e+05 2.717927253726820927e+05 1.081045967215956480e+05 1.081048287895319663e+05 4.927448633576896391e+05 4.139495212665551662e+04 1.036997476558665803e+05 8.918931216538595618e+04 1.036997528162914969e+05 1.081049413179578405e+05 1.081050259872960887e+05 1.609739976505379600e+05 1.081047691506131669e+05 5.663408026130865619e+04 2.138401067504776292e+05 1.430218131528466984e+04 8.000455831693806977e+04 1.081048996566822898e+05
1.589627667196908733e+05 1.589622773431614914e+05 3.776291628116971697e+05 6.346375689069693180e+04 1.348449764458029240e+05 1.589627528075790324e+05 3.065046016393970349e+05 1.589626448386601987e+05 2.443316813762893726e+05 1.589623403509223426e+05 1.589625991129406611e+05 4.685157702413344523e+05 5.480606608157223673e+04 1.589628079355268274e+05 1.459100437335367606e+05 1.589628303692932241e+05 1.589627391550627653e+05 1.589627126780759427e+05 1.270359206823096029e+05 1.589625211812877969e+05 1.188689381514205161e+05 1.810740419082620647e+05 8.000455831693806977e+04 2.431835265865043402e+04 1.589626752193402790e+05
3.650270235325834074e+04 1.208427677944973855e+00 4.344488467423927505e+05 1.770763880474682956e+05 6.906828808410243073e+04 2.528609627758421630e+04 3.659756329531784286e+05 1.330244115177577013e+00 3.070347314488540869e+05 1.248921686631522698e+00 1.397736504882420183e+00 5.235815761334740091e+05 1.290210509242067492e+05 3.964942016799631529e+04 5.323605481170015264e+04 3.378135393460555497e+04 1.184071978733224751e+04 1.378378624078303361e+00 2.202004830378142942e+05 4.106299726277641639e+03 7.704623632734696730e+04 2.585663811775654322e+05 1.081048996566822898e+05 1.589626752193402790e+05 6.450444044908824059e-01
