7.732296503298874413e-01 2.564300005997380504e+04 9.405584506806904392e+04 1.282193407974038928e+04 3.822716754786554375e+05 2.564276901588259716e+04 1.162273568219122244e+05 1.984561842241217673e+05 2.564290179789120521e+04 1.267377191746202447e+00 1.512852700248617843e+00 1.709549181502104693e+04 1.608375629703211018e+00 2.564281274156754444e+04 6.798510141285952704e+04 2.457360711320156115e+05 1.464785413867422559e+00 1.379817220019444513e+00 1.555489669799165085e+03 2.974616148214391433e+05 5.218740913314626087e+05 2.280492890405220896e+04 5.206106633966056688e+04 2.564298540546003642e+04 1.554665363287404180e+05
2.564300005997381231e+04 2.466035212292053075e+03 9.405596216951262613e+04 1.282211284666673055e+04 3.822718639010064071e+05 8.548920344774467594e+03 1.162275454454427090e+05 1.984563272717951040e+05 9.687905509339238051e+03 2.564261327961133793e+04 2.564296231432089189e+04 8.548638232992158009e+03 2.564293110960540071e+04 1.709588623995365560e+04 6.798525952022851561e+04 2.457363906848243496e+05 2.564294421874246473e+04 2.564289408848040694e+04 2.564283137300313319e+04 2.974618456347609754e+05 5.218742680500884308e+05 8.464812155776056898e+03 5.206109755815097014e+04 8.164582774710592275e+03 1.554666545364662015e+05
9.405584506806904392e+04 9.405596216951262613e+04 1.701488995724128836e+04 9.405550644716971146e+04 3.523574169768139254e+05 9.405603785726560454e+04 4.208509186942467204e+04 1.452845334947383672e+05 9.250197789924031531e+04 9.405548969761760964e+04 9.405592640011510230e+04 9.405560175294266082e+04 9.405594153771795391e+04 8.550876284053862037e+04 4.298128527880171896e+04 2.025592334364588023e+05 9.405594874626798264e+04 9.405575921142044535e+04 9.250152166427949851e+04 2.675474409956121235e+05 4.919597000890899217e+05 9.405593529956940620e+04 5.909084000458729133e+04 9.405599585876846686e+04 8.578234344680646609e+04
1.282193407974038928e+04 1.282211284666673055e+04 9.405550644716971146e+04 4.274175374683576592e+03 3.822715391215088312e+05 1.282205372249993343e+04 1.162270314962372795e+05 1.984558783930568316e+05 1.437611305420213466e+04 1.282154296281340066e+04 1.282200004772118882e+04 4.274604339247332064e+03 1.282200406510890934e+04 2.136909277950732212e+04 6.798482643282957724e+04 2.457358828598531545e+05 1.282199305313055629e+04 1.282188850139687929e+04 1.282180817110499811e+04 2.974614774976271437e+05 5.218740095736942021e+05 9.984126528651837361e+03 5.206076514974535530e+04 1.282215384083906793e+04 1.554662503440383589e+05
3.822716754786554375e+05 3.822718639010064071e+05 3.523574169768139254e+05 3.822715391215088312e+05 1.020171807399696263e+05 3.822718964540766319e+05 3.480839043204635382e+05 3.239537318077299278e+05 3.822718645849938039e+05 3.822715402323316084e+05 3.822717095571571845e+05 3.822715862975735217e+05 3.822717648853812716e+05 3.822719111341586104e+05 3.537819105218697805e+05 3.025538371881715138e+05 3.822717088144694571e+05 3.822715935130493599e+05 3.822715955145592452e+05 2.285572472968505172e+05 3.221106179776831414e+05 3.822718196135616745e+05 3.566308595537358779e+05 3.822719573703226633e+05 3.433355742909259861e+05
2.564276901588259716e+04 8.548920344774465775e+03 9.405603785726560454e+04 1.282205372249993525e+04 3.822718964540766319e+05 7.981000713752357534e-01 1.162275005093221116e+05 1.984563614758555486e+05 1.010275702345441823e+04 2.564246117357213370e+04 2.564288116105430163e+04 8.548554979919961625e+03 2.564281014061838505e+04 1.709568410123889771e+04 6.798517490849504247e+04 2.457362782974666043e+05 2.564280204063865312e+04 2.564277848480999091e+04 2.564273318082335754e+04 2.974618261495414772e+05 5.218743125393496593e+05 3.662337067496846885e+03 5.206108423477752513e+04 8.548988943898477373e+03 1.554666801966966304e+05
1.162273568219122244e+05 1.162275454454427090e+05 4.208509186942467204e+04 1.162270314962372940e+05 3.480839043204635382e+05 1.162275005093221116e+05 3.023522655693770503e+04 1.305402973195288505e+05 1.146734626372169441e+05 1.162269989390330447e+05 1.162274148827959434e+05 1.162271039209304145e+05 1.162273880122941482e+05 1.076803282863615459e+05 7.233129597217675473e+04 1.898200031785975443e+05 1.162274208140190312e+05 1.162272440884472890e+05 1.146730334687163850e+05 2.585217605480254570e+05 4.876863120498124626e+05 1.162273961419119441e+05 8.189804929929286300e+04 1.162274857461707870e+05 6.233631534394910705e+04
1.984561842241217673e+05 1.984563272717951040e+05 1.452845334947383672e+05 1.984558783930568316e+05 3.239537318077299278e+05 1.984563614758555195e+05 1.305402973195288505e+05 5.612057495614576328e+04 1.977500429329896288e+05 1.984558808359382383e+05 1.984561680046769616e+05 1.984560170245383342e+05 1.984562120151004638e+05 1.945713441454359272e+05 1.693233365080893273e+05 1.124125422818342777e+05 1.984561781441616768e+05 1.984560863672019332e+05 1.977496170131657855e+05 2.156159684217225586e+05 4.619353899377930793e+05 1.984562175898780406e+05 1.774772827120734437e+05 1.984564266615101369e+05 1.016147369915611198e+05
2.564290179789120521e+04 9.687905509339238051e+03 9.250197789924031531e+04 1.437611305420213830e+04 3.822718645849938039e+05 1.010275702345442005e+04 1.146734626372169441e+05 1.977500429329896288e+05 5.551660547131167732e+03 2.564252637684600268e+04 2.564297273174151269e+04 1.010257408001373915e+04 2.564296374440093132e+04 1.359387926362853068e+04 6.643111673327758035e+04 2.457362788260566304e+05 2.564289947659886093e+04 2.564287672161295632e+04 2.536026687347150437e+04 2.974618384952883353e+05 5.218742748357421951e+05 1.010279849573191677e+04 5.050702130569477595e+04 1.010283455427272202e+04 1.539127529656269180e+05
1.267377191746202447e+00 2.564261327961133429e+04 9.405548969761760964e+04 1.282154296281340066e+04 3.822715402323316084e+05 2.564246117357213370e+04 1.162269989390330447e+05 1.984558808359382383e+05 2.564252637684599904e+04 5.575131097745359421e-01 1.320160091751634956e+00 1.709519019775236666e+04 1.308228650052070341e+00 2.564248669991385395e+04 6.798472671505999460e+04 2.457358335672118410e+05 1.287218710605555261e+00 1.195401400091814725e+00 1.555217086820389795e+03 2.974614078992845025e+05 5.218740083574182354e+05 2.280466281644278206e+04 5.206063194795039453e+04 2.564261450849903486e+04 1.554661959320331225e+05
1.512852700248617843e+00 2.564296231432089189e+04 9.405592640011510230e+04 1.282200004772118882e+04 3.822717095571571845e+05 2.564288116105430163e+04 1.162274148827959434e+05 1.984561680046769616e+05 2.564297273174151269e+04 1.320160091751634956e+00 7.566257254281782973e-01 1.709561044157129072e+04 1.518836637230836173e+00 2.564290502882386863e+04 6.798520830761335674e+04 2.457361850690475840e+05 1.500872296138967110e+00 1.494126978086494306e+00 1.555587741118012218e+03 2.974616896423327853e+05 5.218741599932726240e+05 2.280489913457094008e+04 5.206110248455982946e+04 2.564303833465172647e+04 1.554666054434720427e+05
1.709549181502104693e+04 8.548638232992152552e+03 9.405560175294266082e+04 4.274604339247331154e+03 3.822715862975735217e+05 8.548554979919959806e+03 1.162271039209304145e+05 1.984560170245383633e+05 1.010257408001373733e+04 1.709519019775236666e+04 1.709561044157129072e+04 6.887571075494079986e-01 1.709565689962450415e+04 1.709556070780329173e+04 6.798482402202738740e+04 2.457358978585481527e+05 1.709556936576711450e+04 1.709549392569491465e+04 1.709541075125390853e+04 2.974614569888254046e+05 5.218740688760250923e+05 5.710677620624944211e+03 5.206076118677758495e+04 8.548590167999276673e+03 1.554663475343725877e+05
1.608375629703211018e+00 2.564293110960539707e+04 9.405594153771793935e+04 1.282200406510891116e+04 3.822717648853812716e+05 2.564281014061838505e+04 1.162273880122941482e+05 1.984562120151004638e+05 2.564296374440092768e+04 1.308228650052070341e+00 1.518836637230836173e+00 1.709565689962450415e+04 8.182408317082493499e-01 2.564285312113707187e+04 6.798521531973899982e+04 2.457362049211674603e+05 1.576512409377343715e+00 1.544303213758905224e+00 1.555584672623525876e+03 2.974617162221595645e+05 5.218741714362142957e+05 2.280489420740039350e+04 5.206107274445631629e+04 2.564305788094323725e+04 1.554666122927234683e+05
2.564281274156754444e+04 1.709588623995365560e+04 8.550876284053862037e+04 2.136909277950732212e+04 3.822719111341586104e+05 1.709568410123889771e+04 1.076803282863615459e+05 1.945713441454359272e+05 1.359387926362853068e+04 2.564248669991385395e+04 2.564290502882386863e+04 1.709556070780329173e+04 2.564285312113707187e+04 7.726688105677718132e-01 5.943805331117438618e+04 2.457362941755857610e+05 2.564288808155158404e+04 2.564282199600641252e+04 2.408864707310280937e+04 2.974617924564090208e+05 5.218742825053347042e+05 1.709581490142762050e+04 4.351393548784343875e+04 1.709592539951819344e+04 1.469195550085982250e+05
6.798510141285952704e+04 6.798525952022851561e+04 4.298128527880171896e+04 6.798482643282957724e+04 3.537819105218697805e+05 6.798517490849504247e+04 7.233129597217676928e+04 1.693233365080893564e+05 6.643111673327759490e+04 6.798472671506000916e+04 6.798520830761337129e+04 6.798482402202740195e+04 6.798521531973899982e+04 5.943805331117438618e+04 1.404716819480199410e+04 2.228663618326461874e+05 6.798517834488399967e+04 6.798508661322291300e+04 6.643089421890101221e+04 2.689718625739036361e+05 4.933842537910247338e+05 6.798521767153900873e+04 2.423157321020727977e+04 6.798516017161992204e+04 1.131245914556881035e+05
2.457360711320156115e+05 2.457363906848243496e+05 2.025592334364588023e+05 2.457358828598531545e+05 3.025538371881715138e+05 2.457362782974665461e+05 1.898200031785975443e+05 1.124125422818342777e+05 2.457362788260566304e+05 2.457358335672118410e+05 2.457361850690475840e+05 2.457358978585481527e+05 2.457362049211674603e+05 2.457362941755857901e+05 2.228663618326461874e+05 5.249648053917111974e+04 2.457361470469752967e+05 2.457360794030606048e+05 2.457360406784542720e+05 1.810320453644582303e+05 4.368620710888514877e+05 2.457362332927195821e+05 2.286422839305041707e+05 2.457363318727198348e+05 1.689647656247809355e+05
1.464785413867422559e+00 2.564294421874245745e+04 9.405594874626798264e+04 1.282199305313055629e+04 3.822717088144694571e+05 2.564280204063865312e+04 1.162274208140190312e+05 1.984561781441616768e+05 2.564289947659886093e+04 1.287218710605554817e+00 1.500872296138967110e+00 1.709556936576711450e+04 1.576512409377343937e+00 2.564288808155158404e+04 6.798517834488399967e+04 2.457361470469752676e+05 7.663765049893830339e-01 1.527472834550853475e+00 1.555587896489003015e+03 2.974616042667670408e+05 5.218741664716268424e+05 2.280497795037725882e+04 5.206106599837646354e+04 2.564298088523507613e+04 1.554665406460938102e+05
1.379817220019444513e+00 2.564289408848040330e+04 9.405575921142044535e+04 1.282188850139687929e+04 3.822715935130493599e+05 2.564277848480999091e+04 1.162272440884472890e+05 1.984560863672019041e+05 2.564287672161295268e+04 1.195401400091814725e+00 1.494126978086494306e+00 1.709549392569491465e+04 1.544303213758905224e+00 2.564282199600641616e+04 6.798508661322289845e+04 2.457360794030605757e+05 1.527472834550853698e+00 7.738267114269039570e-01 1.555380142778647269e+03 2.974616037490629824e+05 5.218740704306036350e+05 2.280491507326238570e+04 5.206101158053150721e+04 2.564298945442284821e+04 1.554664387178887555e+05
1.555489669799165085e+03 2.564283137300313319e+04 9.250152166427949851e+04 1.282180817110499811e+04 3.822715955145592452e+05 2.564273318082335754e+04 1.146730334687163850e+05 1.977496170131657855e+05 2.536026687347150073e+04 1.555217086820389795e+03 1.555587741118012218e+03 1.709541075125390853e+04 1.555584672623525876e+03 2.408864707310280937e+04 6.643089421890101221e+04 2.457360406784542720e+05 1.555587896489003015e+03 1.555380142778647269e+03 2.543616188371161570e+03 2.974615708918118034e+05 5.218740212364898762e+05 2.280486406890783474e+04 5.050690341673925286e+04 2.564293982104763563e+04 1.539122371727013960e+05
2.974616148214391433e+05 2.974618456347609754e+05 2.675474409956120653e+05 2.974614774976271437e+05 2.285572472968505172e+05 2.974618261495414772e+05 2.585217605480254570e+05 2.156159684217225586e+05 2.974618384952882770e+05 2.974614078992845025e+05 2.974616896423327853e+05 2.974614569888254046e+05 2.974617162221595645e+05 2.974617924564090208e+05 2.689718625739036361e+05 1.810320453644582303e+05 2.974616042667670408e+05 2.974616037490629824e+05 2.974615708918118034e+05 9.993004095600089931e+04 3.787366434823951568e+05 2.974618365870721755e+05 2.718207460909800720e+05 2.974618567844282952e+05 2.471914647320891672e+05
5.218740913314626087e+05 5.218742680500884308e+05 4.919597000890899217e+05 5.218740095736942021e+05 3.221106179776832578e+05 5.218743125393496011e+05 4.876863120498124044e+05 4.619353899377930793e+05 5.218742748357421951e+05 5.218740083574182354e+05 5.218741599932726240e+05 5.218740688760250923e+05 5.218741714362142957e+05 5.218742825053347042e+05 4.933842537910247338e+05 4.368620710888514877e+05 5.218741664716268424e+05 5.218740704306036350e+05 5.218740212364898762e+05 3.787366434823951568e+05 1.669841769956341886e+05 5.218741928276447579e+05 4.962333039442665176e+05 5.218743349979266059e+05 4.829379753426917596e+05
2.280492890405220896e+04 8.464812155776053260e+03 9.405593529956940620e+04 9.984126528651837361e+03 3.822718196135616745e+05 3.662337067496847339e+03 1.162273961419119732e+05 1.984562175898780406e+05 1.010279849573191314e+04 2.280466281644278206e+04 2.280489913457094735e+04 5.710677620624945121e+03 2.280489420740040077e+04 1.709581490142762050e+04 6.798521767153899418e+04 2.457362332927196112e+05 2.280497795037725882e+04 2.280491507326238934e+04 2.280486406890783474e+04 2.974618365870721755e+05 5.218741928276448161e+05 4.732869369155285312e+03 5.206108760296476248e+04 8.186721618121316169e+03 1.554667015848972951e+05
5.206106633966055961e+04 5.206109755815097014e+04 5.909084000458729133e+04 5.206076514974536258e+04 3.566308595537358779e+05 5.206108423477752513e+04 8.189804929929284845e+04 1.774772827120734437e+05 5.050702130569477595e+04 5.206063194795039453e+04 5.206110248455982946e+04 5.206076118677758495e+04 5.206107274445631629e+04 4.351393548784343875e+04 2.423157321020728341e+04 2.286422839305041707e+05 5.206106599837646354e+04 5.206101158053150721e+04 5.050690341673925286e+04 2.718207460909800720e+05 4.962333039442665176e+05 5.206108760296476248e+04 6.723979754186954779e+03 5.191999384366895538e+04 1.212786052368187084e+05
2.564298540546003642e+04 8.164582774710591366e+03 9.405599585876846686e+04 1.282215384083906611e+04 3.822719573703226633e+05 8.548988943898475554e+03 1.162274857461707870e+05 1.984564266615101951e+05 1.010283455427272020e+04 2.564261450849903486e+04 2.564303833465172647e+04 8.548590167999278492e+03 2.564305788094323725e+04 1.709592539951819344e+04 6.798516017161992204e+04 2.457363318727198348e+05 2.564298088523507613e+04 2.564298945442284821e+04 2.564293982104763563e+04 2.974618567844282952e+05 5.218743349979266059e+05 8.186721618121315259e+03 5.191999384366896265e+04 4.212946415157541196e+03 1.554667433014798735e+05
1.554665363287404180e+05 1.554666545364662015e+05 8.578234344680648064e+04 1.554662503440383589e+05 3.433355742909259861e+05 1.554666801966966304e+05 6.233631534394910705e+04 1.016147369915611343e+05 1.539127529656269180e+05 1.554661959320331225e+05 1.554666054434720427e+05 1.554663475343725877e+05 1.554666122927234683e+05 1.469195550085982250e+05 1.131245914556881471e+05 1.689647656247809355e+05 1.554665406460938102e+05 1.554664387178887555e+05 1.539122371727013960e+05 2.471914647320891672e+05 4.829379753426918178e+05 1.554667015848972951e+05 1.212786052368187084e+05 1.554667433014798735e+05 2.848634659348546120e+04
