6.815048222258355270e-01 1.172050715717332992e+00 6.529134628710112156e+04 1.490300846613627161e+00 2.145942076788297709e+04 8.890186268981609130e-01 8.851250239594730374e+04 1.530701125194510182e+00 4.782424688738873374e+04 2.564264571210122813e+04 1.565726922819625179e+05 4.050820133824455552e+05 1.459143215205301880e+00 1.282215242537444465e+04 3.364335303668856795e+03 1.226190525502514793e+05 1.375263110943417910e+00 2.957940766540294280e+05 3.418970863035288494e+04 2.044782220911950571e+05 1.709565555249018144e+04 1.709572222437580785e+04 1.709570814234073623e+04 1.368266970606309085e+00 7.120757215134950820e+04
1.172050715717332992e+00 7.415241414589692770e-01 6.529146876689208875e+04 1.538502247992636685e+00 2.145957374265135877e+04 1.049257481471166153e+00 8.851254940794623690e+04 1.555712289408029081e+00 4.782441055872791185e+04 2.564280411037366503e+04 1.565727599678262777e+05 4.050820560302103404e+05 1.451088342725394220e+00 1.282222613176726918e+04 3.364384723760371344e+03 1.226191190972266486e+05 1.328547751729199478e+00 2.957941042306855088e+05 3.418985129867331852e+04 2.044782281785423402e+05 1.709574320055725548e+04 1.709587432025949965e+04 1.709577641282471450e+04 1.426097553276566510e+00 7.120766441499118810e+04
6.529134628710112156e+04 6.529146876689207420e+04 1.415918409595493722e+04 6.529173391893909138e+04 5.674476730556219263e+04 6.529119616939791013e+04 5.664636877481651754e+04 6.529172465980665584e+04 3.345746130820056715e+04 5.674468173574330285e+04 1.358155761306984059e+05 4.050821623481445713e+05 6.529166915707902081e+04 6.101834631887543219e+04 6.529181021514021268e+04 9.697855054825849948e+04 6.529158404126162350e+04 2.957945168520067818e+05 4.819768814530647069e+04 2.044783044224382029e+05 5.674480726604998199e+04 5.674478384915117203e+04 5.674485416522286687e+04 6.529163221729598445e+04 2.147811642363137435e+04
1.490300846613627161e+00 1.538502247992636685e+00 6.529173391893909138e+04 8.286386316367839733e-01 2.145974948392991428e+04 1.259149765794971954e+00 8.851287604569975520e+04 1.599701168178649269e+00 4.782465341894762241e+04 2.564296670621293379e+04 1.565730144852170779e+05 4.050821855684996117e+05 1.550016618265814383e+00 1.282228327830540911e+04 3.364440932118584897e+03 1.226193972849293059e+05 1.622461263235552398e+00 2.957942888666909421e+05 3.419005906184238120e+04 2.044784494318711513e+05 1.709586935276072109e+04 1.709599171277602727e+04 1.709593130825949993e+04 1.547352038283609676e+00 7.120792509948545194e+04
2.145942076788297709e+04 2.145957374265135513e+04 5.674476730556219263e+04 2.145974948392991064e+04 5.319851343251459184e+03 2.145915881230062587e+04 7.996595655102680030e+04 2.145972858380304024e+04 3.918568906278369104e+04 1.217172530319723774e+04 1.480261889517592208e+05 4.136293973828676972e+05 2.145972543942791526e+04 1.718623492074526075e+04 2.145974208333777642e+04 1.140725804033596796e+05 2.145964143207334200e+04 3.043414671937348321e+05 2.503850629661167113e+04 2.130255735865296156e+05 1.291271143812903210e+04 7.282621872380756940e+03 1.291259452327426152e+04 2.145966523289718680e+04 6.266105428255927836e+04
8.890186268981609130e-01 1.049257481471166153e+00 6.529119616939792468e+04 1.259149765794971954e+00 2.145915881230062587e+04 4.822991332017289023e-01 8.851233578733554168e+04 1.257580570312483825e+00 4.782406581940189062e+04 2.564244603164854561e+04 1.565726152774683724e+05 4.050820012070761295e+05 1.196491186325395306e+00 1.282183561727903179e+04 3.364076943200593632e+03 1.226189613918617688e+05 1.141641486479229251e+00 2.957940279496634612e+05 3.418947937546114554e+04 2.044781351803001598e+05 1.709537626623999313e+04 1.709545822119769946e+04 1.709539912617589289e+04 1.175639108595888382e+00 7.120742991984810214e+04
8.851250239594730374e+04 8.851254940794623690e+04 5.664636877481651754e+04 8.851287604569975520e+04 7.996595655102680030e+04 8.851233578733552713e+04 2.987732949889781594e+04 8.851285725164675387e+04 6.007942129129743989e+04 7.996599477193296480e+04 1.291746396385677654e+05 4.040140070473952219e+05 8.851270294967810332e+04 8.423946096685630619e+04 8.851287635078403400e+04 8.088771728834710666e+04 8.851265588573836430e+04 2.858494276422246476e+05 7.141900795723978081e+04 1.921117501816240256e+05 7.996596844772639452e+04 7.996592387117093313e+04 7.996590664347227721e+04 8.851272672645309649e+04 5.248874549374991329e+04
1.530701125194510182e+00 1.555712289408029081e+00 6.529172465980667039e+04 1.599701168178649269e+00 2.145972858380304024e+04 1.257580570312483825e+00 8.851285725164675387e+04 8.513266100365183275e-01 4.782464303648771602e+04 2.564297960830238299e+04 1.565730108715500974e+05 4.050822730020803283e+05 1.617328276475577198e+00 1.282231415823161660e+04 3.364465116014305295e+03 1.226193877009121497e+05 1.609681885654614231e+00 2.957943045314801275e+05 3.419006968752873945e+04 2.044784260454643518e+05 1.709578275657168342e+04 1.709595158333719519e+04 1.709593421808084167e+04 1.593886681692385565e+00 7.120794641829947068e+04
4.782424688738873374e+04 4.782441055872791185e+04 3.345746130820056715e+04 4.782465341894762241e+04 3.918568906278369104e+04 4.782406581940189062e+04 6.007942129129743989e+04 4.782464303648771602e+04 1.861017693954982678e+04 3.787641789043095923e+04 1.360778487082006468e+05 4.050824194780851249e+05 4.782459296884491778e+04 4.355118159655934869e+04 4.782471129897165520e+04 9.580842892423387093e+04 4.782447456950548803e+04 2.957944764788934845e+05 2.588383752433674454e+04 2.044787363059573108e+05 3.927768625261093257e+04 3.927768926226512122e+04 3.927774235480850621e+04 4.782456022580805438e+04 4.261614633945145761e+04
2.564264571210122813e+04 2.564280411037366503e+04 5.674468173574330285e+04 2.564296670621293379e+04 1.217172530319723774e+04 2.564244603164854925e+04 7.996599477193296480e+04 2.564297960830238299e+04 3.787641789043095923e+04 9.077787104516651384e-01 1.480263066218458698e+05 4.136294085367232910e+05 2.564295136238610576e+04 2.136952777564170901e+04 2.564298877538355373e+04 1.140726071525675798e+05 2.564289918831696559e+04 3.043414917665384128e+05 2.445892600418928123e+04 2.130257468769602710e+05 1.709599052462538384e+04 1.709586346788060473e+04 1.709602143697797146e+04 2.564294190737343160e+04 6.266093683916769078e+04
1.565726922819625179e+05 1.565727599678262486e+05 1.358155761306984059e+05 1.565730144852170779e+05 1.480261889517592208e+05 1.565726152774683724e+05 1.291746396385677654e+05 1.565730108715500974e+05 1.360778487082006468e+05 1.480263066218458698e+05 4.940338392955902236e+04 3.616778139179332647e+05 1.565729577814571676e+05 1.522996314145072538e+05 1.565731036955646414e+05 8.429904904692339187e+04 1.565728259336287738e+05 2.705170514389476157e+05 1.394792547786377836e+05 1.625938821924831136e+05 1.480261524062865356e+05 1.480262296679567371e+05 1.480262258423766179e+05 1.565729288178365096e+05 1.357592668384677381e+05
4.050820133824455552e+05 4.050820560302103404e+05 4.050821623481445713e+05 4.050821855684996117e+05 4.136293973828676972e+05 4.050820012070761295e+05 4.040140070473952219e+05 4.050822730020803283e+05 4.050824194780851249e+05 4.136294085367232910e+05 3.616778139179332647e+05 1.339923982143092435e+05 4.050821642982818303e+05 4.093558326368179405e+05 4.050822580823173048e+05 3.824156998427366489e+05 4.050820695307704154e+05 2.696587954195314087e+05 4.050823731241904316e+05 3.388893107754947850e+05 4.136293667890393990e+05 4.136293304454050958e+05 4.136293648538981215e+05 4.050821021196656511e+05 4.050449285294752335e+05
1.459143215205301880e+00 1.451088342725394220e+00 6.529166915707902081e+04 1.550016618265814383e+00 2.145972543942792254e+04 1.196491186325395306e+00 8.851270294967810332e+04 1.617328276475577198e+00 4.782459296884491778e+04 2.564295136238610576e+04 1.565729577814571676e+05 4.050821642982818303e+05 7.708465680633208583e-01 1.282230081037751188e+04 3.364528412383484920e+03 1.226193815268978360e+05 1.475876495097050212e+00 2.957941855508810258e+05 3.419004135193255934e+04 2.044783476548601175e+05 1.709583351239145850e+04 1.709596042510854022e+04 1.709590652362360197e+04 1.456066966868460710e+00 7.120786165795492707e+04
1.282215242537444465e+04 1.282222613176726918e+04 6.101834631887543219e+04 1.282228327830540911e+04 1.718623492074526075e+04 1.282183561727903179e+04 8.423946096685630619e+04 1.282231415823161660e+04 4.355118159655934869e+04 2.136952777564171265e+04 1.522996314145072538e+05 4.093558326368179405e+05 1.282230081037751188e+04 4.274369306110679645e+03 1.240190937617050076e+04 1.183459829216100916e+05 1.282227506357846323e+04 3.000678751350740786e+05 2.991663982726461109e+04 2.087521044653192221e+05 4.275164524895012619e+03 1.282245952774436228e+04 1.282236420617880867e+04 1.282232413930714029e+04 6.693452890112111345e+04
3.364335303668856795e+03 3.364384723760371344e+03 6.529181021514021268e+04 3.364440932118584897e+03 2.145974208333777642e+04 3.364076943200593632e+03 8.851287635078403400e+04 3.364465116014305295e+03 4.782471129897165520e+04 2.564298877538355373e+04 1.565731036955646705e+05 4.050822580823173048e+05 3.364528412383484920e+03 1.240190937617050076e+04 4.369741975431454193e+03 1.226195259374861052e+05 3.364472597596461128e+03 2.957943983505535289e+05 3.419011173014869564e+04 2.044785479382444755e+05 1.667543258704386972e+04 1.622771251734145881e+04 1.415333549330324968e+04 3.364495126193434317e+03 7.120799108918926504e+04
1.226190525502514938e+05 1.226191190972266631e+05 9.697855054825849948e+04 1.226193972849293059e+05 1.140725804033596942e+05 1.226189613918617688e+05 8.088771728834710666e+04 1.226193877009121497e+05 9.580842892423388548e+04 1.140726071525675798e+05 8.429904904692339187e+04 3.824156998427366489e+05 1.226193815268978215e+05 1.183459829216101207e+05 1.226195259374861052e+05 3.266053784861547683e+04 1.226192208783416718e+05 2.869443812536371406e+05 1.055255980909128994e+05 1.889240117870340764e+05 1.140726006185071456e+05 1.140726065201740130e+05 1.140725859254646784e+05 1.226193537852084846e+05 9.653111652347749623e+04
1.375263110943417910e+00 1.328547751729199478e+00 6.529158404126162350e+04 1.622461263235552176e+00 2.145964143207334200e+04 1.141641486479229028e+00 8.851265588573836430e+04 1.609681885654614231e+00 4.782447456950548803e+04 2.564289918831696559e+04 1.565728259336287738e+05 4.050820695307704154e+05 1.475876495097050212e+00 1.282227506357846323e+04 3.364472597596461128e+03 1.226192208783416718e+05 7.841463366459980877e-01 2.957941493302950403e+05 3.418996551905884553e+04 2.044782651870399714e+05 1.709578190350226214e+04 1.709592753482759872e+04 1.709582800803810824e+04 1.427165738367653258e+00 7.120774509521061555e+04
2.957940766540294280e+05 2.957941042306855088e+05 2.957945168520068401e+05 2.957942888666909421e+05 3.043414671937348903e+05 2.957940279496634612e+05 2.858494276422245894e+05 2.957943045314801275e+05 2.957944764788934845e+05 3.043414917665384128e+05 2.705170514389475575e+05 2.696587954195314087e+05 2.957941855508810258e+05 3.000678751350740786e+05 2.957943983505535871e+05 2.869443812536370824e+05 2.957941493302950403e+05 1.203322251431903860e+05 2.957944839604008594e+05 1.815381550528004300e+05 3.043413888902447652e+05 3.043414589845812297e+05 3.043415257461975561e+05 2.957941712616685545e+05 2.936202361768573173e+05
3.418970863035288494e+04 3.418985129867331852e+04 4.819768814530647796e+04 3.419005906184238120e+04 2.503850629661167477e+04 3.418947937546114554e+04 7.141900795723978081e+04 3.419006968752873217e+04 2.588383752433674454e+04 2.445892600418928123e+04 1.394792547786377836e+05 4.050823731241905480e+05 3.419004135193255934e+04 2.991663982726460745e+04 3.419011173014869564e+04 1.055255980909128994e+05 3.418996551905884553e+04 2.957944839604008594e+05 2.040779079151587666e+03 2.044786927046624478e+05 2.564318498791757156e+04 2.564301076701021884e+04 2.564310573061720061e+04 3.419001927664990217e+04 5.411392582951134682e+04
2.044782220911950571e+05 2.044782281785423402e+05 2.044783044224382029e+05 2.044784494318711513e+05 2.130255735865296156e+05 2.044781351803001598e+05 1.921117501816240256e+05 2.044784260454643518e+05 2.044787363059573108e+05 2.130257468769602710e+05 1.625938821924831136e+05 3.388893107754947850e+05 2.044783476548601175e+05 2.087521044653192221e+05 2.044785479382444755e+05 1.889240117870340764e+05 2.044782651870399714e+05 1.815381550528004300e+05 2.044786927046624478e+05 7.220326853458081314e+04 2.130256472717446450e+05 2.130255976147444744e+05 2.130256150866144453e+05 2.044783492119810253e+05 2.023044773668736452e+05
1.709565555249018144e+04 1.709574320055725548e+04 5.674480726604998199e+04 1.709586935276072109e+04 1.291271143812903210e+04 1.709537626623999313e+04 7.996596844772639452e+04 1.709578275657168342e+04 3.927768625261092529e+04 1.709599052462538020e+04 1.480261524062865356e+05 4.136293667890393990e+05 1.709583351239145850e+04 4.275164524895012619e+03 1.667543258704387335e+04 1.140726006185071456e+05 1.709578190350226214e+04 3.043413888902447652e+05 2.564318498791756792e+04 2.130256472717446450e+05 8.576799197619351389e-01 8.548970377481715332e+03 8.548820702892164263e+03 1.709580833568704111e+04 6.266104834358651715e+04
1.709572222437580785e+04 1.709587432025949965e+04 5.674478384915117931e+04 1.709599171277602727e+04 7.282621872380759669e+03 1.709545822119769946e+04 7.996592387117093313e+04 1.709595158333719519e+04 3.927768926226512122e+04 1.709586346788060473e+04 1.480262296679567371e+05 4.136293304454050958e+05 1.709596042510854022e+04 1.282245952774436228e+04 1.622771251734145881e+04 1.140726065201740130e+05 1.709592753482759872e+04 3.043414589845812880e+05 2.564301076701021884e+04 2.130255976147444744e+05 8.548970377481715332e+03 3.556732926789171415e+03 6.026843427952687307e+03 1.709595879052194505e+04 6.266100051956922835e+04
1.709570814234073623e+04 1.709577641282471450e+04 5.674485416522286687e+04 1.709593130825949993e+04 1.291259452327426152e+04 1.709539912617589289e+04 7.996590664347226266e+04 1.709593421808084167e+04 3.927774235480850621e+04 1.709602143697797146e+04 1.480262258423766179e+05 4.136293648538981215e+05 1.709590652362360197e+04 1.282236420617880867e+04 1.415333549330324968e+04 1.140725859254646784e+05 1.709582800803810824e+04 3.043415257461975561e+05 2.564310573061720061e+04 2.130256150866144453e+05 8.548820702892164263e+03 6.026843427952687307e+03 8.646138543653156816e-01 1.709590335164782300e+04 6.266105325865178747e+04
1.368266970606309085e+00 1.426097553276566510e+00 6.529163221729600627e+04 1.547352038283609676e+00 2.145966523289719044e+04 1.175639108595888382e+00 8.851272672645309649e+04 1.593886681692385565e+00 4.782456022580806166e+04 2.564294190737343160e+04 1.565729288178365096e+05 4.050821021196656511e+05 1.456066966868460710e+00 1.282232413930714029e+04 3.364495126193434317e+03 1.226193537852084846e+05 1.427165738367653258e+00 2.957941712616685545e+05 3.419001927664990217e+04 2.044783492119810253e+05 1.709580833568704111e+04 1.709595879052194505e+04 1.709590335164782300e+04 7.992342607258698939e-01 7.120786197596631246e+04
7.120757215134950820e+04 7.120766441499118810e+04 2.147811642363137435e+04 7.120792509948545194e+04 6.266105428255927836e+04 7.120742991984810214e+04 5.248874549374991329e+04 7.120794641829947068e+04 4.261614633945145761e+04 6.266093683916769078e+04 1.357592668384677381e+05 4.050449285294752335e+05 7.120786165795492707e+04 6.693452890112111345e+04 7.120799108918926504e+04 9.653111652347749623e+04 7.120774509521061555e+04 2.936202361768573173e+05 5.411392582951134682e+04 2.023044773668736452e+05 6.266104834358653898e+04 6.266100051956925017e+04 6.266105325865180930e+04 7.120786197596631246e+04 1.553684258045916249e+04
