5.442537679974780440e-01 7.814009826062935645e+03 1.237311273335428996e+05 9.426138946695563209e+04 2.982248896310397322e+04 4.799343593552303901e+03 4.506820146223399206e+04 8.073086106248115539e+04 4.041976770622143522e+05 1.632344387921383604e+05 3.385576416890158725e+04 7.664659680680635211e+04 3.142752771938731312e+05 2.473114661487074627e+05 3.907153272786013531e+03 3.907616956838079659e+03 2.343907499481241030e+04 1.182672740340718898e+00 3.907456563220204771e+03 5.512316730207553337e+04 6.431349531182408100e+04 1.948367856150129228e+05 1.020033741761112992e+03 1.727491013682025005e+04 1.410606406179639744e+05
7.814009826062935645e+03 6.819007426315258913e-01 1.237315217820167454e+05 9.426170409615825338e+04 2.616053282770168880e+04 3.015976667963319869e+03 4.506850228793088172e+04 8.073117142018198501e+04 4.041979521962542203e+05 1.632347784202571493e+05 3.385603839702565165e+04 7.664701791362655058e+04 3.142755874885177473e+05 2.473117741488832398e+05 7.813784791507907357e+03 7.814103932394438743e+03 1.647590341106358028e+04 7.814065679944777003e+03 7.814104882737345179e+03 5.512355396411721449e+04 6.431380947068583191e+04 1.948370103707830131e+05 7.814034022521606857e+03 9.462393910998151114e+03 1.410608915875814273e+05
1.237311273335428996e+05 1.237315217820167454e+05 3.336804498446147045e+04 6.212425984895141301e+04 1.095356652869457466e+05 1.237314795573665906e+05 1.053396325655858964e+05 8.579324423455845681e+04 3.836902442655568011e+05 1.061253737801808020e+05 1.076724825632046704e+05 9.148787417508244107e+04 2.965518647423036164e+05 2.269079109972258157e+05 1.237310187972411368e+05 1.237313777961383312e+05 1.159190977607810200e+05 1.237313779550546169e+05 1.237312625772431784e+05 1.038748010084118432e+05 9.765841513853975630e+04 1.607167237883184280e+05 1.237312329610612214e+05 1.198253069190186652e+05 6.532097101538201241e+04
9.426138946695563209e+04 9.426170409615825338e+04 6.212425984895141301e+04 1.949454617154031439e+04 8.006589012415432080e+04 9.426168964541269816e+04 7.180082880192631274e+04 4.451362711814410432e+04 3.913633288192712935e+05 1.373027016919739253e+05 7.733468851157918107e+04 5.288038071239314013e+04 3.053471827431534184e+05 2.383023158287621918e+05 9.426118585905469081e+04 9.426165637494013936e+04 8.644930698568408843e+04 9.426158133261694456e+04 9.426151644085196313e+04 6.973927285922644660e+04 6.315310068063862855e+04 1.845299832972793665e+05 9.426140388311116840e+04 9.035553944549022708e+04 9.934117482074300642e+04
2.982248896310397322e+04 2.616053282770168880e+04 1.095356652869457466e+05 8.006589012415432080e+04 4.096835170811998978e+03 2.707602661657981662e+04 2.224204733045212924e+04 6.393114498308734619e+04 4.120104584575558547e+05 1.554224302391321107e+05 9.151455830413031435e+03 5.839230159926361375e+04 3.220881893695772742e+05 2.551243908809298300e+05 2.982226123978096439e+04 2.982268229425796380e+04 1.213799367294108379e+04 2.982262955752489142e+04 2.982261615313780203e+04 3.660730757028659718e+04 4.596743480745602574e+04 2.026497075402827177e+05 2.982251078242051881e+04 1.855150021712520538e+04 1.280735095181329816e+05
4.799343593552303901e+03 3.015976667963319869e+03 1.237314795573665906e+05 9.426168964541269816e+04 2.707602661657981662e+04 3.414988414270890644e+03 4.506842357012024877e+04 8.073117154327413300e+04 4.041979348166196141e+05 1.632347545141922892e+05 3.385603694660247129e+04 7.664701764458609978e+04 3.142755312302753446e+05 2.473117011533107143e+05 6.837192843142933270e+03 6.837407727205859373e+03 1.904747801720925054e+04 4.799323786265309536e+03 6.837438339652472678e+03 5.512350133240879950e+04 6.431378795310966234e+04 1.948370036002485722e+05 5.330998574205731529e+03 1.247709748304751520e+04 1.410609313901819696e+05
4.506820146223399206e+04 4.506850228793088172e+04 1.053396325655858964e+05 7.180082880192631274e+04 2.224204733045212924e+04 4.506842357012024877e+04 7.539343187953137203e+03 5.859575862901933579e+04 4.120105126574569731e+05 1.554224131088540598e+05 1.420609738190976714e+04 5.072785193474486005e+04 3.220881822329481947e+05 2.551244167693039635e+05 4.506798054168019007e+04 4.506842889868844213e+04 3.250049653495998064e+04 4.506838244262113585e+04 4.506835775206216204e+04 1.811015485106295455e+04 3.177962593607633971e+04 2.026497139890093240e+05 4.506823746246308292e+04 3.855804974798851617e+04 1.273415042000236863e+05
8.073086106248115539e+04 8.073117142018198501e+04 8.579324423455845681e+04 4.451362711814410432e+04 6.393114498308734619e+04 8.073117154327413300e+04 5.859575862901933579e+04 1.676548592697699132e+04 4.041981308818815160e+05 1.476099002444948128e+05 6.250204608569705306e+04 2.338930828243819997e+04 3.108577329268915346e+05 2.443212725372216664e+05 8.073064991538990580e+04 8.073112274005300424e+04 7.031456580536777619e+04 8.073105499457006226e+04 8.073100345130157075e+04 5.181620823362811643e+04 3.956316487269943900e+04 1.948371533470821742e+05 8.073088846895085589e+04 7.508884836012855521e+04 1.158397706246406742e+05
4.041976770622143522e+05 4.041979521962542203e+05 3.836902442655568011e+05 3.913633288192712935e+05 4.120104584575558547e+05 4.041979348166195559e+05 4.120105126574570313e+05 4.041981308818815160e+05 1.213154781410308788e+05 3.578677264036848210e+05 4.120104511776163708e+05 4.081043100535906269e+05 2.465654947657125304e+05 2.806578575401788112e+05 4.041976775808436796e+05 4.041978207314559841e+05 4.120104488390455372e+05 4.041977792230334599e+05 4.041977008321464527e+05 4.120104907591402880e+05 4.120105712577936356e+05 3.336338273126454442e+05 4.041977303523673909e+05 4.081041886795784230e+05 3.742502766783479601e+05
1.632344387921383604e+05 1.632347784202571493e+05 1.061253737801808020e+05 1.373027016919739253e+05 1.554224302391321107e+05 1.632347545141922892e+05 1.554224131088540598e+05 1.476099002444948128e+05 3.578677264036848210e+05 2.979469683506623551e+04 1.554223762594087748e+05 1.515161763050889422e+05 2.720154515474910149e+05 1.912167806649822451e+05 1.632343578807752929e+05 1.632346545166834840e+05 1.554224037016796065e+05 1.632346068080737314e+05 1.632345466980703350e+05 1.554224305455868307e+05 1.554224733039262937e+05 9.786217647686893179e+04 1.632344813021430164e+05 1.593286009724792675e+05 7.928300829914816131e+04
3.385576416890158725e+04 3.385603839702565165e+04 1.076724825632046704e+05 7.733468851157918107e+04 9.151455830413031435e+03 3.385603694660247129e+04 1.420609738190976350e+04 6.250204608569705306e+04 4.120104511776163708e+05 1.554223762594087748e+05 3.472983073208858059e+03 5.467431335908342589e+04 3.220881754333085264e+05 2.551243970027771720e+05 3.385559285826034466e+04 3.385597729040319973e+04 2.128805369789386896e+04 3.385598475405428326e+04 3.385588799765985459e+04 2.934583147133334933e+04 3.957412996967096842e+04 2.026497413016907522e+05 3.385583841363616375e+04 2.734559651705548458e+04 1.273415599881047383e+05
7.664659680680635211e+04 7.664701791362656513e+04 9.148787417508244107e+04 5.288038071239314013e+04 5.839230159926361375e+04 7.664701764458608523e+04 5.072785193474486005e+04 2.338930828243819997e+04 4.081043100535906269e+05 1.515161763050889422e+05 5.467431335908342589e+04 7.493465335593090458e+03 3.167170932907913229e+05 2.499364357793076779e+05 7.664649560707647470e+04 7.664689584777351411e+04 6.492823000938176847e+04 7.664688165573123842e+04 7.664680473689486098e+04 4.030411134418720030e+04 2.565113509336573406e+04 1.987434764684036782e+05 7.664671270407465636e+04 7.013655256109467882e+04 1.216992004117463803e+05
3.142752771938731894e+05 3.142755874885177473e+05 2.965518647423036746e+05 3.053471827431534766e+05 3.220881893695772742e+05 3.142755312302753446e+05 3.220881822329481947e+05 3.108577329268915928e+05 2.465654947657125304e+05 2.720154515474910149e+05 3.220881754333085264e+05 3.167170932907913812e+05 9.336940258073176665e+04 1.669604137864300574e+05 3.142752724025900825e+05 3.142754216890583630e+05 3.220880238314025337e+05 3.142754047445271863e+05 3.142753373989859829e+05 3.220881445704127545e+05 3.220882748178682523e+05 2.417958382998541056e+05 3.142753459865758196e+05 3.181817701302328496e+05 2.850072950195382582e+05
2.473114661487074627e+05 2.473117741488833271e+05 2.269079109972257866e+05 2.383023158287621918e+05 2.551243908809298300e+05 2.473117011533107143e+05 2.551244167693039635e+05 2.443212725372217246e+05 2.806578575401788112e+05 1.912167806649822451e+05 2.551243970027771720e+05 2.499364357793076197e+05 1.669604137864300574e+05 6.399237034939334990e+04 2.473114473415492976e+05 2.473116576713464165e+05 2.551242819370787183e+05 2.473116007973585511e+05 2.473115327555887925e+05 2.551243915622498898e+05 2.551244727268214046e+05 1.507111099285380915e+05 2.473115478162905492e+05 2.512180182873552840e+05 2.149016104041940416e+05
3.907153272786013531e+03 7.813784791507907357e+03 1.237310187972411368e+05 9.426118585905469081e+04 2.982226123978096439e+04 6.837192843142931451e+03 4.506798054168018280e+04 8.073064991538990580e+04 4.041976775808436214e+05 1.632343578807752929e+05 3.385559285826034466e+04 7.664649560707646015e+04 3.142752724025900825e+05 2.473114473415492976e+05 4.292876902689962693e-01 1.142804991487506250e+00 2.343888839502466726e+04 3.907412154302135605e+03 1.005116986899905918e+00 5.512301922284126340e+04 6.431327505250514514e+04 1.948366556700896181e+05 2.888152749272232995e+03 1.727473293987533543e+04 1.410604863449545519e+05
3.907616956838079659e+03 7.814103932394438743e+03 1.237313777961383312e+05 9.426165637494013936e+04 2.982268229425796380e+04 6.837407727205859373e+03 4.506842889868844213e+04 8.073112274005300424e+04 4.041978207314560423e+05 1.632346545166834840e+05 3.385597729040319973e+04 7.664689584777351411e+04 3.142754216890583630e+05 2.473116576713464165e+05 1.142804991487506250e+00 6.300705198398424134e-01 2.343922093195922935e+04 3.907659190460506125e+03 1.266019213003084287e+00 5.512341447457847244e+04 6.431374737563460803e+04 1.948369227281704952e+05 2.888612275634437538e+03 1.727505179842005964e+04 1.410608401261049439e+05
2.343907499481241030e+04 1.647590341106357664e+04 1.159190977607810200e+05 8.644930698568407388e+04 1.213799367294108379e+04 1.904747801720925054e+04 3.250049653495998064e+04 7.031456580536777619e+04 4.120104488390454208e+05 1.554224037016796065e+05 2.128805369789386532e+04 6.492823000938176847e+04 3.220880238314024755e+05 2.551242819370787183e+05 2.343888839502466726e+04 2.343922093195922935e+04 1.329906107550485103e+03 2.343926813221793782e+04 2.343918764507932428e+04 4.336779543902298610e+04 5.259509610080020502e+04 2.026496198852054076e+05 2.343912927131691686e+04 7.014738727297488367e+03 1.332485801271146338e+05
1.182672740340718898e+00 7.814065679944777003e+03 1.237313779550546169e+05 9.426158133261694456e+04 2.982262955752489142e+04 4.799323786265309536e+03 4.506838244262113585e+04 8.073105499457006226e+04 4.041977792230334599e+05 1.632346068080737314e+05 3.385598475405428326e+04 7.664688165573123842e+04 3.142754047445271281e+05 2.473116007973585511e+05 3.907412154302135605e+03 3.907659190460506125e+03 2.343926813221794146e+04 6.368898885712146463e-01 3.907573027065347105e+03 5.512342282518617139e+04 6.431370740591737558e+04 1.948368686586664699e+05 1.020250310862763854e+03 1.727507490163620241e+04 1.410607943617074052e+05
3.907456563220204771e+03 7.814104882737345179e+03 1.237312625772431784e+05 9.426151644085196313e+04 2.982261615313780203e+04 6.837438339652471768e+03 4.506835775206216204e+04 8.073100345130157075e+04 4.041977008321464527e+05 1.632345466980703350e+05 3.385588799765985459e+04 7.664680473689484643e+04 3.142753373989859247e+05 2.473115327555887925e+05 1.005116986899905918e+00 1.266019213003084287e+00 2.343918764507932428e+04 3.907573027065347105e+03 6.473814834169433485e-01 5.512331537200801540e+04 6.431365489764334779e+04 1.948368289739673783e+05 2.888392803622324209e+03 1.727501982562548437e+04 1.410607674196394219e+05
5.512316730207553337e+04 5.512355396411721449e+04 1.038748010084118432e+05 6.973927285922644660e+04 3.660730757028658991e+04 5.512350133240879950e+04 1.811015485106295455e+04 5.181620823362811643e+04 4.120104907591402298e+05 1.554224305455868307e+05 2.934583147133334933e+04 4.030411134418720758e+04 3.220881445704127545e+05 2.551243915622499189e+05 5.512301922284126340e+04 5.512341447457847244e+04 4.336779543902298610e+04 5.512342282518617139e+04 5.512331537200801540e+04 4.467336663223158212e+03 1.650784702475573795e+04 2.026497318055991200e+05 5.512329662641305913e+04 4.861306952257677040e+04 1.271487005952021573e+05
6.431349531182408100e+04 6.431380947068583191e+04 9.765841513853975630e+04 6.315310068063862127e+04 4.596743480745602574e+04 6.431378795310966962e+04 3.177962593607633971e+04 3.956316487269943900e+04 4.120105712577936356e+05 1.554224733039262937e+05 3.957412996967096842e+04 2.565113509336573406e+04 3.220882748178681941e+05 2.551244727268214046e+05 6.431327505250514514e+04 6.431374737563460803e+04 5.259509610080020502e+04 6.431370740591737558e+04 6.431365489764335507e+04 1.650784702475574159e+04 6.108894912140510314e+03 2.026497573810694157e+05 6.431353212327814254e+04 5.780342977645245992e+04 1.256054685648777959e+05
1.948367856150129228e+05 1.948370103707830422e+05 1.607167237883184280e+05 1.845299832972793665e+05 2.026497075402827759e+05 1.948370036002485722e+05 2.026497139890093240e+05 1.948371533470821742e+05 3.336338273126454442e+05 9.786217647686893179e+04 2.026497413016907522e+05 1.987434764684036782e+05 2.417958382998541056e+05 1.507111099285380915e+05 1.948366556700896181e+05 1.948369227281704952e+05 2.026496198852054076e+05 1.948368686586664699e+05 1.948368289739674074e+05 2.026497318055991782e+05 2.026497573810694157e+05 5.145597770953043801e+04 1.948367768411107827e+05 1.987433354754208704e+05 1.405945033808590379e+05
1.020033741761112879e+03 7.814034022521606857e+03 1.237312329610612360e+05 9.426140388311116840e+04 2.982251078242051881e+04 5.330998574205731529e+03 4.506823746246308292e+04 8.073088846895085589e+04 4.041977303523673909e+05 1.632344813021430164e+05 3.385583841363616375e+04 7.664671270407465636e+04 3.142753459865757613e+05 2.473115478162905492e+05 2.888152749272232995e+03 2.888612275634437538e+03 2.343912927131692413e+04 1.020250310862763854e+03 2.888392803622324209e+03 5.512329662641305913e+04 6.431353212327814254e+04 1.948367768411107827e+05 1.506971578563349567e+03 1.727498964818194145e+04 1.410606872282063123e+05
1.727491013682025368e+04 9.462393910998151114e+03 1.198253069190186652e+05 9.035553944549022708e+04 1.855150021712520538e+04 1.247709748304751520e+04 3.855804974798851617e+04 7.508884836012855521e+04 4.081041886795784230e+05 1.593286009724792675e+05 2.734559651705548458e+04 7.013655256109467882e+04 3.181817701302328496e+05 2.512180182873552840e+05 1.727473293987533907e+04 1.727505179842005964e+04 7.014738727297488367e+03 1.727507490163620241e+04 1.727501982562548073e+04 4.861306952257677040e+04 5.780342977645246719e+04 1.987433354754208704e+05 1.727498964818194145e+04 7.086997107522844090e+03 1.371547756550581544e+05
1.410606406179639744e+05 1.410608915875814273e+05 6.532097101538201241e+04 9.934117482074300642e+04 1.280735095181329816e+05 1.410609313901819696e+05 1.273415042000236863e+05 1.158397706246406888e+05 3.742502766783479601e+05 7.928300829914816131e+04 1.273415599881047383e+05 1.216992004117463803e+05 2.850072950195382582e+05 2.149016104041940416e+05 1.410604863449545519e+05 1.410608401261049439e+05 1.332485801271146338e+05 1.410607943617074052e+05 1.410607674196394219e+05 1.271487005952021718e+05 1.256054685648777959e+05 1.405945033808590379e+05 1.410606872282063123e+05 1.371547756550581544e+05 2.678127409467333200e+04
