4.727518492378347582e+04 1.613637127286308969e+05 1.265890443602019805e+05 1.613638610261649010e+05 1.613639581277823308e+05 1.450335851694083831e+05 1.613638320254294376e+05 1.613637066376599541e+05 1.595867116683762288e+05 1.613640799922602309e+05 1.613635231779633614e+05 1.613639775641411252e+05 1.530307898186160601e+05 1.528502778830489842e+05 1.613636351979787287e+05 3.202175741964304470e+05 1.613639986734869017e+05 1.535923583548659226e+05 1.613640293965565215e+05 1.530307911105002568e+05 1.613641443873342068e+05 1.613634583452843071e+05 1.613639247800174926e+05 1.567345462036075478e+05 1.613639665616580751e+05
1.613637127286308969e+05 8.575546195545461492e-01 9.630545192142392625e+04 1.704279770759131063e+00 1.721989460745227740e+00 6.600174675411464705e+04 1.610120280440446638e+00 1.436442987981216390e+00 4.536284306902546086e+04 9.261224618674024896e+03 1.372178593180156447e+00 1.769808724087393204e+00 3.333530998998082941e+04 2.390933325040999625e+05 1.354132454710260447e+00 3.829872466156488517e+05 2.779651446295276401e+03 5.463163978465847322e+04 8.335264049644991246e+03 3.077966300691393189e+04 2.105466737313421618e+04 1.190463964237673533e+00 1.714798461536154228e+00 3.627651851770989015e+04 1.790861445945150621e+00
1.265890443602019805e+05 9.630545192142391170e+04 3.083553145404028692e+04 9.630566475538251689e+04 9.630575841752148699e+04 4.902354296609694575e+04 9.630559815824375255e+04 9.630551181434695900e+04 7.944441475607913162e+04 9.537993606659765646e+04 9.630530682668548252e+04 9.630576400358848332e+04 9.630602534669896704e+04 2.198860428655877768e+05 9.630539638521832239e+04 3.697632874543209909e+05 9.630587423140670580e+04 6.822861023568674864e+04 9.630587334921573347e+04 9.630598021173437883e+04 8.797261344561613805e+04 9.630519241047969263e+04 9.630569182412327791e+04 9.260233280087784806e+04 9.630578623025884735e+04
1.613638610261649592e+05 1.704279770759131063e+00 9.630566475538251689e+04 9.159115531695024570e-01 1.657262602861969913e+00 6.600197004669702437e+04 1.703274818326283579e+00 1.693996060402066295e+00 4.536301913875078026e+04 9.261375289474352030e+03 1.562730720484671432e+00 1.766109663479640490e+00 3.333548020620294119e+04 2.390934470005896292e+05 1.686439411788858367e+00 3.829873727090745815e+05 2.779747652246141570e+03 5.463187198123479175e+04 8.335384649446054027e+03 3.077979832910218101e+04 2.105481307822482268e+04 1.343319433859771594e+00 1.646093763411388133e+00 3.627671838318348455e+04 1.848872158405726385e+00
1.613639581277823308e+05 1.721989460745227740e+00 9.630575841752148699e+04 1.657262602861969913e+00 8.976240346903674450e-01 6.600204102314416377e+04 1.757188512861421303e+00 1.767602571002612644e+00 4.536306716282162961e+04 9.261378382325410712e+03 1.618238830108353010e+00 1.734662400860840892e+00 3.333552416780655039e+04 2.390935572764522803e+05 1.726219051060220000e+00 3.829874316169839585e+05 2.779798404070699235e+03 5.463188302329825819e+04 8.335401813681999556e+03 3.077984756756040952e+04 2.105481825331994332e+04 1.363962156485746258e+00 1.720098900301479938e+00 3.627675195710636035e+04 1.870391853621397260e+00
1.450335851694083831e+05 6.600174675411463249e+04 4.902354296609694575e+04 6.600197004669702437e+04 6.600204102314416377e+04 1.972333050262847973e+04 6.600189592766524584e+04 6.600181416274017829e+04 4.595572451984247164e+04 6.507626526086815284e+04 6.600158925437818107e+04 6.600207659147179220e+04 6.600216111513714714e+04 2.292330748356754484e+05 6.600165913078284939e+04 3.746543059051633463e+05 6.600215025798938586e+04 3.212595823288853717e+04 6.600219946960378729e+04 6.600221449739429227e+04 5.766889794080464344e+04 6.600146313973983342e+04 6.600199916353002482e+04 6.229848794461450598e+04 6.600207671156866127e+04
1.613638320254294085e+05 1.610120280440446638e+00 9.630559815824376710e+04 1.703274818326283579e+00 1.757188512861421303e+00 6.600189592766524584e+04 8.801936094030335944e-01 1.538559889374088385e+00 4.536299365655225847e+04 9.261364755104430515e+03 1.533741765089291720e+00 1.785801858137076259e+00 3.333549527709890390e+04 2.390934228035071865e+05 1.653404220528972290e+00 3.829873273542724201e+05 2.779681432757365656e+03 5.463178708230737539e+04 8.335348235285169721e+03 3.077976257300682119e+04 2.105477949851557423e+04 1.307883301788317132e+00 1.693831524949482636e+00 3.627669892332524614e+04 1.839031812507714969e+00
1.613637066376599541e+05 1.436442987981216390e+00 9.630551181434695900e+04 1.693996060402066295e+00 1.767602571002612644e+00 6.600181416274019284e+04 1.538559889374088163e+00 8.736200193812559966e-01 4.536286842694295046e+04 9.261284008944672678e+03 1.406315047388049022e+00 1.780919639034278967e+00 3.333540391997637198e+04 2.390933289291343535e+05 1.494055387136291602e+00 3.829872568624634878e+05 2.779628765855321490e+03 5.463170599701967876e+04 8.335282740902868682e+03 3.077970378988025550e+04 2.105471413384703919e+04 1.242230055921645482e+00 1.694664436240105543e+00 3.627659605220235972e+04 1.820074208333150034e+00
1.595867116683762288e+05 4.536284306902546086e+04 7.944441475607913162e+04 4.536301913875078026e+04 4.536306716282162961e+04 4.595572451984247164e+04 4.536299365655225847e+04 4.536286842694295046e+04 1.901616394678430879e+04 4.443723800608175952e+04 4.536260834022558265e+04 4.536308086898242618e+04 3.907641948785538261e+04 2.390937981878773135e+05 4.536272728130315227e+04 3.829877058692087303e+05 4.536310714400914731e+04 2.507812707271712861e+04 4.536315993356025137e+04 3.907647790750388231e+04 3.518305731292762357e+04 4.536242032683387515e+04 4.536305998094821553e+04 3.240993803459114497e+04 4.536310656361750443e+04
1.613640799922602309e+05 9.261224618674024896e+03 9.537993606659765646e+04 9.261375289474352030e+03 9.261378382325410712e+03 6.507626526086815284e+04 9.261364755104426877e+03 9.261284008944672678e+03 4.443723800608175952e+04 1.647126039725753117e+03 9.261037031177502286e+03 9.261437714178895476e+03 3.333548548490071698e+04 2.390936396842272370e+05 9.261136608488028287e+03 3.829875370599563466e+05 6.483460900834933454e+03 5.370606993246402271e+04 9.278396902069279122e+02 3.077971335682637437e+04 1.179531030253042991e+04 9.260781682916449427e+03 9.261426048587942205e+03 3.586522207001289644e+04 9.261448746648378801e+03
1.613635231779633614e+05 1.372178593180156447e+00 9.630530682668548252e+04 1.562730720484671432e+00 1.618238830108353010e+00 6.600158925437818107e+04 1.533741765089291720e+00 1.406315047388049022e+00 4.536260834022558265e+04 9.261037031177502286e+03 7.187204428320792537e-01 1.630484431968579617e+00 3.333507973057367781e+04 2.390931664674266649e+05 1.174655470332170770e+00 3.829871544054390979e+05 2.779492346856330187e+03 5.463144747904936958e+04 8.335074724601425260e+03 3.077943820921450242e+04 2.105444924665157669e+04 9.104143211356136023e-01 1.578638804883483848e+00 3.627628968925417576e+04 1.650951698752972874e+00
1.613639775641411252e+05 1.769808724087393204e+00 9.630576400358848332e+04 1.766109663479640490e+00 1.734662400860840892e+00 6.600207659147179220e+04 1.785801858137076259e+00 1.780919639034278967e+00 4.536308086898242618e+04 9.261437714178895476e+03 1.630484431968579617e+00 9.951583331674932476e-01 3.333558550934091909e+04 2.390935525189899781e+05 1.747600844655794461e+00 3.829874179447033675e+05 2.779733318190067621e+03 5.463193768024131714e+04 8.335407206868720095e+03 3.077987433770111238e+04 2.105484263777522210e+04 1.392295712352026094e+00 1.733773117113353024e+00 3.627678062768252857e+04 1.792680859058403797e+00
1.530307898186160601e+05 3.333530998998082941e+04 9.630602534669895249e+04 3.333548020620294119e+04 3.333552416780655039e+04 6.600216111513714714e+04 3.333549527709889662e+04 3.333540391997636470e+04 3.907641948785536806e+04 3.333548548490070971e+04 3.333507973057367781e+04 3.333558550934091909e+04 5.939032587950230663e+03 2.307604122339884925e+05 3.333520205619561602e+04 3.746542825913404231e+05 3.333547507057633629e+04 5.463194272696792177e+04 3.333554005202290864e+04 7.436638960523022433e+03 2.894948055231973922e+04 3.333487276527759968e+04 3.333552660008007661e+04 1.482848844961760369e+04 3.333555388939715340e+04
1.528502778830489842e+05 2.390933325040999916e+05 2.198860428655877768e+05 2.390934470005896874e+05 2.390935572764522803e+05 2.292330748356754484e+05 2.390934228035071865e+05 2.390933289291343535e+05 2.390937981878773135e+05 2.390936396842272661e+05 2.390931664674266649e+05 2.390935525189899781e+05 2.307604122339884925e+05 1.185089959632663667e+05 2.390932827551587834e+05 2.833579819788957248e+05 2.390936817044335767e+05 2.344641677921341034e+05 2.390936277151744580e+05 2.307604095718266035e+05 2.390937241695843113e+05 2.390931371271646058e+05 2.390935098904870392e+05 2.344641430694870942e+05 2.390935705744660518e+05
1.613636351979787287e+05 1.354132454710260225e+00 9.630539638521829329e+04 1.686439411788858367e+00 1.726219051060220000e+00 6.600165913078284939e+04 1.653404220528971846e+00 1.494055387136291602e+00 4.536272728130314499e+04 9.261136608488030106e+03 1.174655470332170770e+00 1.747600844655794239e+00 3.333520205619561602e+04 2.390932827551587834e+05 7.857553728024905260e-01 3.829871900487883249e+05 2.779569809891232580e+03 5.463158069862677075e+04 8.335150878791006107e+03 3.077952660156997808e+04 2.105457419251068495e+04 1.054911462708050252e+00 1.662225636076393620e+00 3.627638354567461647e+04 1.724274146015149167e+00
3.202175741964304470e+05 3.829872466156489099e+05 3.697632874543209909e+05 3.829873727090746397e+05 3.829874316169840167e+05 3.746543059051634045e+05 3.829873273542725365e+05 3.829872568624635460e+05 3.829877058692087303e+05 3.829875370599563466e+05 3.829871544054390979e+05 3.829874179447033675e+05 3.746542825913404231e+05 2.833579819788956665e+05 3.829871900487883249e+05 1.690178330893646344e+05 3.829875444405668532e+05 3.783580279728281894e+05 3.829875202432591468e+05 3.746542767463651835e+05 3.829876468321736320e+05 3.829871131708084140e+05 3.829874321165072615e+05 3.783579570111828507e+05 3.829874722472004360e+05
1.613639986734869017e+05 2.779651446295276401e+03 9.630587423140670580e+04 2.779747652246142479e+03 2.779798404070699235e+03 6.600215025798940042e+04 2.779681432757364746e+03 2.779628765855321490e+03 4.536310714400915458e+04 6.483460900834934364e+03 2.779492346856330187e+03 2.779733318190067621e+03 3.333547507057633629e+04 2.390936817044335767e+05 2.779569809891232580e+03 3.829875444405668532e+05 3.704722959715585148e+03 5.463195277697480196e+04 5.557314077020873810e+03 3.077979465601410266e+04 1.827697415540304792e+04 2.779224122890890158e+03 2.779773119814138227e+03 3.627675337054375268e+04 2.779767039353200289e+03
1.535923583548659226e+05 5.463163978465846594e+04 6.822861023568673409e+04 5.463187198123479175e+04 5.463188302329825819e+04 3.212595823288853353e+04 5.463178708230737539e+04 5.463170599701967876e+04 2.507812707271712861e+04 5.370606993246402271e+04 5.463144747904936958e+04 5.463193768024131714e+04 5.463194272696792177e+04 2.344641677921341034e+05 5.463158069862677075e+04 3.783580279728281894e+05 5.463195277697478741e+04 1.373139356434747606e+04 5.463203017834784259e+04 5.463197529201407451e+04 4.629866887804643920e+04 5.463129432712434209e+04 5.463190234663380397e+04 4.841954811621190311e+04 5.463192969782197179e+04
1.613640293965565215e+05 8.335264049644991246e+03 9.630587334921573347e+04 8.335384649446054027e+03 8.335401813681999556e+03 6.600219946960378729e+04 8.335348235285169721e+03 8.335282740902868682e+03 4.536315993356025137e+04 9.278396902069279122e+02 8.335074724601425260e+03 8.335407206868720095e+03 3.333554005202291592e+04 2.390936277151744289e+05 8.335150878791006107e+03 3.829875202432591468e+05 5.557314077020873810e+03 5.463203017834784259e+04 1.006593440079263768e+00 3.077984879130189074e+04 1.272146965768073278e+04 8.334809001172581702e+03 8.335351358576415805e+03 3.627680254382410203e+04 8.335417330771901106e+03
1.530307911105002568e+05 3.077966300691393189e+04 9.630598021173437883e+04 3.077979832910218101e+04 3.077984756756040952e+04 6.600221449739429227e+04 3.077976257300682119e+04 3.077970378988025186e+04 3.907647790750386775e+04 3.077971335682637073e+04 3.077943820921449878e+04 3.077987433770111238e+04 7.436638960523023343e+03 2.307604095718266035e+05 3.077952660156997808e+04 3.746542767463650671e+05 3.077979465601409902e+04 5.463197529201407451e+04 3.077984879130188347e+04 3.544880237836375727e+03 2.639362367901911784e+04 3.077921573307945437e+04 3.077983402593313804e+04 1.498033370823427504e+04 3.077988510922985733e+04
1.613641443873342068e+05 2.105466737313421618e+04 8.797261344561613805e+04 2.105481307822482268e+04 2.105481825331994332e+04 5.766889794080464344e+04 2.105477949851557423e+04 2.105471413384704283e+04 3.518305731292762357e+04 1.179531030253042991e+04 2.105444924665157669e+04 2.105484263777522210e+04 2.894948055231973922e+04 2.390937241695843113e+05 2.105457419251068495e+04 3.829876468321736320e+05 1.827697415540304792e+04 4.629866887804643920e+04 1.272146965768073278e+04 2.639362367901911784e+04 4.156199681045153739e+03 2.105421100288543312e+04 2.105480177302855373e+04 2.818704946450722127e+04 2.105481677936164851e+04
1.613634583452843071e+05 1.190463964237673311e+00 9.630519241047969263e+04 1.343319433859771150e+00 1.363962156485746258e+00 6.600146313973983342e+04 1.307883301788317132e+00 1.242230055921645482e+00 4.536242032683387515e+04 9.260781682916451246e+03 9.104143211356136023e-01 1.392295712352026094e+00 3.333487276527759968e+04 2.390931371271645476e+05 1.054911462708050252e+00 3.829871131708084140e+05 2.779224122890889703e+03 5.463129432712434209e+04 8.334809001172581702e+03 3.077921573307945437e+04 2.105421100288543312e+04 5.263285254498101251e-01 1.339275439702760639e+00 3.627608432965602697e+04 1.397381163093700751e+00
1.613639247800174926e+05 1.714798461536154228e+00 9.630569182412327791e+04 1.646093763411388133e+00 1.720098900301479938e+00 6.600199916353002482e+04 1.693831524949482636e+00 1.694664436240105543e+00 4.536305998094821553e+04 9.261426048587942205e+03 1.578638804883483404e+00 1.733773117113352580e+00 3.333552660008007661e+04 2.390935098904870392e+05 1.662225636076393620e+00 3.829874321165072615e+05 2.779773119814137772e+03 5.463190234663380397e+04 8.335351358576415805e+03 3.077983402593313804e+04 2.105480177302855373e+04 1.339275439702760639e+00 8.939518520211913177e-01 3.627676537323732191e+04 1.819930719259645668e+00
1.567345462036075478e+05 3.627651851770989015e+04 9.260233280087784806e+04 3.627671838318348455e+04 3.627675195710636035e+04 6.229848794461450598e+04 3.627669892332523159e+04 3.627659605220235972e+04 3.240993803459113769e+04 3.586522207001288916e+04 3.627628968925417576e+04 3.627678062768252857e+04 1.482848844961760551e+04 2.344641430694870942e+05 3.627638354567461647e+04 3.783579570111828507e+05 3.627675337054375268e+04 4.841954811621190311e+04 3.627680254382410203e+04 1.498033370823427322e+04 2.818704946450721764e+04 3.627608432965602697e+04 3.627676537323732191e+04 1.481225090846375679e+04 3.627679799352255941e+04
1.613639665616580751e+05 1.790861445945150621e+00 9.630578623025884735e+04 1.848872158405726385e+00 1.870391853621397038e+00 6.600207671156866127e+04 1.839031812507714969e+00 1.820074208333150034e+00 4.536310656361750443e+04 9.261448746648378801e+03 1.650951698752972874e+00 1.792680859058403797e+00 3.333555388939715340e+04 2.390935705744660518e+05 1.724274146015149167e+00 3.829874722472003778e+05 2.779767039353200289e+03 5.463192969782197906e+04 8.335417330771901106e+03 3.077988510922985733e+04 2.105481677936164851e+04 1.397381163093700751e+00 1.819930719259645668e+00 3.627679799352255213e+04 9.477370055352559719e-01
