3.735302173581093029e+03 3.304864520872047433e+04 4.481952344517986057e+04 3.011376649284167070e+04 7.230571080864811665e+04 4.329088562334005837e+05 4.481962062289385358e+04 3.917132896025597584e+05 2.801290648081690961e+04 2.909066011845383327e+05 4.481966766587885650e+04 3.272951896164253121e+05 2.853819630036142189e+04 3.081406726126317153e+04 4.481918395539181074e+04 5.602403129763089237e+04 3.641587462019795203e+04 1.008423330037084379e+05 1.325863080332854297e+05 1.810104146469924599e+05 2.104502496180710732e+05 4.481950975760907750e+04 2.495897425227499916e+05 1.740922774501487584e+04 9.243869104508782038e+04
3.304864520872047433e+04 2.545977930139599630e+04 7.143020859728830692e+04 5.672435369349146640e+04 4.690928610817125445e+04 4.245054668768459815e+05 7.143022978097920713e+04 3.833100595603293041e+05 5.462346683108375146e+04 2.825032468623344321e+05 7.143025283467791451e+04 3.188919644735410693e+05 5.514884230486754677e+04 5.742473937612075679e+04 7.142985234133320046e+04 2.887676883739184996e+04 6.302653241311629972e+04 8.403563061956179445e+04 1.178804530588007183e+05 1.694557457212007139e+05 2.020469374919260445e+05 7.143017279098705330e+04 2.411864056523603213e+05 4.806015365652925539e+04 7.334955321505140455e+04
4.481952344517986057e+04 7.143020859728829237e+04 4.397800994463488267e-01 1.470729046790185203e+04 1.003168239893774735e+05 4.329086596843818552e+05 9.732095352621257245e-01 3.917130552587274578e+05 3.361503877294049744e+04 2.909062942577727954e+05 1.120602224578320927e+00 3.272949757709371625e+05 1.680825957673509765e+04 2.875779431044463854e+04 8.275860912853569840e-01 9.243856670723145362e+04 8.404336996582627762e+03 1.064442938463743922e+05 1.325859750217340188e+05 1.810099531256291084e+05 2.063505897275167226e+05 1.008406441674245757e+00 2.495894389868788421e+05 3.894410059329208161e+04 1.008418926086603460e+05
3.011376649284167070e+04 5.672435369349146640e+04 1.470729046790185203e+04 3.151791453751540303e+03 9.191336065004058764e+04 4.329089186630673939e+05 1.470723078303173133e+04 3.917131183480684995e+05 2.521170647823231775e+04 2.909064418908701628e+05 1.470716147401132184e+04 3.272950503791730735e+05 2.495867316240773562e+03 2.035420938443170235e+04 1.470707208805542541e+04 7.773284086685281363e+04 6.303622524911523215e+03 1.148477679298351723e+05 1.409896137869767845e+05 1.894136668371399865e+05 2.147540653377485578e+05 1.470716621999947529e+04 2.495895234823224018e+05 3.054059859096512082e+04 1.092455768000840762e+05
7.230571080864811665e+04 4.690928610817126173e+04 1.003168239893774735e+05 9.191336065004057309e+04 5.070227819852032553e+03 4.161023175698278355e+05 1.003168692504102073e+05 3.749065661088905181e+05 7.510688314408347651e+04 2.741000107718507643e+05 1.003168364881619491e+05 3.104885187614441384e+05 9.138826349253141962e+04 7.790796786497891298e+04 1.003165048306582466e+05 2.818787360122982864e+04 9.191320385725262167e+04 5.847521210871406220e+04 9.529645142341892642e+04 1.519926174736575631e+05 1.936434054379333393e+05 1.003166140982928482e+05 2.327829731874321296e+05 6.977771680036596081e+04 4.219356772477901541e+04
4.329088562334005837e+05 4.245054668768459815e+05 4.329086596843818552e+05 4.329089186630673939e+05 4.161023175698278355e+05 6.364039350537008431e+04 4.329086862130659865e+05 1.761369659815708874e+05 4.329088570472987485e+05 2.854283159518124303e+05 4.329088018984132214e+05 2.107493827568671259e+05 4.329089715809551999e+05 4.329089266878553899e+05 4.329086168541269144e+05 4.161021846866160631e+05 4.329086355130000738e+05 3.992956631768743973e+05 3.800880133001352078e+05 3.635813343935140292e+05 3.526103496968578547e+05 4.329086684792761807e+05 3.248370677520661848e+05 4.329089692084265407e+05 4.076989088064166717e+05
4.481962062289385358e+04 7.143022978097920713e+04 9.732095352621257245e-01 1.470723078303173133e+04 1.003168692504102219e+05 4.329086862130659865e+05 3.982164054884385629e-01 3.917130877651346964e+05 3.361503882017974684e+04 2.909063371598403901e+05 1.089154004998532654e+00 3.272950146995859104e+05 1.680824191881915249e+04 2.875773492687205362e+04 9.567277263632220086e-01 9.243865305617076228e+04 8.404403683213706245e+03 1.064443391400687979e+05 1.325860433867934335e+05 1.810100106428340659e+05 2.063507073110284982e+05 1.104249434789515982e+00 2.495894313731308794e+05 3.894411748898627411e+04 1.008420037767075555e+05
3.917132896025598166e+05 3.833100595603293041e+05 3.917130552587274578e+05 3.917131183480685577e+05 3.749065661088905181e+05 1.761369659815708874e+05 3.917130877651346964e+05 4.634244683019158401e+04 3.917132514806208783e+05 2.584978747235986521e+05 3.917131295547592454e+05 1.619652516217273951e+05 3.917131888670669869e+05 3.917131503431868623e+05 3.917129899789806223e+05 3.749066577723082155e+05 3.917130220282059163e+05 3.580999566732022213e+05 3.346907808324247017e+05 3.181840972487935796e+05 3.114146063104479690e+05 3.917129187016970827e+05 2.855337623460078612e+05 3.917132000445328304e+05 3.665033202042807825e+05
2.801290648081690961e+04 5.462346683108375146e+04 3.361503877294049744e+04 2.521170647823231775e+04 7.510688314408347651e+04 4.329088570472987485e+05 3.361503882017974684e+04 3.917132514806208783e+05 4.879261507043734514e-01 2.909065413807823206e+05 3.361518271848500444e+04 3.272952486827226239e+05 2.468640923619714522e+04 4.858587247081703936e+03 3.361470227070295368e+04 7.563189236272242852e+04 2.521138091712605456e+04 1.092456056403382681e+05 1.409896288043970417e+05 1.894136074173227535e+05 2.147543796944990172e+05 3.361499627257044631e+04 2.495897704285157088e+05 1.060492777262174968e+04 9.559004211647302145e+04
2.909066011845383327e+05 2.825032468623344321e+05 2.909062942577727954e+05 2.909064418908701628e+05 2.741000107718507643e+05 2.854283159518124303e+05 2.909063371598403901e+05 2.584978747235986521e+05 2.909065413807823206e+05 4.637559334237814619e+04 2.909064031867894228e+05 1.465359598007135210e+05 2.909064375418910058e+05 2.909064991019667941e+05 2.909062094149019686e+05 2.740999357555724564e+05 2.909062571107493713e+05 2.572931235098359466e+05 2.351195874134035839e+05 1.963158256840154354e+05 1.628296453078441846e+05 2.909062263395292102e+05 1.070856792432300426e+05 2.909066764427362359e+05 2.656965983052858501e+05
4.481966766587885650e+04 7.143025283467791451e+04 1.120602224578320927e+00 1.470716147401132184e+04 1.003168364881619636e+05 4.329088018984132214e+05 1.089154004998532654e+00 3.917131295547592454e+05 3.361518271848500444e+04 2.909064031867894228e+05 4.624542228804914279e-01 3.272950625617999467e+05 1.680826037231238297e+04 2.875782991695598685e+04 1.056789430530142626e+00 9.243868248007912189e+04 8.404539099429517591e+03 1.064444130309936445e+05 1.325861395534053736e+05 1.810100826005819836e+05 2.063506349480618665e+05 1.174907339988698451e+00 2.495894498382502352e+05 3.894413394918055565e+04 1.008421179026165919e+05
3.272951896164253121e+05 3.188919644735410693e+05 3.272949757709371625e+05 3.272950503791730735e+05 3.104885187614441384e+05 2.107493827568671259e+05 3.272950146995859104e+05 1.619652516217273951e+05 3.272952486827226239e+05 1.465359598007135210e+05 3.272950625617999467e+05 7.924008179373298481e+04 3.272951262029892532e+05 3.272951769082447281e+05 3.272948764874516055e+05 3.104886172218138818e+05 3.272949429195629782e+05 2.936819590826026397e+05 2.721989570895445067e+05 2.499582462225045601e+05 2.364643251899385359e+05 3.272948914208956994e+05 1.952740944970613346e+05 3.272951789710299345e+05 3.020852744340450736e+05
2.853819630036142189e+04 5.514884230486754677e+04 1.680825957673509765e+04 2.495867316240773562e+03 9.138826349253141962e+04 4.329089715809551999e+05 1.680824191881915249e+04 3.917131888670669869e+05 2.468640923619715250e+04 2.909064375418910058e+05 1.680826037231238297e+04 3.272951262029892532e+05 9.852493361767925535e+02 1.982893893128449054e+04 1.680800152479112876e+04 7.615722808204781904e+04 8.404593756949845556e+03 1.148477792678486294e+05 1.409896129950301838e+05 1.894137074316199578e+05 2.147541079268400790e+05 1.680810603892433210e+04 2.495895731366676628e+05 3.001543715635834451e+04 1.089173618094962148e+05
3.081406726126317153e+04 5.742473937612075679e+04 2.875779431044463854e+04 2.035420938443170235e+04 7.790796786497891298e+04 4.329089266878553899e+05 2.875773492687205362e+04 3.917131503431868623e+05 4.858587247081703936e+03 2.909064991019667941e+05 2.875782991695598685e+04 3.272951769082447281e+05 1.982893893128449054e+04 6.841506569459491402e+03 2.875746412927323036e+04 7.843308823862904683e+04 2.035409224192657348e+04 1.111129454226372618e+05 1.409896677254878741e+05 1.894136436420660757e+05 2.147541739548014302e+05 2.875759202977204768e+04 2.495896909776802931e+05 1.417160715967175383e+04 9.839122234614432091e+04
4.481918395539181074e+04 7.142985234133320046e+04 8.275860912853567619e-01 1.470707208805542541e+04 1.003165048306582612e+05 4.329086168541269144e+05 9.567277263632218975e-01 3.917129899789806223e+05 3.361470227070295368e+04 2.909062094149019686e+05 1.056789430530142626e+00 3.272948764874516055e+05 1.680800152479112876e+04 2.875746412927323036e+04 2.580223151650007374e-01 9.243827946708952368e+04 8.403998689987085527e+03 1.064440037023494369e+05 1.325857381118138146e+05 1.810097845925257425e+05 2.063504817252597713e+05 7.957508229195969784e-01 2.495892962769848527e+05 3.894373134571543051e+04 1.008416189959614858e+05
5.602403129763089237e+04 2.887676883739184996e+04 9.243856670723145362e+04 7.773284086685282819e+04 2.818787360122982864e+04 4.161021846866160631e+05 9.243865305617076228e+04 3.749066577723081573e+05 7.563189236272242852e+04 2.740999357555723982e+05 9.243868248007912189e+04 3.104886172218138818e+05 7.615722808204781904e+04 7.843308823862904683e+04 9.243827946708952368e+04 4.270931414036849283e-01 8.403495157573718461e+04 6.722876295902815764e+04 1.031745863471745979e+05 1.579010282630533911e+05 1.936435889865915233e+05 9.243857127366453642e+04 2.327831418137789005e+05 7.030304423297585163e+04 5.882510884500250540e+04
3.641587462019795203e+04 6.302653241311629972e+04 8.404336996582627762e+03 6.303622524911523215e+03 9.191320385725262167e+04 4.329086355130000738e+05 8.404403683213706245e+03 3.917130220282059163e+05 2.521138091712605456e+04 2.909062571107493713e+05 8.404539099429517591e+03 3.272949429195629782e+05 8.404593756949845556e+03 2.035409224192657712e+04 8.403998689987085527e+03 8.403495157573718461e+04 3.042199515372101537e-01 1.148475264387337666e+05 1.409892632043559279e+05 1.894132988788548682e+05 2.147539576464447891e+05 8.404275020756478625e+03 2.495893893823172548e+05 3.054041655012331830e+04 1.092451366131882096e+05
1.008423330037084379e+05 8.403563061956179445e+04 1.064442938463743922e+05 1.148477679298351723e+05 5.847521210871406220e+04 3.992956631768743973e+05 1.064443391400687979e+05 3.580999566732022213e+05 1.092456056403382681e+05 2.572931235098359466e+05 1.064444130309936445e+05 2.936819590826026397e+05 1.148477792678486294e+05 1.111129454226372618e+05 1.064440037023494369e+05 6.722876295902815764e+04 1.148475264387337666e+05 1.727231637005357697e+04 4.946397238265933993e+04 1.172848188295471045e+05 1.684333410042106698e+05 1.064441437874911207e+05 2.159763067425258923e+05 1.039166057059050072e+05 2.728452422240961096e+04
1.325863080332854297e+05 1.178804530588007183e+05 1.325859750217340188e+05 1.409896137869767845e+05 9.529645142341895553e+04 3.800880133001352078e+05 1.325860433867934335e+05 3.346907808324247017e+05 1.409896288043970417e+05 2.351195874134035548e+05 1.325861395534053736e+05 2.721989570895445067e+05 1.409896129950301838e+05 1.409896677254878741e+05 1.325857381118138146e+05 1.031745863471746125e+05 1.409892632043559279e+05 4.946397238265933993e+04 2.721239860697105905e+04 8.250182137385784881e+04 1.365206584903160692e+05 1.325860082222419442e+05 1.938027972566653334e+05 1.356607607925158227e+05 6.640979831985535566e+04
1.810104146469924599e+05 1.694557457212007139e+05 1.810099531256291084e+05 1.894136668371399865e+05 1.519926174736575631e+05 3.635813343935140292e+05 1.810100106428340659e+05 3.181840972487935796e+05 1.894136074173227535e+05 1.963158256840154354e+05 1.810100826005819836e+05 2.499582462225045601e+05 1.894137074316199578e+05 1.894136436420660757e+05 1.810097845925257425e+05 1.579010282630533911e+05 1.894132988788548682e+05 1.172848188295471045e+05 8.250182137385786336e+04 4.013629894009388227e+04 7.578311639162796200e+04 1.810100479092177993e+05 1.421061064649350301e+05 1.840848705302551680e+05 1.296272069686284231e+05
2.104502496180710732e+05 2.020469374919260445e+05 2.063505897275167226e+05 2.147540653377485578e+05 1.936434054379333393e+05 3.526103496968578547e+05 2.063507073110284982e+05 3.114146063104479690e+05 2.147543796944990172e+05 1.628296453078441846e+05 2.063506349480618665e+05 2.364643251899385359e+05 2.147541079268400790e+05 2.147541739548014302e+05 2.063504817252597713e+05 1.936435889865915233e+05 2.147539576464447891e+05 1.684333410042106698e+05 1.365206584903160692e+05 7.578311639162796200e+04 2.498055299799706336e+04 2.063506375785129203e+05 9.165936003971888567e+04 2.120247474459810182e+05 1.768367945365421183e+05
4.481950975760907750e+04 7.143017279098705330e+04 1.008406441674245757e+00 1.470716621999947529e+04 1.003166140982928482e+05 4.329086684792761807e+05 1.104249434789515982e+00 3.917129187016970827e+05 3.361499627257044631e+04 2.909062263395292102e+05 1.174907339988698451e+00 3.272948914208956994e+05 1.680810603892433210e+04 2.875759202977204768e+04 7.957508229195969784e-01 9.243857127366453642e+04 8.404275020756478625e+03 1.064441437874911207e+05 1.325860082222419442e+05 1.810100479092177993e+05 2.063506375785129203e+05 4.044398210844642461e-01 2.495893723091589054e+05 3.894391471370926592e+04 1.008419177815032162e+05
2.495897425227499916e+05 2.411864056523603213e+05 2.495894389868788421e+05 2.495895234823224018e+05 2.327829731874321296e+05 3.248370677520661848e+05 2.495894313731308794e+05 2.855337623460078612e+05 2.495897704285157088e+05 1.070856792432300426e+05 2.495894498382502352e+05 1.952740944970613346e+05 2.495895731366676628e+05 2.495896909776802931e+05 2.495892962769848527e+05 2.327831418137789005e+05 2.495893893823172548e+05 2.159763067425258632e+05 1.938027972566653334e+05 1.421061064649350301e+05 9.165936003971890023e+04 2.495893723091589054e+05 2.606794438101975902e+04 2.495897201899517968e+05 2.243797840893228713e+05
1.740922774501487584e+04 4.806015365652925539e+04 3.894410059329208161e+04 3.054059859096512082e+04 6.977771680036597536e+04 4.329089692084265407e+05 3.894411748898627411e+04 3.917132000445328304e+05 1.060492777262174968e+04 2.909066764427361777e+05 3.894413394918055565e+04 3.272951789710299345e+05 3.001543715635834451e+04 1.417160715967175383e+04 3.894373134571543051e+04 7.030304423297585163e+04 3.054041655012331830e+04 1.039166057059050072e+05 1.356607607925158227e+05 1.840848705302551680e+05 2.120247474459810182e+05 3.894391471370926592e+04 2.495897201899517968e+05 7.827517501484701825e+03 9.026118340098828776e+04
9.243869104508782038e+04 7.334955321505140455e+04 1.008418926086603460e+05 1.092455768000840762e+05 4.219356772477901541e+04 4.076989088064166717e+05 1.008420037767075555e+05 3.665033202042807825e+05 9.559004211647302145e+04 2.656965983052858501e+05 1.008421179026165919e+05 3.020852744340450736e+05 1.089173618094962148e+05 9.839122234614432091e+04 1.008416189959614858e+05 5.882510884500250540e+04 1.092451366131882096e+05 2.728452422240961096e+04 6.640979831985535566e+04 1.296272069686284231e+05 1.768367945365421183e+05 1.008419177815032162e+05 2.243797840893228713e+05 9.026118340098828776e+04 8.048040349974710807e+03
