5.380319912601309040e-01 3.390012286742902506e+04 3.128705683226740221e+05 8.499324929438975232e+04 5.084929487477995281e+04 3.995345095827369369e+04 6.779844724757764197e+04 5.924213429659188114e+04 6.779807418156917265e+04 2.743008555080645019e+05 3.535429487756000599e+05 4.126098015355739626e+05 5.956952495177333185e+04 4.668685519320052699e+05 6.779785928964261257e+04 2.854767237112526345e+04 6.779827039346355014e+04 6.779849789720730041e+04 6.779819845007974072e+04 1.350057377799372262e+04 1.213830220445002051e+05 6.779833522788966366e+04 6.779852804435406870e+04 1.827475486068911559e+05 2.316899501134640304e+05
3.390012286742902506e+04 4.542006159222367612e-01 3.213450230816241237e+05 9.604706754882166570e+04 3.166990489439041994e+04 1.452956402454571798e+04 5.084925582267811842e+04 7.619148032194293046e+04 5.084887950464849564e+04 2.827753649786915630e+05 3.620174538299593842e+05 4.210843243188411579e+05 4.262032319316113717e+04 4.753430993728503236e+05 5.084866016839726944e+04 1.309156123377182303e+04 5.084907780875715252e+04 5.084927184011080681e+04 5.084904915026076196e+04 2.813866766202745202e+04 1.298575832107641909e+05 5.084918077698961861e+04 5.084927012046154414e+04 1.912221298156372504e+05 2.401644324194057263e+05
3.128705683226740221e+05 3.213450230816241237e+05 4.631949011368764332e+04 2.902715874579260126e+05 3.213449041966096265e+05 3.213450451300527784e+05 3.213448351705662208e+05 3.012179040495246882e+05 3.213445654753767885e+05 1.220862148321278510e+05 1.751344029191920708e+05 2.405488617754895822e+05 3.213450106257736916e+05 2.968066127420460689e+05 3.213445699226028519e+05 3.213450659042195184e+05 3.213447026107478305e+05 3.213448434047741466e+05 3.213446937862703344e+05 3.182633699213381624e+05 2.689710527556116576e+05 3.213447898623732035e+05 3.213448577184089227e+05 2.252593211691298347e+05 1.954533496384393366e+05
8.499324929438975232e+04 9.604706754882166570e+04 2.902715874579260126e+05 2.260386846417389461e+04 1.000612985660919076e+05 1.021004151924761827e+05 1.129961619738067238e+05 3.323969738087756559e+04 1.129957642771488026e+05 2.493479539509856550e+05 3.309439809680870385e+05 3.900108505818222184e+05 1.104169903895546740e+05 4.442695757492150879e+05 1.129956509566198220e+05 9.587680970746783714e+04 1.129959983488495491e+05 1.129962203914937127e+05 1.129959132634166599e+05 9.049832890901430801e+04 5.186990434525319142e+04 1.129961237899400876e+05 1.129961833647034509e+05 1.296833853552194050e+05 1.893169911126135266e+05
5.084929487477995281e+04 3.166990489439041994e+04 3.213449041966096265e+05 1.000612985660919076e+05 5.165002576500321993e+03 2.515573295658634743e+04 2.411075832033048573e+04 8.020579372550186235e+04 2.542510024932899614e+04 2.827753191419721115e+05 3.620173124977417174e+05 4.210842231426721555e+05 1.541208598921590965e+04 4.753429977743149502e+05 2.542491399937547249e+04 3.307832033355375461e+04 2.542529248665098930e+04 2.364125179435504833e+04 2.542526895735868311e+04 4.508785963853191788e+04 1.366521068862841348e+05 2.542539252735875561e+04 2.364125162424463997e+04 1.912223188181814912e+05 2.401644269380818005e+05
3.995345095827368641e+04 1.452956402454571798e+04 3.213450451300527784e+05 1.021004151924761973e+05 2.515573295658634743e+04 4.330570972699216327e+03 4.433523212298056751e+04 8.224490491255339293e+04 4.433503151468643773e+04 2.827754064456010237e+05 3.620173706204326008e+05 4.210842336357492022e+05 3.610623953141658421e+04 4.753429600078117801e+05 4.433476120815402101e+04 1.439387368279721522e+04 4.433522324011356250e+04 4.433530833960004384e+04 4.433510298294384847e+04 3.419205218810675433e+04 1.350461871100667340e+05 4.433522887904526578e+04 4.433532717823171697e+04 1.912221984555501840e+05 2.401644942265718419e+05
6.779844724757764197e+04 5.084925582267811842e+04 3.213448351705662208e+05 1.129961619738067238e+05 2.411075832033048573e+04 4.433523212298057479e+04 3.287022937743632610e+03 9.314068998047991772e+04 6.245732525431952126e+03 2.827752203523627832e+05 3.620172757315450581e+05 4.210840571457322221e+05 1.046046944906676981e+04 4.753427876005875878e+05 6.245474583590076691e+03 5.084915053784661723e+04 6.245773318458735957e+03 2.231437008694719225e+03 6.245762141137021899e+03 6.203703128638814815e+04 1.404376458014521049e+05 6.245640015431987194e+03 2.231521998084407642e+03 1.912221413875307480e+05 2.401643499516475131e+05
5.924213429659188114e+04 7.619148032194293046e+04 3.012179040495246300e+05 3.323969738087755832e+04 8.020579372550186235e+04 8.224490491255339293e+04 9.314068998047991772e+04 1.053787291083851414e+04 9.314023939512811194e+04 2.626483941288763890e+05 3.418903010266655474e+05 4.009571994433123036e+05 9.056154440420409082e+04 4.552160326479731593e+05 9.314014195578052022e+04 7.619150709443913365e+04 9.314051271148596425e+04 9.314069264327663404e+04 9.314041083920226083e+04 6.500384965666534117e+04 7.819947912573063513e+04 9.314060402583755786e+04 9.314068050361232599e+04 1.499169256006147771e+05 2.030881783707303985e+05
6.779807418156917265e+04 5.084887950464849564e+04 3.213445654753767885e+05 1.129957642771488026e+05 2.542510024932899614e+04 4.433503151468643046e+04 6.245732525431952126e+03 9.314023939512811194e+04 4.062143986601305934e-01 2.827750311502473778e+05 3.620170220092471573e+05 4.210839915749408538e+05 1.670492694877207396e+04 4.753427472604127252e+05 6.045590666723099638e-01 5.084884839677367563e+04 1.047673264825369932e+00 8.475988765822437927e+03 8.838117824031291869e-01 6.203671473447092285e+04 1.404372743019858899e+05 1.190929965821460046e+00 8.475953219670649560e+03 1.912218539232650946e+05 2.401640067833261855e+05
2.743008555080645019e+05 2.827753649786916212e+05 1.220862148321278219e+05 2.493479539509856259e+05 2.827753191419721115e+05 2.827754064456010237e+05 2.827752203523627832e+05 2.626483941288763890e+05 2.827750311502473778e+05 4.740149610722440411e+04 2.151009548269037041e+05 2.864001548298249836e+05 2.827753570021591149e+05 3.412544521751686116e+05 2.827749224185518106e+05 2.827754933312387438e+05 2.827751186627010466e+05 2.827753272058118600e+05 2.827750350424338831e+05 2.796937672691566404e+05 2.233394277462619357e+05 2.827751899862014689e+05 2.827753742696109111e+05 1.676608573574354814e+05 1.174810739832519030e+05
3.535429487756000599e+05 3.620174538299593842e+05 1.751344029191920708e+05 3.309439809680870385e+05 3.620173124977417174e+05 3.620173706204326008e+05 3.620172757315450581e+05 3.418903010266655474e+05 3.620170220092471573e+05 2.151009548269037041e+05 6.493773301636623364e+04 1.680184635773282789e+05 3.620174328766521066e+05 2.247750125286809925e+05 3.620170194269221975e+05 3.620174226906196564e+05 3.620171457117485115e+05 3.620173346372413798e+05 3.620171574640747858e+05 3.589358126770569361e+05 3.105407362065149355e+05 3.620171909745915909e+05 3.620172226421291125e+05 2.745084159078909433e+05 2.609748820442573633e+05
4.126098015355739626e+05 4.210843243188411579e+05 2.405488617754895822e+05 3.900108505818222184e+05 4.210842231426721555e+05 4.210842336357492022e+05 4.210840571457322221e+05 4.009571994433123036e+05 4.210839915749408538e+05 2.864001548298250418e+05 1.680184635773282789e+05 7.706092359914278495e+04 4.210841430236979504e+05 1.931307257435312786e+05 4.210839061831076979e+05 4.210843352969086263e+05 4.210840661140691955e+05 4.210841676421806333e+05 4.210839483789283549e+05 4.180027222348973737e+05 3.738689113702604664e+05 4.210840181073794374e+05 4.210842283432448748e+05 3.386338816356757889e+05 3.207430230219353107e+05
5.956952495177334640e+04 4.262032319316112989e+04 3.213450106257736916e+05 1.104169903895546740e+05 1.541208598921590965e+04 3.610623953141658421e+04 1.046046944906676981e+04 9.056154440420407627e+04 1.670492694877207396e+04 2.827753570021591149e+05 3.620174328766521066e+05 4.210841430236979504e+05 7.355520969592712390e+03 4.753429469107213663e+05 1.670463104908860623e+04 4.262017858815110958e+04 1.670508731022473876e+04 8.230460891692164296e+03 1.670499621690373533e+04 5.380814302766758919e+04 1.394284491545943310e+05 1.670506180917334132e+04 8.230433711283863886e+03 1.912222091919912200e+05 2.401644364622306894e+05
4.668685519320052699e+05 4.753430993728503236e+05 2.968066127420461271e+05 4.442695757492150879e+05 4.753429977743149502e+05 4.753429600078117801e+05 4.753427876005875878e+05 4.552160326479731593e+05 4.753427472604127252e+05 3.412544521751686116e+05 2.247750125286809343e+05 1.931307257435312786e+05 4.753429469107213663e+05 6.591405492033956398e+04 4.753426953741537873e+05 4.753431431869632215e+05 4.753428369124939782e+05 4.753429088706377661e+05 4.753427272852528258e+05 4.722613658761581173e+05 4.281277368177166209e+05 4.753428003964506788e+05 4.753429908451159718e+05 3.948346887583864736e+05 3.821227757695313194e+05
6.779785928964259801e+04 5.084866016839726944e+04 3.213445699226028519e+05 1.129956509566198220e+05 2.542491399937547249e+04 4.433476120815402101e+04 6.245474583590076691e+03 9.314014195578052022e+04 6.045590666723099638e-01 2.827749224185518106e+05 3.620170194269221975e+05 4.210839061831076979e+05 1.670463104908860623e+04 4.753426953741537873e+05 2.231773624081275220e-01 5.084866530105900165e+04 9.512972698539089444e-01 8.475700796596718646e+03 7.374120566158460788e-01 6.203644172943937156e+04 1.404371298024974822e+05 9.539029361596697010e-01 8.475752561062829045e+03 1.912216540659092716e+05 2.401639490587388573e+05
2.854767237112526345e+04 1.309156123377182303e+04 3.213450659042195184e+05 9.587680970746783714e+04 3.307832033355375461e+04 1.439387368279721522e+04 5.084915053784661723e+04 7.619150709443913365e+04 5.084884839677367563e+04 2.827754933312387438e+05 3.620174226906196564e+05 4.210843352969086263e+05 4.262017858815110958e+04 4.753431431869632215e+05 5.084866530105900165e+04 8.099586241942827655e+03 5.084904111533308605e+04 5.084926220909775293e+04 5.084899408359708468e+04 2.144048795712394349e+04 1.297724753903963428e+05 5.084910495753133728e+04 5.084914843812103209e+04 1.911271287336754613e+05 2.401644111849054461e+05
6.779827039346355014e+04 5.084907780875715252e+04 3.213447026107478305e+05 1.129959983488495491e+05 2.542529248665098930e+04 4.433522324011355522e+04 6.245773318458736867e+03 9.314051271148594969e+04 1.047673264825369932e+00 2.827751186627010466e+05 3.620171457117485115e+05 4.210840661140691955e+05 1.670508731022473876e+04 4.753428369124939782e+05 9.512972698539089444e-01 5.084904111533308605e+04 4.080629823519984489e-01 8.476081921122819040e+03 1.125878628993003838e+00 6.203690633550097846e+04 1.404374738643260789e+05 1.180875523620574796e+00 8.476091309546234697e+03 1.912219927965882525e+05 2.401641101693043020e+05
6.779849789720730041e+04 5.084927184011080681e+04 3.213448434047741466e+05 1.129962203914937127e+05 2.364125179435504833e+04 4.433530833960004384e+04 2.231437008694719225e+03 9.314069264327663404e+04 8.475988765822437927e+03 2.827753272058118600e+05 3.620173346372413798e+05 4.210841676421806333e+05 8.230460891692164296e+03 4.753429088706377661e+05 8.475700796596718646e+03 5.084926220909775293e+04 8.476081921122819040e+03 5.059091990691063634e-01 8.475999642368127752e+03 6.203701909701194381e+04 1.404376497962827561e+05 8.476019777716939643e+03 1.237115250717210069e+00 1.912222026585693529e+05 2.401644126957208500e+05
6.779819845007974072e+04 5.084904915026076196e+04 3.213446937862703344e+05 1.129959132634166599e+05 2.542526895735867583e+04 4.433510298294384847e+04 6.245762141137021899e+03 9.314041083920226083e+04 8.838117824031291869e-01 2.827750350424338831e+05 3.620171574640747858e+05 4.210839483789283549e+05 1.670499621690373533e+04 4.753427272852528258e+05 7.374120566158460788e-01 5.084899408359708468e+04 1.125878628993003838e+00 8.475999642368127752e+03 3.685492946875186804e-01 6.203679565244072728e+04 1.404373928588692215e+05 1.136888650308398807e+00 8.476088584430699484e+03 1.912218227929920249e+05 2.401640882638691401e+05
1.350057377799372807e+04 2.813866766202745202e+04 3.182633699213381624e+05 9.049832890901430801e+04 4.508785963853191788e+04 3.419205218810675433e+04 6.203703128638814815e+04 6.500384965666535572e+04 6.203671473447092285e+04 2.796937672691566404e+05 3.589358126770569361e+05 4.180027222348973737e+05 5.380814302766758919e+04 4.722613658761581173e+05 6.203644172943938611e+04 2.144048795712394713e+04 6.203690633550099301e+04 6.203701909701194381e+04 6.203679565244072728e+04 5.973115848621364421e+03 1.267759640600105777e+05 6.203694621016905876e+04 6.203715082131115196e+04 1.881405995018322137e+05 2.370828107993153390e+05
1.213830220445002051e+05 1.298575832107641909e+05 2.689710527556116576e+05 5.186990434525319142e+04 1.366521068862841348e+05 1.350461871100667340e+05 1.404376458014521049e+05 7.819947912573063513e+04 1.404372743019858899e+05 2.233394277462619357e+05 3.105407362065149355e+05 3.738689113702604664e+05 1.394284491545943310e+05 4.281277368177166209e+05 1.404371298024974822e+05 1.297724753903963428e+05 1.404374738643260789e+05 1.404376497962827561e+05 1.404373928588692215e+05 1.267759640600105777e+05 1.856411514017423178e+04 1.404375663869123382e+05 1.404376842958267371e+05 8.879236997495147807e+04 1.560012798302286828e+05
6.779833522788966366e+04 5.084918077698961861e+04 3.213447898623732035e+05 1.129961237899400876e+05 2.542539252735875561e+04 4.433522887904527306e+04 6.245640015431988104e+03 9.314060402583755786e+04 1.190929965821460046e+00 2.827751899862014689e+05 3.620171909745915909e+05 4.210840181073794374e+05 1.670506180917334132e+04 4.753428003964506788e+05 9.539029361596697010e-01 5.084910495753133728e+04 1.180875523620574796e+00 8.476019777716939643e+03 1.136888650308398807e+00 6.203694621016905876e+04 1.404375663869123382e+05 4.871524174465943768e-01 8.476078729455610301e+03 1.912220197278826381e+05 2.401642247815383016e+05
6.779852804435406870e+04 5.084927012046154414e+04 3.213448577184089227e+05 1.129961833647034509e+05 2.364125162424463997e+04 4.433532717823171697e+04 2.231521998084408096e+03 9.314068050361232599e+04 8.475953219670649560e+03 2.827753742696108529e+05 3.620172226421291125e+05 4.210842283432448748e+05 8.230433711283863886e+03 4.753429908451159718e+05 8.475752561062829045e+03 5.084914843812103209e+04 8.476091309546234697e+03 1.237115250717210069e+00 8.476088584430699484e+03 6.203715082131115196e+04 1.404376842958267371e+05 8.476078729455610301e+03 3.852310307157499891e-01 1.912221715048221813e+05 2.401643709961327841e+05
1.827475486068911559e+05 1.912221298156372795e+05 2.252593211691298347e+05 1.296833853552194050e+05 1.912223188181814912e+05 1.912221984555501840e+05 1.912221413875307480e+05 1.499169256006147771e+05 1.912218539232650946e+05 1.676608573574354814e+05 2.745084159078909433e+05 3.386338816356757889e+05 1.912222091919912491e+05 3.948346887583864736e+05 1.912216540659092716e+05 1.911271287336754613e+05 1.912219927965882525e+05 1.912222026585693529e+05 1.912218227929920249e+05 1.881405995018322137e+05 8.879236997495147807e+04 1.912220197278826381e+05 1.912221715048221813e+05 3.764411130019327538e+04 8.439243262231558037e+04
2.316899501134640304e+05 2.401644324194057263e+05 1.954533496384393366e+05 1.893169911126135266e+05 2.401644269380818005e+05 2.401644942265718128e+05 2.401643499516475131e+05 2.030881783707303985e+05 2.401640067833261855e+05 1.174810739832519030e+05 2.609748820442573633e+05 3.207430230219353107e+05 2.401644364622306894e+05 3.821227757695313194e+05 2.401639490587388573e+05 2.401644111849054170e+05 2.401641101693043020e+05 2.401644126957207918e+05 2.401640882638691401e+05 2.370828107993153099e+05 1.560012798302286828e+05 2.401642247815382725e+05 2.401643709961327258e+05 8.439243262231560948e+04 3.167533579694552100e+04
