4.704637647469535056e-01 8.476207354531814417e+03 8.679333598871666888e-01 4.459416320946531778e+04 2.542538719598309763e+04 3.043750172963429359e+05 1.079392305493034554e+00 5.892027731471676088e+04 1.468681319007859587e+00 1.442151253826470914e+00 1.243957724712218438e+00 1.695073550794729454e+04 1.169364802264945902e+05 1.535760705768913326e+00 4.190787327010236331e+05 2.358922652685276116e+05 1.595360915210461084e+00 4.945115270234064155e+03 3.390000645213296957e+04 2.542538700254035575e+04 1.644051949023526977e+05 8.567940071759216902e-01 1.551036997323387512e+00 1.340600886683547578e+05 3.721878935888916603e+05
8.476207354531814417e+03 5.867664786895392393e-01 8.475975544992508731e+03 3.611992093684054998e+04 1.695078526681461517e+04 3.043753136603222229e+05 8.476341127393432544e+03 5.044595824440551223e+04 8.476348997789784335e+03 8.476404265041985127e+03 8.476351809573541686e+03 8.476130135303397765e+03 1.105809693469198537e+05 8.476352364880733148e+03 4.190790621879820246e+05 2.358924770653903834e+05 8.476358170274683289e+03 3.532640653148856472e+03 2.542569623000238425e+04 1.695090839720097210e+04 1.644055629220873234e+05 8.475707616708043133e+03 8.476354952246729226e+03 1.340604289627243124e+05 3.721882221409258782e+05
8.679333598871665778e-01 8.475975544992508731e+03 4.179503715818702614e-01 4.459394921799883014e+04 2.542518133205744016e+04 3.043749322703906219e+05 1.071711762739193219e+00 5.892005921895422216e+04 1.319426062742294681e+00 1.261670838279585372e+00 1.181291603181731098e+00 1.695053632806553651e+04 1.169363068278935389e+05 1.371466394846382109e+00 4.190786888707432081e+05 2.358921006602367561e+05 1.366656926000547667e+00 4.944883857674899446e+03 3.389978130280168261e+04 2.542517088639583380e+04 1.644050557453315996e+05 5.885847173232419127e-01 1.392594549297304418e+00 1.340599923215792514e+05 3.721878358418261050e+05
4.459416320946531778e+04 3.611992093684055726e+04 4.459394921799883014e+04 4.891219092027142324e+03 1.917057608959049321e+04 2.761268880629347404e+05 4.459430456147884252e+04 1.432775522222511427e+04 4.459446351532001427e+04 4.459437302300609736e+04 4.459427209751922055e+04 2.764516325569655601e+04 7.446296202499704668e+04 4.459447784636526194e+04 3.908305683044050238e+05 2.042714823339401046e+05 4.459447115554059565e+04 3.965092173957589694e+04 1.069576242933544927e+04 1.917054140908302725e+04 1.282877361812266172e+05 4.459381286305325921e+04 4.459441760380315827e+04 9.794267386464921583e+04 3.439396716981104692e+05
2.542538719598309763e+04 1.695078526681461517e+04 2.542518133205744016e+04 1.917057608959049321e+04 5.190451169904811701e-01 2.874262054223781452e+05 2.542552620583017051e+04 3.349682909094560455e+04 2.542561623114898248e+04 2.542558544004336363e+04 2.542553667679560021e+04 8.476329702526989422e+03 9.363163092589167354e+04 2.542561284828884163e+04 4.021299474099392537e+05 2.189433341704979830e+05 2.542564428835297440e+04 2.048202785702195615e+04 8.476217449641908388e+03 1.661556147636613634e+00 1.474564541369425715e+05 2.542493359952453466e+04 2.542562481738203860e+04 1.171112558143125498e+05 3.552391513463709271e+05
3.043750172963429359e+05 3.043753136603222229e+05 3.043749322703906219e+05 2.761268880629347987e+05 2.874262054223781452e+05 5.753335842754354235e+04 3.043750490253302269e+05 2.668451070836344152e+05 3.043751651756688952e+05 3.043751608015800011e+05 3.043751155021918239e+05 2.959007694281794829e+05 2.335583639138949220e+05 3.043752534561972716e+05 2.091720296698781603e+05 1.383481224095247453e+05 3.043752696194057935e+05 3.043752720486758044e+05 2.789516754983839928e+05 2.874262178066897905e+05 1.992320290537337714e+05 3.043748579791583470e+05 3.043751427460053237e+05 2.231943362578243832e+05 1.505942038914000732e+05
1.079392305493034554e+00 8.476341127393432544e+03 1.071711762739193219e+00 4.459430456147884252e+04 2.542552620583017051e+04 3.043750490253302269e+05 4.790839466244691813e-01 5.892039961381946341e+04 1.442883797495420950e+00 1.332427286518868881e+00 1.205673090542648040e+00 1.695085427296690250e+04 1.169365594258286728e+05 1.561516294797576920e+00 4.190787353390260832e+05 2.358923083631394838e+05 1.591715420200513487e+00 4.945216443689850166e+03 3.390013916530409188e+04 2.542550157013409262e+04 1.644052597512586217e+05 9.983874486526594927e-01 1.606137206233585024e+00 1.340602427332552616e+05 3.721878916052761488e+05
5.892027731471676088e+04 5.044595824440551223e+04 5.892005921895422216e+04 1.432775522222511427e+04 3.349682909094560455e+04 2.668451070836344152e+05 5.892039961381946341e+04 1.229935403685144047e+04 5.892046638288952090e+04 5.892053794622646819e+04 5.892044053017063561e+04 4.197138082228606800e+04 6.152047198264045437e+04 5.892057091550817131e+04 3.815489535698753898e+05 1.947303453050433600e+05 5.892062109844364750e+04 5.397702000516092812e+04 2.502213148531958359e+04 3.349680943381589896e+04 1.181123628746249888e+05 5.891991728151313146e+04 5.892056773695666925e+04 8.684495314170928032e+04 3.346579802073154715e+05
1.468681319007859587e+00 8.476348997789784335e+03 1.319426062742294681e+00 4.459446351532002154e+04 2.542561623114898248e+04 3.043751651756688952e+05 1.442883797495421616e+00 5.892046638288952090e+04 4.937075760046383266e-01 1.344207561291280273e+00 1.512388488656360552e+00 1.695093137289438164e+04 1.169367473251565825e+05 1.413189420235539728e+00 4.190789825931314845e+05 2.358924055758983886e+05 1.550710363650139145e+00 4.945184553758206675e+03 3.390029530030598835e+04 2.542566152472496833e+04 1.644054161025798821e+05 1.134730824604345711e+00 1.599413181444612642e+00 1.340604003269451496e+05 3.721880907069201930e+05
1.442151253826471136e+00 8.476404265041986946e+03 1.261670838279585372e+00 4.459437302300609736e+04 2.542558544004336363e+04 3.043751608015799429e+05 1.332427286518868881e+00 5.892053794622646819e+04 1.344207561291280273e+00 5.259945477073806330e-01 1.302358125803736000e+00 1.695091973581680577e+04 1.169366802315850509e+05 1.543626271097440439e+00 4.190788531162832514e+05 2.358923428004044108e+05 1.493921356146254320e+00 4.945190181517493329e+03 3.390018886355590803e+04 2.542557849426848043e+04 1.644054074730852153e+05 1.098974826337478117e+00 1.612615497025646327e+00 1.340604053361593687e+05 3.721880441379258409e+05
1.243957724712218438e+00 8.476351809573541686e+03 1.181291603181731098e+00 4.459427209751923510e+04 2.542553667679560021e+04 3.043751155021918239e+05 1.205673090542648040e+00 5.892044053017063561e+04 1.512388488656360552e+00 1.302358125803735778e+00 4.779300040020976192e-01 1.695092056653220061e+04 1.169366218070120813e+05 1.456051435538658456e+00 4.190788105725707137e+05 2.358923494268212235e+05 1.628897910217249168e+00 4.945191964920750252e+03 3.390012857947579323e+04 2.542549264196297736e+04 1.644053155427362653e+05 1.016088473796576075e+00 1.538366057754742222e+00 1.340603008433314390e+05 3.721879673411047552e+05
1.695073550794729454e+04 8.476130135303399584e+03 1.695053632806553651e+04 2.764516325569655965e+04 8.476329702526989422e+03 2.959007694281794829e+05 1.695085427296690250e+04 4.197138082228606800e+04 1.695093137289438164e+04 1.695091973581680577e+04 1.695092056653220061e+04 8.475207298488674496e+03 1.021063260415671975e+05 1.695092987513119442e+04 4.106045270723365247e+05 2.274179782531728561e+05 1.695089326944054483e+04 1.200721384464676885e+04 1.695108333054321338e+04 8.476303776233036842e+03 1.559309923881307186e+05 1.695031047952142762e+04 1.695094011091192442e+04 1.255859225039827143e+05 3.637135797612244496e+05
1.169364802264945902e+05 1.105809693469198683e+05 1.169363068278935389e+05 7.446296202499706123e+04 9.363163092589167354e+04 2.335583639138949220e+05 1.169365594258286728e+05 6.152047198264043982e+04 1.169367473251565825e+05 1.169366802315850364e+05 1.169366218070120813e+05 1.021063260415671975e+05 1.647745460581417137e+04 1.169367582283535448e+05 3.576384222530125990e+05 1.533645506516017194e+05 1.169368602265766240e+05 1.132292159946702741e+05 8.515706059346717666e+04 9.363170503920593183e+04 7.402121755844478321e+04 1.169362699293776823e+05 1.169368077407420496e+05 3.005349430191876672e+04 3.086516722936975420e+05
1.535760705768913326e+00 8.476352364880733148e+03 1.371466394846382553e+00 4.459447784636526194e+04 2.542561284828884163e+04 3.043752534561972716e+05 1.561516294797576920e+00 5.892057091550817131e+04 1.413189420235539506e+00 1.543626271097440439e+00 1.456051435538658456e+00 1.695092987513119442e+04 1.169367582283535448e+05 5.493528416561469507e-01 4.190790399718804983e+05 2.358923942757416226e+05 1.604977727231170270e+00 4.945156427788757355e+03 3.390033374449275288e+04 2.542566629409801317e+04 1.644054241277808906e+05 1.117994304992590449e+00 1.486951803779805292e+00 1.340604262990495481e+05 3.721880619895049022e+05
4.190787327010236331e+05 4.190790621879820246e+05 4.190786888707432663e+05 3.908305683044050238e+05 4.021299474099392537e+05 2.091720296698781603e+05 4.190787353390260832e+05 3.815489535698753898e+05 4.190789825931314845e+05 4.190788531162832514e+05 4.190788105725707137e+05 4.106045270723365247e+05 3.576384222530125990e+05 4.190790399718804983e+05 7.918036817090192926e+04 2.756324328033116180e+05 4.190789374106524629e+05 4.190791021623281413e+05 3.936553261748926598e+05 4.021299361375642475e+05 3.308315066142402356e+05 4.190786990080373944e+05 4.190789537572097615e+05 3.482559490765928640e+05 1.718564735627309419e+05
2.358922652685276116e+05 2.358924770653903834e+05 2.358921006602367561e+05 2.042714823339401046e+05 2.189433341704979830e+05 1.383481224095247453e+05 2.358923083631394838e+05 1.947303453050433600e+05 2.358924055758983886e+05 2.358923428004044108e+05 2.358923494268212235e+05 2.274179782531728561e+05 1.533645506516017194e+05 2.358923942757416226e+05 2.756324328033116180e+05 5.294681835826281895e+04 2.358924479262094828e+05 2.358924869867352827e+05 2.104688826601964247e+05 2.189433928257212683e+05 1.119290460097771720e+05 2.358919615570742462e+05 2.358924576094544318e+05 1.370302059583949449e+05 2.233121587900185259e+05
1.595360915210461084e+00 8.476358170274683289e+03 1.366656926000547667e+00 4.459447115554060292e+04 2.542564428835297440e+04 3.043752696194057935e+05 1.591715420200513487e+00 5.892062109844364750e+04 1.550710363650138923e+00 1.493921356146254320e+00 1.628897910217248945e+00 1.695089326944054483e+04 1.169368602265766240e+05 1.604977727231170270e+00 4.190789374106524629e+05 2.358924479262094828e+05 5.482368976125399085e-01 4.945117288294100035e+03 3.390023536131628498e+04 2.542560982706111827e+04 1.644055767830494442e+05 1.190579121023939368e+00 1.639069923030858966e+00 1.340604866848410747e+05 3.721881389856704627e+05
4.945115270234064155e+03 3.532640653148856472e+03 4.944883857674898536e+03 3.965092173957589694e+04 2.048202785702195615e+04 3.043752720486758044e+05 4.945216443689850166e+03 5.397702000516092812e+04 4.945184553758206675e+03 4.945190181517492420e+03 4.945191964920750252e+03 1.200721384464676703e+04 1.132292159946702741e+05 4.945156427788758265e+03 4.190791021623281413e+05 2.358924869867352827e+05 4.945117288294099126e+03 4.120164957504020094e+03 2.895680492211183446e+04 2.048206336640218069e+04 1.644054594306712097e+05 4.944615800846129787e+03 4.945177596991775317e+03 1.340605667563705647e+05 3.721881309815238346e+05
3.390000645213296957e+04 2.542569623000238425e+04 3.389978130280168261e+04 1.069576242933545109e+04 8.476217449641908388e+03 2.789516754983839346e+05 3.390013916530409188e+04 2.502213148531958359e+04 3.390029530030598835e+04 3.390018886355590803e+04 3.390012857947579323e+04 1.695108333054321338e+04 8.515706059346717666e+04 3.390033374449275288e+04 3.936553261748926598e+05 2.104688826601964247e+05 3.390023536131628498e+04 2.895680492211183446e+04 5.689134862728318920e-01 8.476247126934664266e+03 1.389819092457200168e+05 3.389964880097950663e+04 3.390030045119109127e+04 1.086367178899631544e+05 3.467645013887914247e+05
2.542538700254035575e+04 1.695090839720097210e+04 2.542517088639583380e+04 1.917054140908302725e+04 1.661556147636613634e+00 2.874262178066897905e+05 2.542550157013409262e+04 3.349680943381589896e+04 2.542566152472496833e+04 2.542557849426847315e+04 2.542549264196297736e+04 8.476303776233036842e+03 9.363170503920594638e+04 2.542566629409801317e+04 4.021299361375642475e+05 2.189433928257212392e+05 2.542560982706111827e+04 2.048206336640218069e+04 8.476247126934664266e+03 5.710459533389474762e-01 1.474563658786014130e+05 2.542499267136813796e+04 2.542564829344758982e+04 1.171112496727057151e+05 3.552390889058961184e+05
1.644051949023526977e+05 1.644055629220873234e+05 1.644050557453315996e+05 1.282877361812266172e+05 1.474564541369425715e+05 1.992320290537337714e+05 1.644052597512586217e+05 1.181123628746249888e+05 1.644054161025798821e+05 1.644054074730852153e+05 1.644053155427362653e+05 1.559309923881307186e+05 7.402121755844478321e+04 1.644054241277808906e+05 3.308315066142402356e+05 1.119290460097771720e+05 1.644055767830494442e+05 1.644054594306712097e+05 1.389819092457200168e+05 1.474563658786014130e+05 2.806274634695058921e+04 1.644049170955615991e+05 1.644054291149456112e+05 5.331150828504964011e+04 2.816028399997484521e+05
8.567940071759216902e-01 8.475707616708043133e+03 5.885847173232419127e-01 4.459381286305325921e+04 2.542493359952453466e+04 3.043748579791583470e+05 9.983874486526594927e-01 5.891991728151313146e+04 1.134730824604345711e+00 1.098974826337478117e+00 1.016088473796576075e+00 1.695031047952142762e+04 1.169362699293776823e+05 1.117994304992590449e+00 4.190786990080373944e+05 2.358919615570742462e+05 1.190579121023939368e+00 4.944615800846129787e+03 3.389964880097950663e+04 2.542499267136813796e+04 1.644049170955615991e+05 2.334890104470414840e-01 1.117688973966328936e+00 1.340599213492249837e+05 3.721877714621435734e+05
1.551036997323387512e+00 8.476354952246729226e+03 1.392594549297304640e+00 4.459441760380315827e+04 2.542562481738203860e+04 3.043751427460053237e+05 1.606137206233585024e+00 5.892056773695666925e+04 1.599413181444612642e+00 1.612615497025646327e+00 1.538366057754742222e+00 1.695094011091192442e+04 1.169368077407420496e+05 1.486951803779805514e+00 4.190789537572097615e+05 2.358924576094544318e+05 1.639069923030859410e+00 4.945177596991774408e+03 3.390030045119109127e+04 2.542564829344758982e+04 1.644054291149456403e+05 1.117688973966329158e+00 5.844902189989371610e-01 1.340604108995434362e+05 3.721881080817319453e+05
1.340600886683547578e+05 1.340604289627243124e+05 1.340599923215792805e+05 9.794267386464921583e+04 1.171112558143125498e+05 2.231943362578243832e+05 1.340602427332552616e+05 8.684495314170928032e+04 1.340604003269451496e+05 1.340604053361593687e+05 1.340603008433314390e+05 1.255859225039827143e+05 3.005349430191877400e+04 1.340604262990495481e+05 3.482559490765928640e+05 1.370302059583949158e+05 1.340604866848410747e+05 1.340605667563705647e+05 1.086367178899631544e+05 1.171112496727057151e+05 5.331150828504964011e+04 1.340599213492249837e+05 1.340604108995434362e+05 1.396275238370979787e+04 2.990273757457814645e+05
3.721878935888916603e+05 3.721882221409258782e+05 3.721878358418261632e+05 3.439396716981104692e+05 3.552391513463709271e+05 1.505942038914000732e+05 3.721878916052761488e+05 3.346579802073154715e+05 3.721880907069201930e+05 3.721880441379258409e+05 3.721879673411047552e+05 3.637135797612244496e+05 3.086516722936975420e+05 3.721880619895049022e+05 1.718564735627309419e+05 2.233121587900185259e+05 3.721881389856704627e+05 3.721881309815238346e+05 3.467645013887914247e+05 3.552390889058961184e+05 2.816028399997484521e+05 3.721877714621435734e+05 3.721881080817319453e+05 2.990273757457814645e+05 7.298805160818080185e+04
