2.763608902025308635e+04 1.159098368944331305e+05 1.326889045128775178e+05 2.552647856257031090e+05 8.602851077158877160e+04 3.444445752217182890e+05 1.208779147983465955e+05 1.444998530364612234e+05 1.326889136399668350e+05 1.037667298081942718e+05 6.221987461441729101e+04 1.385944660794511728e+05 1.444999684811238840e+05 1.444996511253502686e+05 1.444998511803584988e+05 1.444997536329574068e+05 1.444995714695839270e+05 1.444999150000551890e+05 1.444993320381013036e+05 1.444994481687625521e+05 1.752884589263251692e+05 1.444998263448616781e+05 1.100619301170866092e+05 1.444999266340073955e+05 1.444999402140463353e+05
1.159098368944331305e+05 4.172171240931948887e+03 2.479676657049427013e+04 2.964946551370600355e+05 5.264148105881729862e+04 3.776112533828694723e+05 7.307570517556018785e+03 4.827720496794214705e+04 3.209166833932425652e+04 1.709718974946653761e+05 7.888623605857609073e+04 3.843474222420357546e+04 4.827728962466748635e+04 4.827712188341367437e+04 4.827727321828004642e+04 4.827712919873021019e+04 4.827703781839327712e+04 4.827725507254770491e+04 4.827670882513529068e+04 4.827689427174450975e+04 2.256769552983115427e+05 4.827718777152107214e+04 1.049404227464753967e+04 4.434033245157318015e+04 4.598069812499277032e+04
1.326889045128775469e+05 2.479676657049427013e+04 4.919162169193075897e+03 3.096179683337738388e+05 6.942069283358001849e+04 3.907346014218371711e+05 1.946317726856579611e+04 3.149800616148311383e+04 8.596121680428219406e+03 1.856619614443281607e+05 9.566537939216587984e+04 1.732684112900211403e+04 2.946602012009350074e+04 3.149788481023141867e+04 3.149805475034653500e+04 3.149794021480762967e+04 3.149782489770440225e+04 3.123584742247386021e+04 3.149743765239755157e+04 3.149766405575410317e+04 2.388002920413458196e+05 3.149798938367290611e+04 3.267239188722144536e+04 2.323232098389547536e+04 2.582972954231977565e+04
2.552647856257031090e+05 2.964946551370600355e+05 3.096179683337738388e+05 8.941529682411391695e+04 2.799853576144690160e+05 2.356865615555283439e+05 2.978069534906389890e+05 3.214287903260819148e+05 3.096179444563850411e+05 2.291041707126861147e+05 2.711793637323703151e+05 3.155234810107215308e+05 3.214288840599293471e+05 3.214286245846584789e+05 3.214287871055413852e+05 3.214286801182521740e+05 3.214286160992071964e+05 3.214289019119433360e+05 3.214285108054279117e+05 3.214285572287798277e+05 1.696401628391814593e+05 3.214287785111535923e+05 2.921826572697354131e+05 3.214289530342242215e+05 3.214289146743815509e+05
8.602851077158877160e+04 5.264148105881729862e+04 6.942069283358001849e+04 2.799853576144690160e+05 1.043632632935127913e+04 3.621912332491941052e+05 5.760967999032654916e+04 8.440310618870877079e+04 6.961508074198410031e+04 1.470835135109042167e+05 3.328300267033876298e+04 7.554488472721161088e+04 8.440313823094696272e+04 8.440296480653152685e+04 8.440313427000040247e+04 8.440298116927933006e+04 8.440285265453164175e+04 8.440313661466966732e+04 8.440258570638978563e+04 8.440270468896685634e+04 2.056624552745368565e+05 8.440303216022963170e+04 4.434133243959214451e+04 8.145044678279099753e+04 8.268074415795784444e+04
3.444445752217182890e+05 3.776112533828694723e+05 3.907346014218372875e+05 2.356865615555283730e+05 3.621912332491941052e+05 1.251781357939455920e+05 3.789235783346311655e+05 4.025453829526901245e+05 3.907346219807805028e+05 3.077953522594649112e+05 3.556452504362292821e+05 3.966400132714059437e+05 4.025454654935626895e+05 4.025452861637069727e+05 4.025454154290688457e+05 4.025452741126072942e+05 4.025452372270563501e+05 4.025454368133393582e+05 4.025451545731947990e+05 4.025452045310760150e+05 2.671546796525759273e+05 4.025453336157886661e+05 3.732992813768247142e+05 4.025455166816358687e+05 4.025454547688887105e+05
1.208779147983465809e+05 7.307570517556018785e+03 1.946317726856579611e+04 2.978069534906389890e+05 5.760967999032654916e+04 3.789235783346311655e+05 8.063142106877302373e-01 4.330903058206151763e+04 2.712345347078787381e+04 1.738509563642784487e+05 8.385437031834463414e+04 3.346650499609533290e+04 4.330910996289359173e+04 4.330898066917396500e+04 4.330909698273298272e+04 4.330900414801506122e+04 4.330884768402791087e+04 4.330908311317953485e+04 4.330852426035977260e+04 4.330871235269046156e+04 2.269892552261081291e+05 4.330902686519554118e+04 1.772691462302975197e+04 3.937209246598107711e+04 4.101248146547421493e+04
1.444998530364612234e+05 4.827720496794214705e+04 3.149800616148311383e+04 3.214287903260819148e+05 8.440310618870877079e+04 4.025453829526901245e+05 4.330903058206151763e+04 7.148140481321207940e-01 2.799844065588155718e+04 1.974727616708654677e+05 1.074763029961414722e+05 2.165541056855133502e+04 3.938728584922122081e+03 1.556580522776364939e+00 1.514647898453137076e+00 1.493435923005790977e+00 1.465393894196206581e+00 5.096297565705644956e+02 1.217881375050270165e+00 1.426649512634065031e+00 2.506110714264996932e+05 1.465091410980724262e+00 5.493269007974040869e+04 1.292015924495673062e+04 8.531972698491677875e+03
1.326889136399668350e+05 3.209166833932426380e+04 8.596121680428219406e+03 3.096179444563850411e+05 6.961508074198410031e+04 3.907346219807805028e+05 2.712345347078787381e+04 2.799844065588155718e+04 2.370167887775975032e+03 1.856619492636461218e+05 9.566533514535764698e+04 9.174382183832663941e+03 2.406140587558266998e+04 2.799830486856815696e+04 2.799841395721886511e+04 2.799840200995876512e+04 2.799826433983727838e+04 2.749040951346612201e+04 2.799782904955389677e+04 2.799809892867082090e+04 2.388002029987199639e+05 2.799839697542631257e+04 3.874723886762341135e+04 1.587591411032918040e+04 1.946824103961776564e+04
1.037667298081942427e+05 1.709718974946653761e+05 1.856619614443281607e+05 2.291041707126861147e+05 1.470835135109042167e+05 3.077953522594649112e+05 1.738509563642784487e+05 1.974727616708654677e+05 1.856619492636461218e+05 5.241024423346357071e+04 1.270264917784985882e+05 1.915673776055721100e+05 1.974728714487355319e+05 1.974726053621539904e+05 1.974727193368521985e+05 1.974726806970816688e+05 1.974725686971369432e+05 1.974727991428577225e+05 1.974723356639748381e+05 1.974724577410203055e+05 1.362049670095530746e+05 1.974727341274914797e+05 1.665393126736063568e+05 1.974728826231445128e+05 1.974728836553814181e+05
6.221987461441729101e+04 7.888623605857609073e+04 9.566537939216585073e+04 2.711793637323703151e+05 3.328300267033876298e+04 3.556452504362292821e+05 8.385437031834463414e+04 1.074763029961414722e+05 9.566533514535764698e+04 1.270264917784986028e+05 1.891575642945320578e+04 1.015709168649188505e+05 1.074763914311892440e+05 1.074761359620901785e+05 1.074762985047275142e+05 1.074762184639330953e+05 1.074760239752536436e+05 1.074763531393995945e+05 1.074757735743353842e+05 1.074758899246052315e+05 1.924172000302721572e+05 1.074762210364486673e+05 7.154896536877330800e+04 1.074763830539158662e+05 1.074764051986276172e+05
1.385944660794511728e+05 3.843474222420357546e+04 1.732684112900211767e+04 3.155234810107215308e+05 7.554488472721161088e+04 3.966400132714059437e+05 3.346650499609534745e+04 2.165541056855134229e+04 9.174382183832663941e+03 1.915673776055721100e+05 1.015709168649188505e+05 5.906378829429312646e+03 1.771837031402262801e+04 2.165533177058540241e+04 2.165540731887123547e+04 2.165537447158091163e+04 2.165525537004282887e+04 2.114736553305036068e+04 2.165487863460793233e+04 2.165513069358433131e+04 2.447057172454237298e+05 2.165538389212547190e+04 4.509027306459431566e+04 8.736868819495211937e+03 1.312510362355790494e+04
1.444999684811238840e+05 4.827728962466748635e+04 2.946602012009350074e+04 3.214288840599293471e+05 8.440313823094696272e+04 4.025454654935626895e+05 4.330910996289359173e+04 3.938728584922122081e+03 2.406140587558266998e+04 1.974728714487355610e+05 1.074763914311892440e+05 1.771837031402262801e+04 7.211875859105341124e-01 3.938734635285632976e+03 3.938755209801185174e+03 3.938733248272608307e+03 3.938657434277158700e+03 3.430472732080161677e+03 3.938294077216973164e+03 3.938547463772942137e+03 2.506111668647803017e+05 3.938733561895563980e+03 5.493280110529933881e+04 8.983048933842423139e+03 4.594775692214141600e+03
1.444996511253502686e+05 4.827712188341367437e+04 3.149788481023141867e+04 3.214286245846584789e+05 8.440296480653152685e+04 4.025452861637069727e+05 4.330898066917396500e+04 1.556580522776364939e+00 2.799830486856815696e+04 1.974726053621539904e+05 1.074761359620901785e+05 2.165533177058539877e+04 3.938734635285632976e+03 6.533699875909498855e-01 1.549196621909480154e+00 1.342028029122455557e+00 1.286344235782076240e+00 5.096770093112861559e+02 1.044833628078221777e+00 1.220252252065621379e+00 2.506109456686828926e+05 1.445271577397838181e+00 5.493256290331644414e+04 1.292005513011817129e+04 8.531920866303158618e+03
1.444998511803585279e+05 4.827727321828004642e+04 3.149805475034653500e+04 3.214287871055413852e+05 8.440313427000040247e+04 4.025454154290688457e+05 4.330909698273298272e+04 1.514647898453137076e+00 2.799841395721886511e+04 1.974727193368521985e+05 1.074762985047275142e+05 2.165540731887123547e+04 3.938755209801185174e+03 1.549196621909479932e+00 7.207243664763209878e-01 1.535811804711235240e+00 1.547874582943516319e+00 5.096304513239001608e+02 1.224229369101150766e+00 1.453820773313647896e+00 2.506110608823972580e+05 1.565018562414435932e+00 5.493274375936867727e+04 1.292015075823924417e+04 8.532002703795784328e+03
1.444997536329573777e+05 4.827712919873021019e+04 3.149794021480762967e+04 3.214286801182521740e+05 8.440298116927933006e+04 4.025452741126072942e+05 4.330900414801506122e+04 1.493435923005790977e+00 2.799840200995876512e+04 1.974726806970816688e+05 1.074762184639330953e+05 2.165537447158091163e+04 3.938733248272608307e+03 1.342028029122455557e+00 1.535811804711235240e+00 7.060679732349283144e-01 1.400777504343997615e+00 5.096809559367503084e+02 1.112039171770595969e+00 1.300163194501309238e+00 2.506109603031800361e+05 1.382635151413952990e+00 5.493260818440220464e+04 1.292014611823975247e+04 8.531964441812078803e+03
1.444995714695839270e+05 4.827703781839327712e+04 3.149782489770440225e+04 3.214286160992071964e+05 8.440285265453164175e+04 4.025452372270563501e+05 4.330884768402791087e+04 1.465393894196206581e+00 2.799826433983727838e+04 1.974725686971369432e+05 1.074760239752536436e+05 2.165525537004282887e+04 3.938657434277158700e+03 1.286344235782076240e+00 1.547874582943516319e+00 1.400777504343997393e+00 6.679129249353310538e-01 5.096046845338831304e+02 9.807616052874349455e-01 1.099971250891892183e+00 2.506108696692038793e+05 1.462158755134357335e+00 5.493250812739307003e+04 1.292000963001996024e+04 8.531850871103262762e+03
1.444999150000551890e+05 4.827725507254771219e+04 3.123584742247386021e+04 3.214289019119433360e+05 8.440313661466966732e+04 4.025454368133393582e+05 4.330908311317953485e+04 5.096297565705644956e+02 2.749040951346612201e+04 1.974727991428577225e+05 1.074763531393995945e+05 2.114736553305036068e+04 3.430472732080162132e+03 5.096770093112861559e+02 5.096304513239001608e+02 5.096809559367503084e+02 5.096046845338830735e+02 8.856877965971796129e+02 5.092541510405564509e+02 5.095077862758969900e+02 2.506110991095425852e+05 5.096686859427079526e+02 5.493279309048430878e+04 1.241207951737512485e+04 8.023813892539618791e+03
1.444993320381013036e+05 4.827670882513529068e+04 3.149743765239755157e+04 3.214285108054279117e+05 8.440258570638978563e+04 4.025451545731947990e+05 4.330852426035977260e+04 1.217881375050270165e+00 2.799782904955389677e+04 1.974723356639748381e+05 1.074757735743353842e+05 2.165487863460793233e+04 3.938294077216973164e+03 1.044833628078221777e+00 1.224229369101150988e+00 1.112039171770595969e+00 9.807616052874350565e-01 5.092541510405564509e+02 3.968694877552608191e-01 7.807120254932486958e-01 2.506107347047808871e+05 1.167186970470198037e+00 5.493217714925342443e+04 1.291962031185725573e+04 8.531506067140247978e+03
1.444994481687625521e+05 4.827689427174451703e+04 3.149766405575411045e+04 3.214285572287797695e+05 8.440270468896685634e+04 4.025452045310759568e+05 4.330871235269046156e+04 1.426649512634065031e+00 2.799809892867082090e+04 1.974724577410203055e+05 1.074758899246052315e+05 2.165513069358433131e+04 3.938547463772942137e+03 1.220252252065621601e+00 1.453820773313647452e+00 1.300163194501309238e+00 1.099971250891892183e+00 5.095077862758969900e+02 7.807120254932486958e-01 6.030752167450479373e-01 2.506108244103090838e+05 1.384766945532616145e+00 5.493233521819642920e+04 1.291985333893435563e+04 8.531745422299947677e+03
1.752884589263251692e+05 2.256769552983115427e+05 2.388002920413457905e+05 1.696401628391814593e+05 2.056624552745368565e+05 2.671546796525759273e+05 2.269892552261081291e+05 2.506110714264996932e+05 2.388002029987199639e+05 1.362049670095530746e+05 1.924172000302721572e+05 2.447057172454237298e+05 2.506111668647803017e+05 2.506109456686828926e+05 2.506110608823972289e+05 2.506109603031800361e+05 2.506108696692038793e+05 2.506110991095425852e+05 2.506107347047808871e+05 2.506108244103090838e+05 6.789670565274353430e+04 2.506110198524759326e+05 2.213650246317108686e+05 2.506112351891118160e+05 2.506112056348411134e+05
1.444998263448616781e+05 4.827718777152107941e+04 3.149798938367290611e+04 3.214287785111535923e+05 8.440303216022963170e+04 4.025453336157886661e+05 4.330902686519554845e+04 1.465091410980724262e+00 2.799839697542631257e+04 1.974727341274914797e+05 1.074762210364486673e+05 2.165538389212546826e+04 3.938733561895563980e+03 1.445271577397837737e+00 1.565018562414435932e+00 1.382635151413952990e+00 1.462158755134357335e+00 5.096686859427079526e+02 1.167186970470198037e+00 1.384766945532616145e+00 2.506110198524759326e+05 6.925338191033199031e-01 5.493267460991074768e+04 1.292013324975543219e+04 8.531964572779550508e+03
1.100619301170866092e+05 1.049404227464753421e+04 3.267239188722144536e+04 2.921826572697354131e+05 4.434133243959214451e+04 3.732992813768247142e+05 1.772691462302975197e+04 5.493269007974040869e+04 3.874723886762341135e+04 1.665393126736063568e+05 7.154896536877330800e+04 4.509027306459430838e+04 5.493280110529933881e+04 5.493256290331644414e+04 5.493274375936868455e+04 5.493260818440220464e+04 5.493250812739307003e+04 5.493279309048429423e+04 5.493217714925343171e+04 5.493233521819642920e+04 2.213650246317108686e+05 5.493267460991074768e+04 9.087192789070433719e+03 5.099580757173382153e+04 5.263622955414697935e+04
1.444999266340073955e+05 4.434033245157318743e+04 2.323232098389547536e+04 3.214289530342242215e+05 8.145044678279096843e+04 4.025455166816358687e+05 3.937209246598108439e+04 1.292015924495673062e+04 1.587591411032918040e+04 1.974728826231445128e+05 1.074763830539158662e+05 8.736868819495211937e+03 8.983048933842423139e+03 1.292005513011817129e+04 1.292015075823924417e+04 1.292014611823975247e+04 1.292000963001995660e+04 1.241207951737512303e+04 1.291962031185725573e+04 1.291985333893435563e+04 2.506112351891118160e+05 1.292013324975543219e+04 5.099580757173382153e+04 1.592484669815569305e+03 4.389687355505244341e+03
1.444999402140463062e+05 4.598069812499278487e+04 2.582972954231977565e+04 3.214289146743815509e+05 8.268074415795784444e+04 4.025454547688887105e+05 4.101248146547422220e+04 8.531972698491677875e+03 1.946824103961776564e+04 1.974728836553814181e+05 1.074764051986276172e+05 1.312510362355790312e+04 4.594775692214141600e+03 8.531920866303158618e+03 8.532002703795784328e+03 8.531964441812078803e+03 8.531850871103262762e+03 8.023813892539618791e+03 8.531506067140247978e+03 8.531745422299947677e+03 2.506112056348411134e+05 8.531964572779552327e+03 5.263622955414697935e+04 4.389687355505244341e+03 3.828403994667316056e+03
