3.785310861215138721e+04 1.253466280328428402e+05 1.253464280173269217e+05 1.253460245493251568e+05 1.152454366492984409e+05 1.253465098118263122e+05 1.253461649896034796e+05 1.253463483091095259e+05 1.152451336039021844e+05 1.253465939638416894e+05 1.202959124517150485e+05 1.134927635134414450e+05 1.253462212502331968e+05 1.152457505738181935e+05 1.253466311668966373e+05 9.858436068557135877e+04 1.253465155790577701e+05 7.959199960870757059e+04 3.137251789919499424e+05 1.152456409526326606e+05 1.744304323898415023e+05 1.253466238968627731e+05 6.870754341435541573e+04 1.253465887679128646e+05 1.152456197469146719e+05
1.253466280328428402e+05 9.226124292234190172e-01 1.842217588287768715e+00 1.366016019297388029e+00 1.010298514504130799e+04 1.912728053828953945e+00 1.676863668489261716e+00 1.838088518825971684e+00 1.010287758622615911e+04 1.797814922102233481e+00 5.052384013603857056e+03 4.867075372013812739e+04 1.770408338471723297e+00 3.896326336328758043e+04 8.867124559098539976e+03 6.692594174229991040e+04 1.810362027023688425e+00 1.466611219557644799e+05 3.594982800422432483e+05 1.010302590986583891e+04 2.229289164955984743e+05 1.837226880470293366e+00 1.166229134241242282e+05 1.848606563232794819e+00 1.010301348112227788e+04
1.253464280173269217e+05 1.842217588287768715e+00 8.670855878541393613e-01 1.278926990970605138e+00 1.010280856788690471e+04 1.732756702255793035e+00 1.540891012925184933e+00 1.591339344441765391e+00 1.010274812747392389e+04 1.860060361194475487e+00 5.052152237629407864e+03 4.867068520835823438e+04 1.652189570230506499e+00 3.896315766949655517e+04 8.867107641989696276e+03 6.692587064785667462e+04 1.779740001923192372e+00 1.466608661840061250e+05 3.594981470309777651e+05 1.010301838891061016e+04 2.229287638876767596e+05 1.753706095846604862e+00 1.166227868045118084e+05 1.848207164809218650e+00 1.010302741636882638e+04
1.253460245493251859e+05 1.366016019297388251e+00 1.278926990970605138e+00 5.102166679185451414e-01 1.010238411358701524e+04 1.299863778567221129e+00 8.989470540644750596e-01 1.212763348369164662e+00 1.010214437454005929e+04 1.355358403036951653e+00 5.051776111708936696e+03 4.867012990614519367e+04 1.110437051976473022e+00 3.896264137946983828e+04 8.866574450438982240e+03 6.692528540057514329e+04 1.361639696809092248e+00 1.466605501441452943e+05 3.594978818426401704e+05 1.010251450624999779e+04 2.229284202899871743e+05 1.346763378515866361e+00 1.166222892287563300e+05 1.370325648936874474e+00 1.010246861377213099e+04
1.152454366492984409e+05 1.010298514504130799e+04 1.010280856788690471e+04 1.010238411358701524e+04 9.048040678004433124e-01 1.010280673673055026e+04 1.010264583845331254e+04 1.010281919149268651e+04 1.640804910765648383e+00 1.010293644903767199e+04 5.052187867528201423e+03 3.856962181106468051e+04 1.010277540359232626e+04 2.886202766312025415e+04 1.896817543215477781e+04 5.682480682831677404e+04 1.010281413926874848e+04 1.365599334129160270e+05 3.493972189769219258e+05 2.041980095147509555e+00 2.128277586549538828e+05 1.010294231133683388e+04 1.065217146350363037e+05 1.010296203331810284e+04 1.879858778174068323e+00
1.253465098118262977e+05 1.912728053828953945e+00 1.732756702255793035e+00 1.299863778567221129e+00 1.010280673673055026e+04 9.397612339772709600e-01 1.583445097028098658e+00 1.666217375314746674e+00 1.010277432441687961e+04 1.858143359416234208e+00 5.052320372757132645e+03 4.867068110804750177e+04 1.734029982743375831e+00 3.896314852406010323e+04 8.867153288445810176e+03 6.692583792030334007e+04 1.700017376413125447e+00 1.466609740551162686e+05 3.594982696207320550e+05 1.010313661381193197e+04 2.229288637416824349e+05 1.688442642746548206e+00 1.166228066088671039e+05 1.889723461266401117e+00 1.010301713823826140e+04
1.253461649896034796e+05 1.676863668489261716e+00 1.540891012925184933e+00 8.989470540644750596e-01 1.010264583845331254e+04 1.583445097028098880e+00 7.769407073007912334e-01 1.460843965710308723e+00 1.010235645757814564e+04 1.657259048770515442e+00 5.052027870978622559e+03 4.867035616752794886e+04 1.342478705909859293e+00 3.896290617436616594e+04 8.866835779702483705e+03 6.692552144223144569e+04 1.602141919104592693e+00 1.466606809594887891e+05 3.594979630070684943e+05 1.010280267174385153e+04 2.229285241427631117e+05 1.643195635095550555e+00 1.166224483652578638e+05 1.670893541136642124e+00 1.010275446014662703e+04
1.253463483091095259e+05 1.838088518825971684e+00 1.591339344441765391e+00 1.212763348369164662e+00 1.010281919149268651e+04 1.666217375314746674e+00 1.460843965710308723e+00 8.566404004737647737e-01 1.010262599742113161e+04 1.849673127912332626e+00 5.052070173898331632e+03 4.867063417893856240e+04 1.472093305630316040e+00 3.896309518174142431e+04 8.867082843276753920e+03 6.692576769224053714e+04 1.768671819744852547e+00 1.466607867429989856e+05 3.594980582305023563e+05 1.010302384942059871e+04 2.229286438663742156e+05 1.752115081580483125e+00 1.166226797358102485e+05 1.857146036605743733e+00 1.010297139812546448e+04
1.152451336039021844e+05 1.010287758622615911e+04 1.010274812747392389e+04 1.010214437454005929e+04 1.640804910765648383e+00 1.010277432441687961e+04 1.010235645757814564e+04 1.010262599742113161e+04 7.884837498568844083e-01 1.010285828261783536e+04 5.052112621032195420e+03 3.856939341903696914e+04 1.010245034483948439e+04 2.886191583076090683e+04 1.896796465655311476e+04 5.682451258386968402e+04 1.010282550883305339e+04 1.365596264872766915e+05 3.493969768849168904e+05 1.800280898257034856e+00 2.128275017341359344e+05 1.010284583318144178e+04 1.065214843696331227e+05 1.010286492340666518e+04 1.779980108377368531e+00
1.253465939638417185e+05 1.797814922102233703e+00 1.860060361194475487e+00 1.355358403036951653e+00 1.010293644903767199e+04 1.858143359416234430e+00 1.657259048770515442e+00 1.849673127912332626e+00 1.010285828261783536e+04 9.505151320369702450e-01 5.052383012607587261e+03 4.867071697134286660e+04 1.770990132567439312e+00 3.896320193896692945e+04 8.867129524874269919e+03 6.692588792586285854e+04 1.891636490549190475e+00 1.466611190043494280e+05 3.594983379490980296e+05 1.010309970901952693e+04 2.229289434730724315e+05 1.811946802118095112e+00 1.166228438299570407e+05 1.807823551363208603e+00 1.010298235606270464e+04
1.202959124517150485e+05 5.052384013603857056e+03 5.052152237629407864e+03 5.051776111708936696e+03 5.052187867528201423e+03 5.052320372757132645e+03 5.052027870978622559e+03 5.052070173898331632e+03 5.052112621032195420e+03 5.052383012607587261e+03 5.051413448256194897e+03 4.362010422190382087e+04 5.052087354487352059e+03 3.391261553048285714e+04 1.391761058734891230e+04 6.187528926885507099e+04 5.052313544065656060e+03 1.416103136369855492e+05 3.544475983055162360e+05 5.052485091079935046e+03 2.178781732599399402e+05 5.052363579503952678e+03 1.115722128580786812e+05 5.052416578537116948e+03 5.052417208856369143e+03
1.134927635134414450e+05 4.867075372013812739e+04 4.867068520835823438e+04 4.867012990614519367e+04 3.856962181106468051e+04 4.867068110804750177e+04 4.867035616752795613e+04 4.867063417893856240e+04 3.856939341903696914e+04 4.867071697134287388e+04 4.362010422190382087e+04 7.628749575103191091e+03 4.867056706101798773e+04 3.643965699743735604e+04 4.867069092939614347e+04 3.800138580748989625e+04 4.867073528297906887e+04 1.365602639449182025e+05 3.392963529294408509e+05 3.856970052027329803e+04 2.128280539723261900e+05 4.867070304566850245e+04 9.825735565773451526e+04 4.867071263360485318e+04 3.856961934793401451e+04
1.253462212502331968e+05 1.770408338471723297e+00 1.652189570230506499e+00 1.110437051976473022e+00 1.010277540359232626e+04 1.734029982743375831e+00 1.342478705909859293e+00 1.472093305630316040e+00 1.010245034483948439e+04 1.770990132567439312e+00 5.052087354487352059e+03 4.867056706101798773e+04 8.281082962487403831e-01 3.896303120708960341e+04 8.866991205327602074e+03 6.692566924083992490e+04 1.759815684360784172e+00 1.466607166177005274e+05 3.594980749108445598e+05 1.010294299060837693e+04 2.229285896319905878e+05 1.764903688029070050e+00 1.166226062952504581e+05 1.802109576705345662e+00 1.010289688006125834e+04
1.152457505738181935e+05 3.896326336328758043e+04 3.896315766949655517e+04 3.896264137946983828e+04 2.886202766312025415e+04 3.896314852406010323e+04 3.896290617436616594e+04 3.896309518174141704e+04 2.886191583076090319e+04 3.896320193896692945e+04 3.391261553048285714e+04 3.643965699743735604e+04 3.896303120708960341e+04 7.343121579011700305e+03 3.336909784155179659e+04 5.272484077861117112e+04 3.896322515075732372e+04 1.343155116915411490e+05 3.493974184141479782e+05 2.886208776026790656e+04 2.027270559128327586e+05 3.896323337583352259e+04 1.065218833220614470e+05 3.896320830975532590e+04 2.886214451568588265e+04
1.253466311668966373e+05 8.867124559098539976e+03 8.867107641989696276e+03 8.866574450438982240e+03 1.896817543215477781e+04 8.867153288445808357e+03 8.866835779702483705e+03 8.867082843276752101e+03 1.896796465655311476e+04 8.867129524874268100e+03 1.391761058734891049e+04 4.867069092939614347e+04 8.866991205327600255e+03 3.336909784155179659e+04 9.501189887196986092e+03 6.617775438328149903e+04 8.867140121964774153e+03 1.459129984375913045e+05 3.594983300468408852e+05 1.896806228037870460e+04 2.195620571670322679e+05 8.867178079950646861e+03 1.166229397556947661e+05 8.867159339572304816e+03 1.896816650577972541e+04
9.858436068557135877e+04 6.692594174229992495e+04 6.692587064785667462e+04 6.692528540057514329e+04 5.682480682831677404e+04 6.692583792030334007e+04 6.692552144223144569e+04 6.692576769224055170e+04 5.682451258386966947e+04 6.692588792586285854e+04 6.187528926885507099e+04 3.800138580748989625e+04 6.692566924083992490e+04 5.272484077861117112e+04 6.617775438328149903e+04 3.136156003916773625e+04 6.692588584353026818e+04 1.242371177777554112e+05 3.303177844937650370e+05 5.682489291393291933e+04 1.992952971451873018e+05 6.692586029417706595e+04 8.227943707784515573e+04 6.692591040103881096e+04 5.682479457991254458e+04
1.253465155790577555e+05 1.810362027023688647e+00 1.779740001923192372e+00 1.361639696809092026e+00 1.010281413926874848e+04 1.700017376413125003e+00 1.602141919104592693e+00 1.768671819744852547e+00 1.010282550883305339e+04 1.891636490549190475e+00 5.052313544065656060e+03 4.867073528297906887e+04 1.759815684360784172e+00 3.896322515075732372e+04 8.867140121964775972e+03 6.692588584353025362e+04 9.215110698906534559e-01 1.466610426783836738e+05 3.594982924219947308e+05 1.010306514342929950e+04 2.229288978810821718e+05 1.737712063831843956e+00 1.166228397269448324e+05 1.878654480236049196e+00 1.010308873368822788e+04
7.959199960870757059e+04 1.466611219557644799e+05 1.466608661840061250e+05 1.466605501441452943e+05 1.365599334129160270e+05 1.466609740551162686e+05 1.466606809594887891e+05 1.466607867429989856e+05 1.365596264872766915e+05 1.466611190043494280e+05 1.416103136369855492e+05 1.365602639449182025e+05 1.466607166177005274e+05 1.343155116915411782e+05 1.459129984375913045e+05 1.242371177777554112e+05 1.466610426783836738e+05 5.577675248164748336e+04 3.022773420882622595e+05 1.365600814693992143e+05 1.431885887013027095e+05 1.466610185735414270e+05 1.023311843273854756e+05 1.466611562449909979e+05 1.365601042909911193e+05
3.137251789919499424e+05 3.594982800422432483e+05 3.594981470309777651e+05 3.594978818426402286e+05 3.493972189769219258e+05 3.594982696207320550e+05 3.594979630070685525e+05 3.594980582305022399e+05 3.493969768849168904e+05 3.594983379490980296e+05 3.544475983055162360e+05 3.392963529294409091e+05 3.594980749108445598e+05 3.493974184141479782e+05 3.594983300468408270e+05 3.303177844937650370e+05 3.594982924219947308e+05 3.022773420882622595e+05 1.419802122779198398e+05 3.493973281087970245e+05 2.524455732543893391e+05 3.594983259014455834e+05 3.161688000740802381e+05 3.594983313658772968e+05 3.493974174058970530e+05
1.152456409526326606e+05 1.010302590986583891e+04 1.010301838891061016e+04 1.010251450624999779e+04 2.041980095147509555e+00 1.010313661381193197e+04 1.010280267174385153e+04 1.010302384942059871e+04 1.800280898257035078e+00 1.010309970901952693e+04 5.052485091079933227e+03 3.856970052027329803e+04 1.010294299060837693e+04 2.886208776026790656e+04 1.896806228037870460e+04 5.682489291393291933e+04 1.010306514342929950e+04 1.365600814693992143e+05 3.493973281087969663e+05 9.954641286036590708e-01 2.128279620709626470e+05 1.010311393954935738e+04 1.065219483114103496e+05 1.010309068785193449e+04 1.888433624314163728e+00
1.744304323898415023e+05 2.229289164955984743e+05 2.229287638876767596e+05 2.229284202899872034e+05 2.128277586549539119e+05 2.229288637416824349e+05 2.229285241427631699e+05 2.229286438663742156e+05 2.128275017341359344e+05 2.229289434730724606e+05 2.178781732599399402e+05 2.128280539723261900e+05 2.229285896319905878e+05 2.027270559128328168e+05 2.195620571670322679e+05 1.992952971451873309e+05 2.229288978810822009e+05 1.431885887013027095e+05 2.524455732543893391e+05 2.128279620709626761e+05 7.474857383611243858e+04 2.229289624424844224e+05 1.867408526683398813e+05 2.229289187359985372e+05 2.128279996433895722e+05
1.253466238968627731e+05 1.837226880470293366e+00 1.753706095846604862e+00 1.346763378515866361e+00 1.010294231133683388e+04 1.688442642746548206e+00 1.643195635095550555e+00 1.752115081580482903e+00 1.010284583318144178e+04 1.811946802118095112e+00 5.052363579503952678e+03 4.867070304566850245e+04 1.764903688029070050e+00 3.896323337583352986e+04 8.867178079950646861e+03 6.692586029417706595e+04 1.737712063831843956e+00 1.466610185735413979e+05 3.594983259014455252e+05 1.010311393954935738e+04 2.229289624424843933e+05 9.244061843948521151e-01 1.166228557335437945e+05 1.841166782388752310e+00 1.010300505086185876e+04
6.870754341435541573e+04 1.166229134241242282e+05 1.166227868045118084e+05 1.166222892287563300e+05 1.065217146350363328e+05 1.166228066088671039e+05 1.166224483652578638e+05 1.166226797358102485e+05 1.065214843696331227e+05 1.166228438299570407e+05 1.115722128580786812e+05 9.825735565773452981e+04 1.166226062952504581e+05 1.065218833220614470e+05 1.166229397556947661e+05 8.227943707784517028e+04 1.166228397269448760e+05 1.023311843273854756e+05 3.161688000740802381e+05 1.065219483114103496e+05 1.867408526683398813e+05 1.166228557335437945e+05 2.343885467212127332e+04 1.166229232612418273e+05 1.065218179995384271e+05
1.253465887679128646e+05 1.848606563232795041e+00 1.848207164809218872e+00 1.370325648936874252e+00 1.010296203331810284e+04 1.889723461266401117e+00 1.670893541136642124e+00 1.857146036605743511e+00 1.010286492340666518e+04 1.807823551363208603e+00 5.052416578537116948e+03 4.867071263360484591e+04 1.802109576705345662e+00 3.896320830975532590e+04 8.867159339572306635e+03 6.692591040103881096e+04 1.878654480236049196e+00 1.466611562449909979e+05 3.594983313658772968e+05 1.010309068785193449e+04 2.229289187359985081e+05 1.841166782388752310e+00 1.166229232612418273e+05 9.180403420322976737e-01 1.010306953522220283e+04
1.152456197469146719e+05 1.010301348112227788e+04 1.010302741636882638e+04 1.010246861377213099e+04 1.879858778174068101e+00 1.010301713823826140e+04 1.010275446014662703e+04 1.010297139812546448e+04 1.779980108377368975e+00 1.010298235606270464e+04 5.052417208856368234e+03 3.856961934793401451e+04 1.010289688006125834e+04 2.886214451568588265e+04 1.896816650577972541e+04 5.682479457991254458e+04 1.010308873368822788e+04 1.365601042909911193e+05 3.493974174058970530e+05 1.888433624314163728e+00 2.128279996433895722e+05 1.010300505086185876e+04 1.065218179995384271e+05 1.010306953522220283e+04 9.828752743599981079e-01
