5.631970658689747777e-01 1.666684029509672546e+05 2.207652814353408176e+05 2.788749754884312642e+04 3.786802517735903966e+05 3.248295029501621029e+05 1.317297166471428138e+00 1.515328044683494045e+04 1.823873724317594024e+05 1.320965330699313490e+05 6.968683959975067410e+04 1.726179106712039113e+00 1.365535741707811335e+00 1.620042237673842145e+00 1.308584878246930261e+00 1.031280774184491602e+05 1.617540493640694743e+00 7.444981279925591480e+02 2.786209716163547710e+05 1.010279470727396983e+04 4.178384581530503347e+05 1.010277118173950112e+04 1.186426869462309908e+00 1.062805518404412952e+00 5.772191064098171773e+04
1.666684029509672546e+05 1.256370958653557682e+04 1.506308790265540883e+05 1.644239962877584621e+05 3.231251301605407498e+05 2.692743461298543261e+05 1.666682574516223394e+05 1.666686560968021804e+05 6.096957823987038137e+04 7.372734458962405915e+04 1.425117300769494032e+05 1.666686427939886926e+05 1.666685380464191257e+05 1.666685698313318426e+05 1.666683298716132704e+05 1.114937607982842019e+05 1.666685834777981217e+05 1.666685937129144149e+05 2.243285801559302781e+05 1.666684988892519905e+05 3.723843990403087810e+05 1.666685717733326601e+05 1.666680649186847149e+05 1.666680283289251383e+05 1.464666364533174492e+05
2.207652814353408176e+05 1.506308790265540883e+05 4.846571880114413943e+04 2.196432747810184956e+05 2.885671084131296957e+05 2.204585649668225960e+05 2.207651196865020611e+05 2.207656182923765446e+05 1.032009486162347603e+05 1.847778311167557840e+05 1.967756414707311778e+05 2.207654390090837551e+05 2.207652854828101990e+05 2.207654032693371701e+05 2.207651496296238038e+05 1.928674897778090381e+05 2.207652687137213070e+05 2.207654659555621911e+05 1.242409553500341135e+05 2.207655477429837338e+05 3.148236858442767407e+05 2.207656027181066456e+05 2.207650512876802532e+05 2.207649615199866239e+05 2.034495991352183337e+05
2.788749754884311915e+04 1.644239962877584330e+05 2.196432747810184956e+05 1.445991961207994063e+04 3.775582295712652849e+05 3.237074371116932016e+05 2.788739047282814499e+04 1.674647050672817204e+04 1.807665348903035920e+05 1.281785518394558021e+05 5.041751292883449787e+04 2.788765632484785965e+04 2.788766222656756145e+04 2.788765367905746461e+04 2.788755337288451119e+04 9.544450235450090258e+04 2.788773143414931474e+04 2.743977082190597503e+04 2.774989958828464733e+05 2.788766417705370986e+04 4.167164779199417098e+05 2.690233356113357149e+04 2.788720767389306275e+04 2.788702790880251632e+04 3.889734477362608595e+04
3.786802517735903966e+05 3.231251301605407498e+05 2.885671084131296957e+05 3.775582295712652849e+05 6.983242572926067805e+04 1.560103890993206005e+05 3.786801757431112346e+05 3.786805829450027086e+05 3.109089813151218113e+05 3.485996355943307863e+05 3.685795684908882831e+05 3.786803830544240191e+05 3.786802736668850994e+05 3.786802990354970680e+05 3.786802180976463715e+05 3.652125917886975803e+05 3.786803071956862696e+05 3.786804410265296465e+05 2.592956419364429312e+05 3.786805250795342145e+05 1.756158393613208900e+05 3.786806426351778791e+05 3.786801910082689719e+05 3.786800957988458104e+05 3.685795855715567595e+05
3.248295029501621029e+05 2.692743461298543261e+05 2.204585649668225960e+05 3.237074371116932016e+05 1.560103890993206005e+05 6.217756371085964201e+04 3.248294067499043886e+05 3.248297750800647773e+05 2.565339302627741708e+05 2.947487789071315783e+05 3.147288102711527608e+05 3.248297166045469930e+05 3.248295281576787238e+05 3.248296181960045360e+05 3.248294956240033498e+05 3.113619302508740220e+05 3.248296095740972087e+05 3.248296394874466932e+05 1.704800447736118804e+05 3.248297705138569581e+05 2.235758500141422846e+05 3.248297423539183801e+05 3.248293296557798749e+05 3.248293625342091545e+05 3.147288434833019855e+05
1.317297166471427694e+00 1.666682574516223394e+05 2.207651196865020611e+05 2.788739047282815227e+04 3.786801757431112346e+05 3.248294067499043886e+05 4.743130669176673919e-01 1.515324480448557733e+04 1.823872874875138805e+05 1.320963745796406874e+05 6.968663296452838404e+04 1.579947925627815053e+00 1.399262039819234360e+00 1.526074106078274317e+00 1.127090281322467025e+00 1.031278158959869324e+05 1.524840473109907446e+00 7.443936650557774328e+02 2.786209176539548789e+05 1.010269072717374729e+04 4.178384139888412319e+05 1.010268661667904416e+04 9.452045872254943859e-01 8.390954412940033746e-01 5.772172327678448346e+04
1.515328044683494045e+04 1.666686560968021804e+05 2.207656182923765446e+05 1.674647050672817204e+04 3.786805829450027086e+05 3.248297750800647773e+05 1.515324480448557733e+04 5.051101298401847998e+03 1.823876880348020641e+05 1.320966890194273728e+05 6.509559713582349650e+04 1.515348960768231154e+04 1.515341666623758283e+04 1.515349515075150157e+04 1.515337044755226270e+04 1.031282000372032053e+05 1.515343447381447913e+04 1.441061868274607514e+04 2.786213073862239835e+05 1.515351532276584840e+04 4.178387664095725049e+05 1.351927025820158269e+04 1.515304232184567263e+04 1.515284618644441616e+04 5.267138686136309843e+04
1.823873724317594024e+05 6.096957823987038137e+04 1.032009486162347603e+05 1.807665348903035920e+05 3.109089813151218113e+05 2.565339302627741708e+05 1.823872874875138805e+05 1.823876880348020641e+05 2.499813655420178111e+04 1.178539722919153864e+05 1.640094801503173076e+05 1.823876190354590071e+05 1.823875160370456288e+05 1.823875474608069635e+05 1.823873281957174186e+05 1.450533613151885220e+05 1.823875487420096470e+05 1.823875668656205526e+05 1.859800413316176273e+05 1.823875938691702904e+05 3.426810556907845312e+05 1.823876502394980635e+05 1.823870940803766425e+05 1.823871023476939299e+05 1.677973580760353943e+05
1.320965330699313490e+05 7.372734458962405915e+04 1.847778311167557840e+05 1.281785518394558021e+05 3.485996355943307863e+05 2.947487789071315783e+05 1.320963745796406874e+05 1.320966890194273728e+05 1.178539722919153864e+05 2.094930619638791541e+04 9.954532536066925968e+04 1.320967374934319814e+05 1.320965862503615790e+05 1.320967234680014080e+05 1.320964823004476202e+05 5.094496357328307931e+04 1.320966262195594027e+05 1.320967425440734369e+05 2.466950193792380742e+05 1.320966997840627155e+05 3.947508062745888019e+05 1.320967371103400073e+05 1.320961792126000510e+05 1.320961284431694075e+05 1.087867062887354696e+05
6.968683959975067410e+04 1.425117300769494032e+05 1.967756414707311778e+05 5.041751292883449787e+04 3.685795684908882831e+05 3.147288102711527608e+05 6.968663296452838404e+04 6.509559713582349650e+04 1.640094801503173076e+05 9.954532536066925968e+04 1.456789922370084605e+04 6.968693369610923401e+04 6.968686260597630462e+04 6.968695157606771681e+04 6.968673358984931838e+04 5.673816026862790022e+04 6.968687453009904129e+04 6.968704212568215735e+04 2.608769428997147770e+05 6.968700523173977854e+04 4.077377500394353410e+05 6.968707929004376638e+04 6.968653532586655638e+04 6.968630619344340812e+04 2.298591523529077313e+04
1.726179106712039113e+00 1.666686427939886926e+05 2.207654390090837551e+05 2.788765632484786329e+04 3.786803830544240191e+05 3.248297166045469930e+05 1.579947925627815053e+00 1.515348960768231154e+04 1.823876190354590071e+05 1.320967374934319814e+05 6.968693369610923401e+04 5.483668458107292532e-01 1.636053981622108466e+00 1.543549276322842223e+00 1.595898378675720819e+00 1.031281982784891879e+05 1.635807094240074200e+00 7.444422812216474767e+02 2.786211787704255548e+05 1.010290530015616059e+04 4.178385358325740672e+05 1.010292048051633537e+04 1.407699740646845443e+00 1.162453865419985410e+00 5.772194942129892297e+04
1.365535741707811335e+00 1.666685380464190966e+05 2.207652854828101990e+05 2.788766222656756145e+04 3.786802736668850994e+05 3.248295281576787238e+05 1.399262039819234360e+00 1.515341666623758283e+04 1.823875160370456288e+05 1.320965862503615790e+05 6.968686260597630462e+04 1.636053981622108244e+00 5.220314678079605031e-01 1.567594752429517069e+00 1.415825777584216238e+00 1.031281012689797353e+05 1.460776767990834113e+00 7.445109450405965390e+02 2.786210880613534828e+05 1.010289517671022259e+04 4.178384974440616206e+05 1.010291909534701153e+04 1.320535609879394112e+00 1.095317206643843022e+00 5.772192212290097086e+04
1.620042237673842145e+00 1.666685698313317844e+05 2.207654032693371701e+05 2.788765367905746461e+04 3.786802990354970680e+05 3.248296181960045360e+05 1.526074106078274317e+00 1.515349515075150157e+04 1.823875474608069635e+05 1.320967234680014080e+05 6.968695157606773137e+04 1.543549276322842223e+00 1.567594752429517291e+00 5.585337784744783818e-01 1.661618642042502980e+00 1.031282072057269543e+05 1.439711310797003208e+00 7.444729711641314225e+02 2.786211846878787037e+05 1.010287541275268086e+04 4.178385203870705445e+05 1.010289911811300590e+04 1.370569258619557251e+00 1.192949405083238323e+00 5.772203061311908823e+04
1.308584878246930261e+00 1.666683298716132704e+05 2.207651496296238038e+05 2.788755337288451119e+04 3.786802180976463715e+05 3.248294956240033498e+05 1.127090281322467025e+00 1.515337044755226270e+04 1.823873281957174186e+05 1.320964823004475911e+05 6.968673358984931838e+04 1.595898378675720819e+00 1.415825777584216238e+00 1.661618642042502980e+00 5.231502189659479329e-01 1.031279199191136431e+05 1.634993676961826070e+00 7.445113574241727292e+02 2.786210098229712457e+05 1.010279464309778814e+04 4.178384014304829179e+05 1.010280129601380213e+04 1.165285818601668355e+00 9.798692805485550439e-01 5.772182543052376423e+04
1.031280774184491602e+05 1.114937607982842164e+05 1.928674897778090381e+05 9.544450235450090258e+04 3.652125917886975803e+05 3.113619302508740220e+05 1.031278158959869470e+05 1.031282000372032053e+05 1.450533613151885220e+05 5.094496357328307931e+04 5.673816026862790022e+04 1.031281982784891879e+05 1.031281012689797353e+05 1.031282072057269543e+05 1.031279199191136431e+05 2.404353047500361936e+04 1.031280996998308256e+05 1.031282025069718948e+05 2.544598267198883404e+05 1.031283222271144186e+05 4.043708056904803962e+05 1.031282394538295339e+05 1.031277462629268994e+05 1.031275925402337452e+05 6.973299961027760583e+04
1.617540493640694743e+00 1.666685834777981217e+05 2.207652687137213070e+05 2.788773143414932201e+04 3.786803071956862696e+05 3.248296095740972087e+05 1.524840473109907446e+00 1.515343447381447913e+04 1.823875487420096470e+05 1.320966262195594027e+05 6.968687453009904129e+04 1.635807094240074200e+00 1.460776767990834113e+00 1.439711310797003208e+00 1.634993676961826070e+00 1.031280996998308256e+05 5.639295349399477963e-01 7.445577493596540535e+02 2.786211588430668344e+05 1.010292103467781453e+04 4.178385310029238462e+05 1.010289720060582295e+04 1.383995667134432006e+00 1.130272168517478359e+00 5.772201723723552277e+04
7.444981279925592617e+02 1.666685937129144149e+05 2.207654659555622202e+05 2.743977082190597503e+04 3.786804410265296465e+05 3.248296394874466932e+05 7.443936650557775465e+02 1.441061868274607514e+04 1.823875668656205526e+05 1.320967425440734369e+05 6.968704212568215735e+04 7.444422812216474767e+02 7.445109450405965390e+02 7.444729711641314225e+02 7.445113574241725019e+02 1.031282025069718948e+05 7.445577493596541672e+02 1.376840240715789150e+03 2.786211448255096329e+05 1.010275160131348275e+04 4.178386189570020069e+05 9.982552546876910128e+03 7.440828645180901049e+02 7.439769283078325088e+02 5.772200793246427202e+04
2.786209716163547710e+05 2.243285801559302781e+05 1.242409553500340990e+05 2.774989958828464733e+05 2.592956419364429312e+05 1.704800447736118804e+05 2.786209176539548789e+05 2.786213073862239835e+05 1.859800413316176273e+05 2.466950193792380742e+05 2.608769428997147770e+05 2.786211787704255548e+05 2.786210880613534828e+05 2.786211846878787037e+05 2.786210098229712457e+05 2.544598267198883404e+05 2.786211588430668344e+05 2.786211448255096329e+05 4.905938186873457016e+04 2.786213109427031013e+05 2.848651358279682463e+05 2.786213209285461926e+05 2.786208524637969094e+05 2.786208475371561944e+05 2.654281627751027117e+05
1.010279470727396983e+04 1.666684988892519614e+05 2.207655477429837338e+05 2.788766417705370986e+04 3.786805250795342145e+05 3.248297705138569581e+05 1.010269072717374729e+04 1.515351532276584840e+04 1.823875938691702904e+05 1.320966997840627155e+05 6.968700523173977854e+04 1.010290530015616059e+04 1.010289517671022259e+04 1.010287541275267904e+04 1.010279464309778814e+04 1.031283222271144186e+05 1.010292103467781453e+04 1.010275160131348275e+04 2.786213109427031013e+05 4.972429029686271096e-01 4.178387331691578147e+05 1.635556712755206490e+03 1.010239576326121824e+04 1.010224915643659733e+04 5.772197607539942692e+04
4.178384581530503347e+05 3.723843990403087810e+05 3.148236858442767407e+05 4.167164779199417681e+05 1.756158393613208900e+05 2.235758500141422846e+05 4.178384139888412319e+05 4.178387664095725049e+05 3.426810556907845312e+05 3.947508062745888019e+05 4.077377500394353410e+05 4.178385358325740672e+05 4.178384974440616206e+05 4.178385203870705445e+05 4.178384014304829179e+05 4.043708056904803962e+05 4.178385310029238462e+05 4.178386189570020069e+05 2.848651358279683045e+05 4.178387331691578147e+05 7.749619920124896453e+04 4.178387448312358465e+05 4.178384343031971366e+05 4.178383221597949159e+05 4.077377533314697794e+05
1.010277118173950112e+04 1.666685717733326601e+05 2.207656027181066456e+05 2.690233356113357149e+04 3.786806426351778791e+05 3.248297423539183801e+05 1.010268661667904416e+04 1.351927025820158633e+04 1.823876502394980344e+05 1.320967371103400365e+05 6.968707929004376638e+04 1.010292048051633537e+04 1.010291909534701153e+04 1.010289911811300408e+04 1.010280129601380213e+04 1.031282394538295339e+05 1.010289720060582295e+04 9.982552546876910128e+03 2.786213209285461926e+05 1.635556712755206263e+03 4.178387448312358465e+05 2.740039922718738126e+03 1.010243333129968050e+04 1.010228116916377076e+04 5.772205466464535857e+04
1.186426869462309908e+00 1.666680649186847149e+05 2.207650512876802532e+05 2.788720767389307002e+04 3.786801910082689719e+05 3.248293296557798749e+05 9.452045872254943859e-01 1.515304232184567263e+04 1.823870940803766425e+05 1.320961792126000510e+05 6.968653532586655638e+04 1.407699740646845443e+00 1.320535609879394112e+00 1.370569258619557251e+00 1.165285818601668355e+00 1.031277462629268994e+05 1.383995667134432006e+00 7.440828645180901049e+02 2.786208524637969094e+05 1.010239576326121824e+04 4.178384343031971366e+05 1.010243333129968050e+04 4.146814634532659527e-01 6.555749558018040268e-01 5.772164836140375701e+04
1.062805518404412730e+00 1.666680283289251092e+05 2.207649615199866239e+05 2.788702790880251632e+04 3.786800957988458104e+05 3.248293625342091545e+05 8.390954412940033746e-01 1.515284618644441798e+04 1.823871023476939299e+05 1.320961284431694367e+05 6.968630619344340812e+04 1.162453865419985410e+00 1.095317206643843022e+00 1.192949405083238545e+00 9.798692805485550439e-01 1.031275925402337452e+05 1.130272168517478359e+00 7.439769283078325088e+02 2.786208475371561944e+05 1.010224915643660097e+04 4.178383221597949159e+05 1.010228116916377439e+04 6.555749558018040268e-01 2.749531188453780972e-01 5.772134387328464072e+04
5.772191064098170318e+04 1.464666364533174492e+05 2.034495991352183337e+05 3.889734477362607868e+04 3.685795855715567013e+05 3.147288434833019855e+05 5.772172327678448346e+04 5.267138686136309843e+04 1.677973580760353943e+05 1.087867062887354696e+05 2.298591523529077313e+04 5.772194942129891569e+04 5.772192212290097086e+04 5.772203061311908095e+04 5.772182543052376423e+04 6.973299961027760583e+04 5.772201723723551549e+04 5.772200793246426474e+04 2.654281627751027117e+05 5.772197607539942692e+04 4.077377533314697794e+05 5.772205466464535857e+04 5.772164836140375701e+04 5.772134387328464072e+04 4.123414521457561023e+03
