2.986556638734808803e+04 8.470553297897956509e+04 1.250014038573713624e+05 1.250013845322327252e+05 1.250014420799165673e+05 1.250012679260116711e+05 1.250016501572327397e+05 8.083376388159702765e+04 3.125009072389240609e+05 3.783031616660519649e+04 1.250016053151705564e+05 3.125014156118144165e+05 1.250018689072327106e+05 1.250018062219560525e+05 1.250018845322327397e+05 1.250012363967833953e+05 1.941326064038345357e+05 1.250018920647462364e+05 1.113674571882412565e+05 1.250016909181023075e+05 1.250017595322327106e+05 1.250017435066558828e+05 1.003303188892014150e+05 1.250014739572473336e+05 1.250016679714291240e+05
8.470553297897956509e+04 2.343821110227402096e+04 1.250011713427158393e+05 1.250011132812500146e+05 1.250011842782324820e+05 1.250014218750000146e+05 1.250017634698276088e+05 1.596787188807606872e+05 3.125013213014240609e+05 4.687635484853455273e+04 8.105629222265022690e+04 3.125015562368143583e+05 1.250015994073275797e+05 1.250015219130355108e+05 1.250015994073276088e+05 1.250014230409775482e+05 2.080692281792846916e+05 1.250016332614942803e+05 4.358739766041380790e+04 1.250014239542405849e+05 1.250014040948275942e+05 1.250015134698275942e+05 1.562617946231252972e+04 7.812652155347669031e+04 1.250017376396776381e+05
1.250014038573713624e+05 1.250011713427158393e+05 5.654569404986862224e-01 8.762785671767070461e-01 6.993731144160973967e-01 1.142349829597523181e+00 6.250140482954548497e+04 1.733503215244798630e+05 3.125010968674584874e+05 1.250013642114952527e+05 6.250134260848482518e+04 3.125011746080265148e+05 1.171991361860792858e+04 1.088412500789615933e+00 6.250119389204548497e+04 1.304515141868766603e+00 2.080689121884367778e+05 6.250114962121214921e+04 9.704092625508316269e+04 1.166206740122861518e+00 6.250118110795458051e+04 6.250131384033920040e+04 1.250011889204545732e+05 6.250145756103887834e+04 6.250137112603308196e+04
1.250013845322327252e+05 1.250011132812500146e+05 8.762785671767069351e-01 4.717283349118852054e-01 7.212931525510051234e-01 1.209882795917393672e+00 6.250135937500002910e+04 1.733502399853756069e+05 3.125010736024601501e+05 1.250013636363636615e+05 6.250140042191078828e+04 3.125012072784810443e+05 1.171997642124187769e+04 1.145928813544753844e+00 6.250113671875003638e+04 1.269116508287755130e+00 2.080689364608275646e+05 6.250121354166670062e+04 9.704096834328246769e+04 1.071236219066125539e+00 6.250116406250002910e+04 6.250132812500002910e+04 1.250011093750000291e+05 6.250148394593823468e+04 6.250131647777347098e+04
1.250014420799165673e+05 1.250011842782324820e+05 6.993731144160972857e-01 7.212931525510051234e-01 2.668148903542587602e-01 8.232101846461896688e-01 6.250112753481145774e+04 1.733503444416562852e+05 3.125010070735292975e+05 1.250013613363380282e+05 6.250127727737440000e+04 3.125010175345417229e+05 1.171966659731141044e+04 9.183520313188473505e-01 6.250094003481145046e+04 1.143794192520872777e+00 2.080687149708730867e+05 6.250085670147811470e+04 9.704079331734091102e+04 9.341951319106236440e-01 6.250098690981144318e+04 6.250109628481145774e+04 1.250011655629670859e+05 6.250137556061696523e+04 6.250116730753872980e+04
1.250012679260116711e+05 1.250014218750000146e+05 1.142349829597523181e+00 1.209882795917393894e+00 8.232101846461896688e-01 4.084279372377660478e-01 6.250118750000003638e+04 1.733502008769501408e+05 3.125008359573828056e+05 1.250011240025747102e+05 6.250120690563655808e+04 3.125009401678401628e+05 1.172015000649235844e+04 1.412766913449617689e+00 6.250137500000003638e+04 1.147254499005767370e+00 2.080690197065387620e+05 6.250127604166669335e+04 9.704070555919155595e+04 1.366604119022854835e+00 6.250142187500003638e+04 6.250134375000003638e+04 1.250014375000000291e+05 6.250130511548696813e+04 6.250116477272730845e+04
1.250016501572327397e+05 1.250017634698276088e+05 6.250140482954548497e+04 6.250135937500002910e+04 6.250112753481145774e+04 6.250118750000003638e+04 4.305126254214233783e-01 1.733504661052434531e+05 3.125010052502876497e+05 1.250015113636363967e+05 5.859527842136940308e+04 3.125011750815113774e+05 5.078262476058332686e+04 6.250130017816507461e+04 1.202352800760346119e+00 6.250111457210446679e+04 2.080694421317416709e+05 1.337007036737912768e+00 9.704101637676885002e+04 6.250126655138342176e+04 1.762594174712052153e+00 1.753906250000000000e+00 1.250017500000000437e+05 6.250174957093824924e+04 1.170068136814301329e+00
8.083376388159702765e+04 1.596787188807606872e+05 1.733503215244798630e+05 1.733502399853756069e+05 1.733503444416562852e+05 1.733502008769501408e+05 1.733504661052434531e+05 3.556640185860031488e+04 3.046884832480386249e+05 1.186629381198252959e+05 1.733503477656229807e+05 3.046886265493143583e+05 1.733507527353963233e+05 1.733506545054464659e+05 1.733506301677434531e+05 1.733502725139683462e+05 1.614184017755355453e+05 1.733507408448267670e+05 1.733504548664904723e+05 1.733505665601111250e+05 1.733507120523491467e+05 1.733506379802435113e+05 1.733505664805844426e+05 1.733504800128083152e+05 1.733504419575162174e+05
3.125009072389240609e+05 3.125013213014240609e+05 3.125010968674584874e+05 3.125010736024601501e+05 3.125010070735292975e+05 3.125008359573828639e+05 3.125010052502876497e+05 3.046884832480386249e+05 4.375862242783128750e+04 3.125010592275604722e+05 3.125012041139240609e+05 1.589434291187336494e+05 3.125011884889240027e+05 3.125012829491512966e+05 3.125012013900015736e+05 3.125010582805906888e+05 2.287215687838272133e+05 3.125011507285073749e+05 3.125009294927119045e+05 3.125012617165947449e+05 3.125014384889241192e+05 3.125014228639240609e+05 3.125010791139240609e+05 3.125013082805907470e+05 3.125010095116513548e+05
3.783031616660519649e+04 4.687635484853455273e+04 1.250013642114952527e+05 1.250013636363636615e+05 1.250013613363380282e+05 1.250011240025747102e+05 1.250015113636363967e+05 1.186629381198252959e+05 3.125010592275604722e+05 5.928326287258292027e-01 1.250015069123545545e+05 3.125013644754507695e+05 1.250017926136363531e+05 1.250017700847800006e+05 1.250017926136363822e+05 1.250012391321126634e+05 2.080692667252558458e+05 1.250018030303030682e+05 9.046224737436276337e+04 1.250016630369471386e+05 1.250017180982872960e+05 1.250016448863636324e+05 6.250172848146167235e+04 1.250014467110909609e+05 1.250015991735537536e+05
1.250016053151705564e+05 8.105629222265021235e+04 6.250134260848481790e+04 6.250140042191078101e+04 6.250127727737439272e+04 6.250120690563655080e+04 5.859527842136940308e+04 1.733503477656229807e+05 3.125012041139240609e+05 1.250015069123545545e+05 7.324757341575860664e+03 3.125009989451477304e+05 6.176927195824311639e+04 6.250163676782503171e+04 5.859545756804770645e+04 6.250134692468334833e+04 2.080694276269453985e+05 5.859542299386650120e+04 3.844702560387512494e+04 6.250169475674066052e+04 5.859530208631294227e+04 5.859524428682762664e+04 6.640796162635588553e+04 3.907318745683060570e+03 5.859516300943758688e+04
3.125014156118144165e+05 3.125015562368143583e+05 3.125011746080264566e+05 3.125012072784810443e+05 3.125010175345417229e+05 3.125009401678401628e+05 3.125011750815113774e+05 3.046886265493143583e+05 1.589434291187336494e+05 3.125013644754507695e+05 3.125009989451477304e+05 8.563017068861112057e+04 3.125011447784809861e+05 3.125011866691851174e+05 3.125013739451476722e+05 3.125011636915460113e+05 2.100736981544694572e+05 3.125011933895921684e+05 3.125010784906022018e+05 3.125013947784809861e+05 3.125013687368144165e+05 3.125011343618144165e+05 3.125015406118143583e+05 3.125010197784810443e+05 3.125012262178750243e+05
1.250018689072327106e+05 1.250015994073275797e+05 1.171991361860792858e+04 1.171997642124187587e+04 1.171966659731141044e+04 1.172015000649235844e+04 5.078262476058332686e+04 1.733507527353963233e+05 3.125011884889240027e+05 1.250017926136363531e+05 6.176927195824311639e+04 3.125011447784809861e+05 1.904351191982245655e+04 1.171972510559870898e+04 5.078245677433816309e+04 1.172025085313492309e+04 2.080690515877848666e+05 5.078212931315105379e+04 9.704119727921490266e+04 1.172006675974528298e+04 5.078259765625001455e+04 5.078276019529405312e+04 1.250015622480473539e+05 6.250180064434540691e+04 5.078268761569696653e+04
1.250018062219560525e+05 1.250015219130355108e+05 1.088412500789615933e+00 1.145928813544754066e+00 9.183520313188473505e-01 1.412766913449617912e+00 6.250130017816507461e+04 1.733506545054464659e+05 3.125012829491512966e+05 1.250017700847800006e+05 6.250163676782504626e+04 3.125011866691851174e+05 1.171972510559870898e+04 6.041215429341655341e-01 6.250113092885378137e+04 1.424168918827322772e+00 2.080690391625302436e+05 6.250111767127802887e+04 9.704116443899754086e+04 1.063297919040897321e+00 6.250128197052045289e+04 6.250147467885378865e+04 1.250014841897233564e+05 6.250173376066156197e+04 6.250137903491438919e+04
1.250018845322327397e+05 1.250015994073276088e+05 6.250119389204548497e+04 6.250113671875003638e+04 6.250094003481145046e+04 6.250137500000003638e+04 1.202352800760345897e+00 1.733506301677434531e+05 3.125012013900015736e+05 1.250017926136363967e+05 5.859545756804770645e+04 3.125013739451476722e+05 5.078245677433816309e+04 6.250113092885378137e+04 4.927352522676106683e-01 6.250138629501539253e+04 2.080692342934151529e+05 1.205880587890745703e+00 9.704119875082159706e+04 6.250105253623191675e+04 1.539638099567085527e+00 1.804603569602694080e+00 1.250015625000000291e+05 6.250192850099365023e+04 1.322446159748891015e+00
1.250012363967833953e+05 1.250014230409775482e+05 1.304515141868766603e+00 1.269116508287755130e+00 1.143794192520872777e+00 1.147254499005767370e+00 6.250111457210446679e+04 1.733502725139683462e+05 3.125010582805906888e+05 1.250012391321126634e+05 6.250134692468336289e+04 3.125011636915459530e+05 1.172025085313492309e+04 1.424168918827322772e+00 6.250138629501539253e+04 4.714552421884022348e-01 2.080694090384136070e+05 6.250137164905147074e+04 9.704090838288300438e+04 1.161640858643386842e+00 6.250152818264165398e+04 6.250153339097500429e+04 1.250014450757575978e+05 6.250143923637726402e+04 6.250121254042402870e+04
1.941326064038345357e+05 2.080692281792846916e+05 2.080689121884367778e+05 2.080689364608275646e+05 2.080687149708730285e+05 2.080690197065387620e+05 2.080694421317416127e+05 1.614184017755355453e+05 2.287215687838271842e+05 2.080692667252558167e+05 2.080694276269453985e+05 2.100736981544694281e+05 2.080690515877848375e+05 2.080690391625302436e+05 2.080692342934151529e+05 2.080694090384135779e+05 1.028089177327717480e+05 2.080691324941727798e+05 2.080693535882034339e+05 2.080690835004452965e+05 2.080691327309151238e+05 2.080689139809151529e+05 2.080693530572549207e+05 2.080693264108097937e+05 2.080694537536424468e+05
1.250018920647462364e+05 1.250016332614942803e+05 6.250114962121214921e+04 6.250121354166670062e+04 6.250085670147811470e+04 6.250127604166669335e+04 1.337007036737912768e+00 1.733507408448267670e+05 3.125011507285073749e+05 1.250018030303030682e+05 5.859542299386650120e+04 3.125011933895921102e+05 5.078212931315105379e+04 6.250111767127802887e+04 1.205880587890745703e+00 6.250137164905147074e+04 2.080691324941727798e+05 5.941869330028303198e-01 9.704116389252488443e+04 6.250124003623191675e+04 1.457446421300824024e+00 1.604462972794523656e+00 1.250016041666667006e+05 6.250185373760491348e+04 1.405205245388669422e+00
1.113674571882412565e+05 4.358739766041379335e+04 9.704092625508316269e+04 9.704096834328246769e+04 9.704079331734091102e+04 9.704070555919155595e+04 9.704101637676885002e+04 1.733504548664904723e+05 3.125009294927118463e+05 9.046224737436276337e+04 3.844702560387512494e+04 3.125010784906022018e+05 9.704119727921490266e+04 9.704116443899754086e+04 9.704119875082159706e+04 9.704090838288300438e+04 2.080693535882034339e+05 9.704116389252488443e+04 3.090427496935175441e+04 9.704122735183779150e+04 9.704131129212878295e+04 9.704108693817412131e+04 2.796206308307461222e+04 3.454076969279449986e+04 9.704103613770393713e+04
1.250016909181023075e+05 1.250014239542405849e+05 1.166206740122861518e+00 1.071236219066125539e+00 9.341951319106236440e-01 1.366604119022854835e+00 6.250126655138342176e+04 1.733505665601111250e+05 3.125012617165947449e+05 1.250016630369471386e+05 6.250169475674066780e+04 3.125013947784809861e+05 1.172006675974528298e+04 1.063297919040897321e+00 6.250105253623191675e+04 1.161640858643386620e+00 2.080690835004452965e+05 6.250124003623191675e+04 9.704122735183779150e+04 5.318224714943868836e-01 6.250130654283475451e+04 6.250154211956525251e+04 1.250014157608696114e+05 6.250179033180781698e+04 6.250130064229251730e+04
1.250017595322327106e+05 1.250014040948275942e+05 6.250118110795458051e+04 6.250116406250002910e+04 6.250098690981144318e+04 6.250142187500003638e+04 1.762594174712051931e+00 1.733507120523491758e+05 3.125014384889241192e+05 1.250017180982872960e+05 5.859530208631294227e+04 3.125013687368144165e+05 5.078259765625001455e+04 6.250128197052045289e+04 1.539638099567085749e+00 6.250152818264165398e+04 2.080691327309151820e+05 1.457446421300823580e+00 9.704131129212878295e+04 6.250130654283475451e+04 6.718846366948527660e-01 1.272314437797033015e+00 1.250014218750000291e+05 6.250152418494300218e+04 1.560768046700540923e+00
1.250017435066558828e+05 1.250015134698275942e+05 6.250131384033920040e+04 6.250132812500002910e+04 6.250109628481145774e+04 6.250134375000003638e+04 1.753906250000000000e+00 1.733506379802435113e+05 3.125014228639240609e+05 1.250016448863636324e+05 5.859524428682762664e+04 3.125011343618144165e+05 5.078276019529405312e+04 6.250147467885378865e+04 1.804603569602694746e+00 6.250153339097500429e+04 2.080689139809151529e+05 1.604462972794523656e+00 9.704108693817410676e+04 6.250154211956525251e+04 1.272314437797033015e+00 6.402640861550153994e-01 1.250015924280964828e+05 6.250143612396853860e+04 1.611549296700540479e+00
1.003303188892014150e+05 1.562617946231252972e+04 1.250011889204545732e+05 1.250011093750000291e+05 1.250011655629670859e+05 1.250014375000000146e+05 1.250017500000000437e+05 1.733505664805844426e+05 3.125010791139240609e+05 6.250172848146167235e+04 6.640796162635588553e+04 3.125015406118143583e+05 1.250015622480473539e+05 1.250014841897233564e+05 1.250015625000000146e+05 1.250014450757575978e+05 2.080693530572549498e+05 1.250016041666667006e+05 2.796206308307461586e+04 1.250014157608696114e+05 1.250014218750000291e+05 1.250015924280964828e+05 4.755924314120877350e-01 6.250158061642756365e+04 1.250017077036387345e+05
1.250014739572473336e+05 7.812652155347669031e+04 6.250145756103887834e+04 6.250148394593823468e+04 6.250137556061696523e+04 6.250130511548696813e+04 6.250174957093824924e+04 1.733504800128083152e+05 3.125013082805907470e+05 1.250014467110909609e+05 3.907318745683060570e+03 3.125010197784810443e+05 6.250180064434540691e+04 6.250173376066156197e+04 6.250192850099365023e+04 6.250143923637726402e+04 2.080693264108097937e+05 6.250185373760491348e+04 3.454076969279449986e+04 6.250179033180781698e+04 6.250152418494300218e+04 6.250143612396853860e+04 6.250158061642756365e+04 5.683745447835255593e-01 6.250164833126882877e+04
1.250016679714291240e+05 1.250017376396776381e+05 6.250137112603308196e+04 6.250131647777347098e+04 6.250116730753872980e+04 6.250116477272730845e+04 1.170068136814301329e+00 1.733504419575162174e+05 3.125010095116512966e+05 1.250015991735537536e+05 5.859516300943758688e+04 3.125012262178749661e+05 5.078268761569697381e+04 6.250137903491438919e+04 1.322446159748891237e+00 6.250121254042402870e+04 2.080694537536424468e+05 1.405205245388669422e+00 9.704103613770393713e+04 6.250130064229251730e+04 1.560768046700541145e+00 1.611549296700540479e+00 1.250017077036387345e+05 6.250164833126882877e+04 5.016227178927145092e-01
