9.792261826070278403e+03 1.840367607254094619e+05 1.352563036533275736e+05 6.287885283732991229e+04 9.731608082418888807e+04 2.349179695924260595e+05 1.840365493121485924e+05 2.195135081817947503e+05 1.840368641798990720e+05 1.276191264738720201e+05 1.059628332239297597e+05 1.515166147505650297e+05 6.213310272038549010e+04 1.169636244026503555e+05 2.336244781490453461e+05 1.840363359885796090e+05 1.840366340303533070e+05 1.914279479436155525e+05 1.638513196004723141e+05 1.840367322870975186e+05 1.840367218454129179e+05 1.196616073711942736e+05 1.352564160514171817e+05 1.840364008130443690e+05 1.352562194223677507e+05
1.840367607254094619e+05 9.084319008914570077e+03 5.662115948680054862e+04 1.344687062745239818e+05 1.172100199065288180e+05 3.292695151713122032e+05 1.655162043973291293e+04 3.048791901049333974e+05 1.655147140440629300e+04 2.262886475925126870e+05 2.195134450969295576e+05 4.036103655924018676e+04 2.105124308965084201e+05 9.756230908167043526e+04 3.223007725400624913e+05 1.655128627784816490e+04 1.655174284074131356e+04 2.767935877905912348e+05 2.497208923792995920e+05 1.655147439284329812e+04 1.655164801322501080e+04 2.195135796919199347e+05 7.926942644212160667e+04 1.655130942971970217e+04 6.734143771471088985e+04
1.352563036533275736e+05 5.662115948680054862e+04 2.207064873620381285e-01 7.959060898352245567e+04 6.233206346895093884e+04 3.292695645325199584e+05 7.317186160326568643e+04 3.048792480741068139e+05 7.317199623908579815e+04 2.262887064918830001e+05 2.195135143620679155e+05 1.626125466196320122e+04 1.779921548732859956e+05 4.268408629372077849e+04 3.223007641066585202e+05 7.317158491560925904e+04 7.317196378479388659e+04 2.767936073472286807e+05 2.497209605810720532e+05 7.317190554072873783e+04 7.317194862732681213e+04 2.195135602827047696e+05 2.439137612238098518e+04 7.317163734232939896e+04 1.121862518988329975e+04
6.287885283732991229e+04 1.344687062745239818e+05 7.959060898352245567e+04 1.163884837382147998e+04 3.786820268259959994e+04 2.740705750427897437e+05 1.405657960182466486e+05 2.560990916162355279e+05 1.405661129349247203e+05 1.775082529676309787e+05 1.632667233553369006e+05 9.585073252119032259e+04 1.205005254824802687e+05 5.751581758773314505e+04 2.711558069749647984e+05 1.405658634874693234e+05 1.405659117094418325e+05 2.280131315898215689e+05 2.009407590638499823e+05 1.405662181352133630e+05 1.405660752409113920e+05 1.707329669753155322e+05 7.580885660376661690e+04 1.405659067975506769e+05 7.840647552051734237e+04
9.731608082418888807e+04 1.172100199065288180e+05 6.233206346895093884e+04 3.786820268259959994e+04 2.409124674644053357e+03 2.913291991869916092e+05 1.233072654542100354e+05 2.669391279065363924e+05 1.233074851625810261e+05 1.883482401399198279e+05 1.815730836603211646e+05 7.859195056319197465e+04 1.400515695141902543e+05 1.964875714702689584e+04 2.843607315772596630e+05 1.233072918739649467e+05 1.233073610984859115e+05 2.388532822115031595e+05 2.117807241551821935e+05 1.233076025301367190e+05 1.233075317984139256e+05 1.815730831713555090e+05 3.794166769046344416e+04 1.233072981511425896e+05 5.111431819620166789e+04
2.349179695924260595e+05 3.292695151713122032e+05 3.292695645325199584e+05 2.740705750427897437e+05 2.913291991869916092e+05 8.922486449378975522e+03 3.292692097588527831e+05 7.654503385505125334e+04 3.292693045084995101e+05 1.761532355976038671e+05 1.829284671167246415e+05 3.292695518292680499e+05 2.235786571815717616e+05 3.109768102365111699e+05 6.261772102018251462e+04 3.292693353658535052e+05 3.292691750871078693e+05 1.033483780517867999e+05 1.371365015812597121e+05 3.292693692411922966e+05 3.292692818428183673e+05 1.829282040835180960e+05 3.292697339092137991e+05 3.292693289817530313e+05 3.292695762195119751e+05
1.840365493121485924e+05 1.655162043973291293e+04 7.317186160326568643e+04 1.405657960182466195e+05 1.233072654542100354e+05 3.292692097588527831e+05 1.861390645296406576e-01 3.048790710045829182e+05 9.021471034387287258e-01 2.262882363553795440e+05 2.195132836485373555e+05 5.691159285909661412e+04 2.105119628545492887e+05 1.036595459311799204e+05 3.223006742925828439e+05 5.830089846791841612e-01 5.314665616817724203e-01 2.767932519675679505e+05 2.497207683183943736e+05 9.740059738159293490e-01 7.201290943925195975e-01 2.195131611304285761e+05 8.536697701699525351e+04 5.568246727775728599e-01 8.090535754788397753e+04
2.195135081817947503e+05 3.048791901049333974e+05 3.048792480741068139e+05 2.560990916162355279e+05 2.669391279065363924e+05 7.654503385505125334e+04 3.048790710045829182e+05 1.919330791509719711e+04 3.048791774947472732e+05 1.517629326533890562e+05 1.585380148566192074e+05 3.048793980571692227e+05 1.991884581598615914e+05 2.865867743260944844e+05 6.357929045368032530e+04 3.048789281573560438e+05 3.048790534152705804e+05 6.277500224569508282e+04 1.127458346779684798e+05 3.048789801704125712e+05 3.048789133504220517e+05 1.585383093284047500e+05 3.048792637970544747e+05 3.048789735494960914e+05 3.048792465497166850e+05
1.840368641798990720e+05 1.655147140440629300e+04 7.317199623908579815e+04 1.405661129349247203e+05 1.233074851625810261e+05 3.292693045084995101e+05 9.021471034387287258e-01 3.048791774947472732e+05 2.047478422354691852e-01 2.262884747157755774e+05 2.195135155403114913e+05 5.691166367265539884e+04 2.105122544107072463e+05 1.036597718368810456e+05 3.223008230267298059e+05 9.799345655820080880e-01 9.328860983096971538e-01 2.767933814573335112e+05 2.497209345797833521e+05 7.397836857024964186e-01 8.856464779017837463e-01 2.195133941373498819e+05 8.536715133697607962e+04 9.408152349279800264e-01 8.090556251395410800e+04
1.276191264738720201e+05 2.262886475925126870e+05 2.262887064918830001e+05 1.775082529676309787e+05 1.883482401399198279e+05 1.761532355976038671e+05 2.262882363553795440e+05 1.517629326533890271e+05 2.262884747157755774e+05 6.022510508049065720e+03 4.042993433300033939e+04 2.262885376430253673e+05 8.488309211471056915e+04 2.079959999678008026e+05 1.691847095310683362e+05 2.262883111564399442e+05 2.262882405983456702e+05 1.132240611283500912e+05 5.298858749108112534e+04 2.262885051287601236e+05 2.262884401304870553e+05 2.346431096668804457e+04 2.262886843270607060e+05 2.262883556766676193e+05 2.262887820806899981e+05
1.059628332239297597e+05 2.195134450969295576e+05 2.195135143620679155e+05 1.632667233553369006e+05 1.815730836603211646e+05 1.829284671167246415e+05 2.195132836485373555e+05 1.585380148566192365e+05 2.195135155403114913e+05 4.042993433300033939e+04 8.790493316170117396e+03 2.195134859152288409e+05 4.713151783472410170e+04 2.012209470950186369e+05 1.759597334745379922e+05 2.195130845590089739e+05 2.195133367839346756e+05 1.244793639445350709e+05 8.375382029723173764e+04 2.195132777473877941e+05 2.195133386124320969e+05 2.767451233283135298e+04 2.195133200634757814e+05 2.195130712006963149e+05 2.195134459195770032e+05
1.515166147505650297e+05 4.036103655924018676e+04 1.626125466196320122e+04 9.585073252119032259e+04 7.859195056319197465e+04 3.292695518292680499e+05 5.691159285909661412e+04 3.048793980571692227e+05 5.691166367265539884e+04 2.262885376430253673e+05 2.195134859152288409e+05 2.168037745724835986e+04 1.888319348007267690e+05 5.894443091190658743e+04 3.223010075856558396e+05 5.691154354513283033e+04 5.691172331129376835e+04 2.767935982908832375e+05 2.497210544865396514e+05 5.691182306636176509e+04 5.691183852801863395e+04 2.195134959195612464e+05 4.065160321493096126e+04 5.691156503237690777e+04 2.747918237706534273e+04
6.213310272038548283e+04 2.105124308965084201e+05 1.779921548732859956e+05 1.205005254824802687e+05 1.400515695141902543e+05 2.235786571815717616e+05 2.105119628545492887e+05 1.991884581598615914e+05 2.105122544107072463e+05 8.488309211471056915e+04 4.713151783472410170e+04 1.888319348007267690e+05 2.871825684647498929e+04 1.596993759590192058e+05 2.166100968834685918e+05 2.105120172576981131e+05 2.105120017146892787e+05 1.662495816062217345e+05 1.271628997983017180e+05 2.105123231776448083e+05 2.105121948246776883e+05 7.361523052535192983e+04 1.779920302193772804e+05 2.105120653202764515e+05 1.779921571331782325e+05
1.169636244026503555e+05 9.756230908167043526e+04 4.268408629372077849e+04 5.751581758773313049e+04 1.964875714702689584e+04 3.109768102365111699e+05 1.036595459311799204e+05 2.865867743260944844e+05 1.036597718368810456e+05 2.079959999678008026e+05 2.012209470950186369e+05 5.894443091190657287e+04 1.596993759590192058e+05 1.829299570398843207e+04 3.040083642434796784e+05 1.036595671119030158e+05 1.036596086395941384e+05 2.585008600046630600e+05 2.314285205590191763e+05 1.036599136178862827e+05 1.036598029603127070e+05 2.012207561689510185e+05 1.829390976013103500e+04 1.036595866609544610e+05 3.146636490578218582e+04
2.336244781490453752e+05 3.223007725400624913e+05 3.223007641066585202e+05 2.711558069749647984e+05 2.843607315772596630e+05 6.261772102018250735e+04 3.223006742925828439e+05 6.357929045368032530e+04 3.223008230267298059e+05 1.691847095310683362e+05 1.759597334745379922e+05 3.223010075856558396e+05 2.166100968834685918e+05 3.040083642434796784e+05 2.207654677022934993e+04 3.223005734196114936e+05 3.223006415686699329e+05 8.546700588642021467e+04 1.301677409815181745e+05 3.223006452163179638e+05 3.223006419134724420e+05 1.759597866183611332e+05 3.223009089358301135e+05 3.223005852244938724e+05 3.223007916424696450e+05
1.840363359885796090e+05 1.655128627784816490e+04 7.317158491560925904e+04 1.405658634874693234e+05 1.233072918739649467e+05 3.292693353658535052e+05 5.830089846791841612e-01 3.048789281573560438e+05 9.799345655820080880e-01 2.262883111564399442e+05 2.195130845590089739e+05 5.691154354513283033e+04 2.105120172576981131e+05 1.036595671119030158e+05 3.223005734196114936e+05 8.934822210066457882e-02 7.331482463198507604e-01 2.767933627370872418e+05 2.497206013114241068e+05 8.183870730250778491e-01 7.717329723588151058e-01 2.195132692373114405e+05 8.536672744688413513e+04 2.335980332281775984e-01 8.090510144187974220e+04
1.840366340303533070e+05 1.655174284074131356e+04 7.317196378479388659e+04 1.405659117094418325e+05 1.233073610984859115e+05 3.292691750871078693e+05 5.314665616817724203e-01 3.048790534152705804e+05 9.328860983096972648e-01 2.262882405983456702e+05 2.195133367839346756e+05 5.691172331129376835e+04 2.105120017146892787e+05 1.036596086395941384e+05 3.223006415686699329e+05 7.331482463198507604e-01 1.586801358265231832e-01 2.767933129383287160e+05 2.497208029465405853e+05 9.472401725262294958e-01 6.078192970767858361e-01 2.195132079832570453e+05 8.536707879040848638e+04 7.669006250264109870e-01 8.090547960853495169e+04
1.914279479436155525e+05 2.767935877905912348e+05 2.767936073472286807e+05 2.280131315898215689e+05 2.388532822115031595e+05 1.033483780517867999e+05 2.767932519675679505e+05 6.277500224569508282e+04 2.767933814573335112e+05 1.132240611283500912e+05 1.244793639445350709e+05 2.767935982908832375e+05 1.662495816062217345e+05 2.585008600046630600e+05 8.546700588642021467e+04 2.767933627370872418e+05 2.767933129383287160e+05 3.423840515521718771e+04 7.055100576125484076e+04 2.767935007204312133e+05 2.767934465038497001e+05 1.199990343665473047e+05 2.767937929691316094e+05 2.767933557125494699e+05 2.767936818627254688e+05
1.638513196004723141e+05 2.497208923792995920e+05 2.497209605810720532e+05 2.009407590638499823e+05 2.117807241551821935e+05 1.371365015812597121e+05 2.497207683183943736e+05 1.127458346779684944e+05 2.497209345797833521e+05 5.298858749108112534e+04 8.375382029723173764e+04 2.497210544865396514e+05 1.271628997983017180e+05 2.314285205590191763e+05 1.301677409815181745e+05 2.497206013114241068e+05 2.497208029465405853e+05 7.055100576125482621e+04 1.726690898861026653e+04 2.497207826682863524e+05 2.497207426776557404e+05 6.574402149116741202e+04 2.497209069240553363e+05 2.497206191186365031e+05 2.497210134158020664e+05
1.840367322870975186e+05 1.655147439284329812e+04 7.317190554072873783e+04 1.405662181352133630e+05 1.233076025301367190e+05 3.292693692411922966e+05 9.740059738159293490e-01 3.048789801704125712e+05 7.397836857024964186e-01 2.262885051287601236e+05 2.195132777473877941e+05 5.691182306636176509e+04 2.105123231776448083e+05 1.036599136178862827e+05 3.223006452163179638e+05 8.183870730250778491e-01 9.472401725262294958e-01 2.767935007204312133e+05 2.497207826682863524e+05 1.303849167823974142e-01 7.503555898595362095e-01 2.195134816760545364e+05 8.536705014738750469e+04 7.691425075181403948e-01 8.090543859102926217e+04
1.840367218454129179e+05 1.655164801322501080e+04 7.317194862732681213e+04 1.405660752409113920e+05 1.233075317984139256e+05 3.292692818428183673e+05 7.201290943925195975e-01 3.048789133504220517e+05 8.856464779017837463e-01 2.262884401304870553e+05 2.195133386124320969e+05 5.691183852801863395e+04 2.105121948246776883e+05 1.036598029603127070e+05 3.223006419134724420e+05 7.717329723588151058e-01 6.078192970767858361e-01 2.767934465038497001e+05 2.497207426776557404e+05 7.503555898595362095e-01 1.995611917025652549e-01 2.195133943621671642e+05 8.536705634084752819e+04 7.914264607583701983e-01 8.090544668574813113e+04
1.196616073711942736e+05 2.195135796919199347e+05 2.195135602827047696e+05 1.707329669753155322e+05 1.815730831713555090e+05 1.829282040835180960e+05 2.195131611304285761e+05 1.585383093284047500e+05 2.195133941373498819e+05 2.346431096668804457e+04 2.767451233283134934e+04 2.195134959195612464e+05 7.361523052535192983e+04 2.012207561689510185e+05 1.759597866183611040e+05 2.195132692373114405e+05 2.195132079832570453e+05 1.199990343665473047e+05 6.574402149116741202e+04 2.195134816760545364e+05 2.195133943621671642e+05 5.675508798881352050e+03 2.195136734417341941e+05 2.195132813292965002e+05 2.195136420916479256e+05
1.352564160514171817e+05 7.926942644212160667e+04 2.439137612238098518e+04 7.580885660376658780e+04 3.794166769046344416e+04 3.292697339092137991e+05 8.536697701699525351e+04 3.048792637970544747e+05 8.536715133697607962e+04 2.262886843270607060e+05 2.195133200634757814e+05 4.065160321493096126e+04 1.779920302193772804e+05 1.829390976013103500e+04 3.223009089358301135e+05 8.536672744688413513e+04 8.536707879040848638e+04 2.767937929691316094e+05 2.497209069240553363e+05 8.536705014738750469e+04 8.536705634084752819e+04 2.195136734417341941e+05 1.504285905364846632e-01 8.536674138656421565e+04 1.317347378445864888e+04
1.840364008130443690e+05 1.655130942971970217e+04 7.317163734232939896e+04 1.405659067975506769e+05 1.233072981511425896e+05 3.292693289817530313e+05 5.568246727775728599e-01 3.048789735494960914e+05 9.408152349279800264e-01 2.262883556766676193e+05 2.195130712006963149e+05 5.691156503237690777e+04 2.105120653202764515e+05 1.036595866609544610e+05 3.223005852244938724e+05 2.335980332281775984e-01 7.669006250264110980e-01 2.767933557125494699e+05 2.497206191186365031e+05 7.691425075181403948e-01 7.914264607583701983e-01 2.195132813292965002e+05 8.536674138656421565e+04 8.634579078360279936e-02 8.090514616955121164e+04
1.352562194223677507e+05 6.734143771471088985e+04 1.121862518988329975e+04 7.840647552051732782e+04 5.111431819620166789e+04 3.292695762195119751e+05 8.090535754788397753e+04 3.048792465497166850e+05 8.090556251395410800e+04 2.262887820806899981e+05 2.195134459195770032e+05 2.747918237706534273e+04 1.779921571331782325e+05 3.146636490578218582e+04 3.223007916424696450e+05 8.090510144187974220e+04 8.090547960853495169e+04 2.767936818627254688e+05 2.497210134158020664e+05 8.090543859102926217e+04 8.090544668574813113e+04 2.195136420916479256e+05 1.317347378445865070e+04 8.090514616955121164e+04 1.063640908059832145e+04
