1.777575822922329462e+04 9.679015386115880392e+04 1.410609367635204108e+05 1.410611322003356472e+05 1.410609968321863853e+05 1.410607495264754107e+05 1.410609628815691685e+05 1.410610303079698642e+05 1.410605416741475055e+05 1.410609314727093151e+05 1.410604566534049809e+05 3.321867329284673324e+05 3.200318775922172354e+05 2.586577727074961876e+05 1.546694254708425142e+05 4.639340615421350230e+04 1.410606449727597064e+05 1.410605391802978411e+05 2.090232866357512539e+05 1.132831277405746368e+05 1.410607679562443518e+05 1.410609806191197713e+05 8.153726975074232905e+04 1.410608986392353545e+05 1.410610090674985258e+05
9.679015386115880392e+04 1.681193191380517237e+04 8.177891551463240467e+04 1.016202391053716128e+05 1.016202694134408375e+05 1.016201923014639033e+05 1.016202010464726336e+05 1.016201712432318891e+05 1.016199058890718152e+05 1.016201682116483280e+05 1.016197009016471129e+05 3.333347831541219493e+05 3.208330944762314903e+05 2.596321648910357326e+05 1.970502427829608205e+05 9.409947924265426991e+04 1.016200853848872648e+05 1.016200220873166254e+05 2.319801508844577766e+05 4.353916687949200423e+04 1.016201994806652074e+05 1.016202295492250123e+05 6.233825102936774783e+04 1.016202863136376836e+05 1.016201625249512435e+05
1.410609367635204399e+05 8.177891551463240467e+04 1.592984406751042297e+04 4.509540909883881250e+04 4.762081270847208361e+04 4.762073439400923962e+04 4.762078913641588588e+04 4.762094015103115817e+04 4.762043761066192383e+04 4.762067123356105003e+04 4.762023288486546517e+04 3.611123942652330734e+05 3.489577504187667510e+05 2.875832330304553034e+05 2.413211490838320460e+05 1.388905681894288573e+05 4.762070296019696252e+04 4.762056839868638781e+04 2.743628532463891897e+05 4.053685529414529447e+04 4.762072574497360620e+04 4.578415732779208338e+04 1.218838424478848174e+05 4.762081988560005993e+04 4.762069062510141521e+04
1.410611322003356472e+05 1.016202391053716128e+05 4.509540909883881250e+04 5.033638848636490248e-01 2.777949524783662127e+04 2.777943774715470499e+04 2.777960213232158640e+04 2.777961389536389106e+04 2.777921350973239532e+04 2.777969800093611411e+04 2.777903906765761712e+04 3.611126303763441392e+05 3.489575705572425504e+05 2.875831861096655484e+05 2.413211951440075936e+05 1.388906474705004657e+05 2.777954363335502785e+04 2.777934413580245746e+04 2.743629520433153375e+05 8.333497105808116612e+04 2.777948838658628301e+04 7.577264225736891603e+03 1.388905213277743896e+05 2.777967642131678076e+04 2.777939365820147577e+04
1.410609968321863853e+05 1.016202694134408666e+05 4.762081270847208361e+04 2.777949524783662127e+04 4.956314131551431412e-01 1.810434740292730327e+00 1.709775621473162088e+00 1.704324970971374364e+00 1.416611814989731322e+00 1.719228179957927649e+00 1.211576797220495161e+00 3.611126442652330734e+05 3.489575288905759226e+05 2.875832292427864159e+05 2.413212014658118424e+05 1.388906479302681400e+05 1.668635579747886011e+00 1.527881443769374847e+00 2.743629456876998302e+05 8.333506205224785663e+04 1.715067127240890610e+00 2.020366975424231714e+04 1.388903009877339064e+05 1.660629464515028797e+00 1.750160602869766935e+00
1.410607495264754107e+05 1.016201923014639033e+05 4.762073439400921779e+04 2.777943774715470499e+04 1.810434740292730327e+00 4.650232636812061116e-01 1.383534971265551139e+00 1.591476762299387948e+00 1.216477267647204874e+00 1.536454071660907417e+00 1.033479294079717725e+00 3.611123085318130907e+05 3.489573821598232607e+05 2.875830600680747302e+05 2.413209262009962986e+05 1.388905893726459472e+05 1.310008918085677987e+00 1.303106078670859036e+00 2.743626015100289951e+05 8.333501851496596646e+04 1.194582640998957501e+00 2.020378456572197683e+04 1.388904945940374746e+05 1.644630276865578278e+00 1.870578630644236684e+00
1.410609628815691685e+05 1.016202010464726336e+05 4.762078913641588588e+04 2.777960213232158640e+04 1.709775621473162088e+00 1.383534971265551139e+00 5.331713521760611529e-01 1.453534718802671044e+00 1.332299947160453080e+00 1.405573591664153854e+00 1.131987369143934830e+00 3.611124724409968476e+05 3.489574847324189614e+05 2.875831132408672129e+05 2.413209939478790329e+05 1.388906850528418727e+05 1.463625999599742489e+00 1.494198739833685341e+00 2.743626500536825042e+05 8.333501639620070637e+04 1.429476823996569390e+00 2.020386465405777199e+04 1.388906002925668727e+05 1.615197900308529055e+00 1.796960688436772591e+00
1.410610303079698642e+05 1.016201712432318891e+05 4.762094015103115817e+04 2.777961389536389106e+04 1.704324970971374809e+00 1.591476762299387948e+00 1.453534718802671266e+00 4.743089226397286251e-01 1.444948506661876575e+00 1.581934553878934002e+00 1.231608581009816294e+00 3.611125888104405021e+05 3.489575839596222504e+05 2.875832208715523011e+05 2.413210291486203205e+05 1.388906758609267708e+05 1.488820830916532056e+00 1.576737727803504630e+00 2.743627048476330820e+05 8.333508307656772377e+04 1.500258553481000678e+00 2.020396464829704200e+04 1.388904899530606926e+05 1.642436323390676467e+00 1.863616431430693110e+00
1.410605416741475055e+05 1.016199058890718152e+05 4.762043761066191655e+04 2.777921350973239532e+04 1.416611814989731100e+00 1.216477267647204652e+00 1.332299947160453080e+00 1.444948506661876575e+00 4.214481180170343011e-01 1.395523142409183626e+00 5.906455187975443444e-01 3.611121580074365484e+05 3.489572333750122925e+05 2.875828864203025587e+05 2.413205926095563627e+05 1.388902901224488742e+05 9.838709078152015897e-01 9.025775779344340499e-01 2.743624596047647065e+05 8.333470852619811194e+04 1.085466177269670540e+00 2.020348237577009786e+04 1.388901817881496390e+05 1.515702226512905426e+00 1.527870271105816524e+00
1.410609314727093151e+05 1.016201682116483280e+05 4.762067123356104275e+04 2.777969800093611411e+04 1.719228179957927871e+00 1.536454071660907417e+00 1.405573591664154076e+00 1.581934553878934002e+00 1.395523142409183626e+00 6.407084548440447058e-01 1.161881752258741241e+00 3.611124779165222426e+05 3.489575214342406252e+05 2.875831590856320108e+05 2.413210096127092547e+05 1.388906478124120622e+05 1.502215598482976588e+00 1.524837952341920433e+00 2.743627550958152278e+05 8.333513797059474746e+04 1.529170071434753142e+00 2.020390589257426836e+04 1.388904731591122400e+05 1.478418587295170061e+00 1.865975362475081889e+00
1.410604566534049809e+05 1.016197009016471275e+05 4.762023288486546517e+04 2.777903906765761349e+04 1.211576797220495161e+00 1.033479294079717725e+00 1.131987369143934830e+00 1.231608581009816294e+00 5.906455187975443444e-01 1.161881752258741241e+00 2.514971694094160215e-01 3.611121364123868989e+05 3.489571678027706803e+05 2.875828064326467575e+05 2.413206167618668405e+05 1.388901424992480606e+05 8.358282729060356742e-01 7.115949412648189254e-01 2.743623989805278834e+05 8.333457277470461850e+04 9.087716160380298058e-01 2.020329488468111231e+04 1.388900467074026237e+05 1.300040220993603057e+00 1.332391511198634193e+00
3.321867329284673324e+05 3.333347831541219493e+05 3.611123942652330734e+05 3.611126303763441392e+05 3.611126442652330152e+05 3.611123085318130907e+05 3.611124724409969640e+05 3.611125888104405021e+05 3.611121580074365484e+05 3.611124779165222426e+05 3.611121364123868989e+05 7.932572998435546469e+04 1.705002902749276545e+05 2.080163763825426286e+05 2.584523051480901486e+05 3.333347776825224282e+05 3.611122261218117783e+05 3.611121674084906699e+05 2.316201583785428375e+05 3.333347275985663291e+05 3.611122979998494848e+05 3.611126164874553215e+05 3.333349661881660577e+05 3.611126284858145518e+05 3.611126597403587657e+05
3.200318775922172354e+05 3.208330944762314903e+05 3.489577504187667510e+05 3.489575705572425504e+05 3.489575288905759226e+05 3.489573821598232607e+05 3.489574847324189614e+05 3.489575839596222504e+05 3.489572333750122925e+05 3.489575214342406252e+05 3.489571678027706803e+05 1.705002902749276545e+05 8.051763517143677745e+04 2.041216476641445188e+05 2.462973445378986653e+05 3.211797919665675727e+05 3.489572511678043520e+05 3.489571731065841741e+05 2.189032658114538062e+05 3.211799151496159611e+05 3.489572511891736067e+05 3.489575844461313682e+05 3.211798106336033088e+05 3.489574719393599080e+05 3.489575453318210202e+05
2.586577727074961876e+05 2.596321648910357326e+05 2.875832330304553034e+05 2.875831861096655484e+05 2.875832292427864159e+05 2.875830600680747302e+05 2.875831132408672129e+05 2.875832208715523011e+05 2.875828864203025587e+05 2.875831590856320108e+05 2.875828064326467575e+05 2.080163763825426286e+05 2.041216476641445188e+05 5.663210967656594585e+04 1.849231042382869055e+05 2.598053613972207531e+05 2.875828752656540601e+05 2.875829815150030772e+05 1.545378592519543890e+05 2.598054720476318616e+05 2.875829933042021003e+05 2.875833303089247784e+05 2.598054541551777802e+05 2.875832981899864390e+05 2.875832823021869990e+05
1.546694254708424851e+05 1.970502427829608205e+05 2.413211490838320460e+05 2.413211951440075936e+05 2.413212014658118424e+05 2.413209262009962986e+05 2.413209939478790329e+05 2.413210291486203205e+05 2.413205926095563627e+05 2.413210096127092547e+05 2.413206167618668405e+05 2.584523051480901486e+05 2.462973445378986653e+05 1.849231042382869055e+05 1.652766047500476270e+04 1.521634775602147565e+05 2.413207275779980118e+05 2.413206305165487574e+05 1.328879466743660450e+05 2.135432338107753894e+05 2.413208209186883760e+05 2.413210367725458345e+05 1.817974891125044960e+05 2.413210494103365636e+05 2.413210548106113565e+05
4.639340615421350958e+04 9.409947924265426991e+04 1.388905681894288282e+05 1.388906474705004657e+05 1.388906479302681400e+05 1.388905893726459472e+05 1.388906850528418727e+05 1.388906758609267708e+05 1.388902901224488742e+05 1.388906478124120622e+05 1.388901424992480606e+05 3.333347776825224282e+05 3.211797919665676309e+05 2.598053613972207240e+05 1.521634775602147565e+05 2.882648495900034322e+04 1.388904392459383234e+05 1.388903939463028219e+05 2.103748101917554450e+05 1.111129986860228819e+05 1.388905847168628243e+05 1.388907281055645726e+05 5.038177031895783875e+04 1.388906612549644196e+05 1.388906610767191160e+05
1.410606449727597064e+05 1.016200853848872794e+05 4.762070296019695525e+04 2.777954363335502785e+04 1.668635579747886011e+00 1.310008918085677987e+00 1.463625999599742489e+00 1.488820830916532056e+00 9.838709078152015897e-01 1.502215598482976811e+00 8.358282729060356742e-01 3.611122261218117783e+05 3.489572511678043520e+05 2.875828752656540601e+05 2.413207275779980118e+05 1.388904392459383234e+05 4.376233449867624747e-01 1.036780241556854776e+00 2.743625667693658615e+05 8.333490456790656026e+04 1.201322216680916322e+00 2.020375306063344033e+04 1.388904061732582340e+05 1.619023471940883141e+00 1.708830261011145879e+00
1.410605391802978411e+05 1.016200220873166254e+05 4.762056839868638053e+04 2.777934413580245746e+04 1.527881443769374847e+00 1.303106078670859258e+00 1.494198739833685119e+00 1.576737727803504630e+00 9.025775779344340499e-01 1.524837952341920211e+00 7.115949412648188144e-01 3.611121674084906699e+05 3.489571731065841741e+05 2.875829815150030772e+05 2.413206305165487574e+05 1.388903939463028219e+05 1.036780241556854776e+00 4.547951782019230560e-01 2.743624437652623747e+05 8.333485607768768386e+04 1.123852649678289906e+00 2.020363176846605347e+04 1.388903426397643052e+05 1.536664901143374617e+00 1.609918460120735473e+00
2.090232866357512830e+05 2.319801508844578639e+05 2.743628532463891897e+05 2.743629520433154539e+05 2.743629456876998302e+05 2.743626015100289951e+05 2.743626500536825624e+05 2.743627048476331402e+05 2.743624596047648229e+05 2.743627550958152278e+05 2.743623989805278834e+05 2.316201583785428084e+05 2.189032658114538062e+05 1.545378592519543890e+05 1.328879466743660450e+05 2.103748101917554741e+05 2.743625667693658615e+05 2.743624437652623747e+05 5.925093238499119616e+04 2.465850880182071705e+05 2.743624488598026219e+05 2.743628978667366900e+05 2.205789774589265580e+05 2.743628096062902478e+05 2.743628328943954548e+05
1.132831277405746514e+05 4.353916687949200423e+04 4.053685529414530902e+04 8.333497105808116612e+04 8.333506205224785663e+04 8.333501851496596646e+04 8.333501639620070637e+04 8.333508307656772377e+04 8.333470852619811194e+04 8.333513797059474746e+04 8.333457277470461850e+04 3.333347275985663873e+05 3.211799151496159611e+05 2.598054720476319198e+05 2.135432338107753894e+05 1.111129986860228819e+05 8.333490456790656026e+04 8.333485607768768386e+04 2.465850880182071705e+05 4.591917686711778515e+03 8.333501111203787150e+04 8.333501790216188238e+04 8.661446749298290524e+04 8.333508779160858830e+04 8.333512667337716266e+04
1.410607679562443518e+05 1.016201994806652074e+05 4.762072574497359892e+04 2.777948838658628301e+04 1.715067127240890610e+00 1.194582640998957501e+00 1.429476823996569390e+00 1.500258553481000456e+00 1.085466177269670762e+00 1.529170071434753142e+00 9.087716160380295838e-01 3.611122979998494848e+05 3.489572511891736067e+05 2.875829933042021003e+05 2.413208209186883760e+05 1.388905847168628243e+05 1.201322216680916544e+00 1.123852649678289906e+00 2.743624488598025637e+05 8.333501111203787150e+04 5.203929720807403125e-01 2.020374706145450182e+04 1.388904925029547885e+05 1.601024808680577616e+00 1.776094092214681730e+00
1.410609806191197713e+05 1.016202295492250269e+05 4.578415732779208338e+04 7.577264225736891603e+03 2.020366975424231714e+04 2.020378456572197683e+04 2.020386465405777199e+04 2.020396464829704200e+04 2.020348237577009786e+04 2.020390589257427200e+04 2.020329488468111231e+04 3.611126164874553215e+05 3.489575844461313682e+05 2.875833303089247784e+05 2.413210367725458345e+05 1.388907281055645726e+05 2.020375306063344033e+04 2.020363176846605347e+04 2.743628978667366900e+05 8.333501790216188238e+04 2.020374706145450182e+04 1.101981475896626216e+04 1.388904839541972615e+05 2.020390984180118539e+04 2.020380520179801169e+04
8.153726975074232905e+04 6.233825102936774783e+04 1.218838424478848174e+05 1.388905213277743896e+05 1.388903009877339064e+05 1.388904945940374746e+05 1.388906002925668727e+05 1.388904899530606926e+05 1.388901817881496681e+05 1.388904731591122400e+05 1.388900467074026528e+05 3.333349661881660577e+05 3.211798106336033088e+05 2.598054541551777802e+05 1.817974891125044960e+05 5.038177031895783875e+04 1.388904061732582340e+05 1.388903426397643343e+05 2.205789774589265289e+05 8.661446749298290524e+04 1.388904925029547885e+05 1.388904839541972615e+05 1.782246410146199923e+04 1.388904213797831035e+05 1.388905016621385294e+05
1.410608986392353545e+05 1.016202863136376982e+05 4.762081988560004538e+04 2.777967642131678076e+04 1.660629464515029241e+00 1.644630276865578278e+00 1.615197900308529055e+00 1.642436323390676467e+00 1.515702226512905204e+00 1.478418587295170061e+00 1.300040220993603057e+00 3.611126284858145518e+05 3.489574719393599080e+05 2.875832981899864390e+05 2.413210494103365636e+05 1.388906612549644196e+05 1.619023471940883141e+00 1.536664901143374617e+00 2.743628096062902478e+05 8.333508779160858830e+04 1.601024808680577172e+00 2.020390984180118176e+04 1.388904213797831035e+05 6.591223447325939011e-01 1.843458497395314311e+00
1.410610090674985258e+05 1.016201625249512435e+05 4.762069062510140793e+04 2.777939365820147577e+04 1.750160602869766935e+00 1.870578630644236684e+00 1.796960688436772369e+00 1.863616431430693110e+00 1.527870271105816524e+00 1.865975362475081667e+00 1.332391511198634193e+00 3.611126597403587657e+05 3.489575453318210202e+05 2.875832823021869990e+05 2.413210548106113565e+05 1.388906610767191160e+05 1.708830261011145879e+00 1.609918460120735473e+00 2.743628328943953966e+05 8.333512667337716266e+04 1.776094092214681730e+00 2.020380520179800806e+04 1.388905016621385294e+05 1.843458497395314311e+00 5.306384727024734405e-01
