2.376620403535910009e+04 1.159441536117006181e+05 6.703091087420033000e+04 3.017515233101642661e+04 2.882951236227851768e+04 6.345408801663027843e+05 3.017500392066061613e+04 2.934741950248504872e+05 8.333523938541936514e+04 3.017515677261770179e+04 2.661149994341760612e+04 4.432113630975480773e+05 3.401647758337098057e+05 3.928488412359367067e+04 3.017530316229726668e+04 2.661147046091609445e+04 1.097329360891123215e+05 9.420479770253945026e+04 2.195398906744858250e+05 3.017518832060617933e+04 1.335427651432446728e+05 3.017510768760939754e+04 1.207752157659601216e+05 1.653487994517586194e+05 5.364781660601892509e+05
1.159441536117006181e+05 1.213091977671018284e+00 7.065438801207009237e+04 1.304368442153473297e+05 1.086978108629040362e+05 6.128019528458699351e+05 1.304366272261271370e+05 2.717351979442164302e+05 5.435000692505726329e+04 1.304369048683091969e+05 1.304370176028450805e+05 4.214724710229459452e+05 3.184258120296767447e+05 9.840023888763489958e+04 1.304369092714988219e+05 1.304370076988302317e+05 2.296296522316243136e+04 4.348043963519311365e+04 1.978008999589370796e+05 1.304368090514851210e+05 9.864581941632158123e+04 1.304367312397325441e+05 4.529196102706473175e+04 1.436097969096455781e+05 5.147392758896309533e+05
6.703091087420033000e+04 7.065438801207009237e+04 1.081735139619140136e+04 8.152360251485400659e+04 5.838233912389756733e+04 6.345409797449551988e+05 8.152336153589632886e+04 2.934742984941531904e+05 1.773166382562597937e+04 8.152366934608150041e+04 8.152383803594845813e+04 4.432115932283177972e+05 3.401648316095928894e+05 4.806135964747331309e+04 8.152362214103541919e+04 8.152378986282713595e+04 6.444290903627546504e+04 4.658393001151658245e+04 2.195399895665412769e+05 8.152354022443962458e+04 1.312544578321318841e+05 8.152355690269239130e+04 9.012921263473971339e+04 1.653489041391906212e+05 5.364783855551811866e+05
3.017515233101642661e+04 1.304368442153473297e+05 8.152360251485400659e+04 1.048211560102608297e+00 4.348009443270960037e+04 6.345408237114651129e+05 2.174053142228211800e+04 2.934740571048976853e+05 9.782799520802909683e+04 2.174077474583044022e+04 2.174093451449641725e+04 4.432112743531821179e+05 3.401646456485947710e+05 5.377764440411946271e+04 2.174077748180540584e+04 2.174091987070003597e+04 1.242256189549044211e+05 1.086975895563413651e+05 2.195397214963726292e+05 1.523154726758933597e+00 1.335425815734221251e+05 1.494759279616469927e+00 1.304369116557312955e+05 1.653486452459281136e+05 5.364780987180541269e+05
2.882951236227851768e+04 1.086978108629040362e+05 5.838233912389757461e+04 4.348009443270960037e+04 7.021844277797546283e+02 6.345408963792736176e+05 4.347992897016368079e+04 2.934742668898511911e+05 7.608892075956164626e+04 4.348014055382190418e+04 4.312388668933876761e+04 4.432114316007621237e+05 3.401648055253556231e+05 1.065569904363607384e+04 4.348023594844932086e+04 4.312390031199065561e+04 1.024865370622220944e+05 8.695853303545291419e+04 2.195399838209658628e+05 4.348007884488667332e+04 1.335428493373485398e+05 4.348001180701675185e+04 1.159443763857996091e+05 1.653489371702296485e+05 5.364781837508110330e+05
6.345408801663027843e+05 6.128019528458699351e+05 6.345409797449551988e+05 6.345408237114649964e+05 6.345408963792736176e+05 2.767867266025754507e+05 6.345407411393517395e+05 5.363294439439583803e+05 6.345409876768969698e+05 6.345408451356473379e+05 6.345409462635598611e+05 5.040975368554730085e+05 5.301378857591769192e+05 6.345409652422516374e+05 6.345408663075540680e+05 6.345409013576564612e+05 6.190131100195038598e+05 6.345410426544561051e+05 5.338546479719697963e+05 6.345408464150495129e+05 5.858494990788571304e+05 6.345407776691046311e+05 6.055555334493470145e+05 5.558798263314595679e+05 4.948186365213488461e+05
3.017500392066061613e+04 1.304366272261271370e+05 8.152336153589632886e+04 2.174053142228211800e+04 4.347992897016368079e+04 6.345407411393517395e+05 8.271556889528951517e-01 2.934738172812127159e+05 9.782777703100345389e+04 1.402380465499328821e+00 2.174074892835444189e+04 4.432111653975673253e+05 3.401644307836545631e+05 5.377740102415107685e+04 1.361672892554903758e+00 2.174076729149487801e+04 1.242253770993489015e+05 1.086973548026851931e+05 2.195394930923205102e+05 2.174045801466251942e+04 1.335424157990423555e+05 2.174043333104140038e+04 1.304367107207962545e+05 1.653484699627550435e+05 5.364780200392234838e+05
2.934741950248504872e+05 2.717351979442164302e+05 2.934742984941531904e+05 2.934740571048976853e+05 2.934742668898511911e+05 5.363294439439583803e+05 2.934738172812127159e+05 9.563524584468337707e+04 2.934742633922487730e+05 2.934740963293170789e+05 2.934742434351916309e+05 3.053033285877772723e+05 2.174428278724568372e+05 2.934742390264675487e+05 2.934740977171385312e+05 2.934742388261263841e+05 2.779463501683255890e+05 2.934743503812447307e+05 1.728378529745968117e+05 2.934739721092858817e+05 2.324477352543184534e+05 2.934740043309425237e+05 2.643486359856183408e+05 2.184507519313253579e+05 4.491363269275359926e+05
8.333523938541936514e+04 5.435000692505726329e+04 1.773166382562597573e+04 9.782799520802909683e+04 7.608892075956164626e+04 6.345409876768969698e+05 9.782777703100345389e+04 2.934742633922487730e+05 1.087074514848885156e+04 9.782809478391152516e+04 9.782822103917674394e+04 4.432115657326529035e+05 3.401649323111545527e+05 6.579131514856437570e+04 9.782800066112763307e+04 9.782821410083823139e+04 4.813859193291061092e+04 3.011592872677852938e+04 2.195399809034245263e+05 9.782792067218662123e+04 1.258197053028164810e+05 9.782794074443045247e+04 7.790091603348289209e+04 1.653488963889183069e+05 5.364783041426145937e+05
3.017515677261770179e+04 1.304369048683091969e+05 8.152366934608148586e+04 2.174077474583044022e+04 4.348014055382190418e+04 6.345408451356473379e+05 1.402380465499328821e+00 2.934740963293170789e+05 9.782809478391152516e+04 1.036523708993668080e+00 2.174107040277151464e+04 4.432113290904409369e+05 3.401646728108558455e+05 5.377770279852415842e+04 1.709429831435610225e+00 2.174109669095823847e+04 1.242256314276451303e+05 1.086976385844202596e+05 2.195397686581215530e+05 2.174083807212967076e+04 1.335426914829495945e+05 2.174080119719311188e+04 1.304369858602331806e+05 1.653487060202736757e+05 5.364781448878151132e+05
2.661149994341760612e+04 1.304370176028450805e+05 8.152383803594845813e+04 2.174093451449641725e+04 4.312388668933876761e+04 6.345409462635598611e+05 2.174074892835444189e+04 2.934742434351916309e+05 9.782822103917674394e+04 2.174107040277151464e+04 1.080856007537158048e+00 4.432114702820492093e+05 3.401647179199332022e+05 5.377781361363087490e+04 2.174104149736414547e+04 1.696914220016849217e+00 1.242258016886428813e+05 1.086977516494168085e+05 2.195399533174485259e+05 2.174087813321606882e+04 1.335427962915717508e+05 2.174082963384480172e+04 1.304370904399192950e+05 1.653488307509439182e+05 5.364781951976197306e+05
4.432113630975480773e+05 4.214724710229460034e+05 4.432115932283177972e+05 4.432112743531821179e+05 4.432114316007621819e+05 5.040975368554730085e+05 4.432111653975673253e+05 3.053033285877772723e+05 4.432115657326529035e+05 4.432113290904409369e+05 4.432114702820492093e+05 2.077465155648390064e+05 3.331026700945805060e+05 4.432114864585073665e+05 4.432113224976438214e+05 4.432113827960325871e+05 4.276837013734170469e+05 4.432115719694126165e+05 3.562552518741626409e+05 4.432113413587444229e+05 3.828978538691530703e+05 4.432112180318291648e+05 4.142260582983809873e+05 3.698421663730264991e+05 4.183122629952881252e+05
3.401647758337098057e+05 3.184258120296767447e+05 3.401648316095928894e+05 3.401646456485947128e+05 3.401648055253555649e+05 5.301378857591769192e+05 3.401644307836546213e+05 2.174428278724568372e+05 3.401649323111545527e+05 3.401646728108558455e+05 3.401647179199332022e+05 3.331026700945805642e+05 9.400423878395573411e+04 3.401648415667894878e+05 3.401646478283400647e+05 3.401647173130321898e+05 3.246369644882061984e+05 3.401648812159083318e+05 2.087551624665620038e+05 3.401646023971226532e+05 2.935810810042137746e+05 3.401645210909341695e+05 3.111794204091155552e+05 2.640780611691232771e+05 4.480824913031201577e+05
3.928488412359367067e+04 9.840023888763489958e+04 4.806135964747331309e+04 5.377764440411946271e+04 1.065569904363607566e+04 6.345409652422515210e+05 5.377740102415107685e+04 2.934742390264675487e+05 6.579131514856437570e+04 5.377770279852415842e+04 5.377781361363087490e+04 4.432114864585073665e+05 3.401648415667894878e+05 1.084062031098138868e+04 5.377770793959661387e+04 5.377784511259596911e+04 9.218892112875412568e+04 7.666100640521860623e+04 2.195398042698314821e+05 5.377757255154043378e+04 1.324588418685180077e+05 5.377753840185886656e+04 1.056467614068607654e+05 1.653488320517550746e+05 5.364783168995504966e+05
3.017530316229725941e+04 1.304369092714988219e+05 8.152362214103541919e+04 2.174077748180540584e+04 4.348023594844932086e+04 6.345408663075540680e+05 1.361672892554903536e+00 2.934740977171385312e+05 9.782800066112763307e+04 1.709429831435610225e+00 2.174104149736414547e+04 4.432113224976438214e+05 3.401646478283400647e+05 5.377770793959661387e+04 1.097817429308365345e+00 2.174102197553541555e+04 1.242256646124623949e+05 1.086975884116735833e+05 2.195398215524536790e+05 2.174083519012867328e+04 1.335427121804062335e+05 2.174080969715755418e+04 1.304369791154517152e+05 1.653487646870756871e+05 5.364781194032209460e+05
2.661147046091609445e+04 1.304370076988302317e+05 8.152378986282713595e+04 2.174091987070004325e+04 4.312390031199065561e+04 6.345409013576564612e+05 2.174076729149488165e+04 2.934742388261263841e+05 9.782821410083823139e+04 2.174109669095824211e+04 1.696914220016849217e+00 4.432113827960325871e+05 3.401647173130321898e+05 5.377784511259597639e+04 2.174102197553541919e+04 1.062366010401702532e+00 1.242257979852441931e+05 1.086976986306484177e+05 2.195400251439878775e+05 2.174092052296759721e+04 1.335428069369465811e+05 2.174086852171919963e+04 1.304371633605642564e+05 1.653489093646086112e+05 5.364782365166192176e+05
1.097329360891123215e+05 2.296296522316243136e+04 6.444290903627546504e+04 1.242256189549044211e+05 1.024865370622220944e+05 6.190131100195038598e+05 1.242253770993488579e+05 2.779463501683255890e+05 4.813859193291061092e+04 1.242256314276451012e+05 1.242258016886428813e+05 4.276837013734169886e+05 3.246369644882061984e+05 9.218892112875412568e+04 1.242256646124623949e+05 1.242257979852441931e+05 2.294256612349974966e+04 3.064393811506677957e+04 2.040119252007677278e+05 1.242255427236860705e+05 1.048568697404373233e+05 1.242255085615036805e+05 4.406015821429779317e+04 1.498208778264701832e+05 5.209504980364072835e+05
9.420479770253945026e+04 4.348043963519311365e+04 4.658393001151658245e+04 1.086975895563413651e+05 8.695853303545291419e+04 6.345410426544561051e+05 1.086973548026851931e+05 2.934743503812447307e+05 3.011592872677852938e+04 1.086976385844202596e+05 1.086977516494168085e+05 4.432115719694126165e+05 3.401648812159083318e+05 7.666100640521860623e+04 1.086975884116735833e+05 1.086976986306484177e+05 3.064393811506677957e+04 4.417957030193142600e+03 2.195400361331792374e+05 1.086975498528474709e+05 1.203848970299372158e+05 1.086975112884216069e+05 6.703136271847007447e+04 1.653488811919019499e+05 5.364783051643817453e+05
2.195398906744858250e+05 1.978008999589370796e+05 2.195399895665412769e+05 2.195397214963726292e+05 2.195399838209658628e+05 5.338546479719697963e+05 2.195394930923205102e+05 1.728378529745968117e+05 2.195399809034245263e+05 2.195397686581215530e+05 2.195399533174485259e+05 3.562552518741626409e+05 2.087551624665620038e+05 2.195398042698314821e+05 2.195398215524536790e+05 2.195400251439878775e+05 2.040119252007677278e+05 2.195400361331792374e+05 3.237359222894709092e+04 2.195396787457313330e+05 1.729561512810970598e+05 2.195396787689875928e+05 1.905544156634183018e+05 1.437871989871461701e+05 4.495220121896755882e+05
3.017518832060617933e+04 1.304368090514851210e+05 8.152354022443962458e+04 1.523154726758933597e+00 4.348007884488667332e+04 6.345408464150493965e+05 2.174045801466251942e+04 2.934739721092858817e+05 9.782792067218662123e+04 2.174083807212967076e+04 2.174087813321606882e+04 4.432113413587444229e+05 3.401646023971226532e+05 5.377757255154043378e+04 2.174083519012867328e+04 2.174092052296759357e+04 1.242255427236860705e+05 1.086975498528474709e+05 2.195396787457313330e+05 1.029555607966592845e+00 1.335425448952804436e+05 1.403894528864486624e+00 1.304369220842877839e+05 1.653486247930615209e+05 5.364781661573632155e+05
1.335427651432446728e+05 9.864581941632158123e+04 1.312544578321318841e+05 1.335425815734221251e+05 1.335428493373485398e+05 5.858494990788571304e+05 1.335424157990423555e+05 2.324477352543184243e+05 1.258197053028164810e+05 1.335426914829495945e+05 1.335427962915717508e+05 3.828978538691530703e+05 2.935810810042137746e+05 1.324588418685180077e+05 1.335427121804062335e+05 1.335428069369465811e+05 1.048568697404373233e+05 1.203848970299372158e+05 1.729561512810970598e+05 1.335425448952804436e+05 2.751610570845152324e+04 1.335424149434139836e+05 7.081826200978679117e+04 8.587003688347275602e+04 4.733041876335893758e+05
3.017510768760939754e+04 1.304367312397325441e+05 8.152355690269239130e+04 1.494759279616469927e+00 4.348001180701675185e+04 6.345407776691046311e+05 2.174043333104140038e+04 2.934740043309425237e+05 9.782794074443045247e+04 2.174080119719311188e+04 2.174082963384480172e+04 4.432112180318291066e+05 3.401645210909341695e+05 5.377753840185886656e+04 2.174080969715755418e+04 2.174086852171919600e+04 1.242255085615036805e+05 1.086975112884216069e+05 2.195396787689875928e+05 1.403894528864486624e+00 1.335424149434139836e+05 9.451643648715025714e-01 1.304367516544459941e+05 1.653485209308122576e+05 5.364780715317785507e+05
1.207752157659601216e+05 4.529196102706473175e+04 9.012921263473971339e+04 1.304369116557312955e+05 1.159443763857996091e+05 6.055555334493470145e+05 1.304367107207962545e+05 2.643486359856182826e+05 7.790091603348289209e+04 1.304369858602331806e+05 1.304370904399192950e+05 4.142260582983809873e+05 3.111794204091155552e+05 1.056467614068607654e+05 1.304369791154517152e+05 1.304371633605642564e+05 4.406015821429779317e+04 6.703136271847007447e+04 1.905544156634183018e+05 1.304369220842877839e+05 7.081826200978679117e+04 1.304367516544459941e+05 2.468589961711382057e+04 1.241350091228336387e+05 5.074928346797319828e+05
1.653487994517586194e+05 1.436097969096455781e+05 1.653489041391906212e+05 1.653486452459281136e+05 1.653489371702296485e+05 5.558798263314595679e+05 1.653484699627550435e+05 2.184507519313253579e+05 1.653488963889183069e+05 1.653487060202736466e+05 1.653488307509439182e+05 3.698421663730264991e+05 2.640780611691232771e+05 1.653488320517550746e+05 1.653487646870756580e+05 1.653489093646086112e+05 1.498208778264701832e+05 1.653488811919019499e+05 1.437871989871461701e+05 1.653486247930615209e+05 8.587003688347275602e+04 1.653485209308122285e+05 1.241350091228336823e+05 2.627315946700765198e+04 4.223480979580829735e+05
5.364781660601891344e+05 5.147392758896308369e+05 5.364783855551811866e+05 5.364780987180541269e+05 5.364781837508109165e+05 4.948186365213488461e+05 5.364780200392234838e+05 4.491363269275359926e+05 5.364783041426144773e+05 5.364781448878151132e+05 5.364781951976197306e+05 4.183122629952881252e+05 4.480824913031201577e+05 5.364783168995504966e+05 5.364781194032209460e+05 5.364782365166192176e+05 5.209504980364072835e+05 5.364783051643816289e+05 4.495220121896755300e+05 5.364781661573632155e+05 4.733041876335892593e+05 5.364780715317785507e+05 5.074928346797320410e+05 4.223480979580830317e+05 2.251515531062691880e+05
