7.436514451601673500e+04 4.316227351841531345e+05 4.316226576214936213e+05 3.467088706444576965e+05 4.316226785953652579e+05 3.019935588311015745e+05 2.938634549177001463e+05 4.316227550943598617e+05 4.316227682607702445e+05 4.316229503250781563e+05 2.301098534125544538e+05 3.548388797813638812e+05 2.735380720318808453e+05 2.739928917819291819e+05 4.316229264763758401e+05 4.316230226044041337e+05 4.036195033635188011e+05 4.159483988987158518e+05 4.316226823246128624e+05 4.036193741355938255e+05 2.803335506187073770e+05 1.911705178799073619e+05 4.316230698468909832e+05 4.316228061597851920e+05 4.316227248756944318e+05
4.316227351841529598e+05 4.628365089009381372e-01 1.059731520613989453e+00 1.788634577983042109e+05 1.276287657329588487e+00 2.994962460921575548e+05 2.073187646612859389e+05 2.439174005186045179e+04 2.439169304589006060e+04 1.503205136658628760e+00 5.318656939844092121e+05 1.485604901249143877e+05 3.458425613225821871e+05 2.682943025574733038e+05 1.361801458528956177e+00 1.595971273068765850e+00 8.333516112241234805e+04 6.007399644668438850e+04 1.219649113842386396e+04 7.317251446207833942e+04 2.346187150020895060e+05 3.848251142863298883e+05 1.585041783799676196e+00 2.439181234040343043e+04 2.439174549145216224e+04
4.316226576214936213e+05 1.059731520613989453e+00 3.404044484084605693e-01 1.788630559391813877e+05 9.989890879543161795e-01 2.994959238733210950e+05 2.073183483211634739e+05 2.439150999819636490e+04 2.439156131412427203e+04 1.176972600989322881e+00 5.318656207808045438e+05 1.485600189844541310e+05 3.458423814174197032e+05 2.682939628191767843e+05 1.107051392829160763e+00 1.214757060115049248e+00 8.333466424165795615e+04 6.007355008418142097e+04 1.219600275144243824e+04 7.317201579144498101e+04 2.346183503423347720e+05 3.848250488978568465e+05 1.147710953592207428e+00 2.439151986159712760e+04 2.439129867909369204e+04
3.467088706444578129e+05 1.788634577983042109e+05 1.788630559391813877e+05 1.084072267603310502e+04 1.788633745196434902e+05 1.490899949477835617e+05 5.284704889069373166e+04 1.788634642534681188e+05 1.788634941226165975e+05 1.788635113252484880e+05 4.505653066404472338e+05 3.030441541651834996e+04 2.157617387947230018e+05 1.382131381196100265e+05 1.788634499769432878e+05 1.788635284010834293e+05 1.199202820669365028e+05 1.431813452408851299e+05 1.788631130131668760e+05 1.300828490495140722e+05 1.001029026380881551e+05 2.547443451320983586e+05 1.788635271048332506e+05 1.788635110720193479e+05 1.788632272269083769e+05
4.316226785953651997e+05 1.276287657329588487e+00 9.989890879543161795e-01 1.788633745196434902e+05 5.275747380931453678e-01 2.994961906437901198e+05 2.073186087484856544e+05 2.439150613309309847e+04 2.439162599105584013e+04 1.485308745539875686e+00 5.318656560277694371e+05 1.485604121002331085e+05 3.458425765314071905e+05 2.682942766003577271e+05 1.550995220912544381e+00 1.448844679584805561e+00 8.333502168135103420e+04 6.007382774057430652e+04 1.219628601842593889e+04 7.317235966459536576e+04 2.346185827682676318e+05 3.848250680962919141e+05 1.459290152204205437e+00 2.439167311281134607e+04 2.439149457044101291e+04
3.019935588311015745e+05 2.994962460921576130e+05 2.994959238733211532e+05 1.490899949477835326e+05 2.994961906437901198e+05 3.704613936763173115e+04 1.450249030975902278e+05 2.994962687008335488e+05 2.994963668158377404e+05 2.994963125325496658e+05 4.058495608351657283e+05 1.572199984984426410e+05 1.114679747972219920e+05 9.504256538604978414e+04 2.994963929508875008e+05 2.994963609983791830e+05 2.422470352901507285e+05 2.638143212782209157e+05 2.994959676635537762e+05 2.507159912728666968e+05 1.201041583413114422e+05 1.740572117523883062e+05 2.994962405118630850e+05 2.994963647706168704e+05 2.994960909811129677e+05
2.938634549177001463e+05 2.073187646612859098e+05 2.073183483211634739e+05 5.284704889069373166e+04 2.073186087484856544e+05 1.450249030975902278e+05 1.219577824122034508e+04 2.073187165270966652e+05 2.073187748401424033e+05 2.073188295509417076e+05 3.977197279321346432e+05 8.315001402303908253e+04 2.116966804818062228e+05 8.536764641328484868e+04 2.073187977616046846e+05 2.073188470642750035e+05 1.483756166759374610e+05 1.716368032975052192e+05 2.073184033045340038e+05 1.585381565218383330e+05 4.725730958304620435e+04 2.506793201139001467e+05 2.073188013641115685e+05 2.073187848082458368e+05 2.073185708340043493e+05
4.316227550943598617e+05 2.439174005186045179e+04 2.439150999819636490e+04 1.788634642534681188e+05 2.439150613309309847e+04 2.994962687008335488e+05 2.073187165270966652e+05 4.941543801698475846e-01 1.292077953776647359e+00 2.439180408872870976e+04 5.318656024110949365e+05 1.485604955635902297e+05 3.458426577088474296e+05 2.682943479545309092e+05 2.439200960118468720e+04 2.439189720583021699e+04 5.894481448807975539e+04 3.568359007885086612e+04 1.219626850923438724e+04 4.878214396366090659e+04 2.346186579354649875e+05 3.848252129352663178e+05 2.439191802034391367e+04 1.343167567142639518e+00 1.287670508538845793e+00
4.316227682607702445e+05 2.439169304589006060e+04 2.439156131412427203e+04 1.788634941226165975e+05 2.439162599105584013e+04 2.994963668158377404e+05 2.073187748401424033e+05 1.292077953776647359e+00 5.443723567834722887e-01 2.439184107062361727e+04 5.318656428534502629e+05 1.485605152618072752e+05 3.458427130493576988e+05 2.682944357139426866e+05 2.439197323463368593e+04 2.439196754725722349e+04 5.894483284899530554e+04 3.568365675892405852e+04 1.219644379556910280e+04 4.878225856384998769e+04 2.346187967945522687e+05 3.848251928154151537e+05 2.439201455173806244e+04 1.381220730043778211e+00 1.392969393741759543e+00
4.316229503250781563e+05 1.503205136658628760e+00 1.176972600989322881e+00 1.788635113252484880e+05 1.485308745539875686e+00 2.994963125325496658e+05 2.073188295509417076e+05 2.439180408872870976e+04 2.439184107062361727e+04 5.892496261047092121e-01 5.318657611714465311e+05 1.485604587822580070e+05 3.458427595145960804e+05 2.682943806973441970e+05 1.533016432101420579e+00 1.566092472600054464e+00 8.333512570873752702e+04 6.007393817253031739e+04 1.219647360244211632e+04 7.317252153023080609e+04 2.346188292448289285e+05 3.848253190261914860e+05 1.512889446353705480e+00 2.439181571912828804e+04 2.439174436004203017e+04
2.301098534125544829e+05 5.318656939844092121e+05 5.318656207808046602e+05 4.505653066404472338e+05 5.318656560277694371e+05 4.058495608351657866e+05 3.977197279321347014e+05 5.318656024110949365e+05 5.318656428534502629e+05 5.318657611714465311e+05 7.255528860001308203e+04 4.586952890736644622e+05 3.567564589833392529e+05 3.855245155987664475e+05 5.318659001172644785e+05 5.318659059332129546e+05 5.074756766524764244e+05 5.196707757067321800e+05 5.318656500787540572e+05 5.074757530413651839e+05 3.855246084904554300e+05 3.222381726679306012e+05 5.318659083650842076e+05 5.318657805287829833e+05 5.318656141720170854e+05
3.548388797813639394e+05 1.485604901249143877e+05 1.485600189844541310e+05 3.030441541651836087e+04 1.485604121002331085e+05 1.572199984984426410e+05 8.315001402303908253e+04 1.485604955635902297e+05 1.485605152618072752e+05 1.485604587822580070e+05 4.586952890736644622e+05 4.031952070594047655e+03 2.238917116999532445e+05 1.463431890562773333e+05 1.485605442694206140e+05 1.485605416819288221e+05 8.961721925138511870e+04 1.128783754717111733e+05 1.485601190872157458e+05 9.977979256994105526e+04 1.122644391464017826e+05 2.628741972113451338e+05 1.485604618706572219e+05 1.485604782202503411e+05 1.485602409245356102e+05
2.735380720318808453e+05 3.458425613225822453e+05 3.458423814174197032e+05 2.157617387947230018e+05 3.458425765314071905e+05 1.114679747972219920e+05 2.116966804818062519e+05 3.458426577088474296e+05 3.458427130493576988e+05 3.458427595145960804e+05 3.567564589833392529e+05 2.238917116999532445e+05 3.269593498000876934e+04 1.751113463696547260e+05 3.458427586380469729e+05 3.458427021684718784e+05 2.970623513220840832e+05 3.101609266657758853e+05 3.458423771589901298e+05 2.970623202331116772e+05 1.867762212665248953e+05 1.442939563538814546e+05 3.458428095593034523e+05 3.458426498899782891e+05 3.458424741519987001e+05
2.739928917819292401e+05 2.682943025574733038e+05 2.682939628191767843e+05 1.382131381196100265e+05 2.682942766003577271e+05 9.504256538604978414e+04 8.536764641328486323e+04 2.682943479545309092e+05 2.682944357139426866e+05 2.682943806973441970e+05 3.855245155987664475e+05 1.463431890562773333e+05 1.751113463696547260e+05 2.410873985941622959e+04 2.682944646776542068e+05 2.682944630880010081e+05 2.093514024952786567e+05 2.326122755500394560e+05 2.682940242222663364e+05 2.195140262487900036e+05 4.822701996716099529e+04 2.183358618260268122e+05 2.682943527786366758e+05 2.682944668259843602e+05 2.682941619521432440e+05
4.316229264763758401e+05 1.361801458528956177e+00 1.107051392829160763e+00 1.788634499769432878e+05 1.550995220912544381e+00 2.994963929508875008e+05 2.073187977616046846e+05 2.439200960118468720e+04 2.439197323463368593e+04 1.533016432101420579e+00 5.318659001172644785e+05 1.485605442694206140e+05 3.458427586380469729e+05 2.682944646776542068e+05 5.283577113870349118e-01 1.527764669958945776e+00 8.333508715268471860e+04 6.007400575038752868e+04 1.219655376705265735e+04 7.317238068076390482e+04 2.346188457579462847e+05 3.848254011557464255e+05 1.640023159302924638e+00 2.439192916716908803e+04 2.439185528651051209e+04
4.316230226044040755e+05 1.595971273068765850e+00 1.214757060115049248e+00 1.788635284010834293e+05 1.448844679584805561e+00 2.994963609983791830e+05 2.073188470642750035e+05 2.439189720583021699e+04 2.439196754725722349e+04 1.566092472600054464e+00 5.318659059332129546e+05 1.485605416819288221e+05 3.458427021684718784e+05 2.682944630880010081e+05 1.527764669958945776e+00 4.976026847409960041e-01 8.333503449433147034e+04 6.007385405899088073e+04 1.219651325203477063e+04 7.317235526636231225e+04 2.346187844887624960e+05 3.848254644986999920e+05 1.505053856624497310e+00 2.439190809219733273e+04 2.439182685191893324e+04
4.036195033635188011e+05 8.333516112241234805e+04 8.333466424165795615e+04 1.199202820669364883e+05 8.333502168135103420e+04 2.422470352901507285e+05 1.483756166759374610e+05 5.894481448807974812e+04 5.894483284899530554e+04 8.333512570873752702e+04 5.074756766524763661e+05 8.961721925138510414e+04 2.970623513220840832e+05 2.093514024952786567e+05 8.333508715268471860e+04 8.333503449433147034e+04 1.185690195139017669e+04 2.326256970909793017e+04 7.113964691881911131e+04 1.016396180683246712e+04 1.756756674816616869e+05 3.360451139273904846e+05 8.333512627683969913e+04 5.894489544660180400e+04 5.894454355640112772e+04
4.159483988987158518e+05 6.007399644668439578e+04 6.007355008418142097e+04 1.431813452408851299e+05 6.007382774057430652e+04 2.638143212782209157e+05 1.716368032975052774e+05 3.568359007885086612e+04 3.568365675892405852e+04 6.007393817253031739e+04 5.196707757067321800e+05 1.128783754717111733e+05 3.101609266657758853e+05 2.326122755500394560e+05 6.007400575038752868e+04 6.007385405899088073e+04 2.326256970909793381e+04 1.393552590150423748e+04 4.787847355965747556e+04 1.309993674936343268e+04 1.989367704837725905e+05 3.491434897028084379e+05 6.007392637024392025e+04 3.568373776348558749e+04 3.568336013653557166e+04
4.316226823246128624e+05 1.219649113842386396e+04 1.219600275144243824e+04 1.788631130131668760e+05 1.219628601842593889e+04 2.994959676635537180e+05 2.073184033045340038e+05 1.219626850923438724e+04 1.219644379556910280e+04 1.219647360244211632e+04 5.318656500787540572e+05 1.485601190872157458e+05 3.458423771589901298e+05 2.682940242222663364e+05 1.219655376705265735e+04 1.219651325203477063e+04 7.113964691881911131e+04 4.787847355965747556e+04 1.219552039967568817e+04 6.097696241225419362e+04 2.346184351991594594e+05 3.848250513880478684e+05 1.219650071340837530e+04 1.219637101372766665e+04 1.219605576648777969e+04
4.036193741355938255e+05 7.317251446207833942e+04 7.317201579144498101e+04 1.300828490495140722e+05 7.317235966459536576e+04 2.507159912728666968e+05 1.585381565218383621e+05 4.878214396366089932e+04 4.878225856384998769e+04 7.317252153023080609e+04 5.074757530413651839e+05 9.977979256994105526e+04 2.970623202331116190e+05 2.195140262487900036e+05 7.317238068076390482e+04 7.317235526636231225e+04 1.016396180683246712e+04 1.309993674936342723e+04 6.097696241225419362e+04 5.111806404206398202e-01 1.858383584456003446e+05 3.360450596794488956e+05 7.317243138528587588e+04 4.878215256639894505e+04 4.878196276749631943e+04
2.803335506187073770e+05 2.346187150020895060e+05 2.346183503423347720e+05 1.001029026380881551e+05 2.346185827682676318e+05 1.201041583413114422e+05 4.725730958304620435e+04 2.346186579354649875e+05 2.346187967945522687e+05 2.346188292448289285e+05 3.855246084904554300e+05 1.122644391464017826e+05 1.867762212665248953e+05 4.822701996716099529e+04 2.346188457579462847e+05 2.346187844887624960e+05 1.756756674816616869e+05 1.989367704837725905e+05 2.346184351991594594e+05 1.858383584456003737e+05 2.372411114839270522e+04 2.279721050030951446e+05 2.346186429670521757e+05 2.346188068537709187e+05 2.346185406167501933e+05
1.911705178799073619e+05 3.848251142863298883e+05 3.848250488978568465e+05 2.547443451320983586e+05 3.848250680962919141e+05 1.740572117523883353e+05 2.506793201139001467e+05 3.848252129352663178e+05 3.848251928154150373e+05 3.848253190261914278e+05 3.222381726679306012e+05 2.628741972113451338e+05 1.442939563538814546e+05 2.183358618260268122e+05 3.848254011557464255e+05 3.848254644986999920e+05 3.360451139273904846e+05 3.491434897028083215e+05 3.848250513880478684e+05 3.360450596794488956e+05 2.279721050030951446e+05 5.650801557855387364e+04 3.848254634751256090e+05 3.848252603319780901e+05 3.848251054879470030e+05
4.316230698468909832e+05 1.585041783799676196e+00 1.147710953592207428e+00 1.788635271048333088e+05 1.459290152204205437e+00 2.994962405118630850e+05 2.073188013641115976e+05 2.439191802034391367e+04 2.439201455173806244e+04 1.512889446353705480e+00 5.318659083650842076e+05 1.485604618706572510e+05 3.458428095593035105e+05 2.682943527786366758e+05 1.640023159302924638e+00 1.505053856624497310e+00 8.333512627683969913e+04 6.007392637024392025e+04 1.219650071340837530e+04 7.317243138528587588e+04 2.346186429670521757e+05 3.848254634751256090e+05 4.726707090638384012e-01 2.439187322876055623e+04 2.439175913580809356e+04
4.316228061597850756e+05 2.439181234040343043e+04 2.439151986159712760e+04 1.788635110720193479e+05 2.439167311281134607e+04 2.994963647706168704e+05 2.073187848082458368e+05 1.343167567142639518e+00 1.381220730043778211e+00 2.439181571912828804e+04 5.318657805287829833e+05 1.485604782202503411e+05 3.458426498899782891e+05 2.682944668259843602e+05 2.439192916716908803e+04 2.439190809219733273e+04 5.894489544660180400e+04 3.568373776348558749e+04 1.219637101372766665e+04 4.878215256639894505e+04 2.346188068537709187e+05 3.848252603319780901e+05 2.439187322876055623e+04 5.155712298784101977e-01 1.457768025780855625e+00
4.316227248756944318e+05 2.439174549145216224e+04 2.439129867909369204e+04 1.788632272269083769e+05 2.439149457044101291e+04 2.994960909811129677e+05 2.073185708340043493e+05 1.287670508538845793e+00 1.392969393741759543e+00 2.439174436004203017e+04 5.318656141720170854e+05 1.485602409245356102e+05 3.458424741519987001e+05 2.682941619521432440e+05 2.439185528651051209e+04 2.439182685191893324e+04 5.894454355640112772e+04 3.568336013653557166e+04 1.219605576648777969e+04 4.878196276749631943e+04 2.346185406167501933e+05 3.848251054879470612e+05 2.439175913580809356e+04 1.457768025780855625e+00 4.903117593944720243e-01
