4.375327574401422680e+03 8.666825901063712081e+04 2.700014609185160371e+05 2.750151408515664662e+04 2.250127761411866595e+04 4.000146435228035261e+04 3.108364004650442512e+05 3.600010746145004523e+05 2.250160782027782989e+04 2.250136439287143730e+04 2.142440694859839568e+05 1.533346756091690913e+05 1.678700186623985792e+04 1.822236492440573056e+05 2.250155939986835438e+04 2.250155812989007609e+04 2.250125621634010531e+04 2.250140222574364452e+04 6.627607126399675326e+04 2.250110779092168741e+04 2.514299579712142877e+05 3.968891698560370423e+04 1.057156458979924064e+05 2.250135981244768482e+04 2.250151760947121511e+04
8.666825901063712081e+04 1.638924187126951438e+04 2.233348933070848871e+05 7.666812024974690576e+04 1.066678249848657288e+05 6.666802577715506777e+04 2.641700159882318112e+05 3.133347070631613024e+05 1.066681240107120248e+05 1.066682524913412635e+05 1.675773597129521077e+05 1.039231973531456315e+05 1.009539463094894745e+05 1.355571741774006514e+05 1.066680167165516905e+05 1.066680189250892436e+05 1.066677515773787745e+05 1.066681662548772583e+05 3.289360543939215131e+04 1.066676999906453857e+05 2.047635673089687189e+05 6.666794946911506122e+04 3.404893772654233180e+04 1.066681003321576572e+05 1.066681242682828452e+05
2.700014609185160371e+05 2.233348933070848871e+05 1.076929325355749279e+04 2.600016905953022651e+05 2.700012487203602795e+05 2.500016475115001085e+05 1.008282091522776318e+05 1.699932197860651358e+05 2.700013450797818950e+05 2.700011731026212219e+05 9.207197330083328416e+04 1.700016683991927130e+05 2.700014399013108923e+05 1.411127496043276042e+05 2.700015145796260913e+05 2.700012625993104302e+05 2.700012532076730859e+05 2.700011345958109596e+05 2.300017172603405779e+05 2.700012202840372920e+05 7.856486797815590398e+04 2.500014937465611729e+05 2.042870389572371205e+05 2.700011885739484569e+05 2.700013510898851091e+05
2.750151408515664662e+04 7.666812024974690576e+04 2.600016905953022651e+05 1.000022225951089604e+04 5.000120616473084374e+04 3.000135078040000371e+04 3.008367992074308568e+05 3.500012458823529305e+05 5.000147646008941229e+04 5.000170472703645646e+04 2.042438319489706773e+05 1.433348816435756453e+05 4.428713228777285985e+04 1.722236525455594237e+05 5.000149346021257224e+04 5.000137191917286691e+04 5.000108797745886113e+04 5.000168444981494395e+04 5.627587476948073891e+04 5.000094145252255112e+04 2.414302552745070425e+05 2.750130536511577884e+04 9.571585808774379257e+04 5.000148541394594940e+04 5.000162728196522949e+04
2.250127761411866595e+04 1.066678249848657288e+05 2.700012487203602795e+05 5.000120616473082919e+04 2.602428245678010676e-01 6.000115103742523206e+04 3.108363173642620677e+05 3.600009250229771715e+05 9.653983317666547936e-01 1.090874171295542094e+00 2.142435234671935614e+05 1.533346233025148395e+05 5.715559840744806934e+03 1.822235007962192176e+05 1.077135107324542984e+00 8.019779402873674634e-01 4.843710882473626911e-01 1.023411037650975297e+00 8.627575217214162694e+04 4.578359924845657458e-01 2.514297931438496744e+05 6.000116838521352474e+04 1.228584383991108916e+05 8.962882985292244253e-01 1.225557951186749595e+00
4.000146435228035261e+04 6.666802577715506777e+04 2.500016475115001085e+05 3.000135078040000371e+04 6.000115103742523206e+04 3.248013194338859044e-01 2.908366620665696682e+05 3.400013027450980153e+05 6.000141989712770737e+04 6.000160731971756468e+04 1.942439268011318054e+05 1.333348394067925692e+05 5.428724234362867719e+04 1.622237919167324435e+05 6.000138615391404164e+04 6.000137302974334307e+04 6.000101561529142782e+04 6.000159611606012186e+04 4.627580656004048797e+04 6.000097685673060187e+04 2.314302792759262084e+05 2.501096011064097638e+03 8.571596816199817113e+04 6.000147914037422015e+04 6.000153945986027975e+04
3.108364004650442512e+05 2.641700159882318112e+05 1.008282091522776318e+05 3.008367992074308568e+05 3.108363173642620677e+05 2.908366620665696682e+05 3.179010962284433481e+04 1.091784842591229681e+05 3.108363256441662670e+05 3.108361958396995324e+05 1.579071601251298853e+05 1.975033477767722798e+05 3.108365206412171829e+05 1.752809970280307170e+05 3.108365281009591417e+05 3.108363017873303615e+05 3.108363372649798403e+05 3.108361991387766320e+05 2.708367148481368786e+05 3.108363110005070921e+05 1.393998279915988096e+05 2.908366104660729761e+05 2.451221671430712449e+05 3.108362137035082560e+05 3.108363707080241293e+05
3.600010746145004523e+05 3.133347070631613024e+05 1.699932197860651358e+05 3.500012458823529305e+05 3.600009250229771715e+05 3.400013027450980153e+05 1.091784842591229681e+05 1.804587781213640119e+04 3.600009598484848393e+05 3.600009494762189570e+05 2.070715072406591498e+05 2.466678922956000024e+05 3.600010575788142742e+05 2.244456260063507652e+05 3.600010721943921526e+05 3.600008506036574254e+05 3.600009015500993701e+05 3.600009165506046847e+05 3.125011795510076918e+05 3.600009099653979065e+05 1.685646540396356431e+05 3.400013044367550756e+05 2.942870525144471903e+05 3.600009032974190195e+05 3.600010499999999884e+05
2.250160782027782989e+04 1.066681240107120248e+05 2.700013450797818950e+05 5.000147646008940501e+04 9.653983317666550157e-01 6.000141989712770737e+04 3.108363256441662670e+05 3.600009598484848393e+05 2.200576202923369695e-01 1.111100158437599683e+00 2.142437314938108320e+05 1.533349293786103080e+05 5.715899681180267180e+03 1.822237294438988611e+05 1.259328691198124073e+00 1.024678345191157636e+00 9.447594139415926850e-01 1.164585084590600506e+00 8.627603182205691701e+04 8.690743964721457937e-01 2.514299514676956751e+05 6.000149478597669804e+04 1.228587943666987558e+05 1.167154708331269219e+00 1.265797582449605052e+00
2.250136439287143730e+04 1.066682524913412635e+05 2.700011731026212219e+05 5.000170472703645646e+04 1.090874171295542094e+00 6.000160731971756468e+04 3.108361958396995324e+05 3.600009494762189570e+05 1.111100158437599683e+00 2.351089935105785400e-01 2.142438744183009840e+05 1.533346852857119520e+05 5.715729477911762842e+03 1.822236100180186331e+05 1.464242248463209606e+00 1.220935801502511575e+00 1.103314432416696800e+00 7.744384252349860720e-01 8.627614747624863230e+04 1.012161922917730328e+00 2.514297158582273405e+05 6.000169872700609267e+04 1.228586276236441336e+05 1.076782680354560817e+00 1.180716618044835631e+00
2.142440694859839568e+05 1.675773597129521077e+05 9.207197330083328416e+04 2.042438319489706773e+05 2.142435234671935614e+05 1.942439268011318054e+05 1.579071601251298853e+05 2.070715072406591498e+05 2.142437314938108320e+05 2.142438744183009840e+05 3.178811597982529929e+04 1.125523878219687758e+05 2.142439136304162967e+05 7.589407625294089667e+04 2.142437821326840203e+05 2.142435918534227822e+05 2.142434242071192712e+05 2.142437929280652024e+05 1.742439157256748294e+05 2.142434456563011336e+05 7.350058637968487164e+04 1.942439774726262549e+05 1.485297697091252776e+05 2.142436267862879031e+05 2.142438958785681752e+05
1.533346756091690913e+05 1.039231973531456315e+05 1.700016683991927130e+05 1.433348816435756453e+05 1.533346233025148395e+05 1.333348394067925692e+05 1.975033477767722798e+05 2.466678922956000024e+05 1.533349293786103080e+05 1.533346852857119520e+05 1.125523878219687758e+05 1.362594212439484909e+04 1.533346581450524973e+05 5.107963236383534968e+04 1.533349166781871172e+05 1.533347163715040952e+05 1.533345027609653771e+05 1.533346702534717333e+05 1.124735444325622375e+05 1.533344482708528230e+05 1.514302482258422824e+05 1.333349597020915535e+05 8.487530663024431851e+04 1.533345521960965998e+05 1.533348194071179314e+05
1.678700186623985428e+04 1.009539463094894745e+05 2.700014399013108923e+05 4.428713228777285258e+04 5.715559840744806934e+03 5.428724234362868447e+04 3.108365206412172411e+05 3.600010575788142742e+05 5.715899681180267180e+03 5.715729477911763752e+03 2.142439136304162967e+05 1.533346581450524973e+05 8.163608114888417731e+03 1.822235867690043815e+05 5.715735069860012118e+03 5.715729916246525136e+03 5.715451455990688373e+03 5.715673517588194954e+03 8.056173217221396044e+04 5.715345998111703921e+03 2.514300112924086861e+05 5.428719424103961501e+04 1.179606508296194952e+05 5.715514749726383343e+03 5.715638559947496105e+03
1.822236492440573056e+05 1.355571741774006514e+05 1.411127496043276042e+05 1.722236525455594237e+05 1.822235007962192176e+05 1.622237919167324435e+05 1.752809970280307170e+05 2.244456260063507652e+05 1.822237294438988611e+05 1.822236100180186331e+05 7.589407625294089667e+04 5.107963236383535695e+04 1.822235867690043815e+05 3.614234085030259303e+04 1.822238187839077727e+05 1.822234993358946522e+05 1.822233783250353881e+05 1.822235570178416674e+05 1.422238014512168011e+05 1.822233507530635688e+05 1.225411942297360947e+05 1.622238731297505437e+05 1.165093537409551936e+05 1.822233016135979851e+05 1.822236016010992462e+05
2.250155939986835438e+04 1.066680167165516614e+05 2.700015145796260913e+05 5.000149346021257224e+04 1.077135107324542762e+00 6.000138615391404164e+04 3.108365281009591417e+05 3.600010721943921526e+05 1.259328691198124073e+00 1.464242248463209606e+00 2.142437821326840203e+05 1.533349166781871172e+05 5.715735069860012118e+03 1.822238187839077727e+05 2.585138181731073126e-01 1.318174635739488787e+00 1.022033382822191250e+00 1.413776802072733929e+00 8.627604068144963821e+04 9.288182433721557940e-01 2.514300009964507190e+05 6.000147031490682275e+04 1.228588354670597619e+05 1.403706179181549274e+00 1.153697629141938075e+00
2.250155812989007609e+04 1.066680189250892436e+05 2.700012625993104302e+05 5.000137191917286691e+04 8.019779402873674634e-01 6.000137302974334307e+04 3.108363017873303615e+05 3.600008506036573672e+05 1.024678345191157636e+00 1.220935801502511575e+00 2.142435918534227822e+05 1.533347163715040952e+05 5.715729916246525136e+03 1.822234993358946522e+05 1.318174635739489009e+00 2.700844094314876487e-01 8.495900999761483163e-01 9.833832697160767022e-01 8.627594600871109287e+04 6.768812303620019843e-01 2.514298411644652952e+05 6.000144763014829368e+04 1.228586762050591060e+05 8.371269814517664498e-01 1.301445999531304576e+00
2.250125621634010531e+04 1.066677515773787745e+05 2.700012532076730859e+05 5.000108797745886113e+04 4.843710882473626356e-01 6.000101561529142782e+04 3.108363372649798403e+05 3.600009015500993701e+05 9.447594139415925740e-01 1.103314432416696800e+00 2.142434242071192712e+05 1.533345027609653771e+05 5.715451455990688373e+03 1.822233783250353881e+05 1.022033382822191250e+00 8.495900999761483163e-01 1.486012732306009887e-01 1.040290133092009350e+00 8.627551611684868112e+04 3.172982672638098300e-01 2.514297879377595964e+05 6.000108164534393291e+04 1.228583464540207933e+05 8.831426423121873093e-01 1.062210879344252845e+00
2.250140222574364452e+04 1.066681662548772583e+05 2.700011345958109596e+05 5.000168444981494395e+04 1.023411037650975297e+00 6.000159611606012186e+04 3.108361991387766320e+05 3.600009165506046847e+05 1.164585084590600506e+00 7.744384252349860720e-01 2.142437929280652024e+05 1.533346702534717333e+05 5.715673517588193135e+03 1.822235570178416674e+05 1.413776802072733929e+00 9.833832697160767022e-01 1.040290133092009350e+00 2.123960744342503482e-01 8.627611374979754328e+04 9.966065274439365185e-01 2.514296879291310906e+05 6.000165313548161066e+04 1.228586131486825179e+05 8.878396672279775803e-01 1.140818528720587421e+00
6.627607126399675326e+04 3.289360543939215131e+04 2.300017172603406070e+05 5.627587476948074618e+04 8.627575217214162694e+04 4.627580656004050252e+04 2.708367148481368786e+05 3.125011795510077500e+05 8.627603182205691701e+04 8.627614747624863230e+04 1.742439157256748585e+05 1.124735444325622375e+05 8.056173217221397499e+04 1.422238014512168011e+05 8.627604068144963821e+04 8.627594600871110742e+04 8.627551611684868112e+04 8.627611374979755783e+04 1.861232248370349771e+04 8.627549028786848066e+04 2.114301357881701551e+05 4.627601931517962657e+04 5.944134970906253875e+04 8.627599508166640589e+04 8.627600035101655521e+04
2.250110779092168741e+04 1.066676999906453857e+05 2.700012202840372920e+05 5.000094145252255112e+04 4.578359924845657458e-01 6.000097685673060187e+04 3.108363110005070921e+05 3.600009099653979065e+05 8.690743964721459047e-01 1.012161922917730328e+00 2.142434456563011336e+05 1.533344482708527939e+05 5.715345998111703921e+03 1.822233507530635688e+05 9.288182433721557940e-01 6.768812303620019843e-01 3.172982672638098300e-01 9.966065274439365185e-01 8.627549028786848066e+04 9.140692442150027963e-02 2.514297998395524919e+05 6.000100413750786538e+04 1.228583365829437971e+05 8.208466686012745317e-01 9.821031494753234004e-01
2.514299579712142877e+05 2.047635673089687189e+05 7.856486797815590398e+04 2.414302552745070425e+05 2.514297931438496744e+05 2.314302792759262084e+05 1.393998279915987805e+05 1.685646540396356431e+05 2.514299514676956751e+05 2.514297158582273405e+05 7.350058637968488620e+04 1.514302482258422824e+05 2.514300112924086861e+05 1.225411942297360802e+05 2.514300009964507190e+05 2.514298411644652952e+05 2.514297879377595964e+05 2.514296879291310906e+05 2.114301357881701260e+05 2.514297998395524919e+05 1.056517128440044507e+04 2.314302205915725790e+05 1.857157957161055820e+05 2.514297712887366652e+05 2.514299109990973666e+05
3.968891698560370423e+04 6.666794946911506122e+04 2.500014937465611729e+05 2.750130536511577884e+04 6.000116838521352474e+04 2.501096011064097638e+03 2.908366104660729761e+05 3.400013044367550756e+05 6.000149478597669804e+04 6.000169872700609267e+04 1.942439774726262549e+05 1.333349597020915535e+05 5.428719424103962956e+04 1.622238731297505437e+05 6.000147031490682275e+04 6.000144763014829368e+04 6.000108164534393291e+04 6.000165313548161066e+04 4.627601931517961930e+04 6.000100413750786538e+04 2.314302205915725790e+05 4.375376765582646840e+03 8.571574230782633822e+04 6.000156861821673374e+04 6.000161234958003479e+04
1.057156458979924064e+05 3.404893772654232453e+04 2.042870389572371205e+05 9.571585808774379257e+04 1.228584383991108916e+05 8.571596816199817113e+04 2.451221671430712449e+05 2.942870525144471903e+05 1.228587943666987558e+05 1.228586276236441336e+05 1.485297697091252776e+05 8.487530663024431851e+04 1.179606508296194952e+05 1.165093537409551936e+05 1.228588354670597619e+05 1.228586762050591060e+05 1.228583464540207933e+05 1.228586131486825179e+05 5.944134970906253147e+04 1.228583365829437971e+05 1.857157957161055820e+05 8.571574230782633822e+04 9.796212570520141526e+03 1.228584446679838584e+05 1.228586435255252727e+05
2.250135981244768482e+04 1.066681003321576572e+05 2.700011885739484569e+05 5.000148541394594940e+04 8.962882985292244253e-01 6.000147914037422015e+04 3.108362137035082560e+05 3.600009032974190195e+05 1.167154708331269219e+00 1.076782680354560817e+00 2.142436267862879031e+05 1.533345521960965998e+05 5.715514749726382433e+03 1.822233016135979851e+05 1.403706179181549274e+00 8.371269814517664498e-01 8.831426423121873093e-01 8.878396672279775803e-01 8.627599508166640589e+04 8.208466686012745317e-01 2.514297712887366652e+05 6.000156861821673374e+04 1.228584446679838584e+05 2.496350743474696210e-01 1.101556081311269475e+00
2.250151760947121511e+04 1.066681242682828306e+05 2.700013510898851091e+05 5.000162728196522221e+04 1.225557951186749595e+00 6.000153945986027975e+04 3.108363707080241293e+05 3.600010499999999884e+05 1.265797582449605052e+00 1.180716618044835631e+00 2.142438958785681752e+05 1.533348194071179314e+05 5.715638559947496105e+03 1.822236016010992462e+05 1.153697629141938075e+00 1.301445999531304798e+00 1.062210879344252845e+00 1.140818528720587421e+00 8.627600035101654066e+04 9.821031494753232893e-01 2.514299109990973666e+05 6.000161234958003479e+04 1.228586435255252727e+05 1.101556081311269475e+00 3.748506514361161224e-01
