1.032656971297541526e+00 1.872636659212516679e+05 1.670306992202111651e+00 3.289414394648234011e+05 5.756617386077268748e+05 1.449456004256690903e+04 2.898751564738949673e+04 1.821491944627762871e+00 1.698133933989107947e+00 9.692235266467049951e+04 2.139606596539840757e+04 1.449447971730039899e+04 2.898749400612510362e+04 8.510692116688458191e+04 5.289444008950285206e+04 1.400080813582802008e+00 3.623389256154686882e+04 4.095387535379351466e+05 1.612413770342076896e+05 2.522203531981182750e+05 1.449455018416472012e+04 1.062822626796759869e+05 1.449431590887600578e+04 1.950465948743331828e+05 1.297898131598597247e+05
1.872636659212516679e+05 2.667216251159126114e+04 1.872636067143012478e+05 2.645194353690718999e+05 5.258431540446906583e+05 1.872636920996380504e+05 1.872637818318326026e+05 1.872636810867491877e+05 1.872636335578205180e+05 1.582783022489628056e+05 1.872638142447046412e+05 1.872635010000570037e+05 1.872638531046315911e+05 1.582782341542349604e+05 1.711607549789395707e+05 1.872632902192196634e+05 1.800173499807907210e+05 3.579086811245300341e+05 1.252441130477619008e+05 1.757532234495352022e+05 1.872636540273827850e+05 1.582783197794955340e+05 1.872633641233074595e+05 7.144030707701720530e+04 1.461744015356373275e+05
1.670306992202111651e+00 1.872636067143012478e+05 9.947436195516102808e-01 3.289412869636283722e+05 5.756616366344111739e+05 1.449455033965726034e+04 2.898741563562792726e+04 1.833231334802697399e+00 1.627948461553554660e+00 9.692221161993101123e+04 2.139600218705702719e+04 1.449431351791227462e+04 2.898744953756474933e+04 8.510681519070826471e+04 5.289433592798417521e+04 1.295334160164854476e+00 3.623384664555754716e+04 4.095386279704854824e+05 1.612412938982029737e+05 2.522202328711711743e+05 1.449451082238922572e+04 1.062821673026637727e+05 1.449420863472215933e+04 1.950464340243251354e+05 1.297897553739768337e+05
3.289414394648234011e+05 2.645194353690718999e+05 3.289412869636283722e+05 1.035233429562550300e+05 5.267348606727906736e+05 3.289415104187771212e+05 3.289415566233420395e+05 3.289415137299768394e+05 3.289413996995945345e+05 2.999561635347063420e+05 3.289415967941072886e+05 3.289412614605244016e+05 3.289415993572402513e+05 2.999560288249989972e+05 3.128385592789278016e+05 3.289411200685901567e+05 3.216951768701541587e+05 2.921619716642049607e+05 2.724620964659436140e+05 2.194262838853230351e+05 3.289414234818930272e+05 2.999561550197356846e+05 3.289412212205061223e+05 2.642403202269773465e+05 2.904745732585376827e+05
5.756617386077268748e+05 5.258431540446906583e+05 5.756616366344111739e+05 5.267348606727905571e+05 2.224229093946393114e+05 5.756617918250018265e+05 5.756618645119009307e+05 5.756617291728113778e+05 5.756617822543014772e+05 5.321836428903071210e+05 5.756618456049927045e+05 5.756616198526398512e+05 5.756618784634323092e+05 5.466763974553596927e+05 5.595588372346120887e+05 5.756615887475406053e+05 5.684155038789454848e+05 4.597163374417668674e+05 5.299540304274481023e+05 5.426457487229539547e+05 5.756617932271637255e+05 5.321837143003507517e+05 5.756616229762673611e+05 5.299787341318078106e+05 5.221501420195716782e+05
1.449456004256690903e+04 1.872636920996380504e+05 1.449455033965726034e+04 3.289415104187771212e+05 5.756617918250018265e+05 1.018322623937434557e+00 2.898749625949406254e+04 1.449465800708815004e+04 1.449456682577293213e+04 9.692238592802721541e+04 2.139590027108799040e+04 1.449441023302121903e+04 2.898750954774088314e+04 7.061423291978490306e+04 3.840175968550426478e+04 1.449423461508000764e+04 2.174124180565122515e+04 4.095388338573333458e+05 1.612414106620034727e+05 2.522204048661825364e+05 1.449445178764134653e+04 1.062823121848332230e+05 1.559249362260422656e+00 1.950466436931714416e+05 1.297898848207395495e+05
2.898751564738950037e+04 1.872637818318326026e+05 2.898741563562793090e+04 3.289415566233420395e+05 5.756618645119009307e+05 2.898749625949406618e+04 1.099026026095382802e+00 2.898753477954851769e+04 2.898752055311697404e+04 9.692239855913477368e+04 8.973617810130592261e+03 1.449473192621012277e+04 1.838914342754960352e+00 8.510698826549873047e+04 5.289447188282095885e+04 2.898709894202956275e+04 3.623383997172307136e+04 4.095389308210958843e+05 1.612415275597017608e+05 2.522204941175595159e+05 1.449484261292674637e+04 1.062823562004555133e+05 2.898727212450603474e+04 1.950467335327839246e+05 1.297899707801139593e+05
1.821491944627762871e+00 1.872636810867491877e+05 1.833231334802697399e+00 3.289415137299768394e+05 5.756617291728113778e+05 1.449465800708815004e+04 2.898753477954851041e+04 1.079120911231446822e+00 1.857301649587558057e+00 9.692241862622748886e+04 2.139604496804828523e+04 1.449458041824288375e+04 2.898749528067474603e+04 8.510692947639327031e+04 5.289450893776120211e+04 1.462906569926352818e+00 3.623394958491365833e+04 4.095387419481514953e+05 1.612414053278904175e+05 2.522204345833858242e+05 1.449461667882750953e+04 1.062822674797625950e+05 1.449444460853943201e+04 1.950466936730213056e+05 1.297898878199493338e+05
1.698133933989107947e+00 1.872636335578205180e+05 1.627948461553554660e+00 3.289413996995945345e+05 5.756617822543013608e+05 1.449456682577293213e+04 2.898752055311697040e+04 1.857301649587558057e+00 1.021161755878026156e+00 9.692234587044901855e+04 2.139598363577137206e+04 1.449444250700119301e+04 2.898743108850718636e+04 8.510691266496435856e+04 5.289437958204215101e+04 1.373668144225518084e+00 3.623390463141585496e+04 4.095387582544363686e+05 1.612413480923815223e+05 2.522203521226153243e+05 1.449448880582221136e+04 1.062822528234775964e+05 1.449433219888218264e+04 1.950465262254123227e+05 1.297898708946139086e+05
9.692235266467049951e+04 1.582783022489628347e+05 9.692221161993101123e+04 2.999561635347063420e+05 5.321836428903071210e+05 9.692238592802721541e+04 9.692239855913477368e+04 9.692241862622748886e+04 9.692234587044901855e+04 1.606333422689954750e+04 9.692238666965047014e+04 9.692222957243197015e+04 9.692237296931167657e+04 4.894062842636287678e+04 7.205405143517417309e+04 9.692188099175103707e+04 8.967590100265770161e+04 3.805535104909188813e+05 1.177632241154031508e+05 2.232350881641034503e+05 9.692236263244911970e+04 2.751623943318629244e+04 9.692201570114756760e+04 1.660612161835125880e+05 8.103890149258601014e+04
2.139606596539840757e+04 1.872638142447046412e+05 2.139600218705702719e+04 3.289415967941072886e+05 5.756618456049927045e+05 2.139590027108799040e+04 8.973617810130592261e+03 2.139604496804829250e+04 2.139598363577137206e+04 9.692238666965044104e+04 8.282641782524307928e+03 6.903191697234696221e+03 8.973448978933553008e+03 8.510700908630648337e+04 5.194143237813896849e+04 2.139562957148329951e+04 3.485367795740474685e+04 4.095389075354190427e+05 1.612414747896391491e+05 2.522205151364797493e+05 6.903237043327338142e+03 1.062823972236509435e+05 2.139576727144744291e+04 1.950466418271482398e+05 1.297899591904333211e+05
1.449447971730039899e+04 1.872635010000570037e+05 1.449431351791227462e+04 3.289412614605244016e+05 5.756616198526398512e+05 1.449441023302121903e+04 1.449473192621011731e+04 1.449458041824288375e+04 1.449444250700119301e+04 9.692222957243197015e+04 6.903191697234696221e+03 9.318825336255240899e-01 1.449469296794878574e+04 8.510678932063879620e+04 5.289435228143428685e+04 1.449406573569855209e+04 3.623385332692518568e+04 4.095386105143930181e+05 1.612412105832941888e+05 2.522201877276819723e+05 1.566077618765927770e+00 1.062821419373584504e+05 1.449409437952436019e+04 1.950464140954416071e+05 1.297897101594396954e+05
2.898749400612510362e+04 1.872638531046315911e+05 2.898744953756474933e+04 3.289415993572402513e+05 5.756618784634323092e+05 2.898750954774088314e+04 1.838914342754960352e+00 2.898749528067474603e+04 2.898743108850718636e+04 9.692237296931167657e+04 8.973448978933553008e+03 1.449469296794878574e+04 1.060241643004203871e+00 8.510700682544537995e+04 5.289442175593158754e+04 2.898708774776625069e+04 3.623397307982244820e+04 4.095389215095116524e+05 1.612414537162041524e+05 2.522205678644646250e+05 1.449476145632169573e+04 1.062823455493155634e+05 2.898725420596459662e+04 1.950466662437895138e+05 1.297899398963335552e+05
8.510692116688458191e+04 1.582782341542349604e+05 8.510681519070826471e+04 2.999560288249990554e+05 5.466763974553598091e+05 7.061423291978490306e+04 8.510698826549873047e+04 8.510692947639327031e+04 8.510691266496435856e+04 4.894062842636287678e+04 8.510700908630648337e+04 8.510678932063879620e+04 8.510700682544539450e+04 3.231239283474125386e+03 4.222126465970299614e+04 8.510644788934972894e+04 6.336771970594008599e+04 3.805533815480475314e+05 1.322559834938885760e+05 2.232350159307410941e+05 8.510694558848095767e+04 6.280391085606488195e+04 7.061387121304289030e+04 1.660612731049687427e+05 9.254942551033728523e+04
5.289444008950285206e+04 1.711607549789395125e+05 5.289433592798417521e+04 3.128385592789278599e+05 5.595588372346120887e+05 3.840175968550427206e+04 5.289447188282095885e+04 5.289450893776120938e+04 5.289437958204215101e+04 7.205405143517417309e+04 5.194143237813896849e+04 5.289435228143428685e+04 5.289442175593159482e+04 4.222126465970301069e+04 1.626216073927068101e+04 5.289396360871205252e+04 2.114828567797348296e+04 3.934359143167998409e+05 1.451383804116525862e+05 2.361175244568257185e+05 5.289447864451796340e+04 8.237537214796028275e+04 3.840141205806266953e+04 1.789436599874213862e+05 1.101107777970773896e+05
1.400080813582801786e+00 1.872632902192196634e+05 1.295334160164854476e+00 3.289411200685901567e+05 5.756615887475406053e+05 1.449423461508000764e+04 2.898709894202955547e+04 1.462906569926352818e+00 1.373668144225518084e+00 9.692188099175103707e+04 2.139562957148329951e+04 1.449406573569855209e+04 2.898708774776625069e+04 8.510644788934972894e+04 5.289396360871205252e+04 7.149284822441781539e-01 3.623345746083866106e+04 4.095385488508688286e+05 1.612409633082359505e+05 2.522199938952590746e+05 1.449420983510687620e+04 1.062818173189453955e+05 1.449390127712298272e+04 1.950461813302726950e+05 1.297894114200996701e+05
3.623389256154686882e+04 1.800173499807906919e+05 3.623384664555754716e+04 3.216951768701541587e+05 5.684155038789454848e+05 2.174124180565122515e+04 3.623383997172307136e+04 3.623394958491365833e+04 3.623390463141585496e+04 8.967590100265770161e+04 3.485367795740473957e+04 3.623385332692518568e+04 3.623397307982244820e+04 6.336771970594008599e+04 2.114828567797348296e+04 3.623345746083866106e+04 7.247475368286577577e+03 4.022925221518247854e+05 1.539951402813655732e+05 2.449741186918037420e+05 3.623397013744934520e+04 9.903584567701694323e+04 2.174092244657033734e+04 1.878003825834450545e+05 1.225435981683217979e+05
4.095387535379351466e+05 3.579086811245300341e+05 4.095386279704854824e+05 2.921619716642050189e+05 4.597163374417668674e+05 4.095388338573333458e+05 4.095389308210958261e+05 4.095387419481514953e+05 4.095387582544363686e+05 3.805535104909188813e+05 4.095389075354190427e+05 4.095386105143930181e+05 4.095389215095116524e+05 3.805533815480475314e+05 3.934359143167998409e+05 4.095385488508688286e+05 4.022925221518247854e+05 1.489851744676620001e+05 3.682904614718041848e+05 3.395225342706311494e+05 4.095387501366364886e+05 3.805534373222739086e+05 4.095385829507428571e+05 3.653815126560474164e+05 3.805535842954093823e+05
1.612413770342076314e+05 1.252441130477618717e+05 1.612412938982029737e+05 2.724620964659436140e+05 5.299540304274481023e+05 1.612414106620034436e+05 1.612415275597017317e+05 1.612414053278903884e+05 1.612413480923814932e+05 1.177632241154031217e+05 1.612414747896391491e+05 1.612412105832941597e+05 1.612414537162041524e+05 1.322559834938885469e+05 1.451383804116525862e+05 1.612409633082358923e+05 1.539951402813655441e+05 3.682904614718041848e+05 3.814382138058458077e+04 1.869366214641291590e+05 1.612413712525257433e+05 1.175367197599078208e+05 1.612410542918322899e+05 1.218318892458929331e+05 9.558578573268317268e+04
2.522203531981182750e+05 1.757532234495352022e+05 2.522202328711712034e+05 2.194262838853229769e+05 5.426457487229539547e+05 2.522204048661825364e+05 2.522204941175595159e+05 2.522204345833858242e+05 2.522203521226153243e+05 2.232350881641034503e+05 2.522205151364798076e+05 2.522201877276819723e+05 2.522205678644646250e+05 2.232350159307410941e+05 2.361175244568257185e+05 2.522199938952590746e+05 2.449741186918037420e+05 3.395225342706311494e+05 1.869366214641291881e+05 8.976139617210261349e+04 2.522203759114354907e+05 2.232350230753917713e+05 2.522200888306253473e+05 1.574014251533489441e+05 2.211647038166670827e+05
1.449455018416472012e+04 1.872636540273828141e+05 1.449451082238922572e+04 3.289414234818930272e+05 5.756617932271637255e+05 1.449445178764134653e+04 1.449484261292674091e+04 1.449461667882750953e+04 1.449448880582221136e+04 9.692236263244911970e+04 6.903237043327338142e+03 1.566077618765927770e+00 1.449476145632169573e+04 8.510694558848095767e+04 5.289447864451796340e+04 1.449420983510687620e+04 3.623397013744934520e+04 4.095387501366364886e+05 1.612413712525257433e+05 2.522203759114354907e+05 1.009660625845950621e+00 1.062823103656445019e+05 1.449430731437767281e+04 1.950465450836660166e+05 1.297898660162931192e+05
1.062822626796759869e+05 1.582783197794955340e+05 1.062821673026637582e+05 2.999561550197356846e+05 5.321837143003507517e+05 1.062823121848332230e+05 1.062823562004554988e+05 1.062822674797625950e+05 1.062822528234775964e+05 2.751623943318628517e+04 1.062823972236509435e+05 1.062821419373584504e+05 1.062823455493155634e+05 6.280391085606488195e+04 8.237537214796029730e+04 1.062818173189453955e+05 9.903584567701694323e+04 3.805534373222739669e+05 1.175367197599078354e+05 2.232350230753917713e+05 1.062823103656445019e+05 1.684325674772771526e+04 1.062819732327270467e+05 1.660613137686989212e+05 7.629389856364121079e+04
1.449431590887600578e+04 1.872633641233074595e+05 1.449420863472215933e+04 3.289412212205061223e+05 5.756616229762673611e+05 1.559249362260422878e+00 2.898727212450603110e+04 1.449444460853943201e+04 1.449433219888218264e+04 9.692201570114758215e+04 2.139576727144744291e+04 1.449409437952436019e+04 2.898725420596459662e+04 7.061387121304290486e+04 3.840141205806266225e+04 1.449390127712298272e+04 2.174092244657033734e+04 4.095385829507428571e+05 1.612410542918323190e+05 2.522200888306253473e+05 1.449430731437767281e+04 1.062819732327270467e+05 8.247778153498845910e-01 1.950462459820821823e+05 1.297895404566784564e+05
1.950465948743331828e+05 7.144030707701720530e+04 1.950464340243251354e+05 2.642403202269773465e+05 5.299787341318078106e+05 1.950466436931714416e+05 1.950467335327838955e+05 1.950466936730212765e+05 1.950465262254122936e+05 1.660612161835125880e+05 1.950466418271482398e+05 1.950464140954416071e+05 1.950466662437895138e+05 1.660612731049687427e+05 1.789436599874213862e+05 1.950461813302726950e+05 1.878003825834450836e+05 3.653815126560474164e+05 1.218318892458929331e+05 1.574014251533489150e+05 1.950465450836660166e+05 1.660613137686989212e+05 1.950462459820821823e+05 5.671597510488373518e+04 1.522680160726112081e+05
1.297898131598597247e+05 1.461744015356372984e+05 1.297897553739768337e+05 2.904745732585376245e+05 5.221501420195716200e+05 1.297898848207395495e+05 1.297899707801139593e+05 1.297898878199493338e+05 1.297898708946139086e+05 8.103890149258601014e+04 1.297899591904333211e+05 1.297897101594396809e+05 1.297899398963335552e+05 9.254942551033728523e+04 1.101107777970773896e+05 1.297894114200996701e+05 1.225435981683217979e+05 3.805535842954093241e+05 9.558578573268317268e+04 2.211647038166670827e+05 1.297898660162931192e+05 7.629389856364121079e+04 1.297895404566784418e+05 1.522680160726112372e+05 3.914245503707853641e+04
