3.707838517872745433e+04 1.595207675082476635e+05 9.556995381234539673e+04 1.770762067578348215e+05 1.770762508130207716e+05 1.770763216561934387e+05 9.983888236843241611e+04 1.770762477358854085e+05 2.416607166038196010e+05 1.726711265719904040e+05 1.770760075374941807e+05 3.807495304097208427e+05 1.540599979035893921e+05 1.682659046319534245e+05 1.435750052185154636e+05 1.601691536546890275e+05 1.106422749332839157e+05 1.682659788068701455e+05 4.695711754771745764e+05 6.028234701327549556e+04 3.071756957972837845e+05 1.770760957737869467e+05 1.682658385484230530e+05 1.770764044929884258e+05 1.770764219194324687e+05
1.595207675082476635e+05 5.091900067478001438e+04 2.039032852475990949e+05 2.585661943571230804e+05 2.585663098586103006e+05 2.585662974859834067e+05 1.187643900386711466e+05 2.585662810280760168e+05 1.538158861594083428e+05 2.541611534143243334e+05 2.585660843943789951e+05 3.327373283214629628e+05 2.402172562111379229e+05 2.497559123074553499e+05 2.358837271826577780e+05 2.433112399074967543e+05 2.139797516013406275e+05 2.497560032881041116e+05 4.149356815714740660e+05 1.815463210591967509e+05 2.372542288034354860e+05 2.585661228771414317e+05 2.497558596614786366e+05 2.585663511555682635e+05 2.585663926249146170e+05
9.556995381234539673e+04 2.039032852475990949e+05 2.474931235301493143e+04 1.290209216337202524e+05 1.290208185443936381e+05 1.290210601142667292e+05 1.508975296194438415e+05 1.290209738655405963e+05 2.717525127508746809e+05 1.226579508672176453e+05 1.290205518346163299e+05 4.044279558224641951e+05 1.012989613324863021e+05 1.172737362470263761e+05 7.733054683695400308e+04 1.080922277932787110e+05 4.243530088200431055e+04 1.172736852860093204e+05 4.942132690965360380e+05 5.965887505143485032e+04 3.322020505720887450e+05 1.290206792706239794e+05 1.172737426788758457e+05 1.290211212922026752e+05 1.290210156316644570e+05
1.770762067578348215e+05 2.585661943571230513e+05 1.290209216337202524e+05 2.963222382640098203e+03 4.106252680944015992e+03 4.106276482061988645e+03 2.202004279039275134e+05 4.106247171186587366e+03 2.982240933354709414e+05 2.558628194062435068e+04 4.105965988618779193e+03 4.256382142650104361e+05 6.855838655151343846e+04 4.120812922761200753e+04 7.704601168892599526e+04 5.518826397002254089e+04 1.081048058535459713e+05 4.435485855805990286e+04 5.147709466623751796e+05 1.589625785178670194e+05 3.571650063546719612e+05 4.106109586597621274e+03 3.848677460392055946e+04 7.735556841782883566e+03 4.106409818501888367e+03
1.770762508130207716e+05 2.585663098586103006e+05 1.290208185443936381e+05 4.106252680944015992e+03 6.001328923859267084e-01 1.374937542545361380e+00 2.202003965626389254e+05 1.345710418067223246e+00 2.982241015648392495e+05 2.969145920342281534e+04 1.028001080821237867e+00 4.256382366337783169e+05 6.906823667408304755e+04 4.531324968094549695e+04 7.704611256455469993e+04 5.764124136178417393e+04 1.081047863691838429e+05 4.845984755732980557e+04 5.147710143596966518e+05 1.589624929508797941e+05 3.571649299425949575e+05 1.120517608468380333e+00 4.259189597729781235e+04 1.184079582899825982e+04 1.393459176706829394e+00
1.770763216561934387e+05 2.585662974859834067e+05 1.290210601142667147e+05 4.106276482061988645e+03 1.374937542545361380e+00 6.116380084061245892e-01 2.202005680488191138e+05 1.317288395684104163e+00 2.982242125779504422e+05 2.969139395890331434e+04 1.229079184254531665e+00 4.256382407142603188e+05 6.906824410739107407e+04 4.531327531508859101e+04 7.704616533635466476e+04 5.764139655584369757e+04 1.081049890759870614e+05 4.845998889792030241e+04 5.147709493333852151e+05 1.589627320861493645e+05 3.571650595815161359e+05 1.360436045703286023e+00 4.259187041481593042e+04 1.184070699032186894e+04 1.427160212332540201e+00
9.983888236843241611e+04 1.187643900386711030e+05 1.508975296194438415e+05 2.202004279039275134e+05 2.202003965626389254e+05 2.202005680488191138e+05 3.692537317932551377e+04 2.202004958066171966e+05 2.094478001906391582e+05 2.157953728294910688e+05 2.202001483244667761e+05 3.541483926264518523e+05 2.007601561290613317e+05 2.113901266865920625e+05 1.925453725047588523e+05 2.049453490195996128e+05 1.609740236537003366e+05 2.113900636213597318e+05 4.400791254509388818e+05 1.250274481263775670e+05 2.755690970440030214e+05 2.202002441037804529e+05 2.113901216095170530e+05 2.202006565276394249e+05 2.202005410304066318e+05
1.770762477358854085e+05 2.585662810280759877e+05 1.290209738655405963e+05 4.106247171186586456e+03 1.345710418067223246e+00 1.317288395684104385e+00 2.202004958066171966e+05 6.047235557067230927e-01 2.982241676953189890e+05 2.969136415760362070e+04 1.145725495633421076e+00 4.256382558990982361e+05 6.906821298600376758e+04 4.531319701025926770e+04 7.704611904435943870e+04 5.764134927883261116e+04 1.081048799186683609e+05 4.845992902907325333e+04 5.147709864145942265e+05 1.589626752665314998e+05 3.571650508835664368e+05 1.267367963726057978e+00 4.259186335584448534e+04 1.184073067034583983e+04 1.424797442042529783e+00
2.416607166038196010e+05 1.538158861594083428e+05 2.717525127508747391e+05 2.982240933354709414e+05 2.982241015648392495e+05 2.982242125779504422e+05 2.094478001906391582e+05 2.982241676953189890e+05 5.617211892131202330e+04 3.026295725487127202e+05 2.982239194618968759e+05 2.820264170750174671e+05 2.982244756497495109e+05 3.070350107275325572e+05 2.982244895961986040e+05 3.005902222585118143e+05 2.806032653478206485e+05 3.070349348888988025e+05 3.813389551916719647e+05 2.531422248091371730e+05 1.892404476058769505e+05 2.982239814261698048e+05 3.070349338958004955e+05 2.982242948341008741e+05 2.982241684120909194e+05
1.726711265719904040e+05 2.541611534143243334e+05 1.226579508672176307e+05 2.558628194062435068e+04 2.969145920342281534e+04 2.969139395890331434e+04 2.157953728294910688e+05 2.969136415760362797e+04 3.026295725487127784e+05 1.063630440823136450e+04 2.969109793024443934e+04 4.300436832094806596e+05 5.190690338558537042e+04 1.589863321056679342e+04 6.529879531011478684e+04 3.400876504872857186e+04 1.007628355128132098e+05 2.028433218215845045e+04 5.191763812896218151e+05 1.545575325054225978e+05 3.615704279589697253e+05 2.969130066374799208e+04 1.317719702359172697e+04 1.785189717102830764e+04 2.969145312067548366e+04
1.770760075374941807e+05 2.585660843943789951e+05 1.290205518346163299e+05 4.105965988618779193e+03 1.028001080821237867e+00 1.229079184254531665e+00 2.202001483244667761e+05 1.145725495633421076e+00 2.982239194618968759e+05 2.969109793024443934e+04 3.920740765398670336e-01 4.256381529307192541e+05 6.906784350698396156e+04 4.531290568617757526e+04 7.704578270769939991e+04 5.764087776256739016e+04 1.081044468024437519e+05 4.845950728840142256e+04 5.147709595451183268e+05 1.589622326814409171e+05 3.571648643991320278e+05 7.645984451081615507e-01 4.259153830245097197e+04 1.184049232908575505e+04 1.183766678538268780e+00
3.807495304097208427e+05 3.327373283214629628e+05 4.044279558224641951e+05 4.256382142650104361e+05 4.256382366337783169e+05 4.256382407142603188e+05 3.541483926264518523e+05 4.256382558990982361e+05 2.820264170750174671e+05 4.300436832094806596e+05 4.256381529307192541e+05 9.312879133061192988e+04 4.293911847167844535e+05 4.344490712232551887e+05 4.293911504847735632e+05 4.316179518721519271e+05 4.117700520073007210e+05 4.344490490539826569e+05 2.956588343116810429e+05 3.875409939131899737e+05 2.378987219675947563e+05 4.256382064413175103e+05 4.344489382220258121e+05 4.256383368172934861e+05 4.256382827998987632e+05
1.540599979035893921e+05 2.402172562111379229e+05 1.012989613324863021e+05 6.855838655151345301e+04 6.906823667408304755e+04 6.906824410739107407e+04 2.007601561290613026e+05 6.906821298600378213e+04 2.982244756497495109e+05 5.190690338558537769e+04 6.906784350698396156e+04 4.293911847167845699e+05 8.093080837073034672e+03 4.346928018306093873e+04 3.457898940400701395e+04 2.496190022578732533e+04 7.309067674317468482e+04 4.032266600247665338e+04 5.191764987524375902e+05 1.332592376225757762e+05 3.571653127856991487e+05 6.906807626166276168e+04 4.472791778371843975e+04 6.406224829427125223e+04 6.906836075024092861e+04
1.682659046319534245e+05 2.497559123074553499e+05 1.172737362470263761e+05 4.120812922761200753e+04 4.531324968094549695e+04 4.531327531508859101e+04 2.113901266865920625e+05 4.531319701025926770e+04 3.070350107275325572e+05 1.589863321056679342e+04 4.531290568617757526e+04 4.344490712232551887e+05 4.346928018306093873e+04 2.565324527133365336e+03 5.906549028002637351e+04 2.548979820143541656e+04 9.488919566427807149e+04 1.153466254752900932e+04 5.235817184697384364e+05 1.501522747974298254e+05 3.659758609971055994e+05 4.531308427299058530e+04 3.006010855911837552e+03 3.347395664647621743e+04 4.531338307314406848e+04
1.435750052185154636e+05 2.358837271826577780e+05 7.733054683695398853e+04 7.704601168892599526e+04 7.704611256455469993e+04 7.704616533635466476e+04 1.925453725047588232e+05 7.704611904435943870e+04 2.982244895961986040e+05 6.529879531011478684e+04 7.704578270769941446e+04 4.293911504847735632e+05 3.457898940400701395e+04 5.906549028002637351e+04 1.628452201287552452e+04 4.529500593488141749e+04 5.849459719547843270e+04 5.816655474180120655e+04 5.191764781882124953e+05 1.188689020364719909e+05 3.571653645113713574e+05 7.704595573823963059e+04 5.942505774150983780e+04 7.484353533607242571e+04 7.704623389124526875e+04
1.601691536546890275e+05 2.433112399074967543e+05 1.080922277932787110e+05 5.518826397002254089e+04 5.764124136178417393e+04 5.764139655584369757e+04 2.049453490195996128e+05 5.764134927883261116e+04 3.005902222585118143e+05 3.400876504872857186e+04 5.764087776256739744e+04 4.316179518721519271e+05 2.496190022578732896e+04 2.548979820143541656e+04 4.529500593488141749e+04 1.351949886932359368e+04 8.486491416781512089e+04 1.961635523098849444e+04 5.213791400694590993e+05 1.415047491971951385e+05 3.595310822799397283e+05 5.764109092567027983e+04 2.680432287696183994e+04 4.841777651792722463e+04 5.764135881863227405e+04
1.106422749332839157e+05 2.139797516013406275e+05 4.243530088200431055e+04 1.081048058535459713e+05 1.081047863691838429e+05 1.081049890759870614e+05 1.609740236537003366e+05 1.081048799186683609e+05 2.806032653478206485e+05 1.007628355128132243e+05 1.081044468024437665e+05 4.117700520073007210e+05 7.309067674317468482e+04 9.488919566427807149e+04 5.849459719547843270e+04 8.486491416781512089e+04 1.151753352330776579e+04 9.488912895582968486e+04 5.015554184290450648e+05 7.970947912962629925e+04 3.395441726139106322e+05 1.081046248066045664e+05 9.488918751333655382e+04 1.081049973278005345e+05 1.081049461946536321e+05
1.682659788068701455e+05 2.497560032881041116e+05 1.172736852860093204e+05 4.435485855805990286e+04 4.845984755732980557e+04 4.845998889792030241e+04 2.113900636213597318e+05 4.845992902907325333e+04 3.070349348888988025e+05 2.028433218215845045e+04 4.845950728840142256e+04 4.344490490539827733e+05 4.032266600247665338e+04 1.153466254752900932e+04 5.816655474180119927e+04 1.961635523098849444e+04 9.488912895582968486e+04 6.599341024430551705e-01 5.235817772710825084e+05 1.501522458543504472e+05 3.659757742389144842e+05 4.845967284660123551e+04 1.321757725495841987e+04 3.662070022420919122e+04 4.845999435010873276e+04
4.695711754771745764e+05 4.149356815714741242e+05 4.942132690965360380e+05 5.147709466623752378e+05 5.147710143596966518e+05 5.147709493333852151e+05 4.400791254509388236e+05 5.147709864145942265e+05 3.813389551916719647e+05 5.191763812896218151e+05 5.147709595451183850e+05 2.956588343116811011e+05 5.191764987524375902e+05 5.235817184697384364e+05 5.191764781882124953e+05 5.213791400694590993e+05 5.015554184290450648e+05 5.235817772710825084e+05 1.291180036094967654e+05 4.773263977480968460e+05 3.356871548429668765e+05 5.147709732799925259e+05 5.235816525729098357e+05 5.147710526030757464e+05 5.147710846623741090e+05
6.028234701327549556e+04 1.815463210591967509e+05 5.965887505143485032e+04 1.589625785178670485e+05 1.589624929508797941e+05 1.589627320861493645e+05 1.250274481263775670e+05 1.589626752665314998e+05 2.531422248091371730e+05 1.545575325054225978e+05 1.589622326814409171e+05 3.875409939131899737e+05 1.332592376225757762e+05 1.501522747974298254e+05 1.188689020364720200e+05 1.415047491971951385e+05 7.970947912962629925e+04 1.501522458543504472e+05 4.773263977480968460e+05 2.496260216820926144e+04 3.153151233589646290e+05 1.589623488000355428e+05 1.501522412656102388e+05 1.589628100190283149e+05 1.589626983224070573e+05
3.071756957972837845e+05 2.372542288034354860e+05 3.322020505720887450e+05 3.571650063546719612e+05 3.571649299425949575e+05 3.571650595815161359e+05 2.755690970440030214e+05 3.571650508835664368e+05 1.892404476058769505e+05 3.615704279589697253e+05 3.571648643991320278e+05 2.378987219675947563e+05 3.571653127856991487e+05 3.659758609971055994e+05 3.571653645113712992e+05 3.595310822799397283e+05 3.395441726139106322e+05 3.659757742389144842e+05 3.356871548429668765e+05 3.153151233589646290e+05 9.681455794990650611e+04 3.571649098313580616e+05 3.659758077579531237e+05 3.571651435890292050e+05 3.571650533358094981e+05
1.770760957737869467e+05 2.585661228771414317e+05 1.290206792706239794e+05 4.106109586597621274e+03 1.120517608468380333e+00 1.360436045703286023e+00 2.202002441037804529e+05 1.267367963726057978e+00 2.982239814261698048e+05 2.969130066374799208e+04 7.645984451081615507e-01 4.256382064413175103e+05 6.906807626166276168e+04 4.531308427299058530e+04 7.704595573823963059e+04 5.764109092567029438e+04 1.081046248066045664e+05 4.845967284660125006e+04 5.147709732799925259e+05 1.589623488000355428e+05 3.571649098313580616e+05 5.667887310045263138e-01 4.259174653865714936e+04 1.184069551486224009e+04 1.313284411901611382e+00
1.682658385484230530e+05 2.497558596614786366e+05 1.172737426788758457e+05 3.848677460392055218e+04 4.259189597729781235e+04 4.259187041481593042e+04 2.113901216095170530e+05 4.259186335584448534e+04 3.070349338958004955e+05 1.317719702359172152e+04 4.259153830245097197e+04 4.344489382220258121e+05 4.472791778371843975e+04 3.006010855911837552e+03 5.942505774150983780e+04 2.680432287696183994e+04 9.488918751333655382e+04 1.321757725495841987e+04 5.235816525729098357e+05 1.501522412656102388e+05 3.659758077579531237e+05 4.259174653865714936e+04 1.954709401041492583e+03 3.075253879075785517e+04 4.259192277484671649e+04
1.770764044929884258e+05 2.585663511555682635e+05 1.290211212922026607e+05 7.735556841782882657e+03 1.184079582899825982e+04 1.184070699032186894e+04 2.202006565276394249e+05 1.184073067034583983e+04 2.982242948341008741e+05 1.785189717102830764e+04 1.184049232908575505e+04 4.256383368172934861e+05 6.406224829427124496e+04 3.347395664647621743e+04 7.484353533607242571e+04 4.841777651792722463e+04 1.081049973278005345e+05 3.662070022420919122e+04 5.147710526030757464e+05 1.589628100190282858e+05 3.571651435890292050e+05 1.184069551486224009e+04 3.075253879075785517e+04 3.545516084844517081e+03 1.184073105471525378e+04
1.770764219194324687e+05 2.585663926249146170e+05 1.290210156316644570e+05 4.106409818501888367e+03 1.393459176706829394e+00 1.427160212332540201e+00 2.202005410304066900e+05 1.424797442042529783e+00 2.982241684120909194e+05 2.969145312067548366e+04 1.183766678538268780e+00 4.256382827998988214e+05 6.906836075024092861e+04 4.531338307314406848e+04 7.704623389124526875e+04 5.764135881863227405e+04 1.081049461946536321e+05 4.845999435010873276e+04 5.147710846623741090e+05 1.589626983224070573e+05 3.571650533358094981e+05 1.313284411901611382e+00 4.259192277484671649e+04 1.184073105471525378e+04 6.615604408130035807e-01
