7.800764964379794941e-01 1.418203788452969748e+05 4.571658664280942321e+04 1.202298454975513797e+00 1.772835954996951235e+00 1.333560680576642153e+04 1.815846764273353786e+00 1.688889709643172976e+00 8.000214389690119424e+04 1.911770280582145487e+00 4.708034872629939928e+05 1.873062972641119650e+00 1.600021737529013772e+05 1.611416637400518104e+00 1.873976196637249680e+00 1.946919336856795191e+00 9.052848758135191747e+04 1.774043165000413591e+00 1.979753701955430101e+00 2.229123797794294951e+05 1.939353366442280402e+00 3.192468244991297834e+05 1.969388350476586336e+00 1.812328584428559264e+00 1.918070394112706856e+00
1.418203788452969748e+05 1.983559989363915884e+04 1.361061899701396469e+05 1.418197415913380100e+05 1.418203692471880058e+05 1.418204084779350960e+05 1.418199519289460441e+05 1.418204002785778139e+05 1.018204393157012819e+05 1.418201998831696401e+05 4.308037129008996417e+05 1.418202612251493265e+05 6.630427739715493226e+04 1.418197969720683177e+05 1.418199246575505531e+05 1.418203455685986846e+05 8.796049576422943210e+04 1.418202791159914341e+05 1.418204909346138011e+05 2.070448591517218156e+05 1.418201859539985890e+05 3.192471762021611212e+05 1.418199594017416530e+05 1.418197899721296853e+05 1.418203514801943093e+05
4.571658664280942321e+04 1.361061899701396469e+05 9.796667036597367769e+03 4.571585717211754672e+04 4.571658214148454135e+04 3.238258143223266597e+04 4.571622622019867413e+04 4.571651517508929828e+04 3.428781265502885071e+04 4.571638897668830032e+04 4.708035698396738153e+05 4.571648349473017879e+04 1.575535372824318183e+05 4.571584062955408444e+04 4.571611394512016705e+04 4.571650192358670029e+04 6.703657116979126295e+04 4.571649952845348889e+04 4.571661040234508255e+04 2.229126464549791708e+05 4.571639465157835366e+04 3.192471279974111822e+05 4.571627189755997097e+04 4.571606527475027542e+04 4.571650263139650633e+04
1.202298454975513797e+00 1.418197415913380100e+05 4.571585717211755400e+04 3.494621733014462994e-01 1.209608314038570720e+00 1.333491496055197604e+04 1.171147450244830912e+00 1.228070883769132760e+00 8.000145344758743886e+04 1.291360690695978031e+00 4.708031555112509523e+05 1.141770672036553913e+00 1.600015703395794262e+05 8.391387448320322129e-01 1.162436671534768040e+00 1.296208997602355195e+00 9.052779760903172428e+04 1.147892833522666356e+00 1.375067668145185440e+00 2.229118050732545671e+05 1.178315339217157032e+00 3.192463059709415538e+05 1.193394933261071600e+00 1.129180743898167583e+00 1.312633583979011087e+00
1.772835954996951235e+00 1.418203692471880058e+05 4.571658214148454135e+04 1.209608314038570720e+00 9.384666340965112097e-01 1.333558978288252729e+04 1.851920843829339525e+00 1.726429641140651894e+00 8.000212408156877791e+04 1.900697433479928922e+00 4.708035554466122994e+05 1.762717010858444899e+00 1.600021679587140679e+05 1.613310684701051212e+00 1.869768119273944817e+00 1.802319637135635810e+00 9.052840769340022234e+04 1.802781280410980402e+00 1.974033418779270521e+00 2.229123558198941755e+05 1.910844099993945111e+00 3.192468549883182859e+05 1.886806256485346722e+00 1.765018745502880071e+00 1.992212228415805031e+00
1.333560680576641971e+04 1.418204084779350960e+05 3.238258143223266597e+04 1.333491496055197786e+04 1.333558978288252365e+04 1.777857191091333152e+04 1.333528670675719877e+04 1.333564689194359380e+04 6.666881146708891902e+04 1.333552667770826702e+04 4.708035547155224485e+05 1.333555574224578413e+04 1.600024543683800730e+05 1.333490082444923974e+04 1.333526371213978018e+04 1.333553731942125341e+04 8.460266779337156913e+04 1.333553831204572452e+04 1.333555704997044631e+04 2.229125846171913145e+05 1.333549731980931210e+04 3.192470405765351024e+05 1.333533272806784771e+04 1.333517287092111837e+04 1.333550985166650025e+04
1.815846764273353786e+00 1.418199519289460441e+05 4.571622622019867413e+04 1.171147450244830912e+00 1.851920843829339525e+00 1.333528670675720059e+04 7.123642222841124472e-01 1.867818427412472060e+00 8.000197275724107749e+04 1.732914098758932875e+00 4.708032072962806560e+05 1.813196291299608909e+00 1.600018022667501937e+05 1.253963554789089718e+00 1.403537941355435859e+00 1.837376611799002024e+00 9.052837016995195881e+04 1.800312826492716178e+00 2.025080779318629176e+00 2.229121050897134701e+05 1.747066550886913205e+00 3.192466579659057315e+05 1.625427683469955698e+00 1.313243182595057013e+00 1.868777824945240473e+00
1.688889709643172976e+00 1.418204002785778139e+05 4.571651517508929828e+04 1.228070883769132982e+00 1.726429641140651894e+00 1.333564689194359562e+04 1.867818427412472060e+00 7.363355315029461723e-01 8.000209015568191535e+04 1.871150507006363650e+00 4.708035011359501514e+05 1.910820578231293032e+00 1.600021954847437737e+05 1.663909325237120651e+00 1.869840555138269078e+00 1.885839850560107056e+00 9.052844974285391800e+04 1.837792512578119375e+00 2.020899846365331154e+00 2.229123803222955321e+05 1.828516906568090850e+00 3.192468378395700129e+05 1.934400292251738707e+00 1.844928925816957221e+00 2.011651376493498677e+00
8.000214389690119424e+04 1.018204393157012819e+05 3.428781265502885071e+04 8.000145344758743886e+04 8.000212408156877791e+04 6.666881146708890446e+04 8.000197275724107749e+04 8.000209015568191535e+04 1.148645527989273329e+00 8.000217177872173488e+04 4.708036496373764239e+05 8.000203282497034525e+04 1.428594680681240861e+05 8.000168568101747951e+04 8.000201047418003145e+04 8.000224065791250905e+04 3.275060242244617621e+04 8.000205716311107972e+04 8.000219914713423350e+04 2.229125458269411465e+05 8.000204551643309242e+04 3.192469569063123199e+05 8.000200484980735928e+04 8.000184733547674841e+04 8.000223871612448420e+04
1.911770280582145265e+00 1.418201998831696401e+05 4.571638897668830032e+04 1.291360690695978031e+00 1.900697433479929366e+00 1.333552667770826883e+04 1.732914098758933319e+00 1.871150507006363650e+00 8.000217177872173488e+04 7.423481647335852252e-01 4.708034139456943958e+05 1.847566908295749100e+00 1.600022019655662589e+05 1.506288968412031526e+00 1.704890082116016670e+00 1.830090268219603411e+00 9.052855876858485863e+04 1.734808125789969901e+00 2.161354343949367429e+00 2.229123435670449689e+05 1.892810697665135322e+00 3.192469293280837010e+05 1.815152107080880928e+00 1.736740265882123602e+00 1.916686574940167587e+00
4.708034872629939346e+05 4.308037129008996417e+05 4.708035698396738153e+05 4.708031555112509523e+05 4.708035554466122994e+05 4.708035547155224485e+05 4.708032072962806560e+05 4.708035011359501514e+05 4.708036496373764239e+05 4.708034139456943958e+05 7.163514206046884647e+04 4.708035024657706963e+05 4.332096256657613558e+05 4.708031257738558343e+05 4.708032033748908434e+05 4.708034794736645999e+05 4.602773664937338326e+05 4.708035014844658435e+05 4.708035786371844588e+05 3.569842695904602879e+05 4.708032856304885354e+05 2.842666244752155617e+05 4.708033127065813751e+05 4.708031880062381388e+05 4.708034685602802201e+05
1.873062972641119650e+00 1.418202612251493265e+05 4.571648349473017879e+04 1.141770672036553913e+00 1.762717010858444899e+00 1.333555574224578595e+04 1.813196291299608909e+00 1.910820578231293032e+00 8.000203282497034525e+04 1.847566908295748878e+00 4.708035024657706963e+05 6.791829297662276277e-01 1.600019468073547469e+05 1.575930616047365396e+00 1.876545194491088475e+00 1.938819177326942977e+00 9.052839231237367494e+04 1.748683521691491993e+00 2.090174002533351949e+00 2.229121179863064899e+05 1.840370202336822025e+00 3.192467591973411618e+05 1.859878722491414171e+00 1.726656087689800723e+00 1.971417143303602959e+00
1.600021737529013772e+05 6.630427739715493226e+04 1.575535372824318183e+05 1.600015703395794262e+05 1.600021679587140679e+05 1.600024543683800730e+05 1.600018022667501937e+05 1.600021954847437737e+05 1.428594680681240861e+05 1.600022019655662589e+05 4.332096256657613558e+05 1.600019468073547469e+05 3.820796821457753686e+04 1.600017666890567343e+05 1.600018979817703366e+05 1.600023518583399418e+05 1.356480778839163249e+05 1.600020405512658181e+05 1.600023063671734708e+05 1.457010009465755138e+05 1.600020286283356545e+05 2.711267002989835455e+05 1.600019132634297421e+05 1.600017912230970396e+05 1.600022810849065136e+05
1.611416637400517882e+00 1.418197969720683177e+05 4.571584062955408444e+04 8.391387448320322129e-01 1.613310684701051212e+00 1.333490082444924337e+04 1.253963554789089718e+00 1.663909325237120651e+00 8.000168568101747951e+04 1.506288968412030860e+00 4.708031257738557761e+05 1.575930616047365618e+00 1.600017666890567343e+05 5.496170730849463393e-01 1.306153101619331069e+00 1.589859279442614071e+00 9.052805448239456746e+04 1.516978089999571955e+00 1.675270282919574028e+00 2.229120176902643288e+05 1.444218270284644667e+00 3.192465164400787908e+05 1.343874486636370325e+00 1.104538923540308470e+00 1.579222612032681772e+00
1.873976196637249680e+00 1.418199246575505531e+05 4.571611394512016705e+04 1.162436671534767818e+00 1.869768119273944817e+00 1.333526371213978018e+04 1.403537941355435859e+00 1.869840555138269078e+00 8.000201047418003145e+04 1.704890082116016226e+00 4.708032033748908434e+05 1.876545194491088475e+00 1.600018979817703366e+05 1.306153101619331069e+00 7.888760099023639505e-01 1.862572551470310644e+00 9.052826253693482431e+04 1.821210832958130688e+00 1.994230871463553711e+00 2.229121586853291374e+05 1.662727343619209819e+00 3.192466388064633356e+05 1.460163620693770703e+00 1.377614284629735453e+00 1.878143054673751200e+00
1.946919336856795191e+00 1.418203455685986846e+05 4.571650192358670029e+04 1.296208997602355195e+00 1.802319637135635810e+00 1.333553731942125523e+04 1.837376611799002024e+00 1.885839850560107278e+00 8.000224065791250905e+04 1.830090268219603411e+00 4.708034794736645999e+05 1.938819177326942977e+00 1.600023518583399127e+05 1.589859279442614071e+00 1.862572551470310644e+00 9.536230681037914936e-01 9.052859366404694447e+04 1.952880957336495582e+00 2.020308847683599307e+00 2.229125422546463378e+05 1.912689714710421152e+00 3.192469469739825581e+05 1.903232337998101098e+00 1.823241437922128450e+00 1.780929752913026132e+00
9.052848758135191747e+04 8.796049576422943210e+04 6.703657116979126295e+04 9.052779760903170973e+04 9.052840769340022234e+04 8.460266779337156913e+04 9.052837016995195881e+04 9.052844974285391800e+04 3.275060242244617984e+04 9.052855876858485863e+04 4.602773664937338326e+05 9.052839231237367494e+04 1.356480778839163249e+05 9.052805448239456746e+04 9.052826253693482431e+04 9.052859366404694447e+04 3.841466287893548724e+04 9.052826410816976568e+04 9.052865480610853410e+04 2.040237280964761158e+05 9.052839148260661750e+04 3.077038392693036585e+05 9.052829166994408297e+04 9.052818013833882287e+04 9.052860605582372227e+04
1.774043165000413591e+00 1.418202791159914341e+05 4.571649952845348889e+04 1.147892833522666356e+00 1.802781280410980402e+00 1.333553831204572634e+04 1.800312826492716178e+00 1.837792512578119597e+00 8.000205716311107972e+04 1.734808125789969901e+00 4.708035014844658435e+05 1.748683521691491993e+00 1.600020405512658181e+05 1.516978089999571955e+00 1.821210832958130688e+00 1.952880957336495582e+00 9.052826410816976568e+04 7.887402006192679726e-01 2.033585933746315355e+00 2.229122481857039093e+05 1.858341143800068318e+00 3.192467591858829837e+05 1.866732937886111943e+00 1.780202688700912583e+00 1.981182619215244189e+00
1.979753701955430101e+00 1.418204909346138011e+05 4.571661040234508255e+04 1.375067668145185440e+00 1.974033418779270521e+00 1.333555704997044631e+04 2.025080779318629176e+00 2.020899846365331154e+00 8.000219914713423350e+04 2.161354343949367873e+00 4.708035786371844588e+05 2.090174002533351949e+00 1.600023063671734708e+05 1.675270282919574028e+00 1.994230871463553711e+00 2.020308847683599307e+00 9.052865480610853410e+04 2.033585933746315355e+00 7.462897975727721400e-01 2.229124209907296463e+05 2.022861121966910147e+00 3.192468453322286950e+05 2.088365910362710576e+00 1.902588361330863842e+00 2.090593173161138907e+00
2.229123797794294951e+05 2.070448591517218156e+05 2.229126464549791708e+05 2.229118050732545671e+05 2.229123558198941755e+05 2.229125846171913145e+05 2.229121050897134701e+05 2.229123803222955321e+05 2.229125458269412047e+05 2.229123435670449689e+05 3.569842695904602879e+05 2.229121179863064899e+05 1.457010009465755138e+05 2.229120176902643288e+05 2.229121586853291374e+05 2.229125422546463378e+05 2.040237280964760866e+05 2.229122481857039093e+05 2.229124209907296463e+05 3.891310198179500730e+04 2.229122372470600822e+05 1.409829817984283145e+05 2.229121967062097974e+05 2.229120820112829970e+05 2.229125692906431796e+05
1.939353366442280402e+00 1.418201859539985890e+05 4.571639465157836094e+04 1.178315339217157032e+00 1.910844099993945111e+00 1.333549731980931574e+04 1.747066550886913205e+00 1.828516906568090850e+00 8.000204551643309242e+04 1.892810697665135322e+00 4.708032856304885354e+05 1.840370202336821803e+00 1.600020286283356545e+05 1.444218270284644667e+00 1.662727343619209819e+00 1.912689714710421152e+00 9.052839148260661750e+04 1.858341143800068318e+00 2.022861121966910147e+00 2.229122372470600822e+05 7.843363104841377664e-01 3.192466475370271946e+05 1.670320827583959389e+00 1.658108250303352849e+00 1.945113899119472300e+00
3.192468244991297834e+05 3.192471762021611212e+05 3.192471279974111822e+05 3.192463059709415538e+05 3.192468549883182859e+05 3.192470405765351024e+05 3.192466579659057315e+05 3.192468378395700129e+05 3.192469569063123199e+05 3.192469293280837010e+05 2.842666244752155617e+05 3.192467591973411618e+05 2.711267002989835455e+05 3.192465164400787908e+05 3.192466388064633356e+05 3.192469469739825581e+05 3.077038392693036585e+05 3.192467591858829837e+05 3.192468453322286950e+05 1.409829817984283145e+05 3.192466475370271946e+05 7.792065761685266625e+04 3.192466533650363563e+05 3.192465784643685329e+05 3.192469774485630915e+05
1.969388350476586114e+00 1.418199594017416530e+05 4.571627189755997097e+04 1.193394933261071600e+00 1.886806256485346722e+00 1.333533272806784953e+04 1.625427683469955698e+00 1.934400292251738707e+00 8.000200484980735928e+04 1.815152107080880706e+00 4.708033127065814333e+05 1.859878722491414171e+00 1.600019132634297421e+05 1.343874486636370325e+00 1.460163620693770703e+00 1.903232337998100432e+00 9.052829166994408297e+04 1.866732937886111943e+00 2.088365910362710132e+00 2.229121967062097974e+05 1.670320827583959389e+00 3.192466533650363563e+05 7.108594625706300407e-01 1.375195458866961040e+00 1.899937495308640090e+00
1.812328584428559486e+00 1.418197899721296853e+05 4.571606527475028270e+04 1.129180743898167583e+00 1.765018745502880071e+00 1.333517287092112201e+04 1.313243182595057013e+00 1.844928925816956999e+00 8.000184733547674841e+04 1.736740265882123602e+00 4.708031880062381388e+05 1.726656087689800945e+00 1.600017912230970396e+05 1.104538923540308470e+00 1.377614284629735453e+00 1.823241437922128227e+00 9.052818013833882287e+04 1.780202688700912583e+00 1.902588361330864064e+00 2.229120820112829970e+05 1.658108250303352849e+00 3.192465784643685329e+05 1.375195458866961040e+00 6.509217894195054033e-01 1.829023443647008751e+00
1.918070394112706856e+00 1.418203514801943093e+05 4.571650263139650633e+04 1.312633583979011087e+00 1.992212228415804809e+00 1.333550985166650025e+04 1.868777824945240251e+00 2.011651376493498677e+00 8.000223871612448420e+04 1.916686574940167365e+00 4.708034685602802201e+05 1.971417143303602959e+00 1.600022810849065136e+05 1.579222612032681772e+00 1.878143054673751200e+00 1.780929752913026132e+00 9.052860605582372227e+04 1.981182619215244189e+00 2.090593173161138907e+00 2.229125692906431796e+05 1.945113899119472300e+00 3.192469774485630915e+05 1.899937495308640534e+00 1.829023443647008751e+00 9.498096828629156718e-01
