6.583503145678906549e+03 2.073868780885209344e+04 2.073832042132650531e+04 2.073863960408031198e+04 1.895996941041968821e+05 4.609462008179472832e+03 2.765092362914825935e+04 2.083344311716032389e+05 1.674359590824830811e+05 9.985649678546466021e+03 2.073812538770822357e+04 2.073849107215242111e+04 5.143713328748587082e+04 2.073856797164448290e+04 3.548398503062090604e+05 1.152157615035853632e+04 2.347681995174454933e+05 1.439500358702568337e+05 2.641557898918167339e+05 3.391060400248524966e+05 2.073843561422252969e+04 2.073872203816968249e+04 3.689880306259600329e+05 7.603825737027461582e+04 2.977161037361277849e+05
2.073868780885209344e+04 1.381514851730549498e-01 1.027073919159781523e+00 7.931450784795341935e-01 1.935494947863282869e+05 1.613009161139181924e+04 4.838821926495698426e+04 2.083346681412597245e+05 1.720443946011695371e+05 1.075396417955361539e+04 9.615237030430694443e-01 1.122125425658607734e+00 7.038263449176157883e+04 7.345416293589652756e-01 3.548395929337372072e+05 3.225954994310503753e+04 2.347683074897161860e+05 1.485580096587046864e+05 2.641558009447280783e+05 3.391059632493992103e+05 6.766646207680553360e-01 5.995811059101229246e-01 3.689877156258000177e+05 8.064631380005217216e+04 2.977161615669718594e+05
2.073832042132650531e+04 1.027073919159781523e+00 2.270117348499047505e-01 8.665911066077557345e-01 1.935496622246202023e+05 1.613020570228128236e+04 4.838837752745464240e+04 2.083343633051122306e+05 1.720441065035733918e+05 1.075359989061674241e+04 4.807483213797569266e-01 9.028854015208689354e-01 7.038231720318383304e+04 8.238556283273692493e-01 3.548397433121711365e+05 3.225916648756797076e+04 2.347680009917334828e+05 1.485582265865579247e+05 2.641555247018962982e+05 3.391059401968530728e+05 8.454795162892706495e-01 1.056173285216625013e+00 3.689878643663230469e+05 8.064649468633031938e+04 2.977159336394799175e+05
2.073863960408031198e+04 7.931450784795341935e-01 8.665911066077557345e-01 1.549692331181961036e-01 1.935494604951803340e+05 1.613008568548386756e+04 4.838816032941898447e+04 2.083345770579396922e+05 1.720443017851766781e+05 1.075384751837487238e+04 8.570882525096090720e-01 1.175318833675528252e+00 7.038255827838237747e+04 6.339679469321460870e-01 3.548395654559786199e+05 3.225939767365610533e+04 2.347682575152566715e+05 1.485579810226558766e+05 2.641557810961898649e+05 3.391059804624858662e+05 5.850022689689265976e-01 9.137003259881615325e-01 3.689876954565091874e+05 8.064625365082397184e+04 2.977161598098594113e+05
1.895996941041968821e+05 1.935494947863282869e+05 1.935496622246202023e+05 1.935494604951803340e+05 5.349841144493967477e+03 1.935495273477150185e+05 1.635956135905005212e+05 2.934417683780884181e+04 3.920669093286658608e+04 1.935498172647921019e+05 1.935494190745314991e+05 1.935497809113801632e+05 1.454080151934804453e+05 1.935493933282535581e+05 2.235033026315789612e+05 1.797248768249379646e+05 6.473866768677588698e+04 6.269259050865398603e+04 1.096926131922294298e+05 2.018274713441868662e+05 1.935492131941128173e+05 1.935495090579189127e+05 2.376516449304501002e+05 1.306044549642627971e+05 1.502510231102211110e+05
4.609462008179472832e+03 1.613009161139181924e+04 1.613020570228128236e+04 1.613008568548386756e+04 1.935495273477150185e+05 1.835189905359579376e-01 3.225928131235903129e+04 2.083346976034957333e+05 1.720444570913879143e+05 5.377281559565222778e+03 1.613003882137736764e+04 1.613016478373175232e+04 5.604589477240292763e+04 1.613000694444439796e+04 3.548395980180626502e+05 1.613036003786597576e+04 2.347684004249550053e+05 1.485579518327678379e+05 2.641558811987384106e+05 3.391059994426997728e+05 1.612993004204920908e+04 1.613009099753981354e+04 3.689878107638888760e+05 8.064645788110281865e+04 2.977163016799390898e+05
2.765092362914825935e+04 4.838821926495698426e+04 4.838837752745464240e+04 4.838816032941898447e+04 1.635956135905005212e+05 3.225928131235903129e+04 1.612928818548868912e+04 1.922057148143907543e+05 1.397863047062057303e+05 3.763587795934733003e+04 4.838813954810391442e+04 4.838851473778532818e+04 2.378731905133774853e+04 4.838806120533053763e+04 3.387105973283342901e+05 1.613015557895657912e+04 2.186393854136810405e+05 1.163000031080450135e+05 2.480269249126726936e+05 3.229770533004624303e+05 4.838795872559161216e+04 4.838825679799739737e+04 3.528587247136836522e+05 4.838813125237756321e+04 2.815873170422380208e+05
2.083344311716032389e+05 2.083346681412597245e+05 2.083343633051122306e+05 2.083345770579396922e+05 2.934417683780884181e+04 2.083346976034957333e+05 1.922057148143907543e+05 1.321712696857658921e+04 6.854955606586985232e+04 2.083344682710910274e+05 2.083341244402700104e+05 2.083344629820963019e+05 1.742842933780640014e+05 2.083344719741619192e+05 2.056465664261460479e+05 2.083344636541392829e+05 3.539516225357824442e+04 9.203573616348233190e+04 8.074904505174250517e+04 1.839704432505686709e+05 2.083343878316578921e+05 2.083346986365641933e+05 2.197948084571928484e+05 1.599477127036807360e+05 1.252250919277780195e+05
1.674359590824830811e+05 1.720443946011695371e+05 1.720441065035733918e+05 1.720443017851766781e+05 3.920669093286658608e+04 1.720444570913879143e+05 1.397863047062057303e+05 6.854955606586985232e+04 1.433711535954700958e+04 1.720441359099291149e+05 1.720438501205261855e+05 1.720441534961598809e+05 1.159998223521157925e+05 1.720442231538206397e+05 2.473132185024052160e+05 1.559151935317221214e+05 1.039436883410679147e+05 2.348719854158288581e+04 1.404998355084997893e+05 2.256371876595917274e+05 1.720440089691331377e+05 1.720444293967122794e+05 2.614612572628582129e+05 9.139912762503640261e+04 1.740602650413835945e+05
9.985649678546466021e+03 1.075396417955361539e+04 1.075359989061674241e+04 1.075384751837487238e+04 1.935498172647921019e+05 5.377281559565222778e+03 3.763587795934733003e+04 2.083344682710910274e+05 1.720441359099291149e+05 7.168700555049699688e+03 1.075342329531700307e+04 1.075351279377381979e+04 6.082453731084224273e+04 1.075386583813990728e+04 3.548398708395232097e+05 2.150657210964068145e+04 2.347680945644974709e+05 1.485582962819093664e+05 2.641556291257315897e+05 3.391060192555232788e+05 1.075375260378366329e+04 1.075397674158835434e+04 3.689879840389785240e+05 8.064663554551931156e+04 2.977160257582801278e+05
2.073812538770822357e+04 9.615237030430694443e-01 4.807483213797569266e-01 8.570882525096090720e-01 1.935494190745314991e+05 1.613003882137736764e+04 4.838813954810391442e+04 2.083341244402700104e+05 1.720438501205261855e+05 1.075342329531700307e+04 1.089417960118931744e-01 7.456084501234481188e-01 7.038208696450370189e+04 7.205061428592717254e-01 3.548396656983941793e+05 3.225892680784486583e+04 2.347678237346110109e+05 1.485579761874376854e+05 2.641554034198722220e+05 3.391058364071151591e+05 5.787828994755638279e-01 9.662299419586231064e-01 3.689878060669567203e+05 8.064625907166991965e+04 2.977158316178550594e+05
2.073849107215242111e+04 1.122125425658607734e+00 9.028854015208689354e-01 1.175318833675528252e+00 1.935497809113801632e+05 1.613016478373175232e+04 4.838851473778532818e+04 2.083344629820963019e+05 1.720441534961598809e+05 1.075351279377381979e+04 7.456084501234481188e-01 2.115137084704954151e-01 7.038253729906666558e+04 1.043338037639758520e+00 3.548398096836092300e+05 3.225925002869989112e+04 2.347680998549515789e+05 1.485582140406459512e+05 2.641556008999251644e+05 3.391059512391702156e+05 9.530625655382940487e-01 1.067951506941592577e+00 3.689879511368727544e+05 8.064668826804916898e+04 2.977160106093105278e+05
5.143713328748588538e+04 7.038263449176159338e+04 7.038231720318383304e+04 7.038255827838237747e+04 1.454080151934804453e+05 5.604589477240292763e+04 2.378731905133775217e+04 1.742842933780640014e+05 1.159998223521157925e+05 6.082453731084224273e+04 7.038208696450370189e+04 7.038253729906666558e+04 1.065091711591855528e+04 7.038251103883716860e+04 3.225818102362763020e+05 3.991646316164987365e+04 2.017135793166833464e+05 9.251403131769309402e+04 2.318976688710056769e+05 3.068480595464367652e+05 7.038237301550889970e+04 7.038266572484812059e+04 3.367299418462505564e+05 2.460177119426490754e+04 2.654581433436135994e+05
2.073856797164448290e+04 7.345416293589652756e-01 8.238556283273692493e-01 6.339679469321460870e-01 1.935493933282535581e+05 1.613000694444439796e+04 4.838806120533053763e+04 2.083344719741619192e+05 1.720442231538206397e+05 1.075386583813990728e+04 7.205061428592717254e-01 1.043338037639758520e+00 7.038251103883716860e+04 1.627303302046017308e-01 3.548395029003960663e+05 3.225931635017937879e+04 2.347681088684213464e+05 1.485578567962832167e+05 2.641556234170996468e+05 3.391058425799880642e+05 4.192592216031768015e-01 8.355899087223744859e-01 3.689876606880900217e+05 8.064623116885582567e+04 2.977160297353673959e+05
3.548398503062090604e+05 3.548395929337372072e+05 3.548397433121711365e+05 3.548395654559786199e+05 2.235033026315789612e+05 3.548395980180626502e+05 3.387105973283342901e+05 2.056465664261460479e+05 2.473132185024052160e+05 3.548398708395232097e+05 3.548396656983941793e+05 3.548398096836092300e+05 3.225818102362763020e+05 3.548395029003960663e+05 1.030947932053915065e+04 3.548399144383135717e+05 1.756287425123068097e+05 2.580655995501608122e+05 1.602896254476101021e+05 8.066404406364586612e+04 3.548394994025041815e+05 3.548395749790496775e+05 6.377654545824090746e+04 3.225816314020939753e+05 1.472821067850292602e+05
1.152157615035853632e+04 3.225954994310503753e+04 3.225916648756797076e+04 3.225939767365610533e+04 1.797248768249379646e+05 1.613036003786597576e+04 1.613015557895657912e+04 2.083344636541392829e+05 1.559151935317221214e+05 2.150657210964068145e+04 3.225892680784486583e+04 3.225925002869989112e+04 3.991646316164987365e+04 3.225931635017938243e+04 3.548399144383135717e+05 3.470098002071558274e-01 2.347682242091307126e+05 1.324291957991326926e+05 2.641557390589609277e+05 3.391061039889462409e+05 3.225921364744837774e+04 3.225958112651701231e+04 3.689880712011884898e+05 6.451756381218836759e+04 2.977160947886980139e+05
2.347681995174454933e+05 2.347683074897161860e+05 2.347680009917334828e+05 2.347682575152566715e+05 6.473866768677588698e+04 2.347684004249550053e+05 2.186393854136810405e+05 3.539516225357824442e+04 1.039436883410679147e+05 2.347680945644974709e+05 2.347678237346110109e+05 2.347680998549515789e+05 2.017135793166833464e+05 2.347681088684213464e+05 1.756287425123068388e+05 2.347682242091307126e+05 1.593017824863353962e+04 1.274301854188025027e+05 4.535463462271609751e+04 1.539526360760807001e+05 2.347680970794747409e+05 2.347683857017127448e+05 1.897768045870682981e+05 1.953419221155677224e+05 9.162285817204018531e+04
1.439500358702568628e+05 1.485580096587046573e+05 1.485582265865579247e+05 1.485579810226558766e+05 6.269259050865397876e+04 1.485579518327678670e+05 1.163000031080450135e+05 9.203573616348233190e+04 2.348719854158288581e+04 1.485582962819093664e+05 1.485579761874377436e+05 1.485582140406459512e+05 9.251403131769309402e+04 1.485578567962832167e+05 2.580655995501608122e+05 1.324291957991327217e+05 1.274301854188024881e+05 5.361658129294193714e+03 1.639863063451237103e+05 2.410809623936094285e+05 1.485576415933711396e+05 1.485580555225007411e+05 2.722139087341590784e+05 6.791287374449464551e+04 1.975466667936553422e+05
2.641557898918167339e+05 2.641558009447280783e+05 2.641555247018962982e+05 2.641557810961898649e+05 1.096926131922294298e+05 2.641558811987384106e+05 2.480269249126726936e+05 8.074904505174250517e+04 1.404998355084997893e+05 2.641556291257316479e+05 2.641554034198722220e+05 2.641556008999251644e+05 2.318976688710056769e+05 2.641556234170996468e+05 1.602896254476101021e+05 2.641557390589609277e+05 4.535463462271609751e+04 1.639863063451237686e+05 2.091552439089115069e+04 1.173236326727059059e+05 2.641556796428606031e+05 2.641558140483431052e+05 1.754397668815901561e+05 2.318979320579638297e+05 4.626894449952580180e+04
3.391060400248524966e+05 3.391059632493992103e+05 3.391059401968530728e+05 3.391059804624858662e+05 2.018274713441868662e+05 3.391059994426997728e+05 3.229770533004624303e+05 1.839704432505686709e+05 2.256371876595917274e+05 3.391060192555232788e+05 3.391058364071151591e+05 3.391059512391702156e+05 3.068480595464367652e+05 3.391058425799880642e+05 8.066404406364586612e+04 3.391061039889462409e+05 1.539526360760807001e+05 2.410809623936094285e+05 1.173236326727059059e+05 2.792652180176792535e+04 3.391058555663191946e+05 3.391059271928679082e+05 9.605310631083197950e+04 3.068480740856330376e+05 9.395785295648244210e+04
2.073843561422252969e+04 6.766646207680553360e-01 8.454795162892706495e-01 5.850022689689265976e-01 1.935492131941128173e+05 1.612993004204920908e+04 4.838795872559161216e+04 2.083343878316578921e+05 1.720440089691331377e+05 1.075375260378366329e+04 5.787828994755638279e-01 9.530625655382940487e-01 7.038237301550889970e+04 4.192592216031768015e-01 3.548394994025042397e+05 3.225921364744837774e+04 2.347680970794747409e+05 1.485576415933711396e+05 2.641556796428606031e+05 3.391058555663191946e+05 1.305113693028806532e-01 7.386320019258376668e-01 3.689876563981585787e+05 8.064606976584311633e+04 2.977160188714158721e+05
2.073872203816968249e+04 5.995811059101229246e-01 1.056173285216625013e+00 9.137003259881615325e-01 1.935495090579189127e+05 1.613009099753981354e+04 4.838825679799739737e+04 2.083346986365641933e+05 1.720444293967122794e+05 1.075397674158835434e+04 9.662299419586231064e-01 1.067951506941592354e+00 7.038266572484812059e+04 8.355899087223744859e-01 3.548395749790496775e+05 3.225958112651701231e+04 2.347683857017127448e+05 1.485580555225007993e+05 2.641558140483431052e+05 3.391059271928679082e+05 7.386320019258376668e-01 1.899960018593263578e-01 3.689877095998758450e+05 8.064638650400325423e+04 2.977162469920770964e+05
3.689880306259600329e+05 3.689877156258000177e+05 3.689878643663230469e+05 3.689876954565091874e+05 2.376516449304501002e+05 3.689878107638888760e+05 3.528587247136836522e+05 2.197948084571928484e+05 2.614612572628582129e+05 3.689879840389785240e+05 3.689878060669567203e+05 3.689879511368727544e+05 3.367299418462505564e+05 3.689876606880900217e+05 6.377654545824091474e+04 3.689880712011884898e+05 1.897768045870682399e+05 2.722139087341590784e+05 1.754397668815901561e+05 9.605310631083197950e+04 3.689876563981585787e+05 3.689877095998758450e+05 1.149394861493322423e+04 3.367296123006831040e+05 1.626709442325916607e+05
7.603825737027461582e+04 8.064631380005217216e+04 8.064649468633031938e+04 8.064625365082397184e+04 1.306044549642627971e+05 8.064645788110281865e+04 4.838813125237756321e+04 1.599477127036807360e+05 9.139912762503640261e+04 8.064663554551931156e+04 8.064625907166991965e+04 8.064668826804916898e+04 2.460177119426490754e+04 8.064623116885582567e+04 3.225816314020939753e+05 6.451756381218836759e+04 1.953419221155677224e+05 6.791287374449464551e+04 2.318979320579638297e+05 3.068480740856330376e+05 8.064606976584311633e+04 8.064638650400325423e+04 3.367296123006831040e+05 2.311559114327902675e-01 2.654583607867594692e+05
2.977161037361277849e+05 2.977161615669718594e+05 2.977159336394799175e+05 2.977161598098594113e+05 1.502510231102211110e+05 2.977163016799391480e+05 2.815873170422380208e+05 1.252250919277780049e+05 1.740602650413835945e+05 2.977160257582801278e+05 2.977158316178550594e+05 2.977160106093105860e+05 2.654581433436135994e+05 2.977160297353673959e+05 1.472821067850292602e+05 2.977160947886980139e+05 9.162285817204018531e+04 1.975466667936553422e+05 4.626894449952580180e+04 9.395785295648244210e+04 2.977160188714158721e+05 2.977162469920770382e+05 1.626709442325916316e+05 2.654583607867594692e+05 1.786533250863109424e+04
