2.038100719849246525e+04 1.392651197682385391e+05 1.869255035170789051e+05 1.392650568777234876e+05 9.315818908253770496e+04 8.049832725378712348e+04 5.370152689875843935e+05 1.392646787370483216e+05 1.255434709186625259e+05 6.772495679821068188e+04 1.392651034443404351e+05 1.123487465537620592e+05 1.392652577052616980e+05 6.743981706508161733e+04 1.389360732354320353e+05 1.381130533003684832e+05 2.649993781654182822e+05 1.219839788621076732e+05 1.392650262316829176e+05 1.392648618178690085e+05 4.088096097336790990e+05 1.392651028721175389e+05 1.392652417452137452e+05 1.392649888379511249e+05 1.051195645870937296e+05
1.392651197682385391e+05 9.640519448852902240e-01 2.256020899237086996e+05 3.225989547566416513e+04 1.082970383716301149e+05 1.237087727503340720e+05 5.531440986811085604e+05 3.225950621936843527e+04 1.889073415541550494e+05 1.612924211675911502e+05 1.736252542669662891e+00 1.770708078943311411e+05 1.613081722138151417e+04 1.474674936591962178e+05 3.686827698651886021e+04 4.838915737512795749e+04 2.972572785628712736e+05 6.451821039650708553e+04 2.477142838217164172e+04 3.225976526872449540e+04 4.249383954558403348e+05 3.225986965841332130e+04 1.661649631045617026e+00 3.225989629422609869e+04 8.157780117956938921e+04
1.869255035170789342e+05 2.256020899237086996e+05 6.346682410631312086e+04 2.256018974565409590e+05 1.933441634329161898e+05 1.933442075893592846e+05 4.940507958322535269e+05 2.256016127006447350e+05 1.230552131949242030e+05 1.703026570084103441e+05 2.256020816957871430e+05 1.315618312455918349e+05 2.094730847208136693e+05 1.841275326950664748e+05 2.094731273928543669e+05 2.256022010431129602e+05 1.876668580764317885e+05 2.094730838012339082e+05 2.094729899110242550e+05 2.256017507284601452e+05 3.425531742217523861e+05 2.256019393291668384e+05 2.256021076392363175e+05 2.256018244280582294e+05 1.933440864238672948e+05
1.392650568777235167e+05 3.225989547566416513e+04 2.256018974565409299e+05 9.371559047005375565e-01 1.082968902744393563e+05 1.237086937495431193e+05 5.692730343096287688e+05 1.301307931422073461e+00 1.889072999991199467e+05 1.612923183120871545e+05 3.225983175967867282e+04 1.770707577652202745e+05 3.225988304047785641e+04 1.474673690827117534e+05 3.686828745622154383e+04 4.838905980434868980e+04 2.972571122640910908e+05 6.451811521163422731e+04 2.649943736227647605e+04 1.520518900508526006e+00 4.410672813480799668e+05 1.596923985090823894e+00 3.225992435435774314e+04 1.524075108674568080e+00 8.157771996425317775e+04
9.315818908253773407e+04 1.082970383716301149e+05 1.933441634329162189e+05 1.082968902744393563e+05 7.777239154855030392e+03 3.151880092133895960e+04 5.370152633057025960e+05 1.082964758198424242e+05 1.566494217177901301e+05 1.175136455792877823e+05 1.082969262608834833e+05 1.442642498093377508e+05 1.082969929892699147e+05 1.034977986232696858e+05 1.036886371459635848e+05 7.603880125626822701e+04 2.649993902695010183e+05 5.990980073391086626e+04 1.082969042831003753e+05 1.082967354003308574e+05 4.088095312398815877e+05 1.082968521241741546e+05 1.082970344985640259e+05 1.082968398457325238e+05 3.395220446113719663e+04
8.049832725378712348e+04 1.237087727503340720e+05 1.933442075893592846e+05 1.237086937495431193e+05 3.151880092133895960e+04 8.328289005713972074e+03 5.370152954156490741e+05 1.237082469336970971e+05 1.566494597416451725e+05 1.129053327019937278e+05 1.237086667743401194e+05 1.440448119075516588e+05 1.237087707714290445e+05 9.888952537933427084e+04 1.191004343484800629e+05 9.145056064122125099e+04 2.649994042534269392e+05 7.532152023908912088e+04 1.237086178618794656e+05 1.237084692467508721e+05 4.088095666461875662e+05 1.237086706387885642e+05 1.237087694031643041e+05 1.237085988309229142e+05 4.936390130625118763e+04
5.370152689875845099e+05 5.531440986811085604e+05 4.940507958322534687e+05 5.692730343096287688e+05 5.370152633057025960e+05 5.370152954156490741e+05 2.174602769138879958e+05 5.692729217884930549e+05 5.120886188685317175e+05 5.208862187433322542e+05 5.531441279770961264e+05 5.208861856592826662e+05 5.692731887640133500e+05 5.347111032513466198e+05 5.692731917648792733e+05 5.692733186421415303e+05 4.359425457167009008e+05 5.531442512057474814e+05 5.692730871774025727e+05 5.692730119931158843e+05 3.794696275375523837e+05 5.692730207247594371e+05 5.531441093591477256e+05 5.692730944788290653e+05 5.370152581009372370e+05
1.392646787370483507e+05 3.225950621936843527e+04 2.256016127006447350e+05 1.301307931422073461e+00 1.082964758198424242e+05 1.237082469336970971e+05 5.692729217884931713e+05 6.475285998161611767e-01 1.889069372632993327e+05 1.612919015557292441e+05 3.225943608233898340e+04 1.770703418034946371e+05 3.225953129657396858e+04 1.474669665501918062e+05 3.686788555093808827e+04 4.838864836193161318e+04 2.972569044369415496e+05 6.451767430001609318e+04 2.649907189658429706e+04 1.106837667651761281e+00 4.410671519869265030e+05 1.256998855601284548e+00 3.225953076095970755e+04 1.251086369148570077e+00 8.157728242773197417e+04
1.255434709186625551e+05 1.889073415541550494e+05 1.230552131949242030e+05 1.889072999991199467e+05 1.566494217177901301e+05 1.566494597416452016e+05 5.120886188685318339e+05 1.889069372632993327e+05 5.171933713254560280e+04 1.066617939064889215e+05 1.889073602807593707e+05 7.088392252434726106e+04 1.889074206258048944e+05 1.110624836705666676e+05 1.889073770065262506e+05 1.889074392492940533e+05 2.255287942416734877e+05 1.727784457609291130e+05 1.889073487322187575e+05 1.889070435315266659e+05 3.814187271667059977e+05 1.889072320316603873e+05 1.889074340648665966e+05 1.889071825588833308e+05 1.566494147289411048e+05
6.772495679821068188e+04 1.612924211675911502e+05 1.703026570084103441e+05 1.612923183120871545e+05 1.175136455792877823e+05 1.129053327019937278e+05 5.208862187433321960e+05 1.612919015557292441e+05 1.066617939064889215e+05 3.039497939590689202e+04 1.612923675109095348e+05 9.502140085130755324e+04 1.612925466556658212e+05 7.564073418695316650e+04 1.612924878211184696e+05 1.612925039211020339e+05 2.488703238835943048e+05 1.451634364244132885e+05 1.612923068643679144e+05 1.612920586188107554e+05 3.926805425292755826e+05 1.612922666208961164e+05 1.612924820921886130e+05 1.612922350455129053e+05 1.290343641123922571e+05
1.392651034443404351e+05 1.736252542669662668e+00 2.256020816957871721e+05 3.225983175967867282e+04 1.082969262608834688e+05 1.237086667743401194e+05 5.531441279770961264e+05 3.225943608233898340e+04 1.889073602807593415e+05 1.612923675109095348e+05 9.657093263079399303e-01 1.770707530785822310e+05 1.613077808947643643e+04 1.474673676656695316e+05 3.686827085452384927e+04 4.838906031955051731e+04 2.972573067390847718e+05 6.451812675407610368e+04 2.477141270254090341e+04 3.225972790965572131e+04 4.249384060265242006e+05 3.225985382578735516e+04 1.737338304243648990e+00 3.225978518541103040e+04 8.157770188482904632e+04
1.123487465537620737e+05 1.770708078943311702e+05 1.315618312455918349e+05 1.770707577652202745e+05 1.442642498093377508e+05 1.440448119075516588e+05 5.208861856592827244e+05 1.770703418034946080e+05 7.088392252434724651e+04 9.502140085130756779e+04 1.770707530785822310e+05 3.064012300646210497e+04 1.770708967959287111e+05 1.092566597592284379e+05 1.770709038443686441e+05 1.770709445821532281e+05 2.349021242612270289e+05 1.609419299180189264e+05 1.770707181941308081e+05 1.770704749994778831e+05 3.926805174542204477e+05 1.770706071329171536e+05 1.770708572156220616e+05 1.770706260867381934e+05 1.448128404693672201e+05
1.392652577052616980e+05 1.613081722138151417e+04 2.094730847208136693e+05 3.225988304047785641e+04 1.082969929892699147e+05 1.237087707714290445e+05 5.692731887640134664e+05 3.225953129657396858e+04 1.889074206258048944e+05 1.612925466556658212e+05 1.613077808947643462e+04 1.770708967959287111e+05 1.009379848568487059e+00 1.474674579415006738e+05 2.073910831433886415e+04 4.838916814902803162e+04 2.811283298199700075e+05 6.451818684692665556e+04 8.642480799978684445e+03 3.225981676006878115e+04 4.410674500872853678e+05 3.225991792302954127e+04 1.613077018426800896e+04 3.225988941667933614e+04 8.157777401173954422e+04
6.743981706508161733e+04 1.474674936591962178e+05 1.841275326950664748e+05 1.474673690827117534e+05 1.034977986232696858e+05 9.888952537933427084e+04 5.347111032513466198e+05 1.474669665501918062e+05 1.110624836705666821e+05 7.564073418695316650e+04 1.474673676656695316e+05 1.092566597592284379e+05 1.474674579415006738e+05 2.375682058956457695e+04 1.474675272565211926e+05 1.474675688541572308e+05 2.626952794860477443e+05 1.313384338317260263e+05 1.474673984337973816e+05 1.474671918757925450e+05 4.065054611386845354e+05 1.474674215288760897e+05 1.474675212016414735e+05 1.474672882379962830e+05 1.149229684480992000e+05
1.389360732354320062e+05 3.686827698651886021e+04 2.094731273928543669e+05 3.686828745622154383e+04 1.036886371459635848e+05 1.191004343484800629e+05 5.692731917648793897e+05 3.686788555093808827e+04 1.889073770065262506e+05 1.612924878211184696e+05 3.686827085452384199e+04 1.770709038443686441e+05 2.073910831433886415e+04 1.474675272565211926e+05 6.584309525153684262e+03 2.765169492601981983e+04 2.811283040671441122e+05 4.378076935851226881e+04 1.785912132433099032e+04 3.686815221021998150e+04 4.410675057351791183e+05 3.686827171215346607e+04 3.686823613093162567e+04 3.686827311363285116e+04 7.063300667766916740e+04
1.381130533003684541e+05 4.838915737512795749e+04 2.256022010431129602e+05 4.838905980434868980e+04 7.603880125626824156e+04 9.145056064122125099e+04 5.692733186421416467e+05 4.838864836193161318e+04 1.889074392492940533e+05 1.612925039211020339e+05 4.838906031955051731e+04 1.770709445821532281e+05 4.838916814902803162e+04 1.474675688541572308e+05 2.765169492601981983e+04 1.043663699714755477e+00 2.972573309935037396e+05 1.613086785208000401e+04 4.550883911506846925e+04 4.838884454949120118e+04 4.410675602890188457e+05 4.838902295796384715e+04 4.838913481975848117e+04 4.838902607966898358e+04 4.298322658543316356e+04
2.649993781654182822e+05 2.972572785628712736e+05 1.876668580764318467e+05 2.972571122640910908e+05 2.649993902695010183e+05 2.649994042534269392e+05 4.359425457167010172e+05 2.972569044369415496e+05 2.255287942416734877e+05 2.488703238835943048e+05 2.972573067390847718e+05 2.349021242612270289e+05 2.811283298199700075e+05 2.626952794860477443e+05 2.811283040671440540e+05 2.972573309935037396e+05 9.914163453725200088e+04 2.811283195909935166e+05 2.811281869625367108e+05 2.972570197364053456e+05 3.223620356526012765e+05 2.972570388695399160e+05 2.972573017705060192e+05 2.972571373357076664e+05 2.649993411851600977e+05
1.219839788621076732e+05 6.451821039650708553e+04 2.094730838012339082e+05 6.451811521163422731e+04 5.990980073391086626e+04 7.532152023908910633e+04 5.531442512057474814e+05 6.451767430001609318e+04 1.727784457609290548e+05 1.451634364244132885e+05 6.451812675407610368e+04 1.609419299180189264e+05 6.451818684692665556e+04 1.313384338317260263e+05 4.378076935851226881e+04 1.613086785208000401e+04 2.811283195909934584e+05 1.613015907213281935e+04 6.163795036488522601e+04 6.451795144246298878e+04 4.249385059626227012e+05 6.451808197044675762e+04 6.451820558040454489e+04 6.451808774462978181e+04 2.685417215340263647e+04
1.392650262316829176e+05 2.477142838217164172e+04 2.094729899110242550e+05 2.649943736227647605e+04 1.082969042831003753e+05 1.237086178618794656e+05 5.692730871774024563e+05 2.649907189658429706e+04 1.889073487322187575e+05 1.612923068643678853e+05 2.477141270254089977e+04 1.770707181941308081e+05 8.642480799978684445e+03 1.474673984337973525e+05 1.785912132433099396e+04 4.550883911506846925e+04 2.811281869625367108e+05 6.163795036488523328e+04 1.008162385503159203e+04 2.649930661186503130e+04 4.410672882183216861e+05 2.649943336335634376e+04 2.477150837469867474e+04 2.649942325094800253e+04 8.044619905488801305e+04
1.392648618178690085e+05 3.225976526872449540e+04 2.256017507284601452e+05 1.520518900508526006e+00 1.082967354003308574e+05 1.237084692467508721e+05 5.692730119931158843e+05 1.106837667651761281e+00 1.889070435315266659e+05 1.612920586188107554e+05 3.225972790965572131e+04 1.770704749994778831e+05 3.225981676006878115e+04 1.474671918757925450e+05 3.686815221021998150e+04 4.838884454949120118e+04 2.972570197364053456e+05 6.451795144246298878e+04 2.649930661186503130e+04 9.369314595438638094e-01 4.410672728911212180e+05 1.475882453356389457e+00 3.225979028025700245e+04 1.424872179228089841e+00 8.157751329319241631e+04
4.088096097336790990e+05 4.249383954558403348e+05 3.425531742217523279e+05 4.410672813480799668e+05 4.088095312398814713e+05 4.088095666461875662e+05 3.794696275375524419e+05 4.410671519869265030e+05 3.814187271667059977e+05 3.926805425292755826e+05 4.249384060265242006e+05 3.926805174542204477e+05 4.410674500872853678e+05 4.065054611386846518e+05 4.410675057351791183e+05 4.410675602890188457e+05 3.223620356526012765e+05 4.249385059626227012e+05 4.410672882183216861e+05 4.410672728911212180e+05 1.413393494530771859e+05 4.410672490698758047e+05 4.249383880811229465e+05 4.410673413237744826e+05 4.088094582956471713e+05
1.392651028721175389e+05 3.225986965841332130e+04 2.256019393291668384e+05 1.596923985090824116e+00 1.082968521241741546e+05 1.237086706387885642e+05 5.692730207247594371e+05 1.256998855601284548e+00 1.889072320316603873e+05 1.612922666208961164e+05 3.225985382578735516e+04 1.770706071329171536e+05 3.225991792302954127e+04 1.474674215288760897e+05 3.686827171215346607e+04 4.838902295796384715e+04 2.972570388695399160e+05 6.451808197044675762e+04 2.649943336335634012e+04 1.475882453356389457e+00 4.410672490698758047e+05 9.403568496414285161e-01 3.225987941210476129e+04 1.620322704268704062e+00 8.157769820641257684e+04
1.392652417452137452e+05 1.661649631045617026e+00 2.256021076392363175e+05 3.225992435435774314e+04 1.082970344985640259e+05 1.237087694031643041e+05 5.531441093591477256e+05 3.225953076095970755e+04 1.889074340648665966e+05 1.612924820921886421e+05 1.737338304243649212e+00 1.770708572156220616e+05 1.613077018426800896e+04 1.474675212016414735e+05 3.686823613093161839e+04 4.838913481975848117e+04 2.972573017705060192e+05 6.451820558040454489e+04 2.477150837469867110e+04 3.225979028025700245e+04 4.249383880811229465e+05 3.225987941210476129e+04 9.876048529859167147e-01 3.225992627137526142e+04 8.157775347844058706e+04
1.392649888379511540e+05 3.225989629422609869e+04 2.256018244280582294e+05 1.524075108674568080e+00 1.082968398457325238e+05 1.237085988309229142e+05 5.692730944788290653e+05 1.251086369148570077e+00 1.889071825588833308e+05 1.612922350455129053e+05 3.225978518541103040e+04 1.770706260867381934e+05 3.225988941667933614e+04 1.474672882379962830e+05 3.686827311363285116e+04 4.838902607966898358e+04 2.972571373357076664e+05 6.451808774462978181e+04 2.649942325094799889e+04 1.424872179228090063e+00 4.410673413237744826e+05 1.620322704268704062e+00 3.225992627137526142e+04 8.762611881869861730e-01 8.157762696849556232e+04
1.051195645870937442e+05 8.157780117956938921e+04 1.933440864238672948e+05 8.157771996425317775e+04 3.395220446113719663e+04 4.936390130625120219e+04 5.370152581009372370e+05 8.157728242773197417e+04 1.566494147289411048e+05 1.290343641123922571e+05 8.157770188482904632e+04 1.448128404693672201e+05 8.157777401173954422e+04 1.149229684480992146e+05 7.063300667766916740e+04 4.298322658543316356e+04 2.649993411851600977e+05 2.685417215340263647e+04 8.044619905488801305e+04 8.157751329319241631e+04 4.088094582956471713e+05 8.157769820641257684e+04 8.157775347844058706e+04 8.157762696849556232e+04 9.448940275272178042e+03
