4.653903815608091965e-01 4.762072001911493135e+04 4.762049045985339035e+04 4.762097667889797594e+04 3.872350692380989203e+05 3.571553893214879645e+04 4.762050970623823378e+04 2.356751707490777771e+05 4.762070370458566322e+04 2.263994266742398395e+04 4.762092698429857410e+04 4.762046939301241218e+04 4.371372074765341240e+05 6.804080986506824956e+03 1.220584405973067624e+05 4.762056146204236575e+04 4.762064933473605925e+04 1.558459622846338898e+05 4.762097727111775748e+04 5.357341173095001432e+04 3.164566626143829781e+05 4.762049529827609513e+04 2.381068913496556706e+04 4.762055247929451434e+04 4.762081684398221842e+04
4.762072001911493135e+04 1.098069044901306188e+04 7.143000554200568877e+04 2.381132690197721968e+04 3.872351951622502529e+05 5.952519686921838729e+04 7.143024500434097718e+04 2.356752806364164862e+05 1.522398024853472270e+04 4.762074479347052693e+04 2.381130587872230171e+04 7.143023950208742463e+04 4.371373553909629700e+05 4.421945609383010014e+04 1.220585154229684704e+05 7.143012111114192521e+04 8.588388810806389301e+03 1.558461922940780933e+05 2.381137855844195656e+04 5.357334740365719335e+04 3.164568729496665183e+05 7.143016017847201147e+04 4.762031938049718883e+04 7.143021743680507643e+04 2.141795239410825525e+04
4.762049045985339035e+04 7.143000554200568877e+04 3.809324974480234327e-01 7.143009146367931680e+04 3.634254127746971790e+05 1.190568517064915795e+04 1.412445156890835829e+00 2.118653053406814870e+05 7.142995355477536214e+04 3.317864007663154916e+04 7.143019133147990215e+04 1.234064756889493575e+00 4.133274837119490257e+05 5.442319576082260755e+04 9.824851561558964022e+04 9.564312224575622912e-01 7.142996005839202553e+04 1.320361746432667424e+05 7.143009133880450099e+04 7.738254216114569863e+04 2.926470172157086781e+05 1.455129535707155863e+00 2.381044440781270896e+04 1.111375955725620646e+00 7.143002015057802782e+04
4.762097667889797594e+04 2.381132690197721968e+04 7.143009146367931680e+04 4.579830685213450159e-01 3.872352074138128082e+05 5.952529552138518193e+04 7.143030977663694648e+04 2.356752508191321103e+05 2.381145403226964845e+04 4.762096395182975539e+04 2.381116188550553488e+04 7.143042730624525575e+04 4.371371532732971827e+05 4.421955690905433585e+04 1.220585674586903333e+05 7.143024299836762657e+04 2.381150987438489392e+04 1.558462689230723772e+05 2.381122157654745388e+04 5.357339012696904683e+04 3.164568900557524175e+05 7.143034258613245038e+04 4.762033231507088931e+04 7.143029105501233425e+04 1.834667002348553797e+04
3.872350692380989203e+05 3.872351951622502529e+05 3.634254127746971790e+05 3.872352074138128082e+05 6.561434838976446190e+04 3.753300700542813283e+05 3.634255942629013443e+05 2.730743157718610018e+05 3.872351672667841194e+05 3.872350090446716058e+05 3.872351333562501241e+05 3.634254195550224395e+05 1.451376203081778076e+05 3.838337758371472009e+05 3.297039189824236673e+05 3.634254353276760667e+05 3.872352311765584163e+05 3.139750766903256881e+05 3.872352369507980766e+05 3.634258943636068143e+05 1.884557056954645959e+05 3.634255078346866067e+05 3.872349150825519464e+05 3.634254031214564457e+05 3.872352556442901259e+05
3.571553893214879645e+04 5.952519686921838729e+04 1.190568517064915795e+04 5.952529552138518193e+04 3.753300700542811537e+05 1.190511000452094595e+04 1.190606704695146254e+04 2.237701156601763796e+05 5.952507364231933025e+04 2.127367438971706724e+04 5.952525198309005646e+04 1.190601828957881844e+04 4.252322205631687539e+05 4.251830011147169716e+04 1.101532176139135554e+05 1.190580465094035935e+04 5.952516761793104524e+04 1.439409162900476658e+05 5.952530908471116709e+04 6.547770136372426350e+04 3.045517723474148661e+05 1.190605549056783093e+04 1.190552322668051238e+04 1.190587867806478789e+04 5.952520419248328108e+04
4.762050970623823378e+04 7.143024500434097718e+04 1.412445156890835829e+00 7.143030977663694648e+04 3.634255942629013443e+05 1.190606704695146254e+04 4.882891235213371872e-01 2.118656119803684705e+05 7.143013792869972531e+04 3.317868092492988217e+04 7.143030496603784559e+04 1.398718358033457676e+00 4.133275755953373155e+05 5.442332762406609254e+04 9.824879740451156977e+04 1.471494040562156602e+00 7.143027184903270972e+04 1.320363821615925990e+05 7.143051317468535854e+04 7.738287600268343522e+04 2.926473106753867469e+05 1.278301705313541925e+00 2.381076986914001463e+04 1.512943927342647488e+00 7.143031592487421585e+04
2.356751707490777189e+05 2.356752806364164571e+05 2.118653053406814870e+05 2.356752508191320812e+05 2.730743157718610018e+05 2.237701156601763796e+05 2.118656119803684705e+05 4.908965962338774261e+04 2.356751627574631420e+05 2.356750815744081337e+05 2.356752766419583932e+05 2.118654686703835323e+05 3.247551034801310743e+05 2.322738766378728324e+05 1.404044249661135837e+05 2.118653535943973693e+05 2.356751435737012653e+05 1.049272051048480498e+05 2.356751672087213374e+05 2.066572986004620616e+05 1.390892854339750484e+05 2.118655030090478540e+05 2.356747694680871791e+05 2.118655023721429752e+05 2.356751692844843492e+05
4.762070370458566322e+04 1.522398024853472089e+04 7.142995355477536214e+04 2.381145403226964845e+04 3.872351672667841194e+05 5.952507364231933025e+04 7.143013792869972531e+04 2.356751627574631711e+05 4.419918704484265826e-01 4.762043354555193218e+04 2.381134069115133752e+04 7.143014497083763126e+04 4.371373419197850162e+05 4.421935259303322528e+04 1.220583638754349231e+05 7.143004850492345577e+04 2.381110107171393975e+04 1.558460742853798729e+05 2.381141914018822717e+04 5.357338286304766370e+04 3.164569253391687525e+05 7.143024972503416939e+04 4.762028650311809906e+04 7.143017659741929674e+04 1.717574242315362426e+04
2.263994266742398395e+04 4.762074479347052693e+04 3.317864007663154916e+04 4.762096395182975539e+04 3.872350090446716058e+05 2.127367438971705997e+04 3.317868092492988217e+04 2.356750815744081629e+05 4.762043354555193218e+04 1.217080654847539699e+04 4.762088994289432594e+04 3.317873339332270552e+04 4.371371591466756654e+05 2.944271254431969646e+04 1.205802853022571944e+05 3.317866618981170905e+04 4.762072484598989104e+04 1.551740834040396730e+05 4.762081001299279160e+04 5.209527601604712254e+04 3.164566691290708259e+05 3.317873163912289601e+04 9.368753294154419564e+03 3.317873246243428730e+04 4.735204778487059957e+04
4.762092698429857410e+04 2.381130587872230171e+04 7.143019133147990215e+04 2.381116188550553488e+04 3.872351333562501241e+05 5.952525198309005646e+04 7.143030496603784559e+04 2.356752766419584223e+05 2.381134069115133752e+04 4.762088994289432594e+04 5.018300749855301168e-01 7.143040286773936532e+04 4.371371816468718462e+05 4.421951996488837176e+04 1.220583958968218503e+05 7.143020482512735180e+04 2.381134101296226436e+04 1.558462631502071163e+05 2.381146577371273088e+04 5.357330042138350836e+04 3.164568510437735822e+05 7.143034948269325832e+04 4.762038886585787986e+04 7.143030002487594902e+04 1.834675207617103297e+04
4.762046939301241218e+04 7.143023950208742463e+04 1.234064756889493575e+00 7.143042730624525575e+04 3.634254195550222648e+05 1.190601828957881844e+04 1.398718358033457676e+00 2.118654686703835614e+05 7.143014497083763126e+04 3.317873339332270552e+04 7.143040286773936532e+04 4.412259331536531048e-01 4.133275926867616945e+05 5.442334882361517521e+04 9.824878196934003790e+04 1.327850197393390497e+00 7.143019638923765160e+04 1.320363075476282102e+05 7.143041363338525116e+04 7.738297002388455439e+04 2.926470950794325327e+05 1.432234733077227817e+00 2.381076760454052055e+04 1.244979358907691180e+00 7.143034039329861116e+04
4.371372074765341240e+05 4.371373553909629700e+05 4.133274837119490257e+05 4.371371532732971827e+05 1.451376203081778076e+05 4.252322205631687539e+05 4.133275755953372573e+05 3.247551034801310743e+05 4.371373419197850162e+05 4.371371591466756654e+05 4.371371816468718462e+05 4.133275926867616945e+05 5.756688125834973471e+04 4.337358141297216644e+05 3.810148697047607275e+05 4.133274981684025843e+05 4.371374415438452270e+05 3.657086567737770965e+05 4.371374298004715820e+05 4.133277636910405126e+05 2.444463156087785319e+05 4.133275757225861307e+05 4.371369494035531534e+05 4.133275351539230323e+05 4.371372704912136542e+05
6.804080986506826775e+03 4.421945609383010014e+04 5.442319576082260755e+04 4.421955690905433585e+04 3.838337758371472009e+05 4.251830011147169716e+04 5.442332762406609254e+04 2.322738766378728324e+05 4.421935259303322528e+04 2.944271254431969646e+04 4.421951996488837176e+04 5.442334882361517521e+04 4.337358141297216644e+05 1.069055033004404322e+04 1.186568947374873533e+05 5.442324285334438173e+04 4.421929710848882678e+04 1.524446598700475588e+05 4.421955037846597406e+04 5.017205341226298333e+04 3.130554009839733480e+05 5.442334837417307426e+04 3.061338618795877846e+04 5.442327476446302899e+04 4.421952244325644278e+04
1.220584405973067624e+05 1.220585154229684704e+05 9.824851561558964022e+04 1.220585674586903187e+05 3.297039189824236673e+05 1.101532176139135554e+05 9.824879740451156977e+04 1.404044249661135837e+05 1.220583638754349231e+05 1.205802853022571944e+05 1.220583958968218503e+05 9.824878196934003790e+04 3.810148697047607275e+05 1.186568947374873533e+05 2.642505177788451692e+04 9.824858300377723936e+04 1.220583671574494801e+05 5.724671304182562744e+04 1.220582630216498073e+05 9.152210482781591418e+04 2.420194608488291269e+05 9.824891432827324024e+04 1.220579849398337828e+05 9.824866969177425199e+04 1.219176815038791392e+05
4.762056146204236575e+04 7.143012111114192521e+04 9.564312224575622912e-01 7.143024299836762657e+04 3.634254353276760667e+05 1.190580465094035935e+04 1.471494040562156602e+00 2.118653535943973693e+05 7.143004850492345577e+04 3.317866618981170905e+04 7.143020482512735180e+04 1.327850197393390497e+00 4.133274981684025843e+05 5.442324285334438173e+04 9.824858300377723936e+04 4.354090708161788004e-01 7.143008537890933803e+04 1.320362267500913877e+05 7.143013698939215101e+04 7.738264112433063565e+04 2.926470214622202911e+05 1.450152336876689541e+00 2.381052067783100938e+04 1.086616302491501429e+00 7.143018847988342168e+04
4.762064933473605925e+04 8.588388810806387482e+03 7.142996005839202553e+04 2.381150987438489392e+04 3.872352311765584163e+05 5.952516761793103069e+04 7.143027184903270972e+04 2.356751435737012653e+05 2.381110107171393975e+04 4.762072484598989104e+04 2.381134101296226436e+04 7.143019638923765160e+04 4.371374415438452270e+05 4.421929710848882678e+04 1.220583671574494801e+05 7.143008537890933803e+04 4.907922103975619343e-01 1.558460711058158195e+05 2.381137798829521489e+04 5.357333233957875200e+04 3.164567729761369992e+05 7.143030713067395845e+04 4.762033873247602605e+04 7.143017245037088287e+04 2.381115691510366742e+04
1.558459622846338898e+05 1.558461922940781224e+05 1.320361746432667424e+05 1.558462689230723772e+05 3.139750766903256881e+05 1.439409162900476658e+05 1.320363821615925990e+05 1.049272051048480498e+05 1.558460742853798729e+05 1.551740834040396730e+05 1.558462631502071163e+05 1.320363075476282102e+05 3.657086567737770965e+05 1.524446598700475588e+05 5.724671304182562744e+04 1.320362267500913877e+05 1.558460711058158195e+05 1.922942282670554778e+04 1.558460677714082121e+05 1.257321583521659049e+05 2.117736258210400702e+05 1.320364258435576630e+05 1.558456253317106166e+05 1.320363386605726846e+05 1.557821165999216901e+05
4.762097727111775748e+04 2.381137855844195656e+04 7.143009133880450099e+04 2.381122157654745388e+04 3.872352369507979602e+05 5.952530908471116709e+04 7.143051317468535854e+04 2.356751672087213956e+05 2.381141914018822717e+04 4.762081001299279160e+04 2.381146577371273088e+04 7.143041363338525116e+04 4.371374298004715820e+05 4.421955037846597406e+04 1.220582630216498073e+05 7.143013698939215101e+04 2.381137798829521489e+04 1.558460677714081830e+05 4.744220032858020297e-01 5.357320281808981963e+04 3.164566876089128782e+05 7.143048424749562400e+04 4.762040409345816443e+04 7.143025185724551557e+04 1.834665830743415063e+04
5.357341173095001432e+04 5.357334740365718608e+04 7.738254216114568408e+04 5.357339012696904683e+04 3.634258943636068143e+05 6.547770136372426350e+04 7.738287600268343522e+04 2.066572986004620616e+05 5.357338286304766370e+04 5.209527601604712254e+04 5.357330042138350836e+04 7.738297002388455439e+04 4.133277636910405126e+05 5.017205341226298333e+04 9.152210482781592873e+04 7.738264112433063565e+04 5.357333233957873745e+04 1.257321583521659049e+05 5.357320281808981963e+04 1.596756845391453135e+04 2.926474697751007625e+05 7.738286600515719329e+04 5.357288212321225001e+04 7.738279698680630827e+04 5.343251013897403027e+04
3.164566626143830363e+05 3.164568729496665183e+05 2.926470172157087363e+05 3.164568900557524757e+05 1.884557056954645668e+05 3.045517723474148661e+05 2.926473106753867469e+05 1.390892854339750484e+05 3.164569253391688108e+05 3.164566691290708259e+05 3.164568510437735822e+05 2.926470950794325909e+05 2.444463156087785319e+05 3.130554009839733480e+05 2.420194608488291560e+05 2.926470214622203493e+05 3.164567729761369992e+05 2.117736258210400993e+05 3.164566876089128782e+05 2.926474697751007625e+05 5.444292467582247627e+04 2.926470716936197132e+05 3.164564794451445923e+05 2.926470943177280715e+05 3.164569242983803269e+05
4.762049529827609513e+04 7.143016017847201147e+04 1.455129535707155863e+00 7.143034258613245038e+04 3.634255078346866067e+05 1.190605549056783093e+04 1.278301705313541925e+00 2.118655030090478540e+05 7.143024972503416939e+04 3.317873163912289601e+04 7.143034948269325832e+04 1.432234733077227595e+00 4.133275757225861307e+05 5.442334837417307426e+04 9.824891432827324024e+04 1.450152336876689541e+00 7.143030713067395845e+04 1.320364258435576630e+05 7.143048424749562400e+04 7.738286600515719329e+04 2.926470716936197132e+05 4.479005292133281246e-01 2.381072674206520605e+04 1.472599613324781176e+00 7.143027878057792259e+04
2.381068913496556706e+04 4.762031938049718883e+04 2.381044440781270896e+04 4.762033231507088931e+04 3.872349150825519464e+05 1.190552322668051238e+04 2.381076986914001463e+04 2.356747694680871791e+05 4.762028650311809906e+04 9.368753294154419564e+03 4.762038886585787259e+04 2.381076760454052055e+04 4.371369494035531534e+05 3.061338618795877846e+04 1.220579849398337828e+05 2.381052067783100938e+04 4.762033873247602605e+04 1.558456253317106166e+05 4.762040409345816443e+04 5.357288212321225001e+04 3.164564794451445923e+05 2.381072674206520605e+04 3.172193905237517542e-01 2.381064815542934230e+04 4.762029799718970753e+04
4.762055247929451434e+04 7.143021743680507643e+04 1.111375955725620646e+00 7.143029105501233425e+04 3.634254031214564457e+05 1.190587867806478789e+04 1.512943927342647488e+00 2.118655023721429752e+05 7.143017659741929674e+04 3.317873246243428730e+04 7.143030002487594902e+04 1.244979358907691180e+00 4.133275351539230323e+05 5.442327476446302899e+04 9.824866969177425199e+04 1.086616302491501429e+00 7.143017245037088287e+04 1.320363386605726846e+05 7.143025185724551557e+04 7.738279698680630827e+04 2.926470943177280133e+05 1.472599613324781176e+00 2.381064815542934230e+04 4.798448036595570065e-01 7.143022499672950653e+04
4.762081684398221842e+04 2.141795239410825161e+04 7.143002015057802782e+04 1.834667002348553797e+04 3.872352556442901259e+05 5.952520419248328108e+04 7.143031592487421585e+04 2.356751692844843492e+05 1.717574242315362062e+04 4.735204778487059230e+04 1.834675207617102933e+04 7.143034039329861116e+04 4.371372704912136542e+05 4.421952244325644278e+04 1.219176815038791392e+05 7.143018847988340713e+04 2.381115691510366014e+04 1.557821165999216901e+05 1.834665830743415063e+04 5.343251013897403027e+04 3.164569242983802687e+05 7.143027878057792259e+04 4.762029799718970753e+04 7.143022499672950653e+04 1.817290602807177856e+04
