3.719068003107560799e+04 1.047096917768856511e+05 1.875018474967062066e+05 1.875015380815181416e+05 1.250020260402681743e+05 2.841068052584887482e+04 4.545612049638441385e+04 1.875015578560981376e+05 1.875014149235079531e+05 1.562517370827403502e+05 1.875013917363495857e+05 4.545651738506358379e+04 1.875016349452000868e+05 1.136382617388185026e+05 1.239688521454665315e+05 1.250020419411506300e+05 1.875018180235830077e+05 6.963685589660247206e+04 1.875017168166173215e+05 1.875013339275103936e+05 1.875015632943889068e+05 1.875014052599862334e+05 1.875016635858948866e+05 1.875016391633728927e+05 1.875013367947035294e+05
1.047096917768856511e+05 1.530658299445123703e+04 1.875016826808426413e+05 1.875013205137915793e+05 7.143021290447993670e+04 1.160734067493871698e+05 1.160732519028650277e+05 1.875013359992363548e+05 1.875010192632019462e+05 1.026801497509341134e+05 1.875012020825357758e+05 1.160728713788751047e+05 1.875016997656176682e+05 8.930153272817062316e+03 6.574858621002618747e+04 7.143026176837604726e+04 1.721955261292016949e+05 1.286320997338244197e+05 1.339303511184618401e+05 2.410731709018166002e+05 1.875012301357966498e+05 2.410733020833333139e+05 1.875015780720831535e+05 1.875015181587837869e+05 1.875015751651144237e+05
1.875018474967062066e+05 1.875016826808426413e+05 3.333350940844795884e-01 1.349373490338164006e+00 1.250016867252064403e+05 1.875019826388888760e+05 1.875016832386363531e+05 1.488376049455595540e+00 9.654697310947313316e-01 9.375156511508177209e+04 1.031125674907644285e+00 1.875014435763888760e+05 1.526904137570871178e+00 1.875017126736111240e+05 1.306834772727272648e+05 1.250015065426997462e+05 1.785851512896823988e+04 2.000607367425168050e+05 6.250124413250150246e+04 3.125016215277777519e+05 1.282369146005510219e+00 3.125017144097221899e+05 1.515883264462809965e+00 1.727897320802726400e+00 1.750000000000000222e+00
1.875015380815181416e+05 1.875013205137915793e+05 1.349373490338164006e+00 4.484703757665055024e-01 1.250017242237716127e+05 1.875016162216595549e+05 1.875014564501549467e+05 9.027593434217622281e-01 9.315653463380737520e-01 9.375143313814325666e+04 9.954134732138362196e-01 1.875013160511363239e+05 1.502696493092985586e+00 1.875014410511363531e+05 1.306834651988636324e+05 1.250016020359848626e+05 1.785860824577684616e+04 2.000602654448133253e+05 6.250151820405763283e+04 3.125011944676544517e+05 1.011399748528518217e+00 3.125012933238635887e+05 1.376817676518146349e+00 1.415778760038271411e+00 1.374468187307860800e+00
1.250020260402681743e+05 7.143021290447993670e+04 1.250016867252064403e+05 1.250017242237716127e+05 3.562745071662675178e-01 1.250019607979447610e+05 1.250017065432061208e+05 1.250015915260558395e+05 1.250011278409088991e+05 3.125174950502598222e+04 1.250014370941431844e+05 1.250015814393939654e+05 1.250015956439392030e+05 6.250152820982509729e+04 5.683322358118515695e+03 1.413120670351468489e+00 1.071445058714632323e+05 1.375608489695511234e+05 6.250162194274590729e+04 2.500018664772726770e+05 1.250015271910282172e+05 2.500017032828282681e+05 1.250015808367766585e+05 1.250014772727270756e+05 1.250016164772725315e+05
2.841068052584887846e+04 1.160734067493871844e+05 1.875019826388888760e+05 1.875016162216595549e+05 1.250019607979447610e+05 3.850354362376124384e-01 6.250194764610389393e+04 1.875014878638811933e+05 1.875015209858295566e+05 1.562520890140935080e+05 1.875015797252979537e+05 6.250239335317460791e+04 1.875017831648284046e+05 1.250019086065584270e+05 1.250022922297297482e+05 1.250018963963963906e+05 1.875020079551679955e+05 6.511717019526415243e+04 1.875019416126430442e+05 1.875016868398400838e+05 1.875017594978440320e+05 1.875014971534541983e+05 1.875016033380682056e+05 1.875016015625000291e+05 1.875012721354166279e+05
4.545612049638442113e+04 1.160732519028650277e+05 1.875016832386363531e+05 1.875014564501549467e+05 1.250017065432061208e+05 6.250194764610389393e+04 6.720382132757637406e-01 1.875015964617768477e+05 1.875011464987714426e+05 1.562516673929895915e+05 1.875012522772241500e+05 1.483262848107192111e+00 1.875015582386363531e+05 1.250015865837428428e+05 1.250014238550275477e+05 1.250018643326648889e+05 1.875015634469696961e+05 7.506092933781097236e+04 1.875015472589066194e+05 1.875015994318181765e+05 1.875014133092286065e+05 1.875016671401515196e+05 1.875014334969008341e+05 1.875014797585227643e+05 1.875014294507575978e+05
1.875015578560981376e+05 1.875013359992363548e+05 1.488376049455595096e+00 9.027593434217622281e-01 1.250015915260558395e+05 1.875014878638811933e+05 1.875015964617768477e+05 4.482889356778593237e-01 8.575964219967600055e-01 9.375143552440860367e+04 1.123358732903570134e+00 1.875014715909091174e+05 1.537679933794798837e+00 1.875015060729268880e+05 1.306835965263429825e+05 1.250015041035353497e+05 1.785863204429497637e+04 2.000602265314650140e+05 6.250162354841791239e+04 3.125013120084932307e+05 1.166329964973990663e+00 3.125013543059268268e+05 1.272086524864766810e+00 1.304062155165096160e+00 1.258801063368144346e+00
1.875014149235079531e+05 1.875010192632019462e+05 9.654697310947314426e-01 9.315653463380737520e-01 1.250011278409088991e+05 1.875015209858295566e+05 1.875011464987714426e+05 8.575964219967600055e-01 1.586832742391710571e-01 9.375093737014931685e+04 5.061260820813467953e-01 1.875009623920795566e+05 1.100298128707219769e+00 1.875010965805331944e+05 1.306830387396694132e+05 1.250010460858585866e+05 1.785804969061399606e+04 2.000601505280892306e+05 6.250107947555639112e+04 3.125012504340277519e+05 6.925402130408274681e-01 3.125013923611110658e+05 1.033493720993721166e+00 1.011268116736866896e+00 1.077054327054327132e+00
1.562517370827403502e+05 1.026801497509341134e+05 9.375156511508177209e+04 9.375143313814325666e+04 3.125174950502598222e+04 1.562520890140935080e+05 1.562516673929895915e+05 9.375143552440860367e+04 9.375093737014931685e+04 3.125062654846649457e+04 9.375114952295442345e+04 1.562514767653682211e+05 9.375164032544667134e+04 9.375173171007345081e+04 3.693361101525980484e+04 3.125146494268316383e+04 7.589434152002209157e+04 1.688106681610925298e+05 3.125149218282592119e+04 2.812516580882351263e+05 9.375125239317069645e+04 2.812516789215684985e+05 9.375164037079166155e+04 9.375157263513527869e+04 9.375166624817397678e+04
1.875013917363495857e+05 1.875012020825357758e+05 1.031125674907644285e+00 9.954134732138362196e-01 1.250014370941431844e+05 1.875015797252979537e+05 1.875012522772241500e+05 1.123358732903570134e+00 5.061260820813467953e-01 9.375114952295442345e+04 2.716596794754464472e-01 1.875010677365044830e+05 1.177742328527040527e+00 1.875012024575106916e+05 1.306832181863151054e+05 1.250012530663656071e+05 1.785820502733352623e+04 2.000602215331195621e+05 6.250113067898229929e+04 3.125011330903377966e+05 7.000483687505283381e-01 3.125013342013888760e+05 1.307696530522617362e+00 1.289456090407177458e+00 1.281457578502415817e+00
4.545651738506358379e+04 1.160728713788751193e+05 1.875014435763888760e+05 1.875013160511363239e+05 1.250015814393939654e+05 6.250239335317460791e+04 1.483262848107192111e+00 1.875014715909091174e+05 1.875009623920795566e+05 1.562514767653682211e+05 1.875010677365044830e+05 3.489413931071664865e-01 1.875014631076388760e+05 1.250016546077327512e+05 1.250015359418044245e+05 1.250016477846648340e+05 1.875015468750000000e+05 7.506106384696501482e+04 1.875016036036036094e+05 1.875018268229166570e+05 1.875011680871212156e+05 1.875020199652777519e+05 1.875015802162247419e+05 1.875015455729166861e+05 1.875016970486111240e+05
1.875016349452000868e+05 1.875016997656176682e+05 1.526904137570871178e+00 1.502696493092985142e+00 1.250015956439392030e+05 1.875017831648284046e+05 1.875015582386363531e+05 1.537679933794798837e+00 1.100298128707219769e+00 9.375164032544667134e+04 1.177742328527040527e+00 1.875014631076388760e+05 3.849740287262073402e-01 1.875012840328839957e+05 1.306834460227272502e+05 1.250017812500000146e+05 1.785865233886683200e+04 2.000606644763367949e+05 6.250138776007411798e+04 3.125015647647539154e+05 1.359611357658847330e+00 3.125015403645833139e+05 1.433396464646464308e+00 1.370039682539682335e+00 1.370891003460207536e+00
1.136382617388185026e+05 8.930153272817062316e+03 1.875017126736111240e+05 1.875014410511363531e+05 6.250152820982509729e+04 1.250019086065584270e+05 1.250015865837428428e+05 1.875015060729268880e+05 1.875010965805331944e+05 9.375173171007345081e+04 1.875012024575106916e+05 1.250016546077327512e+05 1.875012840328839957e+05 3.078335273513405634e-01 5.681973758099246334e+04 6.250164245495496289e+04 1.696445122466216271e+05 1.375607762482387479e+05 1.250016191804135306e+05 2.500018142361110949e+05 1.875012758071723219e+05 2.500018129340277519e+05 1.875013762231692090e+05 1.875013437500000291e+05 1.875015000000000000e+05
1.239688521454665315e+05 6.574858621002618747e+04 1.306834772727272648e+05 1.306834651988636324e+05 5.683322358118516604e+03 1.250022922297297482e+05 1.250014238550275477e+05 1.306835965263429825e+05 1.306830387396694132e+05 3.693361101525980484e+04 1.306832181863151054e+05 1.250015359418044245e+05 1.306834460227272502e+05 5.681973758099247789e+04 1.033097601014074826e+04 5.683662185267748100e+03 1.128262863184401067e+05 1.375610558350468345e+05 6.818327655629659421e+04 2.500016874999999709e+05 1.306833037213349453e+05 2.500017604166666279e+05 1.306834502840908972e+05 1.306834303977272793e+05 1.306835866477272502e+05
1.250020419411506300e+05 7.143026176837604726e+04 1.250015065426997462e+05 1.250016020359848626e+05 1.413120670351468489e+00 1.250018963963963906e+05 1.250018643326648889e+05 1.250015041035353497e+05 1.250010460858585866e+05 3.125146494268316383e+04 1.250012530663656071e+05 1.250016477846648340e+05 1.250017812500000146e+05 6.250164245495496289e+04 5.683662185267748100e+03 6.202101814951789249e-01 1.071443038076585945e+05 1.375606474469289824e+05 6.250160772856406402e+04 2.500017916666666570e+05 1.250014201340415602e+05 2.500018142361110658e+05 1.250017272727272939e+05 1.250016352982954850e+05 1.250017187500000146e+05
1.875018180235830077e+05 1.721955261292016949e+05 1.785851512896823988e+04 1.785860824577684616e+04 1.071445058714632323e+05 1.875020079551679955e+05 1.875015634469696961e+05 1.785863204429497637e+04 1.785804969061399970e+04 7.589434152002207702e+04 1.785820502733352623e+04 1.875015468750000000e+05 1.785865233886683563e+04 1.696445122466216271e+05 1.128262863184401067e+05 1.071443038076585945e+05 2.551053596094139357e+04 2.000606728456385026e+05 4.464417927052004961e+04 3.125016718750000000e+05 1.785842379404842723e+04 3.125018046875000000e+05 1.785868242694803484e+04 1.785868048469386122e+04 1.785872098214284415e+04
6.963685589660247206e+04 1.286320997338244488e+05 2.000607367425168050e+05 2.000602654448133253e+05 1.375608489695511525e+05 6.511717019526415243e+04 7.506092933781097236e+04 2.000602265314650140e+05 2.000601505280892306e+05 1.688106681610925007e+05 2.000602215331195621e+05 7.506106384696501482e+04 2.000606644763367949e+05 1.375607762482387479e+05 1.375610558350468345e+05 1.375606474469289824e+05 2.000606728456385608e+05 3.796867000359110534e+04 2.000608313136504439e+05 1.306939131880278437e+05 2.000603760400296305e+05 1.760841946228641609e+05 2.000606722082151682e+05 2.000605535827946151e+05 2.000602642349585949e+05
1.875017168166173215e+05 1.339303511184618401e+05 6.250124413250150246e+04 6.250151820405763283e+04 6.250162194274590729e+04 1.875019416126430442e+05 1.875015472589066194e+05 6.250162354841791239e+04 6.250107947555639112e+04 3.125149218282592119e+04 6.250113067898229929e+04 1.875016036036036094e+05 6.250138776007411798e+04 1.250016191804135306e+05 6.818327655629659421e+04 6.250160772856406402e+04 4.464417927052005689e+04 2.000608313136504439e+05 3.444456069855388880e-01 3.125016458333333139e+05 6.250133779476233030e+04 3.125016423611111240e+05 6.250147087082477083e+04 6.250149289772730117e+04 6.250153962435256835e+04
1.875013339275103936e+05 2.410731709018166293e+05 3.125016215277777519e+05 3.125011944676544517e+05 2.500018664772726770e+05 1.875016868398400838e+05 1.875015994318181765e+05 3.125013120084932307e+05 3.125012504340277519e+05 2.812516580882351263e+05 3.125011330903378548e+05 1.875018268229166570e+05 3.125015647647539154e+05 2.500018142361110949e+05 2.500016874999999709e+05 2.500017916666666570e+05 3.125016718750000000e+05 1.306939131880278292e+05 3.125016458333333139e+05 4.211370755034998001e+04 3.125011527735453565e+05 1.099040935774586978e+05 3.125014708574717515e+05 3.125015302798202611e+05 3.125012663909313851e+05
1.875015632943889068e+05 1.875012301357966498e+05 1.282369146005510219e+00 1.011399748528518217e+00 1.250015271910282027e+05 1.875017594978440320e+05 1.875014133092286065e+05 1.166329964973990663e+00 6.925402130408274681e-01 9.375125239317068190e+04 7.000483687505283381e-01 1.875011680871212156e+05 1.359611357658847330e+00 1.875012758071723219e+05 1.306833037213349453e+05 1.250014201340415602e+05 1.785842379404842359e+04 2.000603760400296305e+05 6.250133779476233030e+04 3.125011527735453565e+05 3.885354315143767501e-01 3.125013117433526204e+05 1.260420042672716789e+00 1.301013681987946535e+00 1.425251118408660256e+00
1.875014052599862334e+05 2.410733020833333139e+05 3.125017144097221899e+05 3.125012933238635887e+05 2.500017032828282681e+05 1.875014971534541983e+05 1.875016671401515196e+05 3.125013543059268268e+05 3.125013923611110658e+05 2.812516789215684985e+05 3.125013342013888760e+05 1.875020199652777810e+05 3.125015403645833139e+05 2.500018129340277519e+05 2.500017604166666279e+05 2.500018142361110658e+05 3.125018046875000000e+05 1.760841946228641609e+05 3.125016423611111240e+05 1.099040935774586978e+05 3.125013117433526204e+05 2.739265508369102099e+04 3.125014549005681765e+05 3.125014965277778101e+05 3.125011684027777519e+05
1.875016635858948866e+05 1.875015780720831535e+05 1.515883264462809965e+00 1.376817676518146349e+00 1.250015808367766585e+05 1.875016033380681765e+05 1.875014334969008341e+05 1.272086524864766810e+00 1.033493720993721166e+00 9.375164037079166155e+04 1.307696530522617362e+00 1.875015802162247419e+05 1.433396464646464308e+00 1.875013762231692090e+05 1.306834502840908972e+05 1.250017272727272939e+05 1.785868242694803484e+04 2.000606722082151682e+05 6.250147087082477083e+04 3.125014708574717515e+05 1.260420042672716789e+00 3.125014549005681765e+05 4.176055924558694787e-01 1.292580840876295545e+00 1.411383973039378681e+00
1.875016391633728927e+05 1.875015181587837869e+05 1.727897320802726622e+00 1.415778760038271411e+00 1.250014772727270756e+05 1.875016015625000000e+05 1.875014797585227643e+05 1.304062155165096160e+00 1.011268116736866896e+00 9.375157263513524958e+04 1.289456090407177458e+00 1.875015455729166570e+05 1.370039682539682779e+00 1.875013437500000291e+05 1.306834303977272648e+05 1.250016352982954559e+05 1.785868048469386122e+04 2.000605535827946151e+05 6.250149289772728662e+04 3.125015302798202611e+05 1.301013681987946757e+00 3.125014965277777519e+05 1.292580840876295545e+00 4.103960755568228369e-01 1.008213702147525703e+00
1.875013367947035294e+05 1.875015751651144237e+05 1.750000000000000222e+00 1.374468187307860800e+00 1.250016164772725315e+05 1.875012721354166279e+05 1.875014294507575978e+05 1.258801063368144790e+00 1.077054327054327132e+00 9.375166624817397678e+04 1.281457578502415817e+00 1.875016970486111240e+05 1.370891003460207536e+00 1.875015000000000000e+05 1.306835866477272502e+05 1.250017187500000146e+05 1.785872098214284051e+04 2.000602642349585658e+05 6.250153962435256835e+04 3.125012663909313851e+05 1.425251118408660256e+00 3.125011684027777519e+05 1.411383973039378681e+00 1.008213702147525703e+00 3.156466096808334676e-01
