8.277008662809772068e+04 4.472552591752646258e+05 4.429265217499291175e+05 4.472554370630662306e+05 4.472556004840572714e+05 4.472553048924970208e+05 4.169525948023597593e+05 4.472553125271571917e+05 3.210921112357114907e+05 4.472552587959007942e+05 4.169523095631254837e+05 4.472555123082405771e+05 4.472554343771982822e+05 3.866494712706460850e+05 4.321039213415652048e+05 2.072101498460287985e+05 3.698144125494105392e+05 3.417311076382058673e+05 4.169524803929596092e+05 4.472555013951109140e+05 4.169525607200944796e+05 2.172170913630587456e+05 4.472554812851161696e+05 4.169525944148207782e+05 4.472554876988983597e+05
4.472552591752646258e+05 4.450980325304835783e-01 2.100536317940367735e+04 1.471272453008096726e+00 1.378921913061157856e+00 1.011022355780952342e+00 3.030466345855577310e+04 1.029671310413473373e+00 2.765164505852730945e+05 7.839536530220119204e-01 3.030412244165348966e+04 1.233462797280882262e+00 1.139530162201897179e+00 1.342006929455360514e+05 1.515271232096910171e+04 4.761911834833748871e+05 1.683516801739451184e+05 2.308409777408079244e+05 3.030484124969239201e+04 1.378837743065239874e+00 3.030458975593522337e+04 3.592819274106299854e+05 1.421995383322003148e+00 3.030489726023306503e+04 1.437664226535110945e+00
4.429265217499291175e+05 2.100536317940368099e+04 2.947467093302933063e+04 2.100560747819417884e+04 2.100568198691847283e+04 2.100527475190571931e+04 5.130867250845457602e+04 2.100554152569652433e+04 2.642008425366256270e+05 2.100513594879850643e+04 5.130833662469824048e+04 2.100549121186191769e+04 2.100562281197263292e+04 1.131970778149610996e+05 3.615695552162379317e+04 4.718623495103687746e+05 1.473481217193474586e+05 2.098376005707491713e+05 5.130848774815482466e+04 2.100538661516414504e+04 5.130850367753430328e+04 3.522735751046774676e+05 2.100573378350770872e+04 5.130852375781876617e+04 2.100574932090430957e+04
4.472554370630662306e+05 1.471272453008096504e+00 2.100560747819417884e+04 4.262252710904733677e-01 1.484874546899568992e+00 1.407590415491398961e+00 3.030488815420565879e+04 1.545261169082948749e+00 2.765166788056782098e+05 1.150827837384359009e+00 3.030460519881352229e+04 1.504346892200251196e+00 1.465767856911716960e+00 1.342007909252845566e+05 1.515308326751536333e+04 4.761915429441796150e+05 1.683520596767235256e+05 2.308411172433826432e+05 3.030486960127063503e+04 1.643964839277359591e+00 3.030474177341500763e+04 3.592820860109164496e+05 1.334291371900909295e+00 3.030499255375108623e+04 1.432764102317754418e+00
4.472556004840572714e+05 1.378921913061157856e+00 2.100568198691847283e+04 1.484874546899568992e+00 4.588449870775439532e-01 1.426158832048756153e+00 3.030486189673297486e+04 1.421197047516134404e+00 2.765166813942981535e+05 1.121809892839643386e+00 3.030454304667993711e+04 1.420601098948404362e+00 1.427524070157090152e+00 1.342008397365905694e+05 1.515306327627801329e+04 4.761914962993997033e+05 1.683520090846379753e+05 2.308410297356523224e+05 3.030494083980392315e+04 1.545730209533322963e+00 3.030477691735036206e+04 3.592821010097340913e+05 1.249065301844606735e+00 3.030502473025454310e+04 1.353941006989263451e+00
4.472553048924970208e+05 1.011022355780952120e+00 2.100527475190571931e+04 1.407590415491398961e+00 1.426158832048756153e+00 4.630417479992647301e-01 3.030447496054294970e+04 1.041028674358376538e+00 2.765164703338148538e+05 5.847632078568121283e-01 3.030401406390580814e+04 1.209350470250830867e+00 1.193679754990179864e+00 1.342005821763466229e+05 1.515268473502343477e+04 4.761911730099772685e+05 1.683516380726808275e+05 2.308408424617313431e+05 3.030459406345383468e+04 1.352490597186623900e+00 3.030451597584340561e+04 3.592819760874341591e+05 1.471704063842770971e+00 3.030463221451798745e+04 1.446109636228278372e+00
4.169525948023597593e+05 3.030466345855577310e+04 5.130867250845457602e+04 3.030488815420565879e+04 3.030486189673297486e+04 3.030447496054294970e+04 5.652586071875994600e-01 3.030475278776952837e+04 2.462137609811834991e+05 3.030426285748516966e+04 1.260747949598908013e+00 3.030474102818353276e+04 3.030469228823300728e+04 1.038977051048705762e+05 1.515304651599323188e+04 4.458882265512266313e+05 1.380487057814360596e+05 2.005381243697603059e+05 1.595288379912134236e+00 3.030470962525878713e+04 1.777358689970593097e+00 3.289791679138576146e+05 3.030495277146670196e+04 1.421029682759136659e+00 3.030495982501555409e+04
4.472553125271571917e+05 1.029671310413473373e+00 2.100554152569652797e+04 1.545261169082949415e+00 1.421197047516134404e+00 1.041028674358376538e+00 3.030475278776952837e+04 3.695028571757331126e-01 2.765164205949499155e+05 8.302403901871300285e-01 3.030430418529800590e+04 1.269581169341399640e+00 1.172896422255505833e+00 1.342007577861425525e+05 1.515280056486156900e+04 4.761913126320040319e+05 1.683517768670333899e+05 2.308410645874718030e+05 3.030486262855309178e+04 1.475204385007937491e+00 3.030473643189663926e+04 3.592819803147428902e+05 1.436880038507767354e+00 3.030494899562417777e+04 1.528044826746125295e+00
3.210921112357114325e+05 2.765164505852730945e+05 2.642008425366256270e+05 2.765166788056782098e+05 2.765166813942981535e+05 2.765164703338148538e+05 2.462137609811834991e+05 2.765164205949499155e+05 2.668714882742693590e+04 2.765163355640057707e+05 2.462134505523958942e+05 2.765166402502927813e+05 2.765166126528049354e+05 1.766292175419024425e+05 2.613650897638450551e+05 3.298671135468719294e+05 1.597941599528579682e+05 1.125966567075738421e+05 2.462135981006541406e+05 2.765167268796894932e+05 2.462136395485753601e+05 1.892759418769241311e+05 2.765167538002996589e+05 2.462136977588012232e+05 2.765166928703786689e+05
4.472552587959007942e+05 7.839536530220119204e-01 2.100513594879850280e+04 1.150827837384359009e+00 1.121809892839643386e+00 5.847632078568121283e-01 3.030426285748516966e+04 8.302403901871300285e-01 2.765163355640057707e+05 2.009929443369701252e-01 3.030379848338692682e+04 1.010779138852519354e+00 9.528862682386081140e-01 1.342004746308636677e+05 1.515243543402551586e+04 4.761911541413624072e+05 1.683515287702506757e+05 2.308407258201779041e+05 3.030435704655351219e+04 1.054906763417245985e+00 3.030431045199373330e+04 3.592819014948639669e+05 1.143306875560238689e+00 3.030447861581113102e+04 1.173182059164577629e+00
4.169523095631254837e+05 3.030412244165348966e+04 5.130833662469824048e+04 3.030460519881352229e+04 3.030454304667993711e+04 3.030401406390580814e+04 1.260747949598908013e+00 3.030430418529800590e+04 2.462134505523958942e+05 3.030379848338692682e+04 3.329118881711641831e-01 3.030446955667787915e+04 3.030437752549411744e+04 1.038974158245643921e+05 1.515264795073519053e+04 4.458881348781671259e+05 1.380484839735311689e+05 2.005377351009632403e+05 1.446430211098387986e+00 3.030450078645712711e+04 1.495429326447685225e+00 3.289789047438979615e+05 3.030459605980438209e+04 1.452500154716075409e+00 3.030457322437453695e+04
4.472555123082405771e+05 1.233462797280882262e+00 2.100549121186191769e+04 1.504346892200251196e+00 1.420601098948404362e+00 1.209350470250830867e+00 3.030474102818353276e+04 1.269581169341399640e+00 2.765166402502927813e+05 1.010779138852519354e+00 3.030446955667787915e+04 3.530127356831525565e-01 1.246383937336285053e+00 1.342008315853592358e+05 1.515296149520413564e+04 4.761914065346701536e+05 1.683519241047163378e+05 2.308412430937228492e+05 3.030483975171084239e+04 1.411805661581538640e+00 3.030478921208744941e+04 3.592821837618899881e+05 1.523955572050776919e+00 3.030496017358333120e+04 1.626258476112049101e+00
4.472554343771982822e+05 1.139530162201897179e+00 2.100562281197262928e+04 1.465767856911716960e+00 1.427524070157090152e+00 1.193679754990179864e+00 3.030469228823300728e+04 1.172896422255505833e+00 2.765166126528049354e+05 9.528862682386081140e-01 3.030437752549411744e+04 1.246383937336285053e+00 4.998925405501284391e-01 1.342008645460141706e+05 1.515290152915768340e+04 4.761913454512189492e+05 1.683519563036568288e+05 2.308411536921836669e+05 3.030493140231681537e+04 1.392473512501315014e+00 3.030475926980750592e+04 3.592820652495903196e+05 1.449497027897648005e+00 3.030494773535564673e+04 1.481113175297667173e+00
3.866494712706460850e+05 1.342006929455360514e+05 1.131970778149610996e+05 1.342007909252845566e+05 1.342008397365905694e+05 1.342005821763466229e+05 1.038977051048705762e+05 1.342007577861425525e+05 1.766292175419024716e+05 1.342004746308636677e+05 1.038974158245643921e+05 1.342008315853592358e+05 1.342008645460141706e+05 1.484278980194768519e+04 1.190492548688424286e+05 4.155855241586368647e+05 3.415258097923466994e+04 1.003525056778987200e+05 1.038977988581574900e+05 1.342009333784713526e+05 1.038976496396460570e+05 2.799172216138012009e+05 1.342008905350713467e+05 1.038975512919463072e+05 1.342008132178045635e+05
4.321039213415652048e+05 1.515271232096910171e+04 3.615695552162379317e+04 1.515308326751536333e+04 1.515306327627801329e+04 1.515268473502343477e+04 1.515304651599323188e+04 1.515280056486156900e+04 2.613650897638450551e+05 1.515243543402551586e+04 1.515264795073519053e+04 1.515296149520413564e+04 1.515290152915768340e+04 1.190492548688424286e+05 1.515202396793857770e+04 4.610396772081151139e+05 1.532002355849379965e+05 2.156894750851912249e+05 1.515317513906048043e+04 1.515293266118250176e+04 1.515319923509690307e+04 3.441306039432341349e+05 1.515303070710138672e+04 1.515335156993860619e+04 1.515323315293508858e+04
2.072101498460287985e+05 4.761911834833748871e+05 4.718623495103687746e+05 4.761915429441796150e+05 4.761914962993997033e+05 4.761911730099772685e+05 4.458882265512266313e+05 4.761913126320040319e+05 3.298671135468719294e+05 4.761911541413624072e+05 4.458881348781671259e+05 4.761914065346700372e+05 4.761913454512189492e+05 4.155855241586368647e+05 4.610396772081150557e+05 6.969507648360585154e+04 3.987501258204161422e+05 3.852822310090704123e+05 4.458884069264070131e+05 4.761912886002886808e+05 4.458885248917750432e+05 2.978753008358997176e+05 4.761915014593758970e+05 4.458884003398036584e+05 4.761915476190477493e+05
3.698144125494105392e+05 1.683516801739450893e+05 1.473481217193474295e+05 1.683520596767235256e+05 1.683520090846379753e+05 1.683516380726807693e+05 1.380487057814360596e+05 1.683517768670333608e+05 1.597941599528579682e+05 1.683515287702506757e+05 1.380484839735311689e+05 1.683519241047163378e+05 1.683519563036567706e+05 3.415258097923466994e+04 1.532002355849379674e+05 3.987501258204161422e+05 1.496491778110914129e+04 7.114899665158624703e+04 1.380488021459489537e+05 1.683520097012795741e+05 1.380488865698870213e+05 2.630820265149673214e+05 1.683520404533882684e+05 1.380486929855886265e+05 1.683520460820655571e+05
3.417311076382058673e+05 2.308409777408079244e+05 2.098376005707491713e+05 2.308411172433826723e+05 2.308410297356522933e+05 2.308408424617313431e+05 2.005381243697603059e+05 2.308410645874718030e+05 1.125966567075738421e+05 2.308407258201779332e+05 2.005377351009632403e+05 2.308412430937228200e+05 2.308411536921836669e+05 1.003525056778987200e+05 2.156894750851911958e+05 3.852822310090704123e+05 7.114899665158624703e+04 5.136136658280828851e+04 2.005381261230134987e+05 2.308412511451002792e+05 2.005379615875355958e+05 2.007302247845422244e+05 2.308410915785712714e+05 2.005380544527378515e+05 2.308411330363264133e+05
4.169524803929596092e+05 3.030484124969239201e+04 5.130848774815482466e+04 3.030486960127063503e+04 3.030494083980392315e+04 3.030459406345383468e+04 1.595288379912134014e+00 3.030486262855309178e+04 2.462135981006541406e+05 3.030435704655351219e+04 1.446430211098387986e+00 3.030483975171084239e+04 3.030493140231681537e+04 1.038977988581574900e+05 1.515317513906048043e+04 4.458884069264070131e+05 1.380488021459489537e+05 2.005381261230134696e+05 4.274019719993402133e-01 3.030482693880052102e+04 1.884836088491108841e+00 3.289792848504167632e+05 3.030495125861791894e+04 1.542383858662754736e+00 3.030497174486567383e+04
4.472555013951109140e+05 1.378837743065239874e+00 2.100538661516413777e+04 1.643964839277359591e+00 1.545730209533322963e+00 1.352490597186623900e+00 3.030470962525878713e+04 1.475204385007937491e+00 2.765167268796894932e+05 1.054906763417245985e+00 3.030450078645712711e+04 1.411805661581538862e+00 1.392473512501315014e+00 1.342009333784713526e+05 1.515293266118250176e+04 4.761912886002887390e+05 1.683520097012795741e+05 2.308412511451003083e+05 3.030482693880052102e+04 4.301353282825572388e-01 3.030474095170585497e+04 3.592822558034526883e+05 1.474677309733161579e+00 3.030504736425208830e+04 1.563808274707770840e+00
4.169525607200944796e+05 3.030458975593522337e+04 5.130850367753430328e+04 3.030474177341500763e+04 3.030477691735036206e+04 3.030451597584340561e+04 1.777358689970593097e+00 3.030473643189663926e+04 2.462136395485753601e+05 3.030431045199373330e+04 1.495429326447685225e+00 3.030478921208744941e+04 3.030475926980750592e+04 1.038976496396460425e+05 1.515319923509690307e+04 4.458885248917750432e+05 1.380488865698870213e+05 2.005379615875355958e+05 1.884836088491108841e+00 3.030474095170585497e+04 3.810337135202557235e-01 3.289791937512385775e+05 3.030475241435495991e+04 1.803044625687307168e+00 3.030472432074983226e+04
2.172170913630588038e+05 3.592819274106299854e+05 3.522735751046774676e+05 3.592820860109164496e+05 3.592821010097341496e+05 3.592819760874342173e+05 3.289791679138576728e+05 3.592819803147428902e+05 1.892759418769241311e+05 3.592819014948639669e+05 3.289789047438979615e+05 3.592821837618899881e+05 3.592820652495903778e+05 2.799172216138012009e+05 3.441306039432341349e+05 2.978753008358997176e+05 2.630820265149673214e+05 2.007302247845422244e+05 3.289792848504167632e+05 3.592822558034527465e+05 3.289791937512385775e+05 6.349579441448645957e+04 3.592820989643519861e+05 3.289792729394201888e+05 3.592821624282270204e+05
4.472554812851161696e+05 1.421995383322003148e+00 2.100573378350770872e+04 1.334291371900909295e+00 1.249065301844606735e+00 1.471704063842770971e+00 3.030495277146670196e+04 1.436880038507767354e+00 2.765167538002996589e+05 1.143306875560238689e+00 3.030459605980438209e+04 1.523955572050776919e+00 1.449497027897647561e+00 1.342008905350713467e+05 1.515303070710138491e+04 4.761915014593758970e+05 1.683520404533882684e+05 2.308410915785713296e+05 3.030495125861791894e+04 1.474677309733161357e+00 3.030475241435495991e+04 3.592820989643519861e+05 4.460173395960364551e-01 3.030512955446699561e+04 1.317265958463126996e+00
4.169525944148207782e+05 3.030489726023306503e+04 5.130852375781876617e+04 3.030499255375108623e+04 3.030502473025454310e+04 3.030463221451798745e+04 1.421029682759136659e+00 3.030494899562417777e+04 2.462136977588012232e+05 3.030447861581113102e+04 1.452500154716075409e+00 3.030496017358333120e+04 3.030494773535564673e+04 1.038975512919463072e+05 1.515335156993860437e+04 4.458884003398036584e+05 1.380486929855886265e+05 2.005380544527378515e+05 1.542383858662754736e+00 3.030504736425208830e+04 1.803044625687307168e+00 3.289792729394201888e+05 3.030512955446699561e+04 5.905258724700310768e-01 3.030521250206292461e+04
4.472554876988983597e+05 1.437664226535111167e+00 2.100574932090430957e+04 1.432764102317754640e+00 1.353941006989263451e+00 1.446109636228278372e+00 3.030495982501555409e+04 1.528044826746125295e+00 2.765166928703786689e+05 1.173182059164577629e+00 3.030457322437453695e+04 1.626258476112049101e+00 1.481113175297667173e+00 1.342008132178045635e+05 1.515323315293508858e+04 4.761915476190478075e+05 1.683520460820655862e+05 2.308411330363264133e+05 3.030497174486567383e+04 1.563808274707770840e+00 3.030472432074983226e+04 3.592821624282270204e+05 1.317265958463126996e+00 3.030521250206292461e+04 4.396227400791412054e-01
