6.771909725987759199e-01 2.104367745613622246e+05 1.502057815932638984e+00 1.359870346591050911e+05 1.208824593354966837e+00 4.800014198035559384e+05 2.281141224825005143e+00 4.000217210702018929e+04 2.028354730392045280e+00 4.453260730505017564e+05 1.710688440551499934e+00 8.000230150643904926e+04 2.097130932476127807e+00 4.000222732025700680e+04 1.609006719015186881e+00 3.047364880770360469e+05 1.923336983567791592e+00 1.661152301214413152e+00 1.702931050620937636e+00 1.582015204376842732e+00 1.549521379205142324e+00 5.000234122805855441e+04 4.000231655897872406e+04 2.073211425279674724e+00 1.919180397203148924e+00
2.104367745613622246e+05 3.667624368913602666e+04 2.104366577462754503e+05 9.507698470249341335e+04 2.104364584257857641e+05 3.181265669376468868e+05 2.104373079699897789e+05 1.704374281835361035e+05 2.104371395657933608e+05 2.853263809438110329e+05 2.104367775153605908e+05 1.304374431412537815e+05 2.104371818282389140e+05 1.704373792361342639e+05 2.104368281352296763e+05 1.354915149513203069e+05 2.104371835237923660e+05 2.104369058054288325e+05 2.104367502067213354e+05 2.104365580912892183e+05 2.104368038514361251e+05 1.604372832101029926e+05 1.704374132812554308e+05 2.104372248226049123e+05 2.104369993544162717e+05
1.502057815932639206e+00 2.104366577462754503e+05 4.794331407050347327e-01 1.359867374660261848e+05 6.942576842657124381e-01 4.800011860302964342e+05 1.588744026205059834e+00 4.000170856890485447e+04 1.650877441371936927e+00 4.453259383369049756e+05 1.244451998655450531e+00 8.000185803222871618e+04 1.593002293734361308e+00 4.000164982584102836e+04 1.550295539924723576e+00 3.047363131430303329e+05 1.607651396972646918e+00 1.588183034187318432e+00 1.164797098959559074e+00 1.206669767540450744e+00 1.485123678461191865e+00 5.000185554908894846e+04 4.000173687797474122e+04 1.621256690726984084e+00 1.659450639628805124e+00
1.359870346591051202e+05 9.507698470249342790e+04 1.359867374660261848e+05 4.813437229561276035e+04 1.359865805512527586e+05 3.715166387349081924e+05 1.359874153991136991e+05 9.598751135128777241e+04 1.359872476242418925e+05 3.368415702254901407e+05 1.359869633126063272e+05 5.598696981274042628e+04 1.359874033723189204e+05 9.598741199574814527e+04 1.359871187658716226e+05 1.962519060973369633e+05 1.359873290485967009e+05 1.359870931042544835e+05 1.359868231381313817e+05 1.359868753257215722e+05 1.359870438062409230e+05 8.598729734392069804e+04 9.598756792648158444e+04 1.359873018198795908e+05 1.359871711070313759e+05
1.208824593354966837e+00 2.104364584257857641e+05 6.942576842657125491e-01 1.359865805512527586e+05 3.153662563536523966e-01 4.800011944910251768e+05 1.512744958508859705e+00 4.000154200086883066e+04 1.389777659549356947e+00 4.453258599834754714e+05 1.087625383646602772e+00 8.000174895793429459e+04 1.416539794618590253e+00 4.000153510175293195e+04 1.232150385721964447e+00 3.047362172888490604e+05 1.359177995106732428e+00 1.223635752747711081e+00 1.073390259028815352e+00 1.020598110692007454e+00 1.202680744228012744e+00 5.000166133186781371e+04 4.000159349015852058e+04 1.369690537423043475e+00 1.308278115765810545e+00
4.800014198035559384e+05 3.181265669376468868e+05 4.800011860302964342e+05 3.715166387349081924e+05 4.800011944910251186e+05 7.435439993045045412e+04 4.800014983131901827e+05 4.400016901045295526e+05 4.800015016860712203e+05 1.901074460921073332e+05 4.800013287160042091e+05 4.000017125716205337e+05 4.800014058572939248e+05 4.400017724514683941e+05 4.800013723320837016e+05 2.687510256445123232e+05 4.800014939828697243e+05 4.800013474795905640e+05 4.800012266196986893e+05 4.800012911754552042e+05 4.800012660653924104e+05 4.300017601555924048e+05 4.400017483358220779e+05 4.800015154397892184e+05 4.800013775937178289e+05
2.281141224825005143e+00 2.104373079699897498e+05 1.588744026205059834e+00 1.359874153991136991e+05 1.512744958508859927e+00 4.800014983131901827e+05 9.017109786333923349e-01 4.000205926616527722e+04 2.074835116836470927e+00 4.453262403161370894e+05 2.073791991555419489e+00 8.000255255636673246e+04 1.966095721429225396e+00 4.000221013536620740e+04 2.154283074588058344e+00 3.047368171603922383e+05 2.270420856919467045e+00 2.301719776222881819e+00 1.919625009325915288e+00 1.978141277996757985e+00 2.222689581263308067e+00 5.000248452787017595e+04 4.000234897602828278e+04 1.966338759954879389e+00 2.156551284779892885e+00
4.000217210702018929e+04 1.704374281835360744e+05 4.000170856890485447e+04 9.598751135128775786e+04 4.000154200086883066e+04 4.400016901045295526e+05 4.000205926616527722e+04 8.188590241473483466e-01 4.000239859491439711e+04 4.053264469264063518e+05 4.000203897128425160e+04 4.000232996189601545e+04 4.000220240671485953e+04 1.913052708473039099e+00 4.000226758950277144e+04 2.647368725108605577e+05 4.000236901832962030e+04 4.000232516588269209e+04 4.000181889016448258e+04 4.000194112060828775e+04 4.000213645586299390e+04 1.000232220687474546e+04 1.998887446084673947e+00 4.000233546598246903e+04 4.000240051566794136e+04
2.028354730392045280e+00 2.104371395657933608e+05 1.650877441371936927e+00 1.359872476242418925e+05 1.389777659549356947e+00 4.800015016860712203e+05 2.074835116836470927e+00 4.000239859491439711e+04 7.053187952762781654e-01 4.453262248158059665e+05 2.011428598363658171e+00 8.000245664717482578e+04 2.186705805811218983e+00 4.000236808569067216e+04 2.023208658160667195e+00 3.047367626095701125e+05 1.826104574083450727e+00 2.050609155691180074e+00 1.858806130093950015e+00 1.902838888559430064e+00 2.138753632841123409e+00 5.000248920904043189e+04 4.000250385788363928e+04 1.724770378995542419e+00 2.112728560673704958e+00
4.453260730505017564e+05 2.853263809438110329e+05 4.453259383369049756e+05 3.368415702254901407e+05 4.453258599834754714e+05 1.901074460921073623e+05 4.453262403161370894e+05 4.053264469264064683e+05 4.453262248158060247e+05 8.455731127730368462e+04 4.453260439965242986e+05 3.653265172111710417e+05 4.453261134437458240e+05 4.053264743004718330e+05 4.453260456837422680e+05 2.318433119211536541e+05 4.453262459261920303e+05 4.453261316450410523e+05 4.453259316025779117e+05 4.453258332381513901e+05 4.453260329278010176e+05 3.953264923867641483e+05 4.053264777922073845e+05 4.453262599433407304e+05 4.453261702255435521e+05
1.710688440551499934e+00 2.104367775153605908e+05 1.244451998655450531e+00 1.359869633126063272e+05 1.087625383646602772e+00 4.800013287160042091e+05 2.073791991555419045e+00 4.000203897128425160e+04 2.011428598363658171e+00 4.453260439965241821e+05 6.509320709862466137e-01 8.000214303169792402e+04 1.919557139383829991e+00 4.000212484008313913e+04 1.704693727613685095e+00 3.047364750133696944e+05 1.801533387108950501e+00 1.762683696820748658e+00 1.502690781399892428e+00 1.354569716034229820e+00 1.588490654210152897e+00 5.000202440256062255e+04 4.000209644027952891e+04 2.053916136567812245e+00 1.935310153191897475e+00
8.000230150643904926e+04 1.304374431412537815e+05 8.000185803222871618e+04 5.598696981274042628e+04 8.000174895793429459e+04 4.000017125716205919e+05 8.000255255636673246e+04 4.000232996189600817e+04 8.000245664717482578e+04 3.653265172111710417e+05 8.000214303169792402e+04 1.036654725079865669e+00 8.000247857797228789e+04 4.000245214589896932e+04 8.000239789334624948e+04 2.247370617107166618e+05 8.000251710509424447e+04 8.000241351901584130e+04 8.000195943191678089e+04 8.000205301291555224e+04 8.000232189856417244e+04 3.000226028981525815e+04 4.000245364743359823e+04 8.000254918189924501e+04 8.000250007220095722e+04
2.097130932476127363e+00 2.104371818282389140e+05 1.593002293734361308e+00 1.359874033723188913e+05 1.416539794618590031e+00 4.800014058572939830e+05 1.966095721429225396e+00 4.000220240671485953e+04 2.186705805811218983e+00 4.453261134437458240e+05 1.919557139383829769e+00 8.000247857797228789e+04 6.789389273843644546e-01 4.000237639355442661e+04 2.119327198118100331e+00 3.047366943766931654e+05 2.022569182808467758e+00 1.899929879509325348e+00 1.927003515820696400e+00 1.818884089151752814e+00 1.956581279835421183e+00 5.000255342467244918e+04 4.000244723754178995e+04 1.911049137704424083e+00 2.006961204928791265e+00
4.000222732025700680e+04 1.704373792361342639e+05 4.000164982584102836e+04 9.598741199574810162e+04 4.000153510175293195e+04 4.400017724514683941e+05 4.000221013536621467e+04 1.913052708473038432e+00 4.000236808569067216e+04 4.053264743004718330e+05 4.000212484008313913e+04 4.000245214589896932e+04 4.000237639355442661e+04 8.457305682518210244e-01 4.000230104349397880e+04 2.647369881342388107e+05 4.000239436842845316e+04 4.000235459219786571e+04 4.000188022797604935e+04 4.000187874571639259e+04 4.000219077334833855e+04 1.000213108448424464e+04 1.884083240323898512e+00 4.000234910196642886e+04 4.000246374070956517e+04
1.609006719015186881e+00 2.104368281352296763e+05 1.550295539924723576e+00 1.359871187658716226e+05 1.232150385721964447e+00 4.800013723320837016e+05 2.154283074588058344e+00 4.000226758950277144e+04 2.023208658160667195e+00 4.453260456837422680e+05 1.704693727613685095e+00 8.000239789334624948e+04 2.119327198118100331e+00 4.000230104349397880e+04 8.518444403798036690e-01 3.047364817972160527e+05 1.887708066403265272e+00 1.620278413080465940e+00 1.719475152073433044e+00 1.651755830455851060e+00 1.656020127480438031e+00 5.000234725391073152e+04 4.000234659578663559e+04 2.100276979608069805e+00 1.882445826899991959e+00
3.047364880770359887e+05 1.354915149513203069e+05 3.047363131430303329e+05 1.962519060973369633e+05 3.047362172888490604e+05 2.687510256445123814e+05 3.047368171603922965e+05 2.647368725108605577e+05 3.047367626095700543e+05 2.318433119211536541e+05 3.047364750133696944e+05 2.247370617107166036e+05 3.047366943766931654e+05 2.647369881342388107e+05 3.047364817972160527e+05 1.002807063220254204e+05 3.047367903575196979e+05 3.047366591222044080e+05 3.047363202214341727e+05 3.047362163421185687e+05 3.047364534512718092e+05 2.547370546195395000e+05 2.647370019327795599e+05 3.047367086389311007e+05 3.047366491114976234e+05
1.923336983567792036e+00 2.104371835237923660e+05 1.607651396972646918e+00 1.359873290485966718e+05 1.359177995106732650e+00 4.800014939828697825e+05 2.270420856919467045e+00 4.000236901832962030e+04 1.826104574083450949e+00 4.453262459261920303e+05 1.801533387108950501e+00 8.000251710509424447e+04 2.022569182808467758e+00 4.000239436842845316e+04 1.887708066403265272e+00 3.047367903575196979e+05 7.574500991297140606e-01 1.992194620478644707e+00 1.835182800472604514e+00 1.748372089167317567e+00 1.985903154785723101e+00 5.000243784584675450e+04 4.000250509762294678e+04 1.914318666833989102e+00 1.892600159308680974e+00
1.661152301214413152e+00 2.104369058054288325e+05 1.588183034187318210e+00 1.359870931042544835e+05 1.223635752747711081e+00 4.800013474795905640e+05 2.301719776222881819e+00 4.000232516588269209e+04 2.050609155691180074e+00 4.453261316450410523e+05 1.762683696820748658e+00 8.000241351901584130e+04 1.899929879509325348e+00 4.000235459219786571e+04 1.620278413080465940e+00 3.047366591222044080e+05 1.992194620478644707e+00 7.351478785872957999e-01 1.838532333602729052e+00 1.745856550324207612e+00 1.764975573017768529e+00 5.000238813141288119e+04 4.000239165568568569e+04 2.140661183311953319e+00 1.744603232427504924e+00
1.702931050620937636e+00 2.104367502067213354e+05 1.164797098959558852e+00 1.359868231381313817e+05 1.073390259028815352e+00 4.800012266196986893e+05 1.919625009325915288e+00 4.000181889016448258e+04 1.858806130093949793e+00 4.453259316025779117e+05 1.502690781399892206e+00 8.000195943191678089e+04 1.927003515820696400e+00 4.000188022797604935e+04 1.719475152073433044e+00 3.047363202214341727e+05 1.835182800472604514e+00 1.838532333602729052e+00 6.069525837503796373e-01 1.209795627824667541e+00 1.588463058942245487e+00 5.000182845389983413e+04 4.000174955495483300e+04 1.916724943735262476e+00 1.840786678181511649e+00
1.582015204376842732e+00 2.104365580912892183e+05 1.206669767540450744e+00 1.359868753257215430e+05 1.020598110692007454e+00 4.800012911754552042e+05 1.978141277996757985e+00 4.000194112060828775e+04 1.902838888559430064e+00 4.453258332381513901e+05 1.354569716034229820e+00 8.000205301291555224e+04 1.818884089151752814e+00 4.000187874571639259e+04 1.651755830455851060e+00 3.047362163421185687e+05 1.748372089167317345e+00 1.745856550324207612e+00 1.209795627824667541e+00 6.284392617250925683e-01 1.568830470032943181e+00 5.000193807714461582e+04 4.000190393446527014e+04 1.906065945055803734e+00 1.851746649277107304e+00
1.549521379205142324e+00 2.104368038514361251e+05 1.485123678461191643e+00 1.359870438062408939e+05 1.202680744228012744e+00 4.800012660653924104e+05 2.222689581263308067e+00 4.000213645586299390e+04 2.138753632841123409e+00 4.453260329278010176e+05 1.588490654210152897e+00 8.000232189856417244e+04 1.956581279835421183e+00 4.000219077334833855e+04 1.656020127480438031e+00 3.047364534512718092e+05 1.985903154785723101e+00 1.764975573017768751e+00 1.588463058942245487e+00 1.568830470032943181e+00 6.629220670052767828e-01 5.000231793647901213e+04 4.000226296515714785e+04 2.035063989359942038e+00 1.829238335480306565e+00
5.000234122805855441e+04 1.604372832101029926e+05 5.000185554908894119e+04 8.598729734392069804e+04 5.000166133186781371e+04 4.300017601555924048e+05 5.000248452787018323e+04 1.000232220687474364e+04 5.000248920904043189e+04 3.953264923867641483e+05 5.000202440256062255e+04 3.000226028981526179e+04 5.000255342467244918e+04 1.000213108448424464e+04 5.000234725391073152e+04 2.547370546195395582e+05 5.000243784584675450e+04 5.000238813141288119e+04 5.000182845389983413e+04 5.000193807714461582e+04 5.000231793647901213e+04 1.500094542726721193e+04 1.000200809929569004e+04 5.000251036564321839e+04 5.000254921412198019e+04
4.000231655897872406e+04 1.704374132812554308e+05 4.000173687797474122e+04 9.598756792648156988e+04 4.000159349015852058e+04 4.400017483358220779e+05 4.000234897602829005e+04 1.998887446084673947e+00 4.000250385788363928e+04 4.053264777922073845e+05 4.000209644027952891e+04 4.000245364743359823e+04 4.000244723754178995e+04 1.884083240323898512e+00 4.000234659578663559e+04 2.647370019327795599e+05 4.000250509762294678e+04 4.000239165568568569e+04 4.000174955495483300e+04 4.000190393446527014e+04 4.000226296515714785e+04 1.000200809929569004e+04 8.898218139172060503e-01 4.000255115515584475e+04 4.000252020787507354e+04
2.073211425279674724e+00 2.104372248226049123e+05 1.621256690726983862e+00 1.359873018198796199e+05 1.369690537423043475e+00 4.800015154397892184e+05 1.966338759954879389e+00 4.000233546598246903e+04 1.724770378995542419e+00 4.453262599433407304e+05 2.053916136567812245e+00 8.000254918189924501e+04 1.911049137704424083e+00 4.000234910196642886e+04 2.100276979608069805e+00 3.047367086389311007e+05 1.914318666833989102e+00 2.140661183311953319e+00 1.916724943735262476e+00 1.906065945055803734e+00 2.035063989359941594e+00 5.000251036564321839e+04 4.000255115515584475e+04 7.982804794877136345e-01 1.866879490474224523e+00
1.919180397203148702e+00 2.104369993544162717e+05 1.659450639628804458e+00 1.359871711070313468e+05 1.308278115765810545e+00 4.800013775937178289e+05 2.156551284779892885e+00 4.000240051566794136e+04 2.112728560673704958e+00 4.453261702255435521e+05 1.935310153191897475e+00 8.000250007220095722e+04 2.006961204928790821e+00 4.000246374070956517e+04 1.882445826899991737e+00 3.047366491114976234e+05 1.892600159308680974e+00 1.744603232427505146e+00 1.840786678181511649e+00 1.851746649277107304e+00 1.829238335480306565e+00 5.000254921412198019e+04 4.000252020787507354e+04 1.866879490474224523e+00 7.327386766527324014e-01
