8.152770440081482661e-01 1.041916969113610685e+04 3.240759522998117027e+05 4.112109129426772124e+05 1.885669901112815516e+00 4.166881511917430180e+04 4.166809025666168600e+04 4.166893319066346885e+04 4.864879539227271453e+05 4.166901686441316997e+04 4.166883489436042146e+04 4.166887539844345156e+04 2.111985103353748006e+00 2.281604800296920477e+00 4.166888209302518226e+04 4.166878811559700262e+04 4.166890568919528596e+04 2.083525100195625419e+04 6.807758383516858157e+04 2.000401215855741377e+00 4.166885269633438293e+04 1.988857883282646944e+05 2.916685851268690894e+05 4.166837323861282493e+04 4.166867089412661153e+04
1.041916969113610503e+04 1.562613302127591669e+04 3.188678380682180286e+05 4.112110721510536969e+05 1.041863181427259588e+04 5.208579349716359866e+04 5.208509002562607930e+04 5.208600415697319841e+04 4.864881229332302464e+05 5.208599422417120513e+04 5.208589920265808178e+04 5.208592634507853654e+04 1.041902584828406907e+04 1.041887763183245806e+04 5.208584363856423442e+04 5.208562673642765003e+04 5.208572675423300825e+04 3.125237163809727281e+04 5.766058717780416919e+04 1.041904854845319824e+04 5.208579963423192385e+04 1.884692168354837340e+05 2.812521077661386225e+05 5.208530011327223474e+04 5.208559135697042802e+04
3.240759522998117027e+05 3.188678380682180286e+05 1.216679830708714726e+05 3.035644628985729069e+05 3.240755138256014907e+05 3.657425107527975924e+05 3.657420921723767533e+05 3.657426789767853916e+05 4.054695880477724131e+05 3.657426698388446239e+05 3.657426142895221128e+05 3.657426110217605019e+05 3.240759729976475355e+05 3.240760848728303681e+05 3.657426099528274499e+05 3.657423079373268993e+05 3.657424676667277236e+05 3.449092912937804358e+05 3.032428165183084202e+05 3.240759451103871106e+05 3.657426375540365698e+05 2.592499662632881373e+05 1.909986080525635625e+05 3.657421220848147641e+05 3.657422696043351316e+05
4.112109129426772124e+05 4.112110721510536969e+05 3.035644628985729069e+05 9.391732624288518855e+04 4.112105462570577511e+05 4.528774480264463928e+05 4.528770752120474936e+05 4.528775150078932056e+05 2.261526396666393557e+05 4.528774360334349331e+05 4.528774540175777511e+05 4.528775238603075268e+05 4.112108512691070209e+05 4.112110303538198350e+05 4.528774071799851954e+05 4.528772937318372424e+05 4.528772171674086712e+05 4.320441859660057817e+05 4.112110743276207941e+05 4.112108872254001326e+05 4.528773997659261222e+05 4.098223855512322625e+05 4.112110489100660780e+05 4.528770635248619947e+05 4.528772360448362888e+05
1.885669901112815516e+00 1.041863181427259588e+04 3.240755138256014907e+05 4.112105462570577511e+05 6.383798062194129264e-01 4.166853035761549108e+04 4.166774702241819614e+04 4.166875693516560568e+04 4.864876831440340611e+05 4.166874295538398292e+04 4.166862905450629478e+04 4.166867372498449549e+04 1.930588187026534897e+00 1.916572348034564444e+00 4.166852136459983012e+04 4.166825117487577518e+04 4.166848386563679378e+04 2.083506910410249111e+04 6.807701715500342834e+04 1.724542793090288351e+00 4.166852488492614066e+04 1.988851441154876957e+05 2.916679222444496700e+05 4.166796275815481204e+04 4.166817422215617989e+04
4.166881511917430180e+04 5.208579349716361321e+04 3.657425107527975924e+05 4.528774480264463928e+05 4.166853035761549108e+04 6.947125906153007735e-01 1.263724412892685889e+00 2.212397475992957663e+00 5.281545936113069765e+05 2.137494690492509619e+00 1.968559138154880372e+00 1.923986531562945856e+00 4.166883671189806046e+04 4.166911080148968904e+04 1.960989233906165197e+00 1.780110455345753406e+00 1.910929473439019866e+00 2.083527311494342939e+04 1.097442130789890944e+05 4.166874632435364765e+04 1.875294058052801915e+00 2.405523864842290641e+05 3.333351248045118991e+05 1.588317798873691400e+00 1.721177268594309195e+00
4.166809025666168600e+04 5.208509002562609385e+04 3.657420921723767533e+05 4.528770752120474936e+05 4.166774702241819614e+04 1.263724412892685889e+00 3.156372166364780907e-01 1.353387743556930811e+00 5.281542216934080934e+05 1.356871382401876991e+00 1.312577730668057718e+00 1.265750838011224344e+00 4.166817332838245784e+04 4.166829465597899980e+04 1.270315463680175672e+00 1.225376751568154177e+00 1.221956477520181439e+00 2.083459956026370855e+04 1.097435723748788878e+05 4.166798441633657785e+04 1.246112799776629698e+00 2.405518153715385706e+05 3.333346529618772329e+05 7.965346149486763894e-01 1.047758484756739827e+00
4.166893319066346885e+04 5.208600415697320568e+04 3.657426789767853916e+05 4.528775150078931474e+05 4.166875693516560568e+04 2.212397475992957663e+00 1.353387743556930811e+00 7.645868834848246198e-01 5.281546380136805819e+05 2.179384463244474546e+00 2.090869849573586237e+00 2.109769112516544975e+00 4.166904589740261144e+04 4.166916469790788688e+04 2.053956462707899444e+00 2.112385759349054037e+00 2.026429798597289444e+00 2.083543994631968962e+04 1.097443745550214808e+05 4.166892764971881843e+04 2.048701887755550288e+00 2.405524746338467521e+05 3.333352836390555021e+05 1.748335400234382719e+00 1.986088676440738388e+00
4.864879539227270870e+05 4.864881229332302464e+05 4.054695880477724131e+05 2.261526396666393266e+05 4.864876831440340611e+05 5.281545936113069765e+05 5.281542216934080934e+05 5.281546380136805819e+05 8.948478557416125841e+04 5.281546212586411275e+05 5.281545197816998698e+05 5.281545567971690325e+05 4.864879670220863773e+05 4.864880223838590900e+05 5.281545176051965682e+05 5.281545015383880818e+05 5.281544678235554602e+05 5.073212330701877363e+05 4.864881189940791810e+05 4.864879791055084206e+05 5.281545199871029472e+05 4.850993979352590977e+05 4.828429481825609109e+05 5.281543234627323691e+05 5.281544346238393337e+05
4.166901686441316997e+04 5.208599422417120513e+04 3.657426698388446239e+05 4.528774360334349331e+05 4.166874295538398292e+04 2.137494690492509619e+00 1.356871382401876991e+00 2.179384463244473658e+00 5.281546212586411275e+05 8.495969878048094115e-01 2.083979370386955132e+00 2.151368222236152317e+00 4.166910460952072754e+04 4.166925605939147499e+04 2.265132873565065541e+00 2.061286730110353460e+00 2.137754997612940411e+00 2.083557159631456670e+04 1.097443288272921636e+05 4.166898456733311468e+04 2.254090417495270948e+00 2.405524283860265859e+05 3.333353293265031534e+05 1.729053961721009891e+00 1.955233280279659036e+00
4.166883489436042146e+04 5.208589920265808178e+04 3.657426142895221128e+05 4.528774540175777511e+05 4.166862905450629478e+04 1.968559138154880372e+00 1.312577730668057718e+00 2.090869849573586237e+00 5.281545197816998698e+05 2.083979370386955132e+00 7.983942834520207921e-01 1.870331661556774661e+00 4.166892823795314325e+04 4.166914768411645491e+04 2.078852105750494506e+00 1.847966108756484704e+00 1.901472444049208121e+00 2.083548071093204635e+04 1.097442796691742988e+05 4.166870657087681320e+04 2.051558649193250705e+00 2.405524348778207204e+05 3.333352713325002114e+05 1.652207179748482080e+00 1.888382790066237327e+00
4.166887539844345156e+04 5.208592634507853654e+04 3.657426110217606183e+05 4.528775238603075268e+05 4.166867372498449549e+04 1.923986531562946078e+00 1.265750838011223900e+00 2.109769112516544975e+00 5.281545567971690325e+05 2.151368222236152761e+00 1.870331661556774661e+00 9.140789377831839424e-01 4.166903146943837055e+04 4.166921473462368158e+04 1.806649173986834445e+00 1.914790252867111020e+00 1.955628709418620659e+00 2.083538906917995337e+04 1.097443546800234908e+05 4.166866917096258112e+04 1.967651361966035628e+00 2.405524500157964940e+05 3.333352743341925088e+05 1.620343301377983991e+00 1.753469580072534839e+00
2.111985103353748006e+00 1.041902584828406907e+04 3.240759729976475355e+05 4.112108512691069045e+05 1.930588187026534897e+00 4.166883671189806046e+04 4.166817332838245784e+04 4.166904589740261144e+04 4.864879670220862026e+05 4.166910460952072754e+04 4.166892823795314325e+04 4.166903146943837055e+04 1.087844115328980621e+00 2.337561232597563432e+00 4.166894558219243481e+04 4.166884160680804780e+04 4.166893758634277765e+04 2.083538944032236759e+04 6.807766173708646966e+04 2.185349526712936363e+00 4.166892728660823923e+04 1.988858327756060171e+05 2.916685910110269906e+05 4.166846582457929617e+04 4.166885121782423812e+04
2.281604800296920477e+00 1.041887763183245806e+04 3.240760848728303681e+05 4.112110303538198350e+05 1.916572348034564444e+00 4.166911080148968904e+04 4.166829465597899980e+04 4.166916469790788688e+04 4.864880223838590318e+05 4.166925605939147499e+04 4.166914768411645491e+04 4.166921473462368158e+04 2.337561232597563432e+00 7.736730331220029733e-01 4.166912611944835226e+04 4.166897479050391848e+04 4.166904247872060660e+04 2.083559145919037474e+04 6.807757800756617507e+04 2.358553885017045104e+00 4.166908518511748844e+04 1.988858158876656380e+05 2.916686686158025404e+05 4.166849802437648759e+04 4.166884324759188166e+04
4.166888209302518226e+04 5.208584363856424170e+04 3.657426099528274499e+05 4.528774071799851954e+05 4.166852136459983012e+04 1.960989233906165197e+00 1.270315463680175672e+00 2.053956462707899000e+00 5.281545176051965682e+05 2.265132873565065541e+00 2.078852105750494506e+00 1.806649173986834445e+00 4.166894558219243481e+04 4.166912611944835226e+04 7.988965315252047894e-01 1.864989380256587781e+00 1.908696295413943256e+00 2.083537134816013349e+04 1.097442732275481103e+05 4.166863335092449415e+04 1.801633184820220723e+00 2.405524171070820303e+05 3.333351458280737279e+05 1.614581446239405249e+00 1.745395067301794390e+00
4.166878811559700262e+04 5.208562673642765003e+04 3.657423079373268993e+05 4.528772937318372424e+05 4.166825117487577518e+04 1.780110455345753184e+00 1.225376751568154177e+00 2.112385759349053593e+00 5.281545015383879654e+05 2.061286730110353460e+00 1.847966108756484704e+00 1.914790252867111242e+00 4.166884160680804780e+04 4.166897479050391848e+04 1.864989380256587559e+00 6.629746408324252993e-01 1.749819818695187656e+00 2.083528424638794968e+04 1.097439297932033369e+05 4.166866959591098566e+04 1.888012452436081068e+00 2.405521809761587065e+05 3.333349108707382693e+05 1.466749995424221131e+00 1.614427705955610470e+00
4.166890568919528596e+04 5.208572675423300825e+04 3.657424676667277818e+05 4.528772171674086130e+05 4.166848386563679378e+04 1.910929473439019866e+00 1.221956477520181439e+00 2.026429798597289444e+00 5.281544678235554602e+05 2.137754997612940855e+00 1.901472444049207677e+00 1.955628709418620659e+00 4.166893758634277765e+04 4.166904247872060660e+04 1.908696295413943256e+00 1.749819818695187434e+00 7.695831918067035371e-01 2.083528162196339326e+04 1.097441395894294110e+05 4.166872560335200251e+04 1.761321981226541489e+00 2.405523288929617847e+05 3.333351383195574163e+05 1.473055975275095353e+00 1.715398311452223767e+00
2.083525100195625419e+04 3.125237163809727645e+04 3.449092912937804358e+05 4.320441859660057817e+05 2.083506910410249111e+04 2.083527311494342939e+04 2.083459956026370855e+04 2.083543994631968962e+04 5.073212330701877363e+05 2.083557159631456670e+04 2.083548071093204635e+04 2.083538906917995337e+04 2.083538944032236759e+04 2.083559145919037474e+04 2.083537134816013349e+04 2.083528424638794968e+04 2.083528162196339326e+04 2.083424230503946455e+04 8.891086112485082413e+04 2.083525207120197229e+04 2.083520253734268772e+04 2.197191185603059421e+05 3.125018843455259921e+05 2.083492281676292623e+04 2.083516937441912887e+04
6.807758383516856702e+04 5.766058717780416919e+04 3.032428165183084202e+05 4.112110743276207941e+05 6.807701715500342834e+04 1.097442130789890944e+05 1.097435723748788878e+05 1.097443745550214808e+05 4.864881189940791810e+05 1.097443288272921636e+05 1.097442796691742988e+05 1.097443546800234908e+05 6.807766173708646966e+04 6.807757800756617507e+04 1.097442732275481103e+05 1.097439297932033369e+05 1.097441395894294110e+05 8.891086112485082413e+04 1.934240169761711877e+04 6.807750216322619235e+04 1.097441694227195112e+05 1.553591771437253337e+05 2.500020258781243465e+05 1.097437298639619403e+05 1.097439304323456890e+05
2.000401215855741377e+00 1.041904854845320006e+04 3.240759451103871106e+05 4.112108872254001326e+05 1.724542793090288351e+00 4.166874632435364765e+04 4.166798441633657785e+04 4.166892764971881843e+04 4.864879791055083042e+05 4.166898456733311468e+04 4.166870657087681320e+04 4.166866917096258112e+04 2.185349526712936363e+00 2.358553885017045548e+00 4.166863335092449415e+04 4.166866959591098566e+04 4.166872560335200251e+04 2.083525207120197229e+04 6.807750216322619235e+04 8.912081263371517403e-01 4.166868289720963367e+04 1.988856534866167058e+05 2.916685443858753424e+05 4.166831799181852693e+04 4.166856930350981565e+04
4.166885269633438293e+04 5.208579963423192385e+04 3.657426375540365698e+05 4.528773997659261222e+05 4.166852488492614066e+04 1.875294058052801915e+00 1.246112799776629698e+00 2.048701887755550288e+00 5.281545199871029472e+05 2.254090417495270948e+00 2.051558649193250705e+00 1.967651361966034962e+00 4.166892728660823923e+04 4.166908518511748844e+04 1.801633184820220723e+00 1.888012452436081068e+00 1.761321981226541489e+00 2.083520253734268772e+04 1.097441694227195112e+05 4.166868289720963367e+04 7.671776304603350471e-01 2.405523729850985983e+05 3.333351509764150251e+05 1.626382082403690310e+00 1.800200371791808029e+00
1.988857883282646944e+05 1.884692168354837340e+05 2.592499662632881373e+05 4.098223855512321461e+05 1.988851441154876957e+05 2.405523864842290641e+05 2.405518153715385706e+05 2.405524746338467521e+05 4.850993979352590977e+05 2.405524283860265859e+05 2.405524348778207204e+05 2.405524500157964940e+05 1.988858327756060171e+05 1.988858158876656380e+05 2.405524171070820303e+05 2.405521809761587065e+05 2.405523288929619011e+05 2.197191185603059421e+05 1.553591771437253046e+05 1.988856534866167058e+05 2.405523729850985983e+05 7.647588068354173447e+04 1.515026120265712088e+05 2.405519710063139501e+05 2.405520912324434612e+05
2.916685851268690894e+05 2.812521077661386225e+05 1.909986080525635625e+05 4.112110489100660780e+05 2.916679222444496700e+05 3.333351248045118991e+05 3.333346529618772329e+05 3.333352836390555021e+05 4.828429481825609109e+05 3.333353293265031534e+05 3.333352713325002114e+05 3.333352743341923924e+05 2.916685910110269906e+05 2.916686686158024822e+05 3.333351458280737279e+05 3.333349108707382693e+05 3.333351383195574745e+05 3.125018843455259921e+05 2.500020258781243465e+05 2.916685443858753424e+05 3.333351509764150251e+05 1.515026120265712088e+05 3.692721747354412219e+04 3.333347452488237177e+05 3.333348538801901159e+05
4.166837323861282493e+04 5.208530011327223474e+04 3.657421220848147641e+05 4.528770635248619947e+05 4.166796275815481204e+04 1.588317798873691622e+00 7.965346149486763894e-01 1.748335400234382719e+00 5.281543234627323691e+05 1.729053961721009891e+00 1.652207179748482080e+00 1.620343301377984213e+00 4.166846582457929617e+04 4.166849802437648759e+04 1.614581446239405249e+00 1.466749995424221131e+00 1.473055975275095353e+00 2.083492281676292623e+04 1.097437298639619403e+05 4.166831799181852693e+04 1.626382082403690310e+00 2.405519710063139501e+05 3.333347452488237177e+05 5.635680553861139863e-01 1.338705789666814416e+00
4.166867089412661153e+04 5.208559135697042802e+04 3.657422696043351316e+05 4.528772360448362888e+05 4.166817422215617989e+04 1.721177268594309195e+00 1.047758484756739605e+00 1.986088676440738388e+00 5.281544346238393337e+05 1.955233280279659036e+00 1.888382790066237327e+00 1.753469580072534839e+00 4.166885121782423812e+04 4.166884324759188166e+04 1.745395067301794390e+00 1.614427705955610248e+00 1.715398311452223767e+00 2.083516937441912887e+04 1.097439304323456890e+05 4.166856930350981565e+04 1.800200371791808029e+00 2.405520912324434612e+05 3.333348538801901159e+05 1.338705789666814194e+00 7.626523512878168320e-01
