1.102085894324284165e+00 4.068244494079785072e+05 2.625305212818248357e+00 1.755019741305658521e+00 2.658608885701467361e+00 2.140053422495693525e+00 2.014945875005382404e+05 2.006997584916628163e+00 1.583979867679167910e+04 2.560803028619055510e+00 2.240668172029795180e+00 2.572839105953997230e+00 6.131811656169090566e+04 2.592832420679929584e+00 2.596310964639481966e+00 2.583580230269224121e+00 2.379618958859563538e+00 2.362820193190780849e+00 2.807834915377256693e+05 2.486211623596323417e+00 2.188167159482123925e+00 2.438284780005500085e+00 2.450849064404445610e+00 1.862381080805974420e+00 2.561403216932349736e+00
4.068244494079785072e+05 9.321959510764172592e+04 4.068242944002673612e+05 4.068238568190552178e+05 4.068244200832183124e+05 4.068240845171041437e+05 2.783406608206120436e+05 4.068239071054056403e+05 4.068244684236676549e+05 4.068241600833995617e+05 4.068240751119616907e+05 4.068242884535061894e+05 3.839704510515494621e+05 4.068245101937129511e+05 4.068244299532822333e+05 4.068243586371015990e+05 4.068242228713730583e+05 4.068244206859310507e+05 2.321138663575107639e+05 4.068242137048226432e+05 4.068241601792606525e+05 4.068244040327632683e+05 4.068241089168601320e+05 4.068238936206286890e+05 4.068242368110097595e+05
2.625305212818247913e+00 4.068242944002673612e+05 8.365187280179563478e-01 1.362918010201778385e+00 2.088843607455385776e+00 1.872475812391186656e+00 2.014944819484284089e+05 1.845818325734154941e+00 1.583987998403144047e+04 2.118294204252225477e+00 1.946118096283045773e+00 2.028345181675148101e+00 6.131822291682254581e+04 2.376782408075901465e+00 2.253194029476618176e+00 2.362130981026690169e+00 2.027388906058044782e+00 2.493379216725186698e+00 2.807832991687562899e+05 2.079939089093223004e+00 1.872222565689886986e+00 2.532110333546700787e+00 2.042208665400143452e+00 1.685615645640389904e+00 1.981085118487622143e+00
1.755019741305658521e+00 4.068238568190551596e+05 1.362918010201778385e+00 4.093848430114614412e-01 1.388492897723859310e+00 1.105806875055120875e+00 2.014938342358446389e+05 1.081739124997851409e+00 1.583897622715161378e+04 1.254766579599289500e+00 1.196634601681985988e+00 1.286185480551675697e+00 6.131749725359274453e+04 1.601363508715613726e+00 1.544040234669230793e+00 1.588165424626822197e+00 1.224198086607795499e+00 1.707058703822034396e+00 2.807827222882959177e+05 1.200766519172433711e+00 1.151133962730027882e+00 1.687261809326983331e+00 1.278149194099061026e+00 9.311411895527830218e-01 1.343046215214809047e+00
2.658608885701466917e+00 4.068244200832183124e+05 2.088843607455385776e+00 1.388492897723859310e+00 8.981225640726963055e-01 1.940826205482102162e+00 2.014944578853579005e+05 1.947666407909654618e+00 1.583983693268994102e+04 2.120227632422559072e+00 2.131845718973521375e+00 2.175301982726645100e+00 6.131837807133197930e+04 2.434788333441363584e+00 2.300628590673359231e+00 2.355311052548227035e+00 2.149354551311440265e+00 2.642318607032621447e+00 2.807831784681587596e+05 2.104741034410737566e+00 1.938549307292026347e+00 2.618334119016935801e+00 2.107394507511704873e+00 1.786002090714405854e+00 2.007260629485617898e+00
2.140053422495693525e+00 4.068240845171041437e+05 1.872475812391186656e+00 1.105806875055120875e+00 1.940826205482102162e+00 7.476112049925863756e-01 2.014940908060100046e+05 1.386915793631263494e+00 1.583935706900971854e+04 1.785592014833490060e+00 1.642435025988421726e+00 1.838689669524113279e+00 6.131779774793359684e+04 2.008234464421078336e+00 2.049841637629039592e+00 2.110268569389673665e+00 1.794946657400170231e+00 2.090417946416674777e+00 2.807830068290022900e+05 1.741991741645124492e+00 1.445855659552625738e+00 2.091252175852452044e+00 1.867050160156547678e+00 1.354015212935257173e+00 1.949099271742829931e+00
2.014945875005382695e+05 2.783406608206120436e+05 2.014944819484284380e+05 2.014938342358446389e+05 2.014944578853579296e+05 2.014940908060100337e+05 3.253532899232012642e+04 2.014940580349315715e+05 2.005628848019784491e+05 2.014943406773247407e+05 2.014943699765852652e+05 2.014944703067441005e+05 1.763780467979974346e+05 2.014944690097889106e+05 2.014945257559287129e+05 2.014945830886941403e+05 2.014943048925898911e+05 2.014945201978528348e+05 1.405471796778492571e+05 2.014943921203567297e+05 2.014941369891475770e+05 2.014946340901313233e+05 2.014943759698523208e+05 2.014939314781423600e+05 2.014944583146822988e+05
2.006997584916628163e+00 4.068239071054057567e+05 1.845818325734154941e+00 1.081739124997851409e+00 1.947666407909654618e+00 1.386915793631263494e+00 2.014940580349315132e+05 6.272431208470583552e-01 1.583935439653682624e+04 1.778609309312950915e+00 1.623950902798616314e+00 1.731764742596834772e+00 6.131771955138887279e+04 2.036821648651331529e+00 2.028297853405180540e+00 1.918647332037362263e+00 1.631281458578726751e+00 1.922695387166835079e+00 2.807828329522849526e+05 1.749988294602043526e+00 1.543491688365274284e+00 1.943908237163186614e+00 1.632429576300786112e+00 1.139648621474822487e+00 1.859127806455169951e+00
1.583979867679167910e+04 4.068244684236675967e+05 1.583987998403144047e+04 1.583897622715161924e+04 1.583983693268994102e+04 1.583935706900971854e+04 2.005628848019784200e+05 1.583935439653682806e+04 1.863301111720849440e+04 1.583968471833387048e+04 1.583941459531157307e+04 1.583978950775683006e+04 4.548087941990653781e+04 1.583988659037310754e+04 1.583996862609518394e+04 1.584000304457766833e+04 1.583964085566298672e+04 1.583983823466060676e+04 2.807834477552241297e+05 1.583942334431314885e+04 1.583935600688193517e+04 1.583984014883829150e+04 1.583971706809450916e+04 1.583917710854711913e+04 1.583989291479992426e+04
2.560803028619055510e+00 4.068241600833995617e+05 2.118294204252225033e+00 1.254766579599289500e+00 2.120227632422559072e+00 1.785592014833490060e+00 2.014943406773247116e+05 1.778609309312950915e+00 1.583968471833387048e+04 8.556983042998910216e-01 1.919916073395022016e+00 1.922061491071586303e+00 6.131809861002897378e+04 2.408532123967213501e+00 2.354239762591629148e+00 2.403691521240945761e+00 1.880157613729934063e+00 2.596149542647367525e+00 2.807831463270442910e+05 1.781976008575392179e+00 1.780355350250744761e+00 2.572927318632291627e+00 1.818701326396887419e+00 1.660360080975992192e+00 2.118456224302642354e+00
2.240668172029795180e+00 4.068240751119616907e+05 1.946118096283045773e+00 1.196634601681985988e+00 2.131845718973521375e+00 1.642435025988421282e+00 2.014943699765852361e+05 1.623950902798616314e+00 1.583941459531157307e+04 1.919916073395022016e+00 8.297933985807474100e-01 1.898384598825641145e+00 6.131785379234328138e+04 2.196424345648279708e+00 2.217858017735280018e+00 2.166523320627972815e+00 1.746844096051302309e+00 2.274202486354831354e+00 2.807831390448291786e+05 1.774116758467484845e+00 1.722206895732755871e+00 2.222025912758802235e+00 1.969480725268300425e+00 1.521546533316544547e+00 2.035562237015406506e+00
2.572839105953996786e+00 4.068242884535061894e+05 2.028345181675148101e+00 1.286185480551675697e+00 2.175301982726645100e+00 1.838689669524113279e+00 2.014944703067440423e+05 1.731764742596834772e+00 1.583978950775683006e+04 1.922061491071586303e+00 1.898384598825641145e+00 9.033646618209910661e-01 6.131819711801219091e+04 2.419886915464784849e+00 2.330108694875292041e+00 2.316654652982123697e+00 1.910861814957286908e+00 2.493593831884478362e+00 2.807832466024518944e+05 1.951075628091202940e+00 1.931645028133524677e+00 2.470853981694109525e+00 2.002253272870718970e+00 1.686059578220834965e+00 2.089087327306879516e+00
6.131811656169090566e+04 3.839704510515494621e+05 6.131822291682254581e+04 6.131749725359274453e+04 6.131837807133197930e+04 6.131779774793359684e+04 1.763780467979974055e+05 6.131771955138887279e+04 4.548087941990655236e+04 6.131809861002897378e+04 6.131785379234328866e+04 6.131819711801219091e+04 3.192727536440335462e+04 6.131840986671899009e+04 6.131833531659620348e+04 6.131821769494585169e+04 6.131792756737285526e+04 6.131827196650171391e+04 2.579297311542331590e+05 6.131801020997275191e+04 6.131787487788002909e+04 6.131815232632673724e+04 6.131805019041040941e+04 6.131761143306409213e+04 6.131823196673516213e+04
2.592832420679929584e+00 4.068245101937129511e+05 2.376782408075901465e+00 1.601363508715613726e+00 2.434788333441363584e+00 2.008234464421078336e+00 2.014944690097888815e+05 2.036821648651331529e+00 1.583988659037310390e+04 2.408532123967213501e+00 2.196424345648279708e+00 2.419886915464784849e+00 6.131840986671899009e+04 1.020081677404451881e+00 2.130863946867375791e+00 2.296404580961956210e+00 2.204556440319431765e+00 2.531702128559364606e+00 2.807834074278232874e+05 2.288414335607191319e+00 2.126719562346155890e+00 2.429657179236116349e+00 2.339750746573779239e+00 1.787870415873579200e+00 2.432435768932617481e+00
2.596310964639481966e+00 4.068244299532822333e+05 2.253194029476618621e+00 1.544040234669230793e+00 2.300628590673359231e+00 2.049841637629039592e+00 2.014945257559287129e+05 2.028297853405180540e+00 1.583996862609518394e+04 2.354239762591629148e+00 2.217858017735280018e+00 2.330108694875292041e+00 6.131833531659621804e+04 2.130863946867375791e+00 1.064821885954898795e+00 2.330690277102097863e+00 2.200651204542119377e+00 2.373320174940088734e+00 2.807833455504538142e+05 2.265671239348615806e+00 2.094932327986958054e+00 2.436896405574139113e+00 2.360211580382407082e+00 1.759604307099606579e+00 2.270927577736266301e+00
2.583580230269223676e+00 4.068243586371015990e+05 2.362130981026690169e+00 1.588165424626822197e+00 2.355311052548227035e+00 2.110268569389673665e+00 2.014945830886940821e+05 1.918647332037362263e+00 1.584000304457766651e+04 2.403691521240945761e+00 2.166523320627972815e+00 2.316654652982123697e+00 6.131821769494585169e+04 2.296404580961956210e+00 2.330690277102097863e+00 9.997153903608381187e-01 2.210254854094302335e+00 2.434095072681449423e+00 2.807834627238632529e+05 2.302784443377286827e+00 2.164101372499205311e+00 2.232800956681062488e+00 2.300038828094141508e+00 1.677679713276629681e+00 2.467227975603197621e+00
2.379618958859563538e+00 4.068242228713730583e+05 2.027388906058044782e+00 1.224198086607795499e+00 2.149354551311440265e+00 1.794946657400170453e+00 2.014943048925898620e+05 1.631281458578726751e+00 1.583964085566298672e+04 1.880157613729934063e+00 1.746844096051302309e+00 1.910861814957286686e+00 6.131792756737285526e+04 2.204556440319431765e+00 2.200651204542119377e+00 2.210254854094302335e+00 8.345551398536219523e-01 2.385206082711408104e+00 2.807832476675878279e+05 1.813223314292697896e+00 1.816775576524883862e+00 2.313580501790462929e+00 1.870769244769104667e+00 1.487736841326229742e+00 2.046243473693122539e+00
2.362820193190780849e+00 4.068244206859310507e+05 2.493379216725186698e+00 1.707058703822034396e+00 2.642318607032621447e+00 2.090417946416674777e+00 2.014945201978528057e+05 1.922695387166835079e+00 1.583983823466060312e+04 2.596149542647367525e+00 2.274202486354831354e+00 2.493593831884478806e+00 6.131827196650169935e+04 2.531702128559364606e+00 2.373320174940088734e+00 2.434095072681449423e+00 2.385206082711408104e+00 8.981473226824286948e-01 2.807834697255418869e+05 2.533945917129511560e+00 2.091645671136158846e+00 2.235713244138854083e+00 2.439037305932486355e+00 1.772735439567114213e+00 2.557821411295892577e+00
2.807834915377256693e+05 2.321138663575107348e+05 2.807832991687562899e+05 2.807827222882959177e+05 2.807831784681587014e+05 2.807830068290022900e+05 1.405471796778492280e+05 2.807828329522849526e+05 2.807834477552241297e+05 2.807831463270442910e+05 2.807831390448291786e+05 2.807832466024518944e+05 2.579297311542331590e+05 2.807834074278232874e+05 2.807833455504538142e+05 2.807834627238632529e+05 2.807832476675878279e+05 2.807834697255418869e+05 7.811910198247771768e+04 2.807832494867005735e+05 2.807830982219598955e+05 2.807834731232458726e+05 2.807831034772782004e+05 2.807827974521706928e+05 2.807832875869798008e+05
2.486211623596323861e+00 4.068242137048226432e+05 2.079939089093223004e+00 1.200766519172433489e+00 2.104741034410737566e+00 1.741991741645124492e+00 2.014943921203567006e+05 1.749988294602043526e+00 1.583942334431314885e+04 1.781976008575392179e+00 1.774116758467484845e+00 1.951075628091202940e+00 6.131801020997275191e+04 2.288414335607191319e+00 2.265671239348614918e+00 2.302784443377286383e+00 1.813223314292697896e+00 2.533945917129511560e+00 2.807832494867005153e+05 8.673715025786907784e-01 1.730658418809538857e+00 2.428658326742309193e+00 1.876937704802262408e+00 1.606332332471202218e+00 2.087377781314200931e+00
2.188167159482123481e+00 4.068241601792606525e+05 1.872222565689886986e+00 1.151133962730027882e+00 1.938549307292026347e+00 1.445855659552625738e+00 2.014941369891475770e+05 1.543491688365274284e+00 1.583935600688193517e+04 1.780355350250744761e+00 1.722206895732755871e+00 1.931645028133524677e+00 6.131787487788002909e+04 2.126719562346155890e+00 2.094932327986958054e+00 2.164101372499205311e+00 1.816775576524883862e+00 2.091645671136158846e+00 2.807830982219598955e+05 1.730658418809538857e+00 8.227441419240444365e-01 2.180591999807293568e+00 1.910671482500432505e+00 1.424230755377188684e+00 1.998130382114253312e+00
2.438284780005500085e+00 4.068244040327632683e+05 2.532110333546700343e+00 1.687261809326983109e+00 2.618334119016935801e+00 2.091252175852452044e+00 2.014946340901313233e+05 1.943908237163186836e+00 1.583984014883828968e+04 2.572927318632291627e+00 2.222025912758802235e+00 2.470853981694109969e+00 6.131815232632672996e+04 2.429657179236116349e+00 2.436896405574139113e+00 2.232800956681062488e+00 2.313580501790462929e+00 2.235713244138854527e+00 2.807834731232458726e+05 2.428658326742309193e+00 2.180591999807293568e+00 1.107476756914936411e+00 2.445762418000337668e+00 1.821173100337880824e+00 2.582529920889220953e+00
2.450849064404445610e+00 4.068241089168601902e+05 2.042208665400143452e+00 1.278149194099061026e+00 2.107394507511704873e+00 1.867050160156547678e+00 2.014943759698522917e+05 1.632429576300786112e+00 1.583971706809450916e+04 1.818701326396887641e+00 1.969480725268300425e+00 2.002253272870718970e+00 6.131805019041040941e+04 2.339750746573779239e+00 2.360211580382407082e+00 2.300038828094141508e+00 1.870769244769104667e+00 2.439037305932486355e+00 2.807831034772782004e+05 1.876937704802262408e+00 1.910671482500432505e+00 2.445762418000337668e+00 8.734377813283500380e-01 1.568463634407474050e+00 2.076897441597715055e+00
1.862381080805974198e+00 4.068238936206286890e+05 1.685615645640389904e+00 9.311411895527830218e-01 1.786002090714405854e+00 1.354015212935257173e+00 2.014939314781423309e+05 1.139648621474822487e+00 1.583917710854711549e+04 1.660360080975992192e+00 1.521546533316544547e+00 1.686059578220834965e+00 6.131761143306410668e+04 1.787870415873579200e+00 1.759604307099606579e+00 1.677679713276629681e+00 1.487736841326229742e+00 1.772735439567114213e+00 2.807827974521706928e+05 1.606332332471202218e+00 1.424230755377188462e+00 1.821173100337880824e+00 1.568463634407474050e+00 6.003791334227910337e-01 1.702587532151416783e+00
2.561403216932349736e+00 4.068242368110097595e+05 1.981085118487622143e+00 1.343046215214809047e+00 2.007260629485617898e+00 1.949099271742829931e+00 2.014944583146822406e+05 1.859127806455169951e+00 1.583989291479992426e+04 2.118456224302642354e+00 2.035562237015406506e+00 2.089087327306879516e+00 6.131823196673516213e+04 2.432435768932617481e+00 2.270927577736266301e+00 2.467227975603197621e+00 2.046243473693122539e+00 2.557821411295892577e+00 2.807832875869798008e+05 2.087377781314200931e+00 1.998130382114253312e+00 2.582529920889220953e+00 2.076897441597715055e+00 1.702587532151416783e+00 9.247573648170200888e-01
