1.379875843598671054e+04 3.466205183073479566e+04 2.643662152152645649e+04 2.044284553175939946e+05 5.662542344915673311e+04 6.249159346893235343e+05 3.466207968406964937e+04 6.355072139138444618e+04 3.466196246888532914e+04 1.742724779851962739e+04 7.921436028970075131e+04 9.217018615078731091e+04 1.060440213222218154e+05 3.466156537297863542e+04 1.488958649192558660e+05 4.135482310508184601e+05 2.541036054814235104e+04 2.232642258339603359e+04 4.811346619812468271e+04 3.466183909828401374e+04 2.674482345488313003e+05 1.273076732668668992e+05 8.376366499588730221e+04 1.862600379636750222e+04 3.466200285888764483e+04
3.466205183073479566e+04 1.200941323903540914e+00 4.386186123078313540e+04 2.044281423295358254e+05 6.579185091865544382e+04 6.249158959922346985e+05 1.976243769354233626e+00 7.271714137690022471e+04 1.791748550052918665e+00 2.631795059488450352e+04 8.807234710902362713e+04 1.005139916475507780e+05 1.143877663570860459e+05 1.514516478322559312e+00 1.488955803264309070e+05 4.135480737712574773e+05 9.870408600409518840e+03 1.315996319066875913e+04 5.921280694657895219e+04 1.788640542998733096e+00 2.674479758839015267e+05 1.315811766136253427e+05 9.210758818192075705e+04 2.309840081227514020e+04 1.801211347521165296e+00
2.643662152152645649e+04 4.386186123078313540e+04 5.849238437382259690e+03 2.044284451738751086e+05 3.508990353991103621e+04 6.249159133158505429e+05 4.386190515424501064e+04 4.201525296255885041e+04 4.386173968487360980e+04 4.386193028863590735e+04 6.669065880679387192e+04 8.735626360828819452e+04 1.012301045398406714e+05 4.386136707815460977e+04 1.488958525505027501e+05 4.135482059612622834e+05 4.386188092350012448e+04 4.386182537487074296e+04 2.543129895646184377e+04 4.386165937929281063e+04 2.674481953141337144e+05 1.248420364999345329e+05 7.894967872014130990e+04 4.386187878472769808e+04 4.386183340882475022e+04
2.044284553175940237e+05 2.044281423295358254e+05 2.044284451738751086e+05 8.660977718666759029e+04 2.044285207601747243e+05 6.047501233870428987e+05 2.044281568254629383e+05 2.044285463719841500e+05 2.044280479675922252e+05 2.044284044005525648e+05 2.044286018050545244e+05 2.044286114441275131e+05 1.880846538088097877e+05 2.044278574530878977e+05 1.349850537262924190e+05 3.829501119189177407e+05 2.044282674289141141e+05 2.044283025724406180e+05 2.044284805552173348e+05 2.044280263118262519e+05 1.914483007696438872e+05 1.687790559456304472e+05 2.044286166200286534e+05 2.044283918179746834e+05 2.044280500015865837e+05
5.662542344915671856e+04 6.579185091865544382e+04 3.508990353991103621e+04 2.044285207601747243e+05 1.389394962366607089e+00 6.249159667611418990e+05 6.579178513115231181e+04 1.924543579595411211e+04 6.579164635028960765e+04 6.579195470214169472e+04 5.353282847361797030e+04 8.077744142279571679e+04 1.012302320568438299e+05 6.579132007522459025e+04 1.488959157050861977e+05 4.135482265830642427e+05 6.579187505229352973e+04 6.579183957977908722e+04 1.973898899738872569e+04 6.579156387760043435e+04 2.674482577578222263e+05 1.248421104178826354e+05 6.579186340783478227e+04 6.579191095771711844e+04 6.579180444834144146e+04
6.249159346893234178e+05 6.249158959922348149e+05 6.249159133158506593e+05 6.047501233870430151e+05 6.249159667611418990e+05 2.745456831529325573e+05 6.249159176584064262e+05 6.249159833762213821e+05 6.249158304434479214e+05 6.249159624067217810e+05 6.249159941928962944e+05 6.249159892220525071e+05 6.247188351087841438e+05 6.249157028505054768e+05 6.117582180636411067e+05 4.956931795510743395e+05 6.249159253307071049e+05 6.249159128086331766e+05 6.249159301170981489e+05 6.249157684692562325e+05 5.694906145584551850e+05 6.249160661272957223e+05 6.249159684853019426e+05 6.249159194258165080e+05 6.249158556158374995e+05
3.466207968406964937e+04 1.976243769354233626e+00 4.386190515424501064e+04 2.044281568254629383e+05 6.579178513115231181e+04 6.249159176584064262e+05 1.215756497245997991e+00 7.271709338841203135e+04 1.802234462183488040e+00 2.631801995774691750e+04 8.807231001614817069e+04 1.005140012494372058e+05 1.143878197892322205e+05 1.553905523483382733e+00 1.488955676051387272e+05 4.135480634619514458e+05 9.870359413643638618e+03 1.315998177478551042e+04 5.921282486319891905e+04 1.817779486060005167e+00 2.674479491370004835e+05 1.315812706978118513e+05 9.210755594845018641e+04 2.309848357570703229e+04 1.920975285979257263e+00
6.355072139138443890e+04 7.271714137690022471e+04 4.201525296255885041e+04 2.044285463719841500e+05 1.924543579595411211e+04 6.249159833762213821e+05 7.271709338841203135e+04 1.313820680879715655e+04 7.271695722356498300e+04 7.271726411572229699e+04 4.303360123617559293e+04 7.385221717077262292e+04 9.831433434166110237e+04 7.271661479720886564e+04 1.488959512644044880e+05 4.135482408449157374e+05 7.271717916186203365e+04 7.271715564338558761e+04 2.366228911274604252e+04 7.271682687681695097e+04 2.674482888938409160e+05 1.248420872296466405e+05 5.886668871697240684e+04 7.271721884096317808e+04 7.271710168099367002e+04
3.466196246888532914e+04 1.791748550052918665e+00 4.386173968487360980e+04 2.044280479675922252e+05 6.579164635028960765e+04 6.249158304434478050e+05 1.802234462183487818e+00 7.271695722356498300e+04 1.154421154367524238e+00 2.631790874929170968e+04 8.807216458644375962e+04 1.005137972801169963e+05 1.143875733590967575e+05 1.381900328267326339e+00 1.488953998003875313e+05 4.135479895149241202e+05 9.870340663216033136e+03 1.315989554354828761e+04 5.921264624685626040e+04 1.653277230356905436e+00 2.674479213037606096e+05 1.315810723313619674e+05 9.210737390769972990e+04 2.309838653990510284e+04 1.755639795108855594e+00
1.742724779851962739e+04 2.631795059488450352e+04 4.386193028863590007e+04 2.044284044005525648e+05 6.579195470214169472e+04 6.249159624067217810e+05 2.631801995774691750e+04 7.271726411572228244e+04 2.631790874929170968e+04 1.332113389292031602e+00 8.807249624513663002e+04 1.005142408219100471e+05 1.143880227417217247e+05 2.631757049291500880e+04 1.488957938358593092e+05 4.135482472045160248e+05 1.644950651928336083e+04 1.315993768227358123e+04 5.921286955811273219e+04 2.631785919645381000e+04 2.674482273490900989e+05 1.315813866674369201e+05 9.210774307386108558e+04 3.221517496627528544e+03 2.631795576748248277e+04
7.921436028970073676e+04 8.807234710902362713e+04 6.669065880679387192e+04 2.044286018050545244e+05 5.353282847361797030e+04 6.249159941928962944e+05 8.807231001614814159e+04 4.303360123617558565e+04 8.807216458644375962e+04 8.807249624513663002e+04 1.819768466499778515e+04 4.936656584379491687e+04 8.760342242512249504e+04 8.807186884030482906e+04 1.488959865446368931e+05 4.135482542447529850e+05 8.807242502826078271e+04 8.807240687854643329e+04 6.011174792964268272e+04 8.807202577651652973e+04 2.674483288643383421e+05 1.248421182285901014e+05 3.159508219900732001e+04 8.807245777433540206e+04 8.807232043093362881e+04
9.217018615078731091e+04 1.005139916475507780e+05 8.735626360828819452e+04 2.044286114441274840e+05 8.077744142279571679e+04 6.249159892220525071e+05 1.005140012494372058e+05 7.385221717077262292e+04 1.005137972801169963e+05 1.005142408219100471e+05 4.936656584379491687e+04 2.787555711078079912e+04 6.494786693482619012e+04 1.005135784176739835e+05 1.488959842257307027e+05 4.135482696075359127e+05 1.005141005287022417e+05 1.005141258696362056e+05 8.406687449924975226e+04 1.005137645391599362e+05 2.674483347300803871e+05 1.145269781762245693e+05 4.100728064809778152e+04 1.005142230775886565e+05 1.005139635666442628e+05
1.060440213222218008e+05 1.143877663570860168e+05 1.012301045398406714e+05 1.880846538088097877e+05 1.012302320568438154e+05 6.247188351087840274e+05 1.143878197892322059e+05 9.831433434166107327e+04 1.143875733590967575e+05 1.143880227417217247e+05 8.760342242512249504e+04 6.494786693482618284e+04 4.704376364102152729e+04 1.143873952752701298e+05 1.288592953940340230e+05 4.133511298440839746e+05 1.143878891968939861e+05 1.143879121311207418e+05 1.012301659458197828e+05 1.143875528945901315e+05 2.644446832792368950e+05 7.891872850925642706e+04 8.143555782784124312e+04 1.143880150119045284e+05 1.143877435437472886e+05
3.466156537297863542e+04 1.514516478322558868e+00 4.386136707815460977e+04 2.044278574530878977e+05 6.579132007522459025e+04 6.249157028505053604e+05 1.553905523483382733e+00 7.271661479720886564e+04 1.381900328267326561e+00 2.631757049291500880e+04 8.807186884030482906e+04 1.005135784176739835e+05 1.143873952752701298e+05 8.183191100409209495e-01 1.488952335951374553e+05 4.135478193556586048e+05 9.870023228941310663e+03 1.315955556518444246e+04 5.921231389680408756e+04 1.320154419398345214e+00 2.674476871728851693e+05 1.315808191802809306e+05 9.210711815762611513e+04 2.309799730063365860e+04 1.480130727379413758e+00
1.488958649192558660e+05 1.488955803264309070e+05 1.488958525505027210e+05 1.349850537262924190e+05 1.488959157050861977e+05 6.117582180636411067e+05 1.488955676051387272e+05 1.488959512644044880e+05 1.488953998003875022e+05 1.488957938358593092e+05 1.488959865446368931e+05 1.488959842257306736e+05 1.288592953940340230e+05 1.488952335951374553e+05 4.648320951230377250e+04 4.054054138184807962e+05 1.488956892489025486e+05 1.488957398376688943e+05 1.488958799288135779e+05 1.488954102661751385e+05 2.443572395048346661e+05 9.742514223221992142e+04 1.488959616410286108e+05 1.488957842420530797e+05 1.488955182263865136e+05
4.135482310508184601e+05 4.135480737712574773e+05 4.135482059612622834e+05 3.829501119189177407e+05 4.135482265830641845e+05 4.956931795510744560e+05 4.135480634619514458e+05 4.135482408449157374e+05 4.135479895149241202e+05 4.135482472045160248e+05 4.135482542447529850e+05 4.135482696075359127e+05 4.133511298440839746e+05 4.135478193556586630e+05 4.054054138184807962e+05 2.046053916428757657e+05 4.135481387756103650e+05 4.135481744504718226e+05 4.135482143088147277e+05 4.135479679904995719e+05 3.089943666341936332e+05 4.122082092284833780e+05 4.135482801967131090e+05 4.135481714087645523e+05 4.135480940572636900e+05
2.541036054814235104e+04 9.870408600409518840e+03 4.386188092350012448e+04 2.044282674289141141e+05 6.579187505229352973e+04 6.249159253307071049e+05 9.870359413643638618e+03 7.271717916186203365e+04 9.870340663216036774e+03 1.644950651928336083e+04 8.807242502826078271e+04 1.005141005287022417e+05 1.143878891968939861e+05 9.870023228941312482e+03 1.488956892489025777e+05 4.135481387756104232e+05 4.935532658734352481e+03 3.291436051936379044e+03 5.921280622306239093e+04 9.870283163231022627e+03 2.674480564189595752e+05 1.315813327137052838e+05 9.210765715332695981e+04 1.322995175212174036e+04 9.870387595457819771e+03
2.232642258339603359e+04 1.315996319066875913e+04 4.386182537487074296e+04 2.044283025724406180e+05 6.579183957977908722e+04 6.249159128086330602e+05 1.315998177478551042e+04 7.271715564338558761e+04 1.315989554354828761e+04 1.315993768227358123e+04 8.807240687854643329e+04 1.005141258696362056e+05 1.143879121311207418e+05 1.315955556518444246e+04 1.488957398376688943e+05 4.135481744504718226e+05 3.291436051936379044e+03 1.263972748583906958e+00 5.921273437846434535e+04 1.315984209784135601e+04 2.674481247174222372e+05 1.315813232052617532e+05 9.210769102275397745e+04 9.940365005072997519e+03 1.315992108983995604e+04
4.811346619812467543e+04 5.921280694657895219e+04 2.543129895646184741e+04 2.044284805552173348e+05 1.973898899738872933e+04 6.249159301170980325e+05 5.921282486319891905e+04 2.366228911274604252e+04 5.921264624685626040e+04 5.921286955811273219e+04 6.011174792964266817e+04 8.406687449924975226e+04 1.012301659458197828e+05 5.921231389680408756e+04 1.488958799288135779e+05 4.135482143088147277e+05 5.921280622306239093e+04 5.921273437846434535e+04 1.129788877990211950e+04 5.921257884284049942e+04 2.674482373633945244e+05 1.248420961763634405e+05 7.237082287645248289e+04 5.921281314152627601e+04 5.921275871446209931e+04
3.466183909828401374e+04 1.788640542998733096e+00 4.386165937929281063e+04 2.044280263118262519e+05 6.579156387760043435e+04 6.249157684692562325e+05 1.817779486060004945e+00 7.271682687681693642e+04 1.653277230356905658e+00 2.631785919645381000e+04 8.807202577651652973e+04 1.005137645391599508e+05 1.143875528945901606e+05 1.320154419398345214e+00 1.488954102661751385e+05 4.135479679904995719e+05 9.870283163231022627e+03 1.315984209784135601e+04 5.921257884284049942e+04 1.082655142515723146e+00 2.674478485616861144e+05 1.315809633131453884e+05 9.210726812472331221e+04 2.309832506117984667e+04 1.767577178086608081e+00
2.674482345488313003e+05 2.674479758839015849e+05 2.674481953141337144e+05 1.914483007696438872e+05 2.674482577578222263e+05 5.694906145584551850e+05 2.674479491370004835e+05 2.674482888938409160e+05 2.674479213037606096e+05 2.674482273490900407e+05 2.674483288643383421e+05 2.674483347300803871e+05 2.644446832792368950e+05 2.674476871728851693e+05 2.443572395048346953e+05 3.089943666341936332e+05 2.674480564189596334e+05 2.674481247174222372e+05 2.674482373633944662e+05 2.674478485616861144e+05 1.095010393963354436e+05 2.574838088385379233e+05 2.674483334320791764e+05 2.674481856698890333e+05 2.674479530118710827e+05
1.273076732668668992e+05 1.315811766136253427e+05 1.248420364999345184e+05 1.687790559456304472e+05 1.248421104178826499e+05 6.249160661272957223e+05 1.315812706978118513e+05 1.248420872296466259e+05 1.315810723313619674e+05 1.315813866674369201e+05 1.248421182285900722e+05 1.145269781762245693e+05 7.891872850925642706e+04 1.315808191802809306e+05 9.742514223221992142e+04 4.122082092284834944e+05 1.315813327137052838e+05 1.315813232052617241e+05 1.248420961763634405e+05 1.315809633131453884e+05 2.574838088385379233e+05 4.018614168181998684e+04 1.248421106180525821e+05 1.315813978767307999e+05 1.315811363255166216e+05
8.376366499588730221e+04 9.210758818192075705e+04 7.894967872014130990e+04 2.044286166200286534e+05 6.579186340783478227e+04 6.249159684853018261e+05 9.210755594845018641e+04 5.886668871697240684e+04 9.210737390769972990e+04 9.210774307386110013e+04 3.159508219900732001e+04 4.100728064809778880e+04 8.143555782784124312e+04 9.210711815762611513e+04 1.488959616410286108e+05 4.135482801967131672e+05 9.210765715332695981e+04 9.210769102275397745e+04 7.237082287645248289e+04 9.210726812472331221e+04 2.674483334320791764e+05 1.248421106180525821e+05 1.362123456271865143e+04 9.210776876301094308e+04 9.210754592543377657e+04
1.862600379636750222e+04 2.309840081227514020e+04 4.386187878472769808e+04 2.044283918179746834e+05 6.579191095771711844e+04 6.249159194258165080e+05 2.309848357570703229e+04 7.271721884096317808e+04 2.309838653990510284e+04 3.221517496627528544e+03 8.807245777433540206e+04 1.005142230775886565e+05 1.143880150119045284e+05 2.309799730063365860e+04 1.488957842420530797e+05 4.135481714087645523e+05 1.322995175212174036e+04 9.940365005072997519e+03 5.921281314152627601e+04 2.309832506117984667e+04 2.674481856698890333e+05 1.315813978767308290e+05 9.210776876301094308e+04 4.864874496168401492e+03 2.309841702502808039e+04
3.466200285888764483e+04 1.801211347521165296e+00 4.386183340882475022e+04 2.044280500015865837e+05 6.579180444834144146e+04 6.249158556158373831e+05 1.920975285979257041e+00 7.271710168099365546e+04 1.755639795108856260e+00 2.631795576748248277e+04 8.807232043093362881e+04 1.005139635666442628e+05 1.143877435437472886e+05 1.480130727379413758e+00 1.488955182263865136e+05 4.135480940572638065e+05 9.870387595457819771e+03 1.315992108983995604e+04 5.921275871446209931e+04 1.767577178086608525e+00 2.674479530118710827e+05 1.315811363255166216e+05 9.210754592543377657e+04 2.309841702502808039e+04 1.196365401086795233e+00
