4.489940103356066174e+03 3.624671618799552380e+04 1.590928587467185571e+05 1.125159753881020151e+05 4.798142750097600219e+04 4.798161566716337256e+04 4.798158316291795927e+04 8.759097245354310144e+04 4.798142725049061119e+04 2.525403304357892557e+04 1.844359366570582206e+05 4.798167486548871966e+04 3.046247248844558490e+05 4.798160624979912245e+04 2.020380701019481785e+04 4.798144699757499620e+04 2.020366374506044667e+04 4.798103454177686945e+04 1.389075508625638759e+04 2.525419685857390141e+04 1.590929178065027227e+05 4.798154625772692816e+04 2.426412214358178899e+05 4.798138034709972999e+04 2.020381440006774574e+04
3.624671618799552380e+04 2.076192901062108285e+04 1.510712839503276919e+05 8.867406244957775925e+04 8.422648530498208129e+04 8.422647165632863471e+04 8.422662002192182990e+04 5.134617759823869710e+04 8.422641255577071570e+04 6.149902115369449166e+04 1.839639357449085219e+05 8.422660863855153730e+04 3.046246186270769103e+05 8.422658615238228231e+04 1.604468090137153740e+04 8.422665495144925080e+04 1.604466823783361724e+04 8.422600350173538027e+04 5.013562030627996137e+04 6.149927163863570604e+04 1.510715630318417971e+05 8.422648648265498923e+04 2.426412919176059950e+05 8.422631321855861461e+04 1.604476116175314928e+04
1.590928587467185280e+05 1.510712839503276919e+05 1.048382606579182175e+04 8.946893953007220989e+04 1.818201464518990251e+05 1.818198718143088336e+05 1.818199945593122393e+05 1.208724631637436687e+05 1.818197019712004112e+05 1.818197148255047796e+05 1.061689641896874527e+05 1.818200736944858800e+05 2.591700865027055552e+05 1.818198993080237124e+05 1.590928466357157740e+05 1.818201145505200257e+05 1.590928179011473549e+05 1.818195677942878683e+05 1.704561667333710648e+05 1.818201946866231738e+05 2.078205586485266758e+04 1.818197586390617944e+05 1.971866603443482600e+05 1.818197069535314804e+05 1.590928241230094573e+05
1.125159753881020006e+05 8.867406244957775925e+04 8.946893953007220989e+04 1.692526646779874864e+04 1.590928531628545607e+05 1.590925454307666514e+05 1.590927312486515148e+05 3.949192567298022914e+04 1.590924014175828779e+05 1.363651748907952278e+05 1.515014007433174411e+05 1.590925489802634402e+05 2.919983426530507859e+05 1.590926688811798813e+05 1.035372471179244312e+05 1.590927172009825590e+05 1.035373215258464770e+05 1.590921986941662035e+05 1.250018983322163986e+05 1.363655656491845730e+05 9.766973979061700811e+04 1.590925136462886585e+05 2.300150368456595752e+05 1.590924578301543370e+05 1.035372565231995395e+05
4.798142750097600219e+04 8.422648530498208129e+04 1.818201464518990251e+05 1.590928531628545607e+05 4.442077414712460870e-01 1.619457976335057392e+00 1.506229939087467606e+00 1.355709160756013007e+05 1.624470853619846222e+00 2.272875823746594324e+04 2.071630799347913126e+05 1.698321557760230416e+00 3.273517382642847952e+05 1.645828459308555924e+00 6.818381648828279867e+04 1.633101380278632719e+00 6.818361718314596510e+04 1.182929601024666155e+00 3.409275824540924077e+04 2.272896758388592571e+04 1.818201776969920029e+05 1.656748713424634367e+00 2.653684713652922073e+05 1.496786885415682056e+00 6.818380277138369274e+04
4.798161566716337256e+04 8.422647165632863471e+04 1.818198718143088336e+05 1.590925454307666514e+05 1.619457976335057392e+00 4.591520236976404101e-01 1.643783066378218694e+00 1.355708390867040434e+05 1.330313878438804664e+00 2.272863925799217759e+04 2.071628742991636973e+05 1.401729699162493237e+00 3.273516920744415256e+05 1.358629316975412893e+00 6.818366898382647196e+04 1.620809174456044888e+00 6.818369147990405327e+04 1.128270806240951885e+00 3.409261731308795424e+04 2.272900253699921086e+04 1.818199386336789175e+05 1.270699235064495447e+00 2.653683031818247982e+05 1.384319645215919659e+00 6.818376391175364552e+04
4.798158316291795927e+04 8.422662002192182990e+04 1.818199945593122393e+05 1.590927312486515148e+05 1.506229939087467606e+00 1.643783066378218694e+00 5.093371371186057317e-01 1.355708878060775169e+05 1.549722227308344635e+00 2.272872374827117892e+04 2.071630155412022141e+05 1.368576405524567274e+00 3.273518014853197965e+05 1.436689789833155650e+00 6.818387276507601200e+04 1.567585468109325086e+00 6.818366861078944930e+04 1.142728999021158431e+00 3.409273393312571716e+04 2.272907836637507353e+04 1.818199682295770326e+05 1.595876526649213645e+00 2.653684265277683153e+05 1.398707866695124924e+00 6.818374502773882705e+04
8.759097245354310144e+04 5.134617759823871165e+04 1.208724631637436687e+05 3.949192567298022914e+04 1.355709160756013007e+05 1.355708390867040434e+05 1.355708878060775169e+05 2.256029150102940548e+04 1.355706448244040948e+05 1.128433367802440771e+05 1.733035549182828981e+05 1.355708585899823811e+05 3.046247179728069459e+05 1.355708773646279296e+05 6.738913437952044478e+04 1.355707698334613815e+05 6.738915335129652522e+04 1.355703449498697883e+05 1.014801094996048050e+05 1.128436601925552241e+05 1.245078014261192875e+05 1.355707367277471931e+05 2.426413077313611284e+05 1.355706101183055143e+05 6.738911658313247608e+04
4.798142725049061119e+04 8.422641255577071570e+04 1.818197019712004403e+05 1.590924014175828779e+05 1.624470853619846222e+00 1.330313878438804664e+00 1.549722227308344635e+00 1.355706448244040948e+05 5.433235596783899668e-01 2.272841796346983756e+04 2.071627635215681803e+05 1.584366875715490064e+00 3.273514060773982783e+05 1.450699297041871283e+00 6.818363676538952859e+04 1.481513693214765448e+00 6.818348257081891643e+04 9.165922183600632156e-01 3.409258773504717101e+04 2.272892473492791032e+04 1.818197365633286536e+05 1.001239892108080065e+00 2.653680248674897593e+05 9.611372877824575500e-01 6.818355166661164549e+04
2.525403304357892557e+04 6.149902115369449166e+04 1.818197148255047796e+05 1.363651748907952278e+05 2.272875823746594324e+04 2.272863925799217759e+04 2.272872374827117892e+04 1.128433367802440771e+05 2.272841796346983756e+04 4.404942082948201665e-01 2.071626897482933709e+05 2.272868741280881295e+04 3.273514449495675508e+05 2.272867833675165821e+04 4.545616333127432881e+04 2.272871207446313201e+04 4.545610111547090492e+04 2.272791892625380569e+04 1.136508561136855678e+04 1.307246250612184024e+00 1.818197292224420235e+05 2.272854001922694442e+04 2.653679897710049408e+05 2.272821924170651982e+04 4.545604313865724544e+04
1.844359366570582206e+05 1.839639357449085219e+05 1.061689641896874527e+05 1.515014007433174411e+05 2.071630799347913126e+05 2.071628742991636973e+05 2.071630155412022141e+05 1.733035549182828981e+05 2.071627635215681512e+05 2.071626897482933709e+05 5.192480017286309157e+04 2.071629693638847675e+05 1.864251069286459242e+05 2.071630176442477095e+05 1.844358332862836251e+05 2.071631454923030105e+05 1.844359376269642089e+05 2.071625867224895628e+05 1.957993673904482275e+05 2.071632473117035988e+05 1.047341869723902491e+05 2.071628370498816948e+05 1.211469589255874453e+05 2.071626708245305344e+05 1.844359367294620024e+05
4.798167486548871966e+04 8.422660863855153730e+04 1.818200736944858800e+05 1.590925489802634402e+05 1.698321557760230416e+00 1.401729699162493237e+00 1.368576405524567274e+00 1.355708585899823811e+05 1.584366875715490064e+00 2.272868741280881295e+04 2.071629693638847675e+05 5.082445533740096444e-01 3.273517910631086561e+05 1.420982924620538990e+00 6.818373332735459553e+04 1.601274416067599127e+00 6.818371985146171937e+04 1.125290490788706022e+00 3.409260962336599187e+04 2.272901397176343016e+04 1.818199863573481853e+05 1.598532916926889591e+00 2.653684208233149839e+05 1.425162875619897962e+00 6.818377446995260834e+04
3.046247248844558490e+05 3.046246186270769103e+05 2.591700865027055552e+05 2.919983426530507859e+05 3.273517382642847952e+05 3.273516920744415256e+05 3.273518014853197383e+05 3.046247179728069459e+05 3.273514060773982783e+05 3.273514449495674926e+05 1.864251069286459242e+05 3.273517910631086561e+05 7.289144447082917031e+04 3.273517231778053683e+05 3.046247517439600197e+05 3.273517891992200748e+05 3.046246587687534047e+05 3.273513948134754319e+05 3.159882882144051837e+05 3.273518380288872286e+05 2.591698921289193095e+05 3.273515672646331368e+05 1.414339531113692792e+05 3.273514330540930387e+05 3.046247313410674687e+05
4.798160624979912245e+04 8.422658615238228231e+04 1.818198993080237124e+05 1.590926688811798813e+05 1.645828459308555924e+00 1.358629316975412893e+00 1.436689789833155650e+00 1.355708773646279296e+05 1.450699297041871505e+00 2.272867833675165821e+04 2.071630176442477095e+05 1.420982924620538990e+00 3.273517231778053683e+05 5.436635085389932565e-01 6.818384583529885276e+04 1.599289179724095122e+00 6.818365671313510393e+04 1.170147282680651379e+00 3.409247769491557847e+04 2.272895245027588680e+04 1.818199978796103387e+05 1.380924310842228220e+00 2.653683443127396167e+05 1.421020324000339619e+00 6.818374293846354703e+04
2.020380701019481785e+04 1.604468090137153740e+04 1.590928466357157740e+05 1.035372471179244312e+05 6.818381648828279867e+04 6.818366898382647196e+04 6.818387276507601200e+04 6.738913437952044478e+04 6.818363676538952859e+04 4.545616333127432881e+04 1.844358332862836251e+05 6.818373332735459553e+04 3.046247517439600197e+05 6.818384583529885276e+04 6.555667255186771181e-01 6.818389657196500048e+04 1.885752713896666766e+00 6.818320875438548683e+04 3.409292641234085022e+04 4.545663595073786564e+04 1.590928866536389687e+05 6.818374981553934049e+04 2.426413492302822997e+05 6.818357628892561479e+04 1.841051045977088574e+00
4.798144699757499620e+04 8.422665495144925080e+04 1.818201145505200257e+05 1.590927172009825590e+05 1.633101380278632275e+00 1.620809174456044888e+00 1.567585468109325086e+00 1.355707698334613815e+05 1.481513693214765448e+00 2.272871207446313201e+04 2.071631454923030105e+05 1.601274416067599127e+00 3.273517891992200748e+05 1.599289179724095122e+00 6.818389657196500048e+04 6.349430179912342043e-01 6.818366477153907181e+04 1.137980285416551718e+00 3.409272602662765712e+04 2.272899133852015802e+04 1.818201231577768340e+05 1.540462151501983845e+00 2.653683583121667616e+05 1.422657164564944621e+00 6.818356919724718318e+04
2.020366374506043940e+04 1.604466823783361542e+04 1.590928179011473549e+05 1.035373215258464770e+05 6.818361718314596510e+04 6.818369147990405327e+04 6.818366861078944930e+04 6.738915335129652522e+04 6.818348257081891643e+04 4.545610111547090492e+04 1.844359376269642089e+05 6.818371985146171937e+04 3.046246587687534047e+05 6.818365671313510393e+04 1.885752713896666766e+00 6.818366477153907181e+04 5.713027650110954481e-01 6.818306008467823267e+04 3.409273608777792106e+04 4.545622575479541410e+04 1.590929555820961250e+05 6.818355491598210938e+04 2.426413465507884393e+05 6.818339677291885891e+04 1.809688555155739120e+00
4.798103454177686945e+04 8.422600350173538027e+04 1.818195677942878683e+05 1.590921986941662035e+05 1.182929601024666155e+00 1.128270806240952107e+00 1.142728999021158431e+00 1.355703449498697883e+05 9.165922183600632156e-01 2.272791892625380569e+04 2.071625867224895628e+05 1.125290490788706244e+00 3.273513948134754319e+05 1.170147282680651379e+00 6.818320875438548683e+04 1.137980285416551718e+00 6.818306008467823267e+04 2.539181397597098377e-01 3.409220871628442546e+04 2.272845616108759350e+04 1.818195464441405202e+05 1.041467338241606422e+00 2.653679868255379261e+05 7.509970049698331263e-01 6.818309709985439258e+04
1.389075508625638759e+04 5.013562030627996137e+04 1.704561667333710648e+05 1.250018983322163986e+05 3.409275824540924077e+04 3.409261731308795424e+04 3.409273393312571716e+04 1.014801094996047905e+05 3.409258773504717101e+04 1.136508561136855678e+04 1.957993673904482275e+05 3.409260962336599187e+04 3.159882882144051837e+05 3.409247769491557847e+04 3.409292641234085022e+04 3.409272602662765712e+04 3.409273608777792106e+04 3.409220871628442546e+04 1.136427250060084043e+04 1.136529278674529087e+04 1.704564323816323595e+05 3.409260614307172364e+04 2.540048545993270236e+05 3.409239534660726349e+04 3.409290131091775402e+04
2.525419685857390141e+04 6.149927163863570604e+04 1.818201946866231738e+05 1.363655656491845730e+05 2.272896758388592571e+04 2.272900253699921086e+04 2.272907836637507353e+04 1.128436601925552241e+05 2.272892473492791032e+04 1.307246250612184024e+00 2.071632473117035988e+05 2.272901397176343016e+04 3.273518380288872286e+05 2.272895245027588680e+04 4.545663595073786564e+04 2.272899133852015802e+04 4.545622575479541410e+04 2.272845616108759350e+04 1.136529278674529087e+04 5.413147902830969249e-01 1.818201843632290547e+05 2.272894307981975362e+04 2.653685371152980952e+05 2.272879969077762144e+04 4.545645045432476763e+04
1.590929178065027227e+05 1.510715630318417971e+05 2.078205586485266758e+04 9.766973979061700811e+04 1.818201776969920029e+05 1.818199386336789175e+05 1.818199682295770326e+05 1.245078014261192875e+05 1.818197365633286245e+05 1.818197292224420235e+05 1.047341869723902491e+05 1.818199863573481853e+05 2.591698921289193095e+05 1.818199978796103387e+05 1.590928866536389687e+05 1.818201231577768340e+05 1.590929555820961250e+05 1.818195464441405202e+05 1.704564323816323595e+05 1.818201843632290547e+05 8.536990866602882306e+03 1.818198456372484507e+05 1.971864456266685156e+05 1.818197229927591397e+05 1.590929439203926595e+05
4.798154625772692816e+04 8.422648648265498923e+04 1.818197586390617944e+05 1.590925136462886585e+05 1.656748713424634367e+00 1.270699235064495447e+00 1.595876526649213423e+00 1.355707367277471931e+05 1.001239892108080065e+00 2.272854001922694442e+04 2.071628370498817239e+05 1.598532916926889591e+00 3.273515672646331368e+05 1.380924310842228220e+00 6.818374981553934049e+04 1.540462151501983845e+00 6.818355491598210938e+04 1.041467338241606422e+00 3.409260614307173091e+04 2.272894307981975362e+04 1.818198456372484507e+05 5.167039131182415979e-01 2.653681510392866330e+05 1.167570645902444637e+00 6.818361220877344022e+04
2.426412214358178899e+05 2.426412919176059950e+05 1.971866603443482891e+05 2.300150368456595752e+05 2.653684713652922073e+05 2.653683031818247982e+05 2.653684265277683153e+05 2.426413077313611575e+05 2.653680248674897593e+05 2.653679897710049991e+05 1.211469589255874453e+05 2.653684208233149839e+05 1.414339531113692792e+05 2.653683443127396167e+05 2.426413492302822997e+05 2.653683583121667616e+05 2.426413465507884976e+05 2.653679868255379261e+05 2.540048545993270236e+05 2.653685371152980952e+05 1.971864456266685156e+05 2.653681510392866330e+05 3.957880867319661047e+04 2.653680508336346247e+05 2.426412663661945844e+05
4.798138034709972999e+04 8.422631321855861461e+04 1.818197069535314804e+05 1.590924578301543370e+05 1.496786885415682056e+00 1.384319645215919437e+00 1.398707866695124924e+00 1.355706101183055143e+05 9.611372877824575500e-01 2.272821924170651982e+04 2.071626708245305344e+05 1.425162875619897962e+00 3.273514330540930387e+05 1.421020324000339619e+00 6.818357628892561479e+04 1.422657164564944621e+00 6.818339677291885891e+04 7.509970049698331263e-01 3.409239534660726349e+04 2.272879969077762144e+04 1.818197229927591397e+05 1.167570645902444637e+00 2.653680508336346247e+05 4.741506593426831895e-01 6.818347970182103745e+04
2.020381440006774210e+04 1.604476116175314928e+04 1.590928241230094573e+05 1.035372565231995395e+05 6.818380277138369274e+04 6.818376391175364552e+04 6.818374502773882705e+04 6.738911658313246153e+04 6.818355166661164549e+04 4.545604313865724544e+04 1.844359367294620024e+05 6.818377446995260834e+04 3.046247313410674687e+05 6.818374293846354703e+04 1.841051045977088574e+00 6.818356919724718318e+04 1.809688555155739120e+00 6.818309709985439258e+04 3.409290131091775402e+04 4.545645045432476763e+04 1.590929439203926595e+05 6.818361220877344022e+04 2.426412663661945844e+05 6.818347970182103745e+04 6.437279554484999222e-01
