6.516591416439748718e+04 1.686718942657554580e+05 1.686718948303361540e+05 1.686715678766363417e+05 1.686720940563604236e+05 1.686718084320296184e+05 1.590566225247461407e+05 4.582817464635637589e+05 1.686713813055440551e+05 1.686712998668857326e+05 1.302104311338083207e+05 5.649230241582063900e+04 1.686716229441640025e+05 1.686714010167417000e+05 1.686717693230233563e+05 1.686713596518932027e+05 1.686720486007066502e+05 1.686720653058584721e+05 1.686720410737296042e+05 1.686719340684291383e+05 1.686720414345342142e+05 2.526851337607146706e+05 8.587288787774373486e+04 1.686719659746153920e+05 1.686718624809863104e+05
1.686718942657554580e+05 8.859263872095465286e-01 3.846364595831213956e+04 3.846354119745313074e+04 2.074415353871098766e+00 3.846365560179634485e+04 9.617642511513611680e+03 5.521044697431434179e+05 3.846312197829907382e+04 3.846290636043786071e+04 3.846389632367604645e+04 1.153870701872517238e+05 3.846359215445999143e+04 3.846326748266364302e+04 3.846363609901146265e+04 3.846336567256671697e+04 3.846368557742687699e+04 3.846363191449543228e+04 1.901518914181726583e+00 3.846361312514558813e+04 3.846373489515678375e+04 3.653104786198876682e+05 8.333579125166920130e+04 3.846374096769162134e+04 3.846359185042427998e+04
1.686718948303361540e+05 3.846364595831213956e+04 8.258791713979267701e-01 1.732819736080329909e+00 3.846372897411275335e+04 1.746735074731714965e+00 4.807916589922254934e+04 5.521042916981145972e+05 1.716970325566371969e+00 1.279655505090054213e+00 7.692537186299104360e+04 1.153871589581354783e+05 1.794720397413063662e+00 1.783056380578204703e+00 1.805594481485168989e+00 1.735556527278759642e+00 3.846357617920140183e+04 3.846358149342839170e+04 3.846376438483169477e+04 3.846357402979075414e+04 3.846353018852478272e+04 3.653104178829041775e+05 8.333576498228008859e+04 3.846359574501732277e+04 1.978060394907126485e+00
1.686715678766363417e+05 3.846354119745313074e+04 1.732819736080330353e+00 8.899791765142420763e-01 3.846359535125873663e+04 1.793577541407527454e+00 4.807895844520792889e+04 5.521042583970242413e+05 1.459824581430373636e+00 1.218402924023049616e+00 7.692512895648877020e+04 1.153868154721804312e+05 1.721740575101371018e+00 1.535666886022274635e+00 1.775730445411362934e+00 1.476299421346381147e+00 3.846347138593157433e+04 3.846348143725802947e+04 3.846363622738851700e+04 3.846345247019385715e+04 3.846341300953393511e+04 3.653102020981407841e+05 8.333545906758874480e+04 3.846345603055966785e+04 1.813929725301942852e+00
1.686720940563604236e+05 2.074415353871098766e+00 3.846372897411275335e+04 3.846359535125873663e+04 9.194018999955417826e-01 3.846381571512744267e+04 9.617589080968533381e+03 5.521045245756617514e+05 3.846326366455911193e+04 3.846300478255506459e+04 3.846398897294880589e+04 1.153872793983050506e+05 3.846369825293673057e+04 3.846346126290608663e+04 3.846378191225467162e+04 3.846363277821210067e+04 3.846384481819152279e+04 3.846371958553091099e+04 2.059852572359960554e+00 3.846375439001238556e+04 3.846370450159502070e+04 3.653106059512313223e+05 8.333590850851507275e+04 3.846373140769971360e+04 3.846374333311893861e+04
1.686718084320296184e+05 3.846365560179634485e+04 1.746735074731714743e+00 1.793577541407527454e+00 3.846381571512744267e+04 8.323936612406015456e-01 4.807924159385894745e+04 5.521043080931890290e+05 1.623769140459581317e+00 1.290721227620190481e+00 7.692537781549153442e+04 1.153870526122714509e+05 1.740777127867579877e+00 1.667529727982723253e+00 1.862536121304996017e+00 1.744710065790293418e+00 3.846357854556534585e+04 3.846357521500152507e+04 3.846372051803034265e+04 3.846354429774884920e+04 3.846351635961425200e+04 3.653103390182430740e+05 8.333565760528632381e+04 3.846353014479896228e+04 2.005189768376013149e+00
1.590566225247461407e+05 9.617642511513611680e+03 4.807916589922254934e+04 4.807895844520792889e+04 9.617589080968533381e+03 4.807924159385894745e+04 1.442408914293970156e+04 5.424891482098855777e+05 4.807874684808241000e+04 4.807854520796176803e+04 2.884815779822395052e+04 1.057717358185529301e+05 4.807910920679366973e+04 4.807883972458951757e+04 4.807919804166411632e+04 4.807891679619761271e+04 4.807944276953132066e+04 4.807944240952033579e+04 9.617604669894048129e+03 4.807942020434076403e+04 4.807941052590412437e+04 3.556951331142985146e+05 7.372030575081671122e+04 4.807943069562957680e+04 4.807925262901641690e+04
4.582817464635636425e+05 5.521044697431434179e+05 5.521042916981145972e+05 5.521042583970242413e+05 5.521045245756617514e+05 5.521043080931890290e+05 5.424891482098855777e+05 9.839124640734716377e+04 5.521040673420246458e+05 5.521040888420568081e+05 5.136429390912226518e+05 4.751814815664584166e+05 5.521042221793161007e+05 5.521041317119294545e+05 5.521042009435421787e+05 5.521041564903658582e+05 5.521044372255029157e+05 5.521044006211780943e+05 5.521044591319944011e+05 5.521044948937533190e+05 5.521044446006923681e+05 2.739604081736585358e+05 4.751814883190764231e+05 5.521044857828429667e+05 5.521043977676669601e+05
1.686713813055440551e+05 3.846312197829907382e+04 1.716970325566371969e+00 1.459824581430373636e+00 3.846326366455911193e+04 1.623769140459581539e+00 4.807874684808241000e+04 5.521040673420246458e+05 6.496724743358518461e-01 9.696163568068335570e-01 7.692482461071090074e+04 1.153863694079516863e+05 1.522528604180173994e+00 1.181324590508281647e+00 1.551219039798664490e+00 1.326280221836688256e+00 3.846319964900929335e+04 3.846320615577440913e+04 3.846319294405594701e+04 3.846326831453676277e+04 3.846316901448620047e+04 3.653100346727931174e+05 8.333506766750503448e+04 3.846320973658826551e+04 1.516852599200545937e+00
1.686712998668857326e+05 3.846290636043786071e+04 1.279655505090054435e+00 1.218402924023049616e+00 3.846300478255506459e+04 1.290721227620190481e+00 4.807854520796176803e+04 5.521040888420568081e+05 9.696163568068335570e-01 4.453669089949896520e-01 7.692480757603367965e+04 1.153865425495464006e+05 1.238814910087011389e+00 1.046872306911811323e+00 1.260369831953028319e+00 1.092825941023328307e+00 3.846290806131798308e+04 3.846286288208018232e+04 3.846297955471098248e+04 3.846286143996405008e+04 3.846289499218604033e+04 3.653100252049433184e+05 8.333520450415370578e+04 3.846286095155728981e+04 1.288164854476276266e+00
1.302104311338083207e+05 3.846389632367604645e+04 7.692537186299104360e+04 7.692512895648877020e+04 3.846398897294880589e+04 7.692537781549153442e+04 2.884815779822395052e+04 5.136429390912226518e+05 7.692482461071090074e+04 7.692480757603367965e+04 1.002941223868414555e+00 7.692553110473764536e+04 7.692525534160310053e+04 7.692482062221468368e+04 7.692537868157611229e+04 7.692505698572503752e+04 7.692552000472904183e+04 7.692565370518589043e+04 3.846402539140199951e+04 7.692563514401219436e+04 7.692556595987101900e+04 3.268489935665660887e+05 4.487396390133279783e+04 7.692562418302916922e+04 7.692542657683308062e+04
5.649230241582063900e+04 1.153870701872517238e+05 1.153871589581354783e+05 1.153868154721804312e+05 1.153872793983050506e+05 1.153870526122714509e+05 1.057717358185529301e+05 4.751814815664584166e+05 1.153863694079516863e+05 1.153865425495464006e+05 7.692553110473764536e+04 1.097395972613369963e+00 1.153868153842190804e+05 1.153865889032712148e+05 1.153870103302494972e+05 1.153866080166308820e+05 1.153872811578492547e+05 1.153872151756639360e+05 1.153870985556327651e+05 1.153873176904550492e+05 1.153872466217358742e+05 2.883875388386468985e+05 3.205347772644468569e+04 1.153872907021784195e+05 1.153871085780176072e+05
1.686716229441640025e+05 3.846359215445999143e+04 1.794720397413063662e+00 1.721740575101371018e+00 3.846369825293673057e+04 1.740777127867579877e+00 4.807910920679366973e+04 5.521042221793161007e+05 1.522528604180173772e+00 1.238814910087011389e+00 7.692525534160310053e+04 1.153868153842190804e+05 8.729910945868516459e-01 1.652193732885721689e+00 1.768233728749332156e+00 1.638934719141931007e+00 3.846352330073610938e+04 3.846358306129548146e+04 3.846366701260499394e+04 3.846355225938282092e+04 3.846350158759392798e+04 3.653103245911356062e+05 8.333550243255037640e+04 3.846355638946624822e+04 1.888416883175055183e+00
1.686714010167417000e+05 3.846326748266364302e+04 1.783056380578204703e+00 1.535666886022274413e+00 3.846346126290608663e+04 1.667529727982723475e+00 4.807883972458951757e+04 5.521041317119294545e+05 1.181324590508281425e+00 1.046872306911811101e+00 7.692482062221468368e+04 1.153865889032712148e+05 1.652193732885721689e+00 7.076645730385424660e-01 1.635800857996139612e+00 1.331656440493414584e+00 3.846337315239553573e+04 3.846337711360983667e+04 3.846336618154495227e+04 3.846339260980061954e+04 3.846330135352510842e+04 3.653099878855191055e+05 8.333519331353211601e+04 3.846331528075048118e+04 1.675260794800764730e+00
1.686717693230233563e+05 3.846363609901146265e+04 1.805594481485168989e+00 1.775730445411362490e+00 3.846378191225467162e+04 1.862536121304996017e+00 4.807919804166411632e+04 5.521042009435421787e+05 1.551219039798664490e+00 1.260369831953028319e+00 7.692537868157611229e+04 1.153870103302494972e+05 1.768233728749332156e+00 1.635800857996139612e+00 8.018604579538839427e-01 1.811832140590319051e+00 3.846357957440691098e+04 3.846353709519644326e+04 3.846374809921283304e+04 3.846355021038760606e+04 3.846351884922621684e+04 3.653103356181460549e+05 8.333568975476046035e+04 3.846355425306333927e+04 1.814657292095435359e+00
1.686713596518931736e+05 3.846336567256671697e+04 1.735556527278759642e+00 1.476299421346381147e+00 3.846363277821210067e+04 1.744710065790292974e+00 4.807891679619761271e+04 5.521041564903658582e+05 1.326280221836688256e+00 1.092825941023328307e+00 7.692505698572503752e+04 1.153866080166308820e+05 1.638934719141931007e+00 1.331656440493414584e+00 1.811832140590319051e+00 6.882085292453316017e-01 3.846339702536968252e+04 3.846343220284092968e+04 3.846349851156455406e+04 3.846337776263992419e+04 3.846340392077379511e+04 3.653100623192092753e+05 8.333523045936999551e+04 3.846336408281839249e+04 1.771582012694073338e+00
1.686720486007066502e+05 3.846368557742687699e+04 3.846357617920140183e+04 3.846347138593157433e+04 3.846384481819152279e+04 3.846357854556534585e+04 4.807944276953132066e+04 5.521044372255029157e+05 3.846319964900929335e+04 3.846290806131798308e+04 7.692552000472904183e+04 1.153872811578492547e+05 3.846352330073610938e+04 3.846337315239553573e+04 3.846357957440691098e+04 3.846339702536968252e+04 9.113100745852310558e-01 1.896536471900855059e+00 3.846379966813549981e+04 2.032014959625914496e+00 1.994148645190618518e+00 3.653105463510853006e+05 8.333590984225577267e+04 2.001527054793713845e+00 3.846344115828016947e+04
1.686720653058584721e+05 3.846363191449543228e+04 3.846358149342839170e+04 3.846348143725802947e+04 3.846371958553091099e+04 3.846357521500152507e+04 4.807944240952033579e+04 5.521044006211780943e+05 3.846320615577440913e+04 3.846286288208018232e+04 7.692565370518589043e+04 1.153872151756639360e+05 3.846358306129548146e+04 3.846337711360983667e+04 3.846353709519644326e+04 3.846343220284092968e+04 1.896536471900855281e+00 8.195662882357825918e-01 3.846367186360162304e+04 1.989056467772216896e+00 1.943109311265929007e+00 3.653106192884254851e+05 8.333597116946954338e+04 1.932876197056575540e+00 3.846348637989916460e+04
1.686720410737296042e+05 1.901518914181726583e+00 3.846376438483169477e+04 3.846363622738851700e+04 2.059852572359960554e+00 3.846372051803034265e+04 9.617604669894048129e+03 5.521044591319944011e+05 3.846319294405594701e+04 3.846297955471098248e+04 3.846402539140199951e+04 1.153870985556327651e+05 3.846366701260499394e+04 3.846336618154495227e+04 3.846374809921283304e+04 3.846349851156455406e+04 3.846379966813549981e+04 3.846367186360162304e+04 8.981221947117489224e-01 3.846373433319975447e+04 3.846381656969578762e+04 3.653104620318783564e+05 8.333588553871553449e+04 3.846381297705257748e+04 3.846374025903358415e+04
1.686719340684291383e+05 3.846361312514558813e+04 3.846357402979075414e+04 3.846345247019385715e+04 3.846375439001238556e+04 3.846354429774884920e+04 4.807942020434076403e+04 5.521044948937533190e+05 3.846326831453676277e+04 3.846286143996405008e+04 7.692563514401219436e+04 1.153873176904550492e+05 3.846355225938282092e+04 3.846339260980061954e+04 3.846355021038760606e+04 3.846337776263992419e+04 2.032014959625914496e+00 1.989056467772216674e+00 3.846373433319975447e+04 8.912265489299541210e-01 1.952231246164414902e+00 3.653105870283935219e+05 8.333599994310457259e+04 1.919872642846498945e+00 3.846344690201982303e+04
1.686720414345342142e+05 3.846373489515678375e+04 3.846353018852478272e+04 3.846341300953393511e+04 3.846370450159502070e+04 3.846351635961425200e+04 4.807941052590412437e+04 5.521044446006923681e+05 3.846316901448620047e+04 3.846289499218604033e+04 7.692556595987101900e+04 1.153872466217358742e+05 3.846350158759392798e+04 3.846330135352510842e+04 3.846351884922621684e+04 3.846340392077379511e+04 1.994148645190618518e+00 1.943109311265929007e+00 3.846381656969578762e+04 1.952231246164414902e+00 8.887086868716594923e-01 3.653105548035178217e+05 8.333586166857533681e+04 1.976207396664411364e+00 3.846344781440996303e+04
2.526851337607147580e+05 3.653104786198877264e+05 3.653104178829041775e+05 3.653102020981407841e+05 3.653106059512313805e+05 3.653103390182430740e+05 3.556951331142985146e+05 2.739604081736585940e+05 3.653100346727931174e+05 3.653100252049433184e+05 3.268489935665660887e+05 2.883875388386468985e+05 3.653103245911356062e+05 3.653099878855191055e+05 3.653103356181460549e+05 3.653100623192092753e+05 3.653105463510853006e+05 3.653106192884254851e+05 3.653104620318783564e+05 3.653105870283935219e+05 3.653105548035178799e+05 1.472611059034458885e+05 2.883875311850031721e+05 3.653105536446384504e+05 3.653104002661075792e+05
8.587288787774373486e+04 8.333579125166920130e+04 8.333576498228008859e+04 8.333545906758874480e+04 8.333590850851508731e+04 8.333565760528632381e+04 7.372030575081671122e+04 4.751814883190764231e+05 8.333506766750504903e+04 8.333520450415370578e+04 4.487396390133279783e+04 3.205347772644468569e+04 8.333550243255037640e+04 8.333519331353211601e+04 8.333568975476047490e+04 8.333523045937001007e+04 8.333590984225578723e+04 8.333597116946954338e+04 8.333588553871553449e+04 8.333599994310457259e+04 8.333586166857536591e+04 2.883875311850031721e+05 1.068485135468265435e+04 8.333597158822510391e+04 8.333573657438886585e+04
1.686719659746153920e+05 3.846374096769162134e+04 3.846359574501732277e+04 3.846345603055966785e+04 3.846373140769971360e+04 3.846353014479896228e+04 4.807943069562957680e+04 5.521044857828429667e+05 3.846320973658826551e+04 3.846286095155728981e+04 7.692562418302916922e+04 1.153872907021784195e+05 3.846355638946624822e+04 3.846331528075048118e+04 3.846355425306333927e+04 3.846336408281839249e+04 2.001527054793713845e+00 1.932876197056575540e+00 3.846381297705257748e+04 1.919872642846498945e+00 1.976207396664411364e+00 3.653105536446384504e+05 8.333597158822510391e+04 1.004376503877262738e+00 3.846348946556769079e+04
1.686718624809863104e+05 3.846359185042427998e+04 1.978060394907126485e+00 1.813929725301942852e+00 3.846374333311893861e+04 2.005189768376013149e+00 4.807925262901641690e+04 5.521043977676669601e+05 1.516852599200545937e+00 1.288164854476276489e+00 7.692542657683308062e+04 1.153871085780176072e+05 1.888416883175055183e+00 1.675260794800764730e+00 1.814657292095435137e+00 1.771582012694073338e+00 3.846344115828016947e+04 3.846348637989916460e+04 3.846374025903358415e+04 3.846344690201982303e+04 3.846344781440996303e+04 3.653104002661075792e+05 8.333573657438885130e+04 3.846348946556769079e+04 8.239349899401202659e-01
