4.756879302604955506e-01 2.272882485253730920e+04 1.204957740244690712e+00 1.531650230406536695e+00 1.488565565802515867e+00 1.980046098699959985e+05 6.818364189127995633e+04 1.633108371011322335e+00 2.930213565418474027e+05 1.193201873293067329e+05 4.545640812914069102e+04 9.415781482496864919e+04 1.588906755958785499e+00 2.272885683318679003e+04 3.595056823383754236e+05 1.674525190617598192e+00 4.058676322328285896e+05 2.272891686760102675e+04 1.640643876322594588e+05 7.575941900611421443e+04 3.099359280098060481e+04 2.272881658092144426e+04 2.465052585616547149e+05 1.662318760851381638e+00 6.918558022982134389e+03
2.272882485253730920e+04 5.387700963102917129e-01 2.272850088233856150e+04 2.272891240881365229e+04 2.272880505965538032e+04 1.980045148311319645e+05 4.545635573741009284e+04 2.272887982174666467e+04 2.930213496227108408e+05 1.193201397566684464e+05 2.272906864402959036e+04 8.526442614657632657e+04 2.272882184894996317e+04 1.353209568691708720e+00 3.595055924829604337e+05 2.272890529438923841e+04 4.058675150071168318e+05 1.684216900966633235e+00 1.640643711893647269e+05 5.303218234732765995e+04 8.266303790492089320e+03 1.434688065681691160e+00 2.465051636578520411e+05 2.272874633471416382e+04 1.581170888011337047e+04
1.204957740244690712e+00 2.272850088233856150e+04 2.994253867772967426e-01 1.261838802625109945e+00 8.385005940427538995e-01 1.980041130384105199e+05 6.818315666275034891e+04 1.176574155532717825e+00 2.930210043962456984e+05 1.193196377948120498e+05 4.545594708324177191e+04 9.415723100775711646e+04 1.041497111811970688e+00 2.272813830752243666e+04 3.595052382042116951e+05 1.236542779771576006e+00 4.058672291453427169e+05 2.272855765391234672e+04 1.640639002588912263e+05 7.575892806428542826e+04 3.099313009967485777e+04 2.272809922289014867e+04 2.465047963221442478e+05 1.182437436668785313e+00 6.918114699919815394e+03
1.531650230406536695e+00 2.272891240881365229e+04 1.261838802625109945e+00 5.314083299106453495e-01 1.558634721368598930e+00 1.980046278005551721e+05 6.818372351866876124e+04 1.586305936422362173e+00 2.930213858475779998e+05 1.193201358978774660e+05 4.545637793042703561e+04 9.415771732834204158e+04 1.578695410967182244e+00 2.272887518417374667e+04 3.595055793233334552e+05 1.531255126137115674e+00 4.058675606427426101e+05 2.272913757137997527e+04 1.640643898782435281e+05 7.575946280294518510e+04 3.099366460157584879e+04 2.272884047783123970e+04 2.465052350466638163e+05 1.588702344820075663e+00 6.918546530337259355e+03
1.488565565802515867e+00 2.272880505965538032e+04 8.385005940427538995e-01 1.558634721368598930e+00 4.746898719722163484e-01 1.980042389676756866e+05 6.818352346816124918e+04 1.373323947683353641e+00 2.930210084134712815e+05 1.193198349551246065e+05 4.545626279296718712e+04 9.415752071936611901e+04 1.166308186697583515e+00 2.272839664652984357e+04 3.595053477556519792e+05 1.492328771590191394e+00 4.058673472941540531e+05 2.272888915625720256e+04 1.640640118094767095e+05 7.575927847682054562e+04 3.099343301623071238e+04 2.272840979625699038e+04 2.465048558264873864e+05 1.445667280582612513e+00 6.918323944945693256e+03
1.980046098699959985e+05 1.980045148311319645e+05 1.980041130384104908e+05 1.980046278005551721e+05 1.980042389676756866e+05 2.610618573940890201e+04 1.752773833784782910e+05 1.980044663878206629e+05 1.671531885520229407e+05 1.241406332255329326e+05 1.752773156069204269e+05 1.387159278358442243e+05 1.980043189625962113e+05 1.980042489487022685e+05 2.531336698696942476e+05 1.980045321153922123e+05 3.025620001658864203e+05 1.980046019804641546e+05 8.406357431241078302e+04 1.677015406308612437e+05 1.897401911160867021e+05 1.980042615923516278e+05 8.705743173060579284e+04 1.980044984484108863e+05 1.980043659398752789e+05
6.818364189127995633e+04 4.545635573741009284e+04 6.818315666275034891e+04 6.818372351866876124e+04 6.818352346816124918e+04 1.752773833784782619e+05 5.269592917094486628e-01 6.818358683321542048e+04 2.702942944735918427e+05 7.386568045695470937e+04 2.272890869760414353e+04 3.980990321740991931e+04 6.818354056289348227e+04 4.545612346917290415e+04 3.367784861530217458e+05 6.818361411244998453e+04 3.831404332039649598e+05 4.545629477744419273e+04 1.186097038608885923e+05 7.577411630816167417e+03 3.719171759784479218e+04 4.545601943241472327e+04 2.237780688041296089e+05 6.818364841455042188e+04 6.126653731691110443e+04
1.633108371011322335e+00 2.272887982174666467e+04 1.176574155532717825e+00 1.586305936422362173e+00 1.373323947683353641e+00 1.980044663878206338e+05 6.818358683321542048e+04 4.832380411437887657e-01 2.930212869399538613e+05 1.193200509189784061e+05 4.545631282318534068e+04 9.415769897757857689e+04 1.311474286630767372e+00 2.272877670855396354e+04 3.595055494963171659e+05 1.581607771033177512e+00 4.058675167767329258e+05 2.272896552419629006e+04 1.640642243974567973e+05 7.575943498409497261e+04 3.099357061933419027e+04 2.272870163003070775e+04 2.465051553654061572e+05 1.376862508604631996e+00 6.918201050592215324e+03
2.930213565418474027e+05 2.930213496227108408e+05 2.930210043962456984e+05 2.930213858475780580e+05 2.930210084134712815e+05 1.671531885520229407e+05 2.702942944735918427e+05 2.930212869399538613e+05 5.200925095535738365e+04 2.231104958071674046e+05 2.702942114394556265e+05 2.361388424299686740e+05 2.930211420480980887e+05 2.930210841706408537e+05 1.435137392210621911e+05 2.930213249896049383e+05 2.103032295315779920e+05 2.930214492009459063e+05 2.060650461818116310e+05 2.627185175941845519e+05 2.847569996107102488e+05 2.930210856372700073e+05 9.874046198745956644e+04 2.930213044920919929e+05 2.930212050910523976e+05
1.193201873293067329e+05 1.193201397566684464e+05 1.193196377948120498e+05 1.193201358978774660e+05 1.193198349551246065e+05 1.241406332255329326e+05 7.386568045695470937e+04 1.193200509189784061e+05 2.231104958071674046e+05 8.523404557452151494e+03 9.659292119818684296e+04 3.405717448791294737e+04 1.193198679397697124e+05 1.193198727509239689e+05 3.083695182311472599e+05 1.193201213170488918e+05 3.547313736705337651e+05 1.193201493498201744e+05 5.286280967569787754e+04 6.628974194885155885e+04 1.110557166652996675e+05 1.193198338325215591e+05 1.726418115644299833e+05 1.193200709767906519e+05 1.193200500673803035e+05
4.545640812914069102e+04 2.272906864402959036e+04 4.545594708324177191e+04 4.545637793042703561e+04 4.545626279296718712e+04 1.752773156069204269e+05 2.272890869760414353e+04 4.545631282318534068e+04 2.702942114394556265e+05 9.659292119818684296e+04 5.010220109982360670e-01 6.253707721645345009e+04 4.545637345656238904e+04 2.272886361829321322e+04 3.367785526752787409e+05 4.545651641329573613e+04 3.831404962611134397e+05 2.272909888693482935e+04 1.413371532865479530e+05 3.030470238524067827e+04 1.446411619185595373e+04 2.272876619177133762e+04 2.237779569050857972e+05 4.545646435697859852e+04 3.853937409475944150e+04
9.415781482496864919e+04 8.526442614657632657e+04 9.415723100775711646e+04 9.415771732834201248e+04 9.415752071936611901e+04 1.387159278358442243e+05 3.980990321740991931e+04 9.415769897757857689e+04 2.361388424299686740e+05 3.405717448791295465e+04 6.253707721645345009e+04 1.639303512670467535e+04 9.415758580410758441e+04 8.526419660324613506e+04 3.140512802751505515e+05 9.415779455936160230e+04 3.604131956506937277e+05 8.526444074676165474e+04 7.996113430845366383e+04 3.223386976519763266e+04 7.699991078084585024e+04 8.526414594676972774e+04 1.872168103540110751e+05 9.415780550313397544e+04 9.145098692909428792e+04
1.588906755958785499e+00 2.272882184894996317e+04 1.041497111811970688e+00 1.578695410967182244e+00 1.166308186697583515e+00 1.980043189625962113e+05 6.818354056289348227e+04 1.311474286630767372e+00 2.930211420480980887e+05 1.193198679397697124e+05 4.545637345656238904e+04 9.415758580410758441e+04 4.892847162025962260e-01 2.272863012132617951e+04 3.595054127996847383e+05 1.440994422892554194e+00 4.058674578794892877e+05 2.272890353028994286e+04 1.640641071764275548e+05 7.575932064652520057e+04 3.099348640422078824e+04 2.272858735818414425e+04 2.465050491929187265e+05 1.355461967139204305e+00 6.918262252260777132e+03
2.272885683318679003e+04 1.353209568691708720e+00 2.272813830752243666e+04 2.272887518417374304e+04 2.272839664652984357e+04 1.980042489487022685e+05 4.545612346917290415e+04 2.272877670855396354e+04 2.930210841706408537e+05 1.193198727509239689e+05 2.272886361829321322e+04 8.526419660324613506e+04 2.272863012132617951e+04 5.382154825279035215e-01 3.595053009648597799e+05 2.272882471392958905e+04 4.058672599517281051e+05 1.443733057985172374e+00 1.640640474720156926e+05 5.303194138933283102e+04 8.266008708427742022e+03 9.180011937259449084e-01 2.465048809219163959e+05 2.272874128401740018e+04 1.581164671192609785e+04
3.595056823383754236e+05 3.595055924829604337e+05 3.595052382042116951e+05 3.595055793233334552e+05 3.595053477556519792e+05 2.531336698696942476e+05 3.367784861530217458e+05 3.595055494963171659e+05 1.435137392210621911e+05 3.083695182311472599e+05 3.367785526752787409e+05 3.140512802751505515e+05 3.595054127996847383e+05 3.595053009648597799e+05 3.562889416076250927e+04 3.595055640479899594e+05 1.490714181823121617e+05 3.595057536264830851e+05 2.913240360006360570e+05 3.292027458208889584e+05 3.512413087046598084e+05 3.595052774996983935e+05 2.026162650705508422e+05 3.595055084755507996e+05 3.595055398925418849e+05
1.674525190617598192e+00 2.272890529438923841e+04 1.236542779771576006e+00 1.531255126137115674e+00 1.492328771590191172e+00 1.980045321153922123e+05 6.818361411244998453e+04 1.581607771033177512e+00 2.930213249896049383e+05 1.193201213170488918e+05 4.545651641329573613e+04 9.415779455936160230e+04 1.440994422892554194e+00 2.272882471392958905e+04 3.595055640479899594e+05 4.688694259319968749e-01 4.058675358539663721e+05 2.272893729415775306e+04 1.640643592085997807e+05 7.575950773932262382e+04 3.099358544202012490e+04 2.272879942765275337e+04 2.465051839476682944e+05 1.367169780016668890e+00 6.918577302551439971e+03
4.058676322328285896e+05 4.058675150071168318e+05 4.058672291453427169e+05 4.058675606427426101e+05 4.058673472941540531e+05 3.025620001658864203e+05 3.831404332039649598e+05 4.058675167767329258e+05 2.103032295315780211e+05 3.547313736705337651e+05 3.831404962611134397e+05 3.604131956506937277e+05 4.058674578794892877e+05 4.058672599517281051e+05 1.490714181823121617e+05 4.058675358539663721e+05 6.247684500007294992e+04 4.058676868711825227e+05 3.376858581976859132e+05 3.755646784287078190e+05 3.976032567867079633e+05 4.058673047047885484e+05 2.730004382311516674e+05 4.058674051159657538e+05 4.058674915646634763e+05
2.272891686760102675e+04 1.684216900966633235e+00 2.272855765391234672e+04 2.272913757137997527e+04 2.272888915625720256e+04 1.980046019804641546e+05 4.545629477744419273e+04 2.272896552419629006e+04 2.930214492009459063e+05 1.193201493498201744e+05 2.272909888693482935e+04 8.526444074676165474e+04 2.272890353028994286e+04 1.443733057985172374e+00 3.595057536264830851e+05 2.272893729415775306e+04 4.058676868711825227e+05 6.071143151411854122e-01 1.640643655590509297e+05 5.303212327556210221e+04 8.266184866959041756e+03 1.437756237696259376e+00 2.465052491644371476e+05 2.272903246753249186e+04 1.581185185274941068e+04
1.640643876322594588e+05 1.640643711893647269e+05 1.640639002588912263e+05 1.640643898782435281e+05 1.640640118094767095e+05 8.406357431241078302e+04 1.186097038608886069e+05 1.640642243974567973e+05 2.060650461818116310e+05 5.286280967569787754e+04 1.413371532865479530e+05 7.996113430845366383e+04 1.640641071764275548e+05 1.640640474720156926e+05 2.913240360006360570e+05 1.640643592085997807e+05 3.376858581976859132e+05 1.640643655590509297e+05 3.027855801086779684e+04 1.110339662231878028e+05 1.557998610092369490e+05 1.640640428716338356e+05 1.427959542691095849e+05 1.640643436860617076e+05 1.640641542055652826e+05
7.575941900611421443e+04 5.303218234732765995e+04 7.575892806428544282e+04 7.575946280294518510e+04 7.575927847682054562e+04 1.677015406308612437e+05 7.577411630816168326e+03 7.575943498409497261e+04 2.627185175941845519e+05 6.628974194885155885e+04 3.030470238524068191e+04 3.223386976519763266e+04 7.575932064652520057e+04 5.303194138933283102e+04 3.292027458208889584e+05 7.575950773932262382e+04 3.755646784287078190e+05 5.303212327556210221e+04 1.110339662231878028e+05 1.010160523676782941e+04 4.476755597713928000e+04 5.303186034783496871e+04 2.162023328924605157e+05 7.575946635556014371e+04 6.884233436338756292e+04
3.099359280098060481e+04 8.266303790492091139e+03 3.099313009967485777e+04 3.099366460157584152e+04 3.099343301623071238e+04 1.897401911160866439e+05 3.719171759784479218e+04 3.099357061933419027e+04 2.847569996107102488e+05 1.110557166652996675e+05 1.446411619185595373e+04 7.699991078084585024e+04 3.099348640422078824e+04 8.266008708427743841e+03 3.512413087046598084e+05 3.099358544202012490e+04 3.976032567867079633e+05 8.266184866959043575e+03 1.557998610092369490e+05 4.476755597713928000e+04 1.051895388776704021e+04 8.265931857500365368e+03 2.382406829206198745e+05 3.099360465040012787e+04 2.407653876132979713e+04
2.272881658092144426e+04 1.434688065681691160e+00 2.272809922289014867e+04 2.272884047783123606e+04 2.272840979625699038e+04 1.980042615923516278e+05 4.545601943241472327e+04 2.272870163003070775e+04 2.930210856372700073e+05 1.193198338325215591e+05 2.272876619177133762e+04 8.526414594676972774e+04 2.272858735818414425e+04 9.180011937259449084e-01 3.595052774996983935e+05 2.272879942765275337e+04 4.058673047047885484e+05 1.437756237696259376e+00 1.640640428716338356e+05 5.303186034783496871e+04 8.265931857500363549e+03 4.439195464784372325e-01 2.465049426275491132e+05 2.272874868543678895e+04 1.581167210835364313e+04
2.465052585616547149e+05 2.465051636578520411e+05 2.465047963221442478e+05 2.465052350466638163e+05 2.465048558264873864e+05 8.705743173060579284e+04 2.237780688041296089e+05 2.465051553654061572e+05 9.874046198745956644e+04 1.726418115644300124e+05 2.237779569050857972e+05 1.872168103540110751e+05 2.465050491929187265e+05 2.465048809219163959e+05 2.026162650705508131e+05 2.465051839476682944e+05 2.730004382311516674e+05 2.465052491644371476e+05 1.427959542691096140e+05 2.162023328924605157e+05 2.382406829206198745e+05 2.465049426275491132e+05 3.338468321739513340e+04 2.465051525586951175e+05 2.465050678993863403e+05
1.662318760851381638e+00 2.272874633471416382e+04 1.182437436668785313e+00 1.588702344820075663e+00 1.445667280582612513e+00 1.980044984484108572e+05 6.818364841455042188e+04 1.376862508604631996e+00 2.930213044920919929e+05 1.193200709767906519e+05 4.545646435697859852e+04 9.415780550313397544e+04 1.355461967139204305e+00 2.272874128401740018e+04 3.595055084755507996e+05 1.367169780016668890e+00 4.058674051159657538e+05 2.272903246753249186e+04 1.640643436860617076e+05 7.575946635556014371e+04 3.099360465040012787e+04 2.272874868543678895e+04 2.465051525586951175e+05 5.817530574135206800e-01 6.918426523838653338e+03
6.918558022982134389e+03 1.581170888011337047e+04 6.918114699919815394e+03 6.918546530337258446e+03 6.918323944945693256e+03 1.980043659398752789e+05 6.126653731691110443e+04 6.918201050592215324e+03 2.930212050910523976e+05 1.193200500673803035e+05 3.853937409475944150e+04 9.145098692909428792e+04 6.918262252260777132e+03 1.581164671192609967e+04 3.595055398925418849e+05 6.918577302551439971e+03 4.058674915646634763e+05 1.581185185274941068e+04 1.640641542055652826e+05 6.884233436338756292e+04 2.407653876132979713e+04 1.581167210835364494e+04 2.465050678993863403e+05 6.918426523838653338e+03 9.624137619632652786e+03
