1.428522654786504642e+00 3.322561928188565071e+05 1.065618147562156664e+05 3.947576128644253185e+04 2.875350579034559778e+05 2.048963270655086671e+05 3.070394446204165070e+04 3.947580572792893508e+04 3.947581828412549658e+04 1.656155378803806962e+05 6.002098491992738855e+04 3.947587180677849392e+04 4.403948666396204499e+05 3.947592390962228819e+04 5.263399464552766585e+04 5.878499895466108574e+05 3.890375499491283699e+04 2.424038798019451497e+04 3.947594431145451381e+04 2.517384647109296930e+04 3.947543922829595977e+04 7.894999639030711842e+04 3.462825925227644620e+04 2.631806021344338660e+04 3.947580064570482500e+04
3.322561928188563907e+05 1.466131558732963458e+05 3.378589105496378615e+05 3.454136868583086762e+05 2.481403746818939399e+05 3.113134082931905868e+05 3.454140012416188256e+05 3.454137750268565724e+05 3.454137294769569417e+05 3.061648390329749091e+05 3.440290898914081627e+05 3.454139432571288198e+05 3.791462124293426168e+05 3.454139940803464851e+05 3.454141214217488887e+05 5.492541373868488008e+05 3.454141025715673459e+05 3.433364194163197535e+05 3.454139616054440849e+05 3.454140250772684230e+05 3.454135982127737370e+05 3.454141529405285837e+05 3.405664771364604821e+05 3.454140512401748565e+05 3.454138620062491973e+05
1.065618147562156664e+05 3.378589105496378615e+05 4.989075014503663988e+04 1.065613391885059100e+05 2.753197294361008098e+05 1.816474562965006335e+05 1.065617866455078329e+05 1.065614465218634869e+05 1.065614024262168823e+05 1.257687835954281327e+05 9.035162803963242914e+04 1.065616023802781710e+05 4.106318380529061542e+05 1.065616922516250343e+05 1.016738629805263772e+05 5.701483030769962352e+05 1.065618940354064689e+05 1.065618034384486673e+05 1.065616965108332224e+05 1.064141280822282279e+05 1.065611649667965976e+05 7.108473029679372848e+04 1.065619074764948309e+05 1.065618466253878432e+05 1.065615069023883698e+05
3.947576128644253185e+04 3.454136868583087344e+05 1.065613391885059100e+05 1.112215112698528685e+00 2.875345882486063056e+05 2.048957564874704985e+05 2.193174443298091137e+04 1.642137061153003064e+00 1.626436337957695155e+00 1.656150057152226218e+05 6.140561010140785220e+04 9.697054408718431660e+03 4.403946716231770115e+05 1.315978106211964223e+04 5.263369911446737387e+04 5.878498381995944073e+05 5.206163207234476431e+04 2.631777188678923994e+04 1.315976949957155011e+04 3.876057713988966134e+04 1.340127127323749612e+00 7.894953987262352894e+04 5.263370431736143655e+04 3.947570155593207164e+04 1.739020628099313681e+00
2.875350579034559778e+05 2.481403746818939399e+05 2.753197294361008098e+05 2.875345882486063056e+05 1.017656853541766759e+05 2.216765976564450830e+05 2.875349033883668599e+05 2.875346433245789376e+05 2.875346144693046226e+05 2.405972508257351874e+05 2.875350929618502269e+05 2.875348588392209494e+05 4.041544385047185933e+05 2.875348976796543575e+05 2.875350734800702776e+05 5.685390370666530216e+05 2.875350752652424271e+05 2.875349085166848963e+05 2.875348934726348380e+05 2.875349877099547884e+05 2.875344418490646058e+05 2.875350589038456092e+05 2.875351188096883125e+05 2.875349927612126339e+05 2.875347574085202650e+05
2.048963270655086671e+05 3.113134082931905868e+05 1.816474562965006335e+05 2.048957564874704985e+05 2.216765976564450830e+05 7.054265253774957091e+04 2.048961726390147232e+05 2.048958345553106919e+05 2.048958360722308280e+05 1.254282140202807350e+05 2.048964115123231895e+05 2.048960666356019501e+05 4.234667589465131168e+05 2.048961538279226515e+05 2.048964012634886603e+05 5.589957492417278700e+05 2.048963311136373668e+05 2.048962020376358123e+05 2.048961612636436184e+05 2.048962496926491731e+05 2.048956301610778610e+05 2.048963623502019909e+05 2.048963266245679406e+05 2.048962653288657893e+05 2.048959700936294103e+05
3.070394446204165070e+04 3.454140012416188256e+05 1.065617866455078183e+05 2.193174443298091137e+04 2.875349033883668599e+05 2.048961726390147232e+05 5.849246391942425362e+03 2.193179685665413126e+04 2.193181742865043634e+04 1.656154525225267571e+05 6.140598165380776481e+04 1.223651825464140347e+04 4.403948158464803710e+05 8.773895667285923992e+03 5.263402271681545972e+04 5.878499879859937355e+05 4.328984021463368845e+04 1.477571748879065854e+04 8.773876049650982168e+03 2.998869037377116183e+04 2.193142483220167196e+04 7.894993663200426090e+04 4.386195266378380620e+04 3.070381748880564555e+04 2.193181320338792284e+04
3.947580572792893508e+04 3.454137750268565724e+05 1.065614465218634869e+05 1.642137061153003064e+00 2.875346433245789376e+05 2.048958345553106919e+05 2.193179685665413126e+04 1.162511132326537799e+00 1.707648214565052003e+00 1.656150930265962379e+05 6.140572971925801539e+04 9.697134215488627888e+03 4.403946887135355501e+05 1.315984674439729133e+04 5.263376501888092753e+04 5.878498870596585330e+05 5.206162839960894780e+04 2.631778619248927862e+04 1.315986000935838456e+04 3.876062244941295648e+04 1.401670155701184806e+00 7.894962077563304047e+04 5.263373118016570515e+04 3.947572216913611192e+04 1.788947600819959405e+00
3.947581828412549658e+04 3.454137294769569417e+05 1.065614024262168823e+05 1.626436337957695155e+00 2.875346144693045644e+05 2.048958360722308280e+05 2.193181742865043634e+04 1.707648214565052003e+00 1.181344512462844110e+00 1.656150630716731248e+05 6.140574820711974462e+04 9.697195215611425738e+03 4.403946563724384760e+05 1.315988185137628898e+04 5.263370272174606362e+04 5.878498792366244597e+05 5.206161576307427458e+04 2.631777844244505832e+04 1.315986301704412836e+04 3.876059946170185867e+04 1.382500385223619288e+00 7.894958881634844874e+04 5.263373915823815332e+04 3.947572276791932381e+04 1.780946387338458781e+00
1.656155378803806962e+05 3.061648390329749673e+05 1.257687835954281327e+05 1.656150057152226218e+05 2.405972508257351583e+05 1.254282140202807059e+05 1.656154525225267571e+05 1.656150930265962379e+05 1.656150630716731248e+05 3.720271720675257529e+04 1.656155923073432059e+05 1.656152907865170855e+05 4.220076730390012381e+05 1.656153601045417890e+05 1.656156408123018628e+05 5.743103767481168034e+05 1.656155649712129089e+05 1.656154338655132451e+05 1.656153979458351969e+05 1.656154515137698909e+05 1.656148646255141066e+05 1.643398310819145408e+05 1.656155499618454778e+05 1.656155273388092755e+05 1.656151632240880281e+05
6.002098491992738855e+04 3.440290898914081627e+05 9.035162803963242914e+04 6.140561010140785220e+04 2.875350929618501686e+05 2.048964115123231895e+05 6.140598165380776481e+04 6.140572971925802995e+04 6.140574820711974462e+04 1.656155923073432059e+05 2.371171840919193346e+04 6.140587150047555042e+04 4.360090070376193034e+05 6.140594004553488048e+04 4.379419004542969196e+04 5.716912626647759462e+05 5.757562244409596315e+04 6.118726533935593761e+04 6.140594604661515041e+04 6.127388699250559148e+04 6.140538993473834125e+04 3.874268699401492631e+04 5.689115776709872443e+04 6.140604619083819853e+04 6.140582180738763418e+04
3.947587180677849392e+04 3.454139432571288198e+05 1.065616023802781710e+05 9.697054408718431660e+03 2.875348588392209494e+05 2.048960666356019792e+05 1.223651825464140347e+04 9.697134215488626069e+03 9.697195215611425738e+03 1.656152907865170855e+05 6.140587150047555042e+04 5.104052783508955144e+03 4.403947985618402599e+05 3.464498863619617623e+03 5.263391486360496492e+04 5.878499263968757587e+05 5.206176769318667357e+04 2.427677085640129735e+04 3.464526152741561418e+03 3.876067159774155152e+04 9.696793985092821458e+03 7.894979071509683854e+04 5.263387338264322170e+04 3.947576284942582424e+04 9.697156660499442296e+03
4.403948666396204499e+05 3.791462124293425004e+05 4.106318380529061542e+05 4.403946716231768951e+05 4.041544385047186515e+05 4.234667589465131168e+05 4.403948158464803710e+05 4.403946887135356083e+05 4.403946563724385924e+05 4.220076730390011217e+05 4.360090070376193617e+05 4.403947985618402599e+05 2.004448130177601706e+05 4.403948079224590911e+05 4.403949387979797320e+05 4.749307429529929650e+05 4.403948740106778569e+05 4.403947881636444945e+05 4.403947791292053298e+05 4.403948016399357584e+05 4.403944722357527935e+05 4.237744991122059291e+05 4.403949167519526673e+05 4.403948531649162178e+05 4.403947143646526965e+05
3.947592390962228819e+04 3.454139940803464851e+05 1.065616922516250197e+05 1.315978106211964223e+04 2.875348976796543575e+05 2.048961538279226515e+05 8.773895667285923992e+03 1.315984674439729133e+04 1.315988185137628898e+04 1.656153601045418472e+05 6.140594004553488048e+04 3.464498863619618533e+03 4.403948079224590329e+05 1.288389735696666261e+00 5.263398117805108632e+04 5.878499566620890982e+05 5.206179739474982489e+04 2.354778008311080339e+04 1.840280255435132739e+00 3.876066901751006662e+04 1.315947867383354060e+04 7.894989333067127154e+04 5.263394256625144772e+04 3.947578521036622260e+04 1.315987607258181924e+04
5.263399464552766585e+04 3.454141214217490051e+05 1.016738629805263481e+05 5.263369911446737387e+04 2.875350734800702776e+05 2.048964012634886603e+05 5.263402271681545972e+04 5.263376501888093480e+04 5.263370272174607089e+04 1.656156408123018628e+05 4.379419004542969196e+04 5.263391486360496492e+04 4.403949387979796738e+05 5.263398117805108632e+04 3.965667518450525222e+03 5.878500477904347936e+05 2.689021551982586243e+04 5.263394593879353488e+04 5.263396905478125700e+04 5.250190381261165021e+04 5.263341279066043353e+04 6.534289070426447870e+04 3.116583466787642465e+04 5.263412544897636690e+04 5.263380593101881823e+04
5.878499895466108574e+05 5.492541373868486844e+05 5.701483030769961188e+05 5.878498381995944073e+05 5.685390370666530216e+05 5.589957492417278700e+05 5.878499879859937355e+05 5.878498870596585330e+05 5.878498792366245762e+05 5.743103767481166869e+05 5.716912626647759462e+05 5.878499263968757587e+05 4.749307429529929650e+05 5.878499566620892147e+05 5.878500477904347936e+05 2.726747161168060265e+05 5.878500108239698457e+05 5.878499159068932058e+05 5.878499442989522358e+05 5.878499113232824020e+05 5.878497279481102014e+05 5.649969234818514669e+05 5.878500260526146740e+05 5.878499628524439177e+05 5.878498687370608095e+05
3.890375499491283699e+04 3.454141025715673459e+05 1.065618940354064689e+05 5.206163207234476431e+04 2.875350752652424271e+05 2.048963311136373668e+05 4.328984021463369572e+04 5.206162839960894780e+04 5.206161576307427458e+04 1.656155649712129089e+05 5.757562244409596315e+04 5.206176769318667357e+04 4.403948740106778569e+05 5.206179739474982489e+04 2.689021551982586243e+04 5.878500108239698457e+05 1.095753150513842684e+03 3.890376518580113770e+04 5.206182212028592039e+04 3.775969325257668243e+04 5.206123658571945271e+04 7.895001517283469730e+04 1.857978382469783901e+04 3.890395852271719923e+04 5.206160341128232540e+04
2.424038798019451497e+04 3.433364194163198117e+05 1.065618034384486527e+05 2.631777188678923994e+04 2.875349085166848963e+05 2.048962020376358705e+05 1.477571748879065854e+04 2.631778619248927862e+04 2.631777844244505832e+04 1.656154338655132451e+05 6.118726533935593761e+04 2.427677085640129735e+04 4.403947881636444945e+05 2.354778008311080339e+04 5.263394593879353488e+04 5.878499159068932058e+05 3.890376518580113770e+04 6.999355588092678772e+03 2.354774866794674017e+04 1.729235586534709000e+04 2.631742196112536476e+04 7.894991625177563401e+04 3.871049585646352352e+04 1.800762362592622230e+04 2.631780499615587178e+04
3.947594431145450653e+04 3.454139616054441431e+05 1.065616965108332224e+05 1.315976949957155011e+04 2.875348934726348380e+05 2.048961612636436184e+05 8.773876049650982168e+03 1.315986000935838456e+04 1.315986301704412836e+04 1.656153979458351969e+05 6.140594604661515041e+04 3.464526152741561418e+03 4.403947791292053298e+05 1.840280255435132739e+00 5.263396905478125700e+04 5.878499442989522358e+05 5.206182212028592039e+04 2.354774866794674017e+04 1.237743039633465880e+00 3.876065619016409619e+04 1.315948725941885095e+04 7.894988549548850278e+04 5.263397738112289517e+04 3.947579529615747742e+04 1.315987367563012958e+04
2.517384647109296930e+04 3.454140250772683648e+05 1.064141280822282279e+05 3.876057713988966134e+04 2.875349877099548467e+05 2.048962496926491731e+05 2.998869037377116183e+04 3.876062244941295648e+04 3.876059946170185867e+04 1.656154515137698909e+05 6.127388699250559148e+04 3.876067159774155152e+04 4.403948016399356420e+05 3.876066901751006662e+04 5.250190381261165749e+04 5.878499113232824020e+05 3.775969325257668970e+04 1.729235586534709364e+04 3.876065619016409619e+04 7.553541820325366643e+03 3.876025902777606825e+04 7.881785890072790789e+04 3.833186195743102871e+04 4.864741406964191810e+03 3.876062230321322568e+04
3.947543922829595977e+04 3.454135982127737370e+05 1.065611649667965976e+05 1.340127127323749834e+00 2.875344418490646058e+05 2.048956301610779192e+05 2.193142483220167196e+04 1.401670155701184806e+00 1.382500385223619288e+00 1.656148646255141066e+05 6.140538993473834125e+04 9.696793985092821458e+03 4.403944722357527935e+05 1.315947867383354060e+04 5.263341279066043353e+04 5.878497279481102014e+05 5.206123658571945271e+04 2.631742196112536476e+04 1.315948725941885095e+04 3.876025902777606825e+04 7.726035832892391708e-01 7.894928774889628403e+04 5.263339862135582371e+04 3.947539662578493153e+04 1.424458472786801044e+00
7.894999639030711842e+04 3.454141529405285837e+05 7.108473029679371393e+04 7.894953987262352894e+04 2.875350589038456674e+05 2.048963623502019909e+05 7.894993663200426090e+04 7.894962077563304047e+04 7.894958881634844874e+04 1.643398310819145408e+05 3.874268699401492631e+04 7.894979071509683854e+04 4.237744991122059291e+05 7.894989333067127154e+04 6.534289070426447870e+04 5.649969234818514669e+05 7.895001517283469730e+04 7.894991625177563401e+04 7.894988549548850278e+04 7.881785890072790789e+04 7.894928774889626948e+04 9.068659668510759730e+03 7.895004975416875095e+04 7.895004142818186665e+04 7.894971961470160750e+04
3.462825925227644620e+04 3.405664771364605986e+05 1.065619074764948309e+05 5.263370431736143655e+04 2.875351188096883125e+05 2.048963266245679988e+05 4.386195266378380620e+04 5.263373118016570515e+04 5.263373915823815332e+04 1.656155499618454778e+05 5.689115776709873171e+04 5.263387338264322170e+04 4.403949167519525508e+05 5.263394256625144772e+04 3.116583466787642465e+04 5.878500260526145576e+05 1.857978382469783901e+04 3.871049585646352352e+04 5.263397738112289517e+04 3.833186195743102871e+04 5.263339862135582371e+04 7.895004975416875095e+04 6.124766234156079008e+03 3.947611076703816798e+04 5.263378921940730652e+04
2.631806021344338296e+04 3.454140512401748565e+05 1.065618466253878432e+05 3.947570155593207164e+04 2.875349927612125757e+05 2.048962653288657893e+05 3.070381748880564919e+04 3.947572216913611192e+04 3.947572276791932381e+04 1.656155273388092755e+05 6.140604619083819853e+04 3.947576284942582424e+04 4.403948531649162178e+05 3.947578521036622260e+04 5.263412544897636690e+04 5.878499628524439177e+05 3.890395852271719923e+04 1.800762362592621866e+04 3.947579529615747742e+04 4.864741406964189991e+03 3.947539662578493153e+04 7.895004142818186665e+04 3.947611076703816798e+04 1.344904333558143872e+00 3.947574542273060797e+04
3.947580064570482500e+04 3.454138620062491973e+05 1.065615069023883698e+05 1.739020628099313681e+00 2.875347574085202650e+05 2.048959700936294103e+05 2.193181320338792284e+04 1.788947600819959405e+00 1.780946387338459003e+00 1.656151632240880281e+05 6.140582180738763418e+04 9.697156660499442296e+03 4.403947143646527547e+05 1.315987607258181924e+04 5.263380593101881823e+04 5.878498687370608095e+05 5.206160341128232540e+04 2.631780499615587178e+04 1.315987367563012958e+04 3.876062230321322568e+04 1.424458472786800822e+00 7.894971961470160750e+04 5.263378921940730652e+04 3.947574542273060797e+04 1.208791056056924385e+00
