6.761800332855453233e-01 1.137414606767769731e+00 1.815210646896681865e+05 1.318095532623061894e+00 2.826749871495394036e+05 9.280279834005235170e+04 2.575639072089511319e+04 3.669539531015899411e+04 4.014460664605335478e+04 2.902359239503147364e+03 2.059771822305898240e+04 7.850540200700450805e+04 2.952935831738585330e+04 1.175156345036304701e+05 5.643185504917587969e+04 1.181279178651817892e+04 3.550478126276026014e+05 1.511921082003912015e+05 7.761566104841131164e+03 3.938596428664397081e+03 4.405102494115075096e+05 2.270756684413857583e+05 3.938572884270568011e+03 1.284432597933086173e+00 1.339845494039124896e+00
1.137414606767769731e+00 3.968400995675225307e-01 1.815207712990020518e+05 1.059406185286290603e+00 2.826748318426478072e+05 9.280236388707923470e+04 2.575594254742209159e+04 3.669495034651564492e+04 4.014410972937328916e+04 2.902167598359719705e+03 2.059727604445545876e+04 7.850490015993402631e+04 2.952892316410896456e+04 1.175152427991467994e+05 5.643135567043931951e+04 1.181235268699925291e+04 3.550476400197049952e+05 1.511918342109455843e+05 7.761214603392103527e+03 3.938265028147990961e+03 4.405101186257789377e+05 2.270754473359363910e+05 3.938282727087832427e+03 8.227748163941290827e-01 9.699372253315136083e-01
1.815210646896681865e+05 1.815207712990020518e+05 4.722439390211478894e+04 1.815209712458617287e+05 2.026371936481450684e+05 1.465976199140520184e+05 1.815213818515499006e+05 1.761527389802614634e+05 1.730849432829414436e+05 1.815211020150527766e+05 1.815213194640628062e+05 1.541810377124048828e+05 1.795528888999513874e+05 1.193594030760613241e+05 1.639390878387897101e+05 1.815212939070154389e+05 2.872684849982115556e+05 8.327579545848633279e+04 1.815212034412104404e+05 1.815212436815721157e+05 3.744981425438295119e+05 1.309378942364290269e+05 1.815211860183121171e+05 1.815208347406034009e+05 1.815209318805634393e+05
1.318095532623061894e+00 1.059406185286290603e+00 1.815209712458617287e+05 6.448882245978337924e-01 2.826749301018019905e+05 9.280272881070793665e+04 2.575635937820723484e+04 3.669532933800690807e+04 4.014453485581042332e+04 2.902442052408462587e+03 2.059766766202366489e+04 7.850530701270489953e+04 2.952934727878033664e+04 1.175155733347978385e+05 5.643175397718809836e+04 1.181274228067993681e+04 3.550477839281595079e+05 1.511920731031232572e+05 7.761536529852167405e+03 3.938602507233600591e+03 4.405101987200833391e+05 2.270756088705509901e+05 3.938578456117335918e+03 1.176949831115325473e+00 1.234212170954310572e+00
2.826749871495394036e+05 2.826748318426478072e+05 2.026371936481450102e+05 2.826749301018019905e+05 8.130095351066227886e+04 2.525231207937521685e+05 2.787382961035623448e+05 2.733696092310238746e+05 2.714267624466750422e+05 2.826750958805017290e+05 2.815504064236150007e+05 2.643026863925109501e+05 2.767697924573150813e+05 2.390662970944367698e+05 2.693879259927506209e+05 2.826752310676590423e+05 2.004073644606227172e+05 2.309728916100609640e+05 2.826751278796990518e+05 2.826751731525293435e+05 3.119203238455459941e+05 1.652187384817517595e+05 2.826751306627612794e+05 2.826748356467601261e+05 2.826748855173318880e+05
9.280279834005235170e+04 9.280236388707923470e+04 1.465976199140519893e+05 9.280272881070793665e+04 2.525231207937521685e+05 1.370148950934638378e+04 9.122287658104485308e+04 8.589369072271343612e+04 8.282596223712200299e+04 9.280281764035651577e+04 9.126241692788660293e+04 4.153230261608003639e+04 8.929392760605683725e+04 6.104528842014537076e+04 5.718313105186915345e+04 9.126242478226330422e+04 3.297388289078811649e+05 1.072767514323838259e+05 9.233406120591916260e+04 9.280291089293699770e+04 4.108966405911823967e+05 1.914962109451186552e+05 9.280288056137358944e+04 9.280249155047601380e+04 9.280262514088666649e+04
2.575639072089512047e+04 2.575594254742208432e+04 1.815213818515498424e+05 2.575635937820723120e+04 2.787382961035623448e+05 9.122287658104485308e+04 4.932899498918558493e+03 1.881484809537054389e+04 2.377256489394539312e+04 2.575640505435236992e+04 6.955468757001845916e+03 7.310733421498196549e+04 1.292702487942532753e+04 1.172426410185137211e+05 5.222643121851202886e+04 1.526492564839442821e+04 3.511110543940025964e+05 1.511924002517931513e+05 2.193349740736664171e+04 2.575638145698429071e+04 4.359517993341408437e+05 2.268469357736863312e+05 2.575643509665247620e+04 2.575621989681063860e+04 2.575629913281770496e+04
3.669539531015900138e+04 3.669495034651565220e+04 1.761527389802614634e+05 3.669532933800690807e+04 2.733696092310238746e+05 8.589369072271343612e+04 1.881484809537054389e+04 2.150304124111456531e+03 1.032898457439484628e+04 3.669548528748677199e+04 2.375963675035793131e+04 6.542905624062616698e+04 1.614984331648870648e+04 1.121472593745473423e+05 4.336039048198348610e+04 2.882147696748620001e+04 3.457425101167198736e+05 1.458237797077126743e+05 3.287254442512236710e+04 3.669547407212577673e+04 4.312048098647690495e+05 2.217073343498941103e+05 3.669548758860758244e+04 3.669515678343942272e+04 3.669530276800735010e+04
4.014460664605335478e+04 4.014410972937328916e+04 1.730849432829414145e+05 4.014453485581042332e+04 2.714267624466750422e+05 8.282596223712200299e+04 2.377256489394539312e+04 1.032898457439484628e+04 4.090028235760303687e+03 4.014466929066552257e+04 2.736950762843079065e+04 6.389479952628958563e+04 1.812534562752182319e+04 1.090794441162525327e+05 3.763063472857629677e+04 3.227060928244065508e+04 3.437995669134264463e+05 1.427560059415500727e+05 3.632179123649647954e+04 4.014465704122265743e+04 4.292618959214696661e+05 2.186395659004565387e+05 4.014468010517023504e+04 4.014437493552139495e+04 4.014447268544631515e+04
2.902359239503146455e+03 2.902167598359719705e+03 1.815211020150527474e+05 2.902442052408462132e+03 2.826750958805017290e+05 9.280281764035651577e+04 2.575640505435236628e+04 3.669548528748677199e+04 4.014466929066552257e+04 1.527514897397730920e+03 2.059770187625371909e+04 7.850545035482609819e+04 2.952943973905511302e+04 1.175156968710519577e+05 5.643189564829324081e+04 1.120205438603605398e+04 3.550478548213081085e+05 1.511922335651219764e+05 4.860650156971200886e+03 1.037496206345998417e+03 4.405103068272207165e+05 2.270757408959585882e+05 1.037600336228881133e+03 2.902365849539892224e+03 2.902436502265484705e+03
2.059771822305898240e+04 2.059727604445545876e+04 1.815213194640628062e+05 2.059766766202366489e+04 2.815504064236150007e+05 9.126241692788660293e+04 6.955468757001845916e+03 2.375963675035792767e+04 2.736950762843079065e+04 2.059770187625371909e+04 2.012360416393994228e+03 7.456850087694030663e+04 1.659350860174125046e+04 1.175158347384118679e+05 5.249497480849250860e+04 9.615340525051560689e+03 3.539231209076927626e+05 1.511924113900652737e+05 1.677479858852875259e+04 2.059767630547059525e+04 4.393855510729252128e+05 2.270759579666004283e+05 2.059769900346702707e+04 2.059753695234160114e+04 2.059761659018395949e+04
7.850540200700450805e+04 7.850490015993402631e+04 1.541810377124048828e+05 7.850530701270489953e+04 2.643026863925109501e+05 4.153230261608002911e+04 7.310733421498196549e+04 6.542905624062617426e+04 6.389479952628959290e+04 7.850545035482609819e+04 7.456850087694030663e+04 2.043173844300629935e+04 7.260005203688977053e+04 7.650209595088624337e+04 3.817483488339407631e+04 7.456848555884460802e+04 3.366754485074511613e+05 1.143529158917748282e+05 7.730730227084818762e+04 7.850546028240172018e+04 4.214531253863814636e+05 2.047663491907955904e+05 7.850544687909496133e+04 7.850510579871873779e+04 7.850520065848257218e+04
2.952935831738585694e+04 2.952892316410896456e+04 1.795528888999513583e+05 2.952934727878033664e+04 2.767697924573150813e+05 8.929392760605683725e+04 1.292702487942532753e+04 1.614984331648870648e+04 1.812534562752182319e+04 2.952943973905511666e+04 1.659350860174125046e+04 7.260005203688977053e+04 4.426680334228216452e+03 1.150129725853001728e+05 4.605507331236812752e+04 2.165539264736618134e+04 3.491425641133985482e+05 1.492239129705785890e+05 2.570653762331861435e+04 2.952942614332880839e+04 4.331545195242632180e+05 2.245730850265597983e+05 2.952944621335627380e+04 2.952919876988266697e+04 2.952928858910597046e+04
1.175156345036304847e+05 1.175152427991467848e+05 1.193594030760613532e+05 1.175155733347978385e+05 2.390662970944367698e+05 6.104528842014538532e+04 1.172426410185137356e+05 1.121472593745473423e+05 1.090794441162525327e+05 1.175156968710519577e+05 1.175158347384118679e+05 7.650209595088624337e+04 1.150129725853001728e+05 3.055344013662361249e+04 8.962083595577634696e+04 1.175158271127615153e+05 3.166436578898526495e+05 6.927981110393490235e+04 1.175158358254145132e+05 1.175157267748301529e+05 4.006555623132465407e+05 1.742790831102411903e+05 1.175157321062051196e+05 1.175153803074502503e+05 1.175154655692189408e+05
5.643185504917588696e+04 5.643135567043931951e+04 1.639390878387897101e+05 5.643175397718809836e+04 2.693879259927506209e+05 5.718313105186915345e+04 5.222643121851202886e+04 4.336039048198348610e+04 3.763063472857629677e+04 5.643189564829324081e+04 5.249497480849250860e+04 3.817483488339407631e+04 4.605507331236812752e+04 8.962083595577634696e+04 1.178103097731889829e+04 5.249493093776983733e+04 3.417607141137902508e+05 1.257300118455189804e+05 5.523376483465555793e+04 5.643192673618561821e+04 4.257726435154199135e+05 2.093172086245262471e+05 5.643194340090174228e+04 5.643157199373801268e+04 5.643166584798455006e+04
1.181279178651817892e+04 1.181235268699925291e+04 1.815212939070154389e+05 1.181274228067993681e+04 2.826752310676590423e+05 9.126242478226330422e+04 1.526492564839442457e+04 2.882147696748620001e+04 3.227060928244065508e+04 1.120205438603605398e+04 9.615340525051560689e+03 7.456848555884460802e+04 2.165539264736618134e+04 1.175158271127615153e+05 5.249493093776983733e+04 1.309457712762242636e+03 3.550479761161122588e+05 1.511924037209823146e+05 7.160824203935037076e+03 1.098388544363119217e+04 4.405104178452040069e+05 2.270759010115812998e+05 1.098382175625761738e+04 1.181261426822125395e+04 1.181268491256515699e+04
3.550478126276026014e+05 3.550476400197049952e+05 2.872684849982115556e+05 3.550477839281595079e+05 2.004073644606226881e+05 3.297388289078811649e+05 3.511110543940025964e+05 3.457425101167199900e+05 3.437995669134264463e+05 3.550478548213081085e+05 3.539231209076927626e+05 3.366754485074511613e+05 3.491425641133985482e+05 3.166436578898526495e+05 3.417607141137903673e+05 3.550479761161122588e+05 1.070865340530947142e+05 3.075287255538786994e+05 3.550479773469882784e+05 3.550479654753500945e+05 2.499216381413314375e+05 2.580018001233871037e+05 3.550479306898247451e+05 3.550477253732979298e+05 3.550477120222313097e+05
1.511921082003912015e+05 1.511918342109455843e+05 8.327579545848633279e+04 1.511920731031232572e+05 2.309728916100609640e+05 1.072767514323838259e+05 1.511924002517931513e+05 1.458237797077126743e+05 1.427560059415501019e+05 1.511922335651220055e+05 1.511924113900652737e+05 1.143529158917748282e+05 1.492239129705785890e+05 6.927981110393490235e+04 1.257300118455189804e+05 1.511924037209823146e+05 3.075287255538785830e+05 2.791130072149876287e+04 1.511923601922483649e+05 1.511922974674483412e+05 3.930913179393585888e+05 1.611869247503120278e+05 1.511922874079438334e+05 1.511919002702772850e+05 1.511919986469922296e+05
7.761566104841131164e+03 7.761214603392103527e+03 1.815212034412104113e+05 7.761536529852167405e+03 2.826751278796990518e+05 9.233406120591916260e+04 2.193349740736664171e+04 3.287254442512236710e+04 3.632179123649647227e+04 4.860650156971200886e+03 1.677479858852875259e+04 7.730730227084818762e+04 2.570653762331860707e+04 1.175158358254145132e+05 5.523376483465555793e+04 7.160824203935037076e+03 3.550479773469882784e+05 1.511923601922483358e+05 3.417636709378097748e+03 3.824521540728228047e+03 4.405103518555805204e+05 2.270758033831473731e+05 3.824389738075688001e+03 7.761430570791405444e+03 7.761558296709708884e+03
3.938596428664397081e+03 3.938265028147990961e+03 1.815212436815721157e+05 3.938602507233600591e+03 2.826751731525293435e+05 9.280291089293699770e+04 2.575638145698429071e+04 3.669547407212577673e+04 4.014465704122265743e+04 1.037496206345998189e+03 2.059767630547059525e+04 7.850546028240172018e+04 2.952942614332880476e+04 1.175157267748301529e+05 5.643192673618561821e+04 1.098388544363119217e+04 3.550479654753500945e+05 1.511922974674483121e+05 3.824521540728228047e+03 7.130466448768788545e-01 4.405103688613920822e+05 2.270758288797245768e+05 1.463366365459362939e+00 3.938495357006286213e+03 3.938566956131682218e+03
4.405102494115075096e+05 4.405101186257789377e+05 3.744981425438295119e+05 4.405101987200833391e+05 3.119203238455459941e+05 4.108966405911823967e+05 4.359517993341408437e+05 4.312048098647689912e+05 4.292618959214696661e+05 4.405103068272207165e+05 4.393855510729252128e+05 4.214531253863814636e+05 4.331545195242631598e+05 4.006555623132465407e+05 4.257726435154199135e+05 4.405104178452039487e+05 2.499216381413314375e+05 3.930913179393585888e+05 4.405103518555805204e+05 4.405103688613920822e+05 1.188699292951237003e+05 3.542633475936073228e+05 4.405103009427092038e+05 4.405101185686760582e+05 4.405101738777435385e+05
2.270756684413857583e+05 2.270754473359363910e+05 1.309378942364290560e+05 2.270756088705509901e+05 1.652187384817517595e+05 1.914962109451186261e+05 2.268469357736863312e+05 2.217073343498941103e+05 2.186395659004565387e+05 2.270757408959585882e+05 2.270759579666004283e+05 2.047663491907955904e+05 2.245730850265597983e+05 1.742790831102411903e+05 2.093172086245262471e+05 2.270759010115812998e+05 2.580018001233870746e+05 1.611869247503120569e+05 2.270758033831473731e+05 2.270758288797245768e+05 3.542633475936073228e+05 5.057477328667655092e+04 2.270757780606875604e+05 2.270754884749740304e+05 2.270755676306568785e+05
3.938572884270568011e+03 3.938282727087832427e+03 1.815211860183121171e+05 3.938578456117335918e+03 2.826751306627612794e+05 9.280288056137356034e+04 2.575643509665247257e+04 3.669548758860757516e+04 4.014468010517023504e+04 1.037600336228881133e+03 2.059769900346702707e+04 7.850544687909496133e+04 2.952944621335627016e+04 1.175157321062051196e+05 5.643194340090174228e+04 1.098382175625761738e+04 3.550479306898247451e+05 1.511922874079438043e+05 3.824389738075688001e+03 1.463366365459362939e+00 4.405103009427092038e+05 2.270757780606875604e+05 6.809005042042789446e-01 3.938481885810383119e+03 3.938610909708490453e+03
1.284432597933086173e+00 8.227748163941290827e-01 1.815208347406033718e+05 1.176949831115325473e+00 2.826748356467601261e+05 9.280249155047601380e+04 2.575621989681063133e+04 3.669515678343942272e+04 4.014437493552138767e+04 2.902365849539892224e+03 2.059753695234160114e+04 7.850510579871872324e+04 2.952919876988266697e+04 1.175153803074502503e+05 5.643157199373800540e+04 1.181261426822125395e+04 3.550477253732979298e+05 1.511919002702772850e+05 7.761430570791405444e+03 3.938495357006286213e+03 4.405101185686760582e+05 2.270754884749740304e+05 3.938481885810383119e+03 5.883330503409351930e-01 1.087201059423190230e+00
1.339845494039124896e+00 9.699372253315136083e-01 1.815209318805634393e+05 1.234212170954310572e+00 2.826748855173318880e+05 9.280262514088666649e+04 2.575629913281770496e+04 3.669530276800735010e+04 4.014447268544631515e+04 2.902436502265484705e+03 2.059761659018395949e+04 7.850520065848257218e+04 2.952928858910597046e+04 1.175154655692189408e+05 5.643166584798455006e+04 1.181268491256515699e+04 3.550477120222313097e+05 1.511919986469922296e+05 7.761558296709708884e+03 3.938566956131682218e+03 4.405101738777433638e+05 2.270755676306569367e+05 3.938610909708490453e+03 1.087201059423190452e+00 6.502571928667065793e-01
