3.828430247290637453e+03 4.598071083083999110e+04 3.214288959139832878e+05 8.531997200659656301e+03 1.946819450577480529e+04 8.531867139966323521e+03 4.594721120607879129e+03 8.531936999571731576e+03 8.268078227791385143e+04 4.025455030636747251e+05 2.582973242047844542e+04 1.974728991008203884e+05 1.444999388872684503e+05 8.531981459355169136e+03 8.531953659401653567e+03 8.531963665518602284e+03 2.506112075691754872e+05 1.312512666029162756e+04 1.074763607874358568e+05 5.263625218159773067e+04 8.531474492311446738e+03 8.023807117693772852e+03 8.531730991547485246e+03 4.389658352786479554e+03 4.101249252216384048e+04
4.598071083083999110e+04 4.172186133461729696e+03 2.964946670313935028e+05 4.827725114264902368e+04 3.094213121481078997e+04 4.827701905935656396e+04 4.827733282376063289e+04 4.827714760165209009e+04 5.264146995964876260e+04 3.776112680400493555e+05 2.504670639229687004e+04 1.709717957571474835e+05 1.159098223239187500e+05 4.827718298680277076e+04 4.827726522745619150e+04 4.827713513130897627e+04 2.256769463435962680e+05 3.843477321646612836e+04 7.888622388246208720e+04 1.049399824448965592e+04 4.827669064032865572e+04 4.827729957279812515e+04 4.827688130713863211e+04 4.434031546916549996e+04 8.207197274336105693e+03
3.214288959139832878e+05 2.964946670313935610e+05 8.203893191546367598e+04 3.214288212711807573e+05 3.096179745690384298e+05 3.214285621994229732e+05 3.214288960037878132e+05 3.214286216046353220e+05 2.799853295499607921e+05 2.399544892886026064e+05 3.096179968194960384e+05 2.271982349164944899e+05 2.610330014849731524e+05 3.214287112993917544e+05 3.214287590462558437e+05 3.214286877725105151e+05 1.685319304909646162e+05 3.155234695396068273e+05 2.715338041870417655e+05 2.921826617083723540e+05 3.214285201535623055e+05 3.214288586439564242e+05 3.214285819121256354e+05 3.214289493749191170e+05 2.978070005162196467e+05
8.531997200659656301e+03 4.827725114264902368e+04 3.214288212711807573e+05 7.004628449152526803e-01 2.799837776324277729e+04 1.517433246965561366e+00 3.938760857854554160e+03 1.541778006214115315e+00 8.440313965871071559e+04 4.025454483767529600e+05 3.149795649615038928e+04 1.974727650514243287e+05 1.444998287604869984e+05 1.531071940458452074e+00 1.514244171003792161e+00 1.546806244386856211e+00 2.506111033951502759e+05 2.165542753242286199e+04 1.074763181582899851e+05 5.493269214680591540e+04 1.221397278087363203e+00 5.096763147447966844e+02 1.440499509715119197e+00 1.292015301982351957e+04 4.330907648022580543e+04
1.946819450577480529e+04 3.094213121481078997e+04 3.096179745690384298e+05 2.799837776324277729e+04 2.370176718466942930e+03 2.799827411890275107e+04 2.406140090402570786e+04 2.799832816055743388e+04 6.961506613750971155e+04 3.907345930192394881e+05 1.098368536852323996e+04 1.856619087871516822e+05 1.326888985346933187e+05 2.799838318418284325e+04 2.799841853798658849e+04 2.799838295562094572e+04 2.388002726436370576e+05 9.174381345036841594e+03 9.566531369968513900e+04 3.874728843446775863e+04 2.799781963168964285e+04 2.749038347537059963e+04 2.799807183955257278e+04 1.587590100254864956e+04 2.588555655719992137e+04
8.531867139966323521e+03 4.827701905935656396e+04 3.214285621994229732e+05 1.517433246965561366e+00 2.799827411890275107e+04 6.784492254815911449e-01 3.938673555622242930e+03 1.255983227525309331e+00 8.440285387710537179e+04 4.025452385562566924e+05 3.149780708096217495e+04 1.974725499693684105e+05 1.444995806298112147e+05 1.477425061042256349e+00 1.480636572107210114e+00 1.400263572232657960e+00 2.506108707821120915e+05 2.165528301017214108e+04 1.074760613209420844e+05 5.493247772832307965e+04 9.856079773934901533e-01 5.096084910917625166e+02 1.093135236761263229e+00 1.292002490752267659e+04 4.330887121495589236e+04
4.594721120607879129e+03 4.827733282376063289e+04 3.214288960037878132e+05 3.938760857854554160e+03 2.406140090402570058e+04 3.938673555622242930e+03 7.243205599919175786e-01 3.938742453345466402e+03 8.440316543530851777e+04 4.025454382019432960e+05 2.946601842940743154e+04 1.974728657086465973e+05 1.444999522154649312e+05 3.938763856472222869e+03 3.938749911539116056e+03 3.938730646408635039e+03 2.506111247888214129e+05 1.771829404690916999e+04 1.074764143256281677e+05 5.493286276998703397e+04 3.938283333279913222e+03 3.430527371973278605e+03 3.938539227433235737e+03 8.983006565178908204e+03 4.330911452305899729e+04
8.531936999571731576e+03 4.827714760165209009e+04 3.214286216046353220e+05 1.541778006214115315e+00 2.799832816055743388e+04 1.255983227525309331e+00 3.938742453345466402e+03 6.565199057212549594e-01 8.440291504977036675e+04 4.025452595796708483e+05 3.149788853365986870e+04 1.974726450355210982e+05 1.444996604842304369e+05 1.373386400942913532e+00 1.537570807445131749e+00 1.348423391027011364e+00 2.506109137286265905e+05 2.165535282227788412e+04 1.074761147735409322e+05 5.493256629892839555e+04 1.068318174697444611e+00 5.096659750157946860e+02 1.254885937605850321e+00 1.292009151170750374e+04 4.330896296673364122e+04
8.268078227791385143e+04 5.264146995964876260e+04 2.799853295499607339e+05 8.440313965871071559e+04 6.961506613750971155e+04 8.440285387710537179e+04 8.440316543530851777e+04 8.440291504977036675e+04 1.043635612838388806e+04 3.621913232219131896e+05 6.942072381118404155e+04 1.470835525079814834e+05 8.602846822697039170e+04 8.440305357101497066e+04 8.440309932609478710e+04 8.440302412936712790e+04 2.056624084388669580e+05 7.554491540768185223e+04 3.328300552525484818e+04 4.434131650095946679e+04 8.440256326287878619e+04 8.440314875850421959e+04 8.440265242938688607e+04 8.145040612513516680e+04 5.760963315011392115e+04
4.025455030636747251e+05 3.776112680400493555e+05 2.399544892886026355e+05 4.025454483767530182e+05 3.907345930192394881e+05 4.025452385562566924e+05 4.025454382019432960e+05 4.025452595796708483e+05 3.621913232219133060e+05 1.252322342734455306e+05 3.907345610154588940e+05 3.061805667915276717e+05 3.414886188931456418e+05 4.025453296329561854e+05 4.025453787553380826e+05 4.025453095273210201e+05 2.674032647046121419e+05 3.966400080311421771e+05 3.556452555808827747e+05 3.732993230555423652e+05 4.025451575215333723e+05 4.025454532490807469e+05 4.025451974575489294e+05 4.025455110868723714e+05 3.789235697633755044e+05
2.582973242047843451e+04 2.504670639229687004e+04 3.096179968194960384e+05 3.149795649615038928e+04 1.098368536852323450e+04 3.149780708096217495e+04 2.946601842940743154e+04 3.149788853365986870e+04 6.942072381118404155e+04 3.907345610154588940e+05 3.881058947690842615e+03 1.856619322761581861e+05 1.326889992356468283e+05 3.149793883562814881e+04 3.149803483542900358e+04 3.149794169654767393e+04 2.388002713064508862e+05 1.732681513081009689e+04 9.566540087446216785e+04 3.267238368398315652e+04 3.149745676344443928e+04 3.123582128979507979e+04 3.149770000755443107e+04 2.323239528075422641e+04 1.786376944700247623e+04
1.974728991008204175e+05 1.709717957571474835e+05 2.271982349164944899e+05 1.974727650514243287e+05 1.856619087871516822e+05 1.974725499693684105e+05 1.974728657086465973e+05 1.974726450355210982e+05 1.470835525079814543e+05 3.061805667915276717e+05 1.856619322761581861e+05 5.844395553682516038e+04 9.928768170493404614e+04 1.974727406947751588e+05 1.974727557822293893e+05 1.974726402881070680e+05 1.382256052906850528e+05 1.915673828645548201e+05 1.269719887690153701e+05 1.665393338745602523e+05 1.974723502546692034e+05 1.974727960305646993e+05 1.974724869579044171e+05 1.974729150695058925e+05 1.738508751692857186e+05
1.444999388872684503e+05 1.159098223239187646e+05 2.610330014849731524e+05 1.444998287604869984e+05 1.326888985346933187e+05 1.444995806298112439e+05 1.444999522154649312e+05 1.444996604842304369e+05 8.602846822697037715e+04 3.414886188931457582e+05 1.326889992356468283e+05 9.928768170493404614e+04 2.749594054137882631e+04 1.444998446786904824e+05 1.444998465827475011e+05 1.444997616175934090e+05 1.774226697908847418e+05 1.385944393330269377e+05 6.189264155776795815e+04 1.100619121177586348e+05 1.444993293528041104e+05 1.444999219818463898e+05 1.444994287378909357e+05 1.444999336197965895e+05 1.208779227771795704e+05
8.531981459355169136e+03 4.827718298680277076e+04 3.214287112993917544e+05 1.531071940458452296e+00 2.799838318418284325e+04 1.477425061042256349e+00 3.938763856472222869e+03 1.373386400942913532e+00 8.440305357101497066e+04 4.025453296329561854e+05 3.149793883562815608e+04 1.974727406947751588e+05 1.444998446786904824e+05 6.832883382182531884e-01 1.504859426709827863e+00 1.397636817538140397e+00 2.506109945199180802e+05 2.165542205261826166e+04 1.074763050670064258e+05 5.493264804630111757e+04 1.198083251652838577e+00 5.096523591176132868e+02 1.414880917078291223e+00 1.292009141129877025e+04 4.330902934421236569e+04
8.531953659401653567e+03 4.827726522745619150e+04 3.214287590462558437e+05 1.514244171003792161e+00 2.799841853798658849e+04 1.480636572107210114e+00 3.938749911539116056e+03 1.537570807445131749e+00 8.440309932609478710e+04 4.025453787553380826e+05 3.149803483542900358e+04 1.974727557822293893e+05 1.444998465827474720e+05 1.504859426709827863e+00 7.120654424500862945e-01 1.525305025302250872e+00 2.506110838794351148e+05 2.165538615522248801e+04 1.074762566290795367e+05 5.493272071469714137e+04 1.210872698519165125e+00 5.096085383156085413e+02 1.390846018466706635e+00 1.292016198935862667e+04 4.330907652323630464e+04
8.531963665518602284e+03 4.827713513130897627e+04 3.214286877725105151e+05 1.546806244386856211e+00 2.799838295562094572e+04 1.400263572232657960e+00 3.938730646408635039e+03 1.348423391027011364e+00 8.440302412936712790e+04 4.025453095273210201e+05 3.149794169654767393e+04 1.974726402881070680e+05 1.444997616175934090e+05 1.397636817538140397e+00 1.525305025302250872e+00 6.995189757684381338e-01 2.506109427921423048e+05 2.165538522382994779e+04 1.074762453344552050e+05 5.493261697861624270e+04 1.156699879785886731e+00 5.096644447423568636e+02 1.325901456155291092e+00 1.292011771047124421e+04 4.330896518364346412e+04
2.506112075691754872e+05 2.256769463435962680e+05 1.685319304909646162e+05 2.506111033951502759e+05 2.388002726436370576e+05 2.506108707821120915e+05 2.506111247888213838e+05 2.506109137286265905e+05 2.056624084388669580e+05 2.674032647046120837e+05 2.388002713064508862e+05 1.382256052906850236e+05 1.774226697908847418e+05 2.506109945199180511e+05 2.506110838794351148e+05 2.506109427921423048e+05 6.457419590751778014e+04 2.447057202655433503e+05 1.924445425299948256e+05 2.213650318644036597e+05 2.506107345565017895e+05 2.506111052445956448e+05 2.506108491929979937e+05 2.506112264460380247e+05 2.269892533658484172e+05
1.312512666029163120e+04 3.843477321646613564e+04 3.155234695396068273e+05 2.165542753242286562e+04 9.174381345036841594e+03 2.165528301017214108e+04 1.771829404690917363e+04 2.165535282227788775e+04 7.554491540768185223e+04 3.966400080311421771e+05 1.732681513081009689e+04 1.915673828645548201e+05 1.385944393330269377e+05 2.165542205261826166e+04 2.165538615522249529e+04 2.165538522382994779e+04 2.447057202655433503e+05 5.906353874649503268e+03 1.015708910843277699e+05 4.509028183123894269e+04 2.165485693889854883e+04 2.114735797414970511e+04 2.165510511606444561e+04 8.736902642436627502e+03 3.346653847617339488e+04
1.074763607874358568e+05 7.888622388246208720e+04 2.715338041870417655e+05 1.074763181582899851e+05 9.566531369968513900e+04 1.074760613209420844e+05 1.074764143256281968e+05 1.074761147735409322e+05 3.328300552525484818e+04 3.556452555808827747e+05 9.566540087446219695e+04 1.269719887690153701e+05 6.189264155776795815e+04 1.074763050670064258e+05 1.074762566290795367e+05 1.074762453344552050e+05 1.924445425299948256e+05 1.015708910843277699e+05 1.891573706129538186e+04 7.154890637144105858e+04 1.074757836738275073e+05 1.074763560063908371e+05 1.074758828692721872e+05 1.074764245825557446e+05 8.385430674112259294e+04
5.263625218159773067e+04 1.049399824448965592e+04 2.921826617083723540e+05 5.493269214680591540e+04 3.874728843446775136e+04 5.493247772832307965e+04 5.493286276998703397e+04 5.493256629892839555e+04 4.434131650095946679e+04 3.732993230555423652e+05 3.267238368398315652e+04 1.665393338745602523e+05 1.100619121177586348e+05 5.493264804630111757e+04 5.493272071469714137e+04 5.493261697861624270e+04 2.213650318644036597e+05 4.509028183123894269e+04 7.154890637144105858e+04 9.087175016383978800e+03 5.493218444625287520e+04 5.493279112536021421e+04 5.493233769706119347e+04 5.099579046165708860e+04 1.772692841205777586e+04
8.531474492311446738e+03 4.827669064032865572e+04 3.214285201535623055e+05 1.221397278087363425e+00 2.799781963168964285e+04 9.856079773934901533e-01 3.938283333279913222e+03 1.068318174697444611e+00 8.440256326287878619e+04 4.025451575215333723e+05 3.149745676344443928e+04 1.974723502546692034e+05 1.444993293528041104e+05 1.198083251652838577e+00 1.210872698519165347e+00 1.156699879785886509e+00 2.506107345565017895e+05 2.165485693889854883e+04 1.074757836738275073e+05 5.493218444625287520e+04 3.966852123562071841e-01 5.092430284035322074e+02 7.744132204171764178e-01 1.291960824739724558e+04 4.330851347969969356e+04
8.023807117693773762e+03 4.827729957279812515e+04 3.214288586439564242e+05 5.096763147447966844e+02 2.749038347537059963e+04 5.096084910917625166e+02 3.430527371973279060e+03 5.096659750157946860e+02 8.440314875850423414e+04 4.025454532490807469e+05 3.123582128979507979e+04 1.974727960305646993e+05 1.444999219818463898e+05 5.096523591176132868e+02 5.096085383156085413e+02 5.096644447423568067e+02 2.506111052445956448e+05 2.114735797414970511e+04 1.074763560063908371e+05 5.493279112536021421e+04 5.092430284035321506e+02 8.857006570317786327e+02 5.094986735510839821e+02 1.241205950332799875e+04 4.330909694232823676e+04
8.531730991547485246e+03 4.827688130713863211e+04 3.214285819121256354e+05 1.440499509715119197e+00 2.799807183955257278e+04 1.093135236761263229e+00 3.938539227433235737e+03 1.254885937605850321e+00 8.440265242938688607e+04 4.025451974575489294e+05 3.149770000755443834e+04 1.974724869579044171e+05 1.444994287378909357e+05 1.414880917078291223e+00 1.390846018466706635e+00 1.325901456155291314e+00 2.506108491929979937e+05 2.165510511606444561e+04 1.074758828692721872e+05 5.493233769706119347e+04 7.744132204171764178e-01 5.094986735510839821e+02 5.994947271050464765e-01 1.291986871396021888e+04 4.330872780547009461e+04
4.389658352786479554e+03 4.434031546916549996e+04 3.214289493749191170e+05 1.292015301982351957e+04 1.587590100254864774e+04 1.292002490752267659e+04 8.983006565178908204e+03 1.292009151170750374e+04 8.145040612513516680e+04 4.025455110868723132e+05 2.323239528075422641e+04 1.974729150695058925e+05 1.444999336197965895e+05 1.292009141129877025e+04 1.292016198935862667e+04 1.292011771047124421e+04 2.506112264460380247e+05 8.736902642436623864e+03 1.074764245825557446e+05 5.099579046165708860e+04 1.291960824739724558e+04 1.241205950332799875e+04 1.291986871396021888e+04 1.592464651937495773e+03 3.937210849616505584e+04
4.101249252216384048e+04 8.207197274336105693e+03 2.978070005162195885e+05 4.330907648022580543e+04 2.588555655719992137e+04 4.330887121495589236e+04 4.330911452305899729e+04 4.330896296673364122e+04 5.760963315011392115e+04 3.789235697633755044e+05 1.786376944700247259e+04 1.738508751692857477e+05 1.208779227771795850e+05 4.330902934421237296e+04 4.330907652323631191e+04 4.330896518364347139e+04 2.269892533658483881e+05 3.346653847617338761e+04 8.385430674112259294e+04 1.772692841205777586e+04 4.330851347969969356e+04 4.330909694232823676e+04 4.330872780547009461e+04 3.937210849616505584e+04 1.938560194916542741e+03
