8.034677409182605645e-01 1.923097825256298529e+05 1.925357548751024828e+00 2.349598053489546583e+05 7.692516295533835364e+04 1.767079227484331216e+00 7.692526562598643068e+04 2.040648671925489044e+00 1.236748177905394819e+00 1.624476120453966388e+00 3.846356432727855281e+04 3.846360600191383128e+04 1.512466267242432272e+00 1.600808162020968650e+00 8.333565455792321882e+04 1.991441774471029991e+00 1.739876013486747475e+00 1.601227260674263816e+05 1.898226495985273488e+00 1.972907553767256683e+00 1.821999782038336679e+00 1.670148303772663656e+00 4.395814471021267673e+04 1.928995639516395189e+00 3.507096235243059346e+05
1.923097825256298529e+05 2.557128227632819835e+04 1.923098899673841079e+05 6.896813582681698608e+04 1.538485425840053358e+05 1.923096317314217740e+05 1.538484283467037603e+05 1.923099106184743578e+05 1.923092593143758131e+05 1.923095491339628934e+05 1.538484466815061460e+05 1.538484043349080603e+05 1.923093303266829753e+05 1.923094259950940032e+05 1.474381919082812092e+05 1.923099243926959170e+05 1.923097413095421507e+05 7.901196195156195608e+04 1.923098176319085469e+05 1.923098624415200029e+05 1.923098423032313876e+05 1.923096396027704177e+05 1.538484759238368133e+05 1.923098503581059631e+05 2.391389197229966230e+05
1.925357548751024828e+00 1.923098899673841079e+05 8.379920474174668010e-01 2.349599222945277870e+05 7.692532418083638186e+04 1.911530783157468827e+00 7.692529495441415929e+04 1.814484540827153936e+00 1.281658678341344615e+00 1.962621940821462685e+00 3.846361677373602288e+04 3.846364054323385790e+04 1.586865637559659925e+00 1.787764364249289306e+00 8.333570653223915724e+04 2.006577530439604740e+00 1.976075521812836966e+00 1.601228447469679813e+05 1.848831661959519534e+00 1.822973752338415965e+00 1.811546995612330235e+00 1.871833282862984449e+00 4.395827843299039523e+04 1.914867083221317046e+00 3.507097178051598021e+05
2.349598053489546583e+05 6.896813582681698608e+04 2.349599222945277870e+05 2.578473208238778534e+04 1.964985293980811257e+05 2.349595805221816408e+05 1.964985101415902900e+05 2.349599541288981563e+05 2.349593536645797139e+05 2.349593624132065743e+05 1.964984882151771744e+05 1.964983830816095870e+05 2.349593423353305552e+05 2.349593434338399675e+05 1.900882856625306304e+05 2.349599969840364065e+05 2.349597364591759106e+05 1.350863244792134210e+05 2.349598003234745702e+05 2.349599089108902263e+05 2.349598863117922738e+05 2.349595936474735790e+05 1.964985059220877592e+05 2.349597983377907076e+05 2.478898200073371700e+05
7.692516295533835364e+04 1.538485425840053067e+05 7.692532418083638186e+04 1.964985293980811257e+05 9.530299443829483019e-01 7.692504926804258139e+04 2.381151387919609624e+04 7.692526744439179311e+04 7.692454752916605503e+04 7.692497668741951929e+04 3.846352021689264802e+04 3.846358133419798833e+04 7.692462642105839041e+04 7.692493510398072249e+04 4.487414308450298995e+04 7.692519304669612029e+04 7.692517500560024928e+04 1.216613627012599754e+05 7.692521941854254692e+04 7.692532207050430588e+04 7.692524199770198902e+04 7.692505746827171242e+04 3.846343605419517553e+04 7.692528992671586457e+04 2.737866648555153515e+05
1.767079227484330994e+00 1.923096317314217740e+05 1.911530783157468827e+00 2.349595805221816408e+05 7.692504926804258139e+04 7.588983451941252456e-01 7.692499534150875115e+04 1.897605396988418791e+00 1.138614948241181368e+00 1.423748975397234773e+00 3.846347332214981725e+04 3.846337326008616947e+04 1.333780235952244375e+00 1.406066670439103605e+00 8.333540587671444518e+04 1.948876959750359461e+00 1.740375201561144225e+00 1.601226311514905829e+05 1.734491269877451280e+00 1.898036109885422817e+00 1.756249301223355541e+00 1.472347878287092682e+00 4.395791866316689266e+04 1.788638298332204446e+00 3.507093831701154704e+05
7.692526562598643068e+04 1.538484283467037603e+05 7.692529495441415929e+04 1.964985101415902900e+05 2.381151387919609624e+04 7.692499534150875115e+04 1.814156810441179914e+04 7.692530384380508622e+04 7.692454988468239026e+04 7.692498055392777314e+04 3.846360810558088997e+04 3.846358424443659896e+04 7.692466974007150566e+04 7.692492180861381348e+04 2.106436446161746062e+04 7.692524488939925504e+04 7.692523644526141288e+04 1.069220291223341628e+05 7.692523903615064046e+04 7.692529596756699902e+04 7.692523187236452941e+04 7.692509497242170619e+04 3.506212567485850013e+04 7.692531689437266323e+04 2.975962800039164140e+05
2.040648671925489044e+00 1.923099106184743578e+05 1.814484540827153936e+00 2.349599541288981563e+05 7.692526744439179311e+04 1.897605396988419013e+00 7.692530384380510077e+04 8.661915575613172713e-01 1.314514007333073664e+00 1.852873097766118526e+00 3.846367158146829024e+04 3.846366499297766131e+04 1.589511183245529091e+00 1.805727439191766148e+00 8.333569680619456631e+04 1.933617824645629479e+00 1.858828267859258920e+00 1.601227534154694586e+05 1.998544960220739242e+00 1.883276753102338885e+00 1.902865901869343013e+00 1.923693624487120113e+00 4.395832201715938572e+04 1.835076816373120590e+00 3.507097533968307544e+05
1.236748177905394819e+00 1.923092593143758131e+05 1.281658678341344393e+00 2.349593536645797139e+05 7.692454752916605503e+04 1.138614948241181368e+00 7.692454988468239026e+04 1.314514007333073664e+00 3.968890612667431705e-01 1.170323080899591917e+00 3.846293696791388356e+04 3.846288079373604705e+04 7.933384692787103232e-01 1.030444011785248470e+00 8.333485979314852739e+04 1.368299379005051941e+00 1.250320264561067152e+00 1.601221228609701793e+05 1.268695231829210623e+00 1.273802377156052712e+00 1.228092562914132824e+00 1.137544709360942763e+00 4.395748816519587126e+04 1.258653985019350330e+00 3.507091947770275292e+05
1.624476120453966166e+00 1.923095491339628643e+05 1.962621940821462463e+00 2.349593624132065161e+05 7.692497668741951929e+04 1.423748975397234329e+00 7.692498055392777314e+04 1.852873097766118526e+00 1.170323080899592361e+00 6.431151415785669734e-01 3.846343861888465472e+04 3.846345324832972256e+04 1.317633497237070461e+00 1.269510795695711236e+00 8.333540096224952140e+04 1.824809826519101952e+00 1.527642031366290842e+00 1.601225761018103221e+05 1.780196881151268506e+00 1.782769145255203247e+00 1.813111520947500388e+00 1.447414279963124883e+00 4.395805862889043055e+04 1.797485589085428437e+00 3.507092306435321807e+05
3.846356432727855281e+04 1.538484466815061460e+05 3.846361677373602288e+04 1.964984882151771744e+05 3.846352021689264802e+04 3.846347332214981725e+04 3.846360810558088997e+04 3.846367158146829024e+04 3.846293696791388356e+04 3.846343861888465472e+04 9.123897260043681845e-01 1.808185162885611597e+00 3.846315827693566098e+04 3.846335024368444283e+04 4.487405200648406753e+04 3.846366968864853698e+04 3.846361036451711698e+04 1.216613579850710958e+05 3.846377867742266972e+04 3.846359751639162278e+04 3.846363510337675689e+04 3.846353838755845209e+04 5.496435449874297774e+03 3.846372281318249588e+04 3.122483126588332234e+05
3.846360600191383128e+04 1.538484043349080603e+05 3.846364054323385790e+04 1.964983830816095870e+05 3.846358133419798833e+04 3.846337326008616219e+04 3.846358424443659896e+04 3.846366499297766131e+04 3.846288079373604705e+04 3.846345324832972256e+04 1.808185162885611375e+00 7.470447335750871609e-01 3.846315185538909282e+04 3.846334981416942901e+04 4.487396777799292613e+04 3.846354022661703493e+04 3.846362563111090276e+04 1.216612643038573442e+05 3.846363227605354041e+04 3.846367258070308162e+04 3.846361953218381677e+04 3.846352157474447449e+04 5.496355372354056271e+03 3.846362247761858453e+04 3.122483110923459753e+05
1.512466267242432494e+00 1.923093303266829462e+05 1.586865637559659925e+00 2.349593423353305261e+05 7.692462642105839041e+04 1.333780235952244375e+00 7.692466974007150566e+04 1.589511183245529091e+00 7.933384692787102122e-01 1.317633497237070461e+00 3.846315827693566098e+04 3.846315185538909282e+04 5.083401122760652369e-01 1.099559289810028595e+00 8.333498056498973165e+04 1.520936818336053209e+00 1.419657147263007513e+00 1.601221805876543804e+05 1.470399337835193165e+00 1.575730942072678387e+00 1.599861986148120474e+00 1.344967713046000934e+00 4.395771382539416663e+04 1.559949064693945342e+00 3.507092310018322896e+05
1.600808162020968650e+00 1.923094259950940032e+05 1.787764364249288862e+00 2.349593434338399675e+05 7.692493510398072249e+04 1.406066670439103605e+00 7.692492180861381348e+04 1.805727439191766148e+00 1.030444011785248248e+00 1.269510795695711236e+00 3.846335024368444283e+04 3.846334981416942901e+04 1.099559289810028595e+00 6.707674743466105483e-01 8.333523426448025566e+04 1.784443007314299834e+00 1.550494291415616344e+00 1.601224278197378153e+05 1.597577922077615398e+00 1.696993969079284126e+00 1.642498742374985721e+00 1.497536740857847937e+00 4.395790132002968312e+04 1.714782401652131805e+00 3.507091712760621449e+05
8.333565455792321882e+04 1.474381919082812092e+05 8.333570653223915724e+04 1.900882856625306304e+05 4.487414308450298995e+04 8.333540587671443063e+04 2.106436446161746062e+04 8.333569680619455175e+04 8.333485979314852739e+04 8.333540096224952140e+04 4.487405200648406753e+04 4.487396777799292613e+04 8.333498056498973165e+04 8.333523426448025566e+04 1.068481877653328047e+04 8.333563491738706944e+04 8.333560198149617645e+04 9.144139318062637176e+04 8.333554104941133119e+04 8.333567114174156450e+04 8.333561301418498624e+04 8.333548644038007478e+04 3.937948122925543430e+04 8.333566597677998652e+04 3.058379226430362905e+05
1.991441774471029991e+00 1.923099243926959170e+05 2.006577530439604740e+00 2.349599969840363774e+05 7.692519304669612029e+04 1.948876959750359461e+00 7.692524488939925504e+04 1.933617824645629701e+00 1.368299379005051941e+00 1.824809826519101952e+00 3.846366968864853698e+04 3.846354022661703493e+04 1.520936818336053209e+00 1.784443007314300056e+00 8.333563491738706944e+04 8.953402735974087534e-01 2.086767721805761422e+00 1.601228101161541126e+05 2.040643545847462104e+00 2.011923592948760664e+00 2.032608662415450684e+00 1.986564860465464211e+00 4.395818304199902195e+04 2.015111056196568828e+00 3.507097670299091260e+05
1.739876013486747475e+00 1.923097413095421507e+05 1.976075521812836966e+00 2.349597364591759106e+05 7.692517500560024928e+04 1.740375201561144225e+00 7.692523644526141288e+04 1.858828267859258920e+00 1.250320264561067152e+00 1.527642031366291064e+00 3.846361036451711698e+04 3.846362563111090276e+04 1.419657147263007513e+00 1.550494291415616344e+00 8.333560198149617645e+04 2.086767721805761866e+00 7.769040127801355444e-01 1.601226594813230913e+05 1.912948783795773045e+00 1.777801004985296807e+00 1.841126854986755212e+00 1.611816565648025223e+00 4.395816568021203420e+04 1.877862017266135553e+00 3.507094001356994268e+05
1.601227260674263816e+05 7.901196195156197064e+04 1.601228447469679813e+05 1.350863244792134210e+05 1.216613627012599754e+05 1.601226311514905829e+05 1.069220291223341628e+05 1.601227534154694586e+05 1.601221228609701793e+05 1.601225761018103512e+05 1.216613579850710958e+05 1.216612643038573442e+05 1.601221805876543804e+05 1.601224278197378153e+05 9.144139318062637176e+04 1.601228101161541126e+05 1.601226594813230913e+05 3.499360141738245875e+04 1.601227768390807323e+05 1.601227958988292667e+05 1.601227302112747275e+05 1.601226392508494901e+05 1.182600432861361915e+05 1.601227857971699850e+05 2.689315396615445497e+05
1.898226495985273488e+00 1.923098176319085469e+05 1.848831661959519534e+00 2.349598003234745702e+05 7.692521941854254692e+04 1.734491269877451280e+00 7.692523903615064046e+04 1.998544960220739242e+00 1.268695231829210623e+00 1.780196881151268729e+00 3.846377867742266972e+04 3.846363227605354041e+04 1.470399337835193165e+00 1.597577922077615398e+00 8.333554104941133119e+04 2.040643545847461660e+00 1.912948783795773045e+00 1.601227768390807323e+05 7.967031900711947223e-01 1.973354064712441680e+00 1.834857175035981669e+00 1.791837420679518456e+00 4.395831036731745553e+04 1.792399527125802861e+00 3.507095717292598565e+05
1.972907553767256461e+00 1.923098624415200029e+05 1.822973752338415965e+00 2.349599089108902263e+05 7.692532207050430588e+04 1.898036109885423040e+00 7.692529596756699902e+04 1.883276753102339107e+00 1.273802377156052934e+00 1.782769145255203691e+00 3.846359751639162278e+04 3.846367258070308162e+04 1.575730942072678831e+00 1.696993969079284126e+00 8.333567114174156450e+04 2.011923592948761108e+00 1.777801004985296807e+00 1.601227958988292376e+05 1.973354064712442124e+00 7.868069205922978426e-01 1.940692664414260582e+00 1.808763826237748784e+00 4.395831525282024086e+04 1.755055119463152069e+00 3.507096781979904626e+05
1.821999782038336679e+00 1.923098423032313876e+05 1.811546995612330235e+00 2.349598863117922447e+05 7.692524199770198902e+04 1.756249301223355763e+00 7.692523187236452941e+04 1.902865901869342791e+00 1.228092562914133046e+00 1.813111520947500610e+00 3.846363510337675689e+04 3.846361953218381677e+04 1.599861986148120474e+00 1.642498742374985721e+00 8.333561301418498624e+04 2.032608662415450684e+00 1.841126854986755212e+00 1.601227302112747275e+05 1.834857175035981891e+00 1.940692664414260582e+00 8.451047138360081590e-01 1.869249712256134899e+00 4.395820296213195979e+04 1.798981250548094657e+00 3.507095924770773272e+05
1.670148303772663656e+00 1.923096396027704177e+05 1.871833282862984449e+00 2.349595936474735208e+05 7.692505746827171242e+04 1.472347878287092682e+00 7.692509497242170619e+04 1.923693624487120113e+00 1.137544709360942541e+00 1.447414279963124883e+00 3.846353838755845209e+04 3.846352157474447449e+04 1.344967713046000934e+00 1.497536740857847937e+00 8.333548644038007478e+04 1.986564860465464211e+00 1.611816565648025223e+00 1.601226392508494901e+05 1.791837420679518456e+00 1.808763826237748784e+00 1.869249712256134899e+00 7.392075877922048566e-01 4.395810093127384607e+04 1.887882982098431306e+00 3.507094650372060132e+05
4.395814471021267673e+04 1.538484759238368133e+05 4.395827843299039523e+04 1.964985059220877592e+05 3.846343605419517553e+04 4.395791866316689266e+04 3.506212567485849286e+04 4.395832201715938572e+04 4.395748816519587126e+04 4.395805862889043055e+04 5.496435449874299593e+03 5.496355372354057181e+03 4.395771382539416663e+04 4.395790132002968312e+04 3.937948122925543430e+04 4.395818304199902195e+04 4.395816568021203420e+04 1.182600432861361915e+05 4.395831036731745553e+04 4.395831525282024086e+04 4.395820296213195979e+04 4.395810093127384607e+04 9.419967399149538323e+03 4.395828551475509448e+04 3.122483459562142962e+05
1.928995639516395411e+00 1.923098503581059631e+05 1.914867083221317046e+00 2.349597983377906785e+05 7.692528992671586457e+04 1.788638298332204446e+00 7.692531689437266323e+04 1.835076816373120590e+00 1.258653985019349886e+00 1.797485589085428437e+00 3.846372281318249588e+04 3.846362247761858453e+04 1.559949064693945342e+00 1.714782401652131805e+00 8.333566597677998652e+04 2.015111056196568828e+00 1.877862017266135553e+00 1.601227857971699850e+05 1.792399527125803083e+00 1.755055119463152069e+00 1.798981250548094657e+00 1.887882982098431750e+00 4.395828551475509448e+04 7.788468637393394234e-01 3.507095568494030740e+05
3.507096235243059928e+05 2.391389197229966230e+05 3.507097178051598021e+05 2.478898200073371700e+05 2.737866648555153515e+05 3.507093831701154704e+05 2.975962800039164140e+05 3.507097533968307544e+05 3.507091947770274710e+05 3.507092306435321807e+05 3.122483126588332234e+05 3.122483110923460335e+05 3.507092310018322896e+05 3.507091712760621449e+05 3.058379226430362905e+05 3.507097670299090678e+05 3.507094001356995432e+05 2.689315396615446080e+05 3.507095717292599147e+05 3.507096781979904626e+05 3.507095924770773272e+05 3.507094650372060132e+05 3.122483459562142962e+05 3.507095568494030158e+05 1.092443641843731457e+05
