1.138057355130351425e+04 4.276580009303078987e+04 5.263407388120705582e+04 5.263416911310547584e+04 3.054784294249344748e+04 1.041694388514747407e+05 5.263399917690725852e+04 5.263361168867989909e+04 5.263417978180081991e+04 5.263406285026540718e+04 6.045032186490980675e+05 5.263393921924393362e+04 4.276585742591426970e+04 2.800043722449913039e+05 4.276584552116328268e+04 1.866888108447141130e+05 4.276593615092628170e+04 5.263422917171708832e+04 5.263426967447747302e+04 2.290579741080749227e+04 4.209062347673525801e+05 4.246218924154109845e+04 4.687767201906331320e+04 4.276589290697206889e+04 5.263378187202382833e+04
4.276580009303078987e+04 1.326150607314126706e+00 2.631794157142235781e+04 2.631797079980565832e+04 2.537843796822932927e+04 1.315815279398297425e+05 2.631789473585562155e+04 2.631743248438255614e+04 2.631796922869571426e+04 2.631793009256786900e+04 6.073814242289414397e+05 2.631783699067138514e+04 1.316026852461660565e+04 2.800041615711521008e+05 5.484649172802576686e+03 1.923277452427989338e+05 2.048636441572937006e+00 2.631795767353627525e+04 2.631797841111716843e+04 3.133092714008191979e+04 4.209060960352967959e+05 7.502130389977365849e+04 1.096697252910471252e+04 2.037058526782109524e+00 2.631778078796164118e+04
5.263407388120705582e+04 2.631794157142235781e+04 1.282616435180363057e+00 1.972580011741612571e+00 3.853626375732577435e+04 1.315813317447696463e+05 1.956373884866377200e+00 1.469444571542559252e+00 1.882201412786021155e+00 1.934489830869158267e+00 6.073813705643196590e+05 1.890539695791132679e+00 2.631807935814070152e+04 2.800039635979402228e+05 2.631800731169193386e+04 1.923275039987605414e+05 2.631799806569714929e+04 2.019758996212708269e+00 1.978507592724247477e+00 4.448870093984194682e+04 4.209060221580772195e+05 7.502113679183805652e+04 1.535292804034921573e+04 2.631796694779973404e+04 1.801082887732287530e+00
5.263416911310547584e+04 2.631797079980565832e+04 1.972580011741612793e+00 1.260281903239104384e+00 3.853629900583611743e+04 1.315814163989880763e+05 1.975757459211795464e+00 1.536096032703072156e+00 2.029515311248839993e+00 1.923367561280440619e+00 6.073814147440847009e+05 1.973582259115509219e+00 2.631810166750794087e+04 2.800040398679306963e+05 2.631805368202959289e+04 1.923275803526881500e+05 2.631798622031292689e+04 1.970044181290876883e+00 2.097450588462983045e+00 4.448876842141323868e+04 4.209060629867302487e+05 7.502122518607696111e+04 1.535298987709331777e+04 2.631800216265294875e+04 1.869466887817971434e+00
3.054784294249344748e+04 2.537843796822932927e+04 3.853626375732577435e+04 3.853629900583611743e+04 1.746919866311136047e+03 1.193636518528736633e+05 3.853620622468196234e+04 3.853572401544632885e+04 3.853628795935547532e+04 3.853624761189360288e+04 6.073814433171381243e+05 3.853610327367140417e+04 1.222034596509884250e+04 2.800042952603737940e+05 1.989591288425598395e+04 1.870915789784477965e+05 2.537850789446018825e+04 3.853631468402280007e+04 3.853635989642990171e+04 9.792454651077021481e+03 4.209061680535852793e+05 6.280341102785555267e+04 3.086089017497939130e+04 2.537851252202345131e+04 3.853598789226263034e+04
1.041694388514747116e+05 1.315815279398297134e+05 1.315813317447696463e+05 1.315814163989880763e+05 1.193636518528736487e+05 3.021049559027896248e+04 1.315813162825587206e+05 1.315809197634071461e+05 1.315813978078794316e+05 1.315813815326772165e+05 5.958683988974721869e+05 1.315811927159473416e+05 1.315816508434295829e+05 2.765433306923556374e+05 1.315816262042770977e+05 1.560458560832078801e+05 1.315815995751959854e+05 1.315814482479181315e+05 1.315815209750959184e+05 1.152257309253568528e+05 4.188960810709884972e+05 7.664450434562646842e+04 1.315815046294408094e+05 1.315815478079310269e+05 1.315810933240826707e+05
5.263399917690725852e+04 2.631789473585562155e+04 1.956373884866377866e+00 1.975757459211795464e+00 3.853620622468196962e+04 1.315813162825587497e+05 1.259691209050273653e+00 1.449284406552322269e+00 1.998320652997540137e+00 1.926624938617211402e+00 6.073813371984532569e+05 1.877030829013934143e+00 2.631808405299438891e+04 2.800039502003150992e+05 2.631801794209056970e+04 1.923274975554928824e+05 2.631797583197844506e+04 1.994379719277660667e+00 2.029287613658419698e+00 4.448863808519204031e+04 4.209059184211704414e+05 7.502106825877219671e+04 1.535294361844863306e+04 2.631794415330197808e+04 1.740025343344635989e+00
5.263361168867990636e+04 2.631743248438255614e+04 1.469444571542559252e+00 1.536096032703072156e+00 3.853572401544632885e+04 1.315809197634071461e+05 1.449284406552322269e+00 7.873772382104113898e-01 1.522098799810872816e+00 1.519904338658762954e+00 6.073811769660944119e+05 1.382034223799317729e+00 2.631759643407506519e+04 2.800036388136800379e+05 2.631753703753598165e+04 1.923271438503160025e+05 2.631750696476938174e+04 1.564961661748657251e+00 1.597495139681108567e+00 4.448819062833854696e+04 4.209057091552698985e+05 7.502066673857811838e+04 1.535248122398514352e+04 2.631748008964390101e+04 1.315678271341171879e+00
5.263417978180081991e+04 2.631796922869571426e+04 1.882201412786021377e+00 2.029515311248840437e+00 3.853628795935547532e+04 1.315813978078794316e+05 1.998320652997540137e+00 1.522098799810872816e+00 1.262872180497162766e+00 1.999569560795886769e+00 6.073813843377208104e+05 1.962722713776312133e+00 2.631813650055165272e+04 2.800040199696827331e+05 2.631805017481887990e+04 1.923275637143956264e+05 2.631799951284737108e+04 2.065303692448836159e+00 2.021445314705688112e+00 4.448875536006115726e+04 4.209060528405539808e+05 7.502121024066930113e+04 1.535295320411573266e+04 2.631801392562953697e+04 1.891045611591958275e+00
5.263406285026540718e+04 2.631793009256786900e+04 1.934489830869158933e+00 1.923367561280440619e+00 3.853624761189361016e+04 1.315813815326772456e+05 1.926624938617210958e+00 1.519904338658762954e+00 1.999569560795886325e+00 1.288477579948522189e+00 6.073813863433097722e+05 1.943638056617132293e+00 2.631809452685646102e+04 2.800039338866496691e+05 2.631803299744315882e+04 1.923274416829567053e+05 2.631798525828847414e+04 2.001048726225243435e+00 2.092856551768028872e+00 4.448868495766160049e+04 4.209059678278701613e+05 7.502119863452378195e+04 1.535296869576806057e+04 2.631795976946351584e+04 1.800875375686336488e+00
6.045032186490980675e+05 6.073814242289413232e+05 6.073813705643196590e+05 6.073814147440847009e+05 6.073814433171382407e+05 5.958683988974721869e+05 6.073813371984532569e+05 6.073811769660944119e+05 6.073813843377208104e+05 6.073813863433097722e+05 2.818073181258097175e+05 6.073813100251419237e+05 6.073814662122151349e+05 5.024085335863684886e+05 6.073814492639172822e+05 5.878192847759217257e+05 6.073814444631284568e+05 6.073814267287943512e+05 6.073813941641694400e+05 6.073814227539956337e+05 4.882290777297569439e+05 5.958683668843474006e+05 6.073814204894496361e+05 6.073814344102592440e+05 6.073812596919869538e+05
5.263393921924392635e+04 2.631783699067138514e+04 1.890539695791132679e+00 1.973582259115508553e+00 3.853610327367140417e+04 1.315811927159473416e+05 1.877030829013933699e+00 1.382034223799317729e+00 1.962722713776312133e+00 1.943638056617132293e+00 6.073813100251419237e+05 1.195814121406346242e+00 2.631800435309936802e+04 2.800038814628950204e+05 2.631794919004109397e+04 1.923273922755774111e+05 2.631790945879677383e+04 2.000268691734610194e+00 1.987923810303916294e+00 4.448855280405826488e+04 4.209059265789971105e+05 7.502094250322939479e+04 1.535289360267903430e+04 2.631788974743730432e+04 1.651179188276192367e+00
4.276585742591426970e+04 1.316026852461660565e+04 2.631807935814070152e+04 2.631810166750794087e+04 1.222034596509884432e+04 1.315816508434295829e+05 2.631808405299438891e+04 2.631759643407506519e+04 2.631813650055165272e+04 2.631809452685646102e+04 6.073814662122151349e+05 2.631800435309936802e+04 1.375559925431836250e+00 2.800042455156717915e+05 7.677577223832361597e+03 1.923278326841331145e+05 1.316028898523410498e+04 2.631813549786450312e+04 2.631817971480591950e+04 2.201071228985449125e+04 4.209061601378947380e+05 7.502142199507489568e+04 1.864266048176986078e+04 1.316031832791098532e+04 2.631790246185976139e+04
2.800043722449912457e+05 2.800041615711520426e+05 2.800039635979402228e+05 2.800040398679306963e+05 2.800042952603739104e+05 2.765433306923556374e+05 2.800039502003151574e+05 2.800036388136800379e+05 2.800040199696826749e+05 2.800039338866496691e+05 5.024085335863684304e+05 2.800038814628950786e+05 2.800042455156717333e+05 1.237838878552698152e+05 2.800042304043620825e+05 2.323387892967147345e+05 2.800041840465608984e+05 2.800040408343336894e+05 2.800040685788572300e+05 2.800043436822957010e+05 3.113535547255120473e+05 2.775233840492453310e+05 2.800041332811212051e+05 2.800041838962002657e+05 2.800038039366916055e+05
4.276584552116328268e+04 5.484649172802575777e+03 2.631800731169193386e+04 2.631805368202959289e+04 1.989591288425598759e+04 1.315816262042770977e+05 2.631801794209056607e+04 2.631753703753598165e+04 2.631805017481887990e+04 2.631803299744315882e+04 6.073814492639172822e+05 2.631794919004109397e+04 7.677577223832362506e+03 2.800042304043620825e+05 6.397583087514420185e+03 1.923278217342803546e+05 5.484622097873861094e+03 2.631806626683707509e+04 2.631809248619704522e+04 2.744748308774426914e+04 4.209061464370699250e+05 7.502139603049121797e+04 1.416516469811714524e+04 5.484664602154073691e+03 2.631786720005616735e+04
1.866888108447141421e+05 1.923277452427989338e+05 1.923275039987605705e+05 1.923275803526881500e+05 1.870915789784478256e+05 1.560458560832078801e+05 1.923274975554928824e+05 1.923271438503160025e+05 1.923275637143956264e+05 1.923274416829567344e+05 5.878192847759218421e+05 1.923273922755774111e+05 1.923278326841331145e+05 2.323387892967147345e+05 1.923278217342803255e+05 8.778869360821400187e+04 1.923277912441860244e+05 1.923276036596092454e+05 1.923276630836026452e+05 1.866888116553488653e+05 3.761014909195736982e+05 1.725256749159188766e+05 1.923276889409692376e+05 1.923277500220873626e+05 1.923273092509232229e+05
4.276593615092628170e+04 2.048636441572936562e+00 2.631799806569714929e+04 2.631798622031292689e+04 2.537850789446018825e+04 1.315815995751959854e+05 2.631797583197844506e+04 2.631750696476938174e+04 2.631799951284737108e+04 2.631798525828847414e+04 6.073814444631284568e+05 2.631790945879677383e+04 1.316028898523410498e+04 2.800041840465608984e+05 5.484622097873861094e+03 1.923277912441859953e+05 1.351778827674222638e+00 2.631800784238307460e+04 2.631803150476495648e+04 3.133099557986008949e+04 4.209061199658612604e+05 7.502140076220633637e+04 1.096701736489798350e+04 2.060463198450038114e+00 2.631784401285395870e+04
5.263422917171708832e+04 2.631795767353627525e+04 2.019758996212707380e+00 1.970044181290876661e+00 3.853631468402280007e+04 1.315814482479181315e+05 1.994379719277660001e+00 1.564961661748657251e+00 2.065303692448835271e+00 2.001048726225243435e+00 6.073814267287943512e+05 2.000268691734610638e+00 2.631813549786450312e+04 2.800040408343336894e+05 2.631806626683707509e+04 1.923276036596092163e+05 2.631800784238307460e+04 1.304480815676162697e+00 2.072372886519812329e+00 4.448881856256002357e+04 4.209060618446012959e+05 7.502125383297503868e+04 1.535302156251390443e+04 2.631798819277612347e+04 1.906590950255079520e+00
5.263426967447747302e+04 2.631797841111717207e+04 1.978507592724248143e+00 2.097450588462983490e+00 3.853635989642990171e+04 1.315815209750959184e+05 2.029287613658419698e+00 1.597495139681108567e+00 2.021445314705688112e+00 2.092856551768029316e+00 6.073813941641694400e+05 1.987923810303916294e+00 2.631817971480592314e+04 2.800040685788573464e+05 2.631809248619705249e+04 1.923276630836026452e+05 2.631803150476495648e+04 2.072372886519811885e+00 1.304919611034601745e+00 4.448883903478377761e+04 4.209060527454172261e+05 7.502130212952895090e+04 1.535293590076786313e+04 2.631802661329337207e+04 1.959135682982227733e+00
2.290579741080748863e+04 3.133092714008191979e+04 4.448870093984194682e+04 4.448876842141323868e+04 9.792454651077023300e+03 1.152257309253568383e+05 4.448863808519204031e+04 4.448819062833853968e+04 4.448875536006115726e+04 4.448868495766160049e+04 6.073814227539956337e+05 4.448855280405826488e+04 2.201071228985449488e+04 2.800043436822957592e+05 2.744748308774426914e+04 1.866888116553488362e+05 3.133099557986008949e+04 4.448881856256002357e+04 4.448883903478377761e+04 1.164444093681836239e+04 4.209062137029223959e+05 5.802581284111450805e+04 3.681337088870262232e+04 3.133099749259338569e+04 4.448839375365481101e+04
4.209062347673526965e+05 4.209060960352967959e+05 4.209060221580772195e+05 4.209060629867302487e+05 4.209061680535852793e+05 4.188960810709886136e+05 4.209059184211704414e+05 4.209057091552698403e+05 4.209060528405539226e+05 4.209059678278701613e+05 4.882290777297568857e+05 4.209059265789971105e+05 4.209061601378947962e+05 3.113535547255120473e+05 4.209061464370699832e+05 3.761014909195737564e+05 4.209061199658613186e+05 4.209060618446012959e+05 4.209060527454171679e+05 4.209062137029224541e+05 1.683085367710841529e+05 4.209062351745415945e+05 4.209060875685299397e+05 4.209061094707373413e+05 4.209058504621769534e+05
4.246218924154110573e+04 7.502130389977365849e+04 7.502113679183805652e+04 7.502122518607696111e+04 6.280341102785555267e+04 7.664450434562645387e+04 7.502106825877219671e+04 7.502066673857811838e+04 7.502121024066930113e+04 7.502119863452378195e+04 5.958683668843474006e+05 7.502094250322939479e+04 7.502142199507489568e+04 2.775233840492453310e+05 7.502139603049121797e+04 1.725256749159188766e+05 7.502140076220632182e+04 7.502125383297503868e+04 7.502130212952893635e+04 5.802581284111451532e+04 4.209062351745415945e+05 3.086841801384639257e+04 7.502130946656943706e+04 7.502134055908021401e+04 7.502084614368987968e+04
4.687767201906331320e+04 1.096697252910471252e+04 1.535292804034921573e+04 1.535298987709331777e+04 3.086089017497939494e+04 1.315815046294408094e+05 1.535294361844863306e+04 1.535248122398513988e+04 1.535295320411573266e+04 1.535296869576806057e+04 6.073814204894496361e+05 1.535289360267903430e+04 1.864266048176986078e+04 2.800041332811212633e+05 1.416516469811714524e+04 1.923276889409692085e+05 1.096701736489798168e+04 1.535302156251390443e+04 1.535293590076785949e+04 3.681337088870262232e+04 4.209060875685299397e+05 7.502130946656943706e+04 1.279369266180821432e+04 1.096698418152688646e+04 1.535285214814589926e+04
4.276589290697206889e+04 2.037058526782109524e+00 2.631796694779973404e+04 2.631800216265294875e+04 2.537851252202345131e+04 1.315815478079310269e+05 2.631794415330197808e+04 2.631748008964390101e+04 2.631801392562953697e+04 2.631795976946351584e+04 6.073814344102592440e+05 2.631788974743730432e+04 1.316031832791098532e+04 2.800041838962002657e+05 5.484664602154073691e+03 1.923277500220873626e+05 2.060463198450038558e+00 2.631798819277612347e+04 2.631802661329336115e+04 3.133099749259338569e+04 4.209061094707373413e+05 7.502134055908021401e+04 1.096698418152688646e+04 1.362043493476269740e+00 2.631782339147323000e+04
5.263378187202382833e+04 2.631778078796164118e+04 1.801082887732286864e+00 1.869466887817971434e+00 3.853598789226263034e+04 1.315810933240826998e+05 1.740025343344635322e+00 1.315678271341171879e+00 1.891045611591958275e+00 1.800875375686336044e+00 6.073812596919869538e+05 1.651179188276192589e+00 2.631790246185976139e+04 2.800038039366916055e+05 2.631786720005616735e+04 1.923273092509232229e+05 2.631784401285395870e+04 1.906590950255078853e+00 1.959135682982227511e+00 4.448839375365481101e+04 4.209058504621769534e+05 7.502084614368987968e+04 1.535285214814589926e+04 2.631782339147323000e+04 1.105385857697475993e+00
