3.418824802543021360e+04 2.629886112308984739e+05 2.402612727096200979e+05 2.516250330506998871e+05 2.629882288728336571e+05 2.629884786667657900e+05 2.629887244316766155e+05 2.337679874772274052e+05 2.629886452979020542e+05 1.730533908226865460e+05 2.402610752807644312e+05 2.629882923150787828e+05 2.402614721580664627e+05 2.817158695308840834e+05 1.260687791473199468e+05 2.629887772382676485e+05 5.896895591900081490e+04 2.402614562118914037e+05 2.629887361806600238e+05 2.629885761060876539e+05 1.028485981141610973e+05 2.629885500455673318e+05 2.629884418274313211e+05 2.629885981975449249e+05 1.938506466307272785e+05
2.629886112308984739e+05 5.650207679074459310e-01 4.545597948106509284e+04 3.409288605480530532e+04 2.272840078764423379e+04 2.272889492517400868e+04 1.489811016880270511e+00 5.195019480662139540e+04 1.510007805301542216e+00 1.418978404347292962e+05 4.545605824945224595e+04 2.272864053795262589e+04 2.272894245732654235e+04 3.856121154173303512e+05 2.051034842470575240e+05 8.066193155829023453e+03 2.500016383798129682e+05 2.272896693910414615e+04 2.272914500828251767e+04 2.272879366003904215e+04 2.938887341907112859e+05 2.272879411073386655e+04 2.272877880752112105e+04 2.272871903139301139e+04 3.194460538667908404e+05
2.402612727096200979e+05 4.545597948106509284e+04 5.108889935153490114e+03 3.409274927275239315e+04 2.566101247827210318e+04 2.566149868591010090e+04 4.545618412786058616e+04 2.884436935387432459e+04 4.545620923535931070e+04 1.162378009411840176e+05 2.934034990047663996e+03 2.566124625423701218e+04 2.272905966448729305e+04 3.628848777817330556e+05 1.794435497376019484e+05 4.545634008253242064e+04 2.268013370301069226e+05 2.272909154742319515e+04 4.545640894590874086e+04 2.566136734164069276e+04 2.711614561206242070e+05 2.566137075975587504e+04 2.566141226029315294e+04 2.566139321411507626e+04 2.967188006473146379e+05
2.516250330506998871e+05 3.409288605480530532e+04 3.409274927275238588e+04 1.136433183608467880e+04 3.409232139592232852e+04 3.409266937162917748e+04 3.409281394388497574e+04 2.079147420176857122e+04 3.409290452790014388e+04 1.305341426782731432e+05 3.409265386466665223e+04 3.409253318517217849e+04 3.409292250743668410e+04 3.742486909411654342e+05 1.937399602298457758e+05 2.602827043208473333e+04 2.386379674413777539e+05 3.409274194435156096e+04 1.136517012008455822e+04 3.409272699933624972e+04 2.825252971794038895e+05 3.409278122796913522e+04 3.409276400630592980e+04 3.409276278013153933e+04 3.080825412149134791e+05
2.629882288728336571e+05 2.272840078764423379e+04 2.566101247827210318e+04 3.409232139592232852e+04 3.209435506210094324e-01 1.003164269454589030e+00 2.272849990320292272e+04 5.194961460222684400e+04 2.272847945857430386e+04 1.418973577521133411e+05 2.272824733329406808e+04 6.329830159856408844e-01 4.545578598451166908e+04 3.856118045840012492e+05 2.051031184955510253e+05 2.272852143211223665e+04 2.500011885104349349e+05 4.545578448636145913e+04 2.272862301115844093e+04 1.179156800132451277e+00 2.938884136161785573e+05 1.114118858605762430e+00 9.622104386405599952e-01 1.198496408525331347e+00 3.194456998054391006e+05
2.629884786667657900e+05 2.272889492517400868e+04 2.566149868591010090e+04 3.409266937162917748e+04 1.003164269454589030e+00 5.643591868470432260e-01 2.272890827460701257e+04 5.194996890112923575e+04 2.272898984504279360e+04 1.418976641047523881e+05 2.272863417725045292e+04 1.190932345863125796e+00 4.545634403135102912e+04 3.856118761489450699e+05 2.051034562220612715e+05 2.272907319723573892e+04 2.500013898458983458e+05 4.545625972731041838e+04 2.272901106479316513e+04 1.299064657024861180e+00 2.938884598560344311e+05 1.414999857579881892e+00 1.264853762848699992e+00 1.372961366043671028e+00 3.194457002533649793e+05
2.629887244316766155e+05 1.489811016880270511e+00 4.545618412786057888e+04 3.409281394388497574e+04 2.272849990320292272e+04 2.272890827460701257e+04 6.365405652180473606e-01 5.195014159395818569e+04 1.339904065810475720e+00 1.418978186774433707e+05 4.545603437570890674e+04 2.272870527121533087e+04 2.272896352572069009e+04 3.856122197516407468e+05 2.051035896972274932e+05 8.066206022115177802e+03 2.500016722498098679e+05 2.272885136197901011e+04 2.272899476989663526e+04 2.272887613089255683e+04 2.938887749974590843e+05 2.272885634657134142e+04 2.272888225320048878e+04 2.272890274081678581e+04 3.194460783367678523e+05
2.337679874772274634e+05 5.195019480662139540e+04 2.884436935387432459e+04 2.079147420176857122e+04 5.194961460222684400e+04 5.194996890112923575e+04 5.195014159395818569e+04 1.624078248457283553e+04 5.195025518260240642e+04 1.097439515077382239e+05 2.922253020454336365e+04 5.194982364858706569e+04 2.922291277335515406e+04 3.563915988985926961e+05 1.729500418892485322e+05 4.492627370653491380e+04 2.203077155420769996e+05 2.922288775481852645e+04 3.215539231094695424e+04 5.195000750393559429e+04 2.646681080080714310e+05 5.195013703324722155e+04 5.195001429946193821e+04 5.194999115541295032e+04 2.902255128618563758e+05
2.629886452979020542e+05 1.510007805301542438e+00 4.545620923535931070e+04 3.409290452790014388e+04 2.272847945857430386e+04 2.272898984504279360e+04 1.339904065810475720e+00 5.195025518260240642e+04 5.615349500499497992e-01 1.418978760293073719e+05 4.545616183945217927e+04 2.272869636650537359e+04 2.272898497106366267e+04 3.856122130962083465e+05 2.051035435386840836e+05 8.066141276658429888e+03 2.500016616433969175e+05 2.272885794911670018e+04 2.272911903926266677e+04 2.272891293880540616e+04 2.938887794509470696e+05 2.272895140315871322e+04 2.272889663791501152e+04 2.272904049905208376e+04 3.194461442073257640e+05
1.730533908226865460e+05 1.418978404347292962e+05 1.162378009411840176e+05 1.305341426782731432e+05 1.418973577521133411e+05 1.418976641047523881e+05 1.418978186774433707e+05 1.097439515077382093e+05 1.418978760293074010e+05 2.729461133115646226e+04 1.191702408982026827e+05 1.418975271451614681e+05 1.191705746108794119e+05 3.174306336859208532e+05 6.666996033604188415e+04 1.418979056218483893e+05 1.544399864618575666e+05 1.191706017467198835e+05 1.418978583425625693e+05 1.418977240352103545e+05 2.039535319531249406e+05 1.418977999811308982e+05 1.418976741591820610e+05 1.418976934164645500e+05 2.449756905038222903e+05
2.402610752807644021e+05 4.545605824945224595e+04 2.934034990047663996e+03 3.409265386466665223e+04 2.272824733329406808e+04 2.272863417725045292e+04 4.545603437570890674e+04 2.922253020454336365e+04 4.545616183945217927e+04 1.191702408982026827e+05 5.535848012604703827e-01 2.272838346024743805e+04 2.272891022299050746e+04 3.628846675003839773e+05 1.823760296426983259e+05 4.545621677290218940e+04 2.272739933507197420e+05 2.272885166209054660e+04 4.545626610148524924e+04 2.272869114214969159e+04 2.711611362372722942e+05 2.272883008674414668e+04 2.272858197082879269e+04 2.272875402649353782e+04 2.967184020049819374e+05
2.629882923150787828e+05 2.272864053795262589e+04 2.566124625423701218e+04 3.409253318517217849e+04 6.329830159856408844e-01 1.190932345863125574e+00 2.272870527121533087e+04 5.194982364858706569e+04 2.272869636650537359e+04 1.418975271451614681e+05 2.272838346024743805e+04 5.545326986042345974e-01 4.545599748363780964e+04 3.856118645167393261e+05 2.051032054794912110e+05 2.272874515530443387e+04 2.500012741129691422e+05 4.545601657963380421e+04 2.272881768548872060e+04 1.345190135849212654e+00 2.938884970977433259e+05 1.323958020772845190e+00 1.103945547418891060e+00 1.391798896250742823e+00 3.194457711059684516e+05
2.402614721580664627e+05 2.272894245732654235e+04 2.272905966448728941e+04 3.409292250743668410e+04 4.545578598451166908e+04 4.545634403135102912e+04 2.272896352572069009e+04 2.922291277335515406e+04 2.272898497106366267e+04 1.191705746108794119e+05 2.272891022299050746e+04 4.545599748363780964e+04 6.272909538075274183e-01 3.628850040002343594e+05 1.823762481824118004e+05 3.079331678580401785e+04 2.272744888305405620e+05 1.453561721958578579e+00 4.545640578110072966e+04 4.545634286307790899e+04 2.711616337883554515e+05 4.545631412769482995e+04 4.545621475252379605e+04 4.545639089459184470e+04 2.967189604107872583e+05
2.817158695308840834e+05 3.856121154173303512e+05 3.628848777817330556e+05 3.742486909411654342e+05 3.856118045840012492e+05 3.856118761489450699e+05 3.856122197516407468e+05 3.563915988985926961e+05 3.856122130962083465e+05 3.174306336859207950e+05 3.628846675003839773e+05 3.856118645167393261e+05 3.628850040002343594e+05 5.569675400518777315e+04 3.093136195616885088e+05 3.856122659116496216e+05 2.947031466810908751e+05 3.628850754975432064e+05 3.856123289281784673e+05 3.856120448290002532e+05 2.680230611282514874e+05 3.856119349206608604e+05 3.856118507510739728e+05 3.856121209032203187e+05 1.717756668251430092e+05
1.260687791473199613e+05 2.051034842470575240e+05 1.794435497376019484e+05 1.937399602298457758e+05 2.051031184955510253e+05 2.051034562220612715e+05 2.051035896972274932e+05 1.729500418892485322e+05 2.051035435386840836e+05 6.666996033604186960e+04 1.823760296426983259e+05 2.051032054794912110e+05 1.823762481824118004e+05 3.093136195616885088e+05 3.853329485417689284e+04 2.051034790637601691e+05 1.066441786305626447e+05 1.823762883886777854e+05 2.051036527497816423e+05 2.051035138215663028e+05 1.604082522729002521e+05 2.051034964298193518e+05 2.051033122877035348e+05 2.051033857093588740e+05 2.234979434246379242e+05
2.629887772382676485e+05 8.066193155829023453e+03 4.545634008253242064e+04 2.602827043208473333e+04 2.272852143211223665e+04 2.272907319723573892e+04 8.066206022115177802e+03 4.492627370653491380e+04 8.066141276658427159e+03 1.418979056218483893e+05 4.545621677290218940e+04 2.272874515530443387e+04 3.079331678580401785e+04 3.856122659116496216e+05 2.051034790637601691e+05 1.040649073426303403e+04 2.500017395467942115e+05 3.079345560035415110e+04 1.466436634419003894e+04 2.272907813096184327e+04 2.938888981952048489e+05 2.272904382109126891e+04 2.272895739005776704e+04 2.272909164847579450e+04 3.194462200815015240e+05
5.896895591900081490e+04 2.500016383798129682e+05 2.268013370301069226e+05 2.386379674413777539e+05 2.500011885104349349e+05 2.500013898458983458e+05 2.500016722498098679e+05 2.203077155420769705e+05 2.500016616433969175e+05 1.544399864618575666e+05 2.272739933507197420e+05 2.500012741129691422e+05 2.272744888305405620e+05 2.947031466810908751e+05 1.066441786305626301e+05 2.500017395467942115e+05 2.781800330187420695e+04 2.272744573678736633e+05 2.500017323219182435e+05 2.500015222478212672e+05 1.150268060309224966e+05 2.500016248395873990e+05 2.500013625536340114e+05 2.500014743032631231e+05 2.112483290894027159e+05
2.402614562118914037e+05 2.272896693910414615e+04 2.272909154742319151e+04 3.409274194435156096e+04 4.545578448636145913e+04 4.545625972731041838e+04 2.272885136197901011e+04 2.922288775481852645e+04 2.272885794911670018e+04 1.191706017467198690e+05 2.272885166209054660e+04 4.545601657963380421e+04 1.453561721958578579e+00 3.628850754975432064e+05 1.823762883886777854e+05 3.079345560035415474e+04 2.272744573678736633e+05 6.432150495567158233e-01 4.545633473213207617e+04 4.545625568749426748e+04 2.711615808487251052e+05 4.545629236619248695e+04 4.545624770863236336e+04 4.545628245149113354e+04 2.967188771062949090e+05
2.629887361806600238e+05 2.272914500828251767e+04 4.545640894590873359e+04 1.136517012008455822e+04 2.272862301115844093e+04 2.272901106479316513e+04 2.272899476989663526e+04 3.215539231094695424e+04 2.272911903926266677e+04 1.418978583425625693e+05 4.545626610148524924e+04 2.272881768548872060e+04 4.545640578110072966e+04 3.856123289281784673e+05 2.051036527497816423e+05 1.466436634419003894e+04 2.500017323219182435e+05 4.545633473213207617e+04 5.738537038013624692e-01 2.272902886659618889e+04 2.938888325372847612e+05 2.272903608810823062e+04 2.272906585508680655e+04 2.272911195751095511e+04 3.194461918031370733e+05
2.629885761060876539e+05 2.272879366003904215e+04 2.566136734164069276e+04 3.409272699933624972e+04 1.179156800132451277e+00 1.299064657024861180e+00 2.272887613089255683e+04 5.195000750393559429e+04 2.272891293880540616e+04 1.418977240352103545e+05 2.272869114214969159e+04 1.345190135849212654e+00 4.545634286307790899e+04 3.856120448290002532e+05 2.051035138215663028e+05 2.272907813096184327e+04 2.500015222478212672e+05 4.545625568749426748e+04 2.272902886659618889e+04 5.828965572970753461e-01 2.938885152534554945e+05 1.401006861846489704e+00 1.432173105207294794e+00 1.335006168764679257e+00 3.194458664410685888e+05
1.028485981141610973e+05 2.938887341907112859e+05 2.711614561206242070e+05 2.825252971794038895e+05 2.938884136161785573e+05 2.938884598560344311e+05 2.938887749974590843e+05 2.646681080080714310e+05 2.938887794509470696e+05 2.039535319531249406e+05 2.711611362372722942e+05 2.938884970977433259e+05 2.711616337883554515e+05 2.680230611282514874e+05 1.604082522729002521e+05 2.938888981952048489e+05 1.150268060309224966e+05 2.711615808487251052e+05 2.938888325372847612e+05 2.938885152534554945e+05 4.355796501824296865e+04 2.938886550014832173e+05 2.938884906612351770e+05 2.938885850514255580e+05 1.613553862867160060e+05
2.629885500455673318e+05 2.272879411073386655e+04 2.566137075975587504e+04 3.409278122796913522e+04 1.114118858605762430e+00 1.414999857579881892e+00 2.272885634657134142e+04 5.195013703324722155e+04 2.272895140315871322e+04 1.418977999811308982e+05 2.272883008674414668e+04 1.323958020772845190e+00 4.545631412769482995e+04 3.856119349206608604e+05 2.051034964298193518e+05 2.272904382109126891e+04 2.500016248395873990e+05 4.545629236619248695e+04 2.272903608810823062e+04 1.401006861846489482e+00 2.938886550014832173e+05 5.922777558989881230e-01 1.400632796231807919e+00 1.411748060663175819e+00 3.194459296529938001e+05
2.629884418274313211e+05 2.272877880752112105e+04 2.566141226029315294e+04 3.409276400630592980e+04 9.622104386405599952e-01 1.264853762848699992e+00 2.272888225320048878e+04 5.195001429946193821e+04 2.272889663791501152e+04 1.418976741591820610e+05 2.272858197082879269e+04 1.103945547418891060e+00 4.545621475252379605e+04 3.856118507510739728e+05 2.051033122877035348e+05 2.272895739005776704e+04 2.500013625536340114e+05 4.545624770863236336e+04 2.272906585508680655e+04 1.432173105207294794e+00 2.938884906612351770e+05 1.400632796231807919e+00 5.930378556679486435e-01 1.365572582485231834e+00 3.194457944711275049e+05
2.629885981975449249e+05 2.272871903139301139e+04 2.566139321411508354e+04 3.409276278013153933e+04 1.198496408525331347e+00 1.372961366043671028e+00 2.272890274081678581e+04 5.194999115541295032e+04 2.272904049905208376e+04 1.418976934164645500e+05 2.272875402649353782e+04 1.391798896250742823e+00 4.545639089459184470e+04 3.856121209032203187e+05 2.051033857093588740e+05 2.272909164847579450e+04 2.500014743032631231e+05 4.545628245149113354e+04 2.272911195751095511e+04 1.335006168764679257e+00 2.938885850514255580e+05 1.411748060663176041e+00 1.365572582485231612e+00 6.269358276041085976e-01 3.194459537432705984e+05
1.938506466307272785e+05 3.194460538667908404e+05 2.967188006473146379e+05 3.080825412149134791e+05 3.194456998054391006e+05 3.194457002533649211e+05 3.194460783367678523e+05 2.902255128618563758e+05 3.194461442073257640e+05 2.449756905038222612e+05 2.967184020049819374e+05 3.194457711059683934e+05 2.967189604107872583e+05 1.717756668251430383e+05 2.234979434246379242e+05 3.194462200815015240e+05 2.112483290894027450e+05 2.967188771062949090e+05 3.194461918031370733e+05 3.194458664410685888e+05 1.613553862867160060e+05 3.194459296529938001e+05 3.194457944711274467e+05 3.194459537432705401e+05 9.668516746413419605e+04
