6.519898852624965713e-01 1.818201244816660183e+05 1.704911689736978708e+00 1.888126559981539554e+00 1.915973290895073067e+00 1.976615843367916181e+00 1.960177785689409147e+00 1.954735244913816228e+00 1.968434332944142225e+05 1.363654809539580019e+05 9.091091284013606491e+04 6.818375091188204533e+04 3.076221426637960831e+05 1.363654644562864560e+05 1.713398757608187051e+00 1.363653955959919549e+05 1.452204354158531060e+05 6.818358026484504808e+04 1.147204888614065276e+05 1.850943826831291661e+00 1.818203032084383012e+05 1.301265401562336166e+00 1.517849190659808389e+00 4.271301866883116309e+05 1.962045063190744010e+00
1.818201244816660183e+05 7.976286193775375954e-01 1.818198793093767599e+05 1.818200973583086452e+05 1.818200106090735062e+05 1.818198941771484970e+05 1.818200924173415697e+05 1.818200915529911581e+05 1.340730906647621305e+05 1.363656753698053653e+05 1.363656991341988614e+05 1.590929410248761415e+05 2.621677844003142673e+05 1.363656238685323915e+05 1.818199258958454884e+05 1.363657458824899513e+05 1.363655549642533879e+05 1.363655314026029373e+05 1.363655962172741420e+05 1.818199592353748449e+05 5.017907684927713854e+04 1.818194757642998302e+05 1.818195882557573786e+05 3.362211195400717552e+05 1.818200682984460727e+05
1.704911689736978708e+00 1.818198793093767890e+05 6.319148834626218125e-01 1.757389713419704957e+00 1.606533909025443796e+00 1.494261931976671454e+00 1.530427220493712825e+00 1.600273055291557611e+00 1.968429025243246579e+05 1.363653041863774415e+05 9.091064553131422144e+04 6.818345358252299775e+04 3.076216318503182265e+05 1.363652488929817919e+05 1.221135932330805529e+00 1.363652278702198819e+05 1.452201252778108174e+05 6.818347705175990995e+04 1.147202932285777206e+05 1.585992061909754725e+00 1.818198044628096686e+05 9.784259576792765367e-01 1.022868995138994430e+00 4.271297687247507274e+05 1.697882296486517673e+00
1.888126559981539554e+00 1.818200973583086452e+05 1.757389713419704957e+00 7.008330405915333960e-01 1.882684002889925212e+00 1.953772215350955577e+00 1.844931512045880906e+00 1.896248254811566225e+00 1.968435283936743217e+05 1.363655789660403680e+05 9.091096739616410923e+04 6.818372997691863566e+04 3.076220241955650854e+05 1.363654219312852365e+05 1.834097725223381214e+00 1.363654311882529000e+05 1.452204208910452144e+05 6.818362003411672777e+04 1.147204661591468321e+05 1.848811389179159548e+00 1.818202763824780704e+05 1.234417654763991345e+00 1.512197404254196798e+00 4.271301195323773427e+05 1.923639386234792026e+00
1.915973290895073067e+00 1.818200106090735062e+05 1.606533909025443796e+00 1.882684002889925212e+00 6.949860104135868744e-01 1.513878343899380363e+00 1.770064421810354727e+00 1.679027841696087764e+00 1.968431810460281849e+05 1.363654574360534025e+05 9.091094266761721519e+04 6.818363759275083430e+04 3.076218075704754447e+05 1.363653054595046560e+05 1.580324846507042524e+00 1.363654351324655290e+05 1.452203846839081962e+05 6.818364553602525848e+04 1.147204030995567155e+05 1.708527876807799384e+00 1.818201553189548431e+05 1.168174177976040173e+00 1.372500300145590879e+00 4.271297802395532490e+05 1.895116094792963279e+00
1.976615843367916181e+00 1.818198941771484970e+05 1.494261931976671454e+00 1.953772215350955577e+00 1.513878343899380363e+00 5.170444739378169396e-01 1.829405096126825114e+00 1.711129263298684755e+00 1.968431668637129187e+05 1.363655575781957596e+05 9.091099393869118649e+04 6.818368146807934681e+04 3.076218817342897528e+05 1.363654075412055245e+05 1.495588986662742537e+00 1.363654819050481892e+05 1.452202931574474496e+05 6.818363811781366530e+04 1.147203164693274157e+05 1.651126392306244250e+00 1.818200142068659770e+05 1.245654445477026862e+00 1.371350494643583273e+00 4.271297584818574251e+05 1.927125822167371938e+00
1.960177785689408925e+00 1.818200924173415697e+05 1.530427220493712381e+00 1.844931512045880906e+00 1.770064421810354949e+00 1.829405096126825114e+00 7.201119073821946603e-01 1.711142013995296418e+00 1.968433143419585540e+05 1.363655217319521762e+05 9.091099462714865513e+04 6.818367158918242785e+04 3.076220031548896804e+05 1.363654683225869085e+05 1.798479310595327396e+00 1.363655154466745444e+05 1.452203948559554410e+05 6.818367128306513769e+04 1.147205220563781622e+05 1.875799371245823410e+00 1.818202350184051902e+05 1.222163602486273204e+00 1.443464264529186414e+00 4.271300513916565687e+05 1.772916143310229176e+00
1.954735244913816228e+00 1.818200915529911290e+05 1.600273055291557611e+00 1.896248254811566225e+00 1.679027841696087764e+00 1.711129263298684755e+00 1.711142013995296418e+00 7.271335703046736265e-01 1.968432687494789134e+05 1.363654592672429571e+05 9.091099333208994358e+04 6.818372287787169626e+04 3.076219410313137341e+05 1.363654057612481411e+05 1.771636683314496308e+00 1.363655343076444988e+05 1.452204265903133783e+05 6.818363539638245129e+04 1.147205309105985070e+05 1.695943131252714231e+00 1.818201413196802896e+05 1.267461855748048594e+00 1.448580205519647057e+00 4.271299948960872134e+05 1.899282494116442566e+00
1.968434332944142225e+05 1.340730906647621305e+05 1.968429025243246579e+05 1.968435283936743217e+05 1.968431810460281849e+05 1.968431668637129187e+05 1.968433143419585540e+05 1.968432687494789134e+05 7.166602000422093261e+04 1.405666613971831976e+05 1.513890345856376807e+05 1.741162925002267875e+05 1.934027105787312321e+05 1.513891329613683047e+05 1.968430470554070198e+05 1.405666040884787217e+05 1.478243234170613578e+05 1.513890281895130174e+05 1.498429994119053299e+05 1.968432981281891698e+05 1.147838220720484678e+05 1.968429002258955443e+05 1.968429258107543283e+05 3.643594447135500959e+05 1.968433532301422674e+05
1.363654809539580019e+05 1.363656753698053653e+05 1.363653041863774415e+05 1.363655789660403680e+05 1.363654574360534025e+05 1.363655575781957596e+05 1.363655217319521762e+05 1.363654592672429571e+05 1.405666613971831976e+05 7.704796076661439841e-01 9.091104463555385883e+04 1.136384208650651999e+05 2.621676998748573824e+05 9.091120429314341163e+04 1.363653565411549353e+05 1.905969946847186458e+00 9.976583410990606353e+04 9.091100480894619250e+04 8.441753205838555004e+04 1.363655731346269604e+05 1.239693121463421994e+05 1.363648797601677943e+05 1.363651021629510506e+05 3.816757774542476982e+05 1.363655825265750173e+05
9.091091284013606491e+04 1.363656991341988614e+05 9.091064553131422144e+04 9.091096739616410923e+04 9.091094266761721519e+04 9.091099393869118649e+04 9.091099462714865513e+04 9.091099333208994358e+04 1.513890345856376807e+05 9.091104463555385883e+04 6.039253657548467880e-01 2.272918766942646471e+04 2.621677244883213425e+05 9.091106235752292559e+04 9.091078536990648718e+04 9.091096256395120872e+04 9.976605139448933187e+04 2.272919949605196962e+04 2.794359233249592580e+04 9.091103495695155289e+04 1.363658948790146096e+05 9.091037154636323976e+04 9.091045479512806924e+04 3.816757761177624343e+05 9.091094097866419179e+04
6.818375091188204533e+04 1.590929410248761415e+05 6.818345358252299775e+04 6.818372997691863566e+04 6.818363759275081975e+04 6.818368146807934681e+04 6.818367158918242785e+04 6.818372287787169626e+04 1.741162925002267875e+05 1.136384208650651999e+05 2.272918766942646471e+04 2.272805949296370818e+04 2.848949795671868487e+05 1.136382068588673865e+05 6.818362148340861313e+04 1.136381969358612841e+05 1.224931334026120894e+05 4.545646319323284843e+04 5.067103274461874389e+04 6.818379215885941812e+04 1.590931328619388805e+05 6.818312288700057252e+04 6.818332281049793528e+04 4.044029935656791204e+05 6.818361436713187140e+04
3.076221426637960831e+05 2.621677844003142673e+05 3.076216318503182265e+05 3.076220241955650854e+05 3.076218075704754447e+05 3.076218817342896946e+05 3.076220031548896804e+05 3.076219410313137341e+05 1.934027105787312321e+05 2.621676998748573824e+05 2.621677244883213425e+05 2.848949795671868487e+05 1.232077242622686754e+05 2.621677393301608390e+05 3.076217158111835597e+05 2.621677061709712143e+05 2.621676815246017650e+05 2.621676208068464184e+05 2.621676960057285032e+05 3.076219053867073380e+05 2.497707934268968529e+05 3.076215472907100338e+05 3.076216492002540035e+05 2.755454098563305452e+05 3.076221352723697782e+05
1.363654644562864560e+05 1.363656238685323915e+05 1.363652488929817919e+05 1.363654219312852365e+05 1.363653054595046560e+05 1.363654075412055245e+05 1.363654683225869085e+05 1.363654057612481411e+05 1.513891329613683047e+05 9.091120429314341163e+04 9.091106235752292559e+04 1.136382068588673865e+05 2.621677393301608390e+05 8.173795635809630866e-01 1.363653536426239880e+05 9.091093555326103524e+04 8.856845971000730060e+03 9.091089457262385986e+04 6.946268836202923558e+04 1.363654122576392547e+05 1.281014879339046020e+05 1.363648213820781675e+05 1.363651072177140741e+05 3.816757094155843952e+05 1.363654829329765053e+05
1.713398757608187051e+00 1.818199258958454884e+05 1.221135932330805529e+00 1.834097725223381214e+00 1.580324846507042524e+00 1.495588986662742537e+00 1.798479310595327396e+00 1.771636683314496530e+00 1.968430470554070198e+05 1.363653565411549353e+05 9.091078536990648718e+04 6.818362148340862768e+04 3.076217158111835597e+05 1.363653536426239880e+05 7.353539939426095851e-01 1.363652489051103476e+05 1.452201007835815253e+05 6.818352900196277187e+04 1.147203908641680027e+05 1.633536365843265781e+00 1.818199703807178012e+05 1.106966612091950797e+00 1.208775670997874752e+00 4.271298376062082243e+05 1.813559441226850533e+00
1.363653955959919549e+05 1.363657458824899513e+05 1.363652278702198819e+05 1.363654311882529000e+05 1.363654351324655290e+05 1.363654819050481892e+05 1.363655154466745444e+05 1.363655343076444988e+05 1.405666040884787217e+05 1.905969946847186458e+00 9.091096256395120872e+04 1.136381969358612841e+05 2.621677061709712143e+05 9.091093555326103524e+04 1.363652489051103476e+05 7.714043410670140544e-01 9.976587401483218127e+04 9.091097144759196090e+04 8.441742469431186328e+04 1.363654230665267387e+05 1.239692818178557354e+05 1.363648521627923183e+05 1.363651022997869295e+05 3.816757321428571013e+05 1.363654942838665156e+05
1.452204354158531060e+05 1.363655549642533879e+05 1.452201252778108174e+05 1.452204208910452144e+05 1.452203846839081962e+05 1.452202931574474496e+05 1.452203948559554410e+05 1.452204265903134074e+05 1.478243234170613578e+05 9.976583410990606353e+04 9.976605139448933187e+04 1.224931334026120894e+05 2.621676815246017650e+05 8.856845971000730060e+03 1.452201007835815253e+05 9.976587401483218127e+04 1.426042737626522648e+04 9.976589635222050129e+04 7.831776344811829040e+04 1.452204235945271794e+05 1.247665351890426537e+05 1.452197588722370856e+05 1.452198511728170561e+05 3.816755876180340420e+05 1.452203019600331900e+05
6.818358026484506263e+04 1.363655314026029373e+05 6.818347705175990995e+04 6.818362003411674232e+04 6.818364553602525848e+04 6.818363811781366530e+04 6.818367128306513769e+04 6.818363539638245129e+04 1.513890281895130174e+05 9.091100480894619250e+04 2.272919949605197326e+04 4.545646319323284843e+04 2.621676208068464184e+05 9.091089457262385986e+04 6.818352900196275732e+04 9.091097144759196090e+04 9.976589635222050129e+04 2.272800368645077106e+04 4.860485989723294915e+04 6.818360858049153467e+04 1.363656899706141267e+05 6.818297485680996033e+04 6.818336136082909070e+04 3.816756950897151837e+05 6.818365499037550762e+04
1.147204888614065276e+05 1.363655962172741420e+05 1.147202932285777206e+05 1.147204661591468321e+05 1.147204030995567155e+05 1.147203164693274157e+05 1.147205220563781622e+05 1.147205309105985070e+05 1.498429994119053299e+05 8.441753205838555004e+04 2.794359233249592944e+04 5.067103274461874389e+04 2.621676960057285032e+05 6.946268836202925013e+04 1.147203908641680027e+05 8.441742469431186328e+04 7.831776344811830495e+04 4.860485989723295643e+04 3.513708578877076070e+04 1.147204376689817873e+05 1.356144607976311527e+05 1.147198184243076248e+05 1.147201293157614855e+05 3.816755503246749286e+05 1.147203950107840210e+05
1.850943826831291661e+00 1.818199592353748449e+05 1.585992061909755169e+00 1.848811389179159770e+00 1.708527876807799384e+00 1.651126392306244250e+00 1.875799371245823632e+00 1.695943131252714231e+00 1.968432981281891698e+05 1.363655731346269604e+05 9.091103495695155289e+04 6.818379215885943267e+04 3.076219053867073962e+05 1.363654122576392547e+05 1.633536365843265781e+00 1.363654230665267387e+05 1.452204235945271794e+05 6.818360858049153467e+04 1.147204376689817873e+05 6.351337360916198271e-01 1.818199733351924224e+05 1.237601347883705794e+00 1.482324137961462673e+00 4.271299357039281167e+05 1.895067665017470704e+00
1.818203032084383012e+05 5.017907684927715309e+04 1.818198044628096686e+05 1.818202763824780704e+05 1.818201553189548431e+05 1.818200142068659188e+05 1.818202350184051611e+05 1.818201413196802896e+05 1.147838220720484678e+05 1.239693121463421994e+05 1.363658948790146096e+05 1.590931328619388805e+05 2.497707934268968529e+05 1.281014879339046020e+05 1.818199703807178012e+05 1.239692818178557645e+05 1.247665351890426537e+05 1.363656899706141267e+05 1.356144607976311527e+05 1.818199733351923933e+05 5.515368965263231803e+04 1.818196432926895504e+05 1.818197540569724806e+05 3.692787853305157623e+05 1.818202859879846510e+05
1.301265401562336166e+00 1.818194757642998302e+05 9.784259576792765367e-01 1.234417654763991345e+00 1.168174177976040173e+00 1.245654445477026862e+00 1.222163602486273426e+00 1.267461855748048594e+00 1.968429002258955443e+05 1.363648797601677943e+05 9.091037154636323976e+04 6.818312288700057252e+04 3.076215472907100338e+05 1.363648213820781675e+05 1.106966612091950797e+00 1.363648521627923183e+05 1.452197588722370856e+05 6.818297485680996033e+04 1.147198184243076248e+05 1.237601347883706238e+00 1.818196432926895504e+05 3.207792980271521599e-01 7.572267450218251872e-01 4.271296441717934213e+05 1.286501993320064985e+00
1.517849190659808389e+00 1.818195882557573786e+05 1.022868995138994430e+00 1.512197404254197020e+00 1.372500300145590879e+00 1.371350494643583495e+00 1.443464264529186414e+00 1.448580205519647057e+00 1.968429258107543283e+05 1.363651021629510506e+05 9.091045479512806924e+04 6.818332281049793528e+04 3.076216492002540035e+05 1.363651072177140741e+05 1.208775670997874974e+00 1.363651022997869295e+05 1.452198511728170561e+05 6.818336136082909070e+04 1.147201293157614855e+05 1.482324137961462895e+00 1.818197540569724806e+05 7.572267450218251872e-01 5.372184502493951852e-01 4.271296755055507529e+05 1.490579432172876251e+00
4.271301866883116309e+05 3.362211195400717552e+05 4.271297687247507274e+05 4.271301195323772263e+05 4.271297802395532490e+05 4.271297584818574251e+05 4.271300513916565105e+05 4.271299948960871552e+05 3.643594447135500959e+05 3.816757774542476982e+05 3.816757761177624343e+05 4.044029935656791204e+05 2.755454098563305452e+05 3.816757094155843952e+05 4.271298376062082243e+05 3.816757321428571013e+05 3.816755876180340420e+05 3.816756950897151837e+05 3.816755503246749286e+05 4.271299357039281167e+05 3.692787853305157623e+05 4.271296441717934213e+05 4.271296755055507529e+05 1.118708560432214581e+05 4.271301347402597312e+05
1.962045063190744010e+00 1.818200682984460727e+05 1.697882296486517673e+00 1.923639386234792026e+00 1.895116094792963279e+00 1.927125822167371938e+00 1.772916143310229176e+00 1.899282494116442566e+00 1.968433532301422674e+05 1.363655825265750173e+05 9.091094097866419179e+04 6.818361436713188596e+04 3.076221352723697782e+05 1.363654829329765053e+05 1.813559441226850533e+00 1.363654942838665156e+05 1.452203019600331900e+05 6.818365499037550762e+04 1.147203950107840064e+05 1.895067665017470704e+00 1.818202859879846801e+05 1.286501993320064985e+00 1.490579432172876251e+00 4.271301347402597312e+05 5.869195633285160252e-01
