1.900373857448140916e+04 1.474672799465831777e+05 1.077514448944576288e+05 1.474675370210814290e+05 2.477728063066417526e+05 8.001631038924546738e+04 1.474674554735540878e+05 1.427134495657145162e+05 1.319450229904215375e+05 9.623053220979250909e+04 1.395785339571585937e+05 1.474676375501082803e+05 1.474676950039519870e+05 1.198482238219157152e+05 1.474672850489260454e+05 1.474675146072402713e+05 1.474672678970139823e+05 3.274677037873695954e+05 1.474677478714085883e+05 9.015590194354487176e+04 4.984388402744689956e+05 4.256826194765930995e+05 2.131311992938852636e+05 1.474676286825246643e+05 5.484702426494905376e+04
1.474672799465831777e+05 8.097596389126847649e-01 9.677591214832293917e+04 3.225970014171136063e+04 3.007676982905178447e+05 1.710654471959935909e+05 1.613047309577133638e+04 2.837895702322394209e+04 6.048555976336497406e+04 1.082966407500244386e+05 2.112716836219585675e+05 2.802920383118071186e+04 3.225979711262811543e+04 8.064680870492621034e+04 5.377573123375295836e+03 3.225970229166109129e+04 3.225933688427439847e+04 3.804626253124799114e+05 3.199548321032061358e+04 1.143712800857319089e+05 5.514338140117757721e+05 4.786776317675092723e+05 2.661262128553257789e+05 3.225976363249139467e+04 1.344104128553780902e+05
1.077514448944576288e+05 9.677591214832293917e+04 3.381933325326639078e+03 1.129051464553203114e+05 2.846389936997887562e+05 1.549365932801121962e+05 1.129050620038776251e+05 8.373442246033195988e+04 5.162794717702564230e+04 2.273600001754951518e+04 1.951429975847866153e+05 1.129051547188725963e+05 1.129051725184756069e+05 3.120209681629688566e+04 1.021521689424007491e+05 1.129051522594113922e+05 1.129047987684624532e+05 3.643339672445713077e+05 1.118649076539176313e+05 3.372639531626270036e+04 5.353050933127985336e+05 4.625489639686980518e+05 2.499974642197892244e+05 1.129052083226501854e+05 6.586234476461706799e+04
1.474675370210814290e+05 3.225970014171136063e+04 1.129051464553203114e+05 9.258225770360795082e-01 3.007677724371452932e+05 1.710655481609164854e+05 1.613053496033848023e+04 4.450829509865645377e+04 7.661467216130488669e+04 1.244259423933195358e+05 2.112718864674513461e+05 1.613080545512009849e+04 1.163571878404441122e+04 9.677607597636579885e+04 2.688330050942844173e+04 1.523559466978883670e+00 1.213568820861541386e+00 3.804627238528138842e+05 1.613081900878740635e+04 1.305005485506793921e+05 5.514338379285715055e+05 4.786775822951607988e+05 2.661263950747347553e+05 1.613076491365290713e+04 1.451632718802997551e+05
2.477728063066418108e+05 3.007676982905178447e+05 2.846389936997887562e+05 3.007677724371452932e+05 6.935090921188556240e+04 2.160906633302480332e+05 3.007676451908462332e+05 3.007679623334588250e+05 3.007679967270418420e+05 2.731182888185335905e+05 1.990258507773540332e+05 3.007678549976861104e+05 3.007677688838051981e+05 2.927034732423534151e+05 3.007676567834935267e+05 3.007677406220261473e+05 3.007675422589275404e+05 2.493688738488975505e+05 3.007679189674857189e+05 2.685100687845093780e+05 4.378882775761405355e+05 3.796846261395647307e+05 1.565635101848756312e+05 3.007678867552423617e+05 2.631336616029113648e+05
8.001631038924548193e+04 1.710654471959935909e+05 1.549365932801121671e+05 1.710655481609164854e+05 2.160906633302480332e+05 2.531481331138458336e+04 1.710654392557100218e+05 1.710657106956077332e+05 1.710656884256628691e+05 1.434158515696978429e+05 7.638468085393551155e+04 1.710657364024592680e+05 1.710656193206106254e+05 1.630011980656347878e+05 1.710653608159026480e+05 1.710656431895701971e+05 1.710652133791879460e+05 2.957856697980434983e+05 1.710657203488963132e+05 1.385409795977568428e+05 4.667567565729691996e+05 3.940006638598502614e+05 1.709846291520719533e+05 1.710657211671804253e+05 1.213220608574406069e+05
1.474674554735540878e+05 1.613047309577133638e+04 1.129050620038775960e+05 1.613053496033848023e+04 3.007676451908461750e+05 1.710654392557100218e+05 7.926131227556197922e-01 4.450819580541659525e+04 7.661456754465238191e+04 1.244258300809816428e+05 2.112718019903771637e+05 1.190002603400580483e+04 1.613064584810005726e+04 9.677597006952954689e+04 1.075409318525806702e+04 1.613065353594937915e+04 1.613028141364208022e+04 3.804626156386914663e+05 1.586637614788090286e+04 1.305004737831473176e+05 5.514338088642136427e+05 4.786775783037032234e+05 2.661262769589730306e+05 1.613078296719352147e+04 1.451631991464952589e+05
1.427134495657145162e+05 2.837895702322394209e+04 8.373442246033194533e+04 4.450829509865645377e+04 3.007679623334587668e+05 1.710657106956077332e+05 4.450819580541659525e+04 1.462638188523442113e+04 3.210816153092574677e+04 9.604848083746749035e+04 2.112719971485888527e+05 4.450833153247168957e+04 4.450833822187256010e+04 6.839852924032032024e+04 3.375528810246205103e+04 4.450826056816924392e+04 4.450790679454462952e+04 3.804629344635261223e+05 4.450828713750874886e+04 1.021231284006511269e+05 5.514340736002881313e+05 4.786778781284132274e+05 2.661265349808241590e+05 4.450831665481454547e+04 1.221624187315866729e+05
1.319450229904215375e+05 6.048555976336497406e+04 5.162794717702564230e+04 7.661467216130488669e+04 3.007679967270418420e+05 1.710656884256628691e+05 7.661456754465238191e+04 3.210816153092574677e+04 6.049329112216591966e+03 6.394199940191308997e+04 2.112720556835449534e+05 7.661480734120887064e+04 7.661474354840787419e+04 3.629199815230011154e+04 6.586184107227232016e+04 7.661477176093279559e+04 7.661437704216121347e+04 3.804629500330718001e+05 7.661464731148193823e+04 7.001665208543496556e+04 5.514340725293757860e+05 4.786778756595934392e+05 2.661265818554837606e+05 7.661487064298859332e+04 9.912855351700203028e+04
9.623053220979255275e+04 1.082966407500244386e+05 2.273600001754950790e+04 1.244259423933195358e+05 2.731182888185335905e+05 1.434158515696978429e+05 1.244258300809816428e+05 9.604848083746749035e+04 6.394199940191308997e+04 1.386645061143836210e+04 1.836221805749248015e+05 1.244259414686738746e+05 1.244259868338826491e+05 4.378057188810666412e+04 1.136729148129092937e+05 1.244259101483713457e+05 1.244256318954987073e+05 3.528132318423042307e+05 1.244259613902055862e+05 1.613708375611755582e+04 5.237844069775887765e+05 4.510282713272626279e+05 2.384767533182258485e+05 1.244259887914580759e+05 5.434160562928593572e+04
1.395785339571585937e+05 2.112716836219585675e+05 1.951429975847865571e+05 2.112718864674513461e+05 1.990258507773540332e+05 7.638468085393551155e+04 2.112718019903771637e+05 2.112719971485888527e+05 2.112720556835449534e+05 1.836221805749248015e+05 3.174807631964061147e+04 2.112720051195516717e+05 2.112720306561976322e+05 2.032074661738989234e+05 2.112716441677228140e+05 2.112718526840676204e+05 2.112716149180836801e+05 2.821251260261943098e+05 2.112720898069187533e+05 1.790139452779368439e+05 4.546600515123038203e+05 3.819037737973106559e+05 1.440526392176032532e+05 2.112720607063529606e+05 1.736376307995126117e+05
1.474676375501082803e+05 2.802920383118071186e+04 1.129051547188725963e+05 1.613080545512009849e+04 3.007678549976860522e+05 1.710657364024592971e+05 1.190002603400580483e+04 4.450833153247168957e+04 7.661480734120887064e+04 1.244259414686738746e+05 2.112720051195516717e+05 6.242737534340219099e+03 7.548169665311822428e+03 9.677610219545592554e+04 2.265274742096551927e+04 1.613079572698944685e+04 1.613049223993002124e+04 3.804627887879375485e+05 1.606151048536391681e+04 1.305005747769678128e+05 5.514340224764363375e+05 4.786777628582537873e+05 2.661264638736599591e+05 4.232197364280829788e+03 1.451634138038320816e+05
1.474676950039519870e+05 3.225979711262811543e+04 1.129051725184756069e+05 1.163571878404441122e+04 3.007677688838051981e+05 1.710656193206106254e+05 1.613064584810006090e+04 4.450833822187257465e+04 7.661474354840787419e+04 1.244259868338826491e+05 2.112720306561976613e+05 7.548169665311822428e+03 6.485491736756507635e+03 9.677610173818448675e+04 2.688338310261035076e+04 1.163572753986078533e+04 1.163537765839506574e+04 3.804627126458821585e+05 1.613075504342199565e+04 1.305006598794578167e+05 5.514339039389297832e+05 4.786776852231968660e+05 2.661264323992447462e+05 4.496643311651808290e+03 1.451634014208237932e+05
1.198482238219157152e+05 8.064680870492621034e+04 3.120209681629688566e+04 9.677607597636579885e+04 2.927034732423534733e+05 1.630011980656347878e+05 9.677597006952954689e+04 6.839852924032032024e+04 3.629199815230011154e+04 4.378057188810666412e+04 2.032074661738989234e+05 9.677610219545592554e+04 9.677610173818448675e+04 1.613008532819989159e+04 8.602313308070332278e+04 9.677606385851225059e+04 9.677575582207794650e+04 3.723984872225725558e+05 8.091145065222917765e+04 4.985544691324456653e+04 5.433696129700930323e+05 4.706134503474878147e+05 2.580620023855014588e+05 9.677613619176555949e+04 8.199143347523458942e+04
1.474672850489260454e+05 5.377573123375296746e+03 1.021521689424007491e+05 2.688330050942844173e+04 3.007676567834935267e+05 1.710653608159026480e+05 1.075409318525806520e+04 3.375528810246205103e+04 6.586184107227232016e+04 1.136729148129092937e+05 2.112716441677228431e+05 2.265274742096551927e+04 2.688338310261035076e+04 8.602313308070332278e+04 7.169269890273034434e+03 2.688329914108380035e+04 2.688289106730386629e+04 3.804626868491722853e+05 2.661900407214674487e+04 1.197476287996175524e+05 5.514338740154181141e+05 4.786776629253685824e+05 2.661261916622043937e+05 2.688333709000870658e+04 1.379946328293051920e+05
1.474675146072402713e+05 3.225970229166109129e+04 1.129051522594113922e+05 1.523559466978883670e+00 3.007677406220261473e+05 1.710656431895701971e+05 1.613065353594937915e+04 4.450826056816924392e+04 7.661477176093279559e+04 1.244259101483713457e+05 2.112718526840676204e+05 1.613079572698944685e+04 1.163572753986078533e+04 9.677606385851225059e+04 2.688329914108380035e+04 9.189925223349142414e-01 1.283424930210212755e+00 3.804627016729658935e+05 1.613086227783267532e+04 1.305005858233941690e+05 5.514339070283240872e+05 4.786777053770649945e+05 2.661263233448958490e+05 1.613079660831003093e+04 1.451633831505686103e+05
1.474672678970139532e+05 3.225933688427439847e+04 1.129047987684624241e+05 1.213568820861541386e+00 3.007675422589275404e+05 1.710652133791879460e+05 1.613028141364208022e+04 4.450790679454462952e+04 7.661437704216121347e+04 1.244256318954987073e+05 2.112716149180836801e+05 1.613049223993002124e+04 1.163537765839506574e+04 9.677575582207794650e+04 2.688289106730386629e+04 1.283424930210212311e+00 6.355614239877697136e-01 3.804625033329449361e+05 1.613045094153232640e+04 1.305002633919228101e+05 5.514337579032320064e+05 4.786775375284451293e+05 2.661261431038415758e+05 1.613048804737112550e+04 1.451630103634049010e+05
3.274677037873695954e+05 3.804626253124799114e+05 3.643339672445713077e+05 3.804627238528138842e+05 2.493688738488975505e+05 2.957856697980435565e+05 3.804626156386914663e+05 3.804629344635261223e+05 3.804629500330718001e+05 3.528132318423042307e+05 2.821251260261943098e+05 3.804627887879375485e+05 3.804627126458821585e+05 3.723984872225725558e+05 3.804626868491722853e+05 3.804627016729659517e+05 3.804625033329449361e+05 1.809052847210156033e+05 3.804628923730924143e+05 3.482050139876190806e+05 4.172862615451655001e+05 3.250447951650945470e+05 2.526569053591348638e+05 3.804628722304929979e+05 3.428286030131091829e+05
1.474677478714085883e+05 3.199548321032061358e+04 1.118649076539176313e+05 1.613081900878740635e+04 3.007679189674857189e+05 1.710657203488963132e+05 1.586637614788090286e+04 4.450828713750874886e+04 7.661464731148193823e+04 1.244259613902055862e+05 2.112720898069187533e+05 1.606151048536391681e+04 1.613075504342199383e+04 8.091145065222917765e+04 2.661900407214674487e+04 1.613086227783267532e+04 1.613045094153232640e+04 3.804628923730924143e+05 5.211129349933623871e+02 1.305006446844651364e+05 5.514340199981402839e+05 4.786778160131316399e+05 2.661265662099123583e+05 1.613085939176521242e+04 1.451634623496821150e+05
9.015590194354487176e+04 1.143712800857319089e+05 3.372639531626269309e+04 1.305005485506793921e+05 2.685100687845093780e+05 1.385409795977568720e+05 1.305004737831473176e+05 1.021231284006511269e+05 7.001665208543496556e+04 1.613708375611755582e+04 1.790139452779368439e+05 1.305005747769678128e+05 1.305006598794578167e+05 4.985544691324456653e+04 1.197476287996175524e+05 1.305005858233941690e+05 1.305002633919228247e+05 3.482050139876190806e+05 1.305006446844651364e+05 1.055594155622124890e+04 5.191761471215659985e+05 4.464199339394543204e+05 2.338685558894175338e+05 1.305005958669204119e+05 4.274449282881291583e+04
4.984388402744689956e+05 5.514338140117757721e+05 5.353050933127984172e+05 5.514338379285715055e+05 4.378882775761405355e+05 4.667567565729691996e+05 5.514338088642136427e+05 5.514340736002881313e+05 5.514340725293757860e+05 5.237844069775887765e+05 4.546600515123038203e+05 5.514340224764363375e+05 5.514339039389297832e+05 5.433696129700930323e+05 5.514338740154181141e+05 5.514339070283240872e+05 5.514337579032320064e+05 4.172862615451655001e+05 5.514340199981402839e+05 5.191761471215659985e+05 2.044496216758439259e+05 3.834491293626739061e+05 4.546599898878447711e+05 5.514339806137019768e+05 5.137997108094129362e+05
4.256826194765930995e+05 4.786776317675092723e+05 4.625489639686980518e+05 4.786775822951607988e+05 3.796846261395646725e+05 3.940006638598503196e+05 4.786775783037032234e+05 4.786778781284132274e+05 4.786778756595934392e+05 4.510282713272626279e+05 3.819037737973106559e+05 4.786777628582537873e+05 4.786776852231968660e+05 4.706134503474878147e+05 4.786776629253685824e+05 4.786777053770649945e+05 4.786775375284451293e+05 3.250447951650945470e+05 4.786778160131316399e+05 4.464199339394544368e+05 3.834491293626739061e+05 1.819557359451027296e+05 3.652025757590545109e+05 4.786777950496822596e+05 4.410434940949816955e+05
2.131311992938852636e+05 2.661262128553257789e+05 2.499974642197892244e+05 2.661263950747348135e+05 1.565635101848756312e+05 1.709846291520719533e+05 2.661262769589730306e+05 2.661265349808241590e+05 2.661265818554837606e+05 2.384767533182258485e+05 1.440526392176033114e+05 2.661264638736599591e+05 2.661264323992447462e+05 2.580620023855014588e+05 2.661261916622043937e+05 2.661263233448958490e+05 2.661261431038415758e+05 2.526569053591348056e+05 2.661265662099123583e+05 2.338685558894175338e+05 4.546599898878447711e+05 3.652025757590545109e+05 7.486887736372822837e+04 2.661264900573414634e+05 2.284922120947160874e+05
1.474676286825246643e+05 3.225976363249139467e+04 1.129052083226501854e+05 1.613076491365290713e+04 3.007678867552423617e+05 1.710657211671804253e+05 1.613078296719352147e+04 4.450831665481454547e+04 7.661487064298859332e+04 1.244259887914580759e+05 2.112720607063529606e+05 4.232197364280828879e+03 4.496643311651808290e+03 9.677613619176555949e+04 2.688333709000870658e+04 1.613079660831003093e+04 1.613048804737112550e+04 3.804628722304929979e+05 1.613085939176521242e+04 1.305005958669204119e+05 5.514339806137018604e+05 4.786777950496822596e+05 2.661264900573414634e+05 9.143119196102457158e-01 1.451634041159835760e+05
5.484702426494905376e+04 1.344104128553780902e+05 6.586234476461706799e+04 1.451632718802997551e+05 2.631336616029113648e+05 1.213220608574406069e+05 1.451631991464952589e+05 1.221624187315866729e+05 9.912855351700203028e+04 5.434160562928593572e+04 1.736376307995125826e+05 1.451634138038320816e+05 1.451634014208237641e+05 8.199143347523458942e+04 1.379946328293051920e+05 1.451633831505686103e+05 1.451630103634049010e+05 3.428286030131091247e+05 1.451634623496821150e+05 4.274449282881291583e+04 5.137997108094128198e+05 4.410434940949816955e+05 2.284922120947160583e+05 1.451634041159835760e+05 1.831540924111900677e+04
