3.281959850944056734e-01 1.020552016473373442e+04 1.136089213283387300e+00 3.526787224161979975e+05 1.734706236574928917e+05 6.851454263812175486e+04 2.891371844635102898e+05 5.473223950196139776e+04 2.003449607932150539e+05 1.016965092185744712e+00 2.040949999531476715e+04 1.828243943110254477e+05 8.629339485463971560e-01 1.461742297759602079e+05 6.804132973323745318e+03 9.574281883259508907e-01 1.312100620069485194e+04 2.557674174120282987e+05 3.201790731351325521e+05 1.053562250208701201e+00 3.803486789165866503e+04 9.586411839459011430e-01 8.189671905693494125e-01 3.660948375383964158e+05 1.245986434698331141e+05
1.020552016473373442e+04 4.063694959924360472e-01 1.020542753798088415e+04 3.526789978839736432e+05 1.734708119424425240e+05 6.851455449728696840e+04 2.891373981576585211e+05 4.566231208494004386e+04 2.003451830110577575e+05 1.020538176171782470e+04 1.020548395245943175e+04 1.828245811581268499e+05 1.020512489886462754e+04 1.461742005354156718e+05 3.402505279599101414e+03 1.020536182378350895e+04 2.916816326444229162e+03 2.557674397999506618e+05 3.201793229908499634e+05 1.020548885038776098e+04 2.783071543027820735e+04 1.020520087100617093e+04 1.020532898817061505e+04 3.660948119068191736e+05 1.245985927720126929e+05
1.136089213283387300e+00 1.020542753798088415e+04 2.810634923403348417e-01 3.526788356559607200e+05 1.734708284010223870e+05 6.851447624955952051e+04 2.891373245391431265e+05 5.473249270305146638e+04 2.003451588323333126e+05 1.209938813547239311e+00 2.040974026639379008e+04 1.828246267287774244e+05 8.049424767554290705e-01 1.461741274361366814e+05 6.803957916585727617e+03 9.241813657722367514e-01 1.312088495030050217e+04 2.557673349316949316e+05 3.201792077793182107e+05 1.157741907236924384e+00 3.803476771720955003e+04 8.803957585835007205e-01 1.075825559872935377e+00 3.660946238707957673e+05 1.245985633403877728e+05
3.526787224161979975e+05 3.526789978839736432e+05 3.526788356559607200e+05 4.014043300446016656e+04 2.593844646912137396e+05 3.322709670940320357e+05 1.718051126497973455e+05 3.322707342505446868e+05 2.290962113015428185e+05 3.526788408724871115e+05 3.526789641950773075e+05 2.480872048063864058e+05 3.526787651084753452e+05 2.744479078599414788e+05 3.526789659915177617e+05 3.526788449682528153e+05 3.526789101229429943e+05 1.914625195645754866e+05 1.156002005002613441e+05 3.526788321449682117e+05 3.424750768756754114e+05 3.526787890538488282e+05 3.526786307345830719e+05 1.110160621277903410e+05 2.812505635706311441e+05
1.734706236574928917e+05 1.734708119424425822e+05 1.734708284010223870e+05 2.593844646912137396e+05 7.432666564552117052e+03 1.336483369351031724e+05 1.767104106863035995e+05 1.430137495436257450e+05 6.216304218997828139e+04 1.734706751691655954e+05 1.647244226740867016e+05 2.799661793951464642e+04 1.734705051108235202e+05 5.094851984942588024e+04 1.734708554583434598e+05 1.734707190532787936e+05 1.709717920921625337e+05 1.376376740542528860e+05 2.231255593763592478e+05 1.734707429681338836e+05 1.545204835026244400e+05 1.734705560474044469e+05 1.734704963300909149e+05 2.728007056354805827e+05 8.022678360043521388e+04
6.851454263812175486e+04 6.851455449728696840e+04 6.851447624955952051e+04 3.322709670940320357e+05 1.336483369351031724e+05 4.165305030124221958e+03 2.656058129314385005e+05 3.213021333597159537e+04 1.754020675140576204e+05 6.851466311842783762e+04 5.831054831958957948e+04 1.522125145143493719e+05 6.851408881330883014e+04 9.202984714267071104e+04 6.851464351518331387e+04 6.851438544872919738e+04 6.559901408730301773e+04 2.280706829104954959e+05 2.997713700424911221e+05 6.851468093685359054e+04 4.068508578741223755e+04 6.851418372273065324e+04 6.851450289203404100e+04 3.456866604743037024e+05 6.628940271132445196e+04
2.891371844635102898e+05 2.891373981576585211e+05 2.891373245391431265e+05 1.718051126497973455e+05 1.767104106863035413e+05 2.656058129314385005e+05 3.817023692408947682e+04 2.687291497311815037e+05 1.395442780282983731e+05 2.891372133048524265e+05 2.891373226665550610e+05 1.608776998892796692e+05 2.891371294311154052e+05 1.934630204292000853e+05 2.891373932320749154e+05 2.891372612826754921e+05 2.891375023925194982e+05 7.766694798259958043e+04 1.228681252017781517e+05 2.891372650872580707e+05 2.789334343055293430e+05 2.891371774060175521e+05 2.891370525618394604e+05 1.780271791587133775e+05 2.111875664645738143e+05
5.473223950196139776e+04 4.566231208494004386e+04 5.473249270305146638e+04 3.322707342505446868e+05 1.430137495436257450e+05 3.213021333597159537e+04 2.687291497311815037e+05 8.425104823497020334e+03 1.794330405581566738e+05 5.473238040887768875e+04 3.545794860734895337e+04 1.612825615389260638e+05 5.473214461305936857e+04 1.107177102823058085e+05 4.868570473445695097e+04 5.473242487312811136e+04 4.274679656155212433e+04 2.353595123346470064e+05 2.997711719384086900e+05 5.473240454071257409e+04 2.457924426827840944e+04 5.473224271560513444e+04 5.473225158140419808e+04 3.456869273328213603e+05 8.070901944205276959e+04
2.003449607932150539e+05 2.003451830110577575e+05 2.003451588323333126e+05 2.290962113015428185e+05 6.216304218997828139e+04 1.754020675140576495e+05 1.395442780282983731e+05 1.794330405581567029e+05 1.621326951779478622e+04 2.003450381082854001e+05 2.003450646752378379e+05 4.001235956065029313e+04 2.003448457015699532e+05 9.542683222738119366e+04 2.003451731603719236e+05 2.003450536936555873e+05 2.003452539488391485e+05 9.390521482459346589e+04 1.928370574328468356e+05 2.003451250202932861e+05 1.901412273560564499e+05 2.003449080635843275e+05 2.003448215512945317e+05 2.425124009790557902e+05 1.222333305026786838e+05
1.016965092185744712e+00 1.020538176171782470e+04 1.209938813547239311e+00 3.526788408724871115e+05 1.734706751691655954e+05 6.851466311842783762e+04 2.891372133048524265e+05 5.473238040887768148e+04 2.003450381082854001e+05 2.954930287083963325e-01 2.040961747263604047e+04 1.828243823044802120e+05 9.851119653987434610e-01 1.461742571089097473e+05 6.804044148691863484e+03 1.279628451526505728e+00 1.312110515456834582e+04 2.557675402015886211e+05 3.201790862965090200e+05 9.865032552723564940e-01 3.803504364493891626e+04 1.151387115795065919e+00 1.055893130724999240e+00 3.660949072534064762e+05 1.245987058207536029e+05
2.040949999531476715e+04 1.020548395245943175e+04 2.040974026639379008e+04 3.526789641950773075e+05 1.647244226740866725e+05 5.831054831958957948e+04 2.891373226665550610e+05 3.545794860734895337e+04 2.003450646752378379e+05 2.040961747263604047e+04 3.698848911714440746e-01 1.828245542491650267e+05 2.040928887564953038e+04 1.359702218961522449e+05 1.360691955638512445e+04 2.040958483323809196e+04 7.289949077847096305e+03 2.557675993115553283e+05 3.201793710367861204e+05 2.040959925161509091e+04 1.762643857775938523e+04 2.040945157971480876e+04 2.040939450002149533e+04 3.660949827484023990e+05 1.143946420568727917e+05
1.828243943110254186e+05 1.828245811581268499e+05 1.828246267287774244e+05 2.480872048063864058e+05 2.799661793951464642e+04 1.522125145143493719e+05 1.608776998892796692e+05 1.612825615389260638e+05 4.001235956065029313e+04 1.828243823044802120e+05 1.828245542491650267e+05 1.792652683649200844e+04 1.828242725217177940e+05 7.229560920317233831e+04 1.828246428516493179e+05 1.828244868659439671e+05 1.828246240769299038e+05 1.176401193301118183e+05 2.118280695935008989e+05 1.828244487557714456e+05 1.726206304748769326e+05 1.828243603352294012e+05 1.828242893819424207e+05 2.615033669956045051e+05 9.904373667822360585e+04
8.629339485463971560e-01 1.020512489886462754e+04 8.049424767554290705e-01 3.526787651084753452e+05 1.734705051108235202e+05 6.851408881330883014e+04 2.891371294311154052e+05 5.473214461305936857e+04 2.003448457015699532e+05 9.851119653987434610e-01 2.040928887564953038e+04 1.828242725217177940e+05 1.367439721539941144e-01 1.461737262483365776e+05 6.803610194225761916e+03 6.686452347551150588e-01 1.312052473183720940e+04 2.557671040763115743e+05 3.201790825098388596e+05 9.957102460414103406e-01 3.803438750662084203e+04 3.882891394905882421e-01 7.139285124504110014e-01 3.660945784057644778e+05 1.245981374420669454e+05
1.461742297759602079e+05 1.461742005354156718e+05 1.461741274361366814e+05 2.744479078599414788e+05 5.094851984942588024e+04 9.202984714267071104e+04 1.934630204292000853e+05 1.107177102823058085e+05 9.542683222738117911e+04 1.461742571089097473e+05 1.359702218961522449e+05 7.229560920317233831e+04 1.461737262483365776e+05 2.024418903487560965e+04 1.461741713362319279e+05 1.461740352013552620e+05 1.432586896241441427e+05 1.565712067870143801e+05 2.379976590899319563e+05 1.461743044930325123e+05 1.257659712737359223e+05 1.461738325178953237e+05 1.461740892486695084e+05 2.878636650104303262e+05 3.668400089926219516e+04
6.804132973323748047e+03 3.402505279599101414e+03 6.803957916585727617e+03 3.526789659915177617e+05 1.734708554583434598e+05 6.851464351518331387e+04 2.891373932320749154e+05 4.868570473445694370e+04 2.003451731603718945e+05 6.804044148691863484e+03 1.360691955638512445e+04 1.828246428516493470e+05 6.803610194225761916e+03 1.461741713362319279e+05 4.535499606089334520e+03 6.803920464325598005e+03 6.318025478793681032e+03 2.557674725383408077e+05 3.201793024114492582e+05 6.804112589032581127e+03 3.123209052223046092e+04 6.803762919452645292e+03 6.804016701117066987e+03 3.660948466210039333e+05 1.245985877722847072e+05
9.574281883259507797e-01 1.020536182378350895e+04 9.241813657722367514e-01 3.526788449682528153e+05 1.734707190532787936e+05 6.851438544872919738e+04 2.891372612826754921e+05 5.473242487312811136e+04 2.003450536936555873e+05 1.279628451526505728e+00 2.040958483323809196e+04 1.828244868659439671e+05 6.686452347551150588e-01 1.461740352013552620e+05 6.803920464325598005e+03 2.985258942224530143e-01 1.312073902254576387e+04 2.557672204463759554e+05 3.201792142329656053e+05 1.259968905739687228e+00 3.803469236288831598e+04 6.905557888704960678e-01 9.005735060861705943e-01 3.660946446232208982e+05 1.245984645935057488e+05
1.312100620069485194e+04 2.916816326444229617e+03 1.312088495030050217e+04 3.526789101229429943e+05 1.709717920921625337e+05 6.559901408730301773e+04 2.891375023925194982e+05 4.274679656155210978e+04 2.003452539488391194e+05 1.312110515456834582e+04 7.289949077847094486e+03 1.828246240769299038e+05 1.312052473183720940e+04 1.432586896241441427e+05 6.318025478793681941e+03 1.312073902254576387e+04 4.165280235377204917e+03 2.557675293206688948e+05 3.201793833578361082e+05 1.312112986422667927e+04 2.491519439537779908e+04 1.312061530733000654e+04 1.312089600921797137e+04 3.660948967285730178e+05 1.216830980521853198e+05
2.557674174120282987e+05 2.557674397999506618e+05 2.557673349316949316e+05 1.914625195645754866e+05 1.376376740542528860e+05 2.280706829104954959e+05 7.766694798259958043e+04 2.353595123346470064e+05 9.390521482459346589e+04 2.557675402015886211e+05 2.557675993115553283e+05 1.176401193301118183e+05 2.557671040763115743e+05 1.565712067870143801e+05 2.557674725383408077e+05 2.557672204463759554e+05 2.557675293206688948e+05 2.267690108209143364e+04 1.457823484204495908e+05 2.557674901705468656e+05 2.455634019699679047e+05 2.557670925661701476e+05 2.557672973864188534e+05 2.014642976353323320e+05 1.719866751425793336e+05
3.201790731351325521e+05 3.201793229908499634e+05 3.201792077793182107e+05 1.156002005002613441e+05 2.231255593763592478e+05 2.997713700424911221e+05 1.228681252017781517e+05 2.997711719384086900e+05 1.928370574328467774e+05 3.201790862965090200e+05 3.201793710367861204e+05 2.118280695935008989e+05 3.201790825098388596e+05 2.379976590899319563e+05 3.201793024114492582e+05 3.201792142329656053e+05 3.201793833578361082e+05 1.457823484204495617e+05 4.129235379102885781e+04 3.201790884262719192e+05 3.099754149722532602e+05 3.201791187710359227e+05 3.201789853087407537e+05 1.342002018772292067e+05 2.479595217908431077e+05
1.053562250208701201e+00 1.020548885038776098e+04 1.157741907236924384e+00 3.526788321449682117e+05 1.734707429681338836e+05 6.851468093685359054e+04 2.891372650872580707e+05 5.473240454071256681e+04 2.003451250202932861e+05 9.865032552723564940e-01 2.040959925161509091e+04 1.828244487557714456e+05 9.957102460414103406e-01 1.461743044930325123e+05 6.804112589032581127e+03 1.259968905739687228e+00 1.312112986422667927e+04 2.557674901705468656e+05 3.201790884262719192e+05 2.497589193884220682e-01 3.803499864883315604e+04 1.153846501170946670e+00 1.144489948662742673e+00 3.660948975104008568e+05 1.245987332544617675e+05
3.803486789165866503e+04 2.783071543027821099e+04 3.803476771720955003e+04 3.424750768756754114e+05 1.545204835026244109e+05 4.068508578741223755e+04 2.789334343055293430e+05 2.457924426827840580e+04 1.901412273560564208e+05 3.803504364493891626e+04 1.762643857775938523e+04 1.726206304748769326e+05 3.803438750662084203e+04 1.257659712737359077e+05 3.123209052223046092e+04 3.803469236288831598e+04 2.491519439537780272e+04 2.455634019699679047e+05 3.099754149722532602e+05 3.803499864883315604e+04 1.425240483519879490e+04 3.803452249123779620e+04 3.803483701780357660e+04 3.558907757715589250e+05 1.041903536476410227e+05
9.586411839459011430e-01 1.020520087100617093e+04 8.803957585835007205e-01 3.526787890538488282e+05 1.734705560474044469e+05 6.851418372273065324e+04 2.891371774060175521e+05 5.473224271560512716e+04 2.003449080635843275e+05 1.151387115795065919e+00 2.040945157971480876e+04 1.828243603352294012e+05 3.882891394905881866e-01 1.461738325178953237e+05 6.803762919452645292e+03 6.905557888704960678e-01 1.312061530733000654e+04 2.557670925661701476e+05 3.201791187710359227e+05 1.153846501170946670e+00 3.803452249123779620e+04 2.486438733774982701e-01 7.648736136758031989e-01 3.660946055864852970e+05 1.245982602489562851e+05
8.189671905693494125e-01 1.020532898817061505e+04 1.075825559872935377e+00 3.526786307345830719e+05 1.734704963300908857e+05 6.851450289203404100e+04 2.891370525618394604e+05 5.473225158140419080e+04 2.003448215512945026e+05 1.055893130724999240e+00 2.040939450002149533e+04 1.828242893819424207e+05 7.139285124504110014e-01 1.461740892486695084e+05 6.804016701117066987e+03 9.005735060861705943e-01 1.312089600921797137e+04 2.557672973864188534e+05 3.201789853087407537e+05 1.144489948662742673e+00 3.803483701780357660e+04 7.648736136758031989e-01 2.818400335544095081e-01 3.660947359377444373e+05 1.245985359118155466e+05
3.660948375383964158e+05 3.660948119068191736e+05 3.660946238707957673e+05 1.110160621277903410e+05 2.728007056354805827e+05 3.456866604743037024e+05 1.780271791587134067e+05 3.456869273328213603e+05 2.425124009790557611e+05 3.660949072534064762e+05 3.660949827484023990e+05 2.615033669956045051e+05 3.660945784057644778e+05 2.878636650104303262e+05 3.660948466210039333e+05 3.660946446232208982e+05 3.660948967285730178e+05 2.014642976353323320e+05 1.342002018772292358e+05 3.660948975104008568e+05 3.558907757715589250e+05 3.660946055864852970e+05 3.660947359377444373e+05 4.537960288541284535e+04 2.946663908771309652e+05
1.245986434698331141e+05 1.245985927720126929e+05 1.245985633403877728e+05 2.812505635706311441e+05 8.022678360043521388e+04 6.628940271132445196e+04 2.111875664645738143e+05 8.070901944205276959e+04 1.222333305026786693e+05 1.245987058207536029e+05 1.143946420568727917e+05 9.904373667822360585e+04 1.245981374420669454e+05 3.668400089926218789e+04 1.245985877722846926e+05 1.245984645935057488e+05 1.216830980521853198e+05 1.719866751425793336e+05 2.479595217908431077e+05 1.245987332544617675e+05 1.041903536476410227e+05 1.245982602489562851e+05 1.245985359118155466e+05 2.946663908771309652e+05 5.078969067939029628e+03
