1.818635009743921546e+04 8.757930223255288729e+04 1.713724980419795902e+05 3.658053762451486546e+05 2.646019115313977818e+04 7.616637187862655264e+04 2.179244698804720538e+05 1.243905877633085620e+05 4.080844177997170482e+04 2.628664167553369189e+05 3.088006514847909566e+05 5.914111369611574628e+04 4.080877513604160777e+04 4.080856467668619734e+04 2.986374103699441184e+04 4.080873995936650317e+04 1.490670796510348155e+05 4.080822733199697541e+04 3.442947982408726239e+05 4.080868087230234960e+04 1.693563844819822698e+05 4.080849232895267778e+04 4.301195656274852081e+04 1.564536564575661396e+04 1.909848470137953409e+05
8.757930223255288729e+04 7.696811859399780587e+03 1.310501300295356341e+05 3.254828905571236392e+05 7.373937562164482370e+04 3.257793323826583583e+04 1.776021819586782076e+05 4.720709069155083853e+04 1.171489503962302842e+05 2.225439382585461426e+05 2.684783099760581972e+05 5.013223621294231998e+04 1.171490519011031865e+05 1.171492130770213553e+05 1.131169079179611581e+05 1.171491337892091688e+05 8.350644479065193445e+04 1.171488157237833511e+05 3.039723043142421520e+05 1.171489848633841611e+05 1.167369883472113725e+05 1.171487845223222394e+05 6.626123960324328800e+04 7.682669799902892555e+04 1.506622626308951585e+05
1.713724980419795902e+05 1.310501300295356341e+05 5.408508985844723611e+03 2.529023202252192132e+05 1.713725242811460048e+05 1.382185276037081785e+05 8.321062704657162249e+04 9.805880593845123076e+04 1.713721877670100366e+05 1.412866882762672903e+05 1.958976179014514782e+05 1.552434527642935864e+05 1.713723117070588050e+05 1.713724482295395574e+05 1.713724988473644189e+05 1.713724185592770227e+05 6.979793766512225557e+04 1.713720430641438288e+05 2.313917373189536447e+05 1.713722589082545019e+05 3.050180548745795022e+04 1.713722162359177892e+05 1.713725636366924737e+05 1.713723964470486681e+05 3.748346259399128758e+04
3.658053762451486546e+05 3.254828905571236392e+05 2.529023202252192132e+05 2.539882340427462259e+04 3.658053455180798774e+05 3.326514235364974593e+05 2.145560202906086342e+05 3.012893935553798801e+05 3.658050572623339249e+05 1.622121976084855851e+05 1.322909720152160153e+05 3.496763337922273786e+05 3.658051576765634236e+05 3.658052726302054361e+05 3.658052006506535690e+05 3.658051925999239902e+05 2.878485253312918358e+05 3.658050577432952123e+05 9.763389407271415985e+04 3.658051605543695041e+05 2.598148262718995102e+05 3.658051604781398783e+05 3.658054016336764325e+05 3.658052554701620247e+05 2.455419430191398715e+05
2.646019115313977818e+04 7.373937562164482370e+04 1.713725242811460048e+05 3.658053455180798774e+05 1.396669932118529869e+04 5.569133428896735131e+04 2.179245507669882209e+05 1.113337792932087759e+05 6.387099429678056913e+04 2.628664800769531284e+05 3.088007458922517253e+05 3.784678379594812577e+04 6.387126256980754260e+04 6.387122868575934262e+04 5.490133603968127136e+04 6.387122101830123574e+04 1.395945669398259488e+05 6.387080009094347042e+04 3.442948759347912273e+05 6.387120471794287732e+04 1.673814073371455888e+05 6.387103294378097780e+04 1.976039269610388510e+04 1.249975081250972653e+04 1.909849034749460116e+05
7.616637187862655264e+04 3.257793323826583583e+04 1.382185276037081785e+05 3.326514235364974593e+05 5.569133428896735131e+04 2.581552534540245688e+03 1.847706157441026007e+05 7.233235836529426160e+04 1.057360300490465015e+05 2.297123791120901587e+05 2.756467866865442484e+05 1.977887416033854970e+04 1.057361179439656262e+05 1.057361306385179196e+05 1.017039554328942177e+05 1.057360548429321352e+05 1.006799086391873716e+05 1.057358712444331904e+05 3.111407591471009655e+05 1.057360693068884866e+05 1.292896820002659952e+05 1.057358625349443610e+05 4.122009103806255735e+04 6.541371375486402394e+04 1.578307431585890008e+05
2.179244698804720538e+05 1.776021819586782076e+05 8.321062704657162249e+04 2.145560202906086633e+05 2.179245507669882209e+05 1.847706157441026007e+05 1.793157433484787907e+04 1.530754326924222696e+05 2.179242613006938773e+05 7.852868540758642484e+04 1.421169219065510260e+05 2.017956234925331664e+05 2.179245072811322752e+05 2.179245074667652661e+05 2.179245087999692769e+05 2.179245705450656824e+05 1.288137186730500835e+05 2.179241942822088604e+05 1.892261483758005488e+05 2.179244563589822792e+05 9.895561399260984035e+04 2.179243776090662577e+05 2.179246023907173658e+05 2.179246382253575721e+05 6.000478806993812759e+04
1.243905877633085620e+05 4.720709069155083853e+04 9.805880593845123076e+04 3.012893935553798801e+05 1.113337792932087759e+05 7.233235836529426160e+04 1.530754326924222405e+05 5.558853979273512778e+03 1.458956877313051082e+05 1.983504218750634464e+05 2.442847449804807547e+05 8.944427100867567060e+04 1.458957208089825290e+05 1.458959145886043261e+05 1.458959723737914755e+05 1.458958529143931519e+05 4.055799389013552718e+04 1.458955227582891821e+05 2.797787088611418731e+05 1.458956704269578622e+05 8.056273104253561178e+04 1.458954750642835279e+05 1.055734134700069408e+05 1.136380252917641046e+05 1.176710041259358550e+05
4.080844177997170482e+04 1.171489503962302842e+05 1.713721877670100366e+05 3.658050572623339249e+05 6.387099429678056913e+04 1.057360300490465015e+05 2.179242613006938773e+05 1.458956877313051082e+05 2.532276860199006441e-01 2.628661177360195434e+05 3.088003800787501968e+05 8.871084896200019284e+04 1.046388382451303167e+00 1.108060928579801097e+00 1.094574492890924921e+04 1.108834936742222999e+00 1.634037016590837447e+05 4.833947091668829299e-01 3.442945665843944298e+05 8.684091414873142956e-01 1.693560476244488964e+05 6.316090790555499712e-01 7.258178193906960951e+04 5.645273670022530132e+04 1.909845711777644174e+05
2.628664167553369189e+05 2.225439382585461426e+05 1.412866882762672903e+05 1.622121976084855560e+05 2.628664800769530702e+05 2.297123791120901587e+05 7.852868540758642484e+04 1.983504218750634464e+05 2.628661177360195434e+05 3.771507657555562764e+04 1.104266570536628715e+05 2.467373977958339383e+05 2.628660845707051922e+05 2.628662134297366720e+05 2.628663716252571321e+05 2.628661669921273133e+05 1.817002134709175152e+05 2.628661087825982249e+05 1.506786122641318943e+05 2.628660705898265587e+05 1.529257261967776576e+05 2.628660283738857252e+05 2.628664903844525106e+05 2.628663826216545422e+05 1.203080789085973229e+05
3.088006514847909566e+05 2.684783099760581972e+05 1.958976179014514782e+05 1.322909720152160153e+05 3.088007458922517253e+05 2.756467866865442484e+05 1.421169219065510260e+05 2.442847449804807547e+05 3.088003800787501968e+05 1.104266570536628715e+05 2.888839421078066152e+04 2.926716757661735755e+05 3.088004874019399285e+05 3.088005531544750556e+05 3.088005851381551474e+05 3.088005379218926537e+05 2.308437908006042708e+05 3.088003294590296573e+05 9.239351632766396506e+04 3.088004939333805232e+05 2.028101895640277071e+05 3.088004551338266465e+05 3.088007310100829927e+05 3.088006065164198517e+05 1.815518942098630359e+05
5.914111369611574628e+04 5.013223621294231998e+04 1.552434527642935864e+05 3.496763337922273786e+05 3.784678379594812577e+04 1.977887416033854970e+04 2.017956234925331664e+05 8.944427100867569970e+04 8.871084896200019284e+04 2.467373977958339383e+05 2.926716757661735755e+05 1.948434251840978686e+04 8.871105273577904154e+04 8.871101566472648119e+04 8.467878388896238175e+04 8.871109870324160147e+04 1.177050734526553715e+05 8.871064148940285668e+04 3.281658147181310924e+05 8.871103496350100613e+04 1.463150488811409159e+05 8.871084803261395427e+04 2.181510765223985436e+04 4.838843225133457599e+04 1.748558958269968280e+05
4.080877513604160777e+04 1.171490519011031865e+05 1.713723117070588050e+05 3.658051576765634236e+05 6.387126256980754260e+04 1.057361179439656262e+05 2.179245072811322752e+05 1.458957208089825290e+05 1.046388382451303167e+00 2.628660845707051922e+05 3.088004874019399285e+05 8.871105273577904154e+04 2.551352503171216424e-01 1.002721014276850786e+00 1.094605564868646979e+04 8.960238727512276347e-01 1.634037671509924985e+05 8.530839894156819758e-01 3.442944204120972427e+05 7.292672569869496080e-01 1.693561705199449498e+05 8.442126041664345104e-01 7.258209345856234722e+04 5.645303625233138882e+04 1.909845856220129062e+05
4.080856467668619734e+04 1.171492130770213553e+05 1.713724482295395574e+05 3.658052726302054361e+05 6.387122868575934262e+04 1.057361306385179196e+05 2.179245074667652661e+05 1.458959145886043261e+05 1.108060928579801097e+00 2.628662134297366720e+05 3.088005531544750556e+05 8.871101566472648119e+04 1.002721014276850564e+00 3.346560720258080490e-01 1.094587777469035427e+04 1.022615263067477631e+00 1.634038883635949169e+05 9.350767813618328095e-01 3.442946196696967818e+05 1.043754673103417074e+00 1.693563265995824186e+05 1.009465909841788189e+00 7.258199355766696681e+04 5.645302087206620490e+04 1.909847736617615446e+05
2.986374103699441548e+04 1.131169079179611581e+05 1.713724988473644189e+05 3.658052006506535690e+05 5.490133603968127136e+04 1.017039554328942177e+05 2.179245087999692769e+05 1.458959723737915047e+05 1.094574492890924921e+04 2.628663716252571321e+05 3.088005851381551474e+05 8.467878388896238175e+04 1.094605564868646979e+04 1.094587777469035427e+04 6.007504433492375938e+03 1.094591853134966732e+04 1.634039388248832838e+05 1.094558387170908100e+04 3.442947607347999583e+05 1.094600030312515446e+04 1.693563664565799118e+05 1.094586056694392937e+04 6.854969104261089524e+04 4.550802263227286312e+04 1.909848622697006795e+05
4.080873995936650317e+04 1.171491337892091688e+05 1.713724185592770227e+05 3.658051925999239902e+05 6.387122101830123574e+04 1.057360548429321352e+05 2.179245705450656824e+05 1.458958529143931810e+05 1.108834936742222999e+00 2.628661669921273133e+05 3.088005379218926537e+05 8.871109870324160147e+04 8.960238727512276347e-01 1.022615263067477631e+00 1.094591853134966732e+04 2.584714315076981905e-01 1.634038556208190566e+05 9.997021939248061928e-01 3.442944930731831701e+05 9.588533095532466577e-01 1.693562173511949950e+05 9.799607979560021054e-01 7.258208038617034617e+04 5.645291236150964687e+04 1.909847257512655633e+05
1.490670796510348446e+05 8.350644479065193445e+04 6.979793766512225557e+04 2.878485253312918358e+05 1.395945669398259488e+05 1.006799086391873716e+05 1.288137186730500980e+05 4.055799389013552718e+04 1.634037016590837447e+05 1.817002134709175152e+05 2.308437908006042708e+05 1.177050734526553570e+05 1.634037671509924985e+05 1.634038883635949169e+05 1.634039388248832838e+05 1.634038556208190566e+05 2.284037657896841847e+04 1.634035599657115818e+05 2.663378027921333560e+05 1.634036965866400860e+05 4.455324517732920503e+04 1.634034919868271681e+05 1.338342468298242020e+05 1.418986144409813860e+05 8.941030313580909569e+04
4.080822733199697541e+04 1.171488157237833366e+05 1.713720430641438288e+05 3.658050577432952123e+05 6.387080009094347042e+04 1.057358712444331904e+05 2.179241942822088604e+05 1.458955227582891821e+05 4.833947091668829299e-01 2.628661087825982249e+05 3.088003294590296573e+05 8.871064148940285668e+04 8.530839894156819758e-01 9.350767813618330315e-01 1.094558387170908281e+04 9.997021939248061928e-01 1.634035599657115818e+05 1.239493263850722365e-01 3.442945070049446076e+05 7.516477424874227209e-01 1.693560002466219303e+05 4.954582421619219135e-01 7.258159933838099823e+04 5.645257515029758360e+04 1.909844672992747801e+05
3.442947982408726239e+05 3.039723043142421520e+05 2.313917373189536447e+05 9.763389407271415985e+04 3.442948759347912273e+05 3.111407591471009655e+05 1.892261483758005488e+05 2.797787088611418731e+05 3.442945665843944298e+05 1.506786122641318943e+05 9.239351632766396506e+04 3.281658147181311506e+05 3.442944204120971845e+05 3.442946196696968400e+05 3.442947607347999583e+05 3.442944930731830536e+05 2.663378027921334142e+05 3.442945070049446076e+05 4.101876551130336884e+04 3.442944296742607839e+05 2.383041683761236782e+05 3.442944362239934271e+05 3.442948299893586081e+05 3.442947252085262444e+05 2.235540443458393856e+05
4.080868087230234960e+04 1.171489848633841611e+05 1.713722589082545019e+05 3.658051605543695041e+05 6.387120471794287732e+04 1.057360693068884866e+05 2.179244563589822792e+05 1.458956704269578913e+05 8.684091414873142956e-01 2.628660705898265587e+05 3.088004939333805232e+05 8.871103496350100613e+04 7.292672569869497190e-01 1.043754673103417296e+00 1.094600030312515446e+04 9.588533095532467687e-01 1.634036965866400860e+05 7.516477424874227209e-01 3.442944296742607839e+05 2.526189181968874209e-01 1.693560080287235905e+05 7.678317723233782921e-01 7.258199969140892790e+04 5.645299018043747492e+04 1.909845140137313574e+05
1.693563844819822698e+05 1.167369883472113725e+05 3.050180548745795022e+04 2.598148262718995975e+05 1.673814073371455888e+05 1.292896820002659952e+05 9.895561399260984035e+04 8.056273104253561178e+04 1.693560476244488964e+05 1.529257261967776576e+05 2.028101895640277071e+05 1.463150488811409159e+05 1.693561705199449498e+05 1.693563265995824186e+05 1.693563664565799118e+05 1.693562173511949950e+05 4.455324517732921231e+04 1.693560002466219303e+05 2.383041683761236782e+05 1.693560080287235905e+05 1.309575827420786482e+04 1.693559559519543254e+05 1.624438823428995383e+05 1.693564396626680973e+05 5.274714639279844414e+04
4.080849232895267778e+04 1.171487845223222394e+05 1.713722162359177892e+05 3.658051604781398783e+05 6.387103294378097053e+04 1.057358625349443610e+05 2.179243776090662577e+05 1.458954750642835279e+05 6.316090790555499712e-01 2.628660283738857252e+05 3.088004551338265883e+05 8.871084803261395427e+04 8.442126041664345104e-01 1.009465909841788189e+00 1.094586056694393301e+04 9.799607979560021054e-01 1.634034919868271681e+05 4.954582421619219135e-01 3.442944362239934271e+05 7.678317723233782921e-01 1.693559559519543254e+05 2.133151356060346560e-01 7.258182904973393306e+04 5.645279777556810586e+04 1.909844408623765339e+05
4.301195656274852081e+04 6.626123960324327345e+04 1.713725636366924737e+05 3.658054016336764325e+05 1.976039269610388510e+04 4.122009103806255735e+04 2.179246023907173658e+05 1.055734134700069553e+05 7.258178193906960951e+04 2.628664903844525106e+05 3.088007310100829927e+05 2.181510765223985436e+04 7.258209345856234722e+04 7.258199355766696681e+04 6.854969104261089524e+04 7.258208038617034617e+04 1.338342468298242020e+05 7.258159933838099823e+04 3.442948299893586081e+05 7.258199969140892790e+04 1.624438823428995383e+05 7.258182904973393306e+04 2.792357945626487981e-01 3.225936773309760247e+04 1.909848847384322435e+05
1.564536564575661396e+04 7.682669799902892555e+04 1.713723964470486681e+05 3.658052554701620247e+05 1.249975081250972653e+04 6.541371375486402394e+04 2.179246382253575721e+05 1.136380252917641337e+05 5.645273670022530132e+04 2.628663826216545422e+05 3.088006065164198517e+05 4.838843225133457599e+04 5.645303625233138882e+04 5.645302087206620490e+04 4.550802263227286312e+04 5.645291236150964687e+04 1.418986144409813860e+05 5.645257515029758360e+04 3.442947252085262444e+05 5.645299018043747492e+04 1.693564396626680973e+05 5.645279777556810586e+04 3.225936773309760247e+04 2.976978610276412862e-01 1.909849430553095299e+05
1.909848470137953409e+05 1.506622626308951585e+05 3.748346259399128758e+04 2.455419430191398715e+05 1.909849034749460116e+05 1.578307431585890008e+05 6.000478806993812759e+04 1.176710041259358550e+05 1.909845711777644174e+05 1.203080789085973229e+05 1.815518942098630359e+05 1.748558958269968280e+05 1.909845856220129062e+05 1.909847736617615446e+05 1.909848622697006795e+05 1.909847257512655633e+05 8.941030313580909569e+04 1.909844672992747801e+05 2.235540443458393565e+05 1.909845140137313574e+05 5.274714639279844414e+04 1.909844408623765339e+05 1.909848847384322435e+05 1.909849430553095299e+05 1.679749560565743377e+04
