1.074611512467666944e+04 1.045529536469513405e+05 1.045529837850710755e+05 4.232548690298549627e+04 4.179848419018323766e+05 1.709875734766035748e+05 1.297416883459452074e+05 2.732233977796718827e+05 4.255149025114197866e+04 6.403842640810813464e+04 3.424851255284748040e+05 1.045530698318103241e+05 2.194720186161161982e+05 1.128176352789653756e+05 1.080660923327207711e+05 1.073079932550312806e+05 1.043527044628360309e+05 1.128176409004342713e+05 9.924038637552238652e+04 1.073076336556209280e+05 8.595806080536439549e+04 8.716327348935262125e+04 1.128177021691125847e+05 1.045527814412955486e+05 9.628882380284313695e+04
1.045529536469513405e+05 5.774185361008538075e-01 1.124830226062561778e+00 8.777260211733501637e+04 4.593069374797898345e+05 2.124802274458592874e+05 1.798091442824895494e+05 3.145453832406800939e+05 1.261329863599013624e+05 7.528280730911105638e+04 3.838071044167779037e+05 1.144529169978904193e+00 2.607938306110832782e+05 1.239818498775505213e+04 1.583944226445408131e+05 3.349778156567001861e+04 4.152445266557425930e+04 8.462527575736232393e+03 4.925716517381490121e+04 2.755858071980707791e+03 6.405125221496613813e+04 1.475440669424957887e+05 1.962317338869694504e+04 9.824614316562449989e-01 5.372065601706174493e+04
1.045529837850710755e+05 1.124830226062562000e+00 5.871525802087743662e-01 8.777274449339869898e+04 4.593068861019795295e+05 2.124801895706981013e+05 1.798091707838411385e+05 3.145453311516782269e+05 1.261331198404057941e+05 7.528295817481851554e+04 3.838071138378400938e+05 1.172127391489155013e+00 2.607939227399142983e+05 1.239813326343763038e+04 1.583945467999500688e+05 3.349780527639872889e+04 4.152457090057252208e+04 8.462611219913929745e+03 4.925728789790740120e+04 2.755878359029317835e+03 6.405125748307970935e+04 1.475442335447032528e+05 1.962329170794357196e+04 1.070237609206315055e+00 5.372063940304559947e+04
4.232548690298550355e+04 8.777260211733501637e+04 8.777274449339872808e+04 1.232655120668778545e+04 4.315623034619420650e+05 1.847356870282103773e+05 1.508853678211304359e+05 2.868007479304840672e+05 7.418161543718182656e+04 3.124355694742793639e+04 3.560624394523165538e+05 8.777273144492063147e+04 2.330493230618537054e+05 9.603729537866606552e+04 1.292248113654784393e+05 8.482956695074471645e+04 8.019375376709636475e+04 9.603721996783600480e+04 7.468019455782818841e+04 9.052733535187767120e+04 5.869760140851454344e+04 1.106675955081446737e+05 9.376022115186433075e+04 8.777254504969215486e+04 7.084848720645502908e+04
4.179848419018323184e+05 4.593069374797898345e+05 4.593068861019795295e+05 4.315623034619420650e+05 1.029905305329300027e+05 3.588607444077435066e+05 3.842366381049772608e+05 2.816726562705539400e+05 4.110967543289880268e+05 4.381869183073288877e+05 2.477794248483423144e+05 4.593069582864247495e+05 3.285364168641213328e+05 4.593070115236791898e+05 3.931700498527340824e+05 4.593071213045907789e+05 4.593071292933481745e+05 4.593070006965956418e+05 4.593071511969654821e+05 4.593068494119297829e+05 4.489766013115299866e+05 3.967300841175277601e+05 4.593071485974686220e+05 4.593068685985627235e+05 4.593071179386452422e+05
1.709875734766035748e+05 2.124802274458593456e+05 2.124801895706981013e+05 1.847356870282103773e+05 3.588607444077436812e+05 3.812514777848121594e+04 9.244864152979881328e+04 2.153801152240888041e+05 1.538568531793812872e+05 1.913603602521282155e+05 2.830123888125990052e+05 2.124803165329995390e+05 1.346291589933508949e+05 2.124803052346748882e+05 1.240745371037081786e+05 2.124804552510573412e+05 2.124805085529704520e+05 2.124803445676235715e+05 2.124805357964115392e+05 2.124800853158331302e+05 2.021500247795676696e+05 1.366817757984079071e+05 2.124804457718874037e+05 2.124801379107985704e+05 2.124804980603409640e+05
1.297416883459452074e+05 1.798091442824895494e+05 1.798091707838411385e+05 1.508853678211304359e+05 3.842366381049773772e+05 9.244864152979882783e+04 3.742821822741616779e+04 2.364701943181067181e+05 1.105856222255088796e+05 1.586891733191813692e+05 3.090807364925892325e+05 1.798092545452556224e+05 1.693866958651824098e+05 1.798093261263229069e+05 6.955895098307267472e+04 1.798093940258548828e+05 1.798094723586931941e+05 1.798092965100031288e+05 1.798094703106858942e+05 1.798090101803181460e+05 1.694788991308806289e+05 8.500920346509240335e+04 1.798094406865718774e+05 1.798090467984464194e+05 1.798094606318757869e+05
2.732233977796718245e+05 3.145453832406800939e+05 3.145453311516782269e+05 2.868007479304839508e+05 2.816726562705539400e+05 2.153801152240887750e+05 2.364701943181066890e+05 6.820277424420250463e+04 2.663352476228781743e+05 2.934255373311529984e+05 1.944955659847560164e+05 3.145454435536425444e+05 1.659483804539737757e+05 3.145454405985971098e+05 2.475104467850177898e+05 3.145455354088816093e+05 3.145456871738306945e+05 3.145454266898227506e+05 3.145457490963638411e+05 3.145452579030807246e+05 3.042150571919519571e+05 2.506192454364002915e+05 3.145455413961265585e+05 3.145453139847107814e+05 3.145456657133653061e+05
4.255149025114197138e+04 1.261329863599013624e+05 1.261331198404057941e+05 7.418161543718182656e+04 4.110967543289880268e+05 1.538568531793812872e+05 1.105856222255088796e+05 2.663352476228781743e+05 2.446048080347305586e+04 9.127893932861152280e+04 3.355969571216887562e+05 1.261330936356285383e+05 2.092947571644075797e+05 1.316429258879247936e+05 8.562679576013972110e+04 1.279698448616594978e+05 1.259346524198332918e+05 1.316428178951091541e+05 1.208605869258229213e+05 1.279694574806263699e+05 1.075783712970505003e+05 5.936443129213695647e+04 1.316429108863865258e+05 1.261328760525546531e+05 1.179090284689994151e+05
6.403842640810813464e+04 7.528280730911105638e+04 7.528295817481851554e+04 3.124355694742793639e+04 4.381869183073289460e+05 1.913603602521282155e+05 1.586891733191813692e+05 2.934255373311529984e+05 9.127893932861153735e+04 6.011639021571953890e+03 3.626871309612133773e+05 7.528291274319862714e+04 2.396738766863446799e+05 8.354753907767342753e+04 1.372744890807063202e+05 6.820604867726302473e+04 6.268569507780425920e+04 8.354741512406132824e+04 5.377233994568778144e+04 7.803753807740690536e+04 3.123871905379502641e+04 1.228821799165819684e+05 7.986439733189783874e+04 7.528273842882832105e+04 4.635739202068308077e+04
3.424851255284748040e+05 3.838071044167778455e+05 3.838071138378400938e+05 3.560624394523164956e+05 2.477794248483423144e+05 2.830123888125990634e+05 3.090807364925891161e+05 1.944955659847559873e+05 3.355969571216888726e+05 3.626871309612133773e+05 9.903972964998180396e+04 3.838071397999190958e+05 2.417642761425054341e+05 3.838072382964242133e+05 3.176882927258134005e+05 3.838073086783276522e+05 3.838073174629436107e+05 3.838071804084692849e+05 3.838073902160622529e+05 3.838070307489738334e+05 3.734767823431665311e+05 3.212301924287957372e+05 3.838072924535649363e+05 3.838070854028509348e+05 3.838073990659944247e+05
1.045530698318103241e+05 1.144529169978904193e+00 1.172127391489155013e+00 8.777273144492063147e+04 4.593069582864246913e+05 2.124803165329995390e+05 1.798092545452555642e+05 3.145454435536425444e+05 1.261330936356285383e+05 7.528291274319862714e+04 3.838071397999190958e+05 5.688724764498883646e-01 2.607939227607273497e+05 1.239820472783841797e+04 1.583945543705343734e+05 3.349788952114204585e+04 4.152457344991900754e+04 8.462513382720006121e+03 4.925724864440029341e+04 2.755991153940718505e+03 6.405133161004629073e+04 1.475442198602369754e+05 1.962324262319883201e+04 1.184118758182360898e+00 5.372075093970658781e+04
2.194720186161161982e+05 2.607938306110833073e+05 2.607939227399142983e+05 2.330493230618536472e+05 3.285364168641213910e+05 1.346291589933508949e+05 1.693866958651824098e+05 1.659483804539737757e+05 2.092947571644075797e+05 2.396738766863446799e+05 2.417642761425054632e+05 2.607939227607273497e+05 6.310973345103820611e+04 2.607940941885994689e+05 1.842674193536244275e+05 2.607941976987087401e+05 2.607941295086396858e+05 2.607939428136534989e+05 2.607941500344468805e+05 2.607938370478381403e+05 2.504637448004163452e+05 1.941686856440938718e+05 2.607941123090423935e+05 2.607938616733857198e+05 2.607942771893051104e+05
1.128176352789653756e+05 1.239818498775505213e+04 1.239813326343763038e+04 9.603729537866606552e+04 4.593070115236791898e+05 2.124803052346748009e+05 1.798093261263229069e+05 3.145454405985971680e+05 1.316429258879247936e+05 8.354753907767342753e+04 3.838072382964242715e+05 1.239820472783841797e+04 2.607940941885994689e+05 6.372311920432073284e-01 1.583946814486742369e+05 2.110105912144913600e+04 2.912786683348079896e+04 3.936681211430288386e+03 4.050094446298341791e+04 9.643042497508096858e+03 5.578688939266004309e+04 1.475443626352017745e+05 7.226334251792659416e+03 1.239803259385872843e+04 4.545621202209177136e+04
1.080660923327207711e+05 1.583944226445408131e+05 1.583945467999500688e+05 1.292248113654784393e+05 3.931700498527341406e+05 1.240745371037081786e+05 6.955895098307267472e+04 2.475104467850177898e+05 8.562679576013973565e+04 1.372744890807063202e+05 3.176882927258134005e+05 1.583945543705343734e+05 1.842674193536244275e+05 1.583946814486742369e+05 1.680353657334400486e+04 1.583947642405529041e+05 1.583947776624772232e+05 1.583946011519001622e+05 1.583947765576256788e+05 1.583943827673121123e+05 1.480641486846479820e+05 4.976338490140627982e+04 1.583947065673847101e+05 1.583944193066524458e+05 1.583948252071897441e+05
1.073079932550312806e+05 3.349778156567001861e+04 3.349780527639872889e+04 8.482956695074471645e+04 4.593071213045908371e+05 2.124804552510573121e+05 1.798093940258548537e+05 3.145455354088815511e+05 1.279698448616594978e+05 6.820604867726302473e+04 3.838073086783276522e+05 3.349788952114204585e+04 2.607941976987087110e+05 2.110105912144914328e+04 1.583947642405529041e+05 7.591772834538885945e+03 8.028141584736114055e+03 2.503654441027509529e+04 2.114165310982675874e+04 3.074266579578756136e+04 4.044534769217463327e+04 1.475443669116144010e+05 1.387597363043090627e+04 3.349764772220053419e+04 3.011469379929638308e+04
1.043527044628360309e+05 4.152445266557425930e+04 4.152457090057252935e+04 8.019375376709636475e+04 4.593071292933481745e+05 2.124805085529703647e+05 1.798094723586931941e+05 3.145456871738306945e+05 1.259346524198333063e+05 6.268569507780425920e+04 3.838073174629436107e+05 4.152457344991900754e+04 2.607941295086396276e+05 2.912786683348079896e+04 1.583947776624772232e+05 8.028141584736112236e+03 3.823535730308344682e+02 3.306326842383468465e+04 1.397769818038879930e+04 3.876944748853010969e+04 3.492520932903041830e+04 1.475443655125056393e+05 2.190274513118580580e+04 4.152444738974618667e+04 2.459444260607214164e+04
1.128176409004342713e+05 8.462527575736234212e+03 8.462611219913929745e+03 9.603721996783600480e+04 4.593070006965956418e+05 2.124803445676235715e+05 1.798092965100031288e+05 3.145454266898227506e+05 1.316428178951091541e+05 8.354741512406134279e+04 3.838071804084692849e+05 8.462513382720006121e+03 2.607939428136534989e+05 3.936681211430288386e+03 1.583946011519001622e+05 2.503654441027509529e+04 3.306326842383468465e+04 3.753467565484632473e+02 4.096930601886159275e+04 5.707513686330224118e+03 5.578689136771899211e+04 1.475442847469492699e+05 1.116184262853373730e+04 8.462514820047008470e+03 4.545623007380004128e+04
9.924038637552238652e+04 4.925716517381490121e+04 4.925728789790740120e+04 7.468019455782818841e+04 4.593071511969654821e+05 2.124805357964115101e+05 1.798094703106858942e+05 3.145457490963638993e+05 1.208605869258229213e+05 5.377233994568778144e+04 3.838073902160622529e+05 4.925724864440029341e+04 2.607941500344467931e+05 4.050094446298341791e+04 1.583947765576256788e+05 2.114165310982675510e+04 1.397769818038879930e+04 4.096930601886159275e+04 8.023785421697411039e+03 4.650218885332297214e+04 2.377184115097151516e+04 1.465324180975157942e+05 3.428784869465488009e+04 4.925712233786439174e+04 1.061811642785757613e+04
1.073076336556209280e+05 2.755858071980707336e+03 2.755878359029317835e+03 9.052733535187765665e+04 4.593068494119297829e+05 2.124800853158330719e+05 1.798090101803181169e+05 3.145452579030807829e+05 1.279694574806263699e+05 7.803753807740690536e+04 3.838070307489738334e+05 2.755991153940718505e+03 2.607938370478381403e+05 9.643042497508096858e+03 1.583943827673121123e+05 3.074266579578756136e+04 3.876944748853010969e+04 5.707513686330224118e+03 4.650218885332297214e+04 3.673522440321908562e+03 6.129618953293891536e+04 1.475440190713795600e+05 1.686814492352833622e+04 2.755659378752441171e+03 5.096552465852157911e+04
8.595806080536439549e+04 6.405125221496613813e+04 6.405125748307970935e+04 5.869760140851454344e+04 4.489766013115300448e+05 2.021500247795676696e+05 1.694788991308806289e+05 3.042150571919518989e+05 1.075783712970505003e+05 3.123871905379502277e+04 3.734767823431665311e+05 6.405133161004629073e+04 2.504637448004163161e+05 5.578688939266004309e+04 1.480641486846479820e+05 4.044534769217463327e+04 3.492520932903041830e+04 5.578689136771899211e+04 2.377184115097151516e+04 6.129618953293891536e+04 1.411658472970415642e+04 1.336719492851765535e+05 5.210386443799560948e+04 6.405109406533479341e+04 1.531116947131477900e+04
8.716327348935262125e+04 1.475440669424957887e+05 1.475442335447032528e+05 1.106675955081446737e+05 3.967300841175278183e+05 1.366817757984079071e+05 8.500920346509240335e+04 2.506192454364002915e+05 5.936443129213697102e+04 1.228821799165819684e+05 3.212301924287957372e+05 1.475442198602369754e+05 1.941686856440938718e+05 1.475443626352017745e+05 4.976338490140627982e+04 1.475443669116144010e+05 1.475443655125056393e+05 1.475442847469492699e+05 1.465324180975157942e+05 1.475440190713795600e+05 1.336719492851765535e+05 2.162624149405417120e+04 1.475443496234547638e+05 1.475440317745941575e+05 1.440025417296412052e+05
1.128177021691125847e+05 1.962317338869694504e+04 1.962329170794357196e+04 9.376022115186433075e+04 4.593071485974686220e+05 2.124804457718874037e+05 1.798094406865718774e+05 3.145455413961265585e+05 1.316429108863865258e+05 7.986439733189783874e+04 3.838072924535649945e+05 1.962324262319882837e+04 2.607941123090423062e+05 7.226334251792659416e+03 1.583947065673847101e+05 1.387597363043090627e+04 2.190274513118580580e+04 1.116184262853373730e+04 3.428784869465488009e+04 1.686814492352833986e+04 5.210386443799560948e+04 1.475443496234547638e+05 5.047235508681661486e+03 1.962314849756462354e+04 4.177315377337131213e+04
1.045527814412955486e+05 9.824614316562449989e-01 1.070237609206315055e+00 8.777254504969215486e+04 4.593068685985627235e+05 2.124801379107985704e+05 1.798090467984464194e+05 3.145453139847107814e+05 1.261328760525546531e+05 7.528273842882832105e+04 3.838070854028509348e+05 1.184118758182360898e+00 2.607938616733858071e+05 1.239803259385872843e+04 1.583944193066524458e+05 3.349764772220053419e+04 4.152444738974618667e+04 8.462514820047008470e+03 4.925712233786439174e+04 2.755659378752442535e+03 6.405109406533479341e+04 1.475440317745941866e+05 1.962314849756462354e+04 5.116916295980599161e-01 5.372048881751957379e+04
9.628882380284313695e+04 5.372065601706174493e+04 5.372063940304559947e+04 7.084848720645501453e+04 4.593071179386452422e+05 2.124804980603409349e+05 1.798094606318757869e+05 3.145456657133653061e+05 1.179090284689994151e+05 4.635739202068308077e+04 3.838073990659944247e+05 5.372075093970658781e+04 2.607942771893051104e+05 4.545621202209177136e+04 1.583948252071897441e+05 3.011469379929638308e+04 2.459444260607214164e+04 4.545623007380004128e+04 1.061811642785757795e+04 5.096552465852157911e+04 1.531116947131477900e+04 1.440025417296412052e+05 4.177315377337131213e+04 5.372048881751957379e+04 6.723138394721828170e-01
