2.179321835664188256e+03 2.725957848849736547e+04 2.794099448563441401e+05 1.715402206628815911e+05 1.284008203694685835e+04 3.269485167076477865e+03 3.269404147537681638e+03 4.182406607383952360e+04 8.171508464589057439e+03 8.171526788559793204e+03 8.171543292916063365e+03 6.660246160276921000e+04 1.634150937400474504e+04 3.371527811884310795e+05 1.270163595761432807e+05 8.171160568636515563e+03 2.349173554327850288e+05 1.517437830455569492e+05 3.969667428846792063e+03 1.987995174886088644e+05 4.735195698502525920e+05 4.060238125325464644e+05 3.269282473637727890e+03 1.051824352269882656e+05 8.171594247702390930e+03
2.725957848849736547e+04 1.154919233780756076e+04 2.720570477425985155e+05 1.610360879305734707e+05 1.932301315232583147e+04 3.052761435210395575e+04 3.052747209384803864e+04 2.214003633164380517e+04 3.052759536763526921e+04 3.052759735728068699e+04 3.052757321032867185e+04 4.412974971586326137e+04 1.582152216399033568e+04 3.297999182758039678e+05 1.147614961405218783e+05 3.052718293815147263e+04 2.275644650610717654e+05 1.401891924324370339e+05 2.532561202946092817e+04 1.912965390275394020e+05 4.661667648611771874e+05 3.986708917826769757e+05 3.052734792142987862e+04 9.292751475439393835e+04 3.052772519029646719e+04
2.794099448563441983e+05 2.720570477425985155e+05 6.857639670948867570e+04 1.924096284320104751e+05 2.794100140702874050e+05 2.794096884448952042e+05 2.794096470769438893e+05 2.641594065455787349e+05 2.794097259249280323e+05 2.794098224576385110e+05 2.794095926663297578e+05 2.598021347468966560e+05 2.794100044197899988e+05 1.813812784568396164e+05 2.196430876969433157e+05 2.794095352439283743e+05 1.309042798823626508e+05 2.091724917855632957e+05 2.794097933903624653e+05 1.683015600214308943e+05 3.302519113281738828e+05 2.703685121385261300e+05 2.794095997004091041e+05 2.293584210080401681e+05 2.794097722479758668e+05
1.715402206628815911e+05 1.610360879305734707e+05 1.924096284320104751e+05 3.590533650893155573e+04 1.715402460054361436e+05 1.715401820844774193e+05 1.715399645663362171e+05 1.552004825930135557e+05 1.715401279763676284e+05 1.715401726632471255e+05 1.715401080702964973e+05 1.421285127769530518e+05 1.715402946382064547e+05 2.607286544508769293e+05 8.843022356036385463e+04 1.715397601403977314e+05 1.290402120089038071e+05 6.312462930137419607e+04 1.710734313049479388e+05 7.297423362820860348e+04 4.073434280315212673e+05 3.376689957811154891e+05 1.715398510004777927e+05 1.054518582769039785e+05 1.715402282209940313e+05
1.284008203694685835e+04 1.932301315232583147e+04 2.794100140702874050e+05 1.715402460054361436e+05 2.001456974997976204e+03 1.610815639594060303e+04 1.610801732321322197e+04 3.406911779427533475e+04 1.610812760050329234e+04 1.610815517376797288e+04 1.610811867848627116e+04 6.029999484489703900e+04 3.502793528867014174e+03 3.371527992221378372e+05 1.256158257383972959e+05 1.610775431475793994e+04 2.349174263748395897e+05 1.505433120848093240e+05 9.338655780584051172e+03 1.987995502577655425e+05 4.735196926341530052e+05 4.060238929751420510e+05 1.610789206993676635e+04 1.037819413169946492e+05 1.610819393978534936e+04
3.269485167076477865e+03 3.052761435210395575e+04 2.794096884448952042e+05 1.715401820844774193e+05 1.610815639594060303e+04 6.410882119542654634e-01 1.238512586114902003e+00 4.472878638050210429e+04 4.903403111327628721e+03 4.903472521807837438e+03 4.903267408062302820e+03 6.660231172119028633e+04 1.960956851235022987e+04 3.371527107735023601e+05 1.270163065549270104e+05 4.903109193962282006e+03 2.349170958787285781e+05 1.517436146761601267e+05 7.237790814987763042e+03 1.987993403577129939e+05 4.735194992660440621e+05 4.060238264392100391e+05 1.181396191642886784e+00 1.051823697665712534e+05 4.903498993276230976e+03
3.269404147537681638e+03 3.052747209384803864e+04 2.794096470769438311e+05 1.715399645663362171e+05 1.610801732321322197e+04 1.238512586114901781e+00 5.858007290474681605e-01 4.472878267050252907e+04 4.903293895815265387e+03 4.903323366419771446e+03 4.903207991611211582e+03 6.660230634032248054e+04 1.960946650363111985e+04 3.371525062530547730e+05 1.270161640404099162e+05 4.902890212922195133e+03 2.349170991838746122e+05 1.517435489869527810e+05 7.237839111369686179e+03 1.987992840935101558e+05 4.735194851131469477e+05 4.060236458509698277e+05 9.397569517032269282e-01 1.051823239999747602e+05 4.903434701161902012e+03
4.182406607383952360e+04 2.214003633164380517e+04 2.641594065455786767e+05 1.552004825930135557e+05 3.406911779427533475e+04 4.472878638050210429e+04 4.472878267050252907e+04 1.082196596896681876e+04 4.472894031522613659e+04 4.472893281065815245e+04 4.472872943111893255e+04 3.348978423770067457e+04 3.056761776579356592e+04 3.219023460896403994e+05 1.007522576546669588e+05 4.472849423354598548e+04 2.196668265487991448e+05 1.303090080990642746e+05 4.037158859385218238e+04 1.830647866552186897e+05 4.582691020232247538e+05 3.907734299508569529e+05 4.472867354323917971e+04 7.266607818086710176e+04 4.472886415129596571e+04
8.171508464589057439e+03 3.052759536763526921e+04 2.794097259249280905e+05 1.715401279763676284e+05 1.610812760050329234e+04 4.903403111327628721e+03 4.903293895815265387e+03 4.472894031522613659e+04 6.081748092883151324e-01 1.288820345032702486e+00 1.304906792085487766e+00 6.660245523945066088e+04 1.960955099936556508e+04 3.371526281601176015e+05 1.270163292144795996e+05 1.052217387097956314e+00 2.349171652276435634e+05 1.517437097103188862e+05 1.213990190172394614e+04 1.987994305336723046e+05 4.735195838913024054e+05 4.060237338378163986e+05 4.903210652362212386e+03 1.051824770343769487e+05 1.424423013005673866e+00
8.171526788559793204e+03 3.052759735728069063e+04 2.794098224576385692e+05 1.715401726632471255e+05 1.610815517376797288e+04 4.903472521807837438e+03 4.903323366419771446e+03 4.472893281065815245e+04 1.288820345032702486e+00 6.105816971801006909e-01 1.394361633683373514e+00 6.660245320496989007e+04 1.960957605510516078e+04 3.371526632144303876e+05 1.270163323524455336e+05 1.092807497961272523e+00 2.349172490374707268e+05 1.517437239973028190e+05 1.213994936303426766e+04 1.987994432142203732e+05 4.735195821244555409e+05 4.060237482651585597e+05 4.903264526162573020e+03 1.051824941919855628e+05 1.354740166482960806e+00
8.171543292916063365e+03 3.052757321032867185e+04 2.794095926663297578e+05 1.715401080702964973e+05 1.610811867848627116e+04 4.903267408062302820e+03 4.903207991611211582e+03 4.472872943111893255e+04 1.304906792085488210e+00 1.394361633683373736e+00 6.238727812396416272e-01 6.660225169574747270e+04 1.960953786360810045e+04 3.371526260877604946e+05 1.270162443241281580e+05 9.963025167214311084e-01 2.349170288478344446e+05 1.517435327635301510e+05 1.213974637869711114e+04 1.987992395856342628e+05 4.735194458032964612e+05 4.060237466544492054e+05 4.903170900988523499e+03 1.051823042786257865e+05 1.318801755569480427e+00
6.660246160276921000e+04 4.412974971586326865e+04 2.598021347468966560e+05 1.421285127769530518e+05 6.029999484489703900e+04 6.660231172119028633e+04 6.660230634032248054e+04 3.348978423770066729e+04 6.660245523945066088e+04 6.660245320496989007e+04 6.660225169574747270e+04 3.094075850016779896e+03 5.679852666762394801e+04 3.175450544353654259e+05 7.939724125180976989e+04 6.660202750493104395e+04 2.153095212244335271e+05 1.133979229349055240e+05 6.660234326659911312e+04 1.748343946584808582e+05 4.539118303254122147e+05 3.864162310509311501e+05 6.660217602255707607e+04 5.709047610904605244e+04 6.660239316468511242e+04
1.634150937400474504e+04 1.582152216399033568e+04 2.794100044197899988e+05 1.715402946382064547e+05 3.502793528867014629e+03 1.960956851235022987e+04 1.960946650363111985e+04 3.056761776579356592e+04 1.960955099936556508e+04 1.960957605510516078e+04 1.960953786360810045e+04 5.679852666762394801e+04 6.574940273016801617e-01 3.371528690362097695e+05 1.221144780070390116e+05 1.960918902106581299e+04 2.349174220091602765e+05 1.475421557809439255e+05 1.284022775178053234e+04 1.987995478246437851e+05 4.735196597483002115e+05 4.060238962211324833e+05 1.960931437990357881e+04 1.002805037445842318e+05 1.960968985441918267e+04
3.371527811884310795e+05 3.297999182758039096e+05 1.813812784568396164e+05 2.607286544508769293e+05 3.371527992221377208e+05 3.371527107735023019e+05 3.371525062530547148e+05 3.219023460896403994e+05 3.371526281601175433e+05 3.371526632144303294e+05 3.371526260877604946e+05 3.175450544353653677e+05 3.371528690362097113e+05 9.084635638781002490e+04 2.830593403056135285e+05 3.371524246284979163e+05 2.038964899080321193e+05 2.753896555259178276e+05 3.371528053464753320e+05 2.465636276403399243e+05 3.080856849284095224e+05 2.129928347256724082e+05 3.371524554164710571e+05 2.877531783874452813e+05 3.371527100204441231e+05
1.270163595761432807e+05 1.147614961405218783e+05 2.196430876969433157e+05 8.843022356036384008e+04 1.256158257383973105e+05 1.270163065549270104e+05 1.270161640404099162e+05 1.007522576546669443e+05 1.270163292144795996e+05 1.270163323524455336e+05 1.270162443241281726e+05 7.939724125180976989e+04 1.221144780070390261e+05 2.830593403056135285e+05 2.128451425554919479e+04 1.270159169060472632e+05 1.734767527133400436e+05 5.067795674565268564e+04 1.270163554135965533e+05 1.255525026354593283e+05 4.211404349311280530e+05 3.537365388879201491e+05 1.270160474392869073e+05 3.539549529974086909e+04 1.270163031947544805e+05
8.171160568636515563e+03 3.052718293815147263e+04 2.794095352439283743e+05 1.715397601403977314e+05 1.610775431475793812e+04 4.903109193962282006e+03 4.902890212922195133e+03 4.472849423354598548e+04 1.052217387097956092e+00 1.092807497961272301e+00 9.963025167214312194e-01 6.660202750493104395e+04 1.960918902106581299e+04 3.371524246284980909e+05 1.270159169060472632e+05 4.078057707342401805e-01 2.349169425271943619e+05 1.517433222861685790e+05 1.213955419272420295e+04 1.987991106793627550e+05 4.735194393137810403e+05 4.060235925162744243e+05 4.902751056563171005e+03 1.051820759709025733e+05 1.199870020372656221e+00
2.349173554327850579e+05 2.275644650610717654e+05 1.309042798823626217e+05 1.290402120089038071e+05 2.349174263748395897e+05 2.349170958787286072e+05 2.349170991838746122e+05 2.196668265487992030e+05 2.349171652276435343e+05 2.349172490374707268e+05 2.349170288478344446e+05 2.153095212244335271e+05 2.349174220091602765e+05 2.038964899080321193e+05 1.734767527133400436e+05 2.349169425271943619e+05 4.551890860230696126e+04 1.550633853324960801e+05 2.349172055364355620e+05 1.036403292588908807e+05 3.620878497161266278e+05 2.909832234637967194e+05 2.349169927592949243e+05 1.848658440747235436e+05 2.349172148795578396e+05
1.517437830455569492e+05 1.401891924324370339e+05 2.091724917855632957e+05 6.312462930137418880e+04 1.505433120848093240e+05 1.517436146761601267e+05 1.517435489869527810e+05 1.303090080990642746e+05 1.517437097103188862e+05 1.517437239973028190e+05 1.517435327635301510e+05 1.133979229349055240e+05 1.475421557809439255e+05 2.753896555259177694e+05 5.067795674565267836e+04 1.517433222861685790e+05 1.550633853324960801e+05 1.859723162118956316e+04 1.517436731390350615e+05 1.058371691770566540e+05 4.139960091244005598e+05 3.465003796870232909e+05 1.517434242794506135e+05 7.411234542512964981e+04 1.517436063300498936e+05
3.969667428846792063e+03 2.532561202946092817e+04 2.794097933903624071e+05 1.710734313049479388e+05 9.338655780584051172e+03 7.237790814987762133e+03 7.237839111369686179e+03 4.037158859385218238e+04 1.213990190172394614e+04 1.213994936303426584e+04 1.213974637869710932e+04 6.660234326659911312e+04 1.284022775178053234e+04 3.371528053464753320e+05 1.270163554135965533e+05 1.213955419272420295e+04 2.349172055364355620e+05 1.517436731390350615e+05 2.801774352904238640e+03 1.987772650298246299e+05 4.735196187226133188e+05 4.060240045070054475e+05 7.237704637620829089e+03 1.051824687866164022e+05 1.213985174846650989e+04
1.987995174886088644e+05 1.912965390275394020e+05 1.683015600214308943e+05 7.297423362820861803e+04 1.987995502577655425e+05 1.987993403577129939e+05 1.987992840935101558e+05 1.830647866552186897e+05 1.987994305336723046e+05 1.987994432142203732e+05 1.987992395856342628e+05 1.748343946584808873e+05 1.987995478246437851e+05 2.465636276403398952e+05 1.255525026354593283e+05 1.987991106793627550e+05 1.036403292588908807e+05 1.058371691770566540e+05 1.987772650298246299e+05 2.455623706565615794e+04 3.869184488782421104e+05 3.226908122801107238e+05 1.987991681286679232e+05 1.394886291744798655e+05 1.987994190430889721e+05
4.735195698502527084e+05 4.661667648611771292e+05 3.302519113281738828e+05 4.073434280315213255e+05 4.735196926341528888e+05 4.735194992660440039e+05 4.735194851131469477e+05 4.582691020232248120e+05 4.735195838913024054e+05 4.735195821244554827e+05 4.735194458032963448e+05 4.539118303254122147e+05 4.735196597483001533e+05 3.080856849284095806e+05 4.211404349311281112e+05 4.735194393137808656e+05 3.620878497161267442e+05 4.139960091244005598e+05 4.735196187226133188e+05 3.869184488782420522e+05 1.195424158218739612e+05 2.565286770676409069e+05 4.735194757183021866e+05 4.245000475880799349e+05 4.735195385947558098e+05
4.060238125325465808e+05 3.986708917826769175e+05 2.703685121385261300e+05 3.376689957811155473e+05 4.060238929751419928e+05 4.060238264392099809e+05 4.060236458509698277e+05 3.907734299508570111e+05 4.060237338378163986e+05 4.060237482651585015e+05 4.060237466544492054e+05 3.864162310509311501e+05 4.060238962211324833e+05 2.129928347256724082e+05 3.537365388879203238e+05 4.060235925162744243e+05 2.909832234637968359e+05 3.465003796870233491e+05 4.060240045070055057e+05 3.226908122801107238e+05 2.565286770676409069e+05 1.032594556895018322e+05 4.060236291968149599e+05 3.570044463755019242e+05 4.060238819332494750e+05
3.269282473637727890e+03 3.052734792142987862e+04 2.794095997004091041e+05 1.715398510004778509e+05 1.610789206993676635e+04 1.181396191642886784e+00 9.397569517032269282e-01 4.472867354323917971e+04 4.903210652362212386e+03 4.903264526162573020e+03 4.903170900988523499e+03 6.660217602255707607e+04 1.960931437990357881e+04 3.371524554164711153e+05 1.270160474392869073e+05 4.902751056563171005e+03 2.349169927592949534e+05 1.517434242794506135e+05 7.237704637620829999e+03 1.987991681286679523e+05 4.735194757183022448e+05 4.060236291968149017e+05 5.267577144555113389e-01 1.051821878771076881e+05 4.903373789230984585e+03
1.051824352269882656e+05 9.292751475439393835e+04 2.293584210080401972e+05 1.054518582769039785e+05 1.037819413169946492e+05 1.051823697665712680e+05 1.051823239999747602e+05 7.266607818086710176e+04 1.051824770343769487e+05 1.051824941919855628e+05 1.051823042786257574e+05 5.709047610904605244e+04 1.002805037445842318e+05 2.877531783874452813e+05 3.539549529974086181e+04 1.051820759709025733e+05 1.848658440747235436e+05 7.411234542512964981e+04 1.051824687866164022e+05 1.394886291744798655e+05 4.245000475880798767e+05 3.570044463755019242e+05 1.051821878771076881e+05 8.639677179911517669e+03 1.051824183751068340e+05
8.171594247702390930e+03 3.052772519029646719e+04 2.794097722479759250e+05 1.715402282209940313e+05 1.610819393978535118e+04 4.903498993276230976e+03 4.903434701161902012e+03 4.472886415129596571e+04 1.424423013005673866e+00 1.354740166482961250e+00 1.318801755569480427e+00 6.660239316468511242e+04 1.960968985441918267e+04 3.371527100204441813e+05 1.270163031947544805e+05 1.199870020372656221e+00 2.349172148795578687e+05 1.517436063300498936e+05 1.213985174846650989e+04 1.987994190430889721e+05 4.735195385947558098e+05 4.060238819332494168e+05 4.903373789230984585e+03 1.051824183751068340e+05 6.228669252916460009e-01
