3.677527410622257776e+03 5.248263584978809376e+04 3.737147984650565777e+05 8.581363527310872087e+03 3.861143561124326516e+04 6.436323433527026282e+03 3.861107926264511480e+04 2.509802995118940089e+04 3.861128927145278431e+04 3.146814151340798708e+05 3.861144600233986421e+04 1.846861302532884583e+05 1.467342940022761468e+05 3.861167514193614625e+04 2.785687770356912515e+05 4.126718329194686958e+05 2.575347962752150124e+03 1.970223155219401815e+05 1.179375699824691692e+05 3.861152079199411673e+04 6.608298465868491621e+04 3.312976868899591500e+04 2.414047973131939652e+05 3.437737534935792210e+05 3.185471466005686307e+04
5.248263584978807921e+04 1.779894770693603277e+03 3.543621448800182552e+05 6.072897023740862642e+04 8.108241565378523956e+04 4.604737858974218398e+04 8.108226296892143728e+04 7.657807095159220626e+04 8.108219269206022727e+04 2.876545644522368675e+05 8.108257481144981284e+04 1.476491904120803811e+05 1.096974857947988057e+05 8.108259200177660387e+04 2.515419321964093542e+05 3.946540750723358360e+05 5.505649178246098745e+04 1.622374821304550569e+05 8.090056216171249980e+04 8.108266290347749600e+04 2.195171912230450835e+04 1.935386344846680367e+04 2.139329633385111520e+05 3.167466758791563334e+05 8.108245051649230300e+04
3.737147984650565777e+05 3.543621448800182552e+05 4.494782656348626188e+04 3.737147722002646187e+05 3.737144482864752645e+05 3.737147234503452783e+05 3.737145398719428340e+05 3.737144585950922919e+05 3.737144425317127025e+05 1.630586695582517132e+05 3.737145643809705507e+05 2.777857432547567878e+05 3.123201771517495508e+05 3.737145439030845882e+05 1.932920983714588801e+05 1.220073995089149539e+05 3.737146641510116169e+05 2.687766642195938621e+05 3.273352235430211877e+05 3.737145743994078366e+05 3.543620889926714590e+05 3.634205754285149160e+05 2.313931731110020482e+05 1.100160706985333672e+05 3.737144440793611575e+05
8.581363527310872087e+03 6.072897023740861914e+04 3.737147722002646187e+05 8.008383223869696849e+03 3.003136008488707375e+04 1.501654247787044733e+04 3.003103599579434740e+04 1.651771956089620653e+04 3.003124082768762310e+04 3.146812992599073332e+05 3.003130819675660678e+04 1.846860847221887670e+05 1.487364767010225623e+05 3.003143376606150559e+04 2.785686987858042703e+05 4.126718025178937241e+05 6.007151661664343919e+03 1.970222687605910178e+05 1.209406451128102053e+05 3.003128688135004631e+04 6.982150216482729593e+04 4.170985132936508307e+04 2.414047581994846696e+05 3.437736273294051061e+05 2.327454070639232305e+04
3.861143561124326516e+04 8.108241565378523956e+04 3.737144482864752645e+05 3.003136008488707375e+04 3.004841586122090624e-01 4.504635298082745430e+04 7.198565020005639470e-01 1.351463867326699801e+04 6.567196313876110247e-01 3.146811770957117551e+05 1.009504182999336752e+00 1.846859991625875409e+05 1.527402841384521162e+05 1.023380949088456005e+00 2.785685504474943737e+05 4.126717427298643743e+05 3.603728346226141002e+04 1.970219718434505048e+05 1.269465174774695333e+05 1.194398458781895656e+00 8.483615912928247417e+04 6.723519257950283645e+04 2.414045504422768718e+05 3.437733468997856835e+05 6.757616812735124768e+03
6.436323433527026282e+03 4.604737858974218398e+04 3.737147234503452783e+05 1.501654247787044733e+04 4.504635298082745430e+04 3.254409582560578440e-01 4.504623949842487491e+04 3.153297364832162202e+04 4.504621942974070407e+04 3.146815468062494765e+05 4.504656987912555633e+04 1.846861926237728330e+05 1.467345875224790943e+05 4.504649776140775066e+04 2.785689350108166691e+05 4.126720715688323253e+05 9.010444726431493109e+03 1.970221501501890016e+05 1.179376850161396869e+05 4.504662911772264488e+04 6.424429651289405592e+04 2.669451419014977364e+04 2.414048808669432474e+05 3.437737069965435658e+05 3.828963248322622530e+04
3.861107926264511480e+04 8.108226296892143728e+04 3.737145398719428340e+05 3.003103599579434740e+04 7.198565020005639470e-01 4.504623949842487491e+04 1.645473273676505421e-01 1.351458233387190558e+04 5.585864945240295310e-01 3.146810553086289437e+05 7.734388338779775163e-01 1.846856890684662794e+05 1.527399661981276295e+05 1.024354936864139587e+00 2.785683776745019131e+05 4.126716036706378800e+05 3.603718407183213276e+04 1.970218409859167587e+05 1.269461514210155583e+05 9.063755788389085133e-01 8.483602685828648100e+04 6.723504414389487647e+04 2.414043489157974836e+05 3.437734183550713351e+05 6.757686159487850091e+03
2.509802995118940089e+04 7.657807095159220626e+04 3.737144585950922919e+05 1.651771956089620653e+04 1.351463867326699801e+04 3.153297364832162202e+04 1.351458233387190558e+04 4.504838409203269293e+03 1.351454094336893104e+04 3.146813245934593142e+05 1.351480143289940861e+04 1.846862579740936344e+05 1.527405404487367196e+05 1.351458527248711653e+04 2.785687482167147100e+05 4.126718236358345021e+05 2.252375533012307278e+04 1.970222808305614744e+05 1.269467286896012083e+05 1.351466173754269221e+04 8.033180216384163941e+04 5.822637989000566449e+04 2.414047976432965370e+05 3.437733958636926836e+05 6.757631371757511261e+03
3.861128927145278431e+04 8.108219269206022727e+04 3.737144425317127025e+05 3.003124082768762310e+04 6.567196313876110247e-01 4.504621942974070407e+04 5.585864945240295310e-01 1.351454094336893104e+04 2.584316448225582041e-01 3.146812068037681165e+05 9.793381409312096331e-01 1.846858564073771704e+05 1.527401313916403742e+05 1.049546231168079657e+00 2.785685318461673451e+05 4.126717221440725843e+05 3.603717417680280050e+04 1.970218622029955441e+05 1.269463657462672272e+05 1.085947599200571378e+00 8.483596938211403904e+04 6.723501043159959954e+04 2.414044983642202569e+05 3.437733295757318847e+05 6.757595714499705537e+03
3.146814151340798708e+05 2.876545644522368675e+05 1.630586695582517132e+05 3.146812992599073332e+05 3.146811770957117551e+05 3.146815468062494765e+05 3.146810553086289437e+05 3.146813245934593142e+05 3.146812068037681165e+05 2.838106075475288526e+04 3.146811610846858821e+05 2.055558728058322740e+05 2.425272790811687883e+05 3.146813899743562215e+05 7.934805527046891802e+04 1.975433143148416711e+05 3.146814302075078594e+05 1.885371855265729537e+05 2.606274570340538339e+05 3.146812072703300510e+05 2.876545444087114302e+05 2.969972373960093246e+05 1.453558128443656315e+05 9.749379219182128145e+04 3.146812404196860734e+05
3.861144600233986421e+04 8.108257481144981284e+04 3.737145643809705507e+05 3.003130819675660678e+04 1.009504182999336752e+00 4.504656987912555633e+04 7.734388338779775163e-01 1.351480143289940861e+04 9.793381409312096331e-01 3.146811610846858821e+05 2.820927505122389767e-01 1.846859880925765901e+05 1.527402705835503002e+05 1.218452485695013854e+00 2.785685326284248731e+05 4.126716164218382910e+05 3.603750349279463262e+04 1.970220921491427871e+05 1.269464882902397076e+05 8.626816657769849073e-01 8.483636782994307578e+04 6.723539764252294844e+04 2.414045868111168966e+05 3.437734567047246965e+05 6.757828745866620920e+03
1.846861302532884583e+05 1.476491904120803811e+05 2.777857432547568460e+05 1.846860847221887670e+05 1.846859991625875409e+05 1.846861926237728330e+05 1.846856890684662794e+05 1.846862579740936344e+05 1.846858564073771704e+05 2.055558728058322740e+05 1.846859880925765901e+05 8.087586579647761937e+03 4.549631542787549552e+04 1.846862023565758136e+05 1.502798540375813609e+05 3.180774066385961487e+05 1.846862710125735321e+05 3.794082819590163854e+04 7.704593021766413585e+04 1.846861061981692619e+05 1.303717113772865559e+05 1.624973331293280353e+05 9.572341351823532023e+04 2.401703678025106492e+05 1.846861081511598022e+05
1.467342940022761468e+05 1.096974857947988057e+05 3.123201771517495508e+05 1.487364767010225623e+05 1.527402841384521162e+05 1.467345875224790943e+05 1.527399661981276295e+05 1.527405404487367196e+05 1.527401313916403742e+05 2.425272790811687883e+05 1.527402705835503002e+05 4.549631542787549552e+04 2.826644424184552918e+04 1.527405389844071469e+05 1.938978974091824493e+05 3.526118970473721856e+05 1.467345937561425962e+05 7.793057111036872084e+04 3.180103822616922116e+04 1.527403549056788615e+05 8.899802656023531745e+04 1.245456440353118378e+05 1.357129103805082268e+05 2.747048391367458389e+05 1.527403649415358668e+05
3.861167514193614625e+04 8.108259200177660387e+04 3.737145439030845882e+05 3.003143376606150559e+04 1.023380949088456005e+00 4.504649776140775066e+04 1.024354936864139587e+00 1.351458527248711835e+04 1.049546231168079657e+00 3.146813899743562215e+05 1.218452485695013854e+00 1.846862023565758136e+05 1.527405389844071469e+05 3.442562387104665111e-01 2.785687641250065644e+05 4.126718073727528681e+05 3.603743806690920610e+04 1.970222587996774237e+05 1.269467412251272326e+05 1.157360521589632985e+00 8.483631532431468077e+04 6.723536077862337697e+04 2.414048630153271370e+05 3.437734303844622918e+05 6.757862397843190593e+03
2.785687770356912515e+05 2.515419321964093542e+05 1.932920983714588801e+05 2.785686987858042703e+05 2.785685504474943737e+05 2.785689350108166691e+05 2.785683776745019131e+05 2.785687482167147100e+05 2.785685318461673451e+05 7.934805527046891802e+04 2.785685326284248731e+05 1.502798540375813609e+05 1.938978974091824493e+05 2.785687641250065644e+05 2.614308390646817497e+04 2.320822486938336806e+05 2.785688582228892483e+05 1.356232185860965983e+05 2.170072449437901669e+05 2.785686375604099012e+05 2.484137632156076143e+05 2.608845236212367599e+05 9.101422105424483016e+04 1.370827608433442074e+05 2.785686714691384113e+05
4.126718329194686958e+05 3.946540750723358360e+05 1.220073995089149539e+05 4.126718025178937241e+05 4.126717427298643743e+05 4.126720715688323253e+05 4.126716036706378800e+05 4.126718236358345021e+05 4.126717221440727008e+05 1.975433143148416711e+05 4.126716164218382910e+05 3.180774066385961487e+05 3.526118970473721856e+05 4.126718073727528681e+05 2.320822486938336806e+05 3.249373671913877115e+04 4.126719718327325536e+05 3.090685233375654789e+05 3.676269145827647881e+05 4.126716491470903275e+05 3.946540547395029571e+05 4.036629985442771576e+05 2.716849733912835363e+05 1.793436514527454856e+05 4.126717664399855421e+05
2.575347962752150124e+03 5.505649178246098745e+04 3.737146641510116169e+05 6.007151661664343919e+03 3.603728346226141002e+04 9.010444726431493109e+03 3.603718407183213276e+04 2.252375533012307278e+04 3.603717417680280050e+04 3.146814302075078594e+05 3.603750349279463262e+04 1.846862710125735321e+05 1.467345937561425962e+05 3.603743806690920610e+04 2.785688582228891901e+05 4.126719718327325536e+05 3.353141469841444677e-01 1.970222793494196958e+05 1.179377231985075632e+05 3.603747419579432608e+04 6.681836177838699950e+04 3.570376837656499993e+04 2.414048296956177801e+05 3.437734832362245070e+05 2.928056758609312965e+04
1.970223155219401815e+05 1.622374821304550569e+05 2.687766642195938621e+05 1.970222687605910178e+05 1.970219718434505048e+05 1.970221501501890016e+05 1.970218409859167587e+05 1.970222808305614744e+05 1.970218622029955441e+05 1.885371855265729537e+05 1.970220921491427871e+05 3.794082819590163854e+04 7.793057111036872084e+04 1.970222587996774237e+05 1.356232185860965692e+05 3.090685233375654789e+05 1.970222793494196958e+05 1.551993255125899850e+04 1.000264256220613897e+05 1.970222029867622769e+05 1.504758198708987911e+05 1.759594607090072241e+05 6.113417991252695356e+04 2.272784226923502283e+05 1.970220739524762030e+05
1.179375699824691692e+05 8.090056216171249980e+04 3.273352235430211877e+05 1.209406451128102053e+05 1.269465174774695333e+05 1.179376850161396869e+05 1.269461514210155583e+05 1.269467286896012083e+05 1.269463657462672272e+05 2.606274570340538339e+05 1.269464882902397076e+05 7.704593021766413585e+04 3.180103822616922116e+04 1.269467412251272326e+05 2.170072449437901669e+05 3.676269145827647881e+05 1.179377231985075487e+05 1.000264256220613897e+05 1.489469283268669642e+03 1.269465716807280696e+05 5.895005822480273491e+04 9.574881238965613011e+04 1.563197264167392859e+05 2.897198120634837542e+05 1.269466077151590725e+05
3.861152079199411673e+04 8.108266290347749600e+04 3.737145743994078366e+05 3.003128688135004631e+04 1.194398458781895656e+00 4.504662911772264488e+04 9.063755788389085133e-01 1.351466173754269221e+04 1.085947599200571156e+00 3.146812072703300510e+05 8.626816657769849073e-01 1.846861061981692619e+05 1.527403549056788615e+05 1.157360521589632762e+00 2.785686375604099012e+05 4.126716491470903275e+05 3.603747419579432608e+04 1.970222029867622769e+05 1.269465716807280696e+05 2.840987609502623190e-01 8.483644515882553242e+04 6.723547293865356187e+04 2.414046994071493682e+05 3.437734765205227886e+05 6.757855071532719194e+03
6.608298465868491621e+04 2.195171912230450835e+04 3.543620889926714590e+05 6.982150216482729593e+04 8.483615912928247417e+04 6.424429651289405592e+04 8.483602685828648100e+04 8.033180216384163941e+04 8.483596938211403904e+04 2.876545444087114302e+05 8.483636782994307578e+04 1.303717113772865559e+05 8.899802656023531745e+04 8.483631532431468077e+04 2.484137632156076143e+05 3.946540547395029571e+05 6.681836177838699950e+04 1.504758198708987911e+05 5.895005822480273491e+04 8.483644515882553242e+04 1.243622946890929234e+04 3.942764735378522892e+04 2.066201620587892830e+05 3.167466776994777611e+05 8.483622579309785215e+04
3.312976868899591500e+04 1.935386344846680731e+04 3.634205754285149160e+05 4.170985132936509035e+04 6.723519257950283645e+04 2.669451419014977364e+04 6.723504414389487647e+04 5.822637989000566449e+04 6.723501043159961409e+04 2.969972373960093246e+05 6.723539764252294844e+04 1.624973331293280644e+05 1.245456440353118378e+05 6.723536077862336242e+04 2.608845236212367308e+05 4.036629985442771576e+05 3.570376837656500720e+04 1.759594607090072241e+05 9.574881238965613011e+04 6.723547293865356187e+04 3.942764735378523619e+04 1.866105860040206971e+04 2.237205762657221348e+05 3.260893903031968512e+05 6.385688791015761672e+04
2.414047973131939652e+05 2.139329633385111811e+05 2.313931731110020482e+05 2.414047581994846696e+05 2.414045504422768718e+05 2.414048808669432474e+05 2.414043489157974836e+05 2.414047976432965370e+05 2.414044983642202569e+05 1.453558128443656606e+05 2.414045868111168966e+05 9.572341351823533478e+04 1.357129103805082268e+05 2.414048630153271370e+05 9.101422105424483016e+04 2.716849733912835363e+05 2.414048296956177801e+05 6.113417991252696083e+04 1.563197264167392859e+05 2.414046994071493682e+05 2.066201620587892830e+05 2.237205762657221348e+05 2.353348376006780018e+04 1.812335404558916343e+05 2.414046763697242131e+05
3.437737534935792210e+05 3.167466758791563334e+05 1.100160706985333672e+05 3.437736273294051061e+05 3.437733468997856835e+05 3.437737069965435658e+05 3.437734183550713351e+05 3.437733958636926836e+05 3.437733295757318847e+05 9.749379219182128145e+04 3.437734567047246965e+05 2.401703678025106492e+05 2.747048391367458389e+05 3.437734303844622918e+05 1.370827608433441783e+05 1.793436514527454856e+05 3.437734832362245070e+05 2.272784226923502283e+05 2.897198120634837542e+05 3.437734765205227886e+05 3.167466776994777611e+05 3.260893903031968512e+05 1.812335404558916343e+05 4.088211712883552536e+04 3.437733065264489851e+05
3.185471466005686307e+04 8.108245051649230300e+04 3.737144440793611575e+05 2.327454070639232305e+04 6.757616812735124768e+03 3.828963248322622530e+04 6.757686159487851000e+03 6.757631371757511261e+03 6.757595714499705537e+03 3.146812404196860734e+05 6.757828745866621830e+03 1.846861081511598022e+05 1.527403649415358668e+05 6.757862397843189683e+03 2.785686714691384113e+05 4.126717664399855421e+05 2.928056758609312965e+04 1.970220739524762030e+05 1.269466077151590725e+05 6.757855071532720103e+03 8.483622579309785215e+04 6.385688791015761672e+04 2.414046763697241840e+05 3.437733065264489851e+05 3.378645915002019137e+03
