2.550489807301582479e-01 2.473581314603465726e+05 7.720511063814116115e-01 5.854144332652109206e-01 1.846133354389208835e+05 9.368047084872819230e-01 3.773692363742767338e+04 7.337646713511314010e+04 2.641519033884341479e+05 1.047677337662416976e+05 9.434088306288688909e+04 1.464523484864264028e+05 1.132086680864587834e+05 1.132086084340603993e+05 9.434087748010057840e+04 1.655406134992451698e+05 4.312796356809102872e+04 8.490687286555508035e+04 3.538988804984127910e+03 8.020838436012397432e-01 2.461138505239426013e+04 8.708051252845568913e-01 9.399319447130743965e-01 9.434088180221903895e+04 1.132085907642458915e+05
2.473581314603465726e+05 5.196542705239297356e+04 2.473582692224556231e+05 2.473581159924225649e+05 1.301090285680726520e+05 2.473583982048721227e+05 2.473583541749732685e+05 2.473587325004131417e+05 9.263214575838799647e+04 2.257951194125023903e+05 2.096227551226989308e+05 1.907547615506715083e+05 2.284904256477961317e+05 2.284904533326766395e+05 2.096227938735582866e+05 1.883960582939322630e+05 2.473586604111841589e+05 2.379246162215827499e+05 2.473584579690864484e+05 2.473581989874441933e+05 2.473582972155437164e+05 2.473582510353226971e+05 2.473582835716354894e+05 2.284907887391054828e+05 2.284905509746884054e+05
7.720511063814116115e-01 2.473582692224556522e+05 1.598419813682481205e-01 6.936398536785818303e-01 1.846131398144642008e+05 6.052644721768524194e-01 3.773689619703005883e+04 7.337611077095594374e+04 2.641518700446257135e+05 1.047677988038540643e+05 9.434054750847326068e+04 1.464520336705624068e+05 1.132088169895128813e+05 1.132087438991227245e+05 9.434051853818523523e+04 1.655403301346083463e+05 4.312753523496988055e+04 8.490646992689692706e+04 3.538554960961642792e+03 9.108840876524411101e-01 2.461138879334610101e+04 9.106395155371704853e-01 9.917497827035725022e-01 9.434047344619213254e+04 1.132087135755204217e+05
5.854144332652109206e-01 2.473581159924225358e+05 6.936398536785818303e-01 2.795933698224383757e-01 1.846133466575172788e+05 8.707851363580730863e-01 3.773682945063742227e+04 7.337645734548731707e+04 2.641518699759452138e+05 1.047676907483311516e+05 9.434084062298120989e+04 1.464522822707165033e+05 1.132085901215998747e+05 1.132085862906576076e+05 9.434083387883729301e+04 1.655405872699063038e+05 4.312793872912615188e+04 8.490687798662553541e+04 3.538974603366206338e+03 7.375551449418683569e-01 2.461138112515741523e+04 8.480025287598188521e-01 9.292509584368626729e-01 9.434081130282377126e+04 1.132085834847041988e+05
1.846133354389208544e+05 1.301090285680726520e+05 1.846131398144641716e+05 1.846133466575172788e+05 6.123844043300646445e+04 1.846131074403022649e+05 1.846137305740354641e+05 1.846134852422454278e+05 1.598509071988552751e+05 1.630505209821809258e+05 1.468776063041394518e+05 1.052888754863407084e+05 1.634161956896067713e+05 1.657459312471229641e+05 1.468775851424244756e+05 8.246660080716213270e+04 1.846135148989180161e+05 1.751795573294729402e+05 1.846133628848816152e+05 1.846134837355421332e+05 1.846137379492121399e+05 1.846135049765817821e+05 1.846135792858609057e+05 1.657456464183775824e+05 1.657459098716187291e+05
9.368047084872818120e-01 2.473583982048721518e+05 6.052644721768524194e-01 8.707851363580730863e-01 1.846131074403022649e+05 3.429266321844287591e-01 3.773713067540199700e+04 7.337628962273897196e+04 2.641519409230438177e+05 1.047680846743622824e+05 9.434078090734177385e+04 1.464521175856831833e+05 1.132089305962873914e+05 1.132089349686993519e+05 9.434074699791685271e+04 1.655404121616799966e+05 4.312775687088210543e+04 8.490671298305079108e+04 3.538771774053428544e+03 1.015126025551016831e+00 2.461165013376981005e+04 1.043753816782769572e+00 1.111742778041396429e+00 9.434067205863012350e+04 1.132089435461461835e+05
3.773692363742767338e+04 2.473583541749732976e+05 3.773689619703006611e+04 3.773682945063742955e+04 1.846137305740354932e+05 3.773713067540200427e+04 3.606256871103205031e-01 3.564076187707063218e+04 2.641520297886682092e+05 1.047679881030420802e+05 9.434112849959566665e+04 1.464526460086356674e+05 1.132090581197462452e+05 1.095686316339632613e+05 9.434114016807572625e+04 1.655409434859906032e+05 5.391917746554582664e+03 4.717128157802068745e+04 3.419936523853659310e+04 3.773689788267105905e+04 1.312636826298770575e+04 3.773693694741508807e+04 3.773700186640451284e+04 5.660518072260275949e+04 1.132088533083993971e+05
7.337646713511314010e+04 2.473587325004131417e+05 7.337611077095594374e+04 7.337645734548731707e+04 1.846134852422454278e+05 7.337628962273897196e+04 3.564076187707063218e+04 3.727310807184698660e+03 2.641522166626860853e+05 7.182424870643072063e+04 7.756952166555039003e+04 1.464523609593011206e+05 8.688735689183775685e+04 7.392952374904576573e+04 7.756938909950919333e+04 1.655407582012905041e+05 3.024952357100947847e+04 1.153152044973699594e+04 6.983856717421849316e+04 7.337658443396209623e+04 4.876623993351191893e+04 7.337651875523039780e+04 7.337654035067271616e+04 2.096546314776439249e+04 7.756976751917705406e+04
2.641519033884341479e+05 9.263214575838799647e+04 2.641518700446257135e+05 2.641518699759452138e+05 1.598509071988553333e+05 2.641519409230438177e+05 2.641520297886682092e+05 2.641522166626860853e+05 3.440576818407962855e+04 2.425889778459473455e+05 2.264162579782622925e+05 2.075485359390358790e+05 2.452841426476026827e+05 2.452843124674315623e+05 2.264163646384001186e+05 2.051897990191359713e+05 2.641521381604993367e+05 2.547182181245604006e+05 2.641520477084984886e+05 2.641519860985451378e+05 2.641520116884151357e+05 2.641520488210223266e+05 2.641521060177345062e+05 2.452841920772087178e+05 2.452843926753526903e+05
1.047677337662416976e+05 2.257951194125023903e+05 1.047677988038540643e+05 1.047676907483311516e+05 1.630505209821808676e+05 1.047680846743622969e+05 1.047679881030420802e+05 7.182424870643072063e+04 2.425889778459473455e+05 1.395049613506347123e+04 2.660110133830790801e+04 1.207733613280538848e+05 5.935585218676654040e+04 2.933896534859226449e+04 2.660100914982546237e+04 1.439775222616582469e+05 1.001474729363032238e+05 6.029374192869769468e+04 1.047682092310679291e+05 1.047678140276438207e+05 1.047679279437632213e+05 1.047679103720825078e+05 1.047679534039099817e+05 5.085986454992104700e+04 1.113736634429147307e+04
9.434088306288688909e+04 2.096227551226989308e+05 9.434054750847326068e+04 9.434084062298120989e+04 1.468776063041394518e+05 9.434078090734177385e+04 9.434112849959566665e+04 7.756952166555037547e+04 2.264162579782622925e+05 2.660110133830790801e+04 3.068557581271201262e-01 1.087167229185361211e+05 8.595561280072641966e+04 5.593895395396535605e+04 1.087087534263058375e+00 1.278049698894767498e+05 9.434093525908280571e+04 6.603902386139474402e+04 9.434094127450820815e+04 9.434103629464382539e+04 9.434119749141880311e+04 9.434107475530594820e+04 9.434110194131055323e+04 5.660497949908745068e+04 3.773730114984705870e+04
1.464523484864264028e+05 1.907547615506714792e+05 1.464520336705623777e+05 1.464522822707165033e+05 1.052888754863407084e+05 1.464521175856831833e+05 1.464526460086356383e+05 1.464523609593011206e+05 2.075485359390358790e+05 1.207733613280538848e+05 1.087167229185361211e+05 2.442183085202849179e+04 7.848138056103100826e+04 1.089996925975302729e+05 1.087165462464109150e+05 4.120106879877123720e+04 1.464523908013745677e+05 1.370185812950832478e+05 1.464523477590325347e+05 1.464524153179125569e+05 1.464526139727619302e+05 1.464524521765976679e+05 1.464525576180980424e+05 1.275845739070981799e+05 1.201368747216528427e+05
1.132086680864587834e+05 2.284904256477961317e+05 1.132088169895128813e+05 1.132085901215998747e+05 1.634161956896067713e+05 1.132089305962873914e+05 1.132090581197462452e+05 8.688735689183775685e+04 2.452841426476026827e+05 5.935585218676654767e+04 8.595561280072641966e+04 7.848138056103100826e+04 9.317947660945763346e+03 3.365836679235904739e+04 8.595547130162821850e+04 1.196812441580666200e+05 1.078184598951493390e+05 7.652163180111649854e+04 1.132091599163991632e+05 1.132087420254262543e+05 1.132090611574328796e+05 1.132088381969643524e+05 1.132088837710015505e+05 6.708764238531934097e+04 4.821970258983196254e+04
1.132086084340603993e+05 2.284904533326766395e+05 1.132087438991227245e+05 1.132085862906576076e+05 1.657459312471229641e+05 1.132089349686993519e+05 1.095686316339632613e+05 7.392952374904576573e+04 2.452843124674315623e+05 2.933896534859226449e+04 5.593895395396535605e+04 1.089996925975302875e+05 3.365836679235904739e+04 1.982553120112226679e+04 5.593894943805693765e+04 1.425455789094798383e+05 1.041780449207329075e+05 6.239905871899459453e+04 1.129880462440688279e+05 1.132087197622054227e+05 1.112806078734426119e+05 1.132088375846351846e+05 1.132088939618290751e+05 5.296520419675180165e+04 1.820251964867513016e+04
9.434087748010057840e+04 2.096227938735582866e+05 9.434051853818523523e+04 9.434083387883729301e+04 1.468775851424244756e+05 9.434074699791685271e+04 9.434114016807572625e+04 7.756938909950919333e+04 2.264163646384001186e+05 2.660100914982546601e+04 1.087087534263058375e+00 1.087165462464109150e+05 8.595547130162821850e+04 5.593894943805693765e+04 3.798358353973067536e-01 1.278049128490024159e+05 9.434092558302562975e+04 6.603889733438452822e+04 9.434080616131970601e+04 9.434101051917670702e+04 9.434120978851066320e+04 9.434099999413065962e+04 9.434102675826103950e+04 5.660489125293340476e+04 3.773744815474756615e+04
1.655406134992451698e+05 1.883960582939322630e+05 1.655403301346083463e+05 1.655405872699063038e+05 8.246660080716213270e+04 1.655404121616799966e+05 1.655409434859906032e+05 1.655407582012905041e+05 2.051897990191359713e+05 1.439775222616582760e+05 1.278049698894767498e+05 4.120106879877123720e+04 1.196812441580666200e+05 1.425455789094798092e+05 1.278049128490024159e+05 1.073736260536791997e+04 1.655407476522075012e+05 1.561067066721374867e+05 1.655406815055649204e+05 1.655407346793634060e+05 1.655409239646357310e+05 1.655407520564683073e+05 1.655408758769266715e+05 1.466729507631447341e+05 1.466731348766690353e+05
4.312796356809102872e+04 2.473586604111841589e+05 4.312753523496988055e+04 4.312793872912615188e+04 1.846135148989180161e+05 4.312775687088210543e+04 5.391917746554582664e+03 3.024952357100947484e+04 2.641521381604993367e+05 1.001474729363032238e+05 9.434093525908280571e+04 1.464523908013745677e+05 1.078184598951493390e+05 1.041780449207329075e+05 9.434092558302562975e+04 1.655407476522075012e+05 7.701554955804454949e+03 4.178013173271536652e+04 3.959002345567863813e+04 4.312800127198932751e+04 1.851753411608203896e+04 4.312802985726878251e+04 4.312807716436047485e+04 5.121403256692517607e+04 1.078182765615387179e+05
8.490687286555508035e+04 2.379246162215827499e+05 8.490646992689692706e+04 8.490687798662553541e+04 1.751795573294729402e+05 8.490671298305079108e+04 4.717128157802068745e+04 1.153152044973699594e+04 2.547182181245604006e+05 6.029374192869769468e+04 6.603902386139474402e+04 1.370185812950832769e+05 7.652163180111649854e+04 6.239905871899459453e+04 6.603889733438452822e+04 1.561067066721374867e+05 4.178013173271536652e+04 9.434443603347228418e+03 8.136905015307906433e+04 8.490696146881894674e+04 6.029665919670745643e+04 8.490698958158171445e+04 8.490700625201089133e+04 9.435076849610870340e+03 6.603929655578808160e+04
3.538988804984127910e+03 2.473584579690864484e+05 3.538554960961642792e+03 3.538974603366205429e+03 1.846133628848816152e+05 3.538771774053428544e+03 3.419936523853658582e+04 6.983856717421849316e+04 2.641520477084984886e+05 1.047682092310679291e+05 9.434094127450820815e+04 1.464523477590325347e+05 1.132091599163991632e+05 1.129880462440687988e+05 9.434080616131970601e+04 1.655406815055649204e+05 3.959002345567863085e+04 8.136905015307906433e+04 5.749156726049310237e+03 3.539022019565611572e+03 2.107369912855912844e+04 3.539037827635190297e+03 3.538845533908345715e+03 9.080312719804796507e+04 1.132091014694548649e+05
8.020838436012395212e-01 2.473581989874441933e+05 9.108840876524411101e-01 7.375551449418683569e-01 1.846134837355421332e+05 1.015126025551016831e+00 3.773689788267105178e+04 7.337658443396209623e+04 2.641519860985451378e+05 1.047678140276438207e+05 9.434103629464382539e+04 1.464524153179125569e+05 1.132087420254262543e+05 1.132087197622054227e+05 9.434101051917670702e+04 1.655407346793634060e+05 4.312800127198932751e+04 8.490696146881894674e+04 3.539022019565611572e+03 2.880193584958876118e-01 2.461139652662317530e+04 8.410469840742658132e-01 9.505960062111231679e-01 9.434102705401394633e+04 1.132086982486135676e+05
2.461138505239426013e+04 2.473582972155437164e+05 2.461138879334610101e+04 2.461138112515741523e+04 1.846137379492121399e+05 2.461165013376981005e+04 1.312636826298770939e+04 4.876623993351191893e+04 2.641520116884151357e+05 1.047679279437632213e+05 9.434119749141880311e+04 1.464526139727619302e+05 1.132090611574328796e+05 1.112806078734425828e+05 9.434120978851066320e+04 1.655409239646357310e+05 1.851753411608203896e+04 6.029665919670746371e+04 2.107369912855912844e+04 2.461139652662317530e+04 7.989832415854679311e+03 2.461137426091402085e+04 2.461138941351098401e+04 6.973070176383366925e+04 1.132088510345085233e+05
8.708051252845568913e-01 2.473582510353226680e+05 9.106395155371704853e-01 8.480025287598188521e-01 1.846135049765817821e+05 1.043753816782769572e+00 3.773693694741508807e+04 7.337651875523039780e+04 2.641520488210223266e+05 1.047679103720825078e+05 9.434107475530594820e+04 1.464524521765976679e+05 1.132088381969643524e+05 1.132088375846351846e+05 9.434099999413065962e+04 1.655407520564683073e+05 4.312802985726878251e+04 8.490698958158171445e+04 3.539037827635190297e+03 8.410469840742657022e-01 2.461137426091402085e+04 2.729091023204230360e-01 8.967553680460182974e-01 9.434098810588597553e+04 1.132088045878571284e+05
9.399319447130743965e-01 2.473582835716354894e+05 9.917497827035725022e-01 9.292509584368626729e-01 1.846135792858609057e+05 1.111742778041396429e+00 3.773700186640451284e+04 7.337654035067271616e+04 2.641521060177345062e+05 1.047679534039099672e+05 9.434110194131056778e+04 1.464525576180980424e+05 1.132088837710015359e+05 1.132088939618290606e+05 9.434102675826103950e+04 1.655408758769266715e+05 4.312807716436047485e+04 8.490700625201087678e+04 3.538845533908345715e+03 9.505960062111231679e-01 2.461138941351098401e+04 8.967553680460182974e-01 4.375215914519023919e-01 9.434099585939384997e+04 1.132088257623579266e+05
9.434088180221903895e+04 2.284907887391054828e+05 9.434047344619213254e+04 9.434081130282377126e+04 1.657456464183775824e+05 9.434067205863012350e+04 5.660518072260275949e+04 2.096546314776439249e+04 2.452841920772087178e+05 5.085986454992104700e+04 5.660497949908745068e+04 1.275845739070981799e+05 6.708764238531934097e+04 5.296520419675179437e+04 5.660489125293340476e+04 1.466729507631447341e+05 5.121403256692517607e+04 9.435076849610870340e+03 9.080312719804796507e+04 9.434102705401394633e+04 6.973070176383366925e+04 9.434098810588597553e+04 9.434099585939384997e+04 3.037395849652705926e-01 5.660539590652738116e+04
1.132085907642458915e+05 2.284905509746884054e+05 1.132087135755204217e+05 1.132085834847041988e+05 1.657459098716187291e+05 1.132089435461461835e+05 1.132088533083993971e+05 7.756976751917705406e+04 2.452843926753526903e+05 1.113736634429147307e+04 3.773730114984705870e+04 1.201368747216528427e+05 4.821970258983196254e+04 1.820251964867513016e+04 3.773744815474756615e+04 1.466731348766690353e+05 1.078182765615387179e+05 6.603929655578808160e+04 1.132091014694548649e+05 1.132086982486135676e+05 1.132088510345085233e+05 1.132088045878571284e+05 1.132088257623579266e+05 5.660539590652738116e+04 3.628903097612037332e-01
