1.748441483582666551e+05 3.797061816005979199e+05 3.797061842239131220e+05 3.797061188305213582e+05 3.797061696334792650e+05 3.797061642622207291e+05 3.797058543709695805e+05 2.723550366294454434e+05 4.383195375970355235e+05 3.674964756912533194e+05 3.797062631003679126e+05 3.797059967460939661e+05 3.797062452987798606e+05 3.762913935871102731e+05 3.797060783773905714e+05 3.797057407167759375e+05 3.699024347395853838e+05 3.797062071014079265e+05 3.507062707273907145e+05 3.797061952763065347e+05 3.797060184116093442e+05 3.797062376658516587e+05 3.797059089259076864e+05 3.797060263270986034e+05 3.797061121233609738e+05
3.797061816005978035e+05 4.889772040958057005e+03 5.418206870925689145e+04 5.418198675125196314e+04 1.986807811504444180e+04 3.130600666449081473e+04 5.418168966393981100e+04 2.506365688140825077e+05 5.693239928223431343e+05 1.149797471926213038e+05 5.502778790805283643e+04 5.418196140774533706e+04 3.410195079757247004e+04 7.325445928739690862e+04 5.418198122763662104e+04 5.418139123295233003e+04 9.302030599749040266e+04 4.735208579927189567e+04 1.679494589760419331e+05 1.496601006290107216e+04 5.418192795147336437e+04 4.386202047830829542e+04 5.418176104772335384e+04 5.418186083206084004e+04 5.418204716976524651e+04
3.797061842239131220e+05 5.418206870925689145e+04 1.238026569807519017e+00 9.805940925575692745e+03 4.411993366071212222e+04 3.268192016905677156e+04 1.960982033806893378e+04 2.506364641802135739e+05 5.693239526998804649e+05 1.149795516450399300e+05 7.489362973510511802e+04 1.960998572230973514e+04 6.562324276223793277e+04 8.523095968551779515e+04 1.225695491526888873e+04 1.960949271030274394e+04 9.804169250550042489e+04 1.298549036062611594e+04 1.679493152446175227e+05 4.902200735986929794e+04 1.960998757252471478e+04 6.862993100904267340e+04 1.960986619249753858e+04 1.960992038925103407e+04 2.400789214782105773e+03
3.797061188305213000e+05 5.418198675125196314e+04 9.805940925575692745e+03 1.154359356293900962e+00 4.411985169262250565e+04 3.268185253567319523e+04 9.805798017342696767e+03 2.506363858999305521e+05 5.693238990036975592e+05 1.149794521396016062e+05 7.489353886422266078e+04 9.805904632569518071e+03 6.562320320312096737e+04 8.523086766973343038e+04 2.452880458222422931e+03 9.805474069059977410e+03 9.804162533007145976e+04 1.663590035776863442e+04 1.679492019121010962e+05 4.902191971631042543e+04 9.805986819663083224e+03 6.862985851363842085e+04 9.805827729223608912e+03 9.805843453390478317e+03 7.406997358413273105e+03
3.797061696334792650e+05 1.986807811504444180e+04 4.411993366071212222e+04 4.411985169262250565e+04 9.297050677645676842e+03 1.894928387647581621e+04 4.411963057075017423e+04 2.506365014619437570e+05 5.693239325540967984e+05 1.149796518161257991e+05 6.263868869162876217e+04 4.411988133362642111e+04 4.229995627440342651e+04 7.542706025575583044e+04 4.411985465711890720e+04 4.411931942454533419e+04 9.302028833253665653e+04 3.584977417976333527e+04 1.679493649655676854e+05 1.408223980609006503e+04 4.411986404116447375e+04 5.392397463063469331e+04 4.411968916220589017e+04 4.411977511690476240e+04 4.411992394832496939e+04
3.797061642622207291e+05 3.130600666449081473e+04 3.268192016905677156e+04 3.268185253567319523e+04 1.894928387647581621e+04 4.358484694419703374e+03 3.268168805858845008e+04 2.506364779356874351e+05 5.693239183042768855e+05 1.149796232315429952e+05 6.508963382567623194e+04 3.268190884586137690e+04 4.969169200097323483e+04 7.542698662864734069e+04 3.268188208646639032e+04 3.268134088109536970e+04 9.302021462398715084e+04 1.969835811325794202e+04 1.679493708570443268e+05 2.614589047817854953e+04 3.268192552781352788e+04 5.882588580812701548e+04 3.268173822265838680e+04 3.268181064698149203e+04 3.268193876804624961e+04
3.797058543709695223e+05 5.418168966393981100e+04 1.960982033806893378e+04 9.805798017342696767e+03 4.411963057075017423e+04 3.268168805858845008e+04 9.674252842184116741e-01 2.506360297583495267e+05 5.693237321191299707e+05 1.149790473880187346e+05 7.489306129865979892e+04 1.618615136337219429e+00 6.562278183447469200e+04 8.523039744344350765e+04 7.354729521534702144e+03 1.230923321643216717e+00 9.804119498589680006e+04 2.582690216285659699e+04 1.679488653232585930e+05 4.902161136808564333e+04 1.672817838381302602e+00 6.862943396094768832e+04 1.498988409732782134e+00 1.641131589106465727e+00 1.721092906199399658e+04
2.723550366294454434e+05 2.506365688140825077e+05 2.506364641802136030e+05 2.506363858999305812e+05 2.506365014619437570e+05 2.506364779356874933e+05 2.506360297583495267e+05 8.819925512984514353e+04 5.050651304218879086e+05 2.338863355052188563e+05 2.441006224938861851e+05 2.506362044590148435e+05 2.506365434157215059e+05 2.420095538491374464e+05 2.506363100217835163e+05 2.506359391023023927e+05 2.466615586851464759e+05 2.506364795711797778e+05 1.819856384510428761e+05 2.506364781837887131e+05 2.506362750943240826e+05 2.506365973365156678e+05 2.506361557132323214e+05 2.506362125958822726e+05 2.506364235744428588e+05
4.383195375970355235e+05 5.693239928223432507e+05 5.693239526998804649e+05 5.693238990036977921e+05 5.693239325540969148e+05 5.693239183042768855e+05 5.693237321191300871e+05 5.050651304218878504e+05 2.283467771750347456e+05 5.693241160924952710e+05 5.611540954621032579e+05 5.693238857427401235e+05 5.595201263920966303e+05 5.593732312867360888e+05 5.693239247056067688e+05 5.693236599647637922e+05 5.693241270329678664e+05 5.693239399452675134e+05 5.566267583213405451e+05 5.693239952978496440e+05 5.693238651991041843e+05 5.595200846735022496e+05 5.693237779099714244e+05 5.693238211968357209e+05 5.693239033292345703e+05
3.674964756912532030e+05 1.149797471926213038e+05 1.149795516450399300e+05 1.149794521396016062e+05 1.149796518161257991e+05 1.149796232315429952e+05 1.149790473880187346e+05 2.338863355052188563e+05 5.693241160924950382e+05 3.514825190413029486e+04 1.149796817308955651e+05 1.149792446849721891e+05 1.149797305267283082e+05 1.027591427849573374e+05 1.149794428448308754e+05 1.149789419597943925e+05 6.435235518782660074e+04 1.149795899881373625e+05 1.216983131251015293e+05 1.149796788409662258e+05 1.149793275597550819e+05 1.149797512967263610e+05 1.149792070011827745e+05 1.149792684073040582e+05 1.149795200351040839e+05
3.797062631003679708e+05 5.502778790805284370e+04 7.489362973510511802e+04 7.489353886422266078e+04 6.263868869162875490e+04 6.508963382567623194e+04 7.489306129865979892e+04 2.441006224938861851e+05 5.611540954621031415e+05 1.149796817308955651e+05 2.512760706186908646e+04 7.489331515402247896e+04 4.331938256832127809e+04 4.730375660920894734e+04 7.489348205456318101e+04 7.489292273134806601e+04 9.023641245491689187e+04 6.867647602417851158e+04 1.614135574026971299e+05 6.018769960668672138e+04 7.489333258524119447e+04 3.709096586214302806e+04 7.489317287820205092e+04 7.489332187285790860e+04 7.489356700357332011e+04
3.797059967460939661e+05 5.418196140774532250e+04 1.960998572230973514e+04 9.805904632569518071e+03 4.411988133362642111e+04 3.268190884586137690e+04 1.618615136337219651e+00 2.506362044590148143e+05 5.693238857427400071e+05 1.149792446849721746e+05 7.489331515402247896e+04 1.116622209754487116e+00 6.562309248218401626e+04 8.523062952257845609e+04 7.354881198242004757e+03 1.453402969521950805e+00 9.804142909162001160e+04 2.582712955160483034e+04 1.679490046608267585e+05 4.902189571396606334e+04 1.881044833491141821e+00 6.862973044837136695e+04 1.722971158048069995e+00 1.750031671171562220e+00 1.721105190954431600e+04
3.797062452987800352e+05 3.410195079757247004e+04 6.562324276223793277e+04 6.562320320312096737e+04 4.229995627440342651e+04 4.969169200097323483e+04 6.562278183447469200e+04 2.506365434157215059e+05 5.595201263920966303e+05 1.149797305267283082e+05 4.331938256832127809e+04 6.562309248218401626e+04 1.401200923049174344e+04 6.854171753734145022e+04 6.562314681535080308e+04 6.562258626932933112e+04 9.302027427558159980e+04 5.902308659621237894e+04 1.679495098957159498e+05 3.988771814814701065e+04 6.562307627678345307e+04 2.354197307845917385e+04 6.562289874069989310e+04 6.562305824999805191e+04 6.562322381760423013e+04
3.762913935871103895e+05 7.325445928739690862e+04 8.523095968551779515e+04 8.523086766973343038e+04 7.542706025575581589e+04 7.542698662864735525e+04 8.523039744344350765e+04 2.420095538491374173e+05 5.593732312867360888e+05 1.027591427849573374e+05 4.730375660920894734e+04 8.523062952257845609e+04 6.854171753734146478e+04 3.483984673878664034e+04 8.523080005104086013e+04 8.523025267733595683e+04 7.234326654127311485e+04 7.901386136706934485e+04 1.535930296057303785e+05 7.542711208202361013e+04 8.523068176130687061e+04 6.394612706008760142e+04 8.523049069288316241e+04 8.523064343713887502e+04 8.523090457193124166e+04
3.797060783773906878e+05 5.418198122763662104e+04 1.225695491526888873e+04 2.452880458222422931e+03 4.411985465711891447e+04 3.268188208646639396e+04 7.354729521534702144e+03 2.506363100217835163e+05 5.693239247056068853e+05 1.149794428448309045e+05 7.489348205456318101e+04 7.354881198242004757e+03 6.562314681535080308e+04 8.523080005104086013e+04 3.677652382207246774e+03 7.354432021543435440e+03 9.804164216554859013e+04 1.893370746313851487e+04 1.679491725924767088e+05 4.902194453551968763e+04 7.354873022458397827e+03 6.862981069585189107e+04 7.354768628903797435e+03 7.354798774454263366e+03 9.858080433214727236e+03
3.797057407167759375e+05 5.418139123295233003e+04 1.960949271030274394e+04 9.805474069059977410e+03 4.411931942454533419e+04 3.268134088109536970e+04 1.230923321643216717e+00 2.506359391023023927e+05 5.693236599647637922e+05 1.149789419597943925e+05 7.489292273134806601e+04 1.453402969521950805e+00 6.562258626932933112e+04 8.523025267733595683e+04 7.354432021543435440e+03 7.097533457599581874e-01 9.804105456934934773e+04 2.582659218064411834e+04 1.679487099351515062e+05 4.902136371588554903e+04 1.462938719895512163e+00 6.862924201253781212e+04 1.332186291052135596e+00 1.377978645249284373e+00 1.721061851371160446e+04
3.699024347395855002e+05 9.302030599749040266e+04 9.804169250550042489e+04 9.804162533007145976e+04 9.302028833253662742e+04 9.302021462398715084e+04 9.804119498589680006e+04 2.466615586851464759e+05 5.693241270329679828e+05 6.435235518782660074e+04 9.023641245491686277e+04 9.804142909162001160e+04 9.302027427558159980e+04 7.234326654127311485e+04 9.804164216554859013e+04 9.804105456934934773e+04 2.921089672829240226e+04 9.485735222187805630e+04 1.413870915993111848e+05 9.302026108693967399e+04 9.804149289007706102e+04 9.302026096341543598e+04 9.804135567380013526e+04 9.804142329316075484e+04 9.804168518089037389e+04
3.797062071014078683e+05 4.735208579927191022e+04 1.298549036062611958e+04 1.663590035776863442e+04 3.584977417976334254e+04 1.969835811325794202e+04 2.582690216285659699e+04 2.506364795711797778e+05 5.693239399452675134e+05 1.149795899881373625e+05 6.867647602417851158e+04 2.582712955160483034e+04 5.902308659621237894e+04 7.901386136706935940e+04 1.893370746313851487e+04 2.582659218064411471e+04 9.485735222187805630e+04 1.028163619478297005e+04 1.679493881830840546e+05 4.219203820703107340e+04 2.582712498407666862e+04 6.241272144156084687e+04 2.582700103724177097e+04 2.582704855821944147e+04 1.387869642684440987e+04
3.507062707273907145e+05 1.679494589760419622e+05 1.679493152446175518e+05 1.679492019121011253e+05 1.679493649655676854e+05 1.679493708570443559e+05 1.679488653232586221e+05 1.819856384510428761e+05 5.566267583213404287e+05 1.216983131251015293e+05 1.614135574026971299e+05 1.679490046608267876e+05 1.679495098957159498e+05 1.535930296057304076e+05 1.679491725924767088e+05 1.679487099351515062e+05 1.413870915993111848e+05 1.679493881830840546e+05 6.970092635812630760e+04 1.679494130631789158e+05 1.679491122403881745e+05 1.679495004531934392e+05 1.679489997486429638e+05 1.679489994316637749e+05 1.679492873750667786e+05
3.797061952763065929e+05 1.496601006290107216e+04 4.902200735986929794e+04 4.902191971631042543e+04 1.408223980609006685e+04 2.614589047817854953e+04 4.902161136808564333e+04 2.506364781837886840e+05 5.693239952978496440e+05 1.149796788409662258e+05 6.018769960668672138e+04 4.902189571396606334e+04 3.988771814814701793e+04 7.542711208202361013e+04 4.902194453551968036e+04 4.902136371588554903e+04 9.302026108693968854e+04 4.219203820703107340e+04 1.679494130631789158e+05 1.187469192265673268e+00 4.902190088016435038e+04 4.902198246010846924e+04 4.902175043052475667e+04 4.902182345394424192e+04 4.902198593664404325e+04
3.797060184116093442e+05 5.418192795147336437e+04 1.960998757252471478e+04 9.805986819663083224e+03 4.411986404116447375e+04 3.268192552781352788e+04 1.672817838381302602e+00 2.506362750943240826e+05 5.693238651991041843e+05 1.149793275597550819e+05 7.489333258524119447e+04 1.881044833491141821e+00 6.562307627678345307e+04 8.523068176130687061e+04 7.354873022458397827e+03 1.462938719895512163e+00 9.804149289007706102e+04 2.582712498407666862e+04 1.679491122403881745e+05 4.902190088016435038e+04 1.108140914131050758e+00 6.862975178474617132e+04 1.767498450964341217e+00 1.878918587105495641e+00 1.721108113609466454e+04
3.797062376658515423e+05 4.386202047830829542e+04 6.862993100904267340e+04 6.862985851363842085e+04 5.392397463063469331e+04 5.882588580812701548e+04 6.862943396094768832e+04 2.506365973365156096e+05 5.595200846735021332e+05 1.149797512967263610e+05 3.709096586214302806e+04 6.862973044837136695e+04 2.354197307845917385e+04 6.394612706008760142e+04 6.862981069585189107e+04 6.862924201253781212e+04 9.302026096341543598e+04 6.241272144156084687e+04 1.679495004531933810e+05 4.902198246010845469e+04 6.862975178474617132e+04 1.014940421407777467e+04 6.862954301995551214e+04 6.862969164419213485e+04 6.862991896476309921e+04
3.797059089259078028e+05 5.418176104772336112e+04 1.960986619249753858e+04 9.805827729223608912e+03 4.411968916220589745e+04 3.268173822265838680e+04 1.498988409732782134e+00 2.506361557132323214e+05 5.693237779099715408e+05 1.149792070011827745e+05 7.489317287820205092e+04 1.722971158048069995e+00 6.562289874069989310e+04 8.523049069288316241e+04 7.354768628903796525e+03 1.332186291052135596e+00 9.804135567380013526e+04 2.582700103724177825e+04 1.679489997486429347e+05 4.902175043052475667e+04 1.767498450964341217e+00 6.862954301995551214e+04 1.045725155426507902e+00 1.684852868469906451e+00 1.721098709784065431e+04
3.797060263270985452e+05 5.418186083206084004e+04 1.960992038925103407e+04 9.805843453390478317e+03 4.411977511690476240e+04 3.268181064698149203e+04 1.641131589106465949e+00 2.506362125958822726e+05 5.693238211968356045e+05 1.149792684073040582e+05 7.489332187285792315e+04 1.750031671171562220e+00 6.562305824999805191e+04 8.523064343713887502e+04 7.354798774454263366e+03 1.377978645249284151e+00 9.804142329316075484e+04 2.582704855821944147e+04 1.679489994316637749e+05 4.902182345394424192e+04 1.878918587105495641e+00 6.862969164419213485e+04 1.684852868469906451e+00 1.098736764839121971e+00 1.721102098160002788e+04
3.797061121233608574e+05 5.418204716976524651e+04 2.400789214782106228e+03 7.406997358413273105e+03 4.411992394832496939e+04 3.268193876804624961e+04 1.721092906199399658e+04 2.506364235744428588e+05 5.693239033292345703e+05 1.149795200351040985e+05 7.489356700357333466e+04 1.721105190954431600e+04 6.562322381760423013e+04 8.523090457193124166e+04 9.858080433214727236e+03 1.721061851371160446e+04 9.804168518089037389e+04 1.387869642684440987e+04 1.679492873750667786e+05 4.902198593664404325e+04 1.721108113609466454e+04 6.862991896476309921e+04 1.721098709784065431e+04 1.721102098160002788e+04 3.625034563532455650e+03
