1.754268690797691306e+04 8.023239919932789053e+04 1.929959029764576699e+05 9.118132816643279511e+04 9.848039078898783191e+04 4.008634928238120483e+04 9.848048253627591475e+04 2.417367327279767487e+05 9.848038442914941697e+04 9.848024945509035024e+04 9.654882468897626677e+04 9.848046845038032916e+04 5.540356536967175634e+04 9.848003588075411972e+04 1.405464664726190385e+05 2.210905727305481269e+05 5.514113893543068843e+04 9.848046525080822175e+04 6.847250059512311418e+04 9.118084656425807043e+04 1.635409380530494964e+05 3.004966780304818531e+04 9.848047798021667404e+04 9.848058154194222880e+04 9.848051496925814718e+04
8.023239919932789053e+04 1.459892111424897121e+04 2.317291752560086607e+05 1.946602885443404375e+04 3.163167638023713880e+04 4.744689901982201263e+04 3.649796125755342655e+04 2.803184508896200568e+05 2.919850208079643562e+04 3.649770827337478840e+04 1.467981496355382842e+05 3.649797868176906195e+04 1.234689980537539523e+05 3.649754917881777510e+04 1.817045246461196220e+05 2.596721957245384401e+05 3.026318982391816462e+04 3.649791121917270357e+04 1.541095830717586978e+04 2.189906394340609768e+04 2.046989496040156810e+05 5.474636834440469829e+04 3.649796192114311998e+04 3.649791357299642550e+04 3.649793744662880636e+04
1.929959029764577281e+05 2.317291752560086607e+05 3.762535938602199894e+04 2.390283977904462663e+05 2.390281337787673692e+05 2.171307374800285907e+05 2.390282853187504807e+05 1.005995013506090036e+05 2.390281223438456946e+05 2.390280203360177402e+05 1.519580583619318495e+05 2.390283334989926661e+05 1.736774046568538761e+05 2.390280399916903116e+05 1.153719294504661957e+05 7.464207137761502236e+04 2.244300787987535878e+05 2.390282509615906747e+05 2.244299429916468216e+05 2.390279715527499211e+05 9.257985906929326302e+04 2.098315728863594122e+05 2.390282446675790125e+05 2.390282906374181330e+05 2.390284815429982555e+05
9.118132816643279511e+04 1.946602885443404739e+04 2.390283977904462663e+05 3.244531199297871353e+03 1.216689520733830614e+04 5.839588363220133033e+04 1.703326923411009921e+04 2.876176538001242443e+05 9.733763724004073083e+03 1.703298706245583526e+04 1.540974000718192838e+05 1.703316165015154547e+04 1.335055083087748499e+05 1.703282122972832076e+04 1.890037200414686813e+05 2.669714258554626140e+05 4.820718721625929902e+04 1.703327243889297824e+04 3.487575051777165936e+04 2.434220090086989330e+03 2.119982162323417142e+05 6.569528613451175625e+04 1.703323859421085945e+04 1.703322957650096942e+04 1.703317066786369469e+04
9.848039078898783191e+04 3.163167638023713880e+04 2.390281337787673692e+05 1.216689520733830614e+04 3.244461842624951259e+03 6.812799926490386133e+04 4.867215756582598260e+03 2.876172501227316679e+05 2.433916582775964798e+03 4.866962046827989980e+03 1.613963805384691514e+05 4.867567807142716447e+03 1.408044617664674297e+05 4.866903587204982614e+03 1.890033506267646444e+05 2.669710050052241422e+05 6.037249559454874543e+04 4.867435900719996425e+03 4.704118127549748169e+04 9.733268069777088385e+03 2.119978173135136603e+05 7.461627766111098754e+04 4.867482032861439620e+03 4.867622109770974930e+03 4.867551998082009959e+03
4.008634928238120483e+04 4.744689901982201263e+04 2.171307374800285615e+05 5.839588363220133033e+04 6.812799926490387588e+04 4.329227897736138142e-01 7.299434496727160877e+04 2.657199803933587391e+05 6.569497424564327230e+04 7.299416469302613405e+04 1.289554419175676303e+05 7.299446811172852176e+04 9.092628383204745478e+04 7.299383268651016988e+04 1.671059846082435688e+05 2.450737649319804623e+05 1.931415631422838487e+04 7.299440227010264061e+04 3.568692505052665365e+04 5.839551322111199988e+04 1.901004174438509217e+05 1.277521129497342736e+04 7.299446288106730208e+04 7.299437706972504384e+04 7.299444168712006649e+04
9.848048253627591475e+04 3.649796125755342655e+04 2.390282853187504807e+05 1.703326923411009921e+04 4.867215756582598260e+03 7.299434496727160877e+04 2.836004494910384643e-01 2.876174107864522375e+05 7.300322978600608621e+03 1.094304886101990171e+00 1.613964857222815044e+05 1.383335545946697165e+00 1.408045794190996967e+05 8.772149475328480106e-01 1.890034973071048735e+05 2.669711837226645439e+05 6.523872332723796717e+04 1.031340793602559813e+00 5.190747500505338394e+04 1.459974253214412602e+04 2.119979823482439970e+05 7.786052625389239984e+04 1.205205327929558923e+00 1.411805967664113037e+00 1.417601279698232686e+00
2.417367327279767487e+05 2.803184508896200568e+05 1.005995013506089890e+05 2.876176538001242443e+05 2.876172501227316679e+05 2.657199803933587391e+05 2.876174107864522375e+05 3.627414078332504141e+04 2.876173793548443937e+05 2.876173094452181831e+05 2.097590329645772290e+05 2.876176061198218376e+05 2.273988969401330978e+05 2.876172906876484631e+05 1.793491445850173768e+05 7.686806036865327042e+04 2.730192348815699806e+05 2.876175780602896702e+05 2.730191220230988692e+05 2.876173467036200454e+05 1.599039830656268168e+05 2.584207945339053986e+05 2.876176291402978823e+05 2.876175619960948825e+05 2.876175115753796417e+05
9.848038442914941697e+04 2.919850208079643562e+04 2.390281223438456655e+05 9.733763724004073083e+03 2.433916582775964798e+03 6.569497424564327230e+04 7.300322978600608621e+03 2.876173793548443937e+05 2.803548914965065531e-01 7.300206290939743667e+03 1.613963391208041285e+05 7.300652871157646587e+03 1.408045529273648572e+05 7.300168676546037204e+03 1.890034883202638594e+05 2.669711600262307911e+05 5.793948089659153629e+04 7.300443892343173502e+03 4.460813005532945681e+04 7.300173234572144793e+03 2.119979051772022503e+05 7.299434372928857920e+04 7.300550946782936990e+03 7.300695362047738854e+03 7.300761039802257983e+03
9.848024945509035024e+04 3.649770827337478840e+04 2.390280203360177402e+05 1.703298706245583526e+04 4.866962046827989980e+03 7.299416469302613405e+04 1.094304886101990171e+00 2.876173094452181831e+05 7.300206290939743667e+03 2.995851054262460011e-01 1.613963121776272601e+05 1.253208771143447864e+00 1.408044550090137636e+05 6.063525279741772689e-01 1.890033768204116204e+05 2.669710512095882441e+05 6.523864648225498968e+04 1.143038637786976341e+00 5.190735466978277691e+04 1.459923136505646289e+04 2.119977914881133765e+05 7.786040364668690017e+04 1.189962677472016006e+00 1.269344305642041260e+00 1.353577520802760281e+00
9.654882468897623767e+04 1.467981496355382842e+05 1.519580583619318495e+05 1.540974000718192838e+05 1.613963805384691514e+05 1.289554419175676303e+05 1.613964857222815044e+05 2.097590329645772290e+05 1.613963391208041285e+05 1.613963121776272601e+05 1.264522950777215374e+04 1.613966104911246221e+05 4.457826194857610972e+04 1.613961600225757575e+05 6.364180686897945998e+04 1.891127259597609227e+05 1.362547942492150178e+05 1.613964899523639469e+05 1.391384153663801844e+05 1.540969532819441229e+05 9.968325960214140650e+04 1.216561523719701363e+05 1.613965235475246445e+05 1.613966554203516862e+05 1.613967563541280979e+05
9.848046845038032916e+04 3.649797868176906195e+04 2.390283334989926661e+05 1.703316165015154547e+04 4.867567807142716447e+03 7.299446811172852176e+04 1.383335545946696943e+00 2.876176061198218376e+05 7.300652871157646587e+03 1.253208771143447864e+00 1.613966104911246221e+05 3.572549618092099588e-01 1.408047372472750139e+05 1.045272111209647692e+00 1.890037245210784313e+05 2.669714125057414640e+05 6.523893914432783640e+04 1.308538104071649721e+00 5.190767856517431937e+04 1.459982170747080090e+04 2.119980785883509088e+05 7.786072445001470624e+04 1.124626796256609662e+00 1.260810610879348648e+00 1.281670282745111411e+00
5.540356536967175634e+04 1.234689980537539523e+05 1.736774046568538761e+05 1.335055083087748790e+05 1.408044617664674297e+05 9.092628383204745478e+04 1.408045794190996967e+05 2.273988969401330978e+05 1.408045529273648572e+05 1.408044550090137636e+05 4.457826194857610244e+04 1.408047372472750139e+05 2.502628449918983824e+04 1.408041386605606240e+05 1.001471676071169059e+05 2.067526166648197686e+05 1.010009007415155356e+05 1.408046152915420244e+05 1.126214769751957210e+05 1.335050756166926294e+05 1.314320547127059544e+05 8.362684743645938579e+04 1.408047159000650281e+05 1.408047589496354049e+05 1.408047235676227428e+05
9.848003588075410516e+04 3.649754917881777510e+04 2.390280399916902825e+05 1.703282122972832076e+04 4.866903587204982614e+03 7.299383268651016988e+04 8.772149475328480106e-01 2.876172906876484631e+05 7.300168676546037204e+03 6.063525279741773799e-01 1.613961600225757866e+05 1.045272111209647914e+00 1.408041386605606240e+05 1.283031717818152728e-01 1.890032315171004448e+05 2.669710180289023556e+05 6.523833339329440787e+04 1.009655506891608212e+00 5.190706288560514804e+04 1.459912807472126588e+04 2.119977199339227809e+05 7.786008461132254160e+04 1.032909671835948284e+00 1.081280217466024096e+00 1.035904672680570515e+00
1.405464664726190385e+05 1.817045246461196220e+05 1.153719294504661957e+05 1.890037200414686231e+05 1.890033506267646444e+05 1.671059846082435688e+05 1.890034973071048735e+05 1.793491445850173768e+05 1.890034883202638594e+05 1.890033768204116204e+05 6.364180686897947453e+04 1.890037245210784313e+05 1.001471676071169059e+05 1.890032315171004448e+05 1.232586286013809513e+04 1.608002054490523878e+05 1.744052299938669312e+05 1.890036657482899318e+05 1.744051804764895060e+05 1.890033625415337447e+05 4.717946045648779545e+04 1.598066517390352965e+05 1.890036460941576515e+05 1.890037818115404225e+05 1.890038099213826645e+05
2.210905727305481269e+05 2.596721957245384401e+05 7.464207137761500780e+04 2.669714258554626140e+05 2.669710050052241422e+05 2.450737649319804623e+05 2.669711837226645439e+05 7.686806036865327042e+04 2.669711600262307911e+05 2.669710512095883023e+05 1.891127259597609227e+05 2.669714125057414640e+05 2.067526166648197686e+05 2.669710180289023556e+05 1.608002054490523878e+05 2.192637610865954775e+04 2.523730373335712939e+05 2.669713188812625594e+05 2.523729207242795092e+05 2.669710560987189529e+05 1.453968346624335099e+05 2.377745329685922479e+05 2.669712776865224005e+05 2.669713855646931333e+05 2.669713942082973081e+05
5.514113893543068843e+04 3.026318982391816462e+04 2.244300787987535878e+05 4.820718721625929902e+04 6.037249559454875998e+04 1.931415631422838487e+04 6.523872332723796717e+04 2.730192348815699806e+05 5.793948089659153629e+04 6.523864648225498968e+04 1.362547942492150178e+05 6.523893914432783640e+04 1.010009007415155647e+05 6.523833339329440787e+04 1.744052299938669312e+05 2.523730373335712939e+05 4.403998677455816505e+03 6.523887348816942540e+04 1.637407572734312998e+04 5.064002188651983306e+04 1.973997170657830720e+05 2.889454366165415558e+04 6.523889982870010863e+04 6.523892538628547481e+04 6.523887326036207378e+04
9.848046525080822175e+04 3.649791121917270357e+04 2.390282509615906747e+05 1.703327243889297824e+04 4.867435900719996425e+03 7.299440227010264061e+04 1.031340793602559591e+00 2.876175780602896702e+05 7.300443892343173502e+03 1.143038637786976341e+00 1.613964899523639469e+05 1.308538104071649721e+00 1.408046152915420244e+05 1.009655506891608212e+00 1.890036657482899318e+05 2.669713188812625594e+05 6.523887348816942540e+04 3.970782163548408072e-01 5.190755558662804833e+04 1.459973111656417677e+04 2.119979417639025487e+05 7.786060150122042978e+04 1.106861721547444333e+00 1.335120791822064445e+00 1.562523993728920590e+00
6.847250059512311418e+04 1.541095830717586978e+04 2.244299429916468216e+05 3.487575051777165936e+04 4.704118127549748169e+04 3.568692505052664637e+04 5.190747500505338394e+04 2.730191220230988692e+05 4.460813005532945681e+04 5.190735466978277691e+04 1.391384153663801844e+05 5.190767856517431937e+04 1.126214769751957210e+05 5.190706288560514804e+04 1.744051804764895060e+05 2.523729207242795092e+05 1.637407572734312998e+04 5.190755558662804833e+04 1.442131294823947883e+03 3.730871284653105249e+04 1.973997838294524117e+05 4.298633844840633537e+04 5.190759856518698507e+04 5.190757461943184899e+04 5.190755801324010099e+04
9.118084656425807043e+04 2.189906394340609768e+04 2.390279715527499211e+05 2.434220090086989785e+03 9.733268069777088385e+03 5.839551322111200716e+04 1.459974253214412602e+04 2.876173467036200454e+05 7.300173234572144793e+03 1.459923136505646289e+04 1.540969532819441229e+05 1.459982170747080090e+04 1.335050756166926003e+05 1.459912807472126588e+04 1.890033625415337738e+05 2.669710560987189529e+05 5.064002188651984034e+04 1.459973111656417677e+04 3.730871284653105249e+04 2.386408516648684253e-01 2.119977793240574829e+05 6.569483658315765206e+04 1.459977913273106606e+04 1.459983630057987648e+04 1.459989966423315309e+04
1.635409380530494964e+05 2.046989496040156810e+05 9.257985906929326302e+04 2.119982162323417142e+05 2.119978173135136603e+05 1.901004174438509217e+05 2.119979823482439970e+05 1.599039830656268168e+05 2.119979051772022503e+05 2.119977914881133765e+05 9.968325960214140650e+04 2.119980785883509088e+05 1.314320547127059544e+05 2.119977199339228100e+05 4.717946045648779545e+04 1.453968346624335099e+05 1.973997170657830720e+05 2.119979417639025487e+05 1.973997838294524699e+05 2.119977793240574829e+05 1.590887615249671217e+04 1.828010573942148185e+05 2.119981000199085975e+05 2.119981040920706000e+05 2.119982178998914897e+05
3.004966780304818531e+04 5.474636834440469829e+04 2.098315728863594122e+05 6.569528613451175625e+04 7.461627766111098754e+04 1.277521129497342736e+04 7.786052625389239984e+04 2.584207945339053986e+05 7.299434372928855009e+04 7.786040364668690017e+04 1.216561523719701072e+05 7.786072445001470624e+04 8.362684743645938579e+04 7.786008461132254160e+04 1.598066517390352674e+05 2.377745329685922479e+05 2.889454366165415558e+04 7.786060150122042978e+04 4.298633844840633537e+04 6.569483658315765206e+04 1.828010573942148185e+05 1.247003504695791707e+04 7.786069254473962064e+04 7.786076840656505374e+04 7.786062499978933192e+04
9.848047798021667404e+04 3.649796192114311998e+04 2.390282446675790125e+05 1.703323859421085945e+04 4.867482032861439620e+03 7.299446288106730208e+04 1.205205327929558923e+00 2.876176291402978823e+05 7.300550946782936990e+03 1.189962677472016006e+00 1.613965235475246445e+05 1.124626796256609662e+00 1.408047159000650281e+05 1.032909671835948284e+00 1.890036460941576515e+05 2.669712776865224005e+05 6.523889982870010863e+04 1.106861721547444333e+00 5.190759856518698507e+04 1.459977913273106606e+04 2.119981000199085975e+05 7.786069254473962064e+04 3.265536977653503703e-01 1.366989459680197028e+00 1.509755451030313500e+00
9.848058154194222880e+04 3.649791357299642550e+04 2.390282906374181330e+05 1.703322957650096942e+04 4.867622109770974930e+03 7.299437706972502929e+04 1.411805967664113037e+00 2.876175619960948825e+05 7.300695362047738854e+03 1.269344305642041260e+00 1.613966554203517153e+05 1.260810610879348648e+00 1.408047589496354049e+05 1.081280217466024096e+00 1.890037818115404225e+05 2.669713855646931333e+05 6.523892538628547481e+04 1.335120791822064445e+00 5.190757461943184899e+04 1.459983630057987648e+04 2.119981040920706000e+05 7.786076840656505374e+04 1.366989459680197028e+00 3.579835099369201301e-01 1.288020215540143454e+00
9.848051496925814718e+04 3.649793744662880636e+04 2.390284815429982555e+05 1.703317066786369469e+04 4.867551998082009959e+03 7.299444168712006649e+04 1.417601279698232686e+00 2.876175115753796417e+05 7.300761039802257983e+03 1.353577520802760281e+00 1.613967563541280979e+05 1.281670282745111411e+00 1.408047235676227428e+05 1.035904672680570515e+00 1.890038099213826645e+05 2.669713942082973081e+05 6.523887326036207378e+04 1.562523993728920590e+00 5.190755801324010099e+04 1.459989966423315309e+04 2.119982178998914897e+05 7.786062499978933192e+04 1.509755451030313500e+00 1.288020215540143454e+00 2.718319033106816329e-01
