3.097349517661759091e+04 2.291364862482702010e+05 8.957366196096119529e+04 2.438422866290326929e+05 2.438420839749997540e+05 2.401659015699466108e+05 2.095287964827491669e+05 2.438420085131586529e+05 9.108571705553124775e+04 2.438420871701344731e+05 2.438419624398564047e+05 2.438421807993012189e+05 1.542600399344916514e+05 2.438421493601779803e+05 1.624006946669862373e+05 2.438421830022219801e+05 2.438424274865550105e+05 2.438423414583815902e+05 2.338157149413663719e+05 1.918258418652829423e+05 1.420220436319988512e+05 2.438423031790532696e+05 2.190262826452258741e+05 1.268551693899101228e+05 2.438419814274842793e+05
2.291364862482702010e+05 3.247262920832143518e-01 1.762603040365344496e+05 2.941355649423225623e+04 2.941344958249541014e+04 1.103100266331807507e+04 3.431544250989384454e+04 2.206029382497092956e+04 2.734317590638924739e+05 2.941333913046259113e+04 2.941297918067727733e+04 2.941349105740046798e+04 1.162941945720882941e+05 2.941349576913552301e+04 9.191346057514549466e+04 2.941351076688459580e+04 1.470750988803359360e+04 1.995975533583024662e+04 4.680586713356322434e+03 5.384714118596008484e+04 3.077818466668162146e+05 2.941361310514904835e+04 2.198967736600556964e+04 1.497614364809027757e+05 2.717528176962177167e+04
8.957366196096120984e+04 1.762603040365344496e+05 1.759161271027764815e+04 1.909660969540074002e+05 1.909659093476182024e+05 1.872897200120578636e+05 1.555212991826041543e+05 1.909657439783910522e+05 1.557767883889084042e+05 1.909658591135216120e+05 1.909656736036381335e+05 1.909660257017303375e+05 9.271846202998740773e+04 1.909658952366514131e+05 1.066372044091525458e+05 1.909659760758938792e+05 1.909661762407591159e+05 1.909661466446287523e+05 1.809394212240052002e+05 1.380406159229144396e+05 1.976997444212875853e+05 1.909660749448720308e+05 1.654539125481715892e+05 4.995085346643977391e+04 1.909657404924652947e+05
2.438422866290326929e+05 2.941355649423225623e+04 1.909660969540074002e+05 3.709565116758898329e-01 1.371904405038705921e+00 1.838395322686732106e+04 6.372727601111758850e+04 7.354266509897606738e+03 2.881374744972484186e+05 1.320548533641146660e+00 1.115715157746116182e+00 1.416534650787311334e+00 1.310000646421731508e+05 1.488159000869788917e+00 1.066193913027424860e+05 1.409447866644321534e+00 1.470756190772613627e+04 9.455192239888176118e+03 2.473430018323156401e+04 7.773288266697393556e+04 3.224876184725775965e+05 1.367965811801504783e+00 5.140161539897834155e+04 1.644671766816681193e+05 2.239044430863837079e+03
2.438420839749997540e+05 2.941344958249541014e+04 1.909659093476182024e+05 1.371904405038705921e+00 3.081874564410075901e-01 1.838384067647800111e+04 6.372708779049334407e+04 7.354058383615009006e+03 2.881373122337664245e+05 9.128264004901444073e-01 9.033466247844590402e-01 1.337544527047982656e+00 1.309998259371078457e+05 1.041713652896909093e+00 1.066192713411851873e+05 1.247092538428873354e+00 1.470747167917579645e+04 9.455250619611626462e+03 2.473421387690641495e+04 7.773277236046017788e+04 3.224874644690676359e+05 1.336245000712929176e+00 5.140150602514335333e+04 1.644669838264684076e+05 2.238885652052064415e+03
2.401659015699466108e+05 1.103100266331807507e+04 1.872897200120578636e+05 1.838395322686732106e+04 1.838384067647800111e+04 3.676861952930230018e+03 4.534490579237997008e+04 1.103086487048550771e+04 2.844611020435240935e+05 1.838383949527437653e+04 1.838355029113679848e+04 1.838393783728904964e+04 1.273235168400334951e+05 1.838391955950632473e+04 1.029429771808555524e+05 1.838390932292428261e+04 3.677827585617681962e+03 8.930086115793259523e+03 6.351775855460262392e+03 6.487665413040814019e+04 3.188111678962256410e+05 1.838397453312099606e+04 3.301930137658700551e+04 1.607907984517680015e+05 1.614583835827445364e+04
2.095287964827491669e+05 3.431544250989384454e+04 1.555212991826041543e+05 6.372727601111758850e+04 6.372708779049334407e+04 4.534490579237997008e+04 6.536403619198816159e+03 5.637402667543820280e+04 2.538239440950321441e+05 6.372697687579183548e+04 6.372672363012406277e+04 6.372726013066150335e+04 8.933334218661335763e+04 6.372716190122602711e+04 6.495265988633496454e+04 6.372727539625808276e+04 4.902137564537335857e+04 5.427353127376546036e+04 3.899454973947595136e+04 2.603782720737848649e+04 2.881740667677565943e+05 6.372723359558864468e+04 1.232695099656879211e+04 1.228005994049454166e+05 6.148897222863991919e+04
2.438420085131586529e+05 2.206029382497092956e+04 1.909657439783911104e+05 7.354266509897604919e+03 7.354058383615009006e+03 1.103086487048550771e+04 5.637402667543820280e+04 2.941520200530423068e-01 2.881372270150832483e+05 7.353933448637894799e+03 7.353647509824636472e+03 7.354318178917445948e+03 1.309997133067307586e+05 7.354249881011978687e+03 1.066191314577948360e+05 7.354292024162674352e+03 7.354366810353834808e+03 2.102098238827438308e+03 1.738109162120057590e+04 7.485538449134980328e+04 3.224873570716655231e+05 7.354313760453477698e+03 4.404840662314323708e+04 1.644668477186135424e+05 5.115790961617099128e+03
9.108571705553124775e+04 2.734317590638924739e+05 1.557767883889084333e+05 2.881374744972484186e+05 2.881373122337664245e+05 2.844611020435240935e+05 2.538239440950321441e+05 2.881372270150832483e+05 3.467660745395418780e+04 2.881372822667805594e+05 2.881371977700386778e+05 2.881374050239142962e+05 2.066925898356060497e+05 2.881373532946680789e+05 2.127701259267884016e+05 2.881374139778781682e+05 2.881375748499412439e+05 2.881374984444677248e+05 2.781108768524251063e+05 2.398183636847460293e+05 7.619093193323904416e+04 2.881374430807939498e+05 2.633214560535218916e+05 1.809785635225060687e+05 2.881372164482074440e+05
2.438420871701345022e+05 2.941333913046259113e+04 1.909658591135216411e+05 1.320548533641146660e+00 9.128264004901444073e-01 1.838383949527437653e+04 6.372697687579183548e+04 7.353933448637894799e+03 2.881372822667805594e+05 3.124974312613374994e-01 7.748934724885996328e-01 1.344672159940334621e+00 1.309997538704762846e+05 1.169788710420947453e+00 1.066191420548405731e+05 1.271872488581916816e+00 1.470741698993212231e+04 9.455218806900937125e+03 2.473414056953002000e+04 7.773268953576221247e+04 3.224874145875396789e+05 1.329524167489912534e+00 5.140140142501826631e+04 1.644669249592167325e+05 2.238746316066879899e+03
2.438419624398564047e+05 2.941297918067727733e+04 1.909656736036381335e+05 1.115715157746115960e+00 9.033466247844588182e-01 1.838355029113679848e+04 6.372672363012406277e+04 7.353647509824636472e+03 2.881371977700386778e+05 7.748934724885996328e-01 1.754904528757775806e-01 1.115586362341668192e+00 1.309995480818622455e+05 1.027652823528772741e+00 1.066189348571422161e+05 1.096597443089368573e+00 1.470706603498161348e+04 9.454917054117529915e+03 2.473376440884015028e+04 7.773237055486429017e+04 3.224873341224552132e+05 1.088742945871094880e+00 5.140109259512435528e+04 1.644667168563948362e+05 2.238418302993785346e+03
2.438421807993012189e+05 2.941349105740046798e+04 1.909660257017303084e+05 1.416534650787311334e+00 1.337544527047982656e+00 1.838393783728904964e+04 6.372726013066150335e+04 7.354318178917445948e+03 2.881374050239142962e+05 1.344672159940334621e+00 1.115586362341668414e+00 3.151402978369753916e-01 1.310000419133428513e+05 1.284700233990299312e+00 1.066193984269125212e+05 1.148894030009650846e+00 1.470749970326670154e+04 9.455370193450518855e+03 2.473437196714015954e+04 7.773285616435876000e+04 3.224874694306778838e+05 1.333779744831460112e+00 5.140167568420936732e+04 1.644671642869221687e+05 2.239135073404031573e+03
1.542600399344916514e+05 1.162941945720882941e+05 9.271846202998740773e+04 1.310000646421731217e+05 1.309998259371078457e+05 1.273235168400334951e+05 8.933334218661335763e+04 1.309997133067307586e+05 2.066925898356060206e+05 1.309997538704762846e+05 1.309995480818622455e+05 1.310000419133428659e+05 1.333424756948384129e+04 1.309999487201706652e+05 2.700818533710003612e+04 1.309999372987525130e+05 1.309999786799284775e+05 1.310000895227294095e+05 1.209733659314524411e+05 6.367210970693429408e+04 2.416055169554132444e+05 1.310000309857282700e+05 9.883097772213624557e+04 6.176007549388337793e+04 1.309996498848134652e+05
2.438421493601779803e+05 2.941349576913552301e+04 1.909658952366514131e+05 1.488159000869788917e+00 1.041713652896909093e+00 1.838391955950632473e+04 6.372716190122602711e+04 7.354249881011978687e+03 2.881373532946680789e+05 1.169788710420947231e+00 1.027652823528772741e+00 1.284700233990299312e+00 1.309999487201706652e+05 3.339593466305538771e-01 1.066193633596875734e+05 1.152399364768735612e+00 1.470752377098540819e+04 9.455391506159412529e+03 2.473431888241451088e+04 7.773286100434890250e+04 3.224874582466359134e+05 1.365578681243043935e+00 5.140159029942465713e+04 1.644670314478258661e+05 2.239056617346629537e+03
1.624006946669862955e+05 9.191346057514549466e+04 1.066372044091525458e+05 1.066193913027424715e+05 1.066192713411851873e+05 1.029429771808555524e+05 6.495265988633496454e+04 1.066191314577948360e+05 2.127701259267884016e+05 1.066191420548405731e+05 1.066189348571422161e+05 1.066193984269125212e+05 2.700818533710003612e+04 1.066193633596875734e+05 5.515142916015559422e+03 1.066193205171709269e+05 1.066193979913630174e+05 1.066194498781051807e+05 9.659269302275899099e+04 3.891624942687911971e+04 2.471201195505330688e+05 1.066195048625955242e+05 7.445033920775569277e+04 7.990841145405216957e+04 1.066190034038127196e+05
2.438421830022219801e+05 2.941351076688459580e+04 1.909659760758939083e+05 1.409447866644321534e+00 1.247092538428873354e+00 1.838390932292428261e+04 6.372727539625808276e+04 7.354292024162674352e+03 2.881374139778781682e+05 1.271872488581916816e+00 1.096597443089368795e+00 1.148894030009650846e+00 1.309999372987525130e+05 1.152399364768735612e+00 1.066193205171709269e+05 4.092200243031921536e-01 1.470749787756135811e+04 9.455372722324875213e+03 2.473439189388530940e+04 7.773274591052309552e+04 3.224875492341464851e+05 1.371028172911922915e+00 5.140166429575224174e+04 1.644671343924192188e+05 2.239085129441556546e+03
2.438424274865550105e+05 1.470750988803359360e+04 1.909661762407591159e+05 1.470756190772613627e+04 1.470747167917579645e+04 3.677827585617681962e+03 4.902137564537335129e+04 7.354366810353834808e+03 2.881375748499412439e+05 1.470741698993212231e+04 1.470706603498161348e+04 1.470749970326670154e+04 1.309999786799284775e+05 1.470752377098540819e+04 1.066193979913630174e+05 1.470749787756135811e+04 4.525478984956077810e-01 5.253561770214122589e+03 1.002829299687528692e+04 6.855306646367080975e+04 3.224877260225737700e+05 1.470751214374776282e+04 3.669574714259050961e+04 1.644673008559882874e+05 1.246939195599361483e+04
2.438423414583815902e+05 1.995975533583024662e+04 1.909661466446288105e+05 9.455192239888174299e+03 9.455250619611626462e+03 8.930086115793259523e+03 5.427353127376546036e+04 2.102098238827438308e+03 2.881374984444677248e+05 9.455218806900937125e+03 9.454917054117529915e+03 9.455370193450518855e+03 1.310000895227294095e+05 9.455391506159412529e+03 1.066194498781051952e+05 9.455372722324875213e+03 5.253561770214122589e+03 3.001569417380129835e+03 1.528045368557994880e+04 7.305498046985013934e+04 3.224875760710778995e+05 9.455220491153315379e+03 4.194785492068854364e+04 1.644672367695269932e+05 7.217161456504983107e+03
2.338157149413663719e+05 4.680586713356323344e+03 1.809394212240052002e+05 2.473430018323156401e+04 2.473421387690641495e+04 6.351775855460263301e+03 3.899454973947595136e+04 1.738109162120057590e+04 2.781108768524251063e+05 2.473414056953002000e+04 2.473376440884015028e+04 2.473437196714015954e+04 1.209733659314524411e+05 2.473431888241451088e+04 9.659269302275899099e+04 2.473439189388530940e+04 1.002829299687529056e+04 1.528045368557994880e+04 3.403413082178615696e+03 5.852639940270830266e+04 3.124609756708932109e+05 2.473434522957854642e+04 2.666887995525942097e+04 1.544405103058569948e+05 2.249608092239206599e+04
1.918258418652829423e+05 5.384714118596008484e+04 1.380406159229144978e+05 7.773288266697392100e+04 7.773277236046016333e+04 6.487665413040814019e+04 2.603782720737848649e+04 7.485538449134980328e+04 2.398183636847460293e+05 7.773268953576221247e+04 7.773237055486427562e+04 7.773285616435876000e+04 6.367210970693428681e+04 7.773286100434888795e+04 3.891624942687911971e+04 7.773274591052309552e+04 6.855306646367080975e+04 7.305498046985013934e+04 5.852639940270830266e+04 1.400776335246864073e+04 2.741684836979126558e+05 7.773285634038339776e+04 3.586168583388999832e+04 1.108237778686355305e+05 7.685682815035844396e+04
1.420220436319988512e+05 3.077818466668162728e+05 1.976997444212875853e+05 3.224876184725775965e+05 3.224874644690675777e+05 3.188111678962256410e+05 2.881740667677565943e+05 3.224873570716655231e+05 7.619093193323904416e+04 3.224874145875396789e+05 3.224873341224552132e+05 3.224874694306778838e+05 2.416055169554132444e+05 3.224874582466359134e+05 2.471201195505330688e+05 3.224875492341464851e+05 3.224877260225737700e+05 3.224875760710778995e+05 3.124609756708932109e+05 2.741684836979126558e+05 2.549530808323716337e+04 3.224875318701441283e+05 2.976716124570614775e+05 2.163206078423483414e+05 3.224873352555807796e+05
2.438423031790532987e+05 2.941361310514904835e+04 1.909660749448720308e+05 1.367965811801504561e+00 1.336245000712929176e+00 1.838397453312099606e+04 6.372723359558864468e+04 7.354313760453477698e+03 2.881374430807939498e+05 1.329524167489912090e+00 1.088742945871095102e+00 1.333779744831459890e+00 1.310000309857282700e+05 1.365578681243043935e+00 1.066195048625955242e+05 1.371028172911922915e+00 1.470751214374776282e+04 9.455220491153315379e+03 2.473434522957855006e+04 7.773285634038339776e+04 3.224875318701441283e+05 4.119014645288641696e-01 5.140162493355696643e+04 1.644671652944227098e+05 2.239114173558265975e+03
2.190262826452258741e+05 2.198967736600556964e+04 1.654539125481715892e+05 5.140161539897834155e+04 5.140150602514336060e+04 3.301930137658701278e+04 1.232695099656879211e+04 4.404840662314323708e+04 2.633214560535218916e+05 5.140140142501826631e+04 5.140109259512435528e+04 5.140167568420936732e+04 9.883097772213621647e+04 5.140159029942465713e+04 7.445033920775569277e+04 5.140166429575224174e+04 3.669574714259051689e+04 4.194785492068854364e+04 2.666887995525942097e+04 3.586168583389000560e+04 2.976716124570614775e+05 5.140162493355696643e+04 6.927839757044066573e+03 1.351261942725950794e+05 4.916338758571947255e+04
1.268551693899101228e+05 1.497614364809027466e+05 4.995085346643977391e+04 1.644671766816681193e+05 1.644669838264684076e+05 1.607907984517680015e+05 1.228005994049454166e+05 1.644668477186135424e+05 1.809785635225060105e+05 1.644669249592167325e+05 1.644667168563948362e+05 1.644671642869221687e+05 6.176007549388337793e+04 1.644670314478258661e+05 7.990841145405216957e+04 1.644671343924192188e+05 1.644673008559883456e+05 1.644672367695269932e+05 1.544405103058569657e+05 1.108237778686355305e+05 2.163206078423483414e+05 1.644671652944226516e+05 1.351261942725950794e+05 2.176521547662503872e+04 1.644668178933291638e+05
2.438419814274842793e+05 2.717528176962177167e+04 1.909657404924652947e+05 2.239044430863836169e+03 2.238885652052064415e+03 1.614583835827445546e+04 6.148897222863991919e+04 5.115790961617099128e+03 2.881372164482074440e+05 2.238746316066879899e+03 2.238418302993785346e+03 2.239135073404031573e+03 1.309996498848134652e+05 2.239056617346629537e+03 1.066190034038127196e+05 2.239085129441556546e+03 1.246939195599361483e+04 7.217161456504983107e+03 2.249608092239206599e+04 7.685682815035844396e+04 3.224873352555807796e+05 2.239114173558265975e+03 4.916338758571947255e+04 1.644668178933291638e+05 3.113802085354084738e+03
