4.002027001056171485e-01 2.213570000214215543e+05 3.186440966928716807e+04 2.718166952753272490e+05 1.866026038137425785e+05 2.941329341513543841e+04 1.311744536562660768e+00 1.065650791424866517e+00 1.039052309785160499e+00 1.145608124196547578e+05 2.478159511958280345e+05 9.501434299936369143e+02 2.941330595976505720e+04 3.991770226863346033e+04 2.941329897146018266e+04 1.049377255956881028e+00 9.172756936090111779e-01 1.167043304410427806e+00 7.354571910141201442e+03 7.354579325174469886e+03 1.426458851278626826e+05 1.838394515976241746e+04 8.410368889594315260e+04 1.307310112038268635e+00 7.354617774191630815e+03
2.213570000214215543e+05 2.345383247461663268e+04 1.968476190299765440e+05 1.180098204989965161e+05 6.805161328549659811e+04 1.992984655791614787e+05 2.213571620511638466e+05 2.213568466441708151e+05 2.213569410218034172e+05 1.356888419869534264e+05 7.784266858809620317e+04 2.213571318588051072e+05 1.992983847927521274e+05 1.887944768881034688e+05 1.992984478485930886e+05 2.213570044656054233e+05 2.213567892848423216e+05 2.213568983646117558e+05 2.213572904895216925e+05 2.213573262461171253e+05 1.101636127908055350e+05 2.103278360084914311e+05 1.594675727690466447e+05 2.213571070304392779e+05 2.213573485113601782e+05
3.186440966928716807e+04 1.968476190299765440e+05 3.268476261316152886e+03 2.473072610057949787e+05 1.620931088131362048e+05 2.452771459062326812e+03 3.186451690540608615e+04 3.186414838455319477e+04 3.186440708582794468e+04 9.005105325963736686e+04 2.233065823080048722e+05 3.186462739522915945e+04 2.452793635481156798e+03 9.952288858564508701e+03 2.452834216369565183e+03 3.186454131637317550e+04 3.186395696185793713e+04 3.186433577282344049e+04 3.186461214958518030e+04 3.186464269196667738e+04 1.181362279215248564e+05 1.419375910704828493e+04 5.959383381759313488e+04 3.186458231601721855e+04 3.186449661137682051e+04
2.718166952753272490e+05 1.180098204989965016e+05 2.473072610057949787e+05 2.640488385064696922e+04 1.495330920774981496e+05 2.497581002955621225e+05 2.718167713414654718e+05 2.718165586246053572e+05 2.718165480993836536e+05 2.062825726944067283e+05 7.692839530373539310e+04 2.718168921883128351e+05 2.497580459956325358e+05 2.392540535658332228e+05 2.497581287251988251e+05 2.718166654026724864e+05 2.718164712393864756e+05 2.718165280291593517e+05 2.718170738605982624e+05 2.718170447389123146e+05 1.879962517087511078e+05 2.607875636279072496e+05 2.185082349680608604e+05 2.718167875539273955e+05 2.718169986438717460e+05
1.866026038137425785e+05 6.805161328549659811e+04 1.620931088131362048e+05 1.495330920774981787e+05 2.950167481769439109e+04 1.645440119063312886e+05 1.866027230753127369e+05 1.866023638349912071e+05 1.866025868627161544e+05 9.410254914342715347e+04 1.193107751399120170e+05 1.866027422627662600e+05 1.645439970356268459e+05 1.540398327464969479e+05 1.645440069363458897e+05 1.866026373628465517e+05 1.866023365401090996e+05 1.866025077798517596e+05 1.866028827317890537e+05 1.866028399376027810e+05 5.880401487091735180e+04 1.755734172970926447e+05 1.193117324695637508e+05 1.866026946865199716e+05 1.866029430997982854e+05
2.941329341513543841e+04 1.992984655791615078e+05 2.452771459062326358e+03 2.497581002955621516e+05 1.645440119063312886e+05 4.826419612962276617e-01 2.941335366680394873e+04 2.941299450996801897e+04 2.941331055176141308e+04 9.250213282478030305e+04 2.257573601035727188e+05 2.941320929994045582e+04 1.517789341327530073e+00 1.240368921420485458e+04 1.312448211679267063e+00 2.941332627230694197e+04 2.941285372168584945e+04 2.941323490855699856e+04 2.941349343504202625e+04 2.941349930811597733e+04 1.205872857978235988e+05 1.174250608236254448e+04 6.204503772976185428e+04 2.941336818317338839e+04 2.941358517462790041e+04
1.311744536562660768e+00 2.213571620511638466e+05 3.186451690540608615e+04 2.718167713414654718e+05 1.866027230753127369e+05 2.941335366680394873e+04 3.667135235762740697e-01 1.162440836325150162e+00 1.312789961409097428e+00 1.145608063957548002e+05 2.478160313400644227e+05 9.501893540981430988e+02 2.941324917292641112e+04 3.991776095400244230e+04 2.941338158567104256e+04 1.200697087979488487e+00 1.048047210637924831e+00 1.279075728373522791e+00 7.354711566416141068e+03 7.354702278046663196e+03 1.426460026419372298e+05 1.838401293489047748e+04 8.410372802301082993e+04 1.190248329371424774e+00 7.354760421412960568e+03
1.065650791424866295e+00 2.213568466441708151e+05 3.186414838455319477e+04 2.718165586246053572e+05 1.866023638349912071e+05 2.941299450996801897e+04 1.162440836325150162e+00 2.983729887596008323e-01 9.700714198212282424e-01 1.145604556745932496e+05 2.478157788344156870e+05 9.499686723972297386e+02 2.941302019381053833e+04 3.991738620457141224e+04 2.941305644068774563e+04 1.150107166452325025e+00 4.759142169575157899e-01 7.354013159741480399e-01 7.354290299341903847e+03 7.354252554750912168e+03 1.426456232594302273e+05 1.838365256926996881e+04 8.410336702708387747e+04 1.193057633230189429e+00 7.354326535085995602e+03
1.039052309785160499e+00 2.213569410218034172e+05 3.186440708582794468e+04 2.718165480993836536e+05 1.866025868627161544e+05 2.941331055176140944e+04 1.312789961409097650e+00 9.700714198212282424e-01 3.422669627048285923e-01 1.145606227391775465e+05 2.478158532123434416e+05 9.502529485167096936e+02 2.941323206318384837e+04 3.991767962144515332e+04 2.941324124498693709e+04 1.228916524754329220e+00 7.977936491143527986e-01 8.897174852450622229e-01 7.354620084205739659e+03 7.354599343335149570e+03 1.426457606021450483e+05 1.838394371612379109e+04 8.410352446289680665e+04 1.390081449105162292e+00 7.354555516359130706e+03
1.145608124196547578e+05 1.356888419869534264e+05 9.005105325963738142e+04 2.062825726944067283e+05 9.410254914342716802e+04 9.250213282478030305e+04 1.145608063957548002e+05 1.145604556745932641e+05 1.145606227391775465e+05 1.609804572389312671e+04 1.766883479950055771e+05 1.145609020829654619e+05 9.250206503152749792e+04 8.010023797191324411e+04 9.250213499608813436e+04 1.145608714815220301e+05 1.145603410252158355e+05 1.145605066031286406e+05 1.145609438861646049e+05 1.145609495686427108e+05 4.729906127368708985e+04 1.035316355249204644e+05 3.157880854431507760e+04 1.145608753355305817e+05 1.145608527908172837e+05
2.478159511958280345e+05 7.784266858809620317e+04 2.233065823080048722e+05 7.692839530373539310e+04 1.193107751399120170e+05 2.257573601035727188e+05 2.478160313400644227e+05 2.478157788344156870e+05 2.478158532123434998e+05 1.766883479950056353e+05 3.988567987403713050e+04 2.478162059127385437e+05 2.257573314504546288e+05 2.152533360354957695e+05 2.257573795540804858e+05 2.478159286225604010e+05 2.478157805477541988e+05 2.478157992897821532e+05 2.478163625132252346e+05 2.478163205125887471e+05 1.584021032989710511e+05 2.367868754837409069e+05 1.924730030208877579e+05 2.478160583811593533e+05 2.478163341473917826e+05
9.501434299936369143e+02 2.213571318588051072e+05 3.186462739522916308e+04 2.718168921883128351e+05 1.866027422627662600e+05 2.941320929994045946e+04 9.501893540981430988e+02 9.499686723972297386e+02 9.502529485167096936e+02 1.145609020829654619e+05 2.478162059127385437e+05 1.653143976898151323e+03 2.941318864976853729e+04 3.991789275173861824e+04 2.941337145655450513e+04 9.501859445580835200e+02 9.498730466059668061e+02 9.501641532306990712e+02 6.405808350615503514e+03 6.405806291563150808e+03 1.426460427665493626e+05 1.829215676776673354e+04 8.410380105999184889e+04 9.501316503948752370e+02 6.405919853463254185e+03
2.941330595976505720e+04 1.992983847927521565e+05 2.452793635481156343e+03 2.497580459956325358e+05 1.645439970356268459e+05 1.517789341327530073e+00 2.941324917292641112e+04 2.941302019381053833e+04 2.941323206318384837e+04 9.250206503152749792e+04 2.257573314504546288e+05 2.941318864976853729e+04 3.706262184838284290e-01 1.240370585085602579e+04 1.455239098803311260e+00 2.941330275110002913e+04 2.941281443469049191e+04 2.941314639844285921e+04 2.941360555280071276e+04 2.941354191195038948e+04 1.205872355117189290e+05 1.174262355742040563e+04 6.204494289228931302e+04 2.941317950397443929e+04 2.941358023653903001e+04
3.991770226863346033e+04 1.887944768881034688e+05 9.952288858564508701e+03 2.392540535658332228e+05 1.540398327464969479e+05 1.240368921420485458e+04 3.991776095400244230e+04 3.991738620457141224e+04 3.991767962144515332e+04 8.010023797191324411e+04 2.152533360354957695e+05 3.991789275173861824e+04 1.240370585085602579e+04 8.218324034813140315e+03 1.240376342122907045e+04 3.991780132999000489e+04 3.991731515103309357e+04 3.991761964166122925e+04 3.991779900949012517e+04 3.991794340722423658e+04 1.097770150958688027e+05 2.396105519591951452e+04 4.964288420315976691e+04 3.991785604981055076e+04 3.991784779685482499e+04
2.941329897146018266e+04 1.992984478485930886e+05 2.452834216369564729e+03 2.497581287251988251e+05 1.645440069363458897e+05 1.312448211679267063e+00 2.941338158567104256e+04 2.941305644068774563e+04 2.941324124498693709e+04 9.250213499608813436e+04 2.257573795540804567e+05 2.941337145655450513e+04 1.455239098803311037e+00 1.240376342122907045e+04 4.356325052195602066e-01 2.941335514226594751e+04 2.941280098895797346e+04 2.941322569584874873e+04 2.941360968330349715e+04 2.941346038090216098e+04 1.205872971868974710e+05 1.174244989135511605e+04 6.204508292678724683e+04 2.941340015665165629e+04 2.941351922088761785e+04
1.049377255956881028e+00 2.213570044656054233e+05 3.186454131637317550e+04 2.718166654026724864e+05 1.866026373628465226e+05 2.941332627230694197e+04 1.200697087979488487e+00 1.150107166452324803e+00 1.228916524754329220e+00 1.145608714815220301e+05 2.478159286225604010e+05 9.501859445580836336e+02 2.941330275110002913e+04 3.991780132999000489e+04 2.941335514226594751e+04 3.899099789176878050e-01 9.742056410947975698e-01 1.292862667408972710e+00 7.354703728123832661e+03 7.354641760149288530e+03 1.426459924734803499e+05 1.838398977222719259e+04 8.410372427216458891e+04 1.176244703698424932e+00 7.354740444470544389e+03
9.172756936090111779e-01 2.213567892848423216e+05 3.186395696185793713e+04 2.718164712393864756e+05 1.866023365401090996e+05 2.941285372168584945e+04 1.048047210637924831e+00 4.759142169575157899e-01 7.977936491143527986e-01 1.145603410252158355e+05 2.478157805477541988e+05 9.498730466059668061e+02 2.941281443469049191e+04 3.991731515103309357e+04 2.941280098895797346e+04 9.742056410947974587e-01 1.433969635584152469e-01 6.643646214678727846e-01 7.354173489701704057e+03 7.354084883534223081e+03 1.426455147160260822e+05 1.838343866105982670e+04 8.410324782742437674e+04 1.058259350525565967e+00 7.354108335897279176e+03
1.167043304410427806e+00 2.213568983646117558e+05 3.186433577282344049e+04 2.718165280291593517e+05 1.866025077798517596e+05 2.941323490855699856e+04 1.279075728373523013e+00 7.354013159741478178e-01 8.897174852450622229e-01 1.145605066031286406e+05 2.478157992897821532e+05 9.501641532306990712e+02 2.941314639844285921e+04 3.991761964166122925e+04 2.941322569584874873e+04 1.292862667408972710e+00 6.643646214678727846e-01 3.302064410707507558e-01 7.354497998345659653e+03 7.354490611509787414e+03 1.426456651536568534e+05 1.838383821926856035e+04 8.410342055152330431e+04 1.303860190242693839e+00 7.354464622388590215e+03
7.354571910141201442e+03 2.213572904895217216e+05 3.186461214958518030e+04 2.718170738605982624e+05 1.866028827317890537e+05 2.941349343504202625e+04 7.354711566416141068e+03 7.354290299341903847e+03 7.354620084205739659e+03 1.145609438861646049e+05 2.478163625132252346e+05 6.405808350615502604e+03 2.941360555280071276e+04 3.991779900949012517e+04 2.941360968330349715e+04 7.354703728123832661e+03 7.354173489701704057e+03 7.354497998345659653e+03 3.738627471398570101e-01 1.489433381197205142e+00 1.426461690728122485e+05 1.767241800432766468e+04 8.410380607605386467e+04 7.354766574373141339e+03 1.499838155325122990e+00
7.354579325174469886e+03 2.213573262461171544e+05 3.186464269196667738e+04 2.718170447389123146e+05 1.866028399376027810e+05 2.941349930811597733e+04 7.354702278046663196e+03 7.354252554750912168e+03 7.354599343335149570e+03 1.145609495686426962e+05 2.478163205125887471e+05 6.405806291563148989e+03 2.941354191195038948e+04 3.991794340722423658e+04 2.941346038090216098e+04 7.354641760149288530e+03 7.354084883534223081e+03 7.354490611509787414e+03 1.489433381197205142e+00 4.190165521859193776e-01 1.426462131780224445e+05 1.767236044935764949e+04 8.410391440177237382e+04 7.354751454831150113e+03 1.463834773992202631e+00
1.426458851278626826e+05 1.101636127908055350e+05 1.181362279215248855e+05 1.879962517087511078e+05 5.880401487091735180e+04 1.205872857978235988e+05 1.426460026419372298e+05 1.426456232594302564e+05 1.426457606021450483e+05 4.729906127368708985e+04 1.584021032989710511e+05 1.426460427665493626e+05 1.205872355117189290e+05 1.097770150958688318e+05 1.205872971868974710e+05 1.426459924734803499e+05 1.426455147160260822e+05 1.426456651536568534e+05 1.426461690728122485e+05 1.426462131780224736e+05 1.592608927591456086e+04 1.316167110905067530e+05 7.353456276005016116e+04 1.426460059531385195e+05 1.426462228947640397e+05
1.838394515976241746e+04 2.103278360084914602e+05 1.419375910704828493e+04 2.607875636279072787e+05 1.755734172970926447e+05 1.174250608236254448e+04 1.838401293489047748e+04 1.838365256926996881e+04 1.838394371612379473e+04 1.035316355249204644e+05 2.367868754837409069e+05 1.829215676776673354e+04 1.174262355742040563e+04 2.396105519591951452e+04 1.174244989135511605e+04 1.838398977222719259e+04 1.838343866105982670e+04 1.838383821926856035e+04 1.767241800432766468e+04 1.767236044935765312e+04 1.316167110905067530e+05 1.231535955403808111e+04 7.307442811587151664e+04 1.838409464483560077e+04 1.767253118477307362e+04
8.410368889594315260e+04 1.594675727690466447e+05 5.959383381759313488e+04 2.185082349680608604e+05 1.193117324695637508e+05 6.204503772976185428e+04 8.410372802301082993e+04 8.410336702708390658e+04 8.410352446289680665e+04 3.157880854431507396e+04 1.924730030208877579e+05 8.410380105999184889e+04 6.204494289228931302e+04 4.964288420315976691e+04 6.204508292678724683e+04 8.410372427216458891e+04 8.410324782742437674e+04 8.410342055152330431e+04 8.410380607605386467e+04 8.410391440177237382e+04 7.353456276005017571e+04 7.307442811587153119e+04 1.235974210383218997e+04 8.410376662939629750e+04 8.410384092511718336e+04
1.307310112038268857e+00 2.213571070304393070e+05 3.186458231601721855e+04 2.718167875539273955e+05 1.866026946865199716e+05 2.941336818317338839e+04 1.190248329371424996e+00 1.193057633230189429e+00 1.390081449105162070e+00 1.145608753355305817e+05 2.478160583811593533e+05 9.501316503948752370e+02 2.941317950397443929e+04 3.991785604981055076e+04 2.941340015665165629e+04 1.176244703698424932e+00 1.058259350525566189e+00 1.303860190242693839e+00 7.354766574373141339e+03 7.354751454831150113e+03 1.426460059531385195e+05 1.838409464483560077e+04 8.410376662939628295e+04 4.065966884831673789e-01 7.354787013951634435e+03
7.354617774191630815e+03 2.213573485113601782e+05 3.186449661137682051e+04 2.718169986438717460e+05 1.866029430997982854e+05 2.941358517462790041e+04 7.354760421412960568e+03 7.354326535085995602e+03 7.354555516359130706e+03 1.145608527908172837e+05 2.478163341473917826e+05 6.405919853463253276e+03 2.941358023653903001e+04 3.991784779685482499e+04 2.941351922088761785e+04 7.354740444470544389e+03 7.354108335897279176e+03 7.354464622388590215e+03 1.499838155325123434e+00 1.463834773992202853e+00 1.426462228947640397e+05 1.767253118477307362e+04 8.410384092511715426e+04 7.354787013951634435e+03 4.079774613814809436e-01
