4.767019669632566547e+03 5.419553427636598935e+05 1.960994062856235178e+04 2.576507763592288247e+05 3.735081110545763513e+05 1.961000513013596719e+04 1.192836271810305043e+05 3.165608013311970353e+04 4.087067573606806945e+03 1.960989695567023955e+04 1.552495610350448806e+04 1.960946787150099044e+04 4.087109421681258482e+03 1.055499110456675044e+04 1.961001705821335781e+04 7.550667306810007722e+04 1.841187066015368910e+05 1.960976393391628881e+04 1.961004442647408359e+04 1.961001491085605812e+04 4.087062038944332471e+03 5.147309640474718617e+04 2.462882802624309261e+04 1.961002747629643272e+04 1.961008800002946373e+04
5.419553427636598935e+05 2.356885554363208357e+05 5.419551299968704116e+05 4.367138188394063036e+05 4.188068951982862782e+05 5.419551754608488409e+05 5.287500713506742613e+05 5.307508778445188655e+05 5.419553036367794266e+05 5.419550797910086112e+05 5.321514260797590250e+05 5.419549843416472431e+05 5.419553148067333968e+05 5.419552818614344578e+05 5.419551809770244872e+05 5.298172305291329976e+05 4.978782388390681008e+05 5.419550660725685302e+05 5.419552546135854209e+05 5.419552081541921943e+05 5.419553098499465268e+05 5.223475362902707420e+05 5.321514202861334197e+05 5.419552501957750646e+05 5.419552602129731094e+05
1.960994062856235178e+04 5.419551299968704116e+05 1.081009307303597788e+00 2.576504693236175808e+05 3.735077990961342002e+05 1.760664449088549688e+00 1.192833171386603499e+05 4.435340714513657440e+04 1.960986500435277048e+04 1.717850479021026722e+00 2.941395155392770903e+04 1.368466824121779668e+00 1.960991079474657090e+04 1.143991231568649528e+04 1.862511209861594796e+00 7.550639090741114342e+04 1.841183641132615157e+05 1.591153377994479534e+00 1.943474685028285354e+00 1.823987867041393374e+00 1.960992759384763485e+04 5.882581154791645531e+04 3.851768164503698790e+04 1.876684503240730439e+00 1.969510266986515212e+00
2.576507763592288247e+05 4.367138188394062454e+05 2.576504693236175808e+05 1.002996210374393704e+05 2.394428626980005647e+05 2.576505040223627002e+05 2.439009483496729517e+05 2.478469705745504471e+05 2.576507323966032127e+05 2.576503845407406916e+05 2.478468512498976488e+05 2.576501622492186434e+05 2.576507368883879390e+05 2.576506977258386323e+05 2.576505600669516425e+05 2.466366357456365949e+05 1.995132150006947631e+05 2.576502967701726302e+05 2.576506244093930582e+05 2.576505133296225395e+05 2.576507349470408226e+05 2.478469687680271745e+05 2.478469041504195484e+05 2.576505913883208705e+05 2.576506309168334119e+05
3.735081110545764677e+05 4.188068951982861618e+05 3.735077990961343166e+05 2.394428626980005647e+05 1.305778313794519199e+05 3.735078630354733905e+05 3.619369437705964083e+05 3.637042276513704564e+05 3.735080515038002632e+05 3.735077916695029708e+05 3.637041648183881189e+05 3.735076104555543861e+05 3.735080637662352528e+05 3.735080393456735183e+05 3.735079621133154142e+05 3.637042978173900628e+05 3.329883939058918622e+05 3.735077145108648692e+05 3.735079793747900985e+05 3.735078763284762972e+05 3.735080705747023458e+05 3.637042330070970929e+05 3.637042153824999114e+05 3.735080086987675750e+05 3.735080028752369690e+05
1.961000513013596719e+04 5.419551754608489573e+05 1.760664449088549688e+00 2.576505040223627002e+05 3.735078630354733323e+05 1.155871377538102873e+00 1.192834008455346921e+05 4.435344910454889759e+04 1.960993915790813480e+04 1.833110562886330897e+00 2.941399483521183720e+04 1.407053932046056222e+00 1.960999153672376633e+04 1.143995963005520753e+04 1.875548712233364279e+00 7.550650575087715697e+04 1.841184266515647760e+05 1.693269765958588691e+00 1.882637848754494803e+00 1.848753120643748860e+00 1.960996253758271632e+04 5.882592216371036193e+04 3.851771648643489607e+04 1.838023512885557542e+00 1.960483372959639148e+00
1.192836271810304897e+05 5.287500713506742613e+05 1.192833171386603499e+05 2.439009483496729517e+05 3.619369437705964083e+05 1.192834008455346921e+05 2.929457825482619955e+04 9.729295498638733989e+04 1.192835743983400607e+05 1.192831913809623074e+05 1.094796844893055677e+05 1.192829098551698989e+05 1.192836123730025720e+05 1.192835355941580638e+05 1.192834533615773544e+05 5.907482957521473872e+04 1.298014580716952041e+05 1.192830785479747574e+05 1.192835108558173815e+05 1.192834196699932363e+05 1.192836023953484691e+05 8.905490474340639776e+04 1.003760652687074326e+05 1.192835033353142499e+05 1.192835188687498157e+05
3.165608013311970353e+04 5.307508778445188655e+05 4.435340714513657440e+04 2.478469705745504471e+05 3.637042276513702818e+05 4.435344910454889759e+04 9.729295498638732533e+04 1.107743471821629828e+04 3.454965821227724518e+04 4.435330086468843365e+04 1.780118396252820094e+04 4.435293519607197231e+04 3.454971647294428840e+04 3.863464464156128088e+04 4.435347327816345205e+04 5.270593302851262706e+04 1.701131433508818736e+05 4.435316786160383344e+04 4.435356344524445012e+04 4.435339134349978121e+04 3.454969447879352811e+04 2.547091876592212429e+04 8.697332754195684174e+03 4.435353301114599890e+04 4.435359002432862326e+04
4.087067573606806945e+03 5.419553036367794266e+05 1.960986500435277048e+04 2.576507323966032127e+05 3.735080515038002050e+05 1.960993915790813844e+04 1.192835743983400607e+05 3.454965821227724518e+04 1.194012793587146293e+00 1.960982183328951214e+04 1.961014864956878228e+04 1.960939239552288927e+04 1.923161096680969795e+00 8.171898724404738459e+03 1.960993286802092189e+04 7.550665317120426334e+04 1.841186257714904496e+05 1.960974454519553183e+04 1.960998298843254088e+04 1.960994761833040684e+04 1.940343250862922364e+00 5.147315909069294139e+04 2.871392739052966499e+04 1.960998284128578962e+04 1.960997272069051905e+04
1.960989695567023955e+04 5.419550797910087276e+05 1.717850479021026500e+00 2.576503845407406916e+05 3.735077916695029126e+05 1.833110562886331119e+00 1.192831913809623074e+05 4.435330086468843365e+04 1.960982183328951214e+04 1.051533048769995426e+00 2.941387127028305986e+04 1.301319733571672854e+00 1.960987366173959526e+04 1.143983122152020042e+04 1.793357084306544724e+00 7.550627327364093799e+04 1.841182865297829267e+05 1.517167636019070454e+00 1.935395805506210376e+00 1.776443666539002875e+00 1.960987741322421425e+04 5.882571792207837279e+04 3.851759198239104444e+04 1.905426371401673702e+00 1.877190189499165607e+00
1.552495610350448806e+04 5.321514260797592578e+05 2.941395155392770903e+04 2.478468512498976779e+05 3.637041648183880025e+05 2.941399483521183720e+04 1.094796844893055677e+05 1.780118396252820094e+04 1.961014864956878228e+04 2.941387127028305986e+04 1.283549786260428149e+00 2.941346110805432909e+04 1.961015094079080154e+04 2.369509824790659695e+04 2.941402550302314557e+04 6.570271981032445910e+04 1.743147933177304512e+05 2.941372307504087803e+04 2.941406482933494408e+04 2.941398539231394170e+04 1.961015288319011597e+04 4.166913208634504554e+04 9.105810586354786210e+03 2.941405427441368738e+04 2.941409795061049954e+04
1.960946787150099044e+04 5.419549843416472431e+05 1.368466824121779668e+00 2.576501622492187016e+05 3.735076104555542115e+05 1.407053932046056222e+00 1.192829098551698989e+05 4.435293519607197231e+04 1.960939239552288927e+04 1.301319733571672854e+00 2.941346110805432909e+04 6.932632384914492185e-01 1.960946392448805273e+04 1.143942972042028669e+04 1.438222715607659463e+00 7.550599840370795573e+04 1.841180135180407378e+05 1.186069683522049667e+00 1.502422424538814694e+00 1.426371008000868690e+00 1.960945313423892003e+04 5.882542341459297313e+04 3.851719107354327571e+04 1.474157036253538333e+00 1.491689532731818923e+00
4.087109421681258482e+03 5.419553148067333968e+05 1.960991079474657090e+04 2.576507368883879390e+05 3.735080637662352528e+05 1.960999153672376633e+04 1.192836123730025720e+05 3.454971647294428840e+04 1.923161096680969795e+00 1.960987366173959526e+04 1.961015094079080154e+04 1.960946392448805273e+04 1.246918513705561837e+00 8.171951243682969107e+03 1.960998646159933924e+04 7.550668722207276733e+04 1.841186851698335377e+05 1.960977746861160267e+04 1.961003436308900200e+04 1.961001394835736937e+04 2.003213108496999517e+00 5.147318930439741234e+04 2.871395254665389075e+04 1.961001948082746094e+04 1.961003782543130001e+04
1.055499110456675044e+04 5.419552818614344578e+05 1.143991231568649346e+04 2.576506977258386323e+05 3.735080393456735183e+05 1.143995963005520753e+04 1.192835355941580638e+05 3.863464464156128088e+04 8.171898724404736640e+03 1.143983122152020042e+04 2.369509824790659695e+04 1.143942972042028487e+04 8.171951243682969107e+03 9.532788179311641215e+03 1.143994521522656396e+04 7.550664396224310622e+04 1.841185950662224204e+05 1.143974986473473109e+04 1.143997638474172527e+04 1.143994890973660586e+04 8.171946246854972742e+03 5.453687045745499199e+04 3.279887211414492049e+04 1.143995565445594730e+04 1.143989616463610218e+04
1.961001705821335781e+04 5.419551809770244872e+05 1.862511209861595241e+00 2.576505600669516425e+05 3.735079621133154142e+05 1.875548712233364279e+00 1.192834533615773544e+05 4.435347327816345205e+04 1.960993286802091825e+04 1.793357084306544502e+00 2.941402550302314557e+04 1.438222715607659685e+00 1.960998646159933924e+04 1.143994521522656396e+04 1.161713790233045218e+00 7.550655739578885550e+04 1.841184486797963036e+05 1.746887116401421025e+00 1.975483533560648430e+00 1.853510845995876011e+00 1.960996807608614472e+04 5.882600172465270589e+04 3.851777121109375730e+04 1.960364066684586293e+00 1.920046604407825708e+00
7.550667306810007722e+04 5.298172305291331140e+05 7.550639090741114342e+04 2.466366357456365658e+05 3.637042978173900628e+05 7.550650575087715697e+04 5.907482957521474600e+04 5.270593302851262706e+04 7.550665317120426334e+04 7.550627327364093799e+04 6.570271981032445910e+04 7.550599840370795573e+04 7.550668722207276733e+04 7.550664396224310622e+04 7.550655739578885550e+04 2.649923295571166818e+04 1.470539262360454886e+05 7.550614039793693519e+04 7.550660087790801481e+04 7.550649196048649901e+04 7.550669895372840983e+04 3.910859741658339772e+04 5.659915394913974160e+04 7.550659492654664791e+04 7.550662720354246267e+04
1.841187066015368910e+05 4.978782388390681008e+05 1.841183641132615157e+05 1.995132150006947340e+05 3.329883939058918622e+05 1.841184266515647760e+05 1.298014580716951896e+05 1.701131433508818445e+05 1.841186257714904787e+05 1.841182865297829267e+05 1.743147933177303930e+05 1.841180135180407378e+05 1.841186851698335377e+05 1.841185950662224204e+05 1.841184486797963618e+05 1.470539262360455177e+05 7.821069075720255205e+04 1.841181631887253898e+05 1.841185343157056195e+05 1.841184050127942755e+05 1.841186570672313101e+05 1.679686235623565735e+05 1.704132410918347305e+05 1.841185097723960935e+05 1.841185370780876838e+05
1.960976393391628881e+04 5.419550660725686466e+05 1.591153377994479534e+00 2.576502967701726302e+05 3.735077145108648110e+05 1.693269765958588691e+00 1.192830785479747574e+05 4.435316786160383344e+04 1.960974454519552819e+04 1.517167636019070454e+00 2.941372307504087803e+04 1.186069683522049667e+00 1.960977746861160267e+04 1.143974986473473109e+04 1.746887116401421025e+00 7.550614039793692064e+04 1.841181631887254189e+05 9.549150011845103370e-01 1.767677305481656358e+00 1.697414171705893260e+00 1.960977295942286582e+04 5.882558369729600236e+04 3.851743120838440518e+04 1.795781439099802590e+00 1.848919501045519276e+00
1.961004442647408723e+04 5.419552546135853045e+05 1.943474685028285354e+00 2.576506244093930582e+05 3.735079793747899239e+05 1.882637848754494359e+00 1.192835108558173961e+05 4.435356344524445012e+04 1.960998298843254088e+04 1.935395805506210154e+00 2.941406482933494772e+04 1.502422424538814694e+00 1.961003436308900564e+04 1.143997638474172709e+04 1.975483533560648430e+00 7.550660087790801481e+04 1.841185343157055904e+05 1.767677305481656358e+00 1.193600109050324543e+00 1.960070755569051526e+00 1.961000749651866863e+04 5.882604476017165871e+04 3.851778704280332022e+04 1.955452561751036544e+00 2.015462750350268895e+00
1.961001491085605812e+04 5.419552081541921943e+05 1.823987867041393374e+00 2.576505133296225395e+05 3.735078763284761808e+05 1.848753120643748860e+00 1.192834196699932363e+05 4.435339134349978121e+04 1.960994761833040684e+04 1.776443666539002875e+00 2.941398539231394170e+04 1.426371008000868690e+00 1.961001394835736937e+04 1.143994890973660586e+04 1.853510845995876455e+00 7.550649196048649901e+04 1.841184050127942755e+05 1.697414171705893260e+00 1.960070755569051526e+00 1.168894311348963155e+00 1.960997610384829386e+04 5.882588493872168328e+04 3.851767405857293488e+04 1.923202343728250829e+00 1.948618284229870934e+00
4.087062038944332926e+03 5.419553098499465268e+05 1.960992759384763485e+04 2.576507349470407935e+05 3.735080705747022294e+05 1.960996253758271996e+04 1.192836023953484691e+05 3.454969447879352811e+04 1.940343250862922142e+00 1.960987741322421789e+04 1.961015288319011961e+04 1.960945313423892003e+04 2.003213108496999517e+00 8.171946246854972742e+03 1.960996807608614836e+04 7.550669895372840983e+04 1.841186570672313101e+05 1.960977295942286946e+04 1.961000749651867227e+04 1.960997610384829386e+04 1.232476952347662635e+00 5.147321825565693143e+04 2.871394668323479345e+04 1.960999147352871660e+04 1.961002083575733195e+04
5.147309640474717889e+04 5.223475362902707420e+05 5.882581154791645531e+04 2.478469687680271745e+05 3.637042330070970929e+05 5.882592216371036193e+04 8.905490474340641231e+04 2.547091876592213157e+04 5.147315909069294139e+04 5.882571792207836552e+04 4.166913208634504554e+04 5.882542341459296586e+04 5.147318930439741234e+04 5.453687045745499199e+04 5.882600172465270589e+04 3.910859741658339772e+04 1.679686235623565735e+05 5.882558369729599508e+04 5.882604476017165143e+04 5.882588493872168328e+04 5.147321825565693143e+04 8.479811685250175287e+03 3.256553911474993947e+04 5.882603761523683352e+04 5.882607197072152485e+04
2.462882802624309261e+04 5.321514202861333033e+05 3.851768164503698790e+04 2.478469041504195775e+05 3.637042153824997367e+05 3.851771648643489607e+04 1.003760652687074326e+05 8.697332754195684174e+03 2.871392739052966499e+04 3.851759198239104444e+04 9.105810586354786210e+03 3.851719107354327571e+04 2.871395254665388347e+04 3.279887211414491321e+04 3.851777121109375730e+04 5.659915394913974160e+04 1.704132410918347887e+05 3.851743120838440518e+04 3.851778704280330567e+04 3.851767405857292761e+04 2.871394668323478618e+04 3.256553911474993947e+04 1.301845048669836842e+03 3.851779420202710753e+04 3.851784113925587735e+04
1.961002747629643272e+04 5.419552501957751811e+05 1.876684503240730217e+00 2.576505913883208705e+05 3.735080086987674003e+05 1.838023512885557542e+00 1.192835033353142353e+05 4.435353301114599890e+04 1.960998284128578962e+04 1.905426371401673702e+00 2.941405427441368738e+04 1.474157036253538333e+00 1.961001948082746094e+04 1.143995565445594730e+04 1.960364066684586293e+00 7.550659492654663336e+04 1.841185097723960644e+05 1.795781439099802590e+00 1.955452561751036544e+00 1.923202343728250829e+00 1.960999147352871660e+04 5.882603761523684807e+04 3.851779420202710753e+04 1.119252970260471214e+00 2.028370989984223716e+00
1.961008800002946373e+04 5.419552602129732259e+05 1.969510266986515434e+00 2.576506309168334119e+05 3.735080028752369690e+05 1.960483372959639148e+00 1.192835188687498157e+05 4.435359002432862326e+04 1.960997272069051542e+04 1.877190189499166051e+00 2.941409795061049954e+04 1.491689532731818923e+00 1.961003782543130001e+04 1.143989616463610218e+04 1.920046604407825708e+00 7.550662720354246267e+04 1.841185370780876838e+05 1.848919501045519276e+00 2.015462750350268895e+00 1.948618284229870934e+00 1.961002083575733195e+04 5.882607197072152485e+04 3.851784113925587735e+04 2.028370989984223272e+00 1.188555158678277213e+00
