4.261811088280663171e+03 5.683649694723963330e+04 1.626240110368319147e+05 3.977464320282292465e+04 3.977449196261577890e+04 2.722768214913047268e+05 3.977436235396510892e+04 3.977444209771141323e+04 3.977456709597001463e+04 3.977398062814537843e+04 3.285906937441356422e+04 6.008081057915796919e+03 3.977432474088080926e+04 3.977463466031620919e+04 3.977462583156739129e+04 9.204717178024632449e+04 1.932310836158811871e+05 3.977465938390786323e+04 1.213458370667476993e+05 1.923064040542505245e+04 3.977459987788282888e+04 3.977416286398441298e+04 2.980131703761015087e+05 3.977464411513895902e+04 2.391003762282854295e+05
5.683649694723963330e+04 1.885426249737995749e+04 1.367506630621578370e+05 8.901697055379806261e+04 8.901685777277001762e+04 2.618872798802492907e+05 8.901667612071207259e+04 8.901699318396241870e+04 8.901694472560056602e+04 8.901638252904056571e+04 8.549053060606587678e+04 6.247207378067736863e+04 8.901668844095987151e+04 8.901701843000353256e+04 8.901704400295030791e+04 4.300450849140103674e+04 1.763450361127193028e+05 8.901700654746436339e+04 8.370528877653020027e+04 3.760726559419010300e+04 8.901696363481077424e+04 8.901654203274956672e+04 2.876234459097033832e+05 8.901699678514096013e+04 2.287107679020814248e+05
1.626240110368319147e+05 1.367506630621578370e+05 2.567643178325815461e+04 1.751239895051157509e+05 1.751238745178982499e+05 1.886201485605001799e+05 1.751237537722170237e+05 1.751240638408835221e+05 1.751239012262178876e+05 1.751235336811411544e+05 1.741140752590993943e+05 1.660331376147583069e+05 1.751236881578791363e+05 1.751239181803475658e+05 1.751240381221509888e+05 1.084572848823809618e+05 6.879391326698201010e+04 1.751239860284114257e+05 6.608670551202940987e+04 1.539120019622994878e+05 1.751241638580579020e+05 1.751236568917535187e+05 2.143564403080852935e+05 1.751240408241711266e+05 1.469543871456699271e+05
3.977464320282292465e+04 8.901697055379806261e+04 1.751239895051157509e+05 4.279093586044692143e-01 1.563370882626623271e+00 2.813675357061814866e+05 1.520069692449887322e+00 1.573875480599003396e+00 1.449603359480882370e+00 1.137555887078295580e+00 6.917202218907759743e+03 3.376801147568363376e+04 1.480873161096160739e+00 1.435799206863428878e+00 1.602811314712331514e+00 1.136382775424551655e+05 2.053047409325506887e+05 1.453389777335247324e+00 1.378862074306100840e+05 5.900370577355004934e+04 1.683210815587615983e+00 1.330549129236756167e+00 3.071038675178388366e+05 1.382688335994085582e+00 2.481910161923869746e+05
3.977449196261577890e+04 8.901685777277001762e+04 1.751238745178982499e+05 1.563370882626623271e+00 4.186022329627907546e-01 2.813673361959712929e+05 1.006169043129958807e+00 1.632786592426431094e+00 1.158881042432869046e+00 8.970626517548496714e-01 6.917007007106538367e+03 3.376795038696053234e+04 1.115706125483434619e+00 1.351891438589629679e+00 1.628872278765238102e+00 1.136379821352851141e+05 2.053044911269517324e+05 1.403847773081114525e+00 1.378860908882642689e+05 5.900355109705735231e+04 1.661643968611995925e+00 1.053325791095589103e+00 3.071035596769207623e+05 1.579044182706222932e+00 2.481907997619348171e+05
2.722768214913047268e+05 2.618872798802492907e+05 1.886201485605001799e+05 2.813675357061814866e+05 2.813673361959712929e+05 2.164631755954311302e+04 2.813672596213533543e+05 2.813675945244290633e+05 2.813673382814386860e+05 2.813672285969784716e+05 2.803576286851600744e+05 2.722767813464264036e+05 2.813672726972536766e+05 2.813674487300851615e+05 2.813676537996385014e+05 2.495495642923093692e+05 1.529501272975150787e+05 2.813674925871861051e+05 2.207617616317222128e+05 2.692464612306299969e+05 2.813676318789282232e+05 2.813672605153589393e+05 7.515428245684887224e+04 2.813676159990409506e+05 7.788772962885924790e+04
3.977436235396510892e+04 8.901667612071207259e+04 1.751237537722170237e+05 1.520069692449887322e+00 1.006169043129958807e+00 2.813672596213533543e+05 3.387944351739101689e-01 1.532113833003160508e+00 1.283538221678818925e+00 8.531533033669803645e-01 6.916965178328110596e+03 3.376787112977213110e+04 9.316676787665058024e-01 1.461491589767083266e+00 1.641884681427572046e+00 1.136379053882177395e+05 2.053044748387380678e+05 1.500439003411477623e+00 1.378859359621276963e+05 5.900340002978255507e+04 1.675029126948944347e+00 1.004732441739001780e+00 3.071036412539097946e+05 1.573913255805844624e+00 2.481908414266467444e+05
3.977444209771141323e+04 8.901699318396241870e+04 1.751240638408835221e+05 1.573875480599003396e+00 1.632786592426431094e+00 2.813675945244290633e+05 1.532113833003160508e+00 4.186382222586278457e-01 1.569390284349196474e+00 1.152773770528531916e+00 6.917028811254053835e+03 3.376803688724552921e+04 1.544520283292354357e+00 1.640508731640873963e+00 1.602357215919756994e+00 1.136382106909472059e+05 2.053048123873124714e+05 1.658625658495275212e+00 1.378862416807024274e+05 5.900369622930351034e+04 1.643416079743308833e+00 1.379387990813898401e+00 3.071039240840011043e+05 1.583778675346225295e+00 2.481911657062749437e+05
3.977456709597001463e+04 8.901694472560056602e+04 1.751239012262178876e+05 1.449603359480882370e+00 1.158881042432869046e+00 2.813673382814386860e+05 1.283538221678818925e+00 1.569390284349196474e+00 3.846269632693867235e-01 1.012263422338071317e+00 6.917074157413387184e+03 3.376803114743051992e+04 1.334361200655147073e+00 1.265151364296697833e+00 1.756644533297530453e+00 1.136381424185009382e+05 2.053045843551272992e+05 1.374463419227934136e+00 1.378861618530046835e+05 5.900359427981506451e+04 1.750378107479665601e+00 1.190302104414027173e+00 3.071036032861441490e+05 1.568378574104231316e+00 2.481909447303621564e+05
3.977398062814537843e+04 8.901638252904056571e+04 1.751235336811411544e+05 1.137555887078295580e+00 8.970626517548496714e-01 2.813672285969784716e+05 8.531533033669803645e-01 1.152773770528531916e+00 1.012263422338071317e+00 1.473359653838003103e-01 6.916505178714302929e+03 3.376741637988455477e+04 6.634223025503450666e-01 1.053183281173105446e+00 1.145327889085878681e+00 1.136375946948010824e+05 2.053043674964164966e+05 1.068441920518858446e+00 1.378857219102183881e+05 5.900306351516686118e+04 1.180248770609300113e+00 4.265961365527702887e-01 3.071034596490586991e+05 1.097693034000972734e+00 2.481907058350387379e+05
3.285906937441356422e+04 8.549053060606587678e+04 1.741140752590993943e+05 6.917202218907759743e+03 6.917007007106538367e+03 2.803576286851600744e+05 6.916965178328110596e+03 6.917028811254053835e+03 6.917074157413387184e+03 6.916505178714302929e+03 8.110540377113533395e+03 2.685245494871515257e+04 6.916844254568569340e+03 6.917152308437235661e+03 6.917012570410663102e+03 1.116179923201026395e+05 2.042947838418640895e+05 6.917027647603766127e+03 1.364272725139625836e+05 5.208821459299935668e+04 6.916978727351794987e+03 6.916665733931677096e+03 3.060938991845684941e+05 6.917013278382399221e+03 2.471810859957559442e+05
6.008081057915796919e+03 6.247207378067736863e+04 1.660331376147583069e+05 3.376801147568363376e+04 3.376795038696053234e+04 2.722767813464264036e+05 3.376787112977213110e+04 3.376803688724552921e+04 3.376803114743051992e+04 3.376741637988455477e+04 2.685245494871514893e+04 3.711041067556389407e+03 3.376778376955419662e+04 3.376808960745309741e+04 3.376796117796392355e+04 9.545629743980529020e+04 1.962139657674145419e+05 3.376805769608917763e+04 1.247548956946446269e+05 2.523729241751652080e+04 3.376800432272219768e+04 3.376758758976085664e+04 2.980131472847988480e+05 3.376811775191695051e+04 2.391003006537297042e+05
3.977432474088080926e+04 8.901668844095987151e+04 1.751236881578791363e+05 1.480873161096160739e+00 1.115706125483434619e+00 2.813672726972536766e+05 9.316676787665059134e-01 1.544520283292354357e+00 1.334361200655147073e+00 6.634223025503450666e-01 6.916844254568569340e+03 3.376778376955419662e+04 3.917331017885486433e-01 1.323461810683792983e+00 1.472394737815639454e+00 1.136378373103853664e+05 2.053044570354468888e+05 1.355834208147881359e+00 1.378859328173933318e+05 5.900335864170373679e+04 1.534429773586788004e+00 7.261960747275053585e-01 3.071035373470361810e+05 1.422053339614371081e+00 2.481907530237473838e+05
3.977463466031620919e+04 8.901701843000353256e+04 1.751239181803475658e+05 1.435799206863429101e+00 1.351891438589629679e+00 2.813674487300851615e+05 1.461491589767083266e+00 1.640508731640873963e+00 1.265151364296697833e+00 1.053183281173105446e+00 6.917152308437236570e+03 3.376808960745309741e+04 1.323461810683792983e+00 4.266735248301317118e-01 1.657704322163888522e+00 1.136381192474717827e+05 2.053045613608620770e+05 1.351005868007309818e+00 1.378862657625402207e+05 5.900369133437910205e+04 1.690059932924700137e+00 1.204014816656911346e+00 3.071036287592918379e+05 1.533998952636325130e+00 2.481909270762705710e+05
3.977462583156739129e+04 8.901704400295030791e+04 1.751240381221509888e+05 1.602811314712331514e+00 1.628872278765238102e+00 2.813676537996385014e+05 1.641884681427572046e+00 1.602357215919756994e+00 1.756644533297530453e+00 1.145327889085878681e+00 6.917012570410664011e+03 3.376796117796392355e+04 1.472394737815639454e+00 1.657704322163888522e+00 4.265176699172055219e-01 1.136382283357515989e+05 2.053048287663756055e+05 1.646163668963639193e+00 1.378863166337308066e+05 5.900365517095835094e+04 1.588725909819792115e+00 1.300085814326803035e+00 3.071039091520649381e+05 1.608530447624324289e+00 2.481911445811183949e+05
9.204717178024632449e+04 4.300450849140103674e+04 1.084572848823809618e+05 1.136382775424551655e+05 1.136379821352851141e+05 2.495495642923093692e+05 1.136379053882177250e+05 1.136382106909472059e+05 1.136381424185009382e+05 1.136375946948010824e+05 1.116179923201026395e+05 9.545629743980529020e+04 1.136378373103853664e+05 1.136381192474717827e+05 1.136382283357515989e+05 6.818596764866569174e+03 1.602375802070310456e+05 1.136382235896995553e+05 5.081363171424068423e+04 7.281807316857836850e+04 1.136381589305423986e+05 1.136377054044447432e+05 2.752858381136897951e+05 1.136382602572531760e+05 2.163730813474665629e+05
1.932310836158811871e+05 1.763450361127193028e+05 6.879391326698202465e+04 2.053047409325506887e+05 2.053044911269517615e+05 1.529501272975150787e+05 2.053044748387380678e+05 2.053048123873124423e+05 2.053045843551272992e+05 2.053043674964164966e+05 2.042947838418641477e+05 1.962139657674145419e+05 2.053044570354468888e+05 2.053045613608620770e+05 2.053048287663756055e+05 1.602375802070310456e+05 2.620949797239553300e+04 2.053046466229531798e+05 1.183432098534468532e+05 1.852292092260899371e+05 2.053048960362261278e+05 2.053044434575325577e+05 1.786863664203049557e+05 2.053047401292556315e+05 1.029537804115972685e+05
3.977465938390786323e+04 8.901700654746436339e+04 1.751239860284114548e+05 1.453389777335247324e+00 1.403847773081114747e+00 2.813674925871861633e+05 1.500439003411477623e+00 1.658625658495275212e+00 1.374463419227934136e+00 1.068441920518858668e+00 6.917027647603767036e+03 3.376805769608917763e+04 1.355834208147881359e+00 1.351005868007309818e+00 1.646163668963639193e+00 1.136382235896995553e+05 2.053046466229532380e+05 4.148458852356905480e-01 1.378862399151121790e+05 5.900368305695356685e+04 1.711679777118802814e+00 1.218586857957721037e+00 3.071037088072742335e+05 1.412956072377548278e+00 2.481910222686288762e+05
1.213458370667476993e+05 8.370528877653020027e+04 6.608670551202940987e+04 1.378862074306100840e+05 1.378860908882642398e+05 2.207617616317222128e+05 1.378859359621276963e+05 1.378862416807024274e+05 1.378861618530046835e+05 1.378857219102184172e+05 1.364272725139626127e+05 1.247548956946446269e+05 1.378859328173933027e+05 1.378862657625402207e+05 1.378863166337308066e+05 5.081363171424069151e+04 1.183432098534468823e+05 1.378862399151121790e+05 2.479808776624803431e+04 1.104060924349059933e+05 1.378862403183158603e+05 1.378858101119700586e+05 2.464980334861225274e+05 1.378863313530850282e+05 1.859910316669492458e+05
1.923064040542505245e+04 3.760726559419010300e+04 1.539120019622994878e+05 5.900370577355004207e+04 5.900355109705735231e+04 2.692464612306299387e+05 5.900340002978255507e+04 5.900369622930351034e+04 5.900359427981504996e+04 5.900306351516685390e+04 5.208821459299935668e+04 2.523729241751652080e+04 5.900335864170372952e+04 5.900369133437910205e+04 5.900365517095835094e+04 7.281807316857836850e+04 1.852292092260899371e+05 5.900368305695356685e+04 1.104060924349059933e+05 1.072362978192367154e+04 5.900369881046623777e+04 5.900321345497247967e+04 2.949827045165302698e+05 5.900374444836145994e+04 2.360700818512526166e+05
3.977459987788282888e+04 8.901696363481077424e+04 1.751241638580579311e+05 1.683210815587615983e+00 1.661643968611995925e+00 2.813676318789282232e+05 1.675029126948944347e+00 1.643416079743308833e+00 1.750378107479665601e+00 1.180248770609300113e+00 6.916978727351794987e+03 3.376800432272219768e+04 1.534429773586787782e+00 1.690059932924700137e+00 1.588725909819792115e+00 1.136381589305423986e+05 2.053048960362261278e+05 1.711679777118802814e+00 1.378862403183158895e+05 5.900369881046623777e+04 4.295035628305603481e-01 1.321194278769174391e+00 3.071039100061683566e+05 1.726103331336022340e+00 2.481911537846104475e+05
3.977416286398441298e+04 8.901654203274956672e+04 1.751236568917535478e+05 1.330549129236756167e+00 1.053325791095589103e+00 2.813672605153589393e+05 1.004732441739001780e+00 1.379387990813898401e+00 1.190302104414027173e+00 4.265961365527702887e-01 6.916665733931678005e+03 3.376758758976085664e+04 7.261960747275053585e-01 1.204014816656911346e+00 1.300085814326803035e+00 1.136377054044447432e+05 2.053044434575325577e+05 1.218586857957721037e+00 1.378858101119700586e+05 5.900321345497248694e+04 1.321194278769174391e+00 3.095762247941880596e-01 3.071035069913285552e+05 1.300169877538623897e+00 2.481907661883445107e+05
2.980131703761015087e+05 2.876234459097033832e+05 2.143564403080852935e+05 3.071038675178388366e+05 3.071035596769207623e+05 7.515428245684887224e+04 3.071036412539097946e+05 3.071039240840011043e+05 3.071036032861441490e+05 3.071034596490586991e+05 3.060938991845684941e+05 2.980131472847988480e+05 3.071035373470361810e+05 3.071036287592918379e+05 3.071039091520649381e+05 2.752858381136897951e+05 1.786863664203049557e+05 3.071037088072742335e+05 2.464980334861225274e+05 2.949827045165302698e+05 3.071039100061683566e+05 3.071035069913285552e+05 2.534872601265576304e+04 3.071038555289395736e+05 1.029170877602501278e+05
3.977464411513895902e+04 8.901699678514096013e+04 1.751240408241711266e+05 1.382688335994085582e+00 1.579044182706222932e+00 2.813676159990409506e+05 1.573913255805844624e+00 1.583778675346225295e+00 1.568378574104231316e+00 1.097693034000972734e+00 6.917013278382399221e+03 3.376811775191695051e+04 1.422053339614371081e+00 1.533998952636325130e+00 1.608530447624324289e+00 1.136382602572531760e+05 2.053047401292556315e+05 1.412956072377548278e+00 1.378863313530849991e+05 5.900374444836145994e+04 1.726103331336022340e+00 1.300169877538623897e+00 3.071038555289395736e+05 4.204704449432181135e-01 2.481910549981145596e+05
2.391003762282854295e+05 2.287107679020814539e+05 1.469543871456699271e+05 2.481910161923869746e+05 2.481907997619348171e+05 7.788772962885923334e+04 2.481908414266467444e+05 2.481911657062749437e+05 2.481909447303621564e+05 2.481907058350387379e+05 2.471810859957559442e+05 2.391003006537297042e+05 2.481907530237473838e+05 2.481909270762705710e+05 2.481911445811183949e+05 2.163730813474665629e+05 1.029537804115972685e+05 2.481910222686288762e+05 1.859910316669492167e+05 2.360700818512526748e+05 2.481911537846104475e+05 2.481907661883445107e+05 1.029170877602501278e+05 2.481910549981145596e+05 3.126117200888515799e+04
