6.434350118987142650e+02 3.726062205946973700e+04 3.481358014326398802e+02 9.089022018985187970e+03 3.483583448161531351e+02 3.486297925709405945e+02 3.486283792359439531e+02 1.669316854823384201e+05 3.948073753197600599e+05 3.485328817503711321e+02 5.701691564388151892e+04 3.486428692347820970e+02 3.485615914848499983e+02 1.774106433725556781e+04 2.037739389936955413e+05 3.167316370227351581e+04 2.392772877740829426e+05 3.045252199245595839e+05 7.988190195390293957e+04 3.486293906893541816e+02 4.718676855453880307e+03 1.211418678044202243e+05 1.026144478426118294e+05 3.485248490541175101e+02 4.453471230715970705e+03
3.726062205946973700e+04 6.803436135285203818e+03 3.726000686480008153e+04 3.275799601567670106e+04 3.726023581971800013e+04 3.726043425323648262e+04 3.726044152048083924e+04 1.550033123808338132e+05 3.806565199417065596e+05 3.726036538817550172e+04 3.193231235249757083e+04 3.726054181370376318e+04 3.726057060485298280e+04 2.466729968577210457e+04 1.927922836753038282e+05 9.612858623732206979e+03 2.298434488605315564e+05 2.950913822447769344e+05 5.737218319790415990e+04 3.726058114688313799e+04 3.726065277607605822e+04 1.078426077724825300e+05 8.661672338185562694e+04 3.726059591073474439e+04 3.726061242763637711e+04
3.481358014326398802e+02 3.726000686480008153e+04 3.865739676729669227e-01 9.435297715630627863e+03 7.539148114854179461e-01 1.048394069362878156e+00 1.132319669186232058e+00 1.669311926895282522e+05 3.948069795370055363e+05 9.468916000315378279e-01 5.701623773318086751e+04 1.170843004299238821e+00 1.253332745289763572e+00 1.774042812548557777e+04 2.037734558716768224e+05 3.167254487632415112e+04 2.392768759263351676e+05 3.045247878671181388e+05 7.988130144273716724e+04 1.249236803833387865e+00 4.718316470729596404e+03 1.211412811992932548e+05 1.026138730457771308e+05 1.266895841903505682e+00 4.718285365350175198e+03
9.089022018985187970e+03 3.275799601567670106e+04 9.435297715630627863e+03 4.717767094987626479e+03 9.435566785975473977e+03 9.435783519532151331e+03 9.435827033943924107e+03 1.645733130631839449e+05 3.924489239895783248e+05 9.435693488457009153e+03 5.465829706248305592e+04 9.435877435740720102e+03 9.435925189148649224e+03 1.302376978924062496e+04 2.014155355796172516e+05 2.695607500782675197e+04 2.369189335144256474e+05 3.021667587447895203e+05 7.752342546265324927e+04 9.435889733113030161e+03 9.435861412068101345e+03 1.187833828641979781e+05 1.002560093981207756e+05 9.435913474055183542e+03 5.828653737945672219e+03
3.483583448161530782e+02 3.726023581971799285e+04 7.539148114854179461e-01 9.435566785975473977e+03 5.721347256929092406e-01 1.223154798881043170e+00 1.335498692995222392e+00 1.669312941017699486e+05 3.948070582972966367e+05 1.098523467471943071e+00 5.701641732386012154e+04 1.378051864037671326e+00 1.455265036062443063e+00 1.774068788010283606e+04 2.037735587000021769e+05 3.167280898517447349e+04 2.392769526425833465e+05 3.045248756174697191e+05 7.988146183039124298e+04 1.458775909518807534e+00 4.718548918365519057e+03 1.211414139676756604e+05 1.026140042425156571e+05 1.499899568450604903e+00 4.718543619456130727e+03
3.486297925709405945e+02 3.726043425323648262e+04 1.048394069362878156e+00 9.435783519532149512e+03 1.223154798881043170e+00 6.791062796499169885e-01 1.367440774479748766e+00 1.669314666039879085e+05 3.948071089559338288e+05 1.236745783648267594e+00 5.701665609233715804e+04 1.481735104420627502e+00 1.700351083918872908e+00 1.774090234951360981e+04 2.037736463415549661e+05 3.167302497684513946e+04 2.392770254703515093e+05 3.045249219471298275e+05 7.988170687313277449e+04 1.635610479538117668e+00 4.718778889126510876e+03 1.211416224907040596e+05 1.026142285251628637e+05 1.698871237717529015e+00 4.718788222794291869e+03
3.486283792359438962e+02 3.726044152048083924e+04 1.132319669186232058e+00 9.435827033943922288e+03 1.335498692995222170e+00 1.367440774479748766e+00 7.276374804815699537e-01 1.669315001765168272e+05 3.948071296529143001e+05 1.402187145310678673e+00 5.701674504082026397e+04 1.436872757720958349e+00 1.636122713957222974e+00 1.774095335207913377e+04 2.037737143490584276e+05 3.167302919558707072e+04 2.392770568931298330e+05 3.045249930273589562e+05 7.988175762296433095e+04 1.519260091022726078e+00 4.718829851363382659e+03 1.211416794701821927e+05 1.026143297349492786e+05 1.667225939800918155e+00 4.718823066689716143e+03
1.669316854823384201e+05 1.550033123808338132e+05 1.669311926895282522e+05 1.645733130631839449e+05 1.669312941017699486e+05 1.669314666039879085e+05 1.669315001765168272e+05 3.932101532195742766e+04 3.347280851843720302e+05 1.669313850261848129e+05 1.510969679319943534e+05 1.669315464635801618e+05 1.669316426222742593e+05 1.612999209597664885e+05 1.020614913651629322e+05 1.567721112083538901e+05 1.569740716589540825e+05 2.402308522207270144e+05 1.454092317078748601e+05 1.669315779251405038e+05 1.669317123724958219e+05 9.679563063475931995e+04 1.256038508715506032e+05 1.669316346676094399e+05 1.669317950715759944e+05
3.948073753197600599e+05 3.806565199417065596e+05 3.948069795370055363e+05 3.924489239895782084e+05 3.948070582972966367e+05 3.948071089559338288e+05 3.948071296529143001e+05 3.347280851843721466e+05 1.160795433625625592e+05 3.948070988778310129e+05 3.830755097561194561e+05 3.948071855966202565e+05 3.948073010611468926e+05 3.870264351991993608e+05 3.173470992769848672e+05 3.806565622035386041e+05 2.814913973575268174e+05 2.248329542885625269e+05 3.786350201370854629e+05 3.948072613661014475e+05 3.948074490920388489e+05 3.477434136076314026e+05 3.641471566095720045e+05 3.948072922915007803e+05 3.948073788297846913e+05
3.485328817503711321e+02 3.726036538817550172e+04 9.468916000315378279e-01 9.435693488457009153e+03 1.098523467471943071e+00 1.236745783648267594e+00 1.402187145310678673e+00 1.669313850261848129e+05 3.948070988778310129e+05 6.785191253070042006e-01 5.701658885697056394e+04 1.472771174505462355e+00 1.605514492856880082e+00 1.774080777521855271e+04 2.037735670822933316e+05 3.167290706006957771e+04 2.392769444539614196e+05 3.045248872875208035e+05 7.988161794261565956e+04 1.575739903346257353e+00 4.718713416574268194e+03 1.211415355515585543e+05 1.026141869446292840e+05 1.645947145398272138e+00 4.718722567503891696e+03
5.701691564388150437e+04 3.193231235249756355e+04 5.701623773318086751e+04 5.465829706248305592e+04 5.701641732386012154e+04 5.701665609233715804e+04 5.701674504082026397e+04 1.510969679319943534e+05 3.830755097561194561e+05 5.701658885697056394e+04 1.458258602992612032e+04 5.701676559757601353e+04 5.701683032993344386e+04 5.086089236747592804e+04 1.886404352241782472e+05 3.877082941807924362e+04 2.282711548211458139e+05 2.935190537624362041e+05 3.076855317048116194e+04 5.701684149086050456e+04 5.701685909836855717e+04 9.699586400157042954e+04 6.926364703727810411e+04 5.701686852889171132e+04 5.701685555200884119e+04
3.486428692347820402e+02 3.726054181370376318e+04 1.170843004299238821e+00 9.435877435740720102e+03 1.378051864037671326e+00 1.481735104420627502e+00 1.436872757720958793e+00 1.669315464635801618e+05 3.948071855966202565e+05 1.472771174505462355e+00 5.701676559757601353e+04 6.953449447284648643e-01 1.614204279234044748e+00 1.774100443722575073e+04 2.037737538933585456e+05 3.167310079764136390e+04 2.392771238528140530e+05 3.045250234858518234e+05 7.988184755644510733e+04 1.553729098910415996e+00 4.718853382930239604e+03 1.211417324345222878e+05 1.026143566865782341e+05 1.704833799466245914e+00 4.718832311235926682e+03
3.485615914848500552e+02 3.726057060485298280e+04 1.253332745289763350e+00 9.435925189148649224e+03 1.455265036062443507e+00 1.700351083918872908e+00 1.636122713957222974e+00 1.669316426222742593e+05 3.948073010611468926e+05 1.605514492856879860e+00 5.701683032993344386e+04 1.614204279234044748e+00 7.309472006987058901e-01 1.774102997435725410e+04 2.037738805486801139e+05 3.167310296629495861e+04 2.392772162248758832e+05 3.045251502008886309e+05 7.988185232920540147e+04 1.564077370366862008e+00 4.718819186875036394e+03 1.211417919318433851e+05 1.026144679344886099e+05 1.609643478088671698e+00 4.718869479935765412e+03
1.774106433725556781e+04 2.466729968577210457e+04 1.774042812548557777e+04 1.302376978924062496e+04 1.774068788010283606e+04 1.774090234951360981e+04 1.774095335207913377e+04 1.612999209597664885e+05 3.870264351991993026e+05 1.774080777521854907e+04 5.086089236747592804e+04 1.774100443722574710e+04 1.774102997435725410e+04 6.467372401391587118e+03 1.985328758900187968e+05 1.732877758514958987e+04 2.340363049827157520e+05 2.992842415091071161e+05 7.411673443848954048e+04 1.774105565185653177e+04 1.489697961356474298e+04 1.156678794940355147e+05 9.684926760656987608e+04 1.774103627648767360e+04 1.707176598712552368e+04
2.037739389936955413e+05 1.927922836753038282e+05 2.037734558716768806e+05 2.014155355796172516e+05 2.037735587000021769e+05 2.037736463415549661e+05 2.037737143490584567e+05 1.020614913651629322e+05 3.173470992769849254e+05 2.037735670822933607e+05 1.886404352241781889e+05 2.037737538933585747e+05 2.037738805486801139e+05 1.985328758900187968e+05 4.910880755797344318e+04 1.943400613310221815e+05 1.263158576062539360e+05 2.200112539456249506e+05 1.841481485306851973e+05 2.037738385856052337e+05 2.037740267763962911e+05 1.514218959897076129e+05 1.728847246938184544e+05 2.037739125995148497e+05 2.037739762916092004e+05
3.167316370227351581e+04 9.612858623732206979e+03 3.167254487632415112e+04 2.695607500782674833e+04 3.167280898517447349e+04 3.167302497684513946e+04 3.167302919558707072e+04 1.567721112083538901e+05 3.806565622035386041e+05 3.167290706006957407e+04 3.877082941807924362e+04 3.167310079764136390e+04 3.167310296629495861e+04 1.732877758514958987e+04 1.943400613310222398e+05 3.884664505679908871e+03 2.298434356837963569e+05 2.950913445141144912e+05 6.284299697642634419e+04 3.167315046548881946e+04 3.167316910960992391e+04 1.096114566034472809e+05 8.846357095018411928e+04 3.167310876920938608e+04 3.167319390673438465e+04
2.392772877740829426e+05 2.298434488605315855e+05 2.392768759263351676e+05 2.369189335144256474e+05 2.392769526425833174e+05 2.392770254703515093e+05 2.392770568931298039e+05 1.569740716589540825e+05 2.814913973575269338e+05 2.392769444539614196e+05 2.282711548211458139e+05 2.392771238528140530e+05 2.392772162248758832e+05 2.340363049827157520e+05 1.263158576062539069e+05 2.298434356837963569e+05 6.531842731981241377e+04 1.729115392884383909e+05 2.237787962342591200e+05 2.392771292908544710e+05 2.392773337639767269e+05 1.948744348521025677e+05 2.133340898646243731e+05 2.392772618568924954e+05 2.392773957929624012e+05
3.045252199245595839e+05 2.950913822447769344e+05 3.045247878671181388e+05 3.021667587447895203e+05 3.045248756174697774e+05 3.045249219471298275e+05 3.045249930273589562e+05 2.402308522207270435e+05 2.248329542885624687e+05 3.045248872875208035e+05 2.935190537624362041e+05 3.045250234858518234e+05 3.045251502008886309e+05 2.992842415091071744e+05 2.200112539456249506e+05 2.950913445141145494e+05 1.729115392884383909e+05 8.135997450014884816e+04 2.883529055787260295e+05 3.045250870289197774e+05 3.045253248602902167e+05 2.574613715277892770e+05 2.738650079905557795e+05 3.045251772307434003e+05 3.045252274439588073e+05
7.988190195390293957e+04 5.737218319790415990e+04 7.988130144273716724e+04 7.752342546265324927e+04 7.988146183039124298e+04 7.988170687313277449e+04 7.988175762296433095e+04 1.454092317078748601e+05 3.786350201370854629e+05 7.988161794261565956e+04 3.076855317048116194e+04 7.988184755644510733e+04 7.988185232920540147e+04 7.411673443848952593e+04 1.841481485306852264e+05 6.284299697642634419e+04 2.237787962342591200e+05 2.883529055787260295e+05 1.235770076033799705e+04 7.988182991540704097e+04 7.988189763621635211e+04 8.353960035915287153e+04 5.137575858414061076e+04 7.988189546681342472e+04 7.988191559971640527e+04
3.486293906893541816e+02 3.726058114688313799e+04 1.249236803833387865e+00 9.435889733113030161e+03 1.458775909518807534e+00 1.635610479538117668e+00 1.519260091022726078e+00 1.669315779251405038e+05 3.948072613661014475e+05 1.575739903346257353e+00 5.701684149086050456e+04 1.553729098910416440e+00 1.564077370366862008e+00 1.774105565185653541e+04 2.037738385856052337e+05 3.167315046548881946e+04 2.392771292908544710e+05 3.045250870289197774e+05 7.988182991540704097e+04 7.519324677469086948e-01 4.718848868130608025e+03 1.211417863140429836e+05 1.026144097077708575e+05 1.589626071993830214e+00 4.718868220704051964e+03
4.718676855453880307e+03 3.726065277607605822e+04 4.718316470729596404e+03 9.435861412068097707e+03 4.718548918365519057e+03 4.718778889126510876e+03 4.718829851363382659e+03 1.669317123724958219e+05 3.948074490920389071e+05 4.718713416574267285e+03 5.701685909836857172e+04 4.718853382930239604e+03 4.718819186875036394e+03 1.489697961356474480e+04 2.037740267763962911e+05 3.167316910960992391e+04 2.392773337639767560e+05 3.045253248602902167e+05 7.988189763621636666e+04 4.718848868130608025e+03 7.168039752643416973e-01 1.211418493428955262e+05 1.026145024394821812e+05 4.718877947145338112e+03 3.608831970210342206e+03
1.211418678044202243e+05 1.078426077724825300e+05 1.211412811992932548e+05 1.187833828641979781e+05 1.211414139676756604e+05 1.211416224907040596e+05 1.211416794701821927e+05 9.679563063475930539e+04 3.477434136076314026e+05 1.211415355515585543e+05 9.699586400157042954e+04 1.211417324345222878e+05 1.211417919318433851e+05 1.156678794940355147e+05 1.514218959897076129e+05 1.096114566034472809e+05 1.948744348521025677e+05 2.574613715277892770e+05 8.353960035915287153e+04 1.211417863140429836e+05 1.211418493428955262e+05 2.959830968622842920e+04 4.956321815712550597e+04 1.211418087294437428e+05 1.211418679536371637e+05
1.026144478426118294e+05 8.661672338185561239e+04 1.026138730457771308e+05 1.002560093981207756e+05 1.026140042425156571e+05 1.026142285251628637e+05 1.026143297349492786e+05 1.256038508715506177e+05 3.641471566095719463e+05 1.026141869446292840e+05 6.926364703727810411e+04 1.026143566865782341e+05 1.026144679344885953e+05 9.684926760656987608e+04 1.728847246938184835e+05 8.846357095018411928e+04 2.133340898646244023e+05 2.738650079905557795e+05 5.137575858414061076e+04 1.026144097077708575e+05 1.026145024394821812e+05 4.956321815712550597e+04 1.174901057767264501e+04 1.026144721997627203e+05 1.026144522829554335e+05
3.485248490541173965e+02 3.726059591073474439e+04 1.266895841903505682e+00 9.435913474055183542e+03 1.499899568450604903e+00 1.698871237717529015e+00 1.667225939800918155e+00 1.669316346676094399e+05 3.948072922915007803e+05 1.645947145398272138e+00 5.701686852889171132e+04 1.704833799466245692e+00 1.609643478088671698e+00 1.774103627648767724e+04 2.037739125995147915e+05 3.167310876920938608e+04 2.392772618568924954e+05 3.045251772307434003e+05 7.988189546681342472e+04 1.589626071993830214e+00 4.718877947145338112e+03 1.211418087294437428e+05 1.026144721997627348e+05 7.751035878444780813e-01 4.718833766938327244e+03
4.453471230715969796e+03 3.726061242763637711e+04 4.718285365350175198e+03 5.828653737945672219e+03 4.718543619456130727e+03 4.718788222794291869e+03 4.718823066689716143e+03 1.669317950715759944e+05 3.948073788297847495e+05 4.718722567503889877e+03 5.701685555200884119e+04 4.718832311235925772e+03 4.718869479935764502e+03 1.707176598712552368e+04 2.037739762916092004e+05 3.167319390673438465e+04 2.392773957929624012e+05 3.045252274439588073e+05 7.988191559971640527e+04 4.718868220704050145e+03 3.608831970210343115e+03 1.211418679536371637e+05 1.026144522829554335e+05 4.718833766938327244e+03 1.698285425743072210e+03
