1.160738968996045228e+00 3.409300473535476340e+04 9.675628479755703302e+04 3.409288303253192134e+04 1.019593124701489614e+04 3.409305260836604430e+04 2.088246416290974594e+05 1.835127827849951063e+04 3.409311313024024275e+04 3.409301095806520607e+04 5.224021747266892635e+04 2.272941280698433184e+04 3.409316932399051439e+04 3.409311777165110834e+04 3.137374740234565106e+05 8.884546707754563249e+04 1.492932433479062165e+05 3.409248102175332315e+04 6.980754265245793795e+04 4.792607070753717562e+05 3.409316997465181339e+04 3.409295318076497642e+04 1.864692660836206051e+05 3.409310085370854358e+04 3.409303324542834889e+04
3.409300473535476340e+04 1.029289992763157802e+00 1.081196751232731767e+05 1.614026858606256942e+00 3.409295834030386322e+04 1.907796516909820994e+00 2.201879271268825978e+05 4.004546630930349784e+04 1.930127036827229636e+00 1.773098228260053588e+00 6.360371004255977459e+04 2.272931171457707387e+04 1.136566681802048515e+04 1.909823602444184365e+00 3.251007880900409655e+05 1.002088136248731171e+05 1.606566324431867106e+05 1.351614822878309807e+00 8.117099892263115908e+04 4.906240609451130149e+05 1.136568755360354589e+04 1.640804852850716422e+00 1.978325387632054626e+05 8.375841271464025795e+02 1.828924052773824860e+00
9.675628479755703302e+04 1.081196751232731767e+05 3.461030268447953131e+04 1.081193799726590078e+05 9.675624862467423372e+04 1.081197789233689546e+05 1.974611914341734082e+05 9.165427310833582305e+04 1.081197723437660752e+05 1.081196582364195492e+05 8.170298551138234325e+04 1.024381202632539644e+05 1.081199616280176269e+05 1.081197456168818171e+05 3.023739756839422625e+05 6.075756172298113961e+04 1.011303532568713417e+05 1.081192317216545925e+05 8.643912382784020156e+04 4.678971741765873739e+05 1.081199313855949586e+05 1.081195706633504597e+05 1.693211338034211949e+05 1.081198700195304264e+05 1.081197141108158830e+05
3.409288303253192134e+04 1.614026858606256942e+00 1.081193799726590078e+05 9.238187352634247285e-01 3.409280106901787804e+04 1.724303262615781041e+00 2.201878043304011808e+05 4.004530920075253380e+04 1.757546233865359575e+00 1.646210874030046956e+00 6.360351969141600421e+04 2.272919279523085424e+04 1.136553207058371299e+04 1.731234883387946288e+00 3.251007184501513839e+05 1.002085669355546270e+05 1.606563273574871419e+05 1.132476590934467842e+00 8.117077586556362803e+04 4.906239813798558898e+05 1.136546245669138625e+04 1.520334502278733124e+00 1.978324229631490598e+05 8.373766003168522047e+02 1.689576360115534470e+00
1.019593124701489796e+04 3.409295834030386322e+04 9.675624862467423372e+04 3.409280106901787804e+04 3.220529122944014944e+03 3.409302382558576937e+04 2.088246084369824966e+05 1.768287967480010411e+04 3.409306810701147333e+04 3.409297709018702881e+04 5.224019923078374995e+04 1.320388193579707695e+04 3.409312777572472260e+04 3.409306799169094302e+04 3.137374378687102580e+05 8.884539646748086670e+04 1.492932142722429999e+05 3.409243522966390447e+04 6.980748057357585640e+04 4.792606921260812669e+05 3.409313599847677688e+04 3.409289057424371276e+04 1.864692476913342252e+05 3.406355202972303960e+04 3.409302452860769699e+04
3.409305260836604430e+04 1.907796516909820772e+00 1.081197789233689546e+05 1.724303262615780818e+00 3.409302382558576937e+04 1.082733171427248786e+00 2.201880956852329546e+05 4.004546537837437063e+04 1.935837053114589645e+00 1.913758538971911838e+00 6.360378150527078105e+04 2.272938734307201958e+04 1.136572275940280269e+04 1.888280131022016750e+00 3.251009508989749011e+05 1.002088780588808295e+05 1.606566845563660027e+05 1.393451407403433207e+00 8.117104386340311612e+04 4.906241781225770828e+05 1.136574163334733203e+04 1.844597008479920142e+00 1.978326635365371185e+05 8.377030035941886581e+02 1.881552232885402853e+00
2.088246416290974594e+05 2.201879271268825978e+05 1.974611914341734082e+05 2.201878043304011808e+05 2.088246084369824966e+05 2.201880956852329255e+05 8.854259611133261933e+04 2.088247048302103067e+05 2.201881392370750254e+05 2.201880070092345704e+05 2.088247938270021405e+05 2.145064706593386945e+05 2.201882842933639768e+05 2.201881266739525308e+05 2.426005240133414045e+05 1.974612154076824954e+05 1.858505291491357493e+05 2.201877012019108515e+05 2.072014451940885046e+05 4.435662421668121242e+05 2.201882550022269716e+05 2.201878451048992283e+05 1.431437496904654254e+05 2.201882181029257481e+05 2.201880863666655205e+05
1.835127827849951063e+04 4.004546630930351239e+04 9.165427310833582305e+04 4.004530920075253380e+04 1.768287967480010047e+04 4.004546537837437063e+04 2.088247048302103067e+05 7.548459982688782475e+03 4.004554077944521850e+04 4.004543519372381706e+04 4.525463151210489741e+04 2.919846347498336763e+04 4.004568263819047570e+04 4.004553820816545340e+04 3.137374971633271780e+05 8.865762470892319106e+04 1.492932333928656299e+05 4.004494746301579289e+04 6.877444245969277108e+04 4.792606483481677133e+05 4.004568761957531387e+04 4.004542072625901346e+04 1.864692948134009494e+05 3.954427514355885069e+04 4.004549402969289076e+04
3.409311313024024275e+04 1.930127036827229414e+00 1.081197723437660752e+05 1.757546233865359353e+00 3.409306810701147333e+04 1.935837053114589423e+00 2.201881392370750254e+05 4.004554077944521850e+04 1.101151921359061259e+00 1.928224401972925106e+00 6.360384397116961918e+04 2.272942248616515280e+04 1.136577142181765885e+04 1.912074432975418459e+00 3.251009892032244243e+05 1.002089524983075680e+05 1.606567538445327373e+05 1.423536399618875237e+00 8.117114463838243682e+04 4.906242240989615093e+05 1.136570655733652347e+04 1.847109761108652659e+00 1.978327698076369124e+05 8.376647510843746431e+02 1.988638085590208160e+00
3.409301095806520607e+04 1.773098228260053366e+00 1.081196582364195492e+05 1.646210874030046956e+00 3.409297709018702881e+04 1.913758538971911838e+00 2.201880070092345704e+05 4.004543519372381706e+04 1.928224401972924884e+00 1.100899161328133147e+00 6.360374162545341096e+04 2.272932163833871891e+04 1.136572809388230598e+04 1.912504184934097795e+00 3.251008342040049029e+05 1.002088689958884497e+05 1.606565783979998960e+05 1.361922331052745072e+00 8.117102763467919431e+04 4.906240597416879609e+05 1.136570117533489611e+04 1.768082581358934702e+00 1.978325694296432193e+05 8.375908035581935565e+02 1.813154215790745205e+00
5.224021747266892635e+04 6.360371004255976732e+04 8.170298551138234325e+04 6.360351969141599693e+04 5.224019923078374268e+04 6.360378150527078105e+04 2.088247938270021405e+05 4.525463151210489741e+04 6.360384397116961190e+04 6.360374162545341096e+04 1.876754009670969390e+04 5.792206223136843619e+04 6.192790600326186541e+04 6.360383632237634447e+04 3.137375667225731886e+05 8.078430391808631248e+04 1.492933108274084225e+05 6.360325341027507966e+04 4.516611196357235167e+04 4.792607072799031157e+05 6.360393663378241763e+04 6.360367497226718842e+04 1.864693607068917772e+05 6.329911083512156620e+04 6.360373758542128780e+04
2.272941280698433184e+04 2.272931171457707387e+04 1.024381202632539498e+05 2.272919279523085424e+04 1.320388193579707877e+04 2.272938734307201594e+04 2.145064706593386363e+05 2.919846347498336763e+04 2.272942248616515280e+04 2.272932163833871891e+04 5.792206223136844346e+04 1.136478498323402164e+04 2.272935308507351510e+04 2.272942851111621712e+04 3.194192771683375468e+05 9.452729573076192173e+04 1.549750692035959510e+05 2.272878792532261286e+04 7.548943183930618397e+04 4.849425073881302378e+05 2.272938574156201867e+04 2.272925044901509318e+04 1.921510781434813980e+05 2.272938357876303053e+04 2.272938278213514786e+04
3.409316932399051439e+04 1.136566681802048515e+04 1.081199616280176269e+05 1.136553207058371299e+04 3.409312777572471532e+04 1.136572275940280088e+04 2.201882842933639768e+05 4.004568263819047570e+04 1.136577142181765703e+04 1.136572809388230598e+04 6.192790600326187268e+04 2.272935308507351510e+04 3.082936938447053763e+03 1.136570466482917254e+04 3.251011109795809025e+05 1.002090941547179391e+05 1.606568913341967855e+05 1.136518260288718193e+04 8.117128695224458352e+04 4.906242995686267386e+05 1.840247024832453235e+03 1.136565287743512999e+04 1.978329000657956931e+05 1.131162564348322485e+04 1.136573447131293869e+04
3.409311777165110834e+04 1.909823602444184365e+00 1.081197456168818171e+05 1.731234883387946288e+00 3.409306799169094302e+04 1.888280131022016750e+00 2.201881266739525308e+05 4.004553820816545340e+04 1.912074432975418681e+00 1.912504184934097795e+00 6.360383632237634447e+04 2.272942851111621712e+04 1.136570466482917254e+04 1.101969699846288231e+00 3.251009653410203173e+05 1.002089021384995576e+05 1.606566995643428527e+05 1.432925434002600085e+00 8.117111951088286878e+04 4.906242014060803340e+05 1.136573006451308174e+04 1.841199500577612058e+00 1.978326761136346613e+05 8.376578881667934411e+02 1.967165512687512718e+00
3.137374740234565106e+05 3.251007880900409655e+05 3.023739756839422625e+05 3.251007184501513839e+05 3.137374378687102580e+05 3.251009508989749011e+05 2.426005240133413463e+05 3.137374971633271780e+05 3.251009892032244243e+05 3.251008342040049029e+05 3.137375667225731304e+05 3.194192771683375468e+05 3.251011109795809025e+05 3.251009653410203173e+05 1.423224579427529243e+05 3.023739758759785909e+05 2.983334559413034585e+05 3.251005773800542811e+05 3.121142236135283601e+05 3.585191472042601090e+05 3.251010466931439005e+05 3.251007265940720681e+05 2.776574252421829733e+05 3.251010587506247102e+05 3.251009164307847968e+05
8.884546707754563249e+04 1.002088136248731171e+05 6.075756172298112506e+04 1.002085669355546270e+05 8.884539646748086670e+04 1.002088780588808295e+05 1.974612154076824663e+05 8.865762470892317651e+04 1.002089524983075680e+05 1.002088689958884497e+05 8.078430391808631248e+04 9.452729573076192173e+04 1.002090941547179391e+05 1.002089021384995576e+05 3.023739758759785909e+05 1.123663103723660788e+04 1.228273250029574847e+05 1.002083617945682054e+05 6.239941540837681532e+04 4.616987617798662395e+05 1.002090480096027750e+05 1.002087474572530045e+05 1.686256907368186221e+05 1.002089999474852666e+05 1.002088596033224167e+05
1.492932433479062165e+05 1.606566324431867106e+05 1.011303532568713563e+05 1.606563273574871419e+05 1.492932142722429999e+05 1.606566845563660027e+05 1.858505291491357493e+05 1.492932333928656008e+05 1.606567538445327373e+05 1.606565783979998960e+05 1.492933108274084225e+05 1.549750692035959510e+05 1.606568913341967855e+05 1.606566995643428527e+05 2.983334559413034585e+05 1.228273250029574847e+05 3.911093236000892648e+04 1.606562000648422691e+05 1.449642784137695562e+05 4.672778558898200281e+05 1.606568639485773747e+05 1.606565235996903211e+05 1.435978404337124084e+05 1.606567797353596252e+05 1.606566690921976115e+05
3.409248102175332315e+04 1.351614822878309807e+00 1.081192317216545925e+05 1.132476590934467842e+00 3.409243522966390447e+04 1.393451407403433207e+00 2.201877012019108515e+05 4.004494746301579289e+04 1.423536399618875237e+00 1.361922331052745072e+00 6.360325341027507966e+04 2.272878792532261286e+04 1.136518260288718193e+04 1.432925434002600085e+00 3.251005773800542811e+05 1.002083617945682054e+05 1.606562000648422691e+05 6.325842930939937769e-01 8.117053874343255302e+04 4.906239004666738329e+05 1.136513093179554380e+04 1.284411881947772782e+00 1.978322488875322160e+05 8.370829114950195162e+02 1.404823882933328605e+00
6.980754265245793795e+04 8.117099892263114452e+04 8.643912382784020156e+04 8.117077586556362803e+04 6.980748057357585640e+04 8.117104386340311612e+04 2.072014451940885046e+05 6.877444245969277108e+04 8.117114463838243682e+04 8.117102763467919431e+04 4.516611196357235167e+04 7.548943183930618397e+04 8.117128695224458352e+04 8.117111951088286878e+04 3.121142236135284766e+05 6.239941540837681532e+04 1.449642784137695562e+05 8.117053874343255302e+04 3.876659897385304703e+03 4.776373690342305345e+05 8.117130410937132547e+04 8.117096094020150485e+04 1.848460195327324036e+05 8.117120326947416470e+04 8.117104023365117610e+04
4.792607070753719890e+05 4.906240609451130731e+05 4.678971741765873739e+05 4.906239813798558898e+05 4.792606921260813833e+05 4.906241781225770828e+05 4.435662421668122406e+05 4.792606483481677133e+05 4.906242240989615093e+05 4.906240597416879609e+05 4.792607072799032321e+05 4.849425073881302960e+05 4.906242995686268550e+05 4.906242014060803340e+05 3.585191472042601672e+05 4.616987617798662395e+05 4.672778558898200863e+05 4.906239004666739493e+05 4.776373690342305345e+05 2.121993125469968654e+05 4.906242823079210357e+05 4.906240305573957157e+05 4.521429410721810418e+05 4.906242893240446574e+05 4.906241184269337682e+05
3.409316997465181339e+04 1.136568755360354589e+04 1.081199313855949586e+05 1.136546245669138625e+04 3.409313599847676960e+04 1.136574163334733021e+04 2.201882550022269716e+05 4.004568761957531387e+04 1.136570655733652166e+04 1.136570117533489611e+04 6.360393663378240308e+04 2.272938574156201867e+04 1.840247024832453462e+03 1.136573006451308174e+04 3.251010466931439005e+05 1.002090480096027750e+05 1.606568639485773747e+05 1.136513093179554380e+04 8.117130410937132547e+04 4.906242823079210357e+05 1.127519333446012961e+00 1.136561739309297263e+04 1.978328202316124516e+05 1.136567601538384588e+04 1.136573268045318036e+04
3.409295318076497642e+04 1.640804852850716422e+00 1.081195706633504597e+05 1.520334502278733124e+00 3.409289057424371276e+04 1.844597008479920142e+00 2.201878451048992283e+05 4.004542072625902802e+04 1.847109761108652437e+00 1.768082581358934702e+00 6.360367497226719570e+04 2.272925044901509318e+04 1.136565287743513363e+04 1.841199500577612058e+00 3.251007265940720681e+05 1.002087474572530045e+05 1.606565235996903211e+05 1.284411881947772560e+00 8.117096094020150485e+04 4.906240305573955411e+05 1.136561739309297445e+04 1.061603399161401118e+00 1.978324385826560028e+05 8.375509044134940950e+02 1.801195576116332076e+00
1.864692660836206051e+05 1.978325387632054626e+05 1.693211338034211949e+05 1.978324229631490598e+05 1.864692476913342252e+05 1.978326635365371185e+05 1.431437496904654254e+05 1.864692948134009494e+05 1.978327698076369416e+05 1.978325694296432193e+05 1.864693607068917772e+05 1.921510781434814562e+05 1.978329000657956640e+05 1.978326761136346613e+05 2.776574252421829733e+05 1.686256907368186512e+05 1.435978404337124084e+05 1.978322488875322451e+05 1.848460195327324036e+05 4.521429410721810418e+05 1.978328202316124516e+05 1.978324385826560319e+05 8.447748745992731710e+04 1.978328040469450934e+05 1.978326890918337740e+05
3.409310085370854358e+04 8.375841271464023521e+02 1.081198700195304264e+05 8.373766003168523184e+02 3.406355202972303960e+04 8.377030035941882034e+02 2.201882181029257481e+05 3.954427514355885796e+04 8.376647510843746431e+02 8.375908035581934428e+02 6.329911083512157347e+04 2.272938357876303780e+04 1.131162564348322485e+04 8.376578881667935548e+02 3.251010587506247684e+05 1.002089999474852666e+05 1.606567797353596252e+05 8.370829114950195162e+02 8.117120326947416470e+04 4.906242893240446574e+05 1.136567601538384588e+04 8.375509044134940950e+02 1.978328040469450934e+05 1.578931534133844934e+03 8.376475894685112280e+02
3.409303324542834889e+04 1.828924052773824860e+00 1.081197141108158830e+05 1.689576360115534470e+00 3.409302452860769699e+04 1.881552232885402853e+00 2.201880863666655205e+05 4.004549402969289076e+04 1.988638085590208160e+00 1.813154215790745205e+00 6.360373758542129508e+04 2.272938278213514786e+04 1.136573447131293869e+04 1.967165512687512718e+00 3.251009164307847968e+05 1.002088596033224167e+05 1.606566690921976115e+05 1.404823882933328827e+00 8.117104023365117610e+04 4.906241184269337100e+05 1.136573268045318036e+04 1.801195576116332076e+00 1.978326890918337740e+05 8.376475894685111143e+02 1.056412769209826408e+00
