2.963208942444674449e+03 3.070346529983662767e+05 4.106260954974544802e+03 1.081048012285458826e+05 2.585662435531305673e+05 3.239758323804340762e+04 4.106096235495166184e+03 4.106341392869101583e+03 4.105972167433260438e+03 7.735556723692511696e+03 2.967615041972662584e+04 5.078291820312248456e+04 4.344488008790118038e+05 4.106231487852562168e+03 2.118103804246897926e+04 1.770761978846959246e+05 6.855838505181008077e+04 3.554424020646319696e+04 1.589625160193019547e+05 5.235814954701403622e+05 7.704609218461788259e+04 3.659755588748372975e+05 2.202003637505336665e+05 4.106340640971373432e+03 1.290209008605216222e+05
3.070346529983663349e+05 6.324797885141797451e+04 3.070347539208835806e+05 2.717926863530193223e+05 1.391154654226655257e+05 3.070349691797295236e+05 3.070345518283879501e+05 3.070347331189151155e+05 3.070344826629994204e+05 3.070348408961794921e+05 3.070349049010804738e+05 2.961849614883715403e+05 2.940169657010398223e+05 3.070346499175078352e+05 3.070348602786260890e+05 2.296936929352532898e+05 2.894139492311340291e+05 3.070350340651067090e+05 2.443317106186502788e+05 3.838413826889767079e+05 2.894138596776304184e+05 1.888222932280459208e+05 1.884868983901999600e+05 3.070347953825547011e+05 2.629419782744674012e+05
4.106260954974544802e+03 3.070347539208835806e+05 6.196975760690859314e-01 1.081048671261434502e+05 2.585663546532572655e+05 3.650266740148198733e+04 1.263789150860153976e+00 1.344542457668678415e+00 1.154297165779504919e+00 1.184072827022285492e+04 3.378126554887164821e+04 5.323598003437312582e+04 4.344488865807544207e+05 1.312442749787822383e+00 2.528614343410030779e+04 1.770762460188078112e+05 6.906817757613630965e+04 3.964926969865140563e+04 1.589625844760727487e+05 5.235815197859258624e+05 7.704616837690607645e+04 3.659756137809932698e+05 2.202004370419289335e+05 1.394001201861899020e+00 1.290209691645989660e+05
1.081048012285458826e+05 2.717926863530193223e+05 1.081048671261434356e+05 1.265023181482152359e+04 2.139796934680113045e+05 1.036997427175041666e+05 1.081045991181714198e+05 1.081048944166097644e+05 1.081044333365100319e+05 1.081049876784566586e+05 1.036997710785725649e+05 9.056605420547521499e+04 4.029594510769732296e+05 1.081048077973252221e+05 1.051680921719730395e+05 1.118812918511405878e+05 7.836364049319880723e+04 1.036997372475248849e+05 8.216089027881596121e+04 4.927448634772415389e+05 5.359385089041620813e+04 3.307335298872686690e+05 1.609740845042466244e+05 1.081049931510674796e+05 3.594426513649273693e+04
2.585662435531305673e+05 1.391154654226655257e+05 2.585663546532572364e+05 2.139796934680112754e+05 4.545543023114874086e+04 2.585665435398199770e+05 2.585660868462876824e+05 2.585663249588604667e+05 2.585660254259162757e+05 2.585664440056780004e+05 2.585664559115324228e+05 2.477165446003338438e+05 3.245812848454599734e+05 2.585662219551135204e+05 2.585664047110797546e+05 1.629693472142714600e+05 2.402173360168974323e+05 2.585665811453355418e+05 1.817470710147874488e+05 4.091372139300706331e+05 2.358837569902971154e+05 2.345920225322073675e+05 1.165487861250598071e+05 2.585663866903026355e+05 2.039032469683574163e+05
3.239758323804340762e+04 3.070349691797294654e+05 3.650266740148198733e+04 1.036997427175041666e+05 2.585665435398199770e+05 2.565354871608467874e+03 3.650249765707404003e+04 3.650272394866443938e+04 3.650231819717570761e+04 2.466344212299372884e+04 3.006091939810767599e+03 2.989504014659795939e+04 4.344490143384285038e+05 3.650267403227356408e+04 1.149337396695805364e+04 1.770764714521983988e+05 5.227988271083305881e+04 1.153466577689081350e+04 1.589628219401871902e+05 5.235817471426427364e+05 6.787610709771420807e+04 3.659758492576578283e+05 2.202006821862268262e+05 3.650276710217234358e+04 1.260842454443706374e+05
4.106096235495166184e+03 3.070345518283879501e+05 1.263789150860153976e+00 1.081045991181714198e+05 2.585660868462877115e+05 3.650249765707404003e+04 5.533393819893677179e-01 1.264416700989047238e+00 7.789591778558319080e-01 1.184064611786772002e+04 3.378115675750438095e+04 5.323585371805157774e+04 4.344487268618359813e+05 1.133915435924570669e+00 2.528594009878811266e+04 1.770760605178895639e+05 6.906803764329198748e+04 3.964919362418088713e+04 1.589624007428932237e+05 5.235815464190510684e+05 7.704586644906614674e+04 3.659754741172217764e+05 2.202002831166466058e+05 1.371684757149587819e+00 1.290206688516191789e+05
4.106341392869101583e+03 3.070347331189150573e+05 1.344542457668678415e+00 1.081048944166097644e+05 2.585663249588604667e+05 3.650272394866443938e+04 1.264416700989047238e+00 6.314620495905844955e-01 1.172822870704290033e+00 1.184077885887834418e+04 3.378135114099369093e+04 5.323609875842212205e+04 4.344487500729902531e+05 1.312208857449557398e+00 2.528610025263190255e+04 1.770763912358230737e+05 6.906831555578859115e+04 3.964941454608814820e+04 1.589627156088989286e+05 5.235815969246681780e+05 7.704616294115783239e+04 3.659755606676826719e+05 2.202005615508492338e+05 1.443245821655631866e+00 1.290209854252485820e+05
4.105972167433260438e+03 3.070344826629994204e+05 1.154297165779504697e+00 1.081044333365100174e+05 2.585660254259162757e+05 3.650231819717570761e+04 7.789591778558319080e-01 1.172822870704290033e+00 4.103912936966738201e-01 1.184048758690098657e+04 3.378101428247281001e+04 5.323566431967094832e+04 4.344486945840608678e+05 1.050873484145062875e+00 2.528578563555138680e+04 1.770759891511789174e+05 6.906786826453650428e+04 3.964902836427962029e+04 1.589622899317177362e+05 5.235815259171474609e+05 7.704571246397210052e+04 3.659754322265903465e+05 2.202002282007766771e+05 1.270656483977271822e+00 1.290205512399279542e+05
7.735556723692510786e+03 3.070348408961794921e+05 1.184072827022285492e+04 1.081049876784566732e+05 2.585664440056780004e+05 2.466344212299372521e+04 1.184064611786772002e+04 1.184077885887834418e+04 1.184048758690098657e+04 3.545497984546542739e+03 2.194196131819140646e+04 4.401244406572116714e+04 4.344489127031030948e+05 1.184078715424038273e+04 1.344673735652487085e+04 1.770763945346257533e+05 6.406224609076764318e+04 2.781010039816785138e+04 1.589627047227958392e+05 5.235816255126418546e+05 7.484362852637631295e+04 3.659756963044180302e+05 2.202005982770447445e+05 1.184070129076922967e+04 1.290211098663066805e+05
2.967615041972662584e+04 3.070349049010804738e+05 3.378126554887164093e+04 1.036997710785725649e+05 2.585664559115323937e+05 3.006091939810767599e+03 3.378115675750437367e+04 3.378135114099369093e+04 3.378101428247281001e+04 2.194196131819140646e+04 1.954715840309150508e+03 3.120959615890792702e+04 4.344489955336214625e+05 3.378133939977276168e+04 8.771965935228277885e+03 1.770764723008401343e+05 5.353856413773433451e+04 1.321753037665141346e+04 1.589628240114641085e+05 5.235816552309143008e+05 6.823572585760061338e+04 3.659757728423856315e+05 2.202006477005161578e+05 3.378130503635917557e+04 1.260843039161959168e+05
5.078291820312248456e+04 2.961849614883714821e+05 5.323598003437312582e+04 9.056605420547521499e+04 2.477165446003338438e+05 2.989504014659795212e+04 5.323585371805157774e+04 5.323609875842212205e+04 5.323566431967094832e+04 4.401244406572116714e+04 3.120959615890792702e+04 1.792478142926199143e+04 4.272126989023710485e+05 5.323604387099144515e+04 3.400879885859639762e+04 1.629224040635839920e+05 2.918936359585965329e+04 2.402162673844032179e+04 1.437073778638199728e+05 5.169738068404691294e+05 5.190287290053307515e+04 3.551258673967522918e+05 2.093506453293844825e+05 5.323609691129379644e+04 1.130315782618503872e+05
4.344488008790117456e+05 2.940169657010398223e+05 4.344488865807544207e+05 4.029594510769732296e+05 3.245812848454599734e+05 4.344490143384285038e+05 4.344487268618359813e+05 4.344487500729902531e+05 4.344486945840608678e+05 4.344489127031030948e+05 4.344489955336214625e+05 4.272126989023710485e+05 9.930645841803912481e+04 4.344487651005295920e+05 4.344489236969572376e+05 3.730403438633603510e+05 4.205806570591593045e+05 4.344490596624211757e+05 3.787304702651828411e+05 2.822124770940600429e+05 4.205805970171695226e+05 2.277483574716270668e+05 3.490104874603917124e+05 4.344489000238516019e+05 3.956172938548474340e+05
4.106231487852562168e+03 3.070346499175078352e+05 1.312442749787822383e+00 1.081048077973252221e+05 2.585662219551135495e+05 3.650267403227356408e+04 1.133915435924570669e+00 1.312208857449557398e+00 1.050873484145062875e+00 1.184078715424038273e+04 3.378133939977276168e+04 5.323604387099144515e+04 4.344487651005295920e+05 6.103878970741148935e-01 2.528611187908299689e+04 1.770762571372164239e+05 6.906823437511044904e+04 3.964933907312099473e+04 1.589625723483741458e+05 5.235815615693849977e+05 7.704607358916719386e+04 3.659755043024433544e+05 2.202004603142559936e+05 1.472826373740842687e+00 1.290208397746461123e+05
2.118103804246897926e+04 3.070348602786260890e+05 2.528614343410031142e+04 1.051680921719730250e+05 2.585664047110797546e+05 1.149337396695805364e+04 2.528594009878811266e+04 2.528610025263190255e+04 2.528578563555138680e+04 1.344673735652487085e+04 8.771965935228277885e+03 3.400879885859639762e+04 4.344489236969572376e+05 2.528611187908299689e+04 6.231034998834012185e+03 1.770764750665022293e+05 5.631224894985940045e+04 1.587908165856580308e+04 1.589628256973107636e+05 5.235816936778438394e+05 6.970406878530193353e+04 3.659756854534337763e+05 2.202006725689900341e+05 2.528612676338371966e+04 1.270631940091197903e+05
1.770761978846959246e+05 2.296936929352532607e+05 1.770762460188078112e+05 1.118812918511405878e+05 1.629693472142714600e+05 1.770764714521983988e+05 1.770760605178895639e+05 1.770763912358230737e+05 1.770759891511789174e+05 1.770763945346257533e+05 1.770764723008401343e+05 1.629224040635839629e+05 3.730403438633603510e+05 1.770762571372164821e+05 1.770764750665022293e+05 3.644889444980204280e+04 1.511689899654144538e+05 1.770764928934717609e+05 5.836348235451742948e+04 4.617243133707983070e+05 1.435750480428378796e+05 2.983651749609354301e+05 1.000299880829955800e+05 1.770763518873773573e+05 9.887394391944023664e+04
6.855838505181009532e+04 2.894139492311340291e+05 6.906817757613630965e+04 7.836364049319879268e+04 2.402173360168974323e+05 5.227988271083305881e+04 6.906803764329198748e+04 6.906831555578859115e+04 6.906786826453648973e+04 6.406224609076764318e+04 5.353856413773434906e+04 2.918936359585965329e+04 4.205806570591593045e+05 6.906823437511044904e+04 5.631224894985940045e+04 1.511689899654144538e+05 7.924060627555791143e+03 4.913315777399061335e+04 1.309903042299427034e+05 5.103658967181467451e+05 3.469584092729145050e+04 3.483547515621174243e+05 2.007600695534393017e+05 6.906829977615871758e+04 1.014157586152166623e+05
3.554424020646320423e+04 3.070350340651067090e+05 3.964926969865140563e+04 1.036997372475248849e+05 2.585665811453355418e+05 1.153466577689081350e+04 3.964919362418089440e+04 3.964941454608814820e+04 3.964902836427962757e+04 2.781010039816785138e+04 1.321753037665141710e+04 2.402162673844032179e+04 4.344490596624211757e+05 3.964933907312100200e+04 1.587908165856580308e+04 1.770764928934717609e+05 4.913315777399061335e+04 6.309697275739959421e-01 1.589627682853781735e+05 5.235817158799923491e+05 6.697707319910294609e+04 3.659758405710325460e+05 2.202007021081765706e+05 3.964940311860205838e+04 1.260842792645610753e+05
1.589625160193019838e+05 2.443317106186502497e+05 1.589625844760727196e+05 8.216089027881596121e+04 1.817470710147874488e+05 1.589628219401871902e+05 1.589624007428932237e+05 1.589627156088989286e+05 1.589622899317177362e+05 1.589627047227958392e+05 1.589628240114641376e+05 1.437073778638199728e+05 3.787304702651828411e+05 1.589625723483741458e+05 1.589628256973107636e+05 5.836348235451742948e+04 1.309903042299427034e+05 1.589627682853781444e+05 2.496262633671984440e+04 4.685157720831125625e+05 1.188688965517034521e+05 3.065046825646060752e+05 1.267454422430573468e+05 1.589626914244584041e+05 6.167903785271636298e+04
5.235814954701403622e+05 3.838413826889767079e+05 5.235815197859258624e+05 4.927448634772415389e+05 4.091372139300706331e+05 5.235817471426427946e+05 5.235815464190510684e+05 5.235815969246681780e+05 5.235815259171474609e+05 5.235816255126419128e+05 5.235816552309143008e+05 5.169738068404691294e+05 2.822124770940600429e+05 5.235815615693849977e+05 5.235816936778438976e+05 4.617243133707981906e+05 5.103658967181467451e+05 5.235817158799923491e+05 4.685157720831125625e+05 1.220537667196544935e+05 5.103659722211979679e+05 3.435691009304449544e+05 4.374190924334411975e+05 5.235815963743122993e+05 4.854026907908759895e+05
7.704609218461788259e+04 2.894138596776304184e+05 7.704616837690607645e+04 5.359385089041620085e+04 2.358837569902971154e+05 6.787610709771420807e+04 7.704586644906613219e+04 7.704616294115783239e+04 7.704571246397210052e+04 7.484362852637632750e+04 6.823572585760062793e+04 5.190287290053307515e+04 4.205805970171695226e+05 7.704607358916719386e+04 6.970406878530193353e+04 1.435750480428378796e+05 3.469584092729144322e+04 6.697707319910294609e+04 1.188688965517034521e+05 5.103659722211979679e+05 1.628455136026478249e+04 3.483547182619681698e+05 1.925453035590531945e+05 7.704627666653545748e+04 7.991172106772429834e+04
3.659755588748373557e+05 1.888222932280459208e+05 3.659756137809933280e+05 3.307335298872686690e+05 2.345920225322073384e+05 3.659758492576578283e+05 3.659754741172217764e+05 3.659755606676826719e+05 3.659754322265903465e+05 3.659756963044180302e+05 3.659757728423856315e+05 3.551258673967522918e+05 2.277483574716270668e+05 3.659755043024433544e+05 3.659756854534337763e+05 2.983651749609354301e+05 3.483547515621174243e+05 3.659758405710325460e+05 3.065046825646060752e+05 3.435691009304449544e+05 3.483547182619681116e+05 9.172586488067396567e+04 2.683854031676711747e+05 3.659756454848599387e+05 3.233915011257864535e+05
2.202003637505336665e+05 1.884868983901999309e+05 2.202004370419289626e+05 1.609740845042466244e+05 1.165487861250598071e+05 2.202006821862268262e+05 2.202002831166466058e+05 2.202005615508492338e+05 2.202002282007766771e+05 2.202005982770447445e+05 2.202006477005161869e+05 2.093506453293844825e+05 3.490104874603917124e+05 2.202004603142559936e+05 2.202006725689900341e+05 1.000299880829955800e+05 2.007600695534393017e+05 2.202007021081765706e+05 1.267454422430573468e+05 4.374190924334411975e+05 1.925453035590531945e+05 2.683854031676711747e+05 3.808263081938966207e+04 2.202004812844584230e+05 1.508975972336596751e+05
4.106340640971373432e+03 3.070347953825547011e+05 1.394001201861899020e+00 1.081049931510674796e+05 2.585663866903026355e+05 3.650276710217234358e+04 1.371684757149587597e+00 1.443245821655631866e+00 1.270656483977271822e+00 1.184070129076922967e+04 3.378130503635918285e+04 5.323609691129378916e+04 4.344489000238516019e+05 1.472826373740842687e+00 2.528612676338371966e+04 1.770763518873773573e+05 6.906829977615871758e+04 3.964940311860205838e+04 1.589626914244583750e+05 5.235815963743122993e+05 7.704627666653545748e+04 3.659756454848598223e+05 2.202004812844584230e+05 6.230592353597853572e-01 1.290210671980505140e+05
1.290209008605216077e+05 2.629419782744674012e+05 1.290209691645989515e+05 3.594426513649273693e+04 2.039032469683574163e+05 1.260842454443706374e+05 1.290206688516191789e+05 1.290209854252485529e+05 1.290205512399279396e+05 1.290211098663066805e+05 1.260843039161959459e+05 1.130315782618503872e+05 3.956172938548474340e+05 1.290208397746461123e+05 1.270631940091197903e+05 9.887394391944023664e+04 1.014157586152166477e+05 1.260842792645610753e+05 6.167903785271636298e+04 4.854026907908759895e+05 7.991172106772429834e+04 3.233915011257863371e+05 1.508975972336596751e+05 1.290210671980505285e+05 2.268428510417636426e+04
