2.147721800678796353e+04 1.564227978158275073e+05 2.410521747306027100e+05 3.792119260348590324e+05 4.819265346951549873e+04 4.819279840339793009e+04 2.095251029942985042e+05 1.893860101642550580e+04 4.066227560165272444e+05 1.197531420930407476e+05 4.819259395398618653e+04 4.819283077870546549e+04 2.297763409225580981e+05 9.927399990085340687e+04 2.119062321796357573e+05 1.855643426371275564e+05 3.373440697619159473e+05 4.077190095428496716e+04 4.819285895842159516e+04 7.460463617625382903e+04 4.819296530632459326e+04 3.526740236362713767e+04 4.819292013039313315e+04 2.815723572744482663e+05 6.031884116858939524e+04
1.564227978158275073e+05 1.368066635617091197e+04 1.739922851606477634e+05 3.125456153984449338e+05 1.818191522676782333e+05 1.818194551827607793e+05 1.105894340513311618e+05 1.432618891223501414e+05 3.399562076571310754e+05 5.251795471805436682e+04 1.818193343608879368e+05 1.818192803036379337e+05 1.527202712921961211e+05 8.911636764506650798e+04 1.348497062683211698e+05 5.607922117202787194e+04 2.706774158617278445e+05 1.314795429695496859e+05 1.818196231568295625e+05 1.103910411099379417e+05 1.818195272361979005e+05 1.818196050583542674e+05 1.818194517224992451e+05 2.149057486823383661e+05 1.246767225174157502e+05
2.410521747306027100e+05 1.739922851606477634e+05 2.603646521309161471e+04 2.301561217045470257e+05 2.410520382908867032e+05 2.410520722558347043e+05 1.034657542578279536e+05 2.410523314542156004e+05 2.487757851491665060e+05 1.961544202587625186e+05 2.410519923962243774e+05 2.410521310981976858e+05 7.444192497230695153e+04 2.114228253830261528e+05 8.998841485405273852e+04 1.449298880312589463e+05 1.750554986939179944e+05 2.410524527814277099e+05 2.410521294798385352e+05 2.267667180534152430e+05 2.410522812030884379e+05 2.410521792351380282e+05 2.410522561553656124e+05 9.981068345420976402e+04 2.410523958478187851e+05
3.792119260348590324e+05 3.125456153984449338e+05 2.301561217045470257e+05 3.807185747945472394e+04 3.792117783671672805e+05 3.792116981347982073e+05 2.635659054901516647e+05 3.792120184283846174e+05 1.404435318931327201e+05 3.343139719279068522e+05 3.792117083258124185e+05 3.792118298006638070e+05 2.419137904821147968e+05 3.495823867222376284e+05 2.542123594425382616e+05 2.962757149866767577e+05 1.288161365842910163e+05 3.792120368098709732e+05 3.792117297988025821e+05 3.649262440683382447e+05 3.792119415467949002e+05 3.792118863043861929e+05 3.792118576831627288e+05 1.964205778662322555e+05 3.792121540991306538e+05
4.819265346951549873e+04 1.818191522676782042e+05 2.410520382908867032e+05 3.792117783671672805e+05 2.101264974942916586e-01 8.036044179802952492e-01 2.095248747770064219e+05 6.712997932524705539e+04 4.066225933138271212e+05 1.546734840469672345e+05 6.415773545380450971e-01 5.770479580296848932e-01 2.297760895795488614e+05 1.341941141187928733e+05 2.119057822055114666e+05 2.024954236114769301e+05 3.373436620013336651e+05 8.495200493948814983e+04 9.665699805505443276e-01 1.095249325183836772e+05 9.088675549398615994e-01 1.292623813857592904e+04 7.478187511479310601e-01 2.815719661562225665e+05 9.523904952711891383e+04
4.819279840339793009e+04 1.818194551827607793e+05 2.410520722558347043e+05 3.792116981347982073e+05 8.036044179802952492e-01 3.528029869520898365e-01 2.095250040489131352e+05 6.713043991154147079e+04 4.066225611274763360e+05 1.546736063286496792e+05 6.924779347557056264e-01 8.551318546736772497e-01 2.297761124726491107e+05 1.341944478718115424e+05 2.119060263444439333e+05 2.024954803848480224e+05 3.373438026969644707e+05 8.495237956769566517e+04 1.072302211717881537e+00 1.095250462431214110e+05 1.246540852576388803e+00 1.292633298941304020e+04 9.630247091897361500e-01 2.815721628556381329e+05 9.523943092403630726e+04
2.095251029942985042e+05 1.105894340513311327e+05 1.034657542578279681e+05 2.635659054901516647e+05 2.095248747770064219e+05 2.095250040489131352e+05 1.600403773137077224e+04 2.095251667409657966e+05 2.909768105765629443e+05 1.501053832534971880e+05 2.095248134355598886e+05 2.095249901769472635e+05 7.402472392213292187e+04 1.717323051222768263e+05 6.358168411086514971e+04 7.486155257897565025e+04 2.216980421885128890e+05 2.071929190641210298e+05 2.095250274930592859e+05 1.870762319469162321e+05 2.095251367497767787e+05 2.095251255787557166e+05 2.095251435862063372e+05 1.612616367960739881e+05 2.013618981722937315e+05
1.893860101642551308e+04 1.432618891223501414e+05 2.410523314542156004e+05 3.792120184283846174e+05 6.712997932524704083e+04 6.713043991154147079e+04 2.095251667409657966e+05 8.801014148249146274e+02 4.066228046548714046e+05 1.065924956806785194e+05 6.713022462366578111e+04 6.713021698846171785e+04 2.297764732787569519e+05 8.611313635098536906e+04 2.119061626168011862e+05 1.766411520813822281e+05 3.373439864048976451e+05 2.382307800720620435e+04 6.713043929441735963e+04 6.144386369164035568e+04 6.713033817571261898e+04 5.420502482252537447e+04 6.713033040087249537e+04 2.815722553977300995e+05 4.715801874031556508e+04
4.066227560165272444e+05 3.399562076571310172e+05 2.487757851491665060e+05 1.404435318931327492e+05 4.066225933138272376e+05 4.066225611274763360e+05 2.909768105765629443e+05 4.066228046548714046e+05 5.109991848724818556e+04 3.617250305619008723e+05 4.066225959951271070e+05 4.066225808887163876e+05 2.794121869523047353e+05 3.769933849836695590e+05 2.816229690751082962e+05 3.236863125870507210e+05 1.737295132737255481e+05 4.066228413995692390e+05 4.066226655207079020e+05 3.923372180216427078e+05 4.066227660537873744e+05 4.066227915596332750e+05 4.066225979871436139e+05 2.055163861730020726e+05 4.066228330459247227e+05
1.197531420930407476e+05 5.251795471805438137e+04 1.961544202587625186e+05 3.343139719279068522e+05 1.546734840469672345e+05 1.546736063286496792e+05 1.501053832534971880e+05 1.065924956806785194e+05 3.617250305619008723e+05 1.297682876958739871e+04 1.546734886971430969e+05 1.546736479218303866e+05 1.848783143259689095e+05 4.547403836236224015e+04 1.670083113892928814e+05 1.014304995077615604e+05 2.924461677477103076e+05 9.388519103914881998e+04 1.546737265350258967e+05 7.076795749644927855e+04 1.546738369027078443e+05 1.499117999988947995e+05 1.546738123072497547e+05 2.366745345856934728e+05 8.505390108446398517e+04
4.819259395398618653e+04 1.818193343608879077e+05 2.410519923962243774e+05 3.792117083258124185e+05 6.415773545380450971e-01 6.924779347557056264e-01 2.095248134355598886e+05 6.713022462366578111e+04 4.066225959951271070e+05 1.546734886971430969e+05 2.947032866202042301e-01 7.592412327558701879e-01 2.297760539832217910e+05 1.341943598793835554e+05 2.119059533738396713e+05 2.024953354491955834e+05 3.373438239892986603e+05 8.495219001034996472e+04 1.042843709547151443e+00 1.095249141573590605e+05 1.200943064175829633e+00 1.292616233072007162e+04 1.038775524422741459e+00 2.815721338053343352e+05 9.523927481541100133e+04
4.819283077870546549e+04 1.818192803036379337e+05 2.410521310981976858e+05 3.792118298006638070e+05 5.770479580296848932e-01 8.551318546736772497e-01 2.095249901769472635e+05 6.713021698846171785e+04 4.066225808887163876e+05 1.546736479218303866e+05 7.592412327558701879e-01 3.191558458166792733e-01 2.297761868327104312e+05 1.341942992106122256e+05 2.119058284995089634e+05 2.024955162376314402e+05 3.373436787646351149e+05 8.495217212524820934e+04 1.163199435200758636e+00 1.095250904575575551e+05 1.093681447076552793e+00 1.292646681604533296e+04 8.445426568174834170e-01 2.815719898304496892e+05 9.523924787012822344e+04
2.297763409225580981e+05 1.527202712921961211e+05 7.444192497230693698e+04 2.419137904821147968e+05 2.297760895795488614e+05 2.297761124726491107e+05 7.402472392213292187e+04 2.297764732787569519e+05 2.794121869523047353e+05 1.848783143259689095e+05 2.297760539832217910e+05 2.297761868327104312e+05 1.434057548102654800e+04 2.001467119153816311e+05 6.629604877178621246e+04 1.189236429689870565e+05 1.932835396688043838e+05 2.297764264589625236e+05 2.297762462887844886e+05 2.154906073030361440e+05 2.297763914399144705e+05 2.297762853343555180e+05 2.297762728766288492e+05 1.388722743518939824e+05 2.297764975045620231e+05
9.927399990085340687e+04 8.911636764506650798e+04 2.114228253830261237e+05 3.495823867222376866e+05 1.341941141187928733e+05 1.341944478718115424e+05 1.717323051222768263e+05 8.611313635098536906e+04 3.769933849836696172e+05 4.547403836236224015e+04 1.341943598793835554e+05 1.341942992106122256e+05 2.001467119153816311e+05 3.437272022428725450e+03 1.822765454971142753e+05 1.285142881320906599e+05 3.077144147023153491e+05 6.556993276639182295e+04 1.341945663479111681e+05 2.792106834202901882e+04 1.341944241664294968e+05 1.294326476071640645e+05 1.341944235683375155e+05 2.519427305738228606e+05 4.848019287554032053e+04
2.119062321796357573e+05 1.348497062683211698e+05 8.998841485405275307e+04 2.542123594425382616e+05 2.119057822055114666e+05 2.119060263444439333e+05 6.358168411086514971e+04 2.119061626168011862e+05 2.816229690751082962e+05 1.670083113892928814e+05 2.119059533738396713e+05 2.119058284995089634e+05 6.629604877178622701e+04 1.822765454971142753e+05 7.223418443135685266e+03 1.010756545589073357e+05 2.088354285104951996e+05 2.119061284450375824e+05 2.119061867894369352e+05 1.976205038382338826e+05 2.119061012251298525e+05 2.119062727681616088e+05 2.119059693257128529e+05 1.388853561591898324e+05 2.119060010115864279e+05
1.855643426371275564e+05 5.607922117202787194e+04 1.449298880312588881e+05 2.962757149866767577e+05 2.024954236114769301e+05 2.024954803848480224e+05 7.486155257897563570e+04 1.766411520813822281e+05 3.236863125870507210e+05 1.014304995077615604e+05 2.024953354491955834e+05 2.024955162376314402e+05 1.189236429689870565e+05 1.285142881320906890e+05 1.010756545589073357e+05 2.773657086438942861e+04 2.548045312911435612e+05 1.649465964476809895e+05 2.024956630664476543e+05 1.438580620551430620e+05 2.024957473266237066e+05 2.024956232329792983e+05 2.024956148204786004e+05 1.944822436243690609e+05 1.581437928319709317e+05
3.373440697619159473e+05 2.706774158617278445e+05 1.750554986939179944e+05 1.288161365842910163e+05 3.373436620013337233e+05 3.373438026969644707e+05 2.216980421885128890e+05 3.373439864048976451e+05 1.737295132737255481e+05 2.924461677477103076e+05 3.373438239892986603e+05 3.373436787646351149e+05 1.932835396688043838e+05 3.077144147023153491e+05 2.088354285104951996e+05 2.548045312911435612e+05 4.704526600306059845e+04 3.373438973633658024e+05 3.373438727159377304e+05 3.230583571786870598e+05 3.373438469150993042e+05 3.373440461123326677e+05 3.373437118914676830e+05 1.411500349922078312e+05 3.373440199695695192e+05
4.077190095428496716e+04 1.314795429695496859e+05 2.410524527814277099e+05 3.792120368098709732e+05 8.495200493948814983e+04 8.495237956769566517e+04 2.071929190641210298e+05 2.382307800720620799e+04 4.066228413995692390e+05 9.388519103914881998e+04 8.495219001034996472e+04 8.495217212524820934e+04 2.297764264589625236e+05 6.556993276639182295e+04 2.119061284450375824e+05 1.649465964476809895e+05 3.373438973633658024e+05 1.649398438909212200e+04 8.495246052309678635e+04 3.993320377887729410e+04 8.495232310930153471e+04 7.435959554390270205e+04 8.495228130984649761e+04 2.815721834118824918e+05 2.333608566480056106e+04
4.819285895842159516e+04 1.818196231568295625e+05 2.410521294798385352e+05 3.792117297988026985e+05 9.665699805505443276e-01 1.072302211717881537e+00 2.095250274930592859e+05 6.713043929441735963e+04 4.066226655207079020e+05 1.546737265350258967e+05 1.042843709547151443e+00 1.163199435200758414e+00 2.297762462887844886e+05 1.341945663479111681e+05 2.119061867894369352e+05 2.024956630664476543e+05 3.373438727159377304e+05 8.495246052309678635e+04 2.829887873824166733e-01 1.095251648808977479e+05 9.149184206756927340e-01 1.292640753207893249e+04 1.037715893481507612e+00 2.815722351049859426e+05 9.523948934020026354e+04
7.460463617625384359e+04 1.103910411099379417e+05 2.267667180534152430e+05 3.649262440683382447e+05 1.095249325183836772e+05 1.095250462431214110e+05 1.870762319469162321e+05 6.144386369164035568e+04 3.923372180216425913e+05 7.076795749644927855e+04 1.095249141573590605e+05 1.095250904575575551e+05 2.154906073030361440e+05 2.792106834202901882e+04 1.976205038382338826e+05 1.438580620551430620e+05 3.230583571786870598e+05 3.993320377887729410e+04 1.095251648808977479e+05 1.824817082791911162e+04 1.095252753219145234e+05 1.047632224679185019e+05 1.095252476235842623e+05 2.672866436651767581e+05 2.100053705733962852e+04
4.819296530632459326e+04 1.818195272361979005e+05 2.410522812030884379e+05 3.792119415467949002e+05 9.088675549398615994e-01 1.246540852576388803e+00 2.095251367497767787e+05 6.713033817571261898e+04 4.066227660537873744e+05 1.546738369027078443e+05 1.200943064175829633e+00 1.093681447076552793e+00 2.297763914399144705e+05 1.341944241664294968e+05 2.119061012251298525e+05 2.024957473266237066e+05 3.373438469150993042e+05 8.495232310930153471e+04 9.149184206756927340e-01 1.095252753219145234e+05 3.502438117064717860e-01 1.292648075409068588e+04 9.637086639849050673e-01 2.815721879824887146e+05 9.523938751938720816e+04
3.526740236362713767e+04 1.818196050583542674e+05 2.410521792351380282e+05 3.792118863043861929e+05 1.292623813857592904e+04 1.292633298941304020e+04 2.095251255787557166e+05 5.420502482252538175e+04 4.066227915596332750e+05 1.499117999988947995e+05 1.292616233072007162e+04 1.292646681604533296e+04 2.297762853343555180e+05 1.294326476071640645e+05 2.119062727681616088e+05 2.024956232329792983e+05 3.373440461123326677e+05 7.435959554390270205e+04 1.292640753207893249e+04 1.047632224679185019e+05 1.292648075409068588e+04 7.094657881999486563e+03 1.292656772908984567e+04 2.815723472304760362e+05 9.047756417810003040e+04
4.819292013039314770e+04 1.818194517224992451e+05 2.410522561553656124e+05 3.792118576831627288e+05 7.478187511479310601e-01 9.630247091897360390e-01 2.095251435862063372e+05 6.713033040087249537e+04 4.066225979871436721e+05 1.546738123072497547e+05 1.038775524422741459e+00 8.445426568174834170e-01 2.297762728766288492e+05 1.341944235683375155e+05 2.119059693257128529e+05 2.024956148204786004e+05 3.373437118914676830e+05 8.495228130984648305e+04 1.037715893481507612e+00 1.095252476235842623e+05 9.637086639849050673e-01 1.292656772908984567e+04 3.466985237197897085e-01 2.815720662853872636e+05 9.523936384547836496e+04
2.815723572744482663e+05 2.149057486823383661e+05 9.981068345420976402e+04 1.964205778662322555e+05 2.815719661562225665e+05 2.815721628556381329e+05 1.612616367960739881e+05 2.815722553977300995e+05 2.055163861730020726e+05 2.366745345856934728e+05 2.815721338053343352e+05 2.815719898304496892e+05 1.388722743518939824e+05 2.519427305738228606e+05 1.388853561591898324e+05 1.944822436243690609e+05 1.411500349922078312e+05 2.815721834118824918e+05 2.815722351049859426e+05 2.672866436651767581e+05 2.815721879824887146e+05 2.815723472304760362e+05 2.815720662853872636e+05 4.483383460600345279e+04 2.815723298187230248e+05
6.031884116858939524e+04 1.246767225174157502e+05 2.410523958478187851e+05 3.792121540991306538e+05 9.523904952711891383e+04 9.523943092403630726e+04 2.013618981722936733e+05 4.715801874031556508e+04 4.066228330459247227e+05 8.505390108446398517e+04 9.523927481541100133e+04 9.523924787012822344e+04 2.297764975045620231e+05 4.848019287554032053e+04 2.119060010115864279e+05 1.581437928319709317e+05 3.373440199695695192e+05 2.333608566480056106e+04 9.523948934020024899e+04 2.100053705733962488e+04 9.523938751938720816e+04 9.047756417810003040e+04 9.523936384547836496e+04 2.815723298187230248e+05 3.209707851612496055e-01
