2.493160353357671920e+04 9.267376343124044070e+04 5.415265891486492474e+05 1.487462304130809207e+05 1.366379142495048582e+05 1.487459127212989260e+05 1.487461258312825812e+05 1.487459904413393815e+05 1.487455149257304438e+05 1.487460922508297081e+05 1.487457484997716092e+05 1.471922195051497547e+05 1.062630561939934414e+05 1.092530052206284599e+05 1.487458053580077831e+05 6.196527315358414489e+04 1.145580484683546965e+05 4.050227399410025682e+05 1.471915024341869284e+05 1.487461097118284670e+05 1.960857792348079383e+05 2.848572645801189938e+05 1.487460307040024782e+05 1.487460197253143124e+05 1.487458332355106540e+05
9.267376343124044070e+04 2.374600258420758109e+04 5.534430654210280627e+05 8.899128684687823988e+04 7.688291157146515616e+04 8.899107606923473941e+04 8.899129535961628426e+04 8.899114435671269894e+04 8.899061782860041421e+04 8.899122260553925298e+04 8.899087424514377199e+04 8.743728841004814603e+04 1.455021224169087945e+05 4.643710156824079604e+04 8.899092273095836572e+04 4.763794223438302288e+04 5.383837214942804712e+04 4.233494286080840975e+05 8.743658267556854116e+04 8.899125742460181937e+04 2.265970501151538047e+05 3.145180041238057893e+05 8.899123696675011888e+04 8.899116570371792477e+04 8.899100934586630319e+04
5.415265891486492474e+05 5.534430654210280627e+05 1.639822578517255897e+05 5.748105733606765280e+05 5.748106120286772493e+05 5.748103946847534971e+05 5.748105545973191038e+05 5.748104669495878043e+05 5.748103017231536796e+05 5.748105646078562131e+05 5.748103191466347780e+05 5.748106043796450831e+05 5.186447474846850382e+05 5.577166002585880924e+05 5.748103562083223369e+05 5.491696259580272017e+05 5.577165864047874929e+05 3.786745130961014656e+05 5.748103191964528523e+05 5.748105375669096829e+05 4.700721470425795414e+05 4.256735872156369151e+05 5.748104666311388137e+05 5.748105181445234921e+05 5.748103854259775253e+05
1.487462304130809207e+05 8.899128684687823988e+04 5.748105733606767608e+05 6.563059267855527651e+03 2.920437091590896671e+04 2.564303338751850242e+04 1.087760291488342227e+04 2.564300902304362899e+04 2.564253353951665486e+04 1.709601591779819864e+04 1.709574029268983577e+04 1.701394696278508854e+04 1.921845295384146448e+05 6.513642413940717233e+04 2.564289569840119657e+04 1.152779960834639787e+05 4.931090570554396982e+04 4.447168439725695061e+05 2.564274395717527295e+04 1.700728870982987428e+04 2.537119188287206343e+05 3.358854485945609049e+05 1.686229698991648911e+04 2.564301125729698470e+04 2.564294302133850579e+04
1.366379142495048582e+05 7.688291157146512705e+04 5.748106120286772493e+05 2.920437091590896671e+04 8.367792911249292956e+03 2.920437900968429676e+04 2.920448315901184833e+04 2.920433735654388875e+04 2.920381067590434395e+04 2.920441877558853594e+04 2.920418690633220103e+04 2.222172626666368524e+04 1.853318359358205926e+05 5.302804560877081531e+04 2.920425171746874184e+04 1.031696741386779759e+05 3.939853833025668428e+04 4.447169089026637375e+05 2.764991704462607959e+04 2.907878722073090103e+04 2.537119239364285895e+05 3.358854900743218022e+05 2.920438382520445884e+04 2.920436776214070778e+04 2.920429337350224887e+04
1.487459127212988969e+05 8.899107606923473941e+04 5.748103946847536135e+05 2.564303338751850242e+04 2.920437900968429312e+04 8.197120263401491691e-01 2.564292735669478861e+04 1.613258307796845425e+00 1.278342772949809802e+00 2.564291455383556240e+04 8.548590118841419098e+03 2.564305601018861125e+04 1.921843187312879018e+05 6.513628909998820745e+04 1.544909903692723407e+00 1.152777749806564825e+05 5.164792444309560233e+04 4.447166675344211981e+05 1.555609612539592490e+03 2.280503887996894628e+04 2.537116553679012286e+05 3.358852415712631773e+05 1.202102475204697839e+04 1.618799949911903679e+00 1.555817301499468952e+00
1.487461258312825812e+05 8.899129535961628426e+04 5.748105545973191038e+05 1.087760291488342409e+04 2.920448315901184833e+04 2.564292735669479225e+04 8.032454219298810205e-01 2.564296270575428571e+04 2.564251794252966283e+04 1.709589169221960401e+04 1.709571301049547765e+04 1.864997245513778762e+04 1.921845491447899549e+05 6.513643709594188113e+04 2.564287668625795413e+04 1.152779898533051455e+05 5.164801307546436146e+04 4.447168671897581080e+05 2.564277372724711313e+04 1.655856895832361988e+04 2.537118737718979246e+05 3.358854251886291313e+05 1.709588754875700033e+04 2.564299276089972409e+04 2.564291990744056966e+04
1.487459904413393815e+05 8.899114435671269894e+04 5.748104669495878043e+05 2.564300902304363990e+04 2.920433735654389602e+04 1.613258307796845425e+00 2.564296270575428571e+04 8.078896181971723101e-01 1.311138015473252150e+00 2.564299373589028983e+04 8.548664239078601895e+03 2.564307246898292215e+04 1.921843681499010709e+05 6.513629634422456002e+04 1.643075116159395943e+00 1.152778358154376183e+05 5.164789341496643465e+04 4.447166677315207780e+05 1.555566482084492691e+03 2.280507438814230409e+04 2.537117122746530513e+05 3.358852882653380511e+05 1.202102396865950686e+04 1.588586240021765406e+00 1.606999120905660661e+00
1.487455149257304438e+05 8.899061782860041421e+04 5.748103017231536796e+05 2.564253353951666213e+04 2.920381067590434395e+04 1.278342772949809802e+00 2.564251794252966283e+04 1.311138015473252150e+00 5.145981671119151946e-01 2.564248460202013302e+04 8.548171466852427329e+03 2.564253781838713257e+04 1.921839379868859542e+05 6.513573807020590903e+04 1.190160654167731646e+00 1.152773145121784619e+05 5.164735675968011492e+04 4.447165019272578065e+05 1.555015757998643949e+03 2.280462819147218761e+04 2.537113104818657739e+05 3.358849854212050559e+05 1.202064024717358552e+04 1.300192653086192474e+00 1.222926738854859252e+00
1.487460922508297081e+05 8.899122260553925298e+04 5.748105646078563295e+05 1.709601591779820228e+04 2.920441877558852866e+04 2.564291455383556240e+04 1.709589169221960401e+04 2.564299373589028255e+04 2.564248460202012939e+04 8.827131508693588646e-01 1.709569734093213992e+04 1.865013153556631732e+04 1.921844898358051141e+05 6.513643746641550388e+04 2.564280933388064295e+04 1.152778999582825782e+05 5.164800138369503111e+04 4.447168957708960515e+05 2.564279790244327887e+04 3.662329888553897490e+03 2.537118261948761647e+05 3.358854691156461486e+05 1.415779401214016434e+04 2.564294355084928975e+04 2.564286511566195622e+04
1.487457484997716092e+05 8.899087424514377199e+04 5.748103191466348944e+05 1.709574029268983577e+04 2.920418690633220103e+04 8.548590118841419098e+03 1.709571301049547765e+04 8.548664239078601895e+03 8.548171466852427329e+03 1.709569734093214356e+04 7.438640087511509957e-01 1.864980637468480927e+04 1.921841408998277620e+05 6.513606967613444431e+04 8.548464640235981278e+03 1.152775760434028780e+05 5.164767728127943701e+04 4.447165924382663798e+05 8.548387132687586927e+03 1.425786067314411230e+04 2.537114468971459137e+05 3.358851059712930000e+05 3.473750551305392491e+03 8.548672052362913746e+03 8.548538359505599146e+03
1.471922195051497547e+05 8.743728841004813148e+04 5.748106043796451995e+05 1.701394696278508854e+04 2.222172626666368524e+04 2.564305601018861489e+04 1.864997245513778762e+04 2.564307246898292215e+04 2.564253781838712894e+04 1.865013153556631732e+04 1.864980637468480927e+04 9.106058377146742714e+03 1.914782204280007281e+05 6.358232075937204354e+04 2.564295460811438170e+04 1.137240219492479664e+05 4.775683367805866874e+04 4.447168980210897862e+05 2.536016355374215709e+04 1.860297075493876400e+04 2.537119321424870577e+05 3.358855036006612936e+05 1.841629002792315077e+04 2.564307840136445157e+04 2.564299941043346917e+04
1.062630561939934269e+05 1.455021224169087945e+05 5.186447474846850382e+05 1.921845295384146448e+05 1.853318359358205926e+05 1.921843187312879018e+05 1.921845491447899549e+05 1.921843681499010127e+05 1.921839379868859542e+05 1.921844898358051141e+05 1.921841408998277911e+05 1.914782204280007281e+05 5.702637072299677675e+04 1.533611754782423086e+05 1.921842343664653599e+05 1.276896252507742902e+05 1.640829206614810973e+05 3.957840237315610284e+05 1.914775768169162038e+05 1.921844657686276478e+05 1.347066753873525886e+05 2.665271793029067921e+05 1.921844165589316690e+05 1.921843517462819000e+05 1.921842680863499409e+05
1.092530052206284599e+05 4.643710156824079604e+04 5.577166002585880924e+05 6.513642413940717233e+04 5.302804560877081531e+04 6.513628909998820745e+04 6.513643709594188113e+04 6.513629634422456002e+04 6.513573807020592358e+04 6.513643746641550388e+04 6.513606967613444431e+04 6.358232075937204354e+04 1.533611754782423086e+05 1.241529408768170288e+04 6.513611767100382713e+04 7.527010810058843344e+04 2.744740031629802615e+04 4.276229208517271909e+05 6.358173843305659102e+04 6.513641249352836894e+04 2.336909797933383379e+05 3.187914825631290441e+05 6.513639591953051422e+04 6.513631844021497091e+04 6.513619226012215222e+04
1.487458053580078122e+05 8.899092273095839482e+04 5.748103562083224533e+05 2.564289569840120384e+04 2.920425171746874912e+04 1.544909903692723407e+00 2.564287668625795777e+04 1.643075116159395943e+00 1.190160654167731646e+00 2.564280933388064659e+04 8.548464640235981278e+03 2.564295460811438898e+04 1.921842343664653599e+05 6.513611767100382713e+04 7.995439765415459643e-01 1.152775962828314223e+05 5.164775311599927954e+04 4.447166106726675644e+05 1.555449864530927471e+03 2.280501175529204920e+04 2.537115721211392374e+05 3.358851632295666495e+05 1.202100627708954744e+04 1.675790746582781487e+00 1.383979265423973093e+00
6.196527315358414489e+04 4.763794223438303015e+04 5.491696259580273181e+05 1.152779960834639787e+05 1.031696741386779759e+05 1.152777749806564825e+05 1.152779898533051310e+05 1.152778358154376183e+05 1.152773145121784473e+05 1.152778999582825782e+05 1.152775760434028780e+05 1.137240219492479664e+05 1.276896252507742902e+05 7.527010810058843344e+04 1.152775962828313932e+05 3.332600886025376531e+04 8.094281050007554586e+04 4.169391873855247395e+05 1.137233101009559032e+05 1.152779418779417319e+05 2.142268695128873223e+05 3.033556600775355473e+05 1.152779095130830683e+05 1.152778561620316323e+05 1.152776711360848276e+05
1.145580484683546965e+05 5.383837214942804712e+04 5.577165864047874929e+05 4.931090570554396982e+04 3.939853833025668428e+04 5.164792444309560233e+04 5.164801307546436146e+04 5.164789341496643465e+04 5.164735675968011492e+04 5.164800138369503111e+04 5.164767728127943701e+04 4.775683367805866874e+04 1.640829206614810973e+05 2.744740031629802615e+04 5.164775311599927954e+04 8.094281050007554586e+04 1.001414545610374262e+04 4.276228723857188015e+05 5.009338022390431433e+04 5.164798178424404614e+04 2.366178052769696224e+05 3.187914536604007590e+05 5.131406507676834735e+04 5.164792051440798241e+04 5.164776571699631313e+04
4.050227399410025682e+05 4.233494286080840975e+05 3.786745130961014656e+05 4.447168439725695061e+05 4.447169089026636793e+05 4.447166675344210234e+05 4.447168671897580498e+05 4.447166677315207780e+05 4.447165019272579229e+05 4.447168957708960515e+05 4.447165924382663798e+05 4.447168980210896698e+05 3.957840237315610284e+05 4.276229208517270745e+05 4.447166106726675644e+05 4.169391873855247395e+05 4.276228723857186269e+05 1.107747068322366540e+05 4.447165337326890440e+05 4.447168100919981953e+05 3.577630390852302662e+05 2.686050999680622481e+05 4.447168106914665550e+05 4.447167113144837203e+05 4.447166181729283999e+05
1.471915024341869284e+05 8.743658267556854116e+04 5.748103191964529688e+05 2.564274395717527295e+04 2.764991704462607959e+04 1.555609612539592490e+03 2.564277372724711313e+04 1.555566482084492691e+03 1.555015757998643949e+03 2.564279790244327887e+04 8.548387132687586927e+03 2.536016355374216437e+04 1.914775768169162038e+05 6.358173843305659102e+04 1.555449864530927471e+03 1.137233101009559032e+05 5.009338022390432161e+04 4.447165337326890440e+05 2.543578684449171305e+03 2.280488240337404204e+04 2.537113529999952880e+05 3.358850367561384919e+05 1.202096537234772222e+04 1.555615270045215993e+03 1.555513101359758366e+03
1.487461097118284379e+05 8.899125742460180481e+04 5.748105375669096829e+05 1.700728870982987428e+04 2.907878722073089375e+04 2.280503887996894628e+04 1.655856895832361988e+04 2.280507438814230409e+04 2.280462819147218761e+04 3.662329888553897945e+03 1.425786067314411230e+04 1.860297075493876400e+04 1.921844657686275896e+05 6.513641249352836894e+04 2.280501175529204556e+04 1.152779418779417319e+05 5.164798178424404614e+04 4.447168100919981953e+05 2.280488240337404204e+04 4.768827835438542024e+03 2.537117902651657059e+05 3.358854006954276701e+05 1.131985292278808811e+04 2.280499642388850771e+04 2.280500914885327074e+04
1.960857792348079383e+05 2.265970501151538047e+05 4.700721470425795414e+05 2.537119188287206925e+05 2.537119239364285895e+05 2.537116553679012286e+05 2.537118737718979246e+05 2.537117122746529931e+05 2.537113104818657448e+05 2.537118261948761647e+05 2.537114468971459137e+05 2.537119321424870868e+05 1.347066753873526177e+05 2.336909797933383379e+05 2.537115721211392374e+05 2.142268695128872932e+05 2.366178052769696224e+05 3.577630390852302662e+05 2.537113529999952880e+05 2.537117902651657059e+05 5.775607991531680455e+04 2.218306632831410971e+05 2.537117232250742090e+05 2.537117188299191184e+05 2.537116228159918974e+05
2.848572645801190520e+05 3.145180041238057893e+05 4.256735872156369151e+05 3.358854485945609049e+05 3.358854900743218022e+05 3.358852415712631773e+05 3.358854251886291313e+05 3.358852882653380511e+05 3.358849854212050559e+05 3.358854691156461486e+05 3.358851059712930000e+05 3.358855036006612936e+05 2.665271793029067921e+05 3.187914825631290441e+05 3.358851632295666495e+05 3.033556600775355473e+05 3.187914536604007590e+05 2.686050999680623063e+05 3.358850367561384919e+05 3.358854006954276701e+05 2.218306632831410971e+05 1.261702742794671067e+05 3.358853807662351173e+05 3.358853063041885616e+05 3.358852085194289102e+05
1.487460307040024491e+05 8.899123696675010433e+04 5.748104666311388137e+05 1.686229698991648911e+04 2.920438382520445884e+04 1.202102475204697839e+04 1.709588754875700033e+04 1.202102396865950686e+04 1.202064024717358916e+04 1.415779401214016434e+04 3.473750551305392491e+03 1.841629002792315077e+04 1.921844165589316690e+05 6.513639591953051422e+04 1.202100627708954744e+04 1.152779095130830683e+05 5.131406507676834735e+04 4.447168106914665550e+05 1.202096537234772222e+04 1.131985292278809175e+04 2.537117232250742090e+05 3.358853807662351173e+05 4.491435167415563228e+03 1.202101668486810013e+04 1.202101357646023098e+04
1.487460197253143124e+05 8.899116570371792477e+04 5.748105181445234921e+05 2.564301125729698470e+04 2.920436776214070414e+04 1.618799949911903679e+00 2.564299276089971318e+04 1.588586240021765406e+00 1.300192653086192474e+00 2.564294355084928975e+04 8.548672052362913746e+03 2.564307840136445157e+04 1.921843517462819000e+05 6.513631844021497091e+04 1.675790746582781487e+00 1.152778561620316323e+05 5.164792051440798241e+04 4.447167113144837203e+05 1.555615270045215766e+03 2.280499642388850771e+04 2.537117188299191766e+05 3.358853063041885616e+05 1.202101668486810013e+04 8.105559015468696282e-01 1.672048831993949713e+00
1.487458332355106540e+05 8.899100934586630319e+04 5.748103854259776417e+05 2.564294302133850579e+04 2.920429337350224887e+04 1.555817301499468952e+00 2.564291990744056602e+04 1.606999120905660439e+00 1.222926738854859252e+00 2.564286511566195622e+04 8.548538359505599146e+03 2.564299941043346917e+04 1.921842680863499409e+05 6.513619226012215222e+04 1.383979265423973093e+00 1.152776711360848276e+05 5.164776571699632041e+04 4.447166181729284581e+05 1.555513101359758366e+03 2.280500914885326711e+04 2.537116228159918974e+05 3.358852085194289102e+05 1.202101357646023098e+04 1.672048831993949713e+00 7.848684305472296563e-01
