2.735502788135391529e+04 5.811789718668812566e+04 8.471385955518991977e+04 3.930360763009364600e+05 1.493316360578043968e+05 7.762179662428634765e+04 5.187731026238424238e+04 1.918847249882721808e+05 3.208494051022418425e+05 8.471355344014878210e+04 4.394314542134746443e+05 3.544142690048825461e+05 2.817292366399826642e+04 6.343702489562153642e+04 5.811813530988935236e+04 7.407560017265337228e+04 7.103579653623185004e+04 6.166420679718796600e+04 7.407560134315448522e+04 8.072456394146413368e+04 2.845322950069264043e+05 2.565879351557851187e+05 1.120642381565081305e+05 5.811810527277036454e+04 1.980941436397408834e+05
5.811789718668812566e+04 3.171339405348926888e-01 3.191608037915310342e+04 4.105107560792552540e+05 1.808522813329084020e+05 3.900829304912846419e+04 8.954018981269592769e+04 2.234054731358364224e+05 3.470507045931575703e+05 3.191574960912095048e+04 4.553886867738756700e+05 3.806157022231523879e+05 8.510767352255180595e+04 5.319283986762009590e+04 9.692436421725929563e-01 1.595835625246850032e+04 4.559410292378543090e+04 3.546916626747949067e+03 4.255459878536709584e+04 2.393717278578597688e+04 3.107336021875842125e+05 2.827894253616937203e+05 1.435846616045919363e+05 1.064012384047513082e+00 2.282848969219011196e+05
8.471385955518991977e+04 3.191608037915310342e+04 4.099511931500918749e-01 4.105109152266395395e+05 1.879446276288859663e+05 7.093389037165975424e+03 1.108172609724601789e+05 2.234056094497465529e+05 3.470508133804671816e+05 8.104594975807469792e-01 4.553886127351821051e+05 3.806156182476285612e+05 1.063844785564616177e+05 2.127814131585894211e+04 3.191621315636500003e+04 1.595860649838318750e+04 1.367925491195646828e+04 2.836998902045955765e+04 1.063954212500192443e+04 7.979790284836790306e+03 3.107338592654335080e+05 2.827895231386361993e+05 1.542233497393643775e+05 3.191611688474986295e+04 2.282852335408312501e+05
3.930360763009364600e+05 4.105107560792551958e+05 4.105109152266395395e+05 6.125123565446453722e+04 3.375700082343455870e+05 4.105109181274205330e+05 3.770201736113126390e+05 3.025523094497849233e+05 1.972393125439065916e+05 4.105108392410883680e+05 1.899472967808087706e+05 1.613793816000763327e+05 3.770202310094277491e+05 4.105111109019294963e+05 4.105108008252381696e+05 4.105107944314992637e+05 4.105111635854929918e+05 4.105107666528734844e+05 4.105110552532013971e+05 4.105107528491565026e+05 2.234156649832847179e+05 2.442839438196592382e+05 3.451052663385565975e+05 4.105109145612103748e+05 2.865946156823317287e+05
1.493316360578043968e+05 1.808522813329083729e+05 1.879446276288859954e+05 3.375700082343455288e+05 3.409469265250155149e+04 1.879447969171178993e+05 1.020361300124583795e+05 6.362167462189993239e+04 2.544093016639506968e+05 1.879443417236662353e+05 3.733853390694670961e+05 2.986125109002622776e+05 1.264788651349727588e+05 1.879448168594528106e+05 1.808525683758341765e+05 1.879446519940863072e+05 1.879447476629586308e+05 1.832164788519400463e+05 1.879446355659495166e+05 1.879446433501642896e+05 2.092270342008724401e+05 1.747812988182484987e+05 5.145325460957804898e+04 1.808523900749861496e+05 1.013510724406292575e+05
7.762179662428634765e+04 3.900829304912846419e+04 7.093389037165975424e+03 4.105109181274205912e+05 1.879447969171178993e+05 4.728599207471802401e+03 1.108172011086648126e+05 2.234057959036313696e+05 3.470508691038067336e+05 7.093313394041732863e+03 4.553889026683885022e+05 3.806158462459308794e+05 1.000804691333937371e+05 1.418586276614401686e+04 3.900844850440552545e+04 2.305091088331800711e+04 6.587086480994285012e+03 3.546225764808475651e+04 3.547415855914628537e+03 1.507217718911898555e+04 3.107338121896473458e+05 2.827896569804828614e+05 1.542233118036582309e+05 3.900851813194332499e+04 2.282851270762572240e+05
5.187731026238424238e+04 8.954018981269592769e+04 1.108172609724601789e+05 3.770201736113126972e+05 1.020361300124583795e+05 1.108172011086648126e+05 1.468537672940491757e+04 1.486301721404246346e+05 3.044979387200169149e+05 1.108169095832442108e+05 4.234741215450348682e+05 3.380629242492101039e+05 2.592168954135379681e+04 1.077775684725861938e+05 8.954045384289875801e+04 1.054978619514265156e+05 1.099487399412719678e+05 9.308650088257242169e+04 1.108172754919928993e+05 1.108170005064740981e+05 2.644868956219837419e+05 2.310759009441836679e+05 6.329096851264795987e+04 8.954058909169823164e+04 1.626824092868946318e+05
1.918847249882721808e+05 2.234054731358364224e+05 2.234056094497465529e+05 3.025523094497849816e+05 6.362167462189993239e+04 2.234057959036313696e+05 1.486301721404246346e+05 4.157511332623304042e+03 2.187403073232761235e+05 2.234053188085035654e+05 3.383675764272537199e+05 2.635947818089884240e+05 1.690322318075867952e+05 2.234057212527968513e+05 2.234057588265988743e+05 2.234056153768325748e+05 2.234056616557333909e+05 2.234055615470058983e+05 2.234056713323740987e+05 2.234056101585886790e+05 1.722044929694139573e+05 1.381468519998798147e+05 1.065950659753418586e+05 2.234055834226321895e+05 4.920226961939029570e+04
3.208494051022419590e+05 3.470507045931575703e+05 3.470508133804671816e+05 1.972393125439065916e+05 2.544093016639506968e+05 3.470508691038067336e+05 3.044979387200169149e+05 2.187403073232761235e+05 4.253589998698807904e+04 3.470507777763738413e+05 2.411639996460229449e+05 1.484934187573389790e+05 3.044980030162312905e+05 3.470511173865535529e+05 3.470507565082113142e+05 3.470506614553394611e+05 3.470511574891040800e+05 3.470506462086461834e+05 3.470510100760828936e+05 3.470507046531534288e+05 1.188799671195697447e+05 1.703752355194953270e+05 2.832212491335787927e+05 3.470509524639271549e+05 2.201514311588303244e+05
8.471355344014878210e+04 3.191574960912095048e+04 8.104594975807469792e-01 4.105108392410883680e+05 1.879443417236662353e+05 7.093313394041732863e+03 1.108169095832442108e+05 2.234053188085035654e+05 3.470507777763738413e+05 2.604254006316223946e-01 4.553885697200904833e+05 3.806155914734225953e+05 1.063841755238539481e+05 2.127787200699398090e+04 3.191608089719636337e+04 1.595839989303695620e+04 1.367896281302382340e+04 2.836973224649342956e+04 1.063936974430750342e+04 7.979613909092915492e+03 3.107336689239222906e+05 2.827893195321296225e+05 1.542230447668432898e+05 3.191600805432089328e+04 2.282849839925462147e+05
4.394314542134746443e+05 4.553886867738756700e+05 4.553886127351821051e+05 1.899472967808087706e+05 3.733853390694670961e+05 4.553889026683885022e+05 4.234741215450348100e+05 3.383675764272537199e+05 2.411639996460229449e+05 4.553885697200905997e+05 6.184685610973212169e+04 2.233691423185146705e+05 4.234740176211071084e+05 4.553889310371827451e+05 4.553887898934045224e+05 4.553887817697310238e+05 4.553888144501222996e+05 4.553887331549289520e+05 4.553887415124850813e+05 4.553886887536443537e+05 2.608566576968862501e+05 3.013759240797858802e+05 4.021975941577502526e+05 4.553886671624805895e+05 3.436870501270173700e+05
3.544142690048825461e+05 3.806157022231523879e+05 3.806156182476285612e+05 1.613793816000763327e+05 2.986125109002622776e+05 3.806158462459308794e+05 3.380629242492101039e+05 2.635947818089884240e+05 1.484934187573389790e+05 3.806155914734225953e+05 2.233691423185146705e+05 4.104275383728192537e+04 3.380628335251807002e+05 3.806158823308401625e+05 3.806158455787198618e+05 3.806157097945778514e+05 3.806159071266637184e+05 3.806157393110353150e+05 3.806158088372355560e+05 3.806156908941309084e+05 1.761396040495768830e+05 2.053265052845097089e+05 3.061480168710572179e+05 3.806156853964153561e+05 2.476374968223722244e+05
2.817292366399826642e+04 8.510767352255180595e+04 1.063844785564616177e+05 3.770202310094277491e+05 1.264788651349727588e+05 1.000804691333937371e+05 2.592168954135380045e+04 1.690322318075867952e+05 3.044980030162312905e+05 1.063841755238539481e+05 4.234740176211071084e+05 3.380628335251807002e+05 2.101831748096305546e+03 8.628982649147903430e+04 8.510796752416476374e+04 1.010653687399926421e+05 9.388859435895367642e+04 8.865399520627943275e+04 9.692826891328193597e+04 1.063845397970905906e+05 2.681808902723886422e+05 2.397110904537497554e+05 8.921157526732735278e+04 8.510785319352849911e+04 1.765713857631438004e+05
6.343702489562153642e+04 5.319283986762009590e+04 2.127814131585894211e+04 4.105111109019294963e+05 1.879448168594528106e+05 1.418586276614401686e+04 1.077775684725861938e+05 2.234057212527968513e+05 3.470511173865535529e+05 2.127787200699398090e+04 4.553889310371827451e+05 3.806158823308401625e+05 8.628982649147903430e+04 4.620487839322895418e-01 5.319311811649205629e+04 3.723550710965144390e+04 7.599941491884650532e+03 4.964685119187277451e+04 1.063976640168632730e+04 2.925680902664341193e+04 3.107339251328061218e+05 2.827897259716730914e+05 1.542233566716861096e+05 5.319312536706256651e+04 2.282851684567636112e+05
5.811813530988935236e+04 9.692436421725929563e-01 3.191621315636500003e+04 4.105108008252381696e+05 1.808525683758341765e+05 3.900844850440551818e+04 8.954045384289875801e+04 2.234057588265988743e+05 3.470507565082113142e+05 3.191608089719636337e+04 4.553887898934045224e+05 3.806158455787198618e+05 8.510796752416474919e+04 5.319311811649205629e+04 4.244825711215570174e-01 1.595857974171285241e+04 4.559437495071570447e+04 3.547102043589592085e+03 4.255480490300180099e+04 2.393734557228251651e+04 3.107338267759037553e+05 2.827897352886843728e+05 1.435849007457854459e+05 1.126016297214381678e+00 2.282851714582270361e+05
7.407560017265337228e+04 1.595835625246850032e+04 1.595860649838318750e+04 4.105107944314993219e+05 1.879446519940863072e+05 2.305091088331799983e+04 1.054978619514265156e+05 2.234056153768325748e+05 3.470506614553395775e+05 1.595839989303695620e+04 4.553887817697310238e+05 3.806157097945778514e+05 1.010653687399926421e+05 3.723550710965144390e+04 1.595857974171285241e+04 5.319467604183716503e+03 2.963679450153066500e+04 1.241217286233009509e+04 2.659719877469141647e+04 7.979507525360696491e+03 3.107336744624802959e+05 2.827895495653272374e+05 1.542231542944456160e+05 1.595874057566466217e+04 2.282850155940848053e+05
7.103579653623185004e+04 4.559410292378543090e+04 1.367925491195646828e+04 4.105111635854929918e+05 1.879447476629586599e+05 6.587086480994285012e+03 1.099487399412719678e+05 2.234056616557333909e+05 3.470511574891040800e+05 1.367896281302382340e+04 4.553888144501222996e+05 3.806159071266637184e+05 9.388859435895367642e+04 7.599941491884650532e+03 4.559437495071570447e+04 2.963679450153066500e+04 4.342606120593238302e+03 4.204810327365389094e+04 3.040733576012585672e+03 2.165805253231410825e+04 3.107339717006732826e+05 2.827896586397337378e+05 1.542233850060359982e+05 4.559431582974839694e+04 2.282853124333299347e+05
6.166420679718796600e+04 3.546916626747949067e+03 2.836998902045955765e+04 4.105107666528734844e+05 1.832164788519400463e+05 3.546225764808475651e+04 9.308650088257242169e+04 2.234055615470058983e+05 3.470506462086461252e+05 2.836973224649342956e+04 4.553887331549289520e+05 3.806157393110353150e+05 8.865399520627943275e+04 4.964685119187277451e+04 3.547102043589592085e+03 1.241217286233009509e+04 4.204810327365389094e+04 4.728491447263127156e+03 3.900852222904051450e+04 2.039098512204910730e+04 3.107335872651689569e+05 2.827894789561599027e+05 1.471308911100499681e+05 3.547273255281498223e+03 2.282849705105531029e+05
7.407560134315448522e+04 4.255459878536708129e+04 1.063954212500192443e+04 4.105110552532013971e+05 1.879446355659495457e+05 3.547415855914628537e+03 1.108172754919928993e+05 2.234056713323740987e+05 3.470510100760828936e+05 1.063936974430750342e+04 4.553887415124850231e+05 3.806158088372355560e+05 9.692826891328193597e+04 1.063976640168632730e+04 4.255480490300180099e+04 2.659719877469141647e+04 3.040733576012585672e+03 3.900852222904051450e+04 3.703503616194054326e-01 1.861846817756215387e+04 3.107339709394641686e+05 2.827895951662395382e+05 1.542233475507227704e+05 4.255466677797709417e+04 2.282853810038150114e+05
8.072456394146413368e+04 2.393717278578597688e+04 7.979790284836790306e+03 4.105107528491565026e+05 1.879446433501643187e+05 1.507217718911898555e+04 1.108170005064740981e+05 2.234056101585886790e+05 3.470507046531534288e+05 7.979613909092915492e+03 4.553886887536443537e+05 3.806156908941309084e+05 1.063845397970905906e+05 2.925680902664341193e+04 2.393734557228251651e+04 7.979507525360696491e+03 2.165805253231410825e+04 2.039098512204910730e+04 1.861846817756215387e+04 3.989728741796094255e+03 3.107336575761245331e+05 2.827895445002098568e+05 1.542231445990552311e+05 2.393746459945673269e+04 2.282850250664093473e+05
2.845322950069264625e+05 3.107336021875842125e+05 3.107338592654335080e+05 2.234156649832847179e+05 2.092270342008724401e+05 3.107338121896474040e+05 2.644868956219837419e+05 1.722044929694139282e+05 1.188799671195697447e+05 3.107336689239222324e+05 2.608566576968862209e+05 1.761396040495768830e+05 2.681808902723886422e+05 3.107339251328061218e+05 3.107338267759037553e+05 3.107336744624802959e+05 3.107339717006732826e+05 3.107335872651689569e+05 3.107339709394642268e+05 3.107336575761245331e+05 2.779943829320211444e+04 1.101082479638202640e+05 2.380388693492753955e+05 3.107338900048926007e+05 1.658852291992114333e+05
2.565879351557851187e+05 2.827894253616937203e+05 2.827895231386361993e+05 2.442839438196591800e+05 1.747812988182484987e+05 2.827896569804828614e+05 2.310759009441836970e+05 1.381468519998798147e+05 1.703752355194953270e+05 2.827893195321296225e+05 3.013759240797858802e+05 2.053265052845096798e+05 2.397110904537497554e+05 2.827897259716730914e+05 2.827897352886843728e+05 2.827895495653272374e+05 2.827896586397337378e+05 2.827894789561599027e+05 2.827895951662395382e+05 2.827895445002098568e+05 1.101082479638202640e+05 2.947471100138460315e+04 1.823169426217673172e+05 2.827894945877879509e+05 1.035397604233410966e+05
1.120642381565081305e+05 1.435846616045919363e+05 1.542233497393643775e+05 3.451052663385565393e+05 5.145325460957804898e+04 1.542233118036582309e+05 6.329096851264795987e+04 1.065950659753418586e+05 2.832212491335787927e+05 1.542230447668432898e+05 4.021975941577502526e+05 3.061480168710572179e+05 8.921157526732735278e+04 1.542233566716861096e+05 1.435849007457854459e+05 1.542231542944456160e+05 1.542233850060359982e+05 1.471308911100499681e+05 1.542233475507227704e+05 1.542231445990552311e+05 2.380388693492753955e+05 1.823169426217673172e+05 6.889752975411002808e+03 1.435850764435663878e+05 1.137476095511362946e+05
5.811810527277036454e+04 1.064012384047513082e+00 3.191611688474986295e+04 4.105109145612103748e+05 1.808523900749861496e+05 3.900851813194332499e+04 8.954058909169823164e+04 2.234055834226321895e+05 3.470509524639271549e+05 3.191600805432089328e+04 4.553886671624805895e+05 3.806156853964153561e+05 8.510785319352849911e+04 5.319312536706256651e+04 1.126016297214381678e+00 1.595874057566466217e+04 4.559431582974839694e+04 3.547273255281498223e+03 4.255466677797709417e+04 2.393746459945673269e+04 3.107338900048926007e+05 2.827894945877879509e+05 1.435850764435663878e+05 3.887712859066966842e-01 2.282852719061446260e+05
1.980941436397408834e+05 2.282848969219011196e+05 2.282852335408312501e+05 2.865946156823317870e+05 1.013510724406292575e+05 2.282851270762572240e+05 1.626824092868945736e+05 4.920226961939029570e+04 2.201514311588303244e+05 2.282849839925462438e+05 3.436870501270173700e+05 2.476374968223722535e+05 1.765713857631438004e+05 2.282851684567636112e+05 2.282851714582270361e+05 2.282850155940848053e+05 2.282853124333299347e+05 2.282849705105531029e+05 2.282853810038150114e+05 2.282850250664093764e+05 1.658852291992114333e+05 1.035397604233410966e+05 1.137476095511362946e+05 2.282852719061446260e+05 1.931686872956345178e+04
