8.023756024466366398e+03 6.203686166667808720e+04 4.593071767749742139e+05 1.075049047870884242e+05 3.272810221630375236e+04 1.798095368584941316e+05 1.583946732851510751e+05 4.925724090112940030e+04 1.263702873981250596e+05 4.925728375860227970e+04 8.294471433092106599e+04 2.602344878452474586e+04 1.465324113027800049e+05 3.838072784736793838e+05 1.397782265052133516e+04 4.374753161235074367e+04 3.223641834433013719e+04 2.124805757219328370e+05 1.061814684588196178e+04 1.838677585201455076e+04 4.030078074218294205e+04 3.270488038311831042e+04 3.145456571574471309e+05 4.925715295907638210e+04 2.607941762366071052e+05
6.203686166667808720e+04 6.011686978310673112e+03 4.381868907051132992e+05 6.403845155637124117e+04 8.354713608916662633e+04 1.586892443698421703e+05 1.372744577962430194e+05 6.701841815936677449e+04 9.127899298927209747e+04 6.701851034387867549e+04 3.124349636948886473e+04 7.986442523273844563e+04 1.228820965170339914e+05 3.626871109962325427e+05 7.095021029304465628e+04 7.252797915803095384e+04 8.354749753592358320e+04 1.913603953148336732e+05 5.462185048820299562e+04 7.371568736112202168e+04 2.297421641431352327e+04 8.354749337400132208e+04 2.934254407695091213e+05 6.701822689109119528e+04 2.396739775336362363e+05
4.593071767749742139e+05 4.381868907051132992e+05 1.008176442065023293e+05 4.179848271003337577e+05 4.593068644590611802e+05 3.851526170753219048e+05 3.931735672223950969e+05 4.593069533100835979e+05 4.110978545691317995e+05 4.593069590312606888e+05 4.315622059875975829e+05 4.593070739089247654e+05 3.965610191066109110e+05 2.395671831386990962e+05 4.593071293296050862e+05 4.593068870434584678e+05 4.593070681264860905e+05 3.619554475570930517e+05 4.593070963885344099e+05 4.593071379629314761e+05 4.489765988984982250e+05 4.593070262705708155e+05 2.861415184579781489e+05 4.593068582356841071e+05 3.306065398736809730e+05
1.075049047870884242e+05 6.403845155637124117e+04 4.179848271003337577e+05 1.060265628976361404e+04 1.128172575228450005e+05 1.305594486821094324e+05 1.080661301331389113e+05 9.628850919804992736e+04 4.285270831812299730e+04 9.628860731248604134e+04 4.232546943968621781e+04 1.128176246219748427e+05 8.618758626548529719e+04 3.424852180534887011e+05 1.126171433455553779e+05 1.017981034764755605e+05 1.128176970257120411e+05 1.709875517019659746e+05 1.045531757969534519e+05 1.128176897685655567e+05 7.769366854375859839e+04 1.128176553429349005e+05 2.732234303106243024e+05 9.628830870554131980e+04 2.194720231812718848e+05
3.272810221630375236e+04 8.354713608916662633e+04 4.593068644590611802e+05 1.128172575228450005e+05 3.945983510687898765e-01 1.798090115060652606e+05 1.583943901702545118e+05 1.653006627473577828e+04 1.316424860808779194e+05 1.653015236559006371e+04 9.603694901181204477e+04 1.135844704628347063e+04 1.475440106866921706e+05 3.838070874654641957e+05 2.499530346733319311e+04 1.102018036694659168e+04 4.133462591318007981e+03 2.124801216499877337e+05 3.719146349210754124e+04 1.972344747347948214e+04 6.405106673885713099e+04 1.978753930144573303e+02 3.145453368877381436e+05 1.652982676066340719e+04 2.607938260962746572e+05
1.798095368584941316e+05 1.586892443698421703e+05 3.851526170753219048e+05 1.305594486821094324e+05 1.798090115060652606e+05 3.415634784898677026e+04 6.730770770542866376e+04 1.798091872606097895e+05 1.105855313254315552e+05 1.798092566801981593e+05 1.508853480998055311e+05 1.798093510642749607e+05 8.197649842252218514e+04 3.092856545875462471e+05 1.798094449344182794e+05 1.798090879161618941e+05 1.798094075587927364e+05 9.586010722615910345e+04 1.798094163177636510e+05 1.798094011712324573e+05 1.694789346837488702e+05 1.798093135372824036e+05 2.375945747937749547e+05 1.798090630173310929e+05 1.714680118747588713e+05
1.583946732851510751e+05 1.372744577962430194e+05 3.931735672223950969e+05 1.080661301331389113e+05 1.583943901702545118e+05 6.730770770542866376e+04 1.523083415906501432e+04 1.583944457422792329e+05 8.697953409232820559e+04 1.583945434174607508e+05 1.292249219295174844e+05 1.583947486977349326e+05 5.661673693831280252e+04 3.176736584986653761e+05 1.583947438431874325e+05 1.583944951463777688e+05 1.583946407763967873e+05 1.206169775984789012e+05 1.583948419055134873e+05 1.583947238712791586e+05 1.480641901593454822e+05 1.583945779028543038e+05 2.465936302101609763e+05 1.583944184973279189e+05 1.842708332035056665e+05
4.925724090112940030e+04 6.701841815936677449e+04 4.593069533100835979e+05 9.628850919804992736e+04 1.653006627473577828e+04 1.798091872606098186e+05 1.583944457422792329e+05 5.641996878814105054e-01 1.206234066465974902e+05 1.089884296998955060e+00 7.950819349968673487e+04 2.788772014883773227e+04 1.475441572181801021e+05 3.838070853700748412e+05 4.152457872000755015e+04 5.510776047377532450e+03 2.066260750663359067e+04 2.124801707060255867e+05 5.372064959265194193e+04 3.625260448564628314e+04 4.752224194910522056e+04 1.672706586216839059e+04 3.145453204709964921e+05 1.055684252851129878e+00 2.607938606369689805e+05
1.263702873981250596e+05 9.127899298927208292e+04 4.110978545691317995e+05 4.285270831812299730e+04 1.316424860808779194e+05 1.105855313254315552e+05 8.697953409232820559e+04 1.206234066465974902e+05 2.364267605311785519e+04 1.206235176602046267e+05 7.418171942740566737e+04 1.316428861670419574e+05 5.766752996390857879e+04 3.355981885847082594e+05 1.314442707267145452e+05 1.242964347942481691e+05 1.316428923504872364e+05 1.547129136425537290e+05 1.234185752915251942e+05 1.316429840592466935e+05 1.020687179648038291e+05 1.316428583675501286e+05 2.663364149081307114e+05 1.206231848940132040e+05 2.092960819928429846e+05
4.925728375860228698e+04 6.701851034387867549e+04 4.593069590312606888e+05 9.628860731248604134e+04 1.653015236559006371e+04 1.798092566801981593e+05 1.583945434174607508e+05 1.089884296998955060e+00 1.206235176602046267e+05 5.965883131892408819e-01 7.950827016590684070e+04 2.788775318349134250e+04 1.475442457003749441e+05 3.838070902780913166e+05 4.152463934395329125e+04 5.510869265525031551e+03 2.066263623078745513e+04 2.124802366318757122e+05 5.372074386583330488e+04 3.625270355968728109e+04 4.752232526397937181e+04 1.672702140621171202e+04 3.145453604372448754e+05 1.178572416309884963e+00 2.607939189527133130e+05
8.294471433092106599e+04 3.124349636948886473e+04 4.315622059875975829e+05 4.232546943968621781e+04 9.603694901181204477e+04 1.508853480998055311e+05 1.292249219295174844e+05 7.950819349968673487e+04 7.418171942740566737e+04 7.950827016590684070e+04 1.232652814112461056e+04 9.376024539254826959e+04 1.106676629576831474e+05 3.560624066853197874e+05 8.845814148292581376e+04 8.501778193526992982e+04 9.603735022872471018e+04 1.847357312020465615e+05 7.911287708397101960e+04 9.033926682946298388e+04 5.043311509139588452e+04 9.603727899975399487e+04 2.868007871038722806e+05 7.950798809546379198e+04 2.330493345754727779e+05
2.602344878452474586e+04 7.986442523273844563e+04 4.593070739089248818e+05 1.128176246219748573e+05 1.135844704628347063e+04 1.798093510642749898e+05 1.583947486977349618e+05 2.788772014883773227e+04 1.316428861670419574e+05 2.788775318349134250e+04 9.376024539254826959e+04 5.047256376560918397e+03 1.475444017290419433e+05 3.838072972556118038e+05 1.363829959897989283e+04 2.237788704244085238e+04 7.226408106813612903e+03 2.124804745156724239e+05 3.350871545027220418e+04 8.366274516664148905e+03 6.036831748128565960e+04 1.116187129315959282e+04 3.145455885595401633e+05 2.788757816271676711e+04 2.607941346542154497e+05
1.465324113027800049e+05 1.228820965170339914e+05 3.965610191066110274e+05 8.618758626548529719e+04 1.475440106866921706e+05 8.197649842252218514e+04 5.661673693831280252e+04 1.475441572181801021e+05 5.766752996390857879e+04 1.475442457003749441e+05 1.106676629576831474e+05 1.475444017290419433e+05 2.349712023400490943e+04 3.210615459179339232e+05 1.475444110153783113e+05 1.475441159757245041e+05 1.475443307593667996e+05 1.364956850344997656e+05 1.440025587825271359e+05 1.475443931399247376e+05 1.336719760266508383e+05 1.475443044364230591e+05 2.505882340532134112e+05 1.475439742715011816e+05 1.917044815074167855e+05
3.838072784736793838e+05 3.626871109962325427e+05 2.395671831386990671e+05 3.424852180534886429e+05 3.838070874654642539e+05 3.092856545875461888e+05 3.176736584986653179e+05 3.838070853700748412e+05 3.355981885847082012e+05 3.838070902780913166e+05 3.560624066853197291e+05 3.838072972556117456e+05 3.210615459179338650e+05 1.009844019185964426e+05 3.838073256689383998e+05 3.838071197251590202e+05 3.838072278121530544e+05 2.854114019720323267e+05 3.838074659029209288e+05 3.838073129325510818e+05 3.734768033244154649e+05 3.838071272093069274e+05 1.933945845089087088e+05 3.838071023787171580e+05 2.467109657621415099e+05
1.397782265052133152e+04 7.095021029304465628e+04 4.593071293296050862e+05 1.126171433455553779e+05 2.499530346733319311e+04 1.798094449344182794e+05 1.583947438431874325e+05 4.152457872000755015e+04 1.314442707267145452e+05 4.152463934395329125e+04 8.845814148292578466e+04 1.363829959897989283e+04 1.475444110153783113e+05 3.838073256689383998e+05 3.823386250142676204e+02 3.601476395352320833e+04 2.086336281907813463e+04 2.124805650017881999e+05 2.459454427372383725e+04 5.273293752776030487e+03 5.145414406702679116e+04 2.479880205868807025e+04 3.145457181259074714e+05 4.152443329916182847e+04 2.607941787554845796e+05
4.374753161235074367e+04 7.252797915803095384e+04 4.593068870434584678e+05 1.017981034764755459e+05 1.102018036694659168e+04 1.798090879161618941e+05 1.583944951463777688e+05 5.510776047377532450e+03 1.242964347942481691e+05 5.510869265525031551e+03 8.501778193526992982e+04 2.237788704244085238e+04 1.475441159757245041e+05 3.838071197251590202e+05 3.601476395352320833e+04 7.346759683951933766e+03 1.515287626589623324e+04 2.124802103680792206e+05 4.821087410608672508e+04 3.074290191870997296e+04 5.303191600783162721e+04 1.121734494588722737e+04 3.145453691506917239e+05 5.510619480616599503e+03 2.607938717725329043e+05
3.223641834433013719e+04 8.354749753592358320e+04 4.593070681264860905e+05 1.128176970257120411e+05 4.133462591318007981e+03 1.798094075587928237e+05 1.583946407763967873e+05 2.066260750663359067e+04 1.316428923504872364e+05 2.066263623078745513e+04 9.603735022872471018e+04 7.226408106813612903e+03 1.475443307593667996e+05 3.838072278121530544e+05 2.086336281907813463e+04 1.515287626589623324e+04 6.315035213534611058e-01 2.124803801582394517e+05 3.719184143290745851e+04 1.559139169698065234e+04 6.405132644807057659e+04 3.936578844643966022e+03 3.145454552630806575e+05 2.066258155774816987e+04 2.607940228677609703e+05
2.124805757219328370e+05 1.913603953148336732e+05 3.619554475570931099e+05 1.709875517019659746e+05 2.124801216499877919e+05 9.586010722615910345e+04 1.206169775984789012e+05 2.124801707060255867e+05 1.547129136425537290e+05 2.124802366318757122e+05 1.847357312020465615e+05 2.124804745156724239e+05 1.364956850344997656e+05 2.854114019720322685e+05 2.124805650017881999e+05 2.124802103680792206e+05 2.124803801582394517e+05 3.870227449110021553e+04 2.124805587788947742e+05 2.124804303334767465e+05 2.021499377292785794e+05 2.124803247411051707e+05 2.085187687338718970e+05 2.124801898147655302e+05 1.347941892373386072e+05
1.061814684588196360e+04 5.462185048820298834e+04 4.593070963885344099e+05 1.045531757969534519e+05 3.719146349210754124e+04 1.798094163177637092e+05 1.583948419055134873e+05 5.372064959265194193e+04 1.234185752915251942e+05 5.372074386583330488e+04 7.911287708397101960e+04 3.350871545027220418e+04 1.440025587825271359e+05 3.838074659029209870e+05 2.459454427372383725e+04 4.821087410608672508e+04 3.719184143290745851e+04 2.124805587788947742e+05 6.363567037249883152e-01 2.735998597314998187e+04 3.184017635363662339e+04 3.719180294806614984e+04 3.145456683786757058e+05 5.372046408296725713e+04 2.607943010617352847e+05
1.838677585201455440e+04 7.371568736112200713e+04 4.593071379629314761e+05 1.128176897685655858e+05 1.972344747347948578e+04 1.798094011712324573e+05 1.583947238712791586e+05 3.625260448564628314e+04 1.316429840592466935e+05 3.625270355968728836e+04 9.033926682946298388e+04 8.366274516664147086e+03 1.475443931399247376e+05 3.838073129325510818e+05 5.273293752776030487e+03 3.074290191870997660e+04 1.559139169698065234e+04 2.124804303334767465e+05 2.735998597314998187e+04 3.918681740625675047e+03 5.421950500741406722e+04 1.952687273696566263e+04 3.145455807996336371e+05 3.625258517689440487e+04 2.607941142787766294e+05
4.030078074218294205e+04 2.297421641431352327e+04 4.489765988984981086e+05 7.769366854375859839e+04 6.405106673885713099e+04 1.694789346837488702e+05 1.480641901593454822e+05 4.752224194910523511e+04 1.020687179648038291e+05 4.752232526397937181e+04 5.043311509139588452e+04 6.036831748128565960e+04 1.336719760266508383e+05 3.734768033244155813e+05 5.145414406702679116e+04 5.303191600783163449e+04 6.405132644807057659e+04 2.021499377292785503e+05 3.184017635363662339e+04 5.421950500741406722e+04 1.411657043123808216e+04 6.405129508924987749e+04 3.042150714024921763e+05 4.752216221669103106e+04 2.504636693524266011e+05
3.270488038311831406e+04 8.354749337400132208e+04 4.593070262705708737e+05 1.128176553429349005e+05 1.978753930144573872e+02 1.798093135372824618e+05 1.583945779028543329e+05 1.672706586216839059e+04 1.316428583675501286e+05 1.672702140621171202e+04 9.603727899975399487e+04 1.116187129315959282e+04 1.475443044364230300e+05 3.838071272093069274e+05 2.479880205868807025e+04 1.121734494588722737e+04 3.936578844643966022e+03 2.124803247411051707e+05 3.719180294806614984e+04 1.952687273696566263e+04 6.405129508924987749e+04 3.754073844826633604e+02 3.145453999625555007e+05 1.672705173247333369e+04 2.607939651193447353e+05
3.145456571574471309e+05 2.934254407695091213e+05 2.861415184579781489e+05 2.732234303106243024e+05 3.145453368877381436e+05 2.375945747937749256e+05 2.465936302101609472e+05 3.145453204709964339e+05 2.663364149081306532e+05 3.145453604372448754e+05 2.868007871038722224e+05 3.145455885595401633e+05 2.505882340532133821e+05 1.933945845089087088e+05 3.145457181259074132e+05 3.145453691506917239e+05 3.145454552630806575e+05 2.085187687338719843e+05 3.145456683786757058e+05 3.145455807996336371e+05 3.042150714024921763e+05 3.145453999625555007e+05 7.362509769691304245e+04 3.145453639688962721e+05 1.638417739679397200e+05
4.925715295907638210e+04 6.701822689109119528e+04 4.593068582356841071e+05 9.628830870554131980e+04 1.652982676066340719e+04 1.798090630173310929e+05 1.583944184973279189e+05 1.055684252851129878e+00 1.206231848940132040e+05 1.178572416309884741e+00 7.950798809546379198e+04 2.788757816271677439e+04 1.475439742715011816e+05 3.838071023787171580e+05 4.152443329916182847e+04 5.510619480616599503e+03 2.066258155774817351e+04 2.124801898147655302e+05 5.372046408296725713e+04 3.625258517689440487e+04 4.752216221669103106e+04 1.672705173247333369e+04 3.145453639688962721e+05 5.056859617717300859e-01 2.607938837746096542e+05
2.607941762366071052e+05 2.396739775336363236e+05 3.306065398736810312e+05 2.194720231812719430e+05 2.607938260962746863e+05 1.714680118747588422e+05 1.842708332035056665e+05 2.607938606369689514e+05 2.092960819928428973e+05 2.607939189527133130e+05 2.330493345754728070e+05 2.607941346542153915e+05 1.917044815074167273e+05 2.467109657621415099e+05 2.607941787554845796e+05 2.607938717725328752e+05 2.607940228677610285e+05 1.347941892373386072e+05 2.607943010617353139e+05 2.607941142787766294e+05 2.504636693524266302e+05 2.607939651193447644e+05 1.638417739679397200e+05 2.607938837746096251e+05 5.841407487041115382e+04
