2.205513562012136754e+04 6.078370288230589358e+04 6.078372788848017080e+04 4.113637493564814795e+05 1.189685982230428781e+05 1.564592477284157358e+05 6.078360195336767356e+04 3.413761021242204006e+05 4.545039032640330697e+04 6.078376328978888341e+04 5.303168028240185959e+04 6.078353847389270959e+04 3.915919558858373784e+05 3.642038183482946624e+04 6.078363929816962627e+04 1.876023703462977719e+05 1.715130546899522305e+05 6.078377160425970942e+04 4.915572219003530336e+04 4.583353234784537199e+04 1.104665398704014660e+05 2.910109014130212017e+05 6.078325321576736314e+04 2.507583286099986581e+05 4.746950869344860985e+04
6.078370288230589358e+04 3.673312739562951124e-01 1.260276989740148901e+00 4.288054395451212185e+05 1.480385163150996668e+05 1.838675582094388665e+05 1.002059687065850024e+00 3.588175005707760574e+05 8.562495923944405513e+04 9.676872801294867932e-01 7.753344824451438399e+03 8.051479422322325163e-01 4.090338003139180946e+05 3.488508819351081183e+04 9.405867409646841981e-01 2.050443097860906855e+05 1.889549421914969280e+05 1.184157132553213199e+00 1.716639730955929190e+04 2.657941251341142561e+04 1.395361906725655135e+05 3.084526740982386400e+05 8.743520557936930171e-01 2.681997896852625418e+05 9.302454744621802820e+04
6.078372788848017808e+04 1.260276989740148901e+00 3.723492496596214618e-01 4.288054201962281368e+05 1.480384914555648284e+05 1.838678414693531231e+05 1.219852686867085811e+00 3.588176910725545022e+05 8.562529156119168329e+04 1.211406493367155779e+00 7.753116737341354565e+03 1.190395379060610104e+00 4.090337401875861688e+05 3.488537119361350051e+04 1.247671013015836605e+00 2.050443402607591415e+05 1.889549932855809166e+05 1.055264870065210747e+00 1.716626299735090288e+04 2.657965811157787903e+04 1.395364448164211353e+05 3.084526583060811972e+05 9.187549260439431542e-01 2.682001109660126385e+05 9.302482656601644703e+04
4.113637493564814213e+05 4.288054395451212185e+05 4.288054201962281368e+05 5.477349819952239341e+04 3.395858662796760327e+05 3.224934408012699569e+05 4.288053572056655539e+05 1.922487615326162486e+05 3.939220734772305004e+05 4.288055293880043318e+05 4.288054207724849693e+05 4.288054121819901629e+05 1.679216585603820859e+05 4.288055754478727467e+05 4.288054542134329095e+05 2.874983652145805536e+05 3.096195410339101800e+05 4.288054643817947945e+05 4.288054355496166972e+05 4.288056079783266759e+05 3.474104658506361884e+05 2.251662484209788672e+05 4.288052654518429772e+05 2.402305977810701588e+05 3.939219524215184501e+05
1.189685982230428781e+05 1.480385163150996668e+05 1.480384914555648284e+05 3.395858662796760327e+05 1.176409757816137608e+04 6.693418021332698117e+04 1.480383931717417727e+05 2.695981245794465649e+05 9.600651733139329008e+04 1.480385688844703254e+05 1.480384210329214111e+05 1.480383024404078315e+05 3.198140284029729082e+05 1.364107835959697841e+05 1.480383746859526145e+05 1.098788196454267891e+05 8.803451798924115428e+04 1.480385265842404042e+05 1.480384749934763531e+05 1.447164050399663975e+05 2.461123855026312594e+04 2.192329719766151102e+05 1.480380330728611443e+05 1.790529179426591727e+05 7.827110993562292424e+04
1.564592477284157358e+05 1.838675582094388665e+05 1.838678414693531231e+05 3.224934408012699569e+05 6.693418021332698117e+04 1.592819128766035828e+04 1.838677810804593901e+05 2.525054408460412815e+05 1.375330388257286104e+05 1.838677106521264650e+05 1.838678109611704131e+05 1.838673653626955638e+05 3.027217906573469518e+05 1.739009087058998703e+05 1.838674959947756142e+05 8.234624912906704412e+04 3.118494614365780944e+04 1.838676900082974753e+05 1.838677887055425090e+05 1.810199844293816423e+05 7.875556568177572626e+04 2.021408066908050678e+05 1.838674348642601399e+05 1.568427234147861018e+05 1.268605770470489224e+05
6.078360195336766628e+04 1.002059687065850024e+00 1.219852686867085811e+00 4.288053572056655539e+05 1.480383931717417727e+05 1.838677810804593901e+05 3.628873563518769108e-01 3.588177128254530253e+05 8.562516663307444833e+04 1.061078043239344293e+00 7.753245847350222903e+03 1.049873566431232641e+00 4.090336178153698565e+05 3.488519540448869520e+04 1.055845840956220361e+00 2.050441392378285236e+05 1.889548761416165216e+05 1.182282918424394147e+00 1.716636984636004854e+04 2.657954436973037446e+04 1.395363480583413329e+05 3.084525682271737605e+05 7.529629806943510806e-01 2.681999828004669980e+05 9.302478681463394605e+04
3.413761021242204006e+05 3.588175005707760574e+05 3.588176910725545022e+05 1.922487615326162486e+05 2.695981245794465649e+05 2.525054408460412815e+05 3.588177128254530253e+05 4.344015562659189163e+04 3.239340849510655389e+05 3.588175566478712135e+05 3.588178120415221783e+05 3.588174658026127145e+05 1.488714452699385292e+05 3.588177466724411352e+05 3.588174872398094740e+05 2.175107289097852481e+05 2.396318231795075408e+05 3.588177026183356065e+05 3.588177764248388121e+05 3.588176780050486559e+05 2.774225973933641799e+05 1.474049401892799942e+05 3.588175664742608787e+05 1.642148254344116140e+05 3.239339796824924415e+05
4.545039032640330697e+04 8.562495923944405513e+04 8.562529156119171239e+04 3.939220734772305004e+05 9.600651733139329008e+04 1.375330388257286395e+05 8.562516663307444833e+04 3.239340849510655389e+05 9.600726883438226650e+03 8.562504151587936212e+04 7.873462891584081808e+04 8.562479627446680388e+04 3.741502737881146022e+05 6.366120436793033150e+04 8.562489843134839612e+04 1.695864665850367455e+05 1.527793970258942281e+05 8.562519503902112774e+04 7.528934310171025572e+04 7.196696510019623383e+04 7.235726765258806699e+04 2.735692148973050062e+05 8.562479874414252117e+04 2.333163284553577250e+05 3.633629706868117501e+04
6.078376328978888341e+04 9.676872801294867932e-01 1.211406493367155779e+00 4.288055293880043318e+05 1.480385688844703254e+05 1.838677106521264650e+05 1.061078043239344293e+00 3.588175566478711553e+05 8.562504151587936212e+04 3.740281679181647334e-01 7.753387015227010124e+03 9.704245908909986396e-01 4.090338045979898307e+05 3.488509170330516645e+04 9.759233823410132791e-01 2.050443357698310865e+05 1.889550709147115413e+05 1.181089215619628652e+00 1.716653430130607740e+04 2.657940556707702854e+04 1.395362599104120454e+05 3.084527145997582702e+05 9.184797198436888133e-01 2.681999081684881821e+05 9.302463280574551027e+04
5.303168028240185959e+04 7.753344824451438399e+03 7.753116737341354565e+03 4.288054207724849693e+05 1.480384210329214111e+05 1.838678109611704131e+05 7.753245847350222903e+03 3.588178120415221783e+05 7.873462891584081808e+04 7.753387015227010124e+03 5.168410377482292461e+03 7.753221721917668219e+03 4.090337777183745638e+05 2.713333806758260107e+04 7.753298521014276957e+03 2.050442949697664590e+05 1.889550030547189817e+05 7.753166541168523509e+03 9.413996970265041455e+03 1.882755162100317466e+04 1.395364259893117123e+05 3.084526768591843429e+05 7.752870479078115750e+03 2.682000714164758101e+05 9.302484792019412271e+04
6.078353847389270959e+04 8.051479422322325163e-01 1.190395379060610326e+00 4.288054121819901629e+05 1.480383024404078315e+05 1.838673653626955638e+05 1.049873566431232641e+00 3.588174658026127145e+05 8.562479627446680388e+04 9.704245908909986396e-01 7.753221721917668219e+03 3.063927649116202079e-01 4.090337192056475906e+05 3.488486879240885173e+04 7.298745243435639241e-01 2.050441374079552479e+05 1.889547526851140428e+05 1.115635040254603805e+00 1.716628048804422724e+04 2.657921042815990586e+04 1.395359775284446368e+05 3.084526535999458283e+05 6.215383555515930913e-01 2.681997063648598851e+05 9.302434107708776719e+04
3.915919558858373784e+05 4.090338003139180946e+05 4.090337401875861688e+05 1.679216585603820859e+05 3.198140284029729082e+05 3.027217906573469518e+05 4.090336178153698565e+05 1.488714452699385583e+05 3.741502737881146022e+05 4.090338045979898307e+05 4.090337777183745638e+05 4.090337192056475906e+05 5.870481651048474305e+04 4.090338022381062619e+05 4.090336872853265377e+05 2.677264666344240541e+05 2.898478548885394703e+05 4.090338029451018665e+05 4.090338134084335761e+05 4.090338566304190899e+05 3.276386826024454786e+05 2.064006047803326510e+05 4.090335283125524875e+05 2.258026809954808559e+05 3.741503480714109610e+05
3.642038183482946624e+04 3.488508819351081183e+04 3.488537119361350051e+04 4.288055754478727467e+05 1.364107835959697841e+05 1.739009087058998703e+05 3.488519540448869520e+04 3.588177466724411352e+05 6.366120436793033150e+04 3.488509170330516645e+04 2.713333806758260107e+04 3.488486879240885173e+04 4.090338022381062619e+05 2.004244032411819262e+03 3.488502092506476765e+04 2.050444233358452911e+05 1.889550574714267568e+05 3.488525119560302119e+04 1.824752973243626184e+04 9.414008989899552034e+03 1.279084508951658208e+05 3.084529734032166889e+05 3.488489422369197564e+04 2.682000850016780314e+05 8.063205002348453854e+04
6.078363929816961900e+04 9.405867409646841981e-01 1.247671013015836605e+00 4.288054542134329095e+05 1.480383746859526145e+05 1.838674959947756142e+05 1.055845840956220361e+00 3.588174872398094740e+05 8.562489843134839612e+04 9.759233823410133901e-01 7.753298521014276957e+03 7.298745243435637020e-01 4.090336872853265377e+05 3.488502092506476038e+04 3.389935825115333312e-01 2.050441614886881434e+05 1.889549002663532447e+05 1.150890601544930281e+00 1.716639016275970789e+04 2.657933268967008189e+04 1.395360728430237214e+05 3.084526668876996846e+05 7.513963963198456719e-01 2.681997779610067955e+05 9.302450171875022352e+04
1.876023703462977719e+05 2.050443097860906855e+05 2.050443402607591415e+05 2.874983652145805536e+05 1.098788196454267891e+05 8.234624912906702957e+04 2.050441392378285236e+05 2.175107289097852481e+05 1.695864665850367455e+05 2.050443357698310865e+05 2.050442949697664590e+05 2.050441374079552479e+05 2.677264666344240541e+05 2.050444233358452911e+05 2.050441614886881434e+05 2.383404559577860709e+04 6.029167745712813485e+04 2.050443412258228636e+05 2.050443127743839577e+05 2.050444882948950690e+05 1.181910253891276661e+05 1.670602466588294774e+05 2.050439204747590411e+05 1.119902659040820581e+05 1.649928856738529576e+05
1.715130546899522305e+05 1.889549421914969280e+05 1.889549932855809166e+05 3.096195410339101800e+05 8.803451798924115428e+04 3.118494614365780944e+04 1.889548761416165216e+05 2.396318231795075408e+05 1.527793970258942281e+05 1.889550709147115413e+05 1.889550030547189817e+05 1.889547526851140428e+05 2.898478548885394703e+05 1.889550574714267568e+05 1.889549002663532447e+05 6.029167745712813485e+04 1.962038661193398002e+04 1.889550158134238736e+05 1.889550146477958187e+05 1.889550716954518284e+05 9.593194435482523113e+04 1.892669220396170858e+05 1.889545790950001392e+05 1.428203159510470578e+05 1.424433790296373772e+05
6.078377160425970942e+04 1.184157132553213199e+00 1.055264870065210747e+00 4.288054643817947945e+05 1.480385265842404042e+05 1.838676900082974753e+05 1.182282918424394147e+00 3.588177026183356065e+05 8.562519503902112774e+04 1.181089215619628652e+00 7.753166541168522599e+03 1.115635040254603805e+00 4.090338029451018665e+05 3.488525119560302119e+04 1.150890601544930281e+00 2.050443412258228636e+05 1.889550158134238736e+05 4.643207208095143090e-01 1.716641192608185520e+04 2.657964458734006257e+04 1.395362684757364914e+05 3.084527237903942005e+05 9.620131245169593059e-01 2.681999519429630600e+05 9.302471904159238329e+04
4.915572219003528153e+04 1.716639730955929190e+04 1.716626299735090288e+04 4.288054355496166972e+05 1.480384749934763531e+05 1.838677887055425090e+05 1.716636984636005218e+04 3.588177764248388121e+05 7.528934310171025572e+04 1.716653430130607740e+04 9.413996970265041455e+03 1.716628048804422724e+04 4.090338134084335761e+05 1.824752973243626184e+04 1.716639016275971153e+04 2.050443127743839577e+05 1.889550146477958187e+05 1.716641192608185520e+04 5.801176896215010856e+03 9.414300543060769996e+03 1.395364441127906030e+05 3.084526934216482914e+05 1.716600710423804048e+04 2.682001384268011316e+05 9.302484160334827902e+04
4.583353234784537199e+04 2.657941251341143288e+04 2.657965811157787903e+04 4.288056079783266759e+05 1.447164050399663975e+05 1.810199844293816423e+05 2.657954436973037446e+04 3.588176780050486559e+05 7.196696510019623383e+04 2.657940556707702854e+04 1.882755162100317466e+04 2.657921042815990586e+04 4.090338566304190899e+05 9.414008989899552034e+03 2.657933268967008553e+04 2.050444882948950690e+05 1.889550716954518284e+05 2.657964458734006257e+04 9.414300543060769996e+03 4.746433370842169097e+03 1.362141192960580811e+05 3.084529463915454107e+05 2.657921151733600345e+04 2.682000639350825222e+05 8.970234317373950034e+04
1.104665398704014660e+05 1.395361906725655135e+05 1.395364448164211353e+05 3.474104658506361884e+05 2.461123855026312594e+04 7.875556568177572626e+04 1.395363480583413329e+05 2.774225973933641799e+05 7.235726765258806699e+04 1.395362599104120745e+05 1.395364259893117123e+05 1.395359775284446368e+05 3.276386826024454786e+05 1.279084508951658063e+05 1.395360728430237214e+05 1.181910253891276661e+05 9.593194435482523113e+04 1.395362684757364914e+05 1.395364441127906030e+05 1.362141192960580811e+05 7.723175774452295627e+03 2.270575775643920351e+05 1.395359950690818951e+05 1.868047168458412925e+05 6.805489605702506378e+04
2.910109014130212017e+05 3.084526740982386400e+05 3.084526583060811972e+05 2.251662484209788672e+05 2.192329719766151102e+05 2.021408066908050678e+05 3.084525682271737605e+05 1.474049401892799942e+05 2.735692148973050062e+05 3.084527145997582702e+05 3.084526768591843429e+05 3.084526535999458283e+05 2.064006047803326219e+05 3.084529734032166889e+05 3.084526668876996846e+05 1.670602466588294774e+05 1.892669220396170858e+05 3.084527237903942005e+05 3.084526934216482914e+05 3.084529463915454107e+05 2.270575775643920351e+05 4.210609257619809796e+04 3.084524201125085820e+05 9.215532246987007966e+04 2.735693931306618615e+05
6.078325321576736314e+04 8.743520557936930171e-01 9.187549260439431542e-01 4.288052654518429772e+05 1.480380330728611443e+05 1.838674348642601399e+05 7.529629806943510806e-01 3.588175664742608787e+05 8.562479874414252117e+04 9.184797198436885912e-01 7.752870479078115750e+03 6.215383555515930913e-01 4.090335283125524875e+05 3.488489422369197564e+04 7.513963963198456719e-01 2.050439204747590411e+05 1.889545790950001392e+05 9.620131245169593059e-01 1.716600710423804048e+04 2.657921151733599982e+04 1.395359950690818951e+05 3.084524201125085820e+05 1.864029609503260465e-01 2.681998146435013041e+05 9.302437144324349356e+04
2.507583286099986581e+05 2.681997896852625418e+05 2.682001109660126385e+05 2.402305977810701588e+05 1.790529179426591727e+05 1.568427234147861018e+05 2.681999828004669980e+05 1.642148254344116140e+05 2.333163284553576959e+05 2.681999081684881821e+05 2.682000714164758101e+05 2.681997063648598851e+05 2.258026809954808559e+05 2.682000850016780314e+05 2.681997779610067955e+05 1.119902659040820581e+05 1.428203159510470578e+05 2.681999519429630600e+05 2.682001384268011316e+05 2.682000639350825222e+05 1.868047168458412925e+05 9.215532246987009421e+04 2.681998146435013041e+05 3.284753802164200897e+04 2.333162849350237811e+05
4.746950869344860257e+04 9.302454744621802820e+04 9.302482656601644703e+04 3.939219524215184501e+05 7.827110993562292424e+04 1.268605770470489224e+05 9.302478681463394605e+04 3.239339796824924415e+05 3.633629706868116773e+04 9.302463280574551027e+04 9.302484792019412271e+04 9.302434107708776719e+04 3.741503480714109610e+05 8.063205002348453854e+04 9.302450171875022352e+04 1.649928856738529576e+05 1.424433790296373772e+05 9.302471904159238329e+04 9.302484160334827902e+04 8.970234317373950034e+04 6.805489605702506378e+04 2.735693931306618615e+05 9.302437144324349356e+04 2.333162849350237811e+05 4.970527890736353584e+03
