1.155503539823818865e+05 3.804001736014808412e+05 4.668224828731487505e+05 4.439529500099048601e+05 4.668224959750158014e+05 4.668224356470199418e+05 4.292632932078262093e+05 4.439571824104253901e+05 4.668226164159816690e+05 4.363382306660188478e+05 3.662154326111411792e+05 4.553941895876624039e+05 4.668228370607178076e+05 3.956578735839377041e+05 2.408034565614756721e+05 3.214849726083985879e+05 4.668226619163436117e+05 4.668226539483779343e+05 4.096715061272840248e+05 4.668225301778601133e+05 4.668225617649075575e+05 4.668227260625133640e+05 4.668225101139598992e+05 4.668225112422906677e+05 4.382429108861915302e+05
3.804001736014808412e+05 3.915594396875299572e+04 1.979271019672560506e+05 1.750577145034348068e+05 1.979270812479555607e+05 1.979271785815840703e+05 1.515094371998912829e+05 1.750619315314771666e+05 1.979273819275641581e+05 1.621367962195887230e+05 1.133357415044770605e+05 1.864989360229625890e+05 1.979274516146896931e+05 7.983549896896629070e+04 3.053596033777896082e+05 1.976914802326770441e+05 1.979273867814157857e+05 1.979273891499536403e+05 1.143258823237764009e+05 1.979274336587899888e+05 1.979272855390931945e+05 1.979274485259877983e+05 1.979271631863109360e+05 1.979272912371265411e+05 1.693476505487292306e+05
4.668224828731487505e+05 1.979271019672560506e+05 4.727837666430750319e-01 5.175969407587578462e+04 9.804127568914648982e-01 1.106560360121697784e+00 1.084520742601283127e+05 6.611320562810331467e+04 1.142988070508293276e+04 9.695946361975499894e+04 2.418278062542044208e+05 4.000145659939793404e+04 2.357280612063929948e+04 1.658788506743692851e+05 3.922710362985868705e+05 3.015185272968838108e+05 1.142997414141792069e+04 1.142988761423715914e+04 1.376886639162106439e+05 1.143002159568543539e+04 1.039469970672129540e+00 1.469528264601444243e+04 8.743538935467972673e-01 9.388998526546412904e+03 8.148640694977424573e+04
4.439529500099048601e+05 1.750577145034347777e+05 5.175969407587578462e+04 5.490818886931462657e+03 5.175989513447863283e+04 5.175999893367017648e+04 8.068461980948467681e+04 2.120273757475764796e+04 5.176010955958296108e+04 6.771968044284239295e+04 2.189584122485105181e+05 1.665788607382305781e+04 3.183653870051625563e+04 1.430093707527921360e+05 3.694016169970790506e+05 2.786491400948816445e+05 5.176016859279366327e+04 5.176010241488098836e+04 1.148191317500728328e+05 5.176022317784773622e+04 5.176000554341552925e+04 4.053563079597362957e+04 5.175984550404206675e+04 5.135925155314888980e+04 4.371892981383317965e+04
4.668224959750158014e+05 1.979270812479555607e+05 9.804127568914648982e-01 5.175989513447863283e+04 4.694075456256329160e-01 1.030466771013421656e+00 1.084520142246339383e+05 6.611341037500681705e+04 1.142991206661749311e+04 9.695949815052507620e+04 2.418278193218674569e+05 4.000167717759243533e+04 2.357302855605382501e+04 1.658787409642630082e+05 3.922710634456480038e+05 3.015185757814459503e+05 1.143002633459076424e+04 1.142992573375057873e+04 1.376885823550016212e+05 1.143002699933947406e+04 1.202416176203919829e+00 1.469548805267421267e+04 1.093824115543680531e+00 9.388982506549093159e+03 8.148654642179064103e+04
4.668224356470199418e+05 1.979271785815840703e+05 1.106560360121698006e+00 5.175999893367017648e+04 1.030466771013421656e+00 5.801648492370405918e-01 1.084521193066245760e+05 6.611337867721368093e+04 1.143006582503739264e+04 9.695967974264519580e+04 2.418278264741376624e+05 4.000167761457680172e+04 2.357313733858849810e+04 1.658788414866108506e+05 3.922711343969553127e+05 3.015185313365331385e+05 1.143016782363057791e+04 1.143001362230704035e+04 1.376887886364123842e+05 1.143004327046980507e+04 1.238904776512996575e+00 1.469544997173805132e+04 1.189922185230674945e+00 9.388982087913344003e+03 8.148657087172690080e+04
4.292632932078262093e+05 1.515094371998912829e+05 1.084520742601283127e+05 8.068461980948467681e+04 1.084520142246339383e+05 1.084521193066245760e+05 2.822233510276310699e+04 7.609279638131085085e+04 1.084524491802985576e+05 4.287604996309978742e+04 2.001387317361853202e+05 9.212585171760609956e+04 1.035545978943998052e+05 1.112045223944589670e+05 3.547119486751758959e+05 2.626378004407166736e+05 1.084525513959203672e+05 1.084524084705925925e+05 7.079757480072218459e+04 1.084523650069061841e+05 1.084523387583960575e+05 1.070530844109947066e+05 1.084521841775710636e+05 1.084522400577762310e+05 5.972312010232487955e+04
4.439571824104253901e+05 1.750619315314771666e+05 6.611320562810331467e+04 2.120273757475764796e+04 6.611341037500683160e+04 6.611337867721368093e+04 7.609279638131083630e+04 4.170469374465816145e+03 6.611367472148011439e+04 5.859470304152125027e+04 2.189626094735474035e+05 3.754205724888155237e+04 4.897067591522760631e+04 1.428192579167791409e+05 3.694059412187010166e+05 2.786533363599492586e+05 6.611360822922406078e+04 6.611362019699170196e+04 1.107417792330957163e+05 6.611359851542652177e+04 6.611349022208208044e+04 5.713393782538831874e+04 6.611336237280389469e+04 6.611352117708059086e+04 3.250921952654609413e+04
4.668226164159816690e+05 1.979273819275641581e+05 1.142988070508293276e+04 5.176010955958296108e+04 1.142991206661749311e+04 1.143006582503739264e+04 1.084524491802985722e+05 6.611367472148011439e+04 6.021192293468484724e-01 9.695990039578429423e+04 2.418280594595966104e+05 4.000192408089972741e+04 2.357318159478211601e+04 1.658791424264581583e+05 3.922712387547207181e+05 3.015187665762827964e+05 1.459891617375653317e+00 1.338956789161412919e+00 1.376890204285529035e+05 1.431767104253857115e+00 1.143010700009422908e+04 1.469565652282301926e+04 1.143001412479188002e+04 3.062646904797622028e+03 8.148686930004171154e+04
4.363382306660187896e+05 1.621367962195887230e+05 9.695946361975499894e+04 6.771968044284239295e+04 9.695949815052507620e+04 9.695967974264519580e+04 4.287604996309978742e+04 5.859470304152125027e+04 9.695990039578429423e+04 1.372394359177385195e+04 2.090696442370199657e+05 7.940892392175344867e+04 9.083743611302739009e+04 1.240440185861622012e+05 3.617868341742625926e+05 2.710344238732809899e+05 9.695985655533125100e+04 9.695981553727312712e+04 8.967267884510393196e+04 9.695995038275961997e+04 9.695970154851239931e+04 9.521068572837141983e+04 9.695957887883466901e+04 9.695975467406936514e+04 3.977013162036470021e+04
3.662154326111411792e+05 1.133357415044770751e+05 2.418278062542044208e+05 2.189584122485105181e+05 2.418278193218674569e+05 2.418278264741376333e+05 2.001387317361853202e+05 2.189626094735474035e+05 2.418280594595966104e+05 2.090696442370199948e+05 5.254268050100214896e+04 2.303995463702666748e+05 2.418282084387093782e+05 1.488642031587238889e+05 2.812211403997772140e+05 1.498782400231065694e+05 2.418282149519824306e+05 2.418280875330056588e+05 1.717562792612566845e+05 2.418280577164339193e+05 2.418279490219909057e+05 2.418282221233565942e+05 2.418278895450389246e+05 2.418279311033769918e+05 2.132484223020931822e+05
4.553941895876624621e+05 1.864989360229625890e+05 4.000145659939793404e+04 1.665788607382305781e+04 4.000167717759243533e+04 4.000167761457680172e+04 9.212585171760609956e+04 3.754205724888155237e+04 4.000192408089972741e+04 7.940892392175344867e+04 2.303995463702666748e+05 1.142931308065958001e+04 1.643025715757799480e+04 1.544506348865758628e+05 3.808428478938149638e+05 2.900902533143358887e+05 4.000195963766581554e+04 4.000187870537908748e+04 1.262605816896183533e+05 4.000187065890753729e+04 4.000176975565911562e+04 2.530783607762806787e+04 4.000162735228345264e+04 3.898137692358061759e+04 5.862962240393595130e+04
4.668228370607178076e+05 1.979274516146896931e+05 2.357280612063930312e+04 3.183653870051625563e+04 2.357302855605382501e+04 2.357313733858849810e+04 1.035545978943998052e+05 4.897067591522760631e+04 2.357318159478211601e+04 9.083743611302739009e+04 2.418282084387094365e+05 1.643025715757799480e+04 1.250701370224204993e+03 1.658792259483537637e+05 3.922714043566126493e+05 3.015189145889484207e+05 2.357323502267681397e+04 2.357325152236399663e+04 1.376891068689684034e+05 2.357333406825311613e+04 2.357309155155397457e+04 8.879129751911754283e+03 2.357296871766846016e+04 2.255283476509833781e+04 7.005823807146587933e+04
3.956578735839377041e+05 7.983549896896629070e+04 1.658788506743692560e+05 1.430093707527921360e+05 1.658787409642630082e+05 1.658788414866108506e+05 1.112045223944589670e+05 1.428192579167791409e+05 1.658791424264581583e+05 1.240440185861622012e+05 1.488642031587238889e+05 1.544506348865758628e+05 1.658792259483537637e+05 3.347729916487701848e+04 3.255963810887212749e+05 2.263576290171167930e+05 1.658791872863075696e+05 1.658791341107178887e+05 6.971518003063232754e+04 1.658791298280412448e+05 1.658789822737362410e+05 1.658791936792475171e+05 1.658789150517978997e+05 1.658789522454710386e+05 1.313129336988381401e+05
2.408034565614757012e+05 3.053596033777896082e+05 3.922710362985868705e+05 3.694016169970790506e+05 3.922710634456480038e+05 3.922711343969553127e+05 3.547119486751758959e+05 3.694059412187010166e+05 3.922712387547206599e+05 3.617868341742625926e+05 2.812211403997772140e+05 3.808428478938149638e+05 3.922714043566126493e+05 3.255963810887212749e+05 1.014899326292889891e+05 2.336035683318880911e+05 3.922713386784144677e+05 3.922711994354718481e+05 3.351202698900540709e+05 3.922713097291729646e+05 3.922711063300342066e+05 3.922714708266886300e+05 3.922710928627504618e+05 3.922711421892675571e+05 3.636916682817163528e+05
3.214849726083985879e+05 1.976914802326770441e+05 3.015185272968838108e+05 2.786491400948816445e+05 3.015185757814459503e+05 3.015185313365331385e+05 2.626378004407166736e+05 2.786533363599492586e+05 3.015187665762827964e+05 2.710344238732809317e+05 1.498782400231065403e+05 2.900902533143358887e+05 3.015189145889483625e+05 2.263576290171167639e+05 2.336035683318880911e+05 8.352723191682096513e+04 3.015188898548400030e+05 3.015187887187215383e+05 2.383813520126050862e+05 3.015187269006111892e+05 3.015185885011843638e+05 3.015188105766159133e+05 3.015185663545669522e+05 3.015186518830077257e+05 2.729390298394951387e+05
4.668226619163435535e+05 1.979273867814157857e+05 1.142997414141792069e+04 5.176016859279366327e+04 1.143002633459076424e+04 1.143016782363057791e+04 1.084525513959203672e+05 6.611360822922404623e+04 1.459891617375653095e+00 9.695985655533126555e+04 2.418282149519824306e+05 4.000195963766581554e+04 2.357323502267681397e+04 1.658791872863075696e+05 3.922713386784144677e+05 3.015188898548400030e+05 6.244412203690100638e-01 1.550159382081335524e+00 1.376889539061859541e+05 1.481125518898138704e+00 1.143022851843271019e+04 1.469557357844220314e+04 1.143008058241012986e+04 3.062854766539516731e+03 8.148681991427714820e+04
4.668226539483779343e+05 1.979273891499536403e+05 1.142988761423715914e+04 5.176010241488098836e+04 1.142992573375057873e+04 1.143001362230704035e+04 1.084524084705925925e+05 6.611362019699170196e+04 1.338956789161412919e+00 9.695981553727312712e+04 2.418280875330056588e+05 4.000187870537908748e+04 2.357325152236399663e+04 1.658791341107178887e+05 3.922711994354718481e+05 3.015187887187215383e+05 1.550159382081335968e+00 6.105252416339481680e-01 1.376889587433743582e+05 1.463633358201062995e+00 1.143009107489785674e+04 1.469565149562177248e+04 1.142999982741237909e+04 3.062566400362975401e+03 8.148680856714716356e+04
4.096715061272840248e+05 1.143258823237764009e+05 1.376886639162106439e+05 1.148191317500728619e+05 1.376885823550016212e+05 1.376887886364123842e+05 7.079757480072219914e+04 1.107417792330957163e+05 1.376890204285529035e+05 8.967267884510393196e+04 1.717562792612566845e+05 1.262605816896183533e+05 1.376891068689684034e+05 6.971518003063232754e+04 3.351202698900540709e+05 2.383813520126050862e+05 1.376889539061859541e+05 1.376889587433743582e+05 2.528272670341520643e+04 1.376890898005048512e+05 1.376888811007305922e+05 1.376890143493984651e+05 1.376887227662162040e+05 1.376889872160210507e+05 9.743441260808287188e+04
4.668225301778601133e+05 1.979274336587899888e+05 1.143002159568543539e+04 5.176022317784773622e+04 1.143002699933947406e+04 1.143004327046980507e+04 1.084523650069061841e+05 6.611359851542652177e+04 1.431767104253857115e+00 9.695995038275960542e+04 2.418280577164338611e+05 4.000187065890753729e+04 2.357333406825311613e+04 1.658791298280412448e+05 3.922713097291730228e+05 3.015187269006111892e+05 1.481125518898138926e+00 1.463633358201062773e+00 1.376890898005048512e+05 6.427841966007332708e-01 1.143026957410700561e+04 1.469566022931411862e+04 1.143011752459560194e+04 3.062665111693805102e+03 8.148680924869008595e+04
4.668225617649075575e+05 1.979272855390931945e+05 1.039469970672129540e+00 5.176000554341552925e+04 1.202416176203919829e+00 1.238904776512996575e+00 1.084523387583960575e+05 6.611349022208208044e+04 1.143010700009422908e+04 9.695970154851239931e+04 2.418279490219909057e+05 4.000176975565911562e+04 2.357309155155397457e+04 1.658789822737362119e+05 3.922711063300342066e+05 3.015185885011844221e+05 1.143022851843271019e+04 1.143009107489785674e+04 1.376888811007305922e+05 1.143026957410700561e+04 6.208732166347408210e-01 1.469552434777841881e+04 1.155577206537987678e+00 9.389174761249683797e+03 8.148668798591323139e+04
4.668227260625133640e+05 1.979274485259877692e+05 1.469528264601444243e+04 4.053563079597362957e+04 1.469548805267421449e+04 1.469544997173805132e+04 1.070530844109947066e+05 5.713393782538831874e+04 1.469565652282301926e+04 9.521068572837141983e+04 2.418282221233565942e+05 2.530783607762806787e+04 8.879129751911752464e+03 1.658791936792475171e+05 3.922714708266886300e+05 3.015188105766159133e+05 1.469557357844220314e+04 1.469565149562177612e+04 1.376890143493984651e+05 1.469566022931411862e+04 1.469552434777841881e+04 4.665452404771988768e+03 1.469539233895918551e+04 1.367515757459867564e+04 7.822134787237035926e+04
4.668225101139598992e+05 1.979271631863109360e+05 8.743538935467972673e-01 5.175984550404206675e+04 1.093824115543680531e+00 1.189922185230674723e+00 1.084521841775710636e+05 6.611336237280389469e+04 1.143001412479188002e+04 9.695957887883466901e+04 2.418278895450389246e+05 4.000162735228345264e+04 2.357296871766846016e+04 1.658789150517978997e+05 3.922710928627504618e+05 3.015185663545669522e+05 1.143008058241012986e+04 1.142999982741237909e+04 1.376887227662162040e+05 1.143011752459560194e+04 1.155577206537987678e+00 1.469539233895918551e+04 5.581079133940985981e-01 9.389148439377653631e+03 8.148654777582242968e+04
4.668225112422906677e+05 1.979272912371265411e+05 9.388998526546412904e+03 5.135925155314888980e+04 9.388982506549093159e+03 9.388982087913345822e+03 1.084522400577762310e+05 6.611352117708059086e+04 3.062646904797622028e+03 9.695975467406936514e+04 2.418279311033769918e+05 3.898137692358062486e+04 2.255283476509834145e+04 1.658789522454710386e+05 3.922711421892675571e+05 3.015186518830077257e+05 3.062854766539516731e+03 3.062566400362975401e+03 1.376889872160210216e+05 3.062665111693805102e+03 9.389174761249683797e+03 1.367515757459867564e+04 9.389148439377655450e+03 3.572057660490047965e+03 8.148668762150040129e+04
4.382429108861914719e+05 1.693476505487292306e+05 8.148640694977424573e+04 4.371892981383317965e+04 8.148654642179064103e+04 8.148657087172690080e+04 5.972312010232487955e+04 3.250921952654609413e+04 8.148686930004172609e+04 3.977013162036470749e+04 2.132484223020931822e+05 5.862962240393595130e+04 7.005823807146587933e+04 1.313129336988381401e+05 3.636916682817163528e+05 2.729390298394951387e+05 8.148681991427716275e+04 8.148680856714717811e+04 9.743441260808287188e+04 8.148680924869008595e+04 8.148668798591323139e+04 7.822134787237038836e+04 8.148654777582244424e+04 8.148668762150041584e+04 7.696853146185250807e+03
