1.567978254736141535e+05 4.235028598089372390e+05 4.235028226254720357e+05 4.234941882930922438e+05 4.470494385070056887e+05 4.470492573057802510e+05 3.959007807740403805e+05 3.303408916240717517e+05 4.470494335453827516e+05 4.470495547053719056e+05 4.470492648496601032e+05 4.470492755762580200e+05 4.352849878594156471e+05 2.771938525969744078e+05 4.235028201790980529e+05 4.470495563666669186e+05 4.235028708450738341e+05 4.470493798380067456e+05 4.235028618525729398e+05 4.470496349464200321e+05 4.235028299031238421e+05 4.470494331845155684e+05 4.470491993621326983e+05 4.470493201610224205e+05 4.117381696126677562e+05
4.235028598089372972e+05 6.074831249316409412e+03 3.475532755025238293e+04 4.314998704014876421e+04 7.847043195347764413e+04 7.847037604561552871e+04 1.476292263621445163e+05 2.231866006295420812e+05 7.847037567463211599e+04 7.510902572267252253e+04 7.847006926651466347e+04 7.847033809467472020e+04 5.494090867437368433e+04 3.272985248666620464e+05 7.826879759703026502e+04 7.847044443608798611e+04 3.602774226764954801e+04 7.847041301347409899e+04 5.183645448905427475e+04 6.670568236453857389e+04 5.880827319105578499e+04 7.847042258689869777e+04 7.846991436362218519e+04 7.847024553600720537e+04 9.802425999973338912e+04
4.235028226254720357e+05 3.475532755025238293e+04 5.672913848547772432e+03 2.014374123715845053e+04 6.722894305866511422e+04 6.722883815673769277e+04 1.476291280956665287e+05 2.231866155873971002e+05 6.722886441870935960e+04 5.210276005143752991e+04 6.722864346792467404e+04 6.722879210063112259e+04 3.193472399713082996e+04 3.272984759906250401e+05 9.019357881996041397e+04 6.722888053170076455e+04 5.702686846671753301e+04 6.722886858348098758e+04 6.696268232512456598e+04 4.369932414338581293e+04 7.393434459102642722e+04 6.722892617741154390e+04 6.722840591387286258e+04 6.722869188317738008e+04 9.802418906409945339e+04
4.234941882930922438e+05 4.314998704014876421e+04 2.014374123715845781e+04 1.279976236787864536e+03 4.773963714946120308e+04 4.773955694569395564e+04 1.476204058584214363e+05 2.231778581168616365e+05 4.773953258020106296e+04 3.261348363868987144e+04 4.773928227136145142e+04 4.773946694220507197e+04 1.244514391687068201e+04 3.272897926893910044e+05 9.058498282545406255e+04 4.773953137861344294e+04 6.542148446034725930e+04 4.773960476121505781e+04 7.535713673089866643e+04 2.421006685286723587e+04 8.232895829615835100e+04 4.773958197911366005e+04 4.773910014345802483e+04 4.773942628539751604e+04 9.801541389536570932e+04
4.470494385070056887e+05 7.847043195347764413e+04 6.722894305866511422e+04 4.773963714946120308e+04 7.681053535830320023e-01 1.176642940755698146e+04 1.711757671353897313e+05 2.467330802406622097e+05 1.622484853588437526e+00 1.512797410514224066e+04 1.449839265590888493e+00 1.601946042413304516e+00 3.529613241864952579e+04 3.508449762841673219e+05 1.141404213242302067e+05 1.672869559905767023e+00 8.981750681704394810e+04 1.176647698736084021e+04 9.891275183264449879e+04 2.353140881401099614e+04 1.058844083121521835e+05 1.176640639738511709e+04 1.176611504639961822e+04 1.176640963576251306e+04 1.215707774595357187e+05
4.470492573057802510e+05 7.847037604561552871e+04 6.722883815673769277e+04 4.773955694569395564e+04 1.176642940755698146e+04 7.737081346927124903e-01 1.711756998512561840e+05 2.467330615858766541e+05 1.176634589429878361e+04 1.512786849247158534e+04 1.176614307603648558e+04 1.176623833906385698e+04 3.529607291891655041e+04 3.508448936615830171e+05 1.141402808825767715e+05 1.176651327712237617e+04 8.981744299872253032e+04 1.533291238544075563e+00 9.891260796356230276e+04 2.353127129213599255e+04 1.058843474878501438e+05 1.722611480480407797e+00 1.187098115151459465e+00 1.515253499117012126e+00 1.215707995011985622e+05
3.959007807740403805e+05 1.476292263621444872e+05 1.476291280956665287e+05 1.476204058584214363e+05 1.711757671353897313e+05 1.711756998512561840e+05 6.529183888923779887e+04 1.689368868515809299e+05 1.711757889464388718e+05 1.711759085994845955e+05 1.711754281936501211e+05 1.711755759603434126e+05 1.594112939226804010e+05 2.774188801008330774e+05 1.269597214077652898e+05 1.711758591983014194e+05 1.429351409912253730e+05 1.711756636956285511e+05 1.411670507930052408e+05 1.711759502199626004e+05 1.391013931538151228e+05 1.711758036425213504e+05 1.711753726035062573e+05 1.711755385325282114e+05 1.108800493960965687e+05
3.303408916240717517e+05 2.231866006295420812e+05 2.231866155873971002e+05 2.231778581168616365e+05 2.467330802406622097e+05 2.467330615858766541e+05 1.689368868515809299e+05 7.744429483793863619e+04 2.467331803045611305e+05 2.467332740117612120e+05 2.467329045289565402e+05 2.467330285406087060e+05 2.349686860066570516e+05 2.479126436127607012e+05 2.162505685750531266e+05 2.467332662441715365e+05 2.231859542471227760e+05 2.467331215993630176e+05 2.231867082267075311e+05 2.467333279996729689e+05 2.231866540529644699e+05 2.467331844094890403e+05 2.467328651056372037e+05 2.467330295879323385e+05 2.041388371286759793e+05
4.470494335453827516e+05 7.847037567463211599e+04 6.722886441870935960e+04 4.773953258020106296e+04 1.622484853588437526e+00 1.176634589429878361e+04 1.711757889464388718e+05 2.467331803045611305e+05 8.079095886954400507e-01 1.512799827410455873e+04 1.463076758411299583e+00 1.612014711082939034e+00 3.529609142207921832e+04 3.508450288832276128e+05 1.141404424583993095e+05 1.742343401877667564e+00 8.981744177000809577e+04 1.176637998049960333e+04 9.891263971547770780e+04 2.353139395820617574e+04 1.058844375383597944e+05 1.176641374073729094e+04 1.176604514605546865e+04 1.176633127058063656e+04 1.215707914116012689e+05
4.470495547053719056e+05 7.510902572267252253e+04 5.210276005143752991e+04 3.261348363868987144e+04 1.512797410514224248e+04 1.512786849247158716e+04 1.711759085994845955e+05 2.467332740117612120e+05 1.512799827410456237e+04 4.802766109127855998e+03 1.512763587834938153e+04 1.512779826988245986e+04 2.016989663799604023e+04 3.508452071222535451e+05 1.141404874141420878e+05 1.512783962651555521e+04 8.957745416862744605e+04 1.512794722459102013e+04 9.891280906888830941e+04 8.405093151510251118e+03 1.058845361391408369e+05 1.512796954198175445e+04 1.512743175010122832e+04 1.512777670489049342e+04 1.215709293194669299e+05
4.470492648496601032e+05 7.847006926651466347e+04 6.722864346792467404e+04 4.773928227136145142e+04 1.449839265590888271e+00 1.176614307603648558e+04 1.711754281936501211e+05 2.467329045289565693e+05 1.463076758411299583e+00 1.512763587834937607e+04 6.622115042879289648e-01 1.216912937214055912e+00 3.529578972867046105e+04 3.508448588181384257e+05 1.141399684025157185e+05 1.456089708175503761e+00 8.981711826080174069e+04 1.176623009838581675e+04 9.891231259002452134e+04 2.353106546429269656e+04 1.058840460868024675e+05 1.176623526487205527e+04 1.176570469473679441e+04 1.176596470574807063e+04 1.215703984725653281e+05
4.470492755762578454e+05 7.847033809467472020e+04 6.722879210063112259e+04 4.773946694220507197e+04 1.601946042413304516e+00 1.176623833906385698e+04 1.711755759603434126e+05 2.467330285406087060e+05 1.612014711082939034e+00 1.512779826988245804e+04 1.216912937214056134e+00 7.228820594487332940e-01 3.529598264755637501e+04 3.508448681266654166e+05 1.141401904565872246e+05 1.694848799362928871e+00 8.981741740085334459e+04 1.176631995969604031e+04 9.891259756747762731e+04 2.353124861270892143e+04 1.058842291961440205e+05 1.176641818103903825e+04 1.176588903409144405e+04 1.176610878223635154e+04 1.215706512177777477e+05
4.352849878594156471e+05 5.494090867437368433e+04 3.193472399713082996e+04 1.244514391687068201e+04 3.529613241864952579e+04 3.529607291891655041e+04 1.594112939226804010e+05 2.349686860066571098e+05 3.529609142207921832e+04 2.016989663799604023e+04 3.529578972867046105e+04 3.529598264755638229e+04 1.176562926170156243e+04 3.390805691733546555e+05 1.023758339491672959e+05 3.529605236613639863e+04 7.721240371434426925e+04 3.529610183346406120e+04 8.714797993101303291e+04 1.176649317607494049e+04 9.411982537292718189e+04 3.529611401880373160e+04 3.529560890669269429e+04 3.529593062011209258e+04 1.098062748856056132e+05
2.771938525969744078e+05 3.272985248666620464e+05 3.272984759906250983e+05 3.272897926893910626e+05 3.508449762841674383e+05 3.508448936615830753e+05 2.774188801008330774e+05 2.479126436127606721e+05 3.508450288832276710e+05 3.508452071222535451e+05 3.508448588181384257e+05 3.508448681266654748e+05 3.390805691733546555e+05 1.071438336546105129e+05 3.272984401673899847e+05 3.508451482057578396e+05 3.272985773987863213e+05 3.508449897309005028e+05 3.272985431775134639e+05 3.508452123962162877e+05 3.272984271304272115e+05 3.508451025361268548e+05 3.508447896095381002e+05 3.508449061677430873e+05 3.119389786614703480e+05
4.235028201790979947e+05 7.826879759703026502e+04 9.019357881996041397e+04 9.058498282545406255e+04 1.141404213242302067e+05 1.141402808825767861e+05 1.269597214077652607e+05 2.162505685750531266e+05 1.141404424583993095e+05 1.141404874141420732e+05 1.141399684025157185e+05 1.141401904565872246e+05 1.023758339491672959e+05 3.272984401673899847e+05 2.675529370014769665e+04 1.141405135401950247e+05 6.692524502043362008e+04 1.141403037158285442e+05 6.164191872326946759e+04 1.141405316530603886e+05 5.428932894698595192e+04 1.141405026043796970e+05 1.141399268525953958e+05 1.141401466002526868e+05 5.477805248903425672e+04
4.470495563666669186e+05 7.847044443608798611e+04 6.722888053170076455e+04 4.773953137861344294e+04 1.672869559905766801e+00 1.176651327712237617e+04 1.711758591983014194e+05 2.467332662441715365e+05 1.742343401877667564e+00 1.512783962651555339e+04 1.456089708175503983e+00 1.694848799362928427e+00 3.529605236613639863e+04 3.508451482057577814e+05 1.141405135401950247e+05 8.097726945314721592e-01 8.981750540818244917e+04 1.176654753382562558e+04 9.891280769847681222e+04 2.353131955720162296e+04 1.058845456086742342e+05 1.176649105778140074e+04 1.176614201017359846e+04 1.176644490552513162e+04 1.215708562280562910e+05
4.235028708450737759e+05 3.602774226764954801e+04 5.702686846671753301e+04 6.542148446034724475e+04 8.981750681704394810e+04 8.981744299872253032e+04 1.429351409912253730e+05 2.231859542471227760e+05 8.981744177000809577e+04 8.957745416862744605e+04 8.981711826080174069e+04 8.981741740085334459e+04 7.721240371434426925e+04 3.272985773987863213e+05 6.692524502043362008e+04 8.981750540818244917e+04 1.331319976614545158e+04 8.981745746298943413e+04 4.066130518658446817e+04 8.897722055396520591e+04 4.698486145909978222e+04 8.981750351326446980e+04 8.981702452537317004e+04 8.981727893687316100e+04 8.709986367512441939e+04
4.470493798380067456e+05 7.847041301347409899e+04 6.722886858348098758e+04 4.773960476121505781e+04 1.176647698736084021e+04 1.533291238544075563e+00 1.711756636956285511e+05 2.467331215993630176e+05 1.176637998049960333e+04 1.512794722459101831e+04 1.176623009838581675e+04 1.176631995969604031e+04 3.529610183346406120e+04 3.508449897309004446e+05 1.141403037158285151e+05 1.176654753382562558e+04 8.981745746298944869e+04 7.729631464172901367e-01 9.891271809760888573e+04 2.353130773154048802e+04 1.058843920912998728e+05 1.713388488940195575e+00 1.245039083250337075e+00 1.542634525454524175e+00 1.215707443797739397e+05
4.235028618525729398e+05 5.183645448905426747e+04 6.696268232512456598e+04 7.535713673089866643e+04 9.891275183264449879e+04 9.891260796356230276e+04 1.411670507930052408e+05 2.231867082267075311e+05 9.891263971547770780e+04 9.891280906888830941e+04 9.891231259002452134e+04 9.891259756747762731e+04 8.714797993101303291e+04 3.272985431775134057e+05 6.164191872326946759e+04 9.891280769847681222e+04 4.066130518658446817e+04 9.891271809760888573e+04 1.903166545043481892e+04 9.891280100943290745e+04 4.205561384345078113e+04 9.891281995633713086e+04 9.891227104154672998e+04 9.891247769116473501e+04 8.146645808047191531e+04
4.470496349464200321e+05 6.670568236453857389e+04 4.369932414338581293e+04 2.421006685286723587e+04 2.353140881401099614e+04 2.353127129213599255e+04 1.711759502199626004e+05 2.467333279996729689e+05 2.353139395820617574e+04 8.405093151510251118e+03 2.353106546429269656e+04 2.353124861270892143e+04 1.176649317607494049e+04 3.508452123962162877e+05 1.141405316530603886e+05 2.353131955720162296e+04 8.897722055396520591e+04 2.353130773154048802e+04 9.891280100943290745e+04 8.186078490364978588e-01 1.058845113108822261e+05 2.353136670665441125e+04 2.353082233993900809e+04 2.353118465008474232e+04 1.215709876723037305e+05
4.235028299031238421e+05 5.880827319105578499e+04 7.393434459102642722e+04 8.232895829615833645e+04 1.058844083121521835e+05 1.058843474878501438e+05 1.391013931538151228e+05 2.231866540529644699e+05 1.058844375383597944e+05 1.058845361391408223e+05 1.058840460868024675e+05 1.058842291961440205e+05 9.411982537292718189e+04 3.272984271304271533e+05 5.428932894698595919e+04 1.058845456086742342e+05 4.698486145909978950e+04 1.058843920912998728e+05 4.205561384345078113e+04 1.058845113108822261e+05 1.928947524421541311e+04 1.058845069180701539e+05 1.058839272955902707e+05 1.058841453422590712e+05 7.449476336292963242e+04
4.470494331845155684e+05 7.847042258689868322e+04 6.722892617741154390e+04 4.773958197911366005e+04 1.176640639738511709e+04 1.722611480480407797e+00 1.711758036425213504e+05 2.467331844094890403e+05 1.176641374073729094e+04 1.512796954198174899e+04 1.176623526487205527e+04 1.176641818103903825e+04 3.529611401880373160e+04 3.508451025361268548e+05 1.141405026043796970e+05 1.176649105778140074e+04 8.981750351326446980e+04 1.713388488940195575e+00 9.891281995633713086e+04 2.353136670665441125e+04 1.058845069180701539e+05 8.169766051967251030e-01 1.377163341180106970e+00 1.666610692434467023e+00 1.215708786259379267e+05
4.470491993621326983e+05 7.846991436362218519e+04 6.722840591387287714e+04 4.773910014345802483e+04 1.176611504639961822e+04 1.187098115151459465e+00 1.711753726035062573e+05 2.467328651056372328e+05 1.176604514605546865e+04 1.512743175010122650e+04 1.176570469473679441e+04 1.176588903409144405e+04 3.529560890669269429e+04 3.508447896095381002e+05 1.141399268525953958e+05 1.176614201017359846e+04 8.981702452537317004e+04 1.245039083250337075e+00 9.891227104154672998e+04 2.353082233993900809e+04 1.058839272955902707e+05 1.377163341180106970e+00 5.281490993663615630e-01 1.039855052625082488e+00 1.215703924764811964e+05
4.470493201610224205e+05 7.847024553600720537e+04 6.722869188317738008e+04 4.773942628539751604e+04 1.176640963576251306e+04 1.515253499117012126e+00 1.711755385325282114e+05 2.467330295879323385e+05 1.176633127058063656e+04 1.512777670489048978e+04 1.176596470574807063e+04 1.176610878223635154e+04 3.529593062011209258e+04 3.508449061677430291e+05 1.141401466002526868e+05 1.176644490552513162e+04 8.981727893687313190e+04 1.542634525454524175e+00 9.891247769116473501e+04 2.353118465008474232e+04 1.058841453422590712e+05 1.666610692434467245e+00 1.039855052625082266e+00 7.161671320244673566e-01 1.215705862770407111e+05
4.117381696126677562e+05 9.802425999973338912e+04 9.802418906409945339e+04 9.801541389536570932e+04 1.215707774595357187e+05 1.215707995011985622e+05 1.108800493960965687e+05 2.041388371286759793e+05 1.215707914116012689e+05 1.215709293194669299e+05 1.215703984725653281e+05 1.215706512177777477e+05 1.098062748856056132e+05 3.119389786614703480e+05 5.477805248903424217e+04 1.215708562280562910e+05 8.709986367512441939e+04 1.215707443797739397e+05 8.146645808047191531e+04 1.215709876723037305e+05 7.449476336292963242e+04 1.215708786259379267e+05 1.215703924764811964e+05 1.215705862770407111e+05 2.868933405064533508e+04
