1.250301382137343353e+04 2.621420143875285285e+05 3.127002005734696286e+05 2.340946143651212333e+05 4.720315800342870352e+04 1.564048640507246600e+05 3.738642570940899168e+04 4.312260838937051012e+05 4.720311648570857506e+04 1.533404567619620320e+04 9.468833948416711064e+04 1.307866791254281270e+05 5.280012329818773287e+04 3.143497786025520691e+04 6.480030014698307787e+04 4.720293175281705771e+04 4.570311249232792034e+04 4.720296327768127230e+04 4.720302229179583810e+04 8.529755309252638835e+04 4.720268276467909163e+04 4.720314444446128618e+04 3.880186430178061710e+05 1.130143850049089815e+05 1.884280310178896179e+05
2.621420143875285285e+05 5.570395459800499520e+04 2.050450225946647697e+05 1.212644532134999463e+05 2.621417626342935546e+05 1.868364307478510309e+05 2.621420458886564593e+05 3.684453054260336794e+05 2.621416515526623698e+05 2.621418582812229579e+05 2.301421308577408781e+05 2.158564060842628824e+05 2.541419718293835176e+05 2.621418331831504474e+05 2.461419677214133262e+05 2.621416244369047927e+05 2.621417712894308497e+05 2.621417359979217872e+05 2.621415479574312631e+05 2.392849663439430587e+05 2.621416268401728594e+05 2.621417169801813434e+05 3.232323084191963426e+05 2.274754405321647937e+05 1.765520016188590380e+05
3.127002005734696286e+05 2.050450225946647697e+05 1.392022651258666301e+05 2.181382634864991414e+05 3.149856403646863764e+05 2.623069704359004390e+05 3.069859127148111584e+05 3.125181135343743372e+05 3.149855453924338799e+05 3.149857227596151643e+05 2.909860308669478982e+05 2.807002681646876736e+05 2.989858630007567699e+05 3.149856573890778818e+05 2.909857914056336740e+05 3.149855180593160330e+05 3.149856760478578508e+05 3.149855949881609995e+05 3.149854431796705467e+05 2.864145521097957389e+05 3.149855439960040385e+05 3.149855719315076713e+05 2.666857709289001650e+05 2.883193061289966572e+05 2.474364437079103081e+05
2.340946143651212042e+05 1.212644532134999608e+05 2.181382634864991414e+05 5.329133339279852225e+04 2.340946627847033960e+05 1.564686886887738074e+05 2.340947162912915519e+05 3.695117684733154601e+05 2.340945659171789011e+05 2.340947460312047624e+05 2.020947435947909253e+05 1.886511317249075219e+05 2.260947812478616252e+05 2.340947812265985704e+05 2.180947818857103703e+05 2.340943743341734225e+05 2.340947117770296754e+05 2.340943781133745506e+05 2.340944585013999604e+05 2.112375730284661404e+05 2.340942411751396430e+05 2.340946161818069522e+05 3.225357858846538584e+05 1.976828788774943096e+05 1.228361674583555432e+05
4.720315800342870352e+04 2.621417626342935546e+05 3.149856403646864346e+05 2.340946627847033960e+05 3.948046085954500995e+03 1.564049298467605840e+05 7.711278839602640073e+04 4.335118057519149734e+05 3.542243683379760114e+03 3.194346170346649888e+04 1.127291603538756463e+05 1.331448317946501193e+05 9.200156055971280148e+04 2.022856074443351099e+04 1.040016384600360616e+05 4.784909125236038562e+03 5.960327376350620398e+03 8.001525844935029454e+03 8.001336053172823995e+03 1.097161001151139499e+05 8.001309064813416626e+03 3.542262700731770110e+03 3.903041018814774579e+05 1.244229893513983552e+05 1.884280782804152695e+05
1.564048640507246600e+05 1.868364307478510309e+05 2.623069704359004390e+05 1.564686886887738074e+05 1.564049298467606131e+05 2.617902164647279642e+04 1.492937625016417005e+05 3.835119364610108896e+05 1.564048616224097786e+05 1.564050062728096382e+05 1.061053683979986381e+05 6.906527239242513315e+04 1.404050142724719190e+05 1.564049773091623210e+05 1.324049234205147077e+05 1.564045969025655359e+05 1.564049711914504878e+05 1.564046358398237498e+05 1.564047204005770036e+05 1.165956750113917951e+05 1.564043877559123503e+05 1.564048291859292076e+05 3.403044556346020545e+05 8.952598172815972066e+04 8.718153628428284719e+04
3.738642570940899168e+04 2.621420458886564593e+05 3.069859127148111584e+05 2.340947162912915810e+05 7.711278839602640073e+04 1.492937625016417296e+05 5.561267645417500717e+03 4.255118378388163401e+05 7.711270339414289629e+04 5.259675360098107194e+04 7.098021680364660278e+04 1.183343514740557875e+05 1.541500688924650967e+04 6.134460916101909970e+04 3.403282026685829624e+04 7.711249160152723198e+04 7.561273036167248210e+04 7.711257525188782893e+04 7.711261356730812986e+04 5.620420916604468221e+04 7.711230479057440243e+04 7.711273286886826099e+04 3.823044153269315721e+05 9.447840712056306074e+04 1.852674744269520743e+05
4.312260838937051012e+05 3.684453054260336794e+05 3.125181135343743372e+05 3.695117684733154601e+05 4.335118057519149734e+05 3.835119364610108896e+05 4.255118378388163401e+05 1.416744317832469533e+05 4.335117295548690017e+05 4.335118907122040982e+05 4.095118601730077062e+05 3.992261150126902503e+05 4.175119496697954019e+05 4.335118772566043772e+05 4.095120345999288838e+05 4.335116232082782080e+05 4.335118525487526786e+05 4.335115892138063791e+05 4.335117193466440658e+05 4.049404853842125158e+05 4.335115307369512739e+05 4.335117603102676803e+05 2.507722939956632035e+05 4.068451613986083539e+05 3.695118239272305509e+05
4.720311648570857506e+04 2.621416515526623698e+05 3.149855453924338799e+05 2.340945659171789011e+05 3.542243683379760569e+03 1.564048616224097786e+05 7.711270339414289629e+04 4.335117295548690017e+05 6.333324101745130275e-01 3.200151622865469471e+04 1.127290721041646757e+05 1.331447047742684372e+05 9.200151580962837033e+04 2.376954088913598389e+04 1.040015649416333617e+05 2.230650969301807436e+03 9.501428083261533175e+03 8.001390387320738228e+03 8.001257293012058653e+03 1.097160094603437174e+05 8.001215769199880015e+03 1.092882850946706785e+00 3.903040097174410475e+05 1.244228815283907898e+05 1.884279090179523337e+05
1.533404567619620320e+04 2.621418582812229579e+05 3.149857227596151643e+05 2.340947460312047624e+05 3.194346170346649888e+04 1.564050062728096382e+05 5.259675360098107194e+04 4.335118907122040982e+05 3.200151622865469471e+04 2.586970415975490596e+02 1.047291948234568117e+05 1.331448705720609578e+05 6.800148637213885377e+04 1.610214440461835511e+04 8.000165768824343104e+04 3.200141981451617175e+04 3.037032304136621315e+04 3.200160130350714826e+04 3.200140439721480288e+04 1.001726204989217949e+05 3.200133649036243514e+04 3.200149682318211126e+04 3.903041637416592566e+05 1.190896921262165124e+05 1.884281321122586960e+05
9.468833948416711064e+04 2.301421308577408781e+05 2.909860308669479564e+05 2.020947435947909544e+05 1.127291603538756463e+05 1.061053683979986381e+05 7.098021680364660278e+04 4.095118601730077644e+05 1.127290721041646757e+05 1.047291948234568263e+05 9.134326717956333596e+03 6.471803065255947877e+04 5.609142175360698457e+04 1.073957793232835393e+05 4.409138029530578206e+04 1.127288108553558850e+05 1.127291420004976244e+05 1.127288602159387956e+05 1.127289663387970650e+05 1.976741167413704898e+04 1.127285895081127092e+05 1.127290750284103124e+05 3.663044818172511295e+05 3.362303128900019510e+04 1.497537361569015775e+05
1.307866791254280979e+05 2.158564060842628824e+05 2.807002681646876736e+05 1.886511317249075219e+05 1.331448317946501193e+05 6.906527239242511860e+04 1.183343514740557875e+05 3.992261150126902503e+05 1.331447047742684372e+05 1.331448705720609869e+05 6.471803065255947877e+04 1.342609979227535223e+04 1.074456085001746833e+05 1.331447945855980215e+05 9.744559498458050075e+04 1.331444820698050316e+05 1.331448204982249881e+05 1.331444706415808178e+05 1.331445360016493360e+05 7.613166482183641347e+04 1.331442551602483727e+05 1.331447231542130758e+05 3.560187908987664850e+05 3.918943988314473972e+04 1.293124647473206714e+05
5.280012329818774015e+04 2.541419718293835176e+05 2.989858630007568281e+05 2.260947812478616252e+05 9.200156055971280148e+04 1.404050142724719190e+05 1.541500688924650967e+04 4.175119496697954019e+05 9.200151580962837033e+04 6.800148637213885377e+04 5.609142175360698457e+04 1.074456085001746978e+05 1.200080842428483629e+04 7.623344774122352828e+04 1.908334758707151923e+04 9.200141885933661251e+04 9.050151843827098492e+04 9.200160517521545989e+04 9.200140344253991498e+04 4.131537000526609336e+04 9.200134568963602942e+04 9.200154663246184646e+04 3.743042639495457988e+05 8.108964330292872910e+04 1.768726019183396420e+05
3.143497786025520691e+04 2.621418331831504474e+05 3.149856573890778818e+05 2.340947812265985704e+05 2.022856074443351099e+04 1.564049773091623210e+05 6.134460916101909970e+04 4.335118772566043772e+05 2.376954088913598389e+04 1.610214440461835511e+04 1.073957793232835247e+05 1.331447945855980215e+05 7.623344774122352828e+04 6.943762153732482147e+03 8.823349949019508495e+04 2.376947530600748723e+04 1.426942921488574575e+04 2.376969523540916998e+04 2.376952587773682171e+04 1.035651367827838549e+05 2.376944277987610621e+04 2.376960920856674784e+04 3.903041021181579563e+05 1.208674014031030238e+05 1.884280923585874552e+05
6.480030014698307059e+04 2.461419677214132971e+05 2.909857914056337322e+05 2.180947818857103703e+05 1.040016384600360616e+05 1.324049234205147077e+05 3.403282026685828896e+04 4.095120345999288838e+05 1.040015649416333617e+05 8.000165768824341649e+04 4.409138029530577478e+04 9.744559498458050075e+04 1.908334758707151923e+04 8.823349949019508495e+04 1.626053187461867992e+03 1.040014463521089056e+05 1.025016325880650402e+05 1.040016393537857512e+05 1.040014491849114711e+05 2.687715896570458062e+04 1.040013930545326148e+05 1.040015858921042673e+05 3.663042093418369186e+05 6.908967151532768912e+04 1.688726089348940877e+05
4.720293175281705771e+04 2.621416244369048218e+05 3.149855180593160330e+05 2.340943743341734225e+05 4.784909125236037653e+03 1.564045969025655068e+05 7.711249160152723198e+04 4.335116232082782662e+05 2.230650969301807436e+03 3.200141981451617175e+04 1.127288108553558704e+05 1.331444820698050316e+05 9.200141885933661251e+04 2.376947530600748723e+04 1.040014463521089056e+05 3.216970704680984454e+03 9.501389727474026586e+03 5.771660432972649687e+03 5.771556611786847498e+03 1.097157757890849025e+05 5.771412114264016964e+03 2.230665474850481587e+03 3.903040006187920808e+05 1.244226516371447360e+05 1.884277124615961220e+05
4.570311249232792034e+04 2.621417712894308497e+05 3.149856760478578508e+05 2.340947117770296754e+05 5.960327376350620398e+03 1.564049711914504878e+05 7.561273036167248210e+04 4.335118525487526786e+05 9.501428083261533175e+03 3.037032304136621315e+04 1.127291420004975953e+05 1.331448204982249881e+05 9.050151843827097036e+04 1.426942921488574575e+04 1.025016325880650547e+05 9.501389727474026586e+03 2.438162978796875905e+03 9.501552016689458469e+03 9.501359767415078750e+03 1.096223742898735945e+05 9.501355589714865346e+03 9.501511782448025770e+03 3.903041274170348188e+05 1.244230093113873299e+05 1.884281090033001092e+05
4.720296327768127230e+04 2.621417359979217872e+05 3.149855949881610577e+05 2.340943781133745506e+05 8.001525844935026726e+03 1.564046358398237498e+05 7.711257525188781437e+04 4.335115892138063791e+05 8.001390387320738228e+03 3.200160130350714826e+04 1.127288602159387810e+05 1.331444706415808178e+05 9.200160517521544534e+04 2.376969523540916998e+04 1.040016393537857512e+05 5.771660432972649687e+03 9.501552016689458469e+03 6.067720883997786974e-01 1.121238339666739581e+00 1.097158137739523663e+05 8.960996868686355032e-01 8.001451361480618289e+03 3.903040972855880391e+05 1.244226569498902390e+05 1.884277179835326388e+05
4.720302229179583810e+04 2.621415479574312631e+05 3.149854431796705467e+05 2.340944585013999604e+05 8.001336053172821266e+03 1.564047204005770036e+05 7.711261356730812986e+04 4.335117193466440658e+05 8.001257293012058653e+03 3.200140439721480288e+04 1.127289663387970650e+05 1.331445360016493360e+05 9.200140344253991498e+04 2.376952587773682171e+04 1.040014491849114711e+05 5.771556611786849317e+03 9.501359767415076931e+03 1.121238339666739581e+00 5.960792668192734789e-01 1.097158901899061748e+05 1.006977849016764903e+00 8.001275646579698332e+03 3.903039677371743601e+05 1.244227313993156131e+05 1.884278061502770288e+05
8.529755309252641746e+04 2.392849663439431170e+05 2.864145521097957389e+05 2.112375730284661404e+05 1.097161001151139499e+05 1.165956750113917951e+05 5.620420916604468221e+04 4.049404853842125158e+05 1.097160094603437174e+05 1.001726204989217949e+05 1.976741167413704898e+04 7.613166482183642802e+04 4.131537000526609336e+04 1.035651367827838549e+05 2.687715896570458790e+04 1.097157757890849025e+05 1.096223742898735800e+05 1.097158137739523663e+05 1.097158901899061748e+05 1.158937436693460768e+04 1.097155586963007809e+05 1.097159952243996086e+05 3.617330014255302958e+05 4.777578385402556887e+04 1.620153147627084109e+05
4.720268276467909163e+04 2.621416268401728594e+05 3.149855439960040385e+05 2.340942411751396430e+05 8.001309064813415716e+03 1.564043877559123503e+05 7.711230479057440243e+04 4.335115307369512739e+05 8.001215769199880015e+03 3.200133649036243514e+04 1.127285895081127092e+05 1.331442551602483727e+05 9.200134568963602942e+04 2.376944277987610621e+04 1.040013930545326148e+05 5.771412114264016964e+03 9.501355589714865346e+03 8.960996868686355032e-01 1.006977849016764681e+00 1.097155586963007809e+05 4.504280921306674235e-01 8.001252620541699798e+03 3.903040424957664800e+05 1.244224286937288125e+05 1.884275355260908545e+05
4.720314444446128618e+04 2.621417169801813434e+05 3.149855719315076713e+05 2.340946161818069522e+05 3.542262700731769655e+03 1.564048291859292076e+05 7.711273286886826099e+04 4.335117603102676221e+05 1.092882850946707007e+00 3.200149682318211126e+04 1.127290750284102978e+05 1.331447231542130758e+05 9.200154663246183190e+04 2.376960920856674784e+04 1.040015858921042673e+05 2.230665474850482042e+03 9.501511782448025770e+03 8.001451361480618289e+03 8.001275646579698332e+03 1.097159952243996086e+05 8.001252620541699798e+03 6.024196211624291974e-01 3.903040461540834513e+05 1.244228886323651677e+05 1.884279313977294660e+05
3.880186430178061710e+05 3.232323084191963426e+05 2.666857709289001650e+05 3.225357858846538584e+05 3.903041018814774579e+05 3.403044556346020545e+05 3.823044153269315138e+05 2.507722939956632035e+05 3.903040097174410475e+05 3.903041637416592566e+05 3.663044818172511295e+05 3.560187908987665433e+05 3.743042639495457988e+05 3.903041021181579563e+05 3.663042093418369186e+05 3.903040006187920808e+05 3.903041274170348188e+05 3.903040972855880391e+05 3.903039677371743601e+05 3.617330014255304122e+05 3.903040424957664800e+05 3.903040461540834513e+05 1.301797669490265398e+05 3.636376958530787379e+05 3.263043784958414617e+05
1.130143850049089815e+05 2.274754405321647937e+05 2.883193061289966572e+05 1.976828788774943096e+05 1.244229893513983552e+05 8.952598172815972066e+04 9.447840712056306074e+04 4.068451613986083539e+05 1.244228815283907898e+05 1.190896921262165124e+05 3.362303128900019510e+04 3.918943988314473972e+04 8.108964330292872910e+04 1.208674014031030238e+05 6.908967151532768912e+04 1.244226516371447360e+05 1.244230093113873299e+05 1.244226569498902390e+05 1.244227313993156131e+05 4.777578385402556160e+04 1.244224286937288125e+05 1.244228886323651677e+05 3.636376958530787379e+05 1.699923392925007647e+04 1.457847005945922574e+05
1.884280310178896179e+05 1.765520016188590089e+05 2.474364437079103081e+05 1.228361674583555432e+05 1.884280782804152695e+05 8.718153628428284719e+04 1.852674744269520743e+05 3.695118239272305509e+05 1.884279090179523337e+05 1.884281321122586960e+05 1.497537361569015484e+05 1.293124647473206569e+05 1.768726019183396129e+05 1.884280923585874552e+05 1.688726089348940877e+05 1.884277124615961220e+05 1.884281090033001092e+05 1.884277179835326388e+05 1.884278061502770288e+05 1.620153147627084109e+05 1.884275355260908545e+05 1.884279313977294660e+05 3.263043784958415199e+05 1.457847005945922574e+05 2.951534725077881740e+04
