3.660584298420722082e-01 1.063844263159164257e+05 5.851201660268020350e+04 2.789357963215164491e+05 9.686595162028547202e+04 8.510786971098705544e+04 1.063844312451083533e+05 1.097619241068206757e+05 1.085624177236682364e+00 1.438717311245072051e+05 7.446950809325331647e+04 9.067011503191608757e-01 2.081809768172882323e+05 8.510793707937684667e+04 6.476877307389725502e+03 2.127785173749545720e+04 2.735706771517688321e+04 9.349762821380556144e-01 1.015865249991851904e+00 1.178089738500763595e+00 1.186317308277295757e+00 8.510794259214441990e+04 1.045174965437444037e+00 2.978733453677474172e+05 1.694712900438292418e+05
1.063844263159164257e+05 5.211007328688718189e+03 8.814755816436013265e+04 2.546200034466142533e+05 1.787831550367864475e+04 6.687090575041798002e+04 3.465853371432449785e+04 6.416928600130922132e+04 1.063845881360386993e+05 1.111572216927637928e+05 7.750908474305918207e+04 1.063841367957959737e+05 1.838650963023506047e+05 4.836951473433769570e+04 1.063847236067753256e+05 1.063845300271676970e+05 1.011740558560115896e+05 1.063842078290677164e+05 1.063842877465580386e+05 1.063843129174872593e+05 1.063843470782376389e+05 4.559431438958583021e+04 1.063845236874461552e+05 2.735574393572134431e+05 1.451554142387312604e+05
5.851201660268020350e+04 8.814755816436013265e+04 7.979080802104874238e+03 2.789362333841770887e+05 7.160025521485877107e+04 2.659698311413631745e+04 1.063846402056396182e+05 1.097618307214522210e+05 5.851184706306135922e+04 1.438720351627509517e+05 1.595862524782669607e+04 5.851192416889963351e+04 2.081812591306325630e+05 4.509844267088863126e+04 5.203632301418673887e+04 3.723560664821001410e+04 3.115612681021415483e+04 5.851198663886426220e+04 5.851158669226484926e+04 5.851219781374558079e+04 5.851173278283514810e+04 4.787373753415625833e+04 5.851207492094192276e+04 2.978737585061495192e+05 1.694712665377162630e+05
2.789357963215164491e+05 2.546200034466142533e+05 2.789362333841770887e+05 8.116357872327941004e+04 2.576594104599072889e+05 2.576596422783929156e+05 2.363829266681892041e+05 2.363828849989863520e+05 2.789358955270162551e+05 2.363825952122859890e+05 2.682979699631635449e+05 2.789356372795838979e+05 1.926346364623999107e+05 2.576596775558134250e+05 2.789361329384432756e+05 2.789357774460462970e+05 2.789361765464686905e+05 2.789356345678200014e+05 2.789358292741879704e+05 2.789358576079481281e+05 2.789358963209071080e+05 2.576596795462290174e+05 2.789356503056722577e+05 1.844865974861048162e+05 2.282773151192865334e+05
9.686595162028548657e+04 1.787831550367864475e+04 7.160025521485877107e+04 2.576594104599072889e+05 1.849955185142089977e+04 4.899369911596547900e+04 5.120589300635909603e+04 7.672738940068807278e+04 9.686609669287152064e+04 1.179541148678711761e+05 5.963211930970769754e+04 9.686567518484996981e+04 1.869045953740139375e+05 3.049232372309394850e+04 9.686623287638628972e+04 9.686601502084780077e+04 9.078720456261717482e+04 9.686575251136414590e+04 9.686575971717857465e+04 9.686583541482503642e+04 9.686594517310732044e+04 2.771702723039216653e+04 9.686602050112982397e+04 2.765968403197260923e+05 1.481949173136901227e+05
8.510786971098705544e+04 6.687090575041798002e+04 2.659698311413631745e+04 2.576596422783929738e+05 4.899369911596547900e+04 4.558773761690525506e-01 8.510815664929340710e+04 8.848520624801698432e+04 8.510768318596750032e+04 1.225955826272981503e+05 1.063942460322907027e+04 8.510766546988688060e+04 1.869045619106208324e+05 1.850263094385695877e+04 7.863217733446809871e+04 6.383135544244782068e+04 5.775209762061158108e+04 8.510778745502978563e+04 8.510732190837986127e+04 8.510785932013101410e+04 8.510755142995147617e+04 2.127799301713366367e+04 8.510794134119013324e+04 2.765971710894291173e+05 1.481947087061670027e+05
1.063844312451083533e+05 3.465853371432449785e+04 1.063846402056396182e+05 2.363829266681892041e+05 5.120589300635909603e+04 8.510815664929340710e+04 1.859745363622278819e+04 2.951209689138095564e+04 1.063845884856839111e+05 8.235573161256994354e+04 9.574635251285525737e+04 1.063841739729473484e+05 1.656279793776485603e+05 7.625941586180876766e+04 1.063846394867365452e+05 1.063845267684682476e+05 1.063845887246795901e+05 1.063842353352227801e+05 1.063842824545435433e+05 1.063844619361950026e+05 1.063844072502953786e+05 7.493218958144345379e+04 1.063845267964665982e+05 2.553204677260077151e+05 1.269183268234021380e+05
1.097619241068206757e+05 6.416928600130921404e+04 1.097618307214522210e+05 2.363828849989863520e+05 7.672738940068807278e+04 8.848520624801698432e+04 2.951209689138095564e+04 5.682956423458741483e+03 1.097616377662198647e+05 6.427182199910387862e+04 9.912351226076221792e+04 1.097616301557489205e+05 1.656280197159825766e+05 8.848525873417381081e+04 1.097618470299198088e+05 1.097619875956377218e+05 1.097618390380170022e+05 1.097617020366667857e+05 1.097613542299283872e+05 1.097620201381709339e+05 1.097614753892669396e+05 8.848524521588913922e+04 1.097619107044871489e+05 2.553203934421355953e+05 1.269178030089652311e+05
1.085624177236682142e+00 1.063845881360386993e+05 5.851184706306135922e+04 2.789358955270162551e+05 9.686609669287152064e+04 8.510768318596750032e+04 1.063845884856839111e+05 1.097616377662198647e+05 4.467521173732922346e-01 1.438718497776945005e+05 7.446928055586620758e+04 1.126532735727408641e+00 2.081808873319606355e+05 8.510773610151316097e+04 6.476642385478612596e+03 2.127801959663953312e+04 2.735686415503365060e+04 1.020267796251285386e+00 7.874544913970276117e-01 1.306499570197013238e+00 8.524981401422009331e-01 8.510773971274064388e+04 1.239478686140585761e+00 2.978734483836478903e+05 1.694709373681121797e+05
1.438717311245072051e+05 1.111572216927637928e+05 1.438720351627509517e+05 2.363825952122859890e+05 1.179541148678711761e+05 1.225955826272981503e+05 8.235573161256994354e+04 6.427182199910387135e+04 1.438718497776945005e+05 4.797982254906163143e+04 1.332338034615420329e+05 1.438714490109081671e+05 1.507805614745742641e+05 1.225954724500963202e+05 1.438720868702187436e+05 1.438718168414919346e+05 1.438720629729416978e+05 1.438715410124656628e+05 1.438716686700627033e+05 1.438718775168749562e+05 1.438717173528188141e+05 1.225954755617990450e+05 1.438716312404157943e+05 2.391094692847325059e+05 8.824480616171723523e+04
7.446950809325330192e+04 7.750908474305918207e+04 1.595862524782669607e+04 2.682979699631635449e+05 5.963211930970769026e+04 1.063942460322907209e+04 9.574635251285525737e+04 9.912351226076221792e+04 7.446928055586620758e+04 1.332338034615420329e+05 1.063883196703394788e+04 7.446941423868836137e+04 1.975429305316152459e+05 2.914094699179695090e+04 6.799386084998448496e+04 5.319299805771255342e+04 4.711369218956035911e+04 7.446943488107164740e+04 7.446900338408029347e+04 7.446952647221380903e+04 7.446918983318611572e+04 3.191638647458386185e+04 7.446958973974041874e+04 2.872354849192164256e+05 1.588329944463542197e+05
9.067011503191607646e-01 1.063841367957959737e+05 5.851192416889963351e+04 2.789356372795837815e+05 9.686567518484996981e+04 8.510766546988688060e+04 1.063841739729473484e+05 1.097616301557489060e+05 1.126532735727408641e+00 1.438714490109081671e+05 7.446941423868836137e+04 3.363152336346755256e-01 2.081808053079788515e+05 8.510766022671070823e+04 6.476793421090798802e+03 2.127773465414226666e+04 2.735698359072661697e+04 7.279448501206190469e-01 7.223942135061818259e-01 1.077528955085319762e+00 9.348112435233487671e-01 8.510772482685501745e+04 1.029810224363311599e+00 2.978731764409296447e+05 1.694710388884310378e+05
2.081809768172882905e+05 1.838650963023506047e+05 2.081812591306325630e+05 1.926346364623999107e+05 1.869045953740139375e+05 1.869045619106208324e+05 1.656279793776485603e+05 1.656280197159825766e+05 2.081808873319606355e+05 1.507805614745742641e+05 1.975429305316152459e+05 2.081808053079788515e+05 8.872042967222069274e+04 1.869046822016614606e+05 2.081811543729271798e+05 2.081811087716723559e+05 2.081811483815150859e+05 2.081808298048301367e+05 2.081807880963640637e+05 2.081810795327256492e+05 2.081808347367312817e+05 1.869046668125029828e+05 2.081809941405446443e+05 2.373221054501365870e+05 1.146402495436401077e+05
8.510793707937684667e+04 4.836951473433769570e+04 4.509844267088862398e+04 2.576596775558135123e+05 3.049232372309394486e+04 1.850263094385695877e+04 7.625941586180876766e+04 8.848525873417381081e+04 8.510773610151316097e+04 1.225954724500963202e+05 2.914094699179695090e+04 8.510766022671070823e+04 1.869046822016614606e+05 4.826902919262467549e+03 8.426304339048649126e+04 8.233285372491522867e+04 7.625341521589166950e+04 8.510782449084748805e+04 8.510736275407893118e+04 8.510798949998967873e+04 8.510752810302222497e+04 2.776315924198279845e+03 8.510803656290863000e+04 2.765972116469803150e+05 1.481947615512859484e+05
6.476877307389725502e+03 1.063847236067753256e+05 5.203632301418673887e+04 2.789361329384432756e+05 9.686623287638628972e+04 7.863217733446809871e+04 1.063846394867365452e+05 1.097618470299198088e+05 6.476642385478613505e+03 1.438720868702187436e+05 6.799386084998448496e+04 6.476793421090798802e+03 2.081811543729271798e+05 8.426304339048649126e+04 9.009815054595866968e+03 1.480243050749706163e+04 2.088129653041755955e+04 6.476872061488612417e+03 6.476390527219262367e+03 6.476820644016785991e+03 6.476662360931331932e+03 8.510780457738798577e+04 6.476860786332470525e+03 2.978736207148627727e+05 1.694711728837245610e+05
2.127785173749545356e+04 1.063845300271676970e+05 3.723560664821001410e+04 2.789357774460462970e+05 9.686601502084778622e+04 6.383135544244782795e+04 1.063845267684682476e+05 1.097619875956377218e+05 2.127801959663952948e+04 1.438718168414919346e+05 5.319299805771255342e+04 2.127773465414226666e+04 2.081811087716723559e+05 8.233285372491522867e+04 1.480243050749706163e+04 4.132477826776332908e-01 6.080342916236932979e+03 2.127777650121421902e+04 2.127774577790695184e+04 2.127789188430929062e+04 2.127799197922004532e+04 8.510813758088753093e+04 2.127774415420438527e+04 2.978733240168798948e+05 1.694713003229656606e+05
2.735706771517688321e+04 1.011740558560115896e+05 3.115612681021414755e+04 2.789361765464686905e+05 9.078720456261717482e+04 5.775209762061157380e+04 1.063845887246795901e+05 1.097618390380170022e+05 2.735686415503365060e+04 1.438720629729416978e+05 4.711369218956035911e+04 2.735698359072662060e+04 2.081811483815150859e+05 7.625341521589166950e+04 2.088129653041755955e+04 6.080342916236932979e+03 8.684790784381249978e+03 2.735701279081338726e+04 2.735660506004077979e+04 2.735719460055099626e+04 2.735677520743129935e+04 7.902875391118308471e+04 2.735717401648217856e+04 2.978737268445486552e+05 1.694711987603443267e+05
9.349762821380556144e-01 1.063842078290677164e+05 5.851198663886426220e+04 2.789356345678200014e+05 9.686575251136413135e+04 8.510778745502978563e+04 1.063842353352227801e+05 1.097617020366667857e+05 1.020267796251285386e+00 1.438715410124656628e+05 7.446943488107164740e+04 7.279448501206191580e-01 2.081808298048301367e+05 8.510782449084748805e+04 6.476872061488611507e+03 2.127777650121422630e+04 2.735701279081338726e+04 4.429334692385951122e-01 8.746042650259243656e-01 1.089388678907623920e+00 9.290573707397080661e-01 8.510784564932790818e+04 1.045944924035120183e+00 2.978731866080826148e+05 1.694710988273685216e+05
1.015865249991851904e+00 1.063842877465580386e+05 5.851158669226484926e+04 2.789358292741879122e+05 9.686575971717857465e+04 8.510732190837986127e+04 1.063842824545435433e+05 1.097613542299283872e+05 7.874544913970276117e-01 1.438716686700627033e+05 7.446900338408029347e+04 7.223942135061818259e-01 2.081807880963640346e+05 8.510736275407893118e+04 6.476390527219261458e+03 2.127774577790695912e+04 2.735660506004077979e+04 8.746042650259243656e-01 2.041371833078103049e-01 1.136110055425582299e+00 6.576531948656257898e-01 8.510740534320010920e+04 1.101801735925915349e+00 2.978733687740106252e+05 1.694708455404903798e+05
1.178089738500763595e+00 1.063843129174872593e+05 5.851219781374558079e+04 2.789358576079481281e+05 9.686583541482503642e+04 8.510785932013101410e+04 1.063844619361950026e+05 1.097620201381709339e+05 1.306499570197013238e+00 1.438718775168749562e+05 7.446952647221380903e+04 1.077528955085319762e+00 2.081810795327256492e+05 8.510798949998967873e+04 6.476820644016785081e+03 2.127789188430929426e+04 2.735719460055099626e+04 1.089388678907623920e+00 1.136110055425582299e+00 3.875604819792294320e-01 1.320287263360376606e+00 8.510807912925870914e+04 1.202356060712420849e+00 2.978733173161337618e+05 1.694713399906857521e+05
1.186317308277295757e+00 1.063843470782376389e+05 5.851173278283514082e+04 2.789358963209071080e+05 9.686594517310732044e+04 8.510755142995147617e+04 1.063844072502953786e+05 1.097614753892669396e+05 8.524981401422009331e-01 1.438717173528188141e+05 7.446918983318611572e+04 9.348112435233487671e-01 2.081808347367312817e+05 8.510752810302222497e+04 6.476662360931331023e+03 2.127799197922004896e+04 2.735677520743129935e+04 9.290573707397081771e-01 6.576531948656257898e-01 1.320287263360376606e+00 3.501993267138728272e-01 8.510757679901864321e+04 1.321340518365996974e+00 2.978734309586418094e+05 1.694708581560008752e+05
8.510794259214441990e+04 4.559431438958583021e+04 4.787373753415625833e+04 2.576596795462290174e+05 2.771702723039216289e+04 2.127799301713366367e+04 7.493218958144345379e+04 8.848524521588913922e+04 8.510773971274064388e+04 1.225954755617990450e+05 3.191638647458386549e+04 8.510772482685501745e+04 1.869046668125029828e+05 2.776315924198279845e+03 8.510780457738798577e+04 8.510813758088753093e+04 7.902875391118308471e+04 8.510784564932790818e+04 8.510740534320010920e+04 8.510807912925870914e+04 8.510757679901864321e+04 4.699771491044743010e-01 8.510810194245507591e+04 2.765972414203984663e+05 1.481947683613392583e+05
1.045174965437444259e+00 1.063845236874461552e+05 5.851207492094191548e+04 2.789356503056722577e+05 9.686602050112980942e+04 8.510794134119013324e+04 1.063845267964665982e+05 1.097619107044871489e+05 1.239478686140585761e+00 1.438716312404157943e+05 7.446958973974041874e+04 1.029810224363311599e+00 2.081809941405446443e+05 8.510803656290863000e+04 6.476860786332470525e+03 2.127774415420438527e+04 2.735717401648217492e+04 1.045944924035120183e+00 1.101801735925915349e+00 1.202356060712420627e+00 1.321340518365997196e+00 8.510810194245507591e+04 4.398378349261535813e-01 2.978732600028797169e+05 1.694712516195104399e+05
2.978733453677474172e+05 2.735574393572134431e+05 2.978737585061495192e+05 1.844865974861048162e+05 2.765968403197260923e+05 2.765971710894291173e+05 2.553204677260077151e+05 2.553203934421355953e+05 2.978734483836478903e+05 2.391094692847325059e+05 2.872354849192164256e+05 2.978731764409297029e+05 2.373221054501365870e+05 2.765972116469803150e+05 2.978736207148627145e+05 2.978733240168798948e+05 2.978737268445486552e+05 2.978731866080826730e+05 2.978733687740106252e+05 2.978733173161337618e+05 2.978734309586418094e+05 2.765972414203984081e+05 2.978732600028797751e+05 7.225680060392103042e+04 2.413823632379709452e+05
1.694712900438291836e+05 1.451554142387312604e+05 1.694712665377162630e+05 2.282773151192865334e+05 1.481949173136901227e+05 1.481947087061670027e+05 1.269183268234021380e+05 1.269178030089652311e+05 1.694709373681121797e+05 8.824480616171723523e+04 1.588329944463542197e+05 1.694710388884310378e+05 1.146402495436401077e+05 1.481947615512859484e+05 1.694711728837245610e+05 1.694713003229656606e+05 1.694711987603443267e+05 1.694710988273685216e+05 1.694708455404903798e+05 1.694713399906857521e+05 1.694708581560008752e+05 1.481947683613392583e+05 1.694712516195104399e+05 2.413823632379709452e+05 3.798282838280001306e+04
