1.647214249463672331e+03 2.287820600676679460e+05 2.985401856676781608e+04 1.448406360132260306e+05 9.261644563306239434e+03 4.118950238915544469e+04 9.261623047860584848e+03 9.261399743620431764e+03 9.261515547329683613e+03 1.179540392511303980e+04 4.777565496612348943e+05 9.261599779584856151e+03 5.577996068794485473e+04 3.327004102792483754e+05 7.129877905676577939e+04 9.261629806073287909e+03 6.483598059725636631e+03 9.261570660545759893e+03 9.279894222086560376e+02 3.240973059697161807e+04 9.261384472249530518e+03 9.773302103035415348e+04 9.260872960861301181e+03 9.261162504747286221e+03 9.261305280761864196e+03
2.287820600676680042e+05 7.096808879881199391e+04 2.213747184752289322e+05 1.634344977855511534e+05 2.297079508061884553e+05 2.260044409147826373e+05 2.297078963155777892e+05 2.297076654654730519e+05 2.297077493712126743e+05 2.213747444701179338e+05 3.895612085322989151e+05 2.297078158538296993e+05 2.279306396478290553e+05 2.074302396506622899e+05 2.219362621054426709e+05 2.297078766430786636e+05 2.297079517930319125e+05 2.297077809830050392e+05 2.297079523027180694e+05 2.213747392569420626e+05 2.297075814205378701e+05 1.980048393152486533e+05 2.297073912680546637e+05 2.297074919805984537e+05 2.297075534354985284e+05
2.985401856676781608e+04 2.213747184752289322e+05 3.544924525820453255e+03 1.448407405741507246e+05 3.078007890032069190e+04 2.123054322748754930e+04 3.078007711494566684e+04 3.077984522549113899e+04 3.077995174751515151e+04 1.806051072531214959e+04 4.777565665483850753e+05 3.077998865943139390e+04 4.949330333476980013e+04 3.252929997124162619e+05 7.129877275904107955e+04 3.078006923311673745e+04 3.077992005647862607e+04 3.078004086011447725e+04 3.078003708736338740e+04 7.436846924850218784e+03 3.077985227068787208e+04 9.773310937075156835e+04 3.077935251507039720e+04 3.077950562762162735e+04 3.077968854651799847e+04
1.448406360132260015e+05 1.634344977855511534e+05 1.448407405741507246e+05 5.184381819285153324e+04 1.448405877480270865e+05 1.402111760382408393e+05 1.448405358965374180e+05 1.448402697359815647e+05 1.448403368792923575e+05 1.448407203390124778e+05 4.381319210752247018e+05 1.448404401351965207e+05 1.279792044141641090e+05 2.957166467114010011e+05 1.167633725787688309e+05 1.448404997715576610e+05 1.448406073593191104e+05 1.448403951914255158e+05 1.448406474373961682e+05 1.448407829154421343e+05 1.448401751481127867e+05 8.013223483288103307e+04 1.448399290497523616e+05 1.448400864117838501e+05 1.448401482008524472e+05
9.261644563306241253e+03 2.297079508061884844e+05 3.078007890032069190e+04 1.448405877480271156e+05 1.024000683481180785e+00 4.160102371699353534e+04 1.986674682001094983e+00 1.991941849358218164e+00 2.010866512022257968e+00 2.105505717278008524e+04 4.777564793982644333e+05 2.021577063656347928e+00 5.577994939627111307e+04 3.336262832311594975e+05 7.129870638828008668e+04 1.991244956145637346e+00 2.779896938312352631e+03 1.983600472091868516e+00 8.335624955853256324e+03 3.333576405992729997e+04 1.899378424467112580e+00 9.773291869643697282e+04 1.474941583558496028e+00 1.779587833154508969e+00 1.852582715895225718e+00
4.118950238915544469e+04 2.260044409147826664e+05 2.123054322748755658e+04 1.402111760382408393e+05 4.160102371699353534e+04 1.865757436300258996e+04 4.160104181735616294e+04 4.160080256827881385e+04 4.160090377634504694e+04 3.351130356712199136e+04 4.731269346592330257e+05 4.160099086102133879e+04 3.657679187810105941e+04 3.299226892786406679e+05 6.179420988093470805e+04 4.160099142366355954e+04 4.160097203658043145e+04 4.160097294273782609e+04 4.160105331722193660e+04 2.107862932978418758e+04 4.160077467612546025e+04 9.310344893960401532e+04 4.160027748481910385e+04 4.160043918710404250e+04 4.160057928619480663e+04
9.261623047860584848e+03 2.297078963155777601e+05 3.078007711494566684e+04 1.448405358965374180e+05 1.986674682001094983e+00 4.160104181735616294e+04 1.085446263822305468e+00 1.967603275101367677e+00 1.943926325038768166e+00 2.105504280330551410e+04 4.777564421886734781e+05 1.918470351835702026e+00 5.577991821053611784e+04 3.336262166640633950e+05 7.129871703431622882e+04 1.933499313323252755e+00 2.779950168063323872e+03 1.934059025791726283e+00 8.335553259753380189e+03 3.333576155717245274e+04 1.881744209466750251e+00 9.773289594594152004e+04 1.463897594147627990e+00 1.748125986568180190e+00 1.788707537164827999e+00
9.261399743620431764e+03 2.297076654654730228e+05 3.077984522549113899e+04 1.448402697359815647e+05 1.991941849358218164e+00 4.160080256827881385e+04 1.967603275101367677e+00 9.254367949613198086e-01 1.736793096055249563e+00 2.105482823568197637e+04 4.777562951472756686e+05 1.869701212068671126e+00 5.577968816489534220e+04 3.336260602456299821e+05 7.129851006194265210e+04 1.918712974060032161e+00 2.779789950329848580e+03 1.888704350125069542e+00 8.335417529592061328e+03 3.333554428264647868e+04 1.607049834854232140e+00 9.773265237721940503e+04 1.328077595237331598e+00 1.537111204928342856e+00 1.612474600776083955e+00
9.261515547329683613e+03 2.297077493712126743e+05 3.077995174751514787e+04 1.448403368792923575e+05 2.010866512022257968e+00 4.160090377634504694e+04 1.943926325038768166e+00 1.736793096055249563e+00 1.012000664079667267e+00 2.105495006639396524e+04 4.777563301212445367e+05 1.877130333688636021e+00 5.577976515838882915e+04 3.336260858695788193e+05 7.129856448350117716e+04 1.933928168394477787e+00 2.779910752019171923e+03 1.839734164980962650e+00 8.335535071723481451e+03 3.333566244916179130e+04 1.717693196262116473e+00 9.773272583030331589e+04 1.386589909887706362e+00 1.628743718781357153e+00 1.700235638792624737e+00
1.179540392511304162e+04 2.213747444701179047e+05 1.806051072531215323e+04 1.448407203390124778e+05 2.105505717278008524e+04 3.351130356712199136e+04 2.105504280330551774e+04 2.105482823568197637e+04 2.105495006639396524e+04 4.156328500182559765e+03 4.777565957810715190e+05 2.105503876519212281e+04 5.393321660005786543e+04 3.252930272966799093e+05 7.129880007366053178e+04 2.105505255462160858e+04 1.827709728390893360e+04 2.105503134973133638e+04 1.272157269181160518e+04 2.061630954740279049e+04 2.105485439913766095e+04 9.773304650861909613e+04 2.105430924832545861e+04 2.105454832188761793e+04 2.105474138031541224e+04
4.777565496612349525e+05 3.895612085322989151e+05 4.777565665483850753e+05 4.381319210752247018e+05 4.777564793982644333e+05 4.731269346592330839e+05 4.777564421886734781e+05 4.777562951472756686e+05 4.777563301212445367e+05 4.777565957810715190e+05 1.791758796438631834e+05 4.777563632548566093e+05 4.694232562021993217e+05 3.322467772336627240e+05 4.647937295370746870e+05 4.777564337467452860e+05 4.777564444381736103e+05 4.777564261666549137e+05 4.777564466916066012e+05 4.777565676392369205e+05 4.777562404322525836e+05 4.526318040547331329e+05 4.777561433980215807e+05 4.777562013284670538e+05 4.777562086808150634e+05
9.261599779584856151e+03 2.297078158538296702e+05 3.077998865943139754e+04 1.448404401351965498e+05 2.021577063656347928e+00 4.160099086102133879e+04 1.918470351835702026e+00 1.869701212068671126e+00 1.877130333688636021e+00 2.105503876519212281e+04 4.777563632548566093e+05 9.791013623962641077e-01 5.577985269366142893e+04 3.336261549020490493e+05 7.129864115315867821e+04 1.885843554215027362e+00 2.779948255333593352e+03 1.896221765954453575e+00 8.335557864904571034e+03 3.333569965552007488e+04 1.793863348620356790e+00 9.773283967797837977e+04 1.437959380982160029e+00 1.653875990131741025e+00 1.731269710637280523e+00
5.577996068794485473e+04 2.279306396478289971e+05 4.949330333476979285e+04 1.279792044141640945e+05 5.577994939627111307e+04 3.657679187810105941e+04 5.577991821053611784e+04 5.577968816489534220e+04 5.577976515838882915e+04 5.393321660005786543e+04 4.694232562021992635e+05 5.577985269366142893e+04 2.214129538252103521e+04 3.336264089018002269e+05 3.748132151792471996e+04 5.577988895036717440e+04 5.577991094787645852e+04 5.577989084155983437e+04 5.578001264296439331e+04 4.949330480259443721e+04 5.577963548866079509e+04 7.879321295937069226e+04 5.577919081257778453e+04 5.577938575478507846e+04 5.577945473172045604e+04
3.327004102792483754e+05 2.074302396506623190e+05 3.252929997124163201e+05 2.957166467114010011e+05 3.336262832311594975e+05 3.299226892786406679e+05 3.336262166640633950e+05 3.336260602456299821e+05 3.336260858695788775e+05 3.252930272966799093e+05 3.322467772336626076e+05 3.336261549020490493e+05 3.336264089018003433e+05 1.393511180936892051e+05 3.289968429217576049e+05 3.336262426052932860e+05 3.336262661050427705e+05 3.336261595821147785e+05 3.336262947082790197e+05 3.252930827776494552e+05 3.336260278923335136e+05 3.147898296043158625e+05 3.336258442312999978e+05 3.336258773807615507e+05 3.336259555017369566e+05
7.129877905676577939e+04 2.219362621054426709e+05 7.129877275904106500e+04 1.167633725787688454e+05 7.129870638828008668e+04 6.179420988093470805e+04 7.129871703431622882e+04 7.129851006194263755e+04 7.129856448350117716e+04 7.129880007366051723e+04 4.647937295370746870e+05 7.129864115315867821e+04 3.748132151792471996e+04 3.289968429217576049e+05 2.188538474205129387e+04 7.129866959322406910e+04 7.129877363292594964e+04 7.129864303724077763e+04 7.129879096155158186e+04 7.129876395475029130e+04 7.129840485477217590e+04 6.085990971156417072e+04 7.129803216144733597e+04 7.129819848080466909e+04 7.129831245519322692e+04
9.261629806073287909e+03 2.297078766430786345e+05 3.078006923311673745e+04 1.448404997715576901e+05 1.991244956145636902e+00 4.160099142366356682e+04 1.933499313323252755e+00 1.918712974060032161e+00 1.933928168394477787e+00 2.105505255462160130e+04 4.777564337467452860e+05 1.885843554215027362e+00 5.577988895036717440e+04 3.336262426052932860e+05 7.129866959322406910e+04 1.027158364038303295e+00 2.779978585189797286e+03 1.868152796004548533e+00 8.335594816006972906e+03 3.333574847624249378e+04 1.848102944453626550e+00 9.773285324638054590e+04 1.440372482147770361e+00 1.746935490739970342e+00 1.815315908893395447e+00
6.483598059725636631e+03 2.297079517930319125e+05 3.077992005647862970e+04 1.448406073593191104e+05 2.779896938312352177e+03 4.160097203658043145e+04 2.779950168063324327e+03 2.779789950329848580e+03 2.779910752019171923e+03 1.827709728390893360e+04 4.777564444381736103e+05 2.779948255333593352e+03 5.577991094787645125e+04 3.336262661050427705e+05 7.129877363292593509e+04 2.779978585189797741e+03 3.704845054136111230e+03 2.779987148982143026e+03 5.557502294143292602e+03 3.333569561583042378e+04 2.779779734322133663e+03 9.773299410194688244e+04 2.779313938923720798e+03 2.779617207330728434e+03 2.779721797595284443e+03
9.261570660545759893e+03 2.297077809830050392e+05 3.078004086011447725e+04 1.448403951914255449e+05 1.983600472091868738e+00 4.160097294273782609e+04 1.934059025791726283e+00 1.888704350125069098e+00 1.839734164980962650e+00 2.105503134973133638e+04 4.777564261666550301e+05 1.896221765954453575e+00 5.577989084155983437e+04 3.336261595821147785e+05 7.129864303724077763e+04 1.868152796004548533e+00 2.779987148982143935e+03 9.792989738734281246e-01 8.335566148503070508e+03 3.333569779749575537e+04 1.777580828528120049e+00 9.773276403189578559e+04 1.421427684965653970e+00 1.690972753951524243e+00 1.762734257048966136e+00
9.279894222086560376e+02 2.297079523027180403e+05 3.078003708736338740e+04 1.448406474373961682e+05 8.335624955853254505e+03 4.160105331722193660e+04 8.335553259753380189e+03 8.335417529592061328e+03 8.335535071723481451e+03 1.272157269181160154e+04 4.777564466916066012e+05 8.335557864904571034e+03 5.578001264296439331e+04 3.336262947082790197e+05 7.129879096155158186e+04 8.335594816006972906e+03 5.557502294143292602e+03 8.335566148503070508e+03 1.089414804982289819e+00 3.333572531709668692e+04 8.335399444365308227e+03 9.773302506875712425e+04 8.334899547900560719e+03 8.335206423755946162e+03 8.335314005125106632e+03
3.240973059697161807e+04 2.213747392569420626e+05 7.436846924850218784e+03 1.448407829154421634e+05 3.333576405992729269e+04 2.107862932978418394e+04 3.333576155717245274e+04 3.333554428264647868e+04 3.333566244916179858e+04 2.061630954740279049e+04 4.777565676392369205e+05 3.333569965552006761e+04 4.949330480259443721e+04 3.252930827776494552e+05 7.129876395475029130e+04 3.333574847624249378e+04 3.333569561583041650e+04 3.333569779749575537e+04 3.333572531709668692e+04 5.939186074799882590e+03 3.333549631522723212e+04 9.773308603559306357e+04 3.333498624150479736e+04 3.333516208566282148e+04 3.333534737563849922e+04
9.261384472249530518e+03 2.297075814205378119e+05 3.077985227068787208e+04 1.448401751481128449e+05 1.899378424467112580e+00 4.160077467612546025e+04 1.881744209466750473e+00 1.607049834854231918e+00 1.717693196262116473e+00 2.105485439913766095e+04 4.777562404322525836e+05 1.793863348620356568e+00 5.577963548866079509e+04 3.336260278923335136e+05 7.129840485477217590e+04 1.848102944453626550e+00 2.779779734322133663e+03 1.777580828528120049e+00 8.335399444365308227e+03 3.333549631522723212e+04 9.242397083488823606e-01 9.773259121176674671e+04 1.260052155351314873e+00 1.523192026712634428e+00 1.461548189859139590e+00
9.773302103035415348e+04 1.980048393152486533e+05 9.773310937075156835e+04 8.013223483288103307e+04 9.773291869643695827e+04 9.310344893960401532e+04 9.773289594594152004e+04 9.773265237721940503e+04 9.773272583030331589e+04 9.773304650861909613e+04 4.526318040547331329e+05 9.773283967797837977e+04 7.879321295937069226e+04 3.147898296043158625e+05 6.085990971156417072e+04 9.773285324638054590e+04 9.773299410194688244e+04 9.773276403189577104e+04 9.773302506875710969e+04 9.773308603559306357e+04 9.773259121176674671e+04 2.738415961278192844e+04 9.773225636553249205e+04 9.773240625251624442e+04 9.773249492349568754e+04
9.260872960861301181e+03 2.297073912680546637e+05 3.077935251507039720e+04 1.448399290497523616e+05 1.474941583558496472e+00 4.160027748481910385e+04 1.463897594147627990e+00 1.328077595237331598e+00 1.386589909887706140e+00 2.105430924832545861e+04 4.777561433980215807e+05 1.437959380982160029e+00 5.577919081257777725e+04 3.336258442312999978e+05 7.129803216144733597e+04 1.440372482147770583e+00 2.779313938923720798e+03 1.421427684965654192e+00 8.334899547900560719e+03 3.333498624150479736e+04 1.260052155351314873e+00 9.773225636553249205e+04 5.507560494642577131e-01 1.017476566362301327e+00 1.165351944888039171e+00
9.261162504747286221e+03 2.297074919805984246e+05 3.077950562762162008e+04 1.448400864117838792e+05 1.779587833154508969e+00 4.160043918710404250e+04 1.748125986568179746e+00 1.537111204928342856e+00 1.628743718781357153e+00 2.105454832188761793e+04 4.777562013284670538e+05 1.653875990131741025e+00 5.577938575478507119e+04 3.336258773807614925e+05 7.129819848080465454e+04 1.746935490739970120e+00 2.779617207330727979e+03 1.690972753951524243e+00 8.335206423755946162e+03 3.333516208566282148e+04 1.523192026712634428e+00 9.773240625251622987e+04 1.017476566362301327e+00 7.708895933727651917e-01 1.290918381327022635e+00
9.261305280761864196e+03 2.297075534354985284e+05 3.077968854651799847e+04 1.448401482008524472e+05 1.852582715895225718e+00 4.160057928619479935e+04 1.788707537164827999e+00 1.612474600776083955e+00 1.700235638792624737e+00 2.105474138031541224e+04 4.777562086808150634e+05 1.731269710637280523e+00 5.577945473172045604e+04 3.336259555017369566e+05 7.129831245519321237e+04 1.815315908893395447e+00 2.779721797595284443e+03 1.762734257048966136e+00 8.335314005125106632e+03 3.333534737563849922e+04 1.461548189859139590e+00 9.773249492349570210e+04 1.165351944888039171e+00 1.290918381327022635e+00 8.816884719909807711e-01
