3.885566424825736553e-01 2.583769524870430760e+05 7.143005724187432497e+04 1.680814372956726584e+04 8.404779012593166044e+03 9.243854156408442941e+04 2.102035053184810749e+03 8.404551427131986202e+03 1.003167215563959180e+05 3.373435108832894475e+05 1.195065715952116261e+04 1.356206397620139469e+05 2.175921239957045182e+05 2.419639222800989810e+05 1.092453923221269943e+05 4.481940105680999841e+04 8.404714413242438241e+03 3.106566620363925904e+04 8.404605065056679450e+03 1.148477099533136789e+05 1.979472901312116592e+05 8.404420440834552210e+03 8.404716222688546623e+03 2.963861861171716591e+05 1.789092996004967426e+05
2.583769524870431051e+05 4.966863743714022712e+04 2.499736878943770425e+05 2.583769107317316812e+05 2.583766587480221642e+05 2.415702942089524295e+05 2.583769291204605834e+05 2.583766675207421649e+05 2.415704014783774328e+05 1.668202746814124985e+05 2.583768886358921882e+05 2.053814354800967558e+05 1.351044144970114285e+05 9.577844402966722555e+04 2.331668539036791772e+05 2.583769967959273781e+05 2.583766665516471840e+05 2.583769524352898297e+05 2.583768512981461245e+05 2.247635931040089054e+05 1.675461911763738026e+05 2.583766365911170724e+05 2.583766473211505217e+05 1.111664978328684374e+05 1.831408427599275601e+05
7.143005724187432497e+04 2.499736878943770425e+05 2.402177745759212485e+04 6.302680494583294058e+04 7.143007424367716885e+04 3.589931636588434048e+04 7.143014189198506938e+04 7.142978037882265926e+04 4.744551394151875138e+04 3.289402338281312841e+05 6.582789221836086654e+04 1.041081472130230832e+05 2.091888110378395068e+05 2.335606546958268736e+05 6.197644015048692381e+04 3.304859362656788289e+04 7.143002293330179236e+04 4.753465492654418631e+04 7.143003711729562201e+04 7.563199939917944721e+04 1.684332648496688053e+05 7.142968672653519025e+04 7.142997736786348105e+04 2.879829120750427246e+05 1.421446727416618960e+05
1.680814372956726584e+04 2.583769107317316812e+05 6.302680494583294058e+04 3.968980590333354708e-01 2.521154531924823095e+04 8.403510845505421457e+04 1.890896653734963911e+04 2.521138848348718602e+04 9.191336244119278854e+04 3.373435104587873793e+05 4.858420233399065182e+03 1.356206871964594175e+05 2.175922786033494340e+05 2.419639141896986985e+05 1.008420828144708794e+05 3.641601522503204615e+04 2.521157987239903741e+04 1.953337765589805349e+04 2.521158849811027540e+04 1.092454350643951475e+05 1.979475437092034845e+05 2.521127067390978482e+04 2.521141949018639571e+04 2.963860329508321593e+05 1.789093537413483136e+05
8.404779012593166044e+03 2.583766587480221642e+05 7.143007424367716885e+04 2.521154531924823459e+04 3.594614955110970733e-01 9.243842071671479789e+04 6.303697796095728336e+03 1.035080749736020378e+00 1.003165315345402632e+05 3.373434158553683665e+05 2.035420925200657075e+04 1.356205224607956479e+05 2.175920236743353016e+05 2.419637016437695420e+05 1.092452300128275529e+05 4.481939617353856011e+04 9.207233689989164915e-01 3.894398565838390641e+04 1.003718705725926252e+00 1.148474419922985835e+05 1.979472235358293110e+05 9.092989708796702653e-01 9.617980080486909777e-01 2.963859362760023796e+05 1.789090731543338334e+05
9.243854156408442941e+04 2.415702942089524295e+05 3.589931636588434048e+04 8.403510845505421457e+04 9.243842071671479789e+04 3.515431473411239494e+03 9.243854859772702912e+04 9.243823696455571917e+04 1.978416891136974664e+04 3.205370366390749114e+05 8.683625241434968484e+04 8.940232389230685658e+04 2.007856284988386906e+05 2.251573044002306997e+05 3.463204523366547073e+04 5.882490482717770647e+04 9.243845933802949730e+04 6.977754562441517191e+04 9.243846205235332309e+04 5.602410638501809444e+04 1.684332983417712967e+05 9.243810008830639708e+04 9.243831467669279664e+04 2.795795992405411089e+05 1.389933719588147069e+05
2.102035053184810749e+03 2.583769291204605834e+05 7.143014189198505483e+04 1.890896653734963911e+04 6.303697796095729245e+03 9.243854859772702912e+04 3.151767900604995248e+03 6.303703688333422178e+03 1.003166348483770125e+05 3.373434445623484207e+05 1.405156587657282216e+04 1.356205971887417545e+05 2.175920517593456898e+05 2.419638744013973628e+05 1.092453432564136892e+05 4.481952291130721278e+04 6.303732530376590148e+03 3.303531752361909457e+04 6.303579897756351784e+03 1.148475542639873020e+05 1.979473425514730043e+05 6.303529002259518165e+03 6.303746369313886134e+03 2.963860789050376625e+05 1.789092712705441227e+05
8.404551427131986202e+03 2.583766675207421649e+05 7.142978037882264471e+04 2.521138848348718602e+04 1.035080749736020600e+00 9.243823696455571917e+04 6.303703688333420359e+03 3.157057889840902409e-01 1.003164032339716796e+05 3.373432305869290722e+05 2.035409882380869385e+04 1.356202316387550964e+05 2.175918049800014123e+05 2.419636228042164585e+05 1.092449335631412541e+05 4.481920113112238323e+04 8.208732523238188028e-01 3.894359444256190909e+04 1.044555630195878049e+00 1.148473106659492478e+05 1.979470475705662102e+05 4.573098687923515815e-01 6.883403251166647641e-01 2.963859280181509093e+05 1.789089804824652092e+05
1.003167215563959180e+05 2.415704014783774328e+05 4.744551394151875138e+04 9.191336244119278854e+04 1.003165315345402487e+05 1.978416891136974664e+04 1.003166348483770125e+05 1.003164032339716796e+05 5.070153943903415893e+03 3.205370179880106007e+05 9.471447445886483183e+04 8.152409666865700274e+04 2.007855372356610897e+05 2.251572734492615273e+05 2.485032544992213661e+04 6.670314123846018629e+04 1.003166025587196928e+05 7.765589612601122644e+04 1.003166650163339364e+05 4.727057471853392781e+04 1.684332700628319581e+05 1.003162827888564061e+05 1.003164670865583175e+05 2.795795954368259991e+05 1.330848324917370046e+05
3.373435108832894475e+05 1.668202746814124985e+05 3.289402338281312841e+05 3.373435104587873793e+05 3.373434158553683665e+05 3.205370366390749114e+05 3.373434445623484207e+05 3.373432305869290722e+05 3.205370179880106007e+05 5.582263855496156611e+04 3.373435001417331514e+05 2.845226410252418136e+05 2.329700796520858130e+05 2.123573968734024675e+05 3.121335456563181360e+05 3.373436530604765867e+05 3.373432073229636881e+05 3.373435204210284865e+05 3.373434136835239478e+05 3.037302695867992588e+05 2.496920034057170269e+05 3.373432100525420392e+05 3.373432543134453008e+05 1.249675669154949283e+05 2.661777354496456683e+05
1.195065715952116261e+04 2.583768886358921882e+05 6.582789221836086654e+04 4.858420233399066092e+03 2.035420925200657075e+04 8.683625241434968484e+04 1.405156587657282216e+04 2.035409882380869385e+04 9.471447445886483183e+04 3.373435001417332096e+05 6.841356106918219666e+03 1.356207475338160002e+05 2.175922299977096263e+05 2.419639121226411662e+05 1.036431835729961604e+05 3.921725536625010864e+04 2.035425895439369197e+04 2.310009918080802890e+04 2.035424775009320001e+04 1.111127131396993645e+05 1.979474392539816618e+05 2.035394152800783195e+04 2.035409909797060391e+04 2.963861164955653367e+05 1.789092667257843714e+05
1.356206397620139469e+05 2.053814354800967558e+05 1.041081472130230832e+05 1.356206871964594175e+05 1.356205224607956479e+05 8.940232389230685658e+04 1.356205971887417545e+05 1.356202316387550964e+05 8.152409666865700274e+04 2.845226410252418718e+05 1.356207475338160002e+05 2.333479263593664655e+04 1.534017263261406042e+05 1.805747141797916265e+05 6.944415156484498584e+04 1.188140102325655316e+05 1.356203823751601449e+05 1.218883402259976574e+05 1.356205155144164746e+05 4.689629162689595250e+04 1.178980272483333683e+05 1.356201419804698962e+05 1.356204124216395721e+05 2.435652307597995677e+05 7.806683498183396296e+04
2.175921239957045182e+05 1.351044144970114285e+05 2.091888110378395068e+05 2.175922786033494340e+05 2.175920236743353016e+05 2.007856284988386906e+05 2.175920517593456898e+05 2.175918049800014123e+05 2.007855372356610897e+05 2.329700796520858130e+05 2.175922299977096263e+05 1.534017263261406042e+05 1.837487952860365840e+04 8.270761079639401578e+04 1.923821423946466821e+05 2.175923579656894144e+05 2.175918981271974626e+05 2.175923052128303680e+05 2.175920007967202691e+05 1.783764886997319118e+05 7.974169324073083408e+04 2.175917406809784588e+05 2.175919304844054277e+05 1.909624702995363332e+05 1.187964981635288859e+05
2.419639222800990101e+05 9.577844402966722555e+04 2.335606546958268736e+05 2.419639141896986985e+05 2.419637016437695420e+05 2.251573044002306997e+05 2.419638744013973628e+05 2.419636228042164585e+05 2.251572734492615273e+05 2.123573968734024675e+05 2.419639121226411662e+05 1.805747141797916265e+05 8.270761079639401578e+04 2.544546533926893608e+04 2.167539927010516112e+05 2.419640531525376718e+05 2.419637085704399506e+05 2.419641005452887912e+05 2.419637932478391449e+05 2.046156501509142690e+05 1.268650896685843618e+05 2.419636037526496511e+05 2.419635988020909135e+05 1.748962171082124114e+05 1.529460477207365911e+05
1.092453923221269943e+05 2.331668539036791772e+05 6.197644015048692381e+04 1.008420828144708794e+05 1.092452300128275529e+05 3.463204523366547073e+04 1.092453432564136892e+05 1.092449335631412541e+05 2.485032544992213661e+04 3.121335456563181360e+05 1.036431835729961604e+05 6.944415156484498584e+04 1.923821423946466821e+05 2.167539927010516112e+05 8.436033930181045434e+03 7.878319244434229040e+04 1.092450865424295043e+05 8.678136015644330473e+04 1.092452678316527308e+05 3.288662813195944182e+04 1.600298977664592967e+05 1.092448379992464179e+05 1.092451273837875779e+05 2.711763038357339683e+05 1.219241177479372418e+05
4.481940105680999841e+04 2.583769967959273781e+05 3.304859362656787562e+04 3.641601522503204615e+04 4.481939617353856011e+04 5.882490482717769191e+04 4.481952291130721278e+04 4.481920113112238323e+04 6.670314123846018629e+04 3.373436530604765867e+05 3.921725536625010864e+04 1.188140102325655316e+05 2.175923579656894144e+05 2.419640531525376718e+05 7.878319244434229040e+04 3.735190274228079943e+03 4.481943268624610937e+04 1.688388981612773205e+04 4.481945060577087133e+04 9.243879871517483843e+04 1.824388602547250921e+05 4.481911484358279267e+04 4.481927281032064639e+04 2.963861752389761969e+05 1.593015108749075152e+05
8.404714413242438241e+03 2.583766665516471840e+05 7.143002293330177781e+04 2.521157987239903741e+04 9.207233689989164915e-01 9.243845933802949730e+04 6.303732530376589239e+03 8.208732523238188028e-01 1.003166025587197073e+05 3.373432073229636881e+05 2.035425895439369197e+04 1.356203823751601449e+05 2.175918981271974626e+05 2.419637085704399506e+05 1.092450865424295043e+05 4.481943268624610937e+04 3.940969406151278442e-01 3.894381884425240423e+04 1.070568781564309013e+00 1.148474130831986695e+05 1.979471585989158193e+05 7.436984102334290858e-01 8.595629294116557961e-01 2.963859222336619277e+05 1.789091145218177116e+05
3.106566620363925904e+04 2.583769524352898297e+05 4.753465492654418631e+04 1.953337765589805349e+04 3.894398565838390641e+04 6.977754562441517191e+04 3.303531752361909457e+04 3.894359444256190909e+04 7.765589612601124099e+04 3.373435204210284865e+05 2.310009918080802890e+04 1.218883402259976574e+05 2.175923052128303680e+05 2.419641005452887912e+05 8.678136015644330473e+04 1.688388981612773568e+04 3.894381884425240423e+04 8.812144287109489596e+03 3.894391668086285063e+04 9.551322044626470597e+04 1.868145956044370250e+05 3.894348252028966090e+04 3.894380059308898490e+04 2.963862215709987213e+05 1.651771266181506799e+05
8.404605065056679450e+03 2.583768512981461245e+05 7.143003711729562201e+04 2.521158849811027540e+04 1.003718705725926252e+00 9.243846205235332309e+04 6.303579897756350874e+03 1.044555630195878049e+00 1.003166650163339364e+05 3.373434136835239478e+05 2.035424775009320001e+04 1.356205155144164746e+05 2.175920007967202691e+05 2.419637932478391449e+05 1.092452678316527308e+05 4.481945060577087133e+04 1.070568781564309013e+00 3.894391668086285063e+04 3.107151515712537893e-01 1.148476386313237745e+05 1.979472611347528873e+05 9.439406344480797406e-01 1.199048115175773033e+00 2.963861229729013285e+05 1.789091795405299927e+05
1.148477099533136789e+05 2.247635931040089054e+05 7.563199939917944721e+04 1.092454350643951475e+05 1.148474419922985835e+05 5.602410638501809444e+04 1.148475542639873020e+05 1.148473106659492478e+05 4.727057471853392781e+04 3.037302695867992588e+05 1.111127131396993645e+05 4.689629162689595250e+04 1.783764886997319409e+05 2.046156501509142690e+05 3.288662813195944182e+04 9.243879871517483843e+04 1.148474130831986695e+05 9.551322044626470597e+04 1.148476386313237745e+05 2.100692742877569617e+04 1.516265128675435844e+05 1.148472095441331912e+05 1.148473446953458624e+05 2.627728568102834397e+05 1.095816159575876372e+05
1.979472901312116592e+05 1.675461911763738026e+05 1.684332648496688053e+05 1.979475437092034845e+05 1.979472235358293401e+05 1.684332983417712967e+05 1.979473425514730043e+05 1.979470475705662102e+05 1.684332700628319581e+05 2.496920034057170269e+05 1.979474392539816618e+05 1.178980272483333683e+05 7.974169324073083408e+04 1.268650896685843618e+05 1.600298977664592967e+05 1.824388602547250921e+05 1.979471585989158193e+05 1.868145956044370250e+05 1.979472611347528873e+05 1.516265128675435844e+05 1.648410685780927088e+04 1.979469515333625604e+05 1.979471813096643018e+05 2.160876650938403618e+05 5.627285439994660555e+04
8.404420440834552210e+03 2.583766365911170724e+05 7.142968672653519025e+04 2.521127067390978482e+04 9.092989708796702653e-01 9.243810008830639708e+04 6.303529002259517256e+03 4.573098687923515815e-01 1.003162827888564061e+05 3.373432100525420392e+05 2.035394152800783195e+04 1.356201419804699253e+05 2.175917406809784588e+05 2.419636037526496511e+05 1.092448379992464179e+05 4.481911484358279267e+04 7.436984102334290858e-01 3.894348252028965362e+04 9.439406344480797406e-01 1.148472095441331912e+05 1.979469515333625604e+05 1.745300888752778778e-01 6.637040152163238282e-01 2.963859097342704190e+05 1.789088494251247612e+05
8.404716222688546623e+03 2.583766473211505217e+05 7.142997736786348105e+04 2.521141949018639571e+04 9.617980080486911998e-01 9.243831467669279664e+04 6.303746369313885225e+03 6.883403251166647641e-01 1.003164670865583175e+05 3.373432543134453008e+05 2.035409909797060391e+04 1.356204124216395721e+05 2.175919304844054277e+05 2.419635988020909135e+05 1.092451273837875779e+05 4.481927281032064639e+04 8.595629294116557961e-01 3.894380059308898490e+04 1.199048115175773033e+00 1.148473446953458624e+05 1.979471813096643018e+05 6.637040152163238282e-01 3.367822288089377114e-01 2.963858512065673131e+05 1.789089988682381809e+05
2.963861861171716591e+05 1.111664978328684374e+05 2.879829120750427246e+05 2.963860329508321593e+05 2.963859362760023796e+05 2.795795992405411089e+05 2.963860789050376625e+05 2.963859280181509093e+05 2.795795954368259991e+05 1.249675669154949137e+05 2.963861164955653367e+05 2.435652307597995677e+05 1.909624702995363041e+05 1.748962171082124114e+05 2.711763038357339683e+05 2.963861752389761969e+05 2.963859222336618695e+05 2.963862215709987213e+05 2.963861229729013285e+05 2.627728568102834397e+05 2.160876650938403618e+05 2.963859097342704190e+05 2.963858512065673131e+05 3.838476458928242937e+04 2.270586893612091080e+05
1.789092996004967426e+05 1.831408427599275601e+05 1.421446727416618960e+05 1.789093537413483136e+05 1.789090731543338334e+05 1.389933719588147069e+05 1.789092712705441227e+05 1.789089804824652092e+05 1.330848324917370046e+05 2.661777354496456683e+05 1.789092667257843714e+05 7.806683498183396296e+04 1.187964981635288859e+05 1.529460477207365911e+05 1.219241177479372418e+05 1.593015108749075152e+05 1.789091145218177116e+05 1.651771266181506799e+05 1.789091795405299927e+05 1.095816159575876372e+05 5.627285439994660555e+04 1.789088494251247612e+05 1.789089988682381809e+05 2.270586893612091080e+05 2.904833667849695121e+04
