6.520080846617672796e+04 2.551243610163452104e+05 2.551239307534244144e+05 2.551242913855576189e+05 2.551240472102423955e+05 2.512181654999001476e+05 2.068343605599674047e+05 2.551239805545114214e+05 2.551243447655528435e+05 2.473119347718647332e+05 2.551240326504156692e+05 2.434057103260096919e+05 1.832490501608368650e+05 2.775356466901703388e+05 2.551242358266373340e+05 2.551242078546078410e+05 2.551240808793354663e+05 2.163885236533504794e+05 1.721446803719268064e+05 2.285367131919772946e+05 2.551241566133157758e+05 2.551243707241088559e+05 2.473119848369460960e+05 2.394995249199287791e+05 1.482380313120395294e+05
2.551243610163452104e+05 1.329926956223839170e+03 1.562635822389753048e+04 1.213807909138049945e+04 1.562668972991734518e+04 3.725590545421240677e+04 1.410610463568614796e+05 1.562660963914117747e+04 3.108546278453931791e+03 6.040755941169248399e+04 1.562663951457232724e+04 7.189157033962362038e+04 1.632348365923788806e+05 4.120104334627958597e+05 8.663401347976243414e+03 1.123493309541136114e+04 1.562678247775849195e+04 1.237316026787110022e+05 3.220881196451708092e+05 9.426174794778495561e+04 1.562674349970794174e+04 2.150957704296904194e+04 5.121721578580467758e+04 7.786859809466653678e+04 2.026495875380468788e+05
2.551239307534244144e+05 1.562635822389752684e+04 4.252968795955384129e-01 2.200979780284111257e+04 2.888263283873786349e+03 4.116174600778857712e+04 1.410605005691751721e+05 3.907133405375460825e+03 1.336846682940575010e+04 6.431330199395408272e+04 8.841171630613442467e-01 7.664645528148740414e+04 1.632343322027444083e+05 4.120101694541336037e+05 7.813821114952601420e+03 6.837188853118171210e+03 3.907437673748971974e+03 1.237310144508476951e+05 3.220877657268296462e+05 9.426117909925972344e+04 1.128677355760016043e+00 2.604307771710128509e+04 5.512296402226229111e+04 8.073063512071952573e+04 2.026491446058680885e+05
2.551242913855576771e+05 1.213807909138049945e+04 2.200979780284111257e+04 4.096812057152467787e+03 2.201006858688650755e+04 3.005456347876379732e+04 1.358860006321065011e+05 2.201001627215893677e+04 1.464532570331827628e+04 5.377997881959404185e+04 2.201006421093229073e+04 6.229851878504726483e+04 1.632349048147912254e+05 4.120104685379426228e+05 1.834799791316513438e+04 1.926361926681952173e+04 2.201016969704596340e+04 1.173481690598047571e+05 3.220880745177444769e+05 8.787844187999473070e+04 2.201015638724632299e+04 1.017046974066206167e+04 4.458970142900127394e+04 7.055471469591655477e+04 2.026496925144723209e+05
2.551240472102423955e+05 1.562668972991734699e+04 2.888263283873786349e+03 2.201006858688650755e+04 1.507011846737877931e+03 4.116203911999563570e+04 1.410607087672306225e+05 1.020130979499391628e+03 1.336876314756587999e+04 6.431359789358559647e+04 2.888371728063071714e+03 7.664678305297350744e+04 1.632345620286166959e+05 4.120101842016406590e+05 7.814020031702781125e+03 5.331032401326060608e+03 1.020232079148908724e+03 1.237312575682739116e+05 3.220878220601368812e+05 9.426152528170788719e+04 2.888567505377599900e+03 2.604338397613989582e+04 5.512333732722901186e+04 8.073096474806172773e+04 2.026493402381682827e+05
2.512181654999001476e+05 3.725590545421240677e+04 4.116174600778857712e+04 3.005456347876379368e+04 4.116203911999563570e+04 1.211402648959340149e+04 1.312477873551485245e+05 4.116197454888858920e+04 3.855804686932856566e+04 2.762399510633109094e+04 4.116199604881866253e+04 5.357309281432827993e+04 1.593286592682629998e+05 4.081042657382243196e+05 4.116220129275786167e+04 4.116223450324704027e+04 4.116216077856158518e+04 1.105479833506914874e+05 3.181819482007667539e+05 7.961336362924081914e+04 4.116218321891879896e+04 2.099954177425373200e+04 1.761981148515458335e+04 6.250205654246781341e+04 1.987434772934712237e+05
2.068343605599674047e+05 1.410610463568614796e+05 1.410605005691752012e+05 1.358860006321065011e+05 1.410607087672306225e+05 1.312477873551485245e+05 2.499196322057186626e+04 1.410606490836695593e+05 1.410610250290408148e+05 1.256053956329284556e+05 1.410606844548001245e+05 1.216992250117209041e+05 7.308731495155110315e+04 3.696929189875441371e+05 1.410609422159126843e+05 1.410609444205507461e+05 1.410608010887875862e+05 6.316228928867763898e+04 2.804216436189524829e+05 1.012943148495649657e+05 1.410608546519288211e+05 1.351540180539690773e+05 1.271487300553024834e+05 1.173046819483956351e+05 1.332804123917343095e+05
2.551239805545114214e+05 1.562660963914117747e+04 3.907133405375461280e+03 2.201001627215893677e+04 1.020130979499391742e+03 4.116197454888858920e+04 1.410606490836695593e+05 5.667924163827793294e-01 1.336868254793782216e+04 6.431350767155775247e+04 3.907378649687898815e+03 7.664660814021436090e+04 1.632344562782362045e+05 4.120102129781114054e+05 7.814024000516601518e+03 4.799292730501351798e+03 1.177189463208220488e+00 1.237311812593327777e+05 3.220877907826752635e+05 9.426137450097234978e+04 3.907611820637323490e+03 2.604332810731074642e+04 5.512321160284403595e+04 8.073080094255041331e+04 2.026492132279404905e+05
2.551243447655528726e+05 3.108546278453931791e+03 1.336846682940575192e+04 1.464532570331827992e+04 1.336876314756588363e+04 3.855804686932856566e+04 1.410610250290408148e+05 1.336868254793782216e+04 3.180721122945493335e+03 6.170967808117825916e+04 1.336872609341904172e+04 7.404280853580827534e+04 1.632348125677545613e+05 4.120104438262095209e+05 5.556139588266612009e+03 8.570808520187187241e+03 1.336883465596901806e+04 1.237315189570343209e+05 3.220881078129917732e+05 9.426174619155676919e+04 1.336882443422948745e+04 2.343934620832934888e+04 5.251929568219964858e+04 7.899504908334852371e+04 2.026495648202901648e+05
2.473119347718647041e+05 6.040755941169248399e+04 6.431330199395408272e+04 5.377997881959404185e+04 6.431359789358559647e+04 2.762399510633109458e+04 1.256053956329284556e+05 6.431350767155775247e+04 6.170967808117825916e+04 4.305207359361440467e+03 6.431355083409311192e+04 3.452465116980968742e+04 1.554224965513641655e+05 4.041981029631477431e+05 6.431378394636338635e+04 6.431383712395814655e+04 6.431371733847751602e+04 9.765837304447412316e+04 3.142757322541076574e+05 6.315313415631644602e+04 6.431373509435854794e+04 4.506549384091674438e+04 1.472589587498367655e+04 4.465832168157983688e+04 1.948373366309161938e+05
2.551240326504156692e+05 1.562663951457232906e+04 8.841171630613442467e-01 2.201006421093229073e+04 2.888371728063071714e+03 4.116199604881866981e+04 1.410606844548000954e+05 3.907378649687898815e+03 1.336872609341904172e+04 6.431355083409310464e+04 6.154289619430426406e-01 7.664672973121177347e+04 1.632344943452293810e+05 4.120101884675343754e+05 7.814037519087394685e+03 6.837427898793708664e+03 3.907632335378081734e+03 1.237312142331717332e+05 3.220878072754521854e+05 9.426144712439137220e+04 1.295771832077335040e+00 2.604334613862136393e+04 5.512323736634227680e+04 8.073090569656243315e+04 2.026492837532608537e+05
2.434057103260097210e+05 7.189157033962362038e+04 7.664645528148740414e+04 6.229851878504726483e+04 7.664678305297352199e+04 5.357309281432827993e+04 1.216992250117209041e+05 7.664660814021437545e+04 7.404280853580827534e+04 3.452465116980968742e+04 7.664672973121177347e+04 7.493472611474893711e+03 1.500513519144863531e+05 4.002918535459249397e+05 7.664703308948327322e+04 7.664694827932506450e+04 7.664689044169505360e+04 9.018574139811034547e+04 3.103694658462065854e+05 4.897414132896940282e+04 7.664687311846372904e+04 5.959954431530215516e+04 4.534258306554402952e+04 2.338930678256915053e+04 1.896492862764136808e+05
1.832490501608368650e+05 1.632348365923788806e+05 1.632343322027444083e+05 1.632349048147912254e+05 1.632345620286166959e+05 1.593286592682629998e+05 7.308731495155110315e+04 1.632344562782362045e+05 1.632348125677545613e+05 1.554224965513641655e+05 1.632344943452293810e+05 1.500513519144863531e+05 3.226405269233748913e+04 3.531589370649157208e+05 1.632347574607652787e+05 1.632347207835442096e+05 1.632346416673795902e+05 1.067320805432094785e+05 2.640707311175690265e+05 1.373026643897055765e+05 1.632346219557396253e+05 1.632349649924670812e+05 1.554224266794903961e+05 1.441919263132340275e+05 9.523594243306557473e+04
2.775356466901703388e+05 4.120104334627958597e+05 4.120101694541337201e+05 4.120104685379426228e+05 4.120101842016406590e+05 4.081042657382243196e+05 3.696929189875439624e+05 4.120102129781114636e+05 4.120104438262095209e+05 4.041981029631477431e+05 4.120101884675343754e+05 4.002918535459249397e+05 3.531589370649157208e+05 1.202796379654407065e+05 4.120104026409470243e+05 4.120103952057795250e+05 4.120102623247408774e+05 3.797840869471725891e+05 2.339189198650853650e+05 3.874569991619141074e+05 4.120103356460196665e+05 4.120104789650521125e+05 4.041981100180603680e+05 3.963856504900454893e+05 3.362669643364702933e+05
2.551242358266373340e+05 8.663401347976247052e+03 7.813821114952602329e+03 1.834799791316513438e+04 7.814020031702781125e+03 4.116220129275786167e+04 1.410609422159126552e+05 7.814024000516601518e+03 5.556139588266612009e+03 6.431378394636338635e+04 7.814037519087391956e+03 7.664703308948327322e+04 1.632347574607652787e+05 4.120104026409470243e+05 6.618225288238134274e-01 3.016057091517375738e+03 7.814098470521988020e+03 1.237314998322634056e+05 3.220880193001328153e+05 9.426177802209772926e+04 7.814113265417813636e+03 2.604351130210531483e+04 5.512350130083668773e+04 8.073119682854274288e+04 2.026495593806800316e+05
2.551242078546078410e+05 1.123493309541136296e+04 6.837188853118173029e+03 1.926361926681952536e+04 5.331032401326060608e+03 4.116223450324704027e+04 1.410609444205507461e+05 4.799292730501351798e+03 8.570808520187187241e+03 6.431383712395814655e+04 6.837427898793708664e+03 7.664694827932506450e+04 1.632347207835442096e+05 4.120103952057795250e+05 3.016057091517376193e+03 3.415008364740134766e+03 4.799344226615304251e+03 1.237314818147991609e+05 3.220880327537703561e+05 9.426165672765666386e+04 6.837394853104033245e+03 2.604351409052022791e+04 5.512344391351068043e+04 8.073116497481793340e+04 2.026494784153371002e+05
2.551240808793354663e+05 1.562678247775849377e+04 3.907437673748972429e+03 2.201016969704596340e+04 1.020232079148908952e+03 4.116216077856158518e+04 1.410608010887875571e+05 1.177189463208220488e+00 1.336883465596901806e+04 6.431371733847751602e+04 3.907632335378081734e+03 7.664689044169505360e+04 1.632346416673795902e+05 4.120102623247408774e+05 7.814098470521988020e+03 4.799344226615304251e+03 6.213155229358315879e-01 1.237313306763371947e+05 3.220878853046945296e+05 9.426159855556012189e+04 3.907669135409562386e+03 2.604348447085303269e+04 5.512343943133363064e+04 8.073108371543751855e+04 2.026493761642973113e+05
2.163885236533504794e+05 1.237316026787110022e+05 1.237310144508477097e+05 1.173481690598047571e+05 1.237312575682739116e+05 1.105479833506914874e+05 6.316228928867763898e+04 1.237311812593327777e+05 1.237315189570343209e+05 9.765837304447412316e+04 1.237312142331717332e+05 9.018574139811034547e+04 1.067320805432094785e+05 3.797840869471725891e+05 1.237314998322634056e+05 1.237314818147991609e+05 1.237313306763371947e+05 3.631340953492706467e+04 2.898617128475346835e+05 5.968240005945880694e+04 1.237313998201516370e+05 1.159190573161046050e+05 1.047428667136249569e+05 8.449161591335412231e+04 1.516304761767099262e+05
1.721446803719268064e+05 3.220881196451708092e+05 3.220877657268296462e+05 3.220880745177444769e+05 3.220878220601368812e+05 3.181819482007667539e+05 2.804216436189524829e+05 3.220877907826752635e+05 3.220881078129917732e+05 3.142757322541076574e+05 3.220878072754523018e+05 3.103694658462066436e+05 2.640707311175690265e+05 2.339189198650853650e+05 3.220880193001328153e+05 3.220880327537704143e+05 3.220878853046945296e+05 2.898617128475347417e+05 9.166667902331746882e+04 2.975347141993667465e+05 3.220879350156383007e+05 3.220881502475639572e+05 3.142757557352188160e+05 3.064633025709944777e+05 2.418609118101409695e+05
2.285367131919772655e+05 9.426174794778495561e+04 9.426117909925972344e+04 8.787844187999473070e+04 9.426152528170788719e+04 7.961336362924081914e+04 1.012943148495649657e+05 9.426137450097234978e+04 9.426174619155676919e+04 6.315313415631644602e+04 9.426144712439140130e+04 4.897414132896940282e+04 1.373026643897055765e+05 3.874569991619141074e+05 9.426177802209772926e+04 9.426165672765666386e+04 9.426159855556013645e+04 5.968240005945881421e+04 2.975347141993667465e+05 2.144859451593160338e+04 9.426163091290106240e+04 8.644930102124021505e+04 7.234338433892710600e+04 4.011860798123613495e+04 1.737877772456442472e+05
2.551241566133158049e+05 1.562674349970794174e+04 1.128677355760015821e+00 2.201015638724632299e+04 2.888567505377599900e+03 4.116218321891879896e+04 1.410608546519287920e+05 3.907611820637323490e+03 1.336882443422948745e+04 6.431373509435854794e+04 1.295771832077335040e+00 7.664687311846372904e+04 1.632346219557396253e+05 4.120103356460196665e+05 7.814113265417813636e+03 6.837394853104033245e+03 3.907669135409562386e+03 1.237313998201516370e+05 3.220879350156384171e+05 9.426163091290106240e+04 6.559292175686938231e-01 2.604351726089080694e+04 5.512338419407095353e+04 8.073107564783543057e+04 2.026494209189924004e+05
2.551243707241089141e+05 2.150957704296904922e+04 2.604307771710128509e+04 1.017046974066205985e+04 2.604338397613989582e+04 2.099954177425373200e+04 1.351540180539690773e+05 2.604332810731074642e+04 2.343934620832934525e+04 4.506549384091674438e+04 2.604334613862136393e+04 5.959954431530215516e+04 1.632349649924670812e+05 4.120104789650519961e+05 2.604351130210531483e+04 2.604351409052022791e+04 2.604348447085303269e+04 1.159190573161046050e+05 3.220881502475639572e+05 8.644930102124021505e+04 2.604351726089080694e+04 4.979360626199351827e+03 3.587513997611090599e+04 6.943576810771517921e+04 2.026496690676233266e+05
2.473119848369460960e+05 5.121721578580467758e+04 5.512296402226229111e+04 4.458970142900127394e+04 5.512333732722901186e+04 1.761981148515458335e+04 1.271487300553024834e+05 5.512321160284403595e+04 5.251929568219964858e+04 1.472589587498367655e+04 5.512323736634227680e+04 4.534258306554402952e+04 1.554224266794903961e+05 4.041981100180603680e+05 5.512350130083668773e+04 5.512344391351068043e+04 5.512343943133363064e+04 1.047428667136249569e+05 3.142757557352187578e+05 7.234338433892712055e+04 5.512338419407095353e+04 3.587513997611090599e+04 7.723421437519940582e+02 5.425543229694227193e+04 1.948371942734237236e+05
2.394995249199287791e+05 7.786859809466653678e+04 8.073063512071954028e+04 7.055471469591655477e+04 8.073096474806172773e+04 6.250205654246781341e+04 1.173046819483956351e+05 8.073080094255044241e+04 7.899504908334852371e+04 4.465832168157983688e+04 8.073090569656243315e+04 2.338930678256915053e+04 1.441919263132340275e+05 3.963856504900454893e+05 8.073119682854274288e+04 8.073116497481793340e+04 8.073108371543751855e+04 8.449161591335412231e+04 3.064633025709944195e+05 4.011860798123612767e+04 8.073107564783543057e+04 6.943576810771517921e+04 5.425543229694227193e+04 1.578896424154847955e+04 1.840339443688005558e+05
1.482380313120395294e+05 2.026495875380468788e+05 2.026491446058680885e+05 2.026496925144723209e+05 2.026493402381682827e+05 1.987434772934712528e+05 1.332804123917343095e+05 2.026492132279404905e+05 2.026495648202901648e+05 1.948373366309161938e+05 2.026492837532608828e+05 1.896492862764136808e+05 9.523594243306557473e+04 3.362669643364702933e+05 2.026495593806800898e+05 2.026494784153371584e+05 2.026493761642973113e+05 1.516304761767099262e+05 2.418609118101409695e+05 1.737877772456442472e+05 2.026494209189924004e+05 2.026496690676233266e+05 1.948371942734237236e+05 1.840339443688005558e+05 5.402214621459344198e+04
