8.000287321727751987e+04 2.826752927798681194e+05 2.826749541125923279e+05 2.826752845159624703e+05 2.826748827608996071e+05 2.826751285000824719e+05 2.826748011535543483e+05 2.807068022069214494e+05 1.979609175225018407e+05 2.826751896491714288e+05 2.215887888789393764e+05 2.826748715945258155e+05 2.320785330535812827e+05 2.545829738761433691e+05 1.680667167157910881e+05 3.135151565047561307e+05 2.826750332447864348e+05 2.748012919979188009e+05 2.773066642930593225e+05 2.826749871098274598e+05 2.603656547903081519e+05 2.078144579072780034e+05 2.826751789483065950e+05 2.826752243618187495e+05 2.654509350326242275e+05
2.826752927798681194e+05 4.702200098743969647e+03 2.575635134789033691e+04 6.955500768569874708e+03 2.575625005546172906e+04 1.526491072368381174e+04 2.575595488527302950e+04 1.175031051127592582e+04 3.550480659213404288e+05 2.575646220370958690e+04 1.511924180530273588e+05 2.575620300794040304e+04 1.170578420373455738e+05 8.788784451764624100e+04 2.264543436894817569e+05 4.405104065929105273e+05 2.575643568724395664e+04 2.439667317093576639e+04 2.094733199939202314e+04 2.575642092036925533e+04 6.920985320701581077e+04 1.815213293285066902e+05 2.575637852566349102e+04 2.193342539781003507e+04 4.619638053806034441e+04
2.826749541125923279e+05 2.575635134789033691e+04 6.448048264137429264e-01 2.059764840543988976e+04 1.236291597269919329e+00 1.181268824232103361e+04 1.016672373403575413e+00 2.952932134213767858e+04 3.550477645725627663e+05 3.938629449322835626e+03 1.511920755217715050e+05 1.208255568867905305e+00 1.175155766869248764e+05 9.280269439354584028e+04 2.270756679516964068e+05 4.405102257137055858e+05 2.902433082699983970e+03 4.014450519557648659e+04 3.669534453919150837e+04 1.287869207637085234e+00 7.850529332613472070e+04 1.815209827786527749e+05 3.938598403785622395e+03 7.761552677367088108e+03 5.643176536373826093e+04
2.826752845159624703e+05 6.955500768569874708e+03 2.059764840543989339e+04 2.012388455173249667e+03 2.059757781060968773e+04 9.615364030651318899e+03 2.059727120447776178e+04 1.659353193270931661e+04 3.550480644897914608e+05 2.059771348166431562e+04 1.511923738041208417e+05 2.059750151968771388e+04 1.175158150370033400e+05 9.029826724387198919e+04 2.270759044619881897e+05 4.405104059915209073e+05 2.059773793565099186e+04 2.720878815549824503e+04 2.375956655078470430e+04 2.059769045725259275e+04 7.344365823461803666e+04 1.815213423952491139e+05 2.059771544542692573e+04 1.677469951986138767e+04 5.137010608206299366e+04
2.826748827608996071e+05 2.575625005546172906e+04 1.236291597269919329e+00 2.059757781060968045e+04 6.116921728384676626e-01 1.181268247641628659e+04 9.542127614726799711e-01 2.952928824170211010e+04 3.550477375782919698e+05 3.938569884090046344e+03 1.511919871770856262e+05 1.061837962447219619e+00 1.175154503562374448e+05 9.280264867045133724e+04 2.270755286918516795e+05 4.405101620708374539e+05 2.902458866742583268e+03 4.014448444988939445e+04 3.669524825428044278e+04 1.391322691268637390e+00 7.850523014021400013e+04 1.815209288224244374e+05 3.938571213161881133e+03 7.761498701813716252e+03 5.643165706973704800e+04
2.826751285000824719e+05 1.526491072368381174e+04 1.181268824232103361e+04 9.615364030651320718e+03 1.181268247641628659e+04 1.309390729830087821e+03 1.181229229284672510e+04 2.165538241562450276e+04 3.550479426629081136e+05 1.098393719632535431e+04 1.511924182094172284e+05 1.181262332985846297e+04 1.175158916001596372e+05 9.126238675894981134e+04 2.270758677234764327e+05 4.405103869792260812e+05 1.120197338973559999e+04 3.227065639454073607e+04 2.882142009533093733e+04 1.181275933694289597e+04 7.456850194224131701e+04 1.815212792541526433e+05 1.098397958781801390e+04 7.160828568008091679e+03 5.249494853924932249e+04
2.826748011535542901e+05 2.575595488527302950e+04 1.016672373403575413e+00 2.059727120447775815e+04 9.542127614726800822e-01 1.181229229284672510e+04 3.950730012074240571e-01 2.952890807054468314e+04 3.550476531697645551e+05 3.938306209590055460e+03 1.511918283222657337e+05 8.560192656871038475e-01 1.175152636052120943e+05 9.280232531608230784e+04 2.270754412661094393e+05 4.405101104273477104e+05 2.902141243364928869e+03 4.014408537918714137e+04 3.669492950378591922e+04 1.116873149728844661e+00 7.850490870476358396e+04 1.815207541721060988e+05 3.938286815825480062e+03 7.761171075975103122e+03 5.643139631590982754e+04
2.807068022069214494e+05 1.175031051127592582e+04 2.952932134213767858e+04 1.659353193270931661e+04 2.952928824170211010e+04 2.165538241562450276e+04 2.952890807054468314e+04 7.146050261142676391e+03 3.530795768188047223e+05 2.952952875707483327e+04 1.492239357825667830e+05 2.952920525825914228e+04 1.144786093892524514e+05 8.591926060021894227e+04 2.236570143137947889e+05 4.385419534186674864e+05 2.952943395250832691e+04 1.756289600074079135e+04 1.348840956383505545e+04 2.952937705362185079e+04 6.750077263737018802e+04 1.795528184774937690e+05 2.952947855425653324e+04 2.570657359145558803e+04 4.445715319272521447e+04
1.979609175225018698e+05 3.550480659213404288e+05 3.550477645725627081e+05 3.550480644897914608e+05 3.550477375782919698e+05 3.550479426629081136e+05 3.550476531697645551e+05 3.530795768188047223e+05 1.093658365497196210e+05 3.550479557843199000e+05 3.009781696953081992e+05 3.550477455388447270e+05 3.097726483189489809e+05 3.291764343488831655e+05 2.546389350915851246e+05 2.595849032425129262e+05 3.550478700745410752e+05 3.471740855762743740e+05 3.496794646759703755e+05 3.550477879474039073e+05 3.327384734086312819e+05 2.866826945485826000e+05 3.550479396252396400e+05 3.550479925333164865e+05 3.378237305801525363e+05
2.826751896491714288e+05 2.575646220370958690e+04 3.938629449322835626e+03 2.059771348166431562e+04 3.938569884090046344e+03 1.098393719632535249e+04 3.938306209590055460e+03 2.952952875707482235e+04 3.550479557843199000e+05 6.794825786386944344e-01 1.511923050469428126e+05 3.938521137959162388e+03 1.175156936555113352e+05 9.280287791067225044e+04 2.270758375047770969e+05 4.405103185385977849e+05 1.037540469823081821e+03 4.014476763734025735e+04 3.669552171167200868e+04 3.938663340208712725e+03 7.850546015312839882e+04 1.815212350394930399e+05 1.400106937611532709e+00 3.824478246879275957e+03 5.643189927844073100e+04
2.215887888789393182e+05 1.511924180530273588e+05 1.511920755217715050e+05 1.511923738041208417e+05 1.511919871770856262e+05 1.511924182094172284e+05 1.511918283222657337e+05 1.492239357825667830e+05 3.009781696953081992e+05 1.511923050469428126e+05 2.925595997092678590e+04 1.511919151496283885e+05 7.420660338235145900e+04 1.086799224718305486e+05 1.616373211603582895e+05 3.839161405319740297e+05 1.511922276372868509e+05 1.433183867489380646e+05 1.458237780516346102e+05 1.511921331423226220e+05 1.263176629270002886e+05 8.203207626825520128e+04 1.511922687084946374e+05 1.511923421626686759e+05 1.314313794365969661e+05
2.826748715945258155e+05 2.575620300794040304e+04 1.208255568867905083e+00 2.059750151968771388e+04 1.061837962447219619e+00 1.181262332985846297e+04 8.560192656871039585e-01 2.952920525825913865e+04 3.550477455388447270e+05 3.938521137959162388e+03 1.511919151496283885e+05 6.037332305681505362e-01 1.175153677231002075e+05 9.280254643783130450e+04 2.270754766861746612e+05 4.405101344294680166e+05 2.902368951868795648e+03 4.014440531035768072e+04 3.669517971483952715e+04 1.286703175314945158e+00 7.850513173761875078e+04 1.815208741580014175e+05 3.938475414175333754e+03 7.761439748868016068e+03 5.643160060269413225e+04
2.320785330535812827e+05 1.170578420373455883e+05 1.175155766869249055e+05 1.175158150370033400e+05 1.175154503562374448e+05 1.175158916001596372e+05 1.175152636052120943e+05 1.144786093892524659e+05 3.097726483189489809e+05 1.175156936555113352e+05 7.420660338235145900e+04 1.175153677231002075e+05 2.850469993610611346e+04 6.238496428349505004e+04 1.735556289350641600e+05 3.942507245580138988e+05 1.175157304952150735e+05 1.096418651988405036e+05 1.121472206084738718e+05 1.175156763056828495e+05 8.419244222909190285e+04 1.230863462013671669e+05 1.175157511244803609e+05 1.175158199180563242e+05 9.512957581468611897e+04
2.545829738761433691e+05 8.788784451764624100e+04 9.280269439354584028e+04 9.029826724387197464e+04 9.280264867045133724e+04 9.126238675894981134e+04 9.280232531608230784e+04 8.591926060021892772e+04 3.291764343488831655e+05 9.280287791067223588e+04 1.086799224718305486e+05 9.280254643783128995e+04 6.238496428349505004e+04 1.781551765837683342e+04 1.983652260755918978e+05 4.069817024836139171e+05 9.280285335155554640e+04 8.001371552319981856e+04 8.251916011824361340e+04 9.280276217482764332e+04 4.147743038978440745e+04 1.431582453416674107e+05 9.280291649048996624e+04 9.233409826871148834e+04 6.322959771510298015e+04
1.680667167157911463e+05 2.264543436894817569e+05 2.270756679516964068e+05 2.270759044619881897e+05 2.270755286918516795e+05 2.270758677234764327e+05 2.270754412661094393e+05 2.236570143137947307e+05 2.546389350915851246e+05 2.270758375047770678e+05 1.616373211603582895e+05 2.270754766861746321e+05 1.735556289350641600e+05 1.983652260755918978e+05 4.978227996055515541e+04 3.513999272784071509e+05 2.270757545680105977e+05 2.192019512771348818e+05 2.217073609849137429e+05 2.270756628110423626e+05 2.027912646313789010e+05 1.321296489304591669e+05 2.270758201146771316e+05 2.270758354838198284e+05 2.084011265809334582e+05
3.135151565047561307e+05 4.405104065929105273e+05 4.405102257137055858e+05 4.405104059915209073e+05 4.405101620708374539e+05 4.405103869792260812e+05 4.405101104273477104e+05 4.385419534186674864e+05 2.595849032425129262e+05 4.405103185385978431e+05 3.839161405319740297e+05 4.405101344294679584e+05 3.942507245580138988e+05 4.069817024836139171e+05 3.513999272784071509e+05 1.211880403324203944e+05 4.405103020759439678e+05 4.326364816330346512e+05 4.351418527581943781e+05 4.405102465947120800e+05 4.210066005228457507e+05 3.638938940758105018e+05 4.405103095036785235e+05 4.405103729326760513e+05 4.272230932276142994e+05
2.826750332447864930e+05 2.575643568724394936e+04 2.902433082699983970e+03 2.059773793565099186e+04 2.902458866742582813e+03 1.120197338973559999e+04 2.902141243364928869e+03 2.952943395250832691e+04 3.550478700745410752e+05 1.037540469823081594e+03 1.511922276372868801e+05 2.902368951868795648e+03 1.175157304952150589e+05 9.280285335155554640e+04 2.270757545680105977e+05 4.405103020759439678e+05 1.527544709798909480e+03 4.014466816402437689e+04 3.669543860447574116e+04 2.902338743304061609e+03 7.850543597319388937e+04 1.815211334267338971e+05 1.037489878211350970e+03 4.860599833053986913e+03 5.643193339490624930e+04
2.748012919979188009e+05 2.439667317093576639e+04 4.014450519557649386e+04 2.720878815549824867e+04 4.014448444988939445e+04 3.227065639454073607e+04 4.014408537918714137e+04 1.756289600074079135e+04 3.471740855762743740e+05 4.014476763734025735e+04 1.433183867489380646e+05 4.014440531035768072e+04 1.096418651988405036e+05 8.001371552319981856e+04 2.192019512771348818e+05 4.326364816330346512e+05 4.014466816402437689e+04 1.242809824647518553e+03 7.045576345349671101e+03 4.014462711966314964e+04 6.155918244514455000e+04 1.736473401126412209e+05 4.014474070954431227e+04 3.632178271101666178e+04 3.663473977909863606e+04
2.773066642930593225e+05 2.094733199939202314e+04 3.669534453919150837e+04 2.375956655078470430e+04 3.669524825428043550e+04 2.882142009533093733e+04 3.669492950378591922e+04 1.348840956383505363e+04 3.496794646759703755e+05 3.669552171167200868e+04 1.458237780516346102e+05 3.669517971483952715e+04 1.121472206084739009e+05 8.251916011824362795e+04 2.217073609849137429e+05 4.351418527581943781e+05 3.669543860447574843e+04 7.045576345349671101e+03 2.775526806545735781e+03 3.669542284109277534e+04 6.411672437466042902e+04 1.761527282163632335e+05 3.669550061472790549e+04 3.287257164216352976e+04 3.942332259619118850e+04
2.826749871098274598e+05 2.575642092036924441e+04 1.287869207637085234e+00 2.059769045725259275e+04 1.391322691268637390e+00 1.181275933694289597e+04 1.116873149728844661e+00 2.952937705362185079e+04 3.550477879474039073e+05 3.938663340208712725e+03 1.511921331423226220e+05 1.286703175314945158e+00 1.175156763056828495e+05 9.280276217482764332e+04 2.270756628110423917e+05 4.405102465947121964e+05 2.902338743304062064e+03 4.014462711966314964e+04 3.669542284109277534e+04 6.803446297865466397e-01 7.850536835178533511e+04 1.815210437990285864e+05 3.938593909751237334e+03 7.761578371809408054e+03 5.643183188329111726e+04
2.603656547903081519e+05 6.920985320701581077e+04 7.850529332613472070e+04 7.344365823461803666e+04 7.850523014021400013e+04 7.456850194224130246e+04 7.850490870476358396e+04 6.750077263737018802e+04 3.327384734086313401e+05 7.850546015312841337e+04 1.263176629270003032e+05 7.850513173761876533e+04 8.419244222909188829e+04 4.147743038978440018e+04 2.027912646313789010e+05 4.210066005228457507e+05 7.850543597319388937e+04 6.155918244514455000e+04 6.411672437466042902e+04 7.850536835178533511e+04 2.148566884008071793e+04 1.581180528100494121e+05 7.850549955930755823e+04 7.730729856394273520e+04 3.764881030383036705e+04
2.078144579072780034e+05 1.815213293285066611e+05 1.815209827786527749e+05 1.815213423952491139e+05 1.815209288224244374e+05 1.815212792541526433e+05 1.815207541721060988e+05 1.795528184774937108e+05 2.866826945485826000e+05 1.815212350394930399e+05 8.203207626825520128e+04 1.815208741580014175e+05 1.230863462013671669e+05 1.431582453416674107e+05 1.321296489304591669e+05 3.638938940758105018e+05 1.815211334267338971e+05 1.736473401126411918e+05 1.761527282163632335e+05 1.815210437990285864e+05 1.581180528100494121e+05 4.422767383194986178e+04 1.815212083118052105e+05 1.815212939443495707e+05 1.682340248692119203e+05
2.826751789483065950e+05 2.575637852566349102e+04 3.938598403785622395e+03 2.059771544542692573e+04 3.938571213161881133e+03 1.098397958781801390e+04 3.938286815825480062e+03 2.952947855425653324e+04 3.550479396252396400e+05 1.400106937611532709e+00 1.511922687084946374e+05 3.938475414175333754e+03 1.175157511244803609e+05 9.280291649048996624e+04 2.270758201146771898e+05 4.405103095036785817e+05 1.037489878211350970e+03 4.014474070954431227e+04 3.669550061472790549e+04 3.938593909751237334e+03 7.850549955930755823e+04 1.815212083118052105e+05 6.997769697459583771e-01 3.824495493719774458e+03 5.643196186905298237e+04
2.826752243618187495e+05 2.193342539781003507e+04 7.761552677367089927e+03 1.677469951986138767e+04 7.761498701813716252e+03 7.160828568008091679e+03 7.761171075975103122e+03 2.570657359145559167e+04 3.550479925333164865e+05 3.824478246879275957e+03 1.511923421626686759e+05 7.761439748868016068e+03 1.175158199180563097e+05 9.233409826871148834e+04 2.270758354838198284e+05 4.405103729326760513e+05 4.860599833053986913e+03 3.632178271101666178e+04 3.287257164216352248e+04 7.761578371809406235e+03 7.730729856394273520e+04 1.815212939443495707e+05 3.824495493719774004e+03 3.417636165278912813e+03 5.523370418959471135e+04
2.654509350326242857e+05 4.619638053806034441e+04 5.643176536373826821e+04 5.137010608206299366e+04 5.643165706973704800e+04 5.249494853924932249e+04 5.643139631590982754e+04 4.445715319272521447e+04 3.378237305801525363e+05 5.643189927844073100e+04 1.314313794365969661e+05 5.643160060269413952e+04 9.512957581468611897e+04 6.322959771510298015e+04 2.084011265809334582e+05 4.272230932276142412e+05 5.643193339490624930e+04 3.663473977909863606e+04 3.942332259619118850e+04 5.643183188329111726e+04 3.764881030383037432e+04 1.682340248692119785e+05 5.643196186905299692e+04 5.523370418959471135e+04 1.178099688643497939e+04
