6.100319758563032519e+04 1.323029058075316425e+05 1.641577069034731830e+05 1.641575435889239598e+05 1.641571869675102935e+05 1.641573312874540570e+05 1.558244993549283245e+05 1.546340976285002835e+05 1.641577426760101516e+05 1.469894240684848046e+05 2.895292524067360791e+05 1.641572703121739323e+05 1.398522536807782599e+05 1.432269719093981257e+05 1.641577804076215252e+05 1.641576096872845665e+05 1.641579005686183809e+05 1.641577829665619647e+05 1.641573949213957821e+05 1.641578628057585156e+05 1.641577866433462477e+05 1.558244689869282593e+05 1.641576488801675150e+05 4.327987888592188247e+05 1.641575015219453489e+05
1.323029058075316425e+05 3.760503864650081960e+04 1.023620374921401090e+05 1.023618838173102413e+05 1.023614619914555515e+05 1.023616394725525315e+05 9.402883850223702029e+04 9.283830557603797934e+04 1.023621224668960785e+05 1.912370972717243130e+05 3.096926954267933033e+05 1.023615258201287943e+05 6.356621396342954540e+04 7.408988649055869610e+04 1.023621226264966244e+05 1.023619295147542725e+05 1.023622182575753250e+05 1.023621652936455503e+05 1.023617265278436389e+05 1.023621926549182972e+05 1.023621291534992924e+05 9.402880875345559616e+04 1.023619554538099037e+05 4.440371905555250123e+05 1.023618036601883359e+05
1.641577069034731830e+05 1.023620374921401090e+05 3.704748955992433821e+03 5.557382281506008439e+03 5.556957358346437104e+03 5.557345406833059315e+03 2.500228011224881266e+04 3.452626052202251594e+04 2.779652676171313033e+03 2.215722668129878002e+05 3.369137876633564010e+05 5.557269568538625208e+03 7.989064977357465250e+04 5.242852181670200662e+04 2.779750379674866963e+03 5.557366679206041226e+03 1.111328804945284537e+04 2.779763060991261682e+03 5.557372675464762324e+03 1.075090477474596810e+04 2.779676310975755314e+03 2.778014278156967339e+04 5.557406180889483949e+03 4.621536845987300039e+05 5.557399875760195755e+03
1.641575435889239598e+05 1.023618838173102413e+05 5.557382281506008439e+03 9.735063027634640598e-01 1.367176373546587609e+00 1.687969446395924944e+00 2.500216563039444736e+04 3.452608421655693382e+04 8.335330208366189254e+03 2.215721445853544574e+05 3.369138065119481180e+05 1.578777831735507897e+00 7.989048457796909497e+04 5.242834209811239998e+04 8.335347077202393848e+03 1.748773119458354897e+00 1.666882259554951452e+04 8.335402285857408060e+03 1.694626946306854176e+00 1.630648631897731320e+04 8.335339994613543240e+03 2.778004230101171925e+04 1.795850855116075229e+00 4.621536876420055050e+05 1.679967889630884281e+00
1.641571869675102935e+05 1.023614619914555515e+05 5.556957358346437104e+03 1.367176373546587609e+00 5.704214727330612078e-01 1.163854089647863743e+00 2.500163662409975586e+04 3.452553795248500683e+04 8.334813308611723187e+03 2.215718696989371092e+05 3.369135116659339983e+05 1.077251308399671315e+00 7.989008503978003864e+04 5.242783543343974452e+04 8.334832917289897523e+03 1.340721316626193982e+00 1.666828512860475894e+04 8.334861652866999066e+03 1.276241417555866287e+00 1.630595332584662901e+04 8.334812562802810135e+03 2.777943700650339451e+04 1.377164373235556516e+00 4.621534841642666725e+05 1.332329181601108470e+00
1.641573312874540570e+05 1.023616394725525315e+05 5.557345406833059315e+03 1.687969446395924944e+00 1.163854089647863743e+00 8.970145867822405528e-01 2.500200925391514102e+04 3.452589562170908175e+04 8.335191058553837138e+03 2.215719567362832895e+05 3.369136222193663125e+05 1.334591167746110862e+00 7.989024955104044056e+04 5.242806360983263585e+04 8.335237746676883035e+03 1.675259308872593778e+00 1.666869335401382341e+04 8.335267206464928677e+03 1.522479673793555754e+00 1.630635606578388615e+04 8.335214880312048990e+03 2.777980306711817684e+04 1.687138806268709823e+00 4.621535483062869171e+05 1.607547811123159587e+00
1.558244993549283245e+05 9.402883850223702029e+04 2.500228011224881266e+04 2.500216563039444736e+04 2.500163662409975586e+04 2.500200925391513738e+04 1.191635986678819981e+00 1.785950424073104296e+04 2.500225594750448363e+04 2.132391127105383493e+05 3.285807563722002669e+05 2.500190649206786838e+04 7.155746854095956951e+04 4.131746523588700802e+04 2.500229795040704266e+04 2.500222348687304839e+04 1.666881879438377655e+04 2.500228530365752522e+04 2.500208931383627714e+04 1.703121918400116192e+04 2.500226190021243747e+04 8.576999449228840604e+03 2.500224775318596221e+04 4.538205739333754173e+05 2.500215917329922377e+04
1.546340976285002835e+05 9.283830557603796478e+04 3.452626052202251594e+04 3.452608421655693382e+04 3.452553795248500683e+04 3.452589562170908175e+04 1.785950424073104296e+04 2.042105266083302240e+03 3.452625913930261595e+04 2.120487454020768346e+05 3.273903099913983606e+05 3.452579352368351101e+04 7.036685114858532324e+04 2.989123983313174176e+04 3.452627271408999513e+04 3.452614721136932349e+04 3.452627355091077334e+04 3.452628711514548922e+04 3.452605949923435401e+04 3.452630012673788588e+04 3.452624318137031514e+04 9.284491085329409543e+03 3.452614315772646660e+04 4.526301402394862962e+05 3.452606335093858797e+04
1.641577426760101516e+05 1.023621224668960785e+05 2.779652676171312578e+03 8.335330208366189254e+03 8.334813308611723187e+03 8.335191058553837138e+03 2.500225594750448363e+04 3.452625913930261595e+04 1.030675321777360098e+00 2.215722930095208867e+05 3.369138576195169589e+05 8.335127464239978508e+03 7.989072493382530229e+04 5.242855490824630397e+04 1.898811017916880672e+00 8.335309338170889532e+03 8.335481446935566055e+03 1.918060383352778286e+00 8.335239280381303615e+03 7.973039685087923317e+03 1.818657672137897974e+00 2.778011698479165352e+04 8.335331656114083671e+03 4.621537316856659600e+05 8.335298972211108776e+03
1.469894240684848046e+05 1.912370972717243712e+05 2.215722668129878002e+05 2.215721445853544283e+05 2.215718696989371092e+05 2.215719567362833186e+05 2.132391127105383493e+05 2.120487454020768346e+05 2.215722930095208867e+05 9.359849709449228249e+04 2.625584313711606083e+05 2.215719051096326148e+05 2.049059041776352387e+05 2.035930346691954473e+05 2.215723444582331576e+05 2.215722212584597582e+05 2.215724743008450314e+05 2.215723488858480705e+05 2.215720072749839746e+05 2.215723891703046975e+05 2.215723668086112011e+05 2.132391293074178975e+05 2.215722441579373553e+05 4.146257063885981333e+05 2.215721083323294879e+05
2.895292524067361373e+05 3.096926954267933615e+05 3.369137876633564010e+05 3.369138065119481180e+05 3.369135116659339983e+05 3.369136222193663125e+05 3.285807563722002669e+05 3.273903099913983606e+05 3.369138576195170172e+05 2.625584313711606083e+05 1.489450467303941259e+05 3.369136113969307626e+05 3.202474810282523977e+05 3.172695654800470220e+05 3.369139442642582580e+05 3.369138133051040932e+05 3.369140273304751609e+05 3.369139472825269331e+05 3.369136791870920570e+05 3.369139827484036214e+05 3.369139014248902677e+05 3.285807129211042193e+05 3.369137876375954365e+05 3.371308872780560632e+05 3.369137558043791214e+05
1.641572703121739323e+05 1.023615258201288088e+05 5.557269568538626118e+03 1.578777831735507897e+00 1.077251308399671315e+00 1.334591167746111084e+00 2.500190649206786838e+04 3.452579352368351101e+04 8.335127464239978508e+03 2.215719051096326148e+05 3.369136113969307044e+05 8.219172240456152911e-01 7.989014704854384763e+04 5.242801607427962153e+04 8.335154297768631295e+03 1.627428534351746503e+00 1.666861610246382406e+04 8.335189727533235782e+03 1.520620358069902034e+00 1.630625162360211471e+04 8.335127905007078880e+03 2.777971740937478171e+04 1.650352598042977847e+00 4.621535144352267962e+05 1.558088140527253085e+00
1.398522536807782308e+05 6.356621396342954540e+04 7.989064977357466705e+04 7.989048457796910952e+04 7.989008503978003864e+04 7.989024955104045512e+04 7.155746854095958406e+04 7.036685114858535235e+04 7.989072493382531684e+04 2.049059041776352096e+05 3.202474810282523977e+05 7.989014704854386218e+04 1.282006547029972353e+04 4.769469197956012067e+04 7.989074577340997348e+04 7.989051695342904713e+04 7.989086671649997879e+04 7.989075543336757983e+04 7.989040575093888037e+04 7.989084070856068865e+04 7.989071607634730753e+04 7.155741071787655528e+04 7.989055298937427870e+04 4.287373273837736342e+05 7.989040964537749824e+04
1.432269719093981257e+05 7.408988649055869610e+04 5.242852181670200662e+04 5.242834209811239998e+04 5.242783543343975180e+04 5.242806360983263585e+04 4.131746523588700802e+04 2.989123983313174540e+04 5.242855490824630397e+04 2.035930346691954473e+05 3.172695654800470220e+05 5.242801607427962881e+04 4.769469197956013522e+04 1.931496250531560145e+04 5.242859659448365710e+04 5.242838582425310597e+04 5.242863904665292648e+04 5.242858369961483550e+04 5.242825608827526594e+04 5.242864841743616853e+04 5.242855208877530094e+04 3.646147632877398428e+04 5.242836774101741321e+04 4.433435208217927720e+05 5.242824506395339267e+04
1.641577804076215252e+05 1.023621226264966244e+05 2.779750379674866963e+03 8.335347077202393848e+03 8.334832917289897523e+03 8.335237746676883035e+03 2.500229795040704266e+04 3.452627271408999513e+04 1.898811017916880894e+00 2.215723444582331285e+05 3.369139442642582580e+05 8.335154297768631295e+03 7.989074577340997348e+04 5.242859659448364255e+04 1.025157462404274078e+00 8.335342429500042272e+03 8.335466662676908527e+03 1.850320535991829329e+00 8.335282692588747523e+03 7.973028954216466445e+03 1.924884996689524730e+00 2.778016502380177189e+04 8.335380389560583353e+03 4.621538054123280453e+05 8.335332861406810480e+03
1.641576096872845665e+05 1.023619295147542725e+05 5.557366679206041226e+03 1.748773119458354897e+00 1.340721316626193982e+00 1.675259308872593778e+00 2.500222348687304839e+04 3.452614721136932349e+04 8.335309338170889532e+03 2.215722212584597582e+05 3.369138133051040932e+05 1.627428534351746503e+00 7.989051695342903258e+04 5.242838582425309869e+04 8.335342429500042272e+03 9.987286674948241405e-01 1.666885952692124920e+04 8.335401260655706210e+03 1.735157712277707764e+00 1.630651403608422333e+04 8.335302704369843923e+03 2.778006841399731638e+04 1.770231953856546525e+00 4.621537252341285930e+05 1.738688016388758140e+00
1.641579005686183809e+05 1.023622182575753250e+05 1.111328804945284355e+04 1.666882259554951452e+04 1.666828512860475894e+04 1.666869335401382341e+04 1.666881879438377291e+04 3.452627355091077334e+04 8.335481446935566055e+03 2.215724743008450023e+05 3.369140273304751609e+05 1.666861610246382406e+04 7.989086671649997879e+04 5.242863904665292648e+04 8.335466662676908527e+03 1.666885952692124920e+04 1.088367061488814125e+00 8.335445559880827204e+03 1.666875165477913833e+04 3.642577249318707686e+02 8.335477650761253244e+03 2.524392867607492735e+04 1.666889525536516885e+04 4.621538734971960657e+05 1.666879851434419106e+04
1.641577829665619647e+05 1.023621652936455503e+05 2.779763060991261682e+03 8.335402285857408060e+03 8.334861652866999066e+03 8.335267206464928677e+03 2.500228530365752522e+04 3.452628711514548922e+04 1.918060383352778953e+00 2.215723488858480414e+05 3.369139472825269331e+05 8.335189727533235782e+03 7.989075543336757983e+04 5.242858369961483550e+04 1.850320535991829329e+00 8.335401260655706210e+03 8.335445559880827204e+03 1.056011702665958119e+00 8.335331240179499218e+03 7.973005583509473581e+03 1.943703058645439796e+00 2.778017895319535455e+04 8.335420426916472934e+03 4.621538178648503381e+05 8.335371421547632053e+03
1.641573949213957530e+05 1.023617265278436098e+05 5.557372675464762324e+03 1.694626946306854176e+00 1.276241417555866287e+00 1.522479673793555754e+00 2.500208931383627714e+04 3.452605949923435401e+04 8.335239280381303615e+03 2.215720072749839746e+05 3.369136791870920570e+05 1.520620358069901590e+00 7.989040575093888037e+04 5.242825608827525866e+04 8.335282692588747523e+03 1.735157712277707764e+00 1.666875165477913833e+04 8.335331240179499218e+03 9.377666589649504836e-01 1.630639794269427330e+04 8.335270248553279089e+03 2.777993240693326152e+04 1.760002730472417731e+00 4.621536264467762085e+05 1.653032450195478287e+00
1.641578628057585156e+05 1.023621926549182972e+05 1.075090477474596628e+04 1.630648631897731320e+04 1.630595332584662901e+04 1.630635606578388615e+04 1.703121918400116192e+04 3.452630012673788588e+04 7.973039685087923317e+03 2.215723891703046975e+05 3.369139827484036214e+05 1.630625162360211471e+04 7.989084070856068865e+04 5.242864841743616853e+04 7.973028954216466445e+03 1.630651403608422333e+04 3.642577249318707686e+02 7.973005583509473581e+03 1.630639794269427330e+04 6.942539633771419858e+02 7.973079407351802729e+03 2.535420462201412010e+04 1.630654173631943559e+04 4.621537952140229172e+05 1.630645716668540990e+04
1.641577866433462186e+05 1.023621291534992924e+05 2.779676310975755314e+03 8.335339994613543240e+03 8.334812562802810135e+03 8.335214880312048990e+03 2.500226190021243747e+04 3.452624318137031514e+04 1.818657672137897530e+00 2.215723668086112011e+05 3.369139014248902677e+05 8.335127905007078880e+03 7.989071607634730753e+04 5.242855208877530094e+04 1.924884996689524730e+00 8.335302704369843923e+03 8.335477650761253244e+03 1.943703058645439796e+00 8.335270248553279089e+03 7.973079407351802729e+03 1.081444039939699175e+00 2.778012595126720771e+04 8.335370263879045524e+03 4.621537275158241973e+05 8.335309051537078631e+03
1.558244689869282884e+05 9.402880875345558161e+04 2.778014278156967339e+04 2.778004230101171925e+04 2.777943700650339451e+04 2.777980306711817684e+04 8.576999449228840604e+03 9.284491085329409543e+03 2.778011698479165352e+04 2.132391293074178684e+05 3.285807129211042193e+05 2.777971740937478171e+04 7.155741071787654073e+04 3.646147632877397700e+04 2.778016502380177189e+04 2.778006841399731638e+04 2.524392867607492735e+04 2.778017895319535455e+04 2.777993240693326152e+04 2.535420462201412010e+04 2.778012595126720771e+04 7.233595954005137173e+03 2.778010149497160091e+04 4.538205399227277958e+05 2.778001990125562588e+04
1.641576488801675150e+05 1.023619554538099037e+05 5.557406180889483949e+03 1.795850855116075229e+00 1.377164373235556516e+00 1.687138806268709823e+00 2.500224775318595857e+04 3.452614315772646660e+04 8.335331656114083671e+03 2.215722441579373553e+05 3.369137876375954365e+05 1.650352598042977847e+00 7.989055298937426414e+04 5.242836774101741321e+04 8.335380389560583353e+03 1.770231953856546525e+00 1.666889525536516885e+04 8.335420426916472934e+03 1.760002730472417731e+00 1.630654173631943559e+04 8.335370263879045524e+03 2.778010149497160091e+04 9.769854911169414402e-01 4.621537123508454533e+05 1.779656098181287227e+00
4.327987888592187664e+05 4.440371905555250123e+05 4.621536845987298875e+05 4.621536876420053886e+05 4.621534841642666725e+05 4.621535483062868589e+05 4.538205739333753008e+05 4.526301402394862962e+05 4.621537316856659600e+05 4.146257063885980169e+05 3.371308872780560050e+05 4.621535144352267380e+05 4.287373273837736342e+05 4.433435208217927138e+05 4.621538054123279871e+05 4.621537252341284766e+05 4.621538734971960657e+05 4.621538178648503381e+05 4.621536264467762085e+05 4.621537952140229172e+05 4.621537275158240809e+05 4.538205399227277958e+05 4.621537123508453951e+05 1.734100075254683907e+05 4.621536568484376185e+05
1.641575015219453489e+05 1.023618036601883359e+05 5.557399875760197574e+03 1.679967889630884281e+00 1.332329181601108692e+00 1.607547811123159587e+00 2.500215917329922377e+04 3.452606335093858797e+04 8.335298972211108776e+03 2.215721083323294879e+05 3.369137558043791214e+05 1.558088140527253085e+00 7.989040964537749824e+04 5.242824506395339267e+04 8.335332861406810480e+03 1.738688016388758362e+00 1.666879851434419106e+04 8.335371421547632053e+03 1.653032450195478065e+00 1.630645716668540990e+04 8.335309051537078631e+03 2.778001990125562588e+04 1.779656098181287227e+00 4.621536568484376185e+05 9.922539178209922595e-01
