3.888469347365636208e-01 4.661186245797754964e+04 4.019590568198968540e+05 1.695072199399115561e+04 4.472911554624587893e+02 8.475981476133696560e+03 1.487929682244636060e+05 4.237440047082738602e+04 5.932386062678221788e+04 8.475752212399971540e+03 1.156045805258294701e+00 8.475915270609293657e+03 5.393085270937539462e+04 9.322210088519254350e+04 1.933555204944891739e+05 7.619146801912573574e+04 3.153457666708738543e+05 1.244228541258348253e+00 3.536026379246537690e+05 2.637726735903191147e+05 3.586063465317382361e+04 1.138032098596527358e+05 8.475947096591542504e+03 2.357875570086892403e+05 1.105510045093275949e+04
4.661186245797754964e+04 6.800956377759263887e+03 3.977219075722430134e+05 3.813720062780954322e+04 4.661180480553481902e+04 4.661168703443597042e+04 1.445557655796672043e+05 1.802355397162186637e+04 2.491125349765337523e+04 4.661135141089057288e+04 4.661177062720279355e+04 4.661168562146814656e+04 1.505804153073893940e+04 7.203565325444843620e+04 1.891183195708979620e+05 5.500480910175511235e+04 3.111086461288692662e+05 4.661187329609561129e+04 3.493654900262437295e+05 2.595355872924375872e+05 2.724131065853747714e+04 9.898585859112182516e+04 4.661154340168036288e+04 2.315504247517672775e+05 4.403212773350755015e+04
4.019590568198968540e+05 3.977219075722430134e+05 5.138875229085762112e+04 4.019591234536017873e+05 4.019589643029923318e+05 4.019589389851164888e+05 3.278067592680974049e+05 4.019592101745370892e+05 3.850100611560692196e+05 4.019587811648639617e+05 4.019589662414496415e+05 4.019589082030532300e+05 3.904029821644672193e+05 3.624112179414674174e+05 3.057123296974325785e+05 3.733575430048800772e+05 1.702160949785530975e+05 4.019590959626917029e+05 1.376263136904340645e+05 2.483574737669094175e+05 4.019591541280815727e+05 3.559544168870835565e+05 4.019588376901053125e+05 2.763686939623957733e+05 4.019588226628062548e+05
1.695072199399115561e+04 3.813720062780954322e+04 4.019591234536017873e+05 2.817385404045227915e+03 1.685664232607985105e+04 1.516649201626840659e+04 1.487930877860455075e+05 2.826566158625822209e+04 5.084919302083572256e+04 1.516623172087218700e+04 1.695069857474653327e+04 1.516653346970968232e+04 4.545626088675528445e+04 8.474745119327103021e+04 1.933555522178059036e+05 6.771686194252471614e+04 3.153458072633844567e+05 1.695068121019687896e+04 3.536026087944126339e+05 2.637727107205873472e+05 2.069521185692529616e+04 1.104871211711380165e+05 1.516648213424880669e+04 2.357875250484319695e+05 1.258702526829522867e+04
4.472911554624587893e+02 4.661180480553481175e+04 4.019589643029923318e+05 1.685664232607985105e+04 8.455197224959597406e+02 8.029755868773708244e+03 1.487929667358773004e+05 4.237441951435161172e+04 5.932378779415292229e+04 8.029641255878274023e+03 4.472388596968351067e+02 8.029664418038483745e+03 5.393077761838730657e+04 9.322210225865792017e+04 1.933555068656128133e+05 7.619148213039690745e+04 3.153456323450076743e+05 4.473687270204196125e+02 3.536025037092661951e+05 2.637725419763056561e+05 3.586056412694929168e+04 1.138031912404811446e+05 8.029828226508696389e+03 2.357874804336161760e+05 1.060894908713263612e+04
8.475981476133696560e+03 4.661168703443597042e+04 4.019589389851164888e+05 1.516649201626840659e+04 8.029755868773708244e+03 3.398335711063922848e-01 1.487927798052847211e+05 4.237432141438381223e+04 5.932357471203008754e+04 9.169422064012051621e-01 8.475969786854329868e+03 1.036033305397935589e+00 5.393061844714359177e+04 9.322191509867610876e+04 1.933553086204908614e+05 7.619122626716023660e+04 3.153456259994907887e+05 8.475989182854142200e+03 3.536023923584480654e+05 2.637725218055559089e+05 3.586055049283421249e+04 1.138030119760267116e+05 9.502938599643425688e-01 2.357873646436849667e+05 2.580174431187066602e+03
1.487929682244636060e+05 1.445557655796672043e+05 3.278067592680974049e+05 1.487930877860455075e+05 1.487929667358773004e+05 1.487927798052847211e+05 2.361519376366398865e+04 1.487930417578757333e+05 1.302005855042740150e+05 1.487926225638456817e+05 1.487930789100880211e+05 1.487929322069314658e+05 1.372367717232686409e+05 1.010677382791120908e+05 6.557768255606658931e+04 1.170690795805088273e+05 2.341927516633238993e+05 1.487930024028527550e+05 2.794502435193553683e+05 1.708173232108373195e+05 1.487930942582971475e+05 5.708075246098795469e+04 1.487927143788404937e+05 1.355050179578390962e+05 1.487926089208547201e+05
4.237440047082738602e+04 1.802355397162187001e+04 4.019592101745370892e+05 2.826566158625822209e+04 4.237441951435161900e+04 4.237432141438381223e+04 1.487930417578757333e+05 6.152972436370619107e+03 3.326623124859698146e+04 4.237406434197015187e+04 4.237453956700735580e+04 4.237439108883789595e+04 2.716876750403777260e+04 7.600767310285739950e+04 1.933554872695317026e+05 5.915720083084732323e+04 3.153458836096927407e+05 4.237447558870678040e+04 3.536026990157772088e+05 2.637727356695359340e+05 1.037944645395075167e+04 1.032232199083123996e+05 4.237430837500422786e+04 2.357876018141076493e+05 3.979491656663371396e+04
5.932386062678222515e+04 2.491125349765336796e+04 3.850100611560692196e+05 5.084919302083572256e+04 5.932378779415292956e+04 5.932357471203008754e+04 1.302005855042740150e+05 3.326623124859698146e+04 4.225989501183202265e+03 5.932326224078748783e+04 5.932374588976467930e+04 5.932362421776658448e+04 1.832933132764231050e+04 5.932368025754747941e+04 1.731199744191376667e+05 3.783254182653010503e+04 2.983968918008125038e+05 5.932377451378140540e+04 3.366536577109604259e+05 2.468236827934565663e+05 3.995331383144827123e+04 8.627386116247686732e+04 5.932345153632371512e+04 2.188385031679251697e+05 5.674405209429021488e+04
8.475752212399971540e+03 4.661135141089057288e+04 4.019587811648639617e+05 1.516623172087219064e+04 8.029641255878274023e+03 9.169422064012051621e-01 1.487926225638456817e+05 4.237406434197014460e+04 5.932326224078748783e+04 2.448528651988397253e-01 8.475721457024304982e+03 9.014309420232529124e-01 5.393037267199130292e+04 9.322153786043555010e+04 1.933551821449760755e+05 7.619091371859420906e+04 3.153455504971534247e+05 8.475799798689780800e+03 3.536023330964306952e+05 2.637723756340373657e+05 3.586019182098266174e+04 1.138027033775529853e+05 6.976551770853818280e-01 2.357872285344604461e+05 2.579796915740383156e+03
1.156045805258294479e+00 4.661177062720279355e+04 4.019589662414496415e+05 1.695069857474653327e+04 4.472388596968351067e+02 8.475969786854329868e+03 1.487930789100880211e+05 4.237453956700734852e+04 5.932374588976467203e+04 8.475721457024304982e+03 4.052787082785510031e-01 8.475896409530743767e+03 5.393087482786469627e+04 9.322211075323051773e+04 1.933555990712918865e+05 7.619145661917662073e+04 3.153457478892818326e+05 1.239521808004259817e+00 3.536025745674289064e+05 2.637726790092336596e+05 3.586059417515162204e+04 1.138031871659628378e+05 8.475904594938727314e+03 2.357875547921118559e+05 1.105503986025282393e+04
8.475915270609293657e+03 4.661168562146814656e+04 4.019589082030532300e+05 1.516653346970968232e+04 8.029664418038483745e+03 1.036033305397935589e+00 1.487929322069314658e+05 4.237439108883789595e+04 5.932362421776659176e+04 9.014309420232529124e-01 8.475896409530743767e+03 3.548469416100577534e-01 5.393075719017576921e+04 9.322190310764386959e+04 1.933554520932832675e+05 7.619124905305853463e+04 3.153456785288832034e+05 8.476017253260919460e+03 3.536024580624218215e+05 2.637725927187093766e+05 3.586050454198932130e+04 1.138030581965743186e+05 1.022768934754861858e+00 2.357874956533732475e+05 2.580211260512511672e+03
5.393085270937539462e+04 1.505804153073893758e+04 3.904029821644672193e+05 4.545626088675528445e+04 5.393077761838730657e+04 5.393061844714358449e+04 1.372367717232686409e+05 2.716876750403776896e+04 1.832933132764230686e+04 5.393037267199130292e+04 5.393087482786469627e+04 5.393075719017576921e+04 3.922511825546680029e+03 6.471667541626576713e+04 1.817992123034726246e+05 4.768599684414978401e+04 3.037897124093374005e+05 5.393083234470074967e+04 3.420465297038283315e+05 2.522165485109834990e+05 3.456035631431732327e+04 9.166691340219162521e+04 5.393055862715182593e+04 2.242313691717251204e+05 5.135112271554356266e+04
9.322210088519254350e+04 7.203565325444842165e+04 3.624112179414674174e+05 8.474745119327103021e+04 9.322210225865792017e+04 9.322191509867610876e+04 1.010677382791120908e+05 7.600767310285739950e+04 5.932368025754747214e+04 9.322153786043555010e+04 9.322211075323051773e+04 9.322190310764386959e+04 6.471667541626576713e+04 1.543902658667592732e+04 1.509826839679642289e+05 3.307911858814918378e+04 2.757980520830709720e+05 9.322206818174425280e+04 3.140547922661629273e+05 2.313956424849573523e+05 8.232612815108952054e+04 4.999181885157516081e+04 9.322174071522793383e+04 1.938856354589478287e+05 9.064235113029152853e+04
1.933555204944891739e+05 1.891183195708979038e+05 3.057123296974325785e+05 1.933555522178058745e+05 1.933555068656128133e+05 1.933553086204908614e+05 6.557768255606658931e+04 1.933554872695317026e+05 1.731199744191376667e+05 1.933551821449760755e+05 1.933555990712918865e+05 1.933554520932832675e+05 1.817992123034726246e+05 1.509826839679642289e+05 2.629984998410675325e+04 1.585095421958124789e+05 2.136547706707124016e+05 1.933555875499511603e+05 2.603824251478614460e+05 1.400815819468552945e+05 1.933556102389397274e+05 1.084934517824862851e+05 1.933552576721203222e+05 9.848561319881721283e+04 1.933551672068953922e+05
7.619146801912575029e+04 5.500480910175511235e+04 3.733575430048800772e+05 6.771686194252471614e+04 7.619148213039692200e+04 7.619122626716023660e+04 1.170690795805088273e+05 5.915720083084732323e+04 3.783254182653010503e+04 7.619091371859422361e+04 7.619145661917663529e+04 7.619124905305852008e+04 4.768599684414979129e+04 3.307911858814919105e+04 1.585095421958124498e+05 1.053772127009906762e+04 2.867442500904465560e+05 7.619145431838852528e+04 3.250010292236194946e+05 2.428434610757825430e+05 6.529550416390429746e+04 7.401955620805671788e+04 7.619112768987353775e+04 2.104454624536707415e+05 7.361173211749734764e+04
3.153457666708738543e+05 3.111086461288692662e+05 1.702160949785530393e+05 3.153458072633844567e+05 3.153456323450076743e+05 3.153456259994907887e+05 2.341927516633238993e+05 3.153458836096927407e+05 2.983968918008125038e+05 3.153455504971534247e+05 3.153457478892818326e+05 3.153456785288832034e+05 3.037897124093374005e+05 2.757980520830709720e+05 2.136547706707124016e+05 2.867442500904465560e+05 4.636624990418362722e+04 3.153457660146926064e+05 1.184070046158276964e+05 1.560583618275911722e+05 3.153459362689384725e+05 2.650799086143982713e+05 3.153456049848269904e+05 1.734230289934668690e+05 3.153455529011312756e+05
1.244228541258348253e+00 4.661187329609561129e+04 4.019590959626917029e+05 1.695068121019687896e+04 4.473687270204196125e+02 8.475989182854142200e+03 1.487930024028527550e+05 4.237447558870678040e+04 5.932377451378139813e+04 8.475799798689780800e+03 1.239521808004259817e+00 8.476017253260919460e+03 5.393083234470074967e+04 9.322206818174425280e+04 1.933555875499511603e+05 7.619145431838852528e+04 3.153457660146926064e+05 4.204936315416327175e-01 3.536025235991022200e+05 2.637726554701575660e+05 3.586055338715130347e+04 1.138032537698393426e+05 8.476012002926952846e+03 2.357875665241552924e+05 1.105512695566328512e+04
3.536026379246537690e+05 3.493654900262437295e+05 1.376263136904340645e+05 3.536026087944126339e+05 3.536025037092661951e+05 3.536023923584480654e+05 2.794502435193553683e+05 3.536026990157772088e+05 3.366536577109604259e+05 3.536023330964306952e+05 3.536025745674289064e+05 3.536024580624218215e+05 3.420465297038283315e+05 3.140547922661629273e+05 2.603824251478614460e+05 3.250010292236194946e+05 1.184070046158276818e+05 3.536025235991022200e+05 5.488075006678880891e+04 1.882052020576315117e+05 3.536026839935549651e+05 3.075979635440806742e+05 3.536024196069002501e+05 2.242358151518928644e+05 3.536023703012392507e+05
2.637726735903191147e+05 2.595355872924375872e+05 2.483574737669094175e+05 2.637727107205873472e+05 2.637725419763056561e+05 2.637725218055559089e+05 1.708173232108373195e+05 2.637727356695359340e+05 2.468236827934565663e+05 2.637723756340373657e+05 2.637726790092336596e+05 2.637725927187093766e+05 2.522165485109834990e+05 2.313956424849573523e+05 1.400815819468552945e+05 2.428434610757825430e+05 1.560583618275911431e+05 2.637726554701575660e+05 1.882052020576315117e+05 2.189133812987210331e+04 2.637727629220706294e+05 2.039845596863286919e+05 2.637724520201266860e+05 8.684142013589595445e+04 2.637723950887861429e+05
3.586063465317382361e+04 2.724131065853747350e+04 4.019591541280815727e+05 2.069521185692530344e+04 3.586056412694929168e+04 3.586055049283421249e+04 1.487930942582971475e+05 1.037944645395075167e+04 3.995331383144827123e+04 3.586019182098266174e+04 3.586059417515162204e+04 3.586050454198932130e+04 3.456035631431732327e+04 8.232612815108953509e+04 1.933556102389397565e+05 6.529550416390429746e+04 3.153459362689384725e+05 3.586055338715130347e+04 3.536026839935549651e+05 2.637727629220706294e+05 4.330485132720147703e+03 1.084117021960616257e+05 3.586041020037350972e+04 2.357876732138658117e+05 3.328102179114315368e+04
1.138032098596527358e+05 9.898585859112182516e+04 3.559544168870835565e+05 1.104871211711380165e+05 1.138031912404811446e+05 1.138030119760267116e+05 5.708075246098795469e+04 1.032232199083123996e+05 8.627386116247685277e+04 1.138027033775529853e+05 1.138031871659628378e+05 1.138030581965743186e+05 9.166691340219162521e+04 4.999181885157516081e+04 1.084934517824862851e+05 7.401955620805671788e+04 2.650799086143982713e+05 1.138032537698393426e+05 3.075979635440806742e+05 2.039845596863286919e+05 1.084117021960616257e+05 1.810615444084348928e+04 1.138028647557046643e+05 1.681097487797668437e+05 1.127934864733554714e+05
8.475947096591542504e+03 4.661154340168036288e+04 4.019588376901053125e+05 1.516648213424880669e+04 8.029828226508696389e+03 9.502938599643425688e-01 1.487927143788404937e+05 4.237430837500422786e+04 5.932345153632371512e+04 6.976551770853818280e-01 8.475904594938727314e+03 1.022768934754861858e+00 5.393055862715183321e+04 9.322174071522793383e+04 1.933552576721202931e+05 7.619112768987353775e+04 3.153456049848269904e+05 8.476012002926952846e+03 3.536024196069002501e+05 2.637724520201266860e+05 3.586041020037350972e+04 1.138028647557046643e+05 3.829786716054083273e-01 2.357872565401533793e+05 2.579945669465886112e+03
2.357875570086892403e+05 2.315504247517672484e+05 2.763686939623957733e+05 2.357875250484319404e+05 2.357874804336161760e+05 2.357873646436849667e+05 1.355050179578390962e+05 2.357876018141076493e+05 2.188385031679251697e+05 2.357872285344604461e+05 2.357875547921118559e+05 2.357874956533732475e+05 2.242313691717251204e+05 1.938856354589478287e+05 9.848561319881721283e+04 2.104454624536707415e+05 1.734230289934668399e+05 2.357875665241552924e+05 2.242358151518928644e+05 8.684142013589595445e+04 2.357876732138658117e+05 1.681097487797667854e+05 2.357872565401533793e+05 4.222109783294784575e+04 2.357871957191631373e+05
1.105510045093275949e+04 4.403212773350755015e+04 4.019588226628062548e+05 1.258702526829522867e+04 1.060894908713263612e+04 2.580174431187066602e+03 1.487926089208547201e+05 3.979491656663371396e+04 5.674405209429021488e+04 2.579796915740382246e+03 1.105503986025282211e+04 2.580211260512511217e+03 5.135112271554356266e+04 9.064235113029152853e+04 1.933551672068953922e+05 7.361173211749736220e+04 3.153455529011312756e+05 1.105512695566328512e+04 3.536023703012392507e+05 2.637723950887861429e+05 3.328102179114315368e+04 1.127934864733554714e+05 2.579945669465886112e+03 2.357871957191631082e+05 3.588765466840144200e+03
