1.921965142218539924e-01 1.080291087955964624e+00 2.542482623729914849e+04 8.731582963107568096e-01 2.389105589413681009e+05 1.134909699430901364e+00 1.122046186502118514e+00 2.837749370771970134e+05 3.205636077546796296e+05 3.553314214557053056e+05 5.891985891887741309e+04 2.542495899922075841e+04 1.109876072763390953e+00 1.271303877631863725e+04 1.116875707431931097e+00 4.459372167232086940e+04 1.223560751658017107e+05 1.742918345523131429e+05 9.214602374764836457e-01 1.125951696495826715e+00 3.389956628367308440e+04 5.149095377862966672e-01 1.050309381511221440e+00 7.679485519938878957e-01 1.520807078076251782e+05
1.080291087955964624e+00 4.367636049302286438e-01 2.542517264126583541e+04 1.225042570385691976e+00 2.389109173830032232e+05 1.730809993788345436e+00 1.559736961122154320e+00 2.837752045165036689e+05 3.205637968101428705e+05 3.553315824354091892e+05 5.892035568716148555e+04 2.542551156144766719e+04 1.380098634218744680e+00 1.271336779994116296e+04 1.582767879126731669e+00 4.459425922647080733e+04 1.223565865918756754e+05 1.742922460188600235e+05 1.160699471765762603e+00 1.691525876675183504e+00 3.390013516906271980e+04 1.193327708645053553e+00 1.226958029165813979e+00 1.252139951490540026e+00 1.520811814147035184e+05
2.542482623729914849e+04 2.542517264126583541e+04 4.563140166440696199e-01 2.542524301284756075e+04 2.134872611295500537e+05 2.542559221589005756e+04 2.542542344617232084e+04 2.583515860426948639e+05 2.951401573744181078e+05 3.299079921999475337e+05 3.349674943852243450e+04 1.604671560285319432e+00 2.542518286839558277e+04 1.271331459027508390e+04 2.542538078473978385e+04 1.917053198286057523e+04 9.693285262516209332e+04 1.488686204055159469e+05 2.542522072620136169e+04 2.542542913020473497e+04 8.476282551714055444e+03 2.542501786495504348e+04 2.542515192400471278e+04 2.542515237878210246e+04 1.266574263405520323e+05
8.731582963107570317e-01 1.225042570385691976e+00 2.542524301284756075e+04 4.253745775024000975e-01 2.389108030143196520e+05 1.602297597518057781e+00 1.564487140919026409e+00 2.837750893466217676e+05 3.205636323646407691e+05 3.553315036281169741e+05 5.892026491215729766e+04 2.542541343268799028e+04 1.487391467777080090e+00 1.271341083000221261e+04 1.635185436945169712e+00 4.459419331879135279e+04 1.223564523174352798e+05 1.742921229605135159e+05 1.159964052624231634e+00 1.632576958746607465e+00 3.390003863969447411e+04 9.391528456070352693e-01 1.358705150795084693e+00 9.906802472546143434e-01 1.520810721955005429e+05
2.389105589413681009e+05 2.389109173830032232e+05 2.134872611295500537e+05 2.389108030143196520e+05 4.230275932971025759e+04 2.389110193244442344e+05 2.389110963563923142e+05 1.001044045212907804e+05 1.586425932248376484e+05 2.017818127068291069e+05 1.892743457935015031e+05 2.134873708075229370e+05 2.389109867617400305e+05 2.261991760466364212e+05 2.389109898380543455e+05 1.988154513745488075e+05 1.492486446254373877e+05 9.828467824140835728e+04 2.389108068644842715e+05 2.389110528472372389e+05 2.050128399959946400e+05 2.389107404639518936e+05 2.389109840003175195e+05 2.389107560196206905e+05 1.266281972172567912e+05
1.134909699430901364e+00 1.730809993788345436e+00 2.542559221589005756e+04 1.602297597518057781e+00 2.389110193244442344e+05 4.463818537443663970e-01 1.574787350291936727e+00 2.837754634800854255e+05 3.205640384235935053e+05 3.553318977122296928e+05 5.892043545363752492e+04 2.542544304796373035e+04 1.686856886084904028e+00 1.271363379818800422e+04 1.628275550805734273e+00 4.459428769548012497e+04 1.223565742119189526e+05 1.742923975198430126e+05 1.677662355941514694e+00 1.719362942774502079e+00 3.390018499327758036e+04 1.298261535162313463e+00 1.742080529450404036e+00 1.516953921770085589e+00 1.520813234061827825e+05
1.122046186502118514e+00 1.559736961122154320e+00 2.542542344617232084e+04 1.564487140919026409e+00 2.389110963563923142e+05 1.574787350291936727e+00 3.842102183270212912e-01 2.837753403690041159e+05 3.205639368355197948e+05 3.553317733285803697e+05 5.892042446237626427e+04 2.542559694730985939e+04 1.527033959806852526e+00 1.271338409181647512e+04 1.577568150152773629e+00 4.459431862494013330e+04 1.223566839304744062e+05 1.742924240784836002e+05 1.589283427561163142e+00 1.595447018735236089e+00 3.390027648200240947e+04 1.269064985546926705e+00 1.646617345417801026e+00 1.462060094130364973e+00 1.520812494203099050e+05
2.837749370771970134e+05 2.837752045165036689e+05 2.583515860426949221e+05 2.837750893466217676e+05 1.001044045212907804e+05 2.837754634800854838e+05 2.837753403690041159e+05 3.765179092381410010e+04 1.099735209549956489e+05 1.547064282395501505e+05 2.377707145003702026e+05 2.583517755518335325e+05 2.837752877294764621e+05 2.710634403714689543e+05 2.837753694037873065e+05 2.470523278868669004e+05 2.039702129130597168e+05 1.629266452098384034e+05 2.837751259612474823e+05 2.837753921897722175e+05 2.498771803435321199e+05 2.837750424593934440e+05 2.837752052139885491e+05 2.837751063182330690e+05 1.856453616682933934e+05
3.205636077546796296e+05 3.205637968101428705e+05 2.951401573744181078e+05 3.205636323646407691e+05 1.586425932248376484e+05 3.205640384235935053e+05 3.205639368355197948e+05 1.099735209549956489e+05 5.449253493606087432e+04 1.097342622708224953e+05 2.745593608590528020e+05 2.951403407864487381e+05 3.205638920119786635e+05 3.078520055341327679e+05 3.205639610527511686e+05 2.838410407707628328e+05 2.483038939350155997e+05 2.135572107938120025e+05 3.205637783016418689e+05 3.205639716855557635e+05 2.866657201301036403e+05 3.205636324860262685e+05 3.205638656303382013e+05 3.205636388920463505e+05 2.348196938380976499e+05
3.553314214557053056e+05 3.553315824354091892e+05 3.299079921999475337e+05 3.553315036281169741e+05 2.017818127068291069e+05 3.553318977122296928e+05 3.553317733285803697e+05 1.547064282395501505e+05 1.097342622708224953e+05 5.049584785793550691e+04 3.093271463985008886e+05 3.299082372532319860e+05 3.553317309039795073e+05 3.426198985357657075e+05 3.553317674860884435e+05 3.186088513252026751e+05 2.854167752779427101e+05 2.573125094896981318e+05 3.553315900418769452e+05 3.553318528032613103e+05 3.214335833875825629e+05 3.553314694699333631e+05 3.553317196688434342e+05 3.553315194229090703e+05 2.760342231203689589e+05
5.891985891887741309e+04 5.892035568716148555e+04 3.349674943852242723e+04 5.892026491215729766e+04 1.892743457935015031e+05 5.892043545363752492e+04 5.892042446237626427e+04 2.377707145003702026e+05 2.745593608590528020e+05 3.093271463985009468e+05 1.229920250093972936e+04 3.349671342214415199e+04 5.892048035206962959e+04 4.620864048720263236e+04 5.892050129002177709e+04 1.432755462306894515e+04 6.482152048204351740e+04 1.195247072421993944e+05 5.892036102480445697e+04 5.892046498560926557e+04 2.502200892042073610e+04 5.891997436360207212e+04 5.892043133092278731e+04 5.892013759015093819e+04 9.639100358409910405e+04
2.542495899922075841e+04 2.542551156144766719e+04 1.604671560285319876e+00 2.542541343268799028e+04 2.134873708075229370e+05 2.542544304796373035e+04 2.542559694730985939e+04 2.583517755518335034e+05 2.951403407864487381e+05 3.299082372532319860e+05 3.349671342214415199e+04 5.009777601410357883e-01 2.542558160638683330e+04 1.271357824848679229e+04 2.542547317776609634e+04 1.917038408792101472e+04 9.693288571931100159e+04 1.488686816397928924e+05 2.542550470196895913e+04 2.542553234930007238e+04 8.476179510152040166e+03 2.542507014194263684e+04 2.542552066874201046e+04 2.542522424546676848e+04 1.266575406450699666e+05
1.109876072763390953e+00 1.380098634218744680e+00 2.542518286839558277e+04 1.487391467777080534e+00 2.389109867617400305e+05 1.686856886084904028e+00 1.527033959806852081e+00 2.837752877294764621e+05 3.205638920119786635e+05 3.553317309039795073e+05 5.892048035206962959e+04 2.542558160638683330e+04 4.741080590738863676e-01 1.271343699180642398e+04 1.554073973760038863e+00 4.459434419849977712e+04 1.223566331797683815e+05 1.742924175932203652e+05 1.484962656312772245e+00 1.669514030089558787e+00 3.390012421595374326e+04 1.335222692379196996e+00 1.378134409639130142e+00 1.440727718086609821e+00 1.520812236134281557e+05
1.271303877631863725e+04 1.271336779994116296e+04 1.271331459027508390e+04 1.271341083000221261e+04 2.261991760466364212e+05 1.271363379818800422e+04 1.271338409181647512e+04 2.710634403714688960e+05 3.078520055341327679e+05 3.426198985357657075e+05 4.620864048720263236e+04 1.271357824848679229e+04 1.271343699180642398e+04 1.271240203626675429e+04 1.271344646920297964e+04 3.188245081867606132e+04 1.096448370920734160e+05 1.615805266292722663e+05 1.271337411839046945e+04 1.271349159588242037e+04 2.118835044585172727e+04 1.271314886240096894e+04 1.271342553818758824e+04 1.271333106509212303e+04 1.393694117078543641e+05
1.116875707431931097e+00 1.582767879126731669e+00 2.542538078473978385e+04 1.635185436945169712e+00 2.389109898380543455e+05 1.628275550805734273e+00 1.577568150152773629e+00 2.837753694037872483e+05 3.205639610527511686e+05 3.553317674860884435e+05 5.892050129002177709e+04 2.542547317776609634e+04 1.554073973760038863e+00 1.271344646920297964e+04 4.525051440675087466e-01 4.459438489448440669e+04 1.223566365461022651e+05 1.742923881239707407e+05 1.576280407662635996e+00 1.467472221849973391e+00 3.390026207661115768e+04 1.336896089674046495e+00 1.629887293401609982e+00 1.564725421403717176e+00 1.520813219561020087e+05
4.459372167232086940e+04 4.459425922647080733e+04 1.917053198286057886e+04 4.459419331879135279e+04 1.988154513745488075e+05 4.459428769548012497e+04 4.459431862494013330e+04 2.470523278868669004e+05 2.838410407707627746e+05 3.186088513252026751e+05 1.432755462306894515e+04 1.917038408792101836e+04 4.459434419849977712e+04 3.188245081867606132e+04 4.459438489448440669e+04 4.891187700070957362e+03 7.776413078238684102e+04 1.296999877995295974e+05 4.459423895619124960e+04 4.459432885992457159e+04 1.069577053144765887e+04 4.459382788064808847e+04 4.459431181204960740e+04 4.459404270908422041e+04 1.074887669445464126e+05
1.223560751658017107e+05 1.223565865918756899e+05 9.693285262516210787e+04 1.223564523174352798e+05 1.492486446254373877e+05 1.223565742119189672e+05 1.223566839304744062e+05 2.039702129130596877e+05 2.483038939350155997e+05 2.854167752779427101e+05 6.482152048204351740e+04 9.693288571931100159e+04 1.223566331797683815e+05 1.096448370920734160e+05 1.223566365461022797e+05 7.776413078238687012e+04 1.839597659432971341e+04 7.703842142729829357e+04 1.223564642764202581e+05 1.223566167710045556e+05 8.845820292775696726e+04 1.223561832869670034e+05 1.223565628674133332e+05 1.223563224137903890e+05 3.758948549736003042e+04
1.742918345523131429e+05 1.742922460188600235e+05 1.488686204055159469e+05 1.742921229605135159e+05 9.828467824140835728e+04 1.742923975198430126e+05 1.742924240784836002e+05 1.629266452098384034e+05 2.135572107938120025e+05 2.573125094896981318e+05 1.195247072421994089e+05 1.488686816397928924e+05 1.742924175932203652e+05 1.615805266292722663e+05 1.742923881239707407e+05 1.296999877995295974e+05 7.703842142729827901e+04 2.663733813339400876e+04 1.742921355958877539e+05 1.742923703973740048e+05 1.403940967902425618e+05 1.742919466162295721e+05 1.742923683132404112e+05 1.742920354241158057e+05 5.133600406157996622e+04
9.214602374764836457e-01 1.160699471765762603e+00 2.542522072620136169e+04 1.159964052624231856e+00 2.389108068644842715e+05 1.677662355941514694e+00 1.589283427561163142e+00 2.837751259612474823e+05 3.205637783016418689e+05 3.553315900418769452e+05 5.892036102480445697e+04 2.542550470196895913e+04 1.484962656312772245e+00 1.271337411839046945e+04 1.576280407662635996e+00 4.459423895619125688e+04 1.223564642764202581e+05 1.742921355958877539e+05 4.426406711127017224e-01 1.626058071591756971e+00 3.390010201665922068e+04 1.129097579856213507e+00 1.300984872860592612e+00 1.159581452570575877e+00 1.520810509010973619e+05
1.125951696495826715e+00 1.691525876675183504e+00 2.542542913020473497e+04 1.632576958746607465e+00 2.389110528472372389e+05 1.719362942774502079e+00 1.595447018735235867e+00 2.837753921897722175e+05 3.205639716855557635e+05 3.553318528032613103e+05 5.892046498560926557e+04 2.542553234930007238e+04 1.669514030089558787e+00 1.271349159588242037e+04 1.467472221849973169e+00 4.459432885992457159e+04 1.223566167710045411e+05 1.742923703973740048e+05 1.626058071591756971e+00 5.712877958003276246e-01 3.390007476249433967e+04 1.349675585470144101e+00 1.636480121911114693e+00 1.525019006467864147e+00 1.520812220053063938e+05
3.389956628367308440e+04 3.390013516906271980e+04 8.476282551714055444e+03 3.390003863969447411e+04 2.050128399959946400e+05 3.390018499327758036e+04 3.390027648200240947e+04 2.498771803435321199e+05 2.866657201301036403e+05 3.214335833875825629e+05 2.502200892042073610e+04 8.476179510152040166e+03 3.390012421595374326e+04 2.118835044585172727e+04 3.390026207661115768e+04 1.069577053144765887e+04 8.845820292775695270e+04 1.403940967902425618e+05 3.390010201665922068e+04 3.390007476249433967e+04 5.027297206853782452e-01 3.389971771673361945e+04 3.390012413971046772e+04 3.389986061354233243e+04 1.181828560871522495e+05
5.149095377862967782e-01 1.193327708645053553e+00 2.542501786495504348e+04 9.391528456070351583e-01 2.389107404639518936e+05 1.298261535162313463e+00 1.269064985546926483e+00 2.837750424593934440e+05 3.205636324860262685e+05 3.553314694699333631e+05 5.891997436360209394e+04 2.542507014194263684e+04 1.335222692379196996e+00 1.271314886240096894e+04 1.336896089674046495e+00 4.459382788064808847e+04 1.223561832869670034e+05 1.742919466162295721e+05 1.129097579856213507e+00 1.349675585470144101e+00 3.389971771673361945e+04 3.414482693753848053e-01 1.224343937048921305e+00 8.013705967452902090e-01 1.520808476703028136e+05
1.050309381511221440e+00 1.226958029165813979e+00 2.542515192400471278e+04 1.358705150795084915e+00 2.389109840003175195e+05 1.742080529450404036e+00 1.646617345417801026e+00 2.837752052139884909e+05 3.205638656303382013e+05 3.553317196688433760e+05 5.892043133092278731e+04 2.542552066874201046e+04 1.378134409639130142e+00 1.271342553818758824e+04 1.629887293401609982e+00 4.459431181204960740e+04 1.223565628674133332e+05 1.742923683132404112e+05 1.300984872860592834e+00 1.636480121911114693e+00 3.390012413971046772e+04 1.224343937048921083e+00 4.559476728991936900e-01 1.329996028562104637e+00 1.520811995118106715e+05
7.679485519938878957e-01 1.252139951490540026e+00 2.542515237878210246e+04 9.906802472546143434e-01 2.389107560196206905e+05 1.516953921770085589e+00 1.462060094130364973e+00 2.837751063182330690e+05 3.205636388920463505e+05 3.553315194229090703e+05 5.892013759015093819e+04 2.542522424546676848e+04 1.440727718086609821e+00 1.271333106509212303e+04 1.564725421403717176e+00 4.459404270908422768e+04 1.223563224137903890e+05 1.742920354241158057e+05 1.159581452570575877e+00 1.525019006467864147e+00 3.389986061354233243e+04 8.013705967452902090e-01 1.329996028562104637e+00 3.962703224280236802e-01 1.520809402418381360e+05
1.520807078076251782e+05 1.520811814147035184e+05 1.266574263405520323e+05 1.520810721955005429e+05 1.266281972172567766e+05 1.520813234061827825e+05 1.520812494203099050e+05 1.856453616682933352e+05 2.348196938380976499e+05 2.760342231203689589e+05 9.639100358409910405e+04 1.266575406450699666e+05 1.520812236134281557e+05 1.393694117078543641e+05 1.520813219561020087e+05 1.074887669445464126e+05 3.758948549736003042e+04 5.133600406157996622e+04 1.520810509010973619e+05 1.520812220053063938e+05 1.181828560871522495e+05 1.520808476703028136e+05 1.520811995118106715e+05 1.520809402418381360e+05 1.551147525179249897e+04
