1.185942047250608448e+04 1.026138682359399972e+05 3.630989432407283457e+05 1.026140023235745466e+05 1.699044676529086137e+05 1.026144691280790576e+05 2.785819987302855588e+05 1.142553968698800309e+05 1.026142508915207000e+05 1.026144614362261345e+05 6.090013200722423790e+04 1.002560235851755133e+05 8.846348283616286062e+04 2.133341200302918442e+05 1.026142938266934507e+05 4.068386294826594531e+04 1.026143846469009732e+05 8.669470403115598310e+04 7.909010061828243488e+04 1.026141802585840051e+05 1.026144639687998279e+05 1.026145176100020763e+05 1.026144206141386530e+05 9.684931982074602274e+04 1.026144966938404395e+05
1.026138682359399972e+05 3.773003322025801909e-01 3.948069909873596625e+05 7.556448373847164390e-01 2.037734295438857516e+05 3.481067243166583012e+02 3.045248229229107383e+05 1.669311853040044371e+05 1.074601605749072597e+00 1.268556889111874808e+00 7.988129453351067787e+04 9.435318718024651389e+03 3.167254444674882325e+04 2.392768455727272085e+05 1.101108781773041612e+00 1.211412671777969954e+05 1.162199072954664958e+00 3.726000482102286333e+04 5.701624671474799106e+04 9.600456836055042409e-01 1.221607104583113834e+00 4.718311716420340417e+03 1.262805174662847696e+00 1.774047147053623121e+04 4.718282472248202794e+03
3.630989432407283457e+05 3.948069909873596625e+05 1.199654151542385225e+05 3.948070697204805911e+05 3.104238059720685123e+05 3.948073616275899694e+05 2.302808319432700227e+05 3.341442989526240272e+05 3.948071334539613454e+05 3.948072969495369471e+05 3.737342855833077338e+05 3.924488773896381026e+05 3.853735237419690820e+05 2.778881466970424517e+05 3.948071127111333772e+05 3.494875564260898391e+05 3.948071643194022472e+05 3.849446739149153000e+05 3.775119449105201638e+05 3.948071163628736977e+05 3.948072363727538032e+05 3.948074214564234717e+05 3.948072857701477478e+05 3.895663479738460737e+05 3.948073981604534783e+05
1.026140023235745466e+05 7.556448373847164390e-01 3.948070697204805911e+05 5.921666482643426210e-01 2.037735523217966256e+05 3.483512923368508609e+02 3.045248849710702198e+05 1.669313029897483357e+05 1.268251391644074522e+00 1.505321687013673637e+00 7.988145017363372608e+04 9.435581341083017833e+03 3.167281491216150607e+04 2.392769230759960192e+05 1.314119850837041747e+00 1.211414110117662203e+05 1.384688143056661547e+00 3.726024059691039292e+04 5.701645688495638024e+04 1.101962187989694808e+00 1.457239662312344253e+00 4.718560211813009118e+03 1.463047197093597429e+00 1.774072843748571904e+04 4.718545066322363709e+03
1.699044676529086137e+05 2.037734295438857516e+05 3.104238059720684541e+05 2.037735523217966256e+05 5.512906707331988582e+04 2.037739271656775381e+05 2.159282210180406692e+05 1.223529195643393905e+05 2.037736731097737211e+05 2.037739002635997313e+05 1.820311321540938516e+05 2.014154635655598540e+05 1.943400410715274629e+05 1.181108742395390000e+05 2.037736841151815606e+05 1.536527341573873418e+05 2.037737582523552119e+05 1.927923782098917000e+05 1.844065114450151450e+05 2.037735904522265191e+05 2.037738262400556996e+05 2.037739531011610816e+05 2.037738664778947423e+05 1.985329636275884404e+05 2.037739995214896626e+05
1.026144691280790576e+05 3.481067243166583012e+02 3.948073616275899694e+05 3.483512923368508609e+02 2.037739271656775381e+05 6.434554901343065012e+02 3.045252114280305686e+05 1.669316875079514866e+05 3.486169040299806170e+02 3.485881317356874547e+02 7.988192207841263735e+04 9.088981489561640046e+03 3.167314881943695946e+04 2.392772703563967370e+05 3.486246428827544150e+02 1.211417825975960441e+05 3.486298873079366558e+02 3.726063846156812360e+04 5.701685978453702410e+04 3.485398059781659299e+02 3.486279442975662164e+02 4.662588791037999727e+03 3.485839033037790955e+02 1.753182851636982014e+04 4.718794164685498799e+03
2.785819987302855588e+05 3.045248229229107383e+05 2.302808319432700519e+05 3.045248849710702198e+05 2.159282210180406400e+05 3.045252114280305686e+05 8.079319026702259725e+04 2.325949914789554896e+05 3.045249175677413587e+05 3.045251687773104641e+05 2.820143569326473516e+05 3.021668150046797236e+05 2.950913562990862993e+05 1.751873552040481882e+05 3.045249870506649022e+05 2.636449187269243994e+05 3.045250344472230645e+05 2.950914036009436240e+05 2.935190329096785863e+05 3.045249014769436326e+05 3.045250665990660200e+05 3.045252502884729765e+05 3.045251144082938554e+05 2.992841846846890985e+05 3.045252993264301913e+05
1.142553968698800163e+05 1.669311853040044662e+05 3.341442989526240272e+05 1.669313029897483357e+05 1.223529195643393905e+05 1.669316875079514866e+05 2.325949914789554896e+05 3.600695812532388663e+04 1.669314612608480675e+05 1.669316635397966602e+05 1.351591215239425946e+05 1.645732937093618384e+05 1.574978030898003781e+05 1.749011210180780035e+05 1.669315308837095799e+05 9.016521829668983992e+04 1.669315499700356158e+05 1.557289465672044607e+05 1.512085318730538711e+05 1.669313529047790216e+05 1.669315950935489673e+05 1.669317895794693613e+05 1.669316398108771828e+05 1.616906579117584915e+05 1.669317547306448105e+05
1.026142508915207000e+05 1.074601605749072375e+00 3.948071334539613454e+05 1.268251391644074300e+00 2.037736731097737211e+05 3.486169040299805033e+02 3.045249175677413587e+05 1.669314612608480675e+05 6.727822775260238197e-01 1.699850933320018243e+00 7.988169652166536252e+04 9.435798840606805243e+03 3.167298398321437344e+04 2.392770170559529215e+05 1.334438692100052837e+00 1.211416129170333152e+05 1.517903758822868099e+00 3.726041069476757548e+04 5.701665902285655466e+04 1.233026456688652184e+00 1.637410999544929746e+00 4.718762988726221010e+03 1.709038320233861930e+00 1.774088117045583567e+04 4.718792980287937098e+03
1.026144614362261491e+05 1.268556889111874364e+00 3.948072969495369471e+05 1.505321687013673637e+00 2.037739002635997313e+05 3.485881317356874547e+02 3.045251687773104641e+05 1.669316635397966602e+05 1.699850933320018243e+00 7.752226119135765536e-01 7.988187283909527468e+04 9.435905084027415796e+03 3.167317276744405899e+04 2.392772923719220271e+05 1.710368874777874248e+00 1.211417928507648176e+05 1.673123640185102623e+00 3.726059483000026376e+04 5.701681362141171849e+04 1.619904782872899629e+00 1.606721238909268656e+00 4.718804785495560282e+03 1.609762992281275062e+00 1.774104466626468638e+04 4.718809783142521155e+03
6.090013200722423790e+04 7.988129453351067787e+04 3.737342855833077338e+05 7.988145017363372608e+04 1.820311321540938516e+05 7.988192207841263735e+04 2.820143569326473516e+05 1.351591215239425946e+05 7.988169652166536252e+04 7.988187283909527468e+04 1.587640730270737367e+04 7.752342817053489853e+04 6.139155558031349938e+04 2.235014163160055468e+05 7.988174250160598604e+04 8.674840638507205585e+04 7.988181811225281854e+04 5.627166156241208955e+04 4.173386248122066172e+04 7.988163531858372153e+04 7.988184890354319941e+04 7.988191933493400575e+04 7.988184367075203045e+04 7.333519670083015808e+04 7.988196764080197318e+04
1.002560235851755133e+05 9.435318718024651389e+03 3.924488773896381026e+05 9.435581341083017833e+03 2.014154635655598540e+05 9.088981489561638227e+03 3.021668150046797236e+05 1.645732937093618384e+05 9.435798840606805243e+03 9.435905084027417615e+03 7.752342817053489853e+04 4.717753409459526665e+03 2.695609261242371576e+04 2.369188501985596085e+05 9.435802971770679505e+03 1.187834711991548393e+05 9.435838023867463562e+03 3.275798543649548810e+04 5.465835995541200100e+04 9.435735279791542780e+03 9.435888553894779761e+03 8.672711189218467553e+03 9.435920652917739062e+03 1.017976335102731719e+04 9.435843788539881643e+03
8.846348283616286062e+04 3.167254444674882325e+04 3.853735237419690238e+05 3.167281491216150607e+04 1.943400410715274920e+05 3.167314881943695218e+04 2.950913562990862411e+05 1.574978030898003490e+05 3.167298398321437344e+04 3.167317276744406263e+04 6.139155558031349938e+04 2.695609261242371576e+04 3.884682669016906857e+03 2.298434178073062503e+05 3.167304590453879064e+04 1.096114937576283264e+05 3.167311286896157253e+04 9.612870900955771504e+03 3.477960421991553449e+04 3.167292938022005546e+04 3.167314841741373675e+04 3.167315862493489840e+04 3.167318873387103304e+04 1.732874508046539268e+04 3.167311620493068767e+04
2.133341200302918151e+05 2.392768455727272085e+05 2.778881466970425099e+05 2.392769230759960192e+05 1.181108742395390000e+05 2.392772703563967079e+05 1.751873552040481882e+05 1.749011210180779453e+05 2.392770170559529797e+05 2.392772923719219980e+05 2.235014163160055468e+05 2.369188501985596668e+05 2.298434178073062503e+05 5.743121801120549208e+04 2.392770325008368236e+05 1.981195368424653134e+05 2.392771029818022216e+05 2.298434653626549698e+05 2.243865920909729321e+05 2.392769734457836021e+05 2.392772110375671764e+05 2.392773705067744595e+05 2.392772471876125783e+05 2.340362866650130891e+05 2.392773483214446169e+05
1.026142938266934507e+05 1.101108781773041612e+00 3.948071127111333772e+05 1.314119850837041525e+00 2.037736841151815315e+05 3.486246428827544150e+02 3.045249870506649022e+05 1.669315308837095508e+05 1.334438692100052837e+00 1.710368874777874248e+00 7.988174250160598604e+04 9.435802971770677686e+03 3.167304590453879791e+04 2.392770325008367654e+05 7.285395871624639197e-01 1.211416992420961178e+05 1.444909780030402047e+00 3.726047839932409988e+04 5.701675325625025289e+04 1.395491389335016041e+00 1.577700326924811103e+00 4.718810475668545223e+03 1.645983931426520996e+00 1.774095159591057745e+04 4.718805443765522796e+03
4.068386294826595258e+04 1.211412671777969954e+05 3.494875564260898391e+05 1.211414110117662203e+05 1.536527341573873127e+05 1.211417825975960732e+05 2.636449187269243994e+05 9.016521829668981081e+04 1.211416129170333152e+05 1.211417928507648030e+05 8.674840638507207041e+04 1.187834711991548393e+05 1.096114937576283264e+05 1.981195368424653134e+05 1.211416992420961178e+05 2.435711386747303186e+04 1.211417644307486917e+05 1.078426575785389141e+05 1.011344583054192335e+05 1.211415023391673021e+05 1.211417522908822721e+05 1.211418685045945458e+05 1.211417429981193709e+05 1.156678007288671070e+05 1.211418714447414532e+05
1.026143846469009732e+05 1.162199072954664958e+00 3.948071643194022472e+05 1.384688143056661325e+00 2.037737582523552119e+05 3.486298873079366558e+02 3.045250344472230645e+05 1.669315499700356449e+05 1.517903758822868099e+00 1.673123640185102845e+00 7.988181811225281854e+04 9.435838023867463562e+03 3.167311286896157253e+04 2.392771029818022216e+05 1.444909780030401825e+00 1.211417644307486917e+05 6.586311924440676480e-01 3.726051456194440107e+04 5.701681277812812186e+04 1.525193352972100680e+00 1.536643630773230518e+00 4.718869973496880448e+03 1.620801186927345094e+00 1.774101598102886419e+04 4.718833537572121713e+03
8.669470403115598310e+04 3.726000482102287060e+04 3.849446739149152418e+05 3.726024059691039292e+04 1.927923782098917291e+05 3.726063846156812360e+04 2.950914036009436240e+05 1.557289465672044607e+05 3.726041069476758275e+04 3.726059483000026376e+04 5.627166156241208228e+04 3.275798543649549538e+04 9.612870900955771504e+03 2.298434653626549698e+05 3.726047839932410716e+04 1.078426575785389141e+05 3.726051456194440107e+04 6.803488801071814123e+03 2.794099509822419350e+04 3.726035812415643159e+04 3.726055552887605154e+04 3.726061458616078744e+04 3.726058464033092605e+04 2.466723818085487437e+04 3.726059481078574754e+04
7.909010061828243488e+04 5.701624671474799106e+04 3.775119449105201056e+05 5.701645688495638024e+04 1.844065114450151450e+05 5.701685978453702410e+04 2.935190329096785863e+05 1.512085318730538711e+05 5.701665902285655466e+04 5.701681362141171849e+04 4.173386248122066172e+04 5.465835995541200100e+04 3.477960421991553449e+04 2.243865920909729321e+05 5.701675325625024561e+04 1.011344583054192335e+05 5.701681277812812186e+04 2.794099509822419350e+04 1.335449079877790791e+04 5.701656426881650987e+04 5.701676924585146480e+04 5.701688493158752681e+04 5.701684166101365554e+04 4.871171991392374912e+04 5.701689171277365676e+04
1.026141802585840051e+05 9.600456836055040188e-01 3.948071163628736977e+05 1.101962187989694808e+00 2.037735904522265191e+05 3.485398059781659299e+02 3.045249014769436326e+05 1.669313529047790216e+05 1.233026456688652184e+00 1.619904782872899629e+00 7.988163531858372153e+04 9.435735279791542780e+03 3.167292938022005546e+04 2.392769734457835439e+05 1.395491389335016041e+00 1.211415023391673021e+05 1.525193352972100680e+00 3.726035812415642431e+04 5.701656426881650987e+04 6.795830824137315540e-01 1.530772329998313142e+00 4.718705926685109262e+03 1.602532631778591732e+00 1.774084058762807399e+04 4.718725383851672632e+03
1.026144639687998279e+05 1.221607104583113834e+00 3.948072363727538032e+05 1.457239662312344253e+00 2.037738262400556996e+05 3.486279442975662732e+02 3.045250665990660200e+05 1.669315950935489091e+05 1.637410999544929746e+00 1.606721238909268656e+00 7.988184890354319941e+04 9.435888553894779761e+03 3.167314841741373675e+04 2.392772110375671473e+05 1.577700326924811103e+00 1.211417522908822721e+05 1.536643630773230296e+00 3.726055552887605154e+04 5.701676924585146480e+04 1.530772329998313142e+00 7.668275092135187210e-01 4.718812913719888456e+03 1.560131259770274337e+00 1.774098394692673901e+04 4.718878284344791609e+03
1.026145176100020763e+05 4.718311716420339508e+03 3.948074214564234717e+05 4.718560211813008209e+03 2.037739531011610816e+05 4.662588791037999727e+03 3.045252502884729183e+05 1.669317895794693322e+05 4.718762988726221010e+03 4.718804785495560282e+03 7.988191933493400575e+04 8.672711189218469372e+03 3.167315862493489840e+04 2.392773705067744304e+05 4.718810475668545223e+03 1.211418685045945458e+05 4.718869973496879538e+03 3.726061458616078016e+04 5.701688493158752681e+04 4.718705926685108352e+03 4.718812913719887547e+03 1.280042563688738255e+03 4.718829384076536371e+03 1.728093513788148630e+04 7.647496191551582569e+02
1.026144206141386530e+05 1.262805174662847474e+00 3.948072857701477478e+05 1.463047197093597429e+00 2.037738664778947714e+05 3.485839033037790955e+02 3.045251144082938554e+05 1.669316398108771536e+05 1.709038320233861930e+00 1.609762992281275062e+00 7.988184367075203045e+04 9.435920652917737243e+03 3.167318873387102940e+04 2.392772471876126074e+05 1.645983931426520996e+00 1.211417429981193709e+05 1.620801186927345094e+00 3.726058464033092605e+04 5.701684166101365554e+04 1.602532631778591732e+00 1.560131259770274337e+00 4.718829384076536371e+03 7.170836350711652374e-01 1.774104587669280590e+04 4.718895913519269016e+03
9.684931982074602274e+04 1.774047147053623121e+04 3.895663479738460737e+05 1.774072843748571904e+04 1.985329636275884404e+05 1.753182851636982014e+04 2.992841846846890985e+05 1.616906579117584915e+05 1.774088117045583931e+04 1.774104466626468638e+04 7.333519670083015808e+04 1.017976335102731719e+04 1.732874508046539268e+04 2.340362866650130891e+05 1.774095159591057745e+04 1.156678007288671070e+05 1.774101598102886419e+04 2.466723818085487801e+04 4.871171991392374912e+04 1.774084058762807399e+04 1.774098394692673901e+04 1.728093513788148630e+04 1.774104587669280590e+04 6.467364085207880635e+03 1.774108945585617039e+04
1.026144966938404395e+05 4.718282472248200975e+03 3.948073981604535948e+05 4.718545066322361890e+03 2.037739995214896626e+05 4.718794164685497890e+03 3.045252993264301331e+05 1.669317547306448105e+05 4.718792980287937098e+03 4.718809783142521155e+03 7.988196764080197318e+04 9.435843788539879824e+03 3.167311620493068767e+04 2.392773483214446751e+05 4.718805443765522796e+03 1.211418714447414532e+05 4.718833537572120804e+03 3.726059481078574026e+04 5.701689171277365676e+04 4.718725383851671722e+03 4.718878284344790700e+03 7.647496191551583706e+02 4.718895913519269016e+03 1.774108945585617039e+04 6.906221516792587778e-01
