4.217876904393600968e-01 2.672573515358045697e+05 1.368599711284004483e+00 7.443445209659671491e+02 1.515333224631529265e+04 1.666682868799952557e+05 1.010273982529258319e+04 2.349858549803224450e+05 1.032054628058634460e+00 1.212085995464642796e+00 1.464644308609500012e+00 9.807751647759703337e+04 1.337674956504351531e+00 3.383737601291147876e+05 1.323412347371967002e+00 6.968676689172747137e+04 3.744653317737248726e+05 2.788746887016639448e+04 1.256100501576618012e+00 1.306534362611346296e+05 3.046274039196561207e+05 1.903480540532107698e+05 1.010274298801360055e+04 5.772182915838785266e+04 1.225581061276247663e+00
2.672573515358045697e+05 4.104038896164416656e+04 2.672574307349161827e+05 2.672574144302649074e+05 2.622069359073598171e+05 1.969807360003668291e+05 2.672575639819054049e+05 1.124462078679926199e+05 2.672571173899671994e+05 2.672572490458352841e+05 2.672574182827379555e+05 2.343609483956164622e+05 2.672572397959725349e+05 1.760808754456705647e+05 2.672572204509524163e+05 2.437412277017041633e+05 2.213466525406294386e+05 2.560342503891139349e+05 2.672575582851966028e+05 2.235359491794184432e+05 1.158968631648771843e+05 1.689374141597151465e+05 2.672575269133114489e+05 2.470555370722110092e+05 2.672571616739695892e+05
1.368599711284004483e+00 2.672574307349161827e+05 4.842812721389815889e-01 7.442901105142890401e+02 1.515330985497075199e+04 1.666683658580799529e+05 1.010275400750424524e+04 2.349858247018737311e+05 1.110926188962415573e+00 1.450365937282180440e+00 1.402334458250304783e+00 9.807749831539632578e+04 1.541535966050139317e+00 3.383737516523382510e+05 1.467421972414862275e+00 6.968680851154385891e+04 3.744653908103554859e+05 2.788748360590738594e+04 1.303554765949332284e+00 1.306534559301867994e+05 3.046274519828744233e+05 1.903480119451734936e+05 1.010271738833629570e+04 5.772196130347328290e+04 1.273503475034794219e+00
7.443445209659671491e+02 2.672574144302649074e+05 7.442901105142890401e+02 1.376708622982311681e+03 1.441037854860767038e+04 1.666684586454266973e+05 1.010265633010652164e+04 2.349858575508779031e+05 7.438824332456716775e+02 7.443520965846100808e+02 7.443116633141102056e+02 9.807747985759773292e+04 7.443815034787385230e+02 3.383738399030793225e+05 7.442541709905623293e+02 6.968681758912780788e+04 3.744655422231801203e+05 2.743969505092733743e+04 7.442181278962316355e+02 1.306535933083701530e+05 3.046276244289460010e+05 1.903479881265541771e+05 9.982400026567818713e+03 5.772190943143722689e+04 7.440733669042974725e+02
1.515333224631529629e+04 2.622069359073598171e+05 1.515330985497075199e+04 1.441037854860767038e+04 5.051009372045135024e+03 1.616178648661024345e+05 1.515326198501427825e+04 2.299354896329199837e+05 1.515278002962498067e+04 1.515318523298464970e+04 1.515334946169854811e+04 9.302696180045927758e+04 1.515319430546585863e+04 3.333233747450446826e+05 1.515313076589672892e+04 6.463629573450788303e+04 3.694149591634789249e+05 1.674643455429350797e+04 1.515341350281853738e+04 1.256030663986227446e+05 2.995771372107563657e+05 1.852975766170948045e+05 1.351912236092583407e+04 5.267125873321636755e+04 1.515294488706994707e+04
1.666682868799952557e+05 1.969807360003668291e+05 1.666683658580799529e+05 1.666684586454266973e+05 1.616178648661024345e+05 9.265572356964028586e+03 1.666683433644352772e+05 1.383049435480617976e+05 1.666678207589021185e+05 1.666681753303210135e+05 1.666683833750415070e+05 1.223831708645127364e+05 1.666681183871965040e+05 2.828185669460706995e+05 1.666680769755293732e+05 1.325774167527274112e+05 3.189101790928968112e+05 1.543226353096333623e+05 1.666683493400695734e+05 8.437012147461051063e+04 2.490722019816633256e+05 5.468819405078817363e+04 1.666683344385271193e+05 1.363652826838803594e+05 1.666679372728135495e+05
1.010273982529258319e+04 2.672575639819054049e+05 1.010275400750424160e+04 1.010265633010652164e+04 1.515326198501427825e+04 1.666683433644352772e+05 4.345502856656766055e-01 2.349860088262137724e+05 1.010216896035396712e+04 1.010268512808096420e+04 1.010269725893065697e+04 9.807750016693094221e+04 1.010262985807174118e+04 3.383740358601731132e+05 1.010252626416636122e+04 6.968673820740944939e+04 3.744655549768339260e+05 2.788751399337186740e+04 1.010273870009758502e+04 1.306534834751049639e+05 3.046277386167997611e+05 1.903481177174125041e+05 1.635361721400816805e+03 5.772181150249532948e+04 1.010232844153775113e+04
2.349858549803224450e+05 1.124462078679926199e+05 2.349858247018737311e+05 2.349858575508779031e+05 2.299354896329199837e+05 1.383049435480618267e+05 2.349860088262137724e+05 4.112816551115363836e+04 2.349855538635765552e+05 2.349857615779788757e+05 2.349859135903994320e+05 1.929974922397869814e+05 2.349857278236385901e+05 2.247994140918247867e+05 2.349857136823546025e+05 2.109961549228256335e+05 2.507899983366078231e+05 2.237627394727474311e+05 2.349858808266219567e+05 1.804613570758373826e+05 1.802478830296625965e+05 1.056650915225990029e+05 2.349859935758286447e+05 2.147840985753394489e+05 2.349856517617192585e+05
1.032054628058634460e+00 2.672571173899671994e+05 1.110926188962415573e+00 7.438824332456716775e+02 1.515278002962498067e+04 1.666678207589021476e+05 1.010216896035396712e+04 2.349855538635765552e+05 2.001360165687216253e-01 9.751185175625346480e-01 1.126445797724573206e+00 9.807697190757581848e+04 8.611616243920264813e-01 3.383735878028905718e+05 7.263660701236863693e-01 6.968618895466394315e+04 3.744652247467710986e+05 2.788693662028626932e+04 1.065879008590256305e+00 1.306529496310846735e+05 3.046272622148138471e+05 1.903475835627958877e+05 1.010220082166432621e+04 5.772126087798151275e+04 4.971451578444590624e-01
1.212085995464642796e+00 2.672572490458352841e+05 1.450365937282180440e+00 7.443520965846101944e+02 1.515318523298464970e+04 1.666681753303210135e+05 1.010268512808096602e+04 2.349857615779788757e+05 9.751185175625345369e-01 4.770673168953283305e-01 1.586519720674906875e+00 9.807738007130508777e+04 1.046534281818199075e+00 3.383736237200208125e+05 1.173812708045850028e+00 6.968672796658071456e+04 3.744653013004527311e+05 2.788741636092858607e+04 1.498153088930112453e+00 1.306533908718741295e+05 3.046273229295025230e+05 1.903479125644290179e+05 1.010266116041183523e+04 5.772178307586121082e+04 1.119502024416310970e+00
1.464644308609500012e+00 2.672574182827379555e+05 1.402334458250304783e+00 7.443116633141102056e+02 1.515334946169854811e+04 1.666683833750415070e+05 1.010269725893065697e+04 2.349859135903994320e+05 1.126445797724573206e+00 1.586519720674906875e+00 4.976200464632217213e-01 9.807753528285257926e+04 1.531091333398726384e+00 3.383738469471382559e+05 1.455610129683463816e+00 6.968678844798475620e+04 3.744655031242861296e+05 2.788759493511095934e+04 1.381514559002746889e+00 1.306534926704704849e+05 3.046275867145058583e+05 1.903480088152786775e+05 1.010282366640648252e+04 5.772180453484983445e+04 1.276968906681721139e+00
9.807751647759703337e+04 2.343609483956164622e+05 9.807749831539632578e+04 9.807747985759773292e+04 9.302696180045926303e+04 1.223831708645127364e+05 9.807750016693095677e+04 1.929974922397869814e+05 9.807697190757581848e+04 9.807738007130508777e+04 9.807753528285257926e+04 1.404560520902539793e+04 9.807734002683036670e+04 3.148049456118523958e+05 9.807722301806950418e+04 3.673267857046960125e+04 3.425781969882755075e+05 8.029277681478703744e+04 9.807758201395624201e+04 5.998481966274679871e+04 2.810587237730500055e+05 1.516863102043631370e+05 9.807745385944667214e+04 5.045838438022101764e+04 9.807709436753763293e+04
1.337674956504351309e+00 2.672572397959725349e+05 1.541535966050139317e+00 7.443815034787385230e+02 1.515319430546585863e+04 1.666681183871965040e+05 1.010262985807174300e+04 2.349857278236385901e+05 8.611616243920264813e-01 1.046534281818199075e+00 1.531091333398726384e+00 9.807734002683036670e+04 3.848733914479000040e-01 3.383736410224498832e+05 9.779762734853142403e-01 6.968658727559341060e+04 3.744653070117731113e+05 2.788739646571657795e+04 1.546787877334651062e+00 1.306532698735179729e+05 3.046273961680330685e+05 1.903478929591134947e+05 1.010265949964338688e+04 5.772170153795568331e+04 9.907280773083815273e-01
3.383737601291147876e+05 1.760808754456705647e+05 3.383737516523382510e+05 3.383738399030793225e+05 3.333233747450446826e+05 2.828185669460706995e+05 3.383740358601731132e+05 2.247994140918247867e+05 3.383735878028905718e+05 3.383736237200208125e+05 3.383738469471382559e+05 3.148049456118523958e+05 3.383736410224498832e+05 3.874759512797254138e+04 3.383735915518288966e+05 3.181720485540261725e+05 1.210353335032589821e+05 3.271506244299263926e+05 3.383738174471711973e+05 3.051850532248442178e+05 1.107575271195599198e+05 2.564437635402292653e+05 3.383740090850235429e+05 3.181720242656067130e+05 3.383736122364319162e+05
1.323412347371967002e+00 2.672572204509524163e+05 1.467421972414862275e+00 7.442541709905625567e+02 1.515313076589672892e+04 1.666680769755294023e+05 1.010252626416636303e+04 2.349857136823546025e+05 7.263660701236863693e-01 1.173812708045850028e+00 1.455610129683463816e+00 9.807722301806950418e+04 9.779762734853141293e-01 3.383735915518288966e+05 4.277716097579661869e-01 6.968650296398966748e+04 3.744652492869698908e+05 2.788732341371196162e+04 1.369228510932068099e+00 1.306531573486873531e+05 3.046273263121151249e+05 1.903478127378009376e+05 1.010258526357840128e+04 5.772163876482152409e+04 7.457134484841916322e-01
6.968676689172747137e+04 2.437412277017041633e+05 6.968680851154385891e+04 6.968681758912779333e+04 6.463629573450787575e+04 1.325774167527274112e+05 6.968673820740944939e+04 2.109961549228256335e+05 6.968618895466394315e+04 6.968672796658071456e+04 6.968678844798474165e+04 3.673267857046960125e+04 6.968658727559341060e+04 3.181720485540261725e+05 6.968650296398966748e+04 1.289816583167822500e+04 3.542637054961075773e+05 5.190200385568955244e+04 6.968678103278674826e+04 8.026129517307911010e+04 2.844257401736254687e+05 1.618689271336376551e+05 6.968687035419055610e+04 1.966448307541435861e+04 6.968636397061648313e+04
3.744653317737248726e+05 2.213466525406294386e+05 3.744653908103554859e+05 3.744655422231801203e+05 3.694149591634789249e+05 3.189101790928968112e+05 3.744655549768339260e+05 2.507899983366078231e+05 3.744652247467710986e+05 3.744653013004527311e+05 3.744655031242861296e+05 3.425781969882754493e+05 3.744653070117731113e+05 1.210353335032589966e+05 3.744652492869698908e+05 3.542637054961075191e+05 4.501225484703652910e+04 3.632422616777332732e+05 3.744654611000577570e+05 3.412766783485712949e+05 1.658823720197340299e+05 2.919412082570632338e+05 3.744655297380768461e+05 3.542636933968591038e+05 3.744652730004370678e+05
2.788746887016639448e+04 2.560342503891139349e+05 2.788748360590738230e+04 2.743969505092733743e+04 1.674643455429350797e+04 1.543226353096333623e+05 2.788751399337186740e+04 2.237627394727474311e+05 2.788693662028627296e+04 2.788741636092858607e+04 2.788759493511095206e+04 8.029277681478703744e+04 2.788739646571657795e+04 3.271506244299263926e+05 2.788732341371196162e+04 5.190200385568954516e+04 3.632422616777332732e+05 1.384809738873296556e+04 2.788752292208304789e+04 1.166342229374827439e+05 2.934042460861473228e+05 1.786259476086628274e+05 2.690217554058021778e+04 3.710583686879056768e+04 2.788714657665526465e+04
1.256100501576617789e+00 2.672575582851966028e+05 1.303554765949332284e+00 7.442181278962315218e+02 1.515341350281853374e+04 1.666683493400695734e+05 1.010273870009758684e+04 2.349858808266219567e+05 1.065879008590256305e+00 1.498153088930112453e+00 1.381514559002746889e+00 9.807758201395624201e+04 1.546787877334651062e+00 3.383738174471711973e+05 1.369228510932068099e+00 6.968678103278674826e+04 3.744654611000577570e+05 2.788752292208304789e+04 4.603526195939151022e-01 1.306535423450452217e+05 3.046274907130518695e+05 1.903481037635139946e+05 1.010270378266212356e+04 5.772188756466066843e+04 1.225474079138836325e+00
1.306534362611346296e+05 2.235359491794184432e+05 1.306534559301867994e+05 1.306535933083701530e+05 1.256030663986227446e+05 8.437012147461051063e+04 1.306534834751049639e+05 1.804613570758373826e+05 1.306529496310846735e+05 1.306533908718741295e+05 1.306534926704704849e+05 5.998481966274679144e+04 1.306532698735179729e+05 3.051850532248442178e+05 1.306531573486873531e+05 8.026129517307911010e+04 3.412766783485712949e+05 1.166342229374827439e+05 1.306535423450452217e+05 2.589659182593788864e+04 2.714387906798183103e+05 1.131824540770115855e+05 1.306534946500475053e+05 9.105809743562506628e+04 1.306530533688945434e+05
3.046274039196561207e+05 1.158968631648771989e+05 3.046274519828744233e+05 3.046276244289460010e+05 2.995771372107563657e+05 2.490722019816633256e+05 3.046277386167997611e+05 1.802478830296625965e+05 3.046272622148138471e+05 3.046273229295025230e+05 3.046275867145058583e+05 2.810587237730500055e+05 3.046273961680330685e+05 1.107575271195599489e+05 3.046273263121151249e+05 2.844257401736254687e+05 1.658823720197340299e+05 2.934042460861473228e+05 3.046274907130518695e+05 2.714387906798183103e+05 3.875462912285827770e+04 2.226100977868113841e+05 3.046276603328296915e+05 2.844257368687720154e+05 3.046273283332123538e+05
1.903480540532107989e+05 1.689374141597151756e+05 1.903480119451735227e+05 1.903479881265542062e+05 1.852975766170948627e+05 5.468819405078819545e+04 1.903481177174125041e+05 1.056650915225989738e+05 1.903475835627959168e+05 1.903479125644290471e+05 1.903480088152786775e+05 1.516863102043631079e+05 1.903478929591134947e+05 2.564437635402292653e+05 1.903478127378009376e+05 1.618689271336376842e+05 2.919412082570632338e+05 1.786259476086628274e+05 1.903481037635140237e+05 1.131824540770115855e+05 2.226100977868113841e+05 2.939525683200235653e+04 1.903480656738165126e+05 1.656567315145385510e+05 1.903477100893603347e+05
1.010274298801360237e+04 2.672575269133115071e+05 1.010271738833629570e+04 9.982400026567818713e+03 1.351912236092583407e+04 1.666683344385271193e+05 1.635361721400816805e+03 2.349859935758286447e+05 1.010220082166432803e+04 1.010266116041183523e+04 1.010282366640648252e+04 9.807745385944667214e+04 1.010265949964338688e+04 3.383740090850236011e+05 1.010258526357840128e+04 6.968687035419055610e+04 3.744655297380768461e+05 2.690217554058021778e+04 1.010270378266212538e+04 1.306534946500475053e+05 3.046276603328296915e+05 1.903480656738165126e+05 2.739866775683698506e+03 5.772190846686360601e+04 1.010239270178927291e+04
5.772182915838785266e+04 2.470555370722110092e+05 5.772196130347327562e+04 5.772190943143722689e+04 5.267125873321636755e+04 1.363652826838803594e+05 5.772181150249532948e+04 2.147840985753394489e+05 5.772126087798151275e+04 5.772178307586121082e+04 5.772180453484982718e+04 5.045838438022101764e+04 5.772170153795568331e+04 3.181720242656067130e+05 5.772163876482152409e+04 1.966448307541435861e+04 3.542636933968591038e+05 3.710583686879056768e+04 5.772188756466066843e+04 9.105809743562508083e+04 2.844257368687720154e+05 1.656567315145385510e+05 5.772190846686360601e+04 8.317492032223155547e+03 5.772145076713422895e+04
1.225581061276247663e+00 2.672571616739695892e+05 1.273503475034794219e+00 7.440733669042974725e+02 1.515294488706994343e+04 1.666679372728135495e+05 1.010232844153775113e+04 2.349856517617192585e+05 4.971451578444590624e-01 1.119502024416310970e+00 1.276968906681721139e+00 9.807709436753763293e+04 9.907280773083815273e-01 3.383736122364319162e+05 7.457134484841916322e-01 6.968636397061648313e+04 3.744652730004370678e+05 2.788714657665526101e+04 1.225474079138836325e+00 1.306530533688945434e+05 3.046273283332123538e+05 1.903477100893603347e+05 1.010239270178926927e+04 5.772145076713424351e+04 3.546422185881921152e-01
